"Marker.A","Marker.B"
247.919985452229,2.9106314857561
461.092683272594,159.316648407844
231.959059221866,112.423141137329
281.975889855079,5.053179662771
405.695431523516,132.352881727298
379.665018065723,130.816715109816
3370.33490078822,1845.70419090508
3010.53826682737,2029.59950519265
3101.22405276596,2647.7044415428
494.998319288738,91.8061681132236
452.435899518375,249.061119218657
2900.04430010262,2508.11540653841
252.068002579156,32.9467314012669
541.077501009822,316.61202495058
340.499198222852,65.8126119279295
3408.2081039152,2354.25619216636
350.568685450281,136.920956142443
733.17943242571,596.558178268093
483.666359341849,91.3614883028997
2598.65100065108,1794.40431096863
301.122972532229,29.9148236036043
2537.09191712209,1233.86519733677
4596.58906285773,3284.48592992655
325.079358610081,205.886752179942
450.42200959948,74.2615283240826
236.678194063954,9.58082864061382
430.703846840123,78.5466246781125
262.828844810884,90.1082997465325
275.904151367871,1.77871924129539
1653.53126498571,908.925532301946
3292.30372260998,1779.56817547874
4208.29705692939,2924.94209056106
931.202833942101,628.898528109828
233.281631769417,64.963677744584
248.791677573755,72.9274888931111
2552.21103179668,2457.78573709721
708.321285495809,600.075191313382
188.404747673793,57.8892262167046
223.933530643854,8.24678920964227
239.473607545761,44.8722354054065
314.799465534901,5.25530684928184
180.319100451213,21.3042054582425
2638.3877876773,1631.77277670201
2754.89339306116,2539.88980025791
2754.89339306116,2555.21104099544
3128.96766883742,2536.89831789755
1397.55567281671,768.730115738027
2404.9559910118,1895.50832966136
593.318665042636,205.563348681524
2447.45834858703,1716.46406785005
2743.56135784836,2052.68242989219
519.435616890184,153.293258249821
257.989472679658,57.0402920333591
2873.50313218844,2149.8247557293
284.470728930522,12.6127364382764
3374.42274282115,2848.98269387029
2132.08771829577,1310.14799752596
310.891885353293,115.293347185783
581.896536537132,255.569614624306
2750.65532027448,1924.41251733241
831.620015468744,545.824254453873
4053.28721904007,3173.72023171861
77.5501443475471,70.4211117803767
468.517025404921,197.478261221091
2209.54762822704,1360.72021959098
3363.51159456976,2698.034110984
2825.41002291551,1842.14675242249
8598.23627608595,4311.97926983575
4384.16759407203,3388.37930379312
409.242299837713,22.1935650788902
344.647215349779,45.3169152157303
3143.33532867961,2191.46295615053
2846.45075822241,2463.56657463142
2930.28313157907,1686.14498987343
429.11076861673,225.897343644515
2997.91406649413,1949.23373583594
491.391313513496,99.9316810109593
3804.67579390939,3315.3305385881
769.399570400069,554.030618226213
2938.39860291797,2321.5520133889
3784.92752478656,2533.30045397766
295.051234045021,42.0828802315569
479.879054082333,100.780615194305
2771.51571846416,2662.01504634776
865.375345465229,520.113676329694
2786.484602385,2319.49031608649
2779.54117177626,2517.85793692823
3173.21318485797,2681.82351062583
214.284855111926,36.2616172600447
868.260965138605,507.541365328719
3285.66105457238,1669.20673164382
2945.97336396882,2492.26863511596
5126.06395712124,3831.11869312646
1546.76446605943,920.729759994179
2164.8511188816,1568.70909451063
2573.49231694777,1783.28731571054
537.049721172032,265.71639938715
9252.96357751433,6739.85018332936
1871.39295365173,1389.1797274517
449.790792056227,246.999421916247
5225.43663317752,4968.16496812454
3141.29140766315,1831.47443697472
1077.82669481668,530.86684265207
5333.46549086076,4568.84249845373
3531.38678476377,2512.56220464165
3093.79952246886,2069.33771006068
2776.14457184877,2184.42893005995
7174.6803620326,2586.05564965699
250.174349949398,81.8210850995881
2870.58733088568,2167.65237357955
2889.25357730514,1718.76831777628
2844.19639372525,2571.74504485202
731.436048182657,27.7318499892873
3115.08080761995,2474.23889007919
1774.69583011766,1057.77199244853
230.546318115701,20.2935695256883
4982.32594171776,3575.38737675295
1660.29435847721,1240.33326730512
2984.62812829166,2334.69028051211
1429.74795568737,1270.04596372221
234.27356118008,14.5531574287805
702.189447180509,185.795309840764
195.468434388142,62.8211295675691
6783.89374282654,6330.58305608221
3064.52289036914,2223.56075336845
3356.89903289564,2791.90197639963
2745.45504811107,1798.04260032583
3469.85750653462,2091.73340232608
4893.95473300329,2527.11536207043
2974.31820411891,1981.69536198958
2796.67440216747,2505.04307330345
2574.15345268973,2395.9752434622
4552.6139019812,3314.23905178094
3598.8373825616,2638.77041989902
3978.74265881611,2887.83153911767
4334.7221069517,2692.25327344979
2433.21066260329,916.202111016336
2793.21758951303,2537.58555033169
1642.71028529293,1040.87415965622
5879.08191190254,2968.3994356609
273.409312292429,103.084865120528
502.633104901771,315.843941641839
1236.3535580874,923.35741341882
1125.94983518718,727.2131916287
6336.47705391997,6160.18983785357
372.030232452691,40.910542549794
3043.48215506223,2132.56309400127
2532.01207041259,1546.87935836746
3324.82672388343,2417.31987435774
987.952651703343,439.505354349171
526.258847842736,45.5998932768455
2716.14830964788,2301.98610173466
916.504305165288,633.345326213066
3110.81262846979,2532.0876908586
623.767638936152,435.58408693086
9932.54910113853,3786.00390509724
595.182248941871,177.427244319215
500.168334556851,247.24197454006
184.677542242368,31.8552445941084
268.449702872067,8.04466202313144
3364.77425545399,1955.66138036698
4021.87634683345,3076.90130937991
797.654241991553,102.5593344356
4171.05518424452,3144.25008792533
6105.08917827094,2730.77871519875
2749.66331559791,1835.51698070494
234.27356118008,0.768083308741192
4998.70741621294,3783.3762516726
8987.73012804429,4925.11187739773
471.222270328114,51.1381781872425
289.009526655382,44.5892573442913
3156.83171036278,1671.38970525814
422.047063085904,82.5487429710271
3562.58721348968,2587.83436889829
176.291301796946,75.070037070126
1868.05656645119,1348.59258840032
2465.58328259117,1564.343147282
459.710010896951,64.6402742461667
351.320140282671,165.623016626982
1021.97856264158,478.475475908461
485.560049604562,113.029522696862
2523.02441772376,1778.47668867158
2637.99700707937,1455.03276481693
1801.08691780991,1187.41636987658
238.090935170119,38.6062926235705
242.148783738432,79.4359842987601
457.635983517011,129.078421305822
1502.30850655818,769.093944673746
250.174349949398,6.71062259215989
347.863478160042,34.159494520332
3046.63820514554,2217.45651233582
7863.19302455504,3044.84393759929
6918.28373237037,3000.2142548177
440.833433895644,101.912527438766
3094.09998397636,2771.40627968743
2752.09801721231,1957.68265223209
2043.77672230826,1495.09437318338
3384.6426489671,3310.68161329835
4656.37458051428,2988.12704906435
192.793239378994,51.2998799364512
450.812752564459,218.459063180916
277.346923571605,95.8891372807425
8101.40420642253,5493.85735480194
2982.2837457677,2676.48735290194
383.151786551829,20.8999510852209
489.197086477373,330.397099070619
3163.02368613913,2128.19714677264
5685.89780725147,3715.54236787956
2950.39177387272,2502.98137600104
448.227782563357,340.786436457276
3024.87612136972,1880.38921611035
176.411539086083,13.2595434351111
3753.66718439733,2171.53321556056
793.926998927174,691.96221030121
5132.04548941688,3567.98952172665
3894.30936244446,2534.63449340863
178.936428075571,14.189328493061
2908.76129658379,2048.03350460244
439.721304828798,314.307775024356
5400.61532608746,3919.20572100789
607.86681253388,190.039980757492
507.712913978316,280.43125856514
3468.08424172582,2554.483383124
362.712200057651,114.201860378625
511.109513905807,214.012265077677
3008.73489565508,2012.74209783764
3013.12350025915,2497.80692002636
3240.3633211483,2421.52411983717
284.621034950181,94.9593522227927
3579.81046190768,2535.16002409356
2750.83565739171,2506.90264341935
577.808619238297,375.835290598256
3484.76647879214,2676.12352396622
3121.81379474798,2028.95269819581
2451.87675849093,1670.86417457321
2742.6897786257,1935.61036346511
802.553751583824,576.385885054312
232.40993964789,88.3295805052371
3261.76473068966,2283.75422951138
3061.03597135122,2436.31982988976
331.451671503654,174.678314582668
3149.37707370221,2570.08760192263
2821.41219890938,2242.96496327349
2640.9429147456,2465.46657018462
2477.33620476538,1821.28722677458
4527.39500555093,3468.66422227522
2934.61122239254,1742.45762403535
276.234794504759,53.6849807372791
3175.40763769182,2109.23761667792
874.693415493223,390.024619091317
2610.07305389068,2472.94527608552
222.971669963714,12.6935873128808
3168.07342648515,2553.27062000493
4038.82924010744,2932.33994558736
3314.42678168389,2472.5814471498
3208.1109760825,2325.63498255642
2370.38906872188,1518.46027594403
523.974414615044,199.863362021919
920.261579327236,781.423703050908
2418.12150376036,2078.06960451795
4459.73396427239,2733.4467940607
413.841197390665,302.826950830541
7018.25733144166,5844.30547077443
215.577358928955,13.2999688724133
384.293984349198,52.2296649944011
395.836350143838,289.526981958127
2688.91559856463,2062.02070590899
311.102291201044,41.4360732347222
3505.08586563013,2513.20901163848
465.511206075363,123.499710958123
4222.03368739311,2614.51515751772
319.21798833767,95.767860968836
2828.38573588159,2293.09250552818
4965.16230389944,3323.17307342472
377.891602725102,8.77231989457046
3337.75198785144,2657.1639938715
8233.72046965005,5193.69848283334
3605.69049407991,2357.81363064895
233.762580925964,65.4892084295122
3380.04360088233,2874.69327199447
2377.48273008437,1543.8878760071
368.513432869017,96.6976460267859
1349.4324571803,685.211162271748
996.849910035835,589.241174116401
286.815261986304,39.6169285561247
612.405572625785,112.099737638912
1087.35513305947,451.673410977123
390.485960125542,56.2317832873157
1577.09316503086,876.868160521326
3698.23986391773,2216.32460009136
3139.12736225641,2245.71389301004
234.574135586445,103.125290557831
1070.94332640308,312.812033844176
248.430965706345,52.7147702420271
5130.45226066167,4815.47809143425
4447.25969362927,2782.68497669474
3340.03615764845,2234.96072668766
1422.38378864904,1270.85447246826
1598.37445018195,1232.97583771612
2145.04278756362,1597.37072955787
1579.25736096941,1209.40780776896
196.249939134577,14.2701793676653
3075.61437573776,2504.84094611693
400.194773118516,125.844386321649
3187.64135849076,2683.1171246195
650.970243655927,398.352259175564
3220.49492763519,2070.14621880672
1346.90758700728,729.153612619205
1284.44666736034,710.719613209416
445.522537640164,22.0722887669837
2305.91418389013,1571.61972599639
224.775154034858,14.1084776184566
416.005393329219,7.68083308741192
3201.58813137154,1741.89166791312
2704.69615004481,1618.95791307722
1420.70039133521,691.881359426606
2956.64396237602,1763.72140405629
492.052599787272,98.9614705157073
2880.95746778538,1731.21935246535
3248.23854370665,1971.71027897594
237.008837200842,17.2212362907236
246.567344174155,116.506110304848
2515.23951425584,2055.06753069301
2854.11553730006,2144.81200150383
3229.75263440441,2361.89659981647
2202.03307990314,1494.28586443734
2529.99795469597,1301.29482675679
1566.78324085811,1170.88236601999
2460.26288603749,1863.45095788074
2775.78389761432,2611.07899534703
2717.26043871473,2525.33664282913
403.982116010986,25.4276000630637
3981.5383357286,2554.80678662241
4570.91917310257,3029.92695123479
5101.08591159879,3078.15449793628
503.444659562252,206.088879366453
3553.8702170085,2273.32446668742
534.524850999021,123.014605710497
356.219649874941,159.963455404679
1849.63086987591,1494.20501356273
3707.73812053114,3283.23274137018
604.530350067433,244.45261936621
3159.71710423843,2630.15980175366
1677.93849385663,972.636021490163
3942.58280883462,2810.13384862291
2094.63525159839,1454.87106306772
396.076787089157,294.741863370107
3280.43097710913,2218.8309772041
3984.99484731941,2373.13487138647
5404.52313206679,4937.92674102252
265.684358120782,109.189106153156
2011.07338391758,1501.19861421601
3236.42570986912,2452.61128112253
8224.91315407845,3265.12214545881
288.528577498834,122.32737327636
2374.74741643065,2044.51649155715
3420.02123881636,2606.26836830807
3595.71113777814,2491.37927549531
2896.85814365583,2648.79592834995
392.590056236006,180.984682801806
4050.58186121801,3034.77800371106
2900.04430010262,2636.26404278628
704.173306001836,486.196734433175
392.018938520844,5.98296472072087
2852.40218415458,2576.55567189098
5500.6491378857,2461.62615364092
4457.62983052898,3926.56315059688
811.751546689727,437.322380734854
3641.73021967113,2536.65576527374
1342.7595322474,430.288354644276
3835.45533567389,2964.11433930687
3167.20154619885,1607.96219413104
619.799921293499,57.4445464063808
393.672154205283,130.089057238377
3611.67202637555,3017.23336392191
714.032387381514,631.445330659864
5351.01930714975,3630.85107673152
746.254776615652,647.736781892638
5267.15742955688,4961.65647271889
3137.56423986468,1894.29556654229
5748.50880712035,4415.26626214279
1335.39536520908,488.541409796701
3666.67876095737,2034.97608835384
383.873172653696,260.178114476753
346.029925358375,129.078421305822
518.052944514542,368.882115382283
9177.87830700233,6211.48971779002
3613.17493604032,2548.29829121676
5185.21874646294,3800.84004058714
3595.05000203618,2362.01787612838
472.574911606188,39.697779430729
3160.13799119984,2458.71552215516
485.710317991267,44.508406469687
2055.73993743136,1393.22227118192
3243.15869699715,2292.20314590753
3021.47952144223,2002.83786569861
4233.03515473492,3317.67521395163
2515.69020651709,1881.52112835481
3284.57903186901,2363.75616993237
3199.33376687438,2585.69182072127
1208.4294543669,630.030440354288
855.907044683484,450.177669796943
295.652382857751,125.278430199419
3355.36601686738,2378.87528348338
419.341855795665,292.154635382768
3621.83171979454,2462.91976763459
312.36472628755,108.986978966645
2137.19752083693,1126.49523586221
2679.38723558775,1642.60679389899
3236.69606501315,2942.24417772639
645.529722711972,399.565022294629
165.410241092559,23.568029947164
2427.16891758069,2297.86270712983
2363.23519463244,1576.47077847265
178.275141801795,5.82126297151219
4115.68777542824,2486.52822301905
419.582292740985,20.5361221495014
2791.864910602,1890.41472456128
1840.76364264098,1423.98602896887
2046.51203596198,1402.2371437003
189.186271236706,6.83189890406639
2573.16174907679,1895.10407528833
466.473104388458,286.737626784278
1322.53046449984,491.128637784039
278.068347306426,24.5786658797182
627.37460707844,118.567807607259
6178.40118397414,4312.22182245956
4868.46518036537,2350.65832824647
3229.0312859355,2174.2417198598
2698.23381912444,2302.30950523307
3003.50481819183,2122.86098904875
3155.1183572173,2632.98958236481
656.44087096336,530.705140902862
546.427853395163,257.267482990997
4525.32097817099,3809.04640435948
195.438365657619,16.8169819177019
736.636094548338,515.990281724873
3337.21067543612,1759.63843488877
4343.7094585769,3304.41567051652
2420.73654249198,1595.83456294038
583.57978331914,214.739922949117
353.814979358113,179.003836374
6809.92370468888,6695.70560579539
3767.22317668019,2584.3577812903
3118.11673331298,1819.02340228565
405.42488821472,136.476276332119
444.320202381749,45.1552134665217
198.895065413202,123.540136395425
267.397673633312,35.0892795782818
3293.68650788448,1767.52139516269
3402.34699707347,2315.20521973246
485.199337737151,264.22065820697
214.194686553312,12.8148636247873
562.749491492937,307.839705056009
2712.63158533012,1697.22155969422
1334.67386620835,685.332438583654
203.403794407539,70.9466424653049
2540.30787886872,1551.73041084372
337.313041776065,241.501562443152
429.5616114098,112.382715700027
1747.64345615163,1220.24182496594
208.694028148312,53.0381737404444
2916.12561415394,2563.7812337035
4044.66054164932,2735.3467896139
472.184131008255,201.682506700516
550.305402479202,363.667233970303
4813.48885321065,3787.25709365361
3818.86311663436,2831.92315932878
3939.06608451685,3454.79829728058
2715.03618058104,1528.44535895767
4167.4782471998,2935.65483144614
389.433930886788,296.278029987589
201.41995440269,29.9552490409065
1763.66440694418,1234.14817539789
3015.43777641964,2446.70916727642
4328.50002481188,3231.3264798742
2432.33893284881,1864.13819031487
819.927381287398,460.647858058205
375.276526360523,145.410297975898
3273.96834512513,2104.46741507626
218.583178258513,5.90211384611653
206.650069498894,32.4212007163387
526.379047498918,48.1871212641843
2653.71764689623,1687.76200736551
2802.95639597062,1876.22539606822
4891.33969427167,2588.64287764433
781.092204581414,262.805767901394
740.002663378262,150.140074140252
876.106156599388,296.318455424892
4869.27684792471,3317.95819201274
2682.75372915176,1450.14128690337
594.490931570527,268.788732622115
1746.35083943574,1369.61381579745
3087.72767108279,2704.34047920313
2101.33813236294,1191.21636098298
317.444572997049,92.1699970489431
2944.86123490197,2720.06597431368
190.388587678643,7.9638111485271
464.098502602152,161.903876395183
4329.58204751525,3316.21989820875
2365.33932837586,1536.4900209808
2121.20667640786,1598.50264180233
742.317090070567,149.412416268813
7419.83467344519,5724.68660179732
2987.81428473845,2150.79496622455
2751.91768009508,2530.18769530539
3965.39680895033,2643.54062150067
2310.63335636517,1755.79801834506
508.734912119502,178.07405131605
712.649677372918,554.313596287328
3107.89682716703,1784.25752620579
2477.3961164287,1401.59033670347
3756.5224719095,2289.57549248289
2979.57838794564,1890.01047018826
473.867415423216,261.997259155351
5932.94580892677,5123.39864736487
2773.6797638709,1745.77250989413
906.855667266315,457.858502884355
4485.43365932739,3231.56903249801
5177.73430450252,3446.38980632173
567.16805192866,265.231294139524
831.83038368354,117.072066427079
1855.85295201573,933.05951837134
2933.4990933257,2000.7761683962
3451.25147284211,2330.7690130938
708.772203554787,412.420311356718
2611.12497023057,2364.4434023665
2968.75755878469,2581.08332086882
3377.93976820255,2349.72854318852
2309.13044670039,1387.64356083422
2912.00766575753,2593.89818449361
3575.9628686553,2493.44097279772
7104.79506262037,5387.57888013454
2998.36475875538,1945.47417016684
304.459434998675,84.6508657107398
2806.20276514436,2426.94112843566
655.178435876854,452.037239912843
3329.72623347571,1929.8699513682
617.39525077667,263.695127522042
384.143715962492,146.057104972733
3433.57723109922,2661.00441041521
922.035069933766,459.354244064535
608.558129905223,506.61158027077
264.30168574514,58.2126297151219
5884.46252118318,4674.35288981239
6858.79837515768,4716.71874810506
2798.80834121073,1901.12746544636
3098.8191564514,2874.12731587224
6357.24743408286,4202.7901636826
2348.83727789495,1836.52761663749
583.369415104343,176.982564508892
3441.60298547495,2654.81931850798
745.683658900491,596.032647583165
557.759813342052,173.708104087416
3756.28222312896,2582.70033836091
3092.95804960967,2099.29295910158
3279.40886606908,2168.78428582401
3180.03649107643,2606.6726226811
237.249311779115,11.4808241938157
380.656947476387,183.329358165332
898.739970129689,336.865169038966
212.571539599396,32.8658805266626
3052.0787260895,1827.06806430879
8189.23410272168,6131.89203174205
3696.16583653779,3074.15237964337
2317.12594418084,2404.78798879407
428.419413612432,311.558845287809
2779.33072829556,2545.42808516831
2976.39223149885,2594.18116255473
410.294329076468,70.0572828446572
445.612706198778,263.65470208474
9533.16591090521,6546.616593025
3575.84274426503,2576.8386499521
3439.25830188735,2199.99272342129
2905.51492741005,2579.34502706483
651.691667390748,506.975409206489
354.836977499299,161.863450957881
488.20515706671,278.005732327009
4054.18890462621,2542.71958086907
670.898849895989,114.282711253229
394.183134459399,80.2849184821057
3167.53241513347,2229.46286721457
158.045979971845,53.5232789880705
291.143653863414,130.048631801074
2286.25623385773,1497.03479417389
2831.66191035517,2023.98036940765
945.720875069867,286.292946973954
308.036372043395,164.733657006335
778.867871181814,599.549660628454
3687.7794079276,2568.34930811864
4229.75867919771,2732.79998706386
844.905727873482,319.805634497451
5584.84218547681,4108.72017108045
2250.24646409816,1719.94065545804
235.866639403473,78.2232211796951
354.716740210162,4.89147791356233
180.018507228371,21.0212273971274
354.867008596868,54.2913622968116
2628.76940667362,1774.55542125327
447.085547133034,317.460959133925
3088.86990651311,2075.3206747814
4371.78364251934,3333.56241081138
3025.59746983863,2564.63016788684
746.014302037378,284.999332980285
6817.13779150528,3120.56078166626
3376.28632672038,2967.22709797913
433.168617185043,90.5529795568564
583.730089338799,340.746011019974
2874.55504852833,2482.16227579042
3004.10604227047,2611.36197340815
2729.5844786041,2489.2771527556
2957.72598507939,1978.2996252562
521.900387235103,153.171981937915
189.817488779958,48.0658449522778
512.011237124902,331.690713064289
2382.41234604011,1413.3137135211
217.95196071526,86.0657560163157
351.019565876306,180.014472306554
2487.67623530161,1690.30880991555
195.288078454436,57.9296516540068
1582.80434218247,402.152250281967
288.58871495988,60.4764542040434
352.37220715438,122.408224150965
3050.66613551515,2396.82417764554
3536.34620601936,2225.86500329467
2731.20751265915,2540.86001075317
6335.78581181454,5501.41691157744
2852.73275202556,1619.92812357248
5289.43011725728,4926.72889488982
3121.75358202102,2056.48242099859
1499.45291798237,1164.45472148895
3717.17646548122,2529.86429180698
266.075101085761,3.23403498417344
652.41309112557,430.005376583161
4003.78121812915,2431.10494847778
319.488531646466,60.4764542040434
3209.16289242239,2672.12140567331
4031.52483420061,3149.4245439
1065.86347969358,895.908541490648
225.436440308633,14.431881116874
3357.95094923553,2019.00804061948
3077.11728540254,2597.25349578969
405.304650925583,103.327417744341
6823.08921743744,4437.70237984549
7798.7780513866,6615.98664343552
3524.80402838949,2322.88605281988
2708.12285633578,1976.88473495062
3109.49005592224,2816.68276946586
3601.72277643725,2346.69663539085
693.83327546561,457.090419575614
5980.97930760002,4223.77096564242
1723.59690151517,1086.95915818069
4007.7489357718,3069.0991999806
3490.20699973609,2536.45363808723
368.453333040925,28.621209609935
4665.51246395686,2735.87232029882
2929.08068342179,2658.17462980406
2381.69084703939,1476.7816500855
1038.05965089517,371.348067057715
3250.70335168453,1874.60837857614
2650.14070985151,2481.838872292
243.832068153393,2.26382448892141
964.417077320993,418.686254138554
3090.01214194343,2000.7357429589
9174.60213252875,3969.8587939475
924.319465528503,780.089663619936
541.708756186029,33.6339638354038
2218.44481129362,1703.08324810304
1538.37833851287,389.7012155929
3523.93214810319,2728.87871964555
218.943871309446,5.78083753421003
7722.12965848287,3427.59197797622
1309.81579454435,664.351636623829
596.23431581358,234.467536352574
1281.23040455007,1150.02284037208
3993.29095683917,3666.54673786934
3395.1028038936,2483.81971871981
3557.95805904143,2123.14396710986
2604.60242658325,2314.80096535944
4998.61709712251,3100.99487001201
2208.28526840644,1582.25161600686
2992.35312009626,2315.8924521666
3263.56810186195,2842.43377302734
2859.58616460749,2777.06584090973
3110.63199028893,2289.21166354717
7931.27495279499,5338.09814487668
2400.44726201746,1475.56888696643
2208.22505567948,1622.67705330902
317.384435536003,19.242508155832
1731.59239899561,1342.12451843198
3725.0215816761,2997.66745226766
228.442259638191,54.9785947309485
311.042191372953,151.312411822015
1829.16125228416,1009.90827468276
2576.37771082342,2388.05185775097
3598.29637120992,2362.13915244028
5460.64199571546,4261.52832408265
350.478516891667,127.461403813736
389.283662500083,167.199608681767
445.823112046529,251.648347205996
4147.21907308876,3454.87914815518
1950.32581741611,1181.15042709475
2645.60187449369,2561.63868552648
1190.66504406539,692.164337487721
3119.83008645847,1787.00645594234
2377.48273008437,1995.44001067232
3295.51998542024,2643.82359956179
2783.92977638033,1983.79748472929
282.667244859377,51.6637088721707
4473.53080746306,3490.04927860807
1910.04786850639,1504.10924570177
3391.64629230279,2986.10577719925
3784.17606995417,2752.08292065699
396.918448113115,26.3169596837114
2248.47304875754,1685.6194591885
5838.47324459003,4913.99488213964
2598.65100065108,1844.85525672174
2802.024604021,2042.65692144125
242.058615179818,0.040425437302168
3032.54090044737,2489.56013081672
2808.15666813402,2423.74751888879
1951.01721005336,1065.93793078357
2305.1026668626,674.134592450954
3147.75403964715,2854.07629897036
3339.28470281606,2470.23677178628
1674.93267452707,1109.3952758834
2706.43960955377,2571.78547028933
1391.48382143063,766.951396496732
428.449482342954,215.18460275944
2688.01391297849,1739.58741798689
506.901359317835,255.852592685421
1147.02060159166,558.113587393732
257.268086577792,38.5254417489661
466.653441505686,60.3551778921368
481.051320610224,101.386996753837
1976.7769673035,1490.60714964284
9109.40559816445,7054.52178728943
3084.42139024573,2547.0046772231
373.022161863354,11.6829513803266
2830.42965689805,2532.00683998399
237.279380509638,32.9871568385691
201.810697367669,19.8893151526667
1766.36961423442,1622.59620243442
398.93233803201,20.8999510852209
2258.60263581306,1355.5861890536
597.977700056633,385.537395550776
3216.01630500433,1804.38939398227
5477.92545686042,4020.1076125141
2297.7083934608,1540.37086296181
297.666272776646,123.701838144634
2667.21372751576,2363.47319187125
1112.09300506728,871.046897549814
3803.11267151766,3045.0056393485
603.83903269609,520.639207014622
2784.74114287604,2619.40663543128
2669.97899700114,1757.77886477287
517.361589510243,226.018619956421
4725.56863782107,3170.56704760904
4741.37929566473,2690.79795770691
209.535651539315,124.429496016073
368.15275863456,251.284518270276
1994.21080973403,1685.01307762897
2563.69329776323,2197.04166649823
697.470274705467,232.405839050164
2465.4631582009,1837.29569994623
249.633300964759,24.9424948154377
2852.97330186974,2512.44092832974
3589.90994259973,1903.59341712179
3052.71005653161,1871.29349271736
2803.94840064719,1869.27222085225
1927.42149820997,807.578960985411
986.089067804108,684.362228088402
2948.9490769349,2537.58555033169
2565.85734316997,1939.61248175802
5910.46237668204,4735.07189664024
480.931083321087,261.350452158516
1156.27853415861,901.325550089138
737.447686841774,408.337342189199
2398.49350955962,1448.52426941128
3162.21201857978,2147.92476017609
3674.49377078877,2469.06443410452
3395.64381524528,2335.98389450578
2886.72855660031,2684.24903686396
3253.76938374104,2809.24448900226
786.322282044664,443.062792831761
1036.10589843732,717.672788425389
335.930369400423,141.044350747264
402.449137615684,293.448249376438
3441.30222290382,1933.83164422381
3246.79584676883,2692.21284801248
2767.4275753676,2456.57297397815
3070.71486614549,2777.42966984545
213.533400279537,62.1338971334322
347.202191886267,75.312589693939
3403.27878902309,2269.48405014371
3902.09426591238,2764.65523165797
518.654093327271,137.810315763091
3156.20037992067,1605.90049682862
343.324680435182,161.620898334068
2858.59415993092,2086.5993717887
3847.95971268048,2561.03230396695
1997.03629194636,1367.75424568155
3955.59809082942,2858.68479882281
262.768707349838,143.146473486977
3936.00005246034,2916.49317416491
3530.99600416584,2464.49635968937
2956.94472494716,2161.58855798423
4191.73524531698,2656.23420881355
1969.38269390169,1130.17395065671
4287.04958357654,3060.56943270984
2815.67121645792,2430.45814148095
713.250826185648,382.62676406502
612.76632212615,104.499755426104
479.458242386831,302.099292959102
2881.889259735,2061.49517522406
2537.813265591,1634.92596081158
3761.36206983846,2758.47013975074
2919.49210771795,2409.63904127033
754.250198830186,489.26906766814
376.3586243298,135.627342148774
7652.69535239553,2537.7472520809
3793.91487641175,2767.202034208
354.115553764478,234.710088976387
515.618242900145,32.9871568385691
3361.97887960514,2470.47932441009
781.843659413804,282.695083054061
3453.80659991042,2290.54570297814
2455.99470688734,1753.29164123233
275.69374552012,94.7572250362818
844.334610158321,673.32608370491
2791.47413000407,1730.57254546851
1227.18586934498,670.617579405665
4029.93190650903,2920.61656876973
5307.3747141442,2102.68869583497
6025.64571058199,2893.04642052965
5492.8341280543,4143.2030690992
516.069085693215,442.456411272229
2802.80616521686,2452.53043024793
3221.72718109231,2280.92444890023
342.693462891929,64.1955944358428
1192.67900925019,945.833956558825
393.852491322511,275.297228027764
572.999353470549,429.641547647442
1127.81341908642,337.269423411988
171.211473903924,21.182929146336
2702.20153676709,2496.87713496841
263.219587775863,24.4169641305095
3258.60868060636,2302.99673766721
316.452643586385,64.8424014326775
6310.86797901904,5385.96186264245
3032.60111317432,2168.90556213592
635.189692175746,209.565466974439
3484.37569819421,2731.82977656861
514.385838911208,248.414312221822
2670.00910336461,1909.73808359172
322.253876397751,147.835824214028
414.923295359942,303.837586763095
3420.14136320664,2893.32939859077
2983.12521862688,2462.75806588538
5426.82652825793,1981.08898043005
1053.84020237535,390.671426088152
2639.89069734208,1785.22773670104
2259.08358496961,1656.95782414126
2805.72196651963,706.353665980782
2267.8604931141,1516.39857864162
313.266487139599,16.0084731716585
2418.99308298302,1763.84268036819
1792.40002769221,954.12117120577
2612.41773747828,2396.29864696061
2816.33235219988,2620.65982398765
2838.18475506613,1973.48899821724
2785.61302316234,1940.58269225327
3172.1311621546,1904.72532936625
2833.70613243527,2655.74910356593
2970.98181691838,1961.15923984008
469.929766511086,285.565289102515
4101.89123330121,2583.71097429346
192.101903191173,5.01275422546883
74.1235133224871,26.1956833718049
3485.87860785898,2297.70100538063
3753.72709606065,2656.15335793895
967.753539787439,509.198808258108
6445.97931703178,4565.60846346955
3510.82684808159,2846.23376413374
279.781662818956,137.931592074997
265.504021003554,66.8636732977859
281.615215620623,124.025241643051
207.221187214055,4.85105247626016
3729.41018628016,3090.96936156107
287.145905123192,117.557171674705
414.923295359942,248.616439408333
2377.63311136994,1199.98868087756
3023.46353079537,3089.47362038089
723.95153095633,354.005554455085
3929.89809471079,2431.4283519762
2020.93246529725,1285.97358601927
3166.60062318385,2028.30589119898
526.920096483557,26.0744070598984
817.37240475091,612.52622600245
1130.1579521422,964.470083155124
364.064841335725,97.8295582712466
5435.90359684629,4129.45842041646
187.923817333723,9.05529795568564
2385.05749113522,1948.66777971371
2502.4948884687,1789.71496024158
3334.86629291216,2185.84382036553
184.196611902298,43.9020249101545
2871.75967267948,2617.46621444077
2647.49556475641,2373.01359507456
1662.45855441577,1257.75663078235
2931.24472882853,1602.50476009524
1038.75104353242,474.877611988568
3031.72923288802,2490.16651237625
249.122283077689,65.691335616023
3511.12761065273,1995.44001067232
432.747805489541,88.9763875020718
360.367667001868,163.197490388852
2696.06947265407,1967.2634808727
2886.84898205422,2313.62862767768
941.272283536576,418.362850640137
2531.41084633396,2606.34921918268
2344.56909874479,829.246995379372
323.696686234439,18.7978283455081
1603.935246048,745.768467350396
300.311417871748,83.3168262797683
3025.32711469461,1826.34040643735
5731.0453099218,4315.49628288104
2591.10634596371,2149.74390485469
356.039275124759,153.131556500612
395.385469717813,119.861421600928
1744.96820469305,1035.90183086806
2268.13099878995,1575.46014254009
2624.20046495233,2508.76221353524
5348.4343747816,5114.18164765997
340.529266953374,74.6657826971043
494.938181827693,200.954848829077
4691.51262051936,3348.68152436239
216.028220538502,59.910498081813
376.448792888414,70.3806863430745
1604.20575172384,888.793664525466
2760.48414475887,2500.3941480137
4046.07313222367,3316.66457801907
3542.59839452266,2504.1537136828
2941.04374801307,1639.0897808537
3643.86445977802,2666.461844451
1753.68505064241,1000.16574429294
4939.25246642737,3562.12783331784
1037.36833352383,529.896632156818
3790.42825845747,2611.20027165894
3119.95021084874,2217.69906495964
2738.75216734652,2458.55382040595
3769.23729239681,2494.61331047949
4110.75846053613,2296.93292207188
2138.94098034589,1972.11453334896
2695.2879114582,2518.98984917269
194.115811926545,16.372302107378
3548.09912819357,2164.45876403268
378.552888998878,122.286947839058
4463.73178827852,3381.34527770254
3940.92966841609,2709.3532334286
2808.51734236848,2505.77073117488
7481.3636506107,5470.69357922779
228.652665485942,30.0360999155108
244.763860103011,47.2977616435366
3321.30999956567,2467.64954379894
306.593562206707,113.55505338179
3270.1809645997,2461.42402645441
243.501425016506,45.3977660903347
2906.98803177499,2703.04686520946
569.963427777513,100.416786258585
735.553996579061,279.258920883377
3926.05080252205,2685.82562891874
305.180821100542,139.386907817875
2546.289712228,2395.40928733997
2952.94690094103,2605.37900868743
555.26497426661,284.797205793774
3729.77086051462,2867.13371521896
2849.09590331752,2511.87497220751
2087.03053471588,1292.64378317412
444.921351194479,277.035521831757
2711.24880005561,2025.31440883862
2872.96212083675,2083.89086748946
2663.75691486132,2440.92832974221
6160.42648072374,5848.71184344037
410.985646447812,186.199564213786
5328.02527098044,3304.81992488954
198.053423205721,101.06359325542
6036.94763943131,3313.87522284522
1098.50668062322,633.870856897994
2145.79424239601,1392.8988676835
6499.15197195058,2915.19956017124
924.559940106777,597.407112451439
282.607107398332,71.472173150233
337.523447623816,19.8488897153645
3594.17842281351,2675.51714240669
2895.38534035453,2610.3917629129
3157.94383942963,1991.72087044052
795.279677838202,186.239989651088
166.402151686745,30.7637577869499
7647.94637462064,3192.72018725063
2916.24573854421,2602.10454826595
290.392199031024,15.9276222970542
2853.72475670213,2143.72051469667
910.07185481067,472.209533126625
616.042647131551,190.969765815442
3111.86454480968,2347.18174063848
348.073884007793,211.667589714152
3354.58445567151,2074.75471865917
3052.55982577786,2530.51109880381
3326.08938476767,1881.27857573099
2989.01673289573,1866.60414199031
7285.38447117441,3764.94225226281
557.669644783438,158.30601247529
3335.6779604715,2301.62227279894
3091.24469646419,2122.98226536066
443.688984838497,238.30795289628
1004.36445835973,409.630956182868
5235.3554756887,2029.84205781646
3373.04025861028,2665.37035764384
3214.60341336635,2750.18292510379
2397.2309992072,2248.38197187198
2650.41106499553,1952.2252181963
308.33694644976,115.899728745316
4791.66655670788,1977.12728757443
3348.00169929724,2241.87347646633
476.632760174501,120.710355784274
4642.69816277751,2769.34458238502
7032.77522203761,2470.35804809819
804.387304385491,98.1933872069661
3512.54020122708,2540.37490550554
1877.134086635,1677.65564803997
471.853487871367,273.801486847584
3794.36586973664,2013.06550133606
3181.83986224871,2615.72792063678
519.165111214342,51.4211562483577
7339.3085809256,6437.34663599724
3526.63750592525,2623.24705197498
2998.1242089112,2324.70519749847
2814.49887466412,1920.12742097838
3716.93591563704,2000.61446664699
328.415821076527,211.788866026058
2128.75118056342,1613.74303166525
173.946768741163,20.0510169018753
281.104197733553,25.3063237511572
315.130071038834,86.7934138877547
288.318171651083,155.920911674462
3858.23953048976,3237.43072090682
3671.12727722475,2331.17326746682
5812.7732484714,5186.74530761737
3152.62344287595,2236.53731874245
295.141402603635,68.4402653525704
2639.59023583458,2075.96748177823
2621.73565697445,2090.07595939669
2911.97755939406,2503.22392862485
3118.29707043021,2503.99201193359
1660.68498854333,1483.65397442687
3149.67783627334,2174.40342160901
397.279122347571,220.39948417142
1764.47607450352,1158.14835326981
588.900104606912,185.188928281232
1637.29972018064,995.031713755563
715.174547545929,187.412327332851
299.048945152288,46.3275511482845
1042.98919158501,523.994518310702
2931.75593488037,2222.75224462241
2967.64542971784,1508.11136399468
2922.37780265724,2544.45787467306
484.748457311127,16.4935784192845
570.895219727131,78.4657738035081
3755.59067995989,2429.16452748728
360.18732988464,189.878279008283
2658.28628755388,2443.67725947875
285.192115032388,85.5806507686897
486.221335878337,44.8722354054065
2908.61106583004,2033.60162348556
529.715509965364,206.129304803755
2865.23712903215,1919.60189029345
5965.92010458875,4417.69178838092
274.491410261706,11.1169952580962
7709.35492633224,2902.22299479725
2641.45381973381,2064.76963564553
531.368725649803,228.03989182153
900.693722587539,584.713525138558
2768.35936731722,2099.45466085079
320.33015503747,44.8318099681043
3310.54908206803,2789.5168755988
471.643082023616,46.3679765855867
3007.20187962683,2013.55060658369
675.106966851008,130.372035299492
2440.8153794858,1545.747446123
321.953301991386,128.876294119312
216.7195755428,29.7935472916978
674.475786940709,186.765520336016
9356.06342136909,4568.88292389103
330.670185573696,75.9189712534715
3024.06445381038,2211.91822742542
2659.30839859393,1919.68274116805
305.421295678816,33.0275822758713
4421.86076114541,3174.24576240353
683.884025527317,464.003169354284
383.272023840966,0.485105247626016
788.877258581152,189.878279008283
3842.54899703637,2725.80638641059
194.536623622047,60.8402831397629
3014.80674704115,2556.30252780259
461.152783100685,48.0658449522778
5344.31642638519,4462.36189659982
3463.3349628873,2276.35637448508
3600.76087812416,2462.75806588538
730.444118771994,621.136844147812
2544.27559651137,2283.55210232487
3072.39811292749,1758.82992614273
261.656578282992,54.614765795229
743.248957286094,523.388136751169
411.646932721587,170.79747260166
6436.87153995268,5154.08155427721
435.362844221166,117.031640989776
218.943871309446,31.2084375972737
1588.54547516575,841.576753756534
3573.19759916993,2325.95838605484
327.213485818113,51.5828579975664
2950.84276719761,1897.32747433995
3830.04492109341,2667.67460757007
357.482084961447,20.69782389871
7559.24459803519,4533.26811362782
3548.33967803775,2335.49878925815
2762.07737351408,1721.51724751282
7275.91601986085,3105.64379530176
4299.253198012,3382.80059344542
2799.92047027758,2532.28981804511
4499.50085766209,3203.02867376268
880.70505415234,572.99014832093
4608.70235820276,3301.22206096964
1118.1046437264,1014.3146473487
3288.63676753846,2799.74451123625
6436.48075935474,4180.87957666482
2058.92609387814,1625.46640848287
812.202389482797,484.903120439505
629.959614712496,488.986089607024
2635.14171956719,2509.97497665431
9190.592826426,7668.09907466174
2906.8374999576,2718.73193488271
2213.69568298692,1507.06030262482
1447.57242818401,836.968253904087
9224.34808115658,4355.8004438713
316.452643586385,60.7190068278564
3019.79627466022,2546.60042285007
2905.12414681212,2580.31523756008
2544.63627074583,1811.34256919824
292.556394969579,106.925281664234
184.677542242368,134.455004467011
2519.59801249643,1941.22949925011
413.510554253777,130.452886174096
3715.34298794546,3237.43072090682
1776.58952038037,1169.79087921284
3227.2580211267,2216.32460009136
1012.05934380086,112.423141137329
768.798421587339,569.796538774058
544.534238398359,300.280148280504
3814.41460036698,2478.96866624355
369.986273803273,80.2444930448035
271.936471358173,62.4573006318496
3836.32721596018,2383.0391035255
3262.3659547683,2785.39348099398
9867.32306253803,8594.93307568855
350.899328587169,226.867554139767
1861.53387227205,1098.11657887609
432.928142606769,31.6531174075976
723.170045026372,450.056393485036
177.253162477087,12.4106092517656
3332.67214114194,2332.7094340843
144.48972425831,0
431.515401500604,142.135837554423
562.388741992572,114.606114751646
3422.75640193826,2352.51789836237
4066.72308693265,2989.90576830565
406.747460762271,86.5508612639417
3515.36568343941,2249.71601130295
372.631418898375,19.1616572812276
2581.36753950612,1622.03024631219
6788.91307574545,2590.78542582134
347.502766292632,189.99955532019
329.558018873896,6.79147346676423
1237.19518147841,477.303138226698
640.2094014242,519.588145644766
372.811756015603,231.435628554912
4184.2806086564,2539.28341869838
5380.41636470337,4743.03570778877
2363.05485751521,1400.70097708282
2423.68214909459,1627.891934721
2840.52913759009,2477.55377593797
258.41028437516,28.4999332980285
3850.42421959472,2443.51555772955
5119.48150181059,3803.58897032369
635.370104558883,247.080272790851
2826.16147774789,2366.82850316733
9070.29984051671,6474.57846375253
374.434902969519,63.5487874390081
4639.00110134252,2944.62927852722
590.042340037235,221.733523602392
931.503370715511,610.141125201622
3861.90648556127,2482.60695560074
126.995857265599,73.1296160796219
466.052255060001,218.135659682499
1942.90143765083,1239.9290129321
579.822509157192,260.339816225962
893.209205361212,516.798790470916
594.851605804983,469.824432325797
2319.53053943176,1593.08563320384
635.730778793339,116.425259430244
664.255956060666,312.205652284644
485.079100448014,68.7636688509878
257.779066831908,73.0083397677154
4266.39962886757,2519.83878335604
2692.79329818048,1645.15359644903
2465.13259032992,1556.9048668184
2439.04181361336,1502.16882471126
464.158602430243,79.0721553630406
612.315404067171,318.350318754573
4088.39515268167,2810.37640124672
2553.23314283673,2329.67752628664
569.061666925464,229.818611062825
3728.02740100566,3586.70649919755
2963.28693147725,2676.68948008845
3285.08993685722,2267.381927404
629.628971575609,322.95881860702
302.144933040461,5.21488141197967
560.795663769179,280.148280504024
710.395312875749,551.726368299989
743.489356598459,593.485845033129
367.130760493374,77.4551378709539
2686.75155315789,2542.84085718097
2370.29890016327,1697.22155969422
3279.1683162249,2792.10410358614
3195.69691816634,2696.2149663054
198.023373291675,26.8424903686396
3531.47680279057,2726.57446971933
2760.69458823957,2541.02171250238
3436.70347588268,2400.94757225036
547.540057727917,18.2722976605799
3596.73324881819,2559.57698822407
4333.45944606747,2995.44405321605
617.756000277035,116.950790115172
3348.15193005099,1763.23629880866
2682.33284219035,2447.03257077483
2179.128760697,1497.39862310961
3417.64644886528,2696.37666805461
180.649743588101,10.8744426342832
247.37893646759,24.780793066229
9214.06856441094,7157.56622697266
3346.97958825719,2891.06557410185
2241.98046094188,1426.73495870542
2626.00383612461,1715.81726085322
3163.02368613913,2661.20653760172
3342.0201670016,2117.20142782645
2935.78356418634,2486.97290282938
785.450627556092,566.319951166072
3415.9330957198,2054.7845526319
352.07159511506,64.721125120771
3387.82880541388,2535.16002409356
314.859565362992,121.599715404921
3862.11692904198,2724.83617591533
2690.11804672191,2408.95180883619
454.96080732434,171.120876100077
216.960031304597,5.13403053737534
315.580951464859,140.39754375043
2977.89514116363,1807.34045090533
559.202585545785,114.525263877042
3501.29848510471,2544.98340535799
467.464996166166,31.5318410956911
5572.39802119717,5193.45593020952
1206.65603902628,681.006916792322
3495.04629660141,2650.61507302855
256.817206151767,52.9573228658401
3758.77683640667,2792.91261233218
2949.33985753283,2426.37517231343
1939.47473135986,1516.23687689242
4117.94213992541,2226.87563922723
499.927859978578,353.075769397135
3058.60126973682,2506.33668729712
643.545863890646,67.9551601049444
254.592872752167,109.795487712688
453.127254522673,233.739878481135
549.253335607493,115.010369124668
3613.68614209217,2808.84023462924
646.521652122635,222.178203412715
288.618746057448,45.963722212565
3581.07282172828,2250.03941480137
715.715634163522,391.318233084986
2585.63571865628,2166.15663239937
4528.80759612528,2483.33461347218
607.446000838378,71.1891950891179
581.77633688095,100.740189757003
841.990077102538,349.316203728034
391.417789708114,212.19312039908
2599.70291699097,1578.33034858855
1051.22516364373,275.78233327539
4397.0925569764,3241.23071201323
2593.48083485115,1668.7620518335
2342.01412220831,1667.67056502634
930.721884785553,137.284785078163
2891.50794180231,2619.56833718049
2417.27988036935,2217.1331088374
2920.54402405784,2198.82038573952
3404.57125520716,2342.77536797254
289.670812929157,147.795398776726
689.715251803297,235.518597722431
3514.70454769745,2441.97939111206
3549.57193149487,2205.61185920629
330.3996422649,75.555142317752
3701.42602036452,2631.29171399812
3405.95373941803,2399.49225650748
7810.02036963624,6304.75120164612
3409.56078282623,2544.05362030004
199.285808378181,58.6573095254458
6546.13295215667,4758.11439590248
765.912801913963,480.941427583893
558.841911311329,218.822892116635
940.430660145572,444.881937510359
459.198993009881,263.735552959344
2901.93799036533,2794.89345875999
5102.82907004411,4167.66045866701
2844.82742310373,1440.23705476434
2686.90178391164,1726.04489649067
234.213423719034,68.7636688509878
3243.9703645565,2420.99858915224
2220.39871428329,1628.05363647021
3081.23523379894,2112.95675690972
775.651683637459,293.326973064531
2813.89765058548,1783.69157008356
2841.82160377417,2512.23880114323
889.091256964807,736.591893082803
1571.41224477454,988.199814851497
2936.3546819015,2627.53214832901
692.540734015627,327.001362337237
3667.18966594558,2782.15944600981
309.960093403676,41.1126697363049
254.773247502349,44.7105336561978
543.181559487331,230.424992622358
6155.25661598745,2917.86763903319
3006.81109902889,1862.64244913469
828.193384443684,385.820373611892
4853.43608371757,3411.46222849266
2723.93351417944,2539.48554588489
3406.25450198917,2501.56648569546
3953.37353163209,2861.11032506094
4415.51825355168,3294.55186381479
415.404206883535,111.089101706358
3855.17349843324,2920.93997226815
2690.11804672191,2032.59098755301
279.811731549479,55.6658271650854
7461.07437013618,6216.7450246393
553.611758582171,99.0827468276138
939.40869963734,630.838949100332
6560.83148093348,5917.11168335563
2017.23540386226,1013.62741491456
4406.56100828996,3230.47754569085
206.830425432599,50.1679676919905
3829.56412246868,2593.7364827444
2643.13706651582,2438.9879087517
327.574197685524,91.2806374282954
4863.686096227,3186.85849884181
305.090652541928,160.933665899931
370.557391518435,173.020871653279
3602.17376976214,2246.8458052545
507.081696435063,14.3914556795718
216.298745030821,86.6721375758482
2150.06242154617,1598.30051461582
267.097099226947,44.7913845308022
474.318258216287,308.082257679822
332.233195066566,56.9190157214526
3062.20831314502,2103.57805545561
5482.70454099878,2583.42799623235
3322.15177348849,2699.57027760148
3281.36276905875,2282.2180628939
465.150531840907,119.982697912835
2831.24132445739,2626.48108695916
6838.50909468316,5914.76700799211
7705.83850307812,3622.32130946077
526.859996655465,24.3765386932073
215.847883421274,96.9401986505989
4601.48827138636,3215.96481369937
5434.34107658182,1773.3426581342
485.89069274145,287.020604845393
3884.29989977921,2592.07903981501
3160.07777847289,1973.28687103073
5324.8689198335,4160.50515626453
1134.87712461724,660.592070954728
2960.37113017449,2532.89619960464
254.953584619577,60.4764542040434
752.386614930951,649.111246760912
2590.92600884648,2145.45880850066
795.790658092318,621.177269585114
2791.41421834075,2550.48126483108
3772.84403474137,3260.39236929445
3935.96994609686,2255.17344533875
2896.25722064083,2575.58546139573
3242.88804078949,1951.21458226374
957.263278497462,654.972935169726
2712.72190442055,2485.03248183887
7017.50587660927,4612.29984355356
413.179911116889,64.0338926866341
253.751249361163,129.199697617729
493.916221319461,275.741907838088
4165.49423784666,2561.23443115346
421.716419949017,2.26382448892141
5174.51774062863,1965.48476163141
2958.02674765053,1655.34080664918
2762.55817213881,1933.50824072539
2821.56242966313,1926.31251288561
2524.07663512729,1905.53383811229
319.518600376989,115.576325246898
2533.63510446765,2157.66729056592
4031.19426632963,2674.82990997255
990.838271376719,600.236893062591
292.225751832691,96.8997732132967
2418.18156595549,1573.84312504801
253.12003181791,96.2529662164621
277.707635439015,74.8679098836152
1014.40387685664,567.290161661324
4634.91325930959,3054.06093730419
2583.86245384747,1848.69567326545
6669.52207648594,2569.84504929882
275.002390515822,65.0041031818862
2749.51308484416,2431.63047916271
3286.11174683363,2492.51118773977
2929.68190750043,2589.81521532609
3446.7126374843,2619.08323193286
2619.57131050408,1864.42116837599
316.602949606045,184.663397596303
5274.73158848046,3768.62096705731
2641.63415685104,2002.6357385121
2774.10065083231,1619.20046570104
2711.399331873,2098.44402491824
2922.64815780126,2592.80669768645
595.122186746734,329.66944119918
3933.23478297496,2323.04775456909
830.17724326501,84.933843771855
518.383587651429,227.837764635019
2802.53581007284,2454.67297842494
2324.8808918171,1537.33895516415
2719.18423534092,1783.08518852403
3205.88641688518,2720.18725062558
2781.28463128523,2676.00224765431
2664.50836969371,2490.32821412546
3541.42605272886,2673.45544510428
1973.92152925951,1311.76501501805
857.199510867558,581.519915591687
3031.458877744,2733.89147387102
4496.46523303268,3009.14827646148
215.096428588884,73.3317432661328
3194.49447000906,1993.3783133699
2469.00998888214,1793.7979294091
3611.07110336054,2340.87537241934
2409.22417016196,1647.57912268716
1573.42605942753,932.533987686412
387.269734948233,176.01235401364
2779.42104738599,2690.95965945612
3664.93530144841,2080.8589596918
2803.43749565898,1454.99233937963
295.321739720863,30.4807797258347
2767.84846232901,2434.74323783498
552.138955280869,195.052734982961
2800.13091375828,1980.72515149433
231.147504561385,112.948671822257
2757.74898163697,1770.95755733338
1872.86590748485,1400.90310426933
3218.3606875283,1977.61239282206
2775.33290428943,2199.79059623477
398.030577179961,175.608099640618
2715.06628694451,2507.10477060586
232.019196682911,39.1318233084986
4661.66487070448,3074.63748489099
2391.82058462672,1526.30281078066
640.449876002473,217.731405309477
2652.21473723145,2424.63687850943
3492.28102711603,2700.41921178482
1230.34191942829,814.491710764081
321.622658854498,159.963455404679
5031.41075460363,3870.04838924845
4019.59187597281,2984.20578164604
3339.94613962166,3010.03763608213
2835.02870498282,2474.48144270301
4148.09065231143,2897.6144949448
322.79492538239,51.5020071229621
275.212796363573,1.17233768176287
1631.04768220916,948.259482796955
3032.02999545916,2534.27066447291
3322.81290923045,2724.71489960343
3224.8233195123,1850.47439250674
4411.52073060919,3100.34806301517
252.879557239637,161.863450957881
281.945858757511,137.284785078163
236.678194063954,74.342379198687
4904.98600564495,4520.08942106731
4139.19331871302,3189.72870489026
345.518907471305,147.027315467985
1159.2543223906,1095.16552195303
207.251237128101,43.4977705371328
2487.73614696493,1805.44045535213
8606.65220893235,3529.7066326015
1732.91497154316,751.63015575921
350.147873754779,119.538018102511
3256.35431610919,2027.94206226326
211.820084767007,68.1168618541531
5213.98417251082,2755.76163545149
1213.5093010764,861.587345221107
2754.35238170948,2472.29846908869
6086.0023459537,2292.44569853134
2869.47520181883,2590.66414950944
622.084316888236,443.062792831761
4184.04035987585,3012.22060969645
506.210004313536,264.705763454596
796.21146978782,295.995051926474
3016.61011821344,1896.51896559391
3263.80865170613,2666.62354620021
10000,6527.94004099139
4154.49307156848,2439.43258856203
2182.6155291831,1378.46698656663
483.636328244281,123.055031147799
2330.98269903483,1422.53071322599
255.885376569195,156.406016922088
3950.87891835438,2995.16107515493
766.033001570146,296.237604550287
1378.70908928001,983.672165873654
2297.13727574564,1432.67749798883
1872.08434628898,1065.81665447166
2514.127385189,1830.62550279138
399.262981168898,138.578399071832
2206.27130322164,1770.79585558417
489.888403848717,11.1574206953984
265.023071847007,82.1444885980054
3391.1952989779,2646.57252929834
3132.4542867917,2196.96081562362
2842.33280982601,2087.93341121968
4169.22140564513,3280.52423707093
977.011472354387,646.524018773573
2578.69228804754,2488.71119663337
447.175715691648,327.001362337237
8623.93567007731,7873.54114703136
2539.85718660747,1572.42823474243
546.487990856208,346.405572242278
460.461465729341,234.790939850992
315.821426043133,105.752943982472
5255.76518161713,2963.14412881161
863.331424448765,270.244048364993
2641.54413882424,1660.03015737623
325.47010157506,130.695438797909
816.500750262338,383.758676309481
384.684727314177,162.065578144392
3339.01434767204,2574.29184740206
4438.51289184826,3469.95783626889
326.251625137973,115.535899809596
288.558646229357,55.8679543515962
5887.58816383938,5397.92779208389
3596.22234382998,2217.25438514931
3147.36325904922,2120.88014262094
435.302744393075,7.88296027392276
353.845048088636,94.1912689140515
3028.90405173933,1848.69567326545
3290.13967720324,2111.21846310572
3177.03067174687,2118.41419094551
233.131325749757,36.7467225076707
2655.88169230296,1783.12561396133
3848.38029857826,2598.50668434606
3788.50446183128,2531.03662948874
2288.36021706933,1631.81320213931
252.458745544135,12.1276311906504
2940.1721687904,2264.71384854206
2283.1000332426,1585.0005457434
2209.90830246149,1494.60926793576
566.206153615565,28.8233367964458
183.024326557929,31.2488630345759
703.692356845288,576.022056118592
253.570912243935,45.721169588752
770.120918868981,577.153968363053
4310.01411550964,2450.1049040098
2239.8463713668,1391.28185019141
2508.71697060852,1706.64068658563
6162.80127067482,2204.68207414834
3115.68203169859,1998.876172843
3017.66203455333,2357.93490696086
2741.99853652026,2466.19422805606
918.157520849727,565.34974067082
765.67232733569,203.703778565625
1305.54746486238,1197.76528182594
2500.72132259626,1754.98950959902
726.32617037559,351.135348406631
3813.69325189807,2482.88993366186
3242.31722413797,2287.06911537016
2705.92870456556,1720.22363351916
2868.75385334992,2061.41432434945
5827.74213239224,3156.70112261439
3665.86709339803,2525.94302438867
3722.10608143697,2950.77394499715
1810.85583063097,896.191519551763
2577.5801589807,2179.45660127178
8368.9522331167,7272.37446891082
3462.85416426257,2584.96416284983
1860.4217432052,1397.74992015976
3242.70770367227,2219.35650788902
377.741296705442,127.90608362406
6027.96028780611,5609.02942567581
2225.05767403137,1550.39637141275
423.760378598434,107.572088661069
374.104259832631,169.342156858782
1895.22906480749,1158.87601114125
373.142399152491,151.069859198202
454.810501304681,241.299435256641
685.116354250346,491.371190407852
3162.03168146256,2649.20018272298
731.165542506815,521.488141197967
3760.33995879841,2434.78366327228
1792.24979693846,1651.54081554277
5846.85967320022,4938.41184627015
2525.18876419413,2220.20544207237
3859.29144682965,2695.08305406094
4354.6805184916,3028.95674073954
2458.39930213826,1983.9187610412
336.351181095925,44.1850029712696
2666.49237904685,2289.33293985908
3085.53351931257,2611.72580234387
6802.13880122096,3011.08869745198
2635.32205668442,1760.44694363481
2776.44503335627,2004.17190512958
465.691580825545,280.592960314348
551.808312143981,354.207681641596
3279.67952227674,2516.20049399884
525.988304533939,405.709688764558
3270.63195792459,2545.38765973101
338.575476862571,222.703734097644
3057.45933537013,1875.65943994599
2943.74910583512,2500.83882782402
2823.90711325073,2611.07899534703
312.034083150662,58.5360332135393
4024.4612792016,2369.77956009039
418.770738080504,79.0721553630406
2781.34454294855,2488.26651682305
2519.65792415975,1528.48578439497
354.08552266691,41.7190512958374
317.113929860161,157.093249356225
137.546293649576,61.6083664485041
3082.58791270997,2257.55854613957
4398.32511149715,2883.70814451285
2388.45394053089,1554.03466076994
3472.65288238347,2888.43792067721
328.776495310983,89.9465979973238
431.695776250786,115.333772623085
1925.13702734932,1568.54739276142
2869.92619514372,2160.05239136674
2628.40843137553,1923.84656121018
351.680852150081,98.1529617696639
3030.85765366536,1685.98328812422
310.140430520904,112.544417449236
3298.70614186703,2661.48951566284
2652.09431177754,1835.75953332875
3289.56855948808,2521.77920434654
3090.7036851125,2394.1965242209
3324.76681222011,2062.86964009233
265.143309136144,35.4531085140014
2977.08347360429,2190.45232021797
2102.93121058633,1342.93302717802
2446.61657466421,1747.79378175923
2676.44162898514,2605.90453937235
3679.03260614658,2750.2637759784
3620.6295727009,2747.27229361804
2944.65079142126,1904.07852236942
4060.92189175424,2734.21487736944
2916.45618202492,2495.42181922553
566.176122517997,227.67606288581
2011.16355247619,1477.46888251964
361.179221662349,145.652850599711
2893.07106419404,2078.67598607748
2761.23559959126,1912.16360982985
3699.23156753067,2294.83079933217
185.338809699667,21.7084598312642
577.568144660023,444.558534011942
1104.63859420443,202.69314263307
3246.73563404187,1886.57430801758
2609.53204253899,1697.38326144343
3784.2663890446,2927.97399835873
231.057336002771,64.5189979342602
373.322736269719,52.7551956793293
2960.82212349938,2540.01107656982
2836.62163267439,1498.36883360486
1101.96341801176,765.132251818134
3195.6065990759,1985.53577853328
409.693180263738,182.642125731195
548.081069079602,354.167256204294
3623.96595990144,2148.24816367451
272.507589073334,97.3444530236206
1282.70335838319,1167.85045822233
431.395164211467,58.8998621492588
3282.35447267168,2596.64711423016
323.1556372498,120.063548787439
3386.95722619122,2077.66535014493
2588.55151995904,1853.4254494298
4062.81558201695,2821.81680000323
8142.43376069646,3554.89168004075
2666.3421482931,2477.35164875146
3275.2608113092,2825.61679110964
2418.30184087759,1460.12636991701
326.822742853134,210.090997659367
2780.4428573624,2396.94545395745
2915.76493991948,2531.84513823478
4198.73858758903,2779.20838908675
3806.96026477004,3064.97580537577
9454.02290472376,8490.23119307593
1925.40753302516,1430.1711208761
4115.92832527243,2958.89945789489
359.736449458616,241.905816816173
327.93487191998,136.435850894817
276.29489433285,119.618868977115
3402.97802645195,2429.20495292458
193.18400116045,43.3360687879241
2469.70123098758,1831.51486241202
1188.53095449031,936.455255104722
4301.17699463819,3187.18190234023
3134.31787069094,2558.60677772882
376.118149751527,151.433688133921
3185.86779261832,3057.01199422725
6463.77398422858,6240.07050196265
3883.81910115448,3490.73651104221
528.362906320245,8.28721464694444
3513.8928801381,2277.89254110256
3545.99499445015,2387.97100687637
1029.8838162975,875.897950026074
2809.4491343181,2439.47301399933
2939.45082032149,2616.98110919315
1827.9589546587,1282.41614753668
272.026639916787,90.5934049941585
597.556888361131,26.8829158059417
2389.02505824605,1698.03006844027
2819.30806516596,1604.60688283496
4553.81604907484,3385.42824687006
465.511206075363,306.829069123455
2953.72846213689,2119.38440144076
6308.97428875633,2781.67434076218
1413.54666777759,611.070910259572
8329.6658372881,2940.26333129859
2392.06098393909,1841.78292348677
5068.44218380779,4102.85848267164
3279.76954030354,2424.39432588562
4122.72152512741,3253.8030230142
757.61676766011,348.50769498199
251.677259614177,80.5274711059187
3261.04338222075,2984.52918514446
2749.33274772693,1359.2244784108
2981.29174109113,2211.63524936431
1194.27208747359,801.7981234512
2547.1010787237,2335.21581119704
942.174044388625,764.566295695904
3259.84093406347,2613.78749964628
4234.71840151693,2966.7015672942
2593.57115394158,2302.8754613553
2425.69611427939,1671.26842894623
558.841911311329,414.764986720244
2880.50647446049,2439.51343943663
377.350553740464,202.49101544656
3340.39683188291,2385.30292801442
613.397502036449,65.691335616023
2997.67351664995,2473.51123220775
7885.25556983836,5995.61788259644
779.919938053523,505.641369775518
2092.59118005011,1331.81603191993
941.182114977962,669.930346971528
432.777836587109,321.46307742684
260.454243024578,103.044439683226
2768.56981079792,2604.8939034398
4062.69545762667,2590.0173425126
290.181793183273,145.410297975898
3128.42665748573,2156.17154938574
563.170303188439,257.429184740206
3570.22188620384,2921.10167401736
2739.65385293266,2571.42164135361
1939.26443841097,1570.97291899955
1988.13895834795,1150.83134911812
3960.70774283876,3568.15122347586
2907.10815616526,2527.43876556885
2783.56880108224,1808.06810877677
327.483991493955,131.140118608233
2390.10723148124,1562.72612978991
4296.69837200733,2721.68299180576
1697.56648805737,1114.65058273268
233.912849312669,39.2530996204051
861.768377322941,455.230849459714
3128.99777520089,2045.36542574049
952.574137119988,563.166767056503
3697.39808999491,2141.61839195696
3587.47524098533,2136.8481903553
3413.13771987095,2019.61442217901
3017.51180379958,2432.35813703415
248.190491128071,43.2147924760176
315.851494773655,220.278207859514
300.611992278113,127.582680125642
320.811104194018,188.746366763822
634.348068784743,484.822269564901
592.266598170927,469.015923579753
3397.98849883288,1645.92167975777
2662.88533563865,2519.55580529492
513.664452809341,273.72063597298
423.610110211729,26.8020649313374
458.898418603516,384.526759618222
6997.39663218834,2297.2563255703
2807.88601192636,1833.13187990411
2917.89887896274,2540.01107656982
332.774244051205,4.52764897784282
289.34016979227,99.1635977022181
582.407516791248,153.293258249821
3117.03440954598,2716.26598320727
715.74566526109,608.847511207952
862.038882998783,513.969009859764
3104.07934027813,2669.97885749629
3561.44497805935,2517.2111299314
3948.17356053232,2265.4415064135
3663.85327874504,2590.13861882451
4051.42363514083,3241.51369007434
3269.60984688454,2810.65937930784
306.443256187047,24.5786658797182
3516.20745736223,2041.7675618206
6062.34657191517,2169.06726388513
2828.50586027186,2743.14889901322
2951.92478990098,2464.37508337746
8860.82458046089,6733.1395607372
4759.35399891513,3316.62415258177
2357.43399945403,1676.15990685979
373.202498980582,79.395558861458
3093.46895459788,1809.32129733313
5611.68441702576,5050.14775497334
2361.4918856553,1729.68318584786
169.738614153191,28.1361043623089
3772.87414110485,2582.90246554742
4568.72502133236,3137.66074164507
361.419696240623,92.0082952997344
5914.43039538833,4264.84320994142
4213.01622940443,3905.94617757278
421.716419949017,178.680432875583
2829.94885827332,2717.68087351285
4509.93120728874,2668.03843650579
3644.73603900069,2427.30495737138
411.105883736949,149.089012770396
2632.67691158932,1674.25991130659
3562.82746227022,1924.53379364431
3564.51070905223,2575.46418508382
4090.67962354232,2503.78988474708
813.705299147577,176.740011885079
360.698310138756,32.2190735298279
358.744520047952,197.478261221091
324.989190051467,162.631534266622
2848.61480362915,1719.2534230239
339.777812120985,138.820951695645
627.434669273577,108.461448281717
3525.97637018329,2280.80317258832
375.186357801909,327.729020208676
860.29549875573,542.711495781606
2992.71379433072,2172.2204479947
632.153841748619,282.49295586755
269.59193830239,36.3828935719512
2912.5787834727,1601.17072066427
4617.08848574931,3991.24385028035
2846.05997762448,1887.46366763822
2417.06943688865,1446.30087035966
3592.01407634314,2276.92233060731
3722.01576234654,2882.57623226839
3000.31866174505,2083.89086748946
2289.17173409685,1334.88836515489
3355.75679746532,1866.19988761728
283.268393672107,91.3614883028997
493.525478354482,340.543883833463
351.590683591467,222.784584972248
3137.71447061843,2056.52284643589
4419.63620194809,2743.22974988782
754.190136635049,522.134948194802
2241.58968034395,1955.45925318047
3859.95288363524,2446.06236027958
6811.72767798843,5223.89628449806
226.879250145321,43.0126652895068
4229.63855480743,3056.80986704074
410.71514077197,19.2020827185298
796.722450041936,199.742085710012
242.68983272307,93.2210584187994
2370.20873160465,1642.44509214978
2701.69033071525,1437.40727415319
3373.67128798876,2215.63736765722
2528.58536412162,2443.07087791922
255.464564873693,105.550816795961
4236.61209177964,2756.40844244833
425.143088607031,42.1637311061612
2802.024604021,2489.03460013179
855.365958065891,433.52238962845
962.463324863143,374.056571356961
4156.8976668194,3177.60107369961
2409.1942143303,2255.41599796256
472.965654571167,170.069814730221
506.60078491147,172.29321378184
2449.80273111099,1950.16352089389
928.617826308044,531.715776835416
396.437498956568,115.010369124668
4345.09194278777,3527.11940461416
3088.11845168072,2645.23848986736
455.141144441568,74.6657826971043
3136.99312214952,2110.57165610889
2605.23375702536,2228.00755147169
3256.14387262848,2060.92921910183
269.321394993593,68.561541664477
5267.96849498896,3863.05478859518
4025.69353265872,2303.19886485372
2867.6116179196,2528.93450674903
1762.64244643595,995.799797064305
2297.52790581175,1590.5388306538
572.127623716068,129.725228302657
338.21476499516,104.216777364989
4982.1453035369,3462.35785405609
456.373548430505,216.437791315808
2870.7676680029,2593.6960573071
4663.28820582317,3178.20745525915
3708.88035596146,3026.77376712523
5398.09060644626,2173.31193480185
4095.66915116138,2677.17458533608
3723.54877837479,2373.78167838331
188.344629029225,41.2339460482114
4971.20404892203,4654.62527640893
2334.67991100164,1450.14128690337
504.13601456655,251.648347205996
235.295521688312,35.5743848259079
193.514644297338,6.38721909374255
5150.92217931705,4945.32459604882
4963.84003241552,3613.91281850191
363.133011753153,136.840105267839
2358.09528572781,1620.61535600661
426.165049115263,151.837942506943
6962.70988657178,5952.12011205931
1781.03803664775,1184.99084363845
1230.07141375244,686.74732888923
290.001456066045,87.2785191353807
869.944211920612,328.820507015835
5886.02504144764,4153.83495910967
3644.34525840275,2836.24868112011
4569.11580193029,2947.17608107726
402.9601178698,184.339994097886
170.159425848693,60.7998577024607
1940.88747246603,1437.77110308891
2193.82728947381,1308.00544934895
8315.44840819965,6062.40070501963
418.981143928255,273.478083349167
458.237132329741,218.984593865844
180.980386724989,13.6233723708306
2613.8604344161,2424.15177326181
376.478861618937,221.288843792068
2359.41785827536,1307.52034410132
2816.15201508265,1770.31075033654
2563.90374124393,1853.02119505678
2779.45085268583,2173.43321111376
1640.03503383435,1006.71466513589
366.379305660985,73.4530195780393
1003.10202327323,452.92659953349
848.452558554725,555.647635718299
2695.1978934314,1919.07635960852
3087.66775941947,2151.15879516027
421.626251390403,14.7148591779892
497.312783613998,105.631667670565
1017.31952762758,607.270919153168
361.960745225261,68.561541664477
698.432173018561,244.776022864627
462.625624034941,66.6211206739729
3462.10270943018,2812.80192748485
4194.74106464653,3237.14774284571
2564.74521410312,2342.08813553841
3036.44840536307,2144.97370325304
499.807622689441,247.686654350383
2772.29697859639,2345.7668503329
5714.90408420716,3605.82773104148
2253.19222123259,1333.95858009694
2808.90812296641,1657.92803463651
629.749171231791,346.041743306558
3211.77793115402,2408.87095796159
2287.66882443207,1578.28992315124
188.314579115179,32.9871568385691
579.732340598578,71.3104714010244
467.735539474963,124.106092517656
342.633325430884,168.695349861947
202.38181508283,37.4743803791098
453.187354350765,178.033625878748
317.624910114277,179.36766530972
2112.73022977087,1186.76956287975
3415.66274057578,2049.12499140959
579.371666364121,76.6870545622127
213.833974685902,27.3680210535677
734.261530394987,417.999021704417
3237.4177145457,2328.58603947948
3306.70178987929,2839.36143979237
1907.10211137197,1139.95690648384
2510.43002269037,2365.45403829906
2234.85669321592,2082.43555174658
211.639728833302,23.6893062590705
2794.99115538547,2538.35363364043
4082.29319493212,3709.43812684694
2692.88331620728,1752.32143073708
2061.48107041463,1506.81775000101
3570.67287952873,2094.72488468644
2931.63550942646,1776.25328961996
3220.40460854476,2582.5386366117
3095.33253849711,2648.83635378726
4217.79561460643,3186.17126640767
3588.70779550608,3149.4245439
7338.1362391318,2603.0747587612
1530.35273466895,819.706592176061
316.783286723273,121.882693466037
3147.33315268574,2613.42367071056
3811.10831952992,2678.42777389244
179.47747706021,22.0318633296816
2517.49387875301,2341.07749960585
2900.88607402544,2528.12599800298
193.634881586475,40.3445864275637
3013.78463600111,2557.83869442008
3870.32302053494,2456.20914504243
2622.33688105309,2403.85820373612
211.128748579186,56.2722087246179
149.960313932788,41.153095173607
3509.83484340502,2278.94360247242
259.432244883392,56.555186785733
1525.15261303736,1097.95487712688
318.376364946666,6.58934628025339
3134.94920113305,1951.94224013518
2816.81345188824,1724.58958074779
7056.25096002255,6232.38966887524
3648.88409376057,2619.08323193286
209.23507713295,3.39573673338211
2659.54894843812,1680.64713040033
3369.94412019029,2319.6520178357
700.83684353539,79.3551334241558
337.553516354339,116.54653574215
1576.76259715988,1067.71665002486
1669.702446532,1005.21892395571
3019.25526330854,2613.10026721214
192.312309038924,20.69782389871
3906.42265778949,2679.03415545198
3123.22638532232,2686.9575411632
517.962775955927,398.271408300959
3528.29064634378,2790.48708609405
204.876635341795,39.940332054542
2727.11967062622,2313.79032942689
3462.64372078186,2747.39356992994
8903.17640621873,7902.76873820083
2515.20940789236,2594.18116255473
229.824932013834,55.099871042855
4711.08055252497,3170.56704760904
5945.78075380435,2711.41493073101
233.702443464918,49.804138756271
4725.83929402873,3453.86851222263
3554.74179623117,2336.22644712959
3285.30038033792,2252.5053664768
4406.77145177067,2939.37397167794
9153.95217781977,6775.14159009415
3227.49826990725,2350.86045543298
2094.27442683211,1561.75591929466
258.770996242571,53.1998754896531
2469.73133735106,1945.02949035651
2360.28943749802,1785.67241651137
387.029298002914,95.3231811585122
2373.9660057666,1577.23886178139
395.385469717813,159.316648407844
471.072001941409,385.577820988079
4272.50158661712,2987.56109294212
3091.63547706212,1822.54041533094
3317.91339963818,2669.81715574708
271.515659662671,5.33615772388618
3512.99119455196,2539.97065113252
3221.48663124813,1941.59332818583
520.758189437735,140.154991126617
2593.30049773392,1743.67038715441
3499.01401424406,2292.60740028055
3945.5585218007,2546.72169916198
188.013985892337,54.4530640460203
747.907917034182,511.826461682749
328.145277767731,155.435806426836
65.9476787248158,92.0891461743387
223.422550389738,77.3338615590474
367.401303802171,181.752766110547
352.492406810562,128.189061685175
552.409460956711,299.875893907482
2515.08928350209,1834.38506846048
552.379429859142,347.658760798645
511.800831277151,145.369872538596
2299.54187099656,1666.17482384616
6166.37790665591,2641.27679701175
3776.30084739582,2310.92012337843
3392.33753440822,2349.4859905647
8158.78512882816,7540.88022347182
788.787090022538,138.17414469881
2927.93844799147,1859.48926502512
1341.82774029779,450.824476793778
1605.07748147832,703.362183620421
573.961176517735,290.092938080358
1064.09006435296,512.190290618469
3778.13432493157,2293.09250552818
2372.22254625764,2166.43961046049
3006.30019404069,2526.5898313855
1988.19917107491,1397.42651666134
4154.22241536082,3232.25626493215
5769.36950637366,3646.33401921825
6071.27371081341,2768.29352101516
3509.20381402654,3047.91627083426
3209.4633539299,1984.20173910231
7487.25546594318,3132.89054004342
3642.81254343813,2598.78966240717
2446.49645027393,1656.59399520554
4232.04315005835,2918.59529690462
3174.4758457422,2064.93133739474
503.264322445024,424.184113611649
549.974759342314,143.95498223302
276.986249337149,22.9212229503293
2445.08355863595,1728.4299972915
1064.72131952917,810.651294220375
804.507504041674,363.182128722677
2705.74836744834,2256.50748476972
9555.13873922537,5645.53359555967
249.633300964759,127.299702064527
286.995636736487,33.916941896519
3070.08353570337,2220.00331488586
8723.84905642164,5369.54913509777
543.692615007355,220.884589419046
2707.19106438616,2017.43144856469
216.99010003512,76.1615238772846
4354.83074924536,2951.54202830589
1393.79839865476,1212.11631206821
355.197651733755,92.6955277338713
2786.6950458657,1801.51918793382
4941.867505159,4591.19776528183
2448.7508147711,1408.78606454325
3086.22476141801,2339.82431104949
1983.51010496334,1160.45260319604
2909.66298216993,2569.11739142738
6743.61564338501,2766.43395089926
1691.8253550741,1104.13996903411
8283.46641827788,2796.9955814997
3970.86743625776,2820.15935707385
6336.38733695681,6055.77093330207
596.805433528741,119.618868977115
3100.41238520661,2704.62345726425
2578.21148942281,2321.430737077
8611.13083156321,4825.6653016344
1667.32795764456,1467.76677756712
4809.70147268523,3085.59277839988
2793.99915070889,1754.01929910377
3307.93404333641,3034.21204758882
4680.7818093852,3355.10916889343
2774.13075719579,2559.21315928835
6421.81233694141,2684.41073861316
4085.0584644175,3102.93529100251
1351.80709659956,897.565984420036
504.857400668417,391.520360271497
260.814917259034,57.7679499047981
3442.83523893207,2424.83900569594
297.726410237692,10.9148680715854
2106.71859111176,1575.6622697266
3386.68656998356,2205.32888114517
430.132729124962,210.373975720482
3077.44785327351,2720.5510795613
419.522192912894,34.7254506425623
4209.74005493085,2575.74716314494
2813.80763255868,1507.62625874705
279.090307814658,89.7848962481152
6676.67595057538,2889.24642942325
3106.63446734643,2195.42464900614
2562.28040612525,2297.01377294649
3832.2691792271,2528.20684887759
170.460019071535,40.4658627394702
743.759937540209,242.997303623332
478.165738569803,319.684358185545
5924.43955698994,2388.17313406288
5639.39792673375,5130.67522607926
3379.89337012858,2748.4446312998
3400.99431816244,2672.64693635823
2588.49130723209,1691.96625284494
2749.78343998818,2534.0685372864
3022.53143778212,2529.50046287126
2959.98034957656,1953.84223568838
4561.96192784085,2874.53157024526
496.861903187974,330.518375382526
600.833213366531,428.711762589492
6286.15968651335,2715.82130339695
4537.04379398172,3227.36478701858
4760.94722767034,3761.78906815324
3190.79740857407,2522.18345871956
3112.91646114957,2682.34904131075
6286.55046711128,4939.50333307731
334.247084985461,67.5913311692249
3439.61897612181,2316.82223722455
336.982398639178,21.8297361431707
2739.14294794446,2558.40465054231
6793.90290442815,2376.40933180795
441.614957458556,234.952641600201
310.290736540564,12.3701838144634
4002.1581840741,2937.67610331125
3280.64142058983,2670.0597083709
3552.42752007068,2389.46674805655
3993.92228728129,2627.2087448306
379.364443659359,152.727302127591
1400.71172290001,1118.6931264629
440.953671184781,117.274193613589
2050.78021511213,1345.64153147727
392.590056236006,169.665560357199
2404.02419906218,1416.14349413225
825.067290192034,520.558356140018
3331.22914314048,2506.33668729712
700.506200398502,51.5828579975664
3615.78997477195,2376.89443705557
2967.91578486186,2781.63391532488
2893.28120661111,2579.18332531562
140.011063994496,20.0510169018753
233.311700499939,47.1764853316301
809.497182192558,350.933221220121
3382.44849719688,3126.54374638698
181.972297319175,31.8552445941084
3081.23523379894,2601.174763208
3826.0169907238,2729.36382489318
2931.42506594575,2454.99638192336
3201.19735077361,2753.29568377606
507.232002454723,54.6551912325312
3437.18427450741,2274.73935699299
747.366905682498,179.771919682741
330.730285401787,175.64852507792
434.761695408436,159.599626468959
343.414848993796,82.4678920964227
2038.81715052085,1481.02632100223
4167.74860234383,2694.4766725014
784.639035262657,137.446486827371
3753.30620909924,2743.95740775926
1092.97599112065,557.911460207221
2874.58515489181,2437.69429475803
3072.54834368124,2444.72832084861
3577.37576029328,2418.4113611649
4355.49218605095,3409.60265837676
474.739107544743,209.888870472856
3037.95131502785,2058.05901305337
2231.12937488563,1679.47479271857
4010.51420525718,2598.87051328178
3543.68041722603,1942.24013518266
2681.73191917535,2342.57324078603
676.189064820285,540.690223916497
2698.74472411265,2251.25217792043
517.301489682152,293.650376562949
323.877023351667,46.2871257109824
2136.44606600454,1454.3455323828
378.883532135765,77.4551378709539
3296.24133388915,2599.88114921433
8399.40120701021,4264.11555206998
335.479488974398,40.7488408005854
4027.58722292144,2536.93874333486
4963.870138779,3418.41540370863
2781.91566066371,2597.21307035239
406.026074660404,62.5785769437561
2588.55151995904,2667.06822601053
4095.87959464209,2686.31073416637
4059.62942557016,2797.84451568305
377.71122797492,222.178203412715
5233.22153664544,3649.77018138894
3847.77937556326,2480.98993810866
1207.19705037796,698.026025896535
6778.18256567493,3257.03705799837
237.760292033231,29.9148236036043
6717.34483061485,4989.10534464707
305.150752370019,72.1998310216721
261.115529298354,107.77421584758
3178.20301354067,2605.05560518901
287.236073681806,5.09360510007317
3752.13416836908,2660.60015604219
3230.56430196376,1913.82105275924
345.158233236849,93.7870145410298
3568.26798321418,2627.97682813934
4238.95647430361,3110.69697496453
4263.51423499192,3548.86828988273
2965.69152672817,2550.48126483108
369.114619314701,23.4871790725596
825.788713926855,302.584398206728
2800.28144557567,1787.93624100029
521.810218676489,255.690890936213
331.211234558335,103.206141432435
940.280354125912,417.473491019489
527.791788605083,350.124712474077
1922.49188225422,1202.7376106141
251.857596731405,1.05106136985637
2928.56977843358,2609.09814891923
649.767946030467,127.299702064527
2657.62515181193,2331.09241659222
5367.31106468177,4504.28307508216
1146.53965243511,643.168707477493
494.30696428444,6.14466646992954
2433.66150539636,1428.02857269909
732.878820386391,436.311744802299
908.71925116555,57.4041209690786
2694.74690010652,2622.68109585275
2596.51676054419,2439.67514118584
2792.31590392689,2443.51555772955
4344.19025720163,2942.04205053988
9063.17607279075,7700.9245297511
1109.38772251113,935.808448107887
1918.73460809227,1658.41313988414
445.552568737732,129.40182480424
6584.75821224331,6582.069701539
5913.13762814062,3604.65539335972
3057.42922900666,2121.20354611936
2238.43363026064,1505.64541231925
8331.61974027777,4268.0772449256
2563.6029786728,2281.44997958515
4057.73573530745,2565.11527313447
742.437364992658,543.034899280023
3463.75584984871,2374.26678363093
7833.55571822086,5733.05466731886
527.010302675125,283.180188301687
4208.77815661775,3119.75227292021
6203.58997404093,2822.66573418658
2126.22631039041,1457.57956736697
395.235163698154,40.7892662378875
360.247429712731,186.118713339182
686.82970739583,320.412016056984
261.23576658749,24.6595167543225
2962.2648204372,2835.84442674709
694.765067415228,327.688594771374
4788.9913052493,3729.85297268453
732.157471917478,530.785991777466
222.190165217278,36.9084242568794
538.883273973699,196.588901600443
254.382466904416,17.3020871653279
515.347699591348,131.018842296327
4039.82094372037,2913.70381899106
4170.63429728311,2496.39202972078
229.283883029195,21.2637800209404
2264.73454939427,1969.97198517195
444.320202381749,179.771919682741
326.22155640745,230.546268934264
2865.41746614938,2527.43876556885
311.042191372953,45.6807441514499
1760.11757626294,1679.11096378285
602.035510991991,117.759298861215
2504.14802888723,1826.42125731195
6079.20914609872,5356.08746447615
4124.73533978039,3065.25878343689
328.866701502552,91.0380848044824
3633.5244292418,2391.73057254547
2829.61798933871,1851.28290125278
170.189494579215,34.5233234560515
4885.05739940489,2762.55310891826
3199.75465383579,2614.59600839232
3556.81582361111,3095.17360704049
3271.20307563975,2076.08875809014
2855.13764834011,2579.66843056325
3270.99263215904,2819.55297551431
305.36115821777,71.3104714010244
312.995943830803,149.412416268813
225.466509039156,0
372.811756015603,158.750692285614
2565.31633181828,2342.57324078603
169.347852371735,15.6850696732412
4148.03043958447,3883.42920899547
3054.30298422319,2434.41983433656
696.538482755849,136.637978081328
295.261639892772,20.7786747733144
7552.45139818021,3575.42780219025
3839.39294695306,2521.25367366161
466.713541333777,293.326973064531
9321.49649907917,6664.69929538463
5549.88448258896,4034.41821731907
4189.5708988466,2900.80810449167
3228.00947595909,1942.84651674219
2413.82306771491,1445.49236161362
7743.02046409966,6139.89626832788
3061.84763891056,2092.29935844831
7027.33500215729,2773.87223136286
1014.91485711075,338.967291778679
2896.64800123876,2568.18760636943
5394.18280046693,3828.53146513912
3042.61057583957,1860.66160270689
3789.07557954644,2011.24635665746
1340.89594834817,895.423436243022
2782.72732822305,1457.78169455348
2823.54643901627,1634.52170643856
604.800855743276,28.2978061115176
351.410308841285,100.740189757003
4325.88498608025,3765.87203732076
434.400983541025,124.106092517656
2462.06655827341,2203.02463121895
2282.01801053923,1462.67317246704
460.010585303316,250.314307775024
3373.16038300055,2664.15759452478
3924.51778649379,2127.99501958612
2849.18592134431,1760.1235401364
5089.18245760719,4631.82532977051
414.201909258075,185.431480905045
2555.84818156835,2346.89876257736
3103.68855968019,2122.21418205191
888.880888750011,644.098492535443
6668.07937954812,4263.34746876124
320.901272752632,75.6764186296585
366.83018608701,125.440131948627
826.780643337519,431.09686339032
1111.79239302796,610.464528700039
2900.2848499468,1945.63587191604
420.874796558013,142.337964740934
1610.78850809812,933.98930342929
600.532601327212,349.922585287566
159.218246499737,3.23403498417344
7801.90429617007,3104.43103218269
437.797583468517,116.384833992942
4055.99227579849,2796.9551560624
3560.96387837099,3000.90148725184
3047.47997906836,2450.79213644394
2976.48255058929,2693.46603656885
3189.56485405331,2488.26651682305
4009.82296315174,2628.98746407189
3117.36527848059,2297.09462382109
3031.18822153634,2567.82377743371
3068.12993377734,2152.12900565552
490.970501817994,24.6190913170203
375.907743903776,185.512331779649
241.156891960723,59.3849673968848
203.163319829265,85.2168218329702
3528.53119618796,2915.11870929664
444.470508401409,392.086316393728
325.590338864197,63.750914625519
365.056733113434,46.6105292093997
3684.77358859804,3144.49264054914
364.635921417932,184.825099345512
2582.84034280742,2138.38435697278
3693.67092219644,2400.38161612813
3394.35134906121,2690.75753226961
2693.63477103967,1871.85944883959
241.87827806259,66.4998443620664
2681.61149372144,1963.5443406409
1745.87004081101,1260.70768770541
4027.91809185605,2263.37980911109
3057.82000960459,2247.65431400054
392.770393353234,90.9168084925759
2872.06013418698,1766.10650485712
3218.30047480134,2446.58789096451
2133.68079651917,1458.83275592334
633.62672031583,229.293080377897
460.671871577092,81.6593833503794
8010.5985971573,6041.82415743282
2304.14076854951,1728.22787010498
512.101405683516,192.42508155832
2641.33369534354,1680.1215997154
468.486994307353,137.972017512299
377.260385181849,181.308086300224
262.227658365199,34.4828980187493
1168.06133689857,593.445419595826
3109.97085454697,1872.0615760261
202.802626778332,28.0148280504024
926.032818673988,559.730604885818
3175.31731860139,2733.08296512498
366.289137102371,273.963188596793
2811.43284260761,2572.06844835044
4410.9797192575,3130.58629011719
7633.36827129774,6007.74551378709
2945.13159004599,2444.12193928908
1924.38557251693,1156.0058050928
4153.89184748984,2571.62376854012
3229.84295349485,2195.66720162995
3419.2396776205,2273.80957193504
270.223155845643,26.1956833718049
1104.75879386061,517.041343094729
541.227807029481,383.435272811064
5551.20675407287,3405.15586027352
4228.40600028668,2675.03203715906
3061.12629044165,2660.19590166917
3422.00494710587,2395.00503296694
4725.77908130178,3158.6819690422
2844.46674886927,1966.33369581475
2692.52264197283,2353.1242799219
334.998539817851,81.3764052892642
1687.43690100185,822.940627160234
1837.24691832322,1185.03126907575
1028.14043205445,793.510908804256
3874.02008196994,3340.03048077973
1455.47775710584,880.951129688845
1353.00939422502,892.674506506474
2709.83620948126,2534.91747146975
1720.20030158767,846.387380795492
3847.95971268048,2674.54693191144
2563.39283625573,1645.59827625935
1717.64532505119,930.27016319749
3022.53143778212,2500.35372257639
818.755114759507,504.509457531057
255.915445299718,48.9552045729255
797.023062081255,121.478439093015
194.777079383843,10.1872102001463
4693.3762044186,2375.11571781428
4227.44440303722,2578.33439113228
493.285003776208,180.378301242274
6075.8426525347,3630.4872477958
861.497871647098,507.137110955698
2748.52108016759,2523.27494552672
327.003079970362,150.867732011691
4295.37579945978,2617.9917451257
2055.55960031413,1079.6017285917
2711.66968701702,2541.34511600079
3321.18987517539,2681.74265975122
1344.59316031498,969.24028475678
3534.57294121056,2847.72950531392
3892.08510431076,3191.06274432124
2645.33121828603,2439.71556662314
641.892723472115,163.52089388727
1220.72323736097,488.622260671305
2300.77427498549,1330.27986530244
221.889571994436,23.7701571336748
4509.78097653499,3006.80360109795
274.791984668071,108.70400090553
4137.60039102145,2965.52922961244
2570.90738457962,1859.40841415052
7127.81920515315,3069.30132716711
2325.24156605155,1551.00275297228
178.996527903662,45.3573406530325
1352.04749591192,1112.58888543027
1363.16908764401,604.602840291225
4326.18544758775,4304.98566918248
3039.93532438099,2699.48942672687
4972.82738404072,3928.13974265167
2373.18444457073,1523.59430648141
2228.39421176373,2068.97388112496
3582.15514549528,2332.87113583351
752.386614930951,376.482097595091
237.399617798775,43.5381959744349
3264.01909518683,1877.84241356031
4542.81488279666,2715.61917621044
2456.08502597777,2224.73309105021
2244.80594315421,1513.32624540666
2907.82950463418,2581.68970242836
213.292925701263,79.395558861458
3479.32595784818,2290.10102316782
2758.68077358659,2462.15168432585
406.657292203657,167.765564803997
3763.46590251824,2802.08918659978
2807.70567480913,1795.6979249623
422.497943511929,0.687232434136856
1959.22300048269,1347.98620684079
2743.56135784836,1830.66592822868
3558.10859085882,2318.60095646585
659.927639449465,420.141569881432
3045.97706940358,1918.14657455057
2676.50154064846,1470.87953623938
688.03200502129,442.133007773812
355.107483175141,250.920689334557
3100.14172899895,2591.31095650627
791.702740793482,403.728842336752
961.501426550048,365.971483896527
3084.15073403807,2117.84823482328
645.25921703613,143.267749798883
3007.83321006894,1973.81240171566
2242.64174721565,1320.90116384834
4179.02042482967,3076.41620413229
1746.77172639715,1200.8376150609
1538.22795722731,720.583419911145
989.545729926736,272.346171104706
1202.74853411058,898.172365979569
3007.77299734199,2151.8460275944
212.511420954828,14.7552846152913
288.228003092469,123.863539893843
2020.03077971111,910.057444546406
4542.84498916013,3426.98559641669
2417.64055460381,1941.59332818583
3856.34584022704,2257.35641895306
2574.45421526087,1924.65506995622
4379.89941492187,2766.23182371275
3208.02065699207,2487.01332826668
958.134932986034,624.209177382776
219.605157583222,12.3701838144634
2502.13421423424,1601.00901891506
717.489049504143,421.758587373519
722.238253076754,126.006088070858
737.447686841774,421.475609312404
911.8453454172,596.760305454604
488.20515706671,222.380330599226
4013.21956307924,2993.42278135094
2953.81848016369,2671.35332236456
3220.55483929851,2041.686710946
475.370325087996,237.984549397863
3040.26589225197,2749.21271460854
336.471418385062,90.5529795568564
2518.2453335854,2334.5285787629
2517.91476571442,1474.9625054069
2111.34759502818,1502.93690802
3928.90639109785,2164.21621140887
401.24680235727,19.8488897153645
302.235139232029,81.5381070384729
449.700623497613,27.1254684297547
2973.83740549418,2614.51515751772
420.514122323557,289.284429334314
643.696169910305,76.4849273757019
6667.11718017139,2524.24515602198
2944.50056066751,2242.68198521237
2637.33587133741,2494.00692891995
3358.9429539121,1872.22327777531
3284.81928064956,2096.82700742615
3211.41725691956,1933.34653897619
5599.18004001917,1827.3914678072
330.850522690924,95.5657337823252
253.089963087388,42.8105381029959
1943.71295467836,1138.86541967668
3023.37321170494,1685.05350306627
452.345730959761,100.295509946679
2894.51376113187,1588.51755878869
2080.35760978298,1260.95024032922
2322.41623437104,1714.76619948336
1004.12398378146,788.538580016089
216.629388167709,38.3637399997574
4795.2434937526,4656.92952633515
261.806846669698,65.6509101787209
2304.41127422535,1706.64068658563
502.031918456087,357.845970998791
885.664625939747,312.609906657665
188.825559369295,22.0318633296816
6627.6507482892,5543.98489705662
3044.74451488283,2134.78649305289
423.159229785705,119.497592665209
2493.59755487029,2208.03738544442
3185.71756186457,2454.26872405192
4226.3021676069,2961.89094025525
792.48422672344,350.286414223286
2478.11746489762,1740.80018110596
2324.12943698471,1453.86042713517
197.211799814717,67.5913311692249
2875.96794016631,2522.911116591
3178.17290717719,2060.88879366453
537.951482024081,116.950790115172
2627.86742002385,1440.60088370006
260.183699715782,131.82735104237
783.887580430267,380.645917637214
1316.8493937117,872.744765916505
324.087429199418,202.288888260049
972.232237684208,479.486111841015
330.850522690924,7.55955677550542
3265.70234196884,2466.35592980527
3956.61990080584,3276.88594771374
225.015628613131,27.4892973654743
2615.0327762099,1794.64686359245
1982.36786953302,1135.30798119409
284.590966219658,47.9041432030691
4247.16256579658,3110.49484777802
319.21798833767,178.397454814467
7347.21390984743,2241.18624403219
2931.42506594575,2068.81217937575
1503.90158478157,903.670225452664
225.496577769679,67.1870767962032
3130.10990426774,2677.74054145831
287.83726012749,52.9168974285379
346.751311460242,59.2232656476761
2646.41354205304,2491.01544655959
3405.32271003955,2410.04329564335
3121.03223355211,1971.22517372832
2930.04258173488,1915.72104831244
2612.71819898578,1988.72938808016
3137.05333487647,2224.5309638637
3061.96806436447,1715.97896260243
499.537117013599,329.548164887274
3452.84470159732,3012.82699125598
3368.08053629105,2792.62963427107
815.629020507858,191.010191252744
2549.08508807685,1648.71103493162
4226.69294820483,2649.52358622139
3007.98344082269,2419.05816816173
1910.79932333878,1023.12739268057
3460.05848735008,2652.71719576827
2467.32674210014,2401.6348046845
482.103349848979,16.0893240462629
5162.04346998551,3751.6422833904
2963.88815555589,2269.2010720826
2863.07278256178,2037.36118915466
4631.21589681097,2876.59326754767
2960.55146729172,1980.2400462467
397.158885058435,219.307997364261
1775.23684146934,990.221086716606
2191.96355504276,1477.14547902122
2542.41201261214,2284.0776330098
3468.47502232375,2663.55121296525
224.474579628493,25.023345690042
381.588739426004,150.827306574389
2308.70955973898,1539.48150334116
3189.47483602651,2346.93918801467
542.009292959439,171.36342872389
3290.83091930868,2067.39728907017
1069.10977360142,815.461921259333
2134.04147075362,1576.75375653376
244.222811118372,75.7168440669607
6788.04179758642,5832.74379570601
4051.75420301181,2864.1018074213
212.872114005761,22.7999466384228
2687.89378858821,2012.62082152574
355.077414444619,11.7233768176287
872.980062347739,564.500806487474
2458.33939047494,2618.43642493603
4700.40995411776,2944.50800221531
273.228975175201,42.8509635402981
2043.8367845034,1159.56324357539
2242.49136593009,1301.37567763139
2273.51145753876,1232.20775440738
2954.51002333276,2082.8802315569
477.865126530484,229.980312812034
268.239297024316,44.4679810323848
239.714082124035,38.4445908743618
229.945169302971,52.5126430555163
348.945538496365,50.0062659427818
2658.64696178834,1702.75984460462
1958.8022640531,1446.01789229855
3158.48485078131,1880.06581261193
2077.74242051954,1419.57965630293
2676.32120353123,2169.06726388513
4862.57396716016,2912.81445937041
139.259609162106,30.8850340988564
3434.56923577579,2800.51259454499
279.27068256484,29.0658894202588
3001.55091520217,2310.75842162923
1082.93657262375,863.68946796082
354.686671479639,105.91464573168
3020.57783585609,1732.95764626934
3667.03943519183,2347.42429326229
2502.91547436647,1644.5472148895
3598.74706347117,2485.19418358808
7302.09651354057,6445.10831995925
3275.38123676311,2148.69284348483
2988.02472821916,2592.07903981501
765.792602257781,328.254550893604
2787.08582646364,1848.93822588926
3850.57475141211,2756.73184594674
2210.3291894229,1599.9175321079
315.611020195382,30.3595034139282
4042.40617715216,3424.60049561586
6910.40850981201,6518.92516847301
387.991158683054,143.591153297301
1396.80421798432,861.749046970316
5469.11814128882,4219.6071456003
4364.72008752033,3283.35401768209
535.51674277673,52.3913667436098
2334.80018592373,2134.9886202394
206.07897060021,61.7700681977127
289.791050218294,55.1402964801572
4042.1355209445,3175.29682377339
581.47572484163,420.141569881432
3997.73947310656,3220.85629161293
340.22869254701,130.533737048701
2766.85645765244,2500.27287170179
3838.37113697665,2287.59464605508
189.607082932207,4.12339460482114
5864.89458917757,4929.35654831446
2304.38131839369,1716.78747134847
1359.41181348207,902.336186021692
304.429366268152,93.9891417275406
634.97932396095,348.184291483573
2522.09262577414,2433.77302733972
259.071570648936,80.850874604336
264.602260151505,47.3381870808387
773.667824816133,207.625045983935
1511.86697589853,1383.11591185638
2240.6879947578,2134.13968605605
3568.59885214879,2648.22997222772
3988.87254693527,3296.77526286641
251.316547746766,10.348911949355
743.309019481231,452.805323221584
2643.10696015234,2500.5558497629
2788.61884249189,1784.58092970421
222.13004657271,15.0382626764065
1632.46042331532,971.584960120306
360.157261154117,207.867598607748
5897.62743180447,4506.46604869648
4220.13999713039,2711.77875966673
200.428024992026,18.6361265962995
8650.1167658843,8694.21794970267
5276.2947108722,3879.58879245176
3614.91839554929,2477.99845574829
540.776964236411,175.001718081085
994.866051214509,765.010975506228
3549.39159437764,2677.6596905837
47.9428220697505,92.5338259846626
4453.21142062507,2804.07003302758
2569.5547056686,1569.71973044318
3111.14319634077,2843.40398352259
248.58123409305,62.9424058794756
2947.95707225833,2214.54588085007
2465.2527147202,1533.41768774584
2198.51635558537,1291.30974374315
783.226294156492,17.6254906637453
431.27492692233,193.880397301198
3096.59489831771,1919.76359204266
801.080873016613,325.060941346733
951.011165260072,349.922585287566
799.097014195287,373.328913485522
1100.09975884662,629.747462293173
585.35327392567,139.831587628199
3531.02611052931,1869.43392260146
752.086002891632,236.771786278798
2874.70527928208,1752.56398336089
2881.85915337152,2327.53497810963
3316.59082709063,2943.41651540816
2895.11498521051,2558.56635229152
279.631356799296,61.0424103262737
1756.75108269892,1123.70588068836
5963.57542100115,4098.97764069063
6450.84872026058,5514.75730588716
488.20515706671,51.1786036245447
3207.47964564039,2580.75991737041
2895.83633367942,2564.79186963605
5029.39663888701,3085.79490558639
2806.35299589811,2101.5163581532
3255.21208067886,2020.01867655203
5872.49885446463,3586.14054307532
3109.82062379322,2340.63281979553
3073.26969215016,2010.84210228444
3005.00772785661,2241.55007296791
2175.25121161296,1397.91162190897
2280.48499451097,1632.41958369885
357.21154165265,76.6466291249106
3810.1765275803,2729.04042139476
1540.12164749002,956.344570257389
1327.73043559961,764.364168509393
2786.27415890429,2452.0453250003
364.305278281044,145.410297975898
2393.65406216248,1659.98973193893
307.22477974996,112.867820947653
3066.2663498781,1829.33188879771
3109.15918698763,2025.71866321164
3011.19970363296,2809.00193637845
3656.81952904587,2155.80772045002
7079.78630860717,2922.15273538722
2685.24864349311,2371.8816828301
3246.79584676883,2141.33541389584
2926.52585741712,2084.6993762355
3407.99796149813,2661.40866478823
2726.72889002829,1175.93554568277
2148.92033664766,1145.01008614661
3063.01998070436,2743.14889901322
2694.9874499507,2313.42650049117
3695.26384988802,2503.78988474708
212.391183665691,77.4551378709539
1986.87659852736,1572.63036192894
458.116895040604,270.769579049921
223.84336208524,61.6083664485041
968.47496352226,564.136977551755
4403.8556504679,3078.68002862121
2661.29210688344,1964.63582744806
491.691925552815,363.060852410771
5540.65688218321,3935.61844855257
796.572144022276,534.990237256892
269.471701013253,118.40610585805
242.058615179818,3.11275867226694
488.806305879439,218.297361431707
8835.45515221323,2561.67911096378
2754.95360578811,1592.3175498951
2583.29133613231,2308.4137462657
1962.52943185157,1354.73725487025
3646.87027910758,2379.11783610719
303.768079994377,42.4467091672764
3146.31134270933,2692.69795326011
2658.94772435948,1542.51341113882
5265.50398807472,4604.69986134075
214.37502367054,12.0467803160461
216.659456898232,25.7105781241789
2727.36022047041,2564.95357138526
3108.0169515573,2210.13950818413
252.248339696384,4.77020160165583
3856.82663885177,2865.19329422846
1968.33062702998,1665.73014403583
194.867266758934,23.6488808217683
2918.41008501458,2593.93860993091
3356.35772048032,2612.2917584661
402.809849483095,145.693276037014
2504.23804691402,1660.03015737623
2001.18419617442,1656.23016626982
7723.9637381459,4890.18429956866
3230.2036277293,2508.03455566381
2706.619946671,2406.12202822504
4036.93554984472,2518.58559479967
338.815951440844,7.47870590090108
2112.15911205571,1062.34006686367
4622.82976926441,3119.91397466942
3030.82754730188,2657.56824824453
943.616816592358,665.200570807175
3377.06788791625,1934.96355646827
2490.08083055253,2384.25186664457
474.348326946809,278.288710388125
232.620345495641,63.7913400628211
3828.75245490934,2355.54980616003
3364.44338651938,2461.42402645441
3986.37763259392,2797.44026131003
230.666555404837,116.142281369129
2411.32830390537,1536.89427535382
497.28275251643,111.776334140495
2993.34512477284,1862.15734388707
6630.02553824027,2700.94474246975
3047.90056496614,2680.28734400834
495.358993523195,238.267527458978
3142.34362506668,2525.17494107993
2135.99522321147,1810.45320957759
1311.1383670919,521.205163136852
3110.12108530072,2301.46057104973
216.088339183071,19.4042099050406
492.683817330524,109.957189461897
2428.97243928479,1742.25549684884
208.543740945129,45.1147880292195
3096.68521740814,2371.8008319555
4444.85509837835,2916.45274872761
443.508610088314,100.618913445096
2831.51167960142,2540.77915987856
347.202191886267,88.1678787560284
607.385863377332,296.156753675683
353.634642240885,111.533781516682
544.413963476268,404.860754581213
3302.31318527522,2470.03464459977
531.549062767031,179.812345120043
8587.4449511612,4117.77546903614
664.045587845869,50.0871168173862
2683.71562746486,2020.13995286394
181.79194138547,53.1594500523509
3349.92549592343,2624.33853878214
4421.07919994954,3348.23684455207
548.201344001693,31.7339682822019
3225.45434889078,2520.80899385129
3872.75772214934,3415.38349591097
194.837198028412,16.8574073550041
3288.276093304,2469.02400866721
1016.05709254108,625.947471186769
505.759161520466,389.862917342108
1607.84275096369,903.993628951081
339.898049410122,113.19122444607
501.91168116695,228.767549692969
519.225211042433,248.818566594844
442.997629834198,246.958996478944
607.86681253388,259.248329418804
1035.83539276148,465.903164907486
571.526474903338,337.188572537383
2117.74986375342,1989.78044945001
227.87114192303,52.7551956793293
4180.40321010418,2233.26285832097
3835.81600990834,2621.10450379797
3752.70528608424,2884.6379295708
2818.646929424,2517.41325711791
3588.40703293495,2005.10169018753
673.183245490727,52.7551956793293
2896.46766412154,2231.84796801539
377.500822127169,189.433599197959
312.034083150662,49.1169063221341
467.70547074444,15.2403898629173
2812.45495364765,2518.22176586395
2946.4243572937,1731.42147965186
1452.17132573696,764.081190448278
515.558105439099,95.9295627180447
2739.41360415212,2447.96235583278
194.205980485159,51.4211562483577
2656.7833778891,2230.0692487741
7378.26440888322,4521.42346049828
2378.65507187817,1569.31547607016
2361.58205421391,1361.0840485267
1831.98673449649,1242.51624091944
4647.89813387729,2754.1446179594
3200.86678290263,2565.11527313447
2856.94101951239,1969.97198517195
2805.33118592169,2138.34393153548
3183.10252313294,2001.38254995573
3506.46834984101,2703.93622483011
3738.39753790536,2910.30808225768
2444.54254728427,1752.88738685931
3541.60638984609,1871.53604534117
3094.76142078195,2179.61830302099
2416.97926833004,1260.62683683081
610.000977374866,379.594856267358
563.891651657351,293.205696752625
3705.90464299538,2807.78917325938
2854.95701015925,2045.68882923891
403.621404143576,91.5636154894106
4543.11534430416,4468.78954113086
537.049721172032,283.786569861219
357.031204535422,122.044395215245
330.279404975763,152.969854751404
7322.53632583248,7277.10424507517
5523.49324436489,3200.48187121264
189.186271236706,40.6275644886789
673.273414049341,607.634748088887
182.092534608312,1.77871924129539
2589.1226376742,1578.93673014808
342.693462891929,154.788999430001
7796.46407628975,3167.05003456375
2332.03476590654,1512.92199103364
3130.38025941176,2564.30676438842
6385.95324953105,3538.68107968258
5585.32328516517,5212.33460942964
3590.54127304184,2411.13478245051
3081.65612076035,2572.95780797109
3698.11943846382,2549.0259490882
7738.69177115892,5749.18441680243
3198.55220567851,2652.23209052064
2049.1270746936,1551.00275297228
1020.11490347644,716.94513055395
366.198968543757,35.9382137616274
5476.03176659771,4263.95385032078
2792.16567317314,2299.88397899494
2786.24405254082,2575.62588683303
672.3717284632,311.316292663996
945.480400491594,488.137155423679
5776.5233804631,3759.48481822702
203.373725677016,53.0381737404444
505.097875246691,230.182439998545
3162.66301190467,1822.29786270713
3405.20228458564,2228.81606021773
268.509840333112,38.8892706846856
251.226379188152,61.3253883873889
151.403123769476,19.4446353423428
5524.63547979521,3851.37183721485
466.473104388458,15.4425170494282
3172.01103776433,2061.98028047168
3873.80963848923,2701.10644421896
2430.80606735237,1671.71310875655
4247.1324594331,2929.67186672542
2866.31915173552,2781.91689338599
3044.14329080419,2290.38400122893
610.842600765869,143.510302422696
134.901167370951,10.6723154477724
500.498977693739,227.554786573904
5808.41505129445,5269.374901463
4239.19702414779,3005.22700904317
413.089742558275,174.435761958855
2760.99535081071,1926.59549094672
6665.52455354345,2768.57649907628
307.795897465121,110.118891211106
1655.72541675592,969.927517190917
2898.48147877452,2429.528356423
400.795921931246,197.27613403458
5064.2646248117,3465.55146360296
4037.32633044266,2739.38933334411
4224.13782113652,3232.01371230833
462.986335902352,227.635637448508
460.220991151067,219.712251737283
2659.72928555534,2475.24952601175
2189.88952766282,1502.16882471126
257.989472679658,3.9212674183103
3191.21829553548,2755.23610476656
539.845097020885,344.828980187493
283.388630961244,72.9679143304133
2875.12616624349,1796.66813545756
554.303151219423,360.756602484547
3749.42881054702,2618.15344687491
2373.7555622859,2092.0972312618
650.789906538699,514.090286171671
4473.44048837263,2656.80016493578
3221.0958506502,2391.32631817245
3886.61447700333,3130.7075664291
742.677839570932,477.101011040187
593.10822156193,20.3744204002927
6633.84302512917,4194.46252359835
2422.96080062567,1706.64068658563
229.13361464249,18.6361265962995
2462.87822583275,1811.62554725936
1059.19055476069,609.7368708286
388.922950632672,2.46595167543225
2541.29988354529,2380.16889747705
8654.14439519028,3911.76744054429
3139.42782376392,2176.0204391011
3490.29701776289,2197.40549543395
703.421851169446,488.703111545909
4432.59157227957,3474.04080543641
1921.10924751153,1769.82564508892
2402.40101447531,1655.38123208648
2218.62529894267,1287.63102894866
3089.56144968218,2225.37989804705
1257.90534891434,1006.26998532557
2538.92539465785,1914.42743431877
435.242606932029,250.59728583614
2858.08325494271,2528.73237956252
233.912849312669,7.43828046359891
4060.26045494864,2209.37142487539
2894.78411627589,2034.73353573002
2991.69198435431,2272.51595794138
3408.56907921329,2284.1180584471
7920.6642660511,4705.68260372157
3823.13159684815,3110.1714442796
474.047752540445,169.180455109573
9332.64789611111,8219.13821052759
3364.59391833676,2488.79204750797
555.745923423157,273.599359661073
349.336319094298,25.8722798733875
668.163536242273,316.167345140256
2829.82843281941,2425.40496181817
3268.52782418117,1986.66769077775
3640.64819696776,2572.71525534727
908.448745489708,329.10348507695
2896.46766412154,1750.66398780769
2218.71546750128,1290.3395332479
714.062418479083,553.42423666668
3025.56736347516,2675.6788441559
387.299803678756,169.30173142148
1276.78188828269,701.906867877543
333.525698883595,26.8020649313374
636.632539645389,362.818299786958
3230.56430196376,2913.09743743153
150.411194358813,14.9574118018022
3608.75652613642,2888.3570698026
2322.56646512479,1803.66173611083
2326.2636770916,1613.98558428906
758.758927824524,277.601477953988
232.40993964789,68.318989040664
3569.44032500798,2247.49261225133
1901.72165262315,1302.50758987585
2871.24876769127,2536.13023458881
118.820041484405,80.36576935671
3168.64454420031,2153.94815033412
3054.48332134042,2714.40641309137
244.102573829236,153.657087185541
2924.60206079093,2570.12802735994
1165.47632926451,459.273393189931
3209.3733359031,2051.63136852233
2684.46708229724,1779.85115353985
271.695996779899,38.4850163116639
3648.0125145379,2394.68162946853
1881.94342766866,357.158738564654
2827.96484892018,2551.24934813982
531.428825477894,121.842268028734
2506.19194990369,1534.75172717681
1010.79690871435,282.897210240572
1322.07947117495,1042.97628239593
2284.00186936056,1339.13303607162
9109.55612998183,4952.76287651242
520.728120707212,208.595256479187
677.271162789562,272.386596542008
221.288404365229,4.48722354054065
600.743044807917,364.637444465555
656.681345541633,597.649665075252
1914.64676605935,943.529706632601
6723.59671805451,2529.86429180698
3261.97517417037,2598.54710978336
404.432996437011,21.0212273971274
3456.18108879786,2111.38016485493
2728.89323649866,1977.28898932364
8560.3624708317,3838.11229377974
3237.29728909179,2520.9706956005
5910.97358273388,2198.29485505459
2022.07470072758,1036.38693611568
281.164335194598,138.780526258343
700.866874632958,244.371768491606
2604.72285203715,1604.16220302463
9312.41882836354,7765.28182593615
2768.23924292694,2441.04960605411
3865.18296109849,2605.70241218584
2616.62570390148,2449.13469351455
3319.86730262784,2106.65038869058
2410.09589991644,1602.62603640715
3043.87293566017,2358.58171395769
3101.13373367552,2707.77664137382
254.953584619577,14.3914556795718
442.005700423535,294.297183559783
1620.79782023155,882.487296306328
835.647795306534,477.262712789396
180.709862232669,103.529544930852
2871.27887405475,2524.32600689658
1065.65311147879,763.596085200652
561.907868101933,366.456589144153
1829.40165159653,1247.04388989728
561.126306906066,44.0637266593631
3587.71579082951,2215.51609134532
3137.80478970886,1871.89987427689
2926.8564252881,2452.0453250003
484.868694600263,47.0956344570257
462.836029882692,168.857051611156
3138.16546394332,2231.48413907967
494.216795725826,290.092938080358
431.635638789741,291.669530135142
3257.85722577397,2384.61569558029
417.598471552613,88.2083041933306
1157.54096924511,982.6615299411
423.099129957613,139.710311316293
235.295521688312,51.0977527499404
3265.52200485161,2075.2802493441
3551.91631401884,2403.61565111231
647.032632376751,288.880174961293
2760.00334613414,2365.04978392604
2280.33476375722,1378.10315763091
540.235877618818,201.359103202099
3712.66773648688,2629.75554738063
3676.23723029773,2163.65025528664
254.322367076325,98.880619641103
2584.70392670666,1215.7546014254
4601.63880320375,2769.62756044614
4316.59687188392,3225.06053709236
2961.15269137036,2113.15888409623
3235.82448579049,2045.4058511778
349.787199520323,121.397588218411
335.870231939377,139.10392975676
1782.75138979324,997.214687369881
6605.19742240794,4158.80728789784
180.108694603462,18.9191046574146
297.666272776646,73.2508923915284
2987.69416034818,2606.99602617951
4141.11711533921,3116.80121599715
353.033455795201,110.927399957149
3484.1652547135,2456.49212310354
436.865753885945,149.331565394209
284.801372067409,21.7893107058686
7037.73494435683,2847.40610181551
4195.25196963474,3550.242754751
4306.37696573797,2904.36554297426
2550.88845924913,1719.41512477311
2820.81097483074,2028.30589119898
362.531862940423,104.98486067373
2796.34353323286,1888.71685619459
301.543784227731,0.121276311906504
8079.34166113921,6611.66112164418
2485.66211958499,2181.6395748861
595.813504118078,41.7190512958374
2350.82113671628,1532.08364831487
1550.70207733861,1051.82945316511
3064.79324551316,2395.93481802489
3700.34369659751,2657.56824824453
575.82476041697,352.065133464581
3622.13248236568,2473.91548658078
1409.12810734187,812.308737149764
286.394450290803,48.5105247626016
3161.61079450115,2748.4850567371
2803.31707020507,2482.80908278725
3688.08017049873,3315.20926227619
3068.03961468691,2350.57747737186
2707.58184498409,1815.54681467767
234.784541434196,82.1849140353076
1392.32559535346,782.353488108858
634.137700569946,436.796850049925
2531.95185768564,1957.56137592018
2248.89378518714,1335.49474671442
240.195031280582,0.20212718651084
2541.26977718182,1653.27910934677
3386.29578938563,2311.56693037527
3905.49086583987,2502.94095056373
5055.15684773259,4121.41375839333
2812.21440380347,2667.51290582086
1259.16770873493,509.683913505734
2969.86968785153,2468.41762710768
2789.27997823385,2450.22618032171
329.738355991124,166.674077996839
1130.09788994706,676.196289753364
2166.74480914431,1616.53238683909
881.456508984729,633.911282335297
2400.98827336915,1409.06904260437
3442.59468908789,2569.72377298691
257.718929370862,53.8062570491856
2512.05335780905,2091.85467863799
241.758040773453,30.6829069123455
2342.22456568901,1584.07076068545
5730.65452932386,3992.33533708751
5934.62935677242,2745.89782874976
266.946793207288,71.9572783978591
920.802665944829,378.260816836386
309.659481364356,229.576058439012
2584.88426382389,1830.01912123184
3374.75361175576,2479.73674955229
306.924205343595,113.676329693696
4411.0697372843,2842.55504933925
1040.91516420507,743.140813925755
557.519338763778,364.192764655232
726.085695797316,254.033448006824
3272.16497395284,2566.36846169083
238.962627291645,1.25318855636721
2425.21516512284,1642.12168865137
821.09964781529,402.637355529593
2842.78350208726,1893.68918498276
214.044380533653,48.4700993252995
2980.39005550499,1897.40832521456
3008.70478929161,2402.72629149166
317.143998590684,30.1169507901152
3709.72182882065,2263.01598017537
1186.18642143453,490.886085160226
2906.08604512521,1935.73163977701
2156.13427293224,1501.0773379041
2953.09713169478,2447.71980320897
8075.76442303085,2467.24528942592
4153.80182946304,3168.74790293044
4169.31172473556,2973.53346619827
3011.68050225769,1916.56998249579
1226.67481382495,723.777029458016
3481.58032234535,2447.35597427325
2223.22419649562,1974.74218677361
2903.17054488609,2637.88106027837
2888.95311579764,2646.61295473564
739.611882780328,66.6615461112751
2644.39942633642,1689.4194502949
507.111765165586,62.1338971334322
3272.8261096948,2264.67342310475
2146.75614070911,1375.27337701976
337.0124673697,117.880575173122
3199.54421035508,2452.16660131221
583.189077987115,265.029166953014
246.507244346064,111.412505204775
264.091279897389,107.369961474558
4962.03666124324,3062.02474845272
3600.55073570709,2214.02035016514
2859.34561476331,2485.5580125238
3312.74353490188,2734.37657911864
368.062552442992,269.880219429274
3706.05487374913,3371.68359818732
4057.70562894397,2836.1678302455
3168.64454420031,2125.52906791069
2552.66202512157,2422.73688295623
3794.90688108833,2549.71318152234
1310.98798580634,578.528433231327
3325.3078235718,2552.6238130081
6204.34142887332,3339.6262264067
4462.28879027706,3617.3894061099
120.653594286072,59.3849673968848
262.888944638975,105.469965921356
3154.45692041171,2790.20410803294
215.87793333532,33.1488585877778
2992.53345721349,1428.59452882132
253.691149533072,67.9551601049444
2938.60904639867,2242.19687996475
2960.94224788965,1990.99321256908
391.027009110181,225.937769081817
319.999511900582,209.727168723648
2937.16634946085,1967.42518262191
3625.22831972203,2514.09837125913
596.294453274625,160.488986089607
905.052145562217,467.884011335293
959.24706205288,574.526314938412
2955.4117089189,2301.0158912394
6609.88678958314,5494.86799073449
293.488186919196,63.3870856897994
2595.58496859457,2090.2780865832
3962.33107795745,2846.27418957105
3225.15388738328,2653.88953345003
7044.25778906779,2906.9931963989
2478.08765959777,1779.72987722795
341.581296192129,199.903787459221
2830.489869625,2003.32297094624
3247.03609554937,2161.022601862
6010.40586938986,3996.01405188201
4394.98872429662,3254.73280807215
3350.25606379441,2646.85550735945
7320.22174860836,4544.62766150973
692.21009087874,201.318677764797
404.493096265102,191.171893001953
1264.54816748375,857.342674304379
1459.89631754156,1091.36553084663
2746.56717717792,2594.18116255473
831.860490047017,242.067518565382
3660.12580988293,2290.82868103926
2887.69045491341,2453.33893899397
231.357910409136,35.5743848259079
3360.32543812297,1783.04476308672
7699.04530322313,5610.36346510678
2687.29256450958,2363.43276643395
353.965285377773,43.8615994728523
429.441411753618,37.5552312537141
2220.87966343983,1516.39857864162
553.701927140785,349.316203728034
4107.60210938919,3157.30750417393
2237.86251254548,1538.10703847289
447.927170524038,13.7446486827371
3056.40711796661,2652.83847208017
300.912566684478,50.1679676919905
3247.12641463981,2263.09683104997
2157.45684547979,1391.0797230049
3451.88280328423,2141.61839195696
309.749687555925,22.6786703265163
358.954925895703,122.933754835893
4972.67685222333,3115.66930375269
1898.11475974677,928.491443956195
4079.6781562005,2825.37423848583
434.701595580345,272.507872853915
635.790916254385,183.612336226447
1672.49797291267,1251.65238974973
2969.14833938262,2321.3903116397
5373.89351999241,2518.38346761316
4398.38532422411,3245.39453205535
422.678318262112,71.7955766486504
7807.25479908723,5919.41593328186
411.947544760907,215.993111505484
183.354969694817,22.9616483876314
3192.4505489926,1908.60617134726
1440.2984297043,1072.89110599954
237.610023646526,65.9743136771382
837.691791588906,315.843941641839
650.549431960426,196.71017791235
269.08092041532,51.7445597467751
1521.69595091474,963.621148971779
2640.07103445931,1760.04268926179
2619.54150520424,1469.22209330999
2677.64377607878,2366.86892860464
2120.24477809477,1331.290501235
1048.88063058794,329.911993822993
3119.01841889912,2928.78250710477
661.220105633539,179.448516184324
2904.67345455087,2417.88583047997
683.372970007293,245.746233359879
237.249311779115,30.2382271020217
328.025040478594,170.635770852451
825.037259094466,250.031329713909
681.058543314987,363.42468134649
2949.94108161147,1942.76566586759
1051.64597533923,733.317432661328
5612.01498489674,3749.8231387118
4132.52054431195,2899.19108699958
3926.02069615857,2477.23037243955
4031.16415996615,2771.60840687394
2692.31219849212,1823.47020038889
2927.33722391283,2458.06871515833
2824.14736203127,1768.41075478334
2372.85387669976,1688.48966523695
551.207163331251,268.303627374489
692.540734015627,35.857362887023
3666.49842384014,2407.86032202903
824.616447398964,452.158516224749
2852.25195340083,1924.89762258003
7876.779424265,5722.503628183
2683.23482884013,2421.76667246098
3273.51735180024,2650.89805108967
2859.88662611499,2543.89191855083
2417.06943688865,1540.37086296181
280.62328620996,117.031640989776
3862.02691101518,2815.10617741107
2918.74065288556,2562.36634339792
2447.8789344848,1827.91699849213
252.849526142068,82.6700192829336
2280.51510087445,1610.42814580647
326.281693868495,132.029478228881
173.195313908774,30.4807797258347
879.622956183062,626.473001871698
3179.97627834948,2185.64169317902
238.45164703753,12.0063548787439
1986.5159242929,1074.95280330195
362.862506077311,213.729287016562
2968.5170089405,2535.07917321896
3670.34571602889,2748.4446312998
1947.1697673328,1232.04605265817
173.225363822819,38.727568935477
539.785034825748,398.230982863657
1230.04130738897,1139.39095036161
4217.8257209699,3866.53137620316
2441.35639083748,2553.87700156446
231.538247526364,185.310204593138
205.056991275501,11.3595478819092
400.886128122814,221.490970978579
3058.39112731975,2653.56612995161
958.766188162241,634.477238457527
672.582096677997,96.4550934029729
3907.62510594676,2884.96133306922
2240.08677067917,1718.93001952549
4226.48250472412,2240.94369140838
2535.82925623786,1995.1166071739
2817.38426853977,2562.52804514713
3175.22730057459,2046.05265817463
584.722018749462,390.83312783736
494.006389878075,194.48677886073
2420.31565553057,2277.69041391605
1286.94143116987,1146.99093257441
859.934824521274,609.17091470637
229.614526166083,24.6190913170203
2740.1650589845,1707.04494095865
3488.01284796588,2581.24502261803
1646.40734672793,1412.18180127664
2969.6893507343,2587.06628558954
278.278753154177,21.0212273971274
6374.59110795477,3189.56700314106
732.097334456433,420.909653190173
4446.71868227759,3811.10810166189
3733.31769119586,3097.59913327862
1681.36504961578,1433.08175236186
1815.33445326183,1199.82697912835
2870.2567630147,2765.14033690559
4674.65004633581,2622.64067041545
173.315532381433,29.348867481374
629.568834114563,289.607832832732
2980.57039262221,2691.88944451407
3092.65728703853,2469.83251741326
2438.77145846933,1815.42553836576
574.532294232896,140.720947248847
4310.67555231523,3076.98216025452
381.829214004278,251.567496331392
4601.93926471125,3002.35680299472
4404.216625766,2671.9192784868
6199.77248715203,4119.23078477901
243.260950438232,49.8445641935732
2682.81394187872,1845.9467435289
129.039815915017,29.0254639829566
2867.67183064655,2808.92108550384
242.900238570821,11.8446531295352
3596.40268094721,2217.69906495964
207.010762549827,157.537929166549
276.926111876103,94.7572250362818
514.355770180685,153.010280188706
2951.14322870511,1612.48984310888
2561.91973189079,1643.09189914662
2738.45170583902,2341.68388116538
3267.4458014778,2381.1391079723
2857.6623679813,2045.04202224208
787.494548572556,427.660701219635
1215.40299133911,569.392284401036
663.74497580655,472.330809438531
2880.9273614219,1866.64456742761
5413.54059005546,3698.28070615154
3118.35698209353,1799.09366169569
3347.00969462066,1855.16374323379
2944.98135929224,2578.45566744418
6402.00415615525,2534.95789690705
3779.03601051771,2719.94469800177
4589.91598739302,2941.23354179384
3229.33204850664,2011.28678209477
6219.76130611904,3937.47801866847
7787.02573133967,5955.19244529428
3780.4489021557,2497.76649458906
342.302682293996,183.369783602634
2906.71737556733,2666.5022698883
3173.96463969036,2203.71186365308
4188.06798918182,3073.06089283621
2501.59290181892,1757.41503583715
2332.27531575072,1260.30343333239
3440.91144230588,2111.70356835335
2710.31700810599,2472.21761821409
290.031487163614,78.3040720542995
262.077389978494,30.7637577869499
4201.11337754011,3037.85033694602
3200.59642775861,2213.53524491751
3969.96575067162,3030.33120560782
2852.55241490833,1950.64862614151
2449.50226960349,1815.42553836576
626.923689019461,359.099159555158
575.82476041697,362.656598037749
302.655950927531,118.042276922331
2379.28625178847,1789.22985499396
728.911178009646,578.892262167046
2809.11826538348,2186.57147823697
1900.91013559563,1149.01220443952
3464.11652408316,2791.53814746391
8086.94592642627,3200.19889315153
2700.75853876563,2019.21016780599
305.210889831065,38.5254417489661
2791.17366849656,1864.82542274901
608.948910503157,409.307552684451
765.37171529637,160.893240462629
2514.3378286697,2411.53903682353
6071.69459777482,2712.42556666357
484.117239767874,34.402047144145
932.435162665129,596.073073020467
2744.49314979798,2421.20071633875
558.932079869943,12.7744381874851
3026.73970526896,2161.54813254692
3415.03141013366,2569.4407949258
458.778181314379,167.846415678602
4335.20290557643,3505.61307196941
347.08195459713,40.667989925981
2274.533418047,1417.47753356322
3043.99306005044,1952.58904713202
2773.64965750742,2002.39318588829
505.037737785645,303.999288512304
3677.49959011833,3230.72009831466
184.917998004165,31.046735848065
4787.33816483077,3273.04553117003
3416.41419540817,2533.50258116417
4625.92560662076,3446.18767913522
1182.18874796022,1026.32100222744
3651.85980672665,2177.75873290509
2219.88765876326,1716.01938803973
2481.63449027902,2264.51172135555
571.225862864019,258.884500483084
2523.14484317767,1380.28613124522
2513.82662261786,1945.06991579381
2533.9957787021,1419.25625280451
262.077389978494,113.514627944488
606.153534654304,441.971306024603
3062.23841950849,2617.06196006775
399.473387016649,26.0744070598984
1070.01153445347,561.792302188229
1667.17757635899,1570.85164268764
463.467285058899,217.327150936455
454.209352491951,200.63144533066
2511.81280796487,2373.17529682377
3211.53738130984,2669.45332681136
3030.85765366536,2586.1769259689
3125.57106890992,2721.31916287004
1793.57236948601,1140.07818279574
2880.26622567994,2568.83441336627
2766.70622689869,1894.5381191661
1114.4075070255,655.175062356237
487.183196558478,147.67412246482
2804.3692876086,1666.70035453109
6214.53122865579,2062.54623659391
447.265884250262,184.299568660584
2414.18389248118,1623.88981642809
3108.40773215524,2656.88101581039
2882.55069654059,2133.65458080843
2301.8263418572,1792.94899522576
4214.6696708866,3049.41201201444
3939.66700753185,2483.7388678452
554.693856551448,86.9955410742656
2484.09929825689,1374.99039895864
2656.21226017394,2381.30080972151
4518.61809740644,3155.32665774612
354.235791053615,58.697734962748
5684.75557182115,4403.70458707437
1774.30504951972,1375.87975857929
294.059304634358,105.995496606285
1086.75390898083,519.830698268579
2066.86137863163,1148.00156850697
2468.07819693253,2022.60590453937
3558.52917675659,2329.79880259855
8114.80996795164,6713.89705258137
4658.44860789422,3470.32166520461
244.733791372488,97.8295582712466
2314.9316418788,1585.72820361484
3252.86739709126,2191.38210527592
7330.92275444267,5053.98817151704
937.93582107013,793.066228993932
3052.40929396048,2546.68127372468
5349.24604234094,4614.52324260518
5930.06041505113,4891.03323375201
3237.7181760532,2043.7079828111
182.994276643884,8.73189445726829
2587.04861029426,1555.28784932631
3329.93667695641,2346.13067926862
285.402520880139,122.650776774778
3504.06375459009,2250.72664723551
2643.82830862125,2352.39662205046
2643.82830862125,1761.53843044197
4154.79353307598,2847.76993075123
236.016945423133,88.0061770068198
2743.38102073113,2082.19299912277
421.866725968676,198.125068217925
3882.82709647791,2785.35305555668
2606.58643593639,2464.81976318779
3879.82127714835,2726.97872409235
3212.70972310364,2974.0994223205
544.654438054542,540.730649353799
2819.96950197155,2517.65580974172
250.324618336103,25.9127053106897
3211.65780676375,2292.97122921627
332.864412609819,41.8807530450461
2835.17893573657,2520.80899385129
3515.78657040082,2473.02612696013
2907.16836889222,2670.70651536773
4342.35677966587,3227.12223439477
1333.41150638775,834.502302228654
2167.31592685947,1246.23538115124
479.668648234582,193.55699380278
2776.86592031769,1844.85525672174
889.001088406193,224.644155088148
4257.5926143596,3198.62230109674
3532.28847034991,2383.72633595964
2720.44659516151,1781.22561840813
3473.73520615048,2389.30504630734
2889.16325821471,2806.77853732683
6330.52562798781,5058.7179476814
960.900277737319,361.080005982965
2868.39317911546,2769.58713500883
3461.68182246877,2414.12626481087
3972.61089576672,3263.50512796672
495.870011410265,172.414490093747
628.366536489103,401.545868722435
444.049659072953,233.416474982718
2837.52331826054,1885.60409752232
2210.84009441111,1489.35396108647
4242.68364210208,3006.76317566065
2647.55577748336,1752.64483423549
461.663763354801,89.8253216854173
6301.94023799353,4355.760018434
2437.59911667553,1575.82397147581
3730.25165913935,2644.38955568402
6869.10860039406,5517.74878824752
4320.53448316309,2670.58523905582
2018.88854428079,1286.33741495499
766.784456402535,300.441850029713
2929.7120138639,1945.95927541446
866.517580895552,689.860087561497
282.967819265742,74.9891861955217
2319.92132002969,1704.01303316099
503.685134140526,226.220747142932
2925.44353365012,2677.13415989877
2810.83161852897,2102.04188883813
4868.22493158482,2982.54833871665
354.205722323092,99.0827468276138
3574.43015369068,2656.63846318658
3442.11389046316,2180.54808807894
506.751053298175,4.32552179133198
306.022444491545,75.6359931923564
5377.8615386987,4169.84343228133
3714.35098326889,2290.22229947972
936.43291140535,571.656108889958
1818.94149667003,1261.59704732606
395.806281413315,264.58448714269
4825.69246764611,4444.61512962417
2697.09158369412,2588.72372851893
892.818500029187,634.881492830549
722.538789850165,521.286014011457
3678.82216266588,2750.99143384984
236.557956774817,34.8063015171667
3291.79281762177,2085.46745954424
2864.48567419976,2107.13549393821
4817.21602100912,3243.61581281406
2977.35412981195,2592.20031612692
530.436933700185,373.49061523473
452.556136807512,169.180455109573
2860.87863079157,1569.67930500588
3462.10270943018,2382.9178272136
4752.29044391612,3366.14531327693
3138.61645726821,2158.31409756275
2891.47783543883,1988.04215564602
3213.25073445532,2756.08503894991
277.467160860742,69.4509012851247
364.335347011567,178.316603939863
2989.01673289573,2840.45292659953
834.475528778642,132.797561537622
607.506138299423,423.173477679095
3376.10598960315,2876.51241667307
2603.24974767222,2430.61984323015
2768.2994556539,2353.69023604413
4199.4301307581,3068.08856404804
1410.33040496733,858.353310236934
1042.6886548116,748.84080058536
611.052968980666,250.071755151211
611.233306097894,394.390566319951
1073.28785945887,256.741952306069
2681.13069509671,2423.62624257688
555.655754864543,138.335846448019
440.863502626167,134.374153592406
359.045094454317,240.814330009015
4582.7320069401,3117.6501501805
2703.70444643187,1367.67339480695
544.864881535247,369.367220629909
2918.77075924904,2665.85546289147
3054.21296619639,2147.84390930149
504.947569227031,153.333683687123
2788.31807992076,2536.57491439914
258.109709968795,1.94042099050406
896.876310964545,142.297539303631
1215.16259202674,719.572783978591
672.221422443541,37.9999110640379
3384.22176200569,2313.79032942689
4350.17178949727,3461.26636724893
2641.30358898006,1479.36887807284
3173.66417818286,2303.92652272516
465.871917942773,118.729509356467
2246.00824077967,1977.32941476094
3169.87679765743,2444.00066297717
563.380671403235,298.097174666187
3760.76084575982,2672.64693635823
2843.32451343895,2462.27296063775
276.475269083033,130.735864235211
2759.3121040287,2477.71547768718
510.448227632032,356.228953506704
3102.78687409405,2259.45854169277
3554.29110396991,2236.73944592896
304.940346522268,130.89756598442
2988.05483458263,1482.68376393162
3032.6312195378,2335.74134188197
3707.61799614086,2636.38531909819
783.466768734766,234.790939850992
168.175585843843,19.4446353423428
2140.23344652997,1425.88602452207
2155.3226053729,1345.52025516536
2745.21479933053,2349.32428881549
3523.78191734944,2876.35071492386
1385.80290117431,1084.25065388145
2798.38775531296,2536.81746702295
3495.91817688771,2991.32065861122
6297.61214718006,2628.25980620045
8840.29444907855,7499.76755373551
4007.4484742643,2785.797735367
4311.57723790137,2999.24404432245
2815.43066661374,2532.93662504194
5468.12643767588,5485.8126927788
3096.62500468119,2723.25958386055
213.383113076354,0
277.346923571605,162.833661453133
3913.66685096936,3088.18000638722
420.303716475806,207.503769672028
1541.14360799825,955.697763260554
423.970784446185,272.386596542008
3523.48145584194,2512.52177920435
2596.48665418071,1721.59809838743
3856.22571583677,2989.90576830565
2675.99063566025,1325.99476894841
272.717994921085,18.8382537828103
410.655040943878,202.612291758466
3414.91128574339,2034.2484304824
230.065406592107,131.46352210665
2941.04374801307,2572.18972466235
2879.09388388614,2447.51767602246
1901.3609783887,1307.52034410132
2713.83403348739,2517.73666061633
3330.50779467157,1932.53803023014
2662.5246614042,1769.5426670278
2727.30000774345,1808.634064899
2663.24600987311,1733.76615501538
268.930652028614,40.1020338037507
998.382850798183,686.74732888923
2609.05094285063,1651.50039010547
273.890261448976,58.8594367119566
4541.76266539313,3373.1793393675
613.487670595063,24.9424948154377
542.760747791829,216.680343939621
3036.80907959752,1997.54213341203
416.456273755244,216.033536942786
3311.00007539292,2048.15478091434
4747.96205203901,2913.86552074027
1433.11444925138,394.228864570743
2530.29871726711,1664.11312654375
4995.13078023186,3821.13361011283
2665.41005527985,2533.26002854036
1379.94149326895,1067.19111933993
2556.7498671545,2396.54119958443
2995.89995077751,2750.46590316491
804.687841158902,255.124934813982
275.212796363573,3.39573673338211
5131.05378580394,3468.46209508871
5528.87385364552,2694.63837425061
262.257727095722,141.650732306797
4172.8585554168,2845.95078607263
366.048662524097,209.080361726813
3011.44025347714,1975.59112095695
175.239253741714,27.1254684297547
602.877134382995,164.450678945219
290.843079457049,10.2680610747507
3410.8532490103,2381.1391079723
367.731909306104,0.687232434136856
2419.56420069818,1429.84771737768
5860.74653441769,5471.17868447542
505.699024059421,68.7232434136856
3749.42881054702,2476.1793110697
7106.62854015612,3314.07735003173
1534.62106435093,730.608928362083
487.243296386569,131.786925605068
2011.88505147692,1531.80067025375
766.964868785672,466.186142968602
2993.79581703409,2577.76843501005
602.696797265767,149.048587333093
2581.9985688846,1959.54222234799
1712.6556469003,1022.96569093136
3534.45251575665,2308.454171703
3888.80862877355,2428.31559330393
3099.05970629558,2616.37472763362
1238.24724835012,328.941783327741
397.790102601687,212.920778270519
215.75771486266,10.8744426342832
4033.32850643653,2932.86547627229
194.115811926545,30.3999288512303
2919.79256922545,2257.39684439036
5408.97164833417,4748.57399269917
1099.91942172939,833.168262797683
289.610675468112,4.32552179133198
1065.71317367393,807.902364483828
3492.16090272576,2163.81195703585
4138.68241372482,3057.61837578678
399.894198712151,238.348378333583
318.045721809779,96.0912644672534
2833.64591970831,2542.07277387223
548.141206540647,311.801397911622
6064.5106173219,3203.75633163412
268.389603043976,94.1912689140515
3126.26231101536,2609.78538135336
2241.43944959019,1538.43044197131
2846.39054549546,1934.31674947144
358.684420219861,129.240123055031
1400.44121722417,1018.1146384551
7096.22799582931,3302.59652583792
2492.3351950497,1153.62070429197
2743.8621204195,2425.56666356738
398.511526336508,232.244137300955
697.229800127193,338.482186531053
338.665645421185,126.855022254203
3488.10286599268,2064.64835933363
5424.06095770892,4814.87170987472
1609.76654758988,924.48932566328
197.903136002538,55.1402964801572
3470.24828713255,2696.45751892921
1363.61993043708,696.489859279053
1868.95825203733,1392.57546418508
6654.64351165553,2312.37543912131
3651.46932719235,2204.92462677215
190.71923081553,29.833972729
3243.66960198536,2197.16294281013
3743.56740264165,2672.80863810744
527.821857335606,324.899239597524
3764.0370202334,2686.51286135288
811.721515592159,442.820240207948
1760.14768262641,1158.95686201585
189.787420049436,61.0019848889715
2774.67176854747,1712.58322586905
329.04703861978,53.9679587983943
325.62040759472,145.046469040179
2820.99131194796,2423.9496460753
3715.55313036253,2535.32172584277
5641.32172335994,3825.17615384304
420.363816303897,140.357118313127
205.838496021936,104.257202802291
3097.13590966939,2735.3467896139
2920.48411239453,2651.34273089999
1453.70434176522,288.961025835897
2734.57400622316,1858.59990540448
489.407492325124,313.580117152917
268.359534313453,40.5062881767724
248.070253838934,29.6318455424892
237.459717626866,50.9360510007317
288.288140553515,52.1488141197967
1932.80180642697,1170.63981339618
226.488469547388,56.7977394095461
788.937396042198,373.733167858543
5314.91936883157,5124.73268679584
356.24968097251,141.084776184566
1819.36223309962,1402.47969632412
7956.16328135427,2593.53435555789
361.389665143054,121.438013655713
322.824994112913,76.6466291249106
4561.00002952776,4537.99788979217
2749.00187879232,2565.96420731781
2351.18181095073,1528.28365720846
2774.04043810535,2479.37292061657
1121.71161186869,531.109395275883
560.91593869127,203.905905752135
4921.42769286709,3571.74908739575
353.003424697632,239.803694076461
2956.28328814157,2536.33236177532
7825.65038929904,2863.13159692605
963.334979351715,403.728842336752
5607.86693013686,5080.14342945155
3319.23597218573,2047.79095197862
386.42811155723,29.0254639829566
1296.77055671789,949.876500289042
2907.61906115347,2218.58842458028
3484.97692227284,2705.43196601029
535.937554472232,223.633519155593
2123.49099673669,1338.7287816986
881.937382875368,572.464617636001
4239.79824822643,3213.25630940013
479.969222640947,378.543794897501
2976.27210710858,2112.26952447558
4989.7802773147,2909.62084982354
455.982767832572,324.292858037992
1891.62217193111,1053.32519434529
3470.69928045744,2291.43506259879
1533.95977807715,637.14531731947
2669.88897897434,1753.69589560535
4238.86645627681,2665.04695414543
2680.89014525253,1814.94043311814
2927.87823526451,2486.36652126984
3060.85563423399,2739.75316227983
370.316916940161,116.263557681035
336.291043634879,114.525263877042
1992.858130823,1190.65040486075
3246.85575843215,2049.61009665722
4299.76440406385,3004.53977660903
3298.37557399605,2657.20441930881
3230.38396484653,1594.2579708856
2917.89887896274,1943.16992024061
292.135583274077,90.957233929878
2214.29690706556,1578.65375208696
3200.95710199306,2615.44494257567
1841.3949730831,739.785502629675
199.07540253043,2.50637711273442
182.15265325288,34.8063015171667
2974.5587539631,1745.73208445682
3798.27337465234,2907.0336218362
918.758669662457,484.903120439505
3055.47532601699,2717.55959720094
283.89961121536,51.7041343094729
253.781318091686,173.910231273927
2476.25388099838,1497.64117573342
1397.85628485602,635.164470891664
2920.33358057714,2156.65665463336
3408.1180858884,2626.80449045758
810.489111603222,342.363028512061
178.335260446364,9.33827601680081
3697.78887059284,2811.46788805388
1235.75233400877,1036.34651067838
4532.0840716625,3478.68973072616
3126.59317994997,1860.01479571005
245.635552224538,53.3615772388618
1709.25904697281,1117.43993790653
1600.59870831564,1321.30541822136
2900.2848499468,2117.24185326375
5000.51078738522,4546.16382812721
3070.77507887244,2514.13879669643
1798.92272187135,1403.73288488048
774.208836167817,416.74583314805
3389.69238931312,2204.47994696183
3416.62463888887,1880.51049242225
440.202216352391,175.244270704898
2688.55492433017,2329.47539910013
3099.05970629558,2658.9022876755
1451.17947159221,822.698074536421
654.457012142033,97.3848784609227
3267.14503890667,2603.0747587612
335.359251685262,36.9892751314837
3083.18913678861,2065.53771895427
509.035486525867,222.784584972248
3331.9504916094,2497.80692002636
7809.05817025951,7136.70670132474
2633.87905868296,1753.97887366647
2732.59029793365,2498.6558542097
1611.53996293051,1086.87830730609
323.937123179758,187.735730831268
3310.75952554874,2139.23329115613
233.672374734396,78.3849229289038
620.761819606593,177.022989946194
219.03403986806,29.6318455424892
3240.57376462901,2885.32516200494
3230.65462105419,2165.95450521286
855.606432644165,221.32926922937
2217.36278859025,1644.22381139108
2071.61065747015,1437.6902522143
2804.00861337414,2502.3749944415
442.156006443195,210.899506405411
225.827183273612,50.289244003897
3756.70280902673,2327.65625442153
4821.93519348417,1759.23418051575
2675.41951794509,1032.78907219579
3070.59474175521,2348.35407832024
3309.97796435287,2300.08610618145
4617.87004694518,3021.43760940134
4001.01594864377,3007.85466246781
407.318578477432,45.5998932768455
3352.87110252603,2356.76256927909
2954.99082195749,2589.20883376656
3051.53771473781,1981.33153305386
2566.87945421002,1297.17143215197
2400.35709345885,1720.18320808185
426.315355134923,27.0446175551504
273.529549581566,136.67840351863
4471.75724159063,3131.27352255133
545.946979504524,76.4040765010975
617.54555679633,10.591464573168
3217.3987892152,2224.24798580259
3455.97064531715,2389.54759893115
512.462117550927,269.718517680065
2594.68328300843,2227.44159534946
2862.89244544455,1958.08690660511
437.827614566085,71.3508968383265
793.355956477921,51.016901875336
3102.78687409405,2665.45120851845
290.392199031024,141.448605120286
3007.05164887308,2505.56860398837
358.92485716518,39.3339504950095
3451.76267889395,2329.39454822553
426.465623521628,179.691068808137
193.725050145089,87.3997954472873
238.000766611505,91.0380848044824
289.851150046385,123.863539893843
4068.0456594802,2637.03212609502
742.888207785729,214.901624698325
573.961176517735,214.537795762606
623.016184103762,180.257024930367
690.526844096732,305.009924444858
400.615584814017,204.754839935481
4805.7036486791,3965.20986865775
410.294329076468,265.51427220064
707.509693202373,82.7912955948401
526.589453346669,153.859214372051
3757.51447658608,2525.37706826644
392.620124966529,198.569748028249
3139.21738028321,2164.21621140887
1701.74449864891,1111.61867493502
1206.98675742907,798.725790216236
1967.7896156783,1340.06282112957
357.993065215563,207.139940736309
4775.85589886422,3298.594407545
248.370828245299,96.8997732132967
3239.91232782341,2409.71989214493
2349.79917620804,1623.16215855665
400.014436001287,5.61913578500135
3776.81175238402,2644.83423549434
2902.7195515612,1617.66429908356
187.623242927358,42.7701126656938
2982.52399454825,2616.25345132171
4151.60737662919,2958.33350177266
4176.58572321528,2926.63995892776
815.719189066472,350.326839660588
215.817814690751,72.8062125812046
2155.41277393151,1580.14949326714
445.312131792413,143.146473486977
3094.43085291097,1834.8701737081
364.545752859318,247.363250851966
5034.23593575232,4059.76496650753
2964.36895418062,2536.97916877216
1915.6386202041,1327.28838294208
430.763946668214,9.58082864061382
2682.48337400774,2534.67491884593
2439.94380026313,2310.43501813081
3088.53933864213,2447.71980320897
353.273930373474,20.6573984614079
5418.31967419383,5023.95207160153
423.249398344319,160.893240462629
2318.23807324768,1682.58755139084
2660.36031493382,2490.53034131197
4354.65041212813,3355.91767763948
666.57045801888,286.009968912839
3164.73673822098,1678.1407532876
7302.42768353882,5883.55857039484
527.551351659764,31.2084375972737
233.702443464918,78.1423703050908
701.708498023962,421.920289122728
598.30834319352,421.799012810821
724.793154347333,420.020293569526
6644.66385429013,5813.21830948906
2707.04083363241,2490.69204306118
4330.42352037443,2878.65496485008
4658.80928212867,3563.94697799643
243.59159357512,20.7382493360122
3897.04452556635,2695.08305406094
428.659888190705,145.571999725107
3854.54246905476,2607.92581123746
3566.40439931494,2494.08777979456
3262.1555112876,2500.07074451528
3522.45934480189,1932.05292498252
344.166303826186,115.657176121503
313.657230104578,54.6956166698333
564.733350314263,461.537217678852
3684.11245285608,2611.36197340815
226.217963871546,287.020604845393
2563.45274791905,1974.74218677361
3914.5685365555,3012.22060969645
1263.88688120998,312.246077721946
3328.91486698,2015.36975126228
251.617122153131,124.510346890677
214.615498248814,97.4253038982249
3094.16019670331,2493.077143862
2846.72111336644,1668.96417902001
315.280377058494,73.6147213272479
2616.20481694007,1698.31304650138
3105.64246266986,1879.01475124207
582.918497045364,131.220969482837
3399.73195834184,2193.56507889024
780.280612287979,442.456411272229
990.207016200512,142.014561242516
3840.65530677366,2682.30861587345
442.81729271697,127.744381874851
3310.1583014701,2056.6845481851
3748.22636238974,2216.68842902708
356.971104707331,236.286681031172
422.918755207431,167.927266553206
719.593107981652,352.631089586812
2684.88796925866,2420.02837865699
3234.44170051598,2071.6823854242
632.905296581009,178.195327627957
2257.79111878554,1356.87980304727
9097.95373962501,8431.776010737
246.447106885018,129.846504614564
2958.98864596362,2657.0831429969
3472.92353859113,2925.46762124599
498.274644294139,42.2445819807656
2871.75967267948,2513.20901163848
1119.57752229361,899.951085220864
533.082041162333,367.426799639405
3050.75615354195,2213.00971423258
251.015973340401,47.6211651419539
3715.55313036253,2288.72655829954
344.527015693596,145.531574287805
4135.82682514901,3218.95629605973
434.190577693274,178.316603939863
2272.88027762847,1338.16282557637
3139.48803649087,2185.11616249409
214.64554816286,9.9850830136355
6532.60676517365,2470.11549547437
3109.09927532431,1981.65493655228
3544.82265265635,2800.99769979262
2682.96417263247,1848.73609870275
4022.86835151003,2840.93803184716
158.827484718281,71.472173150233
413.119811288798,113.19122444607
306.47332491757,32.3807752790366
5592.50726561809,5178.37724209582
3687.32871566634,2570.93653610598
2921.44601070762,1593.73244020067
306.47332491757,80.2444930448035
190.959705393804,43.9020249101545
753.679081115025,616.326217108854
2798.44766697628,2201.97356984909
3514.55401588006,2472.13676733948
4337.69781991778,2648.39167397693
764.9208725033,465.41805965986
3482.96310761986,2213.333117731
320.630729443835,25.1041965646463
4080.03883043495,2885.28473656764
5652.50322675535,5276.44935299088
855.786769761393,390.145895403224
384.92520189245,104.823158924522
4027.34697414089,3107.86719435337
2611.42573280171,1690.51093710206
644.80837424306,122.610351337476
2809.41902795462,2486.64949933096
2669.46809201293,1579.70481345682
1907.613166892,964.833912090844
1263.67643772927,766.466291249106
1125.34868637445,663.947382250808
416.155661715925,25.8722798733875
4022.59769530237,2992.61427260489
1146.26914675927,895.504287117626
2208.16499348435,2058.5036928637
2403.54324990564,1775.48520631122
3588.58737005217,2644.63210830783
2749.27253499998,1915.43807025132
635.159661078178,288.678047774782
3119.22886237983,2231.92881889
363.794298026928,185.431480905045
3042.49015038566,1921.54231128395
872.889893789125,559.851881197725
2905.90570800799,1952.2252181963
2247.3609196907,1269.8034110984
822.993338078002,280.43125856514
1635.64657976211,1417.1541300648
3541.33603470206,2594.30243886663
3570.82311028248,2442.50492179699
2225.29807334374,1532.32620093868
321.382184276225,69.8147302208442
2539.25596252883,1961.36136702659
353.394167662611,174.759165457272
3495.5873079531,2276.96275604461
5758.84913872021,4367.56424612623
3802.06075517777,2368.60722240863
165.380172362036,14.3914556795718
542.610517038078,163.763446511083
3527.11830454998,2773.58925330175
900.783891146153,827.751254199192
2761.9572491238,2488.95374925718
5603.53823719612,4480.47249251119
3533.25036866301,2409.67946670763
574.92307483083,360.635326172641
230.546318115701,0.040425437302168
290.662704706866,117.435895362798
3337.36120725351,2078.9993895759
3817.60075681376,2776.58073566211
5826.14950576429,3075.76939713545
4833.68781459474,2888.68047330102
603.177746422314,130.008206363772
3484.04513032323,2371.39657758248
389.373831058697,174.15278389774
857.800659680288,336.177936604829
320.570629615744,94.2721197886558
155.731496830108,7.47870590090108
3487.53174827751,2715.86172883425
5398.00028735583,4702.08473980167
926.092880869125,647.615505580732
2646.65379083358,1743.83208890362
3575.84274426503,2798.04664286956
3671.90883842062,2601.49816670642
4542.63454567943,3178.45000788296
1537.86728299285,834.542727665957
240.495605686947,5.86168840881436
2507.69485956847,1481.87525518557
1981.31580266131,1556.05593263505
4036.90544348125,2672.56608548363
196.941275322398,7.27657871439024
2628.04775714107,1604.76858458416
2785.64282846218,1624.86002692334
3955.47766537551,2949.8037345019
3891.09309963419,2275.02233505411
804.988453198221,694.38773653934
1610.54795825393,995.921073376211
184.166543171775,9.74253038982249
5690.40653624581,4672.89757406951
3617.47352261759,2409.84116845684
3816.06774078551,2517.41325711791
273.649786870703,27.2063193043591
257.658829542771,68.3998399152683
436.024130494941,39.0105469965921
725.5747155432,250.395158649629
905.713431835992,556.77954796276
2141.94679967545,1399.85204289947
608.678404827315,177.063415383496
3259.45015346554,2451.39851800347
3452.84470159732,2225.09691998593
4455.37546603181,2625.75342908772
2402.3108459167,1800.38727568935
2335.52153439264,1722.32575625887
4749.91565396504,3295.15824537432
502.512867612634,57.7275244674959
5090.41501212795,4582.02119101423
469.809529221949,255.407912875098
2779.54117177626,2608.20878929858
407.679252711889,113.352926195279
1687.94780599006,808.347044294152
425.954643267512,46.8935072705149
8773.56550081327,3925.51208922703
2092.35078073774,1339.98197025496
2863.43345679624,2613.26196896135
258.079641238272,17.5042143518388
391.237414957932,242.390922063799
1383.96927310674,869.510730932332
2751.61721858758,2581.24502261803
452.315662229238,64.6806996834688
568.159981339323,4.32552179133198
446.39422976169,109.916764024595
3460.17891280399,2311.24352687685
3240.84411977303,2182.93318887977
2961.33302848759,2782.40199863362
750.583093226853,385.133141177755
2479.71069365283,1524.72621872587
842.771563032496,514.979645792318
646.100840427134,562.075280249344
2147.89822560761,1248.09495126714
463.437216328376,96.2125407791599
993.874121803846,820.798078983219
2858.86481613858,2573.64504040522
412.27815026484,175.163419830294
3639.38583714716,2398.84544951065
2991.66187799083,1989.94215119922
2907.7993982707,1975.02516483472
885.875069420453,322.716265983207
322.133639108614,10.9148680715854
4799.93255986416,3263.30300078021
5095.70530231815,2892.88471878045
503.715202871048,17.7063415383496
7322.26597068845,3538.39810162146
3084.541514636,2392.98376110184
3846.90749527696,2842.55504933925
2975.76090105674,2600.81093427228
2991.12086663914,2623.97470984642
5150.92217931705,4046.10116869939
4810.45292751762,3544.74489527791
1919.93690571773,1393.54567468034
7149.13089773135,2913.78466986567
5460.01036420971,2417.48157610695
5138.74837018143,4904.77788243474
2489.41939374694,1855.20416867109
609.189385081431,209.565466974439
2921.26567359039,2072.61217048215
4248.99604333233,2973.04836095064
207.100949924918,28.6616350472371
3143.45575413352,2723.74468910817
414.051603238416,140.235842001221
3276.19260325882,2547.28765528421
1536.00369909361,1253.83536336404
1162.1098357005,504.38818121915
2368.28493497846,2076.93769227349
921.283615101376,390.711851525454
438.158257702973,90.4317032449498
3895.84237847271,2753.94249077289
297.004986502871,30.6020560377412
3050.03480507303,2639.33637602125
2776.6253704735,2427.14325562217
5025.42922230799,4614.24026454406
3323.02335271115,2078.55470976557
509.546466779983,88.8955366274675
4202.31552463375,2251.00962529662
258.169809796887,111.452930642077
437.797583468517,6.62977171755555
830.507886401898,549.462543811068
394.874489463697,13.2595434351111
3176.09887979725,2234.63732318924
2262.54024709224,1513.36667084396
7372.43280627769,2709.19153167939
2652.33486162172,1735.30232163286
1948.6425706341,1130.33565240592
3641.70041437129,2482.64738103804
377.440722299078,15.2403898629173
3848.65095478592,3230.96265093848
3003.74506697238,2488.67077119607
3639.14528730298,2556.3429532399
208.964552640631,37.9999110640379
2652.87587297341,1730.4512691566
148.367235709395,17.8276178502561
3105.49223191611,2428.96240030077
213.533400279537,16.4935784192845
3202.21946181366,2227.80542428518
493.164766487072,221.490970978579
3862.44749691296,2805.40407245855
2363.32536319106,1646.12380694428
432.176687774379,43.6594722863415
2683.14450974969,2520.68771753938
411.52669543245,230.748396120775
333.014718629479,94.0295671648428
2823.9372196142,1884.67431246437
425.53383157201,218.701615804729
291.354059711165,102.882737934018
3016.70043730387,2842.31249671543
422.918755207431,166.593227122234
817.402511114387,707.44515278794
861.798408420509,479.122282905295
3300.41949501251,2483.37503890948
1354.66253464355,723.170647898484
445.372231620504,259.612158354523
6571.50238040432,2268.35213789925
5551.71796012471,3609.8298493344
3130.50068486567,2317.91372403171
3184.81587627843,2510.74305996305
1215.22265422188,743.828046359891
3667.70057093378,2619.52791174319
2725.85731080563,2564.42804070033
500.619177349922,49.6828624443645
3721.23420115067,2825.25296217392
3335.28717987357,2153.05879071347
195.708890149938,29.9956744782087
2712.81192244734,2007.20381292725
4216.4429356954,3012.54401319486
3213.85195853396,1892.5976981756
249.09225198012,140.03371481471
358.023133946086,2.46595167543225
299.409657019699,46.7722309586084
1474.74507707213,1155.68240159438
2135.12349345699,1370.4627499808
7469.88168570779,5704.99941383116
2849.6369146692,2700.90431703245
2810.02025203326,1755.47461484665
251.316547746766,122.165671527152
2569.31415582441,1980.84642780623
452.315662229238,188.70594132652
3500.45671118189,2221.66075781525
2634.75093896926,1850.11056357102
1949.18358198579,1110.60803900246
4211.3630889859,3050.70562600811
287.62685427974,157.74005635306
3414.40007969154,2264.71384854206
5641.32172335994,5116.12206865048
1647.97046911966,1353.8074698123
3146.64191058031,2062.66751290582
2793.90883161846,2604.8130525652
2851.74104841262,2296.04356245124
2962.02457165666,1955.25712599396
2589.99421689686,2401.5943792472
356.159512413896,174.435761958855
3457.05266802052,2069.05473199956
427.908433358316,127.340127501829
2264.43393735495,1664.51738091677
3081.23523379894,1780.05328072636
2075.96900517892,2100.54614765795
2774.37100597633,1735.70657600589
2321.6045668117,1692.89603790289
3014.7465343142,2717.88300069936
3664.66464524075,2193.32252626643
2799.65011513356,2552.98764194382
3161.40035102044,2195.66720162995
515.498005611008,285.039758417587
466.052255060001,187.412327332851
4318.97136077136,3067.2396298647
1470.3265166364,1185.31424713687
250.805567492651,21.1020782717317
5767.86659670889,3040.59926668257
3355.06525429624,2708.98940449288
373.262636441628,148.401780336259
2169.6002471883,1322.23520327931
346.360568495263,229.53563300171
6798.14127827847,6375.45529148762
3805.72771024928,2720.18725062558
2573.22166074011,2370.06253815151
323.90709208219,2.50637711273442
1856.21362625019,934.878663049938
350.117842657211,185.633608091556
2777.19648818866,2203.34803471737
208.75414679288,52.5126430555163
4322.81895402374,2951.17819937017
3584.67986513647,2448.64958826692
3115.59171260815,2809.28491443956
1081.43366295897,1000.85297672708
756.234057651513,451.309582041404
8564.39070226494,8367.29743824004
649.707808569422,133.484793971759
1247.9860548077,597.932643136367
2846.36043913198,1870.12115503559
2522.81427530669,1484.90716298324
2739.29317869821,1443.55194062312
398.331151586326,170.150665604825
2649.62950379967,1692.77476159098
6485.11518104299,5262.62385343353
2847.56288728926,2663.95546733827
3545.8447636964,2670.54481361852
1945.45641418732,1210.01418932849
4188.63910689699,1991.72087044052
2955.23137180167,2635.01085422992
494.637607421328,246.756869292434
1557.67561431082,1142.05902922355
346.540905612491,3.75956566910163
4474.82327364714,2867.69967134119
2968.63713333078,2745.57442525135
2863.73421936737,2580.5577901839
1468.04204577576,914.625518961551
727.047518844502,165.986845562702
2918.86077727584,1923.32103052525
4006.0656889898,2983.68025096111
882.989449747077,627.847466739972
2849.21602770779,1595.83456294038
2526.96202900294,2065.29516633046
401.367039646407,183.814463412958
2960.82212349938,2664.07674365017
3130.19992229453,2501.20265675974
4370.76183254292,3000.73978550263
443.538678818837,32.2190735298279
1542.19567486996,831.955499678618
332.052857949338,123.176307459706
271.545728393194,98.9210450784051
2496.87403040751,1466.83699250917
2623.68955996412,2477.02824525304
410.775240600061,72.6849362692981
2059.13638682703,1315.48415524985
815.899601449608,662.815470006347
2756.7569769604,2348.79875813057
3653.3928227549,2672.0001293614
468.637262694058,281.037640124672
2015.91283131471,1425.19879208793
4412.96342754701,3298.5539821077
3132.18393164768,2141.45669020775
3637.97294550918,2610.99814447243
281.254503753212,73.372168703435
3764.30767644106,2894.01663102491
3390.0229571841,1987.07194515077
2240.29721415987,1841.17654192724
6477.72105817301,4256.9602496675
2647.49556475641,2424.71772938404
3346.61891402273,1929.62739874439
3758.08559430124,2672.44480917172
2831.84254853603,2482.80908278725
1977.40829774561,1605.73879507942
220.597068177408,41.0722442990027
219.244464532288,106.642303603119
3716.30458519492,2555.37274274464
3399.55162122462,2926.63995892776
271.034710506123,49.804138756271
2269.72422754516,1295.47356378528
3308.595480142,2422.45390489512
3101.73495775416,2042.01011444441
254.653010213212,27.5701482400786
2888.98292109748,1648.2663551213
699.153521487474,341.2311162676
199.856926093342,20.0105914645732
3746.42299121746,2961.81008938064
705.646109303138,169.180455109573
1888.64645896503,1516.47942951623
3913.6066382424,2939.41439711524
2452.20732636191,1884.79558877628
2860.33761943988,1847.15950664796
3550.26317360031,2348.67748181866
3829.35367898797,3304.49652139112
4227.9854143889,3320.22201650166
8698.51033666474,5051.88604877733
3388.12926692139,2293.09250552818
5302.47580667919,3668.68928604635
177.944498664908,6.02339015802303
3064.10200340773,2458.14956603293
903.940016495371,90.3912778076477
366.83018608701,81.2551289773577
760.201775294166,529.37110147189
113.379501723973,59.7892217699065
389.734505293153,263.250447711718
293.548324380242,61.123261200878
171.692404243995,9.41912689140515
636.602433281911,430.369205518881
2885.28585966249,2549.99615958346
738.199141674163,172.980446215977
359.105231915363,11.1574206953984
7320.85277798684,2419.38157166015
692.180059781171,543.156175591929
479.969222640947,76.4040765010975
415.163769938216,198.084642780623
3878.67904171803,2024.10164571955
325.319833188355,185.795309840764
196.099651931394,67.1466513589011
1598.22406889638,1032.14226519895
278.459090271405,14.9169863645
3017.27125395539,2790.85091502977
6857.11542943931,5347.8002498292
3537.90932841109,2241.99475277824
362.772337518697,200.995274266379
3029.95596807922,2913.46126636725
423.700278770343,169.50385860799
3311.39085599085,2118.77801988123
5028.43504163755,3873.08029704611
2638.50821313121,1468.73698806237
343.264542974136,155.112402928419
3737.31551520199,2469.42826304024
823.32398121489,359.826817426597
2571.89908819256,1157.50154627298
517.121152564924,206.614410051381
5528.45296668411,3664.28291338042
3637.04115355956,2470.6410261593
172.804552127317,7.03402609057724
435.783655916668,186.078287901879
1906.14021305888,1311.60331326884
708.982571769584,406.11394313758
3168.37388799265,2069.29728462338
842.230551680812,663.583553315088
191.410567003352,105.672093107867
5417.56821936144,4783.94625033856
584.361344515006,335.046024360369
4904.56511868354,3455.84935865044
3128.66690626628,2089.55042871176
3159.80742332886,2621.02365292337
4380.01953931214,3211.27546297232
3292.21370458318,2289.33293985908
403.591335413053,24.2148369439986
3241.71600005933,2628.30023163776
6420.36964000358,2280.31806734069
1792.61047117291,1063.02729929781
535.27630583141,355.339593886057
4400.12848266943,3005.8333906027
237.670123474617,7.59998221280759
3935.48914747213,2389.18376999543
2768.14922490015,1888.47430357078
3598.8373825616,2644.30870480941
2314.81136695671,1204.03122460777
2786.75525859266,2468.29635079577
2864.54558586308,2178.60766708844
2745.09437387662,1986.22301096742
2885.19584163569,2506.053709236
1838.20881663631,1298.14164264722
697.289937588239,126.855022254203
379.93556137452,154.788999430001
2268.94266634929,1586.29415973707
247.078324428271,46.4084020228889
1758.01344251952,1278.93955992869
4098.25408352953,2761.74460017221
3112.13489995371,2110.97591048191
1024.71380102939,587.624156624314
3153.46491573513,2034.85481204193
6292.59221213388,5948.0775683291
193.815218703703,41.0722442990027
3088.90001287659,2156.13112394843
546.337684836549,175.769801389827
2241.9503545784,1437.52855046509
2867.13081929487,2561.67911096378
459.13889318179,115.899728745316
2819.78916485432,1754.30227716488
2883.84316272466,1965.08050725839
471.853487871367,85.8636288298049
296.704412096506,23.2446264487466
494.30696428444,206.9782389871
4002.30841482785,2640.06403389269
2769.89238334547,2501.12180588514
3853.49025165124,2294.87122476947
224.684985476244,48.7126519491125
2975.94123817397,2580.84076824501
2455.00270221077,1329.06710218338
4380.44042627355,2920.21231439671
586.916245785586,384.526759618222
2888.17155460177,1915.59977200053
1221.80541059616,679.349473862934
2212.07249840005,1495.57947843101
278.489159001928,21.7084598312642
1579.28746733289,1002.06573984614
586.916245785586,140.235842001221
2734.78444970387,2196.96081562362
1876.65313747846,1324.66072951744
3083.30926117888,2082.27384999737
3406.82561970433,2508.19625741301
2406.87963710617,1356.39469779964
3230.29394681973,2779.73391977168
5571.76699181868,3436.52599962
540.80699533398,47.9445686403713
413.510554253777,19.5254862169472
409.96368593958,166.795354308745
2873.98393081317,2241.95432734094
3809.0942038133,2771.40627968743
4120.13659275926,2784.34241962412
6506.39616513045,6234.24923899114
201.179479824416,5.86168840881436
513.363878402976,149.937946953741
228.502397099237,43.5381959744349
3121.9941318652,1805.07662641641
340.198623816487,62.6190023810583
2821.44230527285,2620.25556961462
3240.27300205787,2943.01226103513
255.825276741104,11.6829513803266
2356.38193258232,2198.90123661413
973.133998536257,446.215976941331
2043.08532967101,1492.87097413176
549.523841283335,361.969365603612
2828.50586027186,2466.15380261876
6623.02219596822,4840.94611693462
596.414652930808,271.820640419778
5582.97860157757,5115.79866515206
2407.51096754829,1147.43561238474
288.889289366245,53.88710792379
294.089373364881,90.1082997465325
835.166846149986,517.162619406635
2642.80649864484,2421.07944002684
463.647622176127,25.9127053106897
2491.6737582441,1702.11303760778
2219.97782732188,1405.06692431145
2873.44291946148,1958.04648116781
6592.39258389384,2815.87426071982
283.328531133153,86.1870323282222
2559.6054557303,1783.04476308672
2342.40490280624,1717.59598009451
654.366843583419,186.482542274901
1870.76177374143,1328.33944431194
293.848898786607,67.7126074811314
3490.23710609957,2902.38469654645
6271.91215106143,4870.65881335171
3139.33780573712,2584.60033391411
445.913280605143,250.920689334557
378.372514248695,88.2083041933306
4254.46667063977,3302.67737671252
2950.09131236522,1806.32981497277
5067.78104806583,3754.26993681504
311.61327145516,134.2528772805
2733.82255139077,1716.01938803973
576.606321612837,159.154946658635
2636.94509073947,1729.92573847168
843.192374727998,549.341267499161
2824.9891359541,1648.3067805586
2586.89807847687,2248.8266516823
1023.03055424738,432.673455445104
2575.86680583521,1883.05729497229
366.168899813234,113.918882317509
3224.97355026605,2076.29088527665
2639.98101643251,1646.64933762921
288.318171651083,88.3295805052371
3610.49998564538,2772.17436299617
2798.83844757421,1875.37646188488
2965.21072810344,1567.21335333045
8140.3293258894,2756.85312225865
797.443873776757,22.8403720757249
381.588739426004,116.223132243733
2750.20432694959,1950.97202963993
518.74429951884,143.065622612373
316.122000449498,58.5360332135393
4748.35283263694,3045.12691566041
2922.91881400892,2134.54394042908
2869.38518379203,2598.78966240717
1686.80557055974,1143.87817390215
2146.87626509938,1181.43340515586
2798.14720546878,2514.34092388294
311.913845861525,84.7721420226463
479.007361960807,266.686609882402
450.782721466891,140.154991126617
273.078669155541,148.280504024352
2304.14076854951,1352.47343038133
300.611992278113,40.5467136140745
3243.03857260688,2634.28319635848
439.180255844159,243.724961494771
2569.73504278582,1445.73491423743
718.150335777918,508.713703010482
6611.62994802847,2634.20234548387
8635.26770529011,3418.29412739672
229.915100572448,54.857318419042
227.2699931103,0.040425437302168
337.944259319318,196.831454224256
770.72214294762,239.23773795423
2412.74104501154,1396.90098597642
5296.22331711226,4642.9423250286
3011.25961529628,2529.21748481014
6419.97885940565,4275.31339820269
4287.26002705725,2545.2259579818
7553.08242755869,3374.9176331715
5332.17272361305,2768.8999025747
3245.68371770198,2921.38465207847
376.478861618937,129.846504614564
2745.54536720151,2421.76667246098
3084.12092873822,2486.00269233412
2882.24993396945,2320.09669764603
264.692428710119,49.7232878816667
3003.65504894558,2506.57923992093
3645.39747580628,2767.76799033024
2939.87140621927,1547.20276186588
2579.68429272412,2400.78587050115
2789.37029732428,2550.68339201759
874.693415493223,739.098270195538
377.530890857692,126.531618755786
160.420581758151,9.82338126442683
6450.30740784526,2097.7567924841
387.54027825703,125.68268457244
400.375110235744,183.086805541519
2820.45030059628,2721.52129005655
3855.11358676992,2353.77108691873
700.055282339523,324.939665034827
2884.92518542803,2631.08958681161
2056.2208865879,1318.2330849864
298.658202187309,76.2019493145867
2990.0087375723,2350.41577562265
2632.52668083557,1617.94727714467
371.940063894077,258.035566299738
311.76357747482,150.746455699785
443.688984838497,92.6955277338713
277.316892474036,39.0105469965921
1122.49309779865,992.201933144412
9016.43594349248,5880.52666259717
3006.30019404069,2041.28245657297
390.155354621609,281.239767311183
3049.3435629676,2003.80807619386
2915.2239285678,2559.45571191216
9273.94410009429,7002.21127142043
3770.61977660768,2864.46563635702
621.242693497232,46.4084020228889
4050.85251742567,2864.54648723163
328.415821076527,2.06169730241057
3578.72843920431,2616.1321750098
407.799490001025,75.6359931923564
213.653637568674,58.2126297151219
3038.46252107969,2549.67275608504
2137.3479021225,1499.0964914763
1642.22933613639,1427.13921307844
3157.40282807795,1708.21727864041
3182.89207965224,2114.16952002878
2947.32604287984,2519.31325267111
3228.24972473964,1885.48282121042
3004.52662816825,2643.985301311
3424.58987947402,2332.42645602319
2829.19740344093,2566.81314150116
327.033148700885,96.8593477759946
384.835033333836,53.4424281134661
3182.38117466403,1912.08275895525
2620.98420214206,1815.30426205385
858.191440278221,311.356718101298
2862.65219666401,1730.49169459391
860.205330197116,332.984327057958
281.615215620623,106.076347480889
542.039399322917,312.448204908457
3581.94470201458,3061.25666514398
3184.57532643424,1844.24887516221
4142.13922637926,3163.37131976925
1418.65647031875,862.880959214776
4244.12664010354,2834.46996187881
2291.09553072304,1937.3890827064
3428.79814696085,2308.09034276728
3672.75031127981,2822.14020350165
2458.27917774798,1923.40188139985
555.625648501066,130.978416859024
297.125223792007,122.893329398591
2540.48821598595,1863.24883069423
411.586832893496,67.6317566065271
270.253224576165,4.16382004212331
696.388176736189,0.485105247626016
6236.50405697595,3965.00774147124
329.558018873896,210.293124845878
258.139741066364,50.4105203158035
833.633905387639,402.313952031176
3373.0101522468,2278.09466828907
721.096017646431,329.143910514252
8595.23045675639,8140.22775691376
2298.09902352691,1456.77105862093
2947.56659272403,2655.02144569449
297.30559854219,166.87620518335
5812.2927509103,5191.31338203251
650.248895187015,283.948271610428
3952.65218316318,3205.2924982516
1640.42581443229,970.655175062356
5243.53115975456,4882.74601910506
2871.12834223736,2631.57469205923
844.154273041093,544.005109775275
5568.18975371033,2902.34427110915
533.442753029743,315.763090767234
2520.49969808257,1858.76160715369
5234.1831338949,5101.77103840821
614.148956868838,407.326706256645
6432.63376822963,2940.62716023431
7882.27985687228,2567.25782131148
604.680656087093,370.216154813255
3389.24139598823,2009.79104091458
3249.83177246186,2679.3979843877
302.565782368917,44.7913845308022
1655.99592243176,1318.03095779989
4448.5223545135,3219.68395393117
174.066987213823,41.5573495466287
404.883839230081,79.4764097360623
2861.69029835091,2218.26502108187
6422.20311753934,5140.21562928257
3033.44258603351,2532.89619960464
482.193518407593,194.163375362313
3112.73612403235,2124.63970829004
2429.45338844134,1649.15571474194
4691.60293960979,3893.98024813133
3362.54969625666,2440.68577711839
794.227610966493,462.143599238385
144.790317481152,7.27657871439024
739.341377104486,762.787576454608
1039.59266692343,769.700326233279
3126.38273646927,2304.57332972199
2980.05948763401,2612.61516196451
231.989127952388,61.8913445096192
4719.31644931777,4058.87560688688
2521.67203987637,1292.84591036064
247.559273584818,114.969943687366
2221.24033767429,1475.36675977992
2261.81889862333,1794.48516184324
1175.09493606591,792.742825495515
3161.79113161837,1752.84696142201
2496.00215012121,2519.51537985762
544.023258144243,52.2700904317032
362.261319631626,153.09113106331
901.775820556816,461.779770302665
683.012295772837,259.73343466643
2745.84582870901,2600.20455271275
3082.31725650231,1821.08509958806
599.991589975528,0.565956122230352
516.339629002012,214.942050135627
1678.59978013041,1535.43895961095
163.185926509436,67.2679276708076
2536.58071107025,2581.24502261803
378.312414420604,175.08256895569
493.014460467412,287.546135530321
503.414590831729,380.686343074516
256.877305979858,38.7679943727791
847.310398390311,91.8061681132236
2948.01728498528,1925.86783307528
2686.84157118469,1755.35333853474
3079.49177428998,2634.36404723308
8428.01670336797,7008.03253439194
2969.20825104594,2288.40315480113
3637.61227127472,2889.36770573516
3099.93128551825,1621.38343931535
214.465211045632,144.682640104459
3671.90883842062,2770.35521831757
2148.64968044,1405.55202955908
2487.28545470368,1580.47289676556
536.689009304621,264.665338017294
1120.9601570363,690.46646912103
207.311355772669,100.780615194305
5216.56910487896,2026.60802283229
661.610886231472,7.43828046359891
411.917476030384,301.048231589245
2177.68591322735,1639.69616241324
8084.99262556387,5736.93550929987
4894.25519451079,3980.81408745639
1164.09369452182,492.786080713428
2870.37688740497,2131.71415981792
322.975262499618,111.210378018264
2976.15168165467,2686.39158504097
3722.46675567143,2105.43762557151
2228.90511675194,1590.37712890459
831.589984371175,654.770807983215
3782.25227332798,2442.99002704462
3931.10054286807,2491.82395530564
2841.13036166873,2492.83459123819
1202.92887122781,439.828757847588
4811.38471946724,3756.21035780555
2901.33706735033,2486.08354320873
2971.07183494517,2666.30014270179
2436.54720033564,1719.37469933581
3763.58632797215,2920.61656876973
3625.34874517594,2721.68299180576
196.550513540942,32.9063059639648
2873.08224522703,1843.31909010426
3612.24314409071,2873.56135975001
194.957435317548,23.4467536352575
3725.92326726224,2434.46025977386
554.032570277673,300.805678965432
195.227959809868,43.4169196625284
3025.83801968282,2693.30433481964
193.364357094155,14.7957100525935
3445.63061478093,2041.48458375948
2720.5971269789,2511.10688889877
755.24212824085,278.935517384959
705.525909646955,300.158871968598
1028.11040095688,643.572961850515
300.822398125864,6.34679365644038
6530.53303885735,2855.81459277436
415.043532649079,272.184469355497
2779.51106541279,1641.35360534263
2577.46003459042,1497.76245204533
6281.86170206335,3607.20219590975
924.439740450594,248.212185035312
2981.53229093531,2682.95542287029
154.198537251283,58.7785858373523
247.559273584818,65.3679321176057
2581.9985688846,1642.7280702109
543.993151780766,212.920778270519
7583.8023587235,3294.51143837748
138.748610091513,10.3084865120528
503.053916597273,40.9913934243984
1990.4234292086,1454.87106306772
3068.94130027305,1887.38281676362
1278.19462938885,1131.62926639959
850.857229071553,568.017819532763
2533.66521083112,1298.26291895913
3655.67729361555,2784.54454681063
743.669768981595,389.094834033367
2459.33109408788,1413.434989833
3070.65465341853,2686.43201047827
1637.90094425928,891.66387057392
6661.04593091258,5081.23491625871
2685.12851910284,1484.62418492212
3101.61453230025,2530.02599355619
477.805026702392,110.038040336501
3619.90822423199,2642.69168731733
7384.60661541331,5077.75832865072
2712.84202881082,2221.45863062874
1010.67663379226,432.5926045705
2971.79348447772,1957.07627067256
1975.3041640022,1471.2029397378
584.571712729803,330.194971884108
2342.37479644276,1621.10046125424
2913.54068178579,2511.38986695989
1025.88606755728,758.947159910902
3760.97128924052,2424.55602763483
2722.03982391672,2379.64336679212
6343.75135346332,4977.50324414134
2810.08016369658,1831.1510334763
2846.36043913198,1870.60626028322
2931.63550942646,2064.32495583521
4406.35056480926,3214.99460320412
218.883752664878,79.5976860479688
233.281631769417,21.8297361431707
332.233195066566,25.3871746257615
3452.15345949189,2449.09426807725
2789.4302089876,2546.68127372468
2976.57256861608,2464.33465794016
5222.15985657667,3824.00381616128
3869.48124661212,2748.80846023552
1098.05583783015,712.538757888013
2936.054220394,1524.52409153936
248.310728417208,50.0871168173862
1529.69144839518,1157.21856821186
9829.99056969909,8891.93876354757
2700.39786453118,1613.17707554301
474.769138642311,150.423052201367
2134.25191423433,1533.66024036965
3107.47594020562,1972.07410791166
399.894198712151,110.927399957149
294.570284888474,94.797650473584
2370.41902455354,1310.63310277359
540.356152540909,174.840016331877
285.793301478073,90.0274488719282
4963.02836485618,3306.80077131734
425.53383157201,15.644644235939
2972.63495733691,2611.84707865577
6967.81953858112,4469.80017706342
3147.54359616645,2797.76366480844
1062.52701722714,958.729671058217
4237.60379539258,2806.53598470301
310.801716794679,57.0807174706612
4345.24217354152,3016.86953498619
1673.12915282297,1144.44413002438
8920.45986736369,7463.66763822468
180.28903172069,40.1424592410528
2832.26313443381,1765.13629436186
2030.31059752038,1167.93130909694
4471.51669174644,3203.3520772611
4736.38946698203,2740.52124558857
5506.66077654482,4331.78773411381
2486.26334366363,2343.54345128128
311.703440013774,107.086983413443
409.242299837713,81.7402342249837
3678.82216266588,2727.74680740109
3289.77900296878,2682.79372112108
5244.13268489683,3633.11490122044
1865.05074712163,1360.07341259414
4339.53129745354,2615.52579345027
3839.03227271861,2428.76027311425
2701.60031268845,2001.54425170494
639.969002111835,434.047920313378
456.764291395484,131.342245794744
2550.55789137815,2006.92083486613
2631.05357647063,2491.90480618024
3341.08837505198,2291.96059328372
533.56299031888,156.688994983203
6987.95828723826,5665.42291071234
203.794537372518,59.7892217699065
4382.00354866529,2984.61003601906
685.056292055209,406.235219449486
683.55338239043,352.509813274905
1124.80759975686,408.499043938408
2965.8718638454,1749.93632993625
4411.31028712848,3424.31751755475
414.923295359942,121.720991716828
554.934331129722,274.003614034095
3415.843077693,2513.5728405742
224.745122937289,104.014650178478
449.400049091248,255.529189187004
527.190639792353,311.437568975902
278.278753154177,19.2020827185298
9473.9816173273,8302.73801486848
2921.8665966054,2513.20901163848
2930.85394823059,1952.2252181963
263.460062354136,128.674166932801
3160.1982039268,2503.66860843517
288.077734705764,17.0999599788171
2349.3182270515,1601.21114610157
484.77852604165,196.103796352817
249.002083421506,114.201860378625
4280.01613494101,3094.76935266747
2150.4532021441,1416.50732306797
351.229971724057,186.64424402411
5037.30196780884,2135.27159830051
1073.22772199782,551.726368299989
2224.93739910928,1546.19212593332
3065.63501943599,2706.68515456666
232.650414226164,162.429407080111
2841.85171013764,2001.70595345415
2611.0048458403,1944.01885442396
4332.49754775437,3188.11168739818
988.854412555392,419.737315508411
2468.49908389394,1320.86073841104
287.717022838354,100.699764319701
2512.98514975867,1667.58971415173
233.942918043192,44.7913845308022
255.284227756465,30.6020560377412
2862.59198393705,2607.72368405095
694.88526707141,341.190690830298
2942.81731388551,1991.72087044052
3601.66286477393,2623.97470984642
314.048010702511,36.2616172600447
389.61430563697,100.052957322866
608.648298463838,323.646051041157
361.990813955784,135.667767586076
1798.80244694926,608.200704211118
3078.10929007911,2068.40792500273
471.703219484662,226.422874329443
2270.95648100228,1465.98805832582
374.104259832631,168.776200736551
3394.50157981496,2513.4515642623
461.874169202552,165.744292938889
2494.46913409296,1699.44495874584
4260.41809657193,2798.57217355449
8962.45101888707,4703.94430991757
241.517566195179,87.9657515695176
3865.63395442338,2184.71190812107
5404.91391266472,1918.7529561101
2754.20215095572,2608.28964017318
907.246447864248,319.401380124429
3763.79677145285,2638.81084533632
223.84336208524,57.8083753421003
3087.54733396556,2603.76199119534
2964.12840433644,1820.31701627932
2897.69991757866,2024.82930359099
2392.39170234188,1380.12442949602
617.09471400326,295.146117743129
348.103915105361,52.0679632451924
2729.70460299437,1760.48736907211
214.435142315109,87.4402208845894
3764.27757007758,2598.06200453573
2898.30114165729,2081.38449037672
4289.60471064485,2738.70210090998
6351.98725025613,4676.29331080289
2750.53489482057,1355.5861890536
214.525310873723,65.1253794937927
2588.73185707627,2399.29012932097
2944.26001082333,2603.47901313422
2168.3378873677,1648.46848230781
3546.32556232113,2164.74174209379
2316.91550070013,1827.55316955641
4114.69607181531,3178.77341138138
342.182445004859,211.465462527641
2887.78077400384,2543.08340980479
323.456211656165,117.274193613589
394.423609037673,95.0806285346992
207.52176162042,7.27657871439024
188.615153521544,62.6998532556626
574.02131397878,501.315847984186
2701.57020632498,2424.67730394674
3005.09774588341,2583.18544360854
4702.4839814977,3270.41787774539
3138.85670604875,1892.11259292797
868.260965138605,340.260905772348
3267.47590784128,2033.92502698398
704.022999982176,173.344275151696
3564.24035390821,2257.55854613957
279.330782392931,66.9040987350881
2061.84174464909,1470.96038711399
3424.58987947402,2824.9699841128
496.831872090405,324.090730851481
1070.8231267469,334.682195424649
3067.64883408897,2445.61768046926
2514.39774033302,1877.47858462459
5166.10120565496,3770.56138804781
289.881218776908,115.333772623085
5725.42445186061,2505.89200748679
400.765890833677,23.9722843201856
350.027636465642,145.24859622669
5300.01069763768,2646.24912579992
3900.05034489591,2514.09837125913
216.328813761344,90.9168084925759
214.916072655179,35.61481026321
203.764487458472,48.2275467014864
573.360027705005,89.4614927496978
376.058049923435,55.0190201682507
2967.10441836616,3073.02046739891
3633.31398576109,2584.84288653793
137.726630766804,12.3297583771612
3477.70292379313,1931.52739429759
3020.09673616772,1852.17226087343
464.42914573904,0.40425437302168
1685.21249233634,1166.39514247945
2733.04099019491,2408.70925621238
3712.15653043504,2660.7618577914
3792.83285370839,2727.10000040425
4312.56894151431,2654.45548957226
2757.20797028528,2590.13861882451
3233.11912796843,2159.89068961753
580.303458313739,487.40949755224
357.51215369197,106.925281664234
2649.83994728037,1522.70494686076
1271.70204157319,644.866575844184
417.027353837451,328.416252642813
3301.65204953327,2969.00581722043
3099.39027416656,2294.38611952185
3910.81126239355,2396.70290133364
6498.73168711644,5083.29661356112
4388.85666018359,2660.55973060489
706.247258115868,197.599537532997
4162.90930547851,2772.6594682438
2168.27782517256,1571.61972599639
2353.67672529208,1497.15607048579
2224.45644995274,1389.01802570249
2713.20270304528,2429.24537836188
4325.10342488439,3115.70972919
735.85460861838,214.61864663721
5758.87924508369,3712.02535483428
5073.28208280037,3418.90050895626
2268.07093659481,1595.95583925229
2486.02279381944,1676.40245948361
1865.62186483679,968.755179509154
3044.80472760978,2509.7728494678
3177.75202021578,2858.68479882281
2033.64713525274,1449.77745796765
2551.09890272983,1638.88765366719
2917.56831109176,2210.66503886906
4394.98872429662,2940.38460761049
2143.93065849678,1191.90359341712
2076.99096568715,2032.59098755301
202.02110321542,72.3615327708808
1768.56391653645,1117.27823615732
2907.97973538793,2576.8790753894
3220.61505202547,1425.23921752524
302.746119486145,125.965662633556
2211.17081281391,1689.09604679649
2784.20013152435,2131.3503308822
931.864044949967,204.431436437064
2726.48834018411,2423.58581713958
7299.18101330145,2986.95471138259
3036.77927429768,2464.29423250286
3651.34890173844,2901.77831498692
234.694372875582,15.7254951105434
3653.30280472811,2733.12339056228
2798.47777333976,1564.3835727193
3207.87042623832,1925.54442957687
6899.91824852204,5544.18702424313
3132.51449951866,2608.16836386128
459.800179455565,32.5424770282453
874.90378370802,505.034988215985
1310.74758649397,702.02814418945
774.238942531294,360.190646362317
4613.84241763921,3054.95029692484
221.889571994436,2.30424992622358
2292.32793471198,1713.87683986272
2786.36447799472,1953.92308656299
500.799552100104,173.869805836625
218.312653766194,65.3275066803035
507.472477032996,188.584665014614
2907.7993982707,2503.62818299787
4054.24881628953,1357.80958810522
1226.28403322702,709.587700964955
398.902269301487,15.2403898629173
2985.13933434351,2170.52257962801
2838.18475506613,1700.13219117998
383.783004095082,120.669930346972
507.05162770454,20.1722932137818
2833.25513911038,2512.56220464165
2458.54983395564,1799.90217044173
2628.40843137553,1822.94466970396
3674.13309655431,2631.29171399812
285.733164017027,67.5913311692249
3736.38372325237,2730.89999151066
272.086739744878,123.661412707332
1896.611850082,1175.41001499784
3745.40118124105,2160.65877292628
264.4519917648,16.9786836669106
1117.89420024569,1013.34443685345
2625.4929311364,2299.0754702489
232.470077108936,26.236108809107
271.996571186264,66.0147391144404
9356.84498256496,6462.28913081267
2572.35008151745,2406.36458084885
647.663887552958,261.350452158516
1012.1194812619,637.792124316305
3053.34108591009,2183.66084675121
868.351133697219,579.013538478952
2427.40946742487,1637.91744317194
5401.84788060821,4882.05878667092
3563.96969770055,2283.06699707724
2453.77044875365,1805.15747729101
621.964117232053,378.786347521314
6535.19229966907,2821.57424737942
8060.31443942165,4976.20963014767
2896.91835638279,2497.28138934143
1621.12853863434,1082.43150920285
1468.34265781508,916.404238202847
6243.92828620942,3158.03516204537
3099.11991902254,2346.65620995355
566.206153615565,121.923118903339
2962.56558300834,1910.26361427665
2937.91780429324,1812.63618319191
430.553540820463,134.333728155104
361.419696240623,73.7359976391545
1564.61904491956,781.625830237419
346.871548749379,170.150665604825
166.642626265018,16.372302107378
3814.89570005534,2529.33876112205
3010.65869228127,2081.10151231561
541.287944490527,463.962743916982
4188.36875175296,2929.71229216272
620.491238664843,163.035788639644
3129.65891094285,1542.59426201343
4386.42195856919,4061.78623837263
2768.63002352488,1992.65065549847
3152.56323014899,2599.2343422175
296.433906420663,180.095323181159
390.065148430041,162.065578144392
4413.05374663744,2415.01562443152
3301.95251104077,2641.43849876096
3274.0884695154,2302.18822892117
4864.16689485173,4635.30191737849
5262.73841752571,3753.78483156742
4383.47635196659,2572.35142641156
2636.61452286849,1841.66164717487
227.570567516665,45.236064341126
3496.75964974689,2274.9010587422
2417.2196676424,2259.33726538087
3315.71924786796,2219.35650788902
4666.83503650441,3312.13692904123
928.888331983886,670.779281154874
2088.11255741924,1464.53274258294
705.435741088341,479.162708342598
1853.35803767438,1157.05686646265
2622.99801679505,1709.67259438329
4158.46078921113,2954.12925629323
269.952612536846,30.076525352813
2983.96699254971,1765.7426759214
410.655040943878,13.4212451843198
225.165934632791,39.4148013696138
2064.60701413446,1400.2562972725
1900.57956772465,1185.39509801147
266.405744222649,43.9828757847588
1169.77469004405,751.993984694929
4163.4503168302,3155.24580687152
491.661856822292,307.960981367916
2932.95808197401,2003.88892706847
2949.67042540381,3000.78021093993
3108.10727064774,2691.56604101565
548.081069079602,107.20825972535
1749.65727080462,1139.3505249243
2798.74842954741,1912.89126770129
547.780532306191,164.854933318241
2259.68465851643,2005.26339193674
231.027267272248,8.73189445726829
676.700120340309,447.186187436583
4360.03102140876,3636.51063795383
2767.51789445803,2607.96623667477
217.831723426123,33.5935383981016
3106.544148256,1875.94241800711
3301.44160605256,2059.11007442323
2194.2480259034,1358.94150034968
2991.63177162735,1946.12097716367
1630.6870079747,1505.36243425813
2469.40076948008,1511.50710072806
2481.42404679831,1621.38343931535
538.552630836811,307.11204718457
591.665449358197,413.835201662294
4126.62903004311,2732.96168881307
2843.65538237356,1807.98725790216
3787.99355684307,2598.91093871908
2835.02870498282,2477.63462681258
4197.74688397609,3274.66254866212
5568.58053430826,5143.12626076833
2365.76006480545,1444.92640549139
252.368576985521,65.0445286191883
538.522562106288,134.414579029709
287.747091568876,8.57019270805962
3436.34280164823,2184.75233355837
2854.47621153452,2521.33452453622
1246.00219598638,519.66899651937
2836.65173903787,2248.58409905849
3207.56966366718,2830.79124708432
219.094158512629,35.4935339513035
1835.29316586537,1345.19685166694
626.172234187071,380.039536077682
2522.0628204743,1065.81665447166
1937.91175949994,993.172143639664
784.879509840931,518.981764085233
407.889658559639,193.597419240083
3083.91048525752,2421.68582158637
2335.97237718571,2108.63123511839
348.103915105361,129.320973929635
645.559829075449,392.288443580238
2734.002888508,2479.25164430466
350.388348333053,115.131645436575
1800.99674925129,1162.31217331193
594.761437246369,64.236019873145
3852.16767910369,2773.83180592556
4062.18425157483,2740.68294733778
7414.60459598194,6133.87287816986
191.290329714215,23.2850518860488
2772.29697859639,2446.02193484228
2679.56757270497,1811.22129288634
5276.14478118208,3921.50997093411
3109.42984319529,2498.6154287724
3185.14644414941,2106.16528344295
3268.6181432716,2742.38081570447
606.574346349806,193.718695551989
1470.38657883154,708.860043093516
293.698592766947,3.11275867226694
6599.00574769523,2959.66754120363
3743.50749097833,2992.8163997914
579.822509157192,201.480379514005
396.407430226045,150.059223265648
1738.98667239741,778.957751375476
3001.55091520217,2614.75771014153
2806.92411361327,2129.3694844544
3012.13149558258,2673.29374335507
2718.01189354712,1704.2555857848
252.609051563795,70.9062170280027
2432.60943852465,1705.58962521577
704.443811677678,411.490526298768
3024.21498562776,2581.36629892994
328.355683615482,181.146384551015
2778.33872361899,1905.21043461388
295.892857436025,91.8465935505257
1856.42406973089,1047.66563312299
221.348523009798,49.3998843832493
3280.64142058983,2642.57041100542
7098.63289214386,2560.1429443463
3194.40445198226,2764.97863515639
3917.93503011951,2491.86438074294
583.760120436368,491.33076497055
1462.54146263666,1089.22298266962
8560.09211568767,7152.10879293687
151.613529617227,6.26594278183604
2790.00132670276,1843.92547166379
975.087750994106,684.3218026511
5310.80142043516,4373.10253103663
3297.44378204643,2926.35698086664
3297.9248817348,2578.05141307116
618.687792226653,469.420177952775
792.754732399283,53.0785991777466
3044.17339716767,1778.07243429856
2752.12812357578,2338.89452599153
1132.1718420611,567.573139722439
825.638407907196,178.154902190654
307.705728906507,31.0871612853672
410.324397806991,192.42508155832
448.70869408695,294.014205498668
3638.21349535336,2512.88560814007
1423.13524348143,1182.2419139019
3495.13661569184,3191.99252937919
2831.24132445739,1863.49138331804
2483.13739994379,1328.13731712543
438.398732281247,36.3828935719512
509.426229490846,112.301864825423
181.431248334536,25.751003561481
457.305340380123,183.612336226447
469.148280581128,40.2233101156572
3873.38875152782,2156.65665463336
2973.35630580582,2444.4857682248
2261.03733742746,1586.29415973707
726.32617037559,487.247795803031
1625.45693051145,787.164115147816
2581.87844449433,2434.82408870958
2445.68478271459,2310.59671988002
3479.50629496541,2978.06111517611
2659.24818586698,1464.08806277262
3082.67793073676,2660.51930516758
409.873517380966,133.525219409061
354.716740210162,167.401735868278
5035.61902209046,3267.83064975805
326.22155640745,171.565555910401
260.544411583192,122.246522401756
397.399359636708,69.6530284716355
162.284184473863,10.8744426342832
3180.87826499925,1937.3486572691
2856.09924558957,2727.9489345876
1018.22128847963,699.198363578298
203.974893306223,3.43616217068428
2286.28618968939,1578.85587927347
5474.46864420597,3737.33167858543
3455.70029017313,2388.5773884359
383.752935364559,81.9827868487967
3101.2538580658,2762.55310891826
7906.74729847015,2945.96331795819
3188.5430440769,2668.60439262802
517.091083834401,350.407690535192
3066.53670502213,2464.61763600128
2560.5673540434,1602.62603640715
697.169737932056,18.9595300947168
828.764502158845,843.719301933549
1336.41732571731,1105.15060496667
376.178287212572,128.552890620894
216.23864520273,78.2232211796951
2852.19174067387,2590.0173425126
3054.06273544264,2396.66247589633
248.701471382187,59.5062437087913
3185.65734913761,2057.81646042956
2747.64950094492,1576.43035303534
729.181683685488,201.035699703682
3527.44917348459,2689.22136565212
2008.78891305693,1279.86934498664
1726.00149676609,1048.11031293331
2455.27335841843,1615.96643071686
161.803254133793,17.7467669756518
384.744864775222,89.0976638139783
5457.00454488015,3034.17162215152
972.743217938324,643.613387287817
7338.52701972973,5685.59520392612
247.228630447931,29.9956744782087
1611.63013148912,859.40437160679
3042.24960054148,2621.22578010988
213.292925701263,94.2316943513536
639.638358974947,412.945842041646
2969.6893507343,2603.15560963581
8307.12219231641,6140.1388209517
2705.38769321388,2276.43722535969
6127.63282324263,5488.96587688837
2538.65473845019,2310.39459269351
2857.06114390266,1878.85304949286
255.644939623876,16.4531529819824
3396.72613901229,2546.68127372468
841.298759731194,495.494585012673
3485.30749014382,2060.03985948118
1844.130136205,1250.23749944415
1490.34529143508,740.432309626509
342.092276446245,16.0084731716585
1894.23721066274,1427.46261657685
7945.79284339094,3308.74119230785
304.128791861787,15.6850696732412
2734.18322562523,2515.27070894089
330.580017015082,41.9616039196504
208.152979163673,1.0106359325542
1962.34909473434,1462.18806721942
2434.95397158043,1868.18073404509
6089.66930102522,5000.70744515279
660.919568860128,494.200971019004
3653.93383410659,2077.05896858539
1015.69634304071,578.164604295607
2637.48610209116,1900.39980757492
1144.88651201658,232.567540799373
1076.77462794497,302.907801705145
3972.06988441504,2943.98247153039
6213.11863808145,3256.10727294042
2617.01648449941,2033.27821998714
183.775781390319,8.32764008424661
3111.86454480968,2202.2161224729
150.741837495701,41.1126697363049
359.105231915363,149.695394329928
504.526757531529,247.44410172657
3138.1955703068,2798.7338753037
1503.48069782016,880.991555126148
578.34970585589,342.16090132555
4068.85732703954,2551.69402795015
209.054721199245,38.3233145624553
176.020777304627,51.8254106213794
2702.59231736503,1817.9319154785
3305.01854309728,2554.07912875098
2105.66652424005,1427.54346745146
767.325543020128,397.503324992218
3369.64365868278,2483.57716609599
2853.42429519462,1814.61702961972
396.197024378294,90.229576058439
2552.09090740641,1625.46640848287
408.070033309822,82.0232122860989
493.134697756549,154.546446806188
1039.68283548204,629.666611418569
336.711855330381,45.7615950260542
8117.39490031978,4235.13051352433
2531.74141420493,1755.43418940934
2946.81513789164,2464.01125444175
300.040874562952,28.3786569861219
632.00353572896,239.156887079626
2632.46646810861,2451.9240486884
3957.49178109213,2999.72914957008
5944.66862473751,2609.21942523113
830.958729194968,542.751921218908
4557.84397944445,3443.15577133756
264.993040749438,21.5871835193577
316.332406297249,168.533648112738
366.559642778213,253.669619071104
3880.15184501933,2501.56648569546
3103.56843528992,2440.96875517951
1035.83539276148,564.298679300963
364.936495824297,73.6955722018523
3177.72191385231,2470.35804809819
691.939585202897,575.011420186038
354.53636545998,3.43616217068428
3534.2122669761,2489.60055625402
887.468147643846,538.345548552971
2709.0546482854,2454.30914948922
2419.89491910098,1496.75181611277
628.035893352216,329.911993822993
3095.06188228945,2688.00860253306
3210.69590845065,2774.6403146716
836.00846954099,429.520271335535
299.048945152288,120.548654035065
429.862223449119,126.491193318484
4120.16669912274,2732.96168881307
712.289003138462,491.411615845154
2767.90867505596,2533.50258116417
1292.47227120426,868.904349372799
144.820367395198,5.9425392834187
2227.52248200925,1594.05584369909
6758.19374670791,2206.37994251503
386.337942998616,46.6105292093997
314.348585108876,147.714547902122
260.694717602852,75.4742914431477
3762.92489116655,3066.67367374247
461.513494968096,212.516523897497
9734.79665689344,5550.08913808925
3646.14893063867,3127.79693494334
3099.84126749145,2131.87586156713
3821.98936141783,2738.58082459807
327.003079970362,186.199564213786
1335.96648292424,969.159433882176
746.795787967336,235.801575783546
276.986249337149,89.6636199362086
625.901728511229,5.37658316118835
1423.76642339173,886.651116348451
323.696686234439,105.267838734846
2638.56812479453,1540.97724452134
5453.03712830113,5165.80493109484
3590.66139743211,2493.68352542154
252.037933848633,29.6722709797913
6591.85187360579,4531.85322332224
2766.61620887189,2617.9917451257
339.387031523052,191.454871063068
331.211234558335,16.0084731716585
7210.20888157198,5083.09448637461
1874.09816094197,855.038424378156
830.567948597035,657.155908784043
477.684789413256,178.478305689072
2449.0512762786,1720.50661158027
484.658288752513,142.82306998856
1374.86164655945,1323.73094445949
212.391183665691,84.4083130869268
504.616926090143,228.120742696134
346.390599592831,133.606070283665
3416.71465691567,2738.90422809649
2047.41372154812,1617.26004471053
470.861596093658,125.520982823232
2722.49081724161,2492.06650792945
3261.67441159923,2960.79945344809
3094.97186426266,2087.44830597205
144.790317481152,0.848934183345528
3158.21419457365,2589.37053551577
2668.71663718054,2377.86464755082
1976.80707366697,1380.36698211983
2983.15532499036,1953.35713044076
2786.12392815054,1837.13399819703
3704.52185772087,2518.14091498935
2901.27685462338,2187.54168873222
2460.80419845281,1730.53212003121
353.364098932088,95.5657337823252
2759.85311538038,2124.35673022893
821.941271206293,49.804138756271
221.889571994436,21.3042054582425
469.899735413518,285.605714539817
1899.46728812599,1397.26481491214
951.401870592096,488.33928261019
1635.40618044974,1119.74418783275
548.411712216489,99.9316810109593
630.320288946953,71.4317477129309
2498.10628386463,1404.25841556541
2854.47621153452,1916.93381143151
906.404824473245,440.79896834284
2841.52114226667,2546.80255003658
2901.33706735033,2628.70448601078
4016.82660648743,2642.52998556812
3555.97435075192,2322.80520194527
394.573877424378,197.922941031415
2881.07759217565,2143.59923838476
5686.67936844734,2365.37318742445
2732.74052868741,1992.16555025084
3653.72369168952,2437.81557106994
376.839573486348,76.1615238772846
693.803169102133,221.571821853183
2928.75011555081,1841.82334892408
3037.41030367616,2639.78105583157
1437.89368392156,734.611046654997
2686.24064816968,2466.15380261876
3040.20567952501,2234.55647231464
241.216991788814,77.4147124336517
2255.92738435448,1582.61544494258
1318.53264049371,776.330097950835
1094.83957501989,544.773193084016
2909.03195279145,1488.0199216555
377.651128146828,196.71017791235
3667.27968397237,2818.70404133097
967.813677248484,53.402002676164
3099.33036250324,2714.9319437763
3277.48506944289,2228.53308215662
3159.86733499218,2732.43615812814
830.207274362579,173.627253212812
2440.69525509552,1435.7498312238
423.159229785705,106.2784746674
1719.5390153139,1280.27359935966
3129.44846746215,2612.413034778
411.977575858475,19.6063370915515
3499.04412060754,2052.48030270567
3250.67324532105,2051.22711414931
3286.20206592406,1930.23378030392
226.759012856184,5.25530684928184
546.728465434482,21.9914378923794
3243.3089277509,2064.81006108284
7042.6344539491,4131.03501247125
684.094393742114,485.792480060153
475.971473900726,54.4530640460203
498.755593450686,193.880397301198
4439.9254824226,2779.32966539866
4279.50492888917,2919.56550739988
648.174867807074,150.584753950576
682.892096116654,447.752143558813
3282.56491615239,2433.00494403098
407.49891559466,8.12551289773577
3148.98629310427,2568.71313705436
3336.85000120167,2772.37649018268
2786.09382178707,2399.20927844637
430.07262929687,182.076169608965
242.47942687532,8.00423658582927
2361.31139800625,1412.99031002268
539.123748551972,388.973557721461
2320.40226918624,1514.86241202414
462.685761495987,120.144399662043
559.413029026491,437.645784233271
226.217963871546,42.2041565434634
4072.34394499383,2651.30230546269
311.072222470522,157.457078291944
3327.56218806897,2254.24366028079
553.882339523922,451.147880292195
3876.45478358433,2487.4175826397
2950.1214187287,2545.63021235482
3463.27475016034,2297.33717644491
3449.53811969663,3039.06310006508
1062.94782892264,250.880263897255
5272.44711761982,3368.93466845078
2462.63767598857,1796.78941176946
2413.13182560947,1440.84343632387
2166.56447202708,1411.00946359487
3923.73622529792,2690.5958305204
4010.81496782832,3207.2329192421
3760.49018955216,2543.08340980479
495.930111238356,214.820773823721
7372.82358687563,5099.87104285501
2713.32282743555,2575.62588683303
5129.61108886612,3963.63327660297
3091.27480282766,2101.96103796353
3367.14874434143,2121.40567330587
2983.15532499036,2602.87263157469
2764.84264299945,1826.34040643735
3300.93070106435,2246.11814738306
2714.28472574865,1885.60409752232
405.905837371267,257.752588238623
817.402511114387,37.1914023179946
610.121177031048,238.348378333583
594.370731914344,488.622260671305
3505.53655789139,2376.97528793018
1391.93481475552,1122.25056494549
5450.3016641156,3785.47837441232
1309.81579454435,666.04950499052
613.908482290565,328.254550893604
3050.57581642472,2535.72598021579
2513.70649822758,1646.16423238158
3946.46020738684,2517.3324062433
3049.43358099439,1840.61058580501
321.562559026407,30.3595034139282
432.657636930927,233.699453043833
2537.33216590264,1720.91086595329
1692.57680990649,976.718990657682
634.197762765083,182.763402043102
2851.95119082969,1924.93804801733
859.514012825772,670.415452219154
4537.3743618527,3393.35163258129
2701.66022435177,2429.00282573807
1060.33279019102,553.99019278891
907.186310403203,686.302649078906
2480.94294710995,2169.39066738354
621.42303061446,155.112402928419
294.119404462449,84.5295893988333
2774.16086355926,1858.76160715369
201.389885672167,69.8551556581463
6989.46119690303,6476.80186280415
1930.69782321537,961.03392098444
210.46746230541,112.62526832384
3324.22580086843,2629.31086757031
2758.83100434034,2557.55571635896
2941.2240851303,1589.85159821966
3088.80999484979,2140.6481814617
3295.36975466649,2471.16655684423
3536.61686222702,2527.64089275536
4984.82055499548,4639.42531198331
2823.75688249698,2621.22578010988
3238.86041148352,2688.17030428227
4273.10281069575,2818.66361589366
349.606824770141,23.7701571336748
262.648470060701,91.2402119909932
4056.74373063088,2755.76163545149
3114.11890930685,1726.81297979941
2753.60092687709,2113.28016040814
3933.6255635729,2665.53205939305
3046.36785000152,2667.59375669546
3401.83579102163,2138.90988765771
2640.85259565517,1576.63248022185
358.47401437211,84.2870367750203
3634.57634558169,2763.3616176643
388.953019363195,189.716577259075
3240.81431447319,2543.77064223892
482.91490450946,356.835335066237
334.036679137711,66.3381426128577
2748.941967129,2051.22711414931
2960.4915556284,2360.19873144978
5979.32586611786,4265.57086781286
2864.57569222656,2523.76005077435
4214.03834044448,3120.84375972737
5764.28935860053,3300.2922759117
3191.60877506977,2177.880009217
7452.83847334338,4791.34410536486
3293.23551455959,2340.95622329395
3224.58276966812,1728.75340078991
682.110534920787,156.406016922088
404.192521858737,116.506110304848
2382.26196475455,1509.36455255105
196.881156677829,16.9786836669106
7682.09240994915,5651.35485853118
309.028263821104,106.763579915026
4134.143578367,2793.43814301711
1143.50380200798,850.470349963011
598.608879966931,423.375604865606
406.717392031748,225.25053664768
2937.94791065671,2801.88705941326
3471.2703981726,2604.08539469376
7968.39670108958,7574.83759080564
2825.89082154024,1794.48516184324
4018.99065189417,2425.9304925031
319.428394185421,23.4871790725596
1077.40580785527,826.295938456314
3062.35854389877,2436.92621144929
3615.60963765472,2272.9202123144
2265.7565099025,1172.70151069859
806.491362863,710.274933399092
4294.53402553696,3332.59220031613
1004.51476437939,563.207192493805
2271.04664956089,2125.28651528688
2990.18907468953,2603.92369294455
4651.23482214146,2880.99964021361
220.41673106018,3.47658760798645
319.097788681487,66.7828224231816
300.912566684478,40.1424592410528
3453.4757309758,2477.91760487369
1866.82416246225,1308.32885284737
7820.45041819926,7371.57849205034
2383.31403162626,1329.22880393259
2951.8946835375,2613.98962683279
552.860303749781,392.975676014375
3000.6793359795,2638.72999446171
410.234191615422,300.441850029713
4347.6169634926,3195.02443717685
397.790102601687,147.3102935291
3764.57803158508,2788.99134491387
555.565586305929,230.748396120775
185.57928427794,7.11487696518157
5721.81710738878,4462.64487466093
3726.97548466576,2319.6115923984
559.292754104399,400.858636288298
4213.07644213139,3030.0078021094
1212.60761549026,593.404994158524
245.184671798513,73.5742958899458
584.150901034301,87.1976682607764
7258.81319689675,6680.22266330866
2449.74251838404,1663.02163973659
422.678318262112,302.018442084497
202.712458219718,36.5445953211599
2271.82821075676,1391.84780631364
2973.44662489625,2447.84107952088
3060.76561620719,2479.73674955229
817.97355356364,393.379930387397
411.52669543245,219.510124550772
1275.94026489169,677.61118005894
4221.88345663936,1527.1113195267
1345.70528938182,957.233929878037
432.116587946288,137.891166637695
5570.26408215391,2728.47446527253
456.914597415144,65.2466558056992
4785.11390669708,3810.01661485473
2564.38453986866,1632.98553982108
806.160719726112,154.425170494282
246.86791858052,35.4531085140014
478.826987210624,78.6274755527168
325.951050731608,45.0339371546152
2362.21323412421,1368.76488161411
7263.32192589109,6319.99159150904
314.017941971989,55.6658271650854
803.2150378576,600.762423747519
1746.35083943574,1021.95505499881
1787.16995022896,1657.72590745
2664.41835166691,2560.91102765504
3579.08911343877,2656.80016493578
1669.49215358312,1295.23101116146
2989.25728273991,2512.56220464165
256.877305979858,68.561541664477
3547.76856032259,2006.71870767962
492.263005635022,83.72108065279
473.236197879964,164.976209630148
2865.50748417618,2679.3979843877
4945.80511643817,3111.90973808359
5801.80248962033,5681.67393650781
326.281693868495,73.2508923915284
3209.82402816435,1785.10646038914
253.600980974458,36.5445953211599
8265.19125351998,6468.23167009609
621.934086134485,154.58687224349
2820.17994545226,1371.87764028637
3710.7439398607,2107.78230093504
713.310963646693,477.343563664
316.512781047431,190.92934037814
3920.18939461668,3031.42269241498
7644.3095259126,5303.17056704761
342.963968567771,128.47203974629
3740.59168967557,2229.70541983838
254.532772924076,22.2339905161924
813.404762374166,180.176174055763
3028.36273932401,2460.29211420995
2884.8348663376,2524.40685777118
5736.24528102157,5237.47923143159
4154.07218460706,2708.54472468256
264.962972018915,126.491193318484
2763.46015878858,2292.08186959562
737.778329978661,259.450456605314
2979.30803280162,2612.77686371372
3252.50672285681,2580.6386410585
511.019345347193,346.809826615299
2817.4745876302,1871.69774709038
3725.92326726224,2813.61043623089
384.92520189245,74.4232300732913
197.542442951605,51.6232834348686
2907.46883039972,2455.27935998448
4587.36116138835,2695.24475581015
2842.75339572379,2333.07326302002
1239.29931522183,839.393780142217
3039.78509362724,2136.76733948069
7155.62303395156,4551.29785866459
3087.96822092697,2600.81093427228
311.853746033434,86.1061814536179
273.108737886064,65.6509101787209
3716.54513503911,2506.053709236
3397.77805535218,2201.08421022844
523.403296899883,4.32552179133198
1245.8820715961,1058.25709769615
3271.20307563975,2035.70374622527
291.233822422028,164.65280613173
337.583547451907,76.040247565378
883.38023034501,423.699008364023
415.554512903195,212.556949334799
522.77207935663,43.5381959744349
3132.42418042823,2216.64800358978
3548.73015757205,2431.95388266113
2522.99461242392,1787.00645594234
311.192459759658,21.3850563328469
3656.18819860376,2367.63701191338
342.212513735382,137.284785078163
2679.98845966638,2514.66432738136
7721.28848668732,3368.73254126426
534.915593964,261.027048660099
1116.57170296405,713.145139447546
568.280180995506,342.363028512061
3380.22393799956,2775.97435410258
4021.78602774302,2888.68047330102
3906.8435447509,2339.70303473758
585.894285277354,462.669129923313
2638.56812479453,2255.01174358954
2899.44337708762,2299.43929918462
554.66382545388,424.143688174347
3209.55367302033,2056.28029381208
2137.76863855209,829.934227813509
619.799921293499,249.66750077819
8541.84705729325,7956.3324426262
2681.97216795589,2477.14952156495
189.096083861614,8.28721464694444
8493.66362892989,8216.91481147597
156.122258611564,5.21488141197967
336.080637787128,158.346437912592
2864.81624207074,2059.55475423355
2440.99571660302,2010.92295315905
2603.27985403569,2269.44362470641
595.062049285688,546.066807077686
2913.66080617606,2618.35557406142
2202.57409125482,1479.24760176093
6916.3298293807,6518.07623428967
2355.11942222991,2075.64407827982
4315.72529266125,3190.82019169742
3115.26114473718,2674.10225210111
2774.22077522258,1974.6209104617
817.252205094728,308.809915551261
868.230858775128,624.613431755798
426.104949287172,132.069903666183
4595.41672106393,2528.57067781331
5461.81373538199,3012.22060969645
212.210846548463,32.2190735298279
332.443600914317,145.652850599711
1501.70728247954,819.989570237176
2688.16414373224,2501.00052957323
832.13099572286,363.990637468721
4163.17996168617,2646.93635823405
313.386724428736,36.7062970703686
3466.73156281479,2858.60394794821
520.157002992051,91.6848918013171
752.206277813723,502.488185665948
2831.18111173044,2512.72390639086
5867.8100894167,4799.34834195069
3988.51157163718,3089.83744931661
3448.81677122771,2231.48413907967
3227.43835824393,2521.09197191241
8742.99610146584,6236.31093629355
1978.27987696828,869.793708993447
3055.38530799019,2733.04253968767
3845.0740177412,2707.73621593652
632.785096924826,173.384700588999
3891.03288690724,2753.29568377606
1489.41349948546,688.283495506713
9543.14556827062,8991.3044884363
3233.05921630511,2110.12697629857
691.939585202897,443.911727015107
3097.5567966308,2756.12546438721
3095.21241410684,1887.38281676362
748.388866190729,601.975186866584
3760.27974607145,2505.60902942568
2686.18043544273,1672.5620429399
4461.23687393717,4134.87542901495
4044.81077240308,2786.32326605193
4231.26158886249,2631.21086312351
306.864067882549,139.993289377408
2143.20915949605,1260.66726226811
605.91306007603,244.937724613836
8606.44206651528,4516.2085790863
3304.35710629169,2227.80542428518
3168.73456222711,2332.7094340843
8349.68476261859,5314.69181667873
502.06198718661,293.367398501833
2629.91134104031,1856.05310285444
3900.26078837662,2944.38672590341
3266.99480815291,2008.86125585664
2490.32107933308,1208.92270252133
563.500946325326,393.582057573908
208.724096878834,15.1999644256152
3413.40837607861,2293.4563344639
3016.33946200578,2736.15529835994
225.075728441223,7.64040765010976
2625.88371173434,1725.23638774462
3092.20659477728,2699.77240478799
231.147504561385,20.4148458375949
2594.95393921609,2382.39229652867
4498.29871056844,2963.62923405924
354.53636545998,55.9892306635027
5786.32239964765,4192.68380435705
4620.81595461142,3665.13184756376
332.924550070865,184.016590599469
4274.78605747776,2690.676681395
2555.60763172417,1433.04132692455
3075.464144984,2355.83278422114
428.35931378434,220.237782422211
4182.86801808205,2617.38536356617
1619.74575335984,1219.15033815878
3075.94494360873,2578.05141307116
3029.0241761296,2194.6161402601
201.690478895009,5.57871034769919
365.417444980844,134.212451843198
3122.92592381482,2224.4501129891
555.204836805564,201.682506700516
2578.39182654004,1943.57417461363
606.003228634644,320.331165182379
1465.99812475929,793.834312302673
5518.08313084805,2483.90056959441
3883.42832055655,2780.62327939232
950.259710427682,411.571377173373
2171.76444312685,1477.06462814661
3004.79728437591,2466.15380261876
3315.05781106237,2457.86658797182
4032.72728235789,3249.47750122287
372.150469741828,160.084731716585
3436.64326315573,2207.47142932219
476.031573728817,239.035610767719
2202.66425981344,1817.81063916659
1163.7930824825,637.347444505981
2948.82895254462,1877.6402863738
3180.60760879159,2516.32177031075
425.1731197046,126.167789820066
358.894826067612,223.148413907967
3075.79471285498,1958.53158641544
3649.81588571019,2703.85537395551
329.678256163033,93.4636110426124
477.925263991529,57.4041209690786
395.95654980002,49.1977571967385
541.828955842211,229.818611062825
1512.25775649647,983.227486063331
285.76323274755,79.4359842987601
213.172707228603,48.833928261019
3303.3051899518,2750.42547772761
2463.08836824982,1554.80274407868
3895.39138514782,2971.59304520777
298.357627780944,103.408268618946
585.473473581852,173.667678650114
4120.67760411095,2811.75086611499
324.478172164397,71.7955766486504
2594.05195256631,1833.57655971443
3772.33312975316,2881.40389458663
3675.36535001143,2169.43109282085
1441.07984036835,736.955722018523
3389.39192780562,2208.07781088172
3192.81122322705,2239.00327041788
2528.4050270044,1917.45934211643
5319.57862964329,3894.02067356864
312.484963576687,68.8849451628943
2537.27225423932,2418.69433922601
2737.79026903343,2475.33037688635
3608.57618901919,2721.27873743274
3355.78660276516,2472.13676733948
2935.03210935395,2229.46286721457
2901.30696098685,2189.76508778384
4377.88560026888,1725.11511143272
3211.59759403679,2078.43343345367
3389.96304552078,2179.25447408527
594.310594453299,55.1807219174593
2989.31719440323,1930.75931098885
332.052857949338,3.39573673338211
644.537793301309,384.769312242035
3448.36607896646,2415.62200599105
261.325935146104,107.531663223767
457.936557923376,278.975942822261
7447.30793437262,3642.00849742692
2648.27712595227,2472.37931996329
2791.83480423852,2444.36449191289
2712.69179805707,1699.36410787124
2878.13198557305,2524.81111214421
189.997825897186,27.9744026131003
4119.5654750441,2666.62354620021
2831.93256656283,2534.67491884593
1142.90265319525,788.579005453391
6153.2726066343,4987.24577453117
3583.92841030409,1932.05292498252
2753.87158308475,1915.23594306481
192.582833531243,83.963633276603
3104.71067072024,1939.45078000881
3244.36114515443,2155.4843169516
319.428394185421,56.31263416192
399.383218458035,46.5701037720976
788.45644688565,283.503591800104
4393.45570826836,2989.29938674612
2594.2925024105,2443.83896122796
2821.86319223426,2618.92153018365
3315.53891075073,2628.58320969887
3264.28975139449,2476.3005873816
2687.14233375582,2480.38355654912
503.534828120866,235.437746847827
1196.85717037355,959.093499993936
604.650624989525,362.777874349656
697.380106146853,271.537662358663
4175.98449913664,3141.58200906338
2174.74030662475,1271.01617421746
381.348302480685,29.106314857561
306.323056530865,105.429540484054
421.506014101266,20.9808019598252
368.092621173515,325.141792221337
1721.0118186152,786.355606401772
3143.93655275825,1834.8297482708
2795.29161689297,2517.85793692823
4732.75261827399,3231.16477812499
3671.75860766687,2497.96862177557
3132.84506738964,2655.82995444053
3357.16938803966,2511.55156870909
3283.61713355592,1935.4486617159
2931.12460443825,2567.21739587418
562.569154375709,165.137911379356
481.622400692432,278.814241073053
2481.2136033176,1412.90945914807
5006.76327695216,4065.38410229253
761.34393545858,158.831543160218
330.700216671264,116.34440855564
3201.46800698127,2059.83773229467
2740.82619472646,1742.25549684884
314.498853495582,102.316781811787
3198.64252476894,2521.29409909892
254.923515889055,18.2722976605799
1989.46153089551,1801.11493356079
3057.18867916247,1876.06369431901
262.498201673996,133.646495720967
2390.97896123572,1631.6110749528
511.500256870786,354.409808828107
6346.75717279288,5753.99504384139
196.400226337759,22.0318633296816
2692.22218046532,2574.85780352429
1469.54495544054,856.412889246429
4013.36979383299,3361.61766429908
451.654413588417,42.1637311061612
3469.01603367544,2642.28743294431
3319.02552870502,2291.19250997498
453.638234776789,56.4339104738266
346.811411288333,4.52764897784282
2254.45458105318,1572.02398036941
244.55345425526,51.7445597467751
2819.8192712178,2586.50032946731
5540.29620794876,3365.86233521581
332.413532183794,167.320884993673
3300.81027561044,1845.86589265429
472.003793891027,313.337564529104
3140.8407154019,2663.75334015176
3335.40730426384,2934.40164288977
3068.58062603859,2032.83354017682
297.546035487509,89.5827690616043
1034.66312623359,781.747106549325
3014.77664067768,2690.5958305204
344.61718425221,37.8382093148293
351.47044630233,207.018664424402
4445.15586094949,2708.62557555716
384.023478673356,26.4382359956179
708.14094837858,176.57831013587
2074.43613968248,1172.98448875971
2446.82701814491,2484.91120552697
3637.3419161307,2017.87612837502
627.645112754282,239.399439703439
666.059477764764,465.660612283673
314.07804180008,124.995452138304
2990.82010406801,2500.5558497629
7139.87258883486,6093.24531368118
184.226661816344,22.8403720757249
3436.64326315573,2207.10760038647
5798.3155706024,3897.57811205123
281.404809772872,157.457078291944
537.290195750305,15.1999644256152
2697.60248868232,1419.74135805214
14.0972952899354,21.1020782717317
2532.40254994689,1543.9283014444
811.390872455271,437.605358795969
4269.49576728756,2912.5314813093
4880.33822692985,3221.70522579628
468.727468885626,239.924970388367
245.034403411808,34.644599767958
937.094197679126,643.896365348932
3900.83190609178,2419.42199709745
294.600353618997,68.5211162271748
2603.55051024335,2408.58797990047
5840.60718363329,5310.28544401279
8064.88338114294,6741.83102975717
3840.02427739518,2640.91296807603
3803.02265349086,3590.62776661587
1102.95527215652,558.679543515962
2865.83835311079,2654.65761675877
2134.13163931224,1416.83072656638
2529.06616274635,1731.25977790265
426.976603775744,40.5871390513767
2610.73449069627,1863.00627807041
2450.73452306061,1303.4373749338
313.176318580985,87.5210717591937
4348.57886180569,2571.98759747584
201.961003387328,63.4275111271016
3173.0930604677,2645.11721355546
2879.51477084755,2533.09832679115
3712.18663679852,2792.62963427107
4086.02036273059,1603.27284340398
377.741296705442,73.1296160796219
3126.5630735865,2701.02559334436
371.459152370484,114.242285815927
522.802148087153,27.4892973654743
3134.40818978137,2549.75360695964
4308.75175568904,2820.76573863338
4014.45181653636,3047.14818752552
3268.88849841563,2196.43528493869
594.611131226709,144.116683982229
643.726276273782,325.343919407848
3791.08939419942,1908.44446959805
1372.24660782783,764.727997445112
2991.69198435431,2575.34290877192
2884.47419210315,2419.05816816173
2237.62196270129,1458.54977786222
4508.18774777978,2862.76776799033
7002.56709905191,2940.30375673589
2498.31672734534,1609.90261512154
3139.54824921782,2009.10380848045
3637.37202249418,2773.54882786445
4168.92094413763,2506.053709236
189.336558439888,50.6126475023144
2192.98551555099,1530.46663082278
2945.49256534409,2646.12784948801
5172.32358885841,3368.57083951506
3077.44785327351,2546.31744478896
3488.25309674643,2698.1553872959
1393.64801736919,832.157626865129
4366.04266006788,2931.2888842175
4249.7776045282,3723.6678807773
3182.71174253501,2265.32023010159
2902.6295335344,2606.10666655887
3206.84831519827,1946.7273587232
3223.6509777185,1973.52942365454
457.726152075625,161.418771147557
2462.96824385955,2220.7713981946
4155.09429564711,2342.24983728761
1231.24360501443,664.755890996851
572.608572872615,328.780081578532
4431.93013547398,3002.72063193044
3319.71707187409,2476.78569262923
2617.52738948762,2484.83035465236
3062.83964358713,2094.48233206263
7570.0052144692,2951.86543180431
1579.73831012596,1564.30272184469
468.426856846307,64.9232523072818
4394.95861793314,2950.81437043445
3796.83067771452,2034.00587785858
2101.0676266871,1449.17107640812
486.34153553452,78.2636466169973
2065.02790109587,1339.33516325813
6016.05683381451,4262.66023632711
2090.39702827989,1170.68023883348
5184.1066173961,5051.60307071622
2078.0130767272,1576.43035303534
4007.86906016208,3759.20184016591
4446.23788365286,2997.82915401687
136.885007375801,12.6935873128808
723.3503821436,447.105336561978
4140.42587323378,2891.91450828519
3939.99787646647,2738.94465353379
342.39285085261,167.644288492091
2783.68922653615,1855.85097566793
4053.52746782061,1798.89153450917
2801.60371705959,2122.69928729954
3745.37107487757,2653.72783170082
299.319488461085,67.8338837930379
402.389037787593,165.218762253961
4280.97803325411,2985.86322457543
2921.50592237094,2749.94037247998
320.991441311246,61.4466646992954
3581.67404580692,2738.41912284886
3208.83232455142,2111.50144116684
5079.83443174754,3294.7944164386
3071.82699521233,2687.07881747511
2864.72592298031,2413.03477800371
797.894716569827,66.4594189247642
2931.21492352868,1587.02181760851
521.870318504581,346.567273991486
3279.01808547115,2100.66742396986
6553.34703897306,5037.89884747078
2910.89553669069,2595.19179848728
4008.38026621392,3281.61572387809
613.307333477835,426.124534602153
299.199251171948,16.4935784192845
609.369722198659,324.858814160222
256.426425553834,75.9998221280759
4275.95809820793,3078.4779014347
3095.27232577016,1988.64853720555
779.438988896976,545.420000080851
176.531757558743,7.80210939931843
207.702117554126,13.5829469335285
428.629819460182,34.9680032663753
284.04991723502,93.0189312322886
3077.53817236395,2178.60766708844
2872.09024055046,2546.80255003658
3040.56635375947,1807.54257809184
207.311355772669,12.4106092517656
595.603060637373,319.724783622847
370.046411264319,118.891211105676
1443.60486107317,769.053519236444
2874.34460504762,2228.1692532209
3517.71036702701,2159.56728611912
4561.33059739874,3199.34995896818
3090.25269178761,2690.95965945612
2724.7150753753,1983.11025229515
899.250950383805,710.355784273696
840.577335996373,263.412149460927
2718.58301126228,2556.98976023673
1688.96976649829,659.096329774547
438.188326433496,128.229487122477
1672.61809730295,484.135037130764
3233.99100825473,2375.88380112302
723.440550702214,37.1914023179946
3081.95658226785,1990.99321256908
532.721329294922,300.76525352813
2478.08765959777,1508.556043805
900.874059704767,582.449700649637
5005.38019061402,3805.16556237847
4940.75537609215,3755.4422744968
2562.76150581361,2370.14338902611
956.752222977437,614.102818057234
3158.84552501577,2147.07582599275
5398.06050008279,3476.87058604756
3214.30295185885,2557.11103654864
434.190577693274,258.278118923551
2773.5897458441,2103.90145895403
3834.6138628147,2395.32843646536
3622.73370644432,2271.46489657152
839.224732351254,476.252076856841
2850.59881298229,2030.36758850139
2240.71795058946,1206.53760172051
4154.6734086857,3060.44815639793
2520.25914823839,1913.74020188463
3279.85985939397,2270.97979132389
2687.62313238055,2454.34957492653
3631.90139518674,2478.0793066229
6084.46932992544,4477.56186102543
3524.65379763574,2138.86946222041
2275.97626551664,1808.6744903363
518.984736464159,315.156709207702
494.938181827693,111.655057828588
232.169465069616,33.5126875234973
429.71191742946,285.363161916004
3210.60558936022,2635.37468316563
378.522820268355,261.593004782329
287.807191396968,63.8317655001233
6597.83340590143,3136.52882940061
2465.43305183742,1778.39583779698
465.270769130043,179.003836374
2932.32705259553,2662.58100246999
781.092204581414,662.047386697606
461.723900815846,65.206230368397
749.26059594521,498.203089311919
1321.5985220184,950.119052912855
311.703440013774,170.878323476264
3123.94803485487,2309.70736025937
525.807967416711,313.095011905291
2322.89703299577,1473.26463704021
3207.81021351137,2376.93486249287
2182.28481078031,1497.88372835723
480.329896875403,193.112313992457
230.155575150721,39.2935250577073
373.893853984881,126.289066131973
212.721826802579,19.0808064066233
2826.76270182653,2499.22181033193
7614.22122625354,5739.92699166023
378.07193984233,181.105959113713
3707.3473399332,2748.04037692678
3603.07545534828,2795.49984031952
457.2752716496,17.2212362907236
3485.78828876855,3139.11605738795
238.151072631165,76.2423747518889
8685.37493027966,8425.42921708055
2374.65724787204,1533.94321843077
522.832179184721,27.7722754265894
3318.66485447057,2274.9010587422
3912.04351585067,2706.24047475634
3935.81971534311,2839.40186522968
4944.06165692921,4105.9308159066
825.758682829287,335.652405919901
600.743044807917,443.871301577805
542.700685596692,302.058867521799
964.687658262744,598.458173821295
2935.99400766705,2423.78794432609
3351.66865436875,2790.12325715833
4376.29237151367,3133.98202685058
2101.81908151949,1385.62228896911
2167.10548337876,1122.81652106772
3576.02308138226,2891.59110478678
1940.25629255573,1711.24918643807
204.455823646294,19.6063370915515
2645.36132464951,1662.25355642785
2751.40677510687,2594.86839498886
2083.48355350282,1271.98638471272
3099.15002538601,2304.97758409502
2426.08689487732,1691.72370022113
3209.34322953962,2091.00574445464
402.058394650705,170.757047164358
323.516311484256,96.8997732132967
1110.56006430493,656.832505285626
2707.37140150339,2402.60501517975
4549.48765719773,3319.57520950483
2047.86456434119,1905.08915830197
3472.80341420086,2587.83436889829
645.499691614404,255.246211125889
204.996872630932,36.2211918227425
1155.82769136554,594.375204653776
400.495347524881,152.403898629173
692.330365800831,156.082613423671
2986.46160582742,1981.04855499274
3857.66841277459,2324.90732468498
197.061512611535,36.3020426973469
2231.33981836633,1628.37703996863
3824.243725915,2655.02144569449
3317.07192677899,1987.84002845951
580.062983735465,178.357029377165
6554.88005500132,4859.98649790394
3678.76194993892,2659.06398942471
2068.51466958198,1184.14190945511
2760.24389597832,1878.65092230635
7073.38388935012,4673.34225387983
2198.51635558537,1821.6510557103
5957.1730017441,2989.21853587151
2971.01192328185,2083.12278418072
3741.79413783285,2406.93053697108
3479.32595784818,2250.6862217982
2396.17893233549,1503.94754395256
253.300406568093,55.1807219174593
4798.70030640704,2699.24687410306
230.275812439858,55.8679543515962
2290.8250250472,1476.8220755228
3603.22568610203,2633.87894198545
406.176343047109,181.469788049432
3239.37131647173,1796.82983720676
2925.3836219868,2592.96839943566
3768.48583756442,2523.19409465212
3232.3378678362,2409.67946670763
2351.81314139285,1754.5448297887
2846.63109533964,2534.14938816101
4119.47515595367,3218.3903399375
467.615302185826,157.174100230829
2826.04105229399,2522.06218240766
2945.70270776116,2008.73997954473
3495.40697083587,2189.80551322114
685.837777985167,354.975764950337
2612.65798625883,1582.00906338304
242.509495605842,10.106359325542
417.508302993999,89.2189401258848
506.30017287215,23.3254773233509
1120.9601570363,772.651383156337
2810.83161852897,2443.43470685494
3178.98457473654,2198.01187699348
6768.59368890746,2316.90308809916
2755.67495425703,2478.56441187053
2472.73715668061,1742.41719859805
279.240613834317,112.382715700027
2977.56457329266,2612.25133302879
3520.41542378543,2469.22613585372
318.46653350528,112.342290262725
2710.82821415783,2428.31559330393
4529.82970716533,2917.01870484984
3255.75309203055,2614.59600839232
414.923295359942,290.052512643056
2940.92362362279,1921.86571478237
387.329872409279,47.0552090197236
7554.43540753335,3180.18830168695
277.1966551849,92.4934005473604
654.998098759626,328.214125456302
3619.36691181667,2294.22441777264
302.114901942892,96.010413592649
320.119749189719,54.5339149206247
686.198452219623,498.203089311919
351.921326728355,197.84209015681
210.317175102228,20.4148458375949
263.399924893091,33.8360910219146
277.346923571605,0.60638155953252
3271.4433244203,2346.13067926862
297.425798198372,133.161390473341
3550.56393617144,2734.21487736944
3421.49404211766,2338.53069705582
2901.99820309229,2646.00657317611
6013.2617590293,2659.99377448266
742.196890414385,552.534877046032
5513.09330216534,1876.42752325473
3206.09686036588,2761.17864404998
2634.02959050035,2520.56644122748
2014.019141052,1247.04388989728
2420.88677324573,1608.28559762945
587.276995285951,209.808019598252
253.150100548433,40.425437302168
3560.18231717512,3124.44162364726
409.482736783033,67.1870767962032
201.840766098191,31.2488630345759
223.512718948352,87.9253261322154
2664.02757106898,1521.4517583044
5688.06185265821,5065.34771939895
375.336663821568,3.9212674183103
4438.4526791213,3138.02457058079
705.165160146591,419.373486572691
2755.01351745143,2513.6132660115
3015.0469958217,2425.12198375706
7379.1958997692,3509.53433938772
1791.91907853566,1001.41893284931
698.552372674744,472.856340123459
3389.87272643035,1719.41512477311
2758.77079161338,1622.51535155982
198.925115327247,9.70210495252032
3629.07591297441,2515.59411243931
956.812360438483,332.863050746051
2886.54821948309,2252.02026122918
3547.49790411493,2276.96275604461
1483.5520915801,799.655575274185
2923.57994975088,2579.42587793943
3187.13015243891,2166.43961046049
2865.50748417618,2600.12370183814
5215.1866206681,3593.25542004051
237.70019220514,34.0786436457276
2571.41828956783,1822.37871358173
2472.43669517311,1804.47024485687
5277.07627206806,3166.1606749431
3540.04356851799,2851.32736923382
2784.0499007706,1692.41093265526
2469.13011327242,1551.4474327826
209.295195777519,23.0020738249336
2941.82530920893,2595.91945635872
382.911311973555,316.531174075976
309.388975688514,10.591464573168
4158.85156980906,2977.65686080309
3611.55190198527,2627.00661764409
5234.69433994675,3524.69387837603
3123.52714789346,2474.2793155165
3283.97780779037,2287.19039168206
3270.45162080736,2134.26096236796
2480.19149227756,1920.5721007887
3136.09143656338,1745.57038270761
329.077107350303,123.782689019238
434.491152099639,46.2467002736802
2934.49109800227,2021.63569404412
2010.95310899548,1247.56942058221
493.615646913096,105.389115046752
3782.22246802814,2014.43996620433
7201.1914235833,3114.13313713521
3415.87318405648,2025.19313252671
228.291953618532,6.83189890406639
3027.61128449162,2253.39472609745
146.864326044616,5.01275422546883
5904.99205043824,4153.55198104855
267.006930668333,47.2977616435366
2545.05715770724,1616.04728159147
3921.36173641048,2522.14303328226
3088.90001287659,2108.9546386168
3510.04528688573,2419.70497515857
256.636831401585,65.0445286191883
2984.41768481096,1690.91519147508
774.389173285045,335.329002421484
248.461034436868,27.3680210535677
545.225555769703,303.75673588849
413.841197390665,302.786525393238
2103.47222193802,1656.23016626982
3114.65992065854,1838.18505956688
3107.86672080355,2706.28090019364
5558.09027301829,4082.88831664437
3465.64954011142,2514.78560369327
599.270166240707,458.343608131981
354.867008596868,121.923118903339
389.824711484721,190.201682506701
4418.01316789303,3211.80099365725
2514.84873365791,2232.25222238842
2940.71318014209,2597.4556229762
2687.89378858821,2388.41568668669
427.006672506267,176.01235401364
8209.07238987131,4471.78102349122
2844.52696159622,2519.79835791874
627.194269961212,405.305434391537
2310.24257576724,1672.76417012641
3528.32075270726,2295.03292651868
2929.53167674668,2058.09943849068
590.282814615509,126.167789820066
248.761608843233,57.9296516540068
1985.37368886258,1212.23758838011
3287.79499361564,2414.57094462119
424.481802333256,13.0169908112981
360.367667001868,98.8401942038008
302.415476349257,36.0594900735339
171.24152381797,25.4276000630637
227.2699931103,99.8912555736572
4492.22685918237,2916.2910469784
3289.56855948808,2238.51816517025
187.112243856765,0.687232434136856
1491.72792617777,754.62163811957
3182.26074921012,2474.56229357761
216.35886367539,13.946775869248
3416.26396465441,2340.026438236
3083.09881769817,2096.82700742615
556.317041138318,104.701882612615
3612.93468725978,2376.36890637064
636.512264723297,64.8828268699797
700.776706074344,498.081813000012
3317.82338161138,2482.04099947851
3211.47746964652,2268.79681770958
453.668303507312,6.14466646992954
1583.58575284652,1072.44642618922
461.00251471398,51.7445597467751
2982.61431363868,2242.31815627666
492.172837076408,190.969765815442
640.990962620066,204.391010999762
596.865495723878,162.267705330902
2899.41327072414,1583.90905893625
2311.05409279476,1399.89246833678
512.131474414039,304.363117448023
3053.5515293908,2602.46837720167
1075.03124370192,1047.01882612615
2929.86224461766,2563.21527758127
307.765828734598,74.0189757002696
2843.1742826852,2578.98119812911
286.36438156028,7.64040765010976
2796.79452655775,2410.00287020605
394.183134459399,167.927266553206
3996.56743237639,3060.52900727254
550.305402479202,373.045935424406
3998.79169051008,2840.33165028763
3016.0088941348,2676.60862921385
258.740927512048,55.0594456055528
699.844914124727,330.356673633317
2788.55862976494,2513.04730988927
380.175998319839,19.1212318439255
3527.23873000389,2624.29811334484
2870.40699376845,1838.87229200102
604.410150411251,393.905461072325
2949.70053176729,1961.24009071468
2544.51614635556,2512.23880114323
442.697055427833,75.7168440669607
4162.2779750364,3616.50004648925
2616.71602299191,1649.68124542687
117.978399276924,46.5701037720976
2481.18349695413,1261.47577101415
4099.3361062329,3070.67579203538
171.301642462538,1.33403943097154
3360.02497661547,2153.5843213984
816.350444242679,326.394980777705
3125.78151239063,2757.8637581912
955.309450773704,402.960759028011
1258.29597898045,725.757875885822
2045.8507496882,1100.90593404994
551.177056967774,325.18221765864
2527.11256082032,1593.16648407844
2775.03244278193,1950.52734982961
447.837001965424,174.112358460438
2565.97776862388,2025.75908864894
291.895108695803,114.929518250064
655.53911011131,413.471372726574
1077.64628243354,997.255112807183
3503.04194461367,2381.90719128104
455.682193426207,164.329402633313
1782.03004132432,762.059918583169
3365.07471696149,2632.22149905607
2748.31063668688,2024.66760184178
2549.14499974017,1735.05976900905
541.648618724983,260.824921473588
8654.35453760735,3728.23595519245
3526.42706244454,2318.27755296743
3544.55229751233,2862.2826627427
4265.91883024284,3457.1025472068
2055.22888191133,1695.32156414102
2877.83152406555,2604.40879819217
752.416646028519,67.5509057319228
174.728273487598,26.3573851210135
3066.47679335881,2418.57306291411
324.538309625443,20.3744204002927
405.545125503857,296.4801571741
225.917389465181,0.40425437302168
3417.52632447501,2050.37817996596
1994.6616525271,1586.21330886247
3073.60056108477,2644.47040655862
772.014609131694,492.462677215011
2679.35712922427,2563.13442670666
3433.45710670894,2226.83521378993
2968.36677818675,2730.01063189001
2826.01124699414,1866.24031305459
790.981317058661,451.026603980289
2683.95617730904,2151.52262409599
483.365784935484,226.907979577069
498.785662181209,314.671603960076
585.142830444964,303.999288512304
433.829903458818,234.184558291459
3859.47178394688,2432.84324228177
375.336663821568,38.6467180608726
257.147849288655,54.5743403579268
3037.17005489561,2111.05676135652
448.828931376087,84.691291148042
906.134243531494,687.11115782495
3080.39345987612,2191.58423246243
674.415649479664,183.167656416123
3147.00258481477,1849.09992763847
631.55269293589,526.541320860738
375.517000938797,68.4402653525704
652.86393391864,1.41489030557588
4260.86908989682,2743.59357882354
8262.33596600781,3155.77133755644
704.233368196973,584.066718141724
3985.89653290555,2128.07587046073
2324.76076742682,1575.37929166549
695.426353689003,118.163553234237
3227.43835824393,2765.54459127862
3119.83008645847,2588.0364960848
3426.33333898298,2481.838872292
4711.02033979801,3057.57795034948
377.170216623235,29.5509946678848
400.555484985926,272.992978101541
1603.48425272311,836.321446907252
920.952971964489,222.703734097644
639.87883355322,245.301553549556
243.862099250962,89.1380892512805
750.673261785466,274.933399092045
3103.56843528992,2125.81204597181
313.116181119939,204.067607501344
5922.18519249277,2551.97700601126
330.880591421447,96.3338170910664
2679.68769709525,1731.38105421455
3069.45250632489,2459.5240309012
2604.72285203715,2471.57081121725
2640.46181505724,1816.92127954594
3047.96077769309,2328.10093423186
745.112541185329,191.333594751161
2798.4175606128,1880.91474679527
2930.94426732102,1921.17848234823
421.596220292834,57.8083753421003
2072.99329221284,1377.17337257296
3568.29808957766,2218.22459564456
317.805284864459,134.212451843198
4622.88998199136,3176.34788514325
2846.63109533964,1990.87193625717
2924.06104943924,2121.36524786857
2916.36616399812,1909.98063621553
3751.71328140767,2879.62517534533
2829.43765222148,2546.80255003658
2796.97486367498,1581.1197037624
6029.97380139546,2822.38275612546
2899.68362586816,2558.88975578993
2800.01078936801,2580.07268493627
3986.34752623044,1818.98297684835
973.584841329327,631.647457846375
263.760636760501,2.74892973654742
4039.31003873217,2527.23663838234
1679.14079148209,1205.20356228954
3124.87982680449,2035.09736466574
278.549258830019,144.561363792553
623.34682724065,92.1699970489431
247.318799006545,50.046691380084
4529.79960080185,3296.6539865545
6029.25245292655,1980.84642780623
2469.16021963589,1790.32134180111
262.858875908452,112.584842886538
2483.97887280298,1732.63424277092
3390.26350702828,2287.71592236699
5144.88043429445,4797.6908990213
5921.85462462179,2021.71654491872
2688.46490630338,1576.59205478455
665.097654717578,274.488719281721
4518.28722847183,3191.83082762998
2744.22279465396,2436.84536057469
604.770824645707,91.8061681132236
2684.34695790697,2382.75612546439
2981.29174109113,2280.07551471688
235.776470844859,19.4042099050406
2722.91140313939,1707.28749358246
1332.02872111324,863.446915337007
585.022630788782,286.131245224745
179.116765192799,37.5148058164119
268.630077622249,135.344364087659
2667.75473886745,1686.34711705994
310.891885353293,210.535677469691
507.081696435063,35.0488541409797
2542.41201261214,1726.16617280257
2458.33939047494,1564.343147282
309.509212977651,4.44679810323848
509.396198393277,296.399306299496
2912.48846438226,2490.28778868815
7447.72882133404,4397.80247322825
9311.18627384279,8376.63571425684
201.119361179848,5.69998665960569
3006.08975055998,2201.85229353719
3299.6081285168,2446.3453383407
2977.92524752711,2601.29603951991
4024.28094208437,2559.69826453598
3975.85726494046,2538.67703713885
181.130673928171,17.9893195994648
4535.78113309749,3051.19073125574
5096.42665078707,3049.69499007555
7545.53777287132,5980.05408923511
2136.83684660248,1699.48538418314
3336.18886545971,2020.46335636236
9316.71681281354,7646.9161455154
3514.76445936077,2809.12321269035
5106.94701844052,3768.29756355889
2882.82105168461,1707.81302426739
368.693769986245,44.8318099681043
410.775240600061,81.578532475775
430.162797855484,51.259454499149
193.454525652769,27.4084464908699
2963.10659436003,1937.18695551989
2995.20870867207,2538.07065557932
3272.85621605828,2291.51591347339
310.861816622771,63.9126163747276
243.801999422871,87.8040498203089
3354.04344431983,1882.57218972466
4145.59573797007,2672.60651092093
2762.40794138506,2398.11779163921
915.151701520169,739.70465175507
2082.97264851461,1123.42290262725
8233.9607184306,5128.77523052606
509.366129662754,334.560919112743
2870.01621317052,1985.13152416026
398.120745738575,262.482364402977
214.765785451997,54.372213171416
4147.2488783886,2403.04969499008
2922.31758993028,2596.08115810793
2549.17510610364,1768.73415828176
324.057360468895,177.063415383496
273.319143733815,87.6423480711003
809.346876172899,518.900913210629
729.873001056832,143.95498223302
1975.1838890801,1294.58420416463
638.766629220466,335.733256794505
4233.09506639824,4155.57325291366
6414.11775256392,5221.26863107342
3683.99202740217,2354.70087197668
2968.3065654598,2589.16840832926
259.552482172529,16.0084731716585
562.779522590505,235.356895973222
1609.16532351125,554.071043663515
1157.18029501066,641.551689985406
6875.60133874155,5583.19757123973
2797.48576866318,2475.49207863556
3101.97550759835,2030.6505665625
336.140775248174,28.8233367964458
1478.77285690992,1149.41645881254
3651.4091144654,2498.97925770812
3808.43306807134,2616.85983288124
3702.057049743,2477.71547768718
3507.94145420594,2108.26740618267
681.389186451875,575.860354369383
2723.3322901008,2246.23942369497
2675.44962430857,2503.06222687564
257.027611999518,28.9446131083523
431.395164211467,0.040425437302168
3707.31723356973,2538.19193189122
250.114212488352,40.5871390513767
3655.94794982321,2488.06438963653
2571.56852032158,1735.86827775509
299.860537445724,129.644377428053
611.864561274101,286.090819787443
2511.51234645737,1817.85106460389
6971.21613850862,6070.76877054118
892.457750528822,295.105692305826
1171.0972625916,767.396076307055
2920.75446753855,1702.23431391969
346.300431034217,33.0275822758713
384.083578501447,163.965573697593
552.499629515325,323.605625603855
5124.74168563732,4711.66556844229
2728.89323649866,2472.5814471498
3701.06534613006,2562.20464164871
231.117435830862,116.182706806431
214.855954010611,42.3658582926721
2903.56132548402,2281.24785239864
368.15275863456,154.748573992699
506.751053298175,100.255084509377
1336.38721935383,629.343207920152
625.360717159545,304.201415698814
5840.57707726981,2888.51877155181
230.09547532263,37.8382093148293
1849.45053275868,933.180794683247
2434.89405991711,2252.70749366331
3162.18191221631,2298.83291762509
5001.98359068653,4238.68795200692
2756.54653347969,1852.21268631073
2998.42497148234,1869.19136997764
184.076374613161,30.3999288512303
1906.05004450026,1127.02076654714
431.876113368015,34.4828980187493
635.099523617132,387.154413042863
8395.43318830392,6784.80326960937
414.14177179703,78.3040720542995
4128.16204607136,2747.67654799106
3798.66415525027,2756.73184594674
302.986594064419,85.661501643294
6012.41998510648,2011.08465490825
3028.12249054346,2415.21775161803
649.256965776352,415.128815655963
2917.71854184551,2566.20675994163
337.042498467269,171.888959408818
489.798235290103,299.350363222554
2588.01020754372,2345.645574021
2673.97682100727,2476.46228913081
3160.10788483637,2184.34807918535
829.15520749087,199.70166027271
2542.59234972937,1662.41525817706
493.435272162914,20.5765475868035
2877.17008725995,2573.68546584253
729.211714783057,194.244226236917
3773.59548957376,2644.34913024672
3207.32941488664,2700.41921178482
381.107827902411,134.859258840033
1335.90627019728,626.634703620907
2052.28312477691,1542.31128395231
5554.78399218123,5348.97258751097
422.528012242452,163.682595636478
375.787506614639,147.795398776726
4072.55438847454,2642.93423994114
505.308281094442,145.369872538596
489.557760711829,66.4998443620664
5364.72613231362,1928.94016631025
3050.06491143651,2701.63197490389
2281.86762925366,1597.37072955787
4320.68471391684,3177.76277544882
271.575759490762,97.1423258371098
4500.58318142909,2893.32939859077
168.205654574366,40.7488408005854
883.590598559807,434.330898374493
1955.73623199659,877.110713145139
2434.17241038456,1792.86814435115
5761.88506441325,3231.85201055912
2861.69029835091,1799.78089412982
454.209352491951,55.827528914294
925.942650115374,676.317566065271
615.471529416389,448.237248806439
1703.69840163858,984.278547433187
2920.3037752773,2591.31095650627
6959.22296755386,6414.74881654532
586.886214688017,135.506065836867
2825.65027169605,2110.36952892238
2796.25351520606,2521.61750259733
6961.92832537592,6474.09335850491
3656.48896117489,2419.98795321968
361.209290392872,147.754973339424
6100.88151291137,2478.96866624355
3383.53051990025,2390.76036205022
528.843817843838,420.020293569526
198.113541850289,48.5105247626016
488.445631644983,220.278207859514
3653.93383410659,2891.22727585106
612.736215762673,350.973646657423
425.473694110965,72.3615327708808
1542.97723606583,1452.44553682959
2648.57758745977,2392.66035760342
3754.23800104886,2580.23438668548
236.58802550534,117.395469925496
563.110165727393,67.6317566065271
3623.03416795182,2348.23280200834
194.927385403503,27.8127008638916
3050.27535491722,2291.79889153451
3357.16938803966,2276.96275604461
1817.94949199346,1512.1943331622
2891.80840330981,1944.62523598349
2088.68367513441,1687.559880179
2686.18043544273,2568.47058443055
7187.93559174431,5105.85400757573
346.991786038516,78.2636466169973
4663.28820582317,3138.1458468927
2182.19464222169,2041.32288201028
362.622031499037,71.3104714010244
1994.30097829264,1179.12915522964
4294.95491249837,2641.96402944589
316.182137910543,17.9488941621626
3293.74672061144,2700.21708459831
2249.97595842232,1516.92410932655
4109.88658024983,2826.30402354377
2894.09287417046,2593.33222837138
2863.19320801569,1709.63216894599
977.342115491275,591.343296856114
3498.38268380195,2081.18236319021
3713.35897859232,3066.06729218293
5862.15912499204,3901.17597597112
549.854484420223,126.774171379599
5068.41207744431,3534.80023770157
3775.69962331718,2583.06416729663
3882.07564164552,1521.33048199249
326.672436833474,192.222954371809
2179.7599406073,1581.56438357272
2899.9843884393,2240.57986247266
3467.7533727912,2058.13986392798
3262.42586643162,2364.3625514919
272.657857460039,23.810582570977
3089.05024363034,2554.40253224939
309.930024673153,129.078421305822
366.319205832894,97.8295582712466
3718.28859454807,2594.22158799203
3383.07952657536,1901.9359741924
4273.3430594763,4296.092072976
291.384128441687,110.603996458732
4285.42654952149,2233.9096653178
2848.01357955051,2158.75877737307
483.846734092032,216.195238691995
642.133198050389,398.433110050168
493.946290049984,9.41912689140515
3032.81155665503,2278.86275159782
443.719053569019,206.371857427568
3262.27563567787,2200.2757014824
4139.94477354541,2878.25071047706
2720.8075704596,1909.2934037814
3416.32387631773,2628.21938076315
1608.83475564027,868.217116938663
3335.978421979,2737.2467851671
1879.17800765147,1260.14173158318
320.9313038502,30.076525352813
3088.56944500561,2669.65545399787
3462.55340169143,2832.3678391391
451.654413588417,81.578532475775
197.662680240742,39.940332054542
2713.20270304528,2406.04117735044
782.144196187215,337.30984884929
4519.15910875812,3169.47556080188
3889.98097056735,2563.8216591408
3547.04691079004,2820.24020794845
3210.03447164506,2193.80763151405
2942.96754463926,2290.54570297814
1706.85445172189,1178.15894473438
2346.82346324196,1685.29605569008
2529.54726243472,1696.53432726009
410.384497635082,101.791251126859
2403.72358702286,1669.32800795573
648.83615408085,404.779903706608
419.161481045483,280.714236626255
3645.54770656003,2614.07047770739
742.347196434044,555.202955907976
5522.80200225945,1795.05111796547
1040.34412175582,204.108032938646
3164.91737640184,2767.202034208
410.294329076468,59.0211384611653
571.616643461952,272.588723728519
408.430707544278,91.9274444251301
2648.4574630695,1845.9063180916
2415.89709509485,1704.13430947289
2868.72374698644,2026.28461933387
472.665080164802,131.746500167766
1870.10048746766,1336.46495720967
2204.85856211547,1549.99211703973
6658.49050278065,4790.77814924263
3135.30987536751,2071.07600386467
284.771303336887,165.58259118968
230.516287018132,59.0615638984675
3160.31832831707,2284.72444000663
546.848665090665,192.0612526226
573.780839400507,221.531396415881
2670.42999032603,1973.12516928152
3974.62471041971,2770.31479288027
325.890913270562,170.595345415149
283.238362574539,82.9934227813509
2696.00956099075,1636.21957480525
3212.61970507684,2063.35474533996
3221.15606337715,2152.89708896426
2630.03176649422,1633.95575031633
2839.44711488673,2376.89443705557
264.361785573231,86.3487340774309
2806.89400724979,2034.89523747923
656.531039521974,318.269467879969
2962.80583178889,2786.40411692653
4630.85522257651,3373.26019024211
2443.58064897117,1686.75137143296
5566.50680799196,2456.45169766624
2977.77501677336,2656.23420881355
2708.12285633578,1902.46150487733
2233.02306514834,1402.60097263602
255.344327584556,57.5658227182873
411.556764162973,216.397365878505
219.154277157197,40.910542549794
438.669275590043,314.590753085471
235.896708133996,95.8082864061382
3457.38353695514,2193.07997364261
2479.89103077005,1926.79761813323
679.255021610889,20.1318677764797
275.062527976868,52.4317921809119
3459.03667737367,2955.98882640913
370.166648553456,207.34206792282
1922.04103946115,1161.7057917524
3085.14273871464,2034.16757960779
720.044026040631,603.511353484066
7404.56532801685,2463.2027456957
496.741703531791,148.523056648165
4819.32015475254,3783.65922973372
4546.4517315047,2850.88268942349
2781.34454294855,2412.95392712911
3261.1936129745,2271.86915094454
169.438039746826,27.7318499892873
4097.7732849048,2947.05480476535
3338.86411691829,1790.28091636381
548.531987138581,315.1162837704
2838.42500384668,2072.45046873295
352.282000962811,34.0786436457276
4314.4027201137,3167.77769243519
2821.77287314383,1846.27014702732
1456.13904337962,675.589908193832
2804.79017457001,1768.20862759683
5198.23372739411,2628.46193338696
203.704368813904,61.7700681977127
2137.19752083693,1061.53155811763
6520.37334543835,4884.80771640747
3217.78956981314,2057.57390780575
5934.68956949937,4073.42876431566
3227.94926323213,2066.54835488683
3779.00620521787,2404.99011598058
496.982140477111,258.884500483084
246.687581463292,34.6041743306558
3499.76546907645,2126.21630034483
2857.06114390266,2491.1771483088
520.217140453096,126.97629856611
2067.94355186682,1562.5240026034
3030.97777805563,1905.17000917657
3593.96797933281,2514.46220019485
799.006845636673,327.486467584863
3114.78004504881,2711.0915272326
4451.85874171404,3453.06000347659
4843.69727725999,3549.67679862877
309.839856114539,79.880664109084
863.932573261495,320.816270430005
3536.97753646148,2302.39035610768
3078.40975158661,2555.85784799227
2994.45725383968,2253.27344978554
540.05554050159,423.173477679095
2696.21970340782,2536.65576527374
799.247320214947,652.587834368898
647.934393228801,393.945886509627
2901.72784794826,2639.37680145855
1072.53640462648,411.773504359883
9062.87561128325,4718.29534015984
185.128403851916,5.49785947309485
2480.9131418101,2371.8412573928
351.801089439218,160.893240462629
2970.47091193017,2675.92139677971
4630.28410486135,3009.4312545226
3363.96258789465,2535.32172584277
3162.09189418951,2372.52848982694
3121.45312051352,2334.00304807797
3685.58525615738,2270.97979132389
2230.70863845604,1593.57073845146
2859.31550839983,1835.11272633192
2564.80542683008,1820.47871802853
2991.54145253692,2575.54503595843
4791.69666307136,3725.4870254559
3190.61707145684,2505.08349874075
449.730692228136,351.620453654257
6851.67460743172,4400.5514029648
498.815693278778,68.4806907898726
4179.80198602554,3162.56281102321
420.333747573374,97.7082819593401
4469.02207846873,3094.80977810477
526.318947670827,171.565555910401
2353.61651256513,1604.00050127542
2195.11975565788,1313.05862901172
288.678883518494,134.212451843198
2253.40251418147,1530.70918344659
2700.69862710231,2454.59212755034
2863.28322604249,2275.02233505411
292.61649479767,53.4424281134661
424.181227926891,58.0509279659133
2761.17568792794,2444.28364103829
3085.02261432436,2166.52046133509
4195.55243114224,4210.06674239699
493.315034873777,198.286769967134
2949.85076252104,2502.69839793992
420.123341725624,120.184825099346
653.044271035868,133.969899219385
3763.58632797215,2536.53448896183
4435.17650464772,3445.29831951457
2676.26129186791,2430.53899235555
1305.33717191349,785.425821343822
2855.9791211993,2495.58352097474
924.289434430935,278.369561262729
3148.02439479118,2698.55964166892
142.145191202528,1.17233768176287
2626.63516656673,1663.50674498421
3504.9955465397,2034.97608835384
1993.85013549957,1704.17473491019
4190.59300988665,2806.2934320792
425.744237419761,10.106359325542
2440.75516675884,1850.83822144246
3070.59474175521,1956.18691105191
3170.08724113814,2403.65607654961
3606.62228602952,2262.73300211425
5733.05882351115,5623.46130679269
2373.78566864937,1668.31737202317
3037.47051640312,1937.06567920798
2948.19762210251,2489.51970537941
3276.85404006441,2014.68251882815
3063.29033584839,2181.11404420117
656.621208080588,480.496747773569
3312.77334020172,1982.62514704753
376.178287212572,179.327239872417
264.752566171165,40.5871390513767
885.33398280286,447.590441809604
3205.04494402599,2102.04188883813
812.593170080731,255.407912875098
3748.31668148017,2226.55223572881
1357.09738678976,965.521144524981
5073.5524379444,3284.24337730273
276.655606200261,86.3891595147331
3446.32215795,2410.16457195526
3081.32525182574,2106.16528344295
2939.51073198481,2686.8766902886
333.946510579096,102.842312496715
2822.31388449552,2588.96628114275
201.329767027598,28.2978061115176
3395.40356646473,2321.59243882621
215.306834436635,7.39785502629675
497.88390132916,196.305923539328
705.225297607636,76.4849273757019
563.7414209036,230.829246995379
537.019652441509,91.4019137402019
171.151355259356,33.0680077131734
3639.59628062787,2313.30522417926
1465.93806256416,596.760305454604
833.213093692137,601.89433599198
279.451019682068,112.706119198444
256.847237249335,33.1892840250799
1049.27141118588,727.819573188233
2804.69985547958,1749.32994837672
2649.99047909776,1487.9794962182
191.530804292488,89.4210673123956
3048.41177101798,2049.2866931588
2743.74169496559,2176.18214085031
3201.37768789084,2140.36520340059
3805.90804736651,2758.83396868646
810.06829990772,401.303316098622
677.962555426815,470.552090197236
2702.11121767666,2533.66428291338
1702.67629059853,980.397705452179
2950.90297992456,2006.75913311692
727.889217501414,503.781799659618
299.680162695541,52.4722176182141
2657.59504544845,2448.12405758199
435.00216998671,6.79147346676423
2890.06524486449,2377.05613880478
2874.73538564556,2451.64107062728
244.072505098713,25.5488763749702
2123.01004758014,1077.45918041468
2469.43087584355,2334.64985507481
6935.50698078837,4122.707372387
296.163363111867,64.0338926866341
1946.98927968376,1287.95443244707
6349.46253061494,5349.94279800622
2825.34981018855,2600.52795621117
606.604377447374,277.520627079383
3441.66289713827,2297.45845275681
2679.237004834,1588.27500616488
245.034403411808,63.6700637509146
238.962627291645,5.90211384611653
5350.50870322517,2688.17030428227
3379.44267786733,2640.87254263873
206.710188143462,52.9168974285379
732.608314710548,641.026159300478
369.325025162452,117.112491864381
1893.18514379103,1418.9328493061
274.341104242047,83.8827824019986
756.354257307695,450.379796983454
158.707266245621,28.4999332980285
623.79767003372,62.3360243199431
215.817814690751,28.4595078607263
366.259068371848,152.242196879965
210.377293746796,7.15530240248374
3145.19891257885,2837.66357142568
1181.52746168644,716.662152492835
738.259279135209,281.158916436579
2947.86705423153,1850.91907231706
3547.16733624395,1858.59990540448
2975.52065227619,2611.32154797085
3145.83024302097,2717.43832088904
3033.08191179905,2017.75485206311
2955.77238315336,1476.17526852597
1928.56373364029,1199.74612825374
358.263608524359,150.908157448993
343.565155013456,8.40849095885095
2152.31678604334,1334.03943097154
3772.60378596082,1924.57421908161
7722.40061575416,2878.45283766357
1677.06676410215,749.002502334569
2767.30745097733,2100.78870028177
2476.13375660811,1288.23741050819
1397.43539789461,926.268044904576
5628.78723998986,1780.6596622859
3360.14510100574,2615.84919694869
367.581640919399,78.1019448677886
538.34222498906,79.1934316749471
2941.97553996269,1949.47628845975
3776.7518407207,2449.45809701296
2824.35780551198,2462.75806588538
1712.02446699,1420.10518698786
431.635638789741,28.2978061115176
3234.62203763321,2135.43330004972
424.181227926891,99.4465757633333
703.391744805969,486.641414243499
3728.02740100566,3292.28803932587
1066.70510308459,524.398772683723
928.677888503181,738.047208825681
127.266381757919,6.67019715485772
3191.15808280852,2588.23862327131
505.759161520466,134.172026405896
2842.81360845074,1834.06166496206
2525.94021902652,1604.40475564844
837.78196014752,340.139629460442
2651.13241346444,1744.64059764967
3901.64357365112,2534.51321709673
393.010867931508,146.461359345755
3116.64362894805,2021.2718651084
1173.08112141293,675.751609943041
3852.31790985744,2605.62156131124
354.867008596868,103.206141432435
496.801803359883,153.414534561728
315.761326215041,131.342245794744
208.844315351494,45.8828713379607
3326.11919006751,2274.33510261997
2544.42582726513,1694.75560801879
3150.39918474226,2389.18376999543
3373.19048936403,2413.19647975292
749.290627042779,89.4210673123956
2049.21724325222,1416.34562131876
216.328813761344,37.4743803791098
3277.36494505262,2414.81349724501
276.174657043713,26.3169596837114
1825.01319752428,1139.75477929733
245.876026802811,53.2807263642574
1056.03450467738,883.780910299997
1364.82222806254,945.833956558825
3506.19799469698,2403.97948004803
2107.28970882692,1298.22249352182
2319.86125783455,1967.42518262191
2921.62634782485,2250.28196742518
205.117109920069,19.3233590304363
2787.9574056863,2620.57897311304
1886.51221885813,906.661707813024
2786.6950458657,2328.66689035409
178.485547649546,81.5381070384729
651.781835949362,267.93979843877
680.006476443278,51.259454499149
843.462955669749,320.856695867308
2622.5473245338,2460.33253964725
4221.19221453392,3219.07757237164
3358.25141074303,2601.70029389293
1807.12851230068,1555.1665730144
1679.5616784435,950.321180099366
691.158099272939,530.220035655236
745.743721095627,598.013494010971
3286.71297091227,1965.72731425522
3177.72191385231,1791.61495579478
3589.6395874557,2563.29612845587
921.163340179285,537.860443305345
735.253459805651,748.234419025828
6734.08697934449,5395.46184040846
2985.16913964335,2547.77276053184
438.488900839861,77.9402431185799
6436.87153995268,4572.68291499743
202.231527879648,21.5063326447534
902.286800810932,299.997170219389
688.963796970908,331.246033253965
350.538654352713,21.2233545836382
2551.76003847179,2352.19449486395
3910.05980756116,2787.6168800456
3740.11089105084,2091.69297688878
235.686302286245,22.1127142042859
2782.42686671555,2444.72832084861
3824.09349516125,2646.57252929834
330.309473706285,108.501873719019
1967.93984643205,1098.56125868642
3315.74935423144,2554.72593574781
3971.76942290754,2310.63714531732
218.493009699899,34.8063015171667
3623.18439870557,3023.90356107677
2599.79323608141,2439.67514118584
3728.44828796707,2570.61313260756
3694.45248339231,2582.579062049
3457.47355498193,2342.37111359952
3371.5373489455,2607.44070598984
3378.54069121755,2405.03054141788
2460.86411011613,2380.65400272467
4840.18055294222,4657.01037720976
4143.40158619986,3122.09694828374
1030.63527112989,303.514183264677
261.746746841606,28.7424859218415
346.480768151445,157.497503729247
2514.06717246204,1654.85570140155
246.507244346064,96.8593477759946
1747.76358054191,924.48932566328
2997.10239893478,1945.06991579381
2098.57286287756,1331.16922492309
2594.92383285261,1667.18545977871
498.334781755185,49.7232878816667
4215.60146283621,2900.84852992897
293.848898786607,19.1212318439255
2898.87225937246,2648.02784504121
182.423177745199,19.8084642780623
2255.7170914056,1452.44553682959
490.27918444665,55.827528914294
1028.29073807411,603.996458731692
200.127450585661,28.1361043623089
2843.05415829492,2514.46220019485
4589.64563224899,2789.11262122578
4216.29270494165,2815.42958090949
3036.62874248029,2270.09043170325
4230.39000963982,2517.73666061633
3565.11193313087,1820.31701627932
4263.96492725317,2497.03883671762
729.331989705148,591.545424042625
925.792344095714,292.235486257373
2760.72469460305,2566.57058887735
465.150531840907,28.621209609935
375.336663821568,47.8637177657669
279.120376545181,44.8318099681043
2537.99360270823,1811.18086744903
4794.37191452993,4555.74465676782
420.484053593034,14.5935828660827
2502.16401953408,1823.5510512635
6776.49901782928,5701.32069903666
974.787138954787,459.879774749463
2669.52830473989,2446.22406202879
2485.39176444096,1579.98779151793
3099.9014802184,2559.77911541058
3767.19337138034,2922.59741519754
514.626313489481,182.35914767008
3085.23305780507,1728.4704227288
2529.78751121527,1684.32584519483
3465.55922102099,2070.75260036625
6284.53695352193,2964.8419971783
3693.94127734047,2470.35804809819
246.477175615541,1.37446486827371
520.788258168258,82.5891684083293
1379.34041972213,757.774822229139
8188.66328607015,6840.06484240143
2810.32071354076,2650.12996778093
751.484854078902,293.043995003416
2166.65464058569,1377.73932869519
333.345361766367,157.982608976873
473.296297708055,6.38721909374255
2772.5074220771,1543.9687268817
497.853832598637,49.6424370070623
719.653245442698,257.105781241789
3001.8516777733,2409.43691408382
2548.2734205175,2213.333117731
1023.93231509943,569.27100808913
867.269035727941,539.760438858547
491.331213685405,295.954626489172
8156.68129614838,6445.10831995925
4094.28636588688,2934.68462095089
2466.87574877525,2246.64367806799
702.970933110467,278.652539323844
4019.53166324585,2054.7441271946
2314.0900184878,1618.35153151769
3003.68515530906,2040.55479870153
6540.96308742037,2465.78997368304
3051.86828260879,2534.47279165942
233.492037617168,34.9275778290732
2283.37053891844,1346.00536041299
2920.87489299246,2503.06222687564
4930.20490207522,4188.72211150144
4250.01785330875,3231.4073307488
4152.08847631756,2720.83405762242
3059.8037178941,2563.41740476778
2831.24132445739,2522.22388415687
3646.0288062484,2208.07781088172
4305.92627347671,2871.70178963411
3321.43012395594,2575.46418508382
289.640744198635,53.5637044253726
972.202206586639,212.678225646706
2239.09491653441,1916.32742987197
3123.88782212792,1959.7039240972
283.118125285402,97.9104091458509
2674.09694539754,1795.05111796547
3115.7419433619,2564.46846613763
170.249594407307,13.946775869248
2699.79664045254,1727.50021223355
4676.12284963711,3113.971435386
2934.10031740433,2645.35976617927
3577.55609741051,2852.62098322749
3336.27888348651,2492.43033686517
1804.18290569808,1430.77750243563
298.26745922233,7.35742958899458
252.037933848633,44.265853845874
1600.56875248398,878.040498203089
483.455953494098,232.567540799373
2998.27474072858,2275.99254554936
2497.9259467474,1695.0385860799
3634.60645194517,2468.90273235531
2574.51412692419,1688.48966523695
2859.37572112679,1976.31877882839
3027.97195872608,1862.31904563628
2919.37198332768,1721.80022557394
2800.40156996594,2497.56436740254
2849.726932696,2509.16646790827
4628.45062732559,2039.09948295866
731.045267584724,633.304900775764
298.087084472148,69.0062214748008
2932.26683986858,2663.87461646366
1099.88939063182,413.916052536898
2301.55583618136,1342.81175086612
372.811756015603,129.684802865355
443.448510260223,116.54653574215
2777.70769424051,2635.61723578945
8613.11484091635,7341.78494475864
1990.69393488444,1372.03934203558
2728.53226120057,1642.52594302439
3314.42678168389,2405.87947560123
3164.67682655766,2823.43381749532
3096.68521740814,1882.85516778578
766.483919629125,403.607566024845
2919.431894991,1971.38687547753
744.721760587396,103.650821242759
3155.56904947855,2364.11999886809
2991.12086663914,2495.86649903585
2118.26091927344,1575.41971710279
1907.82345984088,1366.25850450137
4348.45843635178,2799.82536211085
593.228496484021,290.254639829566
2594.98374451593,1426.57325695621
3126.68319797677,2067.8419688805
3159.35643000398,2476.86654350383
3424.58987947402,2786.76794586225
573.059415665686,451.79468728903
625.240442237454,11.7638022549309
382.520569008576,219.752677174585
312.545101037732,80.0827912955948
1069.10977360142,721.391928657188
896.786142405931,695.600499658405
386.157605881387,6.26594278183604
386.157605881387,166.87620518335
7406.12845040858,2907.96340689415
3509.92516249545,2262.28832230393
727.618636559664,135.991171084493
405.094245077832,308.446086615542
3416.20375192746,2610.3917629129
4091.94198336291,3893.01003763608
6572.1334097828,2729.7276538289
310.982053911907,60.2339015802303
2496.84392404403,2360.88596388391
2558.61345105373,1698.27262106408
3558.28892797604,2605.37900868743
2693.87532088385,1731.50233052646
215.607408843,2.62765342464092
659.176184617076,302.907801705145
3700.40390932447,1644.5472148895
308.817857973353,63.5892128763103
516.249460443397,47.7020160165583
444.500539498978,76.1615238772846
394.213203189922,273.558934223771
2590.80588445621,1622.59620243442
2702.35176752084,2339.50090755107
3054.39330331362,2671.15119517805
2993.28491204588,2638.77041989902
876.106156599388,711.851525453877
2586.5675106059,1963.09966083058
3194.37434561878,2035.21864097765
4434.63549329603,3235.00519466869
3318.33428659959,2136.52478685688
3370.48513154197,2610.71516641131
623.467026896832,402.839482716104
1379.28020699517,953.555215083539
7914.89287617253,6576.28886400479
7401.07840899893,3207.59674817782
2275.01436720354,1738.33422943053
421.385814445083,87.3593700099851
1913.35429987527,696.328157529844
1724.85926133576,1067.39324652644
3964.46501700071,3025.56100400616
1537.1758903556,1065.16984747483
5316.99369727514,2565.11527313447
3194.88525060699,2641.47892419826
1073.01735378302,650.647413378394
426.856404119561,248.010057848801
2692.76319181701,1738.61720749164
273.349212464338,71.22962052642
2716.14830964788,1774.83839931438
4297.35950774929,2588.68330308163
304.669840846426,114.525263877042
3340.33692021959,2322.76477650797
2352.20377145896,2180.83106614006
369.084550584178,234.144132854157
2808.06634904359,2488.83247294528
3144.20720896591,2812.03384417611
1065.23229978329,705.464306360134
2975.12987167826,2261.92449336821
2781.58509279273,1743.67038715441
2979.66870703607,2199.50761817366
648.866185178418,325.141792221337
293.608424208333,74.099826574874
2395.45758386658,1567.17292789315
3998.64145975633,2951.09734849557
140.852687385499,7.43828046359891
2486.47378714433,1958.69328816464
953.656235089265,479.243559217202
2425.786282838,1518.09644700832
371.609420757189,175.769801389827
609.399753296227,521.205163136852
370.10651109241,250.516434961535
1894.56792906553,1352.71598300515
3645.3673694428,2617.38536356617
2017.17519113531,1280.63742829538
330.640116843173,2.87020604845393
1975.78511315874,1164.37387061435
3685.55514979391,1868.302010357
740.754118210651,456.322336266873
3063.32044221186,1840.57016036771
2718.04199991059,2490.40906500006
235.505927536063,106.440176416608
2313.81951281196,1458.0646726146
436.234536342692,237.378167838331
5455.77259248667,2195.10124550772
2891.92882876372,2479.8984513015
2973.98763624794,1709.02578738646
2958.68788339248,2204.80335046024
463.587484715082,16.6957056057954
3091.63547706212,2676.81075640036
3343.43275757595,2253.83940590777
9178.41901729038,7879.76666437589
3465.16844042306,2397.22843201856
490.820233431289,210.252699408576
2636.85477164904,2551.16849726522
3474.03566765798,2522.911116591
3060.0141613748,1986.46556359123
257.658829542771,33.6339638354038
1503.66103493739,924.934005473604
2431.01636030125,1684.28541975753
771.022679721031,352.833216773322
485.109169178537,331.933265688102
245.545383665923,59.425392834187
595.873641579124,496.424370070623
2503.36646769136,1689.17689767109
496.891971918497,141.084776184566
2992.41333282322,2750.54675403951
3271.38341275698,2034.04630329589
3212.37915523266,1736.47465931463
3708.33934460978,2084.01214380137
2015.79255639262,1366.58190799979
273.379243561906,23.810582570977
1920.9289103943,1202.89931236331
2596.15608630973,1639.85786416245
520.247209183619,472.007405940114
310.501142388314,46.9339327078171
4046.28357570438,2978.42494411183
2181.83396798724,1518.90495575436
3277.72561928707,2681.70223431392
4518.58799104296,3534.96193945078
4353.23782155378,3378.79847515251
1094.02805799236,742.817410427337
255.765176913013,28.0148280504024
394.603946154901,92.6551022965691
2982.61431363868,2665.04695414543
3959.71603922583,2342.41153903682
2941.1340671035,2278.21594460098
2781.04408144104,2260.14577412691
2648.39725034255,2488.42821857225
4985.00059104907,3557.43848259079
1637.63043858344,1097.18679381814
548.86255500956,378.503369460199
2436.06610064728,1814.65745505702
2782.12610414441,1912.81041682668
563.921758020828,124.55077232798
3722.13588673681,2411.17520788781
1680.55353258825,1014.88060347093
1924.68618455625,1134.21649438693
4286.98967191322,2674.10225210111
4200.00124847326,2523.23452008942
638.225617868782,107.329536037256
2986.10093159297,2717.68087351285
474.438495505424,190.969765815442
326.131387848836,224.927133149263
2938.72947185258,2374.30720906823
3996.56743237639,1982.98897598325
1873.97803655169,1223.75883801123
283.268393672107,153.495385436332
3411.51468581589,2613.82792508358
779.138376857656,485.024396751412
1005.62689344624,752.115261006836
2552.00058831598,1872.70838302293
2026.16269329232,1277.44381874851
3059.38283093269,2220.48842013348
3562.8575686337,1202.49505799029
2807.58555041886,2332.54773233509
329.948761838875,168.857051611156
223.272263186556,60.9615594516694
2917.47829306497,2602.79178070009
373.984022543495,46.2467002736802
3045.07508275381,2437.73472019534
304.459434998675,80.0423658582927
671.800610748039,254.316426067939
2131.78710625645,1120.47184570419
5211.42934650615,2998.03128120338
7303.59942320535,3606.67666522483
1503.30036070293,912.038290974213
3380.01379558249,2418.93689184983
4264.0552463436,2641.60020051017
5220.98751478287,3667.23397030347
553.581727484602,438.171314918199
443.688984838497,112.584842886538
3308.14448681711,1892.07216749067
6367.19698508479,2593.7364827444
2731.86894946474,2389.58802436845
2949.30975116935,1859.40841415052
3559.13040083523,1737.08104087416
2865.92837113759,2178.12256184081
2374.17629871549,2277.69041391605
2867.40117443889,2077.54407383302
505.428518383578,179.205963560511
409.091993818054,22.3148413907967
165.861102702106,5.98296472072087
774.509448207136,296.439731736798
657.583106393682,535.232789880705
4282.21028671123,3331.62198982087
473.717109403557,318.592871378386
2609.77259238318,1752.52355792359
4236.28152390867,2974.82708019194
1904.21656696451,1142.9483888442
821.70079662802,151.231560947411
5304.73017117636,4523.48515780069
3517.55983520962,2080.01002550845
3015.7084326273,2596.64711423016
3038.85330167762,1740.31507585833
2718.82356110646,2389.74972611766
1439.78737418427,609.817721703205
3031.18822153634,2537.86852839281
295.983025994639,95.4444574704187
484.62822002199,127.90608362406
3231.25554406919,1967.1422045608
169.407971016303,34.7658760798645
509.636635338597,332.660923559541
3828.60222415558,2249.31175692993
965.108469958245,514.858369480412
769.910550654185,343.45451531922
1248.01616117118,703.52388536963
293.818830056084,8.8531707691748
505.278212363919,263.250447711718
3504.18418004399,2684.12776055205
242.299089758091,64.0743181239363
2352.44432130315,1417.84136249894
4553.48548120386,3255.05621157057
2430.80606735237,1282.69912559779
226.819112684275,80.5274711059187
4873.81568328252,3443.76215289709
2661.17198249317,1821.04467415076
620.641544684502,304.646095509138
4478.61065417256,2907.0336218362
299.710231426064,81.7806596622859
3482.9929129197,2334.36687701369
4268.62388700126,2628.82576232268
2589.1226376742,2293.61803621311
3004.82739073939,2406.93053697108
313.386724428736,1.1319122444607
1847.22627462499,1065.29112378673
901.385039958883,840.363990637469
528.693549457132,253.669619071104
4996.75351322328,3487.38119974613
3813.03211615611,2856.34012345929
593.709445640569,202.369739134653
2621.4650007668,2443.11130335652
3786.34041642454,2152.41198371663
574.02131397878,243.563259745562
1149.12466006917,778.593922439756
854.794840350729,388.77143053495
295.291670990341,19.8488897153645
2703.8847835491,1810.25108239108
937.815621413947,614.02196718263
1970.4347607734,1353.88832068691
2715.93786616718,2388.81994105971
3967.77159890141,2505.68988030028
2726.87912078204,2008.61870323282
501.791481510767,158.669841411009
565.364530224562,368.679988195772
2937.55713005878,2704.74473357616
460.281090979159,167.684713929393
2513.82662261786,1624.01109274
3032.21033257639,1753.33206666963
196.911225408352,24.780793066229
2433.69161175983,2223.88415686687
2862.23130970259,2585.28756634825
688.302510697132,334.31836648893
2048.13522054885,1360.23511434335
2830.39955053457,2606.6726226811
465.451106247272,244.695171990023
757.766998413861,286.252521536652
2753.02980916192,2576.11099208066
2890.45602546242,2561.47698377727
5345.45866181552,4988.17555958912
292.736732086807,109.472084214271
292.195683102168,55.0594456055528
2870.34708210513,1502.37095189777
554.212982660809,130.655013360607
785.871439251594,545.58170183006
267.12716795747,52.7147702420271
3501.86960281987,2938.80801555571
622.114423251713,95.1210539720013
6114.4372041306,4415.75136739042
179.507526974255,37.5552312537141
3992.05870338205,2921.9506082007
717.759555179985,162.106003581694
677.511637367836,234.548387227179
238.481715768052,49.3594589459471
3000.28855538157,2622.19599060513
1712.53537197821,749.608883894101
229.824932013834,1.1319122444607
583.369415104343,322.675840545905
4837.35507072989,3715.29981525575
502.963748038659,74.5040809478957
4461.7176725619,3169.59683711379
510.327990342895,285.565289102515
383.813072825605,286.252521536652
628.817379282174,407.528833443156
7183.99828152877,5151.25177366606
4480.62446882555,3097.88211133974
2613.31942306442,2484.30482396743
2775.93412836807,2529.37918655935
3439.04785840665,2391.56887079626
4500.76351854632,4231.24967154332
7690.71908733989,7294.3659068032
3083.60972268638,2771.93181037236
4377.61494406122,3044.68223585009
2564.56487698589,1902.90618468765
840.907979133261,574.405038626505
197.001393966966,26.8424903686396
329.888662010784,94.5955232870732
669.185572016414,298.056749228885
2376.10009534168,2204.0756925888
250.414786894717,66.9849496096924
2678.90643696302,2148.0864619253
433.258785743657,121.963544340641
3415.843077693,2059.91858316927
278.609396291065,5.57871034769919
8486.66028665783,3670.02332547732
2211.98232984143,1476.37739571248
829.696294108463,345.475787184328
537.831244734944,37.4339549418076
3527.08849925014,2647.21933629517
3438.68718417219,2321.79456601272
4789.17164236653,2439.51343943663
2529.45694334429,1501.56244315173
349.336319094298,146.906039156079
521.239100961328,245.94836054639
2438.65133407906,1683.39606013688
275.453270941847,141.731583181401
3650.71787235996,2661.81291916125
333.044787360002,53.7254061745813
2373.27461312935,1400.01374464868
3261.10359494771,2340.79452154474
1983.41993640473,1276.79701175167
254.262267248233,127.703956437549
174.728273487598,38.3637399997574
3900.41101913037,2319.69244327301
535.06589998366,82.0232122860989
2442.79908777531,2106.973792189
3460.56969340192,2286.42230837332
3171.62025716639,1879.4998564897
2477.87721611707,1671.26842894623
359.916786575844,22.6786703265163
2333.32723209061,1651.62166641738
6945.18557451901,5020.96058924117
3339.52525266025,2332.87113583351
2796.28362156954,2678.10437039403
5381.04739408185,3653.40847074613
3740.4715652853,2540.86001075317
3447.04350641891,2345.24131964798
3819.64467783023,2509.00476615906
3887.57637531643,2561.84081271299
2191.99366140623,1473.54761510133
2917.83896729942,2078.87811326399
3479.56650769237,2285.65422506458
3486.69027541833,2418.97731728713
1010.70674015574,475.564844422705
1236.56400156811,718.157893673015
3584.8602022537,3532.29386058884
1818.28021039625,1237.01838144634
6821.64652049961,2453.41978986858
2545.44793830517,2412.7517999426
344.015997806526,16.5744292938889
3216.43689090211,2549.0259490882
2731.11749463235,1971.42730091483
6160.45658708722,5715.87385646544
1684.58131242604,463.315936920148
2976.21189438163,2264.75427397936
1202.83870266919,832.076775990524
1466.14850604486,985.127481616532
2263.1113648074,1605.90049682862
435.332813123597,57.4849718436829
1679.862139951,966.006249772607
294.299779212632,58.3743314643306
2504.2681532775,1304.52886174096
4257.56250799612,2953.15904579798
2892.3494146615,2573.96844390364
4208.74805025428,2980.72919403806
4438.63301623853,3038.09288956983
3087.12674806778,2660.43845429298
3179.5556924517,2279.59040946925
3254.06984524854,2559.45571191216
3911.95349782387,2542.11319930953
3198.07140705378,2247.97771749896
3129.23802398144,1844.61270409793
2849.57670194225,2711.57663248022
371.278777620301,63.1849585032886
2589.63354266241,1642.24296496327
194.686910825229,2.06169730241057
3144.89845107135,2051.22711414931
3590.99196530309,2378.47102911036
558.060425381371,456.807441514499
1575.40991824885,1026.92738378697
3056.04644373215,2483.49631522139
209.685957558975,56.2722087246179
193.18400116045,51.4615816856599
2925.20328486957,2607.44070598984
3403.51903780363,2605.98539024696
2771.72616194487,2534.67491884593
193.153951246404,20.9808019598252
3461.50148535154,2525.78132263946
577.057164405907,461.739344865363
4333.94054575583,2729.64680295429
4861.01084476842,3780.95072543447
2474.36019073567,1738.13210224402
2724.47452553112,1677.49394629076
4366.19289082163,3767.65075656206
1941.48869654466,1583.42395368862
4728.30380094297,2747.95952605217
3656.60908556517,2438.21982544296
365.146939305002,42.5679854791829
3253.49872753338,2070.95472755277
1928.35329015959,1319.32457179356
2770.16303955313,2574.77695264969
1218.49897922728,856.695867307545
425.654068861147,298.824832537626
2550.64790940495,1533.37726230854
4478.49022871866,3165.55429338357
267.157199055039,57.2828446571721
2818.91728456802,1943.97842898666
3086.28497414496,1993.01448443419
241.066685769155,118.163553234237
362.682131327128,159.357073845146
2668.44598097288,2080.29300356957
598.398511752134,199.095278713177
2854.17575002702,2558.97060666454
2831.4517679381,1916.08487724816
1399.3591945208,730.811055548593
4133.03144930016,3934.4461108708
4075.31965795991,2892.23791178361
375.99791246239,153.252832812519
3429.36926467602,2608.37049104779
481.682538153477,328.780081578532
7854.62655989125,6350.35109492297
3020.33728601191,1960.43158196864
2570.75685276224,1739.14273817657
583.609889682617,487.086094053822
2842.42282785281,2251.21175248313
3164.97728806516,2563.49825564238
3613.17493604032,2573.1195097203
3163.20402325636,3060.89283620826
4939.25246642737,4503.59584264803
3206.4277293005,2186.20764930125
2810.44083793103,2546.31744478896
3381.18583631265,2531.27918211255
2155.56315521708,1636.74510549018
3244.72181938889,2001.05914645732
3864.25116914887,2713.84045696914
1221.71524203755,617.862383726336
523.88424605643,6.83189890406639
3109.06916896083,2124.92268635116
218.793584106264,37.4339549418076
2989.25728273991,2592.11946525232
2048.85656901776,1465.98805832582
2672.17314877135,2062.50581115661
3060.67529711676,2128.80352833217
347.412597734017,39.940332054542
361.089053103735,97.5061547728293
201.930934656806,7.92338571122493
5142.62606979729,3854.48459588712
2919.431894991,1740.39592673294
713.701744244627,654.568680796704
2870.91819982029,1879.41900561509
351.740951978172,97.4253038982249
3808.82384866927,2696.53836980382
5179.29682476699,2987.1972640064
1268.42571656779,1034.9316203728
2932.26683986858,2043.14202668887
4238.47567567888,2634.8087270434
4116.04875072633,3369.25807194919
335.840200841809,170.595345415149
684.214668664205,420.10114444413
766.934762422195,523.266860439263
166.251864483562,16.0488986089607
2189.22824138904,1569.84100675509
6638.62210926754,4894.7119485465
4396.58165198819,2381.62421321993
907.697290657319,574.202911439995
2316.82533214152,2468.01337273466
247.889916721706,89.6636199362086
2557.47121562341,2408.74968164968
4185.18259530617,2888.59962242642
459.890348014179,337.673677785009
466.863847353437,368.397010134657
1700.69258230902,1188.70998387025
535.426574218116,248.535588533729
856.027244339666,541.337030913332
4111.75016414907,3416.79838621654
538.161887871832,92.4934005473604
457.42557766926,214.456944888001
3064.61290839594,2452.08575043761
3917.96513648299,2502.49627075341
610.421789070368,347.133230113717
2976.27210710858,2544.05362030004
3926.26124600275,2135.51415092433
332.563838203454,65.3275066803035
2379.37642034708,1619.48344376215
506.630816009038,162.874086890435
2949.8209572212,2594.66626780235
1213.77980675224,686.383499953511
304.249029150924,114.48483843974
769.549876419729,327.324765835654
1426.35135575987,761.372686149032
594.701299785323,346.526848554184
290.001456066045,82.4678920964227
2000.28251058828,1689.86413010523
2467.77743436139,2491.33885005801
524.124683001749,130.291184424888
401.697682783295,76.040247565378
3161.55058177419,2243.57134483302
4446.59855788731,3774.76563352724
3773.98627017169,2616.65770569473
3373.13027663707,2439.87726837235
2599.79323608141,2482.04099947851
2606.97721653432,2352.55832379967
6016.17725926842,4570.1765378847
420.844765460445,9.41912689140515
190.899586749236,60.2743270175325
270.854373388895,125.359281074023
2788.01761841325,2511.34944152258
3482.9929129197,2307.44353577045
388.65244495683,119.861421600928
2212.70382884216,1390.55419231998
1351.38620963815,986.218968423691
4035.52265820674,1978.4209015681
561.456950042954,229.818611062825
272.26711449506,141.650732306797
4585.19681491797,3388.17717660661
3221.51673761161,2750.54675403951
1172.29956021706,315.156709207702
2076.54012289408,1185.63765063529
3384.8530924478,2519.67708160683
2973.92742352098,2651.82783614762
2653.65743416927,1483.77525073877
2831.03088097669,2629.47256931952
202.982982712037,82.1444885980054
2651.22273255488,2463.97082900444
2338.67758447595,1721.15341857711
893.690154517759,229.980312812034
5776.94426742452,4975.80537577465
851.608683903943,593.283717846618
400.825990661768,194.325077111522
2814.19811209298,1730.08744022088
2534.32634657308,2206.70334601345
2815.40056025026,1870.76796203243
2928.78022191429,1533.13470968472
461.152783100685,73.8976993883631
4034.83141610131,2947.21650651456
1430.16884264878,1040.63160703241
361.419696240623,84.1253350258116
2007.79705891217,1255.97791154106
6479.61414630845,3854.84842482284
3109.58007394904,2130.98650194649
428.148907936589,282.088701494528
1309.72562598574,610.10069976432
502.06198718661,269.718517680065
2957.06484933743,1910.86999583618
3431.11272418498,2575.46418508382
4322.06749919135,2819.95722988733
683.914056624886,121.882693466037
2547.73240916582,1751.31079480452
248.370828245299,62.2147480080366
5428.29933155923,4594.95733095093
7475.62296922288,3327.98370046368
3237.59805166292,2195.58635075535
3020.24726798511,2443.75811035336
2839.35709685993,2603.96411838185
2833.97648757929,2646.69380561024
2568.47238190159,2284.88614175584
2853.72475670213,2682.51074305996
3890.1312013211,3067.68430967502
2928.05857238174,2561.15358027885
185.639402922509,28.3382315488198
2964.72962841508,2519.03027461
795.429908591953,297.895047479676
3045.22561457119,2071.6823854242
536.98962134394,103.650821242759
2343.93776830268,1891.91046574146
314.528922226104,57.8488007794024
3791.81074266834,2685.25967279651
2156.1642287639,1199.86740456565
289.941318604999,54.5339149206247
3251.0339195555,2545.06425623259
3775.42926817315,2537.06001964676
623.467026896832,226.503725204047
297.786510065783,112.221013950818
417.658571380704,222.380330599226
1658.58100533173,838.787398582684
2193.52667743449,1418.16476599736
3250.22225199616,2437.16876407311
5065.43636447823,1873.79986983009
2584.88426382389,1814.61702961972
3156.5911605186,2503.14307775024
204.36565508768,27.9744026131003
813.675268050008,331.326884128569
2920.57413042132,2251.73728316806
675.94866550792,254.558978691752
2766.37565902771,1451.79872983276
932.044457333104,392.005465519123
7168.18762368511,6363.69148923268
640.359707443859,314.388625898961
3909.96978953436,2567.17697043688
422.167300375041,130.735864235211
301.213141090843,148.80603470928
2770.28316394341,1830.18082298105
1951.82872708089,1499.1773423509
431.214827094239,298.703556225719
4773.90229693819,1925.54442957687
801.110904114182,386.305478859518
4366.3130152119,3056.00135829469
424.301427583073,123.863539893843
814.426722882398,355.743848259079
3711.49539469308,2532.97705047924
395.50570700695,73.5338704526436
491.842193939521,317.622660883134
2767.18732658705,1586.41543604898
321.532490295884,87.5614971964959
442.787223986447,108.70400090553
1246.24274583056,923.802093229144
2686.0901163523,2155.16091345318
2615.00266984643,2453.54106618048
402.208663037411,159.033670346729
4874.11614479003,3902.06533559177
264.091279897389,85.7019270805962
395.986618530543,176.780437322381
3279.40886606908,2282.78401901613
254.382466904416,86.8742647623591
2573.34208619402,2298.59036500127
2938.54913473535,1948.5465034018
1120.99018813387,840.161863450958
301.243209821366,127.340127501829
4311.51702517442,3496.92160294944
1930.78799177398,1242.88006985516
474.047752540445,292.356762569279
1962.61960041019,1177.22915967643
341.340821613855,25.9531307479919
3516.35768811598,2003.48467269545
886.596417889365,544.773193084016
426.615929541287,248.414312221822
4782.73941780963,4384.25995173203
2919.46200135448,1860.74245358149
2428.37136573797,1645.63870169666
257.899304121044,32.0169463433171
354.716740210162,214.699497511814
2865.02668555145,1963.74646782742
2954.84059120374,2766.07012196354
3120.22056599276,2618.47685037333
2979.42815719189,2573.84716759174
440.532859489279,254.882382190169
577.808619238297,360.918304233756
1828.10918541245,1108.46549082545
590.252708252032,39.940332054542
3134.37808341789,2292.80952746706
6954.71423855952,6949.81990467682
4276.9501028845,2149.9864574785
413.751028832051,86.9551156369634
459.770110725043,369.00339169419
173.195313908774,3.96169285561247
2278.23063001381,1977.97622175778
6300.22718591168,2498.41330158589
1731.98302906172,1151.80155961337
3089.74178679941,2292.64782571785
3745.07031230643,2786.48496780114
2877.62108058484,1822.86381882936
1225.92335899256,849.298012281248
403.320829737211,190.525086005118
259.883125309417,55.1807219174593
2208.55577408228,1453.37532188754
473.206129149441,49.3998843832493
3700.52403371474,1941.0677975009
3415.39208436812,2386.87952006921
472.84541728203,0.485105247626016
3257.82711941049,2077.2610957719
267.938722617951,39.8190557426355
2623.83979071787,1602.30263290873
5590.61357535538,3277.08807490025
4728.33390730645,4477.15760665241
3084.2410531285,1747.51080369812
247.61937341291,47.1764853316301
4955.84438440326,2799.90621298546
574.92307483083,290.012087205753
1780.34679454232,1219.99927234213
4745.46713769766,2446.02193484228
458.507675638537,106.723154477724
2543.73458515969,2327.37327636042
4954.55191821919,3133.69904878946
2760.00334613414,1438.90301533337
3199.36387323785,2310.92012337843
2833.16482001995,2493.31969648582
2645.57176813022,2405.313519479
1104.96923734132,899.465979973238
2614.76212000224,2294.42654495915
764.019111651251,596.517752830791
294.059304634358,61.8104936350149
3394.35134906121,2618.07259600031
159.158127855168,8.93402164377913
2683.68552110138,2484.58780202855
3890.3416448018,2611.11942078433
2452.32775181582,1731.01722527883
896.665942749749,632.29426484321
5003.96760003967,2425.32411094357
319.21798833767,122.12524608985
2768.47979277113,858.312884799631
355.378026483938,104.621031738011
1719.7494587946,1051.10179529367
5684.33468485974,3640.79573430786
312.515032307209,43.9424503474566
234.153323890943,26.8424903686396
249.062183249598,18.9595300947168
2310.78358711892,1327.73306275241
3128.12589491459,2073.3802537909
3160.73921527848,2150.63326447534
3173.3035039484,2503.54733212327
2658.04603877334,2520.20261229176
2781.31443658507,1823.34892407699
2500.87155335001,1526.78791602828
933.036311477859,758.34077835137
343.054137126385,141.89328493061
562.088205219161,216.073962380088
3049.76414886537,2035.33991728956
3559.94206839457,2542.39617737065
2539.1656434384,1715.5342827921
308.006303312872,97.3444530236206
519.19514231191,34.6041743306558
3363.12081397183,2804.79769089902
2645.54166176674,2514.50262563215
3797.22145831245,2211.15014411668
2329.9607385266,1806.04683691166
3292.60448518111,2446.66874183911
229.794863283311,117.759298861215
2271.49764288578,1551.73041084372
334.758102872532,154.58687224349
3585.79199420332,2974.70580388003
3281.39287542222,2505.20477505265
3435.77168393307,2838.67420735824
2489.6900499546,1480.09653594428
2031.12226507973,1441.24769069689
272.778094749176,10.4297628239593
2250.42680121539,1341.80111493356
415.043532649079,236.933488028007
3348.54271064892,2164.01408422236
1075.66249887813,704.413244990278
4732.69240554704,4585.53820405952
4277.13044000173,2653.4044282024
3110.60218498909,2530.51109880381
2396.14897650383,1452.89021663992
2206.15102829954,1306.50970816877
626.833520460847,213.12290545703
3754.53876362,2735.02338611548
560.945969788838,334.399217363534
1929.97647474646,991.150871774555
527.581382757332,207.34206792282
3536.8574120712,1945.59544647874
3634.63655830864,1993.70171686832
3812.13012950633,3061.09496339477
497.88390132916,44.993511717313
527.942094624743,247.767505224988
192.943545398653,17.2212362907236
3295.97097874513,2609.58325416685
840.216661761917,544.611491334808
385.766825283454,122.084820652547
1986.5159242929,1457.90297086539
373.322736269719,48.348823013393
474.348326946809,288.475920588271
3164.07560247902,2020.30165461315
2647.82613262738,1846.18929615271
2959.19908944433,2372.85189332536
2321.39412333099,1707.9747260166
235.205353129698,16.0488986089607
3967.59126178418,3003.65041698839
6495.72586778688,3173.5989554067
459.289161568495,138.052868386904
1280.11827548323,1066.6251632177
331.902551929679,190.848489503535
2437.14842441428,1381.01378911666
2702.74254811878,1505.92839038036
2989.10675092252,2096.01849868011
2313.09816434305,1473.95186947435
275.633608059075,11.319122444607
504.406520242392,242.431347501102
3422.60617118451,2193.68635520215
391.087146571227,128.067785373268
3324.01535738773,2692.81922957202
1758.64477296163,1021.55080062579
2995.32883306235,2628.21938076315
2207.38343228848,1175.73341849625
3561.77554593033,2648.83635378726
243.411256457892,58.2934805897263
2264.76450522593,1638.84722822989
2513.76671095454,1645.39614907284
2211.26098137252,1241.26305236307
571.436306344724,273.801486847584
6363.31928546893,5981.7923830391
382.881243243033,38.2828891251531
3216.07621666765,2088.4185164673
1598.5246809357,940.942478645263
2929.41125129277,1739.02146186466
3175.19719421111,2684.12776055205
692.691040035287,166.269823623817
2707.43161423034,1667.34716152792
3213.46117793603,1983.11025229515
3203.33159088051,2257.76067332608
2725.34610475378,2379.80506854133
2279.16242196342,1398.76055609232
2218.26447417639,1495.21564949529
3094.31042745706,2279.75211121846
774.930259902638,614.95175224058
509.245892373618,321.301375677631
2667.21372751576,1963.01880995598
124.350749803451,53.88710792379
624.819630541952,307.597152432196
2301.37549906413,1276.59488456516
1034.90352554595,567.694416034345
325.019221149036,122.286947839058
4448.58226617682,4167.57960779241
377.170216623235,125.197579324814
308.33694644976,87.1976682607764
2626.755290957,1494.40714074925
271.575759490762,127.825232749455
233.882780582147,72.2402564589742
4718.83565069304,3811.3506542857
4043.15763198455,2885.00175850652
3662.22994362635,2129.12693183058
2101.72891296087,1502.8560571454
391.808532673094,214.093115952282
314.619090784718,93.1402075441951
2902.59942717093,2533.21960310306
5773.66749082366,4007.37359976392
2769.20114124004,2451.60064518998
336.561586943676,0.363828935719512
2600.27403470614,1782.31710521529
321.08160986986,102.074229187974
3922.11319124287,2350.13279756154
391.748432845002,76.4849273757019
372.721587456989,101.508273065744
2694.59666935277,2399.53268194479
3738.06697003438,2409.76031758224
608.498067710087,275.903609587297
3086.01461900094,2590.46202232293
198.624540920882,53.7658316118835
2675.87051126998,2479.37292061657
596.955664282492,234.790939850992
2417.49017331824,1835.35527895573
2922.85860128197,2547.0855280977
3017.36157304583,2491.1771483088
4581.52985984646,3130.06075943227
2274.26291237115,1361.40745202511
2393.47372504525,1596.80477343564
246.356938326404,62.5785769437561
3745.07031230643,2488.34736769765
2798.86855393769,2457.30063184958
2279.07225340481,1499.58159672392
2196.47228403709,1597.85583480549
2910.05376276787,2623.4491791615
288.678883518494,79.3551334241558
3219.98372158335,2043.95053543492
2800.79235056388,1910.70829408697
2527.29289793755,1881.88495729053
2524.01642240033,1631.89405301392
2183.63748969133,1530.66875800929
3260.11159027113,2149.25879960706
739.130933623781,423.09262680449
2732.25973006268,1844.00632253839
464.729720145405,255.367487437795
449.610454938999,325.546046594359
4229.87910465162,2987.60151837943
3077.20730342933,2301.33929473782
3094.79152714543,2313.26479874196
8351.33820410076,6538.49108012726
2914.74282887943,2611.11942078433
1399.84014367735,815.461921259333
253.300406568093,86.5104358266396
1320.93738627645,876.706458772118
3062.65930646991,2617.9513196884
3405.4729407933,2282.3393392058
2760.27370127816,1973.93367802756
3266.63413391846,2194.93954375851
1298.42369713642,656.872930722928
304.60970338538,160.933665899931
2808.15666813402,2726.65532059393
447.476327730967,144.278385731438
319.187957240102,23.0424992622358
2207.14303297612,1477.02420270931
3834.13276312634,2238.47773973295
4015.50403393988,2515.91751593773
441.464689071851,71.1891950891179
3985.86672760571,2391.44759448435
7556.11835325173,5908.62234152218
717.789661543462,542.549794032397
5048.69421574859,3499.8322344352
4015.53414030336,2688.33200603148
2574.72457040489,2485.5984379611
1205.96479692084,1040.87415965622
4030.5030242242,2930.35909915956
1930.99843525469,1402.96480157174
3370.51523790545,2222.99479724622
552.770135191167,171.72725765961
584.150901034301,421.313907563195
512.672523398678,360.756602484547
2526.21057417055,1579.21970820919
379.304343831267,28.4595078607263
2740.73587563603,2495.09841572711
1986.18520589011,1211.954610319
418.019283248114,154.263468745073
5793.77673524459,4519.20006144667
2822.2539728322,1785.99582000978
453.217423081287,354.814063201129
2699.34594819129,2452.12617587491
1268.69622224363,694.064333040923
503.685134140526,347.982164297062
181.311011045399,28.5403587353306
2870.73756163943,1969.28475273781
2552.15081906973,1625.83023741859
3939.39665238783,2560.74932590583
418.019283248114,109.108255278551
3526.4872751715,2597.90030278653
411.376427045745,238.065400272467
4799.90245350069,4686.48052100304
2655.43100004171,2381.90719128104
262.708607521747,47.2169107689322
3285.4205047282,2620.33642048923
146.623870282819,14.5935828660827
1153.39298975114,547.239144759448
4810.66337099832,3575.75120568867
2747.61939458145,1655.54293383569
393.822422591988,168.93790248576
2712.39103548593,2484.42610027934
7323.22756793791,3759.72737085083
281.945858757511,28.0956789250068
1237.58596207634,1045.15925601025
717.879830102076,129.886930051866
3973.15190711841,2853.38906653623
2957.21508009118,2732.43615812814
2898.45137241105,1821.7319065849
3403.84990673825,2754.83185039354
521.990555793717,321.260950240329
347.322429175403,10.6318900104702
3867.67787543984,2864.99116704195
514.05519577432,176.57831013587
3238.0186375607,2104.70996770008
419.672498932553,238.914334455813
785.871439251594,629.666611418569
186.030145887488,2.9106314857561
2507.63464684151,1827.79572218022
2908.10016084184,2081.10151231561
451.203533162392,374.945930977608
166.131627194425,10.7531663223767
1827.02716270908,1350.85641288925
4020.16299368797,2933.59313414373
3043.45204869876,2467.93252186006
4723.64484119488,4133.29883696017
2759.01134145756,1651.58124098007
459.198993009881,254.801531315565
3346.76944584012,2071.88451261072
2447.12747965241,1598.30051461582
3539.5925751931,2060.72709191532
433.589428880545,283.98869704773
638.586292103238,485.752054622851
598.398511752134,302.543972769425
2185.2606742782,1535.68151223476
1201.39585519955,839.515056454123
7560.8378267904,3502.62158960905
1174.28341903839,531.068969838581
3527.41906712112,2211.06929324208
4798.27941944563,3844.37823656157
2927.96855435494,1849.30205482498
2542.65256245632,2245.10751145051
325.800744711948,92.2912733608496
517.361589510243,208.959085414906
4336.22501661648,2992.8163997914
2511.6926835746,1608.93240462629
3102.45630622308,2839.19973804317
443.208035681949,198.327195404436
159.007840651986,12.6935873128808
354.506334362411,195.699541979795
3888.6583980198,2382.35187109137
654.697486720307,527.147702420271
2275.01436720354,909.612764736083
2408.29237821234,2178.20341271542
4419.54618392129,3699.89772364363
5869.13236090061,5229.96010009338
542.099461518053,395.037373316786
2569.28404946094,1364.31808351087
3455.24929684824,2224.20756036528
440.322453641528,230.910097869984
4208.44758874677,2935.57398057153
2644.24919558266,1590.6196815284
4824.27987707177,1869.11051910304
3885.23169172883,2772.98287174222
4381.61276806735,2870.89328088807
545.195524672135,239.035610767719
1649.74388446028,1070.58685607332
3534.09184152219,2217.0926834001
2972.39440749272,2643.50019606337
4030.77337936822,2798.93600249021
3412.9874891172,1960.18902934482
2259.89510199714,1462.55189615514
256.907374710381,66.0147391144404
433.859934556387,71.3913222756287
3465.07842239626,2494.73458679139
151.312936394385,67.9551601049444
7291.87720952189,3216.12651544858
4780.78551481997,3003.8929696122
3004.34629105102,2582.01310592677
2492.78588731095,1666.82163084299
2908.73119022032,2620.29599505193
385.887062572591,180.49957755418
2638.26766328702,1585.84947992675
3744.22883944725,2191.42253071323
312.334695189981,134.455004467011
7325.12125820063,7141.39605205179
3738.42764426884,3013.1908201917
3280.73143861663,1690.47051166476
2023.87822243168,1212.11631206821
1090.57132060383,199.742085710012
3967.2606939132,2890.01451273199
309.539281708174,27.9339771757981
1929.10474499197,1184.30361120431
5615.77225905869,2441.69641305095
151.523342242136,6.18509190723171
2665.04938104539,1475.48803609183
483.786596630986,262.280237216466
366.228999641325,83.478528028977
335.840200841809,153.293258249821
3115.86236881581,2135.47372548703
2958.65777702901,2083.12278418072
3346.61891402273,2248.6649499331
379.394512389881,106.804005352328
2336.21292702989,1509.52625430026
2824.59835535616,1886.25090451916
268.630077622249,77.1317343725366
715.354884663157,97.1827512744119
2819.39838425639,2467.56869292434
404.853808132513,32.2190735298279
2941.19397876682,2676.72990552575
2497.38493539572,1598.09838742931
1017.2894212641,145.046469040179
1298.51386569503,670.69843028027
3783.54473951205,3033.08013534436
288.017597244719,28.0956789250068
369.144650412269,62.8211295675691
314.288447647831,157.618780041153
2592.51893653806,2411.29648419972
5577.80873684128,4893.33748367823
3228.49027458382,2473.06655239743
3179.94647304963,2635.37468316563
2798.56809243019,2529.13663393554
248.641371554096,90.9168084925759
6312.76166928176,5018.93931737607
1645.41549258317,1181.55468146777
1914.82710317657,1732.35126470981
4612.51984509166,3227.28393614398
4711.7717946304,4582.10204188884
4770.95638927195,4049.01180018515
378.22224586199,25.3871746257615
6527.79757467181,2452.73255743444
632.935327678577,227.514361136602
379.244206370222,50.4105203158035
2046.42186740336,1355.74789080281
561.517087504,374.622527479191
2934.13042376781,2170.88640856372
4291.82896877854,3174.48831502735
3594.08810372308,2680.89372556788
2466.54518090427,2422.69645751893
3388.73049100002,2103.45677914371
2779.09017845138,2513.4515642623
7149.22061469451,6417.05306647155
532.540992177694,132.110329103485
369.926173975182,177.588946068424
4198.19757623734,2702.92558889756
2717.14031432445,2459.32190371469
867.028561149668,548.532758753118
3301.74206756006,2406.48585716076
230.426118459518,34.3211962695406
2952.67624473337,2393.30716460025
355.64853215978,5.21488141197967
3121.33299612325,2051.71221939693
2413.40233128532,1674.90671830343
200.939024062619,39.1318233084986
3651.7095759729,2674.38523016223
1945.60664494107,1054.45710658975
340.469129492329,131.140118608233
272.026639916787,1.0106359325542
4120.10648639578,2540.81958531586
448.889031204178,163.035788639644
3196.89906525998,2543.3259624286
694.554623934522,364.556593590951
718.480978914806,259.73343466643
424.992782587371,223.633519155593
4083.64587384315,3234.35838767186
2630.69290223618,2326.12008780405
188.585103607499,6.58934628025339
3604.24779714208,2391.40716904705
331.87252083211,83.7615060900921
844.274472697275,297.207815045539
565.033887087674,232.850518860488
542.460211018418,142.984771737768
2836.65173903787,2508.80263897255
586.104728758059,63.4275111271016
745.653552537013,78.5870501154146
3353.62255735842,2230.0692487741
996.669572918607,260.056838164847
280.713454768574,43.2956433506219
2560.89792191438,1418.32646774656
2351.81314139285,1273.40127501829
462.204812339439,159.80175365547
967.453003014028,680.03670629707
275.242865094096,25.6297272495745
238.241241189779,46.2467002736802
1228.80890340003,807.700237297317
3005.93951980623,2753.82121446099
440.803402798075,259.652583791825
8469.37682551287,3398.28353593215
529.955984543638,209.727168723648
309.449075516606,80.4466202313144
3196.68862177927,2939.49524798985
2857.93302418896,2039.58458820628
5026.24088986733,4516.65325889663
455.952736735004,130.655013360607
2916.54650111535,2530.99620405144
516.399728830103,276.065311336505
4085.75000758657,2983.76110183572
2668.62631809011,2466.23465349336
3117.5757219613,2386.03058588586
3770.64988297116,2481.63674510549
2213.48523950621,1655.50250839838
157.805505393572,3.71914023179946
330.339542436808,199.863362021919
2658.73728087877,1974.41878327519
2497.23470464197,2307.60523751966
449.009268493315,193.395292053572
495.749774121128,164.774082443637
1218.13830499283,442.456411272229
540.446321099523,386.184202547611
378.462682807309,114.363562127833
3457.80412285291,2345.16046877337
3082.91848058095,2570.20887823454
255.284227756465,15.7659205478455
274.461341531183,32.2594989671301
3086.91630458708,2525.86217351406
290.542505050684,105.106136985637
4148.63166366311,2233.9096653178
2876.98975014273,2262.04576968011
3789.97726513258,2613.30239439865
2155.50309302194,1665.2046133509
268.058959907088,43.4977705371328
413.480485523254,176.982564508892
3448.93719668162,1393.90950361606
3268.22736267367,2127.67161608771
368.39319557988,121.842268028734
8162.18172875566,4433.86196330179
519.135042483819,226.301598017537
3351.81918618614,2727.14042584156
1724.2881436206,1110.72931531437
279.571256971205,58.1722042778198
2824.59835535616,2729.52552664238
835.497489286874,358.775756056741
279.27068256484,67.1870767962032
203.704368813904,69.5721775970312
4943.58055724085,3583.35118790147
2982.10340865047,2004.93998843832
344.917758658575,94.3933961005623
3315.89958498519,1836.48719120019
1032.43879283399,630.838949100332
3528.32075270726,2742.13826308066
2793.00714603232,2529.74301549507
435.513150240825,90.2700014957412
2634.05939580019,1863.49138331804
6224.39046056729,5423.88092283188
3693.0696981178,2945.27608552405
2805.12074244099,1716.30236610085
2643.82830862125,2656.92144124769
5070.09562528995,4548.54892892804
9426.67006925023,7691.22242479858
7319.13972590499,5638.5804203437
2878.85333404196,1966.13156862824
2877.9817548193,1659.42377581669
3035.24625826942,1511.74965335188
4160.925597189,3335.8262353003
3284.54892550553,2726.93829865505
2966.53330065099,2620.13429330272
2633.3079409678,1830.74677910328
403.020255330846,92.0891461743387
276.234794504759,54.4934894833225
271.485590932148,71.6743003367439
4017.63797298314,2780.178599582
2817.08380703227,2551.65360251284
482.794667220323,185.188928281232
3117.72595271505,2023.65696590923
548.020931618556,158.467714224499
1399.62970019665,1241.54603042418
228.291953618532,4.60849985244715
4794.25148907603,4353.41534307047
2607.21746531487,2397.14758114396
3298.435786723,2625.4704510266
2635.47228743817,1979.55281381256
3378.27033607352,3180.39042887346
2127.12814650837,2107.45889743662
3088.90001287659,2591.95776350311
2870.01621317052,2482.28355210232
3112.94656751305,2029.72078150455
407.799490001025,78.3040720542995
1909.11607655678,1097.06551750624
733.870749797054,28.2978061115176
5020.01850666388,3406.04521989417
4241.0907144105,3146.19050891583
1939.05399493027,1529.13259139181
3043.99306005044,2671.51502411377
908.959725743824,598.862428194317
287.717022838354,118.567807607259
3239.40142283521,2118.45461638281
764.079249112296,614.224094369141
2795.83262824465,2464.33465794016
2994.90824716457,2434.09643083814
381.167927730503,193.233590304363
2974.8592154706,1716.46406785005
2666.85305328131,1737.32359349797
245.66562095506,86.2274577655244
3298.58601747675,2314.27543467451
3182.95229237919,2733.16381599958
223.753193526626,48.0254195149756
535.186099639842,138.457122759925
246.236701037267,112.180588513516
194.747029469798,31.2488630345759
189.877607424527,35.9382137616274
4502.32633987442,4400.5918284021
2882.15991594266,1942.56353868108
1978.09953985105,1252.38004762117
3243.66960198536,2498.13032352477
2884.86497270108,1777.42562730172
1322.50035813636,1258.76726671491
2441.74717143541,1650.57060504752
309.719618825402,42.8105381029959
3142.07296885902,2649.11933184837
3415.21174725089,1966.65709931317
3398.61952821136,2434.94536502149
690.737287577438,428.711762589492
2984.23734769373,2551.65360251284
756.083751631853,489.83502379037
216.479100964527,17.3020871653279
230.816861424497,6.14466646992954
3910.12002028811,2429.5687818603
3243.39924684134,2068.81217937575
196.159770575963,16.7765564803997
579.461834922735,94.4338215378645
3295.24963027622,1959.58264778529
3006.66086827514,2067.11431100906
634.0775631089,222.299479724622
5540.98745005419,5127.7645945935
4415.57846627864,3959.42903112354
320.630729443835,87.2785191353807
425.68413759167,37.6765075656206
3160.64889618805,1914.10403082035
193.785168789657,20.8595256479187
3526.30693805427,2062.74836378043
1964.75368998526,1430.93920418484
3186.46901669696,2880.918789339
260.454243024578,145.774126911618
500.799552100104,130.210333550283
410.835378061106,9.05529795568564
1297.94274797987,859.000117233768
2154.48098198189,1979.43153750066
271.185016525783,125.157153887512
2634.1798212541,1971.58900266404
2738.09103160456,2531.56216017367
469.028043291991,304.363117448023
3213.16071642852,2573.2003605949
3287.13385787368,2093.67382331658
306.773899323935,122.772053086684
344.406778404459,131.989052791579
2659.87951630909,2008.33572517171
2519.44748067904,2095.08871362216
2939.78138819247,2267.74575633972
286.033776056346,54.1700859849051
2383.43430654835,1863.77436137915
1235.33159757917,709.385573778444
576.936964749725,4.28509635402981
473.476634825283,154.142192433167
1178.76204166925,981.691319445848
713.701744244627,114.201860378625
2892.46984011541,2627.65342464092
1109.7484720115,638.802760248859
242.960376031867,32.0573717806192
2599.76312971793,1672.88544643832
2114.02269595495,977.770052027538
162.04370989559,25.1041965646463
3099.11991902254,2774.6403146716
2502.7053319494,1774.95967562629
3163.41446673706,2007.97189623599
8556.72562212366,3711.78280221046
2571.95930091951,1401.83288932728
539.724897364702,431.905372136363
1256.55267000331,1007.48274844463
200.247687874798,44.1850029712696
3037.65085352034,1949.79969195817
2824.53814262921,2571.01738698058
2453.07920664821,1554.84316951599
3613.05481165005,2570.45143085835
1838.20881663631,1061.73368530414
233.16139448028,46.9743581451192
3707.67790780418,2553.71529981526
460.160853690022,62.1338971334322
1949.81476189609,1320.49690947532
2774.97223005497,2482.84950822456
5994.23453731174,4191.10721230227
2892.77030162291,1894.09343935578
4150.58556665278,2964.801571741
2210.84009441111,1479.73270700856
351.891257997832,180.297450367669
4697.13347858054,3691.32753093557
390.996978012613,8.61061814536179
774.59961676575,380.645917637214
2955.17115907472,2547.0451026604
327.063179798453,36.9084242568794
287.296211142852,82.9529973440488
2385.2677840841,1386.10739421674
333.856342020482,178.963410936698
4778.35081320557,3499.8726598725
328.385752346004,137.082657891652
293.458118188674,150.09964870295
3224.16188270671,2188.63317553938
7861.23912156537,6527.17195768265
391.357652247069,210.373975720482
2587.61972800942,1998.18894040886
2862.14099061216,1820.47871802853
3375.6552973419,2646.45125298643
619.709752734885,353.075769397135
841.418959387377,457.332972199427
180.830080705329,17.6659161010474
293.608424208333,14.5127319914783
2877.71109861164,1998.9165982803
2813.11608938961,2120.71844087173
260.394105563532,59.3445419595826
3681.46730776098,2513.37071338769
391.387720977592,201.399528639401
2082.64193011181,1476.8220755228
3250.22225199616,2540.09192744442
3621.44093919661,2466.55805699178
3180.78794590882,2596.40456160635
2085.58768724623,1365.61169750454
4051.09276620622,3064.24814750434
959.036693838083,208.312278418072
1858.55815930597,1119.98674045656
546.758496532051,263.250447711718
6507.56850692425,4650.58273267871
2380.18793737461,2085.54831041885
851.909295943262,341.433243454111
2764.75262497266,2631.21086312351
2949.24983950603,2241.55007296791
2827.21339408779,2565.07484769717
427.99860191693,141.367754245682
2833.16482001995,2500.75797694942
1492.84005524461,953.676491395446
2235.21736745037,1288.27783594549
3101.163840039,2649.6448625333
4355.40186696052,2367.19233210305
517.692232647131,278.612113886542
2926.76610619767,2580.5982156212
577.177439327998,316.733301262486
7964.87967570818,3684.17222853308
490.068778598899,289.688683707336
2219.3165410481,1623.60683836697
241.667872214839,114.848667375459
1609.67637903127,875.25114302924
352.07159511506,94.1508434767493
3072.45832565445,1976.07622620458
3757.00357159787,2817.00617296428
285.402520880139,114.606114751646
2113.30134748603,1414.44562576556
677.842280504724,467.196778901156
790.019494011475,595.911371271259
3088.86990651311,2297.57972906872
349.666962231186,6.42764453104471
3119.37909313358,2349.97109581233
2587.43939089219,2270.81808957468
4454.41356771871,2745.25102175293
4232.97494200797,3171.94151247731
339.898049410122,208.918659977604
6408.85756873719,4147.64986720244
3452.45392099939,2985.70152282622
2863.79413103069,2222.42884112399
2173.05705984274,1367.83509655616
3105.97303054084,2680.00436594723
217.651367492418,55.1402964801572
3236.63615334983,2302.06695260926
3070.92530962619,1987.55705039839
2317.09583781736,2141.57796651965
276.024388657008,62.1743225707344
1141.24943751082,360.918304233756
3156.62126688208,2467.32614030052
240.946486112972,63.0232567540799
2895.05477248355,2242.35858171396
197.572492865651,19.5254862169472
2610.25339100791,1751.71504917754
812.533032619685,641.99636979573
309.659481364356,107.127408850745
794.768697584086,335.126875234973
2279.73353967859,1500.79435984299
2797.03507640193,2641.07466982524
2277.99023070144,1559.45166936843
4228.13564514265,2856.42097433389
169.468089660871,42.5275600418808
527.641520218378,428.428784528377
3843.27064656892,2645.31934074197
1629.27426686854,1087.88894323864
2534.26643490976,1592.76222970542
2790.15155745652,2567.78335199641
2985.65023933171,1796.54685914565
4615.91644501915,2561.07272940425
3352.36019753782,2912.41020499739
2714.16460135837,2482.36440297693
2934.82166587325,2616.77898200664
1061.71550019961,755.066317929894
242.749970184116,53.9275333610921
8755.89125907037,7160.63856020763
717.729524082417,52.7956211166314
5356.70037793788,4547.8616964939
226.51853827791,12.9361399366938
3324.58647510289,2328.02008335725
5048.84474756598,3259.3817333619
248.280659686685,58.2126297151219
347.713172140382,138.254995573415
3356.44803957075,2115.26100683594
2575.29568812005,1659.74717931511
1043.28980362433,672.679276708076
2801.87437326725,2457.86658797182
2611.96674415339,1754.10014997837
282.6973135899,207.948449482352
3478.57450301579,2684.28946230126
272.26711449506,110.603996458732
2859.64637733445,2601.37689039451
3219.20246145112,2866.64860997134
3897.16495102026,2322.52222388416
6985.34324850663,5214.23460498284
2141.2554070382,1425.56262102365
6455.98847863339,4349.04939584184
4758.69286317317,3305.30503013716
185.038235293302,5.13403053737534
3494.92617221114,2772.86159543031
2884.7448483108,1995.72298873343
2618.66962491794,2086.39724460219
2722.31048012438,2388.6582393105
5708.29092040577,4114.98611386229
4101.92133966468,2749.61696898156
1875.87172681441,1177.75469036136
1959.73405600272,1287.95443244707
2531.20040285325,2009.91231722649
4039.12970161494,2908.16553408067
1017.65017076447,253.507917321896
688.512954177837,518.73921146142
285.883470036687,85.904054267107
391.808532673094,1.0106359325542
2119.22281758654,1633.10681613298
3468.68546580446,2525.33664282913
2823.15565841834,2232.77775307334
3129.53878655258,2229.70541983838
2612.83832337605,2459.4836054639
7273.42140658313,6529.67833479539
229.283883029195,119.335890916
2733.85265775425,1831.95954222235
6463.11224635936,5426.38729994462
3343.91385726431,2251.93941035457
1412.28415742518,944.095662754832
2278.08039926006,1875.41688732218
2447.45834858703,2287.59464605508
4338.02838778876,3091.65659399521
4555.13862162239,4103.18188617005
738.409585154868,20.0914423391775
981.790707024567,489.026515044326
6523.34905840443,5398.45332276882
408.791419411689,67.4296294200163
3041.8290146437,2615.76834607408
2648.81813730396,2497.64521827715
2975.21988970506,2444.6070445367
524.064583173658,421.59688562431
2773.77008296133,2597.29392122699
6102.89502650073,4535.65321442865
3685.07435116918,2357.81363064895
1820.8651427644,1067.87835177407
3315.89958498519,2140.97158496012
3121.09244627906,2555.69614624306
336.531518213153,79.7593877971775
520.157002992051,63.5892128763103
2676.38141625819,2152.45240915394
3346.40847054203,2388.5369629986
797.954854030873,500.062659427818
556.166735118659,90.8359576179715
481.051320610224,142.944346300466
261.927083958834,15.6850696732412
387.089397831005,222.986712158759
281.314641214258,116.425259430244
3274.56956920376,2155.16091345318
442.306312462854,272.346171104706
3534.48262212012,2372.81146788805
3370.90601850338,2002.79744026131
138.959015939264,6.38721909374255
3723.03787338659,2787.94028354402
400.615584814017,159.114521221333
3097.43667224053,2683.44052811791
2472.0158082117,1785.67241651137
2732.46987247975,1437.36684871589
2484.79054036232,1722.32575625887
4445.51653518395,3517.53857597355
2441.23626644721,2226.51181029151
3241.68589369585,2830.75082164701
3648.94430648752,2630.07895087905
356.61039283992,15.5233679240325
2639.7705729518,2037.48246546657
279.751594088433,15.402091612126
4395.25907944064,3066.22899393214
3677.49959011833,2302.67333416879
2675.75008581607,1564.90910340423
2737.12913329147,1774.02989056834
310.831785525202,55.0190201682507
336.922261178132,109.795487712688
2939.39060759454,2667.27035319705
6544.05922584036,2426.45602318803
4636.08530003976,4151.16688024773
2847.62310001621,2023.69739134653
385.105576642633,100.618913445096
1154.50511881799,833.532091733402
3267.35548238737,1853.58715117901
1948.55240207549,1297.7778137115
243.59159357512,6.79147346676423
3206.36751657354,2914.51232773711
3065.81535655321,2045.5271274897
450.181535021206,174.597463708064
269.682106861004,49.8849896308753
1439.51686850843,923.842518666446
3299.33747230914,2395.32843646536
5661.06969141914,4356.40682543083
2212.61366028355,1842.59143223282
643.876507027533,439.181950850753
263.490131084659,102.357207249089
2774.22077522258,1889.20196144222
309.118432379718,75.0296116328238
2719.09421731412,2582.74076379821
2971.76337811424,1804.75322291799
2697.84303852651,1742.86187840837
2539.04551904812,1701.70878323476
264.632328882028,16.372302107378
519.555854179321,25.265898313855
3555.58357015399,2475.16867513714
2774.67176854747,2329.51582453743
344.707352810824,156.527293233995
308.547352297511,35.0488541409797
2802.65593446311,2554.483383124
429.741986159983,343.211962695406
1845.9336579091,1291.10761655664
1556.05242972395,1256.38216591408
3257.3761260856,2584.68118478872
840.096386839826,752.074835569534
2492.6356565572,1407.24989792577
3008.25379596672,2440.07939555886
2335.34119727541,1521.89643811472
3696.49640440877,2217.73949039694
5974.63710106993,2128.52055027105
715.986139839364,203.784629440229
3223.80120847225,2640.06403389269
258.320115816546,76.6466291249106
615.441498318821,118.284829546144
3110.00096091045,2436.68365882548
3349.835176833,2438.9879087517
2976.93324285054,1759.84056207528
520.126971894482,162.712385141226
708.261148034763,167.361310430976
216.058289269025,94.1508434767493
3155.92972371301,2688.8171112791
1055.5835866184,907.834045494787
1230.64253146761,830.50018393574
760.652618087236,395.360776815203
244.613554083351,81.2147035400555
2662.70499852142,1938.80397301198
3049.3435629676,2585.89394790778
5956.54197236562,4659.07207451217
197.001393966966,24.9424948154377
686.529095356511,154.425170494282
2292.50827182921,1650.2067761118
5275.36321998621,3915.56743165069
3126.92374782095,2045.64840380161
2891.62806619258,1991.3974669421
244.583522985783,58.2530551524241
464.008296410584,379.554430830056
3098.00778995569,2237.30540205119
2672.62414209624,2533.05790135385
2609.9529295004,1729.96616390898
131.324249142709,8.93402164377913
5749.11033226262,3972.93112718247
2957.63596705259,2575.1407815854
874.573140571132,773.581168214287
2380.09776881599,1713.06833111667
2737.27936404522,2643.05551625305
2602.94928616472,1642.24296496327
620.882019262776,20.0914423391775
3293.38604637698,2349.80939406312
3277.78583201403,2664.19801996208
293.518255649719,2.70850429924526
8258.0975921575,6846.81589043089
589.801865458961,238.348378333583
2822.22386646872,2683.60222986712
3788.14378759682,2741.85528501955
3140.81060903842,2551.12807182792
8318.33440420257,6567.43569323561
441.344451782714,5.13403053737534
5860.23532836585,4622.60833006561
1536.51460408182,956.829675505015
2764.3919507382,2585.44926809746
2308.55932898523,1384.77335478577
514.145364332934,325.950300967381
3891.06299327072,2505.56860398837
1466.53913611098,746.334423472626
3004.34629105102,2525.98344982597
511.921068566288,10.0255084509377
612.075004754806,100.376360821283
534.915593964,236.24625559387
2539.34628161926,1630.07490833532
2644.76010057087,1870.92966378164
274.882153226685,32.3403498417344
2553.29305450005,1695.80666938865
1271.40142953387,922.670180984683
2600.60460257712,2447.07299621214
2918.10932244345,2704.94686076267
3703.95074000571,3126.58417182428
262.137489806585,3.88084198100813
703.391744805969,714.600455190424
2820.30006984253,1746.45974232826
735.974808274563,379.231027331638
4297.96073182793,3363.07298004196
2151.08453258622,1538.47086740861
3915.01952988038,2686.75541397669
4489.01059637211,3417.97072389831
528.392975050767,197.316559471882
6884.22801613229,5730.91211914185
3110.51186589866,2543.4068133032
6795.13545894891,4958.62456492123
2893.88243068975,2566.89399237576
2637.66643920839,2466.23465349336
3048.89256964271,2497.80692002636
265.894763968533,59.182840210374
3516.14724463527,2476.98781981574
427.187047256449,188.018708892383
1370.74369816305,984.318972870489
3056.13676282258,2537.42384858248
3191.188189172,2525.94302438867
3095.27232577016,2281.57125589706
2689.06613038201,2541.02171250238
261.325935146104,41.5977749839309
417.027353837451,161.054942211837
215.036309944316,55.8679543515962
2823.54643901627,1802.40854755446
3493.63370602706,2413.88371218706
4363.42762133625,3162.03728033828
5019.71804515638,2742.17868851796
2910.47464972928,1804.8744992299
2821.65274875356,2644.14700306021
3336.9403202921,1966.21241950285
941.783263790692,493.230760523752
606.093397193258,503.013716350877
3243.54947759509,2550.44083939378
157.174287850319,8.40849095885095
437.226465753356,132.75713610032
297.516004389941,139.589035004386
349.186013074639,22.2339905161924
1549.49977971315,1392.25206068667
150.771887409746,51.8658360586816
5868.1105509242,3376.04954541596
498.364812852753,65.691335616023
2965.45097688399,1920.41039903949
6655.00418588999,4687.7337095594
2598.59078792413,2415.33902792993
1290.15769398013,297.046113296331
462.264949800485,133.767772032874
522.231030371991,73.2913178288306
3176.0386670703,2506.86221798204
2905.93581437146,2558.16209791849
279.661425529819,142.257113866329
1471.07797146879,719.087678730965
3206.84831519827,2660.31717798107
5937.12397005013,2967.95475585057
3200.74665851236,2135.55457636163
3751.92372488837,2366.34339791971
3253.52883389686,2763.4020431016
2882.58050184043,2056.23986837478
2661.17198249317,2537.7876775182
5347.83345176659,3343.83047188613
3008.25379596672,2503.34520493675
2519.4176753792,1827.3914678072
178.635834852729,37.0297005687859
2788.76907324564,2688.08945340766
2733.401965493,2529.82386636967
337.433279065202,112.099737638912
3310.75952554874,2688.89796215371
168.987159320801,38.97012155929
3648.73386300682,2568.67271161706
7376.43093134746,5610.24218879488
6888.46578785533,4730.01871697747
575.794729319402,290.780170514495
2869.44509545535,2077.98875364334
1259.01747798118,537.57746524423
545.435923984499,90.2700014957412
330.790422862833,115.98057961992
5818.87520622095,4304.98566918248
3485.72837710523,2081.46534125133
2139.63222245133,1732.1895629606
344.106203998094,7.51913133820325
1808.24079189935,1261.27364382764
3723.69900912855,2859.45288213155
309.839856114539,1.69786836669106
3000.70944234298,1923.80613577287
278.398990443314,114.12100950402
329.918730741306,85.661501643294
3885.02124824812,2663.95546733827
281.104197733553,115.535899809596
4935.43497953847,4097.56275038505
4378.12584904943,2650.00869146902
452.916848674923,175.486823328711
2943.47844962747,2231.48413907967
2787.9574056863,2228.81606021773
721.096017646431,317.743937195041
2901.48729810408,2241.83305102903
1768.92459077091,865.953292449741
863.12098096806,641.349562798896
6015.66605321658,5899.12236375617
3394.41156178816,3206.74781399448
3834.58375645122,2535.72598021579
830.898591733923,367.790628575125
703.301576247355,341.150265392996
3214.33275715869,2746.6254866212
181.341079775922,9.21699970489431
3117.8761834688,2656.59803774927
276.324963063373,151.069859198202
406.747460762271,100.618913445096
259.76288802028,117.072066427079
2880.53658082397,1732.99807170664
503.865471257754,141.367754245682
2125.77546759734,1441.81364681912
4781.92775025029,2960.35477363776
2779.96205873767,1965.96986687903
793.596355790286,397.301197805707
816.049832203359,467.237204338458
3550.20326193699,2555.89827342957
426.375454963014,276.227013085714
3202.49011802132,2114.61419983911
4353.62860215171,2747.83824974027
2740.10484625755,2367.87956453719
1023.15082916947,928.572294830799
467.795639303054,83.478528028977
359.856686747752,173.667678650114
3780.71955836336,2669.85758118438
1699.24973483938,1227.59925455494
449.039337223838,70.8657915907005
3172.94282971394,2798.41047180528
3287.70497558884,2302.34993067038
528.543243437473,351.903431715373
260.935154548171,71.6743003367439
2678.00445031324,1554.96444582789
2467.8978598153,1555.93465632314
413.420385695163,227.959040946925
222.701145471394,65.7721864906274
180.469387654396,20.5361221495014
3197.8308572096,2297.62015450602
2767.09700749662,2663.22780946683
5733.17924896506,2689.94902352356
1182.21870379188,791.004531691521
2413.101719246,1536.61129729271
1506.15594927874,627.928317614576
422.618180801066,98.7997687664986
397.880308793256,35.7765120124187
238.121003900642,5.21488141197967
2578.42193290352,1607.67921606992
516.910746717173,181.79319154785
402.839880580663,306.303538438527
2611.42573280171,2601.0939123334
484.77852604165,46.5296783347954
3298.40568035953,2623.81300809722
6336.98825997182,5013.8861377133
163.396332357186,21.3850563328469
2839.7776827577,2506.37711273442
2385.53844029176,2257.03301545464
194.446455063433,35.0892795782818
1622.24066770119,792.66197462091
246.176601209176,34.2807708322385
263.219587775863,86.0657560163157
3155.59915584203,2613.90877595818
2734.75434334039,2315.48819779358
3171.71027519319,2768.65734995088
1349.55273210239,741.240818372553
2108.49200645238,1378.91166637695
2649.65961016314,2291.35421172419
2523.47541104865,1615.23877284543
1941.63892729842,1300.89057238377
4370.58149542569,2548.9046727763
5404.16245783233,5251.10260380242
1967.87978423691,1100.38040336501
4074.44807873725,2398.03694076461
2848.91556620029,2139.55669465454
364.786227437592,144.925192728272
1234.15925578537,630.232567540799
8141.17109981222,5113.53484066314
445.011519753093,205.361221495014
723.560825624305,401.990548532759
9144.84440074067,8660.78611305378
2865.68782129341,2559.69826453598
2627.02594716466,1800.50855200126
384.023478673356,43.8211740355501
2480.10147425076,1627.7302329718
628.095955547352,194.163375362313
548.321543657875,338.401335656448
2964.27893615383,1656.79612239205
1712.17469774375,1172.9036378851
286.003707325823,14.674433740687
1713.13659605685,1043.13798414514
662.151897583157,401.060763474809
2561.58916401981,1614.91536934701
297.75644133526,173.465551463603
3344.57499300627,2323.3711580675
3206.87842156175,2065.86112245269
366.67988006735,234.75051441369
2902.99020776886,1795.5766486504
3829.68424685895,2502.73882337722
3063.77143553675,2326.92859655009
491.03063927904,240.773904571713
2313.2483950968,1572.95376542736
1473.15199884873,610.10069976432
545.70650492625,323.201371230833
6909.92741012365,5554.6572125044
368.814007275382,156.608144108599
520.968595285486,216.47821675311
775.80191439121,407.528833443156
1150.26689549949,522.822180628939
7108.19106042059,5466.04465393804
634.919186499904,486.924392304614
237.910598052891,96.2529662164621
2558.79378817096,1481.55185168716
244.583522985783,36.0190646362317
446.905210015806,179.205963560511
583.369415104343,377.735286151458
2780.65330084311,2556.86848392483
2192.14389215998,1499.66244759853
5160.93134091866,3398.32396136945
1845.81353351882,1080.04640840202
136.854957461755,78.0210939931843
360.277498443254,81.578532475775
533.863564725245,221.450545541276
736.996844048703,384.082079807898
1928.17295304236,1265.84171824279
2453.8306614806,2252.14153754108
1005.11591319212,524.600899870234
3860.34366423317,2451.43894344077
3323.62457678979,2456.89637747656
2157.45684547979,1443.95619499614
3363.27134578921,1924.53379364431
4785.44447456806,4316.83032231201
2520.92058504398,2403.89862917342
7203.29525626308,7035.84523525583
3912.76516538322,2774.72116554621
2717.68132567614,1804.47024485687
1372.51711350367,858.029906738516
5460.67149995167,2328.38391229297
793.446125036535,586.532669817156
2729.07357361589,2544.90255448338
2249.64524001953,1294.38207697812
3615.57983235488,2516.76645012107
178.695953497297,27.9339771757981
3564.06001679098,2451.27724169156
2420.31565553057,2289.65634335749
3689.2522112289,2657.93207718024
2701.81075616916,1713.02790567937
980.949083633563,518.981764085233
3565.02191510407,2185.47999142981
2864.51578056324,2595.75775460951
2928.65979646038,1606.66858013737
8291.19171114611,8462.45891764934
4843.4567274158,3739.23167413863
250.084143757829,123.580561832728
299.229319902471,34.9680032663753
759.450320461776,253.548342759198
1840.04229417207,1743.95336521553
3040.05544877126,2582.33650942519
674.115112706253,257.469610177508
2356.77271318026,1387.72441170882
471.402645078297,36.5445953211599
972.833386496938,655.053786044331
1068.1779816518,560.256135570747
390.996978012613,209.080361726813
899.010475805532,543.479579090347
3639.14528730298,2863.57627673637
2780.71351357006,2559.13230841375
2330.8023619176,1879.66155823891
2762.0472671506,2582.61948748631
964.537352243084,94.8785013481883
182.182703166926,4.12339460482114
3960.37717496778,2072.85472310597
4636.3860626109,3952.75883396869
278.128447134517,44.6296827815935
4088.33493995472,3288.52847365676
896.094825034587,362.575747163145
2700.78864512911,2104.87166944928
3180.93817666257,2319.28818889998
446.24392374203,35.7765120124187
3973.51258135286,2442.22194373588
2855.0172228862,1998.63362021919
3044.86494033674,2943.82076978118
375.75747551707,98.9210450784051
676.85035109406,348.30556779548
210.978461376003,11.9659294414417
375.126257973818,2.62765342464092
2788.64864779174,2464.94103949969
485.079100448014,402.030973970061
864.804227750067,733.317432661328
970.338547421495,892.472379319963
336.411280924016,95.4040320331165
238.030835342028,57.0402920333591
3744.73974443545,2442.38364548508
3542.86905073032,2271.22234394771
158.406673022779,8.89359620647696
601.614699296489,377.77571158876
3905.8816464378,2751.84036803318
317.414504266526,128.431614308988
2423.23130630152,1757.41503583715
2930.16270612516,2531.56216017367
3306.31100928135,2425.40496181817
2903.56132548402,2532.41109435701
2872.69146462909,2568.10675549483
239.894419241263,80.5678965432209
7532.67332375753,5488.52119707805
3830.58593244509,3212.85205502711
557.880012998235,11.3595478819092
647.573718994344,164.167700884104
3155.328800698,2269.2819229572
1063.45880917676,354.167256204294
657.853612069525,8.24678920964227
1242.63570242236,802.242803261524
3084.84227720714,2434.29855802465
9243.2849837837,3890.05898071302
324.838884031808,11.1574206953984
3612.60381832516,2361.77532350456
2735.95679149767,2413.27733062752
2871.87979706975,2746.5850611839
3231.22573876935,2456.12829416782
2645.30141298619,1528.9304642053
1962.10854489016,1417.39668268862
2712.72190442055,1678.1407532876
2337.47528685049,2166.15663239937
2739.89440277685,1798.93195994648
3833.86240798231,2563.25570301857
7597.65911357749,2529.01535762363
965.108469958245,493.837142083284
4762.75059884262,2865.43584685227
428.35931378434,102.518908998298
3180.87826499925,1983.8783356039
2863.37354513292,1932.29547760633
2540.18775447845,2231.9692443273
386.969160541868,150.66560482518
6242.87636986953,3024.99504788393
3106.99514158089,2498.97925770812
2810.20058915049,1587.66862460535
459.619804705383,83.963633276603
697.590549627558,256.216421621141
2922.37780265724,2695.60858474587
282.33660172249,25.1041965646463
198.864996682679,7.23615327708807
2794.54016206058,2553.10891825572
3374.1824940406,3368.08573426743
500.378740404602,308.850340988564
342.422919583133,0.525530684928184
444.710945346728,202.005910198934
491.301144954882,387.922496351604
3881.89530452829,2883.66771907555
2781.25452492175,2630.56405612668
1069.5606916604,271.578087795965
1986.57598648804,1315.92883506017
757.526599101496,653.396343114942
6779.02433959775,5136.45606361347
470.591052784862,82.5083175337249
279.811731549479,61.0019848889715
567.91950676105,383.55654912297
6238.69820874617,5129.01778314987
2794.84062356808,2615.84919694869
2618.45918143724,2206.70334601345
327.664366244138,154.38474505698
3277.87585004082,2172.42257518121
649.076628659123,312.529055783061
1413.96740420718,650.889966002207
906.194380992539,326.637533401518
2541.36009627225,1441.49024332071
4265.13726904697,2549.18765083741
3200.65633942193,2745.57442525135
4244.81788220897,2889.61025835897
376.418761790846,182.642125731195
228.682734216465,17.0191091042127
3786.37022172438,2502.73882337722
273.770024159839,110.321018397617
1176.65805845765,649.232523072818
364.21510972243,9.05529795568564
3713.6895464633,2682.47031762266
3102.1257383521,2499.26223576924
587.126689266291,254.882382190169
1368.85000790033,935.242491985657
4051.0328545429,2667.35120407165
483.576190783235,212.273971273684
232.169465069616,15.2403898629173
3382.98950854857,2856.94650501882
7122.01831103837,6933.52845344405
8444.909383915,7015.34953854363
6925.94881251165,5155.09219020977
3704.01095273267,2987.31854031831
275.69374552012,74.5849318225
3224.52255694117,2010.47827334872
4451.49806747958,3004.37807485982
301.092903801706,115.091219999272
233.52210634769,43.8211740355501
338.034427877932,248.535588533729
529.835747254501,127.703956437549
798.856539617013,266.201504634776
2183.54732113272,1790.92772336065
2715.69761738663,2589.20883376656
1936.4689120303,1150.79092368082
3358.97306027558,2428.11346611742
3410.46246841237,2387.72845425255
2470.21243703942,1703.12367354034
2408.2323160172,1727.94489204387
3094.79152714543,2633.03000780211
5846.25814805795,5170.13045288617
267.247405246607,68.318989040664
3089.86191118968,2399.45183107018
530.617270817413,147.3102935291
1093.06615967927,513.120075676419
3063.23042418507,2111.82484466526
4557.24275536581,2875.90603511353
2644.06885846544,2037.80586896499
1848.30829732836,1132.11437164722
4203.99877141576,3001.50786881137
2680.58968374502,2378.55187998496
3721.08397039692,2365.93914354669
434.821795236527,6.42764453104471
6010.07530151888,4757.10375996992
3576.89496166855,2373.98380556982
632.694853100304,472.330809438531
3166.66053484717,2230.83733208284
1087.5354701767,933.827601680081
3298.28555596925,2190.41189478067
3516.4175997793,2245.22878776241
2909.272201572,2225.25862173514
4355.37206166067,3103.42039625014
3743.80795248584,2662.6618533446
1025.70573044005,100.659338882398
976.410323541657,482.437168764073
2874.46503050153,2437.49216757152
3028.48316477792,2653.56612995161
2722.52062254145,2194.45443851089
818.72500839603,546.268934264196
3812.19034223329,2829.74018571446
2896.1669015504,1886.77643520409
2337.41522465535,1671.99608681767
345.639144760442,44.0637266593631
2337.95623600704,1746.09591339254
3904.70960570764,2518.01963867744
327.514060224478,163.803871948385
3568.98963274673,2599.92157465163
2870.67764997611,2469.02400866721
241.547634925702,70.6636644041897
1287.24204320919,1162.02919525082
2857.90291782549,2467.60911836164
5397.27893888692,5191.59636009363
2709.0546482854,2507.63030129078
4456.36747070838,2913.90594617757
6875.51101965112,2487.29630632779
2876.02785182963,2548.54084384058
1617.13071462821,955.374359762137
1370.83386672166,617.296427604106
316.212169008112,26.3169596837114
2395.69798317894,1874.60837857614
3882.28608512622,2851.97417623065
3554.50154745062,2441.97939111206
1896.22106948406,1385.94569246753
3164.37606398652,2401.39225206069
2981.74273441601,1892.11259292797
556.437240794501,91.2402119909932
3175.58797480905,2209.97780643492
2632.7070179528,1609.70048793503
3500.30648042814,2237.02242399007
2581.27722041569,1474.55825103388
427.758127338656,99.850830136355
3576.77453621465,2906.50809115128
2419.53424486652,1218.30140397544
5579.91256952106,5361.86830201036
2963.91796085573,2097.15041092457
4186.625292244,2995.64618040256
2161.4545189541,1468.97954068618
4117.70189114486,2865.47627228958
4698.21580234755,3366.54956764995
3073.57045472129,2785.7573099297
2935.33287192509,1198.73549232119
245.575414763492,113.433777069883
409.572942974601,279.380197195283
799.157151656333,464.528700039213
3303.90641403043,2058.18028936528
732.938957847436,421.394758437799
3146.61180421683,2370.58806883643
3140.93073342869,2667.91716019388
326.882842681225,111.250803455566
4137.78072813868,1734.1299839511
884.492359411856,339.290695277096
1734.32756211751,996.567880373046
2784.3503622781,2034.08672873319
2624.44101479651,2448.04320670739
3125.12007558504,2125.16523897497
5587.33679875453,3677.98713662585
243.651693403211,36.0594900735339
3296.0911031354,2268.99894489609
2901.33706735033,2663.26823490413
3278.35694972919,2213.61609579212
2013.14741129752,1352.10960144561
2916.42607566144,2591.95776350311
4652.40686287162,3314.76458246587
624.639293424724,279.097219134168
648.505510943962,177.063415383496
332.022789218815,169.584709482595
435.873862108236,53.8466824864878
3639.71640501814,2721.96596986688
3200.14543443372,2507.75157760269
362.772337518697,101.144444130024
263.279725236908,2.30424992622358
475.220019068336,193.35486661627
2571.68864471186,2042.37394338013
536.47860345687,101.42742219114
2832.0526909531,2531.80471279748
343.444917724319,160.488986089607
297.606172948555,38.5254417489661
6635.37604115743,4951.79266601716
2196.08165397098,1636.50255286637
5463.04628990274,2216.20332377946
2889.13345291487,2684.73414211158
2676.29139823139,1532.97300793551
290.121655722228,131.503947543953
811.691409228682,317.54181000853
359.616212169479,73.372168703435
2599.91336047168,1710.64280487854
284.04991723502,18.5552757216951
3404.0901555188,2074.83556953377
335.479488974398,203.62292769102
3812.13012950633,2487.94311332463
1188.05000533377,431.137288827622
3854.09147572988,2290.62655385275
2983.33566210759,2644.83423549434
3366.54752026279,2017.5931503139
501.009957947855,317.986489818854
741.565635238178,558.07316195643
3272.37541743355,2485.5175870865
2329.29945225282,1436.11366015952
683.643550949044,533.413645202107
3287.25398226396,2764.85735884448
760.953230126556,349.841734412962
154.43899301308,23.3254773233509
1524.070590334,1079.23789965598
1927.06082397551,1249.42899069811
2388.39387833575,2120.47588824792
2644.3395146731,2255.77982689828
777.425098978081,472.654212936948
2172.39577356897,1367.18828955932
2821.50251799981,2542.96213349288
713.040457970851,417.796894517906
1658.03999398004,1211.38865419677
2898.93217103578,1800.54897743856
5314.49908399743,1856.90203703779
2735.8366671074,2531.52173473637
7399.00408055535,3626.60640581479
251.55702232504,1.1319122444607
415.614612731286,103.529544930852
1424.03692906757,879.334112196759
684.184562300728,63.2658093778929
383.482429688717,215.750558881671
6067.66696846885,4728.52297579729
325.560270133674,171.888959408818
3733.97882693782,2486.77077564287
3564.36047829848,2271.74787463263
2948.9490769349,2536.69619071104
302.956525333896,34.8063015171667
662.422478524908,18.0297450367669
3155.29869433453,1782.5192324018
807.302955156435,317.905638944249
517.091083834401,292.680166067696
5304.45921390507,4915.89487769284
265.714426851305,83.3572517170705
5245.63559456161,2445.86023309307
159.669126925761,52.9573228658401
5530.22623149292,2510.78348540035
1149.00446041299,655.821869353072
340.709604070603,19.242508155832
376.599098908074,60.1126252683238
3292.93505305209,1887.66579482474
4076.82256762469,2641.68105138477
3641.70041437129,3299.20078910454
559.503197585105,145.935828660827
3762.7746604128,2362.13915244028
4102.46235101637,3713.31896882795
3773.80593305446,2332.10305252477
691.849416644283,471.886129628207
2462.15657630021,1444.80512917948
7633.39837766121,6223.45564723146
3282.23434828141,1902.05725050431
3341.62938640366,2549.14722540011
2459.57164393206,1860.09564658466
4273.82415916467,2912.6123321839
2872.57134023882,2537.30257227058
2354.96919147616,1430.73707699833
2703.67434006839,2010.43784791142
2536.03969971857,2340.59239435823
875.444870325613,407.650109755062
3662.22994362635,2385.94973501126
1063.66925265746,580.590130533737
311.793646205343,95.5657337823252
3169.33578630575,2147.60135667768
330.519879554036,156.891122169714
3025.14677757738,2412.59009819339
3451.34179193254,2712.22343947706
3132.90528011659,2763.24034135239
3031.39866501705,2088.25681471809
1108.60623658118,957.638184251058
3429.21903392227,2234.27349425352
498.214544466048,148.118802275144
3102.57643061335,2429.73048360951
537.861275832513,141.731583181401
3373.07006391012,1695.32156414102
326.011150559699,177.629371505726
4717.39265269158,2883.34431557713
4384.88894254094,3390.15802303441
4202.64639356836,1948.02097271687
3315.92969134867,2906.9123455243
2080.7482398491,948.219057359653
3540.70470425995,1964.02944588853
3676.92847240316,2805.40407245855
2360.22937530288,1473.54761510133
5068.53250289822,3500.55989230663
2458.60974561896,1659.10037231828
4720.99969609978,2744.40208756958
683.763750605226,145.127319914783
574.201651096009,59.182840210374
4319.54247848652,2826.22317266917
1161.71905510256,739.987629816186
3072.93912427918,1600.84731716585
3887.57637531643,3004.94403098206
407.829558731548,172.535766405653
3993.38127592961,2872.83370187857
5185.24885282642,3509.2513613266
2491.52352749035,1785.51071476216
3370.60555699588,2152.73538721505
2275.82603476289,632.132563094001
335.208945665602,24.3361132559051
587.517394598315,316.207770577558
347.803340698997,47.9041432030691
4292.09932392256,3294.34973662828
501.551006932494,211.586738839547
2035.45065695684,1268.91405147775
496.471160222995,124.712474077188
2416.82888704447,1818.29574441422
4845.5009494959,3400.06225517345
920.592222464124,405.224583516932
3409.83143903389,2208.52249069204
360.247429712731,16.0084731716585
2847.59299365274,1251.1268590648
2867.07060656791,1717.79810728103
880.073798976133,334.924748048462
3829.44369701477,2295.51803176631
3048.77244525244,2420.75603652842
454.179283761428,146.218806721942
2019.67010547666,1484.78588667133
4079.64804983702,3177.88405176073
3950.87891835438,2751.59781540937
5347.65281358573,4490.94268077245
2874.52494216485,2717.51917176364
2841.67137302042,2454.30914948922
463.31697903924,11.319122444607
5232.04919485164,4055.4798701535
3298.7362482305,2607.60240773905
797.984885128441,422.567096119562
2573.28187346707,1688.00455998933
841.388928289808,564.177402989057
3092.56726901174,2360.44128407359
3615.6397440182,2067.43771450748
3593.6371103982,1924.57421908161
4618.11059678936,3038.41629306825
2687.08212102887,2509.65157315589
423.069061227091,191.939976310694
255.133921736805,131.989052791579
2849.99758890366,2357.81363064895
752.326477469905,352.22683521379
2855.46821621109,2543.16426067939
6290.36795400019,3853.55481082917
1262.86492070174,752.398239067951
3530.12412387954,2677.70011602101
317.444572997049,91.0380848044824
2462.00634554646,2015.32932582498
3567.36629762804,2448.08363214469
2645.30141298619,1654.69399965234
448.317951121971,221.773949039694
1447.99331514542,1040.30820353399
2297.76845565594,1131.54841552498
3134.2880653911,2498.29202527398
279.571256971205,141.246477933775
2649.81014198053,1757.90014108478
2701.08940770025,2544.53872554766
2690.50882731984,2545.71106322943
638.165480407736,386.103351673007
3036.08773112861,2068.12494694161
577.778588140728,29.1871657321653
2338.19678585122,1563.97931834628
303.347268298875,153.495385436332
3010.08757456611,2252.02026122918
1158.65317357787,835.229960100093
2793.72849450123,2034.16757960779
187.683361571926,35.3318322020949
3376.49677020109,2686.31073416637
2564.50496532257,1933.10398635237
654.697486720307,310.83118741637
2710.97844491159,1661.00036787148
3281.48289344902,1608.16432131755
2548.87464459614,1437.85195396351
3083.30926117888,2415.94540948947
3531.7775653617,1993.94426949214
857.530154004445,484.498866066484
3187.8816072713,2639.65977951966
775.290934137094,300.078021093993
465.451106247272,0.444679810323848
544.143457800426,385.335268364266
2855.67865969179,2584.55990847681
3169.36589266922,2645.68316967769
6532.15637397603,3002.15467580821
2251.92971088017,1096.70168857052
2706.65005303448,2392.41780497961
4018.35962251569,2714.08300959296
485.650218163176,185.471906342347
220.506899618794,18.514850284393
2567.39035919822,2370.38594164992
2921.68625948817,2006.11232612009
2762.67859759272,1822.37871358173
2872.36089675812,2524.649410395
230.84693015502,61.8104936350149
254.172061056665,39.0105469965921
2271.43743015882,1627.28555316147
2316.04377094565,1406.88606899005
2332.54582142656,1391.64567912713
653.795725868257,276.590842021434
4096.36039326682,3020.54824978069
2735.56601089974,2514.30049844564
6386.55417254605,2737.2872106044
2568.32215114784,2477.02824525304
3820.66678887028,2831.92315932878
2305.37317253845,1538.2283147848
418.650500791367,118.284829546144
215.607408843,57.4849718436829
2701.99109328639,2564.63016788684
3945.8589833082,3262.04981222384
2118.6215935079,1283.10337997081
614.960549162273,210.656953781598
483.42592239653,133.040114161435
1306.02841401893,367.790628575125
473.476634825283,38.727568935477
233.612274906304,68.0360109795488
3780.77947002668,3147.4032720349
2916.63651914215,2615.72792063678
2661.98365005251,1751.47249655373
332.654006762068,54.5743403579268
4138.80253811509,3292.77314457349
3724.87135092235,2545.54936148022
3191.63888143325,1739.14273817657
4438.90367244619,3763.44651108263
227.11968709064,23.1233501368401
2425.84634503314,1728.95552797642
489.978610040285,198.852726089364
2410.57684907299,946.965868803286
2327.91681751013,2050.86328521359
2607.45801515905,2472.01549102757
907.727321754887,599.307108004641
2365.54962132475,1393.82865274145
386.818892155163,180.822981052598
453.758472065926,27.6509991146829
455.141144441568,199.459107648897
3407.36663105601,2645.44061705388
2012.45601866026,1596.92604974754
3773.17490367598,3048.23967433268
3923.4658701539,2339.50090755107
3049.82436159233,1964.06987132583
1706.25322764325,995.638095315096
678.744041356773,279.13764457147
4005.1037906767,3060.36730552333
325.049289879558,111.372079767473
505.458549481147,304.322692010721
4275.7777610907,2844.13164139403
2867.5215998928,2533.42173028957
3076.45584859694,2311.84990843638
3660.817353052,2594.22158799203
9852.44389558035,5929.40101629549
2522.81427530669,1696.29177463627
1450.7585846308,816.310855442679
3822.62039079631,2479.73674955229
2559.18456876889,2316.29670653962
2857.60215525435,2668.2405636923
1398.99836975453,835.229960100093
555.445311383838,105.631667670565
2393.3234942915,1651.09613573245
205.357565681866,1.21276311906504
347.172123155744,111.816759577797
2486.47378714433,1697.54496319264
591.545249702014,405.224583516932
2228.39421176373,1419.78178348944
3008.40432778411,2619.08323193286
201.991053301374,42.2445819807656
645.25921703613,283.139762864385
3088.02843365392,2026.52717195768
355.738700718394,64.5189979342602
420.063241897532,289.284429334314
3015.34775839284,2653.60655538891
594.88171216846,212.354822148289
4478.40021069186,3474.32378349753
1616.80014675723,775.400312892885
656.831651561293,116.627386616755
124.050156580609,20.0510169018753
174.517867639848,49.4807352578536
6127.87367415045,2486.16439408333
331.782314640542,5.45743403579268
381.378333578253,131.059267733629
189.817488779958,50.6126475023144
6066.67526485591,5248.55580125238
534.224238959702,309.416297110794
3650.02632919089,2409.63904127033
2460.80419845281,1948.18267446608
1717.79555580494,945.025447812782
2785.85327194288,2255.29472165065
623.737532572675,377.128904591925
431.455301672513,21.0212273971274
2312.04609747134,1634.52170643856
2262.08940429917,1743.67038715441
405.154382538878,163.844297385687
489.287255035987,178.235753065259
1347.6289354762,885.074524293667
211.519491544165,59.7892217699065
3567.90730897972,2719.98512343907
684.60537399623,384.445908743618
1565.34054392029,1162.79727855956
3634.36620316462,2484.10269678092
7058.83589239069,4390.56631995117
2676.08095475069,1766.99586447776
2683.32484686692,1793.67665309719
2794.78071190476,2625.79385452502
3786.94133943954,2687.80647534655
2739.23296597125,2581.68970242836
1492.4494251785,708.213236096681
2580.01486059509,1682.83010401465
8478.60442591862,4169.96470859323
2276.42710830971,1405.10734974876
3113.87835946267,2410.60925176558
3879.9715079021,2777.63179703196
660.228176222876,234.952641600201
3260.92295676684,2211.67567480161
3640.46785985053,2641.23637157445
2731.32793811306,2593.7769081817
6467.92203898846,2698.0745364213
2680.58968374502,1833.85953777555
5516.33937027545,4740.08465086571
2484.30944067396,1620.17067619629
2274.83403008631,1417.47753356322
5367.07081590122,2924.86123968646
2796.01296536188,1894.69982091531
4749.37464261336,2156.21197482304
2307.7478119577,1409.27116979088
3313.94568199552,2573.92801846634
381.708976715141,52.7551956793293
3156.32050431094,2396.1369452114
2357.82478005196,1461.62211109719
3225.99536024247,2273.52659387393
5757.13548451109,4169.43917790831
4180.88400872891,3049.57371376365
4004.14189236361,2368.122117161
2979.00727023048,2465.87082455764
4089.92816870993,2774.43818748509
375.39676364966,110.76569820794
2815.73112812124,2523.84090164895
2488.48760179732,2413.56030868864
734.231499297419,237.054764339913
1211.074599462,1007.40189757003
2625.7933926439,1510.81986829393
2472.3162697192,1921.38060953474
2644.51985179032,2358.62213939499
2950.24154311897,2380.29017378896
4302.46946082227,3029.64397317368
543.602371182833,361.524685793289
397.06871649982,246.837720167038
3063.23042418507,2098.12062141982
622.895909181671,468.975498142451
2407.63109193856,1933.6295170373
2240.65788839433,1240.09071468131
237.099005759456,3.43616217068428
2815.28043585998,1931.36569254838
242.870207473253,22.9212229503293
4852.77494797562,3677.94671118855
655.268604435468,292.882293254207
3895.03071091337,2521.29409909892
3581.58402778012,2358.29873589658
559.322860467877,434.735152747515
3817.72118226767,2924.37613443883
368.453333040925,106.561452728515
3399.0103088093,2407.57734396792
912.44649422993,544.490215022901
2942.51655131437,2197.89060068157
5681.90028430897,3408.06649175927
2722.22016103395,1745.52995727031
2980.60049898569,2615.12153907725
5034.02579333525,2967.95475585057
514.355770180685,268.546179998302
552.740104093599,211.142059029224
299.048945152288,186.442116837599
2569.88527353957,2318.03500034362
430.07262929687,37.1914023179946
2815.28043585998,1908.36361872345
638.886904142557,28.7424859218415
690.376538077073,533.171092578294
443.719053569019,257.388759302904
4194.6507455561,4301.22610351338
865.675957504548,642.077220670335
2672.71446118667,2603.35773682232
1901.15053490799,1477.83271145536
794.468085544767,79.9615149836883
2778.06836847496,2113.56313846925
4385.73071646376,2790.36580978215
6923.06281650873,5957.69882240701
3025.2066892407,2630.40235437747
2806.11244605392,2228.37138040741
227.179824551686,23.4871790725596
310.65141077502,96.0508390299512
203.914774661655,38.4041654370596
2394.40551699487,1709.7938706952
1673.9406698505,976.072183660847
1393.25738730307,854.432042818623
2239.0047479758,1470.75825992748
3207.41943291343,2060.96964453913
3388.33971040209,2446.70916727642
2818.04570534536,2702.03622927691
326.161456579359,140.437969187732
3887.72660607018,2262.16704599202
3666.31808672291,3358.62618193872
3915.86100273957,2771.20415250092
3439.70929521224,1791.12985054716
7393.26339916753,6141.18988232155
3839.81383391447,2659.0235639874
2477.33620476538,2086.63979722601
1055.1627749229,857.180972555171
320.059649361628,7.31700415169241
4842.49513016634,3819.07191281042
2369.33700185017,2238.31603798374
3073.26969215016,2614.43430664311
333.856342020482,107.531663223767
3079.91266125139,2478.36228468401
2221.15016911568,1455.23489200344
3142.3135187032,2040.02926801661
2536.55060470677,1878.04454074682
228.592565657851,9.21699970489431
6698.82881494913,5036.84778610093
2451.42606622968,1334.68623796838
276.986249337149,29.4297183559783
4162.15785064612,2663.42993665334
117.767993429173,0.363828935719512
252.609051563795,71.1083442145135
302.475576177349,26.5595123075244
3864.61184338333,2611.24069709624
425.624000130624,53.6849807372791
3663.76295965461,2371.59870476899
296.073194553253,7.59998221280759
3980.6664554423,3122.09694828374
2856.21967104348,2705.95749669522
234.814610164719,5.29573228658401
430.944321418397,138.942228007551
897.627765796935,301.290784213058
3302.37339800218,2204.39909608722
4033.56905628071,2440.8070534303
3564.54081541571,2899.19108699958
213.533400279537,9.863806701729
1446.18979344132,633.587878836879
2754.5327188267,2547.77276053184
3454.6480727696,2242.15645452745
5489.16717298279,1956.91456892335
4284.58477559867,3462.19615230688
3877.20623841672,2727.38297846537
5219.06432028395,3863.05478859518
3497.48099821581,2488.10481507384
602.396260492356,360.028944613108
1818.28021039625,1250.60132837987
488.776274781871,269.233412432439
228.081547770781,47.7424414538604
568.941467269281,238.550505520093
4991.88410999448,4887.92047507974
262.73867625227,78.8296027392276
2989.79829409159,2593.7769081817
207.942573315922,14.3914556795718
5642.55367575342,2392.70078304072
3314.69713682791,2537.18129595867
2593.3306040974,2506.17498554791
4514.1093684121,3273.16680748194
489.91847257924,37.2318277552967
3106.72448537323,2832.89336982403
4006.3661504973,2531.27918211255
3048.65201979853,2902.82937635678
303.64784270524,107.693364972976
2796.58408307704,2662.45972615809
535.787286085526,398.918215297794
6772.17092701581,3900.93342334731
2085.55758088276,1685.33648112738
304.00855457265,137.810315763091
2910.02365640439,2571.54291766551
498.815693278778,18.3127230978821
261.025360739739,0.687232434136856
3259.78102240016,2566.73229062655
3583.02672471794,2169.06726388513
2969.6893507343,2640.3065865165
2302.66796524821,1534.95385436332
3984.15337446023,2177.07150047096
2607.90900848394,1749.89590449895
4520.93237356693,3143.40115374198
2148.9803988428,1474.11357122356
148.81811613542,4.56807441514499
2909.66298216993,2055.51221050334
1783.41267606701,1228.40776330098
636.963182782276,292.356762569279
5519.22536627837,4287.07720045762
319.518600376989,26.0339816225962
3018.98460710088,2021.63569404412
474.468564235946,360.918304233756
339.266831866869,115.455048934992
2942.66708313176,2547.0046772231
152.665558855982,9.54040320331165
4453.27133228839,3705.15303049291
3307.84402530961,1944.18055617317
2960.07066866699,1857.30629141081
3163.92537172527,1850.47439250674
3398.22904867706,1883.54240021991
319.939412072491,18.9595300947168
3870.26280780799,2468.7410306061
1990.60376632583,1454.02212888438
3716.84589761024,2393.38801547486
293.428087091105,78.2636466169973
241.367297808474,7.11487696518157
3423.86853100511,2319.49031608649
3597.27426016987,2717.39789545173
2934.76175420993,2619.24493368207
363.944604046588,226.625001515954
2869.9563015072,2583.54927254426
1884.43819147819,1175.73341849625
2517.76423389703,1839.51909899785
1676.94648918006,942.114816327026
3573.76871688509,3080.49917329981
6331.5775443277,2980.12281247852
3985.32541519039,2835.64229956058
465.721649556068,72.1998310216721
2702.86267250905,2564.95357138526
320.871204022109,109.391233339667
2975.61067030299,2035.82502253718
2200.74061371907,1210.94397438644
440.953671184781,284.433376858054
163.185926509436,33.5531129607995
3283.43679643869,2593.89818449361
2968.96800226539,2647.13848542057
2591.61725095192,2457.74531165991
3847.23806314794,2727.46382933997
4431.71969199327,3511.79816387664
3401.05453088939,2217.45651233582
636.993213879845,356.107677194798
714.783842213904,70.6636644041897
1752.15218514597,1006.63381426129
2206.72214601471,1410.68606009646
2758.32009935213,2479.69632411499
302.385407618734,111.655057828588
381.49857086739,13.0574162486003
2736.91868981076,1759.19375507845
3544.13141055092,2462.03040801394
2752.33856705649,1652.91528041105
3021.32929068848,2596.80881597937
2116.06661697141,1545.90914787221
2125.26441207731,1261.63747276336
267.908653887428,4.20424547942547
3246.40506617089,2417.88583047997
750.402756109624,550.756157804737
246.928056041566,20.7786747733144
2618.9402811256,1651.41953923087
3300.14913986849,2217.69906495964
8539.92326066706,8175.96384348888
619.198772480769,101.104018692722
193.574762941906,29.3084420440718
2753.24025264263,2563.13442670666
284.140085793634,37.2318277552967
2509.49823074075,1348.67343927493
2845.33862915557,1899.51044795427
413.02960509723,115.859303308014
3090.82380950278,2505.32605136456
4451.79852898709,3122.13737372104
393.551916916146,139.629460441688
408.821488142211,187.897432580477
2866.4392761258,2668.40226544151
3198.82286188617,2657.24484474611
3175.25710587443,1551.08360384688
4197.35610337816,2917.13998116175
2363.98664946483,1602.46433465794
572.999353470549,163.15706495155
9826.50425280844,6814.47554058916
2874.88561639931,1620.93875950503
2859.61627097097,2530.02599355619
2588.34107647833,2181.07361876387
395.776212682792,149.73581976723
637.023244977413,406.033092262976
5667.41189794923,3088.58426076024
6652.59928957544,6573.33780708173
4700.44006048124,2833.54017682086
2440.42459888786,1599.10902336186
3797.22145831245,2349.89024493772
438.068089144359,103.125290557831
2688.31467554962,1878.73177318096
304.880246694177,47.9041432030691
2798.26732985905,2540.81958531586
3842.75944051708,3304.01141614349
508.434337713137,316.086494265652
840.006218281212,540.690223916497
3761.42198150178,2521.81962978385
2923.3393999067,1878.97432580477
2739.0827352175,1887.22111501441
3747.17444604985,2779.12753821214
323.576448945302,103.48911949355
736.45575743111,256.620675994163
317.474641727571,103.165715995133
723.590856721873,85.1359709583658
3159.1158801598,2605.94496480966
2828.44594860854,2573.68546584253
1075.75266743674,533.737048700524
654.577287064124,399.079917047003
2969.50901361708,2667.27035319705
246.176601209176,65.2466558056992
3269.36959810399,1793.95963115831
3845.34467394886,2668.56396719072
375.637238227933,157.052823918923
321.712827413112,159.720902780866
2172.33556084201,1121.68460882326
531.699368786691,291.426977511329
2513.49605474688,1411.4945688425
225.977489293272,45.963722212565
853.742848744929,579.579494601183
2938.66925912563,2118.2929146336
550.726214174704,5.29573228658401
4987.64573614417,4100.87763624383
5800.38929691871,3666.02120718441
439.751335926366,183.733612538354
297.576104218032,8.24678920964227
2416.43825697835,1667.67056502634
3134.5885268986,2475.73463125937
3643.17321767259,3009.79508345832
4614.77420958883,3471.33230113717
8708.03839857799,5759.69503050099
3354.19367507358,1390.43291600807
4666.23381242577,2715.98300514616
5913.19784086758,3869.88668749924
474.588801525083,268.748307184813
4778.77170016698,4137.34138069039
2539.85718660747,2321.91584232462
3584.49952801925,2270.45426063896
687.160350532718,90.9168084925759
3425.82243399477,2537.7068266436
250.324618336103,238.024974835165
192.793239378994,76.525352813004
444.620776788114,295.590797553453
495.208725136489,136.031596521795
410.234191615422,135.303938650356
3453.83670627389,2616.69813113203
2921.08503540953,2650.77677477776
8101.73477429351,6651.96528263444
304.970415252791,196.831454224256
2783.77924456294,2095.49296799518
5922.60607945418,2191.66508333704
417.808877400364,199.742085710012
396.347330397954,144.237960294135
3147.36325904922,2510.33880559003
2974.16797336516,2167.04599202002
2368.31504134194,1399.40736308915
3476.01937594749,2790.60836240596
2721.67914968227,1895.58918053596
1193.58069483633,742.372730617013
257.929335218613,109.108255278551
2696.1597917445,2380.12847203975
477.835095432915,254.235575193335
9155.21423657674,5976.25409812871
3490.77811745126,2272.79893600249
2467.8978598153,1628.90257065356
181.701772826856,14.6340083033848
5033.63501273732,2849.83162805364
4685.38085746997,3384.82186531053
941.031808958302,618.347488973962
3138.1955703068,1452.08170789388
3366.06672163806,2076.73556508698
203.043082540128,66.2572917382534
1774.24498732459,1120.26971851768
2422.20934579329,1483.00716743003
249.062183249598,121.316737343806
152.966133262346,26.1956833718049
598.488680310748,251.769623517902
180.589624943533,26.8424903686396
841.028254055352,259.046202232293
3015.34775839284,1995.64213785883
3324.61628040273,2273.93084824695
3722.31622385404,2519.55580529492
3145.61979954026,2784.05944156301
348.284289855544,11.3595478819092
363.734198198837,68.9253706001965
2167.7067074574,1576.10694953693
3268.07683085628,1405.22862606066
383.783004095082,27.0446175551504
8475.41857053547,5721.57384312505
3122.17446898243,2129.3694844544
6270.34902866969,5936.07121345035
3605.42013893588,3194.25635386811
518.263350362292,288.961025835897
2131.69693769784,1310.59267733629
2672.50401770597,1904.11894780672
2598.29032641663,2524.12387971007
2986.04101992965,1970.53794129418
2608.50993149894,1983.15067773246
3557.50736678018,2040.06969345391
292.887038106466,99.3252994514268
3219.29247947791,2876.55284211037
1511.11552106614,1040.59118159511
4604.55430344287,3010.72486851627
4405.38866649616,3159.20749972713
186.931906739537,7.76168396201626
503.865471257754,322.635415108603
190.779349460099,69.774304783542
806.94220565607,525.773237551997
295.111333873112,94.2316943513536
4486.33534491353,2450.22618032171
575.584361104605,98.4359398307791
941.152083880393,325.829024655474
518.203250534201,309.375871673492
3752.58486063033,2964.11433930687
289.310101061747,182.722976605799
3083.12892406165,2763.15949047779
284.350491641385,220.803738544442
690.647119018824,213.810137891167
3014.23562932599,2420.06880409429
491.661856822292,87.6423480711003
252.639120294317,137.769890325789
344.406778404459,52.0275378078902
327.514060224478,107.733790410278
941.572895575895,500.749891861955
283.749342828655,62.7807041302669
2976.69269300636,2329.51582453743
937.755483952901,365.728931272714
3115.80215608886,2551.24934813982
2636.34386666084,1367.18828955932
4032.72728235789,3164.86706094943
7057.33298272591,3310.19650805073
367.701878208536,35.2509813274905
220.41673106018,25.751003561481
306.052513222068,73.4125941407371
2711.12867566534,1750.13845712276
3302.58384148288,2397.14758114396
3239.31140480841,2674.38523016223
2643.19727924277,2475.24952601175
8336.1284692721,4077.18832998476
4364.72008752033,3304.37524507921
4640.38358555339,3213.53928746124
7251.86946522438,7099.03019375912
7397.02067332948,7178.06192368486
2257.43029401926,1264.83108231023
3018.38368408587,2106.08443256835
281.314641214258,92.4125496727561
4910.84741355032,3699.25091664679
3810.68743256851,3794.04856712038
6569.57858377813,5664.6548274036
355.889006738054,131.301820357442
3188.24228150576,2593.25137749678
358.383845813496,222.339905161924
520.397477570324,293.205696752625
382.340194258394,138.942228007551
2788.04772477673,2061.73772784787
2600.00367956211,2466.23465349336
3341.0582686885,2191.90763596085
2802.95639597062,1941.1082229382
2747.79973169867,2609.09814891923
4877.21228321002,4616.66579078219
3195.27603120493,2929.91441934923
3389.60207022269,2447.23469796135
2948.16751573903,1996.77405010329
3360.05508297895,2467.16443855131
189.727320221344,30.3999288512303
2334.58974244302,1078.10598741152
5261.44625240527,4129.78182391488
6423.07499782564,4230.804991733
868.441302255833,821.202333356241
3241.8361244496,2153.05879071347
1392.53588830234,620.045357340653
533.472784127312,8.20636377234011
4377.76517481497,3351.87513390926
595.48286098119,295.186543180431
2330.20128837078,1763.8831058055
327.814634630843,25.0637711273442
849.684962543662,739.825928066977
357.301747844219,103.165715995133
3715.46311233574,2837.25931705266
1085.94239195331,792.217294810587
359.045094454317,348.709822168501
4750.72732152438,3034.81842914836
3656.54917390185,3305.50715732367
5329.76842942577,5131.32203307609
847.46070440997,350.933221220121
1375.8837575995,755.470572302916
145.992633923089,11.8042276922331
744.571454567736,179.529367058928
3474.48666098287,2469.26656129103
486.85255342159,76.6466291249106
3310.78963191221,2663.42993665334
642.4337348238,19.4446353423428
333.645936172731,109.593360526177
3546.41588141156,2314.35628554912
862.940643850832,586.532669817156
2642.14506183925,1761.74055762848
579.101160688279,218.135659682499
1040.34412175582,373.045935424406
320.270055209379,95.6061592196273
8760.82087502612,6383.05527370042
7915.58472040524,6623.1015204007
138.267679751443,14.9574118018022
820.738973580834,477.343563664
3497.57131730624,2851.20609292191
2631.41425070509,2409.23478689731
2433.0903876812,1791.04899967255
383.602666977854,124.227368829562
490.038709868376,358.533203432928
613.36747093888,135.546491274169
384.414221638335,164.248551758709
2695.70879841961,1724.22575181207
5105.65425119281,4493.28735613597
3175.01685709388,2166.80343939621
2265.03501090177,1970.09326148386
4544.58814760546,3414.25158366651
9401.18081767594,8505.87583731187
2657.7452762022,2438.58365437868
2453.86076784408,1772.45329851356
2741.84830576651,1871.25306728006
510.658633479783,276.995096394455
3747.89579451876,2538.43448451504
7151.92597251657,4368.61530749609
3118.56742557424,2033.23779454984
6542.01500376026,3580.72353447683
304.790078135563,40.1020338037507
326.462030985724,186.684669461412
166.041458635811,14.5531574287805
2636.52420377806,1832.8893272803
257.177880386223,45.9232967752629
222.671095557349,21.5063326447534
3002.96380684015,2619.64918805509
7377.66288374094,6564.24208368874
465.811818114682,300.078021093993
435.933961936327,315.843941641839
132.045635244575,149.169863645
4666.2037060623,3425.85368417223
6604.29603788543,3411.01754868233
2834.15682469652,2603.27688594771
472.84541728203,166.391099935724
7422.50992490377,5002.68829158059
2923.27948824338,2599.67902202782
4159.00180056281,3039.10352550239
3256.14387262848,2022.40377735286
3167.74255755054,2266.04788797303
1284.80734159479,594.496480965683
288.228003092469,107.855066722184
3505.32611441068,2411.37733507432
660.348451144967,117.557171674705
2317.60689333738,1539.60277965307
322.64461936273,158.629415973707
2461.79590206575,1655.42165752378
525.777898686188,351.458751905049
2805.51152303892,1346.81386915903
3409.74111994346,2267.26065109209
1443.69502963179,329.305612263461
634.348068784743,197.437835783789
2753.3603770329,2467.64954379894
3532.61903822089,2770.27436744297
927.144947740833,461.213814180435
394.24323428749,301.897165772591
3258.3380243987,2320.25839939524
1424.24737254827,947.612675800121
648.355204924302,91.5636154894106
2904.1923548625,2234.39477056543
964.807857918926,391.682062020706
2781.79553627343,2592.96839943566
1821.0755862451,1081.66342589411
2879.90555144549,2265.80533534922
3873.53898228157,2635.21298141643
2751.85746736812,1517.32836369957
1396.92449290641,1254.11834142516
3739.08878001079,2706.24047475634
2295.66432191252,1593.57073845146
2558.28288318275,2324.94775012229
1405.10032750408,963.984977907499
2002.44670652683,1321.22456734676
626.262402745685,401.384166973226
1191.44660526126,712.700459637222
3254.61085660022,2217.29481058661
5074.66456701124,3538.55980337067
3634.48632755489,3080.2970461133
949.868929829749,386.022500798402
3582.42550063931,2890.29749079311
3898.21686736015,2729.24254858127
2482.92695646309,1477.02420270931
2900.0744064661,2274.8202078676
798.88664598049,229.859036500127
307.22477974996,199.742085710012
3851.98734198646,2401.91778274561
2766.67612053521,1902.62320662654
3176.39934130476,2739.38933334411
4983.40796442113,3843.48887694093
465.300800227612,231.920733802538
668.674516496389,154.58687224349
185.909927414828,83.5998043408835
3947.72286827107,3006.92487740986
291.0534853048,6.46806996834688
383.332123669057,48.8743536983211
3425.94255838505,2637.15340240693
371.128509233596,71.472173150233
493.886152588938,343.939620566845
283.44876842229,46.7318055213062
2686.57121604066,2483.90056959441
3490.02666261887,2903.07192898059
2911.10598017139,2562.12379077411
4352.57638474819,2999.08234257324
3498.95380151711,2747.39356992994
345.248401795463,140.195416563919
3727.69683313468,2703.653246769
2827.21339408779,2539.6876730714
2685.30885622007,2097.83764335871
525.807967416711,44.0637266593631
3484.79658515562,2362.4625559387
2108.22150077653,1283.42678346923
2055.16881971619,1394.07120536526
2836.44129555717,2213.333117731
510.418158901509,295.590797553453
3461.74173413209,2684.73414211158
397.369290906185,210.010146784763
3776.99208950125,2818.62319045636
2696.21970340782,1751.79590005215
424.151159196368,227.352659387393
2316.58493282915,1714.40237054764
3207.84031987484,2270.61596238817
2550.46757228772,1681.37478827177
2777.16668288882,2663.83419102636
213.623568838151,8.0850874604336
702.550121414966,245.301553549556
331.271334386426,122.569925900173
2369.60750752601,1616.73451402561
176.802282051062,127.097574878016
216.208576472207,90.0678743092303
2570.84717185267,2395.93481802489
3282.02390480071,2638.16403833949
3629.7069423529,2758.75311781185
1946.59864961764,1389.82653444854
3906.54308324339,2881.44432002393
3924.18721862281,3065.70346324721
2926.58576908044,2494.61331047949
2538.17393982546,1918.91465785931
2441.20616008373,2286.62443555983
2851.22984236078,1772.29159676435
3310.66950752194,2280.19679102879
2543.49403531551,1528.56663526958
3660.63701593478,2200.59910498082
3169.63624781325,2068.81217937575
3433.63744382617,2315.9328776039
3336.54953969417,2269.3223483945
2991.90242783501,1841.49994542566
5170.4298985957,3183.17978404731
285.642995458413,71.1487696518157
392.199275638072,229.010102316782
3459.27722721785,2574.9790798362
2435.61540838602,1346.00536041299
5494.45746317299,1918.99550873392
2981.83275244281,1792.86814435115
2019.24921851525,1420.71156854739
3175.46754935514,2323.97753962703
431.094589805102,101.952952876068
172.053097294928,17.0595345415149
3211.23691980233,2527.60046731806
1126.4608154413,829.368271691279
2609.53204253899,1930.84016186345
360.638210310665,252.65898313855
419.64243020203,75.555142317752
3205.16506841626,2730.37446082573
2302.03663480609,1310.95650627201
3921.09108020282,2827.23380860172
204.786466783181,62.4977260691518
3300.93070106435,2608.77474542081
213.232825873172,0.848934183345528
3887.27561274529,2642.08530575779
3582.66605048349,2503.83031018438
2728.29201242002,2490.24736325085
2696.03936629059,2043.7079828111
376.148218482049,160.125157153887
1065.29236197842,727.698296876326
3367.53952493937,2251.21175248313
3714.47110765917,2988.77385606119
301.363447110503,153.616661748238
6315.16596346904,5300.58333906027
2994.33712944941,1868.01903229588
3176.94065372007,2185.72254405362
167.183675249657,29.833972729
3679.87407900577,2629.79597281794
3370.24488276142,2803.54450234265
1287.36231813128,994.991288318261
841.599296504605,529.128548848077
4398.98624723911,2547.24722984691
2011.82483874996,1393.02014399541
5823.53446703267,5280.93657653142
362.381556920763,25.7914289987832
2126.10603546832,1509.04114905263
217.501080289236,2.95105692305827
205.80844610789,27.2063193043591
2891.80840330981,2673.37459422967
231.718622276546,25.5488763749702
153.807775469827,4.85105247626016
3246.13440996323,2416.91561998472
2741.09685093412,2440.56450080649
3617.20286640993,2119.10142337965
1840.31279984791,1453.45617276215
516.940777814741,376.603373906997
3106.45413022921,2907.55915252113
664.526537002417,451.673410977123
376.95977314253,36.6658716330664
158.526910311916,11.3595478819092
1004.69510149662,244.533470240814
2971.58304099702,1385.82441615562
697.831024205832,516.960492220125
1978.49032044898,1134.05479263772
3756.25211676548,2463.48572375682
532.751398025445,346.365146804976
969.376724374309,577.639073610679
266.135238546807,79.1125808003428
2594.65317664495,2414.6517954958
2783.29844593821,2479.8984513015
191.079923866464,32.7850296520583
1265.47995943337,547.845526318981
215.998170624456,39.3339504950095
2959.49955095183,1995.1974580485
5220.23605995048,5083.29661356112
2724.95532415585,2232.65647676144
7982.28356230705,6649.1759274606
442.516718310605,95.3636065958143
473.326366438578,44.9126608427087
342.963968567771,233.052646046999
2653.05621009063,1610.87282561679
4366.22299718511,3110.1310188423
1680.01252123657,1156.49091034042
3051.86828260879,2068.52920131464
4806.39519184817,4647.67210119295
378.342483151127,163.116639514248
6511.38599381315,6008.35189534663
417.237759685202,71.472173150233
5248.25063329324,5041.25415876686
3155.62926220551,2024.38462378067
3573.889142339,3245.92006274028
2631.02377117079,1618.23025520579
2492.03443247856,1936.21674502464
1860.12113116589,1159.11856376506
2689.15614840881,1723.49809394063
880.073798976133,457.777652009751
2279.40282127579,1477.79228601805
471.041933210886,81.1338526654512
2724.47452553112,1916.97423686881
395.205094967631,7.59998221280759
2721.8594867995,2533.21960310306
3018.98460710088,2142.95243138793
2603.7907590239,2477.14952156495
162.67494625532,1.49574118018022
421.445914273175,22.1935650788902
2522.24315759153,1872.66795758563
2040.38012238077,1167.85045822233
969.406755471878,330.720502569037
386.939091811346,87.5614971964959
460.70190267466,322.271586172883
346.961717307993,219.429273676168
589.952171478621,241.946242253476
4117.79190917166,2777.63179703196
1742.02259809045,1177.26958511374
4384.04746968175,3321.03052524771
229.73476345522,7.11487696518157
2992.29290736931,1705.18537084275
3306.82191426956,2471.65166209185
320.270055209379,124.712474077188
232.199533800139,10.5510391358659
400.254872946607,230.10158912394
3585.25098285164,2561.31528202806
755.993583073239,176.21448120015
2626.12426157852,2027.69950963945
550.846413830886,165.380464003169
506.871290587312,89.3806418750935
6446.58024004679,4761.14630370014
3911.23214935496,2623.4491791615
2771.87639269862,2124.92268635116
5783.85729060614,4786.89730726162
2178.58774934531,1226.83117124619
3569.56075046189,2464.77933775049
7210.38891762557,7099.23232094563
2376.0699889782,2259.62024344198
779.048208299042,511.664759933541
683.583413487998,391.641636583404
223.182075811464,78.6274755527168
1778.75371631892,876.059651775283
3256.92543382435,2575.46418508382
2971.07183494517,2159.89068961753
764.830703944686,590.89861704579
3860.5240013504,2366.82850316733
3819.07356011507,2940.91013829542
1281.50091022592,877.110713145139
2971.64295266034,2359.83490251406
6422.26333026629,3052.48434524941
5564.64322409272,5414.09796700476
249.633300964759,110.725272770638
112.507809602446,10.9957189461897
2938.87970260633,1632.50043457345
2702.08111131318,2422.77730839353
2962.9262572428,1874.0019970166
2602.0174942151,1559.16869130732
3425.16099718918,2792.83176145758
4227.35408394679,2031.17609724743
2880.26622567994,2493.56224910963
5421.38570625034,4899.36087383625
3209.43354863005,2563.8216591408
2441.53672795471,1512.88156559634
3041.34791495534,2233.46498550748
529.955984543638,271.658938670569
3588.37692657147,2216.00119659294
2886.45820145629,2466.31550436797
2250.33663265678,1468.33273368935
2856.67036330473,2210.94801693017
3393.11909560409,2454.51127667574
234.964878551424,39.0105469965921
379.244206370222,116.303983118337
3573.10758114313,2769.18288063581
393.551916916146,112.544417449236
2842.18227800862,2466.47720611718
327.814634630843,122.448649588267
313.176318580985,104.742308049917
4023.98048057687,2841.01888272176
4012.76856975435,3043.59074904293
4255.87926121411,2313.50735136577
1938.69332069581,1321.22456734676
4296.6080529169,2058.34199111449
4553.48548120386,3346.05387093775
290.692773437389,65.8530373652317
6744.57724063447,2742.42124114178
8969.27432510553,4004.94807352579
3462.61361441839,3311.97522729202
3111.17330270425,2518.30261673856
4989.93020700482,2189.64381147193
521.479575539602,199.903787459221
2800.64211981013,2491.2175737461
979.566448890875,249.546224466283
179.627764263392,6.18509190723171
6326.10721808391,3218.22863818829
2699.94717226992,2630.48320525207
2767.75844430221,1716.90874766038
3394.98267950332,2524.7302612696
2292.95911462228,1812.87873581572
1723.47662659307,1080.00598296472
4849.4984724384,3812.36129021826
4519.85035086356,3989.99066172398
324.267766316646,178.357029377165
209.685957558975,52.7956211166314
489.16701774685,127.703956437549
2887.32978067895,2528.4089760641
201.029192621233,42.4062837299743
236.918668642228,11.1574206953984
7913.84095983264,6738.63742021029
431.996350657151,160.084731716585
3150.57952185948,2877.36135085641
229.554426337992,59.5466691460935
681.809998147377,201.844208449725
5318.85728117438,5064.417934341
4910.90732521364,3042.37798592386
481.321826286067,116.263557681035
232.56024566755,1.17233768176287
2671.66224378315,2530.14726986809
4214.03834044448,4216.61566323994
212.270946376554,58.5360332135393
2411.8393594254,1869.27222085225
3481.94099657981,2138.06095347436
3240.18298403107,2031.98460599348
287.686954107831,52.2296649944011
2151.74581885999,1193.96529071953
4298.05105091836,2562.68974689634
4170.60419091964,2492.87501667549
714.242755596311,295.065266868524
2323.52836343789,1295.27143659877
233.431937789076,233.335624108114
555.565586305929,78.5466246781125
387.299803678756,97.0210495252032
4103.72471083696,2889.61025835897
4524.17874274067,3139.19690826256
3302.58384148288,2526.34727876169
5386.15764821846,3591.88095517223
956.331411281936,286.980179408091
405.695431523516,178.882560062093
6730.14966912895,2832.3274137018
2606.07522988455,1805.23832816561
2903.32077563984,2065.73984614079
1382.79708184476,810.004487223541
4263.27368514774,2889.61025835897
312.755506885483,23.9722843201856
3000.07811190087,1801.76174055763
3107.95703989398,2551.33019901443
642.313535167617,406.882026446321
3667.03943519183,2573.56418953062
2092.02006233494,1664.55780635407
2550.85835288565,1666.29610015806
2348.3563287384,1362.57978970688
4045.44180178156,2986.95471138259
7396.14879304318,5362.31298182068
2992.9543441749,1948.10182359148
5499.4767960919,3598.42987601518
3943.24394457657,3312.78373603806
268.660108719818,27.0446175551504
2617.34705237039,2012.25699259002
234.574135586445,15.9276222970542
1510.45423479237,772.934361217452
1970.16425509756,1226.38649143587
3144.02687184868,2362.66468312521
3534.24237333958,2198.86081117682
3838.01046274219,2058.34199111449
2673.64625313629,1720.06193176995
2582.26922509226,1604.72815914686
656.14025892404,32.1786480925257
2669.49819837641,1426.97751132923
678.203030005089,322.999244044322
4050.46173682774,2716.06385602076
4735.9986863841,4290.35166087909
2818.88717820455,2615.00026276534
2628.34851971221,1536.32831923159
742.347196434044,133.120965036039
2897.6397048517,2698.23623817051
269.351463724116,3.11275867226694
3562.58721348968,2246.44155088148
1715.27068563193,934.272281490405
2577.18937838276,1672.4811920653
3252.56693558376,2458.35169321944
3362.18902202221,2629.75554738063
5943.10550234577,1994.55065105167
626.472846226391,447.469165497698
2848.70512271958,2722.4510751145
5237.15884686099,4760.17609320489
428.118839206067,73.6955722018523
2034.36848372165,1189.23551455518
2632.19581190095,2347.46471869959
853.141699932199,543.72213171416
3215.6255244064,2731.99147831782
3051.9887080627,2003.44424725814
6388.95906886061,4262.17513107948
2725.79709807867,2574.93865439889
2838.84589080809,2544.86212904608
862.67013817499,633.547453399577
525.056512584321,378.34166771099
215.397002995249,14.2297539303631
3027.10037950341,2145.01412869034
2678.96634862634,2076.08875809014
3389.84262006687,2282.46061551771
398.842169473396,119.214614604093
2677.25299548085,2209.5735520619
327.453960396387,53.2807263642574
183.535325628522,28.5807841726328
1276.84195047783,967.219012891672
510.057447034098,41.153095173607
2737.00870783756,1568.1835638257
2877.23029998691,1706.72153746023
403.290761006688,209.322914350626
2574.96512024907,2394.88375665504
918.127489752159,257.671737364019
349.276181633253,107.855066722184
549.854484420223,140.114565689314
228.802971505602,53.5232789880705
2788.10763644005,1611.19622911521
5660.61869809425,2027.09312807991
3114.32935278756,2077.98875364334
4247.52324003103,2694.84050143712
232.830751343392,92.5338259846626
2377.99378560439,1673.28970081134
209.98653196534,15.8063459851477
593.619277081955,564.622082799381
268.449702872067,22.2339905161924
261.566372091424,73.6551467645501
1302.15101546671,679.026070364516
268.179197196225,30.1169507901152
3210.96626359468,2039.58458820628
247.649442143433,137.365635952767
3628.53490162273,1604.32390477384
3689.04206881183,3388.17717660661
2949.70053176729,2744.725491068
591.665449358197,246.271764044808
2934.43088527531,1943.0082184914
3738.63808774954,2611.36197340815
2471.805364731,2368.76892415784
3237.68806968972,1717.11087484689
383.572598247331,125.11672845021
2979.09758932091,1953.72095937648
209.776126117589,71.1891950891179
2539.64674312676,2380.41145010086
6476.1278294178,4871.79072559617
2190.61102666355,1438.98386620797
2315.65314087953,1892.39557098909
217.59124884785,9.41912689140515
2331.43369235972,1490.20289526982
3339.82571416775,1851.68715562581
5446.93517055158,4668.12737246785
3009.93734381236,1939.65290719532
3132.36426876491,1839.23612093674
3233.54001492984,1817.56808654278
2620.35287169995,1563.53463853595
1338.31101598002,1210.66099632533
3343.34273954915,2415.17732618073
1407.92565918459,1012.94018248042
384.053509770924,121.114610157295
427.878364627793,375.188483601421
1967.48900363898,1007.64445019384
3017.36157304583,1877.6807118111
185.909927414828,20.212718651084
4797.5881773402,3043.59074904293
469.298548967833,337.390699723894
4104.44605930588,2718.20640419778
4361.62394910034,3605.01922229544
3152.4732121222,2006.11232612009
4030.44281149724,2563.9429354527
532.060080654101,147.350718966402
820.859173237016,634.517663894829
2506.28226899412,2023.25271153621
2246.36891501412,1954.65074443443
2705.80827911165,2558.00039616929
1602.52250494183,1605.73879507942
3656.39864208446,2433.20707121749
215.487190370341,7.31700415169241
3336.18886545971,2130.54182213616
9663.79922841436,7792.40729436591
4370.34094558151,3568.19164891316
599.390441162798,244.169641305095
2495.13057089855,1872.78923389754
331.241265655903,95.6465846569295
1229.50029603728,783.444974916016
325.109427340604,122.610351337476
6627.26056981853,3827.84423270499
2693.66487740315,2343.22004778287
8019.76598483609,3132.97139091802
2554.34527190358,1448.52426941128
2076.75056637479,1186.24403219482
2741.54754319538,2565.7620801313
334.517628294258,191.778274561485
3567.57674110874,2166.60131220969
2593.18037334365,2130.94607650918
5098.8911577013,4609.18708488129
2124.5430636084,1318.47563761021
2860.36772580336,2025.63781233704
111.816473414625,14.9169863645
491.661856822292,185.027226532023
1634.47438850013,1231.96520178357
524.665731986388,174.031507585833
297.485935659418,53.5637044253726
603.0875778637,11.1978461327005
8901.40314140992,4216.25183430422
263.369893795522,39.2935250577073
2138.3098004356,1417.63923531243
3219.7434728028,2301.90525086005
571.766949481612,25.7105781241789
329.227375737008,95.9295627180447
4046.07313222367,2705.91707125792
2746.47715915112,2422.77730839353
382.460431547531,37.5552312537141
2718.73354307966,1641.75785971565
7925.53366927989,5584.4911852334
1321.26795414743,760.928006338709
463.557453617513,3.55743848259079
2920.18334982339,2081.70789387514
2252.17011019254,1223.1120310144
2879.42445175712,2453.70276792969
179.237002481936,28.1361043623089
647.513581533299,213.12290545703
4086.41114332853,2703.49154501979
605.732722958802,416.382004212331
192.582833531243,37.1509768806924
2747.85994442563,2482.12185035312
5152.60512503542,1926.95931988244
575.794729319402,155.193253803023
293.758730227993,112.503992011934
4952.26744735854,4715.42513411139
392.83053081428,194.567629735335
6148.10274189801,2708.98940449288
300.822398125864,97.8699837085488
7127.51874364565,6775.10116465685
3454.46773565237,2241.3479457814
5279.00006869425,3585.45331064119
676.609876515787,285.444012790608
3053.88239832541,1963.14008626788
5822.51205492898,4455.16616876003
3153.10424150068,2218.42672283107
360.548004119096,202.854844382279
381.047690441366,164.774082443637
4814.33032606984,3322.89009536361
1721.25236845938,1329.02667674608
2980.54028625874,2648.47252485154
3429.21903392227,2318.76265821506
4665.60248198366,3524.0874968165
1208.1289928594,405.467136140745
2429.51345063648,1336.38410633507
256.636831401585,59.910498081813
3566.10393780744,2322.92647825718
1957.93053429862,1282.29487122477
1689.75132769416,1217.12906629367
779.258651779747,910.097869983709
6561.13254456825,3375.76656735484
1177.10890125072,1038.00395360777
5116.77614398854,4727.59319073934
1972.26823830916,1338.16282557637
519.34544833157,316.814152137091
1259.82899500871,1065.61452728515
3629.64703068958,2057.08880255812
542.039399322917,380.20123782689
306.954274074117,1.17233768176287
2960.46144926492,2140.68860689901
2575.59645069119,1738.17252768132
804.928315737175,240.288799324087
2698.14350003401,1561.59421754545
7473.00732836399,2945.39736183596
999.01410597439,804.183224252028
2606.82668471694,2212.48418354766
3378.84145378869,2745.97867962437
4483.26961392065,3046.13755159296
898.709863766212,619.479401218423
2996.08028789474,2143.55881294746
4603.08150014157,3461.71104705925
3119.19875601635,2705.47239144759
214.435142315109,19.2829335931341
327.574197685524,60.5168796413455
5026.96223833625,3164.01812676609
516.039054595646,152.969854751404
4650.6637044263,3052.16094175099
281.344672311826,45.1956389038238
198.594472190359,14.5531574287805
532.270486501852,254.801531315565
1847.37650537874,1297.89909002341
214.735735537951,36.7871479449729
3072.72868079847,2518.66644567428
5355.64846159799,4987.20534909386
5856.50816056738,3305.10290295065
3300.53992046642,2141.73966826886
248.73154011271,40.4658627394702
588.77990495073,452.36064341126
554.753994012494,274.569570156325
2134.94315633976,1330.48199248895
404.162453128214,140.923074435358
2903.86178699152,1944.62523598349
3253.52883389686,2310.75842162923
224.985559882609,45.8020204633564
4346.62495881602,3748.93377909116
930.301073090051,504.024352283431
4887.07121405788,3375.36231298182
3198.94298627644,1933.30611353888
617.756000277035,200.227190957638
909.681149478645,69.3296249732181
7176.78419471238,4427.71729683186
3414.85107301643,2273.08191406361
3259.96135951738,1918.91465785931
384.263915618675,52.0679632451924
3928.66584125367,2863.61670217368
569.482478620966,346.567273991486
165.440291006604,2.74892973654742
3210.00466634522,2198.86081117682
3598.95750695188,2474.19846464189
1492.47938101016,1111.21442056199
3202.39979893089,2601.94284651674
348.64496409,193.233590304363
3209.4633539299,2668.72566893992
3210.30512785272,2784.82752487175
5014.90885465454,3142.39051780943
241.27712924986,58.1317788405176
1904.60734756244,1008.04870456686
3641.67030800781,2590.0577679499
2772.86809631155,1434.82004616585
2278.38086076756,1647.33657006335
959.487536631153,673.002680206493
291.293959883073,124.833750389095
3002.78346972292,1904.68490392895
488.896512071008,3.19360954687127
3084.12092873822,2621.54918360829
2946.87504955496,2520.24303772906
2506.04171914994,1568.42611644951
3531.11612855611,2742.66379376559
5390.30570297834,2818.17851064604
3276.88414642789,2324.05839050164
3085.623838403,2624.62151684326
3971.82933457086,2539.12171694917
3041.79890828023,2183.33744325279
261.47620353281,14.5935828660827
2631.89535039345,2369.57743290388
3447.64473049755,2084.25469642518
3308.53526741505,2611.76622778117
2386.13951383859,1390.83717038109
4503.52878803169,3253.23706689197
2363.71614378899,1778.71924129539
3685.64546888434,2436.72408426278
3838.7318112111,2149.9864574785
3228.40025655702,2362.38170506409
4721.3305650344,3082.56087060222
367.190860321466,129.03799586852
228.322022349055,51.5828579975664
3354.01333795635,2195.78847794186
2677.9746450134,1964.35284938695
277.497229591264,28.4190824234241
5134.63042178502,4389.75781120512
362.622031499037,19.4446353423428
2133.32012228471,674.862250322393
718.420841453761,361.848089291706
445.642774929301,0.525530684928184
3311.63140583504,2391.44759448435
3508.15159662301,2196.35443406409
1509.37206155718,1009.94870012006
2910.20399352162,2520.68771753938
825.969051044083,478.960581156087
4065.22017726787,3207.39462099131
278.90997069743,107.086983413443
3601.33199583932,2290.02017229321
335.419351513353,153.980490683958
2897.57979318838,2720.18725062558
496.17058581663,166.714503434141
2736.85847708381,2538.59618626424
6239.23891903422,3795.90813723627
1623.32269040456,1030.52524770687
192.582833531243,23.4063281979553
2299.1811967621,1513.00284190824
3642.45186920368,2020.90803617268
3232.15753071897,2649.6852879706
1247.74565549534,1078.30811459803
1818.43044115,1099.89529811739
327.453960396387,173.991082148531
2741.99853652026,2424.55602763483
6491.51760030004,4540.01916165728
556.407209696932,142.661368239351
234.093186429897,20.69782389871
2857.87281146201,1835.51698070494
4174.54180219881,2834.02528206849
345.21833306494,106.682729040421
3172.16126851808,2453.33893899397
2938.9998269966,2131.67373438062
402.569374904821,49.0360554475298
2623.44901011994,1669.73226232875
559.082385889603,134.657131653522
437.557108890243,9.41912689140515
2705.41749851372,2091.53127513957
6071.21349808646,2750.91058297523
465.6314433645,89.501918187
2849.21602770779,2287.99890042811
2051.02076495631,1239.32263137256
3279.19842258838,2513.81539319802
2940.23238151736,2647.7044415428
3065.33455792848,2604.04496925645
2589.63354266241,2611.92792953038
1771.1488489046,1374.86912264673
4168.59037626665,2787.33390198448
2689.06613038201,2466.43678067988
6717.37493697833,2634.7278761688
2681.58138735796,2471.48996034265
2789.00962308983,1726.6917034875
2733.85265775425,2199.18421467524
4406.26054678246,3265.80937789295
4563.55485553243,3131.55650061245
3957.04078776725,2247.41176137673
430.553540820463,32.2999244044322
1392.8965625368,1376.68826732533
513.724552637432,205.401646932316
1531.55503229441,971.625385557608
2636.43418575127,1771.68521520482
2202.42386050107,1496.18585999054
4452.67040927339,2435.2283430826
465.481174977794,2.0212718651084
795.61032097509,307.960981367916
3140.96083979217,2497.44309109064
1863.1871632224,1324.21604970712
3918.20568632717,2381.66463865723
1466.20856824,895.059607307302
688.18231104095,403.850118648659
645.439554153358,460.5670071836
441.224214493577,136.476276332119
3199.15342975715,2075.88663090363
4020.10278096102,2768.69777538819
2182.01430510446,1982.62514704753
3787.69279427193,2686.27030872906
1072.71674174371,818.817232555413
2259.17375352823,1832.72762553109
454.119183933337,181.267660862921
382.761005953896,153.171981937915
300.341448969317,23.1637755741423
2830.21921341734,2514.70475281866
1975.54456331456,1245.26517065598
357.031204535422,179.771919682741
6208.4894836332,3879.38666526525
1980.47417927031,1263.01193763164
2876.11817092006,2356.68171840449
1956.48768682898,824.557644652321
5670.8386042402,2716.42768495648
327.93487191998,161.903876395183
207.130999838964,25.6297272495745
495.960179968879,274.933399092045
3508.9030514554,2240.86284053378
320.9313038502,60.9615594516694
4009.04140195588,3414.00903104269
522.802148087153,162.550683392018
5847.91158954011,2757.13610031977
4327.05702681042,4253.40281118491
238.722152713372,43.3360687879241
3536.43652510979,2318.72223277775
754.671010525688,712.457907013409
589.140579185186,319.401380124429
2958.95853960014,1942.15928430806
533.322515740607,185.027226532023
3786.58066520509,3051.02902950653
2913.30013194161,2291.03080822577
2952.94690094103,2200.35655235701
561.096275808498,260.016412727545
2707.61195134757,1986.62726534044
2935.39278358841,2326.48391673977
294.269710482109,36.1403409481382
318.887345200782,112.261439388121
865.405376562797,430.773459891902
4861.16107552218,4509.70008368065
2358.36579140365,1423.37964740934
2926.73599983419,2011.44848384397
257.117780558132,25.751003561481
362.441694381809,90.0678743092303
336.230943806788,163.480468449967
3565.32237661157,2259.01386188245
537.260127019783,481.62866001803
481.051320610224,223.027137596061
3929.44740244954,2604.53007450408
3634.84700178935,2522.74941484179
649.797977128036,175.971928576337
3094.79152714543,2336.79240325182
1974.88327704078,1413.19243720919
149.599620881855,2.22339905161924
246.056363920039,12.1680566279526
3455.18908412129,2579.30460162753
898.980444707963,672.638851270774
1808.48119121171,909.976593671802
2715.69761738663,2024.22292203146
2346.28230135846,1727.45978679624
950.560247201093,709.062170280027
4005.64480202839,2678.46819932975
3033.8935793584,2007.00168574074
2881.43856747374,2724.71489960343
572.518404314001,370.660834623579
5792.60439345079,4926.93102207633
2515.17930152889,2189.32040797351
585.683841796649,205.967603054546
4412.60275331256,3049.20988482793
200.30778770289,166.674077996839
5576.81643110107,4234.20072846638
517.391658240766,258.480246110062
2951.5042040032,2091.08659532925
319.36829435733,136.314574582911
2351.78303502937,1812.07022706968
3112.82644312278,1942.9677930541
2977.4143425389,2547.85361140644
2975.94123817397,2107.70145006044
381.167927730503,220.96544029365
294.299779212632,115.131645436575
208.964552640631,11.6829513803266
3369.88390746333,2767.24245964531
233.191463210803,4.97232878816667
2997.13250529826,2544.66000185957
2990.48953619703,2561.67911096378
1140.88876327636,696.853688214772
2559.03433801514,2056.07816662557
3717.62715774247,3313.30926672299
3772.09257990898,2334.5690042002
536.057791761368,479.324410091806
2953.69835577342,2494.69416135409
1952.82058122564,1493.5582065659
553.431421464943,386.588456920633
306.894136613072,151.878367944245
3681.52752048793,2803.46365146805
4202.91674871239,1442.01577400564
3421.28359863696,2434.37940889926
3854.66259344504,2816.48064227935
2331.31341743762,1473.91144403705
2948.49838467364,1931.20399079917
2882.21982760598,2530.79407686493
2823.27578280861,2497.32181477873
411.857338569338,14.2701793676653
781.813553050327,489.83502379037
151.853985379024,27.0446175551504
6832.52756238752,4888.24387857816
382.159857141166,158.831543160218
3123.55725425694,2617.9108942511
2031.72333862655,1488.54545234043
471.28240778916,321.46307742684
4032.60715796761,2817.24872558809
203.073151270651,38.4850163116639
1470.41668519502,1126.2122578011
394.784283272129,10.0659338882398
439.961779407072,82.1444885980054
5041.96122862056,3349.32833135922
2585.72603774671,1670.09609126447
3259.75091603668,2665.08737958273
1055.7038615405,426.084109164851
4422.6122159778,2690.91923401881
349.666962231186,229.333505815199
562.268542336389,234.346260040668
2858.41382281369,2071.5611091123
5748.5690198473,5118.70929663782
5520.78788654283,1871.37434359196
3029.1141941564,2273.60744474853
3308.29471757086,2109.23761667792
353.18376181486,127.744381874851
1130.27822706429,388.77143053495
3158.96564940604,2617.02153463045
2782.00597975414,1912.20403526715
3603.61646669997,2790.36580978215
253.751249361163,18.514850284393
436.625316940626,118.486956732654
4405.65932270382,3610.63835808044
3128.42665748573,2558.97060666454
3452.30369024564,2729.32339945587
258.710858781525,166.431525373026
248.100322569457,146.74433740687
2994.90824716457,2115.58441033436
6240.92246687986,2538.11108101662
239.563776104375,19.7680388407602
3774.07658926212,2756.04461351261
2914.38215464498,1915.19551762751
3447.07361278239,2819.91680445003
3848.44051130521,2471.28783315614
309.479144247128,137.24435964086
3315.17823651628,1983.31237948167
2933.52919968917,2003.48467269545
300.611992278113,124.672048639886
2588.49130723209,1761.37672869276
2876.8094130255,2354.45831935287
2588.46120086861,1519.43048643929
2899.74383859512,1819.42765665868
5416.15562878709,3800.75918971253
314.43875366749,132.959263286831
235.145253301606,39.940332054542
227.570567516665,23.4467536352575
643.846475929965,329.386463138065
3590.15049244391,2938.03993224697
255.464564873693,62.2955988826409
2649.32904229216,2339.37963123916
3759.8290538102,2198.94166205143
320.720898002449,117.84014973582
988.403569762322,682.098403599481
2768.72034261531,1868.66583929272
3097.64711572124,2897.04853882257
4257.26204648862,2516.24091943615
1221.08406212725,814.491710764081
307.164679921868,34.159494520332
739.130933623781,132.837986974924
2582.32943781922,2450.30703119631
3222.268192444,2597.90030278653
4393.30547751461,4108.92229826696
3138.79679438543,1960.14860390752
2858.05314857924,2643.21721800226
8533.31009686567,6872.40519224317
2725.6769736884,1482.72418936892
5548.71214079516,5007.13508968383
423.489872922592,217.690979872175
3230.35385848305,2794.12537545125
627.735281312896,163.925148260291
5665.03771012542,4062.35219449486
3733.10724771515,2452.36872849872
4070.23981125041,2728.27233808602
3084.78206448018,2759.96588093092
850.466523739529,264.180232769668
1058.22873171351,322.312011610186
4126.05791232795,2706.44260194285
331.060928538675,175.122994392992
1111.37158133246,839.029951206497
209.50560162527,48.7126519491125
3985.59607139805,2052.64200445488
3730.88298958146,1978.94643225303
3741.67371237894,2849.79120261633
2736.91868981076,1804.10641592115
361.90064539717,91.1593611163889
183.896018679456,13.3808197470176
1988.4094640238,1360.92234677749
285.342421052048,128.795443244707
3741.22302011769,2708.74685186907
5016.8627576442,5055.44348725992
594.761437246369,317.420533696623
4326.93690242014,3280.88806600665
2310.69341856031,1349.76492608209
3372.10846666066,2816.03596246902
3119.43930586053,2810.29555037212
4542.24376508149,3353.33044965214
538.221987699923,62.0934716961301
3336.97042665558,2722.20852249069
2184.80983148513,1507.58583330975
2475.38230177572,1701.99176129588
4544.76848472269,3292.77314457349
2740.07473989407,2160.21409311595
3669.77459831372,2549.71318152234
3127.04387221123,2230.35222683521
815.027871695128,475.241440924287
467.976014053237,122.084820652547
184.046305882638,41.39564779742
5313.20631674972,3858.40586330543
498.244613196571,191.576147374974
6273.86605405109,5952.64564274424
3467.7533727912,2374.26678363093
216.50916969505,39.0509724338943
428.659888190705,34.3211962695406
4770.5056970107,3332.47092400422
307.164679921868,45.1956389038238
4217.55506476225,2819.79552813813
324.027329371327,17.7063415383496
3939.3063332974,3127.35225513302
220.116137837338,33.3509857742886
3838.76191757458,2645.48104249118
3449.50831439678,2232.61605132414
497.673495481409,84.448738524229
2690.68916443707,2427.790062619
3730.67254610076,3017.92059635605
717.248574925869,261.027048660099
4808.37890013768,3952.9609611552
6409.72884689622,5265.41320860738
214.134567908744,77.7381159320691
282.486907742149,105.146562422939
1063.99989579435,596.31562564428
2469.91167446828,1632.98553982108
3434.71946652954,2935.21015163582
559.863871819561,191.13146756465
304.940346522268,77.0104580606301
5048.78453483902,3716.91683274784
3074.50224667091,2574.29184740206
7555.42711114629,2780.74455570423
2520.25914823839,1632.50043457345
1722.00382329177,1032.38481782277
3568.23817791434,2678.26607214324
2735.8366671074,1907.27213191629
9988.90821356775,6567.39526779831
2979.87915051678,2026.44632108308
2959.6196753421,1973.89325259026
340.709604070603,164.976209630148
946.833079402622,699.2387890156
1772.50152781562,1300.52674344805
3861.24534981931,2499.62606470496
8273.81793091072,3456.33446389806
3719.91162860312,2350.53705193456
4449.51405812644,3500.72159405584
187.322649704516,35.4531085140014
581.145081704743,442.213858648416
2944.65079142126,2501.84946375657
480.570371453677,252.456855952039
3461.11070475361,1321.30541822136
3663.67294162781,2172.70555324232
5081.42766050275,3662.94887394944
4267.48165157094,2268.06915983814
2953.03691896782,2592.72584681185
623.467026896832,59.9913489564173
2703.28355947046,1798.56813101076
4414.70688705597,3257.84556674442
4754.90548264774,2523.39622183863
3316.83137693481,2029.76120694186
2073.20373569354,1248.70133282667
2882.67082093086,2630.48320525207
2901.39697901365,2670.82779167964
3334.38519322379,2055.31008331683
2958.98864596362,2589.85564076339
3009.54656321443,1941.59332818583
4610.80649194617,3845.83355230445
269.351463724116,48.5105247626016
2645.60187449369,2297.05419838379
262.558301502087,30.7233323496477
3016.33946200578,2091.00574445464
2868.9944031941,2649.07890641107
469.238449139742,117.274193613589
4547.8345167792,3357.73682231808
2799.92047027758,1664.43653004216
975.117782091675,662.532491945232
1709.22909114115,1158.71430939204
2577.61026534418,1727.01510698592
3018.17324060517,1694.14922645926
5205.56763753715,3162.88621452163
2484.9106647526,2198.77996030222
3092.35682553103,2702.44048364993
397.128853960866,76.1210984399824
3534.3022850029,2411.98371663385
233.101294652189,121.478439093015
3569.86121196939,3070.9587700965
5133.63871817209,3959.71200918466
420.093310628055,207.34206792282
362.531862940423,22.7999466384228
3731.18345108896,2222.79267005971
2439.88358753618,1173.75257206845
373.052230593877,137.648614013882
1129.43660367329,726.728086381074
246.146532478653,63.1041076286843
335.569657533012,92.9785057949864
2767.93878141944,2494.24948154377
606.333871771532,135.18266233845
2420.79660468712,2174.68639967013
2905.09434151228,2026.08249214736
287.326279873375,172.65704271756
4833.35724672376,3624.22130501397
3230.44417757348,2013.18677764797
279.420950951545,68.2785636033618
252.729288852931,48.0658449522778
385.015370451064,206.210155678359
3028.12249054346,2521.86005522115
6637.75083110851,2313.26479874196
3572.14568283003,2490.04523606434
267.818485328814,111.331654330171
2988.98662653225,1874.89135663725
4973.36809432877,2892.56131528203
2861.02886154532,2365.04978392604
233.762580925964,95.1210539720013
4581.61987787325,2508.35795916222
748.388866190729,75.7572695042629
5009.10735841249,3607.40432309626
5952.39391760574,2904.68894647268
1620.13653395777,875.614971964959
317.354404438435,8.28721464694444
416.065493157311,244.816448301929
3797.82238132745,2477.06867069035
8567.60666401157,7110.99612320056
9563.61488479873,5560.64017722512
696.267977080007,346.567273991486
3569.44032500798,2393.67099353597
3232.8487728244,1864.94669906092
378.853463405243,163.359192138061
2532.40254994689,1226.22478968666
110.854612734485,33.0275822758713
2552.60181239461,1673.93650780817
2845.00776022095,2232.17137151381
485.499912143516,130.372035299492
2265.15528582386,1308.32885284737
2783.77924456294,1691.40029672271
2722.58083526841,2538.79831345076
3123.2564916858,1889.84876843905
3245.80384209226,2651.90868702222
3167.86298300445,1815.30426205385
3776.18072300554,2639.13424883474
4710.65966556355,2775.65095060416
5803.7858968462,4551.37870953919
346.150125014558,222.622883223039
418.740669349981,73.7764230764566
6192.55840033563,5028.19674251826
1650.97628844922,1137.3292530592
2925.74429622125,2624.37896421945
2956.70417510298,2055.10795613032
426.044811826126,113.029522696862
1522.95846126715,1044.47202357611
281.855652565942,0.485105247626016
3594.86966491895,2556.18125149069
366.048662524097,223.714370030198
6652.17840261403,4705.07622216203
424.602039622393,95.28275572121
6375.37266915064,2425.8092161912
2778.15838650176,2349.08173619168
3209.22310514935,2369.37530571737
578.019062719002,234.669663539085
3921.39184277396,2755.80206088879
4612.63996948193,4447.40448479801
4352.36624233112,4118.86695584329
321.08160986986,130.735864235211
3437.6352678323,2488.91332381988
3638.33361974364,3036.31417032854
3691.38645133579,2521.13239734971
310.771648064157,86.7529884504526
260.153668618213,93.7061636664255
2198.54631141703,1568.38569101221
2764.57228785543,2389.14334455813
2325.57228445435,1713.6342872389
2782.6671154961,2038.93778120945
214.946141385702,77.0104580606301
3391.85643471986,2595.11094761268
191.230229886123,41.4360732347222
2848.55489196583,2030.36758850139
2871.24876769127,2481.59631966819
4380.17007112953,3248.58814160222
3439.07796477013,2642.32785838161
2610.01284116372,2439.79641749775
339.417100253574,225.978194519119
695.817059021028,334.965173485764
336.892230080563,34.2807708322385
8454.40733946477,8438.24408070534
3679.69374188854,3327.53902065336
3260.71281434977,2274.13297543346
217.561198933804,13.2999688724133
544.624406956973,64.8828268699797
663.805113267596,224.482453338939
6778.66366536329,5353.50023648881
2559.93602360128,1605.73879507942
736.726263106953,448.196823369137
172.293553056724,7.47870590090108
1555.24091269642,1406.64351636624
2736.31746573213,2478.84738993164
1147.17090761132,806.285346991741
3371.29679910131,2445.57725503196
6031.68745560458,5981.87323391371
2628.79921197346,1459.35828660827
355.889006738054,144.440087480646
238.752221443895,6.83189890406639
452.045156553396,181.42936261213
573.871007959121,236.24625559387
2959.98034957656,1839.55952443516
869.733768439907,571.211429079634
215.968120710411,37.7169330029228
1231.96510401516,675.104802946206
2638.3877876773,2480.38355654912
2845.7294097535,2143.23540944904
2559.42511861307,1408.13925754642
389.61430563697,280.188705941327
3675.99668045355,2828.00189191047
5707.02886164881,2920.13146352211
181.130673928171,4.40637266593631
6546.46412215491,2782.28072232171
1469.45478688192,863.002235526683
2786.99550737321,1802.32769667986
3190.19618449543,2389.34547174464
1352.82905710779,763.596085200652
4193.1779422548,2561.55783465188
387.991158683054,92.0891461743387
2543.64456713289,1653.52166197058
4683.1264929728,3623.08939276951
288.258071822992,28.1361043623089
3046.15740652081,1556.9048668184
247.108393158794,40.9913934243984
3099.48059325699,2593.6960573071
486.131129686769,115.616750684201
2711.81991777077,2584.72161022602
2719.69514032912,2506.98349429395
2629.97155376726,2161.75025973343
352.101663845583,206.695260925985
3270.45162080736,2257.55854613957
3418.90880868588,2296.32654051235
2546.25960586452,2374.83273975316
2127.45871437934,893.402164377913
3012.25161997285,2549.63233064774
5035.37817118265,4581.3743840174
7621.28478125255,6666.63971637513
179.47747706021,71.5934494621396
3397.35716839077,2215.2331132842
3201.55802500807,2172.94810586613
2931.63550942646,2481.31334160707
271.726065510422,16.4531529819824
5780.01029948103,4775.90158831543
2712.09057397843,2649.36188447219
5005.4102969775,2788.78921772736
2625.37280674613,1882.77431691117
2893.58196918225,2537.26214683327
3314.36656895693,2408.38585271396
3734.15916405505,2331.13284202952
1480.96715921195,863.3256390251
1086.12272907053,533.65619782592
7905.48463758592,4476.9150540286
5598.06791095232,2041.03990394916
687.040075610627,173.546402338207
2801.57391175974,1815.99149448799
7595.28432362642,5642.78466582312
1393.82850501823,873.027743977621
3443.13600150321,2045.4058511778
3231.04540165212,2119.42482687806
2982.52399454825,2786.28284061463
2815.3403475233,2515.27070894089
3012.28172633633,2652.27251595794
291.504365730824,2.10212273971274
6074.64020437743,2738.13614478775
2935.12242844438,1969.20390186321
2587.58962164595,2263.6627871722
1375.25242715738,815.300219510125
2847.74322440649,2540.90043619047
821.580596971837,612.566651439752
2680.43915192764,2475.16867513714
2845.45875354584,2524.00260339816
426.585860810765,36.4233190092534
793.566324692718,495.413734138069
2528.31470791396,2354.49874479017
3124.60917059683,2251.81813404266
2999.26644434152,2627.41087201711
328.355683615482,228.646273381062
7410.12597335108,3998.43957812014
2814.46876830064,2363.83702080697
277.647535610924,145.935828660827
5159.24839520029,3915.12275184037
553.130884691532,276.267438523016
6965.8054228645,2745.41272350214
2421.39782876576,1484.74546123403
634.949217597473,361.565111230591
710.154838297475,107.369961474558
6570.69071284497,4940.51396900986
2795.77271658133,2551.37062445173
3429.24883922211,2566.24718537893
3740.71181406585,1830.90848085249
494.156695897735,222.82501040955
2816.24233417308,2525.45791914104
2714.55538195631,2622.43854322894
2536.58071107025,1219.91842146752
2447.30781676964,1486.48375503802
3656.24841133071,2322.11796951114
4367.81592487668,2550.64296658029
861.347565627439,192.788910494039
2131.78710625645,1359.14362753619
3755.9215488945,2661.97462091046
3316.95150132508,2305.74566740376
7116.75812721164,6012.55614082605
4468.57108514384,3143.19902655547
2734.93468045762,1808.91704296011
6221.32442851078,2611.72580234387
302.265170329598,107.006132538839
2998.63541496304,2065.21431545586
2228.54444251748,1539.27937615465
148.998453252648,14.1084776184566
330.489810823514,160.610262401514
949.688592712521,854.229915632112
4247.55334639451,3004.05467136141
3065.33455792848,2457.09850466307
3497.90188517722,2364.72638042762
3637.79260839195,2934.28036657787
3870.71350006924,2423.34326451576
526.409116229441,326.3141299031
7960.61179762166,6698.41411009464
5454.29918705809,2476.50271456811
5015.29963525247,3780.91029999717
163.907331427779,8.77231989457046
2560.65737207019,1949.35501214784
3162.06178782603,2280.88402346292
1406.00201309022,1125.28247274315
3029.9860744427,2615.04068820264
712.409202794644,215.710133444369
2953.48791229271,2178.48639077653
2719.75535305608,2390.31568223989
446.634666707009,31.9765209060149
3455.45974032895,2370.50721796183
263.820736588593,31.5318410956911
297.966847183011,60.9615594516694
4494.09044308161,3187.14147690293
522.110793082854,369.56934781642
5139.62025046773,3843.0441971306
1956.157118958,1365.28829400612
3168.79477495406,2126.86310734166
4032.63726433109,2961.97179112985
164.207905834144,2.0212718651084
1621.54927506393,1097.02509206893
3651.7095759729,2369.9008364023
211.459391716073,23.4467536352575
3731.09343306217,2612.17048215419
4006.48657595121,2881.68687264774
4418.85494181585,3171.49683266699
4032.06614661593,2970.94623821093
423.309535805364,63.750914625519
2586.23694273492,1876.06369431901
3326.32963354821,2197.20336824744
3310.66950752194,1970.9421956672
330.459779725945,35.4126830766992
2176.15304773092,1468.37315912665
255.344327584556,50.0871168173862
2956.91461858368,1985.41450222138
7002.86756055941,5374.80444194705
516.730371966991,127.623105562944
669.606383711916,508.390299512065
444.560676960023,196.791028786954
3931.70176694671,2845.82950976072
3148.44528175259,1857.71054578383
4876.34040292372,3194.74145911573
731.345879624043,48.5509501999038
3045.34573896147,2566.53016344004
242.118752640863,84.2870367750203
292.135583274077,81.3359798519621
3419.14935853006,2516.40262118535
2917.20763685731,2065.41644264237
2499.188306568,1481.06674643953
2584.37335883568,2437.77514563264
2524.31718497147,1623.88981642809
2480.7026983294,2271.90957638184
3156.77149763583,2738.74252634728
434.461121002071,40.7892662378875
4021.96636486025,2791.78070008772
606.51420888876,321.503502864142
694.073750043884,315.965217953745
3580.11092341518,3000.254680255
333.886410751005,144.480512917948
571.857118040226,109.593360526177
3000.70944234298,1981.37195849116
3360.65630705759,2068.93345568766
4032.36660812343,2993.62490853745
367.491472360785,74.1806774494783
8221.1558799165,6206.19398550344
2284.39249942667,1572.22610755592
363.283317772812,44.6701082188957
2027.72566515224,1380.48825843174
1878.66710266326,1335.65644846363
5310.17039105668,3906.26958107119
1193.06978984813,962.287109540807
3356.14757806325,2668.60439262802
1579.22740513775,913.453181279788
5855.09556999303,2224.16713492798
3194.76512621672,3142.55221955864
555.024499688336,99.7699792617507
2332.8163271024,1192.87380391237
1697.80688736974,1340.99260618752
2600.8451524213,2379.1986869818
3693.49058507921,2650.61507302855
252.729288852931,49.4807352578536
3060.25471121899,2256.91173914274
2862.02086622189,1744.96400114808
1466.77968595516,1159.40154182618
2326.17350853299,1729.15765516293
1624.67536931558,1122.5335430066
9312.02804776561,6467.46358678735
2974.34831048239,2163.60982984933
3332.10102342678,2654.90016938258
437.286565581447,165.58259118968
1098.35637460356,645.35168109181
3698.35998830801,3298.10930229738
2398.73390887198,1642.7280702109
3210.7561211776,2604.16624556836
882.598669149143,190.686787754327
655.298635533037,299.512064971763
1940.97764102464,1325.8330671992
2250.66720052776,1911.03169758539
3000.07811190087,2522.70898940449
3662.68093695124,2428.11346611742
2641.06303913588,1362.49893883227
3058.12047111209,1844.37015147411
431.27492692233,317.905638944249
957.052835016757,666.858013736564
552.168986378437,271.375960609454
7549.6858276312,4314.88990132151
3862.89849023784,2638.97254708553
5721.24629073726,4231.69435135365
2334.58974244302,1684.77052500515
728.580534872758,431.945797573665
471.072001941409,137.001807017047
385.796894013977,57.6062481555894
5752.17636431914,3646.25316834365
1783.35261387188,1521.532609179
188.705340896635,0.60638155953252
3315.17823651628,2868.50818008724
300.611992278113,6.62977171755555
3659.07389354304,2725.92766272249
2823.27578280861,2602.14497370325
2916.39596929796,2552.98764194382
2993.01455690186,1812.83831037842
146.082821298181,12.0063548787439
269.08092041532,24.4169641305095
300.22121168018,199.256980462386
3354.49413658108,2357.61150346244
6624.07411230811,4996.94787948369
3231.40607588658,2215.35438959611
377.140147892713,58.3743314643306
4368.7477168263,3137.17563639745
362.381556920763,124.995452138304
707.419524643759,302.543972769425
3684.62335784429,3134.58840841011
241.697940945362,43.3764942252263
2907.64916751695,2699.81283022529
1896.4915751599,1420.10518698786
272.537620170902,66.2977171755555
435.933961936327,176.21448120015
674.085006342776,102.033803750672
3088.29878879795,2610.27048660099
227.750942266847,22.4765431400054
4597.13007420941,4357.33661048878
2656.33268562785,1831.87869134774
3740.35113983139,2357.97533239816
3205.13496205279,1702.15346304509
236.016945423133,63.1849585032886
3031.12830987302,2432.76239140717
2666.01127935848,2057.37178061924
483.335716204962,0.848934183345528
3231.01529528865,1979.67409012447
2304.98239194051,1698.31304650138
2386.8608623075,1487.61566728248
3949.28568959917,2611.52367515736
187.56312428279,5.9425392834187
755.602802475306,265.473846763337
252.548951735703,3.75956566910163
3378.42056682728,2548.45999296597
3060.76561620719,2071.27813105118
3042.97125007403,2507.10477060586
3065.06390172082,2628.05767901394
419.822767319259,103.691246680061
2878.67299692473,2570.57270717026
814.486860343443,238.873909018511
799.277426578424,456.807441514499
2494.31890333921,1597.49200586977
3283.25645932146,2142.02264632998
1076.68445938636,381.656553569768
7116.30713388676,3177.56064826231
243.501425016506,83.8019315273943
2266.20735269557,1658.57484163335
250.925804781787,27.7318499892873
5261.20540149745,2660.47887973028
359.165331743454,234.063281979553
344.346640943414,137.729464888486
747.48710533868,495.656286761882
2895.65599656219,2539.6876730714
414.322108914258,5.53828491039702
3130.62080925595,2663.10653315492
476.813097291729,291.871657321653
2615.96456815952,2014.84422057736
2005.90336864946,1386.59249946436
7096.07806613919,5870.78413220735
313.086150022371,29.9148236036043
4113.79438622916,3518.34708471959
477.534483393596,110.886974519847
2541.36009627225,1984.48471716343
406.416817625383,300.441850029713
4385.64039737333,3013.87805262583
623.256583416127,304.039713949606
1028.53121265238,634.841067393247
3125.87153041743,2745.97867962437
318.286196388052,185.795309840764
3378.84145378869,2091.28872251576
3099.75094840102,2617.14281094236
3413.31805698818,2933.1080288961
3008.1938843034,2470.84315334581
3838.10048076899,2634.16192004657
679.465465091594,115.131645436575
6904.60701356997,4918.72465830399
167.574418214636,3.27446042147561
1654.61328768908,1540.29001208721
328.115246670162,139.629460441688
3403.42901977684,1991.03363800638
594.040088777457,367.426799639405
653.31477671171,88.6125585663523
3918.14547360022,2988.73343062389
2094.87565091075,1475.56888696643
2783.44867669196,1883.50197478261
4272.56149828043,2993.22065416443
5967.90351181463,2312.1733119348
1707.81635003498,866.923502944993
2746.41694642417,2468.37720167038
3563.54911180277,2647.7448669801
1135.95922258652,649.758053757747
5308.24659443049,3690.55944762682
206.620019584848,45.478616964939
7320.40238678922,6330.54263064491
7551.7300497113,2714.48726396598
375.276526360523,171.161301537379
3793.91487641175,2476.1388856324
3084.06071601127,1590.82180871492
437.557108890243,190.92934037814
2923.27948824338,2587.06628558954
2832.02288565326,2596.12158354523
311.042191372953,24.9424948154377
3050.27535491722,2238.51816517025
3021.299184325,1564.343147282
233.582206175782,71.0679187772114
3990.04458766543,2732.79998706386
242.509495605842,59.667945458
3542.86905073032,2463.32402200761
377.891602725102,133.565644846363
3970.98786171167,2414.08583937357
2564.9857639473,1810.69576220141
1074.94107514331,247.080272790851
377.440722299078,37.9190601894336
2843.53495691965,2534.91747146975
3411.45447308894,2161.66940885883
2846.39054549546,2364.92850761413
252.278408426907,255.407912875098
443.178004584381,280.754662063557
3459.57768872535,2521.41537541082
2693.63477103967,1922.4720963419
2514.4278466965,1962.49327927105
2805.60154106572,1835.67868245415
3526.81784304248,2078.39300801636
4566.14008896421,3141.58200906338
3762.4741989053,3203.23080094919
653.795725868257,463.801042167774
195.017553962117,14.431881116874
327.724466072229,102.518908998298
481.111420438316,173.425126026301
3929.38718972258,3247.13282585934
2405.9178893249,1758.18311914589
5009.85881324488,2833.41890050896
3306.01024671022,2467.36656573783
315.971732062792,29.9148236036043
1090.03030925214,519.628571082068
5205.95841813508,4026.65653335705
2287.36836292457,1359.70958365842
914.310078129165,361.524685793289
2563.512960646,2271.95000181914
3160.52877179778,2387.20292356763
787.404380013942,451.390432916008
222.821382760531,63.8721909374255
620.611513586934,473.503147120294
3007.74289097851,2363.95829711888
3377.06788791625,2316.74138634995
2245.61746018174,1238.1502936908
2775.54334777013,1845.38078740667
6933.88364566968,2974.66537844273
2645.75210524744,2445.73895678117
338.425170842911,125.965662633556
3219.8334908296,2342.29026272492
2707.16095802268,2548.62169471518
3297.9248817348,2241.99475277824
220.326543685089,42.4062837299743
2898.03048544963,1908.12106609963
2298.48980412485,1563.61548941056
3912.88528977349,2190.12891671956
3372.10846666066,2108.55038424378
444.891320096911,234.507961789877
692.180059781171,211.788866026058
233.612274906304,59.5062437087913
867.14876080585,664.189934874621
1658.13016253866,912.199992723421
2302.66796524821,1577.4409889679
1484.24348421735,903.710650889966
322.404182417411,132.676285225715
3035.33627629622,1806.08726234896
280.653354940482,2.74892973654742
6069.0795590432,3465.91529253868
4583.75411798015,2681.3384053782
2859.34561476331,2318.96478540157
2955.05103468445,2307.76693926887
1060.72357078895,828.478912070631
3706.35533525663,2524.24515602198
224.474579628493,74.099826574874
290.512436320161,111.493356079379
3505.98755121628,2322.27967126034
507.712913978316,284.514227732659
3270.24117732665,2528.20684887759
4492.16664645542,3350.62194535289
9214.54906197203,8129.7171432152
3657.69110826854,2774.35733661049
2981.17161670085,2156.13112394843
4148.24088306518,2976.44409768403
3023.85401032967,2750.95100841253
664.466399541371,113.069948134164
3798.3335873793,2412.42839644418
749.140321023119,542.388092283188
335.449420243876,221.248418354766
399.804030153537,214.456944888001
3413.46828774193,2073.98663535043
2590.47501552159,2580.96204455692
744.992266263238,535.232789880705
490.609827583538,188.746366763822
2236.3596028807,1833.53613427713
284.921609356546,71.5934494621396
2284.54288071224,1706.92366464674
2340.3308754263,2116.87802432803
3224.9133375391,1713.87683986272
6813.2901982529,2772.82116999301
6798.86262674738,2919.84848546099
2982.85486348286,2030.36758850139
301.33337837998,132.150754540787
6674.60222425907,3589.81925786982
3582.09493276833,2202.86292946974
3332.43159129776,2539.20256782378
573.570395919801,156.082613423671
9179.20057848625,8093.65765314166
2874.49483580138,2243.32879220921
401.186702529179,67.7530329184336
3314.03600108596,2130.90565107188
308.397046277851,11.4808241938157
2439.37268254797,2129.4907607663
344.436809502028,195.739967417098
731.586354202317,169.018753360364
8270.54175643714,3744.72953361173
1495.06446391012,1006.9167923224
958.736081798764,554.030618226213
454.539995628838,205.725050430733
673.874638127979,333.509857742886
2718.61311762575,2543.48766417781
2008.63868230318,1174.88448431291
629.418528094903,94.6359487243753
3759.10770534129,2367.63701191338
2958.17697840428,2793.76154651553
513.784690098478,40.5062881767724
272.447451612288,76.8083308741192
3453.56605006623,2355.22640266161
3256.26399701876,1972.55921315929
2958.35731552151,2594.18116255473
5907.39634462553,2844.65717207896
278.338852982268,39.0509724338943
3418.81879065909,2455.03680736066
2029.91996745427,1115.1356879803
409.933617209057,112.05931220161
2874.22448065735,2194.81826744661
3227.40825188045,2529.01535762363
2618.30895068349,1689.45987573221
6564.8898187302,4331.06007624237
220.657186821976,1.21276311906504
2644.27930194614,2195.42464900614
8395.31336497728,7583.3673580764
341.04024720749,90.714681306065
430.012491835825,152.808153002195
330.489810823514,112.908246384955
2945.31222822686,1814.65745505702
511.019345347193,212.314396710986
6035.62476582012,4180.15191879338
2523.41519832169,2276.11382186127
3134.49820780817,2118.98014706774
603.418221000588,154.627297680793
4274.39527687983,2701.71282577849
3473.76501145032,2176.38426803682
452.526068076989,22.3552668280989
391.237414957932,186.28041508839
283.659174270041,17.9084687248604
3355.36601686738,1961.92732314882
2786.54481511195,2475.65378038477
735.253459805651,348.628971293897
489.647966903397,212.233545836382
487.994751218959,250.23345690042
3119.43930586053,2172.90768042883
2247.27075113208,1472.05187392115
163.095757950821,13.2595434351111
3791.69061827806,2576.71737364019
3431.0826178215,2830.26571639939
4439.3245594076,2988.69300518658
4602.42036439962,3214.83290145491
2619.0302991524,1623.04088224474
2902.80987065163,2231.48413907967
386.578417576889,73.2508923915284
2354.33801156586,1457.21573843125
955.339557137181,794.642821048717
3250.76356441148,2241.75220015443
414.352177644781,162.712385141226
673.333551510386,32.3403498417344
3000.91988582369,2724.99787766454
3451.64225344004,2631.0491613743
3287.31419499091,2565.39825119558
1054.5315950126,589.685853926725
422.467874781406,287.222732031904
923.868622735433,678.338837930379
2753.18003991568,2370.0221127142
4897.50156368453,3600.89582769062
2492.81599367443,2279.26700597084
5030.59908704428,4029.08205959518
281.885721296465,124.712474077188
678.383367122317,509.60306263113
383.332123669057,201.076125140984
909.831455498305,596.800730891906
2844.31651811552,2538.59618626424
309.89995594263,114.323136690531
2097.1601217714,1526.78791602828
4198.2577889643,2935.73568232074
2576.6182606676,1683.39606013688
3586.30289919153,2620.86195117416
2266.7184082156,1905.81681617341
253.510812415844,33.3914112115908
504.73716337928,95.040203097397
302.265170329598,92.9785057949864
2805.15084880446,1637.51318879892
251.707290711745,71.1891950891179
2613.77011532567,1392.8988676835
2687.41268889985,2512.60263007895
2611.09516493073,2372.52848982694
3971.49876669988,1772.85755288658
3292.33382897345,2840.37207572493
9287.04940011589,3342.37515614325
2802.47559734589,1878.52964599445
475.189950337813,139.66988587899
1789.36425253099,1329.35008024449
456.884528684621,233.376049545416
243.801999422871,41.5977749839309
2542.9831303273,1480.98589556493
2932.11660911482,1590.01329996887
325.590338864197,25.7105781241789
2950.03109963827,2607.96623667477
3133.1157235973,1774.79797387708
3312.77334020172,2321.91584232462
2900.46518706403,2550.07701045806
3282.05401116418,2429.6496327349
1033.19024766638,641.753817171917
2817.02359430531,1940.17843788025
2833.34545820081,1909.77850902902
4742.28098125087,3211.59886647074
935.98206861228,489.26906766814
317.113929860161,27.0446175551504
2810.20058915049,1634.96638624888
2434.80374082668,1673.93650780817
382.009551121506,48.5105247626016
3954.69610417965,2917.38253378556
3668.6323628834,2353.40725798301
3833.80219525536,2386.39441482158
6780.22618562776,4271.35170534707
3237.62785696277,1684.56839781864
2069.4464615316,1280.55657742078
3883.788994791,2498.49415246049
768.527840645588,210.252699408576
1320.33616219781,973.970060921134
2639.07933084637,2483.45588978409
5799.00681270784,5019.46484806099
2691.32049487918,2440.36237361998
5289.9714296726,4869.08222129693
1416.40210582158,1230.30775885418
2911.49676076933,2684.77456754888
3948.86480263776,2818.01680889683
4462.10845315984,3992.61831514862
1333.23116927052,718.966402419058
2972.60485097343,2177.55660571858
3460.65971142872,2451.76234693919
389.433930886788,37.5148058164119
295.772620146888,35.0084287036775
494.908150730124,308.243959429031
3465.34877754028,1807.94683246486
544.744606613155,283.826995298522
195.769008794506,14.8765609271978
3053.82218559846,2062.10155678359
3237.89851317043,2523.19409465212
438.398732281247,70.7040898414919
2260.43611334882,1409.14989347897
7209.45742673959,7004.96020115698
4022.86835151003,3123.99694383694
3579.269450556,2358.37958677118
3344.09419438154,2333.31581564384
445.372231620504,201.399528639401
2892.10916588095,2686.59371222748
1858.19748507151,906.500006063816
2648.24701958879,1238.51412262652
179.627764263392,50.7339238142209
2883.2720450095,1828.72550723817
3336.91021392862,2278.86275159782
189.697251490821,38.5254417489661
3176.70010387589,2061.37389891215
1187.4788876186,800.059829647207
3971.19830519237,2921.62720470229
2039.68888027533,1125.28247274315
7916.99731097958,3880.3568757605
478.496381706691,45.721169588752
1255.86127736606,539.598737109339
804.327166924445,457.777652009751
5510.59868888763,4318.08351086838
2441.17605372025,1961.6443450877
3216.79756513656,2419.78582603317
2290.28401369552,1343.94366311058
2886.51811311961,2559.57698822407
3665.29597568286,2186.20764930125
2861.99075985841,2257.23514264116
3226.89734689224,2048.55903528736
2760.8749253568,2501.84946375657
2631.44435706856,1935.4486617159
538.011581852172,327.648169334072
6233.70838006347,5823.89062493683
2875.45673411447,1777.82988167475
3154.09624617725,1799.57876694331
2281.2965115385,1318.19265954909
4320.77503300728,3147.5649737841
302.355338888212,20.212718651084
178.395379090932,2.42552623813008
4921.93889891893,3475.6173974912
3684.20247088288,2340.79452154474
2971.22236676256,2540.69830900396
2958.89832687319,2460.61551770836
1184.2025626132,814.491710764081
4754.75525189399,3151.64794295162
2933.31875620847,2509.40902053208
3394.53168617844,2558.97060666454
2717.9519818838,1822.49998989364
335.749994650241,118.446531295352
205.117109920069,16.4531529819824
3071.61655173163,2678.83202826547
384.7147960447,73.7359976391545
2353.25583833067,1659.82803018972
222.941620049668,39.455226806916
1836.1046828929,1203.62697023475
352.462375712994,44.1041520966653
2549.3253368574,1795.05111796547
4045.35178375476,2952.18883530273
584.331238151529,55.3828491039702
844.424778716935,129.240123055031
2712.81192244734,2068.20579781622
3255.57275491332,1838.02335781767
2518.03489010469,2459.64530721311
2926.55566271696,2028.06333857517
451.654413588417,215.305879071347
3530.66543629486,2350.37535018535
9164.11187123877,3712.5104600819
4732.12128783187,3744.2444283641
1999.77145506825,1343.82238679867
2697.99326928026,1313.05862901172
824.07543604728,318.431169629177
3676.0568931805,2291.19250997498
2362.42367760492,1473.62846597593
2556.56953003727,1729.92573847168
3007.98344082269,1822.09573552062
238.902527463554,82.9934227813509
958.014733329852,641.349562798896
615.140886279502,235.599448597035
667.201713195087,329.386463138065
3310.42895767776,2039.05905752135
2717.02018993418,2492.51118773977
780.881761100709,533.979601324337
292.285851660782,2.26382448892141
2088.89411861511,1516.27730232972
2696.06947265407,2539.32384413568
5279.5112747461,4027.06078773007
2213.09445890828,1558.44103343588
2015.37166943121,976.557288908473
2034.57892720236,1559.65379655494
2646.56377280679,2499.26223576924
3012.58218784383,2703.53197045709
7233.53408773953,6394.81907595535
2533.12419947944,1800.42770112666
2764.54218149195,2397.55183551698
338.96621982755,114.48483843974
320.209917748333,14.9169863645
617.725893913558,172.940020778675
629.117991321493,268.546179998302
2385.20772188897,1415.61796344732
3794.90688108833,2743.35102619973
5628.84745271682,1978.09749806969
4289.15371731996,2377.82422211352
479.307936367172,69.9764319700528
276.595468739215,50.3700948785013
646.371346102976,381.13102288484
662.302203602816,464.245721978097
3056.01633736867,1984.24216453962
445.402300351027,52.2296649944011
228.201785059918,33.3105603369864
2646.17299220885,1943.25077111522
3823.5822891094,2158.11197037624
2462.54735689814,2225.62245067086
1061.44491925786,723.049371586577
4199.82091135603,2805.56577420776
2607.99902651074,2476.3005873816
298.237390491808,55.9488052262005
394.603946154901,177.871924129539
339.387031523052,180.014472306554
3231.22573876935,2134.66521674098
7580.88625635711,4138.10946399913
504.947569227031,178.842134624791
4240.66982744909,3621.79577877584
2956.16316375129,2077.82705189413
3505.92733848932,2389.62844980576
3613.53561027478,2272.47553250407
3743.23683477067,3359.87937049509
452.796611385786,36.7467225076707
2907.88971736113,2704.78515901346
2749.03198515579,1669.73226232875
1738.53582960434,1104.30167078332
1195.14381722807,636.943190132959
6363.01882396143,5130.39224801814
3324.01535738773,2650.97890196427
2385.17761552549,1589.24521666013
4409.02581626784,3100.14593582866
715.024241526269,444.962788384963
3209.40344226658,2713.80003153184
2695.31801782168,2477.31122331416
3470.27839349603,2292.28399678214
681.629661030149,322.433287922092
3711.79585620059,2317.02436441106
1577.0632091992,1019.36782701147
566.987714811432,372.56083017678
538.372293719583,409.873508806681
228.863071333693,70.8657915907005
451.985056725305,326.475831652309
870.455192174728,536.607254748978
3344.12430074502,2456.12829416782
1913.23402495318,1349.56279889558
651.391055351429,237.701571336748
315.79135731261,93.7465891037276
452.766542655263,120.346526848554
3392.48776516197,2409.0730851481
1125.28854891341,745.323787540072
3233.38978417609,2311.68820668718
2462.87822583275,1763.55970230708
2893.58196918225,2106.24613431756
2938.54913473535,2001.82722976606
2717.71143203961,1647.05359200223
505.939498637694,301.007806151943
931.323033598283,589.564577614818
6143.6843319941,4962.54583233954
2266.53792056655,1750.17888256006
6440.08810382657,3234.15626048535
4244.87809493593,3013.63550000202
3014.32564735279,2741.93613589415
3197.98138902698,2222.50969199859
340.018286699259,256.94407949258
479.608510773537,29.7935472916978
2029.37880557077,1392.04993350016
2830.97066824973,1845.38078740667
4563.49494386911,3256.87535624917
683.433107468338,161.701749208672
6280.71946663303,3407.41968476244
2307.62753703561,1517.24751282497
291.895108695803,37.8382093148293
722.538789850165,320.694994118099
3114.72013338549,2251.57558141885
701.858804043622,359.907668301202
314.468822398013,97.1019003998076
2905.84579634467,2399.53268194479
895.884456819791,730.608928362083
2964.54929129785,1819.67020928249
2472.88738743437,1624.77917604874
710.09470083643,258.844075045782
2665.74092421446,2024.66760184178
4007.32804881039,2739.106355283
2830.60999401528,2128.03544502343
175.930608746013,32.4212007163387
1825.34376539526,1126.2526832384
162.915402017116,4.72977616435366
320.750966732972,8.24678920964227
255.524702334739,31.6126919702954
2044.64845206274,1521.12835480598
1543.45818522237,719.087678730965
2573.52242331125,1929.8699513682
364.185040991907,287.829113591436
7851.22995996376,3720.19129316931
871.296815565731,437.322380734854
509.065555256389,19.7680388407602
3083.2791548154,2569.68334754961
479.548410945445,69.4509012851247
3882.73677738748,2076.77599052428
379.394512389881,52.7147702420271
2915.70472719253,2190.9374254656
454.60009545693,214.295243138793
579.431803825167,287.263157469206
2861.2694113895,2787.89985810671
2442.58894535823,2258.0032259499
2614.34123304083,1728.95552797642
287.266142412329,87.3189445726829
1059.34086078035,474.998888300474
3253.61885192365,2584.2769304157
2494.13856622198,1694.14922645926
2929.68190750043,2555.37274274464
324.027329371327,55.6658271650854
2905.66545922744,2635.57681035215
609.279553640045,199.095278713177
2593.72138469534,1520.19856974803
3834.37331297052,2633.51511304974
3259.29992271179,2150.87581709915
6264.03692850307,4709.11876589225
2029.58924905147,1318.2330849864
6051.67567244433,4510.18518892828
626.382677667777,280.390833127837
6679.89191232201,2904.20384122505
590.403014271691,255.973868997328
2744.40313177118,2579.70885600055
4888.2134494882,3593.74052528813
4525.80177679572,3553.19381167406
2817.08380703227,2520.32388860367
392.980799200985,246.069636858297
7735.80637728327,7221.43841791009
2210.44946434499,1501.40074140252
3131.49238847861,2535.68555477849
2881.31814201984,2131.55245806872
1084.64985050332,846.225679046283
2068.93540601157,1483.45184724036
1777.64143672026,1484.46248317291
811.781577787296,345.920466994652
3692.10779980471,2468.7006051688
327.574197685524,57.6466735928916
3041.94913903398,2566.93441781307
2731.44806250333,2487.57928438891
2656.75357258926,2507.50902497888
1592.27264296422,860.172454915531
3143.7863220045,2158.59707562387
446.213855011508,159.195372095938
3286.44261576825,2254.80961640303
436.444942190443,172.535766405653
192.793239378994,38.3637399997574
3199.66463580899,2297.98398344174
978.694719136394,753.085471502088
4485.79433356185,3353.97725664897
4842.88560970064,4418.21731906585
2765.9547720663,1823.6723275754
9569.92698496535,3777.7571158876
567.648925819299,171.282577849286
2846.05997762448,1741.81081703851
357.572253520061,150.66560482518
2640.97302110908,2459.84743439962
3499.37468847852,2922.23358626182
3823.0713841212,2624.66194228056
342.362819755041,98.7189178918943
2398.76401523546,1678.82798572174
211.068629934617,3.23403498417344
2117.77997011689,1588.7196859752
2895.08487884703,2253.47557697205
2695.61878039282,1722.8917123811
2688.07412570544,2399.89651088051
943.767122612018,695.600499658405
320.209917748333,113.959307754812
2389.14533316814,1871.49561990387
3659.01368081609,2014.35911532973
174.127105858391,2.50637711273442
2538.50450769644,1672.6428938145
357.36184767231,0.282978061115176
2542.6826688198,1574.20695398372
2841.37091151291,2544.45787467306
973.314335653485,355.784273696381
2916.39596929796,2542.15362474684
364.876395996206,58.5360332135393
1474.83524563074,503.377545286596
1236.9847379977,793.672610553465
469.268480237311,193.961248175802
236.197282540361,45.8020204633564
385.947200033637,93.3827601680081
625.330610796068,221.369694666672
1610.84857029325,1239.72688574559
3597.00360396221,2402.80714236626
323.666617503916,186.037862464577
516.039054595646,7.80210939931843
2444.99354060915,1687.559880179
749.290627042779,163.561319324572
3293.89695136519,2229.70541983838
3440.52066170795,2330.68816221919
305.060583811405,16.9786836669106
228.562496927328,12.3297583771612
3733.10724771515,3199.06698090707
5089.81408911295,4367.44296981433
760.953230126556,174.031507585833
3020.42760510234,2713.67875521993
1644.39353207494,374.177847668867
2649.23902426537,2459.11977652818
2646.32322296261,1584.83884399419
6263.91710517644,2973.04836095064
503.324422273115,180.176174055763
4272.77194176114,2638.85127077362
4630.91543530346,2474.23889007919
5130.66300520601,4847.05035796725
2949.73063813076,1742.57890034725
5204.75657210507,2552.30040950968
475.250087798859,351.580028216955
582.407516791248,84.448738524229
2921.95691569583,2804.75726546172
2923.97073034881,2782.32114775902
6220.21229944393,2708.05961943493
3268.13704358324,1917.09551318071
2230.88897557326,2045.20372399128
4285.30642513122,3495.83011614228
2280.48499451097,1643.90040789266
382.460431547531,249.061119218657
466.773678794823,179.893195994648
3637.19168537695,2716.10428145807
496.380991664381,212.314396710986
2177.11479551219,1365.69254837914
7611.99696811985,3032.75673184595
1722.27432896761,537.496614369626
2896.40745139458,2555.85784799227
477.654720682733,240.935606320921
2660.90132628551,2390.4773839891
5199.94677947596,1975.83367358076
2770.31327030688,2626.03640714883
394.844420733175,76.4040765010975
3384.22176200569,2208.07781088172
3120.76187840808,2779.00626190024
755.963551975671,383.718250872179
521.689981387353,83.7615060900921
2138.00918839628,1330.64369423816
2339.4892520353,2171.85661905898
6176.17692584045,4613.87643560834
3179.43526699779,2501.08138044783
2614.97256348295,2485.35588533729
3208.80221818794,2316.74138634995
2945.82313321507,2558.2833742304
368.783976177813,71.8360020859526
2609.8325040465,2398.56247144953
390.155354621609,169.30173142148
4026.17463234709,2371.92210826741
2511.03124676901,1771.96819326593
362.5017942099,4.20424547942547
1607.84275096369,876.908585958629
437.797583468517,91.3614883028997
3299.72825290708,1999.80595790095
222.160096486756,94.2316943513536
623.617332916492,397.341623243009
3615.39949523765,2473.10697783473
203.554081610722,19.1212318439255
3778.13432493157,1606.66858013737
6582.92473470755,6467.30188503814
220.747374197068,10.0659338882398
623.767638936152,444.72023576115
2750.92567541851,2598.54710978336
4203.51797279103,2623.24705197498
2880.68711264135,2591.31095650627
2516.02107545171,1675.39182355105
2831.7522294456,1595.34945769276
1184.92406161393,736.591893082803
2903.80157426457,2638.64914358711
3142.55406854738,2239.65007741471
4050.61196758149,3040.76096843178
3474.6669981001,1819.7914855944
1769.01475932952,1254.32046861167
3437.78549858605,2268.23086158735
7512.74471751747,6143.37285593587
2993.2548056824,2520.72814297669
355.768769448917,101.710400252255
150.922193429406,2.34467536352575
2630.03176649422,2377.01571336748
2376.0699889782,1418.36689318387
6688.87986607448,2588.76415395624
282.456839011627,29.9148236036043
3041.85912100718,2220.00331488586
3228.5203809473,2028.26546576168
3529.04210117617,2921.22295032927
5861.85866348454,3031.9077976626
275.934220098394,27.3680210535677
292.736732086807,73.4125941407371
3251.60503727067,1986.58683990314
3726.4043669506,2661.36823935093
3516.53802523321,2436.07727726595
1207.82838082008,515.343474728038
3628.11401466132,2441.57513673904
2681.43115660421,1676.2407577344
2026.61353608539,1426.4924060816
2415.29602154803,1821.89360833411
525.747829955665,339.250269839794
1074.0994517523,646.64529508548
3047.08919847043,2346.93918801467
5210.34732380278,3959.34818024894
3148.17492660857,2284.36061107091
549.373610529584,149.291139956906
373.202498980582,157.578354603851
272.26711449506,8.36806552154878
391.507958266729,326.597107964215
3088.29878879795,2062.99091640424
2647.01446506804,1856.49778266476
184.827829445551,29.591420105187
521.539713000647,406.033092262976
5713.250642725,3877.12284077633
3525.2249153509,2859.73586019267
1073.07749124407,758.866309036298
527.611451487855,82.0232122860989
873.5511800629,450.137244359641
289.370200889838,164.774082443637
2556.81007988145,2358.7838411442
2971.31238478936,2732.96168881307
211.729916208393,46.0849985244715
2968.09612197909,2056.40157012399
663.474470130708,183.571910789145
5426.55557098664,4744.24847090783
2633.45847278519,1521.6134600536
393.101036490122,32.2999244044322
240.134893819537,45.6403187141477
4305.56559924226,3110.73740040183
4251.64118842744,3454.95999902979
1547.96691421671,806.285346991741
2733.64221427355,2501.44520938355
3463.60561909496,2397.02630483205
525.687730127574,109.310382465062
523.403296899883,388.124623538115
260.153668618213,71.9572783978591
1190.36458255789,512.95837392721
4419.36584680406,3737.04870052432
743.91016829396,319.886485372056
5008.29569085315,3551.98104855499
2606.28567336525,1924.73592083082
350.35827960253,98.5572161426856
3104.31989012231,1916.44870618388
246.236701037267,34.6041743306558
4212.2349692722,2454.63255298764
1686.9559518453,963.701999846383
455.682193426207,96.8189223386924
2814.88965526205,2514.01752038453
687.250519091332,381.292724634049
2074.91693830721,1465.98805832582
3187.79158924451,2538.23235732853
584.932386964259,23.6084553844661
367.160829223897,167.805990241299
410.56483475231,3.07233323496477
561.06624471093,148.846460146583
758.879202746615,460.849985244715
4466.58737685433,3014.92911399569
4492.01641570167,3266.65831207629
568.550686671348,171.929384846121
2941.1340671035,2689.98944896086
218.162366563011,12.9361399366938
2485.93277579265,1466.31146182424
330.489810823514,186.401691400297
3401.53532951412,2207.7948328206
2846.51066988573,2683.76393161633
495.178656405967,334.763046299253
2259.2038598917,1605.98134770323
2251.44876172362,1294.26080066621
275.543439500461,95.8891372807425
3822.71070988674,2461.74742995282
480.840914762474,73.9381248256653
294.630384716565,5.09360510007317
5352.58242954148,3196.15634942131
6126.73143872012,5513.7466699546
2877.6812933118,2286.62443555983
535.035831253137,217.367576373757
2418.36190307272,1760.64907082132
3556.78601831126,2426.94112843566
3555.88403166149,2285.93720312569
329.377681756668,127.138000315318
3393.44966347507,2278.82232616051
2601.47648286341,1625.70896110669
587.457332403179,279.622749819096
563.771452001169,175.163419830294
3133.23584798757,2548.25786577946
2800.13091375828,1823.06594601587
768.167166411132,308.324810303635
6020.14467584744,3174.40746415274
3152.9841171104,2209.73525381111
3820.03545842816,2874.61242111987
339.387031523052,59.1019893357696
4037.17579862527,3364.36659403563
2561.19838342188,1752.20015442517
3559.97217475805,2544.25574748655
599.270166240707,48.0254195149756
1022.85021713015,559.851881197725
1991.86627667824,1415.53711257272
421.325676984038,65.9743136771382
2864.18491162863,2497.92819633826
282.877650707128,140.640096374243
3897.40519980081,2848.53801405997
1141.45988099152,883.012826991256
4044.35977907819,2687.84690078385
925.882512654328,629.707036855871
1193.82124468052,641.834668046522
481.832806540182,189.514450072564
5095.13388353936,3351.22832691243
2924.00083671229,2589.936491638
3062.23841950849,1099.57189461897
432.296925063516,256.135570746537
4602.51038242641,2812.03384417611
3381.21594267613,2591.7556363166
3165.5785121438,2220.20544207237
2698.44426260515,2182.00340382182
3142.40353673,2701.75325121579
521.960524696149,103.85294842927
2814.19811209298,2569.4812203631
7478.59868218896,5577.25503195631
252.879557239637,51.4211562483577
188.735390810681,19.0808064066233
2923.5498433874,2520.28346316636
2793.0372523958,2557.47486548436
638.85679777908,357.684269249583
3001.13002824076,2525.17494107993
2880.89725505843,1934.39760034604
459.379367760064,485.671203748247
550.756245272272,298.541854476511
2760.00334613414,1722.9321378184
2864.78613570727,1944.46353423428
1517.15726608874,825.689556896782
297.936816085443,8.44891639615311
4993.8982257111,4665.05503923289
2054.26698359824,1514.29645590191
2792.49624104412,2108.22698074536
3903.80761905786,1469.50507137111
5004.89969305292,3466.07699428789
630.921437759683,106.440176416608
2415.83703289971,2220.44799469618
3546.47579307488,2671.79800217489
3061.2765211954,2596.32371073174
4548.37552813088,2890.2166399185
3107.5060465691,2334.16474982718
1165.65666638174,745.040809478956
908.599051509368,625.58364225105
2804.42919927192,2127.95459414882
702.309646836692,466.71167365353
2472.64713865382,1635.49191693381
1847.37650537874,1219.06948728418
3429.36926467602,2682.67244480917
2673.73627116309,2476.78569262923
2980.96117322015,1745.89378620603
2339.33887074973,1430.73707699833
2676.38141625819,2064.44623214712
3128.12589491459,1950.16352089389
436.234536342692,235.518597722431
3306.07045943717,2597.77902647462
833.363399711797,147.633697027518
2589.4230991817,1543.32191988487
2936.56512538221,2701.71282577849
2707.37140150339,2535.48342759198
7782.69703839892,3429.57282440403
2245.37706086937,1649.60039455227
1134.6066189414,720.583419911145
814.486860343443,443.911727015107
554.122738836287,298.865257974928
367.882215325764,223.956922654011
317.835315962028,87.8444752576111
2837.58353098749,2620.41727136383
2178.76808646254,1142.34200728466
526.168641651167,97.8295582712466
378.07193984233,113.878456880207
2616.14490527675,1653.40038565867
3601.66286477393,2480.86866179675
3043.06126810082,2575.0195052735
561.727530984705,408.822447436825
406.506986183997,229.939887374732
263.790705491024,64.0338926866341
463.888096754401,216.033536942786
82.3894976622952,60.153050705626
4475.06352242769,3342.21345439404
2164.46033828366,1470.47528186636
3142.49385582043,2231.44371364237
5018.8160585066,4124.97119687592
4308.33086872763,3102.7735892533
2949.76074449424,1913.82105275924
176.050827218672,19.9297405899688
3381.72684766434,2315.00309254595
3714.5614267496,2822.34233068816
1548.53788140006,586.087990006832
824.195635703462,462.022322926478
2990.39951817023,2084.17384555057
2435.40496490532,2579.78970687515
456.463716989119,176.740011885079
1293.13355747803,945.591403935012
2825.10926034437,2424.71772938404
2254.39451885805,1498.16670641835
2441.23626644721,1550.35594597545
648.08469924846,227.393084824695
196.790988119215,13.704223245435
276.685674930784,76.9700326233279
3237.65796332624,2089.91425764748
1381.71490860957,1166.19301529294
2993.40533749979,2760.85524055156
3401.68556026788,2355.87320965845
3768.33530574703,2525.49834457834
393.341511068395,131.989052791579
3098.45848221694,2483.21333716027
3014.95697779491,1944.46353423428
390.335691738837,228.201593570738
3965.81769591174,2497.48351652794
3823.82283895359,2715.25534727472
2170.68242042348,1427.17963851574
3661.05790289619,1841.25739280185
1052.36739907405,618.711317909681
6036.25639732587,2819.59340095161
3461.65171610529,2434.90493958418
592.597241307814,243.967514118584
3074.86292090537,2568.22803180673
727.167793766593,113.757180568301
168.145535929798,20.3339949629905
984.045071521736,692.811144484555
263.940973877729,16.6957056057954
434.551289560685,83.963633276603
3913.18575128099,3200.23931858883
629.17805351663,520.073250892391
382.340194258394,112.180588513516
4315.99564780528,2610.35133747559
411.586832893496,290.295065266869
3101.31407079275,2139.31414203073
2845.06797294791,2729.7276538289
5934.14825708405,2647.66401610549
1015.84664906037,642.966580290982
3062.38865026225,1713.5938618016
1248.617234718,745.28336210277
312.875706541666,144.076258544927
5535.2461665391,2053.16753513981
3152.59333651247,2555.69614624306
5700.02491724948,3175.4585255226
5847.61112803261,2495.42181922553
318.316265118575,3.71914023179946
213.683687482719,30.8446086615542
3440.67119352534,2756.57014419753
2439.04181361336,1423.13709478552
2538.50450769644,1830.50422647947
534.16413913161,330.477949945224
259.973293868031,128.957144993916
2803.4974073223,2443.91981210257
2386.77069374888,1772.89797832388
3132.84506738964,2445.77938221847
2936.38478826498,2567.5003739353
2558.46322029998,2394.35822597011
2869.83587605329,2431.5092028508
672.642234139042,195.578265667889
829.696294108463,481.911638079145
2832.89446487592,2064.1228286487
2512.65458188769,2213.89907385323
382.700906125805,63.2253839405908
6864.29940989223,2881.64644721044
1334.70397257182,739.825928066977
663.023627337637,411.89478067179
443.658916107974,144.197534856833
283.418699691767,74.0594011375718
1977.01751714768,1293.20973929635
216.23864520273,20.1318677764797
513.724552637432,215.265453634045
1721.40259921313,1356.03086886392
786.863368662257,201.682506700516
822.722757136251,15.7254951105434
2936.32457553803,2672.16183111061
2466.45516287747,2039.26118470787
2653.8377712865,2477.95803031099
2542.92291760035,1555.85380544854
4314.82330601148,3393.83673782891
4383.62658272034,2712.9915227858
3080.93477229144,2706.68515456666
606.183565751872,98.3146635188726
1781.69932292153,1867.45307617365
396.888379382592,203.380375067207
2961.39324121454,2268.27128702465
3527.08849925014,1778.9213684819
1967.63938492455,1061.36985636842
2626.99584080118,2250.6862217982
3318.93551067823,2273.0414886263
727.889217501414,305.899284065505
267.337573805221,139.750736753595
227.630704977711,14.0680521811545
3371.44702985506,2715.49789989853
314.138179261125,73.8168485137588
8312.80326310455,2897.08896425987
3330.56800739853,2188.9970044751
3139.45793012739,2269.3223483945
3783.78528935623,2422.25177770861
8507.12960318595,6143.41328137317
380.115898491748,52.7551956793293
3429.94038239118,2312.69884261973
847.099954909605,549.179565749953
2723.93351417944,2002.91871657322
2249.88578986371,1594.86435244513
2237.95268110409,1481.79440431097
2858.98494052885,2531.15790580065
3599.61894375747,2441.89854023746
4285.8474364829,3244.74772505852
3954.57597978937,2429.40708011109
6511.80688077456,2984.04407989683
1045.06321896495,738.613164947912
312.154320439799,40.3445864275637
5905.02215680172,4016.79272665532
205.417684326434,19.0808064066233
731.736660221976,189.514450072564
3226.11578569638,2980.44621597694
3019.10503255479,1748.31931244416
2736.07691588794,2519.67708160683
3319.23597218573,3045.61202090804
449.880960614841,100.740189757003
4161.37628945026,2320.09669764603
5018.54570336257,3737.29125314813
5237.70015927631,3908.85680905853
307.615522714939,65.3679321176057
3086.70586110637,2084.98235429662
4428.89420978094,3193.36699424746
2030.82165304041,1327.08625575557
2448.29982144621,2283.79465494868
427.788196069179,209.525041537137
3229.51238562387,2156.09069851113
2699.73672878922,2437.0474877612
7425.48563786985,4557.88720494484
4053.19689994963,2968.3994356609
1686.89573911835,1319.80967704118
2672.47391134249,2488.79204750797
3078.8607449115,2506.78136710744
639.337746935627,342.565155698572
3894.70014304239,2927.65059486031
9097.86342053458,6623.06109496339
3663.3420726932,2656.19378337625
510.658633479783,312.286503159248
189.877607424527,54.3317877341138
744.120611774666,413.673499913085
3338.08255572242,2400.46246700274
6769.43546283028,2469.18571041642
1163.70291392389,251.122816521068
230.756761596406,33.1084331504756
2520.04870475768,1614.26856235017
2632.46646810861,2032.87396561412
291.534396828393,44.0637266593631
213.112588584035,53.5637044253726
3107.56625929605,2173.59491286297
2460.56364860863,1461.98594003291
791.672634430005,618.953870533495
4935.10441166749,3533.02151846028
654.877823837535,189.393173760657
2885.04530981831,1792.90856978845
2639.89069734208,1982.58472161023
228.291953618532,114.525263877042
1998.29865176695,1411.5349942798
295.472045740523,111.69548326589
4086.59148044575,2391.44759448435
6921.10891351906,3983.68429350484
708.201085839626,184.865524782814
2936.41489462846,1382.79250835796
609.399753296227,367.103396140988
2401.34894760361,1552.25594152865
526.499284788055,142.944346300466
447.74683340681,135.869894772587
3804.43524406521,3472.90889319195
3291.04136278938,2158.92047912228
3006.18006965041,2596.52583791825
192.853358023562,24.5786658797182
7823.03535056741,4483.22142224774
3127.46475917264,2004.29318144149
160.089938621263,14.2297539303631
2590.62554733898,1177.59298861215
5339.53734224683,4349.61535196407
1386.64452456532,753.69185306162
362.982743366448,154.788999430001
552.890410113258,188.463388702707
541.979261861871,402.839482716104
1428.03460254188,822.334245600702
1057.41713942007,726.162130258844
2324.36998682889,1567.98143663919
538.34222498906,221.693098165089
2409.88545643573,1819.71063471979
2029.85975472731,1275.70552494452
2207.62398213266,1309.17778703071
456.914597415144,107.733790410278
3410.34234402209,2768.69777538819
4153.08017993049,2917.86763903319
3484.97692227284,2326.68604392628
405.605262964902,85.2976727075745
4278.18235634162,2899.23151243689
2808.87801660293,2357.89448152355
2429.63372555857,1374.2223156499
3836.86822731187,2439.27088681282
2962.71581376209,2528.4494015014
502.182224475746,340.543883833463
2901.21664189642,1836.16378770177
2818.07581170884,2539.6876730714
4978.11767423092,4717.20385335268
3451.19156117879,2434.13685627544
573.239752782914,360.635326172641
373.442973558856,125.601833697836
2050.44964724115,1330.68411967546
3591.47306499146,2263.37980911109
941.632957771032,439.828757847588
249.362757655963,83.1551245305596
564.913687431491,360.594900735339
2261.51828658401,1398.59885434311
2617.37715873387,2220.48842013348
251.797496903314,23.0424992622358
3486.17906936649,2245.51176582353
2700.63841437536,1810.77661307601
3868.88002253348,2630.28107806556
257.418354964497,283.463166362802
225.70698361743,82.9125719067466
778.988146103905,434.4521746864
5616.04261420272,3730.29765249486
2816.60300840754,2435.87515007944
5059.00444098497,3368.12615970473
304.309128979015,44.1445775339675
3061.78742618361,2085.95256479187
4614.02275475644,3613.30643694238
341.250653055241,23.8510080082791
221.799403435822,42.4062837299743
3622.94384886139,2957.84839652503
2351.66276010728,1511.79007878918
5481.05109951662,4908.98212791417
2543.34380456176,1686.18541531073
212.872114005761,11.4403987565135
925.461700958826,550.715732367435
2845.03786658443,1788.01709187489
3942.58280883462,1793.31282416148
339.236763136346,92.8572294830799
286.815261986304,33.6339638354038
7610.16288845682,6969.38581633107
3198.85296824965,2635.90021385056
2549.59599306506,1864.90627362361
608.347761690427,195.861243729004
573.299890243959,272.305745667404
2853.21385171392,2054.8654035065
196.069583200871,4.40637266593631
2780.32273297213,2331.77964902635
1066.58490342841,838.70654770808
357.572253520061,64.5189979342602
8506.91946076888,4010.28423124967
3611.55190198527,2451.84319781379
290.933248015663,4.12339460482114
654.877823837535,226.54415064135
5506.66077654482,3705.19345593021
174.367580436665,36.9892751314837
2952.40588958934,2619.770464367
260.484311755101,113.635904256394
2492.99633079166,1910.02106165283
1478.59251979269,917.536150447307
660.588925723241,83.963633276603
3408.02776679797,2303.96694816246
404.463027534579,34.3211962695406
643.03488363653,501.356273421488
3176.48966039519,2043.34415387538
3475.05777869803,1921.70401303316
2979.8490441533,2582.82161467282
1392.02498331414,815.825750195053
371.06837177255,26.1148324972005
3890.31153843833,2782.72540213204
2562.2506008254,1673.61310430976
2191.63298717178,708.172810659379
382.490500278054,215.912260630879
345.068064678235,195.497414793285
2311.17436771686,1620.89833406773
3284.90959973999,1807.21917459342
4927.10876365523,3391.20908440427
326.912911411748,59.910498081813
3037.65085352034,2245.18836232511
3247.33685812051,2931.97611665164
2463.53936157471,1607.71964150722
573.179690587777,35.2509813274905
2478.83911443016,2348.67748181866
4499.29041418138,3274.58169778752
2726.90922714552,2450.54958382012
1501.28639551813,1051.91030403971
516.489935021671,133.363517659852
3204.32359555708,1971.58900266404
1661.25610625849,1134.86330138376
2292.50827182921,1631.5302240782
297.275529811667,144.803916416366
3061.24641483192,2660.68100691679
3202.12914272323,2656.31505968816
363.493723620563,238.065400272467
2302.72802744334,1680.97053389875
327.303654376727,37.5148058164119
3360.44586357688,2011.08465490825
2052.04272546455,1060.8847511208
1529.06026848488,950.76585990969
3214.42307624912,2551.33019901443
2682.12269977328,2430.41771604364
443.959490514339,345.394936309724
3137.50402713773,2879.90815340645
5644.95857206798,5415.27030468652
3748.25646875322,2565.35782575828
3459.87815023285,2405.75819928932
3321.7907981904,2665.32993220654
438.188326433496,293.367398501833
2881.91936609847,2467.60911836164
3655.6170808886,2559.73868997328
251.015973340401,42.2041565434634
2942.24619617035,2892.23791178361
3026.22880028075,2491.58140268182
2962.08448331998,2177.31405309477
377.350553740464,168.048542865112
3030.46687306743,2515.27070894089
477.955332722052,368.316159260053
3304.59765613587,2589.00670658005
2729.5844786041,2568.30888268134
391.658264286388,10.7127408850745
2880.26622567994,2190.00764040765
2684.617313051,1824.31913457224
2304.14076854951,1507.06030262482
495.719705390605,259.93556185294
3708.76023157119,2301.90525086005
4266.21929175034,3029.80567492289
1141.09913149116,624.532580881194
4600.67690489065,2566.97484325037
3415.06151649714,1974.54005958709
5430.16291545847,4719.54852871621
223.602887506966,96.3742425283685
1937.97182169508,1260.34385876969
662.873321317978,258.763224171177
905.232482679445,560.256135570747
3196.95927798693,1704.05345859829
777.034318380147,143.106048049675
250.024043929738,22.6786703265163
813.284487452075,760.604602840291
3022.5615441456,1848.81694957735
598.067868615247,249.465373591679
2654.01810840373,2023.33356241081
499.807622689441,370.903387247392
4269.01466759919,3253.68174670229
292.075445813031,93.9082908529363
257.809097929476,11.1978461327005
2592.06824427681,1755.95972009427
654.006169348963,420.788376878267
4926.74808942077,3645.84891397063
5707.38953588326,3642.00849742692
864.203078937338,654.406979047496
2862.02086622189,1965.3634853195
102.678778136814,32.5020515909431
4018.56976493276,2499.26223576924
1016.4477978731,611.475164632593
934.058347251999,619.358124906516
2941.61486572823,1675.55352530026
317.174029688252,91.0785102417845
4576.48011950044,2307.48396120775
3396.45548280463,2042.81862319046
417.628540283135,113.797606005603
3025.98825043657,2632.70660430369
3067.43839060827,2603.68114032074
180.800030791283,37.3935295045054
238.722152713372,43.8615994728523
3365.19484135177,2102.08231427543
3420.47193107761,2143.55881294746
2573.28187346707,2428.80069855156
517.722301377654,123.216732897008
2680.10858405666,2431.99430809843
296.313669131527,76.9700326233279
342.032176618154,71.8360020859526
1790.29604448061,1152.20581398639
2628.34851971221,2406.16245366234
3414.49039878198,2160.86090011279
662.242066141771,325.990726404683
2727.99124984889,2548.74297102709
2803.76806352996,2066.46750401222
3047.41976634141,2620.57897311304
2502.10410787076,1809.28087189583
1930.60765465675,1182.08021215269
3276.31302871273,2541.06213793968
2582.35954418269,1527.83897739814
392.439750216346,175.810226827129
6611.53962893804,5083.62001705953
2310.66346272865,1169.144072216
3110.63199028893,2794.93388419729
842.440919895608,688.526048130526
2833.94638121582,2560.26422065821
3863.37958992621,2574.41312371397
2826.49204561887,2114.81632702562
596.144147254966,275.620631526182
3202.79057952882,2119.10142337965
345.068064678235,18.7978283455081
293.277781071446,19.6063370915515
143.52786357817,28.4190824234241
193.334288363632,14.1084776184566
744.300948891894,230.10158912394
2563.96365290725,1853.10204593138
3264.01909518683,2615.93004782329
3366.6679457167,2281.73295764627
171.001049239696,12.6935873128808
2275.375041438,1628.33661453133
3371.68757969925,2340.026438236
527.821857335606,174.678314582668
2612.26720566089,2247.20963419022
3098.5186949439,2176.18214085031
2933.55930605265,2493.64309998423
2758.53054283283,2541.38554143809
231.357910409136,67.3892039827141
2227.46226928229,1209.08440427054
462.234881069962,207.786747733144
8557.02608363116,3184.10956910526
396.677973534841,64.8424014326775
3647.92219544747,2638.81084533632
2599.49247351027,2440.8070534303
1193.49052627772,494.281821893608
518.624062229703,85.418949019481
2227.52248200925,1367.67339480695
510.899108058056,98.1933872069661
227.480398958051,53.0785991777466
3050.75615354195,2095.8163714936
4860.98073840495,4452.7810679592
1493.02039236184,792.4598474344
502.001887358518,116.991215552474
493.285003776208,217.327150936455
2709.50564161028,2549.43020346123
2460.65366663543,1567.94101120189
2861.96065349493,1826.90636255958
3286.14185319711,2068.81217937575
2908.46083507629,1791.04899967255
3930.04862652818,3383.93250568988
3041.25789692854,1825.61274856591
240.916417382449,36.1403409481382
388.381901648033,70.7040898414919
3543.95107343369,2236.65859505435
4822.77696740699,3746.66995460223
722.869432987053,242.714325562217
251.917696559496,20.0914423391775
5007.12395118662,4704.5506914771
2813.53697635102,2657.56824824453
3586.78399887989,2276.59892710889
3202.76047316534,2713.59790434533
4160.29426674689,3481.47908590001
1001.1181644519,670.172899595341
3049.01269403298,2096.66530567694
2530.53896604766,2160.86090011279
2606.82668471694,2298.42866325206
5418.40999328426,4998.72659872498
431.27492692233,206.533559176776
291.143653863414,1.1319122444607
6229.43989984968,2768.01054295405
4871.35087530465,3072.8587656497
220.476849704748,19.0808064066233
2757.9293187542,2596.48541248095
576.666383807974,277.803605140499
4226.21184851646,2601.2151886453
2693.60466467619,2350.61790280916
456.253311141368,233.214347796207
5865.70565460965,5101.40720947249
2774.52153779372,2495.78564816125
726.356201473158,70.259410031168
565.725204459018,5.17445597467751
2887.1795499252,2592.40244331343
3077.6884031177,2734.94253524088
1658.70128025382,807.3768337989
1340.47521191858,572.26249044949
2550.22732350717,1587.14309392042
2496.15238087496,1682.30457332972
3327.35174458826,2283.26912426375
3900.5913562476,2879.0187937858
2996.05018153126,2448.52831195501
706.517839057619,643.977216223536
6727.95551735874,4117.45206553772
2378.17412272162,1876.91262850236
2019.76027403527,1303.03312056078
3390.86473110692,2078.75683695208
2366.48141327437,1464.85614608136
704.383674216632,243.037729060634
5985.93842779198,4195.51358496821
3661.26804531326,2327.73710529614
2043.5363229959,1219.06948728418
3095.09198865293,2249.75643674025
4066.75319329612,3309.54970105389
769.640044978343,269.475965056252
6064.84118519288,5595.89115855261
1375.64320775532,708.577065032401
2597.95975854565,2417.31987435774
5529.83545089499,5219.1260828964
2735.62622362669,2334.28602613909
460.792071233274,102.235930937183
3116.43348653098,2593.45350468329
354.53636545998,65.7317610533252
448.047407813175,105.955071168982
535.757217355003,120.467803160461
366.890285915101,163.965573697593
2812.63529076488,2590.38117144832
248.100322569457,45.5190424022412
3372.49924725859,1269.43958216268
3196.02748603732,2704.09792657932
3295.64041087415,2031.13567181013
9340.82358017696,3110.65654952722
3041.46834040925,2613.34281983595
203.103201184697,57.7275244674959
8518.25149598167,6965.18157085164
3478.7849464965,2783.49348544078
3254.430519483,2619.44706086858
2421.27755384367,1574.20695398372
3690.18400317852,2614.2321794566
2766.37565902771,1879.66155823891
1845.12214088157,1263.49704287926
2986.55192491785,2523.19409465212
3127.10408493818,2050.09520190485
2964.21872342687,2155.96942219922
849.594793985048,708.253661533984
530.677370645505,85.176396395668
4131.55864599886,2832.56996632561
3784.8673120596,2972.76538288953
549.28344197097,199.903787459221
2320.91332470626,1552.82189765088
538.612730664902,389.984193654015
278.970070525521,54.6551912325312
405.334719656106,141.569881432192
360.848616158416,175.284696142201
3424.28941796652,2305.09886040692
138.718560177467,30.561630600439
2788.34818628423,1474.71995278309
3627.66302133643,2894.62301258444
2872.27057766768,1726.00447105337
1237.19518147841,722.806818962764
3068.67094512902,2618.43642493603
3264.47008851172,2839.52314154158
4254.82734487422,2960.31434820046
2628.58876849276,1705.02366909354
470.050003800223,273.963188596793
3328.61410440886,2182.24595644563
343.024106028817,81.4976816011707
1446.06951851923,168.250670051623
3814.62504384768,2951.33990111938
527.972163355266,313.943946088637
718.57114747342,495.777563073789
3161.12999587642,1730.89594896693
7666.43228392288,4576.72545872765
3262.48607915858,2386.19228763507
3285.9314097164,1985.57620397059
4420.95877449564,3179.46064381551
2313.99984992919,2148.53114173563
2794.14938146265,1779.36604829223
477.053571870003,202.086761073538
4836.81405937821,2048.15478091434
4789.59252932794,2448.12405758199
378.192177131467,272.831276352332
669.125434555368,176.820862759683
414.081671968938,165.097485942054
729.993275978924,332.660923559541
2862.71210832732,2575.78758858224
387.931021222009,40.2233101156572
3564.12022951793,2211.5139730524
507.442408302473,321.624779176049
1883.74694937276,1280.39487567157
275.543439500461,75.070037070126
230.546318115701,45.3169152157303
474.588801525083,207.948449482352
2935.66343979607,1771.3213862691
319.067719950965,15.7254951105434
1093.8777519727,739.300397382049
1960.33512954954,1392.97971855811
3789.6466972616,2455.52191260829
1841.6954345906,1267.17575767376
489.287255035987,348.50769498199
2252.65105934908,1725.92362017876
5616.94460085249,2554.6046594359
1284.35649880172,1174.31852819068
217.982010629306,50.0062659427818
1812.38869612741,1152.44836661021
507.742982708838,335.086449797671
4139.58409931096,2484.91120552697
219.274514446334,75.9593966907737
3700.13325311681,2735.71061854962
3695.98549942056,2222.75224462241
3092.11627568685,2095.65466974439
2226.89130209895,1517.28793826227
984.375714658623,819.221486928435
433.829903458818,86.9551156369634
3704.4917513574,2524.7302612696
299.079013882811,11.8042276922331
3212.76993583059,2499.10053402003
3289.56855948808,1939.1678019477
2460.56364860863,1644.14296051648
888.550245613123,245.665382485275
2643.04704848902,2506.61966535823
1225.1417977967,724.625963641362
3735.4817366026,2978.99090023406
2647.13489052195,2534.95789690705
3873.29873350102,2675.39586609478
338.034427877932,37.5148058164119
2326.5641385991,1669.57056057954
341.400959074901,30.3595034139282
2254.1240131822,1537.09640254033
585.563642140466,170.393218228638
2872.81158901937,2199.62889448557
431.7859448094,191.818699998787
3084.90218887046,2271.22234394771
6321.3883466725,2676.00224765431
3453.74638718346,2760.77438967696
2168.27782517256,998.225323302435
2776.50524608323,2489.76225800323
162.404421763,27.8935517384959
547.540057727917,144.763490979064
1021.49761348503,608.968787519859
2963.97817358269,2499.14095945733
2031.7835513535,1664.43653004216
1796.90875668655,1078.87407072026
2778.42904270942,1528.84961333069
552.890410113258,407.811811504271
4040.93307278722,3261.52428153892
514.776619509141,315.560963580724
330.219305147671,167.644288492091
3375.83563445913,2146.1864663721
730.925067928541,572.666744822512
281.284572483735,23.7701571336748
3029.05428249308,2431.5496282881
5695.06579705753,4763.89523343669
3169.90690402091,2966.82284360611
4371.45307464836,3246.16261536409
2736.61792723963,2065.09303914395
276.926111876103,124.874175826397
2979.60849430912,2587.55139083717
876.737336509687,227.190957638184
5556.49704426308,1852.77864243296
2217.75356918818,1075.68046117339
2798.59789773003,2530.79407686493
4884.12560745527,4678.92096422753
3406.22439562569,2771.24457793822
406.627223473134,417.513916456791
3700.64445916865,2431.34750110159
341.04024720749,70.8657915907005
712.289003138462,364.071488343325
2304.98239194051,1626.76002247654
497.493158364181,280.916363812766
368.423264310403,146.340083033848
469.659260835244,268.182351062583
5087.28876734448,4766.64416317324
467.10432193171,272.952552664238
1129.34643511467,866.236270510856
885.153645685632,671.223960965198
2124.42278868631,1261.59704732606
2110.38569671509,1361.85213183544
573.059415665686,421.435183875102
272.687926190562,37.8786347521314
329.708324893556,6.67019715485772
2922.22727083985,1975.42941920774
6495.57533596949,1977.45069107285
2379.43648254222,1405.59245499638
2642.71617955441,1677.33224454156
3781.11003789766,2667.43205494625
4362.58584741343,2942.97183559783
2787.50671342505,2495.58352097474
3150.48920276905,2658.41718242787
363.674060737792,177.427244319215
3944.26605561662,3091.5353176833
745.863996017718,122.933754835893
5144.69979611359,5022.33505410945
2167.4962639767,1142.05902922355
262.137489806585,86.8742647623591
1932.95218771254,1271.33957771588
2814.7394245083,2501.16223132244
456.854459954098,12.9361399366938
4509.63044471761,2697.46815486177
3019.40549406229,2269.96915539134
3797.52191981995,2378.22847648654
589.140579185186,377.007628280019
423.399704363978,5.21488141197967
4862.84432230418,3137.41818902126
7457.61755748174,6915.05402859695
4566.35053244492,3106.97783473273
3173.3035039484,2641.15552069985
4444.73497398808,2077.50364839572
611.353581019985,357.482142063072
648.83615408085,503.377545286596
5582.25725310866,3222.27118191851
507.232002454723,179.852770557346
172.684314838181,25.5893018122724
335.359251685262,66.0147391144404
6613.07264496629,5005.88190112747
4428.74397902719,2395.85396715029
2450.0131745917,1684.73009956785
2101.2780701678,1566.08144108599
908.208270911435,331.811989376195
557.429170205164,140.03371481471
2546.13918041061,1757.41503583715
265.113240405621,86.0253305790135
3079.10099369204,1786.52135069471
300.942635415001,105.146562422939
3370.96623123033,2620.82152573685
475.220019068336,109.472084214271
275.934220098394,59.3445419595826
4948.11939259866,3440.73024509943
268.960720759137,18.5957011589973
288.167903264378,41.7190512958374
3683.90200937538,3040.31628862145
578.6502426293,297.692920293165
1240.35123156172,995.435968128585
463.046435730443,117.880575173122
436.895822616468,37.7169330029228
1141.64021810875,906.661707813024
321.382184276225,46.5296783347954
291.504365730824,19.6467625288537
2827.60417468572,1614.7940930351
167.875011437478,32.4616261536409
412.127881878135,144.803916416366
4378.39650525709,3824.52934684621
176.050827218672,244.048364993188
238.481715768052,12.1276311906504
773.637718452655,390.994829586569
3042.67048750289,2668.3618400042
3777.98409417782,2102.89082302148
2309.58128949346,1523.06877579648
3502.92151915976,2478.96866624355
3068.73115785598,2504.92179699154
3664.15374025254,2489.68140712862
2572.07942530979,1994.14639667865
322.704756823776,174.799590894575
260.574480313715,62.2955988826409
306.924205343595,66.6615461112751
2542.47222533909,1816.55745061022
438.729375418135,283.463166362802
3557.53747314365,2539.6876730714
3122.83590578803,2684.73414211158
5113.95036071257,3552.02147399229
95.46482303576,2.95105692305827
2689.8175852144,2447.19427252404
345.188264334417,182.318722232778
592.5070727492,410.479890366214
1340.4451055551,1230.14605710497
532.631160736308,318.916274876803
3340.78761248084,2173.39278567646
1037.30819606278,305.009924444858
8161.15991877924,7636.93106250177
2586.53740424242,2383.48378333583
3003.80527969934,2220.65012188269
549.674147302995,56.7573139722439
3707.73812053114,2554.03870331367
535.697117526912,73.0891906423198
2541.32998990877,1663.3046177977
313.957804510943,47.2169107689322
488.295325625324,374.379974855378
2293.80073801328,1938.48056951356
493.795984030324,250.314307775024
2989.01673289573,2780.98710832804
2399.51547006785,1853.14247136868
546.608190512391,111.12952714366
6777.70146598656,5453.39149206246
2345.83145856539,1694.51305539498
529.324767000385,170.595345415149
684.184562300728,621.136844147812
484.297576885102,132.75713610032
1171.84871742399,796.785369225732
3077.0269663121,2092.58233650943
300.852429223432,88.9359620647696
660.228176222876,396.573539934268
4448.28180466932,2868.58903096184
3535.38430770627,2343.42217496938
3802.36121668527,2760.12758268013
2462.60756962509,1528.9304642053
7867.9721086934,2954.73563785276
2386.5604008,1748.27888700686
579.822509157192,387.235263917467
2612.14708127062,1619.88769813517
225.105797171745,66.2977171755555
1949.72459333747,1404.58181906383
622.264729271373,288.475920588271
3845.43469197566,2407.57734396792
6155.496864768,5329.93220654164
2845.33862915557,2608.93644717002
498.875830739823,110.806123645243
7106.14744046776,2646.20870036262
2403.09240711257,1428.63495425862
1077.3757767577,642.966580290982
2703.22334674351,2477.10909612765
409.933617209057,158.831543160218
718.030060855827,509.077531946202
643.545863890646,284.756780356471
260.784886161466,146.057104972733
1494.82391406594,975.506227538616
1254.77925466269,775.683290954
198.834946768633,2.06169730241057
2632.28613099139,2439.59429031124
256.486563014879,112.908246384955
2839.83789548466,2657.97250261755
949.898960927317,667.949500543722
523.253028513177,387.882070914302
1247.89588624909,943.085026822278
1357.42795466074,760.20034846727
1182.5193158312,582.126297151219
964.627520801698,713.145139447546
2789.37029732428,2535.32172584277
2389.89678800053,1545.54531893649
4436.8898577932,3196.52017835703
3829.89469033966,2655.78952900323
347.773271968474,40.1424592410528
3825.44587300864,3177.60107369961
4244.96811296273,3213.70098921045
2744.162581927,2156.21197482304
2719.45489154858,1918.46997804899
2500.57109184251,1932.17420129442
3063.10999873116,1630.60043902025
766.002970472577,314.18649871245
669.155465652937,222.744159534946
1756.93141981615,1071.39536481936
2672.71446118667,2388.69866474781
4853.97709506926,3533.87045264362
2335.70187150987,1523.75600823062
3560.99398473447,2801.80620853866
238.45164703753,38.8084198100813
3431.23284857525,2391.93269973198
4555.43938419353,2466.31550436797
654.517149603079,23.1233501368401
2298.18919208553,1265.31618755786
751.514960442379,267.333416879237
241.607734753793,33.8360910219146
397.21902251948,29.9148236036043
5912.77695390616,5559.95294479098
3429.45928270281,2233.42456007018
3277.54528216985,2166.6821630843
1235.18136682542,616.528344295364
8153.31480258437,4813.53767044375
392.169244540504,181.550638924037
2739.05262885402,2430.49856691825
3843.21043384196,2763.68502116272
2544.93703331697,1536.04534117048
2802.80616521686,1849.6254583234
2841.52114226667,2619.93216611621
2957.87651689678,2547.1663789723
657.162294698181,202.814418944977
322.704756823776,137.446486827371
3368.35119249871,2632.38320080527
2963.04638163307,1540.33043752451
3811.46899376437,2454.43042580113
3511.45817852371,3071.40344990682
2645.63198085717,2523.51749815054
755.783214858443,405.062881767724
2554.94619491858,1786.96603050503
4965.46276540694,4701.96346348977
1625.51699270659,1300.24376538693
530.256558950003,223.876071779406
5709.28322614598,2005.42509368595
2776.47513971975,2613.58537245977
2978.7667203863,2455.6431889202
518.654093327271,267.778096689561
5374.16447726371,3988.85874947952
244.433216966123,1.94042099050406
4365.14097448174,2972.56325570302
2641.09314549936,2113.07803322162
1200.914906043,837.574635463619
3514.40378512631,2427.38580824598
486.942721980204,138.416697322623
444.199965092613,306.667367374247
3155.7192802323,1828.84678355008
827.622266728522,362.494896288541
5102.91938913455,4195.75613759202
2564.29452184187,1839.64037530976
180.589624943533,1.94042099050406
4159.48259918754,2334.73070594941
286.695024697167,9.78295582712466
341.911939329017,119.295465478698
4648.37923356565,3005.7929651654
2971.28227842588,2683.1575500568
4858.81669299821,2839.84654504
2001.78542025306,1369.41168861094
439.751335926366,99.2040231395203
3646.90038547106,2966.539865545
3486.87061253556,2640.95339351333
2071.15966414526,1265.76086736818
2040.98134645941,1141.2100950402
617.635725354944,218.580339492822
1027.62945180033,351.943857152675
207.100949924918,43.3764942252263
2636.52420377806,2390.96248923673
3265.61232394204,2545.75148866673
3670.977046471,2494.12820523186
2698.98527395683,1293.89697173049
297.30559854219,199.176129587782
426.64599827181,178.033625878748
2916.36616399812,2585.93437334508
1414.29812260998,1126.89949023524
2724.68496901183,2469.22613585372
373.322736269719,228.120742696134
424.662139450484,307.718428744103
446.484398320304,110.038040336501
2871.06843057404,1867.49350161095
4378.75717949155,4425.81730127866
4647.77800948701,3340.27303340354
2879.27422100337,2006.3953041812
2515.87054363432,2360.36043319899
5467.31477011653,3530.47471591024
320.089680459196,209.525041537137
3047.02898574348,2355.67108247193
4446.20777728938,4022.77569137604
3566.3745940151,2241.06496772029
887.347872721755,316.490748638673
386.277843170524,30.2382271020217
2505.41038870782,1544.81766106505
4602.33004530918,3304.1731178927
330.369611167331,186.037862464577
2285.05378570045,2148.57156717293
3284.30837566135,2350.65832824647
175.058916624486,10.3893373866572
1824.32180488703,1225.0524520049
1360.0130375607,655.821869353072
3323.86482557034,2585.32799178555
443.178004584381,259.127053106897
2530.26861090363,2359.34979726643
3306.82191426956,2655.1427220064
502.512867612634,125.48055738593
3432.5554211228,2456.69425029005
2662.5246614042,1659.30249950479
417.778808669841,253.144088386176
3056.31709993981,2542.43660280795
325.890913270562,39.6169285561247
2983.99709891318,1961.72519596231
3186.01802337207,2493.76437629614
4730.61837816709,2615.08111363995
709.764057699542,257.105781241789
3252.35649210306,1976.23792795379
2850.809256463,2194.00975870056
4076.37187536344,3182.12872267746
2702.32166115737,1615.76430353035
4765.27561954745,4200.36463744447
1080.89257634138,552.454026171428
1672.13729867822,1405.8754330575
4532.98575724864,3133.25436897914
9670.83267704989,10000
911.244121338561,410.075635993192
3239.43152919868,2238.19476167183
906.464886668382,515.181772978829
2892.43973375193,2085.95256479187
544.474100937313,127.016724003412
9819.68094658998,8104.08741596562
431.545470231127,164.208126321406
3781.05012623434,2540.90043619047
2568.893268863,1568.87079625984
426.104949287172,28.863762233748
2755.25406729562,2564.34718982573
343.384780263273,116.991215552474
2386.4401258779,1255.00770104581
300.401586430362,153.131556500612
3137.74457698191,2738.37869741156
5147.25522424553,2686.14903241716
934.088378349568,475.120164612381
4180.58354722141,1752.84696142201
3309.01606603978,2349.56684143931
5414.56240003188,4356.93235611576
3819.79520964761,2796.14664731636
417.748739939318,9.21699970489431
500.498977693739,53.88710792379
2881.55869186402,1670.7833236986
3274.81011904795,2225.54159979626
4021.36544184525,2957.03988777899
305.150752370019,62.7402786929648
334.998539817851,209.322914350626
2934.28065452156,2588.40032502052
3916.58235120848,2505.85158204949
506.60078491147,297.005687859028
3055.38530799019,2459.20062740279
4321.94737480108,2613.30239439865
2942.21608980687,2107.17591937551
2626.72518459352,1790.32134180111
2670.15933411837,2520.32388860367
3335.07673639286,2676.60862921385
3551.91631401884,2496.95798584301
338.184733897592,2.95105692305827
1787.74106794412,1251.77366606163
693.382357406631,162.712385141226
2814.7394245083,2664.5618488978
2932.83795758374,2461.54530276631
361.870576666647,327.60774389677
501.31053235422,282.533381304852
253.841417919777,76.8891817487236
2203.53598956792,1584.67714224499
2858.68447902135,2539.6068221968
2646.05286781858,2280.27764190339
471.462744906388,80.5274711059187
7212.19289092512,5682.07819088083
4272.47148025364,2866.32520647292
422.528012242452,128.067785373268
1281.71135370662,631.566606971771
6349.34210516103,2597.61732472541
2830.30953250778,2502.21329269229
514.716482048095,242.148369439986
415.674750192332,144.440087480646
477.113671698094,17.5042143518388
2278.77164136549,1312.7352255133
3241.98635520335,2178.32468902732
385.315982490384,125.68268457244
403.801741260804,89.2189401258848
4138.62220099786,2823.35296662072
3338.44322995688,2060.80794278992
3644.10500962221,2577.08120257591
6419.34783002717,5195.23464945082
835.677826404102,73.4530195780393
3117.81597074185,2198.4161313665
547.179308227552,25.4680255003659
409.693180263738,255.569614624306
317.294266977389,83.2764008424661
332.233195066566,110.442294709523
3358.97306027558,2327.049872862
334.126885329279,180.944257364504
3855.11358676992,2786.76794586225
281.645246718191,50.4509457531057
4599.6547938506,2359.87532795136
3057.39912264318,2603.43858769692
3380.10381360928,2205.45015745708
3430.06050678145,2502.49627075341
2766.52588978146,2545.50893604292
2869.68564529954,2155.80772045002
2310.00217645487,1651.17698660705
1856.42406973089,1485.67524629198
5002.46469037489,3270.01362337237
2951.56411566652,2602.34710088976
1604.38608884107,834.259749604841
2924.93262866191,2468.57932885689
3079.07088732857,2659.42781836043
3109.06916896083,1867.73605423477
2072.96318584936,1550.59849859926
1721.67310488898,1020.54016469323
2909.96374474107,1850.87864687976
5175.53955060504,3957.24605750923
512.642454668155,98.63806701729
1936.4689120303,1284.43741940178
3023.6438679126,2004.57615950261
426.796266658516,267.171715130028
6550.22139631686,4718.86129628207
358.173402332791,108.542299156321
508.554537369319,329.224761388856
2684.97798728545,1755.75759290776
370.797866096708,161.054942211837
394.844420733175,288.961025835897
2956.6740687395,2212.20120548654
179.928338669757,3.75956566910163
2861.50996123368,2512.72390639086
512.161543144562,61.6083664485041
2871.84999176991,2578.41524200688
199.165589905521,24.2552623813008
375.456863477751,79.7189623598753
3050.57581642472,1889.64664125254
850.496554837097,551.9284954865
2629.34022332515,1628.86214521626
1520.40348473066,916.889343450473
4301.44765084585,2959.38456314251
586.495434090084,375.390610787932
2928.50956570663,2091.04616989194
1708.80820417974,919.557422312416
3586.06265041098,2086.5185209141
480.570371453677,189.474024635262
2191.81332428901,1301.5778048179
1776.34897053619,1391.96908262555
522.080724352332,313.175862779896
603.057546766132,108.501873719019
1210.56369447379,682.421807097898
2307.35703135977,1290.70336218362
4662.68698174453,4541.19149933904
667.923061664,523.226435001961
427.24714708454,42.0020293569526
376.058049923435,157.093249356225
3208.53156198028,2327.45412723502
375.306595091046,89.6636199362086
7109.66446584916,4002.76509991147
4389.96878925044,2838.18910211061
2410.45657415089,1544.21127950552
4218.36673232159,2984.85258864288
7377.90373464876,4903.56511931568
2339.94009482837,1462.30934353132
5263.51997872158,3804.23577732052
2689.8175852144,1657.44292938889
2539.43629964606,1919.56146485615
3723.00776702311,2693.54688744346
1375.28253352086,882.123467370608
3983.07105069322,2504.88137155424
228.442259638191,66.0955899890447
613.607945517154,420.10114444413
385.436182146566,11.319122444607
164.268024478713,2.30424992622358
3920.06927022641,2197.64804805776
1341.58734098542,950.321180099366
477.98536381962,78.1019448677886
291.925177426326,159.357073845146
3155.86981204969,2758.30843800153
3751.56305065391,2017.71442662581
3814.1740505228,1926.31251288561
1655.81558531454,1041.19756315464
248.88184613237,92.1699970489431
4234.4176389458,3016.62698236238
2697.87314488998,2456.24957047973
550.185127557111,376.765075656206
2350.88119891141,1636.74510549018
2701.20953209052,2545.06425623259
3494.29484176902,2453.98574599081
3736.53395400612,2703.37026870788
2460.11265528374,1561.06868686052
3345.56699768284,2536.45363808723
3806.81003401629,2450.79213644394
479.097530519421,240.288799324087
3577.34565392981,2036.95693478164
2570.30616050098,1746.58101864017
3100.56261596036,2476.82611806653
2646.65379083358,1792.18091191701
3254.28028872925,2200.59910498082
8733.13747168161,5960.32647583165
350.628822911327,148.765609271978
6283.69517959911,4060.85645331468
3418.75857793213,2645.9661477388
3460.9002612729,2191.46295615053
3410.76323098351,2370.54764339913
1209.69196471931,913.938286527415
3240.96454522694,2620.74067486225
580.634101450627,309.739700609211
2686.51100331371,2555.93869886687
4132.27999446777,2877.88688154134
222.190165217278,66.6615461112751
4003.75111176567,2232.49477501223
910.973615662719,372.399128427572
2825.5000409423,2430.41771604364
2941.434528611,2576.23226839256
3040.83700996713,1838.18505956688
537.169958461169,294.782288807409
139.019134583832,12.8148636247873
2968.81747044801,2557.51529092166
2448.23960871926,1514.66028483763
2061.9319132077,1424.18815615538
3599.25796845938,2317.7115968452
3147.24313465895,2125.08438810037
5541.04766278114,2521.25367366161
3657.42075312451,2580.07268493627
3433.03621974753,2321.71371513811
3057.87992126791,2353.28598167111
248.551202995482,102.478483560996
2916.39596929796,2737.97444303854
2158.98971097623,1492.50714519604
4740.56762810539,3165.10961357325
3327.14130110756,2832.00401020338
4054.48936613371,3820.89105748901
2353.64661892861,1199.70570281644
494.878081999602,357.07788769005
3727.78685116147,2838.0274003614
1808.24079189935,1214.54183830634
3343.64320105665,2046.69946517146
3774.28703274283,2659.50866923503
300.912566684478,16.8574073550041
219.875682075541,12.1276311906504
2478.44833383223,1635.81532043223
209.956482051294,20.4148458375949
2647.07467779499,1701.14282711253
2708.24298072605,2523.76005077435
3670.73649662682,2322.84562738257
1533.08804832267,966.693482206744
5857.31982812672,2661.00441041521
3692.52868676612,2663.91504190097
465.300800227612,75.555142317752
748.208529073501,710.638762334812
3330.26724482739,2925.6697484325
3220.94561989645,1964.27199851234
2819.75905849085,2070.14621880672
543.422034065605,103.367843181644
375.547069669319,174.637889145366
572.428235755387,211.586738839547
3012.04117649214,2125.93332228371
3993.32106320265,2737.40848691631
3794.75665033458,2487.29630632779
666.239814881992,426.043683727549
304.188891689879,77.1721598098387
1211.16476802061,717.672788425389
533.623090146972,326.556682526913
4176.465598825,3157.42878048583
2976.15168165467,2416.79434367281
513.965027215706,275.256802590462
2426.1170012408,1890.25302281207
2780.50307008936,2560.83017678044
3406.01395214499,2590.0173425126
509.185792545526,370.620409186276
3020.78827933679,1796.22345564723
3826.28764693146,2626.07683258614
4008.28994712349,3240.22007608067
305.992413393977,91.3614883028997
2548.48386399821,2296.52866769886
454.539995628838,284.756780356471
7446.61669226719,2886.537925124
2594.26239604702,2432.47941334605
534.915593964,311.599270725111
245.214740529036,75.1508879447303
365.657919559118,68.9657960374986
258.04957250775,42.6488363537873
1659.18207887855,1229.09499573512
444.410370940364,270.324899239598
261.98722141988,66.7019715485772
5906.01386041466,3125.0884306441
248.400896975822,68.6019671017791
2555.42729460694,2490.24736325085
2821.41219890938,1390.91802125569
199.285808378181,31.3701393464824
5741.77581999232,4055.92454996382
3299.78846563403,2089.59085414906
207.672048823603,27.0850429924526
1699.91102111316,1178.80575173122
326.672436833474,106.723154477724
1436.27064986651,1226.70989493429
2892.5598581422,1868.90839191653
1253.66712559584,842.99164406211
6857.17564216626,6246.13431755798
3177.66200218899,1780.37668422478
3963.653650505,2277.73083935335
395.746143952269,256.37812337035
704.804485912134,143.429451548092
4869.69773488612,4501.81712340673
6316.96933464132,3569.88951727985
4535.69111507069,2954.65478697816
2976.15168165467,1573.92397592261
393.191205048736,34.5233234560515
2904.07223047223,2715.82130339695
7348.29593255079,5614.04217990128
198.624540920882,14.0680521811545
3263.74843897917,2578.61736919339
2808.30689888777,2657.1235684342
2933.82996226031,1706.31728308721
713.250826185648,184.380419535188
2549.2353188306,1761.90225937769
3928.33527338269,2725.72553553598
531.579131497554,389.135259470669
386.217705709479,11.3595478819092
1934.57537229941,707.728130849055
199.856926093342,14.4723065541761
913.438423640593,643.128282040191
2761.86693003337,2499.06010858272
2100.46640260846,1549.4261609175
454.840570035203,156.244315172879
518.533893671089,186.320840525692
3943.45438805728,2765.82756933973
2092.35078073774,1331.00752317388
5097.35814167305,4034.78204625479
2489.17914496639,1663.54717042152
383.96334121231,230.627119808869
4135.1054766801,2458.55382040595
555.024499688336,160.771964150722
679.916307884664,107.491237786465
378.162108400944,58.8594367119566
357.993065215563,96.6976460267859
2319.92132002969,1669.97481495256
810.879816935246,60.0721998310217
3649.36519344893,2118.65674356932
4262.52223031535,3326.36668297159
3625.7094194104,2411.90286575925
696.989325548919,393.865035635023
3460.56969340192,2447.59852689706
2600.12380395239,1594.62179982132
2954.14904803467,2446.54746552721
1243.68776929407,506.571154833467
253.27033783757,84.2870367750203
2974.25799139196,2221.94373587636
265.173377866666,106.763579915026
438.128226605405,197.114432285371
6471.91956193096,4469.23422094119
885.965237979067,733.438708973234
823.534349429687,190.525086005118
394.213203189922,81.1742781027534
716.467088995911,597.690090512554
313.687298835101,176.376182949359
3736.23319143499,2973.89729513399
4023.34915013476,2928.33782729445
610.932769324483,325.060941346733
595.93370377426,156.406016922088
651.030381116973,310.305656731442
3652.04044490751,2811.8317169896
2052.79418029693,1217.77587329051
2558.61345105373,2096.34190217853
3164.6166138307,2520.52601579018
476.332185768136,103.206141432435
3010.56837319084,2027.41653157833
322.855062843435,69.4104758478225
2839.29688413297,2455.7240397948
483.786596630986,34.159494520332
2985.46990221448,2577.52588238623
822.90309425348,336.824743601664
2888.50212247275,2055.39093419143
536.77921549619,295.631222990755
2359.50802683397,1569.31547607016
5257.47823369898,5113.89866959886
598.428542849703,429.80324939665
2742.44922878152,2004.81871212642
2984.74855374557,2422.2113522713
623.467026896832,230.667545246171
486.972790710727,304.363117448023
249.903806640601,117.112491864381
354.386097073275,195.254862169472
2517.04288542812,1941.18907381281
3234.59223233337,2508.19625741301
679.315159071934,516.960492220125
9118.27312646301,6781.5692346252
269.712175591527,88.6529840036545
2967.01409927572,2003.08041832243
3772.45355520707,2740.23826752746
253.12003181791,42.0828802315569
1860.99286092037,1070.95068500904
2735.26554939223,2374.75188887856
3376.07588323968,2633.95979286006
2711.76000610745,1700.01091486807
214.765785451997,20.940376522523
2477.33620476538,1518.13687244562
4137.17950406004,3228.82010276146
2859.22549037304,2634.60659985689
4149.14256865132,2835.03591800104
2166.5343656636,1437.08387065477
4312.41871076056,2912.491055872
2749.51308484416,2541.87064668572
5144.45954733304,4380.33868431372
194.837198028412,43.3764942252263
3017.15112956512,1991.92299762703
3092.2665064406,2601.74071933023
2588.10052663415,1738.33422943053
3614.0769226901,2638.04276202758
4101.19999119577,2894.42088539793
6171.8187286635,3154.9628288104
5588.32910449473,2070.79302580356
385.015370451064,156.163464298275
1233.94896283648,517.445597467751
206.680138229417,37.9594856267358
3683.12044817951,1995.39958523501
4692.08373823452,3479.29611228569
2457.04692429086,2265.19895378968
2416.3780442514,1766.83416272856
6645.98672790132,3252.14558008481
336.441349654539,130.857140547118
226.999487434458,44.7913845308022
1887.14354930025,1283.62891065574
9805.43341113805,2799.42110773783
489.888403848717,126.127364382764
2976.75290573331,2093.39084525547
2042.09347552625,1161.6653663151
557.880012998235,391.116105898476
1694.38033161059,1112.71016174217
2546.62028009897,1813.00001212763
651.932141969022,329.992844697597
4275.23674973901,3217.74353294067
1977.10768570629,1142.46328359657
2884.59461755705,2669.65545399787
2031.30260219696,1369.73509210936
372.631418898375,63.7104891882168
737.417655744205,325.263068533244
2950.45198659968,2602.87263157469
394.844420733175,229.899461937429
6666.81671866388,2063.67814883838
929.549618257662,564.783784548589
470.380646937111,319.320529249825
2302.54769032612,1438.09450658732
616.373290268439,55.4636999785745
3209.4633539299,2301.42014561243
2776.0244474585,1826.46168274925
590.463151732737,196.022945478213
2808.93792826625,2555.37274274464
521.629881559261,199.378256774293
1066.01378571324,601.085827245936
2268.85249779068,1450.06043602877
4631.57657104542,3768.17628724699
172.654264924135,0.565956122230352
2783.7494392631,1697.05985794501
3000.7693540063,2025.79951408624
2975.03955258783,2373.49870032219
255.494633604216,20.5765475868035
258.710858781525,22.8807975130271
449.279811802112,121.478439093015
1926.91044268994,1280.47572654617
2861.44974850673,2481.23249073247
2620.44319079038,1867.25094898714
2444.99354060915,1415.3349853862
539.213917110586,334.965173485764
2923.88071232202,2368.1625425983
3692.01778177791,2061.57602609866
438.368663550724,248.495163096427
1007.85115157993,210.090997659367
3962.96210733593,3067.3609061766
3607.67450343305,1766.06607941981
3498.98390788059,1713.87683986272
2860.78831170114,1608.12389588024
3439.31851461431,2325.43285536991
747.336799319021,426.771341598988
2831.48157323794,2377.70294580162
3021.68996492293,2610.27048660099
3368.50142325246,2248.17984468547
2588.82187510306,1689.13647223379
4194.29007132165,2751.27441191095
683.974194085931,276.267438523016
733.119294964664,140.357118313127
416.666679602995,168.654924424645
175.088966538532,37.5956566910163
1993.94030405818,1213.97588218411
3075.88473088178,2113.48228759465
322.764856651867,17.5042143518388
2436.72753745287,1945.15076666842
2605.14343793493,1639.17063172831
343.234511876568,105.186987860241
405.755531351608,58.1722042778198
3997.79968583351,2595.79818004681
249.873737910078,99.2444485768225
2892.58996450568,2499.94946820337
2620.17253458272,1980.07834449749
3393.20911363088,1875.13390926106
2929.41125129277,1778.55753954618
2693.21388407826,1624.90045236064
479.578442043014,96.6976460267859
2942.99765100273,2653.04059926668
2867.01039384096,2482.04099947851
3253.97952615811,1986.46556359123
222.580908182257,0.970210495252032
199.375995753272,19.5659116542493
3817.08985182556,2554.6046594359
6997.63748309616,4144.94136290319
385.105576642633,30.3595034139282
2550.85835288565,1955.54010405508
2806.74377649604,2233.46498550748
524.996375123276,131.059267733629
3739.78002211623,2356.19661315686
2532.40254994689,1609.82176424693
466.863847353437,290.13336351766
2984.41768481096,2120.43546281062
4504.70112982549,3183.22020948462
3092.32671916755,2036.39097865941
2327.25553123636,1860.74245358149
2819.18794077568,1140.19945910765
453.097185792151,220.884589419046
363.734198198837,50.4509457531057
4039.18991434189,2879.58474990803
2341.29277373939,2147.72263298958
3160.16809756332,2088.94404715223
602.756934726812,384.769312242035
443.538678818837,313.014161030687
3900.77169336483,3110.89910215104
3129.77933639676,1883.98708003024
2501.23222758446,1711.85556799761
4842.07424320493,3556.67039928204
1611.41968800841,1089.38468441882
243.110644418572,53.3615772388618
6877.64495869438,2776.62116109941
472.063893719118,37.5148058164119
833.934517426958,508.875404759691
3140.66037828467,2227.52244622406
2940.35250590763,2576.67694820289
3655.73750634251,2744.15953494577
365.898394137392,215.952686068182
1635.82691687934,1052.71881278576
2797.72631850737,1485.75609716658
2756.30628469914,2492.63246405168
2868.60362259617,1839.27654637404
2694.32631420874,2543.4068133032
351.380277743716,73.3317432661328
2629.82132301351,2448.2049084566
3206.728190808,2046.09308361193
3136.60234155158,2016.25911088293
1710.61172588384,1132.43777514563
3956.34954566181,2739.30848246951
1404.82967129642,976.355161721962
358.203471063314,195.052734982961
2686.15032907925,1452.40511139229
259.552482172529,12.0063548787439
2336.87421330367,1387.72441170882
502.512867612634,93.3827601680081
1299.56593256674,860.576709288553
1827.29766838493,1028.18057234334
323.366043097551,121.640140842224
3008.34411505715,2170.84598312642
228.442259638191,9.74253038982249
2823.36610189904,2623.28747741229
3793.10350991605,2977.7377116777
6988.2894572365,3139.80328982209
280.02213739723,39.1318233084986
330.068999128012,89.744470810813
2579.052962282,2389.06249368353
2324.27981827028,2001.01872102001
288.288140553515,42.8509635402981
509.636635338597,368.07360663624
2939.63115743872,1785.02560951453
9334.54158637382,7269.74681548618
5576.96696291846,4098.57338631761
2687.50300799028,2192.39274120848
7732.71023886328,4556.67444182577
4857.31378333343,4652.92740804224
582.046842556792,278.814241073053
1247.29481270227,856.210762059919
3555.49325106356,2364.88808217683
3479.74684480959,2334.5690042002
2848.67501635611,2475.04739882524
4661.18407207975,2749.17228917124
306.533462378616,19.4446353423428
3184.24475856326,2498.6558542097
409.152131279099,24.9020693781355
2585.75584304655,1312.89692726251
225.977489293272,3.07233323496477
2160.19215913351,1391.28185019141
2707.43161423034,1267.25660854836
404.853808132513,97.5465802101314
6751.91175290477,5668.61652025921
3070.92530962619,2565.47910207019
386.307874268093,84.8934183345528
3510.16571233963,2553.51317262874
2585.12481366807,1596.44094449992
2859.34561476331,2710.64684742227
605.882953712553,439.343652599962
227.209893282209,9.05529795568564
2815.79134084819,1666.49822734457
1777.64143672026,1017.75080951938
425.413594282873,231.435628554912
377.500822127169,81.5381070384729
5010.76079989466,3737.00827508702
296.584174807369,152.484749503778
2994.39704111273,2564.10463720191
2753.54071415013,1914.18488169496
506.751053298175,266.565333570496
1922.01093309767,1710.19812506822
2920.39379330409,1966.01029231634
948.846969321517,312.771608406874
4392.64404070902,3036.27374489124
1259.49842713773,934.514834114218
309.2988071299,94.6359487243753
2602.3179557226,1853.22332224329
3011.28972165975,1610.58984755568
2655.07032580725,2038.29097421261
1114.43753812306,209.565466974439
4834.07859519267,3229.79031325671
198.744778210019,2.50637711273442
154.769636149968,10.4701882612615
370.918103385845,196.629327037745
305.51146423743,136.152872833702
3530.75545432165,2891.63153022408
474.528664064038,72.8466380185068
4377.6450504247,3349.40918223383
1953.63224878499,1162.95898030877
4273.01249160532,3533.06194389758
202.291627707739,60.5168796413455
288.43840894022,129.03799586852
6105.29992281528,5910.19893357696
6790.50630450066,6469.32315690325
2978.94705750353,2499.58563926765
2400.77782988844,1581.36225638621
597.256276321811,435.220257995141
592.356766729541,214.093115952282
2927.33722391283,1708.58110757613
1962.43926329296,1587.46649741884
4276.10863002531,3676.16799194725
390.185385719177,166.997481495256
2495.46113876953,1987.59747583569
175.329441116806,0.525530684928184
957.143003575371,483.488230133929
3031.69942758818,2531.60258561097
8250.49272474317,3642.97870792217
254.081892498051,42.8913889776003
367.64174074749,170.716621727056
472.484743047574,38.8488452473835
2721.22815635738,2478.64526274513
3232.27765510924,2162.23536498106
7.4844890016117,92.7359531711734
273.830123987931,67.9147346676423
3070.89520326271,2343.46260040668
2972.54493931011,2630.15980175366
3226.41624720388,2559.29401016296
222.791314030008,2.10212273971274
3065.81535655321,2587.06628558954
948.245820508787,377.614009839551
542.760747791829,39.0913978711965
293.57835547781,0.848934183345528
2844.52696159622,2613.78749964628
6058.40926169963,5109.93697674325
205.80844610789,5.13403053737534
3135.24966264056,2261.88406793091
605.732722958802,358.533203432928
800.630030223543,573.273126382045
346.721242729719,138.618824509134
2686.81176588485,2213.09056510719
2971.55293463354,2507.71115216539
2797.57608775361,2623.97470984642
3040.68677921338,2754.75099951894
2639.5601294711,2367.23275754035
353.153693084338,203.137822443394
4026.86587445252,2619.64918805509
225.015628613131,4.64892528974932
3829.41359065129,2369.17317853086
705.01492939284,320.977972179214
322.04347055,156.527293233995
3067.01780471049,2076.25045983935
1281.17034235494,692.932420796462
1652.99010310221,918.506360942559
2307.71770559423,1639.17063172831
1005.32628140692,570.039091397871
3655.73750634251,2504.63881893042
787.374348916373,533.171092578294
673.934700323116,224.725005962752
456.463716989119,173.182573402488
235.956807962087,113.029522696862
532.841566584059,47.4190379554431
396.197024378294,176.780437322381
416.125630618356,21.6276089566599
2784.95158635674,1992.81235724767
3157.31250898751,2161.91196148264
300.642023375682,91.2402119909932
6909.20606165474,7155.58538054485
4192.36627469546,3910.1504230522
3085.623838403,1883.70410196912
259.913194039939,104.78273348722
231.598384987409,60.5168796413455
3283.2862646213,2384.13059033266
2980.02938127053,2586.01522421969
3682.85009303548,2376.53060811985
1938.54293941024,512.796672178001
3017.75235364376,2672.36395829712
237.249311779115,75.8785458161694
7526.54125964451,4560.35315662027
3445.11970979272,2258.69045838403
4769.48358597065,2985.78237370083
234.153323890943,4.28509635402981
2287.66882443207,1887.90834744855
2382.89329519666,1652.51102603802
4243.46520329795,3337.6858054162
3816.69907122762,2912.24850324818
3369.94412019029,2627.53214832901
731.255711065429,358.816181494043
6400.14057225602,2643.17679256495
727.318099786253,160.488986089607
688.693291295065,248.899417469448
3107.20558506159,1975.71239726886
3787.12167655677,2837.09761530345
261.656578282992,36.5850207584621
3376.28632672038,2308.61587345221
4831.55387555148,3472.98974406656
377.741296705442,120.993333845389
2749.12230424623,1784.419227955
3673.05107385094,2465.18359212351
2717.02018993418,1729.72361128516
3057.30880355275,2234.43519600273
1289.31607058913,471.239322631373
502.633104901771,112.05931220161
3281.45278708554,2146.34816812131
370.767797366186,289.648258270034
7613.61970111127,5446.640444033
1642.80045385155,1090.31446947677
3391.76641669306,3009.30997821069
5831.83057655243,4154.11793717079
2970.38059283974,2601.41731583181
348.765201379137,69.9360065327507
3338.53324798367,2377.98592386273
6201.33560954376,4521.7064385594
2511.36181463998,2415.82413317756
5598.57851487689,2779.77434520898
564.94371852906,255.165360251285
526.048441994985,332.499221810332
3186.67946017766,2104.38656420166
3590.00026169016,2761.78502560951
281.615215620623,136.67840351863
784.969678399545,386.143777110309
694.704929954182,411.89478067179
2495.97204375774,1677.37266997886
229.764832185742,69.7338793462398
4607.28976762841,3634.125537153
2818.58671669705,1839.23612093674
1464.13454086006,379.109751019732
2194.2480259034,1568.78994538523
2967.0442056392,2095.25041537137
308.877995434398,83.1955499678618
424.812445470143,50.3296694411992
3119.55943025081,2589.45138639037
1175.03487387078,546.996592135635
1657.58900065516,1116.8739817843
2435.76563913977,2210.70546430636
288.919358096768,102.761461622111
262.167558537108,133.282666785248
5609.36983980164,5358.18958721586
1100.61073910073,521.205163136852
8023.61357808847,3118.90333873687
3297.86466900784,2184.10552656153
3111.71431405593,2527.19621294503
574.953105928398,133.929473782083
586.585602648698,28.4999332980285
534.825425405386,250.152606025816
4079.49781908327,2958.53562895917
2739.38349778864,1978.09749806969
735.884639715949,319.199252937919
579.582034578918,472.411660313135
2548.78432550571,1834.02123952476
2118.32098146858,1286.37784039229
5811.75143849498,4390.28334189005
537.290195750305,78.2232211796951
1588.27481895809,544.207236961786
3307.75370621918,2768.37437188977
3647.89239014763,2068.48877587733
2775.51324140666,2535.16002409356
3406.01395214499,2360.84553844661
525.387155721209,328.73965614123
3472.02185300499,2668.03843650579
2905.45501574673,2644.0257267483
2981.08129761042,2728.75744333364
473.476634825283,48.3892484506951
2768.78025427863,2569.92590017343
267.247405246607,20.455271274897
322.885093941004,28.5807841726328
954.708301960974,635.972979637707
1865.74198922707,1129.32501647337
3081.08500304519,2198.86081117682
3037.32028564936,2608.6938945462
265.233477694758,113.474202507186
3597.39438456014,2068.12494694161
1183.75171982013,596.881581766511
499.086236587574,270.041921178482
2717.41097053211,2404.99011598058
3735.6021620565,2523.19409465212
181.341079775922,13.5425214962263
3838.55147409388,2521.41537541082
475.280118896427,257.87386455053
2356.20159546509,1631.89405301392
2896.04677716013,2722.08724617879
1697.17570745944,1309.86501946485
2903.77176896473,1863.89563769106
2871.00821784709,1974.661335899
6974.82288085318,6652.00570807175
4438.42257275783,3644.27232191584
2202.18346118871,1466.95826882107
216.779675370892,26.6807886194309
2803.28726490523,2444.80917172322
1757.95338032438,988.038113102288
566.025816498337,313.539691715615
658.935710038802,160.691113276118
681.689723225286,520.356228953507
3018.62393286642,2634.12149460927
174.097055944346,101.791251126859
368.90421346695,223.431391969083
5202.11142700997,4584.12331375395
2856.64055800489,2150.43113728883
723.260213584986,496.262668321415
323.937123179758,115.131645436575
3021.35939705196,2680.24691857104
292.105514543554,94.9997776600948
5699.72445574198,3988.09066617078
5935.56144978567,5465.07444344279
778.086385251856,208.110151231561
1211.97643557996,560.579539069164
3365.31526680567,2773.38712611524
2743.9521384463,1963.09966083058
236.317519829498,40.5871390513767
4035.19209033576,2212.56503442226
3428.37725999944,2624.58109140596
2485.60220792167,1792.01921016781
3057.3690162797,2482.04099947851
275.303002555141,3.0319077976626
2486.50389350781,1916.8125351196
3631.14994035435,2750.91058297523
256.757068690721,82.4274666591206
2373.09427601212,1378.83081550235
2794.23970055308,2561.55783465188
2938.51902837187,2506.41753817172
3217.87988890357,1966.81880106238
3345.86745919034,2135.47372548703
3492.43125786979,2368.52637153402
4069.06777052025,2759.5616265579
3213.01048567477,2442.22194373588
1117.80403168708,803.900246190913
1476.42832385413,1084.53363194256
247.408967565159,115.333772623085
2816.84325718808,2673.57672141618
455.742330887253,161.135793086442
3400.93410543549,2141.61839195696
3375.6552973419,2321.3903116397
338.936188729981,23.7701571336748
3380.37446981694,2202.33739878481
3229.81284713137,2398.76459863605
881.696983563003,366.77999264257
188.645222252067,21.3042054582425
302.535713638394,31.046735848065
3024.15477290081,2192.95869733071
2728.35192408334,2580.31523756008
576.005172800107,298.501429039209
3062.47896935268,2041.60586007139
3565.92360069021,2867.69967134119
2157.48680131145,1515.9538988313
410.234191615422,132.595434351111
3580.7422538573,2671.79800217489
3018.20334696865,2167.49067183034
163.125807864867,12.3297583771612
172.263503142679,0.60638155953252
908.41871439214,656.104847414187
2721.67914968227,1293.93739716779
3247.90797583567,2231.16073558126
440.833433895644,228.282444445343
490.429452833355,317.460959133925
4285.18599967731,3222.23075648121
222.490739623643,9.74253038982249
575.644423299742,440.354288532516
712.529477716735,192.222954371809
2629.79121665003,2422.81773383084
450.692552908277,16.4127275446802
1125.01804323756,1076.65067166864
2435.25473415157,1723.09383956761
557.759813342052,72.1594055843699
216.929981390551,1.98084642780623
2651.13241346444,1796.99153895597
2831.99277928978,2073.3802537909
2535.49868836688,1523.67515735601
169.227615082598,6.87232434136856
396.407430226045,195.456989355982
345.068064678235,96.6167951521816
627.97575589117,361.120431420267
2298.03896133178,1421.39880098153
387.600378085121,50.4913711904079
247.138461889317,76.040247565378
304.068692033696,190.808064066233
2381.17994205118,1582.25161600686
1850.41243107178,1202.29293080378
7289.50241957081,3753.94653331662
3100.05171097216,1992.44852831195
2847.08178760089,2579.06204900372
549.103029587833,371.145939871205
350.328248504962,77.3338615590474
371.81982660494,138.335846448019
2368.94622125224,1545.7070206857
3130.83125273665,2131.3099054449
4203.12719219309,3471.29187569987
674.656124057937,219.914378923794
4444.07353718249,2855.65289102515
448.317951121971,175.486823328711
296.403837690141,111.857185015099
3204.05293934942,2644.14700306021
9997.26453581447,9871.3258330672
3346.61891402273,2345.28174508528
2688.22435645919,2468.33677623308
403.501166854439,299.956744782087
3032.51079408389,2624.74279315516
5704.53364624382,5113.85824416156
1587.13273405958,1056.11454951914
218.192416477057,80.8913000416382
463.91812785197,247.888781536894
7118.80174716447,3534.15343070474
353.754879530022,114.403987565135
205.387634412388,13.6637978081328
390.666334875725,60.0317743937195
2714.91605619076,2136.60563773149
213.172707228603,14.4723065541761
788.45644688565,552.332749859522
4403.3447454797,2990.75470248899
3126.14218662509,2119.42482687806
5831.34947686407,5228.01967910288
277.797803997629,59.0211384611653
1908.66508323189,1277.92892399614
362.742268788174,63.3870856897994
3160.94965875919,2683.64265530442
2318.83929732632,2137.69712453864
3581.46360232621,2513.20901163848
832.040827164246,171.888959408818
613.607945517154,269.43553961895
833.032756574909,573.839082504275
423.249398344319,88.2891550679349
2487.2553483402,1713.10875655397
3498.86378349031,2642.04488032049
2901.90818506549,2652.31294139524
2294.70257413124,1484.82631210863
1506.57668570833,1373.37338146655
3679.12262417338,2037.07821109355
4079.82838695425,3400.46650954647
832.641975976976,606.300708657916
323.606517675825,30.1169507901152
3730.37208459326,2679.72138788611
291.474297000301,97.6678565220379
721.967747400912,553.505087541285
3339.43523463345,2824.76785692629
1176.20706513276,676.802671312897
3242.91814715297,2222.5905428732
738.349447693823,322.797116857812
2752.60892220051,2577.84928588465
403.170523717551,132.878412412226
171.692404243995,6.62977171755555
4639.3316692135,2911.23786731563
457.726152075625,39.6573539934268
3420.59235653152,2300.20738249336
688.78345985368,429.762823959348
3013.33364267622,1973.08474384422
661.761192251132,117.274193613589
2390.94885487224,1581.60480901002
2903.20065124956,2540.49618181745
3595.08010839966,2318.68180734045
4504.52079270827,3179.258516629
3280.10010817452,3099.37785251992
434.881932697573,146.38050847115
5704.74439078816,3834.35272811064
379.815324085383,237.580295024841
3246.97618388606,2144.69072519192
3302.85419662691,1803.74258698543
2635.89317439958,1654.45144702853
3294.07728848242,2787.41475285909
8374.42255936049,5115.31355990443
628.306399028058,172.29321378184
2520.37927262866,1702.84069547922
382.61073756719,190.56551144242
2283.97176299708,1503.05818433191
3692.07769344123,2750.42547772761
242.599664164456,58.0913534032154
236.738331525,36.4233190092534
291.624565387007,84.1253350258116
332.143026507952,217.04417287534
304.820146866086,96.1316899045555
629.749171231791,281.522745372298
3191.30831356227,1933.06356091507
2846.63109533964,1920.85507884982
2323.4080885158,740.270607877301
688.873628412294,126.97629856611
355.077414444619,238.024974835165
4603.47228073951,3483.82376126354
5587.84800480637,2195.22252181963
294.690522177611,81.1742781027534
3318.99542234155,2428.92197486346
5512.13110278861,4934.57142972644
2944.38013521361,2026.64844826959
358.804657508998,1.98084642780623
369.715768127431,38.8084198100813
255.163990467328,60.3551778921368
2261.81889862333,1701.74920867206
331.601977523314,4.52764897784282
481.652469422954,212.314396710986
3178.41345702138,2316.25628110232
3596.492698974,2547.53020790802
1881.43237214864,1263.65874462847
3105.3718064622,2140.28435252598
2152.28683021168,1409.79670047581
276.355031793896,79.395558861458
563.861620559783,365.365102336994
4114.84630256906,3434.7068549414
3494.26473540554,2409.88159389414
4385.58048571001,3296.16888130687
387.059329100482,184.663397596303
2605.65464398677,2496.06862622236
296.223500572913,85.0146946464593
2480.43204212174,1579.05800645998
4425.49760985345,2530.95577861413
2859.25559673651,2437.81557106994
7679.44726485405,4938.89695151777
273.228975175201,79.1125808003428
3844.32256290881,2578.7386455053
2815.49087934069,1629.54937765039
808.174609645007,29.5105692305827
257.44842369502,119.618868977115
5202.5022076079,4223.56883845591
381.919382562892,167.037906932558
4000.8958242535,2774.19563486128
2017.59607809672,950.887136221596
3727.78685116147,2840.57420291144
904.300690729827,388.367176161928
5307.61556505201,3576.3980126855
9084.66780142255,6498.34862088621
7611.27501752367,2724.47234697961
428.930393866547,131.301820357442
1566.78324085811,1207.26525959195
2754.95360578811,1749.81505362434
4592.95191308605,3387.77292223359
4451.76842262361,2631.25128856081
2271.43743015882,1515.63049533288
449.30984289968,212.19312039908
3862.14703540545,2499.58563926765
3349.77526516968,2300.61163686638
234.934847453855,111.574206953984
2732.80074141436,2450.46873294552
2216.10027823784,1106.92932420796
4730.94894603807,2924.69953793725
441.915531864921,290.820595951797
2689.66705339702,1835.71910789145
3535.35450240642,2401.91778274561
2624.59124555026,2320.58180289365
2931.18481716521,2562.56847058443
2596.87743477864,1980.52302430782
4194.95150812724,3106.85655842082
3255.6028612768,2250.28196742518
2986.46160582742,2562.85144864555
1496.29686789906,900.840444841512
2625.46282477293,2369.01147678165
5400.37507730691,4690.96774454358
2618.97038748908,2404.50501073295
3673.4117480854,2033.19736911254
2536.3404622897,1880.91474679527
1541.8350006355,1230.6715877899
2955.2012654382,2231.76711714079
326.942942509317,131.989052791579
1831.05494254687,1286.6203930161
675.918559144443,142.903920863164
3668.87291272758,2414.40924287199
1231.81472272959,986.057266674482
3344.21431877181,3026.77376712523
3153.40500407182,2765.78714390243
2826.19158411137,2519.79835791874
2409.07393940821,1860.54032639498
4665.60248198366,4054.10540528522
3146.55159148988,2195.54592531805
530.406864969662,211.344186215734
2941.25419149377,1900.88491282254
258.650758953434,56.1509324127114
2419.08325154164,1483.61354898957
246.026295189517,13.9063504319458
607.506138299423,136.476276332119
594.731406148801,270.971706236432
2983.09511226341,2067.15473644636
585.683841796649,188.382537828103
2437.17822971412,1496.95394329928
2747.13829489308,2029.55907975535
2652.03440011422,2103.45677914371
638.70649175942,44.5892573442913
2626.39461672254,2451.76234693919
809.166539055671,173.142147965186
1208.21916141801,975.223249477501
2571.95930091951,1769.34053984129
264.90283455787,105.146562422939
3151.5113138091,2456.04744329322
450.482147060526,107.733790410278
3308.26461120739,2317.83287315711
1767.00094467653,1142.22073097276
381.077759171889,106.925281664234
2200.77072008254,1469.06039156079
2830.18910705387,2589.49181182767
3576.8347489416,2348.59663094406
272.447451612288,11.4808241938157
279.27068256484,50.1679676919905
2970.23036208599,1815.26383661655
184.166543171775,6.14466646992954
2987.99462185568,2021.59526860682
3659.13410627,2426.69857581184
3866.47542728256,2350.69875368377
2206.8424209368,1793.95963115831
338.815951440844,75.2317388193347
3107.62617095937,1493.35607937939
1583.46562845625,631.202778036051
6173.77202952589,4909.10340422608
2779.84163328377,1881.11687398178
6780.64707258917,2526.30685332439
761.764747154082,287.626986404925
7089.43479597433,5546.12744523364
684.635480359707,214.133541389584
1801.77815991534,1295.9586690329
2741.12665623396,2190.45232021797
2738.63204295625,1731.54275596376
6464.88611329543,3498.25564238041
284.200223254679,106.480601853911
2996.35094410239,2279.26700597084
1171.21738698188,703.604736244234
3529.2224382934,2366.62637598082
2943.44834326399,1915.07424131561
2958.50754627526,2137.73754997595
630.560763525226,204.91654168469
3717.38690896193,2923.93145462851
4992.27489059242,4730.46339678779
2898.75183391855,1841.17654192724
240.285199839196,145.774126911618
2371.80180982805,1639.93871503705
2338.34701660497,1783.77242095816
199.015283885861,4.12339460482114
618.567517304562,45.4381915276368
2618.15871992973,2416.95604542202
5607.44604317545,4523.97026304832
732.037196995387,573.111424632836
451.143395701347,232.082435551747
490.27918444665,238.024974835165
4436.85975142973,3453.01957803929
357.241610383173,23.7701571336748
223.212144541987,21.9510124550772
2345.11011009648,1141.0888187283
509.516435682414,116.789088365963
3424.28941796652,3252.75196164435
274.701816109457,56.3530595992222
359.015063356749,116.991215552474
1901.30091619356,1456.00297531219
3248.02810022595,1971.14432285371
5425.11287404881,4353.9812991927
1579.7083542943,1310.7543790855
2837.91409885847,2691.32348839184
6136.37992608728,3804.92300975466
299.259351000039,139.629460441688
2995.3890457893,2557.47486548436
2256.16793419867,1830.46380104217
2944.65079142126,1796.10217933532
494.427201573577,234.507961789877
2767.06690113314,1823.18722232778
2169.51007862968,1677.37266997886
187.713411485972,42.6488363537873
515.678342728236,209.686743286345
460.10075386193,276.509991146829
4893.65397043215,4584.56799356427
432.02638175472,251.446220019485
3047.05909210695,2029.43780344344
381.528639597913,69.8551556581463
235.686302286245,26.5190868702222
4067.80510963602,2522.70898940449
2751.52689949715,2474.84527163873
668.043336586091,187.735730831268
458.597844197151,96.2529662164621
2928.93045266804,1924.2103901459
2041.37212705734,1370.62445173001
381.077759171889,29.4701437932805
201.029192621233,36.099915510836
3652.34090641501,2437.49216757152
6043.74083928629,4014.08422235608
2996.29073137544,2650.29166953014
2636.58441650502,2518.38346761316
2991.36111541969,1872.22327777531
892.097076294366,520.032825455089
2690.41850822941,2570.69398348217
2749.2424286365,1362.82234233069
2047.92477706814,1210.1354656404
2505.92129369603,1529.57727120213
3167.29186528928,2741.89571045685
2220.00793368535,2187.42041242031
4137.51007193102,2923.48677481819
6966.6773031508,2897.6953458194
3599.73906814774,2539.20256782378
499.296642435325,147.108166342589
4082.59395750326,2979.83983441741
2825.56025366926,1301.41610306869
521.359338250465,121.033759282691
201.90088474276,25.6297272495745
2832.98448290272,2620.37684592653
2993.70579900729,2852.09545254256
577.267607886612,322.918393169718
759.089570961411,413.713925350388
5255.10404587517,3431.63452170644
2772.65795389448,2480.82823635945
5825.15720002409,3733.0465822314
3490.98856093196,2715.45747446123
2892.46984011541,2015.93570738451
5542.67039577256,3371.52189643812
3475.44855929596,2490.89417024769
2901.42708537713,2549.75360695964
2399.48536370437,1603.19199252938
3860.76425013095,2492.79416580089
960.449434944248,563.166767056503
607.536169396992,135.869894772587
4186.625292244,2512.15795026863
4959.57155220173,3201.81591064361
240.16496255006,46.206274836378
4096.12014448627,2695.60858474587
339.086457116687,157.254951105434
4061.43279674244,2554.4429576867
3555.70369454426,1946.48480609939
284.170154524157,89.2997910004892
273.709886698794,102.155080062579
397.06871649982,111.493356079379
2533.4848737139,1919.35933766964
875.084120825248,533.615772388618
460.070685131408,273.599359661073
220.927711314296,52.5126430555163
398.842169473396,301.12908246385
2954.51002333276,2513.4919896996
2651.25283891835,1368.27977636648
518.59399349918,218.459063180916
625.691360296433,416.018175276611
5890.5036640785,3865.03563502298
566.596934213499,32.1786480925257
3252.14604862235,2430.17516341983
424.962713856849,22.1127142042859
493.074597928458,101.589123940348
2686.12022271578,1819.18510403486
247.859847991183,13.3808197470176
403.71157270219,78.5870501154146
2367.14269954814,2062.70793834312
3332.34127220733,2581.36629892994
270.253224576165,59.8296472072087
2749.48297848068,2123.95247585591
2790.06153942972,2694.67879968792
1751.91163530179,1293.77569541859
349.456556383435,173.950656711229
3626.0098809179,2499.22181033193
1052.90841042573,522.579628005126
3257.85722577397,2129.12693183058
3285.60084184543,2143.51838751016
1442.58275003313,1235.56306570346
4706.0910249059,3714.89556088273
4312.32869273376,2999.93127675659
2364.37743006277,1597.65370761898
4025.69353265872,2278.70104984861
792.03338393037,284.271675108845
2705.77847381181,2471.48996034265
730.383981310948,99.0827468276138
2673.37559692863,2388.45611212399
1717.22458862159,1050.98051898176
3613.71624845564,2678.14479583133
3385.39410379949,2378.18805104924
379.514749679018,164.005999134896
2165.87307938983,1167.04194947629
3834.07285146302,2557.59614179626
3363.18102669878,2563.17485214396
4089.92816870993,2929.348463227
3016.18923125203,2814.66149760075
8475.74913840645,7985.68131010757
3760.70063303286,2636.06191559977
6743.70596247544,2449.61979876217
821.159785276335,196.629327037745
680.7279001781,426.973468785499
4523.63773138898,4043.91819508508
471.252339058637,26.3978105583157
3452.90491432428,2618.11302143761
2318.59874748214,1314.06926494427
277.346923571605,35.4935339513035
2378.74524043678,1837.29569994623
651.992279430068,479.647813590224
4773.12073574232,2684.89584386079
2759.64267189968,1651.70251729198
553.581727484602,219.590975425377
857.109342308944,578.205029732909
996.068348839969,888.753239088164
3841.76773690414,2504.96222242884
3617.59364700787,2104.58869138817
3818.38231800963,2403.89862917342
3682.75977394505,2695.72986105777
3311.69131749836,1223.79926344853
192.973595312699,58.2530551524241
4326.48590909526,3589.4150034968
361.690239549419,120.26567597395
398.691863453736,10.3084865120528
2910.98555471749,2650.73634934046
571.49644380577,281.361043623089
1369.962287499,924.570176537885
294.84082819727,82.3466157845162
2734.60411258664,2441.09003149142
5358.05335791254,4909.79063666021
2693.90542724733,2531.96641454669
639.277609474582,279.339771757981
2769.32126563031,2166.52046133509
2887.29967431548,2598.87051328178
279.841762647047,122.69120221208
1823.63056278159,1286.70124389071
306.413225089479,16.6552801684932
1183.90195057388,977.729626590236
2922.9489203724,2554.4429576867
3963.14244445316,2652.59591945636
3054.81419027503,2650.81720021506
683.433107468338,591.787976666438
1122.82374093553,254.963233064774
3049.73434356553,2786.64666955035
796.572144022276,186.159138776484
2689.30637916256,1616.6940885883
3326.99107035381,3320.66669631199
9983.28735550657,9873.79178474263
235.475896438494,57.2424192198699
790.831011039002,713.266415759452
234.994947281947,43.6998977236436
191.891497343422,11.2786970073049
3846.246359535,2701.22772053087
287.206042584238,106.116772918191
434.821795236527,180.257024930367
5242.99044946651,3640.95743605706
3116.16283032332,2097.7972179214
915.782956696376,261.835557406142
1200.79478165273,778.432220690547
3075.13327604939,1923.44230683715
308.637520856125,19.485060779645
318.316265118575,46.7722309586084
2287.06775088525,1753.53419385614
2519.59801249643,2372.52848982694
697.470274705467,389.216110345274
708.561760074082,454.584042462879
550.545877057476,127.663531000247
623.016184103762,235.397321410524
2389.38588301233,1373.85848671418
9103.48427859576,4309.1090637873
490.730064872675,101.750825689557
793.025313341034,473.179743621877
3302.52362875593,2455.44106173369
2908.88142097407,1803.78301242274
468.186419900988,217.488852685664
2870.13663862442,1999.60383071444
311.493034166023,39.0509724338943
6155.82743263898,4774.40584713525
3184.69545082452,2758.14673625232
386.307874268093,66.4998443620664
840.547304898805,206.695260925985
7117.17901417306,6067.89856449272
2617.91817008555,1863.61265962995
2985.0189088896,2534.0685372864
476.332185768136,95.6061592196273
2309.73167077903,1310.30969927517
2643.22738560625,1779.52775004144
203.283557118402,8.8531707691748
2760.30380764164,2560.22379522091
3999.27248913481,2654.49591500956
4328.10924421394,2645.44061705388
2285.44456629838,1677.77692435188
510.177684323235,208.27185298077
3829.59392776852,2765.78714390243
159.999751246172,3.9212674183103
3580.29126053241,2198.21400417999
653.31477671171,153.859214372051
739.611882780328,398.796938985887
2821.77287314383,1755.71716747046
190.71923081553,16.6552801684932
4334.30121999029,2868.30605290073
3351.75897345919,2616.41515307092
4896.29911552726,4432.73005105733
275.513408402892,12.4510346890678
1037.93945123899,813.602351143433
2401.19871684985,1148.12284481887
5291.92533266226,3498.65989675343
3302.3432916387,2254.00110765698
3246.52519056117,2624.90449490437
3184.09422674588,2733.40636862339
3797.94280678136,2954.49308522895
647.723949748095,119.457167227906
398.361220316849,222.865435846852
1863.39745617129,1575.82397147581
2655.73146154921,1746.74272038938
1427.22308551436,953.19138614782
396.527667515182,27.0850429924526
3559.16050719871,2573.32163690681
2896.70791290208,2023.1314352243
229.223783201104,77.0508834979322
2841.13036166873,1980.36132255861
1075.09138116297,848.246950911391
368.002452614901,47.0552090197236
2271.31730576855,937.587167349183
4961.79581033542,4192.92635698087
3920.24960734363,3003.65041698839
1165.95727842106,739.664226317768
3360.62620069411,2269.56490101832
726.626707149,534.545557446568
2662.8251229117,2534.35151534752
2783.14821518446,1746.66186951477
2482.53617586516,2203.63101277848
877.037948549006,326.3141299031
2471.77525836752,1880.71261960876
3520.32540575863,2300.53078599178
2906.3265949694,2602.91305701199
2633.0074794603,2378.14762561194
1147.41138218959,265.15044326492
1550.43157166277,823.587434157069
3184.33477659006,2287.51379518048
3192.51076171955,2235.04157756227
1658.64106752687,1014.51677453521
2463.90003580917,1255.12897735771
1933.16263119324,1439.87322582862
4983.28753896722,4488.55757997162
3031.42877138052,1848.29141889242
514.836719337232,116.991215552474
2785.55281043538,1774.43414494136
490.27918444665,326.920511462633
1619.17463564467,1387.88611345803
3036.77927429768,1643.37487720773
540.145709060204,3.15318410956911
2761.9572491238,1987.47619952379
2049.30741181083,1456.16467706139
1001.62914470602,785.142843282707
1048.33954397035,611.394313757989
3232.09731799201,2257.27556807846
2588.37118284181,1453.53702363675
2562.22049446193,1981.81663830148
2351.57259154867,1645.63870169666
350.418417063576,172.374064656444
3046.6984178725,2563.98336089001
2199.44814753499,1259.65662633556
2458.21896502103,1744.47889590046
382.159857141166,136.314574582911
2560.68747843367,1717.43427834531
453.007017233537,108.784851780134
3349.29416548131,2255.41599796256
3373.46084450805,2051.22711414931
517.48182679938,276.671692896038
2259.44425920407,2011.61018559318
419.161481045483,59.3849673968848
2079.03503723543,1121.36120532484
2994.33712944941,1960.39115653134
1745.99016520128,994.021077823009
592.65737876886,357.320440313863
2908.25039159559,2594.58541692775
697.650611822695,138.740100821041
731.916997339204,572.747595697116
980.618440496676,574.12206056539
204.335586357157,39.2935250577073
248.611302823573,70.5828135295854
2407.48086118481,2314.51798729833
1179.84421490443,733.802537908954
589.621528341733,237.903698523259
3812.52091010427,2808.63810744273
3599.52862466704,2777.79349878117
235.896708133996,52.5934939301206
3049.07290675994,1953.35713044076
4475.72495923328,3067.60345880042
423.940753348617,273.275956162656
3550.80418495199,1777.54690361363
2780.41275099893,1920.41039903949
223.903461913331,28.9850385456545
338.936188729981,147.997525963237
351.891257997832,194.48677886073
3086.25486778148,1883.70410196912
2478.80900806669,1728.91510253912
3356.62837668798,1978.62302875461
3425.94255838505,2578.8599218172
2729.22380436964,1478.31781670298
2650.11060348803,2356.31788946877
247.61937341291,39.940332054542
2413.49249984393,1672.4811920653
2830.97066824973,1416.02221782034
385.766825283454,103.812522991967
281.975889855079,73.3317432661328
3040.41612300572,2434.78366327228
2406.15828863726,1515.79219708209
452.496036979421,156.648569545901
2941.70518481866,2716.18513233267
4174.9927955237,2826.62742704219
2708.69397405094,1820.27659084202
3697.27796560464,2602.02369739135
236.58802550534,52.8360465539336
2869.92619514372,2598.91093871908
1052.15695559334,636.619786634542
2445.92533255877,1652.63230234993
3683.66145953119,2213.333117731
376.148218482049,102.721036184809
2672.53412406944,1612.28771592237
1109.17735429634,561.549749564416
2731.17740629567,2442.18151829857
3807.65150687547,2875.01667549289
192.70307082038,2.42552623813008
760.923123763078,338.23963390724
3858.53999199726,2293.94143971152
342.302682293996,51.4211562483577
2834.66772968473,2348.75833269326
1298.84458409783,605.128370976153
3252.23636771278,2546.07489216515
4150.6454783161,2688.00860253306
564.372600813899,393.743759323116
3471.81140952429,2787.49560373369
3035.00570842524,1937.71248620482
202.441933727399,11.7638022549309
3168.91489934434,1706.1960067753
4113.46351729455,2694.80007599982
3161.91155707228,2107.78230093504
2190.79136378077,2020.66548354887
2971.10194130865,2397.59226095428
3017.36157304583,2668.07886194309
601.434362179261,433.967069438774
3429.36926467602,2511.5919941464
465.901986673296,153.495385436332
3213.94227762439,1906.14021967183
198.504303631745,80.2849184821057
388.261664358897,184.461270409793
9378.78710239437,3922.72273405318
6163.46240641678,3278.38168889392
2752.60892220051,1763.15544793406
6200.88461621887,3552.46615380262
301.814327536527,25.5488763749702
8947.36170951233,5665.34205983773
209.385364336133,61.0019848889715
1005.53672488762,462.871257109824
489.076849188236,278.652539323844
3238.71018072977,2741.81485958224
435.362844221166,36.2211918227425
796.752481139504,453.169152157303
949.478149231815,103.125290557831
3311.21051887363,1749.61292643783
486.371604265043,189.191046574146
2693.90542724733,1637.71531598543
6252.58506996364,4492.80225088835
2475.77308237365,1951.94224013518
556.527409353115,246.999421916247
892.578025450913,597.568814200648
162.885352103071,48.9956300102276
3264.56010653852,2695.89156280698
836.068607002036,647.130400333106
3411.12390521796,2977.93983886421
572.788909989843,272.063193043591
3034.58482146383,1848.45312064163
2579.41363651646,1755.63631659585
936.793585639807,531.23067158779
2948.22772846598,2550.07701045806
8839.78384515398,7061.15155900699
269.261295165502,21.7084598312642
1069.62075385553,824.153390279299
205.868564752459,24.4169641305095
2031.24238947,1492.99225044367
251.256447918675,33.431836648893
2348.95755281704,1862.8041508839
2822.19376010524,2577.48545694893
412.037713319521,33.6339638354038
2634.02959050035,1606.54730382546
1530.77362163036,973.444530236206
1644.90443706315,868.54052043708
2684.16662078974,2229.09903827885
1283.75527472308,848.732056159018
3239.82230979662,1894.3764174169
486.401672995565,335.692831357203
2713.44325288946,2504.63881893042
6914.70649426201,5092.47318782871
561.817699543319,254.761105878263
844.214410502138,411.571377173373
562.809628953982,326.597107964215
2424.55387884907,1595.95583925229
2806.92411361327,2509.48987140668
239.714082124035,95.767860968836
2754.44270079991,2140.6077560244
362.561931670946,186.522967712203
366.228999641325,89.7848962481152
3881.92541089177,2276.96275604461
3033.86347299492,2211.59482392701
3114.47958354131,2413.72201043785
906.194380992539,803.374715505985
533.683189975063,141.650732306797
3765.93071049611,2623.6108809107
4231.8929193046,2689.26179108943
563.861620559783,91.4019137402019
4073.75683663181,1836.77016926131
328.836632772029,76.4849273757019
596.23431581358,345.233234560515
2101.2780701678,1303.76077843222
3124.63927696031,1731.86615946218
521.65991265683,214.05269051498
3770.07876525599,2505.24520048996
2840.52913759009,2620.74067486225
2790.6025507814,1794.56601271784
2918.77075924904,1940.74439400248
2706.74007106127,1591.34733939984
481.381963747112,338.603462842959
3000.52910522575,2666.21929182719
2202.78453473553,1321.14371647215
1779.89580121743,1064.84644397641
3085.7138564298,1601.41327328808
503.444659562252,329.911993822993
229.554426337992,9.05529795568564
3427.38525532287,2466.07295174416
219.03403986806,12.9765653739959
2413.55256203907,1721.1129931398
1887.0833365733,699.400490764809
3245.80384209226,2261.8436424936
7336.30276159604,6942.26034790131
489.377423594601,105.186987860241
3679.18283690033,2038.61437771103
3081.71603242367,2021.91867210524
3703.98084636919,2480.22185479991
3451.61214707657,2516.88772643298
1912.72296943316,1123.82715700027
451.053227142733,149.73581976723
1581.72216894729,1248.53963107746
4016.13506331836,2464.01125444175
144.399555699696,13.5829469335285
4240.66982744909,2583.34714535774
2138.55019974796,975.829631037034
1345.43478370598,640.177225117133
488.956611899099,97.9912600204553
321.652727585021,86.2678832028265
3863.52982067996,2844.05079051943
8023.07226567315,7160.39600758381
3049.58381174815,2123.02269079796
786.202082388482,472.169107689322
2783.89967001685,2477.10909612765
3376.52687656456,2574.9790798362
675.708190929646,45.236064341126
3083.15903042513,2660.8022832287
3155.328800698,2205.04590308406
3260.47226450559,2139.31414203073
1266.56198213674,911.593611163889
3797.97291314484,2407.94117290364
5922.87643459821,2809.85087056179
9074.29796558648,2276.27552361048
5382.82126101792,2586.2577768435
7955.95253680993,4441.6236472638
3061.2765211954,1976.35920426569
306.323056530865,146.501784783057
2979.21771371119,2700.09580828641
2236.53993999792,2044.55691699445
1877.40459231085,1250.43962663066
2760.8749253568,2140.00137446487
3718.55894969209,2614.79813557883
2524.10674149076,1972.96346753231
567.16805192866,459.232967752629
654.817686376489,338.643888280261
1259.85910137219,726.525959194564
488.806305879439,179.205963560511
287.085805295101,51.016901875336
418.740669349981,87.2380936980786
640.359707443859,362.535321725843
2958.26729749471,2468.05379817196
3844.08201306463,2745.25102175293
2482.20560799418,1542.19000764041
2635.92297969943,1535.39853417364
2710.5274515867,1679.83862165429
2499.96986776387,2271.02021676119
3813.21245327334,3191.38614781965
448.798862645564,119.578443539813
6468.34232382261,2446.74959271372
489.798235290103,305.818433190901
4628.871514287,3606.51496347562
3568.77918926602,2565.03442225986
2960.97235425313,2082.59725349579
4347.73708788287,3158.6819690422
802.673951240007,300.320573717806
2708.72408041442,1679.47479271857
2434.59329734597,1615.84515440496
3204.26338283012,2103.94188439133
1043.25977252676,498.203089311919
471.222270328114,191.49529650037
438.488900839861,269.43553961895
350.388348333053,227.393084824695
2747.55918185449,2430.82197041666
3758.71692474335,2462.19210976315
482.584261372572,205.442072369618
2856.52013255098,2612.2917584661
3074.71269015162,2687.15966834971
623.857807494766,470.835068258351
3953.70440056671,2964.8419971783
500.529008791308,360.150220925015
3318.48451735334,2093.71424875389
4137.32973481379,3148.17135534364
2663.54647138061,1680.1215997154
3736.32351052542,2530.51109880381
360.127192423595,156.567718671297
207.130999838964,65.0041031818862
451.744582147031,60.4764542040434
2991.21088466594,2401.35182662338
270.944541947509,116.303983118337
895.16303308497,250.79941302265
1555.18085050129,1397.62864384785
945.059588796092,450.743625919173
223.963599374377,61.0019848889715
712.379171697076,331.892840250799
283.538936980904,77.3338615590474
2124.60312580354,1571.9431294948
739.100902526212,437.079828111041
3951.35971697911,3270.01362337237
2314.02995629266,1538.75384546972
3486.69027541833,2112.02697185177
418.169589267774,195.214436732169
588.62959893107,262.15896090456
756.654869347015,264.705763454596
166.973250585429,12.1276311906504
171.481979579766,33.8360910219146
2546.07926874729,1781.42774559464
3772.69380398762,2451.11553994235
3237.38760818222,2512.36007745514
3433.39689398199,2440.03897012156
2125.59513048011,1487.37311465867
1292.95306982899,1019.48910332338
2774.76178657427,1755.47461484665
588.77990495073,181.186809988317
871.777764722279,360.877878796454
2493.68787396073,978.497709898977
5383.39207766945,5247.22176182141
392.950730470462,8.93402164377913
3546.38577504808,2444.28364103829
308.637520856125,178.235753065259
2756.7569769604,2624.25768790754
4911.11776869434,3898.9121514822
3020.72806660984,2428.84112398886
539.033579993358,218.822892116635
3405.89382775471,2441.97939111206
2421.54805951951,1531.51769219264
905.953906414266,556.536995338947
1420.79055989383,961.316899045555
5101.77715370422,3218.3094890629
4209.13883085221,3544.30021546758
3843.72133883017,2420.83688740303
7880.4764857,4665.2167409821
3246.10430359976,2594.66626780235
3869.90213357353,2954.00797998132
3684.68357057124,2385.94973501126
428.209007764681,16.8169819177019
2700.2777401409,2472.90485064822
3139.42782376392,2130.66309844807
425.53383157201,257.227057553695
376.118149751527,198.084642780623
3604.48834698626,2428.88154942616
370.797866096708,261.188750409308
6746.86171149511,4633.24022007608
2741.12665623396,2424.47517676022
363.6139609097,136.193298271004
2819.48840228319,1620.13025075899
1029.73358554375,725.757875885822
270.163018384597,42.4467091672764
6807.69944655519,2767.60628858103
2642.68607319093,2511.83454677021
2092.65139277706,1182.03978671539
3679.54351113479,2746.01910506167
2886.03731449488,2687.40222097353
424.391633774642,69.3700504105203
2848.67501635611,2580.7194919331
3644.88657081807,2410.8922298267
7833.70564791098,5829.87358965756
430.944321418397,121.518864530317
3409.92145706068,1771.28096083179
3413.43848244208,1912.60828964017
2433.81173615011,1683.7598890726
3241.05456325374,2457.09850466307
2551.15911545679,1444.32002393186
3482.06112097008,2493.64309998423
3372.16837832398,2283.67337863677
2784.0499007706,2648.51295028884
3219.5330293221,2641.80232769668
4859.98873372837,3244.3838961228
2845.39854081889,2468.49847798229
6311.37858294362,4518.71495619904
644.50776220374,523.266860439263
2762.01716078712,2599.2343422175
2612.08686854366,1623.36428574316
1146.47959023997,435.988341303882
3323.1735834649,2264.14789241983
3221.81750018274,2608.45134192239
4166.36611813296,1963.22093714249
472.364505758437,269.961070303878
266.856624648674,13.4212451843198
208.152979163673,23.0424992622358
2509.13755650629,2389.18376999543
1161.77919256361,866.68095032118
3037.7110662473,1858.80203259099
4059.99009980462,3247.77963285618
1102.98537851999,962.610513039225
868.501439716879,693.82178041711
2515.50986939987,2336.91367956373
5246.26662394009,3242.72645319341
404.553196093193,20.3744204002927
504.947569227031,88.6125585663523
3010.14748622943,2514.30049844564
1811.48701054127,1231.31839478674
1989.22113158314,1514.17517959001
3222.268192444,2058.5036928637
165.800984057538,18.4744248470908
3054.7238711846,2109.92484911206
677.511637367836,444.235130513524
477.955332722052,286.171670662047
3522.45934480189,2026.44632108308
903.368898780209,524.075369185306
3557.62749117045,2952.87606773686
399.954298540242,52.1083886824946
5815.92959961834,4373.78976347077
3245.08249362334,2507.26647235506
3486.08905133969,2157.90984318973
445.943349335665,105.91464573168
4006.60670034148,3568.31292522507
888.61030780826,655.538891291957
2680.67970177182,1681.57691545828
3492.34123984299,2368.28381891021
3132.63462390893,2029.68035606725
1672.61809730295,1147.35476151013
2239.96649575708,1663.83014848263
256.576731573493,37.0701260060881
409.753280091829,214.295243138793
814.005911186896,369.043817131492
4452.85074639061,3386.1963301788
2594.17237802022,2211.75652567622
488.20515706671,111.857185015099
476.031573728817,235.801575783546
421.175408597332,194.446353423428
202.772558047809,31.5318410956911
2908.31030325891,2647.94699416661
2371.59136634734,1545.8687224349
1984.56202130323,1393.99035449066
2917.11761883051,2691.20221207993
206.139089244778,28.7424859218415
2986.1912506834,2754.0637670848
786.38241950571,152.808153002195
476.06164245934,344.9502564994
7764.42187364102,3004.94403098206
344.286541115322,30.8446086615542
5737.9884394669,5160.67090055747
308.968163993012,61.5679410112019
3419.96102608941,2203.14590753085
139.890826705359,68.8849451628943
2082.94254215113,1422.08603341567
2387.52214858127,1599.47285229758
2479.31991305489,1449.97958515416
2011.40410232037,1077.7421584758
340.67953534008,215.912260630879
3324.22580086843,1788.1383681868
4469.26232724927,3332.83475293994
2292.83883970019,1325.91391807381
305.120721272451,33.8765164592168
331.902551929679,179.488941621626
1734.41788120794,1095.73147807526
3398.46929745761,2045.08244767938
6161.3880779732,2824.08062449216
194.175930571113,59.5466691460935
561.36678148434,67.9551601049444
2772.7178655578,2508.03455566381
2287.03764452178,1541.17937170785
4717.45286541854,4389.11100420829
2587.82987042649,2640.58956457761
1619.20474200815,1009.42316943514
6685.66330220058,3872.67604267309
183.956137324024,43.0126652895068
3429.06850210488,1693.82582296084
3402.7377776714,2766.87863070959
534.855456502954,438.37344210471
1279.36682065084,700.208999510852
3087.96822092697,1864.17861575218
4348.66887983249,2763.92757378653
1744.39708697789,1211.59078138328
504.406520242392,186.401691400297
4980.49186205473,3569.52568834413
414.231940355644,147.835824214028
666.149646323378,429.641547647442
3689.76341728074,2435.30919395721
460.160853690022,313.297139091802
3161.18990753974,2233.46498550748
3019.37538769881,1934.43802578334
3258.3380243987,2432.68154053256
1075.30174937776,383.192720187251
2903.891893355,1625.9110882932
519.646022737935,175.001718081085
673.694301010751,485.590352873642
3521.58776557923,1996.57192291678
1693.86927609056,1367.10743868472
2732.59029793365,1575.50056797739
631.973504631391,351.377901030444
1255.17003526062,536.000873189446
2852.49250324501,2098.76742841666
446.514429417873,278.612113886542
411.3162895847,17.9488941621626
603.297946078496,592.677336287085
2289.62272742174,1627.97278559561
3247.39676978383,2674.30437928762
734.892710305286,603.066673673742
2095.53693718453,1430.37324806261
593.198390120544,274.205741220606
971.090002253885,220.116506110305
886.386049674568,552.373175296824
635.129629980609,366.294887394944
2728.9230417985,2450.91341275584
501.581038030062,77.0104580606301
1796.54808245209,974.253038982249
3265.85257272259,2491.66225355643
4373.25644582064,2977.93983886421
2708.06264360882,1593.73244020067
1549.68011683038,946.682890742171
6731.44183424939,5072.90727617446
541.738787283597,220.561185920629
338.72578288223,145.167745352085
492.263005635022,340.503458396161
513.183503652794,138.052868386904
3800.61805823994,2326.12008780405
2022.79604919649,1184.34403664162
3631.27006474463,2221.70118325255
4103.69460447349,2737.40848691631
3346.52889599593,2244.29900270446
917.315897458723,681.006916792322
929.369281140434,488.177580860981
348.254221125021,202.49101544656
529.805716156932,194.729331484543
3427.35545002303,2201.12463566575
3308.44524938825,2986.18662807385
891.014978325088,680.117557171675
2775.90402200459,1796.66813545756
2067.3122214247,1440.76258544927
455.171213172091,183.450634477238
574.983137025966,9.21699970489431
891.556064942681,514.413689670088
5038.955409291,4308.38140591586
2872.39100312159,2472.94527608552
1566.60290374088,1118.8548282121
1964.81390271222,1357.64788635601
2808.06634904359,1765.94480310791
244.944197220239,15.7254951105434
5949.98902129119,4762.96544837874
271.635896951808,19.8084642780623
3540.97536046761,2471.61123665455
5120.3828863331,4032.72034895237
360.638210310665,39.1722487458008
3579.02890071181,2929.10591060319
290.001456066045,107.855066722184
457.876458095285,102.074229187974
4195.70296295963,2801.96791028787
387.269734948233,261.79513196884
3071.76678248538,1611.80261067474
4935.01409257706,3606.63623978752
2562.31051248872,1756.5661016538
153.537250977508,41.5573495466287
4614.6838904984,3036.79927557616
466.112392521047,325.18221765864
2362.6339705538,827.993806823005
2728.29201242002,1960.10817847022
5205.11724633953,2394.84333121774
3138.4060137875,1592.15584814589
4040.81294839695,3108.75655397402
1381.77512133652,940.214820773824
2598.68110701456,1593.08563320384
3028.09238417998,2608.24921473588
2817.08380703227,1902.98703556226
273.860192718454,50.7339238142209
421.115271136287,83.5998043408835
2943.08766902953,2617.62791618998
2862.32132772939,1446.58384842078
2723.843195089,2446.06236027958
3087.54733396556,2909.33787176243
1727.38413150877,1180.3419183487
2348.14603578951,1507.82838593356
4095.48881404416,2934.52291920168
2811.52316169804,2569.15781686468
3018.47370211267,2721.52129005655
867.509510306215,518.17325533919
3379.6528202844,2318.27755296743
3317.01171405204,2319.40946521189
889.421900101695,196.34634897663
5575.4339468902,3862.61010878485
3128.09608961475,1936.78270114687
2711.27890641909,1715.5342827921
556.767883931389,23.4467536352575
190.959705393804,46.9743581451192
2701.96098692291,2354.29661760366
2808.87801660293,1887.22111501441
1107.7345820926,948.097781047746
3944.44639273385,2507.58987585348
1024.35312679493,617.37727847871
1462.51135627319,1214.29928568252
3619.21668106292,2574.00886934094
687.43085620856,490.886085160226
2414.72490383287,1474.23484753546
446.754903996146,328.294976330906
3556.87603633806,2577.04077713861
403.921978549941,208.756958228396
2806.35299589811,2517.53453342982
3246.19462269019,2219.27565701442
516.129223154261,267.373842316539
2475.17185829501,1767.19799166427
3932.90391404035,2729.36382489318
2815.76123448471,1689.298173983
4126.4185865624,2902.34427110915
202.471983641444,60.1934761429282
591.184500201649,93.342334730706
288.228003092469,7.51913133820325
804.357198022014,322.39286248479
715.29482246802,358.977883243252
737.778329978661,296.075902801079
257.207949116746,56.555186785733
3045.49596971522,2448.64958826692
481.111420438316,16.5340038565867
825.458070789968,726.728086381074
525.537424107914,242.107944002684
251.947765290019,128.593316058196
251.526953594517,73.857273951061
2905.21446590255,2603.76199119534
2824.38791187546,2593.08967574757
489.798235290103,287.829113591436
722.929570448098,577.800775359887
2719.15412897744,2534.79619515784
2203.20542169694,1437.6902522143
3708.33934460978,2884.15282432318
220.025969278724,44.7105336561978
2915.79504628296,1741.85124247582
3807.08038916031,3008.66317121385
422.798517918294,172.899595341373
3184.51511370729,2290.70740472735
2983.78665543248,1980.68472605702
2442.88940686574,1545.62616981109
7939.69088564139,6920.18805913433
3656.12828694044,2558.64720316612
855.275789507277,592.677336287085
2426.83834970971,1621.38343931535
3460.96047399985,2097.27168723648
6089.69940738869,4780.38881185597
473.657009575466,102.033803750672
3983.70238113534,2927.56974398571
507.833151267452,217.04417287534
2955.47162058222,2509.8132749051
266.706356261968,131.180544045535
838.83395175332,407.730960629667
3047.99088405657,2304.97758409502
6193.15992547791,4963.03093758717
1298.84458409783,833.127837360381
1629.5146661809,992.848740141246
2856.85070042196,1819.62978384519
307.465254328233,121.559289967619
535.87745464414,42.2445819807656
148.5475916431,0.80850874604336
2577.76049609793,1953.68053393918
262.528270404519,68.7636688509878
4043.69864333623,2815.95511159442
274.401241703092,65.0041031818862
3467.66335476441,3022.16526727278
1048.33954397035,519.911549143183
3611.97278894668,2341.9668592265
3062.89985631409,2018.19953187344
4131.82930220651,3157.46920592314
510.237821784281,257.307908428299
269.621969399958,89.1380892512805
595.422723520145,82.1849140353076
2249.34462798021,1619.76642182327
2895.47565944496,2608.45134192239
5523.6136698188,4161.35409044787
304.00855457265,128.067785373268
185.068285207347,3.59786391989295
174.397630350711,9.82338126442683
390.666334875725,160.125157153887
3040.32610497892,2454.63255298764
583.57978331914,133.444368534457
449.67055476709,147.552846152913
2680.98046434296,2442.99002704462
3632.92320516316,2647.8257178547
2873.65336294219,2367.19233210305
246.326869595882,133.565644846363
3136.93290942256,2505.32605136456
3428.70782787042,2169.22896563434
5167.36386653919,3533.70875089441
3240.96454522694,2600.00242552624
3250.46280184034,2403.89862917342
5200.18763038378,4597.62540981287
176.261233066423,50.289244003897
2812.18429744,2698.96389604195
2995.23881503555,2375.19656868888
3565.59303281923,2443.67725947875
1964.09240371149,1448.12001503826
746.976125084564,277.27807445557
2524.01642240033,1749.32994837672
3403.0382391789,2435.06664133339
2542.08144474116,1955.29755143126
504.436588972915,333.509857742886
4355.52229241442,2815.87426071982
4670.44177884897,3408.75372419341
6323.28203693521,4064.37346635997
460.792071233274,197.963366468717
199.315877108703,32.5424770282453
2954.29957985206,1879.09560211668
405.364788386629,110.321018397617
553.671896043216,135.991171084493
4374.93969260264,3114.0118608233
3476.53058199933,2734.49785543055
2701.02919497329,1661.80887661752
301.48368439964,10.106359325542
1407.14424852054,879.334112196759
1798.92272187135,1409.51372241469
3491.64969667392,2756.36801701102
406.266511605723,36.5850207584621
2100.52661533541,955.980741321669
5503.05403420026,4984.45641935732
542.309904998759,324.050305414179
4178.38939545119,3139.47988632367
748.990015003459,244.331343054303
7287.87908445213,5460.54679446495
2732.86065307768,1929.10186805946
4620.00428705208,3037.97161325793
3615.51961962792,2549.59190521044
2631.35433904177,2240.37773528615
2245.13651102519,1878.36794424524
3003.98561681656,2007.56764186297
3064.28234052496,2309.42438219825
3738.69799941286,2483.57716609599
3489.39533217675,2660.68100691679
952.964917717921,469.581879701984
2155.23243681428,1287.22677457563
886.95716738973,217.97395793329
861.888576979123,596.396476518885
190.749280729576,8.04466202313144
3660.21612897337,2929.46973953891
4955.84438440326,4017.07570471644
1531.88575069721,1056.07412408184
2611.72619430921,2401.39225206069
2829.91875190984,2487.05375370398
2111.07708935234,1190.73125573536
4040.81294839695,3356.60491007361
247.889916721706,42.4467091672764
2979.96916854357,2369.9412618396
709.734026601973,324.333283475294
229.945169302971,21.182929146336
3764.06712659688,3075.80982257276
227.540498786142,76.7679054368171
2651.37296330863,1677.00884104314
789.237932815608,229.737760188221
484.598188924421,340.705585582672
1402.60541316273,717.025981428554
3378.51088591771,2293.25420727739
915.662681774285,608.039002461909
269.351463724116,76.4445019383997
2221.24033767429,1941.39120099932
922.756418402678,368.033181198938
828.133246982638,204.91654168469
3684.50323345401,2697.99368554669
2759.3121040287,2427.30495737138
795.369846396816,132.676285225715
4918.21173112046,2778.3594549034
3191.21829553548,2244.62240620288
2809.29890356435,2587.99607064749
501.190295065083,138.901802570249
1020.92649576987,470.269112136121
2230.6485762609,1341.55856230975
2975.64077666647,2005.10169018753
797.353629952234,429.035166087909
3446.6226194575,2563.21527758127
206.319426362006,66.176440863649
352.07159511506,68.7636688509878
366.469474219599,5.69998665960569
3990.28513750962,2592.03861437771
584.421406710143,427.943679280751
422.197369105564,39.940332054542
312.304626459459,156.365591484786
2615.93446179604,1770.06819771273
655.118298415808,410.075635993192
219.755444786404,67.7530329184336
3555.82411999817,2818.29978695795
1867.90618516562,1472.37527741956
5176.29100543743,4125.21374949974
368.573570330062,11.0361443834919
9507.52612751354,8790.06666154611
6730.02924367504,2919.08040215225
3982.04924071681,2719.98512343907
638.766629220466,287.384433781112
1875.96189537302,933.382921869757
8180.15643200605,6538.69320731377
276.956180606626,64.0338926866341
4991.4331166696,1980.68472605702
7560.68729497302,3140.65222400543
195.468434388142,39.6573539934268
3290.86102567215,2601.41731583181
4054.85004036816,2605.29815781282
2333.20710770034,1700.29389292919
1196.7969576466,584.673099701256
2836.05051495923,2017.26974681549
409.933617209057,2.62765342464092
7619.69155249734,5257.97492814379
4763.68239079224,4613.22962861151
2632.10579387416,2049.73137296913
1210.62375666893,828.115083134912
3005.57884557177,2693.74901462997
726.867181727274,129.846504614564
457.696083345102,278.652539323844
506.660884739561,283.018486552478
974.035684122397,780.413067118354
2819.99960833503,2611.68537690656
2631.71501327622,2290.78825560195
2409.4946758378,1642.20253952597
323.997260640804,151.554964445828
529.715509965364,266.6461844451
3611.431777595,2401.06884856227
2830.21921341734,2566.36846169083
540.65668931432,139.589035004386
138.748610091513,23.2446264487466
543.241696948376,401.384166973226
1127.81341908642,424.345815360858
527.010302675125,26.1956833718049
3545.48408946194,2335.49878925815
341.100384668536,109.027404403947
3599.94951162845,2450.22618032171
460.581665385524,86.0657560163157
473.897446520785,246.958996478944
416.907116548314,91.5636154894106
683.643550949044,89.4210673123956
4628.90162065048,3186.41381903149
3424.28941796652,1855.08289235919
194.476504977478,8.61061814536179
5771.65397723431,4212.97737388274
3191.06776371809,2652.31294139524
201.930934656806,18.1914467859756
3388.460135856,3094.16297110794
1426.38146212335,860.778836475064
5366.61982257633,5159.4177120011
534.524850999021,227.67606288581
3027.01036147662,1826.42125731195
476.332185768136,26.6807886194309
274.160767124818,50.7339238142209
261.776815572129,97.8295582712466
320.540560885221,134.212451843198
1634.08360790219,1214.25886024522
2574.18355905321,1724.7108570597
2660.93143264899,2527.64089275536
4158.3704701207,2975.51431262608
3131.34215772486,2861.99968468159
2812.0942794132,1757.90014108478
8644.2550569153,4680.65925803152
1223.06777041676,942.519070700047
3466.31067585338,2872.34859663094
3054.51342770389,2103.90145895403
3342.20050411883,2233.8692398805
280.112305955844,0.60638155953252
3811.70954360856,2733.00211425037
379.154037811608,280.43125856514
562.418848356049,367.022545266383
4281.18817567118,1969.0826255513
320.991441311246,134.899684277335
4082.98473810119,2862.72734255303
2439.8534811727,1673.93650780817
3471.93153391456,2486.81120108017
3405.05205383189,2602.63007895088
2430.62573023514,1861.02543164261
3176.06877343378,2267.26065109209
3451.25147284211,2071.88451261072
991.228976708744,248.37388678452
2789.40010262413,2376.00507743493
1247.59527420977,547.845526318981
2445.80490710486,1390.27121425886
2536.28024956275,1711.6938662484
7771.51553500351,6176.11746015063
3109.58007394904,2744.88719281721
901.775820556816,371.469343369622
2298.9707532814,1409.51372241469
3601.09174705877,2757.33822750628
3880.09193335601,2880.11028059296
3639.95695486232,2523.35579640133
3044.86494033674,2677.45756339719
322.253876397751,79.2338571122493
3190.91753296434,1661.80887661752
3406.91563773113,2559.61741366137
181.852060030038,8.81274533187263
5525.6873961351,5566.34016388472
2257.24995690204,1908.12106609963
686.168421122055,531.149820713185
328.686326752369,194.244226236917
4975.62245882594,3816.12085588736
2259.71476487991,1606.54730382546
3082.49759361954,2000.33148858588
768.076997852518,189.554875509866
2164.2199389713,1539.27937615465
1880.17001232804,1744.31719415125
3835.42522931041,2546.64084828738
5098.68101528423,3414.53456172762
1517.87861455765,1117.80376684225
400.555484985926,71.6338748994417
3341.65949276714,2490.08566150164
2093.58318472668,1399.00310871613
296.103263283776,26.8424903686396
2846.09008398796,2604.16624556836
5497.49278673876,2112.47165166209
378.402582979218,106.440176416608
642.193260245526,535.677469691028
988.704106535733,112.05931220161
572.969247107072,60.4360287667412
428.629819460182,135.74861846068
236.377619657589,69.289199535916
3097.10580330592,1624.21321992651
2918.4699966779,2552.7046638827
506.059735926831,108.501873719019
654.697486720307,464.730827225723
3598.86748892508,2505.56860398837
291.594534289438,21.2637800209404
769.068927263181,337.30984884929
9969.73106216008,8821.5176517672
529.535172848136,159.963455404679
4211.51331973965,3330.2475249526
3112.34534343441,2892.35918809552
2678.48555000161,2584.3577812903
2229.83690870155,1344.87344816853
390.185385719177,134.737982528126
517.511895529903,39.697779430729
2599.01167488554,1694.43220452037
2012.15555715276,1162.47387506114
3917.45423149478,2500.15159538988
3777.26274570891,2927.00378786348
3046.33774363804,2805.04024352283
620.160595527955,0.889359620647696
2291.60658624307,2030.4888648133
3314.81756228182,2418.57306291411
5304.94031359343,4245.35814916178
550.004790439883,330.194971884108
3736.8645218771,2569.4407949258
2586.4774925791,1959.7039240972
819.686906709125,707.485578225242
2745.51526083803,1780.13413160097
400.64565354454,53.0785991777466
312.004052053094,165.461314877774
4159.06201328977,2503.06222687564
510.748802038397,347.699186235947
514.896819165324,312.812033844176
4419.66630831156,3053.57583205656
3303.63575782278,2161.62898342153
4662.44643190035,3559.05550008287
286.664993599599,1.1319122444607
316.993692571024,138.133719261508
169.588326950008,6.14466646992954
8108.01676809665,3433.89834619536
3059.17238745198,1914.87211412909
629.959614712496,87.9657515695176
2769.7722589552,2550.48126483108
870.996203526412,583.824165517911
179.417358415641,39.1318233084986
3310.21851419705,1879.01475124207
2828.08527437408,2247.33091050212
3194.22411486503,2566.93441781307
3716.96602200052,2481.91972316661
1403.5974178393,818.049149246672
320.17984901781,49.9658405054797
224.715054206766,21.6680343939621
1302.5717518963,739.462099131257
5246.95786604553,4508.6085968735
2800.61201344665,2469.79209197595
319.278125798716,147.835824214028
2663.0355663924,1756.00014553157
4206.76434196477,3085.26937490146
4431.50924851257,1404.0158629416
311.913845861525,133.525219409061
306.653662034798,127.057149440714
3554.62167184089,2174.68639967013
2947.92726695848,2617.66834162729
3513.9828981649,2549.83445783425
292.676632258716,145.531574287805
3103.35799180922,2072.73344679406
343.264542974136,112.584842886538
408.701250853075,121.599715404921
484.748457311127,176.174055762848
532.661229466831,280.107855066722
2688.79547417435,1808.22981052598
3141.59217023429,2010.43784791142
2720.38668349819,2412.9135016918
2887.57033052313,1950.60820070421
5818.66506380388,5643.95700350489
3277.21471429887,2805.56577420776
3672.93064839703,2166.6821630843
2780.47296372588,1532.6496044371
368.874144736427,70.3806863430745
3450.4401063464,2025.83993952355
475.340256357473,48.7126519491125
3075.94494360873,2342.16898641301
1537.29616527769,1308.16715109816
2881.28803565636,1653.52166197058
3827.79055659624,2670.50438818122
216.659456898232,120.103974224741
5290.48203359717,3429.0472937191
4613.96254202948,2673.41501966698
4768.34135054032,3347.99429192825
1024.44329535354,752.398239067951
967.573202670211,788.983259826413
3028.63339553167,1453.21362013834
233.552137445259,41.0722442990027
2712.84202881082,2476.62399088002
281.915790026988,42.0424547942547
259.462313613915,99.4465757633333
362.712200057651,182.844252917706
1608.0531944444,866.276695948158
3377.48877487766,2457.70488622261
3636.71058568858,2467.68996923624
225.947420562749,12.8148636247873
3038.52243274301,2594.18116255473
2810.53115702147,1818.86170053645
4855.87078533197,2713.0723736604
4197.89711472984,2570.12802735994
2685.66953045452,1965.88901600443
2993.73590537077,2006.71870767962
505.578786770284,255.812167248119
855.305895870754,647.534654706127
3939.45686511478,2873.64221062461
3531.95790247893,2297.37760188221
3412.53649579231,1945.15076666842
5788.45633869091,4476.51079965558
2210.50952654013,1556.58146331998
2757.83899966376,2404.01990548533
3572.14568283003,2776.13605585178
6459.44529128784,3997.30766587568
3589.9400489632,2843.88908877022
3853.34002089749,2755.39780651577
2739.53372854239,2117.16100238914
3027.01036147662,2611.20027165894
274.431310433615,107.289110599954
312.545101037732,167.725139366695
1875.90168264607,1373.29253059195
3213.55149702646,2108.14612987076
891.736402059909,690.021789310706
621.032325282436,473.947826930618
3454.07695505444,2298.91376849969
2843.02405193144,2572.35142641156
1018.88257475341,854.795871754343
2763.15939621745,2490.24736325085
3736.89462824058,2399.694383694
3145.68001226721,2051.38881589852
6345.19405040115,5084.38810036828
388.742613515444,145.127319914783
3200.89688926611,2075.76535459172
2731.65850598404,2480.54525829833
3248.11841931638,2007.28466380185
1165.41626706937,576.992266613844
2670.79066456048,1972.7209149085
540.80699533398,241.784540504267
695.215910208298,319.522656436336
4136.96906057933,3254.53068088564
3443.25612589348,2556.3429532399
206.680138229417,21.5467580820556
2357.16349377819,2011.81231277969
2788.19795553048,2489.72183256592
3537.18797994218,2600.48753077386
743.158713461571,239.399439703439
2979.96916854357,2672.88948898205
289.430338350884,48.1466958268821
2661.77320657181,2014.03571183131
265.774526679396,77.2934361217452
3078.59008870384,2375.4391213127
320.600698346267,208.47398016728
4047.12504856356,2831.88273389147
3706.836434945,2544.53872554766
2905.60524650048,2612.00878040498
3378.14991061962,2675.39586609478
286.153975712529,93.8678654156341
2400.17675634162,1763.55970230708
2466.39495015052,1321.54797084517
2518.4557770661,1483.85610161338
1774.75589231279,1411.09031446948
798.225359706715,709.547275527653
4295.82679278467,3193.77124862048
271.064779236646,77.1317343725366
3368.05042992757,2217.0926834001
1169.86485860267,694.832416349664
3037.29017928589,1881.56155379211
2797.72631850737,1872.30412864991
3241.41523748819,2211.02886780478
1829.70226363585,1214.38013655713
3089.8318048262,1737.16189174876
499.777553958918,52.3913667436098
5139.13915077936,5044.69032093755
2890.30549364503,2364.56467867841
1266.74246978578,832.076775990524
735.914746079426,20.4148458375949
4861.16107552218,3581.85544672129
2969.92959951485,1938.15716601514
290.091624624659,160.933665899931
4125.90768157419,2893.8549292757
479.879054082333,339.937502273931
3553.75009261823,2227.64372253597
3985.29560989055,2566.53016344004
3083.85027253056,2524.08345427277
3181.23893923371,2178.04171096621
433.469191591408,201.965484761631
3175.13698148416,2573.52376409332
4268.74431245517,3113.56718101298
2739.53372854239,2291.51591347339
246.86791858052,28.9041876710501
2352.53448986176,1754.18100085298
1325.41600890731,1021.67207693769
7242.7315817818,3750.34866939673
4552.07289062951,2865.23371966576
3795.29766168626,2527.39834013154
276.926111876103,106.925281664234
410.504734924219,333.873686678606
365.417444980844,103.85294842927
2130.49464007238,1765.7426759214
975.628837611699,562.398683747761
374.344734410905,38.4445908743618
3222.86941652263,2182.44808363214
1149.78594634294,871.53200279744
3811.01800043949,2570.93653610598
3598.44660196367,3035.30353439598
238.752221443895,27.4084464908699
8435.53125169187,7663.16717131088
2573.58233497457,1846.67440140034
3655.76761270598,2704.01707570472
2597.56897794771,2294.10314146073
3094.4007465475,1817.00213042055
3507.91134784247,2664.40014714859
475.039681951108,322.635415108603
3185.95811170875,1959.01669166306
2861.32962411645,2404.38373442105
1911.22005976838,1438.70088814686
6736.37145020514,5063.89240365608
3256.59486595337,2689.10008934022
1819.99341300992,1277.96934943344
2126.43675387111,1295.23101116146
433.799834728295,244.856873739232
2713.59348364321,2385.66675695014
3106.30389947545,2292.44569853134
1488.69215101655,553.585938415889
3129.8091416966,1900.76363651064
6260.36997343156,2344.51366177654
2533.96567233863,2348.59663094406
6847.76740357966,2343.30089865747
2843.83571949079,2121.68865136699
2178.31724366947,1650.61103048482
2868.15262927128,2539.48554588489
2946.87504955496,2761.25949492459
2816.33235219988,1905.93809248532
2236.99078279099,1395.97120091847
579.642172039964,365.324676899692
4000.80550516307,2436.96663688659
2960.07066866699,2764.08927553574
657.252463256795,142.863495425862
812.262526943843,685.130311397143
8921.84235157456,3006.07594322652
2839.02622792531,2520.20261229176
4219.50896775191,4078.92662378875
2521.01060307078,1570.16441025351
1360.19337467793,780.049238182634
2427.31929886626,2218.70970089219
3830.58593244509,2513.33028795039
2581.96876358476,2366.2221216078
318.406433677189,16.2914512327737
3530.51490447747,2414.89434811961
557.819950803098,427.418148595822
804.988453198221,352.79279133602
1058.37903773317,757.168440669607
303.948454744559,127.703956437549
2675.29939355482,2519.71750704413
2907.7093802439,1944.94863948191
3055.35520162671,1880.95517223258
2711.00855127506,1449.69660709305
4871.83167392938,3325.63902510015
2639.22956160012,1903.39128993528
289.610675468112,171.565555910401
2170.17136490346,1250.72260469178
680.096645001893,430.975587078413
405.78560008213,36.6254461957642
1444.98749581586,855.280977001969
2066.98165355372,1040.22735265939
2981.50218457183,2894.46131083523
3806.68960856238,2555.61529536846
2757.02763316805,1905.08915830197
255.284227756465,16.5340038565867
195.859177353121,24.4169641305095
2615.75412467882,1984.76769522454
3262.06519219717,2869.76136864361
660.438619703581,450.015968047734
1299.95671316468,922.548904672776
433.048379895906,43.5381959744349
740.4835372689,219.712251737283
2817.62481838395,2440.766627993
786.83326229878,506.61158027077
399.112675149238,186.401691400297
3105.40191282568,1863.77436137915
647.994530689846,339.977927711233
3545.42387673499,2458.95807477897
336.50144948263,27.5701482400786
2515.38974500959,1768.85543459366
217.350793086053,27.6914245519851
2508.3861016739,1386.87547752548
3204.80439418181,2271.46489657152
6129.22605199784,2729.36382489318
3262.06519219717,2293.09250552818
1546.52406674707,666.534610238146
3003.47471182836,2523.07281834021
2917.80886093595,2547.53020790802
2361.55194785043,1480.17738681888
3007.47253583449,2052.72285532949
2360.49988097873,1637.27063617511
3671.00715283448,2625.26832384009
7737.51942936512,3196.56060379433
1166.76887071449,808.50874604336
2664.89915029164,2519.43452898302
367.070660665283,114.040158629416
1119.60755339118,164.288977196011
948.005345930513,638.115527814722
3241.17498870764,2553.31104544223
2952.25565883559,2539.6876730714
711.236936266753,618.145361787451
524.365157580023,370.014027626744
379.93556137452,214.98247557293
4360.27127018931,3277.89658364629
3091.69538872544,2023.091009787
5511.32003735654,2573.32163690681
484.898763330786,292.720591504999
3786.701090659,2608.33006561048
410.053854498194,6.14466646992954
3202.73036680187,2374.63061256665
3698.93110602317,1975.95494989267
1120.20870220391,196.467625288537
3627.75334042686,3332.75390206534
3215.71554243319,1948.06139815417
7035.93157318455,6251.59175159377
297.516004389941,66.5402697993685
9548.91635602192,5171.70704494096
2682.27293052703,2510.86433627496
413.119811288798,87.5614971964959
1799.7041325354,1421.72220447995
582.22717967402,361.726812979799
2672.83458557695,2560.74932590583
3570.04154908662,3132.5267111077
4397.03264531308,3126.50332094967
2404.7455475311,1621.94939543759
3009.9671491122,2278.94360247242
2820.08962636182,2495.58352097474
351.440377571808,202.814418944977
167.364012366885,24.2552623813008
456.583954278256,121.76141715413
2929.77192552722,1937.87418795403
2663.15569078268,1785.34901301295
2626.4548294495,1733.60445326617
3005.00772785661,2517.53453342982
2812.66539712836,1830.58507735407
2710.34711446947,2037.03778565625
845.025927529665,484.943545876808
2880.6268999144,1904.15937324402
3710.32305289928,2432.68154053256
3017.51180379958,2921.99103363801
3285.1200432207,2513.93666950992
2397.17093701206,1551.73041084372
4452.49007215616,3510.54497532027
230.907029983111,10.0659338882398
3252.23636771278,2041.96968900711
5327.09317796719,4075.08620724505
2969.14833938262,1891.42536049384
491.301144954882,120.023123350137
4365.65187946995,2848.94226843299
578.439874414504,228.807975130271
953.475897972037,704.45367042758
2270.02468905266,1586.65798867279
328.956870061166,39.6573539934268
3115.35116276397,1855.20416867109
5631.97369750028,3079.00343211963
3726.58470406783,2301.78397454814
583.519721124003,137.406061390069
256.155919877992,14.8765609271978
2827.18328772431,2581.40672436724
2127.33843945725,1221.85884245803
358.684420219861,117.718873423913
588.719767489684,372.520404739478
3142.07296885902,2563.29612845587
3837.31891957312,2875.74433336433
2787.68705054228,2582.05353136408
406.266511605723,39.3339504950095
223.723124796103,95.5657337823252
631.101774876911,216.356940441203
8104.89112544045,7512.94624629602
253.8714866503,88.7338348782588
289.370200889838,86.3487340774309
1900.66973628326,1189.47806717899
2393.17311300593,2254.08195853159
1195.65472221628,760.604602840291
3355.51624762113,2622.27684147973
2717.02018993418,1953.72095937648
2527.08245445685,2403.21139673928
420.093310628055,300.158871968598
5121.91590236136,5011.58188778707
176.411539086083,38.8084198100813
2286.76713884593,1659.22164863018
497.643426750886,139.589035004386
209.716007473021,68.0360109795488
2402.40101447531,1528.44535895767
694.915373434887,387.154413042863
2759.07155418452,2429.16452748728
5626.6533009466,5471.01698272621
4330.54394582834,3222.67543629153
4125.39677658599,3125.1692815187
3031.99988909568,2267.05852390558
2957.9364285601,1863.49138331804
3483.38369351763,3079.16513386884
2919.22145151029,2359.55192445294
2835.11872300962,1880.91474679527
3166.66053484717,2382.19016934216
1536.99555323837,870.763919488699
3508.87324615556,2472.94527608552
4068.67698992231,2789.88070453452
3054.99452739226,1962.89753364407
437.226465753356,101.386996753837
2757.29798831208,2311.80948299908
762.125496654447,243.563259745562
1871.09234161241,954.727552765302
3144.14699623896,2636.10234103707
318.01569071221,74.5445063851978
444.410370940364,198.650598902854
2836.9220941819,2410.16457195526
2377.60300500646,1979.39111206335
740.363337612718,414.077754286107
592.356766729541,18.3531485351843
8312.50280159705,6737.90976233885
2820.99131194796,1870.92966378164
4208.20703890259,2292.32442221944
245.395077646264,90.3912778076477
4460.06453214337,3149.66709652382
2589.63354266241,2570.12802735994
2455.36367750886,1655.09825402536
3255.51254218637,2542.15362474684
3614.70795206858,2755.8829117634
2706.68015939795,2160.82047467548
3204.41361358387,3062.50985370034
311.76357747482,100.942316943514
2498.37694007229,1658.45356532144
397.519596925845,216.720769376923
930.751915883122,417.918170829813
3038.43241471621,1929.38484612057
3436.67336951921,2494.20905610646
7016.63399632297,6321.77031075034
2654.31887097487,2398.64332232414
635.850978449522,493.19033508645
4527.78578614886,2794.40835351236
368.54350159954,17.7467669756518
203.644250169336,55.5445508531789
2736.49780284935,1842.79355941933
189.937726069095,25.3871746257615
1073.64853369332,767.719479805473
800.479724203884,290.941872263703
2367.95436710748,1103.29103485077
301.603884055822,12.3701838144634
3226.95725855556,2363.27106468474
639.668390072515,7.64040765010976
185.158472582438,45.9232967752629
3331.40948025771,2141.17371214663
249.543132406145,27.9339771757981
3273.72779528094,2116.55462082961
1232.56617756198,500.547764675444
2241.9503545784,1327.12668119287
425.804337247852,196.629327037745
7318.6887325801,5766.52692940506
2838.63544732738,2678.54905020435
2241.80012382465,1276.51403369056
4418.25371773722,3185.60531028544
4875.79939157203,3475.01101593167
3352.60044631837,2353.44768342032
3272.01444213546,1810.6149113268
2858.11336130619,2595.95988179602
2149.22079815517,1817.81063916659
1607.66241384647,956.142443070878
2261.99923574056,1850.87864687976
2035.30027567127,1168.94194502949
559.503197585105,132.433732601902
2824.77869247339,2251.85855947997
3567.45661671847,2254.68834009112
375.607169497411,85.7019270805962
227.660736075279,31.0063104107629
566.987714811432,32.1382226552236
686.529095356511,334.601344550045
205.387634412388,84.7317165853442
793.656493251332,88.6529840036545
4913.40223955499,4624.83172911723
1688.45886151008,966.491355020233
3416.02341481023,2639.17467427204
585.924316374922,142.176262991725
556.617577911729,267.252566004633
613.187133821652,481.345681956915
3036.56883081698,2509.8132749051
3465.9801079824,1874.48710226423
1152.40106034048,887.095796158775
3995.21475346536,2647.86614329201
2777.76760590383,2211.31184586589
1778.33282935751,1188.18445318532
360.517973021528,179.084687248604
7294.16168038254,6151.3366670844
3601.15165872209,2395.61141452648
266.285544566467,49.8445641935732
442.847361447493,82.7104447202358
1958.65188276753,1127.38459548286
515.16736247412,115.374198060388
3497.36087382553,2403.41352392579
899.942267755149,697.015389963981
2626.15406687836,1325.95434351111
393.822422591988,85.9849051417114
365.718019387209,42.2041565434634
2744.13247556352,2498.17074896208
4249.74749816472,2815.79340984521
268.660108719818,82.2657649099119
444.771082807774,186.805945773318
2663.57657774409,1963.09966083058
4742.07053777017,3622.44258577267
2961.81412817595,2065.61856982888
2154.9018689433,1351.22024182497
657.462831471591,150.584753950576
657.823505706048,214.861199261023
2805.81198454642,1861.63181320214
3085.74396279328,2759.11694674757
3480.16743070737,2489.80268344053
1344.23248608052,578.124178858305
339.537337542711,49.4807352578536
267.938722617951,11.2382715700027
3347.70123778974,2756.36801701102
3501.65915933917,2081.58661756324
3035.18604554247,2086.84192441252
3013.81474236458,1973.44857277994
3159.47655439425,2520.84941928859
524.605632158297,50.3296694411992
2697.30202717482,2440.64535168109
995.647537144467,791.853465874867
4970.8132683241,3109.68633903197
275.032459246345,169.948538418314
495.208725136489,3.23403498417344
229.945169302971,89.9061725600217
3255.66277294012,2009.30593566696
701.558192004302,548.330631566607
2319.22992739244,1644.10253507917
2840.16846335564,1763.23629880866
1641.59815622609,896.51492305018
5489.6175641804,3443.23662221216
2738.69195461957,2183.499145002
2342.67540848208,2119.26312512886
2192.68505404349,1637.43233792432
3395.91447145294,2161.0630272993
3008.85502004536,2543.89191855083
544.955050093861,278.692964761146
2679.11688044372,1945.95927541446
2925.20328486957,2482.20270122772
494.908150730124,285.565289102515
2813.53697635102,2709.67663692702
2298.06906769525,1392.41376243588
779.469019994544,264.58448714269
4456.21723995463,2441.41343498983
2498.76772067022,1809.52342451964
2994.1266859687,2533.42173028957
3932.12265390812,2772.21478843347
465.060363282292,126.774171379599
2109.66434824618,1352.87768475435
912.416463132361,633.466602524973
218.793584106264,9.66167951521816
500.288571845988,196.669752475047
2756.63685257012,2527.27706381964
3332.40148493428,2277.89254110256
358.504045469679,131.786925605068
418.410026213093,192.910186805946
2706.89060287866,2493.27927104851
2219.22637248949,1638.88765366719
412.157950608657,143.793280483812
2775.48343610681,1509.56667973756
5006.76327695216,3561.68315350751
2909.09186445477,2417.76455416806
9007.2980600499,4908.17361916812
334.517628294258,37.8786347521314
2713.32282743555,2448.85171545343
3061.21660953208,2051.186688712
412.668930862773,312.246077721946
879.833324397859,372.439553864874
4580.50774880641,2855.04650946562
338.665645421185,237.256891526424
450.331841040866,98.3146635188726
2908.94163370102,2329.03071928981
1091.95403061242,599.630511503058
3021.47952144223,2036.51225497132
2790.24187654695,2133.45245362192
274.491410261706,46.8126563959106
4212.17475654524,2769.14245519851
4251.88143720798,2827.03168141521
320.961372580723,154.829424867303
4273.94428355494,2945.88246708359
2445.44423287041,1757.53631214906
2614.04077153333,2128.64182658296
2034.57892720236,1330.07773811593
493.405241065345,207.665471421237
2443.70107442508,1377.9414558817
3418.09744219017,2266.61384409526
329.197307006485,43.4573450998306
993.753922147663,275.863184149995
520.217140453096,331.003480630152
3251.60503727067,2647.17891085787
3305.31900460478,1993.78256774293
5231.74873334414,3705.55728486593
270.132987287028,69.4104758478225
2434.05228599429,1577.64311615441
1574.71867614342,1481.55185168716
2277.99023070144,1802.85322736479
3026.22880028075,2528.69195412521
306.383156358956,19.0403809693211
3648.91420012404,2517.1707044941
5966.55113396723,4447.60661198453
3163.89526536179,2063.79942515028
3880.06182699253,3097.88211133974
404.613333554239,286.090819787443
2854.56653062495,1790.80644704874
2308.85994102455,1476.09441765136
2922.31758993028,1662.09185467864
3255.12176158843,2342.08813553841
1023.27102882565,557.547631271501
2788.04772477673,2584.317355853
392.800462083757,63.9530418120298
500.318602943557,219.146295615053
9329.85221919862,8285.31465139124
3585.97233132055,2116.3524936431
520.277240281187,264.624912579992
2620.38297806343,2437.65386932073
4599.98536172158,3800.67833883793
238.782290174417,56.1509324127114
286.664993599599,144.076258544927
2968.42668985007,2646.41082754913
2714.25461938517,1894.57854460341
4069.48835641802,3197.65209060149
2770.37348303384,2497.16011302952
421.205439694901,177.346393444611
565.935647939723,266.363206383985
4171.05518424452,2872.42944750555
3978.80287154307,2864.50606179432
409.272330935282,88.6934094409566
638.435986083578,368.558711883866
409.933617209057,101.589123940348
433.348954302271,101.548698503046
2135.00336906672,1914.54871063068
3565.53282009228,2795.98494556715
2672.38359225206,2044.47606611985
350.749060200463,222.056927100809
2934.46099163879,2182.48850906945
7454.82248269652,3447.84512206461
2767.54800082151,1749.28952293941
2761.38613140864,2540.98128706507
1178.76204166925,777.017330384972
3417.25566826735,2705.31068969839
3500.96791723373,3120.80333429007
757.436355276973,309.33544623619
2707.58184498409,1743.67038715441
3844.80336153354,2567.74292655911
2401.01837973263,1462.18806721942
2007.70689035356,1421.76262991725
216.809744101414,5.90211384611653
3732.7465734807,2757.37865294358
78.7224108754385,22.9616483876314
3673.14109187774,3074.7587612029
5311.07237770646,4299.68993689589
420.694459440785,85.2572472702724
8986.73842443136,5112.24122666947
4007.68872304485,2352.88172729809
4251.85163190814,3389.75376866139
404.432996437011,273.599359661073
6601.41004188251,4599.60625624068
3194.31413289183,2218.26502108187
3463.45508727757,2269.72660276753
3084.51170933616,1774.59584669057
3766.35159745752,2454.47085123843
3772.42344884359,2482.08142491581
3124.87982680449,2576.59609732828
1014.52407651282,596.153923895072
658.544929440868,129.563526553448
2983.27544938064,2325.63498255642
694.464455375908,400.858636288298
2010.02131704587,1435.87110753571
1334.1929170518,1138.17818724254
602.275985570265,521.52856663527
630.230120388339,464.245721978097
385.406151048998,199.014427838573
375.667306958456,245.544106173369
431.605570059218,190.282533381305
3124.24849636237,2466.11337718146
232.710514054255,101.06359325542
2604.57232021977,1969.52730536163
3296.39186570654,2343.22004778287
464.248770988857,120.346526848554
2158.83948022248,1842.87441029393
760.502312067577,415.735197215496
1057.23680230284,559.20507420089
2489.6900499546,1783.85327183277
514.536144930867,187.857007143175
2876.53905788147,1827.51274411911
3394.71202329566,2553.67487437795
3133.92709009301,1899.34874620506
2684.19642608959,1818.17446810231
313.356655698213,54.2105114222073
4452.49007215616,2946.56969951772
446.815041457192,274.973824529347
3353.74268174869,2536.37278721263
936.943891659466,469.743581451192
3068.97140663652,2171.16938662484
159.789345398421,18.757402908206
3961.27886055392,2723.54256192166
385.496319607612,188.261261516196
271.094847967169,55.2615727920637
3661.74914500162,2293.4967599012
3580.47159764964,2315.08394342056
2972.54493931011,2526.5898313855
1320.90727991297,1164.81855042467
2922.67826416474,2084.6993762355
549.072998490265,419.050083074274
2899.53339511441,1990.46768188415
2799.4998843798,2473.91548658078
311.252597220704,18.9191046574146
302.205070501506,83.963633276603
3467.7533727912,2178.52681621383
191.380517089306,21.5063326447534
4083.01454340104,2802.33173922359
3089.47113059175,2349.93067037503
2723.39250282775,1651.78336816659
333.706036000823,167.563437617486
538.763036684562,129.40182480424
2872.9019081098,1613.13665010571
5174.60805971906,3377.46443572153
495.539368273377,217.448427248362
3505.77710773557,2301.21801842591
344.647215349779,1.98084642780623
3031.39866501705,2666.66397163751
378.192177131467,62.4168751945474
277.797803997629,103.85294842927
439.180255844159,22.1935650788902
483.846734092032,98.1529617696639
2637.99700707937,2297.49887819412
3184.39498931702,2236.05221349482
2651.52319406238,1422.81369128711
1185.1644609263,650.081457256164
2125.32462480427,1111.41654774851
2239.6359278861,1359.06277666159
219.124227243152,23.6084553844661
4045.65224526226,2774.5190383597
3450.83088694433,2201.00335935384
2857.90291782549,1659.94930650162
403.531235584962,121.76141715413
3005.39850845455,2136.76733948069
2418.36190307272,2106.81209043979
3101.67474502721,2409.1539360227
3087.60754669251,2156.17154938574
2349.97951332527,1567.09207701854
4132.64066870222,3291.1561270814
3514.64433497049,2113.76526565576
3003.17425032086,2533.01747591655
4395.67996640205,3323.57732779774
458.537706736106,314.833305709285
299.800399984678,137.284785078163
3609.11720037087,1802.04471861874
3252.53682922028,2614.43430664311
3157.22218989708,2221.98416131367
2977.59467965613,1934.19547315953
4484.74241722195,3128.96927262511
5336.56162928075,5134.39436631106
5683.10213033898,2591.8364871912
3626.07009364486,2593.41307924598
4972.91770313115,3437.77918817637
730.113475635106,521.205163136852
2932.26683986858,2666.4214190137
4731.70040087046,2989.98661918025
1917.14152986888,1394.7988632367
3357.01915728591,2267.4223528413
3038.88310697746,1828.11912567864
2540.93920931084,1759.51715857686
3536.82730570772,2167.28854464383
482.433992985867,110.927399957149
1288.59472212022,546.430636013405
1593.62517134343,616.124089922343
767.325543020128,130.735864235211
402.208663037411,130.816715109816
3741.25312648117,2117.96951113519
215.697596218091,13.2999688724133
3068.46050164832,1974.17623065138
2186.31274114991,1351.70534707259
477.654720682733,211.869716900663
2747.43905746422,1699.24283155933
2636.10331681665,1845.70419090508
1195.26394161834,647.21125120771
2895.77612095247,2593.41307924598
4358.64823613426,3171.01172741936
511.650562890446,308.40566117824
317.444572997049,128.269912559779
902.767749967479,283.948271610428
3839.87404664143,2678.54905020435
451.383870279621,148.927311021187
746.044333134947,109.835913149991
5886.3857156821,3142.63307043324
791.311960195549,230.950523307286
3738.1268816977,3065.58218693531
419.371886893234,75.3530151312412
347.382529003495,208.069725794259
3705.36363164369,2553.91742700177
6463.9239139187,4381.8344254939
5302.05491971778,1941.95715712155
649.797977128036,129.482675678844
2953.42769956576,2639.74063039427
5800.53982873609,3000.0929785058
574.111482537394,79.395558861458
5400.97600032191,3508.92795782818
2762.64849122924,2319.24776346268
474.859307200925,227.959040946925
330.640116843173,147.067740905287
570.233933453355,103.974224741176
3523.48145584194,2195.10124550772
2386.2296823972,1535.80278854667
253.480743685321,33.2297094623821
287.656885377308,52.0679632451924
728.760871989987,239.359014266137
644.177119066853,344.182173190658
2558.97412528819,2426.05176881501
2201.91280498105,1390.51376688267
343.715423400161,202.329313697351
421.536082831789,249.829202527398
386.999229272391,11.8446531295352
3870.86403188663,3172.02236335192
2822.31388449552,2521.0515464751
785.841408154025,457.777652009751
5858.22121264923,5291.7705937284
2982.04319592352,2263.01598017537
5828.19312571712,3154.31602181357
7372.40269991422,4464.94912458715
645.25921703613,279.218495446074
2689.12604204533,1949.35501214784
5961.80215619235,3861.47819654039
3016.12931958871,1895.67003141056
441.284314321668,257.833439113228
2960.55146729172,2184.26722831074
2871.18855496432,2598.10242997304
437.406802870584,40.2637355529593
5338.90631286835,4098.00743019538
2748.43106214079,2561.35570746537
1528.60942569181,417.877745392511
2253.13200850563,1416.70945025448
731.616385299885,428.469209965679
6669.73221890301,2885.36558744224
406.837629320885,265.756824824453
3278.68751760017,2176.82894784714
261.205697856968,137.163508766256
241.968446621204,101.06359325542
1033.22027876395,664.877167308757
2926.70619453435,2255.37557252526
5666.51051342673,2889.36770573516
2118.6215935079,1143.87817390215
1644.78431267287,1127.95055160509
3615.76016947211,2263.98619067062
3053.461511364,2011.61018559318
2090.78780887782,1190.77168117266
650.91018146079,403.243737089126
429.5616114098,263.533425772833
1564.22826432162,664.270785749225
3351.48831725153,2363.51361730856
3416.41419540817,2122.45673467573
3713.56942207303,2247.81601574975
2605.71455565009,1529.57727120213
3167.23165256233,2028.18461488707
3814.95561171866,2661.52994110014
3835.8762226353,2649.72571340791
3045.49596971522,1865.35095343394
5583.91009246356,5076.10088572133
2851.92138552985,2558.52592685421
399.413249555603,263.897254708553
731.97713480025,235.842001220848
385.255845029338,60.7998577024607
5434.6716444528,4912.33743921025
3101.31407079275,2260.30747587612
358.023133946086,190.525086005118
3285.78117896265,2231.52456451698
7761.08548644049,5912.01807825556
9112.20127507694,7287.0084772142
2491.25317234633,1623.32386030586
3414.52050514545,2742.98719726401
699.333933870611,85.5806507686897
694.043643680406,30.2786525393238
544.504132034882,251.001540209161
2373.87583720799,1632.86426350917
649.13669085426,61.8104936350149
2092.50101149149,1771.56393889291
3046.45786802831,1567.90058576459
3818.35221164615,2623.73215722261
3659.3445497507,2699.85325566259
3110.90264649659,2406.97096240839
3412.68702760969,2671.31289692726
958.134932986034,481.103129333102
488.084919777573,324.858814160222
2977.53446692918,2316.66053547534
2442.07773930639,1897.00407084154
305.301058389679,117.84014973582
4414.49644357527,2936.13993669377
260.063462426645,131.140118608233
4630.52465470553,3632.83192315933
2557.9222089483,1927.48485056737
7935.42300755487,4160.58600713913
3257.64678229326,2000.57404120969
2070.04753507842,1372.03934203558
378.582920096446,15.0382626764065
3539.83312503728,2521.69835347194
634.82901794129,338.037506720729
2537.06181075862,2302.91588679261
405.485025675765,97.4657293355271
366.980454473715,33.2297094623821
1635.16563060556,1102.96763135235
5072.13984737005,3993.75022739308
268.960720759137,137.082657891652
3800.52773914951,2736.96380710598
2795.59207840047,2031.49950074585
1236.74433868534,1038.6507606046
3712.1267251352,2979.11217654597
631.763061150686,289.850385456545
335.028608548374,142.337964740934
353.845048088636,98.1933872069661
2923.91051762186,1785.34901301295
318.947482661828,30.6020560377412
584.60181909328,274.731271905534
2611.57596355546,2484.34524940474
574.321850752191,378.867198395919
308.877995434398,162.712385141226
3136.00111747295,2921.22295032927
407.799490001025,228.807975130271
2813.50686998755,1741.85124247582
3144.56788320037,2357.32852540132
782.65517644133,571.332705391541
4177.57772789185,2574.9790798362
572.999353470549,423.052201367188
2183.30692182036,1431.86898924279
306.47332491757,54.3317877341138
210.196937813091,5.82126297151219
444.68091424916,138.133719261508
5955.21909875444,4392.9918461893
2767.06690113314,2612.413034778
4718.56499448538,3345.24536219171
3653.72369168952,2475.37080232365
3494.98638493809,1992.69108093577
3321.06944972149,2420.83688740303
226.398300988774,121.923118903339
1257.87524255086,887.338348782588
607.656444319083,223.512242843687
674.265343460004,477.666967162417
4519.73022647328,3302.3135477768
5122.21636386886,4894.7119485465
2783.23823321126,1706.43855939912
2682.42316128078,2551.85572969936
563.110165727393,96.2529662164621
2609.14126194106,2431.67090460001
358.71445131743,211.667589714152
3035.5768261404,2310.43501813081
4341.09441984527,4267.34958705416
2856.40000816071,1818.0531917904
585.022630788782,322.918393169718
6332.71977975803,4509.53838193145
390.756503434339,73.9785502629675
3293.02537214252,2019.53357130441
389.433930886788,11.3999733192114
4142.46979425024,3350.8240725394
196.760919388693,16.5744292938889
237.279380509638,40.6275644886789
276.866012048012,47.2169107689322
3899.328996427,2887.50813561926
721.426660783319,188.301686953499
8514.01312213136,4650.94656161443
3710.71383349722,2207.47142932219
989.575836290213,594.456055528381
613.818313731951,462.669129923313
6909.17595529126,6747.20761291835
2443.82119881535,1248.37792932825
3951.63037318677,2922.19316082452
276.324963063373,81.8210850995881
1351.98743371678,993.818950636498
665.007410893055,187.937858017779
741.866247277497,385.496970113474
3369.01232824067,2320.74350464286
752.476783489565,386.952285856352
4055.81193868126,2797.44026131003
2935.99400766705,2081.26321406482
2727.02935153579,1704.90239278163
2908.55085310309,1988.72938808016
5203.97501090921,4097.96700475807
334.006648040142,64.5189979342602
2743.53155254852,2392.70078304072
4560.48912453955,3167.45428893677
2032.71534330312,1391.0392975676
3096.47477392744,2672.16183111061
2517.3734532991,1710.80450662775
3069.54252435168,2754.62972320703
3004.04582954352,1803.41918348702
2291.81687919196,1280.79913004459
4851.33225103779,3499.26627831297
619.529415617656,157.457078291944
3105.01113222775,1957.11669610986
2699.58649803547,1662.33440730245
392.439750216346,249.829202527398
453.818571894017,95.3636065958143
3993.35116956613,2570.08760192263
9721.72086110804,7446.56767824586
3072.45832565445,2701.06601878166
3588.67768914261,2937.99950680967
2878.34242905375,2596.97051772858
429.621748870846,140.96349987266
1579.52801717707,708.091959784775
584.241069592915,219.793102611887
284.170154524157,83.5998043408835
220.41673106018,11.319122444607
6732.43413998959,5220.05586795435
3333.84418187211,2343.26047322017
1027.83989528104,866.68095032118
4495.83390259057,3241.19028657593
391.267483688455,174.354911084251
3203.18136012675,2098.60572666745
6078.15722975882,2412.59009819339
3779.30666672537,2271.30319482231
262.919013369498,134.657131653522
484.447882904762,146.057104972733
2742.29899802777,1906.54447404485
2626.33440399559,1896.84236909233
3093.58907898815,2664.4809980232
1772.62180273772,1473.54761510133
326.131387848836,116.101855931827
6742.92440127957,3778.72732638285
3054.03262907916,2116.83759889073
3006.96132978265,1992.20597568814
2687.20224541914,1623.04088224474
1167.79083122272,986.3806701729
1920.44796123776,1139.02712142589
2840.9500245515,1952.2656436336
3470.78929848424,3515.80028216955
2616.92646647262,2375.5199721873
173.43576967057,37.0701260060881
414.712889512191,178.842134624791
4266.61007234827,2544.86212904608
767.325543020128,353.803427268574
524.425295041069,310.790761979068
2726.54855291106,1715.73640997861
755.632908838783,603.430502609462
2314.99185460576,1638.07914492115
594.851605804983,335.571555045297
3929.41729608606,3340.11133165433
3768.93652982567,2848.21461056155
584.722018749462,65.5296338668144
2169.02928000495,1200.47378612518
207.491711706375,22.4361177027032
799.818437930108,265.029166953014
2981.59220259863,1872.54668127372
355.949106566145,174.840016331877
865.375345465229,224.805856837356
3429.18892755879,2237.75008186151
3821.53836809294,2376.81358618097
4509.60063941776,3077.02258569182
1859.91068768518,1207.42696134115
3581.76436489735,2680.93415100518
3658.35254507413,2009.02295760584
4044.51000983194,3066.10771762024
171.72245415804,31.1275867226694
4468.78152862454,3772.70393622483
468.426856846307,201.965484761631
6319.73490519033,3821.86126798427
2364.91844141445,1773.82776338183
3615.88029386238,2339.94558736139
3305.28889824131,2642.1661566324
4068.07576584368,3208.52653323577
1162.65084705218,1017.95293670589
613.908482290565,43.5381959744349
2888.53222883623,1967.54645893382
548.562018236149,234.588812664481
1285.79934627136,888.631962776257
915.031501863986,375.956566910163
3100.08181733563,2568.43015899325
619.409140695565,372.399128427572
827.682404189568,570.726323832008
4116.40942496079,2540.33448006824
3442.74522090528,2343.30089865747
1394.03879796712,874.200081659383
1813.92171215567,1343.25643067644
261.897015228312,18.5552757216951
8119.13866089238,6565.25271962129
3425.1308908257,2815.18702828568
3978.26186019138,2305.70524196646
302.114901942892,126.289066131973
525.327018260164,359.786391989295
495.208725136489,175.001718081085
415.043532649079,209.646317849043
6407.59490785296,4679.68904753627
2618.7298376449,1797.15324070518
1480.24566021122,784.091781912851
3283.43679643869,2042.17181619362
3002.51281351526,2042.25266706823
1868.05656645119,1241.788583048
311.943914592048,10.0659338882398
345.639144760442,50.8956255634295
980.828883977381,850.591626274917
6530.83350036485,5253.12387566752
4542.544226589,3583.14906071496
118.128705296584,1.69786836669106
5293.12717869227,2527.43876556885
546.758496532051,350.205563348682
233.191463210803,24.295687818603
2996.02037623142,2622.76194672736
6021.49765582211,2449.13469351455
218.973940039969,68.6828179763835
438.518969570384,236.933488028007
2215.52916052268,1260.4651350816
434.521220830162,217.690979872175
279.240613834317,34.2807708322385
2314.69124256644,1774.43414494136
3033.71324224117,2385.70718238745
2713.32282743555,2471.16655684423
3111.4135514848,2345.40302139718
2322.17568452686,1434.01153741981
3142.85453005488,2883.02091207872
2746.20650294346,2257.72024788878
481.472132305726,210.980357280015
1046.50599116868,455.473402083527
761.133567243784,415.290517405172
255.224127928374,12.4510346890678
406.987935340545,119.69971985172
286.394450290803,92.0487207370366
733.660381582257,623.279392324827
3226.44635356735,2187.2587106711
375.637238227933,178.357029377165
2655.73146154921,2421.88794877289
406.837629320885,181.227235425619
460.85220869432,172.778319029466
410.11399195924,133.565644846363
314.348585108876,103.650821242759
447.897139426469,277.156798143664
583.970563917073,124.389070578771
5601.52472360677,4668.85503033929
2693.75519649358,1809.60427539425
6042.83885263652,2845.70823344882
1946.32799340998,1295.39271291067
1818.85132811141,1304.81183980208
173.375651026002,23.2042010114444
1837.27687415488,1304.52886174096
3810.74764529546,2507.67072672809
319.879274611445,148.037951400539
3266.00280347634,2325.1903027461
2772.02662345237,2362.01787612838
3375.56497825147,2252.74791910062
440.472759661188,83.5593789035813
3610.98078427011,2756.20631526182
1561.58326975834,1401.38820951696
2997.22252332506,2535.11959865626
1277.62351167369,631.647457846375
3815.5568357973,2435.87515007944
435.122407275846,295.34824492964
7634.96089792568,5453.71489556088
5702.94101961588,2878.77624116199
351.380277743716,96.1721153418577
3922.83453971178,2711.1319526699
2396.08876377688,1488.58587777773
3137.62445259163,2740.72337277508
2665.56058709723,2409.71989214493
366.439405489076,163.884722822989
207.251237128101,0.889359620647696
230.365980998472,35.9382137616274
4063.92771108379,2712.26386491436
4906.84958954419,3169.51598623918
3094.22040943027,2761.25949492459
3524.89404641629,2597.09179404048
5992.97247855478,2846.11248782184
3395.40356646473,2346.77748626546
3265.04120622688,2676.52777833924
765.552127679507,198.529322590947
612.435678989263,451.632985539821
3184.81587627843,1865.59350605775
1918.34382749434,1084.25065388145
2799.07899741839,2552.94721650651
375.637238227933,148.037951400539
2455.99470688734,1678.54500766062
251.076073168493,41.39564779742
3377.15820700668,2554.28125593749
382.159857141166,86.0657560163157
2572.53041863468,2360.72426213471
278.609396291065,136.233723708306
655.238498071991,23.9318588828835
4797.82842612075,3130.10118486957
369.625599568817,46.4084020228889
361.810476838556,53.402002676164
5052.48159627401,2936.8271691279
487.724245543116,125.11672845021
1488.09092693791,998.184897865133
249.783569351464,58.0509279659133
3526.66761228873,2564.58974244954
230.606455576746,61.9721953842236
2932.05639638787,2411.94329119655
439.691236098275,254.801531315565
2607.3978024321,2244.70325707748
1586.44134142233,1047.34222962457
353.995316475341,47.0552090197236
4931.70781174,2563.9025100154
362.261319631626,185.835735278066
110.764444175871,42.6084109164851
640.47998236595,193.274015741665
4006.99748093941,2539.12171694917
6520.40345180183,2601.05348689609
472.154099910686,157.012398481621
494.878081999602,273.35680703726
2979.42815719189,2300.8946149275
1477.45028436237,968.714754071852
780.611255424867,424.790495171182
3895.81227210923,2710.44472023576
1814.85350410528,1282.7799764724
3008.85502004536,2684.45116405047
3686.93793506841,2260.99470831026
7386.89108627396,5947.34991045766
2390.76851775501,1562.84740610182
272.778094749176,131.342245794744
247.919985452229,145.531574287805
3971.58908579031,2954.33138347974
176.441589000128,9.21699970489431
2841.97213559155,1823.6723275754
7266.38735582033,5671.36544999576
501.46083837388,381.777829881675
3954.12498646448,2961.93136569255
1470.56706648059,1256.8268457244
4618.02027769893,3603.76603373907
3039.2738875754,2318.52010559124
3276.79382733746,2140.6077560244
400.074535829379,171.161301537379
249.993975199215,100.780615194305
2806.80398922299,2606.10666655887
372.841824746126,321.301375677631
2911.01566108096,2769.50628413423
719.412770864424,324.373708912596
3991.60771005717,2856.5826760831
215.517240284386,46.9339327078171
2527.50334141826,1195.1780538386
392.018938520844,64.2764453104471
1163.31213332596,535.434917067215
2583.23112340536,2357.97533239816
3353.74268174869,2296.60951857347
1959.82422456133,1729.96616390898
3191.54886340646,2105.03337119849
2749.4528721172,1759.55758401417
1910.94955409253,1518.58155225594
268.47977160259,22.1531396415881
1460.73794093257,1124.47396399711
3557.92795267795,2039.948417142
4946.01555991888,3539.65129017783
2516.89265467437,1513.36667084396
8835.78572008421,6754.28206444623
174.397630350711,49.6424370070623
352.732881388836,176.416608386661
651.932141969022,59.8700726445108
341.731602211789,234.467536352574
2970.77137343767,1965.20178357029
1182.03836667465,799.898127897999
631.823198611732,268.384478249093
1515.98492429494,724.383411017549
4446.26799001633,2502.73882337722
7679.59779667143,3380.98144876682
2748.37084941384,1746.86399670128
1267.88455468429,403.32458796373
2431.16674158682,2223.72245511766
3661.83916302842,2784.38284506143
2969.32867649985,2649.32145903488
5560.49516933284,3446.67278438284
897.778071816595,228.565422506458
3055.08454541905,2275.79041836285
3488.97474627897,2641.72147682208
5478.40595442152,4033.81183575953
3673.32142899497,2379.52209048021
3836.50755307741,2281.69253220897
581.235250263357,376.643799344299
2539.58653039981,1698.87900262361
209.655888828452,13.9872013065501
2780.65330084311,2639.25552514664
6832.46734966057,2943.33566453355
5511.53017977361,2217.33523602392
3233.08932266859,1798.32557838694
479.097530519421,192.384656121018
655.68941613097,39.3339504950095
2875.8475147124,1953.23585412885
226.728944125661,34.8063015171667
1804.06263077599,997.214687369881
473.837346692694,74.5445063851978
288.43840894022,36.099915510836
3236.90650849385,2819.3912737651
547.35964534478,249.910053402003
2772.83829101171,2430.37729060634
1679.05062292348,952.544579150985
2272.03865423746,1321.62882171978
2729.61458496757,2009.95274266379
3557.26681693599,2840.33165028763
600.081758534142,411.733078922581
4421.68042402818,2736.31700010915
551.387500448479,98.4359398307791
3728.41818160359,2348.23280200834
8257.64659883261,5098.29445080022
3569.92142469634,2538.11108101662
1521.21500175819,995.314691816679
4073.27573694345,3137.41818902126
221.799403435822,65.2466558056992
2563.99375927073,1995.56128698422
559.112416987172,119.618868977115
524.906206564662,154.829424867303
3340.39683188291,2398.52204601223
3062.17820678154,2088.86319627763
5531.39857328672,3699.17006577219
756.925375022857,161.499622022161
314.949733921606,59.7892217699065
2690.35859656609,2011.9740145289
2351.69286647076,1470.55613274097
3274.14868224235,2540.81958531586
2192.17399852346,2002.06978238987
3155.59915584203,2721.96596986688
2384.33599213449,1671.67268331925
334.156916426847,163.763446511083
4228.70676285782,2717.76172438745
614.26923179093,292.154635382768
3234.74246308712,2447.55810145976
4270.36734651022,3104.71401024381
3832.96042133254,3356.2815065752
355.197651733755,183.369783602634
2885.94729646808,2591.9173380658
159.939651418081,26.5190868702222
2141.64618763613,1595.75371206578
480.991183149179,213.729287016562
2681.2207131235,2191.30125440132
454.720332746067,250.152606025816
3188.06194438853,2539.12171694917
5918.7584862018,2537.90895383011
665.909171745105,112.382715700027
2770.55382015107,2465.74954824574
338.304971186729,46.6105292093997
474.107852368536,32.8658805266626
685.747609426553,143.550727859999
3125.57106890992,2693.06178219583
2868.33296638851,1489.67736458489
3456.36142591509,2108.30783161997
153.447082418894,18.5957011589973
580.183258657557,241.420711568547
312.184389170322,194.28465167422
585.774085621171,291.386552074027
190.418656409165,26.5999377448266
4055.06048384887,2594.70669323965
2595.91553646555,1578.53247577506
2690.77918246386,2409.31563777191
295.622314127228,26.5999377448266
1266.05107714853,718.562148046036
510.478296362555,34.3211962695406
604.951161762935,249.101544655959
2627.35651503564,2464.94103949969
3403.18846993265,2424.91985657055
776.793843801873,246.31218948211
2564.9857639473,1727.50021223355
447.085547133034,48.7126519491125
3568.47842669488,3349.93471291876
3541.09548485788,2417.96668135458
246.627481635201,8.69146901996612
3001.61112792912,1899.83385145269
2735.11501757485,1685.6194591885
3015.01688945823,1958.24860835432
3403.63946325754,2457.42190816149
3887.84673046045,2672.28310742251
962.884136558645,643.451685538608
2106.68848474828,1485.91779891579
1999.71139287312,1432.35409449042
573.720701939461,266.241930072079
527.91202589422,157.457078291944
330.369611167331,26.8829158059417
625.030074022657,288.758898649386
2848.1641113679,1940.9869466263
162.434471677046,84.2870367750203
2958.98864596362,2619.97259155351
2708.87431116817,1651.50039010547
366.740017528395,139.023078882156
4203.39784840075,2795.37856400762
3265.70234196884,2561.15358027885
5343.59507791628,2628.13852988855
542.27987390119,12.7340127501829
5969.73759147766,4257.12195141671
4493.48921900297,3144.73519317295
7793.33783150628,5887.47983781315
3207.08886504245,1868.50413754351
763.959049456114,315.358836394213
601.46439327683,286.656775909673
397.940408621347,161.054942211837
230.666555404837,84.0849095885095
2974.58886032657,2817.20830015079
319.96944317006,100.618913445096
2807.34500057468,2652.19166508334
3347.4004752186,1885.03814140009
2602.07770694205,2423.74751888879
287.777122666445,54.5339149206247
2462.30710811759,1837.53825257005
256.276157167128,33.9977927711233
3152.74356726622,2639.45765233315
5728.21952664583,2751.79994259588
270.674036271667,82.7104447202358
216.599338253664,51.9062614959837
236.557956774817,99.9721064482615
2911.31612258846,1928.77846456104
247.589342315341,124.146517954958
3333.84418187211,2102.76954670957
3043.96295368696,2262.36917317853
1120.11853364529,642.764453104471
274.671747378934,21.5063326447534
204.455823646294,31.046735848065
359.375737591205,192.748485056737
2591.34689580789,2465.54742105923
971.510813949387,514.575391419297
2865.26723539563,2456.33042135433
336.982398639178,172.85916990407
657.733337147433,379.675707141962
325.770675981425,73.1296160796219
193.875337348271,113.029522696862
3046.27753091109,2650.12996778093
7829.19691891664,3163.33089433195
324.989190051467,150.706030262482
2873.65336294219,2452.61128112253
2615.42355680784,1683.63861276069
7187.99580447127,5712.51854516936
2972.1240523487,2511.55156870909
222.911551319145,73.4530195780393
293.548324380242,101.467847628442
310.771648064157,55.584976290481
3434.86999834693,2609.66410504146
2717.0801015975,2412.22626925767
919.870873995211,504.671159280265
592.05622995613,416.058600713913
2599.85314774473,1725.03426055811
2842.63327133351,1430.29239718801
2619.30095536006,1500.59223265648
4400.87993750182,2713.71918065724
536.809246593758,412.986267478948
467.915876592191,45.2764897784282
472.154099910686,258.722798733875
3004.46671650493,2515.83666506312
2986.01091356617,1974.98473939742
2955.23137180167,2591.27053106897
2028.14640158183,1435.91153297301
2749.36285409041,2056.44199556129
2563.75351049018,1856.65948441397
2649.90016000732,2488.30694226035
233.16139448028,37.3935295045054
7697.84285506585,3089.10979144517
2525.82009463625,1579.90694064333
3019.55572481604,2094.19935400151
4725.95941841901,4695.81879701984
3737.43563959226,2486.36652126984
2677.88432592297,2507.50902497888
552.018680358777,242.229220314591
372.421013050624,235.801575783546
351.049634606828,213.810137891167
3431.35297296553,2144.3673216935
162.404421763,7.39785502629675
524.305057751932,54.129660547603
239.714082124035,21.2637800209404
7893.8822472291,4466.52571664194
3223.01964727639,2082.27384999737
195.167841165299,28.7829113591436
3068.97140663652,1866.28073849189
332.593906933977,93.7870145410298
4145.02462025491,3132.6479874196
555.896229442817,250.273882337722
4323.05950386792,3470.96847220145
216.449051050481,21.8297361431707
297.455866928895,98.5167907053835
144.129031207377,24.295687818603
5234.84487176413,4763.08672469064
494.126627167212,117.395469925496
3132.21403801116,2337.11580675024
533.623090146972,363.22255415998
857.439985445831,618.347488973962
268.47977160259,90.9168084925759
3190.40662797613,2786.64666955035
782.595114246194,549.341267499161
323.877023351667,141.52945599489
5886.3857156821,5350.22577606733
1882.99549454037,1324.98413301586
171.99297865036,31.0871612853672
4416.60057731869,4421.41092861272
2353.88701824097,1417.63923531243
3067.01780471049,2785.7573099297
8129.98959641681,3282.62635981065
3692.94957372753,2659.87249817075
224.624885648152,48.5509501999038
2240.98845626531,1539.36022702926
686.499064258942,374.379974855378
2503.81746101625,1603.15156709208
330.850522690924,100.780615194305
1183.96216330084,950.40203097397
4554.14661694582,2958.09094914884
3041.10766617479,2685.58307629493
3173.27339758492,1653.8854909063
3103.20776105546,2109.23761667792
2998.3346523919,2590.98755300785
7101.39846269287,5410.41925221026
3222.86941652263,2470.03464459977
727.708805118278,214.942050135627
2621.25485834972,2271.42447113422
4714.08637185452,3995.08426682406
1072.38609860682,828.883166443653
2500.45096745223,1716.38321697545
277.40706103265,109.472084214271
516.219391712875,29.5105692305827
2921.35569161719,2034.41013223161
1564.43870780233,1438.78173902146
335.419351513353,42.8105381029959
329.257444467531,13.4212451843198
3026.79991799591,2226.63308660341
426.916503947652,316.329046889465
3488.16307871963,2077.09939402269
3281.45278708554,2013.99528639401
4102.97325600457,3422.05369306582
257.328186405883,24.4169641305095
607.235632623581,240.086672137576
5697.50019760829,3011.89720619803
1470.17628588265,676.600544126386
365.868325406869,112.746544635747
199.255758464135,39.5360776815203
3144.17710260244,2548.13658946756
1689.36054709622,840.727819573188
4046.64424993883,2940.42503304779
360.698310138756,67.1466513589011
3926.80225735444,2628.62363513617
2703.34377219742,1845.9063180916
2877.11017559664,1783.77242095816
5276.74570419709,3398.16225962024
3382.98950854857,2424.87943113325
277.948110017289,147.835824214028
445.312131792413,0.161701749208672
3495.04629660141,2332.06262708747
2802.65593446311,2575.74716314494
790.019494011475,441.284073590466
363.433586159518,143.106048049675
322.885093941004,1.29361399366938
6089.33873315424,5175.54746148466
2090.51715267016,1391.92865718825
3368.08053629105,2206.86504776265
2973.14586232511,2028.38674207358
4110.24725448429,2426.01134337771
270.794273560804,88.2891550679349
5126.75519922667,3572.80014876561
782.95578848065,417.877745392511
3188.78329285744,2144.89285237843
580.483795430967,217.529278122966
3008.31400869367,2706.44260194285
589.771759095484,111.614632391286
3791.45006843388,2583.87267604267
349.246150535684,108.501873719019
4710.47932844633,3310.19650805073
3616.24096809684,2223.72245511766
809.286738711853,536.566829311676
350.35827960253,149.371990831511
2560.98793994117,1825.28934506749
2908.76129658379,2193.44380257833
2734.60411258664,2524.36643233388
1714.51923079954,906.459580626513
3324.4359432855,2267.62448002781
2581.30732677917,1870.60626028322
3359.33373451003,2914.3910514252
202.321696438262,27.9744026131003
3205.67627446811,2808.0317258832
2933.07850742792,2453.98574599081
2222.71314097559,1487.9794962182
3250.25235835964,1950.81032789072
943.226035994425,757.128015232305
3282.47489812559,1983.15067773246
2250.27657046164,2195.74805250456
264.271617014617,34.887152391771
3911.77316070664,2807.22321713715
1813.86164996053,1207.95249202608
3239.1009613277,2263.46065998569
2033.94774729206,1572.06440580671
3935.42893474518,3088.34170813643
3600.34029222638,3711.09556977633
3582.60583775653,2956.11010272104
3801.82020533358,2079.80789832194
2659.72928555534,1774.43414494136
1949.87497462304,1256.34174047678
3614.22715344385,2678.42777389244
2555.90809323167,1821.48935396109
1144.82637455554,377.290606341134
223.632956237489,7.92338571122493
5048.8146412025,3177.3180956385
598.849354545205,156.527293233995
2729.40414148687,1758.4256717697
3787.42243912791,2792.26580533535
4132.03944462359,3148.17135534364
4246.08024202957,3409.31968031564
4155.87585684298,2632.18107361876
2594.62307028148,2092.38020932291
3023.9443294201,2057.49305693114
2412.92138212877,2036.59310584592
2641.36350064338,2331.29454377873
1870.94211085866,1846.79567771224
961.230920874206,568.219946719274
332.11295777743,215.790984318973
759.510382656913,34.644599767958
1037.27816496521,452.320217973958
1119.63758448875,575.698652620175
388.021189780623,120.791206658878
403.591335413053,117.718873423913
2503.90747904304,2321.83499145002
3371.08635562061,1985.01024784836
2635.05140047676,1382.67123204605
2083.87433410075,899.748958034354
451.263632990484,195.820818291702
2350.34018755973,1424.10730528077
503.083947694841,219.954804361096
9265.79852239191,6977.59218010341
3450.95101133461,2667.83630931928
2159.23026082041,1126.61651217412
7115.58578541784,4395.09396892901
3662.95129209526,2346.77748626546
1984.14128487364,1359.2649038481
7650.68183880617,3241.67539182355
283.418699691767,141.933710367912
3214.5432006394,1875.13390926106
2853.90509381935,1785.91496913518
2297.82851785107,1546.87935836746
345.21833306494,55.099871042855
595.001911824643,155.193253803023
3888.20740469491,2808.59768200543
3687.83962065455,2876.39114036116
4385.43025495626,2723.66383823357
6410.87108232654,4843.65462123387
474.55873279456,10.7127408850745
213.653637568674,125.035877575606
1446.40023692203,1111.69952580962
3457.50366134541,2014.68251882815
387.269734948233,61.1636866381802
2779.12028481485,1652.63230234993
2288.30015487419,1195.78443539813
722.568896213642,361.92894016631
479.157630347512,259.693009229127
2883.03149516532,1693.25986683861
3033.80326026797,2631.21086312351
3449.89909499472,2529.09620849824
999.434917669892,213.12290545703
359.435875052251,299.633341283669
6080.08102638501,4826.10998144472
3385.69456530699,2522.02175697036
2169.51007862968,1081.5421495822
3433.5173194359,2256.2649321459
3111.71431405593,2239.65007741471
3131.8533637767,2729.64680295429
3519.96473152418,2836.24868112011
1978.27987696828,1231.72264915976
3569.53064409841,2582.90246554742
340.920009918353,86.8742647623591
2140.65433349138,1184.70786557734
3002.2421573076,2173.79704004948
2005.00168306332,1358.09256616633
3254.40041311952,2235.24370474878
2932.74763849331,2212.40333267305
2710.37722083295,1886.29132995646
3409.62099555318,2606.55134636919
4695.08955756408,3256.02642206582
2979.21771371119,2066.91218382255
2270.14496397475,1446.9476773565
3055.8962129784,2520.76856841399
3239.46163556216,1805.44045535213
599.390441162798,269.516390493554
2715.84784814038,1728.26829554229
2403.39286862007,1536.00491573318
2191.00180726148,802.889610258359
2913.72101890302,2416.79434367281
3213.34105354575,2539.48554588489
4194.80097630985,2751.39568822286
1288.86522779606,769.781177107883
260.694717602852,75.555142317752
2607.45801515905,1589.56862015855
298.958776593674,120.791206658878
396.617836073796,169.746411231804
3517.37949809239,2422.57518120702
3437.78549858605,2292.68825115516
457.515746227874,159.114521221333
2628.1380762315,2363.79659536967
2892.86062071334,2613.46409614786
3324.70659949316,2752.77015309113
3404.3005989995,2323.2498817556
2311.17436771686,2031.49950074585
4169.73261169697,2918.43359515542
1821.4963226747,1479.12632544903
2982.10340865047,1997.0166027271
3116.37327380402,2782.56370038283
3506.40843817769,2662.50015159539
317.05383003207,75.555142317752
155.791615474677,7.15530240248374
3605.90093756061,2476.2601619443
851.849158482217,379.311878206242
370.978203213936,2.22339905161924
833.33329334832,195.861243729004
237.850460591845,7.8425348366206
2642.56594880066,1910.30403971395
3878.04771127591,2730.25318451382
279.300713662409,56.5147613484309
5095.25430899327,3445.09619232806
319.187957240102,80.2040676075013
368.363164482311,51.3807308110555
7404.38468983599,3175.09469658688
425.323425724259,236.286681031172
3624.08608429171,2368.28381891021
209.50560162527,36.7062970703686
7214.65739783936,4355.8004438713
2829.97866357316,2545.2663834191
3547.4075850245,2445.94108396768
2339.45914567182,1910.34446515125
2786.12392815054,1994.26767299055
531.819606075827,144.601789229855
2777.4972507598,2553.67487437795
577.778588140728,484.943545876808
607.11535770149,342.16090132555
3344.24442513529,2345.07961789877
2528.55525775815,1764.85331630075
4395.19916777732,2877.92730697864
3406.6452825871,2250.07984023867
686.889844856876,552.373175296824
2687.74355783446,2125.28651528688
2149.43124163587,1440.84343632387
4299.22309164853,2623.6108809107
735.223353442173,497.879685813501
387.750684104781,211.546313402245
3211.02647632163,1895.62960597326
2431.4973094578,1611.23665455251
3294.97897406856,2268.55426508576
1788.64275353026,1431.66686205628
3889.25962209843,3007.81423703051
3474.12598674841,2260.46917762533
496.02027979697,25.751003561481
277.40706103265,70.1785591565637
351.921326728355,0.363828935719512
2657.05403409676,1919.23806135773
2877.50065513093,2769.66798588344
7522.45341761158,6457.35722746181
4043.48819985552,2934.40164288977
2661.59286945458,1749.61292643783
3974.98538465416,2642.52998556812
2336.24288286155,1759.15332964114
681.990335264605,175.891077701733
4810.09225328316,4076.66279929983
244.974265950762,31.8552445941084
484.898763330786,64.8019759953753
3938.22431059403,2666.3405681391
6076.89456887459,3533.99172895553
1679.89224631448,1167.2036512255
2033.97770312372,1545.58574437379
6773.82376637071,3009.35040364799
251.677259614177,0.889359620647696
4982.41565868092,2702.11708015151
603.508389559202,245.907935109088
475.009613220585,86.2274577655244
3254.6409629637,2593.97903536822
3703.83061561544,2582.21523311328
331.151097097289,62.9828313167778
362.591962768514,10.3893373866572
932.765805802017,677.085649374012
990.447490778786,765.496080753854
3557.5672784435,2983.07386940158
322.915162671527,122.974180273195
4636.53629336465,2759.48077568329
439.871573215503,69.4104758478225
4219.47886138843,2936.13993669377
3322.93303362072,2277.08403235652
2930.31293687891,2155.08006257858
264.752566171165,55.9083797888984
3949.76678928753,2815.38915547219
4006.24602610703,2399.20927844637
713.791912803241,418.079872579022
2972.00362689479,2217.65863952233
4056.44326912337,2798.61259899179
2885.07541618178,2404.38373442105
3181.59961346816,1880.95517223258
680.818068736713,247.605803475779
3498.35287850211,2239.97348091313
2877.47084983109,2644.0257267483
2475.56263889294,1582.29204144416
233.191463210803,60.5168796413455
274.551547722752,100.780615194305
7435.4050825083,3094.60765091826
414.081671968938,26.5595123075244
5166.79304988766,1808.95746839741
286.72509342769,111.008250831753
8466.19036800245,2761.09779317538
241.998515351727,49.9658405054797
357.722559539721,56.5147613484309
1742.77405292284,996.729582122255
4435.05607919381,2971.10793996014
235.776470844859,52.4317921809119
3165.06760715559,2654.25336238575
3177.72191385231,2058.98879811132
5672.76240086639,5176.2346939188
516.820540525605,206.654835488683
2367.53348014607,2138.14180434897
805.860107686793,95.4040320331165
2531.29042088005,1487.45396553327
2855.16745363995,2624.90449490437
3412.56660215579,2495.58352097474
981.640476270816,316.288621452163
2697.27192081134,2584.4386321649
3511.75864003121,2151.88645303171
330.580017015082,174.193209335042
265.383783714417,84.0040587139051
440.713234239461,128.835868682009
254.02179266996,92.8976549203821
519.104973753296,232.52711536207
3777.44308282614,3035.6269378944
819.777075267739,559.851881197725
360.367667001868,29.7935472916978
180.048575958894,23.6488808217683
5445.49247361376,4377.79188176368
353.93521664725,144.803916416366
273.98043000759,87.7231989457046
3369.1026473311,2140.44605427519
2786.87538298293,1601.6962513492
2905.96592073494,2279.26700597084
4303.76192700634,2687.48307184813
3213.73183414369,2126.98438365357
4553.42526847691,3214.30737076998
1885.40008979129,1292.40123055031
6190.96577370769,2067.8015434432
3416.23385829094,2382.23059477946
381.348302480685,75.070037070126
3132.12371892072,2090.84404270543
346.961717307993,209.565466974439
191.651041581625,55.7871034769919
221.558928857548,30.561630600439
638.435986083578,126.531618755786
256.967474538472,147.795398776726
531.128251071529,259.329180293408
3627.42277255588,2821.29126931831
2873.2023696173,2685.46179998302
3257.76690668353,2553.63444894065
3028.18240220678,2009.38678654156
539.90523448193,68.3594144779661
395.866381241406,97.9912600204553
1505.8854436029,938.072272596809
2602.10751224189,2301.94567629735
3192.63088610982,1994.10597124134
2874.88561639931,1883.94665459294
324.478172164397,116.061430494524
4222.15411284701,2793.76154651553
4093.29466227394,2880.55496040328
344.376709673936,123.014605710497
3263.26764035444,2175.85873735189
371.128509233596,110.523145584127
2734.51409455984,2520.76856841399
3214.96408760081,2660.55973060489
532.901704045105,191.293169313859
663.654807247936,378.948049270523
376.95977314253,222.542032348435
2455.00270221077,2111.66314291605
634.408206245788,103.206141432435
3486.78029344513,2623.65130634801
2730.90705115165,1771.92776782863
4999.51908377229,3429.1281445937
2227.01142648922,1364.56063613468
3075.94494360873,2405.11139229249
3192.63088610982,2783.00838019315
856.237687820372,621.864502019251
2931.57559776314,1713.43216005239
3558.16850252213,2798.69344986639
123.569226240539,23.4467536352575
3391.85643471986,2249.63516042835
6185.97594502499,2169.14811475973
1898.62566473498,1308.81395809499
3427.29523729608,2404.38373442105
3110.96285922354,2088.98447258953
4731.1292831553,4425.85772671596
180.228931892599,102.92316337132
9516.33344308514,5752.98440790883
3609.44776824185,2068.04409606701
3594.35875993074,2092.74403825863
4764.49405835158,2950.41011606143
201.630360250441,50.4105203158035
352.402238251948,51.4211562483577
284.981709184637,139.710311316293
5065.64710902257,2444.12193928908
350.839228759078,38.4041654370596
473.957583981831,384.324632431711
1459.59570550224,1085.1804389394
3010.17759259291,1650.04507436259
222.039859197619,46.6509546467019
3975.91717660378,2804.23173477679
228.682734216465,45.2764897784282
2440.96561023955,1548.61765217145
4948.54027956007,4394.04290755915
1838.99022730036,1730.370418282
392.620124966529,188.867643075729
260.995292009217,110.321018397617
388.712544784921,26.0744070598984
4112.20115747395,2680.36819488295
1092.37484230793,558.234863705638
3127.31452841889,1933.02313547777
2947.65661075082,1639.93871503705
803.996523787558,213.971839640375
3055.08454541905,2557.47486548436
701.317717426028,451.956389038238
602.696797265767,70.1785591565637
3250.46280184034,1887.58494395013
3947.06143146548,2491.90480618024
2539.13583813856,1797.31494245439
2075.06731959278,944.499917127854
516.820540525605,26.1956833718049
306.052513222068,50.9764764380339
246.116463748131,85.3785235821788
3074.0813597095,2787.49560373369
486.642147573839,158.508139661801
6093.90767487553,4524.81919723167
269.862443978232,16.5340038565867
425.233257165645,316.773726699789
2417.73072316242,2097.6355161722
873.040199808784,304.767371821045
1839.62140721066,1390.51376688267
2216.91194579718,1057.73156701123
2570.90738457962,2017.99740468693
2782.96787806723,2607.52155686444
3692.13790616818,2703.32984327058
2921.68625948817,2658.33633155327
3066.80736122979,2739.75316227983
2897.09869350002,2722.08724617879
186.210501821193,44.6701082188957
2565.01587031078,1767.96607497302
8463.15444230942,3166.64578019073
2766.10500282005,1903.14873731147
5220.05602389689,4784.91646083382
611.203275000326,181.671915235943
237.219243048593,54.5743403579268
325.319833188355,159.397499282448
2878.04196754625,2525.37706826644
1110.89063217591,882.123467370608
8153.82540650894,6096.39849779075
2693.06365332451,2483.41546434679
3566.73526824956,2189.76508778384
4073.4259676972,3049.08860851602
2878.85333404196,1736.83848825035
404.042215839078,260.258965351358
3446.59251309402,3068.85664735678
3667.33989669933,2418.65391378871
519.886497316208,89.6231944989065
2457.76827275978,1667.99396852475
5377.41054537381,3880.55900294701
4279.05423662792,3178.24788069645
969.015974873944,294.014205498668
2988.56573957084,1735.9087031924
4274.48529490662,3365.25595365628
1447.12158539094,1246.88218814807
3196.2680358815,1934.59972753255
3101.22405276596,2769.54670957153
283.959748676406,17.3425126026301
4986.11332224318,3814.09958402225
836.128744463081,159.599626468959
1182.66969711676,512.271141493073
3436.61315679225,2671.23204605266
1757.77304320715,1095.16552195303
380.68701620691,171.565555910401
3509.26402675349,2332.22432883668
1813.38070080398,1131.18458658927
2109.27356764824,1610.67069843028
3409.47076479943,2634.97042879261
605.221667438777,500.062659427818
1036.88738436728,622.187905517668
222.009809283573,89.0976638139783
1990.66382852097,1127.91012616779
7647.64591311314,5475.74675889056
480.45013416454,309.699275171909
3206.09686036588,2953.19947123528
4593.22226823008,3107.86719435337
4089.62740613879,2971.26964170935
423.129161055182,79.9210895463862
477.474383565505,220.116506110305
400.946227950905,19.6063370915515
6296.64994780333,3893.2930156972
3775.48917983647,3005.10573273126
3979.55432637546,2801.68493222675
1967.63938492455,1185.8397778218
3317.01171405204,1828.32125286515
557.699675881006,50.8147746888252
2892.2593966347,2003.80807619386
3679.03260614658,2857.55288657835
1205.9947527525,526.37961911153
225.496577769679,39.3339504950095
1551.06290210488,938.799930468248
1901.15053490799,656.711228973719
227.570567516665,19.8488897153645
3323.56436406284,2254.44578746731
555.715892325588,168.533648112738
506.270141774582,127.582680125642
2784.65112484924,1735.01934357175
2948.88886420794,2556.50465498911
2430.8661295475,1468.25188281474
1350.99557957203,1016.41677008841
5298.47768160943,4593.82541870647
5065.13590297073,2513.41113882499
2518.2453335854,1601.29199697618
3763.7365587259,2600.85135970958
424.962713856849,135.020960589241
258.199878527409,69.7338793462398
2786.21394617734,2326.92859655009
2878.1921983,2101.79933621432
3504.24409170731,2883.66771907555
232.620345495641,85.9444797044092
3557.95805904143,2456.08786873052
484.898763330786,170.312367354034
2402.01023387738,1761.86183394039
2626.69537929368,2441.85811480016
2404.3248111015,1614.8345184724
3071.3461965876,1938.31886776435
297.125223792007,52.1892395570989
668.434117184024,481.26483108231
2335.49142802917,1855.2445941084
2687.65323874403,2514.90688000517
3835.63567279112,2887.18473212084
2588.22065102443,1718.40448884056
2993.46524916311,2240.70113878457
2884.5344048301,2244.33942814176
2711.18888839229,2385.54548063824
607.71650651422,26.7212140567331
5660.91915960175,4121.89886364096
2539.3760869191,1857.06373878699
1229.19968399796,276.995096394455
5279.45106201914,5014.12869033711
356.971104707331,81.5381070384729
485.680286893699,21.3850563328469
346.240331206126,110.401869272221
3139.24748664669,2113.96739284227
820.528530100128,232.567540799373
428.990531327593,117.759298861215
239.473607545761,38.3637399997574
3706.38544162011,2645.64274424039
6378.9794114952,4161.03068694946
5613.33725638066,1837.94250694307
402.178631939842,188.867643075729
443.057767295244,14.5531574287805
2849.6369146692,1854.96161604728
335.659826091627,13.4212451843198
2845.66919702655,1904.80618024085
513.754621367955,117.597597112007
219.484920294085,19.9297405899688
2820.33017620601,1840.16590599469
3093.34852914397,2009.14423391775
3359.48396526379,3039.62905618732
606.484177791192,4.81062703895799
3756.79312811716,2568.38973355594
2420.55620537475,1613.17707554301
2666.46227268337,1722.12362907236
3418.42801006115,2253.83940590777
400.495347524881,173.667678650114
2608.29948801824,1642.56636846169
810.849785837678,438.898972789638
1285.37845930995,742.534432366222
3540.64449153299,2540.77915987856
1807.87996713307,1647.78124987367
2388.57421545298,1471.00081255129
1991.32511479474,1494.56884249845
9797.16740798177,4905.58639118079
3435.95202105029,2502.49627075341
301.153041262752,83.478528028977
457.605914786488,130.655013360607
3145.58969317678,2407.09223872029
1008.45237565857,676.47926781448
3001.8516777733,2100.54614765795
3220.16405870058,2733.28509231149
351.260040454579,227.11010676358
954.798470519588,565.309315233518
3957.85245532659,2474.3601663911
3149.13682492166,2264.95640116587
266.375713125081,40.3850118648658
3300.56972576626,2342.61366622333
360.728378869279,139.386907817875
2367.02257515787,1941.43162643662
199.015283885861,17.3829380399322
3097.2563351233,1890.89982980891
4055.72192065446,2582.86204011012
3220.88570823313,1877.07433025157
459.830210553134,210.6973792189
748.08825415141,132.837986974924
2845.87964050725,2632.74702974099
2358.57623488435,1726.85340523671
2070.31804075426,1361.52872833702
3832.50972907128,2671.47459867647
300.100974391043,117.557171674705
3739.87034120666,2909.41872263703
2780.1423958549,1818.41702072612
3843.27064656892,2673.69799772809
2914.44236737193,2628.62363513617
544.864881535247,64.5189979342602
915.151701520169,430.611758142694
413.360248234117,8.73189445726829
4321.76673662021,3090.32255456423
645.078879918902,322.635415108603
1952.21950767882,1187.25466812737
564.7934125094,361.080005982965
354.175691225524,136.718828955932
2942.75710115855,2091.45042426496
200.067331941093,78.5466246781125
3109.1892933511,2142.5077515776
239.864388143695,72.4019582081829
3520.41542378543,2803.14024796963
254.9836533501,11.1574206953984
1833.12896992681,1781.67029821845
4068.61677719536,2786.92964761146
405.1844512694,223.269690219874
3394.08099391718,2234.39477056543
3403.36880704988,2256.42663389511
283.839511387269,133.403943097154
3070.80488417228,1980.56344974512
257.809097929476,92.6551022965691
267.097099226947,26.0339816225962
2035.42055059336,1438.17535746193
2608.8706057334,1998.71447109379
3426.87435033466,2438.62407981598
335.329182954739,71.9572783978591
365.748088117732,167.523012180184
2589.84398614311,1761.90225937769
247.198561717408,68.3998399152683
695.095710552115,221.127142042859
2635.26184395747,2445.57725503196
2591.58714458844,1665.40674053742
1176.05683437901,683.836697403474
271.90640262765,54.1700859849051
884.642665431516,508.834979322389
180.048575958894,7.80210939931843
3329.09520409722,2198.4161313665
2681.13069509671,1508.3943420558
2655.64114245878,2541.38554143809
4868.91617369025,3623.25109451872
3703.65027849821,2392.09440148119
2389.68634451983,1696.25134919897
4743.06254244674,3043.34819641912
8222.17829202018,3246.3243171133
585.323167562192,287.182306594602
3548.06902183009,1909.69765815442
352.432306982471,63.3870856897994
4982.77633291538,3527.07897917686
3695.89518033013,3306.76034588004
2856.06944028973,2573.84716759174
3103.44831089965,1972.47836228468
264.15137972548,71.1487696518157
8760.46020079166,7101.05146562423
2693.06365332451,2385.14122626522
2907.37851130929,2559.33443560026
2663.90714561507,1624.61747429953
2965.84175748192,2202.1756970356
5297.57629708692,4001.5119113551
3561.11441018837,2318.88393452696
2977.11357996777,1575.98567322502
283.328531133153,53.5637044253726
1825.01319752428,1595.99626468959
2556.14864307586,2079.0802404505
2541.99112565073,1394.19248167717
3246.46497783421,2542.76000630637
474.829276103357,326.556682526913
2794.2996122164,2477.59420137527
308.637520856125,135.18266233845
201.810697367669,52.9168974285379
3416.29376995426,2979.55685635629
3788.74501167546,2790.64878784326
459.018655892653,105.308264172148
4932.75972807989,3503.26839660588
3712.09661877172,2381.66463865723
2523.05452408724,2177.7991583424
3853.85092588569,2458.99850021628
2479.19978866462,2247.16920875292
607.596306858037,32.0169463433171
3439.94954399279,2090.56106464432
305.661770257089,132.555008913809
274.701816109457,182.561274856591
309.930024673153,3.67871479449729
2841.10025530525,2066.0228242019
5893.17891553708,3205.3733491262
234.664304145059,29.1467402948631
5328.3859452149,2862.1613864308
2890.45602546242,1831.31273522551
6349.70277939548,4809.05044690321
294.119404462449,102.357207249089
3553.44933004709,2266.77554584447
3238.07885028765,2617.9513196884
1834.99255382605,1307.43949322672
4977.15547485419,3599.56178825964
828.133246982638,226.705852390558
2146.5456972284,1788.30006993601
3749.24847342979,2452.24745218681
2533.87565431183,1633.67277225521
2646.59387917026,1554.39848970566
943.526648033744,579.741196350392
2907.04794343831,2450.79213644394
1337.92023538209,619.964506466049
2869.02450955758,1902.74448293844
440.202216352391,29.9552490409065
2881.64870989082,2742.29996482987
328.716395482892,112.908246384955
452.826680116308,202.49101544656
2410.24613067019,1758.54694808161
406.356717797292,81.2955544146599
420.423953764943,270.041921178482
931.473339617943,440.152161346005
2690.11804672191,2163.44812810013
4038.07778527505,3013.75677631393
3597.21404744292,2341.27962679236
4639.54211269421,3261.96896134924
2836.77186342815,2339.66260930028
2048.19528274398,1338.40537820018
2699.7668351527,1963.3826388917
3871.04436900386,2583.50884710695
2799.2894408991,2591.67478544199
3378.48077955423,2368.64764784593
3481.5201096184,2556.62593130101
3216.07621666765,2554.72593574781
3665.65664991732,2459.16020196548
2829.13719071398,2631.85767012035
245.485246204878,24.6999421916247
180.469387654396,27.6914245519851
1163.40230188457,571.13057820503
479.338005097694,297.854622042374
2439.73335678243,1314.02883950697
689.174240451613,59.667945458
2633.24802930448,2508.31753372492
894.321409693966,181.146384551015
2979.12769568439,2577.04077713861
3370.75578774963,1976.4804805776
3162.00157509908,2580.23438668548
176.110945863241,22.1531396415881
2354.6085172417,1545.747446123
432.266856332994,96.1721153418577
4154.70351504918,3179.01596400519
2945.31222822686,2474.3197409538
3450.5301243732,2184.06510112423
412.518624843114,208.433554729978
162.464540407569,37.1509768806924
2755.67495425703,1683.35563469958
232.019196682911,68.1168618541531
652.623459340366,508.147746888252
466.563272947072,213.810137891167
8379.68274318722,2605.70241218584
3689.91364803449,2365.85829267208
547.239445688598,118.123127796935
2884.8348663376,2038.89735577215
3235.61404230978,2081.78874474975
1613.70415886906,1036.26565980377
275.242865094096,102.882737934018
2930.94426732102,2099.93976609842
3307.21269486749,2188.39062291556
4708.25507031264,3150.43517983256
2899.14261451648,1953.47840675267
3751.83340579794,2565.31740032098
3030.91786639231,2367.03063035384
3592.64540678526,2268.39256333655
393.551916916146,58.3743314643306
3409.13989586482,2643.58104693797
182.783870796133,25.751003561481
238.601915424235,25.023345690042
3075.97504997221,2818.74446676827
378.462682807309,125.035877575606
1651.75784964509,1388.16909151915
512.34188026179,168.897477048458
3816.15805987594,2480.70696004754
3104.44001451258,2680.20649313374
302.806219314236,87.1976682607764
2219.34664741158,1705.46834890386
1171.78850469704,792.500272871702
2983.42598119802,2550.31956308187
3216.70754710977,2272.9202123144
2987.09293626954,2723.13830754864
2886.63853857352,2517.61538430442
3084.48160297268,2566.53016344004
3764.18755205079,2861.71670662047
6037.54856244631,3828.36976338992
8289.44795057352,7206.7639841694
3382.17784098922,1993.98469492944
5117.28674791311,3708.26578916517
1316.60899439934,820.515100922104
4315.90562977848,3598.18732339137
3030.70742291161,2762.91693785398
990.477521876354,363.343830471886
3095.5730883413,2474.3601663911
3666.76877898417,2273.40531756202
4268.47365624751,2527.07493663313
3015.67832626382,2589.936491638
776.944149821533,525.288132304371
3297.71443825409,2621.7513107948
4319.03157349832,3037.64820975951
790.891148500047,396.452263622362
357.51215369197,71.9572783978591
3489.72620111136,2598.54710978336
267.788454231246,129.40182480424
389.584236906448,79.3551334241558
2559.6954737571,2117.52483132486
5151.10221537064,3820.28467592948
429.651817601369,28.4190824234241
949.688592712521,188.827217638427
2915.04359145057,1911.92105720604
3791.66051191459,2657.68952455643
492.864192080707,63.3466602524973
3404.51104248021,2232.81817851065
3438.08596009355,2533.74513378798
339.898049410122,108.421022844415
3500.33658679161,2281.93508483278
1020.62588373055,507.460514454115
456.103005121709,241.622838755058
633.987394550286,95.9699881553469
1683.70958267156,879.374537634061
456.103005121709,284.433376858054
350.929397317692,118.608233044561
2350.55063104043,1711.53216449919
2988.32549079029,2187.1778597965
3135.58053157517,2271.95000181914
301.062872704138,111.614632391286
3015.79845065409,2398.23906795112
446.334092300644,181.752766110547
364.996633285343,46.3679765855867
5521.32919895815,4317.96223455647
244.884097392148,44.6296827815935
2013.02713637542,1215.02694355396
3511.75864003121,2364.24127517999
842.020108200107,69.8551556581463
7787.80729253553,5267.96001115742
471.613050926048,157.982608976873
2677.58386441547,1973.89325259026
2474.42040346262,1761.94268481499
376.448792888414,249.910053402003
3371.59726060882,2278.5797735367
442.96759873663,129.523101116146
169.828782711805,4.40637266593631
769.790275732094,108.542299156321
2838.60564202754,1905.17000917657
2229.62646522085,1531.15386325692
3753.81741515108,2739.42975878142
1223.69910085887,548.128504380096
4646.21488709528,3527.52365898718
298.838539304537,121.720991716828
615.892341111891,354.975764950337
5245.06417578281,3705.47643399132
2759.04144782104,2587.22798733875
473.446603727715,340.907712769183
7284.69322906898,3209.45631829372
648.08469924846,479.647813590224
3064.73333384985,2463.52614919412
3382.05771659895,2602.87263157469
454.660232917975,167.482586742882
338.785882710322,165.340038565867
229.103545911967,6.83189890406639
3186.37869760652,2584.88331197523
3396.69603264881,2628.50235882427
2621.49510713027,2476.82611806653
618.417211284902,417.352214707583
300.161111852088,148.644332960072
3465.10852875974,2844.37419401784
515.798580017373,255.327062000493
5121.34508570983,4760.74204932712
266.315575664035,51.7849851840772
7260.94713594001,5724.80787810922
715.865940183181,287.505710093019
6792.6703499074,4792.83984654504
2655.67124882226,1507.54540787245
333.886410751005,95.8891372807425
623.557195455447,83.5998043408835
3630.33827279501,2370.54764339913
370.737728635663,204.108032938646
9105.10761371445,7227.62350981732
242.930307301344,75.7168440669607
3195.78693619313,2731.748925694
2140.4137836472,1333.2713476628
6591.43098664438,2721.03618480893
479.698679332151,48.8743536983211
332.413532183794,3.43616217068428
1971.0659406837,1491.53693470079
2657.59504544845,1870.52540940862
6559.47910308608,6001.92425081558
3137.83489607234,2698.1553872959
642.794409058256,366.739567205268
2280.72539382334,1498.69223710327
1175.45561030037,898.617045789893
3472.4427399664,2556.30252780259
3669.53404846954,2391.40716904705
4841.71356897048,4362.10681209044
706.517839057619,344.384300377169
3502.3504014446,2214.38417910086
2866.74003869693,2599.07264046829
3183.61342812115,2449.13469351455
458.3874383494,258.358969798156
3075.28380786678,2640.3874373911
4270.63800271788,3545.55340402395
2975.97134453744,2349.12216162898
2569.22383673398,1552.90274852548
2188.35666216638,1384.00527147702
2908.61106583004,1844.087173413
2252.17011019254,2188.79487728859
276.204725774236,79.2338571122493
3364.9846989347,2549.10679996281
4371.0924004139,3104.75443568111
2736.55801557631,2518.54516936237
1768.68419145854,1138.25903811714
2812.6952024282,1733.60445326617
3377.51888124114,2292.40527309404
2557.71176546759,2336.06474538038
3078.01897098868,1964.39327482425
435.933961936327,10.9552935088875
2718.01189354712,1717.07044940959
2074.16548347482,1424.71368684031
331.842452101587,108.906128092041
2850.47838752839,2500.91967869862
319.308194529238,102.195505499881
3089.320899838,2300.36908424257
375.667306958456,130.533737048701
190.98975530785,28.8233367964458
3083.30926117888,2054.54200000808
3197.38016494834,2044.19308805873
3746.78366545192,2702.35963277533
2378.32435347537,1632.01532932582
350.959466048214,28.7020604845393
2024.84012074477,1451.27319914783
598.458573947271,155.597508176045
859.423844267158,466.549971904321
2657.77538256568,1653.56208740788
551.537806468139,379.554430830056
3346.31845251523,2463.0814693838
3045.16540184424,1842.10632698519
262.678538791224,32.0169463433171
2760.33391400511,2567.01526868767
629.959614712496,287.546135530321
2924.96273502539,1795.25324515198
3193.89324593042,2590.0577679499
3450.01921938499,2230.0288233368
2590.95611520996,2025.27398340132
6536.39414569908,2691.12136120532
331.962689390724,8.65104358266396
3253.10794693545,2731.748925694
5913.22794723105,2634.40447267038
2228.96517894707,1368.19892549188
1394.97058991674,947.208421427099
359.556112341387,120.023123350137
1857.83681083706,1361.124473964
587.727838079021,118.567807607259
3287.22387590048,2133.53330449652
2480.73280469287,1542.27085851501
981.790707024567,424.184113611649
174.818442046213,4.40637266593631
2309.79173297417,1346.16706216219
2117.93035140246,1519.6326136258
2841.22068075916,1552.74104677627
3109.88053545654,2111.98654641447
2964.03838630964,1922.02741653158
3568.86920729282,3111.14165477485
3225.90534221567,2791.01261677898
199.045352616384,57.2828446571721
3200.44589594122,2096.30147674122
2625.43271840945,1597.45158043247
3098.8191564514,2031.78247880696
3054.60374679432,2325.39242993261
1512.01720665229,1068.64643508281
3024.18487926429,1641.23232903072
2746.47715915112,1609.2558081247
287.807191396968,122.772053086684
2611.45583916518,2104.06316070324
2506.67274852842,1581.200554637
5512.79284065784,5142.96455901912
405.42488821472,40.8701171124919
4886.86077057717,3321.71775768184
638.70649175942,214.416519450699
4320.35414604587,3565.03846480359
2939.39060759454,2474.88569707603
443.057767295244,84.4891639615311
733.78058123844,430.409630956183
498.364812852753,436.958551799134
2473.09783091507,1766.14693029442
2756.8774024143,1912.81041682668
1221.4447363617,1020.21676119481
5104.15134152803,4115.34994279801
3852.61867242857,2510.62178365114
287.717022838354,116.303983118337
4137.11929133308,3841.1442015774
2363.62597523038,2243.45006852112
2410.81724838535,1987.96130477141
5340.34900980617,4405.92798612599
321.322084448133,96.0508390299512
1270.71003689662,1094.5591403935
6376.21444307346,2749.61696898156
3557.80782828768,2497.92819633826
750.072112972737,31.8552445941084
2789.27997823385,2464.45593425207
2896.22711427735,1841.49994542566
353.604573510362,198.974002401271
2917.89887896274,2552.46211125889
1885.21975267406,1139.06754686319
7466.00398609193,6722.30554354022
393.64208547476,207.34206792282
497.072309035725,139.144355194062
3600.70096646084,2578.698220068
1303.98449300247,790.681128193104
361.449764971146,102.518908998298
1115.669942112,837.089530215993
2913.05958209743,2476.50271456811
289.610675468112,21.5467580820556
972.923555055552,551.726368299989
2490.92230341171,1848.25099345512
7899.9239922517,6844.71376769118
4218.39683868507,3221.09884423675
2401.16861048638,1219.06948728418
3744.85986882573,2890.90387235264
721.516829341933,339.73537508742
3089.95223028011,2459.76658352502
2109.06312416754,1368.48190355299
3151.18074593812,1813.36384106335
3070.86509689924,1913.1338203251
5627.61489819606,4955.22882818785
2789.82098958554,2424.75815482134
2516.02107545171,1303.47780037111
1760.59852541948,1036.22523436647
3159.14598652327,2203.9948417142
2900.88607402544,2574.93865439889
392.018938520844,171.080450662775
2298.03896133178,1536.85384991652
534.795356674863,43.8211740355501
346.631074171105,70.016857407355
799.48779479322,459.273393189931
2948.91897057142,1894.29556654229
3905.13019160541,2051.83349570884
504.166045664119,329.66944119918
351.981426556446,21.1425037090339
508.434337713137,55.1402964801572
361.930676494739,253.22493926078
489.227155207896,173.263424277092
2718.40267414505,1864.29989206408
849.294257211637,634.679365644038
2812.90564590891,1839.55952443516
729.181683685488,166.87620518335
1147.83219388509,493.837142083284
1272.15288436626,590.89861704579
3877.20623841672,3390.56227740744
357.031204535422,14.8361354898957
573.600502283279,349.760883538358
7724.68508661481,5256.96429221123
4231.74268855085,2521.33452453622
2856.33979543375,2563.45783020508
650.128620264924,485.630778310944
2742.35921075472,2435.2687685199
2364.46759862138,1373.57550865306
2668.74674354402,1609.98346599614
6427.79386923705,5984.70301452486
3123.67737864721,2739.59146053062
5603.89891143057,5682.92712506418
2018.22725800701,1409.83712591311
960.088685443883,63.2658093778929
419.161481045483,65.5700593041165
8042.61009131528,3975.11410079679
3112.10509465387,2454.59212755034
3419.84090169913,2532.93662504194
603.207777519882,289.446131083523
263.099350486726,38.4041654370596
3838.5213677304,2853.95502265846
2611.33541371127,2431.71133003731
359.495974880342,134.414579029709
3076.15538708944,2201.40761372686
3015.16742127561,2120.23333562411
4185.4529504502,3137.70116708237
1308.07233503539,794.198141238393
2554.55571538428,1741.72996616391
590.162539693418,301.735464023382
2807.82579919941,2553.71529981526
4559.19665835548,2413.76243587515
2735.86647240724,2538.71746257615
1671.71641171681,1061.45070724303
1025.04444416627,886.489414599242
3726.34415422365,2465.70912280844
1342.15845870058,592.353932788668
285.552826899799,4.24467091672764
3122.62546230732,2763.60417028811
796.391806905048,444.033003327014
2267.77032455549,1260.78853858002
3074.23159046325,2005.34424281135
2971.40270387979,2479.57504780308
514.596244758959,107.855066722184
1681.60559945996,1143.43349409182
951.702482631416,853.380981448767
6718.33653422779,5182.62191301254
463.31697903924,57.4445464063808
943.917428631678,558.719968953264
2932.02629002439,2610.99814447243
3449.32797727956,1756.16184728078
1375.70326995045,910.421273482126
7420.82637705813,6386.12760693539
266.736387359537,115.778452433409
4410.82918744012,1739.30443992578
1497.49916552452,1124.3122622479
381.047690441366,186.684669461412
2710.31700810599,2503.38563037406
2614.01066516985,1840.3680331812
2907.67927388043,1485.39226823086
6456.1089040873,5623.98683747762
813.464824569303,538.790228363295
7018.28743780513,6728.12680651173
1852.21580224406,1042.65287889752
2908.10016084184,1949.03160864943
2482.95706282657,1934.76142928176
5355.85860401506,5103.10507783918
210.196937813091,70.8657915907005
385.526388338135,16.3318766700759
2724.65486264835,1808.6744903363
2616.5055795112,2648.06827047852
3442.11389046316,2378.30932736115
6312.46060564699,3530.83854484596
2579.68429272412,1472.01144848384
441.584888728033,112.948671822257
3240.3633211483,2174.03959267329
208.694028148312,50.6530729396165
257.027611999518,23.1233501368401
935.801731495052,553.060407730961
155.821665388722,4.48722354054065
358.32370835245,113.029522696862
3198.85296824965,2233.7479635686
152.184628515911,35.5743848259079
2615.09268787322,1747.227825637
222.430620979075,11.8850785668374
292.887038106466,99.6891283871463
1076.23354132738,697.662196960816
2201.64229930521,1234.14817539789
187.172362501333,36.3828935719512
287.506616990603,40.425437302168
2904.07223047223,1924.73592083082
7702.23115860628,2943.86119521848
1029.97398485611,230.586694371566
731.285742162997,208.999510852209
3348.81336685658,2451.76234693919
728.700734528941,470.390388448027
6183.96182930837,5462.16381195704
661.280243094585,83.3168262797683
368.874144736427,232.284562738257
2452.3578581793,1559.33039305653
702.219478278078,142.984771737768
2835.87017784201,2347.6264204488
4546.5721569586,2874.49114480796
261.686609380561,41.2743714855135
3009.57636851427,2160.53749661437
2939.51073198481,2509.8132749051
320.9313038502,0.242552623813008
258.981402090322,54.5339149206247
305.000483983314,36.5445953211599
452.375799690284,246.837720167038
350.117842657211,25.3871746257615
3156.32050431094,1666.86205628029
2894.84432900285,1657.72590745
2284.51277434877,1493.39650481669
2710.2269900792,1669.61098601684
2608.11915090101,2377.3795423032
268.900583298091,60.6785813905542
8960.28697348034,8189.95104479543
4534.15809904244,2951.6633046178
827.50206707234,161.540047459463
2735.92668513419,1695.72581851404
441.043839743395,223.310115657176
3428.79814696085,2476.58356544272
4030.95371648545,3070.27153766236
5861.88876984801,5396.99800702594
3167.62243316026,2015.24847495038
220.266443856997,10.106359325542
2907.31859964597,1959.34009516148
442.186075173718,64.236019873145
206.980712635782,48.6318010745081
7058.89610511765,6444.50193839972
3613.95649723619,2600.36625446196
2667.99528871163,1626.47704441543
3129.26813034492,2027.57823332754
6484.30351348365,6159.86643435515
2465.22260835672,1610.79197474219
3189.68527950722,2022.88888260049
3239.88222145994,2069.13558287417
2734.33375744262,2384.04973945806
159.308415058351,10.3893373866572
2521.70184517621,1638.68552648068
2783.05789609403,2565.84293100591
148.637760201714,13.4212451843198
6361.81637580415,4574.09780530301
2633.15771021405,2160.37579486516
2633.78904065616,2431.91345722382
689.294440107795,603.309226297555
2821.89299753411,1866.5232911157
549.553947646812,345.758765245443
3277.63560126028,1913.41679838622
1224.21000584708,548.492333315816
2589.15244297404,2412.71137450529
178.154904512659,1.65744292938889
503.444659562252,227.069681326278
228.412190907669,36.0190646362317
293.788761325561,111.938035889703
592.086261053699,286.131245224745
2876.95964377925,2459.60488177581
614.209094329884,367.022545266383
3212.67961674016,2274.33510261997
3021.77998294973,2769.46585869693
5060.08646368834,3226.27330021143
3008.73489565508,2549.79403239695
2538.32417057921,1564.22187097009
2028.9279627777,1527.1921704013
5645.13860812157,3872.59519179849
2224.33632556246,1407.65415229879
2349.28812068802,1484.50290861021
1134.30600690208,482.073339828354
2803.13673308784,1649.47911824036
3879.76106442139,2689.82774721166
2923.70037520479,2600.68965796037
496.621466242654,212.314396710986
895.884456819791,33.9573673338211
2703.8847835491,2419.05816816173
1369.72173765481,888.712813650862
3317.73306252095,2081.46534125133
3792.2918423567,3741.94017843788
1212.5474027633,220.197356984909
870.665560389524,385.254417489661
464.940125993156,76.2019493145867
274.58157882032,166.229398186515
2731.77863037431,2512.40050289244
3672.47995613578,3323.61775323505
3040.20567952501,2616.81940744394
182.393109014677,52.1083886824946
3021.72007128641,2714.04258415565
3576.11340047269,2746.98931555692
3027.46105373787,2434.58153608577
2484.39975976439,1594.41967263481
653.31477671171,104.499755426104
4038.19790966532,3679.96798305366
4062.21435793831,2868.95285989756
2955.32138982847,2066.38665313762
1233.58813807021,946.48076355566
3762.02320558041,2689.90859808626
4584.77592795656,3337.92835804001
554.483488336651,44.6296827815935
2287.00768869012,1347.62237790507
378.763294846629,95.1210539720013
3222.268192444,2534.67491884593
2950.15152509217,2601.1343377707
326.762605392089,111.69548326589
3153.40500407182,2002.27190957638
2656.03192305672,1905.12958373927
508.644743560888,127.016724003412
3104.25967739536,2592.56414506264
2239.8463713668,1368.36062724109
2859.43593385374,2513.65369144881
2862.23130970259,1937.51035901831
207.882454671354,4.40637266593631
7946.99529154821,7503.60797027922
1971.0659406837,1206.01207103558
2634.45017639812,2314.92224167135
4901.91997358844,4035.75225675004
1945.57653857759,1278.41402924376
2239.36542221025,1032.70822132118
213.89409333047,28.6616350472371
513.063266363657,333.671559492095
3952.86262664389,3150.43517983256
4594.2744856336,2811.71044067769
4676.48352387157,4069.87132583307
193.274169719064,27.3275956162656
260.844985989557,97.7891328339444
484.9889318894,268.990859808626
2172.15522372479,1398.11374909548
1248.97805948428,433.077709818126
331.571908792791,175.769801389827
2989.25728273991,2615.48536801297
2801.42337994236,2608.73431998351
4466.52716412738,3014.16103068695
6347.2984852082,2257.07344089195
3648.13263892818,2529.50046287126
2863.85434375765,2118.1312128844
3808.25273095411,2745.17017087832
836.128744463081,612.324098815939
3166.11952349548,2092.0972312618
292.376020219396,69.289199535916
480.149559758175,311.599270725111
3095.60289364114,2730.25318451382
1737.24321288845,1287.79273069786
9808.25859228675,6998.97723643626
3457.77431755307,2463.88997812984
3092.08616932337,2752.48717503002
2537.09191712209,1202.25250536648
2040.62067222495,1450.02001059146
485.860624010927,121.316737343806
798.465834284989,678.702666866099
447.566496289581,21.9914378923794
3135.06932552333,2554.11955418828
2735.08521227501,2451.72192150189
2541.99112565073,1511.38582441616
3024.27489729108,2465.58784649653
273.830123987931,152.363473191871
399.202843707852,43.780748598248
1863.66796184713,1329.14795305798
1031.92781257987,749.487607582195
2607.06723456112,1518.78367944245
580.513901794444,75.9998221280759
440.172185254823,76.040247565378
2734.36356274246,2395.08588384155
2617.82815205876,1626.07279004241
275.513408402892,127.501829251038
2517.64410950676,1922.35082003
3355.90702821907,2802.89769534582
6354.8130335321,4614.48281716787
1492.53959373711,894.08939681205
1599.66691636602,824.032113967393
467.735539474963,202.814418944977
620.942156723822,460.5670071836
447.476327730967,212.435673022893
2949.18962677908,2207.39057844758
2818.25614882607,1472.65825548068
2670.61032744325,2358.46043764578
1999.35071863866,1092.49744309109
610.24145195314,336.622616415153
6610.48771259814,5700.1887867922
410.144023056808,207.301642485518
2934.01029937754,2089.38872696255
3448.57652244717,2219.03310439061
4109.16523178092,2708.05961943493
5086.0863191872,2198.21400417999
454.840570035203,121.033759282691
2913.72101890302,2591.71521087929
2906.2365769426,2556.18125149069
2111.25742646957,1184.42488751622
133.638732284446,8.40849095885095
4393.87659522977,2961.64838763143
966.521135798502,278.935517384959
198.233779139426,12.4510346890678
1986.36554300733,1292.56293229952
3230.26384045626,2361.41149456884
584.842218405645,353.803427268574
721.276354763659,362.494896288541
2989.64806333784,3026.207811003
3325.00706100066,1722.48745800808
3203.66215875149,2270.09043170325
3058.90203230796,2505.93243292409
690.076001303662,554.192319975421
6648.90222814044,2348.87960900517
2555.36708187999,1827.79572218022
2320.37216282276,1497.15607048579
3674.79423229627,3160.5011137208
3300.05882077806,2251.41387966964
223.031788608282,56.9594411587547
3205.5558490142,2594.74711867696
688.272479599564,241.622838755058
3588.28690854467,2663.63206383985
535.486711679161,441.445775339675
304.579672287812,97.5465802101314
2983.27544938064,2502.09201638039
288.58871495988,23.8914334455813
3022.74188126283,2535.52385302928
224.294242511265,48.0658449522778
1077.58622023841,501.477549733394
2794.99115538547,2398.84544951065
2702.02119964987,1507.42413156054
5389.31339723814,4869.04179585963
2794.57026842406,2577.88971132195
326.942942509317,177.265542570007
427.006672506267,22.9212229503293
1090.54128950626,472.330809438531
2848.13400500442,2661.97462091046
222.61097691278,53.7658316118835
5379.51437805359,3637.68297563559
3625.85965016415,2444.08151385178
2748.16040593313,2379.2795378564
250.625192742468,101.225295004629
6182.75998327836,2839.60399241619
750.61319959033,153.293258249821
1539.21996190388,1206.09292191018
3367.90019917382,2817.28915102539
396.227093108817,93.7465891037276
3646.87027910758,2462.87934219728
2454.49179722256,2158.07154493894
2745.00435584982,2703.85537395551
269.892512708755,24.780793066229
404.523164995625,218.095234245196
2661.68288748138,2458.23041690754
2419.95498129612,1441.89449769373
538.1919189694,418.767105013158
994.896082312077,529.290250597286
332.834381512251,158.669841411009
3711.70583817379,2571.62376854012
4663.34811748649,3381.34527770254
3709.33134928635,2667.27035319705
3444.45827298713,2627.16831939329
1100.06972774905,734.85359927881
2755.46451077632,1774.07031600564
266.826555918151,87.6423480711003
2425.69611427939,1988.00173020872
3336.69977044792,2717.84257526206
3062.56898737947,2328.22221054376
3064.13210977121,2789.5168755988
2706.22916607307,2490.57076674927
263.490131084659,92.8168040457778
2987.63394762122,1527.91982827274
2804.06852503746,2499.82819189147
2897.88025469588,1927.32314881816
3537.33821069593,2660.27675254377
2500.60119820598,1686.50881880915
331.211234558335,12.6127364382764
225.015628613131,4.36594722863415
226.428369719296,80.8913000416382
330.670185573696,120.144399662043
320.360223767993,124.995452138304
455.351550289319,343.939620566845
2652.30475525824,2365.29233654985
2875.18637897045,2512.40050289244
491.000570548517,331.650287626986
2449.38184414958,1654.57272334043
702.580152512534,202.369739134653
2427.04879319042,1491.69863645
2805.51152303892,2559.90039172249
5164.17801115604,3826.79317133513
2807.13455709397,2617.9513196884
3463.09441304312,2720.4702286867
321.532490295884,81.0530017908469
2248.2025430817,1446.9476773565
1716.83380802366,1259.05024477602
6293.40387969322,4898.87576858863
5447.68662538397,4074.47982568551
194.747029469798,34.5233234560515
2092.23050581565,1313.86713775776
3596.37257458373,2220.24586750967
576.546184151791,9.74253038982249
3197.8308572096,2302.7541850434
2491.85409536133,1663.14291604849
3389.9329391573,2075.2398239068
295.622314127228,175.001718081085
3055.71587586117,2650.29166953014
283.599036808995,154.465595931584
172.864670771886,24.4573895678116
5534.79517321421,3620.62344109407
247.168530619839,54.0083842356965
528.813786746269,402.39480290578
3239.40142283521,1950.446498955
260.12359988769,89.744470810813
176.832350781585,43.9828757847588
4194.04952147746,3845.79312686715
166.943200671383,87.7231989457046
2949.8209572212,2557.51529092166
1832.88842008263,1176.86533074072
3311.27043053694,2325.67540799373
366.048662524097,256.095145309234
543.091390928717,438.252165792803
3383.59043156357,2620.29599505193
277.316892474036,49.2381826340406
1511.11552106614,1206.21419822209
332.47366964484,50.289244003897
2694.35611950858,1865.59350605775
409.182162376668,210.737804656202
3015.97878777132,2044.55691699445
5946.65263409065,2110.85463417001
374.79561483693,211.546313402245
363.884466585542,277.682328828592
2778.69939785344,1673.00672275022
3062.29863223545,2269.52447558101
3865.54363533295,2779.85519608358
5820.88932193757,2626.03640714883
5033.24423213939,3400.9920402314
1032.1081496971,546.309359701499
352.702812658313,171.161301537379
4222.39436162756,3682.5956364783
2782.99798443071,1493.31565394209
299.950706004338,5.21488141197967
2832.32334716076,1916.32742987197
2265.06511726525,1672.80459556371
3750.87150748484,2419.46242253476
3569.89131833287,2379.44123960561
4457.96039839995,3124.64375083377
8783.99554937629,7978.32388051858
2316.79522577804,1861.87436582595
2516.38174968616,2014.68251882815
257.598692081725,149.897521516439
2240.89828770669,1062.05708880256
536.0277606638,340.018353148535
485.259475198197,188.867643075729
446.424260859258,57.8083753421003
2771.96641072541,1555.85380544854
606.724577103557,315.641814455328
2778.06836847496,2508.68136266064
3983.61236310854,2647.46188891898
528.092363011448,371.873597742644
382.821143414941,204.188883813251
249.84370681251,35.0488541409797
339.717674659939,178.559156563676
2913.87124965677,2557.47486548436
1679.53157208002,1107.98038557782
1818.97145250169,1695.32156414102
3708.97037398826,2696.09368999349
3960.88807995599,2699.65112847608
541.348006685664,36.9084242568794
2729.76481572132,1773.74691250723
604.590487528479,100.416786258585
3482.81257580247,2497.40266565334
2002.86759348824,1555.61125282473
617.455388237716,478.83930484418
2862.92255180803,2671.23204605266
3357.98105559901,2109.64187105094
952.544106022419,124.389070578771
1833.39947560266,1119.46120977164
2331.91449098444,1779.52775004144
522.321198930605,210.414401157785
698.492235213698,132.797561537622
6903.37506117648,5006.00317743937
4026.98629990643,2994.79724621921
2807.55544405538,2527.51961644345
570.534545492675,443.911727015107
329.978830569398,4.77020160165583
822.602557480069,546.390210576103
400.976296681428,49.8445641935732
5656.2605009173,5250.90047661591
8227.88886704453,7005.4453064046
3026.55936815173,2600.81093427228
1183.9921191325,889.885151332625
3195.33624393188,2283.10742251454
264.872803460301,173.505976900905
272.026639916787,58.8998621492588
460.401328268295,276.550416584131
5761.82485168629,5825.0225371813
885.814931959407,291.224850324818
613.157027458175,151.59538988313
1293.46412534901,723.938731207225
1064.0600332554,227.352659387393
308.216709160623,61.2849629500867
2754.77326867089,2472.33889452599
599.390441162798,162.995363202341
2628.1380762315,2503.02180143834
1217.77763075837,599.994340438778
2904.43290470668,2621.5896090456
4723.55482316809,2359.10724464262
3464.68764179833,2347.5859950115
4386.42195856919,3114.69909325744
2741.09685093412,2454.06659686541
4972.82738404072,3578.98524067284
3910.15012665159,2988.36960168817
2476.73498068674,1598.46221636503
4673.35758015174,3484.14716476195
505.368380922533,374.056571356961
2709.47553524681,2416.14753667598
3042.61057583957,2024.62717640448
692.901483515992,486.762690555405
576.425984495609,298.541854476511
740.934455327879,211.910142337965
3648.07272726486,2287.79677324159
2667.93507598467,2302.30950523307
390.155354621609,45.6403187141477
3778.19453765853,2752.93185484034
3554.50154745062,2557.59614179626
2530.80962225532,1066.22090884468
403.080355158937,179.36766530972
246.958124772089,65.8934628025339
2733.7924450273,1861.79351495135
3369.13245263094,2051.87392114614
416.8169479897,168.776200736551
3213.70172778021,2574.13014565285
3184.90589430522,1508.11136399468
423.549972750684,152.646451252986
209.565720269838,6.79147346676423
5355.67856796147,2257.15429176655
2562.52095596943,1903.51256624719
2357.07332521957,1365.40957031803
3726.43417225044,2515.10900719169
5389.07314845759,3984.37152593898
846.919617792377,257.590886489415
2827.30371317822,1840.3276077439
3004.22616666075,2565.7620801313
5447.05559600549,2427.38580824598
2061.33068912906,692.932420796462
535.426574218116,252.254728765528
3069.45250632489,2156.85878181987
3135.15964461376,1705.38749802926
3170.17756022857,1652.79400409914
2773.3793023634,2528.08557256568
6107.6145000394,2582.579062049
6207.3171418394,4647.18699594533
276.024388657008,72.6445108319959
2600.60460257712,2257.43726982767
2891.9589351272,1991.03363800638
3713.84007828068,1805.07662641641
2446.61657466421,1601.29199697618
2637.60622648143,2459.32190371469
2930.22291885211,2197.48634630855
1549.74032955733,998.710428550061
3374.60307993837,2447.23469796135
390.666334875725,126.167789820066
4557.12263097554,3275.55190828277
312.064151881185,15.8063459851477
5100.48438645652,3344.51770432027
2934.22074285824,1961.80604683691
517.361589510243,282.897210240572
391.3276211495,123.742263581936
5744.00007812601,2613.46409614786
1787.62079302203,1153.33772623085
3211.11679541206,2113.28016040814
3062.23841950849,1330.84582142467
4546.81270680279,4206.18590041598
622.59537240826,452.764897784282
468.907806002854,322.877967732416
2764.93296208988,2570.28972910914
2902.80987065163,2586.2982022808
3900.53144458428,2856.6635269577
2754.322275346,2163.56940441203
4051.15297893317,3186.45424446879
2970.01991860528,2610.4321883502
999.284611650232,770.872663915042
302.054764481847,91.6848918013171
2482.05507617679,2203.79271452769
2722.55072890493,2466.63890786639
257.177880386223,164.814507880939
7204.31766836677,4797.08451746177
264.30168574514,82.8721464694444
1036.25620445698,325.343919407848
603.328052441974,136.193298271004
2800.37146360247,1783.04476308672
3370.27468806126,2217.73949039694
4106.91086728375,2468.41762710768
7201.34195540069,6590.03351268752
8228.12971795234,2846.43589132025
2398.58367811823,1315.92883506017
2429.42328207786,1170.55896252158
924.770308321574,390.590575213547
2350.58073740391,1126.93991567254
391.688295383957,56.8381648468482
327.483991493955,169.625134919897
3059.44304365964,2379.96677029054
895.944519014928,535.879596877539
410.805309330584,30.6424814750434
229.554426337992,34.6850252052602
4731.03926512851,3613.10430975587
3188.48283134994,2378.75400717147
2911.67709788656,1924.61464451892
567.829338202436,121.316737343806
291.293959883073,150.261350452159
733.449938101552,532.403009269553
3144.14699623896,2151.28007147217
482.524161544481,49.1169063221341
2747.07838322976,2101.354656404
2687.1724401193,2120.83971718364
1390.85264152034,948.54246085807
4025.4231775147,1848.77652414005
5949.86859583728,2432.35813703415
574.442125674282,87.3593700099851
3352.66065904533,1877.84241356031
271.275185084397,68.7636688509878
2372.49305193348,1552.17509065404
3036.77927429768,2841.46356253209
3660.15591624641,2331.94135077556
3232.09731799201,2601.29603951991
2635.17152486704,2458.83679846707
2697.99326928026,1565.75803758757
5965.13854339289,3994.88213963755
2842.93373284101,2603.15560963581
3670.43603511932,2355.14555178701
2847.08178760089,2500.434573451
1367.04663672805,552.575302483335
598.218174634906,101.386996753837
175.299372386283,33.8360910219146
2977.02356194097,2029.03354907042
236.497856946726,44.9126608427087
261.115529298354,6.50849540564905
2737.73005630647,1727.62148854545
466.202561079661,249.182395530564
165.981339991243,3.43616217068428
667.021376077859,455.513827520829
346.059956455944,184.380419535188
2725.25608672699,1589.40691840934
3186.70956654114,1992.04427393893
1487.06896642968,1221.2524608985
793.38598757549,379.675707141962
188.975865388955,40.4658627394702
3154.42681404823,2546.31744478896
4472.07104870797,4791.14341861636
4495.10964141992,3098.40986816185
4084.22063491701,5335.5915439598
1949.8130205823,4151.1608747683
4185.35880047149,5266.65429794683
3998.04384312957,4543.92532412326
3731.16529352054,5802.29350268189
4888.0570636858,5331.10166689472
4624.81347124841,4565.74846082053
4394.38520964792,6425.51068150111
3677.13130535914,5455.90401166224
3722.41035855133,4037.49738304733
2444.90158599565,2209.73177357041
8403.76513643221,1945.23687062124
4915.47173109855,2556.91686674658
3656.83241999497,4321.94027107905
3951.8980777699,6312.1880111132
2199.86198308112,1959.38793305498
2748.08192908134,167.312654692752
4037.00498624778,6840.38242628264
4470.25028936336,5976.19864501497
4408.43483281418,4982.49556864441
4725.54465837203,5241.42125649792
4911.10002561842,5862.535153294
4583.29550900036,6764.62537076641
3280.89424822683,4113.93608122968
4796.17213395703,5125.20033621323
4119.0951111137,3430.25038995569
3522.08404481671,1810.5456329319
4240.74311913592,6243.59200928855
4369.02648410112,5427.43147612824
4581.92901383352,6362.14328486667
4224.37447020229,4676.34329197818
3867.25566752163,6218.92728529825
4641.91111146069,5529.33071188504
4531.39529200413,6149.59255534846
3772.6594475716,2016.39030100962
3565.12849732874,1849.0208094505
3953.1897480651,5246.19486943705
3906.15835749812,3612.96424146952
4239.1843665234,4282.27179703949
3756.4026079535,3829.89109999004
4234.42032984718,4715.89801795498
3316.25137053516,4880.53967028385
2114.03714704318,2956.15988141648
4162.37352221439,6830.15271202775
3977.36374757116,5729.49220537671
3873.35252861355,4368.37189201812
4069.48276787355,1502.06300097224
4437.77373140345,6199.54740624667
3995.83233615675,6767.58070612221
2676.42728939513,4382.29566975394
3971.81675262896,3434.62630753037
3926.17388197813,5500.1194482259
4076.13779895027,5095.53408030301
3949.04220499577,4415.71265174885
4123.28847493605,4449.18671920278
3827.75756203112,2195.01239367807
4044.36412669984,6102.53595434703
4452.09492765477,5506.76842420737
3643.61193030439,5597.58589237663
4351.58182002822,7345.50247606432
4390.18524875211,5108.66204445468
4141.15054269634,2556.57604541352
4271.40196788609,5536.83258690967
8288.99674628199,6452.22160205553
3990.0476085646,6604.58734356539
4098.48362691393,5484.6611287808
3268.58926669695,1367.3717632829
4545.07547510514,4941.34963835457
4552.08764112738,5126.96195119281
7944.83542124025,7701.21254254719
2324.79076075317,1761.84084787223
4130.53775441847,5399.47017259383
4684.02795614863,5567.6354777371
4071.73774846956,4027.09725812592
4484.00587497333,2860.73942240225
4032.98355892548,3773.22976479608
3009.09823779138,605.996885132755
3934.93846630907,6531.55855013467
4737.27723599393,4638.94808777304
4070.24709514273,3167.80147214302
3317.11545811652,4324.27062637249
4665.59944487483,6268.93922165547
3961.97159690401,2781.17497819758
4469.9410728422,7302.42452012837
4286.14893003618,5323.9410360584
3310.95285107725,2434.33091778209
3169.88732146463,4580.80887347356
4521.6335848114,3418.77029272082
3425.12298234044,2013.5487137166
2615.61090873647,2827.54972510526
3504.27408288291,5431.2959502757
5055.34669978675,6887.66610055436
4112.79057856657,2394.77598037767
3411.15403522719,4638.72059164749
3568.95408536067,5237.67010755798
3478.68447543146,5513.64531916964
4580.87728718261,6606.06479981566
8682.5647076538,2886.25683400809
3370.50093824017,6776.90128158543
3120.792739459,1532.1838262783
4460.1800059484,4445.83347705491
1816.54263075637,2805.2715961569
4227.50274578837,4313.18843592969
4457.19111632201,1493.93604017143
4764.11288348358,5066.09532051833
3774.33401809537,3097.61426600533
4319.07529774242,5591.95938039434
4481.61260740158,5846.33810572376
4035.64793660953,3257.31126044566
4286.41719505225,6700.12133921476
3103.79719003671,2185.35099688179
4763.85899314699,7099.13685775912
4597.31013648149,7080.09864575111
3434.76851032854,6096.11362878059
4078.1395169258,6603.96236350303
4263.16060739349,4103.7063669748
6061.82886185767,4987.89458450115
3933.18745472045,4284.65881493668
7475.16390306904,4518.29395302703
3993.6542389428,4814.50109702292
4210.14903120601,4093.81789690822
2105.06452581586,1771.55901298608
4044.62004025566,5155.66198285235
3797.02485233548,3145.63709125744
8104.98591626874,3414.84894454197
4205.38244058381,4138.26040674217
4263.20590521706,4869.17332111176
3510.45082715573,5127.24610992211
4386.37322893349,4840.07538266014
3799.48189042804,3759.30598706026
4533.31208928315,4959.47871157091
5036.37127038455,3789.5976458881
3341.85577804428,3601.59789229742
4947.73736239388,4061.87837116358
4850.46268590663,6142.14734292758
3685.16308204822,3698.49601898955
3920.68946720512,6366.68982453551
4608.22396007696,5668.85264797252
4058.60368498905,3952.30684971562
4479.08925787253,2864.03579051874
3485.89325592499,6590.32274449651
4524.92636818859,4945.3278605648
8396.21243700503,823.946630507711
1418.39764282438,1257.45910336043
7567.16976570007,1551.27922945913
3511.11743642809,4098.30735111805
4184.38560463913,4706.69119055453
5145.50715038013,3859.2165345672
3598.3929967053,4462.59884208375
3560.24108310357,5425.72652375242
3241.47499175656,4552.22258987679
3001.21763027696,1775.93514198839
4521.49317379713,4579.10392109775
4090.88983620761,1834.86974701676
4243.57422643115,6367.88312205647
5221.39767122479,6182.95287473961
4117.40890169362,3432.63719642525
3939.0830722671,4783.01614067411
4315.49655755856,6709.38525207422
4140.728351473,4636.27691114654
4298.46182284396,5777.51503062882
3914.3367071365,3477.53427565504
3693.6562019435,5690.84661819158
4155.5523061415,1154.36635865504
2381.76050316604,1741.72245212314
3187.91335704544,3431.33015084151
3520.23008843814,3683.322281129
3895.8341842427,4816.60395619081
4384.51403411305,1790.82514397489
3082.05469046901,1623.68293711368
3661.75357217744,4239.13675564453
3680.16727520051,5453.85823795336
3566.46714965422,2805.04431145898
3462.04390461917,4775.74176177502
3226.46342722054,6614.4191510282
4079.30512436194,3600.40459477645
8316.05377758442,3824.37833607052
4420.88690610148,6450.51664967972
3653.70662556756,6254.90169585688
3577.1672558303,5503.64267818505
3216.65034138642,1588.50402299775
2038.91079223487,666.011198190045
4797.87191425243,3645.98373952761
3997.31144894085,5308.70978988359
4286.79153601149,2222.0074729618
3861.61873838049,2106.1275854378
3589.98484202556,1357.65349245523
3629.14571128572,4301.31043190275
4423.65368546466,4745.33677773966
4244.74014566008,2698.93956879403
3128.37188570323,5551.09718597855
4231.98736474174,3649.84821367507
4092.78061811085,5092.06751294762
3663.93800807153,219.768350836288
3615.6123089045,4577.62646484747
3170.22557659272,5140.09033819973
3578.46331343468,3773.68475704717
3740.65560527961,5768.4786138949
4262.7880476522,5094.45410798956
3902.50244480585,5495.06125370221
3490.27053219004,4850.9871624364
4296.50945177327,4351.54986438552
3737.27101244444,4014.13970464078
4847.42083816735,6171.30236683821
4334.10323452004,1623.85345349402
4939.41419955247,5010.62728284535
4005.30921001052,5905.55686948144
3174.33149159172,4323.36106472557
4335.62319885952,1145.1596369684
4526.83479843278,2737.81244067708
3675.00419790041,6849.87298955714
4643.11874835513,5772.62766962692
3705.09652516621,5639.4705507916
4887.78835421712,6280.02141209827
4971.6850176976,7820.73004237599
4057.8896078309,4692.88116088148
3813.63839237617,4592.6868775005
4630.28966263943,4369.67893760186
3632.9086457407,4615.76039717776
3526.69758554883,6310.08515194531
4078.65728765026,3547.77856725174
8345.2590474488,1494.44748359865
3968.70365484409,1773.32083939328
8099.46904739084,3008.95674246297
8683.88840157482,3344.2638316122
4627.02119627863,1413.46224574746
4561.99417237404,6450.23249095042
4587.09571266368,5013.35554493085
3728.46297866889,6067.01611318422
4563.5269508572,5200.1044926863
4325.27900491187,6948.19190989577
3894.0582867685,4992.49820962901
3672.3510874225,4555.34833589911
4518.78116665402,4859.05735491964
8373.69783331257,1183.46419139284
4924.72406278734,4399.34519351208
3716.94573304778,6376.00997714347
4547.34758458807,6701.54213286127
4376.64128376613,5548.88100160314
3883.97326612166,3685.08389610857
3753.74652840358,5631.40078116362
4194.33781975418,5733.01585819111
4311.48947738774,5187.94232993006
3797.13539904702,3000.60239125043
3914.19777717336,5565.98718796505
4650.08619899077,5737.78947113024
4614.05553395917,5183.85078251231
5021.27405194216,7660.40785644566
4073.70537598617,5766.77366151909
4075.99196121965,5305.47071865374
3928.71027650698,3539.59462670573
4249.14652591132,4466.57706429399
3384.60642370159,3620.12529516109
4200.14711169813,5399.18601386453
4271.5090274692,6439.88902863276
4909.78556756158,5407.59702768083
3047.47683115022,627.53612738526
4105.43801929235,4904.01109675318
3638.14705944653,4860.25065244061
4555.78857267646,4556.82621500464
4773.32281773216,5434.70585502733
4131.67224995512,1196.02404951354
3464.51647398942,4637.75436739681
3421.41382307436,7974.97156978344
4555.21960911472,7071.6305464758
7361.10819367761,5462.38299983244
3764.6186569025,3485.03615067967
4403.51908403632,5449.08420215898
4573.9508907852,7398.29933711081
2609.30976496966,2507.58699591073
3793.06974130089,4952.65890206765
3461.91128151612,3601.65497775643
4635.09015982577,5466.58871816821
3666.91365268915,8312.66546540223
3810.27926147141,7945.81654587281
3641.46120675596,5188.4539847849
3264.46554269509,4040.2823077366
3991.79150125849,5518.81683890085
4279.75177368363,6627.09254578404
3932.80865617882,4123.76831154775
3714.62193159,4228.05456520174
2454.66755678699,1683.81083966302
4156.79463906736,5976.25573047398
4018.04662766084,5129.00814775694
4086.7766640346,5779.61788979671
4230.27423586355,4208.6180235464
4694.39037683893,5254.94712744167
3688.88936504323,1914.26356912728
4508.52549788473,5511.485797398
4117.21459754136,4940.66757283319
3786.47962541021,5744.83677675904
3052.53621590129,2680.24175526383
4166.21811872898,6597.08546854076
4396.30092793071,6272.12163028156
3132.00942884734,1621.92111070648
3879.6843173819,5924.70925240747
4502.84200539791,5121.10836594023
3057.83619874207,4356.03931859535
4257.27767793191,6785.53979152727
8072.28505005525,2512.07666154819
4448.1860615797,3130.63334120817
3542.87761709303,2052.98990305825
4642.64968205348,5883.39248859585
3824.64801000097,6710.74896026172
3982.37870033377,4821.60506525548
3199.01524180406,4355.30059047021
4908.23419694005,5288.19369877005
3524.93405451771,4232.03278741197
3829.4923494866,4649.23446463168
4451.19160935098,3752.37285234949
2502.27476897504,7105.90000465862
3738.70136391364,3642.28967604668
4465.46391364831,4242.88748172922
3920.41943825379,3408.02913503871
8293.82802097354,393.673493169368
4436.95081246922,4880.53967028385
4722.43515624997,7407.67657517779
4347.63759824859,4831.49395817731
7769.50820309051,7856.59070487185
7709.10523422432,3857.45449673237
3767.02694957654,3637.57272571131
3986.28687010203,4534.32058993073
4178.50440298519,4630.25249237218
4311.13216639738,3578.12646582809
4280.32932779748,1773.88915685189
8261.43741244594,1000.29555905555
9112.57144133313,3676.04747937466
4363.00476039725,4254.70840029715
3816.67130415168,1245.41079438077
3463.45731147985,5989.21328395912
3854.14288600369,6682.50349799801
3678.74116546507,1224.43992244378
3668.91509807519,4260.3915748832
4622.14339589033,5948.35108954333
3382.66431669774,4541.25414749676
4278.43648876483,6527.69407598721
4910.37962648509,6045.98836721585
4303.89425983121,5325.19099618313
4333.74336708311,5913.96788329774
3883.75818957405,4586.94704031069
4223.15326829069,5240.45503224725
4650.81430289997,6637.77725229001
4452.65226078435,5585.53747768315
3673.80002529044,4969.14010836719
3077.38321837185,5138.27163776115
4374.47540208649,5620.48900138735
3960.12849747457,6163.51633308428
3671.42095579618,4513.12243329582
1106.58378628054,3073.29015192046
4387.18118864625,2656.37242200243
3872.43386867322,4357.34678703434
3977.09949130913,1346.34401731452
2608.67308088996,8218.72225121065
3748.48873663652,2020.02749045917
3714.61794180193,3787.32437605368
4383.18402242894,5631.74160249668
3940.41608151087,4641.61884154428
4255.76511592325,7084.19061602411
3775.86640746275,6037.86108927359
3951.17484086774,559.73583343094
4668.78041246832,7601.87115820936
4181.04649371399,5419.98668656262
8589.87532480246,6919.8897850283
4450.23533091208,6889.99645584779
3936.90683678204,2889.04175869735
3605.14661747388,5635.66316210315
7135.73527662082,1073.8357959135
3886.1536993168,784.732725863977
3074.34450788262,1462.84909632851
3905.36937541325,2689.3917086329
4772.62609564717,5139.69243140766
3225.48705326056,4542.67494114327
8118.88342562241,1392.83240657115
5268.36192029671,5467.09995016781
4347.34406656277,5405.26709524265
4414.89732627548,6444.37890569784
4461.85059345552,6219.38185469408
3743.03188258538,2425.06721635026
4021.67594649049,6293.43353497924
7179.36849282987,3368.47419763429
3925.199283038,3387.74011719547
3787.77339800709,6822.70749960688
4907.59465854156,4892.98556891415
3736.95210109322,1238.02266741891
4123.44246096994,6226.5424855304
3671.43681881237,4110.58326193707
8280.26953294613,2195.58071113668
4201.49272009416,6418.179217143
3821.52652410919,948.976471400775
3264.91292721501,2861.81918328808
4308.73994368619,6033.03039087545
4835.99760192554,7232.29397659443
3101.86925826468,3045.5563445116
1968.16322901778,2843.91718334203
7503.88181877507,8723.95647191035
4079.73657134077,5711.41979476413
5004.97292506512,5436.92246225799
3761.16871775727,4414.29185810234
3666.33067041089,2365.73491595744
3929.14102653113,5470.39610685666
4251.70938970492,4791.8821467415
7883.9517850274,2848.69121913641
3947.54539178109,2420.12298131697
3932.19294133941,2106.46861819849
3954.45936670167,4752.66824209776
4053.34323780013,5938.23512335122
3563.36025767057,5197.77456024812
4109.61448700915,5692.09700117156
3703.23903160435,4140.07868432551
4379.94827978702,4535.79846903626
3203.79319567289,220.166178343002
3455.71066522721,5726.65061808369
4480.34762235839,4626.10385949542
4215.17467214721,3985.72383171053
4154.86588890827,4706.8049386173
2660.96485758213,3444.00354559735
4443.12483251941,4916.40033277972
4627.21532122741,6074.17674402054
3760.62403871609,4638.60684358472
3800.79279056006,4280.68059272644
4273.86895525324,5686.98214404412
3601.25896394089,452.039675025323
4391.5052804951,5721.53576095624
4238.2463572075,6787.86972396545
2141.19771455021,4091.94253386588
4504.38426117363,4084.04275204917
3298.71633049412,3908.37599473652
4554.36388164332,4565.52138755024
8134.52598441348,4572.85242905309
4171.46390133866,3967.76516916072
4015.62621172783,4902.87446183597
4256.90684926682,5421.23664668734
3876.66544801358,4144.45481332781
3935.57707329967,3741.34732451045
4189.80851306169,4960.5020212806
4054.09429534239,6617.0903276547
4588.68350907114,6001.60251998566
2946.75513467796,1773.37771342467
3993.05163228971,3477.0797062592
3916.95801600633,1891.98565160655
4210.41029695412,3350.7428197824
4371.02086092442,4962.54779498948
2782.47897079657,4085.12272436262
2825.62350209046,2847.2704254899
3392.3872967324,1871.92391846122
5270.53301801162,6985.58753695617
4151.24953752189,4919.98064819788
4240.62608384284,5061.8329395788
3548.66220675842,4740.50607934152
3556.61908811406,2522.64740856376
5093.70176157248,6212.61870779458
8345.72527065696,2312.54057097413
4616.80494649827,4444.29935820088
4095.84462013464,5203.45773483417
3825.22916798623,6105.54795230658
7200.5568602176,706.077579021686
3877.86634878964,4472.65814567211
3876.38360616041,2292.93361865226
4451.45719506139,4002.48919673938
5105.22647110669,5134.86173300952
3288.57846410751,7966.50347050813
4524.17595730517,6412.83728674527
5117.95418389283,7206.71969095722
4379.48909414888,6943.58870762318
4586.67044467105,5386.62636717146
3818.77006132477,6927.39166005294
4330.74511912558,6221.54137646573
3649.44738935318,5501.02858701756
3406.53994965288,1483.8199682655
4186.84225290023,5248.58188733425
4548.42142961906,6378.11283631136
3950.31858896219,6160.95890452055
7988.85735236211,753.191106911408
4370.12387172319,5048.87538609365
3670.38026144231,4300.74211444415
4104.67271632633,1076.73425723791
4394.6058609695,4873.03779525922
4337.29699168281,3887.4049113719
3782.17203157991,4693.16531961079
4119.03456828136,5356.67595253193
4473.29400858009,4806.99922199829
3767.35479803125,2820.04785008062
4064.09535507772,3024.92629390767
3477.21723707873,2987.5879637339
3839.34695646381,7199.44488920287
5114.57105425592,7557.3715629164
3785.50467636089,5221.92805223883
8315.09727658455,871.060105540527
4019.47849152643,5679.70776514503
2858.83645241808,1141.86337456573
3583.88383586462,4736.01662513169
3968.01835126327,5085.92934611049
4963.22068346777,6457.62061791228
3152.83916388779,1549.40386641679
4736.31208468326,5300.01461733798
3999.13993800699,6040.64601396286
3364.00739817838,3111.65158037629
3757.8380869496,4228.1112278055
4594.06910961242,3925.25468497288
4481.69467148916,4939.36052724945
2646.8070250165,4433.21716775808
3992.73738460375,3976.11909751801
2460.14994065851,5372.98674816495
8037.0155102346,449.652762841945
8733.95334224715,3905.64773265101
8777.7600114078,2218.59756821017
4332.75857625616,3930.14246883003
3534.39522266237,4730.44677575316
3554.13648011965,2551.74534701538
4245.5174794195,7188.98852453295
4281.55524871763,5322.3494088901
2891.82683694407,3149.61531346767
4945.08538575812,7762.25000674345
3856.90043836144,3270.43943602496
4180.09816487585,5295.46807766914
3793.99787980284,4329.55589416646
3786.3103514765,7448.14128565675
4818.97925645723,1233.47612775007
4213.3989280399,5672.37630078692
4745.46972664649,5746.25757040555
3811.86759924465,2534.63894922585
4591.44911592118,4149.34259718497
4775.08270409339,6501.43772482861
4430.82056536833,6648.23403981519
3668.04380589295,3303.28831198889
3447.8051163823,5171.46112363052
4541.21641167992,4882.75585465926
3278.37742748301,3686.50468975509
3969.32680728112,5917.03696671631
3550.97173093209,5369.80391668361
3811.13037848529,5125.48449494254
2874.30756923512,349.1742414463
4356.81161767528,5165.15296898211
4174.4063028627,177.428700170227
4503.56507078455,3176.21248595933
4432.997220907,2584.19610475961
4547.72015823021,4575.01237367999
4192.79028935183,3285.1588159173
4077.92537249687,5380.54528579334
3703.91975783868,5470.0552855236
3434.82020818691,368.667524990755
8199.32688924836,2087.37310930384
4437.03464365087,3707.07786632763
3448.52392360153,5600.48414227341
3476.27102378151,4550.91554429305
4908.32306468363,5182.48665146955
4156.72535366211,2151.70673018896
4534.56163301246,6380.84067554161
3643.88035052978,6040.70267656662
3306.25231114361,3584.83252726858
8437.44205673702,2858.40927853645
2346.07680347583,5012.04807649186
3959.61333095185,830.198122552364
4488.31090593013,4289.94408273065
2733.64686275872,2728.49207664148
4286.35708364611,5504.66598789474
1790.70254204651,585.707920146418
3893.27716210092,3017.87919970649
3671.9928005442,5181.35001655234
4113.17787276025,6896.53210662175
3695.27015417657,5933.12026622377
2004.16847507164,203.798627606647
3926.25397536565,5476.36344017201
4148.13391583341,2829.25467748107
3896.39160524989,1792.5300963507
4336.56681158566,4243.79662052089
3877.33498858125,5996.43100025445
4366.04682767225,6643.00543462498
3560.96027872876,1371.97507126931
3669.8912757797,4745.16636707313
4672.54699241208,6868.45705502457
3171.76773070063,4941.63379708387
3957.58341167698,4246.92236654322
4623.96712998926,4391.38874909162
3432.18079818135,4672.02382557964
4284.67250800018,5969.20842484518
3977.33847541243,2935.98461163601
4619.83648841662,5921.0718515303
4583.08054631549,4985.79214818852
4449.59054600922,6434.60376083878
4051.22551349878,2885.12019909088
4672.86091972129,4631.33246468563
4819.48842403542,6191.5909618262
4605.19259796587,7298.73045664744
4416.50605223273,5830.65271300837
4633.74666938374,6160.56099772848
7957.78239295162,5671.52382459902
3876.56436662433,4253.17385858787
3540.6548588192,4601.77995683818
3953.70365091368,5712.3860190148
4000.32059264445,7446.37882496668
4878.79273160754,6420.33873891465
3163.77417532333,3535.16183509967
4019.31596553876,4029.54093862687
3769.93504990883,5371.50886905942
8755.91415527639,760.69287622223
4536.22010405919,2265.37022190993
3813.97911831212,5950.51103417023
3762.3994199675,5218.12024069513
3654.2233910139,4483.1720186563
3827.61886827039,4338.47856283761
4216.42573518337,7733.37914156212
3432.01058264821,5420.15709722915
3895.60921241595,6171.47277750474
3863.35710670554,4819.95677548343
3966.5669604916,5998.07886717126
3687.39651999161,3886.55243518399
3840.99125830125,4679.07113120844
4029.02565457458,4924.58427332573
3033.33511810466,2139.03312400549
4090.55453492119,3848.53182806122
5127.63479779444,6122.25623187641
4776.45652754766,5631.62785443391
3830.19524865542,3378.59037525403
2360.91688297271,2753.21388609079
4050.72001855876,701.531039352847
4044.6517098191,4044.94259546821
3744.35892788184,1714.44321411011
3130.77028211775,5489.94639657477
4355.53124695037,6157.49191430991
2831.73911713257,1196.08081783111
3819.44244651366,5417.59966866543
3804.90705934555,5022.73278299783
3621.70505768712,5011.19560030395
8411.54986194403,6021.15280970376
2256.84420161936,1660.73721427195
4568.55736990432,6166.86915237689
4050.92041772077,4138.08957322039
4847.52975613801,6180.85001557172
3903.68783127333,5386.96718850452
3469.98966398246,5137.13500284394
3965.1542050987,4373.20259041626
3729.12203248433,3938.89430397939
3934.06174666788,5027.05182654113
4493.63628926865,3468.15703758806
3700.38978093425,5290.29655793794
2333.52502111655,984.55308088115
3800.86663613404,1833.8466487347
3316.66514888735,2700.92867989915
4318.84184396874,6446.87924880255
8301.32733896045,4151.84294028968
4339.30141323999,7359.36959119638
3435.50976896156,2846.64523399991
3077.10097070609,3262.71027630241
4598.92534357668,4938.79220979085
3392.92221092577,2153.86625196061
3633.46825895178,6782.41404550495
4285.35488059025,6023.48274214194
4709.25378013547,6415.73553664205
2409.32232800269,340.592631964295
4690.99312222057,5126.84820313004
3546.94933026484,3707.70284639
3925.29756451391,998.533732648355
3761.93977095321,6184.54407905265
4303.47722829887,5948.4648376061
2157.62007962477,1757.97626801095
3362.8654039534,4226.12211670038
3414.69757410286,4816.09230133596
4072.14043434168,4371.27056477016
3945.52933530966,5569.17001944639
4199.52245743581,3150.52445225934
4935.54368031284,5142.53401870068
4223.37992915038,6991.32737414598
4305.52708520347,3241.85315242818
4501.62427401799,6129.75810690105
3679.1410748251,5235.51058578633
4560.94133652873,6318.89407255369
3564.91072783201,6543.43655416161
3597.39199478973,4744.93887094759
3603.987994445,5698.23474515344
4082.69559509269,3680.53735643973
4438.59158112291,3731.74259031793
3412.2916053663,4007.14948447099
4646.76938475684,5499.20988657898
4485.11613971612,6593.10724633052
4751.32268033915,6934.72312441104
3438.26470911309,6962.17277309061
3819.34574341739,4216.68821602964
3091.85684123476,4530.3423677205
4023.4507684365,2864.60410797734
8900.71032806903,6679.88940683053
4237.9512747865,6639.25470854029
4937.22008144988,4118.14179956546
2849.51500578051,2771.17254864061
3360.00668550042,6105.83211103588
7560.85632702887,2013.15080692452
3733.06436878731,2487.69588485956
4066.70837313955,4688.67544254571
4018.24024910995,3926.27799468257
2989.01843286906,6075.02922020845
3697.40440524978,1209.49315213971
4507.77273346851,1988.4858715066
4318.39763983263,4845.13357718382
4468.83981475177,3244.92202441913
3385.80661444147,5841.22324859632
2850.12105199476,1306.78907991009
4897.9930830074,6363.39366784665
3729.41241954823,4248.85481504457
3467.27396546032,2478.31864679258
5042.62119428716,4746.87131944894
3894.93638277531,3603.35993013225
3906.32852023825,2573.90972790097
4727.90965189582,6653.69014113095
4683.65400781209,5292.74023843889
4405.39528878561,3610.4068129058
4580.77160279306,250.684831155772
3879.03984821096,670.671380207842
7700.7274296686,2988.04253312974
3890.16477268767,5568.88586071708
4597.32572957609,6513.20198079278
3604.79936984961,4008.00196065889
3898.43170287989,6764.45496009988
4555.69808068855,4692.54033954842
3976.64807900622,6743.25680346497
2953.04256038717,2188.5336169355
3422.42283138094,5145.94392345231
3720.74927697575,4379.51116791993
3898.238432427,5262.73316119561
868.469089003577,2017.24277719753
4551.82324119426,6670.85299009661
4459.62946460451,5290.41030600071
4449.0663535551,5329.16921839336
4630.5300429183,5648.96153692135
4545.5760337064,6801.85016430503
4044.65433912469,5089.39633632113
3368.63868355965,1619.36368214276
4352.44987213153,5586.50370193383
4531.5395168506,1897.83923685913
4455.13852024477,5214.82408400627
2245.06046272194,1587.08322935124
4659.74008618954,3288.00040321032
3870.03586160016,1935.91650658565
3637.31290218836,5437.66119038313
3257.00938925223,979.097296706832
2945.74925505305,893.736035567147
3813.376242062,5510.80373187662
4295.6236499561,5521.71551165288
4651.45631650167,7213.9369843973
4387.88416629132,4960.33118775882
4011.05496970407,6358.7900427188
4296.60941823456,5364.0640794938
3829.62718736072,226.815497894369
4069.30037190575,4257.72039825671
3811.28204610065,3393.87807260498
3241.34163118872,4431.79637411157
3320.04819330768,5152.30916355974
4718.68549658324,2342.37702612326
3844.17744554728,4381.32944550326
4465.98429623368,4819.5592915466
4139.45636495188,3232.70319905912
1978.11250745838,2661.77143785917
4417.80072544887,3682.75396367039
3828.52537805107,3408.02913503871
3745.50794677199,237.613529607861
4410.78785296031,5126.27988567143
4240.18503365284,5521.65842619387
3852.60148442458,5185.21449069981
3994.99401170841,4471.01027875531
2962.2322284518,815.194531073815
2161.42789244318,1992.35034565406
3776.5998095313,3637.57272571131
8217.16321427773,8327.27088580418
7431.9514925784,2554.92775564147
4456.31728517571,6211.42541027361
4755.61767501572,5626.9675667023
2463.02822921144,512.110862113998
5035.92082538087,5290.01239920864
4196.52578308282,4639.2889091061
4124.41839245544,5097.75068753367
8865.5052035963,4785.97147602991
4299.17017016657,3771.86605660858
3443.16699473731,3735.49373925787
4226.27424753607,4418.61132450089
5034.29522987153,6490.52594505235
4591.68782190393,3568.52215449082
4479.21508668973,6253.42423960661
4602.64484499099,5532.51354336637
3994.52043470785,5065.24284433042
4213.79028642285,4606.38315911078
4061.09143047733,5452.55119236962
4158.87034262456,6670.73966488909
3994.62807684007,4021.12992481056
3350.88636669193,3485.2065613462
3434.56112957843,2882.96067731923
4288.52766240941,3993.9644348603
3769.50564862178,3521.52221609315
3600.11548800031,1383.0572617121
4141.0772997164,3915.53662557284
3553.08789881839,2821.63926582129
3172.95160739491,1230.23673937878
4651.7065856295,4021.18701026958
3937.93745658567,5770.46772500002
4491.62074241932,4078.52998812965
2843.54842345726,1708.3622384458
4262.38230114973,5952.61347048287
3980.52231884623,4117.23266077379
3846.28738861466,5783.59611200694
8165.70376362891,4127.51903763244
4282.96261767594,6235.52223966056
3467.68520308659,4404.74420936883
5469.18858326587,5738.18737792231
4124.55369029989,2424.55577292304
4451.74454154386,6191.3068030969
3726.72255539837,5879.07344505255
4113.94261120559,1525.87546020226
3881.28257035144,6205.9126463541
4122.54247629714,5649.92776117203
3970.74260210234,4412.64399118554
4303.46381157808,4913.50208288293
5100.30005964096,7087.42968725396
3654.41833034097,8105.05875948968
4205.72842325105,4971.30005299409
4353.76087721255,3748.16713401371
3622.44242251801,52.1147071549734
3346.57638393446,249.945997316823
4483.03466819808,5296.32055385705
4572.15339161328,6394.25322127784
1382.09047445334,1730.12871253931
7983.46304879767,2885.68851654948
4551.38546196276,6921.14016800829
4012.03206285861,3943.78208783655
4635.03326801054,5706.53201090697
3489.16536026952,3107.67335816606
3680.54959479182,3546.24402554246
4585.13776112062,5323.99769866216
3590.91315636216,4781.8795057569
5618.81152372873,7606.75851921126
4285.00325325267,5890.95102622424
4098.57789711812,5662.26033459481
3671.65654280434,4679.18487927121
3372.49514289208,5900.7261710833
4346.67824421235,4076.99544642037
3988.43192135741,4760.85175978852
2507.76611296249,1592.65276158833
4484.53193682875,4726.52563900194
3323.4500350291,5130.88351079928
8252.76824942879,6575.60315317654
4477.22278196794,4472.54439760934
4412.27781934101,4259.93700548737
4107.82530360887,5700.4513523841
3919.04204530115,6754.96397397013
4160.33427772268,5602.47325337853
4321.12994724269,6057.18388286616
3631.33215575325,1549.17647600506
4600.79349798768,5135.03214367605
3944.64681817176,5768.93360614599
4042.14782180393,3948.61278623469
4065.69349384596,4647.01785740102
4278.68933889702,5771.4339492507
4001.9442559382,5250.45725037659
4090.11547703707,6169.02909700379
4203.90484232165,5243.86493699887
4775.49050339741,6698.01890290213
2801.4465430799,1886.5866357498
4482.87871069776,5933.40442495308
4928.58842756662,5586.8445232669
4701.71990017912,5727.38934620882
2614.25106960158,1995.93087249985
4558.5711339991,6673.24000799381
3305.81982899834,5286.0341769984
4888.5866343944,5799.1110940558
4388.31128376682,4413.61021543622
3585.16872743552,6826.62905921335
4319.73853060477,6513.88404631416
4225.36705295476,4477.48884407025
3990.70916580471,4311.02891415804
3522.11518497461,2740.31299520941
4384.04983956834,2323.45213932277
3166.67724376563,3064.59497937486
5191.20667165579,3685.70887617094
4594.51522742664,3207.81097894328
8013.32856385718,1515.36158721807
4139.75089146632,5294.95684566955
3930.89605805584,4285.51129112459
4058.91419956407,5353.20938517655
4409.21608456361,5544.95944199667
3579.76781667897,5108.49163378815
4645.04853058567,5225.11046086492
4538.60258203356,4300.06004892277
4052.74616333378,4163.095541399
3767.62248954783,7098.11439375993
4522.6142069577,5425.27195435659
4105.1379272945,4794.04166851314
3331.47489854278,2978.49488439623
4483.80788171444,6557.13283577189
4381.2095572708,5787.34683809163
2186.97101754006,8234.06682259298
4328.0619493084,5426.86315866963
4290.15963281479,672.774186518823
4173.9859567395,6175.62141038151
4495.47156822179,3315.45026331751
3951.27919669153,4584.90084374656
4193.14222842713,3727.82145356671
3505.12607599001,6016.03795257632
2486.725576924,974.039207896961
4878.4318476977,6000.35213700568
4642.22898901329,5233.46481207746
5103.08628945894,6175.16684098568
4212.32077090008,4483.39951478184
4345.08895863253,6335.14820558294
4503.93703596516,6331.79496343507
4595.72007532553,7071.23263968372
3048.25025820931,2533.61585094378
3787.55571884604,1921.42441139123
3857.2060577965,6720.69451578731
4450.17914740448,6287.92077105972
3853.19260881463,4284.65881493668
4301.95543079923,5729.03763598088
4141.2070094602,4327.68053112412
3535.05257364594,5626.62674536923
4496.86424341,6573.7277901342
3276.58869351685,3945.60078827513
3811.4914476477,5547.34645989386
4010.27129721652,6792.64375975983
3634.11330679871,5461.9284304366
4063.07267210405,5197.20624278952
4775.12400692283,3646.94996377829
3815.89093027874,155.036994944042
3970.42623417688,2572.77309298376
3910.50561567528,5898.73705997818
4045.32589345002,3691.84704300807
4237.20224359054,5084.67938598576
4477.10256800365,4533.12729240976
4243.82587361672,4518.00979429772
4705.97368878295,6002.85290296564
3615.08565037992,2351.0155360651
4021.3958184204,146.796391794271
3518.49720753754,3649.79155107131
4403.14228005528,5888.73484184884
3763.21156356802,1735.98240350571
4840.13394380299,6030.70045843727
4214.27607711789,4796.93991840993
3932.74052183778,5377.41953977101
4190.45531513787,5110.19658616397
3509.67086427526,4824.84455934058
3816.11779331796,6286.89788420528
4884.16137751185,6376.00997714347
4429.26844733114,3327.38492994821
4176.65179024858,2583.74153536378
5120.60403230123,5806.32881035113
4226.0009738398,5862.47849069024
4696.96217419643,6809.35203932966
3860.84926876645,5087.12306648671
4430.67751457784,3286.75023165797
4020.19112309772,2544.24347199074
3556.64253895998,5177.48554240488
4590.61788191457,3814.77402473325
4194.46410064359,6672.10337307659
4316.53261321194,6866.97959877429
4953.68774309208,7637.56098718344
4138.75164398031,5408.05201993191
4572.50649186069,4523.80671694654
3746.81764768908,3217.58591237471
3776.03221413803,6024.22147026708
3707.78360776242,4107.11627172643
3693.57514748291,2814.59217162012
8285.44333693552,5953.86385346285
4257.22110220382,6379.70404062441
6206.06116004888,3324.99791205102
8387.52744068145,1542.12938180388
3900.43821044067,2941.6111236183
4059.55422827182,4907.70516023411
3947.18294776519,5007.1040528862
4756.75676310757,6912.04708867061
3986.94057296163,3904.45443513004
4259.64123143428,6178.86090446661
4532.01513681535,5660.44163415622
3519.30915622256,2326.52101131371
4787.99961585049,6039.33896837912
4026.37553463662,6670.51216876355
4789.61750367337,6111.11737882986
4332.56819225821,3800.9639950602
3339.27174812943,1499.96024751817
3266.49602017685,2049.18209151454
4185.07470939901,5610.25928713247
3905.68476169218,5542.85658282878
3499.3930522966,4192.81888276824
4636.80463400074,6021.83487522514
8468.2376181164,4878.66430724151
8769.45195392578,7407.16492032294
3267.50285032409,1593.61888012519
8797.0712037181,3995.15773238127
4259.44235853673,4777.84462094291
3128.36723943657,3226.28129634794
4581.13636786056,5717.95544553808
3876.80393410956,4640.141385294
3457.40833899867,2623.75104216404
3990.37837670479,6675.28620455793
4213.92067396594,6205.85598375034
4592.25513629053,1894.54308017027
4504.89557656314,4061.59421243428
3346.66321991077,969.720058639852
1189.00332431732,2286.17047175276
4478.56780772444,5713.69306459854
3556.15853369331,4604.28072279814
4526.49488044124,6071.33515672752
4517.38429012455,5928.34665328464
2606.2677375774,1485.2976359434
4408.30764999235,5354.45934530128
4686.11516717507,1005.29666812023
3935.68104381505,4315.74586449341
4079.02418252391,5233.52147468122
4025.92772313268,3189.56794623654
3882.28925442152,5916.98030411255
3051.2745830215,919.537605902282
4173.93121493363,5554.33668006365
4524.59449400732,5442.20773005196
2660.47398875452,3142.05656441165
4266.50455231908,6137.43039259221
3856.72191434577,4198.72913062458
8181.12203303819,6246.54734464434
4121.94837805006,3427.8633720585
3773.55513882322,6609.70220069283
3696.58134533165,617.704214208633
4292.82777075806,6068.66398010103
4116.48219290433,5850.65757212231
4263.65662059824,3934.06360558125
3043.84206106398,2409.60910833278
6861.83973357715,1666.30674650904
4593.40473405953,5755.7485565353
4290.88678475236,6443.07143725884
4056.53146214054,5621.96645763762
3086.16127172887,697.950618220874
4543.60573895635,5057.91137997232
4278.64203625766,1748.14446054814
3880.81586225795,2996.9083277695
3974.80949025145,5812.12573299995
4157.66388521025,5210.84586179603
3699.77860364457,3651.32566992534
3815.47235751113,3953.44348463283
4093.65506826848,4695.1544307159
3602.41536403754,3024.24443981392
4497.23271354238,6311.73344171737
4334.33396482132,3428.1475307878
4914.59662907348,3751.69078682811
4028.25005834744,2228.31583903784
4141.51311971036,4574.95528822098
3758.383952164,5920.787692801
3724.39025692449,1238.87514360682
4058.80062303874,5059.10510034854
4234.78943468716,4128.48526188312
4021.08187134754,4339.04688029621
4485.29024141122,1271.78078788832
4587.65432664894,7366.36023422142
4454.80248027625,6016.83334330522
3994.53095572466,5069.39147720719
3361.63362856136,3378.19246846196
2650.45174701306,569.738210131004
4243.78941097572,5505.63178929016
2359.62006540687,3153.47978761513
3496.04469182865,3516.74818029877
4071.31427644885,5235.90849257841
4302.37348270049,5835.42674880275
9017.08422223417,3685.14055871233
3075.98521744157,8234.97680709515
4403.23207086517,1931.82453631265
4268.98715303199,5885.43868515998
3894.84736507799,4427.98856256787
4515.55879759341,3183.65748695257
3532.98124744921,1199.60447064551
3823.28628952484,3421.32772128454
4821.9970312369,4918.90109873968
1164.59120719856,2990.14539229763
3487.29856718514,6275.98610442902
3874.01628817898,6103.10427180563
4033.04131573908,4536.08262776556
4073.30117870281,5127.30319538112
4285.350734348,4052.10322630453
3629.63922656723,4356.32347732465
3744.20692177304,5934.48439726652
2258.8269506478,2030.65511150613
3721.2789707652,5527.05744205062
4386.78923368672,4554.04129031537
4578.9849492737,6128.56480938008
4224.61765458962,6184.94198584473
3786.420954596,3584.60545399829
4338.00072534063,6424.99902664626
2772.66580829292,4327.45303499857
4027.3833696774,4467.42954048189
4392.19479262731,5129.6331278193
3017.07130822166,6958.02414021384
4464.26376451717,7484.91108694429
4001.58638423386,1614.36246736427
4177.50621636113,951.874827011372
4285.59708432226,3864.3880542984
3734.03767855426,5528.53532115614
3645.43464466264,767.285348170664
4100.48564897262,5989.49744268842
4364.70906126634,4492.26509799398
4024.38872903233,810.022852771892
3961.84384851644,90.6466321698046
2700.97063827324,1585.43515100681
2840.37097113081,832.755551116086
7761.93554967214,2887.50721698807
4485.38133733777,4631.84411954047
2323.48379722667,3188.03340452726
4186.84814842855,5916.1844905284
4218.78176282807,4963.40027117739
3645.2438608435,4727.03687100153
4499.84954899621,2087.94142676244
3937.31990641061,4427.5906557758
4044.09600780374,7065.43613989015
4426.49544484413,5954.54591898422
4779.9632658065,4106.60503972683
3979.70715538964,3475.48850194616
3431.43725088575,4898.72582895921
4288.65337385372,5195.04629816262
4017.25458808467,2627.04741028052
4347.4035611136,4450.09585799445
3029.95540439693,5092.52208234346
4414.57271004608,3439.96866078336
4090.22317204339,2990.31580296416
4117.37822045952,4594.96014733492
4035.45313729595,1446.19737364862
4250.51708779191,3764.13668545841
4647.85188968765,5205.90141533512
4164.11734654223,6862.37597364644
8438.19127898471,2251.04853738203
3260.66865832162,4733.6296072345
4507.03967881262,4916.17325950943
4261.48275999739,2068.16406377405
3772.22334364283,1249.38901659101
4686.47750283253,4307.33485067711
3957.80746977513,6206.14014247964
3697.12934727735,5440.90068446822
4311.38493097707,5641.00509250089
3428.92067931947,4572.0570383242
4122.37818598325,2545.83467630379
4642.96158978314,5968.12887538698
4037.2437600226,4406.05125495257
2236.84603343728,4687.76630375404
3344.36020268938,3418.31572332499
2057.82804432173,2128.57612505269
4635.29644706823,6065.822392808
3263.14961576694,5671.58048720278
3029.04614385302,759.272082575717
4191.38840623814,3960.20620867708
4319.39070402573,5678.74154089435
4595.58602732036,3656.44052705279
4079.98196613501,4462.59884208375
4346.79659376887,7435.18330931636
3951.74942280741,4107.11627172643
3776.08122461483,5378.10160529239
4500.63917181427,6040.64601396286
4072.85610096744,6459.49598095462
3774.88729145337,4017.03795453756
4067.12158560775,3094.31789788884
3989.48920569856,6638.06141101932
3585.1319015475,4334.95491002321
4194.59426464063,6719.15997407802
4514.61807593951,6680.68522041468
8255.73881575582,4508.57589362698
5146.56556899315,4371.66804870698
4298.58172453602,6424.48779464667
7437.59486644782,210.447947158013
4339.27594433678,5325.3047442459
4499.61914808083,6528.7736254454
1569.31019724525,2134.94136516012
4697.72201674815,4973.40248930673
3881.76492058125,5747.6217014483
3581.11682510228,5888.45068311953
4312.60206075974,5672.774207579
4908.90028034532,4794.38248984621
3798.33653132294,4343.02510250645
3699.20093110986,4572.45494511627
3558.51934201997,5474.60182519244
4023.04329861493,6540.08331201374
4235.46695781119,6928.64204303292
4077.71109757438,6039.50937904565
3978.8122465697,6198.97908878807
4296.71714236127,4889.00734670391
3983.03221073619,5412.42772607897
4833.85157571043,6369.0768424327
3140.16269078753,591.902591016592
4056.26497623282,2878.24372698386
8408.21445847922,1997.91998360496
4013.44456716801,4984.93967200061
4425.20616293522,5123.60913190019
3601.49058003226,5154.97991733098
3984.8401231736,5053.25109224071
4442.09806942677,1413.12131870058
3510.60570921151,1542.24302415284
3326.59103478504,3546.81234300107
3823.29301797364,4173.43900371666
3524.35750332965,5564.85055304784
4088.38314253582,4195.03506714364
2995.15673675487,1957.11466322056
4782.31906150952,4717.48922226802
4378.88188671199,4319.26951730781
3931.8292684134,4060.28716685054
4013.85255970363,3691.56288427877
4514.09402489784,3809.54541954303
4979.054837296,4827.23157723777
3932.88250054674,6323.8385190146
4066.19101348577,535.184540361973
7254.09057713024,1319.86038145801
3974.59962866953,3769.53570131515
4094.49585333172,5195.61461562122
3720.24395630345,3062.89002699905
1631.01702792296,324.225094442166
3965.21769813861,3494.07235598596
4291.79409476105,6689.32330750127
4432.15385086483,4544.49364158186
4198.26009058273,6643.68750014635
3935.02656443988,4848.31598580991
4019.28238598601,3404.5623562557
4522.09728602897,6913.63829298365
4512.26108758002,4289.94408273065
4195.95356128448,4678.78697247913
7675.63576620471,4262.55109665485
4079.47515011455,6381.69315172952
4408.99919968847,5510.74664641761
4675.00158814497,6371.52052293365
5168.7566192987,5893.45179218421
4347.54812106526,5987.90623837538
4559.95057612338,6802.02099782681
2295.32392936673,2819.08183725757
4011.52620545191,3292.88797563985
7111.20823672074,5960.1153455075
4756.7755410522,3657.8613206993
4387.06218000396,6120.43795429308
3897.46962691047,7005.59197321486
3369.65585441849,3976.40325624731
4047.22892582292,3781.47036794585
4158.69583300393,5430.44347408779
4367.51670045829,5216.98360577792
3721.28608119845,6273.37201326154
4478.07273241012,1097.7051291749
3814.00784743133,6472.6239451063
8917.55112420641,1695.97289670545
4596.16985939872,6089.23715667357
4269.63813157661,4102.39932139106
3383.66399839668,5862.30808002371
6645.99918663964,1100.54671646792
4142.56545121261,6124.18868037777
3321.09011953197,4251.01433681622
2371.45349400678,1822.08260419815
4698.57770929713,3916.95741921935
4099.36040806735,3705.59998722211
4874.60775533113,6645.847021918
3858.235821158,6382.48896531367
3678.39440234179,3433.77383134246
4259.0289420578,3879.8463737435
3633.48740778067,2901.43099472389
3168.72458084804,3322.38360945591
4439.08222282167,6537.81004217932
4285.5085338333,5872.59445688236
3719.99640507016,6222.50760071641
4124.60833521879,5779.10623494186
4464.95916048797,6979.16521138974
2384.6169500505,1921.65169608914
2179.41980109778,7048.329530673
3667.16901069258,5236.81763137007
3943.80692981374,6376.97620139415
7328.50735164838,6954.50048739944
3151.18046280257,3290.1601364096
3518.22861402849,3778.51545544531
2064.3928669659,3990.66827817145
8202.38089980876,1810.60250696328
4001.01509547869,5830.65271300837
4074.65462076473,1887.09807917702
4390.57126562933,6744.73425971524
3871.43957013596,5571.38620382179
3866.05586522826,5589.74277316368
4541.976078138,4636.049415021
3595.83297174244,4130.64478365477
4171.80231524558,6241.60289818343
4679.41172802763,6353.73227105036
4031.64490413772,1828.67491757587
3370.09599875007,819.343216807486
3061.74131465004,4842.23490443178
4381.30300804392,4450.03919539069
4177.69042467988,3886.09786578816
3582.002835163,6052.97858738563
4301.40700703479,6318.09868182479
3816.29633922726,4830.58439653039
3907.07336579018,5794.39414372043
2713.73935652219,3892.91767529141
4259.65670562166,4688.16421054611
3876.68382997985,4959.933703822
3130.46026730841,2603.00745492496
4175.9823455758,5879.52801444839
4294.68509954082,6066.39071026661
4197.39698519033,3856.31786181516
4594.94577641032,4318.58745178644
3767.17080842546,5086.21350483979
4101.07738588634,5029.26843377179
3834.06425296066,5736.14160421344
4281.30274572821,5828.83401256979
4978.17288654717,6523.09045085936
5062.54645811337,6772.69556324965
3554.59038695499,1747.80342778745
3766.20663649061,7476.32966246145
4073.43306295044,5128.61024096486
4222.88610532329,4968.11722151276
8720.03148580835,1960.29728327427
4305.27425318601,6523.3179469849
4398.86111551639,3800.73649893466
3133.0891393723,4501.41526279066
7749.63384225646,8703.72453952612
4181.17329723787,2075.89301206897
5101.41679781324,4096.48907353472
3465.87362396252,5113.72023897837
8281.89918456832,2325.6685351258
3603.09539010642,6875.61810871614
3919.27661854656,6753.94108711569
3737.54856337824,6097.13693849028
3522.7047724991,912.831438747982
4562.44717707613,8234.63514005159
3108.57391503633,3339.77416597475
3722.80900128343,4611.21385750892
8153.14296062311,3514.92969128781
2877.67733403291,662.08979715429
4325.6925600761,4998.18138421505
4565.87027437723,4708.39614293035
3908.00535615345,7024.7443561409
4069.5464842333,3939.00805204216
4748.44643443999,6455.85858007745
4715.69605550384,4038.12278596495
2861.8579558734,2971.22029406951
4143.57688825923,5010.45687217882
4197.29569033681,765.012078336245
3524.03752475663,6711.48768838686
4220.84394784494,4819.50220608759
2703.33406436811,1451.25535674468
4306.85002430349,6137.14623386291
4469.2286931458,5688.63001096092
2839.0862318218,2045.31761736708
4077.69080100064,5710.62398117998
3870.81114814996,4725.27525602196
3962.6984813125,3494.86795814248
4261.45742590614,3743.45018367834
4526.72378537176,5292.56982777236
4922.72269293267,5777.00337577397
4614.60747660401,4652.30354805025
4230.38646468569,5983.132202581
4087.36596371631,6081.11030158657
4581.0187572916,6847.94096391103
4286.51698377579,5855.54493312421
3958.63141556882,6646.58617289839
4184.29066921776,3823.29878661232
3876.15585546652,6559.46276821006
3949.95678468805,4305.40240217576
4385.69898308217,5915.27535173673
3593.75396539832,5711.13563603482
3127.46336558281,1605.38313608936
3867.91987838104,5419.47503170777
4410.68883444278,6194.31922391171
3988.19832519773,4934.01817399647
4528.18284417042,4457.71148108185
4725.73451393828,5826.27658400606
4258.39170502385,4875.59522382294
3737.57522846951,4979.76772941416
3079.47174146295,2539.46964762399
4544.21004127305,7850.85086768204
4493.31610159477,5160.72017737604
2910.58043746136,5930.96074445213
4351.7954861842,4187.64694018178
4420.93009641956,4270.73503720086
3436.69086684303,2414.38293269954
3519.07597085867,183.168709144981
5482.98470471531,6780.48159700359
4264.91994176913,5877.1409965512
4215.77214730086,5943.5774766042
3297.56478877196,4771.36563277271
2671.8783737676,2039.97547554172
4454.09001211882,4875.87938255224
4803.85896601256,6695.29064081662
3685.57118069229,3137.05545534698
2425.20763959882,2338.34214130926
4392.92427821022,4987.55376316809
4237.40789929198,5305.75487738304
4446.20438726362,7000.30670542089
2863.12093328451,383.386931311549
3992.60657627043,6973.65287032547
2757.3189248906,5301.37874838074
4488.7944267886,2303.16333290715
882.415765408174,1690.85803957801
4691.13412900505,5094.3974453858
4205.36685963452,5305.64112932027
4177.54995517684,4795.4057995559
2810.68938707174,3767.54659021003
3917.33048077243,5611.56633271621
4649.35053824369,4895.82715620717
3802.37606714302,6116.85721601967
5107.63684411039,6321.84940790948
3655.02191957065,5476.36344017201
8767.16171808278,5149.52423887047
3675.09681436233,3095.79556556674
3934.37531012872,5681.92394952043
4235.22928658331,5552.68881314685
3501.72930805213,2550.04039463956
4322.85624176905,4430.88681246465
4215.28065330794,7130.73598502595
3263.73572308059,2437.28604171026
5148.81101314752,3986.69005596121
3496.00333060737,6826.79946987988
3650.56662063222,6175.39391425597
7313.48720851904,6550.36968887239
8389.69393872993,3427.8633720585
4040.62228394466,5541.94744403711
4050.94382740778,3111.53804374115
3477.49635217053,1393.45749234733
5041.7499131252,6342.87715387786
3952.45607200227,5549.61972972828
4307.48924376176,5315.13211545002
4097.98450728985,4762.78420828988
6559.73214655905,1052.75117591373
3205.53330628818,3939.86052823007
4472.85442755214,4892.07643012248
4717.3562239789,6470.23735006436
2742.63169837399,6707.39614096911
2807.79071203833,1488.42338196573
2624.33732562114,1340.31980996778
3695.65748163438,4196.00129139432
4799.865906156,7055.31975084279
4745.3876625797,4955.27341609039
2541.5306392734,352.98194727619
2119.66100454927,4655.3155460098
3572.86416405711,5284.44297268536
4103.18936284069,3300.56026133101
4240.56447414794,4994.43023527511
3956.89983015223,5247.21817914674
2995.01650049841,2751.50893371498
3882.44227955974,5761.14757239205
4013.31002602662,1244.61519222425
4514.38830957688,5713.57931653577
2119.8158888382,680.730630939291
3704.6713088264,4051.19408751286
4235.30614062619,2393.29831269977
4512.30860948044,7339.42181754145
3915.40625118921,3990.32703398313
3533.86331529385,6783.32318429661
4878.12746133138,272.565053312059
4410.51187116004,6025.81309743537
4134.38671361821,3765.55747910492
3052.31242901908,6056.95680959587
4479.90194078146,6750.07661296823
3904.97390593914,6405.56248499093
4100.02710271234,5185.78280815841
8087.29029918576,1089.63504240547
4399.48881743339,3663.99948753643
3403.61088938839,2001.8982058152
4185.67474504564,5855.99950252005
4037.4728537928,4728.96931950289
1822.84108424022,258.357116846938
4360.0934971948,3475.0337211227
3687.61879690518,5942.49750429075
3930.60995336128,3451.56229465337
4056.18293793522,3518.28272200805
3532.36056224699,6235.18099547224
4048.76934039568,5392.76411115334
3278.13538864362,5950.28353804469
4473.71595103413,5269.38256003233
3821.81191608796,5168.44912567096
4000.62439352559,7340.61511506242
3200.49695919947,1835.43806447537
4227.70319218885,6182.78204121783
4375.27794023203,6462.96254831001
3867.58656128387,5270.5758575533
3402.44821182324,2508.60988276517
3822.21479116429,6543.20905803607
4118.62681051136,2110.67412510664
3964.21052314115,4543.29992120564
4727.99898710781,4580.58180020327
4216.28789637323,4123.71122608874
4436.60008635959,6422.95325293738
1471.39393959642,47.7954951302881
3861.13981594538,7173.8139409619
2964.69935298195,8065.84485484595
3427.92521045872,3053.85382169275
3313.68651465719,6335.65943758253
4174.78867541171,1871.24206436747
3913.14018658187,4427.93147710886
1881.42897583335,1186.87409614447
4626.92713193628,4378.82910239855
4435.07352391613,3141.82927971373
2787.48560544555,1734.78900027092
4022.23185271764,3288.966627461
3819.08814783898,164.016405504308
3917.72380585295,4482.3766279274
5011.46278210201,6416.41760216343
3980.52669853203,5113.6064909156
3986.24965816951,2429.78437811326
4599.31593252436,5453.00576176546
4459.69021222145,2020.14123852194
4231.60243895669,3605.5194519039
4175.80141310504,6489.10515140584
4417.13823582222,4204.41230521062
4195.14858322955,2473.20378966514
4423.58773556401,5167.48290142028
3764.05072072646,5847.87264743305
4220.30626289928,3749.41751699369
8770.61657443139,3371.48640702147
3964.82074795269,5302.11747650587
3469.15522468796,2447.62950402792
4755.31286582602,5705.79328278184
7301.00654743319,4169.23370823614
7616.82152137885,1103.72933652164
3788.00402063706,4397.8106518028
5151.73733073847,4694.81360938284
4917.65359839182,6136.80541252985
2787.42578052819,1124.41604972933
4510.03488931749,5210.56170306673
3908.17670130219,5771.26353858416
4063.47553165003,4726.18439481363
3600.63928940126,5523.02255723662
4206.80503820583,2629.9456601773
3829.33939000221,6118.27800966618
4356.54266363786,5692.03991571255
4340.21990437537,4253.45801731717
3509.75310522734,3883.82459595374
3522.99402635553,5286.88665318631
3941.87417215506,5049.04579676019
4093.73786238051,5120.76754460717
3358.28163858247,124.17736222749
4408.70132024933,6623.34181969935
4364.46512536817,5034.78077483605
4264.34811721703,6649.71191892072
5116.91454311437,8005.9448712774
6847.11091131677,420.668572453098
3221.06235063213,3710.54443368302
2654.69329291018,1401.18665206988
4929.82794932804,6604.87150229469
3623.00738252578,1552.01806329808
4410.27134729984,3000.26135848974
4162.18930711665,5238.0113517463
4974.54548295302,5963.58233571814
4168.51861962492,100.76267764728
4175.98361776951,5382.19357556539
4092.31500858508,5244.94490931232
4675.99384969154,6055.47893049034
3863.88319725547,1017.57236751162
2970.20089550825,2488.4346129847
3613.89215041105,4216.40405730034
3676.36297946893,3927.35754414077
4062.2124368826,5797.17864555445
4048.40310909538,5380.77278191888
3663.9332029006,1658.97538786475
8526.22563041667,2063.78793477174
3517.5407831633,3801.19106833049
3688.11627647634,4428.95478681855
3841.96588223791,3820.68427258959
4095.77332020213,5090.3054751128
4576.10693559557,5035.8607471495
2982.36506577975,3815.45609025462
3599.15916671949,4140.02202172175
3959.18772823554,5826.16283594329
4404.52310983101,4737.09617458989
4127.47424839338,4686.40217271129
4489.13309876075,6861.18267612547
4196.83360003206,5774.6734433358
4017.10138588069,1055.82015361848
4290.03737924323,5365.54153574407
3767.50934595021,6334.75029879086
4569.93116174738,4401.95970753482
4590.3601052725,4116.60725785618
3862.53106645554,4815.4673212736
4020.82341176036,2683.08334255686
3674.46069347688,2210.12968036249
4395.78184571948,2027.18833272311
4415.90169144866,5538.87836061855
3814.35280730349,3569.14713455319
4419.56496255523,4779.54957331872
4701.72302278689,5550.52886851994
8609.38541252763,8424.11234989254
3677.41936996892,853.953760607902
3982.40334536999,6609.75886329659
3429.00009905745,7219.56349637959
3518.11867886933,3186.7832329749
8364.79517727639,1056.44523939466
3639.75305366035,5537.0029975762
3566.41371246354,3272.65583182799
4259.09647362864,4516.64608611022
4265.82391460027,6975.86905470088
4410.01217174556,6015.86754190979
7702.86013169691,3061.52610738392
7525.1116222851,467.327425233174
4289.81950695879,3149.7857241342
4572.09148975374,4464.30379445957
3815.59691567742,4881.22173580523
4659.99072046862,4738.91487502848
4146.01972028224,6117.88052572936
3975.22016044845,1027.91572411546
4720.82267806403,6484.61569719601
4323.8834001909,3251.51454922447
3465.74148008882,5640.26636437575
3349.3700856105,8172.00689439754
8307.83623542904,3255.37902337193
3902.68678148249,4859.56858691923
4162.45382072616,5152.3658261635
3383.63823797138,5223.6896672184
3757.39723606478,4590.07278633302
3941.60797504681,6332.64743962298
4639.67109360705,6801.05477357613
4059.10374277552,6455.63150680716
4229.79355937272,3565.73722980156
4166.76857369136,4415.42849301955
3894.45664474615,6463.58795122763
3963.32964470784,5000.85256084155
3983.74237326109,4752.83865276429
3123.65065033954,3909.73970292402
3632.753224924,5887.20030013955
4093.80141837425,7133.6908975265
4692.09889458495,5820.25258808695
4080.14147741639,5923.68636555303
4617.75092279826,5800.70229836885
2830.13493886562,5479.83043038265
4173.65947117653,4595.01680993868
3809.09304561433,5143.61356815888
4357.14589372542,5455.84734905848
3494.7440423394,2388.35407766649
3353.97251214091,486.650218825739
3989.10064877087,5612.53255696688
4231.71026618882,5048.93204869742
3556.62786758774,3601.14332290159
3241.26666748314,477.557139488061
4574.00172604455,6613.96458163237
4434.06835973686,4711.80604768197
4853.07879929058,5172.25693721467
3727.12219469554,5857.13613743726
3823.82601532868,6164.76671606426
2491.37210611161,6501.66522095415
4289.01082725661,2647.90453415474
4678.81694710594,6136.97582319638
4813.56502730517,4628.71837351815
3813.15669851824,4299.71922758971
2694.53479066108,2014.23056781035
3671.73953747885,6618.68153196774
4344.31769964538,3920.02650263791
3514.3897741137,2366.13282274951
4780.53588424409,4957.2625271955
3245.28623854192,155.662146791353
2597.10773981833,2357.49431280767
8950.71616042982,3471.33965764177
4849.71627637525,5015.40131863973
3490.42841929581,2252.24204633063
4716.49160582743,6107.5370634117
4163.87336363689,5056.32017565928
4225.0408919451,2728.03729581802
8069.2327982792,4668.0456033694
4876.22998465919,5758.76055449486
4561.87576276397,5228.80452434585
3295.59122052304,4637.29979800098
4177.1180225149,2522.36324983446
3699.43096332199,4224.64466045011
3587.48090259418,5877.36849267674
3671.50339272736,3062.54899423836
3430.44236761627,6235.12433286849
3606.11377532355,5930.44908959728
4336.47428335833,4348.82202515526
4086.74181199376,6013.65093467913
3886.45543718191,1350.32223952475
4821.72384966061,7038.32731254365
3219.13394137011,3474.69268836201
4296.8866393617,3184.4530891091
2889.52083266984,5165.60753837794
9003.75731720713,6086.79347617262
3374.24994366781,6776.84419612642
3845.60959733704,4273.29246576458
1442.68921901794,2447.40221933001
8051.66261694543,6915.17283469293
4075.08589265044,5526.48912459201
2802.42839626921,2556.80333011144
4026.90210143521,6664.60149805196
4242.80599186813,4254.76548575616
4061.11112171845,4856.27243023037
3335.83417618728,3897.18005623095
3388.47891333875,4925.72090824294
3885.97895224433,6049.85284136331
3770.40603810752,5198.79744710256
3921.34539254552,7368.00852399347
4270.7814996551,5016.48129095318
4035.15089541147,4913.3316722164
4318.27147936342,3147.00101087256
3440.34537262977,7308.2776825257
4102.48909434562,5831.33477852975
3826.88850271614,5244.48991706124
7671.37359199014,1113.50437566688
3978.99669965842,5101.1605922853
3477.31342644437,4468.16869146228
4049.02836270195,5923.34512136472
3933.21849965773,6396.07192171643
4757.5378078325,5618.3294796157
3243.04436172784,2588.62910779331
4318.85803004515,6220.29099348575
4046.90625321867,6353.33436425829
4282.23069592535,5034.04204671092
3877.9544924143,4357.85801903393
3903.29288010767,4345.63919367393
3794.51324481587,5313.6542363445
3348.19459311296,2285.03383683555
3925.32658440409,6559.51985366908
8218.07134913464,1103.2177873806
2248.50634055162,183.850695380998
3948.90752526421,3962.70697463704
4210.93644050246,5157.87859008301
3023.57183086066,454.02878613044
3266.83249970277,4302.6745629455
3479.31838088409,1499.44869837713
4799.05146160534,7153.46868337015
3597.41090406295,3332.72707177357
4211.08746800555,5819.28636383627
3022.90816609204,1082.07639906327
3930.61336624779,3441.50299106501
3566.67030875508,5650.43941602688
4272.73166218574,5880.83506003213
4020.6174954356,4944.81620570996
4342.62567555963,5213.97160781836
3207.3843376917,1483.42216718724
3930.58825562698,1443.29891232421
3379.95736650369,1515.36158721807
4835.25239568752,6417.8950584137
3709.34086526775,6530.9335700723
3945.30383334926,4671.68300424657
3157.80508993926,269.496128464211
4536.37893425638,5528.3078250306
4172.40925328813,87.1798930294695
3774.41652831834,3121.99504269395
4358.96976505955,7938.37175630719
4058.5200339192,1825.7197936477
3862.9385514862,5296.66179804537
3944.0852392701,4872.35572973784
4424.13965564623,6684.43594649937
4734.34356793937,8311.18800915196
4429.32817096754,5604.57611254642
4056.08505724419,4798.13363878615
7761.77743276096,6722.45655362213
4465.77139804187,5174.87102838215
3701.28455229528,2312.25641224483
3889.80196933997,4429.18186008884
4030.2249364116,1336.79626286719
4178.83048581796,6370.32680255743
3544.63029274373,3976.68741497661
1940.34596482885,2170.91577571875
8868.70871767308,4021.24367287334
4480.43131437582,255.856509457695
3755.3127374236,3531.58130825388
3708.72606215781,6040.70267656662
4483.6375343496,8711.56765873907
4252.99573771712,5634.98109658178
4157.85629972703,5501.93772580923
3703.97905743697,1043.03301079988
4246.0215572005,6426.70397902208
4387.28679222568,6663.52194859376
8234.10907997473,2865.8542795297
2902.07513902639,6419.42960012298
4581.9429580659,4487.60481026237
3827.77221512573,3485.88862686758
3769.914098257,2579.30874375771
3732.22595655031,3157.85591661744
1637.47217834353,2380.05660048533
4022.16525115314,4882.9833507848
6954.26404159544,614.464825837348
4280.15388362519,4708.68030165965
8254.72388304574,2036.45182272732
3471.99537689878,3677.63910654295
4021.49134062549,5822.18461373306
4308.18287851995,5412.48481153798
3917.21134288184,663.851570704584
3753.33257430107,6780.70909312913
2919.75529180392,3461.50785017895
3902.51849272301,5266.7680460096
5013.47202198723,5218.63147269472
3799.5636680365,6647.77947041936
5081.21968310175,4788.87014878194
3490.57695259285,3668.94351114209
8464.44658099042,4811.20494033406
4083.79248820377,4545.85734976936
3526.69301137015,575.421384717052
5556.08469786331,5922.72014130235
4845.27312350705,4810.97744420852
4222.17036661998,5599.00668602314
4661.15153887274,6354.58474723827
2689.54424098675,4300.74211444415
4472.28796752463,5463.40588668687
4339.64093876113,4986.70128698019
4227.20839351783,6597.14255399977
3925.07293411262,4883.94957503548
4118.30944154161,617.363234304852
3905.12970036179,2598.29050458959
3723.62312433335,5284.72713141466
5116.66212880395,7286.39746036941
4131.65183436885,5337.40982154313
5662.94302636817,7139.08991338324
3393.79861944197,3291.29677132681
3232.70907361849,5298.42341302494
4515.7006594034,4697.20020442478
4607.31778271888,4730.33345054564
3573.11879585984,1927.10758597728
4081.74999636273,5234.82852026496
1899.30195771481,6210.17502729363
4587.03025393116,6934.38188022273
4325.47340400821,4947.37363427368
8982.51290133016,2183.93020323528
3892.38653122682,3930.76744889239
4545.93199331807,4969.4242670965
3699.5239329121,1166.64205804643
8363.41097561357,3124.09769043421
4074.11177402317,1087.75957364931
4175.31379661839,3892.34935783281
3557.09061568091,609.577253407821
4109.72490140456,4983.17763416579
3976.8372201183,6804.46467832776
3691.45557466088,3144.38670827745
3220.12674331817,4216.06281311202
4225.24214931072,7375.28248003731
4698.69129956711,4837.63170215919
3963.2795365159,5078.6549672114
3604.78045758124,4999.14760846573
4022.95362381392,3219.12045408399
3451.92974846909,753.929887893451
4744.36746031933,6277.236487409
4448.53530264152,6109.29867839127
3411.02794977643,2696.72296156337
4701.85350820825,5422.08912287525
4150.11033339611,4236.06767222596
3977.296953989,6640.33468085374
3438.85207083144,2740.54027990733
4463.34921383922,3958.7287524268
8109.17854123901,2645.40397962241
4386.86066016073,4026.01770866772
4380.43261510632,5078.88246333694
4232.51262068221,4018.28833751754
4201.52403699691,7427.34019010341
4809.50281236993,4905.03398360762
2022.54250993537,2549.52873978472
3406.1342083442,2332.09064926461
4027.72376512863,5709.88525305484
3431.65335320857,4409.51824516321
3847.57759564713,1362.25690615545
4693.78368462801,5680.73065199946
3794.86048248957,3225.82651552448
3591.43136907182,788.654126899731
5042.62033849598,3553.80256317086
4221.59542520503,5867.19544102561
3709.69379286882,2753.4980448201
2911.2315074251,545.8688768696
4273.5561840853,4200.26367233386
3789.35293097228,6723.76359920587
4000.25681861331,4065.85659337382
3792.95080055698,4131.0993530506
3601.16664224899,4313.92716405483
4179.57951499652,5513.53157110687
4008.70208381491,5343.43424031749
4269.79223112758,4092.3400178027
4615.34796484145,4905.03398360762
4345.93426689539,5220.45017313331
3999.39141298945,5349.1740775073
4680.79552223895,4094.32912890782
8872.55965830623,3727.7643681077
3572.96860046217,3790.56344728353
2930.15489578203,187.942573154417
5708.96779452746,6767.35363285192
4788.91583235358,6528.7736254454
3919.56138805072,6521.49924654631
3141.72332834455,5053.64899903278
4176.87300430371,4800.46357122433
4134.57520504289,3763.11379860397
3814.68399519592,5499.20988657898
4072.81009186323,6486.83188157142
3458.49024221885,3513.33827554714
3919.46005499648,1477.56847622085
4328.6219731299,5782.2890664232
4096.5383566262,5577.01271580408
4101.92351659449,6841.29156507431
4117.88654550656,2379.77244175603
3664.48275827977,2580.67266337284
3836.7685302678,4966.24185847041
4900.3062381681,3829.60694126073
4528.37468304104,7009.22937409203
4662.3156410007,3185.64659805769
3512.30691241559,1101.45606668722
3923.09049801529,6265.87013823691
3038.13949728508,301.890223604687
3169.37737394599,2199.50205931552
3956.88772536683,2167.27858626921
4344.58463642175,7168.58575862693
4031.31278847324,980.859017400219
3185.32835858857,4669.29598634938
3319.58181062446,4528.35325661538
4400.93113100003,6548.21016710074
5519.09896852613,3679.23031085599
3482.85606229249,2190.69313870715
3496.37696253219,5107.18458820441
4322.53739407433,6770.87686281106
4431.25930614787,5087.97554267462
3132.45700541917,4489.36684809719
4151.92757830882,3146.09166065327
4667.65942873355,5926.24379411676
4701.43962722118,6222.05303132057
4179.75230272335,4220.60935278086
4294.5707423214,6363.67782657595
3923.3949268863,5142.02236384584
4276.81830642711,5091.78335421832
3535.01764305356,4662.70367297167
3637.92469801348,6824.12829325339
4240.65184699351,5980.68852208005
4698.21248022953,2080.09873040475
4530.96708042737,3274.87243905865
3476.50133967502,5710.62398117998
4920.7971388981,7316.46162307171
4125.50283136801,6230.12322380381
4615.71866239495,2094.98852096362
3382.8160107225,2556.12126459006
4357.7703011866,6456.99521499466
3715.9728850317,1856.46581044374
3179.14305974781,4383.03439787908
4090.81676057984,6245.06988839407
3334.17398995025,4015.84465701659
4007.63717147952,5930.22201632699
4849.85814002504,4751.98617657639
3559.39078222993,4595.52846479353
3989.40119624281,5354.23227203099
4230.98195615811,5509.95125568871
3670.37497467986,1260.81223979449
3986.91634642847,5254.94712744167
3564.74676176836,2976.90346865556
3971.19322029739,5991.60030185631
3768.37606232072,1018.87951880917
4062.65159212222,6868.68455115011
8388.99051784573,2964.96880202486
3983.11763329409,4947.31697166992
4298.09174274435,6178.51966027829
1845.13900476147,2260.42577544901
8395.73428084712,8525.44369104599
4045.50429830268,5151.79750870489
4244.95728247413,4346.26459659154
1812.60870918612,8.12693932769355
4220.08451041898,4629.05919485121
4409.67191307334,5369.69059147609
3958.97113324644,3216.1651187282
4376.39749985797,5709.48734626277
7432.9758141104,2228.65687179853
4373.4171066153,6323.61144574431
4237.19122143672,1853.96504448378
5178.41531195753,6083.9518888796
3680.65590001787,3811.42078258538
4381.59219809448,2891.71272389622
4062.55752928576,2455.41553778186
4621.66470336003,6240.23918999593
4657.62254119935,5979.66563522561
4255.95960594979,5022.90319366436
3984.90815100418,2323.22485462485
4093.20407828217,6314.46128094762
3564.04129243595,5221.18890125844
3641.6516709311,5377.98785722962
4034.7887114449,3534.02520018246
4601.71054594339,5433.79671623566
4366.65175710116,6682.73099412356
3816.00493295034,343.206908130949
3741.65017799158,2629.54796481286
3422.02798592399,3188.2609006528
3624.96658043859,6027.3472162894
4573.94282255549,6041.78264888007
3447.51290083152,3887.06409003883
3448.87421540103,1880.56242840306
4422.05997979436,5868.61623467212
3901.45519713184,5394.92363292499
4056.23661311014,7142.15899680181
4790.7167248098,5255.68585556681
3858.24695439348,5375.82833545797
4350.79894055522,6521.61299460908
4285.22197977495,3437.01332542756
4256.07002714689,5619.52277713667
3602.22837505068,2434.21716971932
3793.57850533178,4639.06141298056
3742.75525149279,5405.55125397195
4200.77359164907,3398.02670548174
4102.24679769051,5417.25842447711
3903.20460922775,3534.42289554691
4343.75087445227,5083.03109621371
4038.54064848043,4346.60541792461
2796.52632247039,2997.07873843603
3887.61293756077,6834.35800750828
4229.36752355699,4223.90550946972
4521.31991759908,3532.83169123386
3679.21657637834,5052.45570151182
3530.89019920696,2503.8929324298
8589.51022441666,4327.16887626927
3617.16886018697,5117.81220925137
3557.17458282131,2643.13070978799
2299.82775642361,348.378586432872
4862.5459868502,4339.67186035858
4115.96861645946,3147.62620236255
3899.74789974986,4432.762175507
4514.1054180902,4641.27802021121
3898.58028045277,4633.49198645728
3970.72507374772,5802.6347468702
3478.32571546728,2491.9582657991
3763.42698925008,6582.25255201327
4599.12816001902,5261.5965262784
3834.81853602621,5324.67976418353
4218.80685472267,5273.8153516384
4087.55037351996,4589.78862760372
7764.52071256463,2684.10644083892
3207.80306836006,1977.46055509519
2605.7373679616,3875.47024474119
4338.84094541235,6237.3976027029
8790.55564035039,1272.34910534693
4329.34368976498,5264.43811357142
4740.45456691298,5219.37062367511
4343.0975543161,4907.25059083828
3855.97822684509,5238.46592114213
4350.10304899422,6905.68184856318
3865.22732674261,5608.55433475665
3638.61399682871,1293.71777836218
4608.89267177405,5477.27300181893
3055.98316578848,2103.22912411339
3985.5777341074,6722.62696428867
3428.00120792085,4583.9917049549
3987.60424180578,5601.73452525339
8870.17564515799,563.48671808635
4226.8449981988,3467.191024765
3725.36867840311,2029.85929792198
3199.72874429727,3180.07696010679
4175.39036553334,4912.70626929878
4025.66197089084,4257.54998759018
3976.50373332628,5059.84382847368
4379.62700939522,3042.37372445789
3020.18041961392,3223.61011972144
4764.59517972726,5126.67779246351
3940.12482725751,6363.56407851318
3092.41400024854,520.919782722373
3814.28518349756,5422.20287093802
4393.38078378403,6782.69820423425
4267.95155089478,3675.36583670853
4237.61545720208,7086.29305233675
3652.43486266417,5725.91188995855
4151.53744443442,5165.09630637834
4826.69509014662,5608.32683863111
4285.22061817686,3611.71428134479
4740.34655479178,5897.7708357275
3349.79037235909,5540.29915426506
4584.22324065563,4945.0437018355
4880.42490958283,9666.28348088094
4481.11076069604,5285.29544887327
3889.95038184662,4071.31227183432
4948.75602335854,6408.40407228395
4045.08642547308,3859.04570104541
3880.9341705754,4835.01718813645
3693.09971915382,1675.22930946637
3527.45323541409,4755.11192259871
4258.33076154208,5145.77351278578
4266.44166125464,4698.79183159307
4406.67586180972,4192.47763857992
4067.59033099953,5737.50531240094
3642.50749377234,3155.52577275164
3810.41032017324,1647.49539634369
3578.55950071705,5559.05363039902
1355.91671318651,3229.8616117661
3964.45049144414,7228.48658790598
3495.18477691629,5860.37563152235
4627.62264525562,2880.57365942204
4466.31591322198,5993.9873197535
3636.58183546216,3147.79661302908
4320.31428874639,4330.74919168743
4292.47729279166,4067.33404962409
3013.48303553999,4106.26379553852
4792.23724097389,7209.39044472846
4010.38022216454,5477.50007508922
4485.234776686,3538.17383305922
3795.95823730822,4108.30999210265
4385.936145454,5581.16134868085
4664.70641195444,440.218677172033
3001.18393900697,3128.36007137375
4477.96753969349,5992.62318871075
4491.69114265318,6797.81527949103
3383.60185465062,4155.36659310408
3957.56104770324,4951.01103515085
4666.88721998733,4202.70735283481
4485.63756217587,4467.88453273298
4493.25185432697,4719.59208143591
4212.18342929008,2794.64418653756
4645.69510838489,3954.06846469519
4673.34257838952,6756.78267440872
4466.48889033998,3818.41100275517
4038.94725989168,5760.23801074513
3698.61070076759,3665.42028118295
4719.18338743096,3444.28770432665
3839.9952420542,3813.9782111491
2388.16580892833,624.694540092235
4279.76419657668,6113.61814478982
3776.74357728685,5812.92112372885
4052.44442115991,4988.9745568146
4188.33559826101,6470.52150879366
3077.01315188937,2369.88376026183
3852.15096291539,5087.80513200809
3861.47670452385,4710.95357149407
5025.35180159738,5984.09842683168
3828.90965747954,7426.31772610423
3319.77363089719,125.086672804103
3515.76097104935,1889.25760094867
4525.68656307438,5596.22176133388
3772.06942539136,4793.98500590939
3897.3125712414,6065.59531953771
7616.20543192313,2790.04077283734
4496.8690299918,1138.85127089236
2359.12594573258,4428.727290693
4287.63526608525,5099.22814378394
8626.15463571617,6826.68572181711
3246.97659284044,6343.04756454439
8979.64306926201,7063.61743945157
3245.53702541979,6975.81239209712
4143.37242603477,6756.78267440872
5054.07801426064,3103.58159932068
3530.39687123717,5666.0110606795
4242.65113003911,4820.58217840104
3852.05544745348,502.222127762893
3998.8761632138,3661.83954290953
8676.2594108579,6524.39791929835
3721.94733063777,5103.09261793141
4019.0299638839,4206.96973377435
3123.80244093873,3189.79523093446
4326.86671132065,6915.22949729669
4556.86185309298,2241.72817334644
7751.56900953275,3916.78700855282
3808.30394319794,5447.49299784594
3763.34533585525,4866.78630321456
4430.06549714806,5371.1113851226
3550.34383365941,5348.0945280491
3537.28963059661,5590.14067995575
2438.52198715782,996.430979194279
4724.78974183879,5975.005347494
3858.56842091796,4397.41316786598
4266.51628253144,4390.30919963342
5116.79776799721,4547.67605020795
4137.46246905393,2978.60842103137
8643.28236249378,2299.69655412413
4119.9465678335,4750.50872032611
3404.36951016579,4896.16840039549
4236.18422353511,2605.45134685354
4786.32947418398,5096.27280842815
2708.72803891046,5175.26893517422
4413.03595267697,5944.25954212558
4328.60969842621,3953.32973657006
3583.43029945974,5749.43997903164
3960.2994002659,5476.76134696409
3978.41869780626,3781.58411600862
3833.58209436385,3638.76602323228
3724.60395221771,4708.45322838936
3699.61261824494,5088.99842952906
3320.33225562494,1042.01001823162
3958.85690875396,4109.10538283154
3673.90255622058,6601.4049349393
4117.80917890792,5076.09753864768
3997.69324013529,5230.67988738819
3598.17949422018,4101.03561320356
3764.05428608762,4301.99249742413
3285.73906147495,5507.45048972875
4290.69037327235,5316.43916103376
8917.3313280251,3395.24199222011
8498.0716098926,2204.10547301575
4122.69655398107,4875.936045156
4515.43062257748,5263.69938544628
1891.58030485964,2418.19074424324
4491.52984926271,4890.88313260151
4092.3533797929,6526.78451434029
4026.61139215205,1457.79100751864
3488.71517295869,4633.20782772798
3420.35501613955,2560.09948680029
3649.25634178829,5511.59912260551
4053.65650336048,7102.20594117769
4751.95277151815,5248.24106600118
4221.5823665332,6926.99375326086
3915.15827970759,5874.81106411302
7742.29226463983,666.352178093826
3573.55546765204,1266.49541438054
4251.95729829352,4565.46430209123
3517.80271958134,7100.50098880187
3949.62419131121,1005.80821726126
4603.45633078917,2040.14588620825
4782.82636960428,6786.90349971477
4868.39232697247,6046.61334727821
2712.22806776646,891.235375320998
4072.91417042814,4473.51062186002
4036.78010917713,3384.15980177731
3969.0549180285,6153.51369209968
4823.70973180328,5564.05516231894
4114.74391149025,4829.39109900942
3650.98735250269,5114.06106031143
4145.72267413109,1464.49717467294
4576.92506561135,6468.87321902161
3402.94337891817,2343.57053507185
4391.62797562472,4677.53658949915
4394.46531027095,4679.80985933357
2812.43677174596,1645.39264288962
5331.37208274063,6107.08249401587
3928.37683525159,4985.56465206298
4590.69586613052,5579.91096570087
3776.36034285253,5391.39998011059
4295.77938250428,4852.29420802014
3094.56467317702,4317.73497559853
3877.72838558334,2621.93255315308
3811.86634136028,4208.16345415057
3079.16760549797,5350.99277794589
4374.45109327251,6828.44775965194
2662.23025426471,2178.53118737853
8245.28553329432,5748.53084023997
4003.32222169957,4873.43570205129
3979.57069211102,4274.71325941109
3948.12507666059,4023.51694270775
3318.20050333647,2406.76752103976
4354.76552027741,5571.04538248873
3166.90762352257,4183.04373790918
3917.03945390471,1518.26004854248
4046.69792373691,4151.10421216454
4991.0948071382,8813.23982122558
3604.65225582698,4988.63373548154
3959.63697069275,2267.01830025435
3926.42613762712,5972.33417086751
3933.00703035955,6134.6458907582
4209.7697984248,2786.57399405432
2508.09182501674,1096.45485190873
4621.91101688081,3266.06351845028
4062.46539559105,3375.80545056477
3913.33091928408,6142.71566038619
3208.8616259157,6252.40092989692
4047.56972563678,5804.39636184978
4712.08382518328,6988.48578685296
3263.29270139751,1893.5199818882
8652.7805264143,1560.9975002868
4020.7909402598,2383.06859844489
4410.38498932025,6237.34051724389
4494.9894725422,5753.24779057534
3966.88165818703,1794.51920745582
3940.67840467789,5194.36465549649
4357.91316286991,4492.77675284882
3341.55668561725,4031.35963906545
4916.5268374887,5806.78337974697
3286.84010154873,1424.9991112999
7910.87817843619,3950.77230800634
2282.01479225442,177.144541440925
4038.45133397489,5389.35420640171
3672.30839206713,4894.52011062343
4201.9099421321,3146.03478662188
4549.18798309219,6654.14471052678
4028.77540672193,6330.77207658063
3811.15950947752,3484.01326382523
3206.62280117884,3996.86268475709
4495.73683383376,6036.44029562708
3882.58369751086,3913.26335573842
3527.44901198993,5901.35157400091
3428.96883746764,46.1473771431794
4350.91090848757,4606.26983390326
2126.33407893667,1767.06934734863
3494.68476831309,4822.11672011033
4217.19246424014,5914.19537942328
3385.51944551932,2772.30918355782
8259.41256894893,5625.49011045202
3857.50736029483,4533.46811374283
2833.02383812664,938.917273526232
3987.36913065147,5001.02297150808
4451.37074582278,4775.34385498295
4700.43182404487,8422.63489364227
4036.02128400106,5530.35359873947
3336.65102361715,4541.36789555953
3540.42750666112,2829.48196217899
3497.59160562344,3239.97778938584
4543.53726075983,6336.39858856292
4074.83463311995,5329.16921839336
4124.99081210371,5281.77179605887
3990.51163888637,3738.78989594673
4339.73951017444,3516.17986284016
4429.96968974431,6859.9893786045
3406.32234617352,5790.7000802395
4340.65774515819,3986.29214916914
3741.63044887481,4154.51411691617
3851.26153960737,5406.9153850147
3805.55421494262,3102.16080567417
3908.70096598232,8930.65403903124
8191.18522927304,2571.29542530586
3843.8271426981,7121.47207216649
4282.84600368286,4280.96475145575
4233.9745537926,4776.48048990015
2903.86971149108,2285.2613329611
2744.13161100899,2669.3301869152
5042.23509668835,4983.46179289509
3685.74128280646,3874.04945109468
3814.79476767995,4667.42062330704
4005.64423109763,5937.04182583025
4539.06433572946,4680.66233552148
4317.74343994543,3883.0858678286
4001.03836761458,6215.85820187968
3527.1605514438,1940.57679431726
3632.51599789631,6347.36703094294
3618.51735739603,5343.03633352542
3774.06679893366,5635.71982470691
4536.43534814297,6749.79245423893
3578.04045650551,4950.27230702572
8414.94876262627,8194.51209661619
4441.78804173255,3307.15278613636
4328.36727044069,5425.78318635618
4850.10139495902,4172.30236879945
3804.9014479261,4891.50811266388
4177.28027556307,5654.75845957017
3647.82433702219,3933.32487745612
3970.15148814233,1392.83240657115
4728.92634004183,5644.86956664835
3374.30031488123,4834.79011486616
4596.63905506578,6886.30239236686
3462.05872999201,3835.17636778401
4408.83372056083,5791.66630449018
4375.74302578148,6683.86762904076
4574.85413001183,5281.71471059986
3354.77297686971,4807.22671812383
3271.00806438565,6861.46683485478
4090.60604288092,4671.22843485074
3249.25830547566,2092.4310923999
3905.58260461834,5763.0229354344
3436.83161511916,1690.0055633901
7801.56949607434,479.148449514917
4107.70475132028,4923.67471167881
3453.60392873441,667.034190758296
4465.98600898976,6841.68947186638
2612.00509162772,1401.58445314814
4247.92209014329,3850.46427656258
2437.80062240615,3674.68377118715
3741.54492343865,4207.08348183712
3920.56257073357,6433.12588173326
4436.76235946569,5347.46912513149
7521.29115197364,333.318173779844
4047.47586442503,2536.7984709975
4460.5995618039,6133.50925584099
3806.95271165915,1566.51015849251
4188.55686112912,5377.02163297894
4761.24683266357,4467.2024672116
4342.10003144389,5085.53186217367
4301.24466442043,5173.16607600633
4121.99184486365,4886.16575941089
3737.43760066915,5185.32823876258
3807.70941441419,5901.80614339675
3774.08385605368,6882.77873955246
4113.34670368206,4668.3297620987
3826.82730440651,4394.68490578047
5145.61682885885,7354.99388504932
3654.78338672023,3559.65614842344
3582.77434753798,5364.46198628587
5100.01245874932,5384.18268667051
2563.95002142048,4594.05100854325
4355.00773124266,5601.39328106508
4350.81155336911,5692.77906669294
3332.77114776315,4023.17612137469
4452.92854269922,5919.65105788379
4111.47275010478,6277.63439420108
4676.85974744349,6750.92908915614
3942.61940643028,1412.32561083025
4081.62973003225,6222.33719004988
3806.9362017124,7101.06930626048
3084.72904957032,4044.48802607237
4159.00495881131,5570.36331696735
4146.99326333182,5983.07553997724
4942.84413880377,4032.55335944167
4040.17740500658,5970.00423842933
4262.99816524006,2290.77388545299
3054.69118911224,5120.25588975232
3642.01093218133,4660.94163513684
4938.45151648365,6337.30772735459
7955.27909987461,2905.63650163204
4782.93993209938,4829.78900580149
4769.2453220275,4891.67852333041
4175.57981946106,1101.17190795791
4613.6747867132,5234.54436153565
3149.58677821819,1251.37812769612
4238.72129970292,5481.705793425
3800.58066819835,4443.44688201297
4949.00567789102,5385.66014292078
2370.93628647827,1431.25060334455
4801.86971180173,4687.0275756289
3999.18702131443,2885.97267527878
4305.47444541957,5297.62759944079
4383.70363994505,5059.04801488953
3550.19489890989,5555.35956691809
4471.12360672798,7053.04648100837
5113.03802800958,6129.75810690105
4133.96656497127,5179.36090544723
4331.09302631065,5319.73531772262
3792.41002005246,4523.01132621765
3995.97959360119,6611.06633173559
3704.70093971918,4197.36542243708
4060.01172114295,4421.56665985668
4732.15129534948,6815.20562458224
9164.48533551822,1827.70890475281
3838.64102433535,5378.72658535475
4064.1387441995,3087.89599517766
4405.55942844984,5299.21922660909
4376.85291500121,7189.15851234423
3834.27331247395,3032.54191699507
4706.8242654491,5395.15112905053
4348.55199627175,1597.31294360613
8230.1713210161,170.552056278264
3923.2267011378,868.161697073023
4649.77595263398,5670.50093774458
4101.25166926543,6558.21280808534
3556.40450674945,4225.61046184553
4320.4365803702,5564.85055304784
3930.27820658106,4732.43588685828
2885.64118460039,5200.1044926863
4033.87844348651,4487.09357826277
4461.96608634095,4491.01471501399
3644.10093923821,5192.88677639097
4559.36785720865,5650.60982669341
4798.64545610996,5410.09779364079
4090.09446154039,6110.20824003819
4259.14398626299,2581.12723276867
2817.1301411975,2037.53158361315
4328.67358496675,5577.41062259616
4046.34342447565,4631.55996081117
3980.36025341023,2179.04263080575
4211.93116869287,5170.66573290162
4194.42377225783,5673.39918764136
4541.37489865113,6339.2968384597
4503.24840543174,6906.25016602179
4544.16706757042,5197.03540926774
4674.29287022275,6895.67963043384
9100.43982595704,233.407969842804
3710.48916110298,2551.85888365052
3903.50184594515,7007.97899111206
3499.01532526495,3279.13481999819
3945.10630381836,2585.16232901029
3893.12152731071,1197.84264423831
3846.53469301204,2830.3344383669
2245.54496083848,254.435715811183
4280.33319313589,5652.08728294368
1974.00585402577,941.247311678224
4692.97572500722,3871.09411573889
4457.6667967759,3768.34240379418
3289.16257631141,2918.25323378411
4472.51072640643,3542.03830720668
3404.00675335942,5720.00121924696
3414.37404837178,1246.83158802728
3775.27483983142,5082.4627787551
4732.30209705288,4819.84345027591
3933.04857435996,4210.43672398499
3600.18809560693,1566.51015849251
2721.45966487155,1972.00466520706
4373.77943934008,5019.0387195169
4738.88159753985,5729.43554277295
4211.11047402198,4401.78887401303
4292.90082355408,6456.88188978714
4219.37418007479,3409.33618062245
5459.22742615781,5086.7818222984
7326.6324723797,4143.43192647338
4001.72173599809,2106.63902886502
3604.37780280559,4600.24541512889
2533.44345039715,4573.87573876278
3634.01838331245,4301.76500129858
4488.55969095693,3507.48469029456
3089.70146682641,6059.51423815959
4489.28812913279,5738.58528471439
3563.64367730558,708.805523965752
4324.28613743708,4688.73252800472
3521.25011115461,4351.15195759344
3980.96360243253,3328.40781680265
4736.86906782133,5999.21550208847
4435.60713141374,6181.58874369686
4989.53786348037,6947.68067789618
4441.47858264946,5336.27318662592
4489.5639284961,6784.8577260059
4169.6728406671,5064.78827493459
4971.63057664235,5449.76626768036
4491.49087058535,5975.06201009776
4074.60383033569,5355.19849628166
3370.31025619672,5613.27128509202
3759.64392840496,877.027438855877
2622.95389135378,2539.92421701982
3830.13657056378,4457.08650101949
4137.87540849995,3220.88228049119
4217.78581460687,5763.93207422606
4112.42619306535,4924.6980213885
4127.41828852867,5118.03928252166
2514.52726250607,3420.64586719079
4174.04778353858,7706.32739967463
3607.32291668341,7389.94540875352
4551.80051471311,5401.74344242825
4345.92180626419,4982.43890604065
3767.99309379997,5919.87855400933
4491.60628286646,4902.30614437737
3471.07330703717,1482.45604865037
3442.25836616191,2327.48723556438
5149.6962786976,5367.70148037097
3998.9301345464,5166.28960389931
1833.94726662213,690.051047831792
4433.23608957311,4433.89881042421
4146.03208158096,3439.91178675197
4495.97795456024,4722.49033133269
3180.08450781769,5592.64144591571
8258.93263424197,2914.95686566763
3638.19097544713,5974.4370300354
3762.30549927974,4880.99423967969
4115.67516590808,5512.0541148566
3775.60952616295,2894.15661582479
3579.65906646418,1379.5905886429
3261.84667748991,2259.2891405318
4435.59388492224,1744.67768176512
3598.70441672434,4253.51510277618
3005.46914457123,1172.55251733039
4327.85979121402,3217.52924977095
4693.66961980219,5868.61623467212
4168.46826994599,3660.53249732579
7967.31480060381,3744.52973313654
2947.78066284971,5662.14658653204
4496.57863678764,3210.25465944423
4359.82047275994,4132.74764282266
1194.6599156679,4939.53093791598
3748.984696231,3374.27112028311
3695.88265452629,4583.82129428837
4513.11175050439,6175.0530929229
2550.26841594677,4950.44271769225
8388.29022402662,711.988091162557
3942.4432260557,4606.89481396562
4154.00365860133,5587.46950332926
3883.10901989491,4580.24055601495
3999.61498374627,5280.12350628681
3424.21851714787,4369.6222749981
3440.89245277986,3681.50358069041
3849.15295945766,5830.88020913391
4074.12877584019,5582.2413209943
4787.96628131182,7039.57769552363
4065.41150406173,5128.32608223556
3698.39386919709,5277.11150832726
2220.42190055214,1731.83366491513
4941.71688924452,4788.6426526564
4843.35731898825,6807.07876949524
4056.30057491061,5992.28236737769
4319.88443986122,3576.53526151505
4670.52418211092,6174.03020606847
4397.37991228738,4694.24529192424
4263.25389293188,7325.10055586881
1824.4408325442,724.206916522561
2466.69942610708,574.227928625363
3759.32366654368,1872.54910995121
4049.41901480758,5048.02290990575
3131.96795137817,1444.32190489246
2161.08773225647,3597.9609142755
3842.12554711927,4988.86080875183
4170.65501897431,6196.53540828712
4332.28514533868,2762.81840885569
3544.48485516825,3052.71718677554
1727.85832820862,749.212884701174
4580.49786040549,5707.83947934597
4822.01956187831,5652.20103100645
3780.33303903369,5843.89442522281
4302.74099179913,5653.84932077851
4028.19568736224,4770.62690464758
3603.93561140511,4125.87074786039
4337.19976158736,4273.34912836834
3047.3081794782,1374.02105640581
3304.10836530685,5091.10128869694
4927.03865639031,4930.153699849
3744.61659534217,2127.89405953131
4082.54799280484,2620.79591823587
3857.06592573925,3220.2570890012
3669.85159050089,4300.45795571484
4419.52476811363,5898.79414543719
4242.78095607535,6532.69518505188
4927.28018914257,4636.56106987584
3600.1656819696,5532.05855111529
3290.50949430857,2298.33263450901
3878.50983117956,4575.69401634611
3907.50715608869,4525.90957611443
3793.66640317342,6628.7408355561
4708.32403868099,5388.89963700588
4106.778726637,1634.42409479578
4108.15271126553,6268.71172552993
4638.19471391479,2272.7014748404
3943.02587033236,5182.31624080302
3742.05593245041,2255.31091832157
3407.73544408637,6287.01163226806
3418.0108528295,837.699891863185
4631.34901115898,5007.04696742719
3670.53875992291,3802.49811391423
4286.63869151241,6174.54143806806
8071.80827764186,139.521933609821
3546.14315522783,3559.65614842344
4396.31046702647,3815.79691158769
3348.18207634944,7195.5241753069
4390.63091121763,4427.47690771302
4341.04576603806,6444.37890569784
3693.71487592818,4242.20541620785
5062.7321990035,5584.79874955802
4417.52993327925,3332.72707177357
4061.07717404297,2947.74886760018
3856.9720032246,5863.61512560745
3106.61480233266,1003.87587447371
4895.25728316192,6674.49039097378
4166.96717994779,5565.81677729852
3879.34381738999,1665.11323756044
5133.81935011032,5812.12573299995
4392.90191320809,5948.74899633541
2858.38327317715,3797.83824903787
3940.77513985455,6060.42337695126
3886.0119587407,5885.32493709721
4008.3211025009,5148.27385589049
3528.65227262881,2042.07812328198
2083.58520308553,4064.66329585285
4362.47721681456,5218.17690329889
4898.83078031287,4973.40248930673
2763.68645473823,1617.4882133866
4175.69292131929,785.301043322582
4604.00683661053,6217.8473129848
3613.7733783864,5385.31932158772
3992.7497001611,5747.67836405206
2452.0941420522,642.198686103121
3460.51959769526,4121.21088298403
3859.61084811418,4413.43938191443
3764.58901640349,2559.4742953103
4037.89522990857,6310.76721746669
3795.97375353407,4667.02271651496
4610.83218175679,6406.75620536715
2584.73701206425,2406.76752103976
4586.06209159644,7219.16601244276
4041.15448238264,6397.03772311185
4693.8560340836,5346.44623827705
4339.48410909598,5246.59277622913
4910.36225015944,7319.01905163543
3620.01398999954,4273.00830703528
4684.04479972129,5187.77191926353
4145.18506592496,5243.69452633234
3969.27133014035,5844.57649074419
8149.79318281683,1434.43322339827
4457.00602577744,4453.27868947578
4681.93613322136,5264.55186163419
4557.94112703892,4593.53935368841
3874.95577895935,6622.88725030352
4359.79563404463,5124.4616080881
3978.48576493885,3124.21143849698
2955.40166114165,1101.62647735375
4203.75624718553,5516.3731583999
4080.8456800571,4553.70046898231
4051.68049399709,4842.23490443178
3974.67762907117,5999.84090500608
3732.05072501369,6121.74499987682
2783.58266056068,3168.54020026816
7135.05548072272,2884.49521902851
4537.0146998564,5041.65766979832
4572.00564459792,5834.51718715583
2762.5088146379,1033.71254105047
8735.61706161222,1796.67872922747
3741.70125416221,5326.1572204338
3414.03270969221,5543.08407895432
3742.09979404046,4735.67538094338
4021.09071881164,92.465246715917
4439.04622262229,4483.11535605254
4261.01423470298,6233.0214737006
4141.61695225708,4434.86503467489
3974.65763998889,2707.86202603755
1983.99687151321,3358.52864210871
2262.09040585751,6737.57362887892
3746.33008695779,3638.42520189922
4363.59872123592,4672.64922849725
4302.06028352199,6225.86084286428
2168.22739228917,4688.50503187918
4522.26255530304,6445.51554061505
4536.91485278466,6158.91270795643
3555.13552888088,4975.22118974532
4493.41104198269,6948.02149922924
4363.31299864908,6729.90134318776
1015.54452919579,660.725824682257
4194.74631571084,4826.60617432015
3308.28685625,3222.3030741377
4564.15842011544,4564.55516329956
3581.62299768035,6773.71845010409
7499.25375586293,2951.61334174764
7503.82816346935,816.956304624108
4132.12901808183,4631.27580208187
3961.45591279634,7133.63423492274
4133.90925138159,4895.94090426994
3586.16746653484,6661.3053413631
4320.31772905598,436.751951245925
4509.67482138437,5755.80521913906
4681.27379143643,6413.97392166248
3977.69947854258,5537.06008303521
9163.38991225534,1643.63081648242
4257.60257494579,4678.95738314566
1314.19588680911,1035.53124148905
4132.91068149818,6629.42290107747
4075.19944158425,5235.90849257841
3762.83333215182,4755.73690266108
4318.12617443373,5445.27681347053
8269.7719674504,5927.32334357495
3816.79891564108,4634.91278010379
3949.51725953196,4034.76954381708
4685.69098655752,5645.55163216972
4536.77222056889,2265.59750660784
4100.4507242238,5242.1033220193
4040.89438426041,5119.80132035649
3990.14344497741,3880.24428053558
3901.17219437044,3648.19992390302
3995.6294800826,5034.32620544022
4164.02152439996,4040.33897034036
3123.51969239677,1440.45732503119
3006.6672229344,5501.36940835063
3542.02991187946,1603.62130968216
2948.06310023706,596.335488336473
3449.23825158937,4629.34335358051
4208.64362999404,4473.79478058932
3430.62816866331,3386.37619758034
7946.87570418621,1376.40796858919
5002.92618873143,4518.35103848604
3626.05384575685,7242.92117478614
3594.00507038004,6160.33350160294
4267.4556770293,1243.25116689531
4179.85643695896,6216.02861254621
3316.30395891694,1030.47315267918
3823.85689656898,4736.81201586059
3741.44971220334,5594.28931283252
4263.51975257494,6619.47734555189
4327.12525261861,4263.57440636454
4023.17470927015,5530.41068419848
4616.00703993669,4655.59970473911
3304.20038808581,3616.03332488809
4135.23333891446,5345.87792081844
4173.13516214788,4392.9232908009
3972.60643303137,3097.38676987978
4035.95760139133,3715.65929081046
3565.31496318024,5698.40515581997
4322.95904150875,6542.52699251469
4365.41427422111,5256.82249048401
3289.59603996952,6816.11518622916
8148.11951569609,4172.47277946598
4091.39510096542,5727.73059039714
4300.27168728825,5386.74011523423
3647.42375230531,5697.09811023623
3652.65674490681,4369.79268566463
3241.75202652519,1545.82344528481
3698.98104214575,2119.31263504848
4177.40890958175,5419.87293849984
2941.68206424427,1199.14979553586
4720.00185616611,7123.40452066785
3736.36403507837,2587.60600951124
4768.70079391256,4174.57563863387
4242.82187104521,5994.21439302379
4573.93088273849,6513.77029825139
4007.58249402072,6419.25918945645
4896.55527492109,4063.29916481009
3480.11172222663,3728.16227489977
4411.60192629736,2649.83677122847
8030.68873594604,4335.01157262697
3100.92119661077,6209.94795402334
3701.35108454368,4397.75398919904
4096.22026428397,2626.30847072776
3583.06999069535,4920.26480692718
4044.30147336934,3742.99561428251
4620.01894060723,5103.83134605654
8612.27662019304,5302.23122456864
3685.54459531796,820.309388201258
4977.32680468504,6335.2048681867
4181.71971349418,6431.64842548299
7979.70900385086,2629.71837547939
4108.59627542768,3613.47589632436
3032.2460346519,5535.24138259663
3701.67547843676,5921.92432771821
4069.36090632893,6643.85791081288
4801.0305254952,4439.63907046927
4353.84107751965,5883.84705799168
2076.61427849718,4741.01773419636
3613.5089320607,2944.05480411925
3823.83698996589,6875.84518198643
4586.42489975612,3709.40779876581
3608.40868855652,6172.49566435918
4107.86553281015,4816.31979746151
4148.25969283767,1669.54613488033
4265.95300680911,2702.06531481636
4924.9863255994,4872.69697392616
3795.54912582528,4935.32521958021
4441.39628122952,3733.84544948582
4257.45588080188,5887.31404820232
3694.22082343234,3747.25799522204
4654.40625943169,6625.67175213753
4088.60467426779,1143.17052586329
4595.75822997121,6186.76026342806
4043.38514627651,5520.86303546497
2306.10940760243,924.425178331809
6932.08636214982,6782.12988677564
3580.4176466191,155.718981180059
3952.53800940828,4799.27027370336
4314.71568746159,6703.92915075846
3940.67377543411,5358.66506363705
4155.80757989942,3858.36405837929
1916.03916765388,2208.82263477874
4414.19880519575,4728.34433944053
4009.88379785878,6468.92988162536
4716.02743666422,4690.72163910984
3496.71634611525,2259.80058395902
3870.95730766476,4164.34592437898
4554.13016052008,5045.92005073786
3336.84076620203,965.287161319971
8932.29447316262,3634.33323162621
4068.41553847722,5057.00224118065
4151.13843432165,5507.10966839569
4755.82830161906,8462.70127447391
3897.35761747826,5239.88671478864
3430.28599292462,6859.76188247896
4224.66084523976,5082.57652681787
4958.11253055775,4232.9985888074
4318.70276553139,5632.48033062181
4579.61232010762,5573.88696978176
5109.17203505975,6624.81927594962
4507.77890731041,4836.49506724198
4342.52202227883,5059.78674301467
3314.32388259786,4805.01011089317
3788.45529576933,1038.99791455826
4561.62383540469,4631.38912728939
3569.42942523695,2157.38990477501
2339.09492986819,3528.39868820017
4440.52154036086,5285.69293281009
3877.68156354943,5106.90042947511
4273.96157863578,4547.78979827072
4042.20017085713,2538.10572800886
4186.30643196945,3479.69400885431
3818.32435697441,3912.07005821745
3583.22828082211,411.177665608707
3492.0591135366,6778.49248589847
5026.15585333339,6093.27204148757
3978.2897029315,5445.10597994875
4148.06014274092,6012.62804782469
4107.84700758632,2952.18165920625
4048.21376008201,6102.42220628425
4151.8532024362,5420.78207729151
4150.60819637503,363.836826592614
4997.47213429316,7791.12087192478
4064.9639867292,7740.25645937964
4023.18644909791,738.073873083901
5070.58393067226,7226.95162334145
3311.98041215106,222.4962693519
4100.03064141732,2330.61298158671
3784.07225207451,3711.96522732953
4927.18378502207,5849.57759980886
4216.6833233594,6304.28865215174
3567.09937152316,3850.18011783328
3834.73666992683,4850.87341437363
3720.08863725546,5221.13223865468
4247.18176682341,4696.57522436241
5061.53886010716,1357.71036648661
3471.75519943464,3603.24618206948
7959.94762039523,304.390804565476
3712.73117224755,1047.52267643733
4112.88251898572,4071.65351602264
4063.34993614566,4828.14071602944
3229.38429454049,1957.85360277332
6764.66027909434,3541.69748587362
3882.18578870791,4258.23205311155
4196.89678419103,4554.49585971121
4501.2910994341,5723.97944145719
4121.15538658776,5170.04032998401
3518.60312030814,338.148872177985
2764.01318582349,7089.24838769255
3464.18338618114,4489.36684809719
4952.1429808203,6652.66683142126
3421.72167761344,4242.37582687438
4225.56664444047,6508.65544112394
4447.29268295022,5480.28499977849
3722.47840319989,4202.19612083522
3178.72685106962,6050.93239082151
4310.49865628997,5308.02814721746
3977.04193262244,4656.45218092701
3223.50930833792,5194.08049676719
4262.62226444216,6027.0630575601
7537.08997790334,505.575211340042
3439.06440063037,5150.88836991322
3479.97185495765,6011.71848617777
3899.23277298551,6010.63893671957
3372.4153147895,3038.73653500834
3718.59895937695,2178.360776712
4066.77301938944,6415.05347112068
2500.08774711575,1538.49208664052
4431.38546719023,5277.6231631821
9061.26569684141,3042.43059848927
3695.61861672185,5556.4962018353
4136.28998508106,810.761633753934
3308.03710207664,5674.64957062134
4063.79752413865,6839.01829523989
4281.36064746936,5619.46611453291
3483.96935668976,3754.13446732906
3475.49213490808,5821.44588560792
4453.97838598337,4643.26713131633
945.122671003115,1724.9570870943
4264.4031792944,3690.36916390255
4726.42419156764,6282.46509259922
4047.54315052873,5143.89772688818
4021.41152237505,4267.438880512
4362.53929136415,2224.22386876484
4220.29071268181,9104.95666530114
4469.27692252057,2800.49777179014
4131.46409241119,5765.18245720604
4254.75395950119,5956.70544075587
3072.90299320077,8590.74353618178
3829.9765456782,4129.28065261201
3937.32712953322,5673.39918764136
8252.44036648503,2058.33204488361
3072.52792080015,3149.5015654049
5109.8208843259,6863.56969402267
3372.67441330838,2330.61298158671
2777.22022714119,6324.00892968113
4503.9271746323,4558.47408192144
3758.14624686192,4635.70859368794
3903.91008395166,6121.46084114752
4275.17934823545,4491.35595920231
4808.32126376499,5644.75624144083
3817.3345859705,2322.99756992693
5118.14750594323,2841.41662880969
4598.88663752108,3790.9613540756
3604.29733955278,3848.70266158301
4575.09509642968,4444.18561013811
2989.48416536833,3009.1271531295
4115.08631077085,6552.18838931097
3847.18513056571,6165.96001358523
4132.25918374604,4071.02811310502
3729.40735066318,2530.88801171353
3799.68481809894,5586.95827132967
4463.47773061127,4821.88922398478
2212.71429747993,2139.99934825617
4366.27157176395,4772.16144635686
3091.01459156925,5586.90118587066
4508.872875535,3755.95316776765
4035.22483088946,2369.03128407392
4031.80353773551,4356.55097345019
4895.24936263929,3056.41125025648
7963.87418380428,4958.62623538301
4306.17038875413,4913.21792415363
3574.03256499412,5556.7803605646
3914.02738289032,4185.71491453568
4451.17818406781,6229.4978208862
8547.1519930338,1525.98910255122
2940.29905179251,1957.39882194986
4132.47811620451,8218.26810467007
3920.44718099908,5309.96017286357
2681.4452970162,5150.26296699561
4075.38090573851,7084.47477475342
3602.91782032495,3401.60723232753
3895.51032305571,915.161582613787
3701.91244694317,4205.83309885714
8353.83095125507,2827.43597704249
4031.3923761607,6405.73331851271
4663.84034325656,6354.98223117509
3807.05873107678,2815.95609123524
4161.97425961034,4408.15411412046
2923.26335746165,1648.00683977091
3608.96733085777,4587.11745097722
3021.81436404829,6502.63144520483
3822.58197501603,3437.63851691755
3603.6825414128,2609.82726442822
4231.89427349032,6350.77693569457
3128.9830973026,2021.6755688036
8968.75082037131,1426.59042132676
4267.53300415053,6054.74020236521
4462.53653770074,4966.58267980347
3958.81430138279,4687.48214502474
3174.68730796922,2466.3271061305
4206.92820087418,5766.03493339395
4344.51676289334,4867.63877940247
5235.33441471155,4984.03011035369
4569.96476722868,4970.44757680619
2826.30321382025,434.308191459614
4139.2545848377,4781.42493636107
3722.88649704722,6218.35896783964
3875.56963943775,5733.86833437902
3160.82486439376,5623.04642995107
4097.8907772682,5452.9490991617
3699.70520840012,1137.54422530862
4806.96674674855,8971.85705478009
3692.88394902075,5630.43455691294
4511.73644398164,3950.71564540258
4295.69553439919,6449.38001476251
4548.83149698267,6468.98696708438
2127.07362507634,2549.0172963575
4147.69457310803,212.664382603727
5059.58912144697,5721.19493962318
8531.95094346365,4989.37246360668
4250.91967003372,6614.1349922989
3775.5118701711,1576.05791293983
4327.65405886253,7058.33217165759
4231.33124970023,4838.93874774293
4492.24924914061,3159.44712093048
4085.17010059603,3320.9628158094
3817.89225902216,6744.90509323703
3548.74655519641,6220.46182700753
3027.71569006693,3921.61770695096
4547.80242752922,5794.79205051251
2943.12542175451,3940.31509762591
7716.85310504957,2044.23785648126
3591.25187707734,5110.13992356021
4713.9467340904,654.92900774725
3437.66689202394,2416.20163313813
6749.35468347361,1781.10687314722
3341.89399688222,1098.04616193559
4397.1647457836,4442.31024709576
4763.2383188109,6495.24331824297
4572.73485753527,6587.3103236817
4159.55578536039,5019.0387195169
4871.60054922613,7339.02433360462
3827.85785060334,5945.11201831349
3383.50434591759,6827.93610479709
8728.8599259122,2152.16129958479
4012.91776274106,4896.79338045785
4525.17100491796,5670.67134841111
7324.78284533156,3121.31297717257
4997.79212459422,2146.59187306151
4396.26558248071,4652.92852811261
2974.36528335047,5126.3936337342
3690.14452886343,4970.73173553549
3921.91663107375,5949.43106185678
3563.81634892347,7488.32099169591
4736.57876416958,4920.15148171966
2378.58700463557,3577.44440030672
3871.46927522094,5724.14985212372
3513.46012725786,4753.17947409736
4671.56060111856,2471.38508922655
3997.35220982815,4424.46490975347
3343.58779271352,2950.24942213252
3664.3514050418,6928.41454690738
4705.40836981575,7083.62229856551
3997.46134815757,6588.21988532862
3295.92284440613,2014.57160057104
3698.64647429591,5330.64709749888
4521.92386731791,6571.17036157048
3834.20910081781,5694.37027100598
4097.05019193896,6295.9343009392
4042.85647590025,3878.70973882629
3627.77184101522,4281.93097570643
4114.60708563625,4653.83766690428
4348.31996209345,3543.91388167666
3731.23940527185,6330.54458045509
3691.16026480977,7152.04788972363
5052.18456618166,4713.62474812056
3332.94504255222,1164.53919887854
4371.54383753964,5807.5221078721
3979.87298508127,5188.96563963975
4608.10782720179,4774.32096812851
3975.2558620419,3055.10399324511
3732.82254393774,2848.35018637572
3986.93941546294,4280.79434078922
4388.27882056323,7901.60110930915
3945.58605064147,5981.54099826796
3723.78650057317,5113.49274285282
4396.23667826145,2452.34645436329
3579.75532437855,5079.10953660723
3663.84658660532,4189.86354741244
3726.76716023656,3442.29859322154
4319.66295347106,6462.79213764348
3494.70232262524,5792.80293940739
9091.15641912666,1363.62082577058
4359.16222490656,6817.19473568736
8207.18284172738,2137.49879372384
4821.26271646959,5626.51299730646
8408.88391666403,196.296845081599
3883.77256264619,4137.8624999501
2390.30540002814,3677.46827302117
7111.79721544094,1515.81626232772
7862.97003583479,1373.11170618652
3923.37291518648,6885.22242005341
4404.73417952114,5904.42023456423
3706.44603232483,5027.27932266667
2172.79236601744,6713.19264076267
4376.02110850268,3007.53594881646
4123.46330123879,6849.53216822408
2873.03994029351,1947.62388851844
4030.57614043306,5292.39941710583
4201.74489243383,4597.17675456558
2690.2641412269,405.551312197138
3817.67713377614,2745.54160039963
4659.25819317698,5213.51661556728
3981.86002030337,4769.26319646007
7400.42588808358,2830.56172306481
4674.62026882671,6440.85525288344
6025.75578265071,1455.74512809595
3969.91358378448,5192.7730283282
3819.25146503125,6614.64664715375
4318.95574870639,5706.92991769905
3959.52212889428,6438.63864565278
7948.04047324638,8442.92348863026
7589.77402316792,1507.23462641726
4089.20159293953,3267.76847082609
4287.19864649837,5165.60753837794
3627.33504063155,7056.7405444893
4408.13405548547,6647.4386490863
3718.11838754029,6403.85753261511
4000.5779751034,3931.96116926862
3333.86124407074,4626.84258762055
4339.03155935601,5401.80052788726
4447.28856538587,4935.78021183129
3406.78429768609,2047.76129786803
4600.36436937329,7304.52695644101
3492.54240950371,4987.09919377226
4794.39473840145,6881.92626336455
4107.58185526824,5021.70947328814
4533.89209406551,273.474350674445
4268.06221810368,4891.73560878942
4534.08910660701,2847.8387429485
4308.49433006813,5280.74890920443
3588.3062370433,6148.34217236848
3396.99452757694,6710.12398019936
4225.34806448781,7951.49972045886
2919.05952453842,7233.54393671916
3446.63315401326,1376.69212731849
4369.44961629479,4868.83207692344
4883.05667636979,5682.15144564598
4127.52034397777,3876.26605832534
4718.6199538636,6263.31270967318
7715.62184037176,1398.57234947478
4631.24661579689,6320.8831836588
1627.46286797007,4845.87230530896
3801.84886118761,6750.58826782307
4622.21483975127,2580.04747188285
8324.05603876232,7907.05763348016
1651.11399382097,7773.44552239376
4222.36319812399,2586.18521586473
4234.29972068333,5850.20300272648
3698.83626148772,5715.56842764089
3817.45490378023,3334.03411735731
4453.73971527653,4521.07887771629
3371.38658608069,4077.67751194175
4009.104875943,4274.82700747386
4156.91711039546,3472.36275592383
4383.20194585306,6014.95798026287
4589.69761562176,7508.26876535084
4660.33877931451,3812.21659616953
4131.12663055935,6393.5144931527
4013.0690503099,4999.60217786157
4425.35493473026,6399.25433034251
3719.96244592455,2225.64466241135
3649.87499794536,653.110413022477
3407.65357051423,4027.04059552215
4556.53155275756,5590.02693189298
4042.4642423269,4677.08202010332
8194.13599511664,1005.58082684953
3940.8008061135,4969.48135255551
4356.57248848796,3073.68805871254
8789.02439368092,2574.42117132819
3150.25300040242,3349.77659553172
3951.51380125922,3916.61659788629
4729.77504010799,4978.00611443458
4623.15550113593,5041.82808046485
4066.58055099022,6509.28042118631
9870.77893044136,5030.00716189692
4431.89874027461,5321.32652203566
3187.60854971901,5923.91343882332
4274.08303973497,5473.23769414969
3929.64413924657,5540.75414651614
3799.29801110826,5430.2164008175
2830.76154878244,4386.33097742318
3870.99693587305,5133.9521713626
3827.55834030831,3195.59215358328
3480.17714045272,3591.14110477224
4006.28629142513,5561.38398569245
4042.1884384625,5854.74954239532
4940.9924190581,2120.27864787154
4825.46770949386,4879.00512857457
4332.23111378385,5102.58138593181
2906.70288423956,144.295797619256
3660.44910160619,5084.79271119328
3605.04672648902,4483.79742157392
4009.24386652734,5998.07886717126
3882.7462641554,4550.23347877167
4925.84366800782,4936.97350935226
4363.8285473582,5012.33223522116
6567.76012008762,4903.38611669082
3249.50700290272,380.545344018525
4093.06613374875,4679.07113120844
4769.61087460818,4356.55097345019
4232.2914220837,4785.85772796713
3562.11170731164,4907.19350537927
4140.32976640419,4533.24104047254
4123.21106456821,3777.43548313186
3755.16761591443,2684.61788426614
4809.99682970468,4271.36001726322
3392.79343514096,909.535176345312
4599.43884982574,6472.33978637699
3243.49213242459,4760.11303166339
4027.77497746701,4061.82170855982
4103.28026034104,3588.41326554199
4439.47069085596,2758.61290194754
3956.01955817746,868.389034627846
5407.63472322879,6212.61870779458
3568.00318697106,5119.68757229372
3344.28699788949,3677.58202108394
3486.14241616123,1747.6329114071
4997.36923915013,3730.71970346349
3973.30510863062,1162.37967710689
4708.60581136529,5551.77925149993
3895.79542907822,4101.31977193286
4099.43508488754,705.11146048482
3866.73005480169,4605.07611352704
4088.61513240558,6132.94093838238
2385.19810512408,600.654690450488
1828.2654327696,1695.85925435649
4283.84393542696,7386.42133308387
3904.20457140941,5537.91255922312
4155.98386894488,4383.60271533768
3424.32925641428,2818.9680891948
7984.81951223357,665.613397111784
4204.35343154444,6804.69175159805
3609.08409207403,1079.12116942128
2932.78212423194,2875.45880229459
7885.14342194651,2240.70507506438
3914.31626256789,5188.39732218114
2795.62941305099,2562.77066342679
3845.0359574426,5944.03204600004
5080.66276676549,5417.31550993612
3536.36959675844,4796.82659320241
3088.0215139055,2115.56169753617
4375.24321138401,4732.66338298382
2455.77838156748,4093.98830757475
3623.8672400737,6453.18782630621
3841.30952160539,4976.52823532906
4290.53253838691,6287.01163226806
4020.75325583505,4740.96064873735
4315.44945874219,5739.43776090229
4622.58810665453,5667.60226499254
3578.73576749591,5720.11496730973
3328.09682447063,1837.71133430978
4055.85801870988,4879.40303536664
4807.52417705403,6680.57147235191
4803.34519417399,4265.90433880272
3548.26468998825,4478.2846576544
3029.31067363251,2809.24981836713
4108.97637005108,4526.8187149061
3912.30332427465,5747.56461598929
4252.11546421501,4465.21335610649
2508.30066847862,4230.49824570269
5325.6116683166,5244.14909572818
4371.52047807097,5416.86094054029
4505.65199591509,5711.87436415996
3190.82019303119,3722.30868964719
4971.8972842164,6219.21144402755
4729.15906783949,4893.78138249829
4411.96464180784,6699.7805178817
3207.02795688634,6490.18512371929
4088.11519390652,4263.9152276976
2481.10735623908,2699.79204498194
3501.17393197858,4259.93700548737
4739.61757833051,7360.052079573
4419.80638490861,5739.09693956923
4636.80440387254,6333.95448520672
4798.36467740336,6195.62626949545
4660.03993768263,6474.04473875281
4122.52776578755,4371.09973124837
4241.02632792118,6080.03032927312
3836.42122849274,1119.58535133119
3449.23770369759,5412.82563287104
2363.69054922977,1465.06549213154
3731.09719893712,1197.10381039936
4589.12061679211,5304.22033567376
3948.34714298549,5075.75671731461
2846.58053434859,505.404694959698
4450.58991063257,6171.69985077503
4823.6969622739,4882.81294011827
3749.45504694907,4717.65963293455
3527.75966980698,6650.39356158684
4499.50212129866,5207.77677837747
1466.98372863938,2085.44087223011
3336.94489116164,507.734785968597
4025.27088469613,3741.97230457282
4606.03055147817,5755.52106040976
5014.38103324122,3944.23665723238
2994.14798547531,1480.6374539256
4277.82706233727,4474.42018350693
4074.56337768523,3641.66427312906
4524.11288757946,5598.04046177246
4803.9549569977,6044.45382550656
4358.76989323229,4204.07148387756
3977.83276586104,2472.23756541446
4102.72053304765,5300.69668285936
2889.42514994219,3131.37228076093
3880.55883896075,5379.92030573097
4393.09612346999,5443.79893436501
3266.63080043686,3565.05516428018
3631.64019497639,6397.94728475877
3472.54061597874,3264.07440734516
3698.27143498213,2970.87947273645
4135.90912590936,5507.62090039528
3808.09815703385,4832.5735076355
4876.37468425037,6942.67956883151
4287.62356174445,4010.04773436777
3341.9362104302,5547.74436668593
3258.04652760782,3332.8974824401
3628.26780546903,5065.75407633002
3332.6960345556,4908.44388835925
4098.60173161608,6314.17712221832
3394.35541117354,6393.45740769369
8713.94835301215,615.089964470432
4055.31588471033,4647.07494286003
4043.69413304466,4321.54278714223
2850.066740459,5623.04642995107
3649.98454055417,4981.0747749979
3649.22072927444,3495.89105642455
3522.84057903553,13.639618180627
4352.35575846318,5174.18938571602
7761.47138945843,3676.61579683326
3322.80225829234,4254.02633477578
4026.23944892622,4803.19141045458
2826.53799005099,3123.64312103838
4793.50938906447,7067.08400680696
3589.79701514659,4425.60154467068
2502.78331282352,6033.8262044596
4847.73516930875,4631.33246468563
4050.50103497105,3451.7327053199
4076.51348093067,888.337019710401
4004.67618771343,5274.66782782631
2470.65357520759,1554.2913331325
3980.69080633087,5537.51465243105
3671.65046510807,4911.34256111128
4736.00527800382,6862.20556297991
3478.64018813128,3515.38426068364
4116.06798595167,4862.9218290671
2779.04199241588,1956.20552442889
3426.25823621588,4167.64208106784
4813.33859277875,2041.16898449032
3509.18303574197,1147.20562210491
3573.15649611809,540.697198567678
3977.81407208563,6608.73597644216
3539.55424043265,5051.8302985942
4180.94633688808,5280.06684368305
4194.59285508591,6613.45292677752
4437.71656325718,6041.61223821354
4725.09540963773,4852.01004929084
4490.00288264555,5846.33810572376
3100.31112717906,8745.38254752606
3674.7047148964,4319.95115997394
3759.69391982041,5323.08855987049
4060.77775333138,3685.99303490024
4422.03771353047,4828.02696796666
3636.21358612179,3083.34945550882
4375.44853961705,5160.20852252119
3222.99229178008,688.971234089061
4260.49278554252,3938.04182779149
10000,6451.70994720069
4323.30729333005,5286.20458766494
3443.55287314314,6456.14273880676
3554.8102030195,356.107693298517
1129.68239572861,3483.16078763732
4208.96129125172,4708.79404972242
2783.22056594882,190.556836106844
4270.39606268062,7288.15992105949
4258.85994723604,5768.13779256184
4135.11382019783,7074.01756437299
4036.72844469479,5709.14652492971
4051.42989998933,5918.96941521766
4162.73151135655,5077.68874296072
3823.52434015967,4914.6953804039
4512.53349275091,6892.2126402232
4026.29454301447,4572.11370092796
4129.67525371557,4954.76176123554
3221.41276679121,4087.50931940456
4184.38759087167,4261.13030300834
2558.27378557066,1518.4873332404
3805.94645529202,3858.93237583789
3977.3874028362,4811.09119227129
2835.51317843067,1770.99080124129
4207.31365502039,5663.11281078271
4394.76007504062,4919.86732299036
4404.07515192323,410.609348150102
4607.26163482915,4868.60500365315
3936.53332271251,4334.04577123154
4352.60222347781,3950.99980413188
3332.80210233556,4990.62284658666
3432.20908450078,5651.74646161062
3893.57822634592,1074.06308061141
3251.35169934629,4810.52287481269
2921.80812609219,982.791360187763
3991.61587164355,5279.49852622445
3390.71815400678,4660.77122447031
4062.74882891649,1596.74462614752
3865.11605811139,3824.32167346676
4267.64041156473,4436.05875505111
4619.4454274159,6205.51473956202
3378.32124673132,4721.35369641549
4239.76586468626,6345.09376110852
4854.33657013196,6320.08779292991
4199.91808835242,3442.69650001361
4654.72358258379,3134.10011999118
4202.28454411954,7345.33248825304
3942.05875132101,3256.34524762261
4300.01612045217,4760.68134912199
3842.48025297715,2525.48899585679
7988.42695291478,169.642758915877
1439.44229086756,723.18392395431
3698.10799423251,7612.61168160859
2401.10379846844,1010.75255800836
3677.17483794057,2505.0864413784
3813.57767585999,5119.68757229372
4175.28668936594,5910.44465333859
5054.60226497332,5050.63700107323
4425.99716549514,5961.25198042471
3937.85038092107,4207.82220996225
3307.20915067118,5178.16760792626
3930.71597177907,5794.96246117904
3514.10170735721,4154.968686312
3295.0589070802,1189.31788235924
2563.00201632131,2227.80439561062
4164.14485686779,4570.74999274046
4220.08245478135,7004.45533829765
3667.07363042763,4232.03278741197
3677.00625607538,6318.26909249132
3974.96664643105,5355.19849628166
3746.67649682303,4155.36659310408
4023.40633582177,4764.14833933263
4154.63482266604,5862.99014554509
3095.10190123952,1797.19017265468
3757.70654424945,6117.25512281174
3353.28192022779,3401.49348426476
4298.40017763393,1161.41355857003
4152.8179681459,4419.69087395909
3672.89505344544,6363.56407851318
3890.65737519972,3562.27066244617
4602.82541865441,4835.8130017206
3959.00261688335,1843.56491956236
4380.63155990437,4789.72262496985
2992.65474709146,5168.50621112997
4336.70405618914,6341.62677089788
4229.77346399247,6220.29099348575
4364.50982193896,4684.69722033547
6447.45062948354,1776.73074414491
3584.70635834744,3729.64015400529
4172.93487905177,5749.32665382412
1255.8700538724,1168.34701042224
8217.29522393236,2344.99132871836
5151.42188367856,6813.55775766544
3606.83621427763,4761.47716270614
3304.04388211885,2237.63620307343
1820.94645661234,4561.42941727723
4607.4737825898,5588.77697176825
4485.41168805173,4422.53246125211
2751.11228064955,1233.4193594325
4014.74240726593,4639.34557170986
3570.66943308686,4633.77614518658
4543.18477080405,7706.72572932196
3667.88680387716,2726.9575349322
4619.79349678035,4084.72481757055
3975.89925257694,4892.30392624802
5190.62622884828,6813.27359893614
3430.54960963142,2191.37520422853
4284.67655880344,5121.79043146161
3793.88369902557,5399.41350999007
4454.20431206411,5456.35900391333
4415.52103251886,1339.52420781126
4111.12681249366,2182.33899892223
4097.47906704057,6294.11560050062
4250.97447176048,7615.16911017231
4789.2529985532,6310.48305873739
3726.29790701769,483.581293977891
4896.1190991475,5927.03918484565
4016.65146728616,6334.52280266532
4225.63941849962,7630.79784028395
3556.06698746941,5017.27668168208
4560.30836682638,6965.01436038363
4498.27963850304,6305.02738027688
4449.32905633057,2924.33410373461
3006.45177230206,4543.29992120564
4612.98489405132,4103.30888303797
4054.41067612605,5634.07153493486
1737.94800075628,1392.49137381047
4978.54746015298,5728.52598112603
3718.69977793671,5556.4962018353
3843.36242998791,4751.24744845125
2952.91109224464,1850.15744436771
3041.24063154564,1571.4544992396
3951.34262674879,5360.93833347147
4096.59424206114,3550.67681714853
4698.26999102441,7386.47884139813
4994.15860110819,5019.77744764204
3766.42536101513,4652.07605192471
6903.63607796531,2237.01101158344
3876.91710776707,5356.10763507333
3940.3579396705,4669.63680768245
3971.30843021064,5337.63731766867
3217.63562037436,166.06235099813
3910.8286259492,86.4979134005662
3772.48607998414,4993.23693775414
3923.46742700844,4639.97097462747
3429.14189071069,4370.30434051948
3908.03655988173,6078.26871429355
3818.19360823696,6346.28705862949
1725.73432430357,1337.81925543544
3451.03150663686,5125.14325075422
3112.19023835752,1214.15333415751
4052.30451145176,3929.85831010073
4302.16000482285,5533.42268215804
4067.00017543315,5114.62937777003
8470.0985389569,139.067271714401
4024.38456834714,5967.33306180283
3565.05241775963,4130.98560498783
4012.8987172213,5950.28353804469
4256.68037111021,5771.54769731347
3921.92587579525,6153.85493628799
3640.67894114581,7309.35765483915
4276.09871127774,6791.05213259154
5047.35929694829,3729.46932048351
4156.65655363775,6230.40738253312
4375.17867921669,4323.87271958041
4027.99988227816,4654.91763921773
3840.83073409957,5371.56595451843
4006.96812968462,5575.59192215757
3847.61339030822,6683.5268077077
4101.49222625548,5506.31385481154
4024.02826688184,4612.7483992182
4187.41051289822,5055.9222688672
3819.8117620454,1485.46815232374
4202.62948844209,5392.5366150278
3093.53316533524,1954.27307592754
2734.37845158213,3047.54545561672
3910.37110099945,6390.95706458898
4447.83444389149,6755.53229142873
4041.00861997269,4289.65992400135
4953.14201483306,5776.43505831537
2898.09353217137,639.413919984576
7803.43886689307,23.6988375282883
3865.65125696131,2624.54664432056
3683.33636823897,380.829502747827
2270.30180625655,929.25587672995
4397.4150912208,5123.60913190019
3610.89800713825,6570.99995090395
3980.50288831279,3445.87912006732
4559.64756429538,7237.86382597296
4298.62667503103,2579.25186972633
2533.20810154107,2273.04250760109
8879.26026059607,2813.79635803597
3812.29561481472,5077.06376289835
4409.36431524474,2920.52650361853
3581.15822234931,3605.57611450766
4133.62729394804,6292.35398552104
2290.69053252006,5390.37709325615
7562.5302165792,5387.30843269284
4242.01082762491,4048.75040701191
3265.17119139744,4035.05370254638
8095.52267414206,355.368885888021
4208.18110008813,2790.49534223317
3690.97426844332,6080.59864673173
4136.81886206409,4472.60148306835
4211.15478287559,4769.1494483973
4055.17622831771,7270.99622638332
4147.09425173616,4345.7529417367
3905.93177502062,2715.25015299942
3877.08574335615,6012.62804782469
3389.99700993194,2317.08711064297
4500.9650128638,5125.20033621323
8135.54980514015,4613.26005407305
4239.43656373316,5118.55093737651
3592.32090089665,5000.17049532017
3984.28825744288,5341.50179181614
3629.66700913737,4261.47154719665
3752.6064165497,4471.5215107549
4370.10830542239,4162.18640260734
3366.6524500728,2464.67902778607
1960.95369772161,44.8970767521148
4543.22428549799,3691.449136216
3730.07719886905,5561.55439635898
3035.38182670064,2337.8873604858
4764.60545510225,7110.50320693122
4441.96752224853,2664.44261448567
2205.02355116557,2446.2655844128
3775.10584267603,5845.88353632793
4087.73387354431,2673.19466106266
2372.48194306099,1291.0467074495
3815.58110334614,4545.28903231076
4770.8303612844,5898.62331191541
4621.96774351151,2090.15782256548
3809.07712632359,6736.09617262865
4713.47815208919,5936.13226418333
4856.702704072,6000.52297052746
4120.93595891893,5254.3221473793
4357.45536770973,6042.80553573451
3723.14663440232,4147.58055935014
4833.48855632724,5190.72725461932
4152.87096747282,3840.46205843324
3765.24422787944,3796.07621120305
3718.63591813703,6329.23753487135
3518.196459832,7529.52400744477
4184.46685364943,5488.92350972033
4234.54953991313,8603.35984547861
4113.48749008051,4443.38979655396
4635.67213323278,6297.07093585641
3516.2226250158,3824.43542152953
8706.88153803769,1731.60638021721
4767.16597232438,4753.80487701497
4667.36746483873,6894.03134066178
4381.68109743144,5471.47607917011
4006.47125305548,4853.9424977922
3429.13349139233,1832.59647718234
4698.79056013471,5086.2705902988
3363.76911188352,4421.1116676056
4549.09372484383,1624.93321437985
4085.34808047145,5304.61824246583
2668.81052468022,9624.85381471705
3610.55709233791,4752.66824209776
3801.09558204035,3626.20637653921
4689.06105758271,4592.9710362298
3546.02572979809,4351.77693765581
3779.96610543496,4459.47309606143
3681.38791128462,4800.2931605578
3268.36352388672,3278.39588044543
3978.85658023815,1784.00533447163
4305.29738151993,3363.75724729892
4698.42351440618,7393.86696835999
3855.25882166779,580.877221748277
3967.03970313502,4988.23582868947
4734.23107259975,5671.58048720278
3202.17368931957,7150.5129251591
3818.77494551204,3136.25985319046
4243.39496296485,1973.19817415565
3237.16080363037,3593.01646781459
3975.17299960427,2075.43844267314
4550.33929001323,800.475098324568
4400.0877257877,5482.38785894638
3631.96703913515,4024.93773635427
4860.48484913157,6174.93934486013
7455.6509446387,941.247311678224
3978.73982224107,6149.64921795222
4237.86690231002,5151.34293930906
4169.02961468531,2570.10191635727
4194.85217802987,4597.0059210438
4036.10330928295,5666.0110606795
4659.18063289797,6764.85286689196
4369.38531365603,5708.80528074139
3954.12587856711,4927.82376741082
4516.5155927646,4471.18068942184
3665.9260326093,5687.32296537718
4203.19347876352,4660.37331767824
4858.61048022216,5243.7511889361
4307.58756647563,5826.90198692368
4665.79173095423,5394.58281159193
4067.25767082783,4985.84881079228
3428.38890334531,4315.34795770134
4652.43398511964,6979.96102497389
4267.06073737936,5089.85090571696
4896.63158391179,4379.22700919062
3992.33249970852,5951.9884904205
4444.24623965074,6926.53918386503
4100.92679574776,3656.27011638626
3699.0818563376,2546.00529839795
4896.52251799961,4440.49154665718
7638.11089616667,1362.25690615545
4046.17949598555,4591.89106391635
3214.89563121221,4988.86080875183
3767.70019780093,4674.8087502689
4889.09215331197,5991.88446058561
4147.18846085709,5721.13785416417
5316.17001753574,7054.24020138459
3551.24133946818,4766.36452370804
4188.94720840473,6108.1053808703
2005.29748229672,3533.79770405691
3124.57605693544,3888.65529435188
3998.96017985852,3238.15908894725
4039.44107155936,4842.8603073494
3588.87754399738,1902.78368332004
3781.93973411286,4390.76376902925
8727.73522496655,333.204505002432
4388.27256766777,5135.03214367605
5012.76531403205,6980.98391182832
4555.09490771898,6716.26172418124
4263.8526675692,5829.40233002839
3367.1569043196,1188.52228020271
3788.79757596889,1506.32538191178
5000.65921956845,8942.13371341085
3613.6516996091,1472.62413547375
9464.86374261397,891.917335128562
4323.47591520212,3621.71649947413
1667.12400318588,1824.46941066772
3970.74219507773,4610.75928811308
3447.26183584103,5664.98817382506
3863.97774344972,5783.42570134041
2366.39420052613,5501.25608314311
4040.01880113154,5829.57274069492
3457.65710764233,4911.85379311088
4952.40423557659,5542.17494016265
4225.46300402729,5991.42989118978
4457.77746777871,5003.01208261319
3825.48796367517,6914.83201335987
3608.08200668119,6294.85432862575
4682.83052275134,6043.48760125588
4341.75508169042,4248.68440437804
4054.25910788283,5284.10172849705
4135.0542743557,6021.37988297405
4215.3587896995,6137.60080325874
3645.8913256025,5145.94392345231
4359.42361200052,4134.39550973946
4597.87903939197,5227.09957197003
4292.59749538918,6482.79699675742
4494.8303697814,2042.19187134476
3999.3574968914,6302.24245558762
4536.23109542013,6560.65648858629
3545.37339846396,3258.33435872772
3325.64074873076,2504.06334309633
3784.14906354471,2428.59086916466
3774.5170859377,5482.2741108836
4078.49268820291,5859.18233400138
4347.38144572789,5509.26919016734
3786.285956139,6694.55191269149
4233.8977547848,4778.58334906804
4887.68640119838,7150.68375868088
4711.85492898342,7015.99252099153
4442.77140133673,4479.30754450884
3877.28535636388,2002.40964924242
3993.3602143682,5971.59544274237
4450.02475265332,4285.22713239528
4246.31167041718,6357.76715586436
3739.77354058684,4035.50827194222
3101.33244602601,7335.50025793497
3940.98176451134,2578.45626756981
3798.24471356312,2892.56520008413
3882.30255897133,4246.01322775155
4557.72544925067,3744.41640792902
4078.40661535822,4677.53658949915
4355.33643470994,6784.97147406867
4179.94959518872,6012.68471042845
4371.23727712367,3593.47103721042
4235.36406865999,4783.52779552895
8059.81481664385,2107.54837908431
3925.38547927589,2527.53498099329
3794.88887628809,5095.64782836578
3323.9290334526,3725.49109827328
4557.77676272736,5359.80169855426
3493.56329377589,6550.19927820586
3600.73545196922,5196.69458793467
4165.05786663441,6649.48442279517
4756.49137448847,6703.98623621748
8481.38206829553,4891.33770199734
3369.25789786831,5461.9284304366
4498.02322368345,5660.61204482275
4529.20309552233,2997.53351925949
4518.32418805574,3735.32332859134
4042.54610211834,3943.44084364823
3559.36658138045,5860.94394898096
3996.72073061238,4497.77786191349
4213.55956650088,4331.60166787534
4669.41080793274,5204.82144302167
4453.48767259547,3671.04637030998
8032.41234011883,1628.45676148043
7918.79530260607,1712.90877811464
4032.78064946981,5390.20668258962
6748.85805406774,3915.47996296908
4481.39885613062,5130.99725886205
5460.00217676051,7191.43178217865
4278.00016328326,5795.53077863764
7890.32829991914,3585.06002339412
3716.32280000976,3890.07608799839
3869.84197766419,5784.67566146514
4151.60639159547,5982.73429578893
3756.70339055118,6315.48416780206
4015.11467802477,6302.92452110899
8002.63257031211,3070.22127992952
4322.24127236695,5865.37674058703
4460.77959651711,4751.47452172154
4358.52664811491,4266.92722565716
3559.65585757507,4818.53598183691
4238.93279086137,4019.82287922682
1480.53167181081,3930.31287949656
4819.12453602636,6145.67099574198
4528.36942913326,5845.37230432834
4790.14436912485,5747.0533839897
4226.38381579222,7309.98263490151
3995.67726291576,4669.23932374562
3140.1428940031,2667.17045371592
4473.84544386846,5606.16731685946
3961.20456654648,2957.01235760439
4346.52941978341,7183.98699261302
4123.70414302082,4710.0444327024
4223.51085097756,5662.88531465717
4033.77609751458,4629.62751230981
4722.31685199368,6246.03611264475
4394.50446881745,3811.30703452261
4016.65603229836,4999.82925113186
4296.66248447207,5600.19998354411
3654.43620936254,4305.6298983013
4205.85298454919,6231.82817617963
8345.75358680425,1385.33053154652
3604.49955625968,3405.47170647499
3679.74911143803,2401.87994861023
4435.51021860096,1736.77811137604
3534.78429889485,2856.19288273342
7983.95517643548,6726.77559716543
4081.57560762822,6754.45274197054
3519.71305939814,924.084145571121
4573.91826687836,5900.10119102093
4561.00212206672,6282.52175520298
3510.17889162091,1034.05357381116
4991.92019940958,5052.05779471974
4319.18417724063,5509.26919016734
3620.90134808608,5795.64452670041
4111.82087954113,767.114884647227
4640.72130776176,6216.82442613036
3630.1835180734,6052.18277380149
4595.95892629568,6120.94918629267
3926.26817335945,6428.52267946066
3604.72913402285,5143.44315749235
3726.29547219877,4727.09395646055
3943.37505052616,6597.76753406213
4032.92576057447,5051.8302985942
4265.37326471484,5562.06605121383
3936.33275454047,1599.64308747193
4771.16688062815,3937.98516518773
5147.71231431806,7266.39302411073
4610.62282942668,6353.16395359176
4016.5321228683,6333.78407454018
3069.97277843887,4430.20474694328
4730.50375201069,5831.39144113351
3445.39603280655,3071.81248424257
3931.76389759148,5493.81087072223
3409.77715855841,4882.18753720065
3982.81079279886,3405.69899117291
4893.57094609957,6222.16677938335
3316.57273204433,4259.42535063252
3754.93525181364,1558.21278702516
3605.79975321494,5441.07109513475
3983.04074544097,3997.9993196743
2927.75083559406,640.607428933171
3855.98389677272,4933.27944587133
3997.5489864524,6366.06442161789
2809.79774420882,2436.83147231443
3336.0373983323,4011.01395861845
2785.89593890622,5797.57655234652
3602.63596487663,362.075026613867
4612.96842386934,5246.53611362537
3830.67142616435,5791.55255642741
4078.26514642027,5262.33525440353
4700.07985596803,5352.58398225893
4456.23144521987,5791.32506030187
2923.15137510987,6413.86017359971
4048.47183958465,5233.18065334815
4210.98340960426,5280.23725434958
3986.73903171177,5642.76713033571
4992.78146874273,6791.84794617568
3134.69275255167,3556.92830919318
4212.64371557874,7134.8275324437
3625.0157472995,4232.43027134879
4151.04702915281,4291.08071764786
3026.77277604358,2994.74880599785
4076.79860942483,5441.8669087189
7546.23024616568,3725.43443566952
3756.81128717831,5298.70757175424
4370.53130522908,6200.34321983082
3862.06373584082,914.024947696578
4580.8886831764,363.26850913401
4093.86963798426,4335.92113427389
3878.31456683618,5789.44969725952
3588.11013926384,6574.46651825933
4676.62237997478,7108.62826674412
1966.33924474257,7259.80071073301
3206.42791096934,4138.77163874177
5196.37615600707,5128.78065163139
3341.03268809799,3092.4425348465
4551.03827414771,3790.79094340907
8020.30954243481,1024.56269339522
8525.7833080837,2210.01593229971
4139.39909265473,5657.31588813389
4105.12916892069,4125.70033719385
4247.93258780588,1472.79465185409
4338.35170787954,6416.87217155926
3264.15494930152,4418.32716577159
3728.3381182533,2895.97510483575
4224.63603183566,5329.90836937375
4335.1955978897,5520.35138061013
4216.70581812083,6886.52946563715
3489.84459438699,3083.00842274813
4145.03817742205,2507.64386994212
4071.49262838478,5775.18509819064
3477.76116484588,5861.62601450233
3207.01666868726,4756.47605364147
4040.93752411344,3043.90826616717
8750.67049704313,2571.97727939961
3948.24090446884,6045.87461915307
7801.13650781632,2260.1984907511
3719.04964528736,5572.522838739
4089.39419820295,3468.49807034874
4744.23795491272,6488.19601261417
4293.9204165175,6486.94562963419
3386.94541171289,1203.75310352227
4562.69850198389,4434.24005461252
3688.84414513867,4342.74094377714
4111.85388453995,4041.07812132075
3977.46388249382,5852.02128030981
4783.36346314102,4206.23100564921
3792.67153174146,916.923303307174
3858.05265158917,4652.53062132054
8699.89654634445,4959.76287030021
4252.94815955715,4527.04621103164
3797.25164611319,4266.64306692785
4374.62597156746,6063.26496424428
4077.95223545945,3170.30202667536
4688.19730309963,4166.73294227617
4314.33077411821,5337.18274827284
4116.91110851939,1161.4703268876
4082.93259805315,5318.99658959748
2727.75157891935,2003.14837736755
3947.14867298151,5839.80245494981
4437.24847652495,4838.08627155502
2652.16208871923,4944.81620570996
3933.07050009692,1383.22777809244
3868.36214319572,5853.10125262326
8455.00145286125,2120.90383936153
4418.03542318809,6373.9642034346
4703.92022475401,7391.53619021131
4640.4933996859,3132.22475694884
7875.11724186658,1590.60688216564
4505.69532567452,5160.03811185466
4164.31653613217,6426.87438968861
4706.78020357453,3696.79106661373
4663.10489080508,6579.86553411608
4134.0703232671,6116.74389081215
4378.17728475186,5316.95039303336
4951.82067211275,5839.40497101299
4370.02912234343,5403.16423607476
3777.48712816971,4763.97750581085
4446.68354337445,4009.1385955761
3209.72720275463,4877.30017619875
3638.84600812038,4892.58808497732
3589.45893348877,6120.32420623031
4616.00582091382,6631.46867478635
4105.08986211299,4138.20332128316
4191.9347002222,5237.15887555839
4301.64405658733,5829.91398488323
4738.08660576236,7287.07994874604
4210.4918260373,4800.2931605578
3696.27055064095,4861.78519414989
4298.0824070626,6029.05216866522
4030.18381158001,5983.58677197683
3255.35258678339,114.629620994393
3658.01568995044,4779.89039465178
3741.90638149967,2893.41767627203
4819.64117951883,6510.18998283323
3526.55588763481,6643.28959335428
3259.81656530914,5542.85658282878
3613.74604345004,3510.49668825412
4351.54304380661,6897.21417214312
3798.75718462523,5112.98151085323
3820.98474273699,5682.77642570834
4687.81496817727,5577.35353713714
4247.30728972022,5288.25036137381
4963.85866939676,4220.21144598879
3950.25016116068,2823.00318543642
4777.57910202368,5339.79683944032
3496.41419180189,6425.62442956388
3612.01839277047,5187.99941538907
4891.07436776525,6082.13318844101
4494.62787448069,4474.36309804792
3638.95951992344,3196.21734507327
3870.56072829641,5396.11735330121
3950.22940828692,5752.16824111714
5028.44138689526,6253.87880900244
3703.9143895828,5443.68518630223
3793.14478218227,1812.19371127633
3834.56624923733,5674.93372935065
1595.61549028161,1682.61743642824
2210.94030585043,3857.3407486696
3326.67075739154,1736.94852204257
4308.37862810001,2029.63201322406
4329.80331548059,6584.98039124352
4131.11495089267,2203.1394601927
4139.16459487833,4794.43957530522
4060.44802131639,5889.98522482882
3362.81722351596,588.492686264963
3320.82487939621,5179.92922290583
2136.03364469657,1304.85684283636
4434.04919811427,4807.22671812383
4838.00815068382,7270.0304249879
3726.77625771659,4637.07230187544
3836.20839711363,963.525334912771
2849.60117362874,3228.72497684889
2441.9233529303,4682.42395050105
4252.00264738997,7173.01812737775
4658.29471807004,6977.858165806
8377.00303753168,2553.50696199495
2914.62677014703,71.9489838174373
3797.57740048835,1509.73528666341
3787.88238705009,1282.63558791939
4450.70740397783,2488.20732828678
4504.27277589247,6191.13639243037
3089.42824416613,1986.89466719356
3059.21108861741,5273.30369678356
3067.5603417766,4533.35436568005
3812.00479864031,5292.17192098029
3937.1277474051,6323.09979088946
3768.62510331538,4933.79110072618
4438.97050335376,2907.56873870577
4267.5488513745,6078.43912496008
2943.17670773329,2198.36542439831
4442.26199954097,4829.84566840525
3536.33058811142,3972.08421270402
4441.85055494046,5771.77519343901
4950.70844173021,3450.42565973616
3866.95769505534,4398.54980278319
4446.29829816975,6305.99360452756
4366.76403154178,4141.49947797202
3169.54484674286,2527.7622656912
3668.98327282834,4781.42493636107
4713.71373223734,5732.73169946181
4820.32850371233,6517.06645494024
3732.03703601628,612.58935708119
4435.74917592834,4664.74944668054
3732.7174685187,5875.94769903023
3249.50116550673,1572.42072349028
4221.88955171832,6553.21127616541
4184.97773915326,6591.91394880955
3839.89645620179,4598.88170694139
4218.69643042456,6916.30946961014
3717.90096109673,5654.70179696641
3212.1653001128,1508.71229409516
2576.07985069463,964.661969829981
8482.46277849837,6214.15324950387
3698.04796254361,5152.02500483043
4385.33455705671,7305.43609523268
8209.79793970441,7529.46734484101
3228.51135948559,3476.62513686337
7729.30944784048,2396.25364805557
2728.64106968714,854.919932001674
4195.96997572634,6088.44134308942
3904.39590713971,3196.84232513563
4080.19523743103,4126.55281338176
4284.4585228085,6780.76575573289
3705.61473923307,2789.3020447122
4547.81889725037,5367.3035735789
3490.59827876983,6425.2265227718
3710.11633775783,5145.94392345231
4383.6156772229,5959.60411350791
3801.85962312995,6601.23410141752
3602.46804812072,4181.05462680407
4040.74695872164,5051.71697338668
3335.68250388135,4447.25427070142
3040.08851654511,4077.56376387897
4641.53550882126,5749.55372709441
7894.56666056085,2174.32568047038
4051.71438344131,6753.4298551161
2425.52018990295,2494.97026375865
3828.62461117004,5032.3370943351
3903.71154047364,6080.7123947945
4060.99415491422,4906.0002078583
4392.42518200029,4277.61150930788
4507.78748683965,6100.66016844943
3629.26727915073,6155.04823380896
2986.53158569473,2488.03691762025
3930.29139075591,4983.5188783541
4633.47101479906,4908.33014029648
2638.664119289,5961.42239109124
3859.4357639722,4474.19268738139
2551.50042847793,3260.38034386423
3839.54926470962,4710.61275016101
8376.83330506079,4620.53443297214
4284.66435415016,3393.59391387568
3147.70848824606,1757.57846693269
3834.68623663464,2365.50763125952
3755.60297730697,6226.42916032288
3763.89660640777,6823.6170612538
4266.52257842282,4021.47116899888
2976.33507809669,492.56073096661
3434.74940704366,5595.71010647903
3994.666712396,4771.93395023132
4498.57274644059,5650.49607863064
4115.41288906947,5041.60058433931
3836.49248913519,4121.60836692085
4808.06724765164,5655.61093575808
3936.37845240553,5880.60798676184
8068.06323322393,1056.84314618674
2427.01483067828,5333.82950612497
3630.03158348658,7019.45908834692
3870.74342456836,5590.14067995575
3774.88303389061,5780.07245919254
3796.70192287085,1848.05458519982
8485.66431286486,4271.30335465947
4060.70116088543,4323.19065405904
3877.61763133798,3274.19037353727
4647.02814086734,4178.49719824034
5272.20308759323,6676.42283947514
3582.91419701999,6770.13813468593
7767.23188350657,1671.25108725614
3100.47087404472,3821.87799296581
3875.81188236612,5403.67589092961
4581.60907170196,5767.17156831116
3419.89844684839,4235.04478537153
3635.84761498026,5663.39696951202
3837.71360031894,3672.35341589372
3502.64224776558,2672.34218487475
3772.4705675665,4205.03770812824
4090.3394184927,5503.75642624782
3423.74238633533,2017.52693592683
4841.51977243116,5407.31286895153
4127.24789228913,6722.68362689243
4259.8252713005,6377.88576304107
4478.51337524096,5485.797763698
4218.77402665313,1819.92287099888
4217.92319271688,3889.67818120632
4596.12429687859,5957.55791694378
4212.45182436186,6749.16747417656
3772.68393540886,5108.32122312162
2437.2478514236,5492.78798386779
4533.52019183218,6152.94537464107
4201.46926729717,5491.36719022128
3700.00522087087,3991.69116502588
3109.5800093323,1246.94523037624
4725.47029581708,6176.81470790248
3685.34580556768,4060.059670725
3284.23638285258,5856.28366124935
4080.64228186744,5454.42655541197
3635.40240682527,4207.08348183712
3790.24087319467,4006.46741894961
4601.11897225349,5530.24027353195
3937.30898592467,5610.14553906969
4908.601526273,6617.26073832123
4456.89442131137,5581.16134868085
3729.39878325336,6399.87931040488
4374.29147176771,5527.17119011339
4187.33892570231,4365.13239793302
3022.0448493882,6268.42756680063
4676.35498061665,4243.5695472506
4672.71830408466,4509.03046302282
7795.46636076147,3960.94535965746
2423.29652090917,4688.78919060848
1873.79349387234,2784.86904167851
4539.99294396936,5429.47724983711
4384.98563651176,4509.25795914836
3581.85236034216,6699.55302175616
4445.15513132863,6582.4229626798
8254.81436185794,4805.86258708107
4327.60566629409,586.333111636409
7996.70751541734,3869.44624882208
3956.88028263132,6745.35966263286
4392.87186746929,4080.1211924427
4205.48477912616,5145.8868379933
3820.46154982704,8461.16715561988
2938.6054313081,555.643968871748
3844.23200063885,2701.8946927222
4540.84931184679,5627.8200428902
3912.43846574807,3286.18191419936
4582.20883504502,7347.94657942052
4483.32519458692,4992.49820962901
3580.89498426984,6226.71331905218
3758.9847823458,5696.81395150693
4258.58652068621,6483.70613554909
2439.91330971379,4103.59304176728
4792.9302006089,6293.20646170895
5004.58926262017,6142.37483905313
3906.26445345086,4984.71217587507
4183.47591992731,5480.45541044502
4193.27107593801,2530.66072701561
3220.60789349191,5607.4743624432
4622.92161453867,4752.27033530569
4038.09793322803,4436.22916571764
3669.97015392576,996.82878027254
5182.74850734881,6783.89150175522
3997.79946237576,6553.9504271458
5269.14055348977,6091.16960517493
4371.61007111883,6816.39934495846
3952.275761877,5449.93667834689
4233.22143970189,4529.37614346982
3750.16158344559,3610.23640223927
4208.25309763405,5655.89509448738
3787.70467135667,2368.00818579186
3771.77177473781,1387.20600030268
2009.84254367802,1647.89319742196
3648.88555295989,5405.32375784641
3866.94560812196,5217.26776450722
3949.74074838182,4308.98271759392
4239.64100387517,4991.47532277457
3359.08801468447,508.757778536848
4090.54964247026,5623.50099934691
4466.82688775344,6015.4125496587
4055.30715480813,2158.92423505666
4069.38217682154,4228.90704138964
4813.28386329212,5346.73039700635
3255.93137965223,3221.05269115772
7640.82973585177,2633.1851542624
3501.72159200396,5055.01313007554
3580.471665436,5109.34410997606
5074.57543983722,2794.98521929825
3923.2209648739,4246.29738648085
3287.78302890261,2866.76362974899
4339.86882343913,3854.95415362766
4072.5166297294,2644.38109276797
4403.55097532833,6114.98185297732
4497.74217866268,4844.67858493274
4599.93969139119,6824.52620004546
3504.96097182711,882.199170014707
7817.91557700889,3648.25700936203
4291.87957439018,3972.88002628816
5231.73351083281,7610.56590789971
4364.98095230521,5391.68413883989
4399.49405675079,3153.47978761513
3056.74173184151,4120.01716260781
4980.32715950457,3076.81380473486
3392.18914136331,5406.85829955569
3351.61608981156,4634.23071458241
4685.55789216475,5013.35554493085
3793.11301627866,5012.21891001364
3569.71074888468,4044.14678188406
1014.66451740227,1450.85755566642
3923.072157119,2234.73774174902
4718.43323380888,5884.64287157583
3683.19546848286,6119.52839264616
4182.46587946208,6693.13111904497
3813.56369096826,3968.73097055615
3786.63237718241,6133.39550777822
3228.9142277346,1041.04389969476
3443.9023797571,4696.06356950757
3606.19341765127,2167.10796417505
3306.79960477904,5183.11163153192
4524.73436612772,4428.10231063064
3930.7196127934,5516.20274773336
3873.30484977126,3431.6711836022
4157.29173171101,6894.77006878692
4191.94535953595,4743.23391857177
7544.46597571529,1914.4908538252
7489.9729524741,3322.32694685215
4680.29578971077,6428.86350079372
4344.6885729116,4571.14747667728
5122.34798072876,3656.15636832349
4285.34610268562,7593.23222541227
8562.30847490931,2814.81945631803
4381.48197940878,6049.73909330054
4492.81402201121,5433.91046429843
3744.5357697685,5352.18607546686
3766.50751342632,2511.4514700582
4267.15640797807,6510.36039349976
2518.99032044591,1529.45588133423
4421.3514668737,5570.13582084181
3987.37392762106,4436.11541765487
4283.12330229234,4556.25789754603
4519.16181789665,5374.18004568591
2644.56074693927,2521.73805834447
3896.14584836499,3101.59248821556
3968.32895030463,5317.06414109613
3880.99488064936,5133.44093936301
4373.32609401207,5820.87756814932
4462.66969078687,5139.57868334489
4143.30302315346,4635.99275241724
4017.78459972416,3392.40040492708
4747.83502627835,5332.46579793747
4800.14036598688,5369.91766474638
4634.93756482592,2591.24341038842
2857.63381554715,590.083996291819
2937.14508329076,2718.14861432383
3962.751496614,4744.82554574007
4671.51274334784,9076.19997103783
4163.75769039225,4570.57915921867
4548.31638258098,5578.03560265852
3611.7730000756,3717.53465385281
7407.57253813907,5523.4204640287
3071.85222321405,800.929773434215
3149.50117785917,6061.90125605678
4519.24326756483,6234.04436055504
3572.64867511949,5464.25836287478
3930.52173557163,4981.70017791551
4612.8621558636,5350.65195661283
4695.4378823788,6743.4272141315
3924.73291285365,558.428734990292
4352.43630184701,6331.79496343507
4158.07557360955,5250.45725037659
4257.94180891988,2908.87599571713
4538.94959807234,5296.09348058676
3765.4281646747,4653.26934944568
4585.3484614188,6932.27902105484
4261.35559910646,4306.82319582227
4286.10433926859,5410.43861497385
4136.92232040084,5735.00496929623
3690.47620523235,7115.73223497668
3552.64974284354,2829.31155151246
4957.66496449654,5840.14369913812
3327.59603913273,4572.85242905309
3957.24120307195,5881.00547069866
4392.09025937376,4717.94379166386
3668.83601313303,5149.694649537
4285.79273968834,3911.72881402913
4132.88961327611,5695.22274719389
3368.48602615305,3152.91147015653
9067.24411576483,6226.14500159358
4060.35235165935,5161.23140937563
4150.71513655673,5478.1821406106
2798.06300375461,1651.30310217358
2788.26432746666,4513.74741335819
3398.99154108242,3573.46617809648
3605.55803426007,4449.24338180654
4228.37728180327,3996.06729402819
4726.11842914328,4776.992144755
3181.71832145051,2108.62813997014
3877.62618624324,6821.79836081521
4385.37241583996,7096.01111173679
3817.70311412993,4795.34871409689
5383.21412673371,4395.53738196838
4809.97049620042,6271.21249148989
3909.46247042573,5699.71220140371
3812.02304267406,4882.1308745969
3688.68685457623,6348.33325519362
3619.01511863205,2320.72430009251
4327.79213491973,3937.53059579189
3909.83414091732,3492.70843637084
2552.04509319144,2461.21224900305
5129.23552411782,3790.84760601283
4218.01288682081,5232.61233588955
4120.75809176807,241.932731721876
5179.6741949696,4680.15068066663
3997.63018925501,6395.50360425782
3918.90091961348,4217.313196092
4032.66644106842,6310.31264807086
4147.63793481552,5582.35464620182
4495.67776009648,5258.30036958954
4070.90532243301,6493.59502847092
4535.6433506055,4537.6738320786
4948.63546518018,4449.30046726555
6154.45996363633,5519.66931508875
1671.77901118818,693.006277473774
3722.67101279847,4244.87659283434
4379.00259226264,5853.0445900195
3193.49733129528,5105.42297322484
4047.98754635176,6591.91394880955
5270.45444629652,6229.55490634521
4431.48268248134,4630.65039916425
4201.15656174285,4166.56253160964
4886.99339033599,5482.95617640498
4223.57791796008,5703.97458234325
4387.13147604881,4155.42325570784
3521.61858570504,4809.15874376993
4659.02167635048,5247.61566308357
3919.97627434875,5724.43401085303
3619.26660308539,3716.56885245738
3114.89537602797,4536.53719716139
3954.54592963473,3645.47208467277
4372.87068215484,6507.97337560257
2340.85061578222,4472.54439760934
3595.93817196506,1044.05600336813
1170.94747685799,2589.59512061636
4565.65201660865,5244.88782385331
4716.22775377517,6948.64690214686
4197.21051569112,1346.40078563209
3840.47258228502,5960.05868290374
3793.01872080808,3977.53989116452
3926.40214214129,4356.89179478325
4013.83600124457,5819.68427062835
3960.43527700065,5636.45855283205
3995.93773254663,5806.89712780974
2616.78842583804,1000.35232737313
3665.36116783239,5412.03024214215
1468.26621887618,5680.44649327016
4276.32620845536,5592.52769785294
3760.0213462444,1838.73422116422
2083.76737653692,1253.42411283262
4287.6198589601,5012.95763813878
4400.0772633173,3368.07650226984
3476.13158434586,5394.4124009254
4694.50133453673,5228.0087107617
2200.11750754332,1671.19421322475
5134.57158300577,4561.71357600654
3821.14021550701,3588.29951747922
4317.24751554761,5056.60433438858
3490.89473684415,6003.13706169494
4004.49711660807,795.246598848166
3979.24173047508,5124.12036389978
3814.67721706002,5573.43240038592
4240.19966405622,5799.16775665956
4531.77823035917,5829.7435742167
3012.10621354026,5915.9003317991
3873.57005612285,3004.80789815858
8631.7616607568,2896.31613759644
3650.72547831524,5628.55919387059
3344.22613506295,4382.40941781671
4366.87021646008,6239.95503126663
3738.08852656274,5917.77569484144
3655.28296811305,4918.44652934385
5232.0057573492,6619.64775621842
4142.79761457279,5311.60846263562
3409.03393633609,6721.20617064215
4147.96133366747,4799.66818049543
2552.36216370671,1692.39247557348
3854.10551349801,5031.25754487691
3232.23673737483,2138.06711118244
3814.93400165483,4384.68268765113
3910.54952612794,1588.56089702914
4262.36883144708,5439.76404955101
3246.97428140905,5169.81325671371
4095.04637435398,4306.08446769713
4163.41118709635,5428.68185910822
4483.71861835163,5986.03087533303
3032.72694740541,6970.0154694483
8391.42361848052,6569.57915725743
4206.41006711239,5788.14265167578
4474.71233550707,5314.05214313657
4656.84582826411,6890.96268009847
4074.03644369626,5635.20816985207
3359.77470539366,3530.55842139944
2909.8577706845,3397.85629481521
5753.75089936038,6858.73899562453
4080.78619379877,6208.41341231406
3825.49284125608,6067.52734518382
3990.02323742864,4952.71598752667
3810.88935792341,590.652313750424
3922.87296639796,3098.40986816185
3511.40852170239,4983.57554095786
3507.26667745803,7008.26314984136
4333.84675525801,2963.37759771181
4182.96231993663,5142.30652257514
4220.82060581532,3735.03916986204
3365.69726641109,2064.24250416757
4044.38548269775,6448.35712790807
4137.96511149423,3810.05707439788
4004.68431801853,5339.62642877379
3754.28971445764,312.119937859574
4583.50877144714,6051.67154180189
4087.88904738597,4193.21636670506
7977.60148863204,2790.21118350387
4419.61575870937,5966.25308948939
4081.37025150234,5380.82944452264
4333.98161194851,5513.47490850311
4548.62605190954,7025.19892553673
3538.31934431381,5152.08166743419
3287.24580217457,6348.78782458945
2673.8298823431,1087.75957364931
4820.38544240641,5706.53201090697
3348.04644622148,4071.14186116779
3951.60332354858,1317.07566819637
4559.9933240936,4198.50205735429
7858.53169685788,3803.69183429045
3454.1567131949,4803.36224397636
4341.95108095866,6069.74395241448
3476.26030819864,5805.47633416323
4367.02964955409,5990.4636669391
4052.82667670516,3777.60589379839
3561.94363106043,4881.44880907552
3111.56494227361,3769.81986004445
3880.75609558532,4250.33227129484
4205.77347185171,3183.31645419189
3612.13112657271,4443.6172926795
4328.50180270225,6739.3352438585
4102.07625504537,5096.84112588675
7647.17131834484,949.260630130078
4110.1380775083,5096.67071522022
4118.23584377861,5864.52426439912
4277.26101886763,4940.72423543695
4355.91272395018,6359.24461211463
3853.57783713341,5645.04040017013
3109.37099435777,7622.9555667815
4077.59456182402,5895.44090328932
4291.11457530673,5122.75665571228
4323.29175226137,6713.93179174306
3897.70125664731,5093.31747307235
3475.07873844942,3172.68883314493
4290.71769961169,3471.85110106899
3836.69755334149,885.609074766336
4375.20204180445,4298.12802327666
8702.76080406282,5301.15125225519
3776.36442384143,4903.55652735735
4114.30890729432,5242.84205014444
3908.57678535202,1415.33771450362
2080.75236895748,2726.9575349322
3802.67549343668,5201.58194893657
3970.54277370537,2849.31619919877
3772.69720618891,6540.76537753512
3789.58491753914,2715.0228683015
8451.233382407,6196.87665247543
4066.1677968123,5124.7457668174
4277.28075086331,4297.04805096321
2387.39753718049,3900.64662358634
3455.4947716493,902.601724493095
3726.46639718043,5467.78201568918
3742.68350776282,110.480908832268
4166.26372604913,7313.10838092384
2592.07668464863,1730.1855865707
3869.37916039142,2234.8514898118
4288.16706579513,5600.31373160688
3868.76967339927,3235.88581911283
3964.17269867856,5276.31569474311
4026.49144740616,6300.2533444825
4215.05258424466,4381.04528677396
4020.75884355181,5718.52376299669
3892.51405929434,3771.86605660858
2126.78549736627,713.238368428725
8583.97464617921,873.219733025987
4227.68296515618,4633.77614518658
4342.74769040107,5112.12903466532
3863.07035993975,4783.18697419589
3631.51734622317,5669.64846155667
3696.88040453186,3465.71335708711
5121.5560804179,4668.27309949494
2753.68311328106,1523.37490566992
3677.64523016567,5464.20170027102
3713.411867192,5167.99455627513
4128.80501904434,4166.56253160964
4264.69618009667,2936.43939245947
3126.62944543308,771.945583045368
4491.42014245779,6903.5789893953
4391.56751390227,6709.32816661521
1114.53444013978,3066.07264705276
4141.33060693708,4003.45542099005
4777.31843031907,3869.67332209237
3362.68515616364,6590.72022843333
3886.23073306292,4513.74741335819
3644.73897330893,4825.01497000711
3975.64548076091,6391.63870725511
4113.65320555852,6524.51124450587
4169.96022721413,4458.7914533953
3889.36227884257,4166.84669033895
3741.60945313299,3417.80427989777
3393.95129777288,5626.39924924369
2509.81063031952,956.02356560195
4172.89240680643,5918.74191909212
4808.87813102995,6261.26693596431
4598.76562777475,3094.37477192023
3691.78375705792,4234.70354118321
3805.69992450113,234.658273537425
3947.98629409442,3292.26278414986
4514.94784512244,5297.1163674412
4560.53366277768,3539.19671991366
3520.21309823799,1036.66787640626
3591.03607851042,5566.61259088266
5020.97305057463,7233.25977798986
3921.15681442948,4869.22998371551
3923.92626019624,8009.41143863279
3471.42556324542,750.747320696645
4695.0862198754,4235.95392416319
3867.48653837021,7088.56632217117
4641.67081328062,5429.3639246296
4300.43382934119,1540.65171412599
8783.85319632954,5416.57678181099
3959.38071816616,5804.51010991255
4172.81147658413,4748.12170242892
2010.3111239755,5129.97394915236
4066.58587890382,5982.10931572656
3346.39781278078,5276.71360153518
3925.06917737916,4940.44007670765
8049.60177824868,421.350532260662
3981.95450048284,4578.08103424331
3794.89482683787,4592.00481197912
3252.5383409103,899.305462090424
4896.88148990882,7080.26905641764
2710.42085111336,1976.26704614659
4479.3163933032,1520.2491596476
4303.56091720527,5012.38932068017
4351.39685280044,6759.79467236827
6891.91885759611,314.450028868473
3176.54901672517,1578.33118277425
4737.41692951587,4018.34542297655
3856.48293295433,5937.09848843401
3976.37902542516,4105.12716062131
4695.93110017799,3825.68580450951
4058.43296469203,5691.41493565019
4263.25448655966,4254.42424156785
3736.17841466387,3298.00283276729
7808.45409946512,36.0313250585906
5025.9206428302,4284.82922560321
4237.18057892467,6449.49376282528
3595.34048375391,5097.9210982002
5046.51273938034,5007.84278101134
4658.62211655422,3686.22053102578
4309.66136976475,7203.59394493489
4379.38237535672,4285.39754306181
5563.44538087206,7649.60982473217
3953.62934707283,4296.25266023432
3485.31140546795,1688.13009463394
3613.39227663347,3815.00109800354
2946.41358618998,2280.08960180227
4727.0341652752,5296.60471258635
3762.60740295623,3626.37678720574
4638.39116053308,5296.20680579428
4211.27322472659,5923.97052428234
3307.8213455392,4646.56328800519
3415.27700195778,4447.02719743113
8572.88403537333,2010.13880896497
3896.16628504868,995.635271323945
3726.84316886149,2265.02918914924
4650.45008961156,6279.50975724342
3928.38998252301,3436.21772327104
4500.38213958409,4983.00722349925
4138.88014179048,3927.98294705838
3366.15180678522,655.610967554813
3548.844196677,5017.56084041138
5036.32463072489,6043.99925611073
3666.09182207562,5026.25601295698
3870.64576756973,2378.35164810952
4578.76213999981,1852.71487293143
3826.44367320452,6012.74179588746
4125.93585288749,4698.16642867546
4003.19934349824,3830.45941744864
3257.01789008237,4234.53313051668
4192.4073938045,6939.44007474641
3723.11582824037,5195.33045689192
4835.34403654413,5600.48414227341
3523.54880737294,4982.09808470759
3152.72346844081,7032.075820499
4863.2544986661,5188.62439545143
4814.83696489099,3548.46020991787
3716.85126586112,4869.17332111176
2440.5092596687,2617.84058288007
3728.21573047322,2764.18232847082
3474.19284777129,1580.37716791075
4750.08930001416,6863.22844983435
4589.5809719123,5642.82379293947
3214.05018528287,3237.64764552003
2318.05613783359,2984.57575434672
7645.642643527,49.9551027944092
3513.42636294947,4828.42487475874
4274.24806645358,6561.7931235035
4306.76680161191,3883.48335176542
3335.84881000818,5668.73889990975
1384.11721375774,178.622169476142
4023.02957712977,5467.72535308542
8321.75476967875,8718.72828957539
7835.165319729,1502.51767608189
4057.11514570521,5787.74474488371
3457.01270931337,4473.68103252655
3698.80553183867,1704.21349985522
4385.77401898626,5816.89934593908
3471.48039403337,2525.09108906471
3052.09234095076,265.404237476566
3690.27558962719,228.918251348444
2720.39732296389,5803.08931626604
3754.61481958521,6374.36211022667
4185.43842164755,5529.67195607335
4102.32745938533,3892.69017916587
4152.59766614358,4432.08053284087
4207.46640491855,6095.09074192615
8114.24644280097,271.996735853454
3950.50238293864,5089.5100843839
4421.25105290631,6035.81531556472
4487.14375996353,5428.79560717099
3798.77913480918,5023.69858439326
2942.97352502262,4390.76376902925
5447.58759065379,4306.93694388504
3271.18637882721,91.8400948686066
4342.2584953989,7071.40347320551
4055.77218111879,4761.8179840392
3331.24879561637,4446.74303870183
3658.42990172759,5456.07484518402
3839.79110992882,1027.68843941755
4011.77609760753,3061.69651805045
3760.31112784926,5298.30966496217
4661.1020009899,3794.25751076446
4000.64175284787,4926.97129122292
4689.33119470089,4433.89881042421
3918.005980584,6187.15817022014
4142.48910440957,4284.31799360362
4497.83839596486,2013.88974647728
7667.51939549056,1791.27971337072
4316.30081031566,6595.38051616494
4386.3488353544,4761.59091076891
4016.30434566465,3537.15094620478
3996.98246490193,4614.62376226055
3644.61489752314,3249.75272281727
3934.7083068091,5351.16318861242
4200.2776717454,5348.889918778
4377.91751967129,3683.49269179553
3967.6825302252,5653.05350719436
4132.42126634452,1777.98112712489
3902.87808555374,1108.21900215909
4162.03818231042,6309.34642382018
3882.97350876948,5594.11890216599
3915.84316939684,4391.04792775855
4986.65068305465,6164.70963060525
3877.12132093337,1907.89854044748
4310.96473145607,5730.91299902322
3834.79653570963,873.162911851508
3419.07665832554,1089.18036729583
4046.52372982854,5047.2270963216
4070.5318895295,5516.48690646267
4287.12424488593,5171.74528235982
3647.20151539844,5360.48376407564
4819.09843318599,4140.13576978452
3907.86661291862,6218.30188238063
4541.61243829039,4712.88601999542
4617.95215885597,5828.54985384048
3496.49417617724,5682.03769758321
4171.74830654934,5062.23084637087
4242.78874173415,6581.17257969982
3406.45582406358,5691.24452498365
4638.35480191022,5421.35039475011
4003.31063192635,4930.83576537038
4515.69749715001,1872.15120315914
4627.28170599496,3972.08421270402
3914.60149985088,2194.89885704293
4775.28219024433,7146.36471513758
4441.83629655981,5624.92179299342
4882.06361395353,5514.55445796131
3642.61228526331,3843.53071899655
2918.09062721008,4398.94728672001
1815.87010699395,1143.51155862397
3985.03783166338,6111.17404143362
4324.88945189376,4038.52069275702
3679.99453815147,4801.25938480848
3533.46248878663,6789.80217246681
4627.70728161408,4620.93233976421
3120.87806810795,6358.50588398949
4535.62629052978,4252.15097173343
4779.41148935218,6617.14699025846
3987.71829064428,6471.2602369188
8379.02191628072,3195.53527955189
3433.41486076919,4911.96754117365
4448.02980365043,5694.42693360974
4626.64557866289,4409.23408643391
4415.14459815541,5280.80557180819
4196.47330485619,6769.74022789386
4217.30258513622,5543.7661444757
3968.7568592767,5743.07516177947
1506.81487171489,1162.49331945585
4097.69930413396,2760.60201305266
4775.17171733128,7085.09975481578
4546.66017355804,4843.42862480801
2329.18168680227,432.375901528977
3577.8565136962,4879.34594990763
4207.36158419447,6830.55019596457
4668.44732899624,6995.58975508552
3307.52772772261,2881.0284402455
3563.51036222981,5451.81246424449
3812.01690594797,5769.0469313535
3495.72077170314,5883.79039538792
3915.14058625864,3045.95403987605
4040.36380862185,5377.47620237477
4674.6804950495,4911.79713050712
4978.73227443158,7289.52320639174
4282.74460191466,6537.58254605378
3901.23807016677,5556.95119408638
4079.24582273157,5212.49372871284
4121.32745773164,3716.3980189356
4235.27633285779,4400.7659871586
4326.30473516655,4028.74554789797
4031.90883145759,6019.90242672378
4412.61218375002,3123.35896230908
5039.37341152139,5207.947189044
4216.85398011355,7098.34188988548
4244.70035585905,4734.14083923409
3870.83726739488,2316.57545578812
4083.17624299538,378.897239245643
3807.24953012416,2753.66845548663
2733.85531277121,2223.37139257693
4854.8213773725,4866.67255515179
3889.11458709232,5306.32319484165
3651.59306408915,3292.83110160846
4483.10419032619,3949.06735563052
3936.50551734538,2960.93391721086
3775.7768158724,4979.54065614386
4026.99575210061,3919.116940991
3038.87066700898,1492.11744544666
3398.72407338338,1886.18872895773
4430.13433693333,5405.21043263889
4424.64147127826,4069.60731945851
4073.32856275519,1233.02145264042
4107.12148099171,6191.53429922244
3184.55283663242,3531.18361288943
4165.01414107014,6222.05303132057
3314.27860419495,6691.82407346123
4034.75189894304,6512.91782206348
3644.23397814605,4805.57842835177
4648.77110322637,4841.38242824388
4451.55537586435,3079.93955075719
4385.886918449,6967.06013409251
3514.90395539501,1304.7432004874
3569.42543503584,5545.64150751804
4364.78719256777,1536.95765064505
3890.21353282668,5974.4370300354
1660.37001438088,466.190790315965
3880.61215901159,8268.05254490175
4620.93704058179,6138.90827169774
3802.89382523559,4964.36649542807
3933.61521094783,3272.03085176563
7297.94059783113,2376.53294767093
4650.49661214777,5029.95007643791
4253.17116647011,666.295356919347
4168.33118424159,6347.25328288017
3924.27044336202,4498.23243130933
4224.26118544701,2323.96358274998
7221.9211121174,2024.23299736732
3265.44756033396,1094.29522442327
3949.36677987781,4850.64591824809
4271.52479312057,4531.08109584564
4274.6936399203,5975.17575816053
2872.6274174815,5881.34671488697
7216.71273966754,3607.84938434208
7897.72857101454,7594.99384039184
3606.84805209628,3155.86680551232
3979.71629652255,5022.44862426853
4312.21426268629,4359.96087820182
2678.32316945665,1936.14379128357
3532.88397340448,5320.47404584776
3944.62581527992,2502.35839072052
4220.90460224154,6343.615882003
4894.2814789374,5444.36725182361
4350.25214458473,6409.08613780533
3841.43765708443,6689.55080362681
3313.30832918802,936.302970931125
3418.39051302715,4894.9180174155
5091.65267099593,6940.23546547531
3691.94643547909,5272.22414732536
3813.76919810832,5353.66395457238
4361.70792842022,2527.64851762843
1848.22968452175,1310.99469253206
7415.99714007257,7163.81172283255
2717.66655653447,4325.9755787483
3779.27972183664,5553.14338254268
4608.40220318679,5228.52036561654
4172.30437342612,7764.35244305608
4040.63522554281,5019.94785830857
4825.97438189866,6817.76305314596
3559.68378834409,4745.39386319867
3886.4073764427,1479.04614389875
8367.23557757758,1364.01862684884
8670.95110639054,1239.55710341438
3780.7975647688,4845.53106112064
4317.36242157252,5746.88255046792
4165.6252128042,3359.55174039077
3908.79172970282,5524.15919215383
4276.05125033206,5257.90246279746
4058.62840487948,5385.20557352495
4854.28813599348,6909.26216398134
4807.27852933303,5382.53439689846
4547.63014873022,6637.4360081017
4515.99808787543,2759.8630734999
3607.52298618053,4407.69954472463
4287.28008483943,6357.9946519899
4711.90786735661,5524.72750961244
4695.48259528866,6927.78956684501
2150.37864215271,1669.71665126067
4251.72194738813,5102.18347913974
4462.79371590844,4807.0563074573
4048.02363639773,3622.73938632857
3712.42386167133,375.373665716602
7860.45393034348,2236.55644218761
3990.86175831867,6264.56309265317
4322.64021826446,6607.54267892119
4208.15628819981,4528.86491147023
4045.98386880777,5873.50401852928
4005.95003576926,4908.10306702619
4839.29124198542,5438.3432559045
4184.42935984239,4797.62198393131
2569.29211813984,1760.30641187676
4511.46343600287,5298.25300235841
4352.21899861596,4884.97246188992
4309.91083119287,875.833982764188
3959.29327582115,5498.18699972454
3929.14487936163,5846.90642318237
4121.94640529021,4883.60833084717
3802.92010148236,4032.78043271196
4142.40166170452,2789.52932941012
4049.85268108627,4535.40056224418
4578.87394725887,5363.7799207645
4506.77973764177,5355.19849628166
4411.45320106956,6438.75239371555
3627.62869833084,6064.06077782843
4669.7075935694,6195.00086657783
4724.88338835587,4361.43833445209
4426.17615561987,3189.34066153862
4020.243173083,8222.87130694267
3010.0024944193,969.492668228122
2074.11576970363,2199.78621804483
4098.33604487169,5112.18569726908
3654.78539687388,6358.10797719742
3966.74655053358,2941.6111236183
4572.74400417106,5809.79537770652
4396.7425556456,3787.89269351229
3990.8939049537,4427.13608637996
3538.32337571415,4570.69290728144
8412.44000833477,2867.84339063482
3857.32880927051,1200.91151622925
8858.64976601683,8676.50196411685
3818.27351964357,5217.21067904821
3179.11444612569,4839.27956907599
4051.20110014152,3952.30684971562
4301.13898803894,5931.75655803627
4011.52824309446,1188.57904852029
4326.37708400032,2921.66313853574
4304.77648900956,3300.56026133101
4798.93198793649,6690.00537302265
2195.43662948411,5678.28697149851
4255.53990840167,6347.4236935467
4207.07210803133,5406.51747822263
3462.43795511134,7115.95973110223
2500.93095002497,2024.74444079454
4460.36913956103,4256.35669006921
1909.85500598127,1065.87935149303
4515.61299890286,5487.33230540729
3702.32792358773,4957.88750725787
4736.10021197973,4417.02012018785
4849.50754197214,5927.32334357495
3430.29173683612,5235.90849257841
8750.35349675805,1741.94973682106
2339.75000794049,1365.38265217778
5102.35910467554,6832.76680319523
5045.79843079999,4346.83291405015
4251.053418714,5603.43947762921
4751.45781716715,3268.73448364914
3904.82909559691,6341.05845343928
3917.58935517549,4200.94573785524
4096.18577417312,5396.3444265715
3937.29182723912,5019.09538212066
4970.60663590094,3149.27428070698
3690.86457125555,4021.75532772818
3239.6534933622,4431.62554058979
3558.55175700318,4404.34630257676
3594.72378860993,5511.25830127245
3631.95767009074,4173.21193044637
4284.26514371111,4931.06283864067
4300.95469188453,5653.50807659019
3503.80023091778,4981.24560851968
4758.79814213556,3519.07832416457
4247.34394824209,4148.77427972636
4477.32312527618,5521.77217425664
3330.04835971761,4438.44535009305
3606.26779621688,4902.98820989874
3438.70232127521,5343.71839904679
3750.05556471687,5724.60484437481
4066.81550565966,4641.44843087775
3457.04682669551,1843.22388680168
4180.43551258007,4878.15265238666
3997.15165816537,5671.29632847347
3502.9866196622,5156.00322704067
4066.12543105272,6360.21083636531
3662.71086814275,6741.21102975609
1196.91869753736,3767.60367566905
8669.58757766612,3303.23143795751
8943.04602824917,765.921428555538
5205.67159333516,4581.09303220286
3413.8896038353,3824.09417734122
4153.06080660332,5803.20306432881
3872.18294108359,4868.43459298662
3920.7744078901,2252.52620505993
4576.08549604584,5902.88569285495
2437.57401991686,2827.83388383456
4871.93523944737,6744.67759711148
4170.91345941517,5068.02734616444
3728.25407091415,5287.68204391521
4789.01479474482,4915.66160465458
3805.0909615934,6151.29750772427
2045.30735037515,3281.63537453052
4384.41401570357,4918.67360261414
4720.20782188449,7327.37382570323
3825.81815672357,1929.15357111378
4461.1692986056,4364.33700720413
4689.25099225924,5883.44957405486
4912.14220696529,7507.53046008096
3817.71212694934,6089.46465279912
4426.71884423886,5642.19881287711
3816.67556180499,5107.24125080817
4208.55354083093,5238.2955104756
3915.92604566549,5896.63420081029
4030.94149072607,3568.06716223974
4067.59582845896,4637.18604993821
4028.9142566862,4296.93430290044
3431.41688098228,3456.05196029082
3774.8819119229,3986.69005596121
3954.26469126074,285.409017305147
3328.4866489502,565.646345571811
4003.39520211207,5080.92823704582
4249.52504079073,6265.52931690384
3606.83254861213,4411.56401887209
3405.5915306198,1372.6002627593
4066.17116332089,1438.86612071815
3445.47405705118,3673.66088433272
2017.91365201067,3252.36702541237
4022.04556424172,4022.4369703943
4413.61325656926,5109.62826870536
3593.34116810392,3700.88303688674
4694.47430433072,5668.96639603529
4592.04749473963,5975.40325428607
4838.86749274135,7041.96429056557
4180.20068325145,3456.4498670829
4829.03197632923,6513.48613952208
7116.52092720313,569.965547685827
4098.97552952358,6444.7197270309
4534.10177770152,3830.40275484488
4058.09528171062,5442.03731938543
4604.54098900193,6636.52686931003
4218.48487272921,2507.58699591073
4132.05618461079,3479.69400885431
4842.9156765094,5633.16239614319
3786.17419368861,6703.0200119668
3521.88425721698,5052.00113211598
3917.46947024232,5305.47071865374
3772.9340663628,4191.45475172549
5089.33884949709,7150.56958776286
3951.777681763,4577.56980224371
2048.25824717331,4709.07820845172
4673.99653755634,4479.98961003021
3731.75252011852,1735.24356966676
3880.85021268669,6420.67998310296
4402.29877715821,4164.57342050453
3701.77237174198,5427.488138732
4188.10815494359,5103.54718732724
4787.06314670798,4947.94195173228
3793.56329572041,3758.45351087236
3690.09576826927,3864.6722130277
4302.18795090469,4590.86817706192
4299.70415006875,6696.65477185937
3611.05029496447,5168.44912567096
3003.51984749259,7479.11458715072
3934.32279752514,5309.27810734219
3963.24279141315,5661.06661421859
3654.53103090223,6833.50553132037
1756.67973382007,2116.41417372407
4286.73308914112,1280.81699319462
7581.33958373989,1558.61058810342
3872.12774296114,1110.8333047542
2641.54509193679,559.167515972335
3428.08873054248,5293.64937723056
8375.13576201306,2288.89852241064
4061.06087243328,5317.34829982543
3904.47005231907,6287.92077105972
4266.15935567831,3550.90431327407
3428.0534089909,4504.08601656191
4647.34757502054,5061.94668764157
4126.4167582679,5690.67620752505
3975.5756038326,5125.14325075422
4445.24184495643,4798.81570430753
4087.63008785968,6271.26915409365
4128.82613456221,2130.05379273059
4694.36070933771,6371.91842972572
4866.74156708274,4825.24246613265
2016.49614430725,457.38186970759
4431.23177655007,5853.21500068603
4342.42337890166,7388.18379377394
2624.66484096707,2575.61468027678
3522.37041649049,9553.8707949952
4352.5320210995,6704.9520376129
4021.80873882554,6437.33160006904
3548.73948629427,4577.45605418094
1889.17851285053,4405.48293749397
4706.72145087125,6412.32563189042
4231.03568910961,5934.5981453293
3959.8353704696,553.541162560766
3706.72635761358,224.428559282538
4374.98499901567,5109.05995124676
4723.78939586759,7852.04416520301
5094.37305681056,2845.56547311408
4914.59920591017,5027.4497333332
3778.55967419703,6266.89302509134
4186.25805568209,5121.96084212814
2416.11273958545,3550.7905652113
4783.27750447174,6447.50465172016
4067.89004167453,5699.20096940412
2760.75503353819,2213.0281416869
4792.26568570758,2360.62005883
3720.68518791065,1536.27569083749
4146.36986199876,7330.04457947447
4266.78485372935,6181.87290242616
4106.83737123003,6812.534870811
3945.36438552507,5649.58693983897
4019.21958756144,5065.6407511225
3741.12845737125,6546.22105599562
7828.2439167721,2990.31580296416
3970.31511452231,6486.54772284211
4374.61706982416,5062.79916382947
3368.88499080288,880.380522433027
4309.15058015286,1882.83569823748
3865.38406308824,7120.1646037275
4438.04978986953,5837.70001863717
3322.36146681515,5326.49846462212
4214.5275297885,4689.6987522554
3889.64322680346,6584.80998057699
3788.22597978232,4938.73512433184
3551.26009980889,4099.27357536873
4131.98470638497,2270.42820500598
4197.20639030903,6144.07979142894
3808.10550004863,4451.68748516274
3547.47042958646,3764.13668545841
3746.05171583736,5283.47674843468
3698.67923752368,5695.16566173488
3093.6169246999,2792.25716864037
3712.55171322418,5510.68998381385
4194.82982909946,6412.60979061973
4437.40966557314,5756.20312593114
3908.64247268287,6535.5367723449
4343.06805978436,6278.03230099315
3684.04182004086,4083.36068652779
4007.21123518915,6345.54833050435
4534.59603067231,4124.79119840219
4683.97787144548,5100.47852676392
2756.92002987264,5338.26229773104
3433.25308513964,752.338630723501
2662.13536275353,3485.77487880481
3464.50814697358,6709.66941080353
2322.92684700659,2430.01166281117
3220.82555444983,2107.26422035501
3645.66571877849,4111.49240072873
4374.56417260962,5136.45293732256
4726.04349604417,4615.76039717776
4625.80706222756,4742.0406210508
4582.81746835368,6243.47868408103
4084.52469685942,3973.73250247607
3553.93933758646,5401.23221042866
2969.76416583466,1844.13323702097
4339.30537415215,6543.72071289091
3844.6208350937,6005.23992086283
4487.58336187896,7025.08560032921
4446.52838423243,2625.45599453985
4341.2147746579,7080.09864575111
3579.0435198843,6964.73020165433
3350.0413549666,3439.34346929337
4565.14208485158,2868.12754936412
4302.99003986787,4189.6360512869
4830.43236915408,4475.27265969484
3979.58209308519,4034.42872248402
6744.57458131608,217.267756661272
4083.13446935735,7003.71661017252
2966.46271184587,1690.2897221194
4391.5905141147,6044.56757356933
4286.22303603753,4763.01170441542
4633.17690742112,5427.26106546171
4614.50589554675,5750.06538194926
4786.54179442935,4695.32484138243
3839.33937656915,4293.6952316706
2459.67455056727,2.27326983441936
3542.31176321717,4608.03144888283
3671.56145248013,5760.80632820374
3580.15414758376,5886.06366522234
7538.41212220808,2777.59466277942
4122.20649996099,5569.39709271668
3137.28224901044,6297.58216785601
3996.31355768838,5386.45595650493
2440.72055574546,841.337134169637
4164.54093879119,2391.30920159466
4466.25360368697,4827.79989469637
3470.91489785636,6214.6078188997
3740.70488629593,4395.08281257255
3809.03161502522,4924.24302913741
4180.65252853906,3996.29436729848
3816.95000104083,7085.27016548231
8354.38424345717,72.6877978350461
3975.76368593946,5228.40661755377
4472.62235632101,6852.82832491293
4229.04266575025,6023.42607953818
4068.93094545981,5874.35649471718
2673.11732920577,3411.60945045687
3327.52101625469,4863.83096785877
3822.18288955629,4588.70865529027
3729.53001700122,4777.61712481736
3167.2425461763,3807.27214970861
4236.66106455794,5755.7485565353
7898.65202272573,994.214477677433
8217.69528474978,3499.52824587409
8293.18762100736,3505.72286388736
4711.92946615688,5929.31245468007
4721.06136072869,6399.70889973835
8017.24240307031,3330.45380193915
3899.30775987885,3830.57316551141
6630.77827300278,879.016549960994
4444.01797185191,5888.96191511913
2367.79581852142,3333.40913729495
145.526007417126,2276.90698174855
4039.80989280061,3805.96510412487
3798.89093112165,1774.4006002791
4346.2207604289,4723.22948231308
1707.2700371968,31.9394406780585
4612.04093687491,6257.91369381644
4569.0361203866,2859.26175472436
1685.6695323503,955.11432109647
4054.89485185131,5911.41045473402
4893.11558625145,2289.58037650439
4240.91977751502,4200.54783106316
3200.97345125148,756.032694204432
4379.98563154708,4257.1520807981
4031.93484190061,4075.5179901701
1803.96985577876,7109.42408032827
4375.81938176898,6211.42541027361
3835.82699825463,4699.81471844751
8173.02902100353,4107.5141785185
3382.3152326817,5080.81448898305
8424.81075039087,386.455856159396
3576.88136407531,949.203756098692
4712.60924841661,6759.39718843145
3660.8414348453,6333.55700126989
3373.98809728505,5712.04477482649
3299.67915668096,4304.72033665438
4166.84115459988,5814.7964867712
3362.45915446591,4458.507294666
4165.47063211787,5580.47928315947
4318.31673944243,6308.26687436198
3290.69028472198,1057.69562237464
4357.11918451299,5284.89754208119
3807.16615540182,2816.80856742315
3625.36999864369,4510.22418339904
3998.23605635082,5933.34776234932
2311.65884026506,4380.76112804466
4274.30651531435,4560.4065304228
4138.61444804756,4132.69055736364
4576.28774906301,4362.80246549484
4346.87680336418,5596.27842393764
2844.59390470255,4544.43655612285
4038.24039266034,5261.65318888216
2541.8007971999,1880.90346116375
4146.26095109834,5387.70591662966
3711.96405514793,1421.93023930896
4402.79889303026,4535.23015157765
3223.79288682536,1742.80221300896
3422.591420214,3299.36675238242
3102.76004975672,3344.43445370636
3587.86360303654,321.838155830335
4136.8610828997,5398.04937894732
4049.37384909571,7618.97734457127
4241.5882758855,3892.5764311031
7259.75640730638,1382.09114317523
3866.06485915868,3781.35704273833
4164.64277148567,3534.42289554691
4070.88783142255,4011.58227607705
4098.90645018337,4214.13078746592
3560.84187491142,1946.08934680915
4242.4021503095,5216.69944704861
4936.14877044924,7240.70541326599
8493.45082405884,4944.07747758482
4010.56101403993,1435.28569958617
2787.26675078584,4696.51856175865
2969.62950654349,6846.63391832729
2551.46372964669,4185.3170077436
3049.83338500461,2563.33898088539
3387.87337193929,7086.29305233675
4100.9550761235,6162.03845397875
3731.88350628761,5076.89335223182
1612.39098530023,4653.04227617539
3604.139149608,4502.72230837441
1700.60173478313,872.765057916341
4407.33031715781,4668.55725822425
4242.04908452794,4645.88122248381
4156.32378017845,5057.05890378441
3966.36141711485,5353.72061717614
3767.68081125254,5130.25810788167
7555.85056971778,1121.68810478526
4313.94014026647,4106.60503972683
4047.01471575671,4736.92576392336
4248.25821383792,4917.02573569733
3941.77559109153,5624.80804493065
5147.8344878655,7152.27454013867
3500.07421827737,4121.04004946224
3739.07765559197,3818.35434015141
4024.84507333176,6418.00880647647
2262.97146584931,4306.59569969672
4440.97930055307,6594.13013318496
1212.98623520073,425.499270851239
8286.07998915232,693.688237281338
3960.82450122887,5578.54725751337
3742.96395657403,5445.44722413706
4544.17085957953,8783.2889837308
4589.64174471979,5647.88198746316
3720.68548222241,5040.52103488111
8741.14561796403,2002.80755603449
4512.22931892251,5354.23227203099
4106.7654974164,5607.41769983944
4262.235679454,5090.0213163835
2650.32660802329,3263.79024861586
3250.70572538945,199.649915444521
3853.28293816811,3910.64926457093
4182.83848734245,4256.24294200644
3291.22499456905,1878.28915856865
3776.02196511064,6225.12169188389
4515.22839785776,5767.17156831116
4052.79777221241,6407.15411215922
3411.09413900433,4805.80592447732
7955.8493089267,1043.5444542271
5027.39189553369,6707.9073729687
4167.09287006669,4183.55496990878
3917.93481441941,3902.06741723285
3806.74862725426,3068.80048628301
9539.097355555,5226.19043317836
1616.32196756113,1010.18424054975
4593.09567125308,4943.62290818899
3656.97970144123,4897.24794985368
4090.77755571808,6684.26553583284
3599.23510444954,2853.12401074248
4038.24631399096,6250.29849358429
2634.68812816085,2558.33766039309
3547.46586065237,2195.69445919945
3244.00436138819,4488.91227870136
4255.72119081013,7146.81886167817
3803.57683432985,3810.51164379371
1461.1620850329,2746.67823531684
3870.04887809911,5241.13709776862
4104.25026374075,3492.82218443361
3619.41092011198,5343.43424031749
4599.63745247247,4076.370466358
3868.16072599352,6714.15886501335
3723.85070905454,5182.77081019885
2590.0381287516,1428.80681712979
4037.58059835102,4398.37896926141
4352.84916706301,6518.77140731606
3746.67549101237,5780.92493538045
3361.16217334393,1515.92990467667
3501.10613827653,1575.83062824191
4443.75788179674,5450.50499580549
3398.70678545404,1520.13551729864
2931.50152067908,715.000141979019
4749.52816179071,5576.16023961617
3418.38193631266,2342.26348948811
3413.87040613731,6218.98394790201
3863.59192324954,5285.86376633187
3679.42364758929,6097.19360109404
3329.4499085868,1398.00403201617
3644.77212151903,3940.88341508451
3551.56495988773,4520.56722286145
3680.70306288184,2771.05901200546
4408.26053285205,4698.56433546753
3874.53942788517,5152.99080622586
4879.99937663175,6025.9835081019
4337.76248655406,6294.17226310438
3186.6170348523,3177.51953154307
4680.28215831692,3006.00140710718
4544.62298125753,5730.17427089809
3481.23128239387,2194.50095025085
3868.63665555139,7040.202675586
4153.37254491912,7051.8531834874
3964.91527663494,2169.43810804085
4110.81500698286,5094.79535217788
3699.95663096406,1204.09413628296
4769.90885361542,5104.91131836999
3793.53702474249,6540.87912559789
4644.55039670912,6038.48649219121
3820.69060969936,4727.66227391915
3833.10873407705,6176.30347590288
3704.24715276688,3859.89817723332
4286.61430825315,4846.44062276756
4166.19361754952,6394.53738000714
3586.34108031867,6240.01169387039
4417.63552700578,5648.90487431759
3550.78872772266,1911.59260392841
4260.74977930951,3869.78707015515
4045.72144563601,5538.99210868132
3566.59793005534,3598.41548367134
1626.91683813184,2256.61796390531
3685.88674836097,5556.72369796084
4530.17045201376,4786.59687894752
4207.95772239412,5899.24871483303
4344.10719764868,3523.11342040619
3920.1000108687,3167.28981728818
3683.11458809214,1139.41958835097
4255.96205322331,4144.45481332781
4516.32191536274,5661.18036228136
3492.24235730329,4939.92884470806
3446.40310646456,3791.24551280491
3302.1013798916,1087.36177257105
3479.55796734193,5511.25830127245
3513.77968246991,6413.68976293318
3304.99238368653,3479.1256913957
3556.58379976698,5273.30369678356
3076.48560540359,2594.31228237936
5139.0263130926,5888.16652439023
3953.68277018329,5007.95652907411
3875.29102362979,1400.27730185059
4712.39944541047,5639.86845758368
3335.51195485089,7232.6347979275
3412.21381096888,4712.54477580711
3886.86795503908,5609.57722161109
4137.25113981266,5498.41449585008
4438.77526486768,7148.97880630507
3322.72282433233,5316.55290909653
4028.6560566361,2810.38645328434
2503.51317349915,3464.12215277406
3750.05824454644,5348.26493871563
4454.27256092443,5897.94166924929
4185.786137232,5579.34264824226
3929.67823404949,5802.52099880743
7961.89328520849,4417.92925897951
4209.83347415352,7051.79652088364
4173.96106599587,2368.46296661532
4261.88003477342,4403.38050118133
3897.38318787252,4169.34703344366
4476.71337995069,4458.62061987352
4285.80987027052,5481.705793425
4117.19504262882,4891.3943646011
3507.51485300695,6517.86226852439
3479.78439305688,4719.59208143591
3817.78453287077,2246.21783898389
4058.23375095769,6393.05950090162
2776.27919368525,1213.3008579696
8313.51795104437,4120.35840679612
2908.78615267668,3183.71436098396
3760.54120421903,5174.07563765325
3391.15942530684,4229.98659084784
3424.67259154337,1821.40053867678
3356.28772581363,2300.37840821788
3844.43025430943,3744.52973313654
4564.70198459524,7129.76933792002
3984.19599287074,6629.70705980677
3605.4050564633,6004.21703400839
4249.72032588578,6615.95369273749
4133.07606296085,5286.43208379048
4224.3548953003,4532.78604822145
4243.7328379457,5151.51334997559
3483.25176367015,5522.45423977802
8195.03711227452,2749.46294857848
4717.46093617945,5019.89119570481
4257.21306179747,3759.47682058205
4311.13978401251,2044.52201521056
4312.71558669075,5527.68284496823
1992.39961864783,1402.49380336744
3219.10053582753,6254.27671579452
5393.6774673877,4786.48313088475
3544.0648053013,1076.27958212826
4273.05789689145,4964.59356869836
3906.43762438296,4801.71395420431
1392.69903301409,4023.00528785291
4656.13442846355,5910.04674654652
3758.067519263,5421.69163893843
4620.20004627291,4428.78395329676
2813.05450139993,894.588511755055
3600.47285197598,5728.58306658504
8198.71531212749,1922.1064769126
3522.54481042089,253.299080893973
4070.3398723926,4706.8049386173
3596.36472053533,4788.87014878194
4328.43846014661,3810.22748506441
3974.80010051246,5270.40544688677
3725.51574107056,1389.30875375675
2504.25557591428,3715.43221754017
4294.3105768949,6521.95381594215
3249.09524334621,6410.67734211837
3008.14369195699,4607.69062754977
5643.74902434741,282.226450108341
6548.63276799166,3117.84619838956
3483.52974836405,4080.23494050547
4048.70077929693,6548.72182195559
3631.1937597452,5427.31772806547
2568.70474609657,3580.85430505835
4125.77089120524,7256.5041311889
4767.41244152745,6480.29623079746
5196.79966997051,6914.7182652971
3926.36712810691,6174.08686867223
4729.78962144503,5412.88271833005
4448.45466739534,4581.77509772424
5091.25524669128,7537.30961834345
4232.77469723417,3026.06292882488
4647.86843780922,6457.27937372397
4119.26662668832,5314.67712319894
8556.93622139762,2906.3754411848
3972.62006453846,5403.78963899238
4391.4008194615,7108.45743322234
4261.71526038858,3508.10988178455
4364.18408391208,4816.43354552428
4476.53948022782,6657.66836334118
3822.05393067493,1723.70680982813
3723.53110667924,1939.26953730589
3281.90389677085,5569.68125144598
4151.06468279889,4763.23877768571
4181.12647020668,4622.52354407725
4151.34634438418,6430.96635996161
7948.46269933994,848.043248467031
4147.08833135449,6069.3460456224
4679.21840533349,5210.22045887842
4460.20485806742,6735.0162003152
3640.6999648076,1886.3024770205
8484.18741077434,920.446956121575
3478.40578971853,6686.93671245933
4917.06986040609,4616.66995882468
7893.40988980459,6128.166902588
2717.81523992528,3911.95631015468
4797.58352023639,6658.69125019562
5001.35415778361,4399.91351097069
4055.13008755415,3070.16440589814
3880.92787397675,1778.89047734418
4236.03383802597,6797.30362463619
3553.04473676509,1046.84071662977
3940.13013396134,4850.81675176987
3913.24584528907,6618.96569069704
2919.54029141138,1914.54772785658
4075.08527717666,6697.05267865145
2340.85263687341,3131.42915479231
4729.08370966132,6715.7500693264
9069.52334806828,1250.92345258648
2169.5461206237,274.213158084941
3399.80031100344,5270.86001628261
4460.15573967147,4006.01284955378
4389.14573335927,6047.74998219542
2374.49726358561,1345.37789877765
4417.56052325314,5675.21788807995
4165.93697837048,6472.6239451063
4558.24571130329,5791.04090157256
4688.57873612741,3951.9656055273
4596.49332816358,6086.73639071361
4907.32429858459,5304.90240119514
4684.52723450537,6322.98604282669
3610.62197833687,1994.62361548848
3869.71069086284,5546.09607691388
4102.92723597934,6597.25587920729
4412.02663915233,6594.41429191426
3648.49817003358,8346.53701679298
4394.92409684704,6607.65642698396
3913.56059905342,5544.50487260084
3534.57411066116,6071.39181933128
1999.39871121459,1866.01345917726
4975.46435024709,6940.86086839292
4346.11468134022,5797.46280428375
3413.74320691643,4636.95897666792
4161.37386030541,3045.44259644883
3338.36946136761,1802.19149314698
4483.37061602407,5315.47293678308
4973.58019535749,4324.66853316456
4274.12744134502,6245.80861651921
4908.64171272112,5457.26814270499
8359.34912077182,2273.55395102831
4501.17808910755,6090.60128771632
4322.2029630462,4594.61932600186
4092.90940605731,4674.86541287266
4000.14035625578,6374.19169956014
4613.06551219858,4405.65377101575
3652.84163961592,4553.30256219024
4275.84394523886,5843.55360388975
3895.44505153691,6693.52902583705
3760.95964733989,2941.44050152414
4410.35410000698,5493.29963872264
4749.55570911087,5620.09109459528
8607.09792647244,2537.25325182096
4182.2186699059,5880.15299451075
4643.11169970518,2833.06248902477
8952.8325641894,1050.59165414208
3920.58899448782,5806.6696316842
4744.74293536308,8187.29480317611
4185.14990241637,6197.95620193363
7500.05800280374,540.810893773542
7297.88806901929,2400.00458556789
0,67.2319541967077
4805.11877858632,7036.73610823061
3745.90212920464,5017.44709234861
4024.94496457951,6104.2975693266
3754.22277548672,4836.94963663781
4338.73432933257,6283.48797945366
2817.89871375737,458.973179734446
8633.27181537763,874.072209213895
3440.2920378179,4512.89493717028
3510.71196511045,3654.67891207321
4250.19230618648,6343.615882003
4430.80398685896,6182.32747182199
2723.07655950327,24.4944809792681
4689.22791125698,3908.14849861097
3946.88308474926,4101.54684520315
4049.65037086616,5270.63252015706
4340.63613205626,5882.42626434517
3702.82509974087,4685.77719264892
3697.60173143625,5795.3032825121
3661.89517446329,2547.2554699503
4357.67476847858,6726.66184910266
4446.48162782248,5695.39315786042
3805.14314644038,4750.1674761378
3979.91632935858,6503.59724660026
2717.00913767408,1522.80658821132
4521.2640642083,4916.11617405041
4248.18717779963,5670.21677901528
3487.35394921174,5297.57093683703
4690.89834635794,4926.97129122292
4962.46649756782,5086.21350483979
3300.8085054041,275.463461779562
4062.5741248038,6300.2533444825
4988.84921858521,5066.60655251792
4434.71252131151,4471.91941754697
5772.64878190377,5871.40115936139
4069.82058907949,6968.65133840555
2491.74667771096,47.2271776716833
2554.77075558815,24.3808171571914
3687.7950169484,1347.65116861207
3935.02796985721,5062.00335024533
4338.39046040761,6477.90963575552
4320.44789693972,5349.51532169562
2950.49244134411,408.790726996876
3784.65175132017,6089.69172606941
2592.82882736086,4931.40408282899
2369.55788747241,2019.06126620849
3849.40537258869,7037.81565768881
4184.81274387979,6001.14795058982
4882.35166143039,4334.15909643906
3325.68523151314,1403.28940552396
4364.29027509768,4484.76322296934
4254.75276314264,5442.37814071849
4686.58476832706,6889.76895972225
4079.09671570357,4638.26602225166
2950.62864568418,5357.69883938637
4462.6235830306,6698.70054556825
3577.47194081333,6023.88064893402
4932.16864552338,4185.71491453568
3504.31711092112,2659.7256641503
4194.77126920311,4567.73757192565
4653.35590541036,5683.00392183388
3999.34402819729,6870.67366225523
3630.84607120717,7202.74146874698
4060.63400952207,5799.84982218094
3673.13685179621,3878.48224270075
4220.09231221135,4379.62449312745
3140.65415061945,696.700340954706
3933.9251283242,6579.75178605331
4130.85058732743,3250.66207303656
3529.46736379668,7038.78188193949
3956.14372017989,6345.66207856713
4161.92572465722,2789.0178859829
4795.83816237327,4571.82954219865
4817.91638415855,6899.48744197754
3570.98627424386,884.699724547043
3707.30082098757,4118.19846216922
4374.11209738947,4394.91240190602
4373.08348675921,3025.26732666836
3698.34525407606,4463.45131827166
8552.02333199622,2504.91581928424
3586.52763433765,6364.58696536762
3809.20860804706,4034.59913315055
4685.35698328265,5534.84347580455
3612.55102062479,3856.5453579407
5123.56835940758,5305.12947446543
3674.64188612052,5830.93687173767
4420.91999385746,5855.60201858322
8261.19236266732,1762.01136425257
3449.76273577821,837.643070688706
3236.05892498939,3907.29602242307
4339.40295403364,7146.70553647065
2822.27505594773,4826.43576365362
4348.93237462847,4704.13376199081
4661.62414525672,3273.62205607867
4453.4628836852,2876.99334400388
4290.87104570662,5237.72719301699
3825.7888038929,5435.27417248593
4528.87648542437,6110.83322010056
2844.35729596213,704.48626899483
3588.01752935768,1593.95991288588
3647.17188617632,1874.59509508771
3994.20295572148,5524.55709894591
3100.1740210722,369.122173671949
4714.51510868489,7002.52331265155
3267.96430814098,6559.97442306491
3916.13514445358,5662.2032491358
4481.70762096394,4497.77786191349
2033.4723244051,2145.62564881084
3746.55254315115,4732.60672038006
4378.14393481461,5606.33772752599
4979.34653831476,2606.98567713519
4077.79729710522,5685.16344360553
2555.18673551,2455.98385524046
3762.99665118094,4524.65919313445
4799.66653759331,6938.41718789197
4396.74327137822,5918.28734969629
3651.2281249026,4137.63500382456
8683.83482400672,701.246880623545
4317.75029161522,6459.6097290174
3732.85609877711,6022.00528589167
4572.12052563983,5641.45966189672
4647.3037609917,5297.4005261705
4373.71162192781,4708.39614293035
3019.51867781569,3084.99753385325
7309.44687531087,410.154699468909
4742.658013691,5281.77179605887
3942.32592323014,5554.22293200088
3698.4447863893,4848.77055520574
4805.85489699349,3114.72045236723
3504.06630411031,1141.46557348747
4147.26189440759,3468.21391161944
4311.61003020013,5014.37843178529
2047.92361252817,3420.70252979455
3708.3864219138,4682.87894275214
4013.89165090502,5006.64906063511
3210.56370935051,1412.32561083025
1464.57014444724,2435.58108933445
3762.07444346621,6067.69775585035
4208.23652380085,4187.36278145248
3196.24326986631,3029.70032970205
4188.5814206227,4359.05173941015
4208.64015408741,6869.25286860871
3891.97596282409,4800.91814062016
3931.89895275404,6180.67960490519
3962.24739661114,5932.55194876517
3693.65513991403,948.976471400775
4134.63478737016,6241.03458072482
8253.77302640119,189.761194307643
3648.41797348227,3100.39897926697
4219.31839301315,3248.04777044145
4478.79246869434,2469.50972618421
3962.82857036084,6012.62804782469
4682.48175498803,6977.40359641016
3498.97455425925,4517.0439929023
4638.4327037845,5314.50671253241
4174.77988600287,5135.8279572602
4041.85068321608,5562.29312448412
2806.32891731115,4462.65592754276
4328.6468728301,5925.56172859538
4283.59049570589,5740.97230261158
3760.44188054254,5384.23934927427
3624.68475356648,4727.03687100153
3493.35572696321,3469.80532736011
4478.69102979787,5513.4178230441
3797.46535842989,4236.5222416218
7850.88343583473,3235.431249717
4026.83668552949,6770.70645214453
8007.2331308818,3074.65407153559
3725.72111465856,4853.60125360388
4641.6111227664,4188.21525764039
3701.42535950452,612.816694636013
4434.04663195872,6309.80099321601
3692.64938482459,4461.00763777071
4984.82855441909,2465.30421927606
4123.23511508946,6578.16058174027
4931.49512466503,6440.57109415413
3882.81666685398,5254.89046483791
5026.32749584301,6645.16537925188
4025.95556087097,5869.35496279726
3993.93956900065,7343.68419848098
5063.70115474419,7735.7099197108
4481.98482124083,6374.2483621639
3446.27124519057,548.653642988145
5165.09456395917,6154.30950568383
4113.23827684571,3394.33264200081
3485.66007281933,2265.93853936853
3960.8165329074,3108.98061517742
4399.45015495212,4953.90928504764
1043.14933210622,2235.07877450971
8801.46708850202,1338.55808927439
3870.80547658311,5322.00858755704
4531.9613279124,4761.13591851782
3953.10732061397,5434.5354443608
3633.86193660701,5049.84118748908
3722.22887634245,5236.19265130771
4263.13609764082,6012.62804782469
4345.01945922694,4282.44220770602
3946.65776906392,6361.17706061599
3708.68612743818,4918.38944388483
4448.35133300705,6441.1960742165
4111.88753958984,5126.67779246351
3593.43347391765,3381.09092978637
3820.75193236055,6268.71172552993
4289.18767817898,5349.11741490354
3731.55636566972,4710.78316082754
4461.88723623734,6406.5287092416
3928.14523977496,2315.66631699645
4790.25630098896,7073.50590951814
4408.67880539357,3525.95500769922
4525.94688945217,4184.35078349292
4271.29900342286,5116.90264760445
4352.32627158585,4326.20265201859
3795.52588221723,4163.3797001283
3190.6650411906,314.279538916582
4081.23547919182,3604.83738638252
4553.43698690394,5575.42151149104
4106.05596274243,8347.27616777337
4227.71742181812,6087.87302563082
8011.41828309873,1897.21404536914
3128.27620576387,4191.96640658033
2579.75029110527,4838.82499968016
4191.88467874481,5398.73144446869
4829.50297764909,6655.11093477746
4258.0431278523,4985.33715593743
4339.39520215201,3967.99224243101
3882.82168253603,5335.70486916732
3062.54803741653,7070.49391155859
3758.1751742638,292.285647982884
3856.88449913803,6554.06375235332
6710.01119635571,2325.61187252204
4260.18467949821,4182.36167238781
3666.85071188182,5725.74147929202
8989.88966823,5349.40157363284
4945.90055817045,7060.49169342924
4436.38882673057,5085.53186217367
4784.53070389111,4833.25557315688
3988.99359412226,1614.98765885426
3662.85965534436,2588.23120100123
4570.68878045526,6181.19083690479
2838.44215890822,3462.13304166895
4511.9536903987,5768.02404449907
4050.67698713622,5020.80033449648
3966.1980223482,6508.31461979088
3968.25825681981,5452.60785497338
3506.31836833245,693.347257377556
3662.37059607803,3627.96799151879
3969.93644946465,4380.87487610743
3635.49157505714,6857.14779131148
3595.97969974696,4898.83957702198
3402.76946359164,3962.08199457467
4267.94143377208,5269.15506390679
4542.54515341433,4314.83630284649
4856.17130018553,6936.14391805755
2546.69329989532,2509.06466358863
4065.3164701234,6094.57950992656
3499.7413743248,3319.48535955913
3686.1610548075,3697.75729086441
3024.89280086926,2445.0720754642
3424.52562272775,7065.49280249391
4122.74296313478,4614.56709965679
3655.5968191927,5036.99738206671
4488.65594162258,5544.61862066361
3773.76645324782,3090.6807084393
4928.61134466893,4785.17608530101
5031.79617853954,8136.03206098365
4567.2184323742,6000.80712925676
4681.52116852054,6216.42651933829
3779.24534513262,5800.02023284747
4311.24553945827,6575.14858378071
4157.34870506461,5804.68052057908
4391.96106300027,4770.85440077312
4697.75526351002,4274.9974181404
4503.83217085502,4106.09338487199
3021.42296501126,4649.06405396515
3964.27402891617,4481.01249688465
4417.05657879387,6692.50613898261
4561.72357468348,7211.94787329218
4425.5003631002,2385.79664910277
4315.33970147893,693.801932487202
4161.8588029315,6133.90673977781
4297.00435576165,4909.2397019434
3870.33156391596,2792.02988394245
4053.06598310901,7760.77255049318
4056.97599986115,4620.02277811729
4084.59332329009,5519.32849375569
4748.15434685709,6625.55842693001
4113.31241387709,4689.01668673402
3931.46481088891,6155.7869619341
6878.90384619743,3126.59845639417
4639.36468900442,6248.08188635363
3853.49353915257,4466.40665362746
4052.28645027963,4754.03195028526
2849.77311408184,3487.76398990992
3836.80615234805,3097.95508733839
3845.72298590216,1320.31505656765
4005.23836965375,6252.2876046894
8760.98808329436,3322.7246422166
4419.95252475571,4353.42522742786
2415.15816377278,1688.47112739463
4390.38027382493,5661.06661421859
4413.16988876066,5343.43424031749
3239.99248965652,2002.7506820031
3872.37549784617,2545.20969624142
3871.28086814854,2176.14438090897
3577.64695318399,4228.79329332687
4380.62496537205,3719.1262810211
3220.21929595533,5927.15293290842
3109.91910242741,1865.95658514587
3397.26013222383,4849.05471393504
3585.08846395011,5881.97169494934
3686.94548895364,2234.96523787457
4190.29432224555,6075.37004154151
3945.92977914903,6208.41341231406
4402.67064722872,2007.52450636986
3413.23863095568,1275.92942076509
1989.00939387329,5230.96404611749
3711.34845629003,6295.3659834806
4379.42420899158,6680.68522041468
3658.75819698497,4426.45402085859
4334.50419280066,4286.25001924972
4773.99395691894,6736.60740462824
3872.26271275103,6828.90232904777
3627.87931820025,1384.30764469208
3796.52819378388,3740.72234444809
4339.79818569543,2329.58988330465
4650.22216242664,7138.91907986146
4179.45963190749,2457.17715276143
4462.18936823683,5324.33851999522
4864.37313980768,6359.52877084393
3944.44766304191,5241.81916329
6883.3915490394,875.152022956625
4701.56929882819,4977.66487024627
4613.11577788338,5071.89224316715
4441.41761898082,696.643519780227
3561.67754418399,4534.88890738934
3851.0295980188,3116.36874213929
3453.30441257638,4126.66656144453
3950.14233034891,4248.22983498221
4723.66656458125,5294.4451908147
4878.91742000034,5822.58252052513
3888.97368137781,6826.96988054641
4343.47567128145,3979.30192899935
2771.08814342456,3556.30332913082
5720.82969226768,6650.50730964961
4191.96113087924,5665.95439807574
4100.5186045191,5914.59328621536
4143.48168741017,4543.64116539395
3096.17087093403,3655.81554699042
7933.72101658745,2538.73070807123
4447.92208247838,5094.1132866565
3948.3670503764,6153.74118822522
4354.27128993669,5633.27614420596
4478.83678291949,7055.14934017626
4040.97591741418,1796.33769646678
3206.51729111919,3753.22532853739
3845.41408812374,6693.18820450399
2629.09988578115,1316.73463543568
3718.32505968165,3589.15199366713
4307.49168717595,5419.70252783331
4865.63780824302,5694.02902681767
2419.07538618129,2238.71596395926
3430.38125473246,5493.52671199293
3849.81797189525,4694.52945065354
3597.80073923039,5527.79617017575
2672.72297643567,1128.5647883199
3799.17521521432,3601.31373356812
3709.37659581656,5331.72664695708
4172.56916492527,6695.972706338
4266.09101911999,5116.90264760445
3799.71268647289,421.975697322199
4046.0497064692,4372.40719968737
5068.28108274422,6381.0115090634
3792.33248314496,4698.96224225961
4228.22827578542,5623.72849547245
4269.90144176845,2679.95759653453
3872.3391312487,5626.4563347027
3478.07766748721,5107.52540953747
4220.6924101733,6393.96906254854
4045.52289561736,5723.86569339442
4503.98088647678,6350.09487017319
5035.99139840318,7258.89157194134
4793.14098447254,6518.31683792023
3862.75230371634,2861.93293135085
4014.32653129602,3835.51761197232
4143.1306786059,6768.54693037289
4602.12315782488,4980.44979493553
4145.169005933,2753.61158145524
2346.02214654686,2026.79042593104
4717.11570641955,6486.83188157142
3574.67343131668,5589.28820376785
3077.56638313678,5204.76478041791
3971.15406596765,5900.66950847954
4102.61017647873,3555.28001942113
5244.62548686008,5760.12468553761
3426.85896679156,5140.65865565834
3693.63028708373,90.5897977810985
2330.04936246866,207.435856698872
3418.69672259462,515.634409214586
4343.51311523,6430.17096923272
3642.24588528625,5656.34966388322
4244.30078637902,6839.70036076126
4517.16349353266,5270.46210949053
4596.99972230985,6234.84017413918
3683.02894293384,2042.07812328198
3579.15734463398,2030.54136344336
4618.85718397226,7188.93101621868
3331.1637207131,2661.08958376542
4101.89019629542,3616.31748361739
4202.303103941,4733.23170044243
4308.36821137511,6665.51105969888
8642.40293150446,1029.16600138163
4152.6081908475,5298.36675042118
4693.64220536205,7091.57874298598
4811.64635554783,4890.08731901736
3168.78366694139,5716.25049316227
3945.72115198343,4666.73855778566
4037.6030730194,5919.59439528003
3958.39500354092,6083.49731948376
3033.29251854708,3234.46502546632
3994.20482063705,5976.19864501497
3865.07110931703,6326.96426503693
3906.89186965404,3318.23497657915
3559.26248422131,4437.19538996832
3867.21229828961,6373.68004470529
3373.50154023983,2399.89083750512
4088.17299217625,4011.75268674358
2375.68909957246,1930.40374266613
4472.75758734244,6255.01544391965
8912.86433431632,1640.39142811113
3998.66375226966,4997.72681481922
4703.35224575172,7022.18692757718
8295.85406445489,981.938883999856
4611.87145960892,3329.77173641778
3814.14428339708,5291.20569672961
8103.18139239092,2259.34601456319
1963.45012870788,794.450943834738
3535.24419185435,2969.97012251715
4026.15968237318,6108.44620220337
3693.89365068842,5453.68782728683
4130.86333080718,2381.13636137116
4636.13469642442,3803.69183429045
4071.02929833062,5454.76737674503
4814.67634442005,6434.83083410907
2076.1525883574,581.616055587226
3945.05138103062,4658.21379590659
4152.66445367593,4282.6130412278
4227.22098794178,2242.63752356573
3582.27657195883,5018.86788599512
3750.32226393015,3424.56721536964
3622.82466509176,5204.4235362296
4251.37881249807,6368.11061818202
6912.80647846228,2092.09005963921
2667.74541105206,7347.2649367544
4402.1287014995,4939.53093791598
1608.76357727185,1377.77199391813
4138.56173117864,7033.66702481204
7511.86336550467,1172.66615967935
4076.10498802706,2599.31339144403
3899.55708803767,2680.92382078521
3946.95178290483,6324.4068364732
4035.85464220113,6019.73201605725
3894.82392144561,6414.82639785039
4686.79192511869,5293.42230396027
3514.55114054111,6399.02683421697
3980.34932723307,6112.02651762153
2718.73688625757,1928.13047283171
3957.41447697734,2480.19400983493
3440.77275377007,4383.37564206739
3480.41188430515,2727.01440896359
4884.23343699081,6842.71235872082
4685.4383378682,6518.77140731606
3683.91297181844,3939.69011756354
3784.30986701785,2137.49879372384
4146.65140772051,6129.58769623452
4338.31760307378,3903.54529633837
4099.16455068198,6166.073761648
4002.37825518993,5300.86709352589
4244.88466588048,3393.93494663636
3710.87860105482,5399.18601386453
3974.52076618592,3225.82651552448
2566.63966763968,2137.21463499453
4076.48654100824,3245.6040899405
4619.34467263861,3855.46538562725
2260.57808190216,1407.21075370281
3509.43482270868,2382.27299628837
4538.63547499095,4997.38557063091
4290.32094150366,766.944368266883
3901.10675292973,3313.91572160823
4110.0189707077,3254.98132800748
4289.40448686431,4984.93967200061
3933.38969685823,5868.84373079767
3494.23421294284,6603.05280185611
4220.36628399224,4995.90811438063
4265.68218321425,5468.00951181472
4070.65290304246,5917.94610550797
3977.34661820831,3086.47520153115
3637.22603260134,6580.14969284538
4474.08845499542,4787.96058713502
3668.65344346426,7638.58429689313
4441.90032329887,6072.0172222489
2919.40220284815,1818.84311011305
4159.59149192466,4528.01243528232
2988.68928273599,2284.23823467903
4510.08201397102,5287.22747451937
3343.58167881771,6118.9034125838
3638.62361335945,3575.7394479309
4426.62298136586,4782.50490867452
9088.677604657,1989.50875836104
2472.08208767123,69.6188862014255
3479.11989650594,3833.01684601236
4286.36558778166,4748.34877569921
3668.50471302203,4118.0851369617
3653.02993891958,1005.18302577127
4044.07000219437,5016.5946161607
4014.23322506706,7168.98324256375
4727.1747263584,5559.84944398317
3435.63179029575,5763.76166355953
3761.27083149231,4514.8840482754
8071.42901881056,382.818613852944
4166.02612050402,3951.22687740217
3959.67154161808,4958.45582471647
8471.17452282857,1370.04283419558
4317.15244286981,4345.80960434046
3651.63846033157,944.145773002634
3865.61585530109,6080.48489866896
4653.24226134525,2704.96356471314
5086.81027569712,6111.45820016292
4065.47691644893,6489.84430238622
3765.06397322448,2207.28809306946
4301.66646989311,3545.22113868802
4089.00698317997,7739.85812973232
3648.78443493366,6048.43204771679
5005.60774432139,3717.30758058252
3798.00714945414,2433.7057262921
3761.86393959362,5452.09662297379
4041.30788591503,6168.74493827449
3110.06464335095,5459.02975768457
3366.9515416897,4929.41497172387
4192.43103252438,6207.16302933408
4252.37467504425,5061.8329395788
4607.22175285907,7261.05067085774
2155.43889810082,1363.33666704128
4386.30751767533,4087.05475000873
4602.89853036114,7171.71150464926
2885.49052844054,4769.77442845967
4256.44563662077,5157.87859008301
4424.51401336549,5538.99210868132
5089.08220828846,6645.10829379286
4094.66846021624,3650.64402725922
4441.48625000028,4339.21729096274
3751.86578142741,5769.72899687488
4429.86265024538,1397.15155582826
5202.25577408265,6066.10655153731
4032.05363231182,4202.70735283481
3534.72859009744,2945.19143903646
3681.98887986811,5573.20490426038
4457.18117580166,5105.19547709929
4954.75208942492,3200.13869325211
4282.95573505575,6309.85807867502
3685.81138275338,5122.75665571228
3705.32619736902,5197.60372672634
4410.16321931345,5067.5727767686
4017.12832467266,6334.97779491641
4654.43544520992,5787.11976482134
4647.97240243287,5321.2698594319
2763.01303972352,2959.6266601995
3997.89792217923,8100.22806109154
3646.35137837019,5881.97169494934
3974.5445569889,4834.05138674103
3320.63831547694,3970.94757778681
3924.55634837309,6221.0868070699
4355.07273792685,5071.89224316715
4451.76182375927,4637.86811545959
3690.22140039542,5627.59296961991
4526.68121350043,6865.61546773154
3325.71375378637,5364.57573434864
4588.72417839643,6394.19613581883
3848.72069673027,4678.6165618126
4919.27731365025,3427.35192863128
3671.53029849787,4572.22744899073
4528.1639322829,6100.60350584567
3641.31409755608,968.526549691256
4690.50210525083,5210.61836567049
4559.56366399569,5504.77931310226
4496.88006555144,4917.19614636386
3822.45020008187,1653.86053073731
3245.68302825153,5360.65417474217
4297.50421289985,5541.43578918227
3669.23842677676,5378.38576402169
3986.35405408508,2113.28842770175
7909.74421266159,1935.40506315843
4081.89128466434,809.05668137812
2966.61412213744,779.39053118171
4140.70328497622,5455.90401166224
4044.8982329572,5417.31550993612
3605.50207751584,1067.75482024919
4101.49652887417,4145.64853370404
4166.32577051359,5315.81375811615
3559.84130928596,1711.99942789534
4735.00571865922,5331.55623629055
4177.57014040436,5732.27713006598
3079.39008865095,4419.69087395909
3506.96995751206,14.037440732006
4213.9731928325,6204.49185270758
4442.27321525397,4750.1674761378
4193.51072790728,5541.71994791157
3977.3733175646,4474.81766744376
4751.09542048127,3699.00767384439
3699.20877693142,3164.56197805793
4619.55643092608,5310.86973451049
4734.50869765049,5759.95385201583
4647.89228714954,4821.83256138102
8583.36195686769,1091.39676309886
3514.82242013055,1501.26729310191
1688.05609814003,6441.70772907134
3991.20085003441,5722.72905847721
8428.89215002078,746.712277311932
4799.1975525057,3143.64798015232
8279.13651216534,3432.01221636289
3612.28420843274,4924.52718786672
4460.07941444189,5806.04465162183
3600.01927680183,5720.00121924696
4376.37179929755,5563.77100358964
4138.50200060701,2314.81384080855
9034.08255741171,2219.22275970016
4727.76832611746,4229.02036659716
4473.44009875926,4897.30503531269
4750.67568295428,7116.64137376835
4495.81759653873,5206.2993221272
4579.28480424697,5762.62502864232
3629.44757750003,5992.79359937728
4321.73690385311,6526.78451434029
3351.5028949691,4417.30427891715
3749.36560755032,4548.47186379209
4379.85839177493,7300.83289296008
3640.16457428253,5753.75944543019
4910.05788399974,5287.90954004075
4411.84499516343,2895.46366140854
3873.43191614273,4984.5984278123
8259.1061804217,1169.82457238633
4020.95402306685,5993.24816877311
3073.46484862335,2395.17388716975
3901.41104554419,6759.34010297244
4255.5665805479,1169.42677130807
4914.46127981437,4405.48293749397
4295.15426372478,4715.04554176707
3637.61541443279,6294.28601116715
4271.40759238218,947.157876676002
2911.81447817287,5413.56436099618
3549.86995312914,6836.68836280171
8249.9579375987,5181.23626848957
5134.94482733273,3228.21353342167
3507.46084132964,4388.37675113206
2933.16439195235,893.053970045771
3932.04004277829,6277.236487409
3844.61358732724,3929.23290718311
4355.88162163294,1730.81077806069
4453.8825672954,5696.30229665209
4014.02719238517,2673.36528315681
3932.97939792893,4853.43084293735
2335.2184992895,1063.20828058035
4074.05821235649,4378.77201693954
4894.23432010614,5017.1629336193
1317.73992075396,1394.76464364489
3604.77777417405,5248.07065533465
4785.99375092939,5865.43382604604
3985.50697411652,5143.89772688818
4556.45607334061,3534.47976957829
3950.05507433022,5648.45030492176
4430.53042728331,4780.57246017316
4785.71896275212,6157.60566237268
4038.62794519687,4937.88264814393
4163.38912723555,5449.59585701383
4775.24905658329,4784.0394503838
3997.09242919259,5887.4277962651
3491.76072588282,1261.66471598239
4581.13821375251,5324.05436126592
4095.52291943047,3235.7154084463
4344.19327511921,4243.39913658407
3585.90418172154,3982.42767502168
4104.50114008121,3874.16319915745
4664.22676959333,4759.94262099686
3844.91758620218,3294.70667607843
3746.5118668936,3463.83799404476
3554.58351748806,6451.4828739304
2338.59909607342,1281.66946938252
3740.6692055345,4809.61373602102
3918.35753497258,6476.31800858723
3449.56026984042,2131.58812301225
3579.97958687063,2865.62699483178
3785.54801022667,4768.06947608385
3553.69759542713,6514.9069331686
2447.68387522661,3334.94346757661
7739.77221385408,324.168273267687
1411.46588292033,3839.26833805702
3723.67424444376,3629.27503710253
4151.03900000851,4538.35589759998
4620.35850462424,5748.01918538513
8318.63609431011,3199.51350176212
4321.84887723617,5075.87046537739
3670.12949294733,6169.48366639963
4415.64827619064,4618.77281799256
2431.37765856797,754.61190055792
4588.04249494574,6020.81156551545
4484.89348936253,6475.6363659211
4096.16473599655,5081.38280644165
4240.09183660447,6688.24375804307
5338.67239330755,7050.88695923672
4545.0199673407,7272.36035742608
4521.97099316137,5197.31956799704
3824.71353705767,5073.25595135465
3917.05651936253,5348.71950811147
3886.28030313896,6816.39934495846
3657.03382198307,5048.87538609365
3062.3823124738,6218.98394790201
4565.25446029542,6804.52134093152
5128.73856400557,4294.5477078585
4196.1597273809,1827.42474602351
4169.2779971862,4492.09468732744
3994.54116488494,2053.38780985032
3973.02179811061,5514.44070989854
3639.29663257752,4727.20770452332
3986.54540431065,6480.523726923
4111.81451006752,7323.67976222229
4563.78319808549,6117.25512281174
3978.5139650673,6590.37940710027
4173.205795664,1607.99733297066
5323.98946029859,7290.88733743449
3984.38620710315,6098.8418908661
4198.63449220692,5017.39042974485
2604.53943748128,5181.06585782304
3829.37232793549,1635.2196969523
4377.1498199195,5760.74966559998
4528.84776346822,3767.20576887697
4210.79996710718,5413.28020226688
4028.39446910509,5240.68252837279
2536.54477126841,3470.48718145386
4297.55719920561,5316.83706782584
4482.26306178248,4075.63173823287
4058.0378819095,5978.64274837117
3951.13826957244,4451.91455843303
4874.52833603214,6549.46055008072
4630.77618742528,6857.5452752483
4686.05468520741,5557.29201541944
4280.2637732902,5812.29614366649
3427.67303602667,546.948690612331
8568.97006012842,4139.56745232591
1804.0205312901,1453.98330168875
4082.53379189966,5284.84045662218
4496.70070574498,3778.06046319422
4179.29569391142,2192.79599787504
3837.83038971371,2994.12361450786
3706.55929892207,6637.03810130963
3374.20107210752,4526.30748290651
3827.98315855502,6261.2098505053
3898.26529584067,339.228685920716
4556.94508627194,6228.07702723968
3843.87656998147,2113.06114300383
3623.68603681202,4462.71259014652
3558.84811364383,6694.72232335802
4156.20929755221,3828.8682131356
4158.8021511336,4074.49510331566
3525.61535014089,4325.86183068553
5705.56502369202,909.819335074614
7153.13218955187,7290.14903216461
5039.37917736656,5677.54782051813
3703.80476610686,3888.65529435188
3555.3083996513,3001.0002980425
8493.90563449923,521.885901259239
3584.63382611305,4695.32484138243
4261.57829513604,6259.95989038057
4317.17711728534,4361.09751311903
3385.29545852929,5609.80471773663
2816.3028878401,3280.72602431123
8829.7216488269,5209.19757202398
4054.50654314849,6723.6498511431
4291.10702856114,6329.97626299648
4275.85726262524,3712.98811418397
4122.0279219061,6937.45096364129
3967.95230904889,5386.62636717146
3317.11118713804,5254.60630610861
2913.30066731395,2098.39842571525
4327.16249605545,5866.79753423354
1391.15902797178,4099.04650209844
4064.01318805096,6219.15435856854
4311.11003012759,5033.07582246024
4289.85078721939,3972.82294082915
2858.45610500365,1190.73867600575
4601.08040981938,6441.70772907134
4981.22487306126,4573.36408390794
4416.38111926951,5792.00712582324
4229.88291588707,5568.09004713294
3864.28190046843,3248.16151850422
2470.26603399812,719.035238220639
3385.2374234921,3578.46771001641
3618.43215129046,4996.36268377647
4941.9873530207,6459.72347708017
5702.89764437213,7756.22601082434
2593.90478534654,1673.4107147416
3750.79613928853,5581.95716226499
4254.32193555411,6457.05230045368
3516.42481776426,1140.10165387234
3997.23312963793,2485.93405845236
3380.82902465502,5837.47252251163
3780.68262527149,5093.14706240582
4004.65451624192,3014.24201025695
4556.94359823506,5264.49477617518
3982.47357283652,5390.15001998586
4016.30600888029,5751.25867947022
4396.36233874211,6481.14870698537
3384.90847972247,4305.80030896783
3597.98349002604,5959.94493484097
3533.00842959044,4362.40455870277
3911.35861841605,5736.4824255465
4349.7300814451,6346.85537608809
4113.47350821079,5452.03953751478
3483.36107444594,4478.5688163837
3660.52696913007,1142.43169202434
4537.03209882202,1126.46203486583
3555.77880082075,4522.89757815488
4518.82443517874,6374.36211022667
4244.77592600107,3829.37986799044
3163.27514784955,2915.9799639497
3911.11377362831,3811.13662385608
3724.85346557947,3429.28416570501
4065.95710515977,5752.96363184604
3553.13015623928,6073.32426783264
2441.72478640213,2412.50756965719
3502.9370430552,2468.42996529838
4058.00704219494,5366.56484545376
3024.4090085902,1252.68527899368
4338.72070885159,6886.87070982546
3783.79749773001,4221.85973576084
3744.17708481578,2895.46366140854
3843.97642632057,3884.10875468304
3126.99668161279,2755.20299719591
3986.05416310774,3184.33934104632
4324.38851338964,4565.40763948747
2187.50083891225,1988.82690426729
4237.36380054526,5612.93046375896
4122.7210480484,7138.35076240285
3222.76742450194,1907.04606425958
8432.78757052764,3772.88894346302
8377.8267006792,3804.60097308212
8146.19499575476,2731.27678990312
4338.78046780076,6059.45715270058
3787.79707820953,5063.70830262114
3490.54050284951,3718.21671937418
4519.72834266242,5055.12687813831
4222.01748652219,4807.68128751966
3099.08574972617,6961.83152890229
3097.07626279566,4299.54881692318
3353.26205822425,5797.00823488791
5012.95163388705,6310.59680680016
4377.39846234872,2277.87320599923
4431.04719794746,6440.34359802859
3905.35425883395,4368.59938814366
2545.56617073384,1783.20952088748
3469.72987747715,4151.38837089384
3328.3249153118,3163.7663759014
2513.03733080878,1961.3770441601
3829.81563172911,4689.13043479679
4012.24123694976,4951.18144581738
3549.49503349293,6724.38857926824
4191.46518313164,3410.01824614383
3875.21922303871,7685.98214208288
5162.32704310454,6823.16206900271
4808.5188770888,6035.75865296096
4003.88264853563,6335.03445752017
3745.37665546302,6077.70039683495
3002.64942420067,2142.72718748643
3668.43690662089,3442.81024807638
5755.81594634626,5290.637379271
4051.62672886924,4740.90398613359
4176.08660015955,2963.66175644112
3983.64460557415,5850.43007599677
4034.4937561556,3005.37621561719
4881.2591342463,7816.63764924773
3854.75742536448,3064.02666191626
8726.49589307256,1304.23165134637
3796.4439524787,5169.4720125254
4134.28562935072,5446.1859522622
4316.58702845911,4705.83871436662
2418.11868794189,4043.35139115516
3241.31020019901,1900.16938072493
4016.56028580186,4562.96395898652
5585.54745224143,5747.45086792652
3690.47469290143,5261.99443307047
4220.54962343127,5870.94658996555
2364.35103248427,3863.47891550673
4370.70071442473,4452.99453074648
3975.71365547923,5248.12731793841
3343.00720059238,3245.6040899405
5157.87476390596,6702.84960130027
3656.94156627469,5439.82071215477
4239.1396664458,5115.99350881279
3342.09144985256,745.575642394722
4971.75721491149,4481.35331821771
7932.37995083856,1414.08743723745
7607.13145632829,2605.96279028076
4462.24856057466,2260.02786865694
3586.93857115724,5383.50062114913
4371.60660696656,920.276439741231
4173.20666397984,6577.2514429486
4244.08845749852,6398.28810609183
2761.7923386861,2382.32987031975
4279.45418496878,4389.28588992373
3937.43667695583,2312.14266418205
4637.96534114824,4415.76973720786
2989.54026251816,4446.62929063906
3890.57777752391,4596.09678225213
4498.64124237177,3867.28630419518
4060.57897681724,5713.57931653577
3946.66893256696,6838.05207098921
4376.68919790047,4966.75351332526
3071.17254374312,2858.69343726575
4849.86853380133,6842.76902132458
4021.05567585283,5052.17154278251
2660.0036681092,3406.94937415289
4894.61938201118,3667.97770974667
3731.22553717358,1493.36772271283
3105.08683983955,6133.62258104851
5024.01458273911,7128.74687392084
4847.37022734194,8468.72527039302
3547.17063072275,1928.4715055924
4239.11545636314,4966.24185847041
4496.50853828521,4167.41500779755
4342.2645306105,3336.93257868172
2580.89062481196,1452.9603091205
3529.53856640621,4703.05421253261
3507.95225483225,543.538785860702
3985.2585257438,2540.09483911398
4100.0822380867,5453.5174166203
4076.59128879304,4166.0508767548
4309.08950459575,6527.46657986166
3929.97228431818,3824.5491695923
3249.55267606106,4496.52747893351
3946.00089833287,4312.79052913762
4534.26475985186,5943.06582174936
3897.46587077545,2167.50587096712
3989.38384885947,6012.17347842886
4108.02318760159,3841.59869335045
4412.17146992546,5820.47966135724
3330.13493082145,7771.11558995558
4561.73968483177,3225.08778739934
4441.80873885105,6620.38648434355
8834.52318274227,1831.74400099443
3954.87199437205,4712.60186126612
4124.73673096507,4384.39852892183
3863.03870824227,5138.32830036491
4128.01452916489,5406.00582336779
3739.476757947,1412.83715997128
3811.90886610482,4234.64687857945
3984.43000788852,6169.54032900339
3515.47260315289,5900.38534975024
2874.56964294569,3731.5721796514
3852.03763146772,2184.55539472527
3879.21315939721,3360.23359448452
4646.4969735245,4893.21306503969
5174.43052246397,6337.93270741695
2670.99119116797,798.713324774274
4025.18596176531,3715.3184694774
3990.82210098891,5806.21506228836
4059.19754748954,4578.99059589022
8803.28225546336,1325.08888093441
4189.70447881064,2578.45626756981
4106.8466610402,1568.66978597797
3622.55671846318,5515.74817833753
4033.04551332307,6032.46207341685
2907.59364347119,977.221827950673
4451.91444911185,4967.37849338762
4072.04731402201,4629.17294291398
4239.98022828411,6043.20344252658
3624.19813976295,6316.84829884481
4848.60634627771,6588.90195085
4116.19631123366,5758.24889964001
3543.07104435568,5699.93969752926
4178.93911180525,1676.70687143046
3052.75407236987,5605.31484067155
4882.90740554871,5746.4850665311
3854.53255972434,4247.093200065
4231.38623904026,5581.90007680598
4347.71025411347,1933.87052144915
4873.487668837,3792.89380257696
3348.40999743697,698.518935679479
4801.47880850876,7187.22606384287
4011.15744525748,6097.5344224271
3532.27508361449,4590.24319699955
8287.04296993109,2017.92463129128
3601.09863709396,5823.15083798374
3473.20558429704,4685.37928585685
5294.8171678491,4605.24652419357
4076.54680965642,4758.35141668381
3811.30805404516,6022.85776207958
8997.03233434187,4695.95024430005
3458.57449720548,4788.87014878194
3367.21632774754,5659.58915796831
4328.95520690697,5919.59439528003
3743.33611744167,5085.87268350673
3367.42352485949,3594.26685079457
4511.02157853888,3426.27216774546
4125.6928337872,3644.90376721416
4685.28553227082,4886.44991814019
3954.19487158417,4830.81189265593
4497.19314034765,6370.38388801644
3617.04455699668,4193.04595603853
3936.18180513336,4706.35036922147
4680.31174937427,7261.61898831634
4113.30421677306,1427.78393027535
3669.21396207643,341.274618200312
4238.47548046205,6719.89912505841
4139.04879336997,5877.76639946881
4347.58523948032,2913.70669411528
4236.34814095739,1324.74795388753
3821.05780238526,5922.72014130235
3673.76884973643,2901.99931218249
4274.79450750454,2693.54055293729
3538.68264160391,1769.39949121443
4142.00861757093,5956.53503008934
4689.35745273735,4609.67973865489
3163.79048240339,7891.14474463923
4237.09490525195,5699.48512813342
4844.65082580775,7161.93593693495
4875.01988923049,5986.54210733263
3041.52947637147,1349.41288930546
3981.57416303954,3409.563676748
4605.15364876172,4951.01103515085
3812.55109414671,4168.72205338129
4436.32365739352,6868.6274656911
7821.45928234846,1356.85789029871
3767.3447389044,3492.253866975
8388.16935957135,1592.08444412972
3804.89943728048,5262.164843737
4539.05148825498,3942.7021155231
3708.45233637137,1278.60059739158
4389.94421050213,5478.35255127713
5172.6562570008,4276.98652924551
3642.15199220342,6141.92026965729
4429.75726773093,3581.59345603873
4408.37218706062,6515.64566129373
4052.12472363634,3330.85170873123
3966.54412240203,3845.6902407682
2718.82295302024,3706.22539013972
3216.81853816004,2054.69485543406
4827.61516083705,6410.56401691085
4737.74571588501,6585.32121257659
4051.77834042459,5550.41554331243
1412.54796150723,2571.57958403516
4734.55215110351,3812.15951071051
4952.84631124338,5233.23731595191
3995.44396961481,6199.09283685084
8917.8484984822,5980.40436335075
3381.68243355559,1579.41094366007
4241.64243249475,6842.76902132458
3978.01835537776,5116.67557433416
2445.38610463894,2401.993696673
3826.20623204021,4766.87617856288
8455.97792464373,1424.14663511199
3453.84839390615,5040.29353875557
8469.19378334214,935.450494743217
3428.61519169887,6006.49030384281
4039.65797259723,6196.25124955781
4207.90763170034,6116.17557335354
8111.60928848075,913.854431316233
4859.31440024761,3259.69827834285
4315.23458713204,5225.05379826116
3842.02629178667,7991.67942649802
3714.91394408928,5400.37973424075
3406.12883470868,6117.59636700005
3402.58200035855,2537.13950375818
3361.82663681813,961.820382536957
4484.19194655337,4523.80671694654
3157.00313412526,6011.32100224095
4426.75775498515,5630.83246370501
4495.49416592626,1485.41127829236
3751.80026231999,4555.63249462841
5251.73909932396,5384.58017060733
4697.38635627166,4637.12938733445
3169.09447927951,277.679910439502
3385.09883215109,5639.12972945854
4468.82687532208,6667.55683340776
4114.58776539208,1369.24723203905
3261.70451714988,4577.68312745123
4103.11781090721,6343.55921939924
4182.47767845452,4929.8695411197
4797.65211189042,6334.01157066573
4715.33580058594,6955.58003685764
3690.61466941451,5722.10407841485
4462.22185289352,3317.04146763055
4448.45975659691,3922.69725640916
6848.24822091653,1257.45910336043
3940.15606228031,6690.85784921055
3630.88442558733,5778.7654136088
3669.87944018799,4573.07992517863
3507.33374644293,1983.31414034777
3152.35474475236,4792.39337874109
4266.61345936899,7126.927750627
4873.02852325448,6445.51554061505
4381.31811825697,5868.21832788005
4063.31064741922,2098.39842571525
3816.2794033227,4896.45255912479
2312.17894605714,1777.98112712489
3630.42022967471,5122.92706637881
4035.43102690527,4204.5260532734
4181.92290656398,6419.48626272674
4441.88427562541,8507.03003624509
3845.49286779879,3032.08713617161
4625.3330085239,6446.65217553226
4622.33855084351,4960.33118775882
4178.1765873102,5812.06864754094
3580.40542302725,5975.40325428607
4384.67907987083,3848.30475479093
4192.81737005295,5092.12417555138
3562.35681868689,4949.53315604533
3514.79687621226,6287.69369778943
5036.11324524506,7569.36289215086
4068.96244525037,329.510441521501
3166.48652055424,1229.8957066181
2804.42702226424,3347.44645166591
3537.44607834046,1550.65414368296
3925.03292180929,5392.08204563197
3182.05224121397,5743.245572446
4802.14761266004,6060.30962888849
3838.18330536912,2416.25829574188
4301.7008373904,4943.50916012622
7746.72861405973,2478.14823612605
3771.90885056208,5160.89058804257
4216.65943661081,4594.50557793909
3768.7104486549,5221.13223865468
3711.91732555624,5658.85042984318
5161.01722419145,5482.44452155014
4212.9935340118,4559.26989550559
2654.90029754856,3619.04532284764
4803.03069034047,7218.37019885862
4697.20436155216,6464.7812487486
3737.32439713441,5869.52579631904
3985.88397249987,6665.62480776165
3693.83459957538,5827.81112571535
3842.05846759637,4855.8745234383
4156.86010657513,4994.82814206718
1776.75431281492,1131.34950158154
4327.55490802788,3731.11761025557
5013.8529474139,7558.33736431183
3611.44221871684,5623.84182067997
3453.85599779241,5374.46420441522
3395.30479711573,6832.0280750701
4285.38633913117,2634.60594790891
4165.33444541234,6746.61004561284
2804.60616464026,2083.90633052083
4008.28795721586,4806.65840066522
8567.86761282776,4448.61840174417
3556.65065813617,6077.52998616841
2338.53079118492,3425.13553282825
4222.96565351076,5968.75385544935
4004.85680398368,4565.18014336193
4258.59216186158,4635.08319077032
4607.72800105997,5788.02890361301
2872.62980880385,1741.66557809175
4922.17947553677,6670.51216876355
4324.68200374072,6422.49868354155
3861.19973853484,4827.4019879043
3819.63693256913,3355.9143395136
3454.29577902887,5567.29423354879
2826.15287143578,3793.12087584725
5087.71213826134,4798.24738684892
2821.93715493685,6902.72651320739
3474.03022600347,3079.08707456928
3786.43058331557,6246.71775531087
4332.75246074958,6574.8073395924
4140.72573452423,5021.42531455884
2643.52106272089,5269.04131584402
4666.19701214006,4486.75233407446
3864.95357976668,5741.37020940365
4117.8113189874,4427.36315965025
3769.99665430976,5913.28624063162
4756.9202848006,6606.46270660774
4452.13163802207,6613.11210544446
5360.6517026829,4923.50430101228
3170.42226432475,6148.91048982708
3912.46914350148,1553.49573097598
4743.27988459656,5041.03226688071
3548.84753030903,2623.80791619542
4382.79298103428,6257.11830308754
3652.30997740484,7111.12903270408
3594.68926895074,4862.01226742018
1518.87378755025,1610.10008642473
3572.2868917186,5852.41918710189
3958.08737867431,5069.44813981095
4392.60548225588,3744.64348119931
4166.97787408287,5499.20988657898
5578.92459978468,6881.52835657248
3516.28400629764,3467.81621625499
3948.43616324429,4685.15221258656
4139.9899409332,1615.32869161495
4060.80067534224,6268.31381873786
4154.36395121065,4743.29100403078
4193.04166669389,3982.54142308445
1423.90899215051,1362.4274225358
3738.00784882726,4359.67671947252
4043.9394486967,5628.55919387059
3667.43965215998,3284.93153121938
3858.49567236933,938.178439687283
4066.75555394412,6644.02874433467
4398.6681060499,2644.32421873658
4082.31131650479,5367.47398424543
3540.59469861756,2928.7671067683
4015.70831111796,4411.10944947625
3566.58037750997,1877.26606028658
4843.12466556605,4864.2855372546
3685.01917431795,6322.58813603462
4320.16500302498,7857.61401458154
3813.57745920359,5748.30334411443
4059.10667924061,7856.70403007937
3101.48444177294,4572.0570383242
3830.71320792317,5792.68919134462
4522.38770460041,3859.89817723332
4569.50250141313,4116.15268846034
5221.83218015378,7064.52657824324
4692.7842697719,6311.22178686252
4209.36932148562,6037.52026794053
2039.68381727325,850.714372236617
4267.61215495933,5938.74677820606
4319.06489308799,4302.84497361203
4128.83027834958,3588.46992814575
3850.04187509213,2435.06964590723
4495.12457843371,5567.12382288226
4295.84499361567,5387.87675015144
3727.31476523914,6369.75848509882
4172.70197476674,5749.32665382412
4952.01165147332,4363.76868974552
4176.91539294657,6445.40179255228
5002.96974232533,7599.19955872762
2775.64545219122,314.961525152598
4176.00814504983,6819.07052158496
8203.54351920307,2136.19153671247
4018.60427901895,5609.34972548555
3469.76781148834,1381.57969974802
3924.0112764226,3035.6676630174
3877.29016969482,5533.82058895011
4283.91833301728,4689.30084546332
4699.13694229513,6838.10915644822
3666.39960411985,5376.68081164588
4052.74046601881,4287.784560959
4260.75494115044,1063.15140654896
3424.02670390548,6890.39436263986
3944.73173421624,3029.13201224344
4254.63739687614,5434.70585502733
3925.65917769638,4130.87227978031
3868.06648895489,3953.67055790312
3785.48555450916,3149.67197607143
3085.51528663344,3866.88882025836
3346.06171564041,6860.95517999993
4596.52011786269,4350.58364013484
3899.73204191729,5365.99652799516
5316.75806228258,5819.22970123251
4004.87103808643,2270.14404627668
4730.25431412604,4775.17344431641
4472.44021426553,4613.31671667681
2763.4223337631,2309.52836158695
4394.79027303158,4456.51818356088
4373.29947373953,5904.07941323117
1756.27842553964,1104.1271375999
8113.72059183792,2855.45415460828
3836.95416320758,4165.71005542174
3982.94881886202,3451.39167255921
3739.60370116171,501.994790208069
2830.33330018289,2599.31339144403
2391.17311759283,916.923303307174
3743.05232249546,4094.89744636642
3765.39143963788,123.609044768885
4354.65272836582,5195.84211174677
3888.11415120611,3490.60557720295
4079.27166629215,6591.28854589194
4185.78245962618,4787.73351386473
4455.68980840798,5057.51347318025
3588.07040576706,2094.36332947363
7038.16764027999,5045.52214394579
3879.59840161556,5907.09141119072
3946.71919246586,4104.04761116311
4680.72651273516,5739.03985411022
4756.37130423391,5079.10953660723
4521.7195220188,5293.99062141887
3866.32747866664,4902.1923963146
4244.14323596398,4895.65674554064
4155.87706067393,4269.99630907572
4017.0942651866,3105.62737302955
4868.86296155937,4615.07875451163
3269.55108772154,5662.54449332411
2875.84396238474,6927.27791199017
4588.24425293903,3540.84500968572
3726.73635682107,6325.82763011972
4809.90902005996,4907.81890829688
2963.59847501966,2970.76572467368
8213.3049705402,1502.11976928981
4132.94865493407,5650.95064802647
5114.48868572275,3769.47903871139
4003.8576062548,5000.17049532017
8958.30193178057,3801.30481639326
3629.78659177516,4226.17877930414
3812.65420188844,2824.87854847876
4313.99749984587,6136.12334700847
4703.84131771374,6704.3837201543
4424.23363371805,5217.83608196582
4259.65193469987,1866.35449193794
4144.59858184356,6634.42401014214
8555.98193934446,6480.92163371508
3297.82863347009,3749.70167572299
3671.94337039196,6825.71949756643
4267.88423671958,5208.17468516954
3435.01063974042,4128.76942061242
3402.7704701152,5686.01591979344
3720.72957605756,5571.72744801011
4075.40858832016,4887.47322784988
5064.7326852347,2293.33131401671
3699.10099531658,5892.99722278837
3913.3520834196,4974.53912422394
3992.53143086309,5503.52935297753
4353.50052805702,2694.39302912519
4174.42294124154,4995.05563819273
3742.79244592406,3687.52757660952
8924.95224147932,4232.43027134879
4119.10361191691,364.632455177589
4255.7555740282,2153.98000002338
4518.94332185323,5526.60287265478
4732.09451244585,6928.41454690738
4222.57071898547,6178.80381900759
4508.81359780478,6644.99454573009
4853.6249038623,4851.66922795778
2683.27504050987,3458.04107139594
4160.01648223057,5597.58589237663
3581.46710545434,4644.176270108
3889.92556998692,5477.04550569339
4572.74319537314,5708.23696328279
3858.22515098399,4160.87935702359
8273.31129585583,1094.52250912119
4335.91725402614,6121.63125181405
3681.8673441169,6613.45292677752
4309.3464546024,1268.08672440739
3922.09273994891,2130.73564682434
5559.64344494816,5442.20773005196
3982.2881249974,6163.57299568804
3814.963013647,471.135131063064
3406.60237437206,3304.53848354125
4178.9769256306,5301.37874838074
4571.99026999017,6809.8066087255
5158.78595270462,5569.45417817569
7812.4888789775,1173.74602627899
3919.98447714093,4385.8759851721
3942.26048354181,3940.88341508451
7739.41132802282,6441.93480234163
4073.60737595577,5759.66969328653
3744.49220390222,5480.39874784126
3807.49236776779,5393.27576600819
4608.72505776842,6918.07108458972
4592.73282205321,6226.99747778149
4484.68085030903,6493.76543913745
4121.22068373064,3975.20995872634
4659.86913866759,5921.58350638515
2459.92448614496,1751.27020657046
5410.39908474281,1900.56707608938
3766.431591469,6200.68404116388
4169.91803535688,4158.26484300086
6960.77909091161,711.647111258776
4742.27073770834,5416.34928568544
4256.30255949443,3906.27313556863
3910.53054681202,5148.3309413495
1685.04008017148,2185.97618837178
3860.01084191821,5108.09372699608
3872.2042169093,4729.42388889872
3936.62717623663,5220.56392119608
4481.13465253898,4973.2320786402
4988.26031772391,7208.42464333303
3563.75087505753,2021.90285350151
4310.56748034138,3510.78084698342
1679.03377300973,4694.18820646522
3268.08953658272,1308.49403228591
4282.77695149367,4637.64061933404
3743.23304203535,6626.46756572168
3722.87494352947,6341.51344569036
4663.82420322388,6877.26597563294
4350.71176357709,2222.91682318109
2770.28494036802,4937.82598554017
3545.97714604899,4369.0539575395
4082.35936853488,5377.02163297894
4194.85091740158,6152.14998391218
3763.74267961824,7034.63324906272
4055.31471056948,2581.52513956075
4619.34376548589,9026.30135988813
3527.35947545347,6494.39084205506
4019.28404108627,5000.00008465364
4005.60263366666,4131.21310111337
3613.26192675204,1438.24092922816
4801.75360406053,4793.75750978384
2402.83753282653,1528.94443790701
4256.1919892434,5120.14214168955
8439.79020092935,2000.19325343938
3723.94520665197,2373.40720164861
3726.56213117971,5432.77382938122
4326.19028879739,5957.61500240279
3766.62749366122,6153.11620816286
4781.10046126677,5012.04807649186
3854.40386941917,6804.12343413945
4354.61390168523,7358.74461113401
4870.68382247319,4188.89732316176
3997.6462859441,3234.57877352909
5243.71996124329,4999.82925113186
3843.4718581381,7867.38873658534
3966.19638533617,4737.55074398572
4457.09352550958,4383.65980079669
8087.33374805779,507.848481174462
4049.08045302832,5113.095258916
3770.61533625539,5308.25522048775
3404.54117959318,41.0325200157359
3673.40315097846,4690.38039492152
4607.215194025,5605.25817806779
5123.94885860501,4688.95960127501
9243.95154604389,2753.44117078871
4121.72125514535,5497.10702741109
3837.70616422256,6688.1300099803
3761.7396814576,5670.44385228557
4289.48907428827,6093.61328567588
5049.41548108286,6097.87566661542
3248.26401220979,5333.20452606261
4375.66438947631,7116.81220729013
2022.34421849741,1162.89112053411
4329.87861618,6988.76994558226
4176.82149753654,4455.15405251813
3237.88755630915,4233.16942232918
5527.58975557683,4148.60344620458
4090.53780439773,6055.42226788658
3777.1209782419,5251.5938852938
3943.93267580952,5959.8311867782
3784.96814860878,1043.20352718022
2933.00584101807,2719.79669266825
3985.50045238967,5911.18338146373
4322.04751266469,5258.98201225566
4640.03354321706,5920.61728213447
4711.43547912229,6726.94600783196
4553.03114196282,6677.50238893334
4593.36291844553,6760.13591655659
5152.89433134594,5277.67982578586
3453.49373807988,6328.78296547551
7996.30873402283,3486.62735499271
4008.61910433793,6406.35829857507
1779.8800852359,1274.67914349892
4692.09745418961,6851.63502739196
8257.34920228757,2634.32178917961
4248.62945911437,4914.46830713361
3868.55951432927,5186.18071495048
5269.8790839797,7906.20515729225
4034.01386930102,5552.68881314685
4172.38282840041,5712.04477482649
3716.82976875933,5584.05959857763
3708.33081645371,4859.79608304478
2602.56602844328,2604.14408984217
8736.68477257344,443.571734320729
4540.14075508252,6501.66522095415
3294.74212271298,6419.42960012298
1304.91882785608,1216.14244526262
3483.54978964013,1832.0848223275
3520.96657492914,6705.86159925982
4040.8304797953,5400.15223811521
4583.50291459488,6112.08360308054
8107.13302347198,3791.24551280491
3467.04984806435,1678.98014126488
4698.63352172586,5393.61658734125
5057.62327219926,5433.22839877706
4019.86066552652,1952.56812355172
3822.14076231157,5812.01198493718
3205.29221369893,6204.15103137452
4163.23591823819,5666.40896747157
4139.5291555628,5871.40115936139
4150.14115383819,5851.56671091398
3651.59980819907,4603.25741308845
3289.05562665513,4367.86066001853
4792.04686617344,3852.51005027146
4199.2939689521,4553.13215152371
4952.98573261011,5933.97274241168
3581.79142211562,4180.08840255339
1853.64345530132,1902.72680928865
3627.89749148427,4819.50220608759
3777.6695245205,2944.67999560924
4324.84794292,6130.61058308895
4141.17167099458,4169.97243636127
3802.12694784749,4818.42265662939
3843.88862949518,8328.74918776495
4439.49461441852,5036.59947527464
4335.09332454607,3392.11624619778
3183.81671868419,2235.81771406247
1493.86279758733,5879.81217317769
4264.24757143994,6622.43268090768
3342.38038318857,1753.99804580072
3988.3384159893,3335.11408967076
4611.28176109449,5315.13211545002
3688.0267467217,2723.4338821178
3173.75510630034,6289.68280889455
8979.24908026132,871.96945575982
3652.83703376932,4813.36446210571
4118.69386286399,7796.86070911458
4568.33730586186,2911.37655024947
3363.9627902619,3112.67467865836
3978.43791759784,4276.70237051621
4682.1479597472,7219.62015898335
3693.53474520491,2051.1145400159
8923.37199782414,944.60044811228
3621.66241330425,4657.64547844798
4140.95670154302,5824.34455835996
4126.70348682787,5636.79979702036
3882.70142241029,3612.62342013646
3813.14775047704,4323.41815018458
3850.79836017836,2817.26313681898
4302.36389765806,1137.8851523555
4534.8927111975,5996.03309346238
4183.4879286996,4705.09998624149
3151.63234287679,4352.17484444788
4754.19270967757,3764.53459225048
3698.56458577753,3187.35155043351
4200.964284731,309.903489199634
3987.44846434894,5885.94991715957
3634.48803700936,3945.94160960819
3785.50783036234,5284.21547655982
3921.72998255602,6677.16156760028
4488.07376250224,4905.716049129
4359.97701959514,4509.9966872735
3516.81329311313,5515.52068221199
3931.7624706932,4740.22192061222
3584.9282198827,4153.6049781245
7767.12870159929,945.850725378449
8663.23552790723,2606.70151840589
4653.2177349121,5165.83503450348
4809.68101715457,5097.75068753367
8439.85961582088,1504.44991315562
3674.9948610962,3003.15981981415
4561.50483249082,7039.40686200185
3561.93264473466,2500.0851208861
3397.11547072017,5315.75709551239
4174.1267855599,3613.1350749913
3861.6569883464,6494.8454114509
3735.06948131469,4967.83306278345
4228.03606942787,5275.23614528491
2732.91585924987,1624.36489692124
1916.56931206427,3313.85884757684
3363.0622324327,4859.79608304478
3438.4417710844,3723.10450323134
4353.43118739735,5604.91693387948
3618.53727720071,1818.27479265445
4289.26884497446,6128.84896810938
3437.99155058983,4674.12668474752
6695.29990277379,1519.22616707935
3902.05843507015,6223.98505696668
3392.45699003533,438.968373477411
3987.32718624699,3171.66594629049
4436.6979354948,5259.37991904774
8391.25786992816,1482.17188992107
4321.09174329095,3426.27216774546
4446.07458001319,5134.74798494675
4527.28484424842,3518.33959603944
3417.4619205234,7984.46213305794
3873.840095453,5247.61566308357
2327.50915669952,2061.96923433315
4014.61789615339,5484.31988459248
4639.98261366092,6756.66892634594
4123.0744402215,6312.07426305043
3439.90307122982,788.199451790085
3349.77598693965,3917.98030607379
3775.08696874555,6935.40476707717
3038.02502697725,2425.35137507956
3536.29593980658,613.271316888753
3966.97830655253,6614.76039521652
4560.2071239666,6194.37588651547
4377.94668798847,4073.35846839845
8068.18149215196,1466.6568021584
4707.14612402668,6877.20931302918
4368.73322275817,5286.14792506118
3700.28493523806,3963.0477959701
4858.06489575677,2351.47010546093
4680.2082991315,5148.21719328673
3964.45903372777,9456.91600569932
5297.88172964155,4788.3584939271
4256.30100649151,6149.70630341123
4857.21740718792,2085.04296543804
4309.17022713116,6473.24934802391
3628.92378289425,4923.04973161644
3274.54512908459,1880.56242840306
3868.78585719382,2829.4250881476
5043.23807558433,4798.30404945268
3133.81257293486,5208.74300262815
4141.01623444437,4953.79553698486
8269.58724922133,4500.05113174791
3937.8404621254,2650.91674354192
4085.90501402,4573.47783197071
3662.63386318614,2631.7074865845
4188.21917410418,6074.68839887539
4864.87765739078,4168.38123204823
4076.54571073651,5980.68852208005
4452.28232339211,5778.36750681673
4278.25249308651,5849.97550660093
4430.45241495513,7394.09361877503
3875.45347819827,4400.59557649207
4658.33930670068,5203.6281455007
3822.10667431534,5006.76280869789
4061.84500925422,5734.72081056692
4390.56719481516,5806.10131422559
3777.04591988624,4295.28643598364
3890.54835988699,5919.19648848795
3241.58350337261,4588.65199268651
4130.38236263666,6037.74776406607
5210.50895402066,5125.37074687977
4454.04553784604,6555.37122079231
4019.14764852151,5021.99363201745
4187.49090607385,1988.88377829867
4225.93256377393,3766.06913395976
4806.45297580194,5655.95175709114
4231.67268441617,3745.04138799138
3224.20150046879,2798.28137598711
4547.78082356598,4093.13583138685
4630.61696731135,5432.48967065192
4817.68227974376,6456.48398299507
3988.61115975655,6057.75220032476
7583.48455512934,7987.30372035096
4594.30080123876,5543.7661444757
3783.82132206976,4642.47131773218
5133.63687703226,2788.16540979499
4229.85015368523,6527.29616919513
3861.67078217538,4306.1982157599
4421.65754601954,2727.18481963012
4235.72745920428,3034.92872346464
1843.57169397574,486.934377555041
3347.10609838575,4192.76179730923
5030.21684506943,5129.34896909
3287.53503646098,3949.7494211519
3108.34188710384,2966.33293306761
4403.46994093996,7212.00538160644
4245.03908894453,4767.04658922942
3546.75707662826,5903.11318898049
4571.20712459544,7671.14837984489
3758.38924329393,6053.71731551077
4021.24029081609,4361.09751311903
5082.87425225428,5343.03633352542
4384.01425016527,6587.13991301517
4041.17724331278,6144.98893022061
4835.35052463745,3281.74891116567
9227.19698967418,3537.662389632
3777.92893587219,3461.0530693555
4437.09635295671,4531.70649876325
4943.53503652777,4183.95287670085
4874.27596092488,4266.75681499063
3539.72512109821,5260.57363942396
4124.04756279966,6590.03858576721
3438.0698656156,4768.80820420899
3985.95511159832,4177.81513271897
3828.32122000546,3633.08284864623
7317.97507471972,1168.80157981808
4166.11554052329,6546.05064532909
3367.17618043582,6360.38124703184
3955.78623180649,677.548063742486
4228.66622438185,4813.76236889778
1542.00500396853,3697.87103892718
4751.59504102456,6620.27273628078
3647.38032063754,2586.98102944888
4280.72892699386,3571.93205924245
4176.55827626203,1990.98642603893
3753.48421208499,1831.40296823375
4045.67356228862,5628.84335259989
8109.79841286026,5377.19204364547
5034.23700508783,6086.62306550609
4036.42021362404,5785.13065371622
3862.20071194867,4129.4514861338
3843.58169845926,5356.61928992818
4215.16023665505,5962.786522134
3782.49740452508,1008.5929305229
3725.57749305164,4882.4150333262
3576.34473900316,6556.10994891745
3744.78898627959,3142.96591463094
4488.44031165117,6486.15023890529
2171.28803378849,2110.50371444011
3798.33473510331,3111.19701098046
4065.24765732166,3450.48253376755
3541.81765523369,3897.74837368955
3622.88319878268,6001.88667871496
3181.17602013819,4953.79553698486
8263.08368170226,172.427511820195
1976.03898094984,582.070730696872
3988.58741511269,4249.53688056595
4307.70980213644,5608.83849348595
4405.3970183665,4544.77780031116
3320.7153535981,3504.1885336057
4022.64180343664,4131.0993530506
3466.1424530915,5837.75668124093
4017.37047280957,5608.21309056834
4566.06353796021,5616.62452723989
2488.96238163106,7460.13261489121
4505.09899938812,3563.40729736338
5022.90268554917,6164.25506120941
3476.95648065787,2011.84376134078
3653.58770007473,5366.84900418306
4103.40995147876,4607.34938336146
4776.96078253405,5897.14585566514
4687.20301736962,5416.74719247752
4427.71635520365,2820.27534620617
4679.82170309202,4436.5699870507
4823.45647890628,4833.19891055312
4083.39913009662,5716.30715576603
4214.5669027313,6140.78363474008
3175.82258516592,4373.20259041626
3995.59017569222,4888.38236664155
4726.23373165695,7088.96422896324
4363.5145289463,7218.37019885862
4194.75184196218,6310.65346940392
4340.32452864302,4606.66731784008
3776.00634829519,5042.39639792346
3814.92353971358,2275.54306213343
4631.1110627827,5947.95360560651
2845.86275980628,1639.19791916254
3896.74388471273,1877.94812580796
4250.60959540796,4317.8487236613
3240.10719171605,2490.7647568505
3841.21942927355,5020.57283837093
3733.15259743034,4465.04294543995
2904.84982072646,4921.34477924063
4773.70048562709,6775.93505733475
4389.85398094824,5310.30141705188
4229.47986091527,5333.77284352121
4735.48235156371,6839.81410882403
3970.13713898431,3787.38103865744
3918.78931798776,3794.99666174485
3906.06110823658,5205.95807793888
4103.61428784154,3993.62361352724
4642.42105714639,4200.83198979246
4597.07318064357,6982.80261226691
3909.32054183674,5216.3582028603
8630.83328430733,2642.67614039215
4203.8881432587,4326.88471753997
8443.53472932367,507.393806064815
852.51643229689,2582.26386768588
2577.34672908728,5638.1068426041
4509.09583702583,3377.39686630544
4300.26009929054,4957.2625271955
4221.80882242578,5341.27471854585
4211.46595519292,5529.44445994781
3288.19905405491,1320.14454018731
4730.59132863179,5142.53401870068
2865.0226010142,2245.76326958806
3959.74446286547,5572.40909067623
4939.26592375448,4950.89728708808
4478.71617150394,5367.8718910375
3169.73516233516,3055.1608672765
3806.62952619571,5120.36963781509
3943.56245721036,5230.4528141179
4551.35650112193,5340.13808362864
4137.81764106027,5412.59855960075
2277.49412878936,5451.86912684825
4460.5345431745,5459.48474993565
4913.33559715617,4328.98757670786
4097.57382026166,3846.65646501888
4819.77054005467,7172.96146477399
4085.07656984642,6755.81645015804
3798.14122971936,4992.78236835831
5072.76663726783,6273.144517136
3920.2410617302,5346.95789313189
4546.882670767,6987.46289999852
3817.26153955863,6177.49677342385
3835.32106567925,5549.79014039481
3983.12021943604,6296.4455329388
4277.76094458878,5665.15858449159
2872.05443230179,5415.21265076823
4094.98204431701,5981.14309147588
4138.76018296783,4392.75288013437
4250.63035841889,2565.78266138634
3822.04314087582,5423.453253918
3085.37015646461,2107.26422035501
5025.54565361189,4076.65462508731
3783.78952575384,1621.69382600856
2797.99803899127,3069.31192971023
3064.24363186817,5606.50813819252
4040.94156408099,5131.73598698719
4453.45870790539,3815.91065965046
2975.90166052948,7649.95064606523
7773.65878689902,1580.88861133797
4280.36004517829,4528.80782601122
3856.79493086063,5214.88074661003
3958.70625086349,2986.79236157738
4477.85881939899,5629.24083653672
4479.40657260875,6078.09830362702
3702.60758706705,4075.34757950357
3734.30286929987,4008.00196065889
3777.7326805517,4449.92544732792
2418.21596454885,3709.29405070304
8152.84330715535,2756.28275808174
3255.03365444752,4102.96763884966
3959.11321160167,6460.178046476
4817.51331946206,5863.04680814885
3740.62358574327,3213.32353143517
3408.78899649023,4090.29424409382
3673.75630349377,3560.22446588204
4380.24308689112,6102.25179561772
4204.11924071062,5219.02937948679
4349.29622182442,5720.2287153725
4171.98518537705,5726.59395547993
3409.41690944204,1484.38828572411
3708.81085725597,3624.33059064161
4293.82550940173,5454.71071414127
3982.25632331787,5735.45953869206
4540.55242058581,6525.87537554862
4508.13945705385,5495.28874982776
4736.49562056102,5616.56744178088
4360.26734632059,6773.71845010409
3944.93757444109,5649.81401310926
3270.40301414471,1843.90595232305
3700.86977907967,4053.29694668075
3955.03006437494,3400.41372337893
4589.96281843559,3258.95955021772
8728.70446344919,1370.61115165418
4369.55721834057,5172.59775854773
3303.16266139862,7063.56035399256
7485.74239723296,601.450345463916
4584.74231554031,2810.61394940988
3926.74923288724,7089.87379061016
3939.19825996752,5080.35991958721
4320.76052787038,988.076733695551
3966.59077590282,4577.796875514
4441.80179070155,5777.62877869159
8829.43597666784,3235.26062762284
3846.90879667148,4452.99453074648
4223.28789414304,6400.67512398902
3987.54049074315,4939.19011658292
4074.22102305977,7238.65879384661
4435.99855335845,6929.03994982499
3981.20264999665,1821.17325397886
4509.33699686951,3157.79904258605
3916.82470062906,6203.01439645731
3500.57230046154,844.917502444704
4220.02833490139,4520.85138159075
4002.05296361461,1406.01735046802
3867.1947960317,5800.02023284747
3833.64976308703,2794.07586907896
5227.50382053272,5418.73630358263
4292.33784817457,6065.87947826701
3989.60061715732,4854.16957106249
4986.99518980814,5655.66759836184
3939.50519341066,5054.16065388763
2801.12103852782,1016.60624897475
4802.27853116305,3300.78754602893
5060.27055688605,6117.36887087451
4353.59001367588,5592.75519397849
3813.81172670564,4041.87351204964
4684.0419750562,3808.12462589652
3696.7347748378,1338.67173162335
4678.53536575943,6325.03223939082
2006.65784728794,178.281176358134
3980.53333697309,5319.39449638956
3773.01187152874,4398.43605472042
3611.72800534458,5280.29391695334
3928.17893619426,117.641711453534
2296.92572489106,5099.91020930532
4205.490163082,7491.04925378142
8478.36209975164,2161.424789589
4210.0648168049,1368.28100778838
4474.1521910546,4267.32513244923
4684.96243213438,5151.85417130865
8475.15246791626,3607.11065621694
2858.35528086498,3855.74954435656
2150.97554313872,1712.16994427569
4284.90817926282,3662.40786036814
4368.36435167467,5926.07338345022
8699.63902141937,5064.67452687182
4420.17295881921,5317.4620478882
3634.00746768755,6029.56382352006
3307.8583241222,3366.99652995639
3793.2548355265,5839.12081228368
3870.98377819883,5084.33814179745
4784.50210222057,1817.19503176863
3721.35598746537,5731.70881260737
4122.36454493493,6046.10169242336
4177.9844807416,1453.2444678498
4390.27728760703,5659.41874730178
3649.61778046428,6441.7643916751
3923.14299834413,5135.20255434258
3958.34982950187,3622.17106886997
3595.70644917833,5834.57427261485
4204.14585320826,6609.70220069283
4154.70721668778,5529.84236673988
3987.88949637269,4204.58271587716
4302.08010332123,6068.89147622657
3206.72176975168,2398.58379192137
3981.3840761212,6004.61451794521
4267.8402007975,3957.42170684306
4632.92537821449,4841.15535497359
8977.14286566449,1818.04750795653
4689.93454486058,5581.78632874321
4580.41011634629,4951.46560454669
3350.61074198727,6748.14416446687
7595.20481300399,4735.33455961032
4580.29120637667,6699.7805178817
4655.01422482412,4319.72408670365
4562.86000839539,6729.90134318776
3908.11904349061,5963.6389983219
7915.23678355776,1204.49193736122
4355.45147479741,3981.34770270823
2487.99694839362,2141.98845936129
4228.37198270939,5093.14706240582
4648.80546289904,7370.79260297223
3779.59017784089,4266.8705630534
3997.04482568315,5111.50363174771
4308.32975231913,5971.14087334654
3164.99529539377,4722.88823812477
4107.78787857514,4192.53472403893
8226.46744077384,3032.88273832814
3917.0147429806,766.71703071206
2273.25694134528,916.525502228914
5513.5506986017,117.471208287417
4318.08112837672,4683.44726021074
6760.16846348285,891.746924462031
4453.9244125176,5236.19265130771
4312.26664056016,5201.97985572865
1893.42881492121,3221.90516734563
4583.58721757487,6719.95578766217
8454.73626223753,3233.32839054911
4255.47583487763,4675.71788906057
3326.016060052,4905.48855300345
3617.27514350865,5196.12627047607
3683.33531648597,2451.49397817538
3653.23172359589,2222.63266445179
4735.68917850279,2199.95684013898
3089.25235346491,6536.33258592905
3131.02120265299,3747.14424715927
4702.46688425888,5114.00439770767
4071.56996844191,2672.34218487475
4001.26610933549,4634.9698655628
4284.49779274073,5610.60010846553
2367.57366413101,2477.29575993815
4421.00463958553,7223.76921471536
3610.08113320249,1527.63728660946
3243.37930648896,6026.32432943497
6990.09153810526,5608.95224154872
4133.97558012576,6808.78372187106
3967.8265134998,4845.58814657965
3661.24681455381,5792.57544328185
4187.23985357044,5698.0072490279
3660.52516592454,309.164681789138
3621.7610320831,1746.7804352192
2720.40027659961,1419.20229436489
3388.38744342371,3716.56885245738
4409.37241133007,6319.06490607547
4387.73924670548,3333.40913729495
7763.24281463861,1156.8101448698
3604.43014398247,5922.15182384375
3140.18265022604,4570.86331794797
4706.79376064567,4806.77214872799
3015.11991901509,1486.32062851165
3894.91250158544,4753.06614888984
3711.57657823122,4029.82509735617
3619.93314616685,5936.01893897581
3358.23625316766,1988.03130211076
3821.96165679722,4564.10059390373
3692.54481059573,4476.46595721581
4412.80053989564,4872.12865646755
4454.89767030565,3766.58078881461
4287.13319076843,1564.63468973635
3851.44710939645,4928.05084068112
4439.08637533989,5625.66052111856
4804.7340256595,4298.63925527626
4229.27916004948,4855.36329143871
4139.33662483856,6076.33626579219
4434.05326231204,1266.49541438054
4129.3373609803,5288.13703616629
3048.83331250008,5872.59445688236
3860.01813355857,2967.81038931788
2919.35416976715,3408.71120056009
4032.07178038081,5378.38576402169
2887.03231863371,4933.22278326757
3875.27744300063,3695.48402102999
3785.66125467462,2016.67445973892
3503.87786413368,4824.38998994474
3504.08572371486,4056.87726209891
4233.95237386548,5568.09004713294
4191.02754305064,6517.80518306538
4327.31373019471,5028.58636825041
4367.57196718219,5137.13500284394
4015.73336595528,6129.58769623452
4728.48946342724,7082.82648498136
4073.90811993394,3579.14935268253
4262.30833564567,4740.67649000805
4170.95219389338,5544.27737647529
2805.12089044077,2756.33963211312
4212.00581436504,3156.94656639815
3393.66117577285,669.762082845455
4363.96575178277,4392.01415200923
4618.33920360454,4772.3889424824
2241.04021009907,1266.8932154588
4733.48589611334,6882.7220769487
8652.52135520408,2371.24767987696
4241.35439759697,5309.61935153051
3454.55360648158,5715.73883830742
4855.65968559024,5595.88094000081
4581.09890319503,6399.48182646806
4119.9057303662,918.912414412291
4560.10485128259,6761.10214080726
4096.34647961799,5258.6411909226
4511.40522105434,5794.7349650535
938.776378307603,3528.45556223155
3835.0937821146,6401.30010405139
4442.40270494062,5302.0037284431
2825.76887089154,4601.60954617165
4028.85710167608,5026.19935035322
3926.41878645127,6489.10515140584
2319.15126801088,4844.84941845452
4260.96497823527,3491.34451675571
3815.35360559065,4867.29795806941
3960.26648116288,3887.12075264259
4079.82838477938,7229.16823057211
3966.4379974517,5248.24106600118
3003.70186690818,562.293261994662
4454.062655622,6196.36499762059
3475.49958288467,5099.79646124255
4700.68924264077,6942.05416591389
4447.31890202499,5004.83078305178
3415.29662563209,6230.52070774063
4149.50419729804,6265.18807271553
3401.78514948693,8215.31234645902
4503.96616668469,5981.71140893449
4542.15992512257,5290.97862345932
3995.02846102078,4583.76420882935
4576.33030748144,5933.006518161
4104.17059886848,6474.21557227459
4049.31027575824,7311.51759946605
4585.11876265721,2820.729915602
4414.82426368386,4880.08510088802
3635.31951703526,4788.07433519779
3862.3362529183,7603.51860227091
4302.63035877292,4805.80592447732
8631.22650452099,4029.08636923103
3891.00609936075,5763.3070941637
4094.62699860109,5729.60595343948
3538.32652011248,5715.85258637019
4670.34733079894,6570.31788538257
2909.59276351673,3535.10496106828
3643.39145668577,2429.78437811326
3474.98294444646,3219.46148684468
4268.08092462465,3204.7987695561
3903.31677936367,4817.17227364941
4389.70519248218,6151.35417032803
3287.28991890053,2813.39866267152
1576.58418446936,4505.3934850009
4674.16188976882,1782.92536215818
4435.55110691181,3446.16327879662
4226.76594534761,5380.09071639751
4592.24446601334,6021.09572424475
4178.68827465064,5518.58976563056
4511.76949636247,6558.89445075146
2487.01433307066,3761.80675302023
4672.71639378731,5550.69970204173
4407.89400111697,6210.51627148195
3927.53883354007,3583.12757489276
3109.53110859832,3681.84440202348
3907.51220236893,5358.32424230399
4243.69588002514,4405.59668555674
3540.6301629399,5248.80938345979
3706.59920149689,4209.35675167154
4109.44612112993,7746.39378050627
4270.23436912465,2818.39977173619
2183.55849751572,157.026106049159
3532.64926041665,5173.67773086118
4499.87446817185,5267.79093286404
4240.42663113917,5415.09890270546
4356.77550861453,3974.75538933051
4017.64489880115,3231.85072287121
4474.27533939477,6246.94525143642
4333.75756578464,5843.72401455628
4046.68903371782,8.63842487526007
3736.58492193714,5560.70192017107
4325.20436927751,5998.70427008887
4155.13852680609,6282.46509259922
4668.93591276438,6331.39705664299
4618.48832044938,6439.77528056999
7930.95405820056,1267.91620802705
3768.68993337196,4092.11294453241
4120.05621066903,5107.58249499649
4196.56327240339,3585.85583697827
4478.31593187892,4106.37754360129
2888.19163982656,3962.53656397051
3835.73680527218,6281.61261641131
3640.8511309506,5307.28899623707
4011.52148193776,3800.28192953882
4143.44811276314,5591.50481099851
4816.08066427618,4084.38357338223
4212.69837398766,2176.3147915755
4409.48704927692,6146.40972386712
8485.78526745475,4719.64874403967
3726.51026132704,4888.72318797461
5207.24082618744,5387.99007535896
4367.86714589142,4769.60401779314
4433.24193673135,4924.01595586712
4157.8443150969,5876.51601648883
3837.08760017292,5524.84125767521
3684.19867047264,2708.14618476686
3631.65969866151,5336.4440201477
4082.62601488183,6087.98677369359
3355.20592455541,2565.04393326121
3879.02238517194,2812.14827969154
3435.49590063278,5601.05245973202
4001.88737342286,4802.16852360014
4624.7318897547,6114.64103164426
3788.70420440247,6545.65273853702
4060.73874804975,4235.04478537153
3363.84227945486,5820.08217742042
4001.52249061602,4877.18642813598
4140.76112988715,3045.66988114674
4157.20829503957,4739.93776188291
4655.78315938611,4652.41687325777
3713.57605123618,7643.64249141682
6899.93219288723,1515.02066017119
3963.07628216605,5106.10461589096
3600.81585065423,5823.94665156788
4281.45558428536,3628.30881285185
3850.93428690696,6457.50686984951
3443.56492253294,3848.98682031231
3484.04919188882,6177.55385888286
3870.14530163471,3745.26888411693
4127.04501721122,5727.90100106367
3968.92307113966,5312.34719076076
4032.7796768869,5285.35211147703
3124.59913348591,140.65856852703
4378.9177740868,5747.22379465623
4673.87466751483,4091.31713094826
4040.32209411861,5353.09563711378
3757.80582114504,5815.13773095951
3654.55038943404,4920.83312438578
4082.16516686596,4746.9279820527
3790.86077224175,6215.40363248385
2478.33704334948,2930.69934384204
3534.67370742365,235.169743393098
4145.18219260898,3061.58276998768
4063.95617322122,5916.4686492577
2722.54124913095,2148.46723610386
4669.65258667843,6191.3068030969
4346.48402138008,7996.90845454349
3685.60381702094,5131.67890152818
4225.68723678346,1981.66606200334
4265.54018098216,3659.11170367928
4584.35703521671,5598.94960056413
4193.31866226506,6018.76579180657
4330.03562224714,4158.66274979293
4799.77635580097,6898.29372160132
3094.17053500028,4586.32163739308
2503.16549762485,3296.92307188147
4068.40636168823,6479.89874686064
4670.35448081122,5989.15662135536
4412.18382263749,5835.71090753205
3331.84396631337,3875.52690734495
8777.73228566788,5940.73588931118
3652.39139984847,1086.67981276349
4040.70542233274,2802.99832632248
3552.28132255834,2755.31653383106
3904.59341392755,1410.62065845444
4232.65930810744,5767.96738189531
3343.2059407242,944.714090461239
2801.17968537939,4830.30023780108
4377.0126945834,4527.44411782372
4561.20202305291,6539.17417322207
4067.45654420889,8007.47899013143
8486.92190583318,2787.48334427362
4342.67604151979,3986.6329705022
3761.21528007337,5192.94386184998
4555.02438524236,3738.73323334297
7944.10446888889,3596.48303516998
3111.04161932267,552.5750440239
3616.96199842779,3382.56859746427
3848.08414111139,4406.96081659949
4360.14348388908,6215.57404315038
3092.13081061796,2466.72501292257
4810.14086486395,5217.89274456958
3915.55101985552,3511.06500571272
3236.96090397969,2298.73032987345
4164.77728373496,5238.35217307936
3933.72831097768,4565.23722882094
5079.34825929999,5222.55303230119
4223.54531028953,5010.91144157465
4109.11021389767,2077.65483847617
3252.06011402034,5222.09846290536
4353.56037598472,3887.91656622674
3515.41997114446,313.256572776784
4212.21770201057,4888.09820791225
3947.74686592346,4495.05002268324
4387.41583717848,6878.11845182085
3540.58484497361,3120.40362695328
3818.14386276879,2678.87783564871
4150.19830023408,5881.11921876143
4748.62516580309,5323.37271859979
4015.15392125661,6374.41877283043
3750.99697701813,5496.53870995249
4542.06032651962,6462.96254831001
3271.65238872747,4973.57332282851
3246.35021031453,8153.08158474179
3209.50914993846,1500.58533329434
3497.37764696306,6333.67032647741
4328.52202207344,6896.3046104962
3884.8355109303,4362.80246549484
3997.81720498581,3589.15199366713
3420.50050028435,864.751792321394
4266.81869386446,5383.50062114913
4039.38825569341,5491.70801155434
3363.83259123808,2108.28710720945
4227.74370352215,4437.53621130138
4960.08212745678,6881.01712457288
3366.12598096653,4862.69433294156
4030.50185634142,6639.59552987335
4663.95940248951,7074.58588183159
3749.78923787465,4253.51510277618
3981.43786426233,2798.33825001849
7348.41194553366,1026.83596322964
4405.21262262141,5409.18865484912
3533.60794193521,6572.93197655005
2953.21240033732,3443.3216915036
4022.32711371245,1529.91055644388
4140.76197375802,6562.0772822328
4016.95697214769,3633.93532483414
3999.57573963274,2514.9751228726
4579.53598888178,2464.22445839023
5179.12716038741,3266.40433978334
4009.40740205032,5125.20033621323
8744.0853096672,7198.47908780745
4273.56556147591,6737.34613275338
4318.57213480338,5513.53157110687
4410.64182542357,6598.33585152074
4724.3705225428,4685.09512712755
4445.44664580699,4631.4462127484
8819.08388846815,4022.20989712401
3126.84112006283,5871.17366323585
4577.43413307644,4306.7094477595
2239.08618858695,4.09188561936591
5010.35701367899,6387.77423310764
4727.48412730757,4641.96008573259
4257.76430403217,4723.6269662499
3252.87399413735,5440.04820828032
4460.4650897958,2513.83848795539
3449.77678246126,6604.24652223233
4214.09756621444,3010.77523147393
4493.93964540408,6398.23144348807
3634.35566187879,8944.23699543399
2801.57912454968,4942.88418006385
4092.05037124441,5152.08166743419
4050.90207057102,2873.64031328363
4769.56175734034,5457.60896403805
4137.30175383078,4575.52360567958
4470.73843705734,6719.15997407802
3337.17452955905,6518.25975246121
4537.26771567525,4771.8206250238
4101.00440134718,6102.70636501356
3741.1931442077,5859.06858593861
8564.089487241,2301.91294992717
4766.75283498165,4816.43354552428
3336.29567312804,2374.6007105972
4321.47079541456,5812.86446112509
3583.73630366503,5321.44027009844
2932.23735333435,2865.5701208004
3406.1601859272,5057.96846543133
2244.43322377266,451.471357566718
4250.89324621788,1667.67066612417
4190.15449374119,4616.32871463636
3807.786553218,2965.36670881693
4117.55762877312,6172.95023375501
4109.20342208948,5777.28753450328
2772.41137456571,3129.1558849579
3891.53422010823,6587.87864114031
3708.80284358728,2506.27995032699
5337.10003919542,8491.57213965524
8818.03355309643,812.068785051488
3614.90468691046,6326.39594757832
4172.06771095056,5808.71582824833
3836.55516044571,4895.65674554064
3669.44013561145,4532.55897495116
6144.26305197113,2032.75775924639
4724.72167150775,2604.14408984217
3524.32097363701,4400.42516582553
4274.83374579991,4777.21964088054
4225.07988191961,5186.86278047186
3318.59318960627,1826.74268050214
4063.58547820479,5847.70223676652
8063.74684385693,349.1742414463
3956.52149588979,4431.28471925673
4274.90837315791,4945.8390925644
3760.22093342303,3578.80853134947
4161.85089676429,4049.48913513705
4457.81505689236,6464.89499681137
3674.84939369796,5396.3444265715
3832.51136134304,300.980899813847
2540.47228711606,2436.77459828304
8475.502529521,2648.75701034265
4594.50961120955,5507.62090039528
7872.69114138364,778.822213723105
3879.2811369564,3842.16701080905
3388.64272251603,1912.27445802216
3216.56759101797,4608.08811148659
3898.69817064067,6110.43531330848
2491.08223065804,1525.13662636331
4345.79811905306,4787.79017646849
3246.05234776562,1896.36156918123
3704.94992152771,5148.55801461979
3093.62488393514,3724.97986627368
3617.73287879246,5299.95795473422
3667.03149346034,5846.22478051625
2923.36099309967,1507.4051427976
4711.38672185909,5782.62988775626
1938.28343637114,872.026276934299
3174.22888903534,4245.84281708502
4716.79018037431,5643.67626912738
3314.47585124815,5315.87084357516
3835.21071623824,4952.03392200529
2130.07535042496,863.04683994558
4960.45923319857,4688.67544254571
4197.38088500759,3956.17132386308
4307.3313417202,4147.29640062084
4178.72581505046,4752.09992463916
2533.60160392769,4107.74167464404
3899.50412809945,4077.56376387897
3720.65364221478,6470.69191946019
3759.74180059928,2259.2891405318
3986.28420408501,2520.71517149003
4113.57153801443,8415.47426280595
4514.08299747072,6184.43033098988
4014.08575132563,7984.97378791278
4221.90589427167,3990.83868883798
4195.26930869385,4811.9436684592
3110.79060502613,1550.8246600633
4377.04490874562,4277.72525737065
4019.58966297198,4665.94274420151
4220.0656512248,5176.2351594249
4188.73879995505,5634.24236845664
3568.08431777439,6793.89371988456
3953.35483382317,4829.95941646802
4222.793877043,5739.21026477675
3470.67148680849,5554.50709073018
3460.57932319436,5066.43614185139
3876.40294249473,1884.14274382122
2728.97792325621,1666.420388858
3530.15475009647,3568.12424769875
3441.58360012068,6828.5044222557
4130.15364268258,3508.96235797246
3885.18776686903,5713.465568473
4166.44390784752,3630.52542008251
4006.60838957866,6343.10465000341
4082.54214163523,5627.87712834921
4314.02327222008,5478.01172994407
4240.75803606209,971.709169744969
3609.15292453074,282.453761234711
3329.26560094842,5420.89582535428
4450.91138789377,6416.41760216343
4279.60252857912,4395.99237421947
4194.18574222247,5740.06274096466
3117.59355106747,1163.5163120241
8788.32743380079,3338.75127912031
3847.08118399078,2822.4917420092
4311.11569531684,6088.44134308942
3694.09206113478,5287.1137264566
4247.25099961607,3695.65443169652
3613.61241694828,6631.69617091189
4515.72487024444,6798.83816634547
5185.14793921569,6191.07972982661
3310.18057893015,924.481946649381
4391.83516950931,7299.35543670981
4098.46272540182,3245.26305717981
3184.35510113971,3063.5718810928
4159.35691450658,2788.22207239875
3141.50525325081,1697.16629994023
3247.43823534322,3719.41043975041
4123.30371659273,5852.7604312902
4338.04282897791,6507.51880620673
4529.0055410438,9189.01098657089
3888.67282975315,5333.37493672914
3943.48712637823,5361.27915480453
5135.50122043114,6541.39035759748
3640.129556793,6535.76426847045
3873.53107117974,3667.18189616252
4990.0757683452,5478.58004740267
3635.33563197254,6864.93340221017
4166.38848415532,6519.05556604536
4126.7752408426,4809.67039862478
3428.49020205048,6172.60941242195
3799.40847722561,5463.51963474964
5884.79670810429,4193.27345216407
3952.04007131183,4895.82715620717
8766.20766801253,2991.62305997552
5389.55041746095,1884.37002851914
3863.84858959808,5010.79811636713
4235.93530261375,5570.24956890458
3380.71975833329,5503.47226751851
3607.47963286028,3811.19370931509
4387.46175719876,5424.93071016828
4630.32578025861,5390.66125198545
5048.82127238757,4554.60960777398
4544.68131274218,4407.8132927874
4788.6388250185,7758.32844713697
4392.7192657481,5664.02194957438
4798.46211416543,5389.52461706824
4087.22907347138,5482.72868027944
3899.18122907148,5146.11433411884
4517.47711215801,7303.84531377488
4437.17855881683,6153.34328143315
4209.37591287733,5333.94325418774
3346.0764501308,6428.92058625274
4437.56467233049,1796.849139894
4204.79453454171,7275.08861951158
3410.86356298751,4391.84331848745
4083.82997323719,6227.50870978108
3918.70701034497,4149.68341851803
3673.83634642028,7317.37076186338
4409.60345048146,6561.73603804448
3889.63788765059,4670.94427612144
4783.12276571027,5881.57378815726
2890.07119016343,774.162031705308
2511.36041928759,1142.14753329503
3888.54582669439,4915.20703525875
3449.85397235964,1698.24616653987
4469.71195776106,7383.97807543817
3478.13673650447,6466.48620112441
2470.17342259699,4333.76161250224
4001.07157020702,5873.39027046651
4490.05947470495,7172.79147696271
3725.70661743327,1062.24216204348
3513.02104755881,5830.59605040461
4167.14979003351,5050.1824316774
5239.38946325104,7356.69883742514
3995.75122837228,3967.65142109795
3812.29157766616,5643.10795166877
2600.78606177526,4255.7883726106
4248.80240040377,6009.55896440612
3055.62015222594,1037.06567748453
3452.48939106825,3245.54721590912
4879.90195800439,5069.95979466579
1308.85408054425,158.674224036268
4331.0850159008,7975.65321244956
8346.71085714164,1836.74511005911
2814.78308531567,3629.50253322807
4564.88694223677,6408.46115774296
8608.81261858716,1237.11342291343
4227.21931335132,2746.33720255615
4255.82067413024,4614.51043705303
4195.48929600623,2882.22194919409
4367.3903388003,5932.38153809864
3520.50031122824,4341.1497394641
3961.34110336561,4395.48071936462
3709.39975055706,1952.11355415589
3877.50310294582,4442.31024709576
5123.77872162052,6797.47445815797
3998.91480493273,4981.13186045691
4245.61768027748,4626.04719689166
4129.27597764764,8178.88336650455
3968.48810370078,5053.42192576249
3859.74542471625,6727.00309329097
4778.20853683047,5641.97131675156
4116.00123095665,5991.5432163973
3720.30909403042,4771.42271823172
4047.40674303696,5730.34468156462
4236.67975648844,4458.33646114422
2431.50927210152,3610.29348769828
3517.52008060564,3926.56215341187
4365.0302227258,4252.2647197962
4398.40056130922,7308.73267477679
4423.8445157144,5560.98607890038
4071.61415094428,3270.26902535843
4197.48801574145,5179.64506417653
3543.42866276871,2326.17997855302
4715.19334475478,5762.85252476786
5156.38202691838,3518.45313267458
4477.87016688278,2449.90277386234
7998.24098057103,4825.69703552848
3182.90473496276,1254.73126413018
7734.18714702113,6045.30630169447
4634.28376919436,5809.62496703999
4260.44763365598,6709.95356953283
3886.86291358389,6432.61464973367
1010.54748747732,1223.13277114622
3921.45268558502,5884.01789151347
4200.00051986293,6498.42572686906
4223.82827765528,4603.31449854746
3869.76940145598,7952.0113753137
4054.78819149678,2760.37451692712
4009.95952691323,5893.56554024698
4481.58462708234,2652.84898061565
4732.473627869,7448.14128565675
3523.12633720868,4269.88256101295
4154.22238636288,5108.43497118439
4536.87888828984,5668.34141597293
4064.36506951845,5229.8844966593
3096.38884478738,2454.84722032325
4631.67982562772,1204.03726225158
4594.42580158946,5083.65607627607
2673.02665401032,2164.60740964271
3152.24686685674,5923.68636555303
4179.09570209379,1647.21123761439
4881.61317259071,7021.61861011857
4050.53589391331,4471.74900688044
4315.79090429856,5338.14897252352
3965.66508130605,7008.94521536273
4950.74393717371,7274.97444859356
3767.42080299899,8576.4780914024
4385.67872319653,6084.46312087919
3730.23192341318,4589.33363535263
3562.81085162764,4808.64751177034
3035.25105074425,1361.40442996754
4748.58812662918,4652.18979998748
4840.78821330822,6648.63194660727
4766.13126559014,4562.16814540237
3744.31732190023,5311.94928396868
4581.228457073,2951.4998051125
4072.97754915649,6077.64331137593
2993.20902070322,4421.33916373114
4606.87991988331,5378.49951208446
3067.1885845754,3759.02182833096
3805.7807383625,6332.81785028951
4060.58404992471,885.836359464252
3730.79107209117,5252.61719500349
4048.73008359191,5288.9895123542
4461.48771123956,4979.7110668104
4126.31904767849,5168.84703246304
3737.26020971343,5252.84426827378
4411.11825646653,3018.4475171651
4502.55821790183,5471.19192044081
4231.01709340327,5661.4078584069
3611.71193705104,2704.850028078
4726.47520613908,6469.95319133505
4234.16010289625,3643.88088035972
4175.02969712346,1204.83297012191
6519.26964422243,7470.0781704168
3830.75734798134,5468.52074381432
4238.63102593876,4758.18100601728
4764.27816055137,5840.25744720089
8158.66984089299,4673.10379789309
3654.64214672292,7759.52174465794
4014.48696201679,6010.18436732374
3401.92760016329,3130.97437396886
4283.19983377967,1914.71834995074
3931.34312048639,1485.92272171958
3936.37297018012,4162.18640260734
4137.08070657839,5129.86062394485
5188.39719050338,6874.59479900645
5298.02705010601,6000.46588506845
4694.86223407137,3635.18570781412
4204.45086673423,1594.1871975838
4614.79390444618,1862.20564763355
3776.88808123133,2665.74966006941
3637.63726714788,5468.97531321015
3569.64941216645,6053.37649417771
5040.53200688978,5005.05785632207
3617.11180150591,817.467800908234
8695.38249648243,2943.42961262926
4149.9717688968,4895.42967227035
4610.14419683628,5036.54281267088
1533.11448091599,9.49090106316732
4406.95405447158,4029.76843475241
3000.82839184169,43.8741073087601
4419.26306859936,6778.662896565
3829.78255156803,4405.99459234881
4153.47471760111,4065.45868658174
2701.51261002851,4924.18636653365
4075.48581839941,4946.46449548201
3865.72259754402,3239.86404132307
3773.754924028,4245.78573162601
3867.53324261486,8605.12146045818
4936.29249625953,6828.56108485946
3495.43254201701,5049.04579676019
4056.08754818959,7303.84531377488
4010.42534843861,5530.92191619808
3603.62019311647,5660.49829675998
3718.85038592875,4958.73998344578
3394.59747644807,4489.87808009678
3801.74856194477,5195.5012904137
3973.72576456739,5132.98636996717
3666.16442775527,4707.20284540938
4796.84324390248,5758.4197331618
3639.52864110638,4637.81145285583
3323.45378543361,1230.06622299844
4233.6597324777,6638.06141101932
4178.59328212379,4958.79706890479
3502.56896870954,6141.29486673967
4777.30897479853,5815.53563775158
4733.3320584655,7262.64229802603
3970.81983856098,1144.36403481188
7530.47947875617,536.946313912267
3785.77097430151,3091.41943656443
4018.17758150193,5568.03338452918
3301.04455196917,1126.40516083444
5142.35821381822,3132.39516761537
3791.67816378052,3887.9732288305
3900.30337415687,5196.46709180913
4101.62235227303,4565.35097688371
3669.47815735373,4310.11935251112
8814.52262005671,4831.26646205176
1844.1070532488,3828.18614761422
4520.36790331194,4947.71487846199
4105.15255189229,4652.41687325777
8480.12651234468,4806.48798999869
4241.67793848834,4544.60738964463
3404.10423075992,3296.01372166218
5161.50724678219,7906.20515729225
5338.91549312027,5962.16154207163
4940.00433387307,4808.19294237451
5209.76326312281,1185.68069290969
3316.34824805974,4784.72109304992
4045.65499563362,2157.50344141015
3760.8875948948,5421.86204960496
4228.26029161103,6807.76083501662
3966.77890203835,3512.71329548478
4214.48200663665,5718.92166978876
3974.02772456943,4165.14173796313
4850.09005148704,6040.5893513591
4293.34205367377,5199.47951262394
3222.08536602304,2038.55468189521
4357.3213527288,5170.09741544302
3415.66812547801,4222.25764255292
4231.42566047424,4931.57449349552
4336.92633135811,6662.49906173932
4192.57085669705,4737.38033331919
4086.24945725164,4588.8790659568
4234.63750861479,4502.04024285303
3869.3916124002,175.269099113219
3493.60890623244,2709.62385244475
4976.32826281094,6777.46959904403
3568.36021097806,2923.36809091156
3358.38030510155,4692.31284342288
3874.68675214062,5885.89325455581
4646.21275711195,7295.14971837403
4368.13215276429,2948.828628486
4369.35157742011,2275.59993616481
4484.40746531307,6586.96950234864
4062.08679014717,5403.78963899238
3869.38062388635,4201.51405531384
2920.62055326037,3876.09522480356
8486.11460925833,821.446023118468
2954.23500806785,4802.56643039222
4256.94520439724,4590.07278633302
3277.11807326821,1131.1789852012
3495.44720415997,4881.50589453453
4149.53812789399,4639.00475037679
4717.11894661057,1667.27286504591
3994.3782699304,3843.47405639279
3729.08139167328,5617.4770034278
3976.15577490709,3666.84107482946
3284.88818875525,2106.24133350057
3781.41424772832,6042.74887313075
7805.55988140816,2979.85880401135
3449.34046914997,5623.10309255483
3670.06971330816,2967.69685268274
2873.91104703008,4191.11393039242
9239.2107553915,3287.2048010538
2730.33145502736,1881.13074586167
8069.41832442404,1294.05881112287
4276.9974311779,4479.47795517537
3649.05628161299,3265.3814529289
7736.91658796167,180.838604921856
4240.09582336125,4782.90281546659
3651.01171706358,6969.33340392692
4286.36166147982,5428.3406149199
3624.25790887157,4736.18703579822
4081.24767937318,3441.21883233571
4549.68349007256,6271.83747155226
4952.95140957361,1773.66187215397
3854.36661946121,5628.95667780741
5249.60275594423,7408.01739651085
2460.77759962895,1590.83416686356
3490.3304829758,3636.94732279369
4285.72791660515,30.4049815576914
2290.65860283384,1677.7867380301
5185.86449875789,6665.28356357334
3938.33994495679,4912.64960669503
3799.71503401606,2290.83075948437
4221.79162787364,4372.46386229113
4902.42851783202,5997.79470844195
3828.04021910485,5928.06249455534
4411.44710747463,4723.6269662499
1476.38023950129,1936.54169807564
3833.20479752369,1933.41595205331
4034.61629853217,4039.20233542315
4826.33601325686,5775.01426466886
3845.78490412931,2871.02601068853
4690.03117671163,6720.97867451661
3964.33258304828,521.033425071332
4197.47889547968,3995.04440717375
4782.35834866965,5053.30817769972
4093.28236012924,3857.6249073989
3794.5707152344,6018.70912920281
4480.71755254751,5604.80318581671
4082.13533552264,2413.70086717816
3947.89008084311,4441.74192963716
3667.15104304521,3377.33999227405
2892.95427295599,3043.68077004163
3531.94100016128,2569.76088359658
8998.16576710077,1302.52669897056
5006.79378051003,4198.44497189527
3283.14652571802,3828.01573694769
4536.63643333474,4822.51420404715
8144.66018171779,4967.83306278345
4565.5769316725,7530.20565011089
8401.69113083644,2549.86977254541
4446.10901460031,4822.91211083922
4145.10695770059,6162.49344622984
4535.68101878258,5460.45055133108
4025.58231253004,5775.92382631577
3950.30326384263,4854.39706718803
4550.24173278413,4983.29138222856
4091.52152992831,5438.85448790409
4075.03404131694,4300.06004892277
7952.48706324656,5644.35833464875
3459.11896734204,802.464209429685
3823.29612361631,5258.18662152677
3823.33965075895,4746.9279820527
3486.43468945822,3997.60183573747
3908.53805173212,4792.4504642001
8452.96029345155,5057.51347318025
4506.76225579656,5045.35173327926
4386.94711646623,4423.32827483626
3995.71401578865,4217.88151355061
3784.11675173535,5430.72763281709
4720.44220367495,4816.8310294611
2808.21974972146,6123.62036291917
4102.09585884544,6133.96382523682
3792.12363447158,3582.16177349734
4466.42458825334,5003.06874521695
4474.86989079779,3217.24509104165
4160.63638672494,5833.26680417585
3795.48204975251,6157.71941043546
4782.00671532683,7276.22525442879
4545.32333240951,6651.98518875513
2949.73692378233,2492.35617259117
4123.07618433012,5769.67233427112
3089.61478649853,4842.2919898908
2313.19925583543,1350.37900784232
2215.66531653016,1502.63131843085
4079.73219145671,3807.15840164584
3928.29298603501,4968.3447176383
4410.62492150659,3499.75553057201
8036.64705556544,3074.93823026489
4153.31526215802,5089.96465377974
7823.94889366086,1735.24356966676
3769.4398276836,7193.30756807624
3843.21095632454,2124.25687008177
8681.36681401698,1670.56912744858
4143.83385647555,4642.01674833635
4100.10527266979,3399.04980376381
3212.44561349546,4163.49344819108
4350.72482856723,6389.47918548346
4001.3475427147,4742.09728365456
3645.17931875923,6466.65661179095
3717.25261671502,4062.39002601843
4288.70505219373,4961.5815707388
3969.34594210644,5920.84477826001
4358.84893556033,6312.13134850944
3874.08672065447,3976.80116303939
3318.917414642,2006.72890421334
3309.33537462874,6025.52893870607
3782.98630495653,2874.60632610669
4043.0333492562,5224.94005019838
3090.86978631151,4716.86424220566
4432.11867218927,6183.1799480099
2910.80145176729,2526.79604144053
4712.12435356287,4051.30783557563
8075.01295043854,2287.25044406621
4262.26065570902,4912.64960669503
3786.62180108415,3599.15421179647
2961.50785066502,2224.16720616108
3764.59052450384,3022.31220274019
2417.0060543594,3725.26402500299
4146.64325024566,3393.65078790706
2597.49114588974,2726.3892174736
3693.39923397668,5519.44224181846
3646.01881412633,5305.41363319473
4751.43127578731,5740.63105842326
3337.58267598466,4910.94465431921
4055.763996652,2966.84437649483
3651.03215552025,3215.71054933236
7745.33617959969,3859.95526269233
3636.19043628711,5305.07281186167
4128.02017855105,6483.7632210081
4477.97283538352,4552.2796753358
5050.54302698256,5973.98246063956
3765.90044293036,3658.82754494998
3563.08040849996,6625.10343467892
3915.3587056559,3723.27491389787
3976.55586334419,5775.46925691994
3571.86574263846,5032.67833852342
3869.70367784407,4184.35078349292
7940.68984229725,1207.21988230529
4654.48272706285,3347.5033256973
3835.14371784179,5383.3302104826
7482.92095300147,4171.62030327807
4417.94215381694,2087.71414206453
3856.4345631691,1984.50764929636
4832.82569289264,5582.5254797236
4251.39740865814,1629.59339639764
4746.05269348003,6656.30423229843
3821.34792928665,5650.15525729758
3934.74945117377,5989.72493881397
4113.65085526994,6535.8209310742
4544.12545811747,6468.13449089647
5330.87674907392,5559.45153719109
4457.22230318253,6424.82861597973
3100.09668727982,6126.12112887913
4275.91803832638,6077.70039683495
4330.6155210442,6661.19159330033
3687.906351499,1102.59270160443
5104.4153735784,4132.97471609295
4557.19789026902,5561.55439635898
4005.91302471397,6163.97090248011
8214.18109095218,1913.01339757493
8614.26464006893,2251.61685484064
4685.75534419393,5040.00938002627
3394.57048842524,5083.71316173508
3623.65235634021,3899.79414739843
4936.47758920396,5411.00693243246
4015.85749213833,5749.89497128272
2609.78663015802,3696.6206559472
4367.60798476167,4261.52820980041
3659.37628454568,4133.03180155196
4248.89062525685,6104.35423193036
3746.99830812368,4775.45760304572
3411.0770256451,138.214795526493
4000.83715774991,4732.54963492105
5079.73586754891,5974.20953390985
4031.10766168881,3089.77135822
3458.74846196772,5316.04125424169
4180.20554161178,2251.44644417411
4820.01283183049,4707.20284540938
1855.3505748479,2565.49850265704
4532.74477866504,7170.68819493957
3684.01169138992,3438.88868846991
4365.62437514389,4689.18709740055
4497.63371265127,4778.41293840151
3878.44407760909,6096.39778750989
4163.21546033479,3995.10106977751
3713.73251293251,2076.46132952758
3785.24357756613,2642.27823360008
3707.8386713793,5863.78553627398
4343.82752003827,6904.03398164638
4467.28715664714,2762.25009139709
7958.76309536486,3905.42065938072
3458.42332216185,1608.4520080803
4066.85979351479,6489.16223686485
4226.92152525271,6318.83740994993
4221.55919705864,5449.25503568076
3399.17944486018,4358.59674715907
3820.81627328484,2707.23683454756
4225.26111384911,6325.54347139041
3473.18658572188,5451.30080938964
4110.46440279605,6260.98277723501
3977.51590633337,6473.59016935697
3985.51682288395,1548.7786749268
3557.93959273612,6979.50645557805
4670.82932969026,6636.0722999142
3496.37252918576,2143.86382240364
3632.5163932725,1906.30712470681
4282.2761413346,5946.19156777169
3984.86191738972,5942.61125235352
4487.38618971003,3633.36700737553
4073.45305129976,5349.00366684077
4136.57059637729,2172.16615869873
3247.00515800373,3583.58256714385
3463.99425660918,6496.72077449324
4524.14361744591,6582.19546655426
4113.22851022355,4236.01100962221
3411.1290701597,7082.08775685623
4060.54042011286,3823.81001861191
2841.71606956982,112.811013055393
3803.8939377755,4722.88823812477
5225.67945203307,5427.82938292031
3852.7962505268,2805.89678764689
4811.78766128189,5143.21608422206
3939.88422604037,5435.33125794495
3896.03188097984,2164.60740964271
3020.46192711153,5029.83675123039
3788.53493510074,7270.5987424465
4178.01722840132,4156.10532122921
4043.10919847934,3619.49989224347
3957.19743552141,3010.54794677602
4860.70565174672,6370.55429868297
3701.2246938053,2591.86839045078
4015.86875809238,3012.87809064182
4087.59962347559,2139.99934825617
3744.1608091561,4688.56211733819
4468.83441125893,4850.36175951878
3702.30504958857,3913.54751446772
4616.11017971988,4959.08122763409
4177.49342631403,2892.6789481469
4052.55546016825,3082.89467468536
4670.44799680084,7012.63927884366
8331.26251431865,1249.50265893996
4036.45490409138,5488.86642426132
3303.49198251402,6252.85592214801
4081.34425117723,6353.39102686205
4114.18763606938,5088.37344946669
4143.21652668299,6119.58547810517
4136.4568127899,5501.4831564134
4188.82168934254,4604.0532266726
4562.60186330501,5283.41966297567
3917.39183070923,3174.50753358351
4130.30193486127,3416.72430758432
3606.14431972689,4123.76831154775
4418.03908204336,6407.60868155505
3600.29515693816,4891.16729133081
4086.27563681449,4616.95411755398
4495.62215264387,4629.11585745497
4082.89646826129,5149.35382820394
4258.88845974577,5560.13360271247
3478.84109655511,2493.7200922063
3956.92356903468,4945.3278605648
2994.7700099661,5249.37770091839
3963.04376877637,5087.57763588254
8097.19005261985,2638.30001138985
4131.13128272246,4882.86960272203
4431.859195299,2619.03409182867
7849.15173786915,946.362168805668
4095.02497091642,5417.94048999849
4817.30189399047,5327.57801408032
4167.42172828036,5203.57106004169
4214.17146423109,5035.40617775367
3320.66192127327,2980.54086953273
4227.69682506544,4775.85550983779
4216.4216457028,6216.42651933829
3513.96778101155,542.11799221419
3214.50322367768,1858.11388878817
3530.44682742496,2490.53747215259
4750.34247313881,2962.01367809669
4327.4249716025,5320.07613905568
4328.27153690666,5412.71188480827
4443.54166174206,5051.31906659461
4204.50120066731,4907.08018017175
5243.6196285034,5870.94658996555
4434.85892592539,5745.23468355111
4146.11337691715,5254.60630610861
3726.77640285473,3475.37475388339
4063.21438301656,5874.69731605025
3427.81875017043,4389.62713411204
2495.73933393717,6135.83918827917
4581.917586703,4618.20450053396
4721.13028767664,6719.78537699564
4209.75445916763,3865.92259600768
3541.09958253977,6030.47296231173
3452.68000593527,4879.34594990763
3418.15473925781,4083.19027586126
4235.84631330341,5485.39985690593
4048.47889461885,5569.2833446539
4347.11370138569,4801.37313287125
3849.56283972517,4099.84189282733
7385.87012223579,1695.2340628665
4121.97520577341,2721.38810840892
3696.86865461306,2621.93255315308
4304.30973922383,6618.45445869745
2553.05788608381,1370.66802568557
3944.21172352978,5101.21725488906
4634.66045954741,4865.30884696429
3163.44318212956,1707.1687294972
3842.41518107955,5870.15077638141
8401.65235987168,1404.19875574325
4287.69634787751,5043.4192847779
3473.85792949665,4198.67246802082
4071.36511344995,3774.48014777606
5012.95017076585,4935.95062249782
4207.07200271251,6353.84559625788
4405.76372462354,4613.37380213582
3285.79277269425,1105.03638210538
8509.02055980844,4288.80744781344
4824.9643217941,6189.71559878386
3636.18412407232,5223.06468715604
4381.49742670508,3480.09170421876
8210.74457516423,3841.65535595421
4324.14753958125,6413.5760148704
4320.19322700331,5905.84102821074
7267.56701800275,3731.79967577694
3197.92879486969,5242.61455401889
4355.37453902266,6036.09947429402
4041.05257781804,3797.04243545373
4539.30312156083,5996.14684152515
3959.36844102693,6027.12014301911
3103.04972823142,3766.29663008531
3762.80825587223,5062.74207837046
3810.30260184021,1785.4827907219
8285.46881669602,2811.63683626432
3840.77120114054,4067.84570447893
4642.04089713523,4615.13541711539
3594.06925376843,1710.18083317057
3754.09980492134,2621.42089829823
4243.01863528607,3241.22796093819
3478.04321411051,5215.33531600586
4244.92447163443,403.903207424256
4055.90606247717,6688.52791677238
3578.29601347444,6980.58600503625
4289.93358821349,7387.21714666801
7800.73349619605,1002.51195485859
3688.48028486625,4815.29691060707
4305.00262637242,6299.51461635736
3426.41675905475,5449.88001574313
3577.36162627869,5959.49036544514
3992.32917318195,5808.60208018555
5046.32479814205,5277.22525639003
4557.91799989063,6459.49598095462
4403.5959651216,7655.86131677682
4618.99574629485,3480.14857825014
8197.64880008678,4986.64462437643
4029.08920857054,930.335637615774
4078.48423338265,4676.11579585264
4154.89487466243,4610.98678423863
3892.51495361629,4076.14297023246
4129.32351825709,3816.81979844212
3607.0504420092,2626.70637751983
4357.81110445327,6049.7957559043
4630.39608681974,5836.96086765678
4365.07217173625,4925.2663388471
3961.47745820515,4943.33874945969
2447.3696017564,2216.21076174061
8325.63862234143,3427.8633720585
4263.38091378212,6019.61826799448
3931.92041047413,4729.48097435774
4805.94633708148,4148.03512874597
4599.07508232379,5702.49712609298
3879.05767017266,5584.23043209941
4072.97112971454,5960.56991490334
5134.77215029205,6636.58353191379
4158.31386781384,4414.46269162412
2460.23122383498,3693.60865798765
4351.306220741,4044.65843673891
7433.5084767211,1175.79190570168
4944.52307036742,4242.48957493715
4107.26517442782,5714.31804466091
4693.66745512187,5013.58261820114
4437.79770154098,2772.0818988599
4231.04589277157,4914.86579107043
4778.45655388572,6128.11023998424
3891.84133553635,345.082350458655
4091.61553124806,6190.90931916008
4711.59429539824,3121.14256650604
4020.0823996833,3004.35332876275
3738.45664463295,3075.90445451557
4210.19070608865,1583.33239755273
4448.94297221571,5283.24925230914
7836.28736708999,1272.57639004485
3544.29427103959,4115.9251923348
3195.19996495243,5126.45071919322
3921.61642014976,6233.41938049267
3947.25269581817,2359.7107086107
4957.98608993625,3561.75900759132
4345.32524408415,6778.15166456541
4106.1577994346,4602.23452623401
3681.7473943917,3193.26200971747
3536.02255885624,2684.56101023475
7363.13286904231,5959.0357960493
4159.56735241313,5870.26452444418
4582.98445681666,1986.38301233871
4114.67574801227,6430.45512796202
3362.67174894471,7319.47404388652
4136.5489182158,5180.8383616975
4120.2918975105,6407.32452282575
8738.04664084841,3796.01954859929
4754.5484701717,4838.02960895126
3913.98904469512,2966.21918500484
4495.32007774798,6610.38426621421
4243.51512674157,5474.99973198451
8496.04565437556,1848.90706138772
3718.54157248826,4363.71160428651
4710.85832220456,8204.17349341247
3496.87035046931,4886.62075166197
1999.85746065137,1941.14511177587
4826.49237200779,7100.38766359435
4341.49246853731,4513.74741335819
3795.10722123331,2572.94350365029
2110.03086360921,2233.03278937321
3790.05661505036,4681.79897043869
2990.65191571086,3174.39378552074
3674.32877019464,4440.60529471995
4480.17093343161,4247.03611460599
3835.67787297444,3667.52271749558
3681.5893038554,4585.3554131424
6570.94354331399,1707.96433165372
4917.67340101907,3067.77759942857
3605.51233511029,3388.13802398754
4707.09350061552,6424.9423640425
4544.07933405813,6603.28029798165
3376.03917293074,5317.34829982543
3272.7197767213,5084.90645925605
2728.54455780092,1580.26341984798
4109.46764067194,6159.25395214474
3865.58609395326,5505.0068092278
4693.26746658566,3501.8583897399
4028.25465914857,5232.78274655608
3938.84414151861,7774.07134816663
4038.09345881485,4483.96783224045
3831.1116472916,6292.4106481248
3979.70065811988,5855.26077439491
4056.06659405917,4496.35706826698
4094.31815915523,2566.00994608426
4333.13519153924,6516.04356808581
4231.57432827491,2784.13031355337
3807.86714057124,2373.35032761722
2414.4813795622,2206.20833218364
3599.32387797835,7328.96460716102
3890.37732183952,5996.54474831722
4250.2665534044,5698.97347327858
4257.22698525913,6824.35578937893
3912.8021352023,4413.55312997721
3703.06496020696,5400.72055557381
3625.06744924152,6382.9435347095
8053.3583238851,6302.07204492108
4217.9520129963,6358.61963205227
3901.25272374541,6464.66750068583
4325.8293755036,5961.53613915401
3071.0325355356,506.88230978069
4436.95004253052,4937.08725741503
4288.47644878435,4531.30859197118
5101.91827450847,5433.05798811053
4290.86981599043,7583.51416601223
3905.21598836427,2728.49207664148
4620.44875674872,3923.94763938914
3852.22381723001,3650.24612046715
3946.89987576894,5936.58725643441
3262.35758720876,5018.81122339136
3746.96522531997,6447.44756626115
3918.65253916651,5313.9383950738
3317.07565264047,6339.97890398108
3447.1776166632,4338.25106671206
3671.08201592952,3534.36602151552
3593.2170193268,3204.91251761887
4602.31990113788,5236.87471682909
2381.41672605709,1114.5841365527
3144.31724117687,4191.28434105895
4164.61768706571,5832.30100278043
4167.39442653271,3484.58158128384
3971.64915454558,4428.1589732344
4485.08804892941,4971.64087432716
3364.22086754095,2748.61047239057
4001.45388156255,6036.09947429402
4917.86237512971,5310.86973451049
2789.92859852506,2791.51844051524
4196.964722731,6507.29131008119
4334.22012494882,3849.4980523119
9356.34659290815,6049.0003651754
3633.66799779201,643.33532102033
7383.98882580428,1483.8199682655
9240.79886120733,2108.23044460569
4048.56976888845,5140.77198086586
3926.30460637475,2695.41591597963
3886.43164568908,6247.28607276948
3725.33375031224,3915.30912944729
3857.49240599118,3387.34242183102
4519.04378228215,6544.74359974535
4180.11330482722,2838.57504151667
4397.01925206342,5637.25436641619
3262.60856378348,2708.54409155893
3677.90302789351,3532.88856526525
8011.27215051139,6332.30661828991
4559.5329040306,4942.42918781277
3889.52412450953,5303.02661529754
3353.2957201821,6078.26871429355
3684.25687737748,5207.4359570444
4200.64433609669,2815.38777377664
4445.42557203563,5646.00620156556
4212.40887523386,5228.0087107617
4707.96105797987,4954.13678117318
4472.56096681495,5614.69207873853
4600.70316885584,5966.3101749484
3439.44069367055,4315.80252709717
3959.98856175622,6927.1641639274
4226.38272874086,4614.51043705303
3323.28628457571,1784.11887110677
4213.51493759159,8994.36225699874
4233.66217755394,3100.34210523558
8608.95801104911,699.314590692907
3357.58217910895,4586.03747866377
3854.14820980839,6036.55404368985
4436.53527680904,5743.41598311253
3518.24157234487,5276.25903213935
3977.04908975611,4013.62804978593
3941.34625375282,5819.79801869112
3877.33587747162,5578.60392011712
3128.66362395314,1921.70857012053
4424.64937377232,4404.97170549437
4606.42415415957,4370.58849924878
3983.26768162559,6403.17588994899
6415.63121311307,3499.64199393686
3472.04312308157,5657.25922553014
4229.89184128686,456.415751170724
4034.4159760947,3576.70567218158
2147.74895920347,5014.77633857737
3331.08727728515,1003.98962253649
4809.64686756377,5759.2722093497
4057.84141845738,2620.28426338102
3896.64010273281,4894.17928929037
6748.37690688355,2067.19783952337
5066.04314864937,6039.73687517119
3887.3030771219,6289.96696762385
3889.93861821269,5188.28357411837
3839.5330435337,5161.3451574384
3749.89938908962,4410.31363589211
4203.99351333754,6440.85525288344
3486.27537594643,5827.81112571535
4344.17030060311,2996.85145373811
3448.22914209685,2557.37164757004
4169.94715558598,3998.96554392498
3923.25667627344,884.301923468782
4578.93256555963,5076.49544543975
4584.38483261616,5938.00805008093
8293.89060676022,2860.11423091226
4328.52478451859,6442.21896107094
3986.09218597937,4718.05753972663
3243.52041779258,4768.2969722094
4518.64107826534,6137.43039259221
3036.74890264555,2225.5311257762
4420.42531316431,5545.1298526632
2132.40217503738,4744.82554574007
1548.32930800385,2116.41417372407
8593.48179311077,6475.6363659211
4339.44022986354,4369.16770560227
5299.26258929288,7466.21327341409
3664.52613155879,4552.45008600233
2416.05748898017,338.830858414001
4083.94326366094,4156.84404935435
4182.69092422403,6564.91886952582
3845.29970148293,4586.77620678891
3766.4073729544,6763.82998003752
4173.97529566633,7045.99959823482
3625.29201055287,124.120527838784
4643.65782435692,5415.89471628961
3819.38075256308,4737.03951198613
3453.72924414301,3370.97475216663
4127.30673598535,5586.44661647482
4282.30534627899,5377.41953977101
8038.7864622665,2329.30572457534
4489.47373018212,7062.93537393019
4285.41625599816,5585.59414028691
1780.62128422156,672.092173854354
3714.36668035227,4332.51122952226
4057.14605569885,4080.23494050547
4388.42575607707,3279.30523066472
3296.1401132034,92.9767297858163
3870.03366258144,6036.09947429402
9036.12519551318,2169.09707528017
4051.62151056046,4888.66652537085
3635.82819143923,6265.24515817454
3720.63216462303,5231.36195290957
3756.14900522539,5540.29915426506
3463.93345762695,2034.00814222637
4643.43869389268,3697.41646953135
4610.86130486332,4895.20217614481
4073.87553209366,5572.97740813484
3042.04821949295,3095.28412213952
4184.22967720926,4826.83367044569
4909.61021978146,6216.54026740106
4261.80892019922,3344.43445370636
3842.92309562038,6598.56334764628
4757.27878531215,1062.86724781966
4028.56393562927,5352.1294128631
4280.63502551807,3468.04350095291
4846.06514622097,3853.64668518867
4731.30306714743,4638.89100231402
4320.5022720935,6375.83956647694
4181.82302259257,4518.46478654881
4328.23419191785,6479.33042940203
3460.5405602863,2984.46221771158
4095.12423431349,3056.35437622509
3982.60085933609,2686.60699537126
4073.04937557784,5704.54289980186
4411.47641629771,4964.13899930252
4966.48762603037,5740.97230261158
8908.45347335641,5896.91835953959
4266.14517999297,6460.29179453877
3683.29682802206,3274.13349950589
3299.64404865358,5214.02827042212
4849.0928141985,6870.38950352592
3787.98021459723,3668.77310047556
4506.13550437056,5723.24071333206
3723.99445693106,3490.88973593225
4316.19104824309,5596.50592006318
4240.08528423135,5669.36430282737
3623.60786667433,5601.16620779479
3983.56315223497,6128.96271617215
4047.95756971684,2624.26248559126
3584.38926190064,6689.03914877197
2841.50544816859,3188.94275474655
4211.42633478714,5244.20575833194
3349.15885431642,5939.7696650605
4160.29667380856,5561.83855508828
4391.79882551333,7448.08377734249
3921.04415561585,2822.15070924851
4270.73506525128,5938.17846074746
5312.66849120891,5884.69953417959
3972.53638600871,4475.49973296513
3931.49397868741,5589.85652122645
5201.63383865889,7637.73182070523
3740.8529109774,4976.4715727253
8413.56054711257,7502.41560295352
4288.87341893011,5710.28315984692
4336.64848296006,3789.71097109562
4399.76331286945,3334.14786542009
3923.75183508435,1106.79820851258
3913.03927498228,4949.19233471227
4278.55601324524,4858.03404520995
4136.09002733229,3310.96059768006
5061.61049090793,3814.31945533741
3901.77624798071,7129.42851658696
4090.52487305212,5861.6826771061
4332.99130217789,4628.15005605954
4180.78899415389,3163.02743634864
7559.02221999336,1858.68220624678
4609.32105038177,3299.65091111172
3879.14897103685,5011.53684449227
4082.69049248977,5011.76391776256
2396.86480269758,4059.71884939193
4192.22046674381,3785.33526494857
3078.19359495816,2956.72819887509
3304.82370080346,2581.18410680006
8912.40093205682,3347.73061039522
3535.1431005534,2673.42194576057
3244.02544604191,4384.34186631807
3709.84406065996,2070.8919030043
3392.94629048853,1083.78135143908
4069.23439657412,5656.34966388322
1695.59543506954,1803.95310812656
3583.73923609531,1881.07387183028
7763.68594018156,2167.96044036296
8423.38802958152,2973.15274257087
3582.98797211998,1521.38579456481
4582.12335632874,6930.34699540873
3818.83793636262,7063.95826078463
5599.52747424262,3522.60197697898
4575.11421083895,5674.87706674689
4015.40866288097,5003.18249327973
3710.89391693264,5307.80065109192
4378.02830121119,4596.89259583628
3824.87761099234,5961.53613915401
3811.26792319215,5313.25632955243
3790.42691110832,5979.3243910373
3906.84279332786,4971.69753693092
3607.38788073362,4493.06091157812
3002.92166788356,4076.65462508731
7669.21010694452,2338.73983667371
3076.19462316346,3116.65290086859
7909.89126824603,1572.9321669175
3992.2022082209,5296.54804998259
2809.3136456356,4065.68618270728
5036.1754620646,2876.42502654527
4466.59624051022,5046.9429375923
3916.15402893632,643.733174955498
4110.26382931687,3752.82742174532
3458.24783400769,2319.07622174808
4491.8313319038,5360.2562679501
4980.08678240794,5504.66598789474
3960.50804945797,5734.55039990039
4410.10152748351,5245.79738550023
4914.63716905546,6383.85309635642
4768.84668320044,3578.52437262017
3217.32221290874,4508.29173489768
4112.57577498375,4610.75928811308
2182.7157718535,1031.09834416917
4724.86943277658,5646.34744575387
3879.15916944918,2261.050966939
3457.32722458615,7229.28155577963
4032.3262822196,3814.88777279602
3944.65996413549,5156.62820710303
3984.79523747235,4025.6764644794
4002.27070393202,6143.62522203311
2625.84153354499,278.816545356712
4167.93089702592,5649.4731917762
4644.23907378261,3597.3925968169
4218.18286956153,2477.80720336536
4038.01068148846,5751.372427533
4479.52487695834,6851.63502739196
7429.15470401199,3234.74918419562
3961.48621569087,4858.48903746103
2876.58493147307,1992.35034565406
3504.55910088574,6363.90489984624
3848.45109245664,5897.03210760237
4512.97074607623,6340.94512823176
4350.67011859079,6039.45271644189
4235.23610513235,545.755234520642
4341.85739026488,6053.43315678147
4419.76025830256,5257.39080794262
4088.08849859552,4848.48639647644
3921.1572099828,5084.56563792299
3660.80956534409,5647.76823940039
4088.11079535689,4847.23601349646
4015.49013828419,4476.29554654928
4333.0103251594,6322.13356663879
4017.72571667684,420.213897343452
4453.72046661786,5632.76448935112
4176.89170218653,6408.68823101325
3863.88397419912,6477.68213962998
3680.31324232593,2351.86801225301
3792.97701322741,6113.78855545635
3329.11507861353,4488.74144517957
3815.72260439342,4377.91954075163
4084.79827811629,4861.50103542059
3636.39042302281,3850.52093916634
3748.0514032571,3587.04913449924
4809.0131398711,5238.8638279342
4454.43531156079,4050.17120065842
4548.50317902938,3931.96116926862
3985.51621290677,4278.91897774687
3751.39519823593,5361.3929028673
3437.29892730385,6377.99908824859
4017.63334182345,5678.68445543534
4036.28887367318,5345.25294075608
8630.98574421084,5662.94240011618
3845.84995089397,5172.88191727703
3938.98673364511,6602.99613925235
3787.13928043756,6981.15432249486
1594.78455378969,5090.76004450863
3991.6026410169,3165.18716954792
1970.8356351237,1945.6916514447
4244.14182619763,4197.08126370777
3978.14095849785,3939.23554816771
3994.8074328351,2991.45243788137
3525.42878393006,5364.80280761893
4537.76168717969,1914.7750125545
3752.61598780249,5745.97341167625
1127.95665271479,5057.28639990996
4139.70361252357,4854.16957106249
3875.4279576116,2940.98593212831
4112.46433147432,4673.67211535169
2597.03535515343,19.2091289445988
4010.22466904879,7078.73451470836
3677.82648084218,3285.67047077214
4358.81540905851,6480.46706431924
3849.45458597401,4553.70046898231
3886.09223979091,3744.81389186584
4710.97040141233,7375.79413489216
3460.17770695401,888.621178439704
4023.52529572906,6765.25077368403
4960.76228815997,7130.22433017111
1511.59587499271,1199.09292150448
4867.76115440563,6478.08004642205
3780.01525119286,3202.52549972168
4067.52860080491,6404.02836613689
3286.29420689953,3891.38313358213
3821.22448153409,5482.55826961291
8542.82815170314,1056.10431234779
3903.73493778697,6190.28391624246
2916.85137090727,8274.47487046819
4408.13415772509,3897.23671883471
4698.68448289426,7015.99252099153
3088.62231451829,966.139637507879
2688.66154539478,1042.52146165884
3915.78316846687,1582.36627901587
4031.86958282945,4658.27045851035
4984.51887705966,7905.86349024869
3974.64979490153,5765.23954266505
3535.66447654803,4716.92090480942
4959.919474931,5548.42643220731
3047.16891271457,1219.04090658703
4051.67139015637,4244.36493797949
4073.02550330167,6144.81851955408
4384.84685088563,5034.49661610675
4442.09526689816,5352.52731965517
2390.00337742244,6166.073761648
3874.49226419137,3330.11276917847
3578.98493969081,5063.4808064956
8527.91080412548,2045.43136542985
3589.51252031836,4798.98611497406
2980.07765951712,3539.4242160392
4771.7435979188,5496.53870995249
4360.65734139676,4471.63525881767
4465.30179917375,5719.43290178835
9177.24498054805,1236.37458907448
3703.36018465725,6618.34071063468
4332.26266307023,2058.04788615431
3963.44109699053,4886.56366620296
3443.31813419149,2950.07901146599
4891.17040813,6223.58757302986
4040.29534615311,5389.58170252726
3878.29933564263,3573.12535676342
3175.69038246361,5162.08388556354
3897.68227326721,5012.67347940948
4666.27269504215,7375.68080968464
3713.79885483753,4448.84589786972
3411.37862417541,2286.05693511762
5339.64069283276,2313.39304716203
4221.1751264025,3847.96351060262
3080.53790701366,4663.61281176333
3185.69604400476,2396.19677402418
4010.4964234305,2453.65371137466
3600.53083722438,4906.22770398384
3963.8306125841,3851.99881827186
1227.41678349013,1349.0150882272
4201.47933859294,7017.1858185125
3874.53308844178,5642.14172741809
4181.05386158117,5853.95372881117
4667.34041796192,6037.0656985447
945.158057321825,195.387534504985
8338.13930227689,2790.26805753525
3971.647401816,5429.6480833589
3972.9368307458,3928.49417905798
4263.2001847119,2101.01272831036
4027.72145556009,2719.85356669964
4104.58670704164,2437.2293791065
4007.23561517828,4358.93799134738
3847.29829124563,5997.11306577583
3875.39311278581,5510.34916248078
4395.61757290982,4887.41614239087
4137.96902682959,5896.6912862693
4791.01428605414,6948.70356475062
4287.64986969048,5281.48763732957
4237.56681242962,3897.40712950124
6180.11708342817,5292.85398650166
3629.94278425643,6137.14623386291
4905.44472186904,5114.23189383321
3980.58694503626,5057.96846543133
4484.82613508339,2717.46654880245
4184.44014370074,6184.14617226058
651.793392260913,97.921096961369
4289.31590193444,3772.43437406719
5567.16796893001,5787.40392355064
4677.96035086822,7882.27831571659
3648.87730217153,4608.77017700797
8546.63072287888,1785.65341281606
2599.50835849691,674.82011879842
4376.74618473271,5211.13002052534
3934.6746549607,3194.96696209329
4001.43280526851,5610.31594973622
3768.63260962312,2103.05871344686
4412.60638105933,4580.52471474426
3710.22710006989,1453.86965933979
4269.81467462783,5607.7585211725
4656.62942420924,5649.64360244273
4727.41070132257,7060.20753469994
4400.14320345807,6069.23229755963
5043.16375649445,4054.94481359755
4376.40451705587,5521.31760486081
8724.70156580621,532.229257863084
3416.98436239711,4420.43002493948
3932.77905659708,2822.09383521713
4291.22878306247,4929.5853823904
3817.87176544146,4341.88846758924
7932.79194607702,2662.90807277638
3854.49509495222,4799.04277757782
4181.35470598698,4374.62338406277
3633.92508167518,3862.91059804813
6409.28991519172,5233.63522274399
8721.54938355878,684.59515794366
3249.00461741202,1585.26463462647
4172.2929694031,3473.10148404897
5063.4190897824,5154.97991733098
4521.42103995434,6296.33220773128
3899.4734460135,6061.90125605678
4286.55235540355,4736.5849425903
4227.80342465745,6116.51639468661
3157.41970379687,4719.08042658107
3830.34013169397,3797.26993157927
4228.50051529117,5122.98372898258
4663.38911482136,4826.77658498668
3917.57856504208,3593.8689440025
4869.67380746656,6181.30458496756
4593.38958850021,3073.23327788908
3876.21240870909,4924.47052526296
4456.76477134789,4179.23592636548
4002.92765626603,6392.6620169648
4542.61306946247,6187.27191828291
3016.1191820178,2140.39704362062
3753.49323964419,4274.25869001526
3409.70965539207,5491.99217028365
3690.45841432466,4379.68157858646
6728.09882072285,3025.43794876251
4302.87443924271,4919.52607880204
4362.34417052679,3438.66140377199
3790.61044835732,6339.75140785554
3790.27938454046,1444.49242127281
3774.78997255917,3445.82224603594
2334.75077942622,6635.50398245559
4008.25920729069,786.380857065312
4377.81606707031,5793.14376074045
3893.16699597764,2783.90302885546
4212.82608950457,840.029982872084
4533.04716624012,1793.83714193444
4679.48279864229,5267.67760765652
4396.26488726312,5361.56331353384
3273.38561758786,2782.70951990686
3768.03393880817,719.433039298899
4127.9861863346,1651.07581747567
3807.77402856568,5138.61245909421
6016.04323021051,2963.94591517042
3760.59403376465,4761.70423597643
4453.31095707416,6911.64918187853
3897.92712188733,5684.87928487623
3350.12928153038,2515.77072502912
4524.91518812052,4427.13608637996
2724.26709064384,2637.78856796263
4441.71274072915,4286.36376731249
4482.18500640411,7101.06930626048
4033.81355809136,4573.19367324141
5125.4716512823,5538.02588443064
4174.83123495051,5243.63744087333
4243.02883128603,1868.51401370959
4606.19298854718,5548.48309481107
4626.5377302387,6047.74998219542
3522.97146970222,1420.50944566245
4044.81771018635,4644.7445875666
8600.33508711729,2280.65791926087
3855.89314938521,957.78539200915
4480.13874316307,3365.06429288266
4137.96848721356,5271.31458567844
4189.07322681823,2643.41486851729
3845.08081517244,2434.44445441724
8275.7049999319,5199.64992329047
4700.13180204618,3039.41838910209
1324.05813583631,4092.68126199101
3621.55306049712,4309.15312826045
4269.68625587781,5948.52192306512
9079.88884365058,4858.14779327272
3392.61074701875,2373.86198247206
3888.24857600097,4851.83963862431
4069.54249265655,4596.66509971074
4408.45879913639,6897.66874153896
3251.92431837472,4056.5360179106
3822.8810459344,6216.93817419313
4195.52164567908,5383.27312502359
3780.6760789809,5553.08629708367
4399.80218510462,5543.14074155808
4358.73788305539,4755.79398812009
3694.60676192219,249.548196238563
4317.02033246786,5002.10252096628
4042.16287470848,6144.1364540327
3508.72896246249,5018.01540980721
3788.0760169624,5230.90738351374
3766.24800159106,5178.33801859279
4396.02617336838,1047.18174939045
3171.99351922505,5216.58569898584
4161.54637463809,7004.34201309013
3589.48481986164,6744.50718644495
4104.8746255072,4160.82227156458
3919.97449066503,1661.7602068402
3608.7386349047,6631.41201218259
4286.3346936289,2258.09563158321
2143.74492239737,2899.72604234807
4491.81118016436,5951.47683556566
3936.03800210943,4774.20722006574
4022.29257616905,3640.86888240017
4364.88521246963,5255.91335169235
2315.97020666794,65.0723465325868
4543.31083190557,4965.95769974111
4352.06487922054,4511.81538771208
4230.8393166618,4915.66160465458
3650.75506898637,5676.69534433022
4230.83974981584,4472.65814567211
3908.69485562472,3565.22557494671
4114.82992595961,6346.91246154711
4491.67030008188,6299.23045762806
3807.56510826798,4439.01366755165
3797.20842386721,573.602789992279
3931.51847565629,6602.93905379334
3435.54099838593,3490.2078818385
8162.33925816139,2615.90834580634
4752.63581331197,6314.17712221832
3814.85527504055,5032.0529356058
4469.68346640295,5782.62988775626
4420.10463710767,4371.55472349946
3800.7305128549,5658.73668178041
3556.07871246435,4593.88017502147
3713.60914611058,3253.38991226681
4578.15746719312,6324.63433259875
3823.72992873634,6600.04080389655
3636.59498647808,6822.42334087757
3564.81039356941,6964.95727492462
3140.05423492913,821.957519402594
7758.8884745498,3647.91576517372
3886.16005829388,1292.86530217428
3430.94931689306,2563.907298344
4634.78723678353,4559.78112750518
4491.75444684761,4417.53135218744
3979.42896635704,4533.07020695075
3703.62984991362,7325.21388107633
3569.02627210161,2243.66041042017
3627.42793800541,5050.69366367699
3985.8050985869,7743.72302673503
2625.59276597137,3026.17667688765
8197.23664970043,412.427969303328
3238.54919872071,2944.16855218202
3565.81225650515,282.681098789534
4520.2717488861,5592.52769785294
4040.46757738231,3651.95107284296
4445.70339273976,3938.61014525009
4468.9018131786,6122.9953828568
4204.45609002148,3201.55948689863
2956.47354924107,1104.86597143885
3380.11414138803,3507.48469029456
5013.40687904282,3294.59292801566
3999.70224953277,4934.13192205924
3994.01891624689,4096.26157740917
3823.73832734044,2929.39229825829
3741.45192517942,3800.45234020536
3188.93727917115,2248.66151948484
3863.40659621211,4402.35719147164
4130.8397975426,5072.46056062576
3918.04513852612,5607.01979304737
3012.49144864414,3655.87220959418
8655.58975397956,1539.85611196946
3894.48069627273,379.920205385441
3845.83850735393,6745.53007329939
3894.76278334583,4236.5222416218
4104.71218504303,6651.92810329612
3752.36109352,6160.39058706195
4033.04291604277,392.991506933352
8580.7136242519,697.041320858487
3923.65370867471,4275.11116620317
3802.6607731061,3739.6990347384
2718.97125095997,600.54104810153
8256.56009750494,151.683924581119
8355.20236995634,3494.01548195458
2122.47106734481,5257.84537733845
3654.79666213374,3461.56472421034
4374.59740582178,5376.39665291657
3555.22642843357,3077.77981755792
3675.70077704615,4560.34944496378
3993.94794895922,5765.92118533118
3322.98824861597,341.729266881505
8630.68305442384,8648.20026210463
4053.51946999899,5447.43633524218
3837.00015121073,6911.70626733755
3407.91801282843,4529.2628182623
3263.07247549828,2186.31722113247
8411.46235474574,5040.74810815141
3646.25369377682,4076.88212121285
4027.92354046012,5151.39960191282
3601.01835524306,5776.26464764884
4127.10150387347,5390.77500004823
4920.54868524294,4763.40918835224
2894.17595235597,5383.0460517533
3312.29687936094,1356.2895728401
3682.35827912714,5715.56842764089
3686.77141383086,7025.0285148702
3435.29996676368,4863.60389458848
3733.16293317024,3875.47024474119
3739.55177932497,5210.78877633702
4155.86104998234,6367.14439393134
4145.04538309173,3587.78786262437
3383.81430617507,3677.01370362533
4159.41343386487,6177.78093215316
3728.39613493663,3876.09522480356
4348.61884197749,6327.76007862107
2169.74150187096,67.4592785373041
3641.86673488264,5525.52290034133
3279.3701086798,231.248368785796
4524.6780424422,110.139915714259
4896.77302004357,3756.23732649695
4745.34841765869,3397.17422929384
2353.95149374683,939.030915875191
4062.55054530841,451.698695121541
2798.51302060644,646.517888217136
3482.48822208842,4919.92398559412
4239.87347062757,4904.12484481595
4105.50621036838,3727.99186423324
4488.72155857925,3535.84368919342
3957.22272134328,2990.94099445415
4448.79123410587,4362.97287616137
3635.89262271172,1854.07879254655
8668.7637455986,819.570554362309
3505.47167091388,6312.92673923834
8254.21044612222,1440.34368268223
4356.55071588975,4653.89475236329
3231.44841264253,1527.46677022912
2419.19552212921,5921.69725444792
4108.20862713521,5016.3104574314
5293.75201278146,4917.70737836346
4318.71366877308,5918.34401230005
2078.90492498339,4729.87845829456
3728.95571723864,5367.3035735789
4399.99046064896,5055.41103686761
3761.69289894959,1635.67437206195
3558.9694560054,5604.80318581671
4880.59446503773,6745.01841844455
3622.94176257871,4341.77471952646
3354.14669944361,5167.19874269098
3784.66871868512,6394.70779067367
4092.05735675126,4449.52754053584
3203.43094549318,1602.6551911453
4811.13368832839,6358.84712817781
4438.48476807443,4393.83242959257
8433.54949233444,6890.05311845155
1284.22900693567,3564.3730987588
3607.21378387788,5486.13858503107
4316.3560308712,5605.31484067155
2443.38864494203,2174.66671323107
3808.62356110648,4241.75084681201
4426.55019836443,5638.78890812548
3394.6901329428,3564.88475361365
4061.3123603703,5189.07896484727
2983.53119512851,1809.067965254
3768.79220120454,5394.80988486222
1565.40389422752,3005.54683771134
5478.7656892008,7537.65128538702
2397.15859673797,5742.16560013255
3895.05612215637,4860.76230729545
1710.04172389131,5686.92505858511
4279.86798356895,4124.67745033942
1454.72550771539,2784.18718758476
4327.91272743296,4494.65211589117
3215.10454503271,5537.34424176451
3970.88310147556,5569.68125144598
3981.07155106678,3519.30560886249
3948.79313414368,5246.36570295884
3711.76384963399,1317.24618457671
5056.79735687104,5374.52128987423
4010.79207418626,2668.53458475867
4684.32128785001,4926.17547763877
3990.41550483051,4053.80817868034
4139.41820688524,3713.49976903881
4891.13743876614,6288.54617397734
3737.94983630478,2912.05861577085
4040.31392849143,2263.43777340857
4175.17551634825,4258.7437079664
3455.98903859216,4659.40709342756
4276.04130585923,6658.52083952909
4179.61655147829,5352.64106771794
3830.41825000514,5651.121058693
3998.01246469974,5420.78207729151
3905.29933190703,5693.97236421391
3448.88176788433,6986.09876895577
4236.14114421899,7230.36152809308
3708.80647920929,2145.05733135223
4547.39780154584,6287.06829487182
4506.02531928226,5364.0640794938
2938.65165111426,2325.21396572997
3178.37722557295,1341.11551783811
4133.68790970551,3322.55423155007
3876.22626771198,6157.946906561
4426.62926472669,7115.39141364362
4316.53265049653,5548.25559868553
3670.29891458741,2707.29370857895
4708.93230738232,4514.54322694234
3859.55472914241,4833.42598382341
2656.01020045354,3434.34214880107
4568.86639819107,5465.7362419803
2768.41507581775,573.943769896061
5109.60633946788,6060.9350318061
4200.34950465414,5467.72535308542
4349.60534286638,7049.52325104922
3302.57692791008,4193.27345216407
4451.43864643475,4444.86767565948
3892.37805136135,5142.87484003374
3543.97939956444,4092.68126199101
3638.26515867086,6492.06048676163
4079.63512607146,4777.44671415083
3466.58351765965,2277.87320599923
3381.3809489876,2849.48682129293
4786.07049690617,5402.93716280447
1492.85989111851,2924.61826246391
4446.12434026635,5371.05429966359
4154.37031516731,5892.71306405907
4161.41439840851,5134.17966748814
3470.00444012311,3222.47348480423
3361.27178111146,3745.83720157553
4121.79651799414,5617.4770034278
3855.11196249895,5654.58804890364
3662.42649351382,4550.57472295998
4057.20628000776,2826.81099698012
5672.34165621728,5250.62808389837
4438.14673172784,5972.10709759722
4071.01773758154,3614.32837251227
4222.56192160695,6405.05125299133
2995.67842686324,1922.50417227705
3855.21215052142,5723.29737593582
4190.1496398417,5664.647352492
4073.78599973243,5335.98902789662
2705.26232696521,1506.38215022935
4166.01986077922,5566.78300154919
3493.28705599403,4847.00894022617
4188.15293117454,3887.00700457982
3739.05024263371,5799.96357024371
4168.9846643559,4811.71617233365
3930.88568023032,4561.71357600654
4212.53474764517,8547.15307968049
4482.44106192567,7510.2012138522
4531.2710808247,7197.17161936845
3752.32306727813,3870.07122888445
3241.01874009333,3300.38985066448
4774.79889016097,6604.64400616915
4515.41165445851,7248.26352803913
3070.98372853954,2243.09209296157
4117.69305922074,3220.20021496982
2975.23367681375,1368.56516651768
4515.80432344566,5341.3313811496
4420.68428135147,5546.60773176872
2741.69905722176,534.616222903368
1960.30064206303,2343.1728397074
4175.1724637973,6160.67474579125
4948.21362918703,4076.02964502494
3330.4405214282,6300.8216619411
4162.55006250631,808.090562841254
2980.78761352185,363.666336640724
3275.40261025696,5878.56179019771
4053.939004566,5606.9060449846
4017.05173226161,6140.72654928107
3747.73979466853,2654.83809172077
4677.19062234767,6792.75708496735
4885.02502024657,4507.325510647
4551.0975283161,6725.46855158169
4674.45311402619,6060.3667143475
4411.67727091787,4419.80462202186
6824.10524958315,7741.96141175546
3221.65303810068,2504.34750182563
3506.92490297762,3419.05445145012
4282.09215378559,3755.27110224627
8363.38966814222,4861.33062475406
3263.04920036617,5487.38896801105
4310.3066586665,6524.17042317281
4050.9733324778,4316.37084455578
2911.03113216983,4023.63069077053
4243.76904687838,5748.7012509065
3946.63545440854,4675.31998226849
4522.39377828913,6206.4809638127
4319.34643606396,5117.30055439653
4046.05085504698,6216.88108873412
3901.42538669179,3818.86599500625
4186.66668661489,2818.62705643411
3830.48592325013,5510.74664641761
771.475697162421,4678.10490695776
7583.56657661766,249.775507364933
3949.85368967897,3063.79937721834
4463.54695899471,5655.72468382085
8755.80954147085,3476.7955475299
4772.07622818807,6201.19569601873
4173.96773289882,4858.71611073132
4182.12758323245,5782.45947708973
3935.93871040184,4832.97141442758
3765.01246900593,5109.11703670577
4249.88563875033,4346.88957665391
8568.53294160642,4291.13780310687
4109.26198571961,4868.43459298662
4300.63232365658,3960.83161159469
1538.78731798519,522.511039892323
2014.28157386797,5693.63154288084
5138.91800676004,6017.96997822243
3883.44927765633,2810.95477074295
2912.0308015008,1245.12663565147
3717.8835145816,5453.57407922406
3668.90798822306,5768.93360614599
3398.49575171625,952.897819579623
3345.69576223121,3360.51775321382
4017.9567133551,6127.82608125494
3555.19623099865,5883.44957405486
3461.39298454133,5722.44489974791
4332.5637131828,6927.56207071947
4178.12739318971,5318.42827213888
4016.90997276105,4811.20494033406
4589.69662402054,4607.34938336146
3377.97315581443,3876.55021705464
3580.04593579973,2907.00042124716
3397.90709426554,1813.50096828769
5000.95161332804,4276.47487439067
3897.098132009,5277.28191899379
4600.27211385029,5116.33433014585
2018.27580729208,6481.66036184021
3754.39166359583,5657.08839200835
3976.52812779032,5246.82027235467
3803.1320778098,8014.46963315648
3809.62745533343,3994.36234165238
4082.86656649568,4136.04379951151
3431.86111286073,1909.48974476053
3691.45006910874,6091.79458523729
4484.31696039781,4278.91897774687
3279.95764443782,6161.86804331222
4448.73438647464,7067.3115029325
3830.59325566262,4974.53912422394
4569.7957702737,5632.99198547666
3272.9035890358,5236.70430616256
4092.92902727468,3424.33993067172
3509.74800395655,5871.45782196515
4202.59801225085,4701.97424021916
1101.63608615073,2404.94882060117
4288.89403756628,5319.28074832679
4839.78207097189,4937.88264814393
4054.90078263487,5573.37531492691
3781.07150467116,5121.62002079507
3313.55902211104,5608.32683863111
4545.23176346694,6704.61121627984
3437.82000802006,4160.48145023152
3745.67149832757,811.102666514623
4330.28216389934,5832.24391732141
4658.09983874261,4768.12656154287
3794.59768580801,2102.8880913527
4002.16003854164,5591.05024160267
4003.03499051577,4765.22788879083
4249.68912336498,3061.63964401907
4055.78148898136,3867.05923092489
4319.75619967261,5124.80242942116
4503.04231586146,4964.87772742766
4455.36989509987,6292.06982679174
4226.21715653355,4416.67887599953
4282.46943165494,7174.3822584205
4710.90510449156,5635.43566597761
4349.41887336085,4835.18802165824
4631.45716574534,5961.30906588372
3996.62351101667,5133.32719130023
4180.81666767998,2688.02778901777
5003.60833356692,6085.65684125541
3868.41390653676,6440.45734609136
3718.03395226218,5657.37255073765
4539.80882240773,5461.41677558176
3182.26216270713,4340.97890594232
4575.44499350318,7644.83578893779
4937.05319920593,4112.45862497941
3868.15649138419,4884.23373376478
4320.40339963858,6197.95620193363
4674.51954665398,5053.93315776209
8230.70955857818,784.505388309154
4648.24272993849,5669.47805089014
4551.46829396232,6719.04664887051
3796.58971248674,4655.77011540564
4268.54013825324,5551.09718597855
8395.00556223965,2666.88629498662
3952.22301767566,2293.04715528741
4632.38477160023,6169.48366639963
4684.3870764848,6331.28373143547
8278.94294566437,1388.57002563162
4341.92095751713,7810.89781205792
3636.3569730356,5393.27576600819
7436.44443635662,2968.83348759994
8970.04100614589,470.850972333762
4374.33370701537,7065.09489570184
4290.43264327633,5820.13884002418
3341.38360007062,6177.38302536108
4070.34941196683,4799.78150570295
4058.04935854242,4730.04929181634
4267.95895301071,6016.83334330522
2866.76274267318,3062.66274230113
4239.42707083456,6510.13289737422
3769.7532088358,2727.29856769289
2561.69101600201,2781.85704371895
3341.28069679462,2096.12515588083
3670.07257002963,3965.83272065936
4063.06430828203,4595.98303418936
4013.36618918118,6135.55502954987
4458.36098777901,4803.64640270567
8513.58947158096,2107.6052531157
4253.74198728521,4378.20369948093
3757.87823310354,2823.79878759294
9329.44960984509,2371.3612165121
5095.71618771667,5560.81566823384
4061.62146933612,6938.81467182879
4205.00279116691,5444.02643049055
4038.1083305676,5020.4024277044
4597.07315206733,6064.91325401634
4234.49962979481,5295.69557379469
4780.44440423932,7010.87766386409
4664.61498565044,6506.38217128952
3988.5998453126,5392.02538302821
4582.92258342533,6286.55706287222
3586.98582493525,5480.11458911196
3575.81265419793,4030.22300414824
3214.12011819135,5501.25608314311
5014.2296224752,4951.40894194293
3851.78117362236,2519.63541060421
3681.77031022424,5658.96417790595
4486.22401044722,6536.04842719975
4712.9458973081,4679.01404574943
3952.37095032482,5708.40779680457
4077.35212116096,6362.42744359597
4342.48698481031,5231.02113157651
4360.57992522132,5628.84335259989
4415.00540471899,6056.95680959587
1466.50630164408,753.702603195534
3941.43717420453,5252.56010954448
4058.90992082637,1671.0805708758
3168.48602829014,2687.40259752778
1955.22930381656,2929.78999362274
3674.57559223645,2031.67799836057
4866.59532432455,5927.72125036703
3881.43890697152,5183.22537959469
3470.13517350436,3467.41830946292
2691.92835490337,2178.81534610783
4516.28694318611,3779.93624909182
3802.66637792116,4874.2881782392
3442.30211576006,5011.7072551588
3653.25628600805,4485.78653267903
4188.2412351552,4744.65471221828
3238.84058271816,3239.46613453099
4037.14889609141,4529.14907019953
5013.14744155673,5846.45185378654
4318.09051238631,6553.55252035373
3958.27159973617,5734.8345586297
4749.98373526058,6382.31855464714
4671.17052002148,4679.58236320803
3890.08272884317,3834.43763965887
3319.48004422469,4976.52823532906
2697.63769413866,861.853383853891
4239.53534732098,5943.23623241589
4598.2585647393,4543.35700666465
4192.64482805923,5009.54773338715
3972.44965260626,3009.52505992158
4034.66674449097,5803.37347499534
4301.80212279494,6620.84105373939
4154.9819315424,3372.62304193868
3781.56886388765,6630.27537726538
3904.33980356412,3875.98189959604
4360.05254631897,3158.02632728397
4233.87506764608,4492.77675284882
4385.09362298279,3366.59883459195
4374.86867310373,4435.31960407072
4170.18387531138,4138.1466586794
2439.51513038502,770.808948128158
2960.63354931486,578.376667215941
3672.73473150693,5103.20636599418
3510.54683189247,2404.43737717395
3976.73543939108,3289.59181895099
4448.94095715184,4964.87772742766
4284.51834235362,6854.53327728875
3454.10406196875,5725.62773122925
3752.44462933961,2118.0622520685
3926.02471718946,5754.27067742978
4570.98851948235,4340.5814220055
3805.45628187534,5729.94677477254
4170.01872828209,5453.46033116129
4052.57817982789,4888.49611470432
7979.27375904493,3742.54062203142
3568.19081005521,1538.54896067191
3949.24330539908,4035.33786127569
4561.34172437402,4308.86896953114
4302.79129265456,6722.45655362213
2388.74972142297,4841.78033503595
4410.4240351989,6447.04965946908
3606.4197933508,3230.65721392262
3738.34985774494,3665.07903699463
3455.3525231469,3792.38214772212
3923.74259799628,4312.90427720039
3346.61564523237,5029.04093764624
5514.3484927351,6387.60382244111
3331.93298435263,6137.25998192568
3552.99803117996,1435.11518320583
1499.01028713107,2426.43134739301
4062.86469618727,3996.12395663195
3572.83413201845,5034.26954283646
4520.77797078978,134.86172516357
4298.83984080111,2671.77386741615
7779.26546800266,2302.14023462508
3338.17700587846,1860.6713173519
3091.52883733816,4271.58751338877
4690.03029320978,5066.89071124723
4615.69264973327,5057.51347318025
3775.81299859449,4300.28754504831
4094.58936399539,5321.72442882774
4458.93410975925,5107.80956826678
3241.69141086469,3880.47135380587
3811.604975773,847.815963769114
4332.83682142787,6760.07883109757
3489.26307324278,4875.42481315641
4102.56266904155,4463.16715954236
4347.17403468233,6264.10852325733
4334.42099851103,3262.08529624004
3955.31889415881,5746.54172913485
8735.00980932014,5231.98693297193
4144.60364133037,5523.64753729899
2977.00224395152,5993.87357169073
4057.24540804508,4816.77436685734
4345.48241733663,3546.35777360523
4010.20762780665,3628.70671964392
3323.13633423367,2687.6298822257
2678.02098542058,5709.88525305484
2270.12264176398,389.752092133614
2659.9966124634,4712.37436514058
3937.64096898601,3275.61116718379
4425.79973594303,2495.93648800933
4612.84344814953,4170.88157515294
4027.48463284298,5058.47969743093
3340.17025525957,3498.3347369255
7637.71889942279,1904.03385487239
3750.99927539399,5696.47313017387
4282.48361745111,4020.61869281097
4053.43203533161,5208.2313477733
8547.1989453834,2188.8177756648
4824.39665283939,6921.08350540453
3797.63374682664,3863.53557811049
3716.40781681838,5224.03048855147
3684.83470211769,5174.35979638255
4152.66455790962,1686.99345971673
3093.48230085065,1934.95028233497
3401.24377370159,6753.03194832402
4251.01497307748,4275.22491426594
3162.84577273452,1350.26536549336
3924.5016556342,4493.4588183702
7494.17640913389,3380.6930229943
4333.82887036806,628.843225825907
3783.83986305793,3569.03338649042
4555.38125813634,6023.99439699679
1970.79046641256,1686.82294333639
4445.72579976014,5971.25462140931
4331.65786617401,4621.27316109727
4409.27384581606,5682.03769758321
4486.13392204344,2965.65086754623
4213.63069633367,6573.32988334212
3625.6435188362,5461.53052364453
3459.040568075,5141.73820511654
4480.77445719936,4406.27875107811
3772.48052178418,5401.11846236588
5156.04151403086,1062.98089016862
4182.15186779276,6441.1960742165
4255.97733204971,6036.04281169026
3644.23358875556,6371.97509232948
3708.56335839041,2004.00085355546
4192.99298007702,6807.13585495426
4768.77428097878,3827.33367142631
4345.62177498289,5464.25836287478
3511.85671675991,4987.78125929364
3702.83348151367,5429.53433529613
3537.81771404928,4585.18500247587
3843.42572643478,922.32231916392
2833.18949771392,1500.1306581847
3344.23462994791,5690.50579685852
3606.64435887782,4917.36655703039
3171.09023122918,255.856509457695
4758.28992084124,8470.88521501992
3684.59007863179,4568.98795490563
7917.60673921106,3824.09417734122
3847.2208275997,4207.70846189948
3917.66728361059,2879.20973980691
3205.13577073736,2297.42328428971
4370.75061650955,6506.66633001883
3967.0263500329,5188.73814351421
4306.32094077264,6974.10743972131
4475.55155549768,4783.07322613312
7757.92616314444,1019.05003518951
3512.72876467621,6331.51080470577
4152.81148335257,6736.15283523241
3714.30316125939,4508.23507229392
3896.28429786696,563.827750847038
4611.6457807857,5732.56128879528
3973.05427458554,1978.54031598101
7661.74564927558,920.560598470533
8034.98127925997,777.287777727635
4620.86603597951,4703.50878192844
4396.48137223847,4697.93935540517
4395.68869129024,5900.44201235399
4104.8881672896,6534.91179228254
3882.16547644689,5011.82100322157
4711.69294028392,5606.9060449846
4137.99718453536,4403.43716378509
4539.60642308596,3737.76700909229
4150.88934745224,3835.9155187644
4047.40121721474,4889.12109476668
4290.00017291719,5152.02500483043
3613.82652004351,3563.91852936297
3062.37970732227,1625.67204821879
4642.39550065617,4843.48528741177
3393.49266814417,3168.25604153886
4465.1272120202,6296.78677712711
3729.97184542828,7134.60003631816
5204.69220404719,4365.8144634544
2435.32373001341,153.673035686236
3603.99830144782,3811.59119325191
3462.76895193529,4226.00836863761
4068.99946238771,5441.2985912603
3375.46645153068,3626.26303914297
4717.66304157742,7480.30788467169
7528.80337404349,8147.96672761435
1183.63548299351,1425.22650171163
3916.92430542736,5778.93582427533
4609.97060709151,5902.31737539634
3958.80805962859,3843.87196318487
3723.20260818341,4578.93351043121
1867.09442549306,2698.54166200196
3900.92499659153,5156.1736377072
3823.24909077802,6518.37350052399
4125.37821996775,6335.94359631183
5236.71152210767,4249.13897377388
3891.58491223456,4816.71770425358
4560.45179927891,6109.12826772474
4031.96747718282,3793.12087584725
4651.17231149583,2140.45391765201
4372.68229533317,5823.83290350511
3970.4290021557,3024.017155116
4097.96717998512,3107.90064286397
4640.04571266651,2319.53079114392
3740.43088879566,2263.43777340857
3663.9245706322,1536.10517445715
4500.19904323855,7102.09261597017
1376.26497783835,1271.61027150798
3242.66577155164,815.194531073815
4465.02330633005,3194.22823396815
4238.99431400526,6099.46687092846
3828.26378014224,4230.66865636922
3968.00087204836,1615.84013504217
4415.47771328645,4821.03674779687
4007.73308656303,5022.16446553923
4502.09723162287,5978.35858964187
4444.54532209767,4225.89462057484
4681.01302805635,6139.76074788564
4026.32309233147,6532.58143698911
4164.88521525869,6231.03236259548
4041.33788852566,4271.70126145154
3620.16635460949,6889.76895972225
4784.12949898207,4014.13970464078
4377.301130319,4715.95468055874
3903.51607964608,6556.10994891745
4239.33996712547,5621.34147757526
1859.11581835746,1556.73511934726
4020.73671717964,3957.02380005099
3760.40873345596,2355.61894976532
5158.39290080631,3753.85030859976
3823.28807422621,6455.11985195232
4474.45227779828,5261.02820881979
4003.89298130518,4531.42234003395
3477.47891555368,1218.87039020669
3727.15704317198,5028.5292827914
4619.23237141502,6568.44252234022
4210.20418948659,5923.34512136472
4537.99780807161,4879.28928730387
4216.06678851511,5137.7599829063
8562.5171858589,201.582192160933
3317.29454117814,6212.56204519082
4411.98826261321,4463.33799306414
3971.72737479425,4321.20154295392
4128.42095664856,2651.48506100053
4791.64870676936,2417.50867872187
4028.68685883918,4815.63773194013
3631.32699366576,5253.12842700308
3896.74057127867,5259.55032971427
3685.91809356202,5364.00741689004
6877.39426024373,3572.95494609689
4202.48986961764,4185.65782907666
4861.06679191294,5946.13490516792
3559.49659209825,4084.27024817471
3523.38318235914,5145.602679264
4150.99646409069,5764.84163587298
4112.55296046996,6018.70912920281
4110.63154316215,5807.63585593488
4784.72790582052,6438.97988984109
2936.30686622213,4023.06237331192
4098.15990203559,597.813103157464
3897.42029018132,6933.92731082689
3106.22381204801,3710.43068562025
3155.79008479593,3843.64446705932
3570.2936527162,4577.34230611817
4127.75600063698,6084.29271021266
1907.7328202782,6079.40534921076
3012.18075234191,5104.34300091139
8801.9053375351,4976.98322758014
3361.20247193909,435.444826376824
7936.67965343629,3192.40953352956
3777.48226988358,895.497756260535
2970.57084890474,5565.93052536129
3092.0604101494,2029.80263531822
3245.17572472205,1551.22246114156
3141.98122390373,470.566813604459
3607.86006874421,4817.34268431594
3996.87490882512,6982.97302293344
3234.19011026738,1986.89466719356
3831.16952738167,2240.02322097063
4447.50096299025,5434.76294048634
4065.32658971252,2958.60377334506
2666.31758957351,2683.76540807823
2885.06649473547,5832.07350665488
4249.93746767527,5046.658778863
3061.02385812923,3638.48186450298
4113.77420334989,6744.90509323703
3914.15335660232,4288.86453327246
3985.24452697374,5313.31341501144
4787.78446241503,5087.00931842394
3699.62846941682,5130.59935206998
3575.64765048116,2496.50480546794
4127.12278548869,8755.78224959222
4601.6298087849,2836.64280444293
3508.32437694267,2618.63618503659
3926.73730117088,6034.73534325127
4001.01508428092,6674.49039097378
4400.06484671592,5395.43528777984
4450.32476022517,7229.56571450893
7714.31259228014,2427.90880364328
7300.70573029357,1524.17050782644
3360.63107537225,1524.17050782644
4341.36441488644,4361.38167184833
4148.06513901695,6701.37172219474
4350.1057903318,2796.40601294476
4207.72621094442,907.205138193319
4696.72860412418,5853.10125262326
4268.48465961898,6581.05883163705
4160.63458281668,5800.87270903538
4126.05281922324,4622.69395474379
4652.76522093588,6044.62423617309
3555.2507587626,4029.25677989756
4608.3505576301,4037.66821656912
598.24561693329,475.227048479163
3684.06761901185,2106.46861819849
1618.57552076417,1938.18977642007
3007.50174288678,844.519701366443
5092.09383702524,8263.960997484
3701.54386145646,7143.18146080099
4036.59706321051,4070.68729177196
4027.44269985283,1570.20422197344
4396.64471788076,3801.07732026772
3917.52755328426,3942.7021155231
3179.01382472616,4231.06656316129
3388.35892459156,2897.68005721157
8720.18662320791,2698.54166200196
4416.94930910341,6579.86553411608
3017.36141881442,1905.05695315446
3683.40886119599,5004.1487175304
4097.83709102477,6217.67690231827
4199.63054309048,5197.26290539328
4419.3554580294,5929.88077213867
4895.17192586456,2067.82303101336
4407.70542487721,6060.76462113957
3826.85990532658,2424.10120352721
3532.42681849974,6413.63267747416
4980.87660654696,6702.28128384166
4041.56997932602,4691.51702983873
3453.17112568678,3661.95329097231
3960.50261739331,5836.22213953165
4066.50511771822,4110.58326193707
3436.73893798525,4651.96230386193
5126.58713542193,4870.08245990342
4175.43524974787,7092.31704825586
4016.58826277984,4392.6391320716
3748.48172070267,5334.11366485427
4330.78630798895,2642.73280299591
3727.47927852589,4629.40001618427
8242.41036239402,791.722998890672
4712.06856564496,5579.17223757573
3889.30767699754,2803.62351781247
8085.34474998859,5845.03106014002
4235.43365943038,2347.66250534486
3159.46711939036,2528.6716159105
3338.14736587965,5290.29655793794
4945.99272728089,5754.8960803474
4612.58344676988,6498.76654820212
3857.77179633918,4959.59245963368
2892.41501920562,5188.62439545143
4884.74739823205,2785.89213996057
7720.81532734328,6461.88299885182
3444.49289148988,3302.9472792282
2367.15380461001,2865.8542795297
3335.06159319539,3911.33090723706
3596.60040335354,5605.25817806779
3378.7011877078,5634.63985239346
4247.06072858827,5526.60287265478
4043.35990369404,6146.5805573889
9034.24442234798,725.684531343553
3589.9990992172,5108.26456051786
4498.78535466906,4661.79411132475
3611.48078941808,6059.57090076335
4270.15016446545,3907.52351854861
3497.28542924205,3637.40189218953
3654.59340327173,6767.63779158122
4081.67344189669,5187.8856673263
3344.6568605941,2107.49150505293
1838.46275012313,739.494666730413
1885.43517398983,951.363383584153
4433.85036673004,5147.59179036912
4273.04600280315,6003.13706169494
3826.05765045841,5004.60328692624
3343.41548776142,4386.21722936041
3393.12802480687,917.093819687518
4312.886030828,5199.820333957
4067.66644322077,3227.92937469237
4312.07548748804,2567.14658100147
4163.55784040755,6503.2564252672
4811.48959989823,6189.88600945039
4400.02437841273,5692.38115990086
4735.61530502188,6728.42388693749
4642.55245461522,5649.70026504649
3726.24122974643,2284.57926743972
2552.10032373086,1332.13608084939
2736.51562143525,1438.52508795746
4792.13975583722,3847.73643733233
3921.18242661839,3393.59391387568
3588.78478414134,6362.3136955332
4347.37258524697,6189.3747774508
3820.83741070071,5972.44791893028
4540.84632286315,4352.00443378135
8083.63461449471,1523.26126332096
2055.2046822354,1634.935538223
3851.47712468467,6035.58781943918
4801.34602012421,6901.30571956088
4607.86114295463,5672.03547945386
4491.52759431174,6051.89861507218
3871.05225125799,5155.83239351888
4399.32951351089,5899.41912549956
4099.8823780338,6749.79245423893
4262.03664159829,4665.82941899399
4518.46622826571,4051.42116078315
3530.25558426863,5582.75255299389
3056.24494610899,3692.86992986251
4305.9930172038,3617.05621174252
4039.29365060634,8137.1120332971
3843.03210904903,5670.89884453665
4641.02569984577,4767.61490668802
4926.63728180798,3891.7810403742
4569.65542810592,5624.46722359759
3782.27328328776,5298.08259169188
3898.29992286877,5292.85398650166
3973.48028625736,4885.08620995269
4720.79842776053,6866.75210264875
4643.46535429599,5475.28389071382
3866.7494231907,6327.30550922524
2204.53528298812,128.326074389614
3986.06409608405,4802.85058912152
2208.51318806044,5575.87608088687
908.759018786724,1365.32577814639
3580.04365778084,303.424686028611
4607.10667881068,4447.82258816003
4102.11259155607,5118.43718931374
4305.49586644494,5748.19001890691
3740.91245465472,4197.13792631153
4336.96540615925,4425.31738594138
2719.47842677431,1646.41563545787
3612.25846141881,4920.8902098448
4247.85186829936,5600.76830100271
3969.07187404511,5921.86766511445
3787.49171044704,4217.36985869576
4862.70523110929,7287.1366113498
3977.88652928459,6644.36956566773
4932.87527112736,5068.42525295651
4095.35267501026,5754.8960803474
4484.24701579064,5617.81782476086
3916.91190490246,6389.02461608762
4180.32604625343,4914.1270629453
3601.75025840299,1822.7644582919
4742.08312697633,5319.84906578539
4391.82316033936,5414.41683718409
3715.71346627992,6298.26423337738
4222.49123730798,4082.2811370696
4478.26509799443,4772.27519441963
3435.96022301302,6252.23051923039
4214.20996693554,4149.56967045526
7408.819396132,950.169874635558
3659.15338713554,7389.43375389867
8939.66518960576,887.768702251797
3914.19650326251,6166.75582716937
4122.99443389372,6857.48861264454
4294.20198726774,4527.78493915678
8899.91300573431,572.636671455413
4244.86332510252,5295.52516312816
3936.36629865291,3840.23456230769
6357.30895744672,2931.77910472786
3916.42303855183,5366.33734932822
3798.80962854142,4361.7795786404
4183.93919486197,4692.48325408941
5067.33136517629,5412.48481153798
3681.84039015843,2094.70436223432
3313.41109406503,2809.42044046129
4066.35227216181,3163.82324993279
4642.11119964677,6084.2360476089
3270.55925225413,2673.64944188612
8412.98792331416,3499.24408714479
3203.53465376762,5371.05429966359
4161.29056294277,5558.76947166972
4206.56459931612,5047.62500311368
3935.77096264766,3593.81228139874
3536.16952558945,4801.08897414195
4592.76008860224,4980.44979493553
4059.63157366063,3108.98061517742
4116.76933652903,2597.9494718289
3641.32145350244,5402.70966667893
2132.08096196805,1760.87472933536
3648.04901885589,3343.63885154984
4501.4355346566,7111.41319143339
4245.28336475734,6019.84576412002
3952.38029398089,4885.88160068159
4555.66321226825,5100.08061997185
3502.7272960735,4738.8011269657
4203.22298176949,2824.59438974946
3600.90109372689,5784.39150273584
4332.7550173548,6323.89560447361
3169.70530445889,5902.65861958465
3799.05663543209,4933.22278326757
4410.30916904322,6294.22934856339
5002.51216702469,5084.62230052675
4292.30712937866,4513.23618135859
3636.33817891589,5544.61862066361
4655.35937164404,5109.17369930953
8561.29161405385,2658.13424840963
2940.97192434603,6607.48559346217
4567.1364917016,5056.09267953374
3701.58888977836,6486.60480830113
3941.08417516576,5917.94610550797
4776.47023285201,6989.67908437393
2675.74702699229,1773.77562021674
3951.86183419309,4825.46953940294
3919.92831442467,5263.86979611282
3838.65147825489,4351.83402311482
3484.4922529062,6198.3541087257
3834.62793744803,6383.68226283464
4076.16578540764,6840.89365828223
8909.4739128708,3763.2842092705
3503.56633693932,2866.99091444691
4310.85324977123,5227.83830009517
2956.67629576026,4822.79836277645
3400.79598688172,3122.33607545464
3348.25543552495,5756.43062205668
3915.89698416516,5148.72842528632
4114.1073294801,5646.74535254595
8466.43408231484,6659.42997832076
3221.11549802825,53.7628317491956
4989.22643948022,7224.56502829951
3934.91968576345,1169.02897022981
4500.96186064314,4327.28262433204
4000.42248242902,5015.57172930626
3102.78551205371,2480.76232729353
3860.27960163557,5421.63455347942
4407.98359216507,2522.13596513654
8770.99202828813,2676.66143984567
4274.99945063954,6334.97779491641
3864.69284639749,4709.07820845172
3322.40177736459,5287.34122258214
4302.94335895197,4567.62424671813
3711.87593793029,5444.87890667846
4284.30657719254,5856.39740931212
4071.39050812655,8035.78153785416
7997.21409212844,8982.93924522288
3885.87589118383,6347.76493773501
3663.58914740414,5482.95617640498
3933.72990245549,6039.39563098288
8057.07492643403,551.949905390816
3890.40090681786,6134.47505723642
3009.10769223714,6372.03175493324
4553.49095955592,2826.46996421943
2822.48287065501,2502.81317154398
4418.35018939894,5376.85122231241
4143.35644098633,5325.93014716351
7849.14203100207,1982.51853819125
4102.64489707495,3784.48278876066
4065.21489099897,6639.36845660306
3313.94493752709,1967.74228426752
7198.42868893015,4777.90128354667
4510.95207171586,5409.87029751525
4305.86079943458,4622.12563728518
4364.62204854105,586.560396334326
4119.22143230495,5854.408298207
3863.22723993407,6362.99576105457
3020.60856302769,3959.18332182264
3645.32903645582,4040.39605579937
3030.00710783005,2464.05383629608
4581.90674680934,6081.67861904518
3892.15736400717,3620.06820970208
4158.72793254596,4156.95779741712
3293.28090343924,2030.08679404752
4198.28573886482,4656.50884353077
3923.24404538763,4305.06158084269
4094.22287682461,2801.69128073874
4323.89492176632,4739.53985509084
4276.99625220724,4990.90700531596
3773.73761333345,4725.2185934182
3250.09911355825,4013.4576391194
8027.95935053641,4943.11125333414
3809.0002931805,7094.07950894594
4053.00252327862,3969.86760547336
4951.70709962798,6077.30249004287
4336.29930112679,6134.53214269543
3632.16761050047,7039.52061006462
4769.84026881576,7164.20920676937
4105.73187012392,3614.10087638673
4132.55159018926,3885.24538960025
4127.04652983061,5028.75677891694
4221.15398779946,6905.68184856318
2949.2300612837,2626.36534475914
4271.98818623223,5281.99886932916
4192.92460332431,4924.30011459642
3839.14904616582,3766.12579656352
4163.06578665702,2525.09108906471
4026.54137679133,6946.03238812413
4187.87504891799,5664.3631937627
4384.3170206191,5502.50604326784
5046.54294234254,4824.27624188197
4216.73427427105,6011.49141290748
3373.41429396595,4099.84189282733
3911.51639704738,4947.65779300298
2856.36803309491,732.277003291988
4223.49875920195,5059.4459216816
3897.19817939442,6455.63150680716
3975.82834089898,6480.80788565231
4161.8840774758,4871.95782294577
8279.52558231648,886.234160542513
4279.01081761841,5847.64557416276
2188.85308295753,4883.60833084717
3686.10161406977,2460.35977281515
3444.73462886362,4916.51408084249
4299.88610334376,6419.25918945645
4662.87857300298,5422.94159906316
3777.48717242952,4194.12592835198
4412.08503776333,5859.35274466792
3661.17588134883,4222.76887455251
7426.52102368059,1536.8440082961
4250.54112184482,5241.76207783099
3253.11199692555,1522.97710459166
3983.37620193475,544.845937158256
4825.16024725443,5880.83506003213
4249.20233382076,6145.04601567962
3445.28017875892,3515.15697598573
7686.35665737686,3230.37305519332
2964.8522532076,756.714654011996
4300.49767690663,5302.5720459017
3642.21880963852,1796.11041176886
4555.01949071761,3944.86163729474
3495.14618280903,644.0173336848
4267.40885116667,5765.52370139436
4352.31426600264,4799.21318824435
4153.46247006991,3516.40735896571
3988.3850523266,7414.15556334798
4106.58504791618,4908.10306702619
8535.51184760093,2002.7506820031
1311.58113749247,612.191556002929
3758.26755697293,6232.33940817922
3838.55759754441,2782.08432841687
4618.13121127939,4726.41189093917
4526.73407733488,4922.42475155408
4575.78285354947,5591.05024160267
7848.19864554354,817.524622082713
3756.0348803614,5347.07121833941
4318.21214235438,3118.64201197371
4525.14814230555,4175.59852548831
3465.54368144667,1063.54920762722
3540.71387815687,5062.23084637087
4259.85235427206,1655.67912546208
4869.03670310889,4627.46799053817
3574.65509439342,3855.91995502309
3238.96712326914,5354.85725209335
4304.83643188996,4890.0306564136
4051.90944604871,3331.93146961705
4661.5966440049,6337.70563414666
4024.57607874341,5875.89061357121
4312.80882567673,4522.27217523726
8246.06865338328,1253.42411283262
3588.80477779111,7535.20718203081
3801.35509062718,6064.11744043219
4283.42266291944,6020.47074418239
4945.06032244325,6769.00149976872
3999.66970339622,186.180786389897
5393.15117691098,6236.99969591083
4658.10251472345,6249.33226933361
3771.83881287753,3976.5740897691
7698.32508481571,5695.90481271526
3916.939593073,5577.58103326269
4285.85490763751,6736.94864881656
3179.65738927979,4560.46319302656
5292.4037438303,2610.96389934543
3514.9870702741,481.592182872774
3727.10036886561,492.049234682485
4385.72648044317,5042.73721925652
4469.80855255919,5812.92112372885
4615.10476424162,6909.83048143995
4282.30326284792,3616.14707295086
4063.35846152162,5028.01805079181
3176.09060181686,3299.02593104936
4179.6773677535,5418.85005164541
4284.94140327575,5198.45620291425
6037.7980209215,4640.82345081538
3879.12567062095,4330.63586647991
4438.81305567955,3850.80509789564
1577.88770329596,2555.60982116284
3820.1200618366,5101.61516168113
3838.75818504902,4016.41297447519
2058.11120537436,1984.9622186922
3417.99745115388,4687.88005181681
3606.09327373721,1700.86036342116
3635.28593819629,3998.17015319608
4378.17192814027,5740.11982642367
3860.11099298497,6084.34979567167
4247.5479125992,3048.68209053393
4530.45623242996,6435.05833023462
4897.80774894943,5726.36645935438
4239.08229861671,6039.85020037871
4249.8911596904,5129.46271715277
4498.07823824841,5303.14036336031
4056.13648417372,4908.72804708855
3565.94632947869,5773.93471521066
4328.73362923104,4206.23100564921
4547.93901784445,5495.11791630597
4110.23059159042,1514.28182633225
3610.07352865652,1441.42354928187
4735.19923939187,5156.91236583233
3814.74434649533,2559.81532807099
3507.01008799546,7219.05184152474
3755.60167923962,8189.73806082181
4806.02257004737,5240.96668710209
4341.95499287923,6433.86503271365
2249.05959423174,4025.33564314634
3182.88851388267,4983.2347196248
4553.21043708702,8012.36635113334
3723.2349666818,7042.19178669112
3649.60141237448,4299.71922758971
4594.97905815807,2855.73831333758
8921.05297953322,2117.94850400573
3874.41856783929,1738.82399079873
4387.25182037332,6173.29147794333
2222.3895455338,3378.24934249335
2594.35744924624,5233.57856014023
4087.51335192431,4280.05561266408
3966.41417419287,5056.26351305552
3974.84560898604,5150.83128445421
3408.3265319735,3333.8068326594
7815.37442772521,399.924985214022
4257.44190079443,5783.25486781863
4850.88525466787,4892.87224370663
4391.78264613571,6326.16887430803
4744.47830159349,5529.10363861474
4414.49719024964,5367.81480557849
3806.1541437824,3174.50753358351
3499.99474199948,6652.21226202542
4152.12325987897,4528.23950855261
4162.02787251302,4511.18998479447
4156.56380994013,6163.63008114705
3475.21387486946,893.053970045771
5210.98613628873,4037.83862723565
4276.55030909221,6157.6627478317
2640.644781551,3961.22951838676
3869.18620984294,2167.10796417505
2951.81043348235,1029.33651776197
4865.92378091759,2924.33410373461
9127.33075241782,4104.61592862172
3490.90318775126,4510.96291152418
3939.06594225321,5826.16283594329
4208.32697468665,6443.75350278022
3783.59667452928,3341.08142298611
1334.7332890572,1306.95959629044
3804.35386711472,4628.71837351815
4393.58111043532,4700.26928784335
3675.50616634768,6167.94912469034
4854.90122946088,5214.48283981795
3816.51241198487,4841.09826951458
3531.40994636074,5082.00820935927
4306.24508941971,4733.45919656797
3692.80847630518,6082.36068456655
4610.15652207682,4537.10551462
3278.8455301084,3926.67547861939
4006.6626903074,3198.7178996056
4216.41926363605,4886.44991814019
3792.21464829758,5304.61824246583
4324.3154557407,2959.22896483505
3982.82979134814,6436.99077873598
3705.36518902919,5914.42287554882
3493.78173237777,6270.70083663505
4162.40505011391,5189.30646097281
3592.57201422438,1580.37716791075
3347.74467359123,4952.03392200529
4757.95466327701,5328.77173445654
9062.81717086127,239.318481983675
3661.92118890864,6714.72718247196
4115.85049044697,4666.85230584843
4788.26276978922,6949.21521960547
3902.4433082356,5426.29484121103
3268.03075904285,4442.7648164916
4072.20273931618,6048.03414092472
3019.00576896846,6828.33401158917
4323.9186299468,3847.79309993609
4922.6841516916,6443.58309211369
3829.88391300777,6642.49420262538
4955.037166,2302.367519323
3768.72960077262,5984.04176422792
4307.77465022528,5931.3586512442
4682.19801361173,2976.61930992626
3920.97764510547,4861.38728735782
4074.51905649427,6497.85740941045
4916.73018628241,5400.77721817757
4307.77165237726,4947.20322360715
4651.58204854607,7745.25714558906
4366.01719430112,4320.06490803671
7513.25035670746,1427.27238113432
2461.65190095512,1619.70471490344
4128.75045143073,6618.39737323844
3677.93765355642,5131.73598698719
4177.89153228475,7547.42600739082
4255.05114522091,5561.27023762968
2724.65802456325,2660.63480294197
4294.70405958996,2615.34002834774
3245.05974460024,6499.2215404532
3174.46385163764,2726.90066090082
3629.86451029044,5080.64407831652
4261.35335073897,4345.80960434046
4309.4924290902,5074.56299693839
2141.89129836715,5286.77290512354
1974.4368434466,5207.49261964817
4400.5725235758,2936.66667715739
3745.95689480365,3814.31945533741
3989.48459812367,5489.09392038686
3839.73637071092,4828.4815373625
7377.19013164477,656.008821489981
2808.26393923975,445.958699361014
1348.3602460343,1019.05003518951
3815.58554164576,4602.23452623401
4051.72582551321,5947.21445462612
4330.97016585045,4813.81903150154
3535.80984542936,5512.6224323152
1980.97147416333,287.511797187675
4359.56493457846,5835.42674880275
3437.97258520324,2022.69866708566
3369.52776581149,4928.78956880625
3829.79875834849,1641.86909578903
3587.31087878501,6663.23778986446
4159.81976215857,5938.40553401775
3591.87833951676,2141.53367853783
4487.56462927533,5345.59376208914
4568.55984001742,5754.95274295116
3588.84349498419,5521.37426746457
4217.68702867212,5109.45785803883
3388.45645894883,2035.31518781011
5554.14931499052,4070.45979564641
3441.54777030314,3960.54745286539
3625.53734343986,5718.92166978876
4319.50216205521,6523.94292704726
4111.70919033464,4460.1551615828
4149.78102192582,4963.45693378115
1834.33410373091,2865.34283610248
3286.42817914819,751.940776788334
2817.5489216239,2542.70893028146
4470.51837534379,6754.5094045743
4867.1471765024,2593.57334282659
3565.83961458274,2624.4899817168
4588.8723918867,5362.30246451422
3324.92286360362,1798.38368160328
4557.96667736508,3642.74424544251
4940.40758578714,3725.15027694021
3755.73537215723,5197.83122285188
4009.83107368349,1464.26988997502
2609.27768780184,4578.25144490984
3344.50774262844,4566.65802246745
4105.82400478722,5506.37094027055
3491.92278187935,3946.62367512957
4906.19296474568,5416.34928568544
4891.62477469452,6141.92026965729
4685.30583657245,5357.92633551192
3543.2262513191,2229.73663268435
4449.01865029484,4682.42395050105
3778.71229622448,5213.63036363005
3469.57833815519,1578.1606663939
4646.16901573737,4930.43785857831
4358.82599189762,5534.84347580455
3882.55685779526,4834.90386292893
4648.44662949649,4824.10583121544
3858.21565227362,3403.82362813056
2609.00898565877,4479.98961003021
3806.15799780421,6571.0566135077
3534.84963986151,4244.59243410504
4336.66044888827,5129.17855842347
4095.00594247221,3832.50561401277
3360.59972526241,6946.25988424967
4054.08952151389,4826.03785686155
3509.24313724606,4762.95461895641
4134.92811096178,2244.22872787878
3617.42046481184,833.38068974917
4579.68420973654,5603.83738442128
5064.82838779984,2879.94867935967
4459.00516840521,4573.4207465117
4085.08541178938,4647.35910158934
3893.86880519223,5168.96078052581
4335.92812525871,4074.94967271149
524.968869425051,993.191590822994
8412.50571997127,2790.09764686872
3485.99112585137,1466.82731853874
4321.81730467601,1396.98103944792
4398.84208874028,4825.18538067364
3639.1945774397,3839.60958224533
4087.76739731543,5514.38404729478
2998.14110318269,500.744512941901
4660.73413293705,5318.25786147235
3628.67174118893,3250.66207303656
4236.48112149039,4433.3304929656
3531.19856083353,2971.90235959089
3764.45172269198,4016.81088126727
1453.64537831235,2932.91573964507
4080.89803698638,5595.5396958125
3726.16527715206,2852.95360007594
2373.03202239674,4653.83766690428
3571.97556663281,2513.38391855955
3807.03806263789,2722.35412123198
3703.94634206902,5467.95242635571
4627.60997947937,6795.48534705286
4189.96671145459,6958.6491202762
4459.54499216562,4063.41291287286
3828.46956772933,3484.97927664828
3077.64533283373,112.413185548679
7380.73421013757,1613.33958050983
4004.93164364202,6852.3737555171
4241.22601332577,5040.40728681834
5070.16578971862,6950.80642391851
2690.80769450621,1275.19069263995
3883.15471848466,5228.63411367932
4316.10684034644,5171.57487169329
4706.8771326158,4276.07739045385
3754.01019852774,4895.82715620717
2725.85644673222,1697.45045866954
4095.82557070226,5083.14484427648
4261.46159851557,5244.94490931232
4337.39935807638,1972.45923460289
4049.99723668192,3872.28783611511
4217.95277133818,5787.00601675857
4377.39000545202,5834.80134588514
3377.38321731745,5069.27772914442
3700.26971452822,5132.70221123787
3364.87136831682,6291.95607872897
3566.10343836766,3189.11337684071
3993.82786220326,4821.49131719271
3331.04907223244,2469.62347424698
3936.88892658686,4449.35712986931
4439.79193682148,3663.31742201506
3880.52732410956,6969.50381459346
3679.53207029563,6367.42855266064
4032.72611135429,3699.63265390676
3966.6741091829,4978.00611443458
3987.30167302767,614.407951805963
4094.74738609407,2105.95717477127
3868.04426606912,5886.1203278261
4573.47024567573,5400.37973424075
3266.07855810879,4422.30538798182
3360.66629309011,2498.20975784375
4457.69891289463,6530.02400842538
3309.84514031372,5494.03836684778
4146.66996618642,4791.59798801219
3770.49347686459,7470.3623291461
4384.44633270808,6254.50378906481
4149.02558123426,6657.38420461188
3660.87564905295,5332.29496441569
4249.8708160345,3318.00769188123
4091.23512125514,2821.86655051921
4435.38433925228,5118.77843350205
4087.64293508008,5103.09261793141
3909.5265133518,2563.45251752054
3126.82679617908,6600.15455195932
4505.86620248257,6921.59473740412
4447.52177346783,4798.24738684892
4465.71194103134,5948.12401627304
4777.73431521849,4187.70402564079
3067.80361958549,491.935592333526
3218.66435646244,2957.35339036508
4134.78656140042,3187.57883513142
4337.88191701786,6195.1146146406
3736.09700133408,273.758509403747
4199.52494080853,5632.42366801805
4264.0309394221,6551.39299858208
4169.80013651891,4299.83297565248
3461.90017098375,4199.6386922715
7070.18437624417,2187.56739268482
3608.9499221465,2523.3861366889
4470.19165438445,1863.79706337422
3089.19392761951,126.6211220138
3607.57000149389,5073.48344748019
3573.24562755088,695.393189657152
3720.2469238505,7500.7106505777
4039.85107909444,3710.94234047509
3615.45471736128,4908.78513254756
4564.57266313926,4217.76776548784
4232.41783852826,2185.2941228504
3607.4609574227,4526.93246296887
4169.28656919034,1904.65904636238
3675.32116482973,6190.90931916008
3908.69150679028,5613.04378896648
4460.18518087492,5008.751919803
4155.25762693856,6835.77880115479
3801.4003230847,5628.67251907811
4150.04930897827,4048.35250021984
5005.20344182044,6416.01969537136
3574.32493601115,5841.96239957671
4187.1698403008,3217.47237573956
4128.61890118235,3587.95827329091
4310.22737582462,5644.81290404459
5149.38347174584,3938.43973458356
3670.33100586356,1250.80981023752
3978.89826766789,6444.37890569784
4379.64833582109,6177.04220402802
4620.20285557158,6138.28286878012
8184.63643108855,5482.2741108836
3894.99891964196,5542.34535082919
3816.56980185231,3784.53945136442
4066.98281499468,6018.53829568103
3425.76063480124,70.3577002190344
4357.7176409315,6026.55182556051
4785.50720720477,6565.43010152542
3326.5676736552,6969.56090005247
3191.23813773955,1096.5116202263
4771.08451236238,3882.00589551515
4014.0473844435,5774.38928460649
3904.45696714137,4727.54852585638
3682.65713127417,4128.37151382035
3594.7000294243,999.045176075574
4523.75706911925,6256.09499337785
3304.87545280483,1659.94150640162
3558.78756547582,3252.65118414168
4111.17097516277,3070.96000805466
3705.59227146077,4334.84116196043
3836.97400064193,1956.20552442889
3578.56833059424,5204.19646295931
4538.92274318275,5176.2351594249
3705.65194524624,4210.83420792181
3633.45131605183,4379.62449312745
4005.46250149267,4106.77545039336
4515.15557860541,5156.96902843609
4411.63447078454,5499.77820403758
4884.91450304112,6792.13210490499
3647.50654225672,2515.71385099773
4197.74927015876,6355.03931663411
3136.52605475696,890.269256784133
4301.50075395802,5657.65670946696
3449.76785754203,2140.05622228756
4351.5798912222,3098.97818562045
4049.23709684597,6154.08200955828
4012.44037578325,5319.90572838915
4254.51896229515,4020.56160735196
4418.96302927277,5543.93655514223
3613.19930736201,4757.4989404959
4870.07797265005,6415.11055657969
5108.78048371824,6592.76642499746
3585.71073907422,4851.7825531653
3796.70393388161,3350.91323044893
4220.30066559696,4529.88779832467
4302.55073693509,6708.87359721938
3820.41524134359,6061.78750799401
1831.48540607643,4633.20782772798
3806.90965986537,5158.90147693745
3948.17448120843,4549.21059191723
4294.37709566088,6712.90848203337
3422.62209112641,4377.80621554411
4433.70891190142,4921.57227536617
4110.69735024709,3663.26033655605
4762.22328876224,5172.65484400674
2208.35718721235,3554.54129129599
3961.91737935613,6684.09512516631
4810.75041031565,5838.15458803301
3558.33550880643,3933.66612164443
4944.70526069981,6790.82505932125
4486.13633611521,5272.67871672119
4368.23028071635,5956.19420875628
3429.38620766228,970.97033590602
3914.74117259243,4655.77011540564
4731.95757907353,5349.57198429937
4003.65906290483,6467.28201470856
3352.58599086788,3363.64349923615
4114.49665182108,4518.29395302703
3435.78087456513,6873.45816408924
3749.64334297139,5806.9537904135
4114.35019577301,3572.32954317927
4086.2129471418,3533.40000869247
4830.25774178943,2812.14827969154
7980.6482445632,1817.82022325862
4363.74373968523,4873.66277532158
3962.03408482464,6051.89861507218
4440.44738606367,4397.58357853251
9012.84976665527,66.4931401790989
4158.24053844838,6784.40315661006
4284.22198856595,6651.53019650405
4236.44250745581,2693.25639420798
4199.18320682988,4682.9356053559
4478.29286657156,1931.93828437542
3059.74715573632,4269.03008482505
4264.03310929844,4998.35179488159
3963.64791017487,5048.81830063464
3635.03017295617,1685.85682479952
3813.47792533022,1870.55999884609
3948.53111859322,5582.07048747251
7792.42914370733,3051.46680379556
3844.82754254318,4956.9783684662
3870.16852977352,2986.96277224391
2805.29898101681,6044.73798423586
3574.37110127663,6393.40074508993
4085.17605371597,6560.03108566867
4217.26718515775,4689.52791873361
3726.13236374817,6216.19944606799
2374.64340367989,1320.485572948
5587.41851974588,7412.22311484663
3355.20058703573,4813.87611696056
3790.87798719963,3658.82754494998
4202.54368427703,5881.40337749073
3331.24455102859,3930.88119695517
4627.16693382903,2778.33339090455
6149.31199393091,462.042051725387
3854.85051718708,4374.96462825109
8812.12734214862,389.695270959135
4036.00795620583,7447.91378953121
4415.22328236879,5417.25842447711
3717.08645991416,5505.80262281195
3875.31832242416,3019.64102611369
8455.19529055131,1892.78125376307
4380.70297195763,6129.53103363076
7651.80029176587,806.442431639919
4361.28308833578,5325.19099618313
2143.07426039858,5578.94474145019
4051.60121770268,2127.55323819825
4248.04977374365,3763.8525267291
2369.45647008493,1375.55549240128
2621.48334140912,499.835162722608
3572.6310611644,3076.47277197418
4003.47664609319,3918.83278226169
4537.84615251059,1077.47298536304
4116.68444887458,7273.83781367635
7703.42673452067,2852.78297798179
4379.03307548934,6732.68626787702
3143.93481521823,2786.34670935641
5271.51057349123,5184.02119317884
4423.11563910114,6605.38315714954
4216.25248236736,4199.46785874971
4198.16345250788,4148.66053166359
4073.91016432677,6199.20658491361
4007.19282389822,5714.48845532744
7817.58503443524,3385.41018475729
4191.78886607153,435.103820044589
1916.44043362091,131.508654800647
3963.94793904518,5210.95918700355
3406.6315571908,6557.81490129326
4841.76506724181,2908.53496295645
3789.19072269383,3080.45099418441
3707.60406957289,3580.00182887044
3667.08791433871,5049.78452488532
4695.75587491575,5377.41953977101
4782.97686938917,3975.38036939287
4591.43775267571,4802.56643039222
3378.57191088723,5274.66782782631
4024.47499081115,667.602508216901
4700.50902158385,6935.51851513994
4339.15869009663,6723.53610308033
3565.34129360594,3335.00034160799
4503.57984419084,4795.63287282619
4060.10182429013,183.396033485578
4798.54075543324,4862.46725967127
4137.09896399725,6506.66633001883
3485.84264074639,4442.02608836646
4089.02413163623,5161.57265356395
2136.31254546837,4155.76449989615
3676.654780924,3250.26416624449
4472.76999949515,2744.63225018034
3936.10056258048,5375.37376606214
4382.69505403712,6802.58931528542
4011.85151951083,5921.58350638515
8166.38707890382,3102.61537507
4447.69526353688,5573.94363238552
5374.00694531204,5678.62779283158
4291.08886414602,5367.53064684919
3433.57055045511,3208.37929640188
4381.58406803191,5989.55410529218
3275.95759176235,4454.58573505953
3746.10601058871,4539.43544705818
3542.08845396053,4524.77294119722
4081.83618511701,2053.84237924615
3740.05703496059,6980.01768757765
3461.43764615874,5129.0648103607
4877.23873704679,1245.12663565147
4377.2277403367,5249.77560771047
4150.65212880951,5930.61992311906
3704.84952818935,4932.76779101648
2965.73959919798,1356.85789029871
8983.48558976611,1768.20598226584
4287.58047247523,5916.80947059076
1872.44502984414,1385.72843833859
2042.18825872116,137.873815622712
4235.76593491405,4791.71173607497
8067.62171925187,4403.43716378509
4045.46818304375,2678.87783564871
4288.81592455436,3010.09337738018
3859.2139093446,5803.31681239158
3838.03333406842,4858.31820393925
4101.57171806596,5972.22042280474
7620.96158706152,129.576378084236
4069.47856818863,2058.72995167568
8774.86209821588,1014.78765424998
4027.65901738401,3553.91631123363
3905.55403741156,6288.09160458151
3687.97532925478,3123.2452142463
4134.46159581066,6317.87118569925
3734.66275716703,5223.74632982216
4396.95299480007,5663.11281078271
4004.13155148216,5563.65725552687
3109.35576204274,4826.03785686155
4424.1732772235,4669.06849022384
4804.95153289163,7177.73550056837
3992.6789285892,6182.8957892806
3430.10293785094,4890.37147774666
3587.94081383467,6783.89150175522
4756.97770245645,4931.91531482858
3514.58640279163,3848.81598679053
5340.45142765044,6234.72642607641
3189.14912200062,4649.34821269445
3804.89065855366,5708.8623662004
1887.96404797913,100.478518917977
3809.6330009516,6500.92649282902
4347.74161064257,3634.67405295927
3426.27587991228,2921.83354920227
3676.74939760392,6430.39804250301
4311.69814794943,6326.79385437039
3793.74549977116,4098.76234336914
4250.15940997873,7089.24838769255
4660.62776216986,4253.34469210965
4190.96199065367,3035.6676630174
3498.05116395249,3087.21392965628
4694.98524223396,5513.01991625203
4548.47822025165,4162.07265454456
4718.93666448393,5459.59807514317
2934.12150653406,99.6828771187759
3867.56975427661,3833.58516347097
4309.58881959299,5215.05115727656
4747.7806509751,5604.97401933849
4821.27169211802,5337.63731766867
4316.29836792763,5380.54528579334
3854.77696386443,3007.47907478507
4234.61998140594,3192.8641029254
2747.76608973426,1984.16661653568
3407.39367185358,1220.2911838532
3916.89901395973,4258.68662250739
4677.41423593198,5585.70788834969
4410.82335312423,6114.81144231079
4147.20702970531,3967.93557982725
3532.27328548597,4500.27862787345
3976.12512120436,5587.29909266273
8021.36128224255,2730.1970290173
4238.75682955171,1874.53822105633
3583.35059808457,4394.40074705117
4509.07351531539,5865.54757410881
3390.85584072092,517.112024035577
3681.02181302197,6127.54192252564
3892.47598207238,4891.73560878942
6763.89916347734,1953.2501890731
4459.30621684465,6340.03556658484
3261.53141116865,3224.0649005449
4839.30392670948,5067.85693549791
2719.42944717668,4124.10913288081
4254.15802281396,5514.72486862784
3483.06077601658,7154.77530609863
3913.00275066164,5997.96554196374
3698.15924254723,4028.40430370966
4169.45392779302,6037.0656985447
5355.3853139881,6813.38734699891
4141.76632356241,1623.68293711368
4173.75512927663,3593.58478527319
3878.30068518288,4369.6222749981
4010.92434756302,2080.61017383197
478.603738868989,3426.32904177684
3460.53150451348,1473.53348569304
2821.2726388206,4977.38071151696
3678.4252788157,4317.96204886882
3523.04774651642,5975.91448628567
3320.5729205247,6484.0473797374
3716.49011233861,1057.69562237464
4100.5206833598,5161.79972683424
4097.83040027623,2724.11594763918
4061.73832327869,4719.93290276897
4219.76472314428,4776.992144755
4247.88301710134,4524.94335186375
5031.21769182506,8492.87876238373
3651.34688136235,6596.63089914492
4122.14343119439,3422.63497829591
4356.66683415533,7047.42039188133
3674.23586583974,5841.1099233888
3861.37118235649,4158.89024591848
4064.4972002814,1084.69070165837
3811.72335852543,4900.37369587601
8690.19760566962,4576.66024059679
8834.11100929257,1405.22164259769
3823.91368575378,5942.44084168699
3945.92211000547,4216.97237475894
4428.16676570612,5422.03246027149
2019.41458689043,1978.71072664754
3654.17386473122,6174.200616735
3362.57474481666,2163.4707747255
3312.60914440818,7396.99271438232
6205.62765069745,1477.90950898154
1553.38764920045,818.831773380267
8043.50993241822,2885.12019909088
3880.73798578051,4360.87001699349
4079.89855071379,5489.20766844963
4224.65105127231,5161.79972683424
3010.54302223078,4898.78249156297
4775.17724903391,6199.32033297638
3488.85549545568,3517.60065648668
2471.46910768561,4307.39151328087
4214.6471333322,5402.5392560124
7352.5509271562,721.137991674714
3805.14947295821,5422.71452579287
3593.20645843261,1494.16332486935
1324.03210007325,49.2731198619493
3647.81427681783,5557.0645192939
3900.18137998367,4418.72507256366
1495.61185409327,1724.67292836499
3945.78830274502,5027.9609653328
3317.73721670449,4030.28008960725
4199.7724876753,5541.83369597434
4017.0149827168,4406.61957241118
4590.20819816359,6534.22972676116
4410.42669795635,5416.74719247752
4012.87281609485,6452.50576078484
4195.2020171932,6289.1711540397
4229.41720740847,4782.56157127828
4403.29514580971,2794.75772317271
4582.8048836732,6406.86995342992
4194.81132169508,4437.13830450931
4162.27769793713,6025.6993493726
4431.93266423191,4946.97572748161
3537.68638777664,6694.55191269149
3592.78867931125,1133.16809630632
4475.81904935156,7411.93895611732
4422.59092713525,5375.37376606214
4310.18247171174,5056.26351305552
3775.1621677765,3716.1138602063
4232.81108285556,5676.2978603934
4362.82690741219,5399.8680793859
3722.84704420621,4571.94329026142
3201.31393419367,1442.84434292838
3732.15555209469,1095.09082657979
4210.5150307229,6556.39410764675
3018.51542038534,5557.51951154499
3538.39124793369,3849.15723097884
2905.2609020079,3079.99642478858
4980.03676677419,5478.52338479891
3560.50993569396,381.795647713146
4470.10787282255,2971.95923362227
3069.02378313915,1257.45910336043
3820.2036079141,1472.62413547375
3185.30696203003,2901.3741206925
3501.72658701345,6441.1960742165
4362.58100100417,3766.06913395976
4615.51376088809,7280.77179409763
4452.10358241757,6472.1127131067
3876.38499040516,1877.32293431797
4245.90204932634,6791.56378744638
4530.42274601061,5278.87312330683
3818.35047234072,2615.62418707704
3999.36478677362,746.541760931588
3646.35376219776,4556.14414948326
6352.05612545818,5676.75242978923
4132.00365357359,5818.83179444044
3720.46396037113,3413.37127686407
5079.46266647328,7231.66899653207
4805.69844160821,6260.81236656847
5105.91373321188,6325.65721945319
2337.82446403495,2447.91366275722
2436.16294264067,855.658712983717
3870.64431177292,3564.14602548851
4183.73726268148,6709.89648407382
3659.1527125647,1820.7184731554
3828.44070401032,4943.45249752246
4052.47034596405,6107.47997795269
4435.75160671467,5338.09188706451
4590.26986676166,3767.43326500251
3483.89511824229,6520.87426648395
4426.2356440001,5543.87989253847
4444.00176680546,8216.61981489801
3917.83094563161,282.794767566946
4194.53762971763,6862.71721783476
3928.57212700169,1723.93409452605
2552.54590681154,147.933026711481
4382.0375035178,4305.6298983013
3873.6781883483,7215.52861156559
4547.41633028677,5215.16490533933
4798.62660948622,5610.25928713247
4709.55031409952,4885.76827547407
4407.03838153693,5600.88204906549
3512.40995894,4453.96075499716
4113.66898947797,4744.14348021869
4308.07809063104,4105.18424608032
3764.09411015863,6325.42972332764
4007.08678592407,5184.41909997091
4882.54582348316,7397.61769444468
1697.48960573043,1513.03154906608
3507.85762443385,22.6758664331552
4314.14164694011,5259.72116323605
4096.43557629791,3695.82526521831
3463.16002488077,6913.46788231712
4483.70455451285,2519.69207320797
1488.34258767838,2896.14572692991
4324.84469415141,4040.16855967383
4315.17808365114,2977.86969290624
4188.3251856893,5833.66471096793
4621.36845025558,3183.2595801605
5300.28938231242,1813.04618746423
3513.32212994475,4609.39557992558
3413.95738808911,3807.95421522999
4009.82316496687,5928.45997849216
3888.26215839187,6021.20947230752
4453.66889199499,5201.01363147797
4354.70934423652,3602.2799578188
4222.51818517483,5609.91804294415
2816.8655228068,5875.66354030092
3871.42933724267,7101.97844505214
4412.73035525015,5633.21905874695
4646.3638274748,6005.29658346659
3837.23077557916,979.722382483009
4799.33437988484,4721.35369641549
4970.44093787251,4888.21195597502
4524.57140427972,5033.87163604439
2881.48350002069,2454.16515480188
4148.02297892128,3002.93253511624
3904.85809549967,3419.56589487734
2654.8965102752,2829.59571024176
3936.80570721835,4485.50237394973
4133.82747440897,7055.54724696833
4344.93585256911,6124.41617650331
3894.73567389847,5184.13494124161
4374.08509398622,5861.1714451065
3601.58895157322,3268.50719895123
3396.70053290092,5181.00919521928
3356.46146664317,5109.11703670577
4376.59976011907,4389.62713411204
8608.48246542381,1638.57283338636
4361.75372636177,3869.2754153003
4448.16203663865,6852.31709291334
4066.03267874677,5453.8015753496
4569.08318569976,6372.60007239184
4066.35161643592,1211.59590559378
3974.24522374359,4563.75934971541
5065.15085778085,7007.75191784176
4096.72633520205,5797.17864555445
1791.26963548465,614.351130631483
3445.36689655854,3800.9639950602
3553.74815596033,2898.98731422294
4158.70871997514,4576.60357799303
4549.37306982381,5406.57414082639
4377.6519434425,6659.42997832076
3401.31899595469,1906.19358807167
3518.31063465774,2175.06440859552
4092.91313365778,3284.13592906286
3764.64200900677,4005.44453209517
3701.81872715366,2611.81637553334
3920.78126246822,5395.03738098776
4211.25543442116,5432.14842646361
8313.84614927945,3404.73297834986
3633.30284025398,5914.53620075634
4671.34617611672,5636.40189022829
3140.96017934341,2511.22418536028
4290.5096542176,6244.50157093546
8798.85977336724,4426.16986212928
2287.24935160239,764.557456083505
1451.69640103891,3656.2134537825
4874.76926285183,3551.52929333644
2586.99316063377,145.546088099651
7641.62583788942,922.54970957565
2258.8656359674,2518.10086889492
5198.94949927364,3436.10397520827
3852.21149111816,5687.09589210689
4542.23170613187,5988.98578783358
3666.78790650939,5175.32602063323
1856.51211993038,2540.3221238119
4266.22333298466,6472.1127131067
3946.52019120299,7310.21013102706
4361.1297167262,6108.95785705821
4290.40628296848,3673.09256687411
7397.46572464631,578.831289468681
3552.90886276298,4280.79434078922
4008.28709812956,4711.35147828614
4150.63861191075,6839.98451949056
3815.80644445959,1604.98522929729
4490.14299572874,4515.33904052648
4467.32597346133,6396.01483625741
4519.8273956664,4506.64344512563
4100.32675081095,4988.86080875183
4878.28381757193,5377.13538104171
2249.18426305353,3694.74529290486
3952.31383084123,5722.27448908138
3862.11397440978,4199.07037481289
4172.07707920416,5180.27004423889
4527.55166333749,5056.54767178482
4046.41425719736,5527.05744205062
4425.39305974723,7629.54788015922
4244.43170907959,5667.14769559671
8694.86369210898,7979.40393853425
9083.50142665051,608.383797316133
3581.64908782817,5489.43474171993
3357.26000571584,4245.95656514779
3685.83394808148,5457.89312276736
3857.88153449508,4180.82713067852
4125.38086613956,4236.01100962221
3688.12014732111,6115.15226364385
4452.56440753372,5827.5836295898
4370.99293519869,4777.04880735876
4697.27648903682,6842.82610678359
4957.04970641222,6634.70816887145
4376.71155784714,3530.38779930529
1963.78974040349,7214.10781791908
4166.24551957422,6902.10153314502
4495.22894673597,6825.32201362961
2033.41538129329,5238.92049053796
4334.54228111206,6450.57331228348
3284.67618577035,2655.9178526066
3830.71979793828,6199.88865043498
4518.01548954636,7097.03442144648
3614.59051860955,4534.1501792642
3540.17371926803,5995.57852406655
4653.59862747426,4746.24633938658
4338.18320360995,7071.9147052051
3941.51082700399,6121.74499987682
2385.15758381235,2080.09873040475
4001.9176259286,2847.5545842192
3471.83219550619,5609.06556675624
5067.40056835849,5059.04801488953
4240.04346862108,5589.62944795616
3773.22506458618,3875.12942340813
4069.77669186134,6273.76992005361
4283.60687487603,4058.9801212668
7104.86774068872,3555.62126360944
4077.68173679583,6863.85385275197
3780.27410709791,1596.29005675169
3566.15629796535,3909.00097479888
4136.13756617661,4032.95084337849
5059.46010104395,1219.15454893599
4114.21242178278,4682.36728789729
3967.93495839315,4056.5360179106
3262.41569808006,2855.45415460828
7542.17554577381,1863.45603061353
4128.58130737652,2245.19495212945
4659.14781205097,3796.64452866165
3399.77868960758,4709.07820845172
3659.43734472247,2906.31856715341
4404.7071102816,3603.1324340067
4689.62373016603,3163.82324993279
8604.50812238484,2098.0007303508
4368.28042244584,6009.16105761405
4631.43088151039,6931.93819972178
4177.04972286674,5242.44414335236
3521.65837402322,4964.30940996905
4053.28449339464,4960.55868388436
4378.98862763751,5251.5938852938
4156.45563625936,5486.93439861522
3720.74248939363,4684.18598833588
2522.4779507565,401.11844130571
3822.71342764099,4346.20751113253
3591.33919458123,4956.9783684662
4417.74726687695,5547.63061862316
3767.4007909867,6497.97115747322
2988.41307169453,2417.33826805533
4127.05725764338,5941.53128004007
4293.97507533382,2444.16272524491
3470.19954966802,6316.45039205274
3932.34190787951,2922.11770793158
3911.35733469581,4480.95583428089
3768.32715296314,5338.14897252352
5102.79368793396,3882.34671684821
8421.5714253638,5221.18890125844
3813.16343277903,1759.2834193085
4480.79866612106,6024.44896639262
4966.97349573795,6334.97779491641
3610.98558947165,5190.78391722308
4282.67753789009,6369.13350503646
3976.25463559282,5396.11735330121
7731.40311875353,1343.84335706837
4546.2519896739,4072.10808541847
4682.6265962151,3642.40342410945
4404.48897323839,3101.99018358001
3432.33751710987,4579.44516528606
3528.59764251285,5464.37211093755
4193.59172424412,3103.69513595582
4138.14850554419,7660.80534038248
4216.20508568623,6415.11055657969
3653.80805700036,6092.47665075867
3947.32605683251,5658.79334438417
4010.20234137052,3961.85449844913
4012.97315783857,2965.02567605624
3856.43692800539,6970.0154694483
4486.75144441145,5960.74074842512
4337.97204461102,5328.08966893516
4209.3479612868,4619.62529418047
4127.75524768894,1454.38110276701
3963.62064221643,4867.29795806941
2956.17747120247,2185.91931434039
868.141994053827,3009.75234461949
4177.88511702121,3528.56931029433
3384.16776545205,1322.70196875103
3997.91457516882,3898.77126054399
4143.05475754606,5598.43836856453
4103.73994929639,5714.77261405674
2542.67630888608,53.080848816736
4224.43804688772,4677.65033756192
4575.95768584489,6548.72182195559
2651.07077715757,3203.26443927444
4291.55706426757,5231.07779418027
4472.22636977539,4513.69075075443
4162.88222294022,4174.1777318418
3110.26985410465,5272.45122059565
4211.12950576947,5376.90788491617
3923.03686247214,2896.37301162783
3774.1565428336,4799.27027370336
3832.22637974601,4804.04388664249
2750.95682390351,4415.14433429025
4202.24100295718,4071.93767475194
3705.85494639308,5606.28106492223
4221.38867427912,3047.71586628325
4046.59507531884,6056.04724794895
4163.80158009324,2810.89810813919
3820.52713579603,5015.5150667025
4620.57028517299,4241.41002547895
3563.92091025582,3325.50935547824
4232.20117274356,6221.0868070699
2900.19335900473,6785.25563279797
2917.01655376372,4749.25833734613
3843.71272155805,5565.87343990228
3874.26493361542,6082.58775783685
4521.21892877813,6859.30731308313
4702.98099372657,5481.59204536223
3951.76622478584,3441.8440238257
3013.9391487652,4258.7437079664
4356.87767750514,3265.77935972097
3393.44986387275,6215.97194994245
4083.43499989664,2873.41302858572
3959.49611973945,4736.18703579822
4367.96951654787,3925.02761170259
4381.73908162377,4634.23071458241
4972.31378556332,5690.96036625435
3283.13101394862,5017.95874720345
4538.58312266839,6866.63835458598
4816.57628550734,6963.76397740365
5699.86104104232,3759.2493244565
3696.27723447927,611.793702067762
4303.26300886562,2156.87824992016
3597.22758498319,2614.60108879497
4097.64677316328,3925.99383595327
3670.52360947933,4467.60037400368
4392.74000379272,2973.09586853948
2621.46857458668,2145.68252284222
3775.21791958613,3739.35821340534
4827.14127774913,5501.82440060171
2641.59517657209,5526.43246198825
3626.29869185474,716.307293276573
4299.11812838896,8257.93615585439
3969.3522650845,3478.21634117641
4381.55092562711,4961.18366394673
3904.47116265704,6746.32588688354
4058.27372975771,2863.86516842458
5118.49093747502,3771.75230854581
4389.23625809978,7157.50356818414
4501.17407483544,5296.09348058676
4356.60649012562,4946.97572748161
3906.97449922032,4595.58512739728
2950.73386024642,840.996154265856
4334.21581260947,5628.84335259989
4153.77439582719,3711.85147926676
4024.80213790991,502.619928841153
4682.47335438465,6227.67912044761
4672.92826512637,5041.99849113138
4973.8616279927,3938.83764137563
3030.24821259546,2755.43028189383
5283.78422130412,5423.85116071008
1718.85559008334,1730.92442040965
3144.81840186284,957.273842868118
4456.89344298381,7049.86407238228
3845.65084160384,5123.83620517048
8753.86318365409,5229.20243113792
2301.95544398157,4756.646464308
3928.74437038526,948.976471400775
4568.633410766,5048.64788996811
4308.22407550396,3358.52864210871
4090.04870276639,5194.9329729551
3033.67452626201,1429.03420754152
3802.57528947144,3035.26975622533
2525.21796947199,3116.19812004513
2222.79683337267,1081.50808160466
4306.36492298127,5900.55576041677
4307.00382115572,7012.46886817713
4122.86325555125,6023.14192080888
3778.20421969949,3330.22651724124
4773.54106221905,5540.01499553576
3927.86260413917,134.748069600385
4381.22123485327,3098.06883540116
3074.25374665034,1679.94636551556
4219.51598338543,4269.82589840919
2708.73609557937,3737.76700909229
4826.03671139767,5710.28315984692
3493.39070460832,2865.62699483178
4017.2802180041,4711.18106761961
4633.70747521518,5256.31125848442
4381.75921836269,6488.42350873971
3924.51115160226,5798.42902853443
2227.40453874409,269.666618416102
3185.78553476494,340.478963186884
4154.90316553021,5793.71207819906
4623.7774584148,6259.16407679642
4148.08821342912,6034.22411125167
4514.26204424708,4897.93001537506
4470.91887224706,7047.47705448509
4637.18199660179,5948.40817500234
3994.41471318124,6987.00833060269
4097.12342541955,6235.57890226432
4463.83628237706,6185.16905911502
3892.84120932564,2907.79623483131
8043.09680684951,727.446304893846
3623.85298904483,6591.00438716263
4077.81973597747,2448.25469551791
3995.303021819,3791.30259826392
3125.40483469991,5360.71083734593
4372.56299334504,4928.10792614013
5065.16610930612,5686.69798531482
4205.70474017304,2408.58601005072
1939.90780109963,1342.13840469255
4058.07088306897,4211.40252538041
4661.41141298939,4840.30287878568
4463.78529828167,5773.25264968928
3642.92845486399,6513.82696085515
3741.68717069432,3106.99150407231
3038.13127545179,6745.18925196633
4081.45652549529,5049.78452488532
4050.2888367018,5216.75610965237
3950.49863289802,5685.2771916683
5041.62874167647,4757.83976182897
3640.0121215999,5128.43983029833
4646.01319252694,4753.63446634844
3694.98676434047,4057.3884940985
3092.74196260244,6561.56562737795
5032.63789194404,6522.92004019282
3594.07660918259,5322.86106374495
3911.55809573949,6145.21642634615
4879.17056103651,6566.9646432347
3956.16038121696,4818.25182310761
3741.54197109257,4580.63846280703
3939.55491119423,1866.24074387517
4061.13021294573,4263.06275150969
3825.32076759216,6484.8427704663
3168.77172140132,2664.15845575637
3419.29196865365,1726.43464905838
4113.08650106111,4258.7437079664
3904.23944636891,5088.43011207045
4420.97598317321,1933.81364741776
4505.75774361506,6158.34439049782
5320.27609308002,6435.28582636016
3740.51427443105,84.0541470071428
3374.78220155127,4370.47475118601
4424.14116513495,6360.83623928293
8042.63312712193,2076.40466692382
4104.35438759946,6351.17484248664
2444.6084418827,6125.77988469081
3286.08313439802,2193.19390466711
6366.08868157343,3884.96123087095
4985.77632065154,6871.75321171342
4062.90084769606,5127.01903665182
2858.00271445828,6117.02804954145
3711.88400635342,5664.19236024091
4888.44229004297,2802.65750498942
4218.00263497289,6332.30661828991
2667.99107669143,1426.41990494641
3918.46370180751,3141.20408822374
2475.96255294999,1263.82434346786
5021.96186392004,5334.45490904259
4606.67732960687,6939.49673735017
4855.98939585368,7269.68960365483
4123.49040457601,3705.42957655558
4860.41728012334,1547.18736489994
1976.70207597473,2732.75445758102
4387.69652252071,3467.81621625499
3426.14074719998,1826.34498513769
4652.28407092524,6208.18591618852
3729.85007118385,4447.6521774935
2630.28972311307,5557.6328367525
3992.84460624288,5035.12201902437
7764.93821331529,421.464201038073
3884.27771025496,4288.80744781344
3148.32236177059,2648.30244094682
4466.61946770763,5606.1106542557
7283.19216236237,1081.50808160466
3402.03098469574,4371.55472349946
3365.77186794865,3049.98913611767
4480.74432016098,939.54235930241
3984.2250425237,1696.4275718151
3944.70399750609,3913.37710380119
3755.52954025613,4285.73878725013
4396.237174088,5825.42410781816
3742.08061936703,5227.66788942864
4278.81094467883,4616.10164136607
3687.15780439687,5572.35242807247
4421.30884041042,3411.49591382173
3671.6205426802,3586.25332091509
4440.07852119732,4727.43477779361
4106.10010173493,5059.90049107744
8988.78776882735,4643.3808793791
3428.37196161195,4539.60585772471
4047.91959478076,5261.65318888216
4638.3242731178,5152.9341436221
3248.66552663157,896.236590099484
4674.49297612249,7265.08555567173
5181.73033905844,2890.57608897901
8719.38795433888,509.496559518891
4300.36463631289,3196.55816640633
7663.83468771328,1837.59758624701
3766.19922697661,5473.2947796087
8865.1191282064,6521.10133975424
4511.07259273844,4265.50643201064
4067.43793925315,5570.98829702972
1517.84442415993,3378.76078592057
4379.4696444959,2560.27010889445
3372.13855335941,2919.56027936786
3774.08291135123,1167.21037550503
4333.55549233713,4367.51941583021
4186.51634597229,3243.558104804
3088.48856207779,2900.01020107737
3776.20767502573,2087.42998333523
3718.94740204138,4372.80468362419
3089.48663482509,4470.83944523352
2500.40210553283,2292.87674462087
4530.7754758112,4194.97840453989
4258.90045459343,6324.1226777439
3938.63073527496,5014.26468372252
3884.26405933734,3368.64481972845
4442.00660897726,1191.19335111539
3241.28880480749,2848.91850383432
3664.97569066773,4721.01287508242
2954.42477414057,4848.71389260198
3519.60224127352,4516.02068319261
4242.56915576868,4556.59871887909
4064.94465492981,5934.65480793306
4766.4905032836,7528.78485646438
4300.27604057893,4982.66640216619
3865.90893201262,6828.27692613015
4127.31824814928,3294.59292801566
4775.83970968946,5834.97175655167
3674.04626513216,5315.92750617892
3983.54748496102,4320.12199349572
3872.30299642762,6397.03772311185
3693.36918880062,5033.98538410716
3584.45599838372,6174.14395413124
3899.24773200837,2638.12960072331
3908.96985015609,5820.19550262794
3579.39236451979,2574.13701259888
4227.03538862221,3926.05049855703
3936.93011363675,5360.59751213841
3758.08846530449,2310.09667904555
3883.48785210717,6592.65267693469
4333.14757812626,5522.39715431901
7673.04728407204,3271.68981900494
4023.55178897343,3037.82718478905
4988.4634006447,5916.29823859117
8291.29576496312,4853.54459100012
4667.12517136036,4224.24675365803
4360.70566945066,4919.12817200997
3797.37642525601,3975.55078005941
4540.58899833286,3962.53656397051
4009.73722453949,4921.91309669923
4333.55454365518,3567.95383703222
3541.7234185773,4201.002400459
4662.70524160316,4073.13097227291
4627.5791748685,5700.22385625856
3828.79840964158,4915.77535271735
3290.69359142739,3374.95297437686
4837.87530148409,6239.78462060009
4167.93992014918,3539.53775267435
4117.16115775304,3973.10709955846
2031.89186891499,3401.72076896268
3765.1973081457,3155.41202468886
3534.41544939077,2668.76186945659
3476.93672656384,5593.55058470738
2850.14848281328,2670.92139122824
3452.0523227444,5435.33125794495
3591.00852246333,4133.65678161432
3285.71977039007,2597.3811543703
3835.15903829101,3603.24618206948
4836.7273944147,7071.1193144762
5258.99551804931,4083.41777198681
3167.951248216,4995.11230079649
9019.38671475225,7426.94270616659
4319.63902931106,5048.02290990575
4321.62423008397,6670.91007555562
4909.64754209267,4953.68221177734
4480.59775141089,5095.07951090718
4460.00608426715,5195.61461562122
3684.85008043801,3682.92437433693
3481.04310990015,191.466146683457
3484.45887047278,6092.59039882144
3457.18884372511,6729.21927766638
4186.63308120681,4475.3293222986
5115.24108962404,6553.60918295749
4641.49849383326,4370.02018179018
4229.21755978969,3990.89535144174
4409.98941791868,6165.39169612662
4314.91047131112,6790.3134044664
3526.80435795581,1400.95926165815
4512.94810860174,3806.02176672863
8174.49671263243,7547.14184866151
3758.49218428339,4526.59164163581
4217.51251098335,6123.10870806432
4696.87367614382,5614.74874134229
4098.0425929931,5238.92049053796
4262.80121240881,1428.23849967119
4178.6768119619,3052.48969065
4082.92155974413,1465.12236616293
3604.16531801855,4722.66116485448
4206.84391233323,3900.70370904535
3301.77217268714,4673.89918862198
4194.47428908087,6239.89794580761
4338.12865611047,5026.36976101975
3994.17256917846,4891.67852333041
4232.18788590668,5037.90652085838
2274.6289660274,639.072940080794
2297.73810703201,733.129479479895
4039.94407885227,2673.36528315681
4728.66407755231,3248.21839253561
5166.48872879242,1497.2323025741
3202.96753752767,4.14871711745968
3230.23898810235,3957.25129617653
4411.40032763071,6967.51470348834
2738.05198381046,1406.52879389524
3884.90455971637,3164.95988485
4009.45125701993,4606.15608584049
4514.25489430346,8145.06847771757
4734.60718723168,3773.40059831787
4196.18413818122,6687.845851251
8184.97041704653,2490.08290275675
3971.14098628627,6250.58265231359
4484.55977594144,5507.39382712499
4414.99718867827,5621.79604697109
4289.7215385479,5425.38570241936
4106.52278136364,779.788332259971
3598.37627558634,5092.40833428069
4004.52498460827,4443.95811401256
2999.95083332405,570.249706415129
4078.09232618456,5127.13236185934
3444.42257293754,3999.24970265428
3930.34045999892,6627.20629384681
4803.2554428731,6684.3221984366
3857.19550987443,154.411843096731
3828.1914783291,5797.63363780553
3702.75592757439,4748.17836503268
4061.92532596809,5037.73611019185
4229.43661168039,5436.80871419522
3879.4922056649,5083.25859233925
3977.65804131324,6385.10305648115
3639.58016004244,5395.83319457191
4025.17951669121,5446.41344838774
3790.38830879346,445.163044347586
4528.4888638652,5584.51459082872
3546.36453768456,2217.74509202226
3936.63716738206,5798.37236593067
4050.69730711776,5051.20531853183
4843.17937473555,5601.79118785715
3641.01256960661,2737.414533885
4385.4503186952,7127.4960680856
4189.69063140492,6027.51804981119
3472.60626435045,2498.43704254167
4575.70952710243,6879.14133867529
4923.87627185376,6461.59884012251
3646.00953725682,4223.7921842622
4477.06646530978,6791.62045005014
4640.36899087777,4883.21084691035
4077.38650420209,2897.28236184712
4672.18019274287,4580.80887347356
4907.97384435392,7354.31139667269
3610.30917575741,1170.16560514702
4217.13554846655,4607.63354209076
4366.8229701411,6559.121946877
3693.14776253286,3427.80649802711
3992.84496243549,5767.34197897769
3531.81973058261,3168.76748496608
4102.53334487077,4101.49018259939
3712.32795153749,5798.5427765972
3528.92902685035,2458.54128380419
4946.07635822679,5002.15960642529
3560.03550497677,1604.75794459937
4585.6499099889,4168.49455725575
4259.32671830034,2021.50515813706
1845.28867010876,4880.99423967969
3848.14034630368,4404.68754676507
3622.05589709104,1699.95111891568
4012.75474470378,792.745991458924
3642.7368484702,5482.33077348737
7860.10856938156,1670.05757830754
3789.43601899862,5265.63141109239
3838.19612954044,4840.92785884804
7486.40669202178,6203.46896585315
3745.28494331527,2943.88439345272
3800.41895007711,6104.80922418145
3936.86919776536,6882.32417015662
4204.67010818394,6582.59337334633
4163.98675799134,6102.25179561772
5264.02854500945,5717.50087614225
3931.64604262006,3965.71897259659
3584.04810981824,2418.98634639976
4921.83531257376,5008.58150913647
4363.26273077488,5167.8241456086
3774.18267849432,4435.83125892557
4179.0574987458,6098.50064667778
4021.71243099967,4060.9121469129
3943.03092962886,4102.3426587873
4034.99294965098,4649.80278209029
4401.58052292614,6434.88791956809
4357.4780748111,4547.16481820835
4004.81408252999,5289.04617495796
3265.97373010512,1071.84668480838
3130.67081283504,5328.60090093476
4086.45656629654,1674.49047562742
4513.69406172324,5828.72026450701
4633.61379558928,5004.9441082593
5114.84891265135,6708.93025982314
3890.33439968474,5603.09823344089
4409.94100844696,5982.0526531228
3996.37217294868,6395.27610813228
4786.63620912644,4847.12268828894
4545.39888495289,5946.70322262653
4680.05412488181,5633.21905874695
4080.64172443654,5160.32227058396
4515.88275215881,6541.27660953471
4555.37825595388,5227.04290936627
3520.91272270388,3486.4000702948
4106.72108416584,3405.92627587083
3825.1420472746,2045.544902065
3407.10640453552,5982.16597833032
2213.24297558857,1144.25028674911
4684.74918697743,5308.93728600913
4109.21153491751,1762.57968171117
4165.49085163105,3677.18411429187
4196.38814197377,5622.13686830415
4163.6451089954,2597.32428033891
4522.76790759288,5364.74614501517
4082.439748773,2332.94312545252
8135.91251357076,5271.03042694914
3958.13503666191,5739.09693956923
4591.52695908277,6510.75830029183
4787.5081845996,7204.90141337388
3997.76155112087,6627.77461130542
4676.96523749167,7524.52247552484
4158.01600456677,5775.35550885717
4075.88997348481,5985.80337920749
4333.41213288805,5450.84623999381
8480.20351844998,1544.85732674795
4005.77117647432,4621.21649849351
4069.44418276567,5222.78052842674
3249.8842464924,1283.7722228366
3622.07918376872,2514.34993138261
4385.01605529418,2082.37200023917
3366.62223214502,6350.71985023556
4155.10415990695,5362.35912711798
3284.1453387679,5738.07362985954
9014.99084740957,659.248209861266
5130.27246617308,5574.73944596966
3712.92653536626,3788.40392551188
4407.53248873146,7023.72146928646
2479.85863040526,6628.11585549373
3491.64318922974,1160.22004962143
4415.65090315923,6587.08325041141
4227.04026646168,6923.24302717617
4904.62279815177,7455.13108297129
3278.79193425411,1063.49243930965
3101.82986614706,3328.74884956334
4288.13084488977,6474.27223487835
3977.2279290928,4634.9698655628
3382.71660427445,2526.39834607608
3842.109280484,4953.05680885973
3638.03319268887,4665.77233353498
3535.67071715872,4868.49125559038
8322.05553996655,2027.92706084825
4320.57787801265,5110.70824101881
4128.10531425436,5892.54265339254
4085.42135434446,5736.99408040134
8470.75594738805,245.854132757631
2917.40808665702,1818.50207735237
4188.58068100527,4823.99208315267
3971.44681464292,5468.40699575155
3235.42355180132,3810.34123312718
4763.94336496251,5364.3482382231
3808.43985462427,2955.64843798926
4233.4428344987,2974.28937748808
3619.61131051902,5168.27871500443
4801.09476569431,5846.90642318237
4021.78630493101,4299.54881692318
4408.12395824966,5108.66204445468
4544.14508534619,2501.39237789746
2988.45254871517,1002.56882888997
2698.12970107899,3845.86107428998
3867.89433967229,5274.8949010966
3868.24969574846,7314.01836542601
3831.7926370946,6106.11626976519
3590.29609122069,4358.48342195155
5439.84209774947,6519.73763156674
4701.96702126713,7051.34152863255
3863.24309049575,5137.13500284394
3655.01285370059,6073.77883722847
8049.51244131046,4151.33170829008
3309.98575016089,4630.25249237218
4302.92129506795,4302.6745629455
4405.62697886301,4596.55135164796
4152.52576427604,4801.25938480848
3474.53715357233,5253.29883766961
4058.05728067239,998.192699887666
3554.56838501826,1355.94854007941
4275.61509817968,4930.83576537038
4642.56164294063,6545.36857980772
2511.2730614864,554.905135032799
3891.56898672633,6286.49997741321
4043.44904842143,4823.65083896436
3575.1724794672,3680.76485256528
4221.15726019819,5692.09700117156
8310.40384614421,1798.95199906188
4452.10102911935,5641.11884056366
4192.64751420751,6388.45629862902
3896.08595336566,5374.97585927006
5022.48052018722,4922.93598355367
4602.51643429315,6262.11941215221
4424.86454413639,6346.85537608809
4099.09040840977,7023.89187995299
3608.07746613015,6018.59538114004
4232.18038342042,5519.49890442222
4176.86722891511,5118.43718931374
3656.29234544884,3744.18891180348
4262.02847665137,4397.58357853251
4281.61691495257,935.507368774603
4035.53417222906,4827.28823984153
4952.34944559082,537.17365146709
4160.7233296809,6996.72639000273
2064.58966677553,3906.50020883892
4241.97193811604,7987.2470577472
4123.76386969747,5702.44046348922
4527.55042863711,5028.47262018764
4513.46806547537,5436.80871419522
4312.11692998194,2073.56307963079
3392.58938527334,4154.05954752034
4441.04041139023,6118.67591645825
4661.09803779655,2381.59093076699
3622.1066018308,5920.16271273863
4980.85076910456,6066.78861705868
3734.77575860843,5620.14775719904
4305.36904625572,4037.6111311101
4515.21710164907,7013.49175503157
4886.7853666178,4833.88055321924
3727.97766632006,4525.28459605207
4274.01111083531,6405.33541172063
3174.60417531655,5583.0937971822
4448.60837780386,6441.7643916751
4006.64447515354,7891.14474463923
4638.83226034264,3538.06008499645
3016.00763783338,379.010908023054
3528.32890252488,4705.09998624149
7677.89137043686,6673.01293472351
4500.40497919357,3032.76920169299
3471.9835391251,5549.90388845758
4360.75773096976,4346.54875532085
4033.11020296695,5182.03208207372
4305.49450450461,6278.03230099315
8017.53026389252,1764.28463408699
4861.11051848832,5449.14128761799
4943.87315157805,4109.27621635333
8791.18674236231,3341.99056177778
4724.28827763947,6348.61741392292
4526.09249595285,6440.74150482066
1937.64094320788,2054.29694864199
4398.78701458412,5514.21363662825
4563.59340164177,5664.87442576229
4410.61156905466,7139.60156823809
3696.70536320268,4742.09728365456
3442.85602519457,4044.03303382129
4402.19299173295,2055.88836438266
8841.0635951666,1954.15953929239
3770.21743040664,4696.91604569548
3780.33338313855,3774.99180263091
3797.62157963133,5298.99173048354
4293.43738069674,5300.29877606728
3534.95560481627,6870.55991419245
4477.96224040245,4356.43722538742
4254.27507778785,4880.48258482484
4296.96346548055,6537.41213538725
3515.91893642909,236.761053419954
4423.25888804461,4740.44941673776
4112.08891533039,7179.66794906973
2638.95386120214,1584.2985160896
3341.73568183326,3226.28129634794
3865.03467520277,5476.8184324231
5115.70094273815,5178.16760792626
3410.16555915719,2796.91745637198
4299.07820521181,2016.39030100962
4348.57340816246,3496.68665858107
3481.99893737739,819.911534266091
3300.00789969846,6776.16255346029
3385.29492477171,3916.84367115658
3928.75479170813,5972.44791893028
2881.32669140122,3069.93712120022
3813.01591281625,4617.57909761634
4599.39842186937,5173.73439346494
8070.33876272179,1375.83965113058
8343.08471447683,427.772540685659
4212.15188076865,4686.23176204476
4229.9174503807,3192.18224883165
4045.25137830094,4881.61921974205
3645.3188552963,5473.06728348316
3856.36148981027,6601.80241887613
3587.47526535968,6423.80572912529
8035.9950898237,6854.47661468499
4072.04895381931,5144.40938174303
4260.14329906108,6244.671981602
3195.8155627005,5613.38503315479
3345.94525566955,3016.91318688344
4833.36992815418,5035.63325102396
3791.2521481656,5108.88954058023
3957.34931996496,3535.0480870369
3102.7295188447,2463.14448607678
3649.83437927891,6248.1956344164
3496.49438483579,7994.80517252034
2802.78087592617,2483.88807331586
4204.72856340761,5677.20699918506
3747.93487222813,4402.47093953441
4249.55189948955,5924.36843107441
3678.98073840305,6681.0827043515
8448.41531638664,6050.87572821775
3879.36036929932,3347.16229293661
4355.34914693469,5656.46341194599
3712.096592575,4874.79941023879
2994.68920840546,2586.07167922959
3657.73612389169,4644.11960750424
4533.60484839318,7086.06597906646
3633.20814597159,1172.8366760597
3738.52220335753,5558.6561464622
3681.63366154834,5280.40766501612
3592.46423457603,4202.82110089758
4423.30382453409,3458.95042161523
3280.62881006004,2601.13209188261
7940.14912601162,1697.45045866954
4344.57920993256,6520.47635969187
4257.70377849488,4494.70877849493
4043.18393415826,5622.648523159
5116.45796266621,7203.19646099807
3954.05484312734,3112.84508932489
4585.74126524792,2384.26210739348
3930.45339845419,3181.61150181607
4325.60256128591,3678.49158273086
4410.47990791861,1723.4794194164
7578.08364158842,569.624567782045
4186.59046462313,3906.15938750586
4175.65361399776,1589.58388959739
4668.51719898348,3269.1892644726
3265.71742058771,1593.95991288588
4005.51376207396,6644.7674724598
3586.80925429805,5576.61480901201
2278.00307225706,1721.20614958198
2033.90553944047,5133.55468742578
4177.30208754608,8161.60634662087
4248.21913255309,7095.15863554889
3960.05171265327,2883.87002753852
4784.66917596861,4506.92760385493
3599.14463774349,810.307011501195
4155.33735536411,5110.59449295604
1627.87766673782,2162.9024572669
4449.3306710709,6197.84245387086
4202.93605036624,5990.69074020939
2344.85439843515,347.526110244965
3467.93887451405,5385.54639485801
4058.27195880789,4208.39052742086
8388.09872053449,3267.37056403402
4290.72108919985,8098.52310871573
3750.91186805613,4643.32379392009
3966.39091376973,6233.81728728474
4733.63007740373,6332.02245956061
2925.11170003509,142.875003972744
4498.51754044585,5143.32940942958
4855.67540267939,6626.80838705474
3615.43266009362,4709.98734724339
3969.68566775177,5432.94424004776
4599.8829985452,6091.96499590383
3858.3257443831,6189.54518811733
4816.20766559693,5067.5727767686
3738.56725245946,4350.01532267623
4225.30792903009,4833.88055321924
2209.39109282713,3214.06247098793
3161.34506541462,2853.69232820108
3999.85871318958,5713.97722332785
4796.16239027205,6101.45598203358
3555.29618923863,4954.25052923595
4357.13463678579,6131.29264861033
1916.37248686264,268.529983498892
4213.56364147751,4251.6964023376
3307.65340482091,2662.62391404708
3201.94208982003,5892.14474660046
3508.87122249261,4984.31426908299
3480.28364844056,5260.11864717287
4856.93710212009,4511.24707025348
4898.60080131864,6904.4314655832
4653.86273680513,5990.00909754327
3744.93448295477,5551.26801950033
4579.52165315867,5569.05627138361
4123.91958651967,5056.83183051412
4114.00276283115,9797.16732988183
9089.13204950531,4669.29598634938
4237.64239456219,6068.32315876797
4109.59314141844,5414.70099591339
4101.49321777816,3839.38208611979
4114.53988722654,9018.40242378192
3573.65392207072,5684.48137808416
8048.07640543174,1571.11357219273
4049.5548165714,5555.87122177293
4150.86167709728,6025.75601197636
3184.15594709406,4959.02414217508
8260.01774414101,1406.6424362442
4392.58976466064,5426.74941060686
5858.62969267497,1177.15593103062
4201.7587695084,4003.05751419798
4533.21689109325,5974.83493682747
3923.31789390269,1677.21842057149
7627.38365204477,2491.9582657991
4623.57141872877,6562.19103029557
4089.75963412346,2419.83882258767
4510.72271465195,4862.9218290671
4669.56742214548,5680.21899714462
4239.76548842474,6423.12366360392
3543.84455344786,5929.31245468007
4314.20746337921,6682.39017279049
4103.53041313587,2578.39939353842
4254.44258385027,6466.20204239511
3961.01353507242,4129.7356448631
2283.5259528369,2326.35060064717
3739.81845767947,6542.92489930677
3953.67407793915,4907.59141217134
2687.42940190775,1995.36255504124
3839.54201175515,4964.87772742766
4614.7405212347,4674.69500220613
1692.3577653309,1696.65485651301
4582.22759396221,4365.92821151717
3371.61739604022,3901.95366917008
3609.44378169676,5387.30843269284
2460.31428926601,4758.23766862104
4041.88045050073,6831.85766440357
3699.42405637308,4419.69087395909
3606.1580948129,2300.60590434343
4257.4915989392,5270.80335367884
4299.59573744655,5303.14036336031
3753.95250014742,6090.31712898702
4191.81627324877,4819.33179542106
4175.10796863436,4573.47783197071
7739.86813785827,1687.22074441465
4192.72501738578,5088.03220527838
3915.70451243223,5209.14090942022
4247.32374795856,5938.34887141399
3684.18402741704,1261.9488747117
3560.17254475715,4216.57446796687
4421.46877287965,4292.44484869061
4592.28917214809,4144.11399199475
4904.04556892572,4347.00332471668
3311.86574875142,5158.73106627092
8228.4877395097,5555.18915625156
3456.1221037901,2203.87818831783
3533.65460655945,3522.71551361412
3622.68351387787,3939.1784627087
3960.17070609315,3925.48218109842
3918.28511837822,4961.18366394673
8017.53584268609,1580.14977749902
3760.68543869075,2661.31686846334
3803.27935150899,5860.77353831443
4653.64236323164,6211.42541027361
3777.23952031585,4306.42528903019
3834.73950820452,4405.93792974505
3878.06499159014,5523.64753729899
1342.81596493555,2143.6934117371
4288.14797099056,5655.89509448738
3996.72440163844,1306.27763648287
4399.00996145294,4431.62554058979
3846.04199720673,3929.63081397518
4072.12050199807,5797.51988974276
3976.41153166016,5265.1201790928
8514.89260059335,1590.37949175391
4203.51177634012,7066.06111995252
3074.16764100283,1345.32102474626
3478.19186827221,2219.9614878253
4099.21610125059,2175.46231538759
4652.19420473068,6256.03833077409
3883.18344229977,5719.9445566432
3952.69944225974,1381.86385847732
4292.90094953331,5139.40827267836
8366.19230443578,3926.78922668216
2340.09571897358,1461.93974610921
3810.43128091856,4846.78144410062
4188.14745675029,5102.69471113933
4558.07418715906,6663.40820053099
3954.92884137678,3613.4192337206
4483.90312995287,3981.34770270823
3698.61303868322,4963.51401924016
4373.11861011172,6180.05420198758
3921.6623698217,5084.50855246398
4258.51109371955,5681.29896945807
4217.65697355637,5393.27576600819
4205.66697326729,4088.93011305107
4517.67950662899,5311.55137717661
3489.53212769049,4360.81335438973
2606.85536131005,2470.7032351328
4134.09940321767,6549.80137141378
3563.99006954848,2434.27404375071
4450.91353563829,5633.27614420596
3707.39365724387,3581.76386670526
7402.00167324456,2347.60563131347
3775.68292393926,5778.42416942048
3292.07992325936,1888.12096603146
4562.4207342819,4329.72630483299
4289.50960140355,6764.85286689196
3839.02695183345,5326.72553789241
1960.43000591487,4548.47186379209
2747.07274619043,2111.12869450247
3280.41069003076,1403.63043828465
4808.22587848665,3548.97186477271
4706.44168281142,3451.4485465906
3120.36765636695,4218.96148586406
3614.61127539214,4685.37928585685
4144.02086798168,4366.66693964231
2607.97791161174,1967.17396680892
3875.09335090087,4048.46624828261
2874.18675958074,4383.20523140086
3974.72231908146,4375.53294570969
4321.98433735239,41.714499644639
8414.43769532987,1303.94749261707
4065.47035856213,5369.63350601707
4100.79617406873,889.58729697657
4417.63522503101,4805.06719635218
4422.07845862125,7043.32842160833
4782.60477211751,1704.15662582383
3996.56670654412,6109.69658518335
3650.56777454037,5433.39880944359
4630.9897268615,5566.66925348642
4268.17520287104,6961.8886143613
3518.13769142916,2968.43558080787
2834.68177282204,3659.4529478676
3723.59499906957,5077.17751096113
3077.88282685945,1265.07462073402
3318.82723151752,5626.74049343201
3861.77578831468,2348.57185556415
4058.36715342033,5312.8588456156
3897.81817985315,1610.66840388334
3958.03912100732,5878.67553826048
4337.78493603841,3176.09873789655
3684.27833307424,2555.04150370424
4418.90098179348,7328.8512819535
4410.54989004487,6822.59375154411
4216.09516569244,4399.74310030416
4729.47495648131,6347.48077900571
4049.22181981168,3716.6821776649
4101.71745093379,6608.79306190117
2706.24933595907,3334.14786542009
3305.40394338669,4559.21281004658
4477.49161283473,5240.00046285141
4293.32460819537,3252.08286668307
3964.10870091823,5640.09595370922
3738.09788701502,3910.42176844539
4482.3255307523,5581.38884480639
3825.6015054215,4621.95522661865
4063.73831354075,6769.51315462356
5342.17101056224,7358.80127373777
3009.57091828557,2061.06009554149
4601.22802592164,5743.47264571629
4405.31076776182,6221.59846192474
4610.26588177,4561.31566921446
2879.90454347252,957.78539200915
5181.17852465464,5665.78398740921
4133.17859740351,4728.51475010706
6996.72273813975,152.706890720917
3920.00841495572,2785.09632637643
3698.49966346055,6774.00260883339
4439.25623220909,3756.97605462209
4436.54202601756,5024.77855670671
4148.77687344995,5438.6274146338
3688.27228705809,2943.65689732718
4071.55739262038,4996.30602117271
4053.37977286736,4428.727290693
8436.3174322527,5683.97014608456
2578.14169072821,77.0070131632884
5641.36232855996,6864.82007700265
3979.37761380068,5006.87655676066
8790.06316050028,5033.87163604439
3909.84547423132,4555.85999075396
3589.24770497196,6332.59077701921
3443.55295125729,4038.40694469425
3876.76248424825,4427.93147710886
3950.26937973402,6439.43445923692
8098.85648728442,1024.05114425419
4460.29989543009,1509.90580304375
7586.86633641712,3385.23956266314
4410.28397204642,5100.53518936768
4691.3584456296,4833.53973188618
3964.82378172829,4188.66982703622
4762.50220123964,6710.69229765796
3496.81520757756,5843.61026649351
3795.66296243624,913.854431316233
4473.98741466888,5344.45712717193
4129.51498466534,4281.24891018505
4551.42912733494,4943.11125333414
3812.88709146015,2913.13837665667
5037.31303011814,7036.90651889714
3189.2454917423,686.41380552534
4417.08711436589,4845.75855724618
2757.52845366709,278.134559120695
3723.84693621853,4483.85408417767
3916.21789606766,4921.57227536617
4792.21151739591,5297.17303004496
3561.03160240225,3812.84157623189
3915.54851198537,5887.37071080608
3757.69361622463,4302.73122554926
1660.66863951032,5230.11156992959
4264.93342494525,4290.79655891856
4195.5808896304,5324.16810932869
5186.90952193419,4766.19411304151
3757.44649801495,6174.25727933876
4551.22619885123,7160.11765935162
3675.2692909949,4119.61925581573
3104.7507892175,2843.51948797758
3842.10252388302,3320.6786570801
8648.820151882,7431.83006716849
3251.77655053642,842.75792781615
4129.02544472665,6837.37000546783
4048.76499916629,4238.05678333108
4259.24725626009,5682.71976310458
3741.03700820669,1167.55130255191
4337.24534068945,4980.62020560206
4057.62098209351,3198.60415154283
8013.83656600972,364.57563400311
4052.50099745849,6852.54416618363
3430.48411615145,1620.72770747169
4030.55304625041,7138.18077459157
2927.15588301983,2143.18196830989
2441.0544976911,850.828014585576
4877.11078790195,5434.76294048634
3815.28633680478,5730.68550289768
4213.06956669649,5509.6100115004
4339.79304225894,6094.18160313449
2700.19063763469,1224.26940606343
4501.68640456226,5961.08156975818
3903.94259738449,4553.87087964884
3121.90801936186,2166.48298411268
2263.21889270265,1745.30287325511
4123.92939225383,4399.51560417862
3513.43747139297,4686.40217271129
4132.34995570791,5256.25417302541
8799.6937786391,2080.4964257692
3751.00503258003,2318.56456689324
3982.30211071207,4342.96801704743
4154.16887154059,4590.24319699955
3754.60189086208,6154.59366441313
3505.02624404978,6045.42004975724
5009.0363994881,5745.40509421764
2558.26533021265,923.174795351828
3744.84143389406,5717.44379068324
4389.69138043862,4918.27569582206
4456.52992321691,6384.53473902255
4580.56272648816,7136.07749256843
1003.85830909285,1466.25900108014
3778.65645400972,6391.52538204759
3166.5920815076,2148.97867953108
3683.20950078303,5096.67071522022
3875.27993962069,4878.26640044943
3882.27982866277,4540.96998876746
3910.66298727009,4724.53652789682
3678.77532278585,6299.40086829459
3139.96766785936,443.855893050032
4187.72245238843,4704.75916490843
5328.13533810697,4159.91313277292
4066.7224543879,5062.1170983081
8536.5780264637,4255.73128715159
4755.19553217898,8759.36298786564
3633.57668625611,5113.32233218629
4070.56254979634,4312.39262234554
3871.66489302121,5295.12725633608
3660.56854708898,5081.61030256719
4448.16579287993,6837.25668026031
7883.47786392255,3048.22730971047
4136.24725357546,5110.70824101881
1718.2853959256,1035.87216853593
4607.66520991736,3884.50666147511
4015.96327120494,6533.77515736533
3682.95535597464,2074.4155558187
4838.79455307148,7775.32130829136
3670.69528974506,4813.53487277224
5593.29968442682,7188.36269876008
3433.66066584538,2875.40213969083
2734.38282056225,5433.11465071429
3572.08104453256,2457.40464888698
4090.57690004298,4741.98395844704
3421.82095773188,5974.77785136846
3585.06448886989,4769.09236293829
4230.72272061797,4981.58642985274
4303.67604268112,2965.36670881693
8320.57895238449,3986.51964529468
4233.74341164491,5588.09490624688
4365.2736333079,5984.09842683168
2248.61465724434,2137.72607842175
4607.11823825563,6096.90944236474
1550.05898518881,822.980459113939
3813.77120354964,4938.11014426947
3793.5395498838,3036.74742390322
3597.33434726835,727.67364244867
4066.15781230632,4438.84325688512
4267.24078030072,5194.81922489233
4547.11832325516,961.536223807654
4673.91723331523,5941.64502810285
7030.37391123869,897.486867365652
2807.68048698493,69.1642309131186
8349.40504157581,899.191819741466
4176.20405194774,4843.76944614107
4443.97162797967,2289.40996583786
4043.16593227188,6317.81452309549
3678.18934733972,3660.64624538857
1237.71557267142,4897.47544597923
4609.65417985102,5375.31668060312
3988.30372473631,9092.56785212986
4006.62861001529,2650.57571078124
3423.81205881977,6111.96985501777
4193.67699686581,4697.42770055032
4416.39477152326,4879.80094215872
4551.4418394266,5850.48716145578
3956.74901356271,4430.09142173576
4097.57899676243,5628.90001520365
3603.56676370782,7318.33740896931
4404.16258181507,8536.24172275948
9393.48180006216,3190.30667436168
4958.42774953192,5708.18030067903
5513.37917890837,3380.35199023361
3799.78796123885,5956.76252621489
3400.86386560391,3984.35970066778
4169.5492838862,6938.70134662128
4545.86413384099,5773.08223902275
4764.39895529419,5907.31890731626
3604.60825756508,614.407951805963
4794.65269678049,4222.88262261528
3942.85496964958,6631.18451605705
2742.65982005713,1259.67560487728
4173.84945401871,4979.02900128902
4448.98185269016,2282.5901563346
3637.77851589292,5410.55236303662
8039.81188671969,6999.28381856645
4322.79568545749,2837.09737383877
3836.76970234804,6826.96988054641
4090.53832713399,1184.03250885145
4167.37459178502,1971.20906305054
4352.82285646985,4561.14525854793
3954.09251184346,2011.04815918426
4479.07550424844,6205.6855730838
2341.54688760414,4064.94745458215
3705.09460117641,5188.96563963975
7995.20725277534,4172.18862073668
4028.45302387734,8021.6302639928
2430.13765986964,6625.67175213753
4038.95261083058,5691.75575698325
4361.92843653602,6562.58851423239
4190.00402895092,5858.27277235447
3911.19376962439,2253.26493318507
3781.25015550367,4571.99995286518
4001.23610656788,6756.32810501288
3795.21135560208,5453.40366855753
3820.31807874821,4647.6999229224
4300.2767095182,5561.55439635898
3919.4108108684,5632.19617189251
4429.01362445331,5849.91884399718
3343.44269635597,5540.29915426506
3498.85083341936,5143.61356815888
4638.85804521762,5877.02724848843
2795.40420585431,3180.81589965955
4271.33646266573,3084.65650109256
4156.11939805731,4113.14069050079
3887.60780821053,6651.64394456682
4063.67659207239,6603.96236350303
4233.69316730311,3293.74045182776
4490.6483685142,4883.15376145133
3589.18800161832,3095.79556556674
3946.11457764695,3151.20651778071
3446.41089641736,296.32071779605
3645.04122511504,4351.2086201972
4171.97692248234,4159.11731918877
8664.99167133812,3336.76216801519
3580.88129064547,3828.69780246907
4825.65896541468,4826.49242625738
4628.33236311794,4728.85557144012
4562.35774273515,4889.00734670391
3567.84331655834,3414.11021641684
4564.53956248542,6799.69064253338
3410.28856034177,4541.48164362231
4127.24565954734,4770.62690464758
4367.71518478491,5956.42128202657
4293.09982264138,5552.00674762547
4239.82926945335,5395.7761091129
3841.63698066623,2655.17912448146
4681.48338032877,5745.57550488418
4150.27948965617,5864.86550858743
4085.64617256136,5104.57049703693
4293.67999773786,3054.02423235929
3843.01980986528,5137.81706836531
3756.44654274765,1041.38482674163
2114.15303393565,2407.27896446698
8786.91026236143,3768.28574119042
3702.10705447586,5941.92918683215
3587.02968270201,6558.95153621047
3719.16254376259,3788.40392551188
6919.65074348208,1471.48750055654
2067.41753003163,1677.04790419115
3860.58808244706,6220.91639640336
3522.63060268254,6166.58499364759
4404.73870904345,5626.4563347027
4048.5063525244,4508.06423877214
8183.38536234051,3369.55395852012
4138.28208017701,3805.73760799933
3701.58114186587,5233.12356788914
3784.27507543967,4672.64922849725
7792.04072470204,3299.36675238242
4344.88570939,6325.71388205695
3576.26735560614,1459.15503284758
4324.91705624474,4991.9298921704
3507.29858633957,4645.93830794282
3739.65417160696,4161.33392641943
3451.84957042869,3529.81948184668
3952.23844217351,4034.71288121332
3011.3805025181,1922.16313951636
3345.68909935762,4233.33983299571
4687.79412538854,4309.15312826045
3323.68793871931,3540.73126162294
4430.59954476754,5170.94989163092
4187.01358802968,3476.22723007129
4379.68198994011,7589.14067799451
4389.60887136382,6354.7551579048
4130.67690211371,7326.6913373266
8427.6074193562,2138.35126991174
3787.94801799001,5793.71207819906
4082.74712915244,4247.3773587943
3694.60894430227,1771.16131762163
4695.53869832858,7728.71927668576
3732.35322645274,4437.47954869762
4129.61722973283,1887.77993327077
3004.09462741196,3577.16024157741
2864.6410714254,2679.16199437801
1290.05832158706,933.575025987059
3953.00297703944,1354.12994535464
8371.87469377466,1288.03460377613
8458.90858932551,4816.66061879457
7846.27265676754,4546.82357402004
4403.36219610227,4707.42991867967
3699.1440827431,5605.31484067155
3816.83383510442,5722.72905847721
4104.42066579177,3921.90186568026
3378.38450242968,3473.10148404897
3409.13647908659,3697.13231080205
4885.08229758833,3893.25849662448
4451.41751396233,6477.68213962998
5279.07369973575,6543.26572063983
4432.82574261325,5769.16067941628
5017.58971291293,5218.17690329889
3728.22918505712,4607.63354209076
4206.0739694288,6652.95099015056
4677.05606191421,1279.28255719914
4444.12763465121,5608.38392409012
3392.99840898473,3281.52162646775
4556.74475056056,5367.81480557849
4679.82192047012,4152.69541647758
3955.43724930635,4716.75049414289
3824.97594042242,3823.18503854955
3983.89805523312,3954.01180209143
4279.55684679332,4978.23318770487
3272.7185755192,5933.68858368238
3900.12140929546,6007.79734942655
2336.10234771014,174.928105995211
4086.03940676498,6023.59649020471
3981.38014761156,6967.68553701012
4865.62916636107,4375.817104439
7596.51411830799,762.568344978388
3389.88772464273,2149.94490378176
3913.55262425385,6098.8418908661
3662.80350439269,5288.81867883242
9144.67802756345,3771.24065369097
4433.87094103736,6119.4717300424
4264.42671845993,6709.95356953283
4206.52728565259,5386.45595650493
3843.54931120946,5003.46665200903
4079.37178666299,2985.31469389949
3929.6797925354,6325.77096751596
3540.22372278019,4200.09326166733
8517.00132578849,1009.10447966393
3818.19122280055,4785.91481342615
3986.7372443831,4152.46834320729
4547.85109410938,8168.25616831285
4040.65514457487,7477.23880125312
4062.4109819856,2277.98674263438
4184.9733296169,4319.15576924504
4261.24251524202,5081.26948123413
3194.06820984378,3392.627689625
4498.31198620655,4770.62690464758
2520.58887953744,1255.41322393774
3365.84734504716,742.677233927219
4537.33587750984,6421.19121510256
4769.95915590014,6502.00604228722
1955.36596739777,2146.70540969666
3836.07222297722,3875.81106607426
3185.88805218466,1146.0689871877
3733.35143812894,6135.10046015403
8645.96973818529,3638.99351935782
2718.09730210874,4187.53319211901
3390.88423496701,2164.55053561133
4382.00474121415,5236.87471682909
4347.91824623887,4100.12605155664
4575.63340451029,3768.45615185695
1995.53227004947,1948.47636470634
4108.99903994593,6952.51137629432
3574.86984868217,3678.26408660532
4142.84373728696,5629.18417393295
3746.08535326978,1573.95515948575
4705.24584546189,5316.04125424169
8124.61243807724,4539.83335385025
3368.58121520691,1199.66123896308
7231.98233126713,2812.3189017857
4150.867958615,5380.03363093849
3992.7948460208,5288.47785749936
4669.82576946545,5381.90941683609
4181.00469656126,799.338463407358
3755.38741256359,3647.8024399662
2246.2774539679,1466.88408685631
4326.19450853134,6867.2637575036
2609.41431286369,4359.39256074321
6972.02678766709,705.452440388602
5578.998610323,6052.58068059356
4433.42016191759,5578.37642399158
8698.75334174702,2859.7734095792
3616.40694058061,5471.53274177387
4013.64315756849,6456.6543936616
3994.99065524325,5502.10855933101
4390.4949078883,5620.94357078319
3746.83858826649,6760.87464468172
4993.07788453233,5430.5005595468
4189.44686536365,5251.5938852938
4081.85654537026,4844.67858493274
3774.58626915779,6820.49131523147
4309.03342121503,6751.5540692185
7773.43477408058,3195.59215358328
7579.06129048858,2422.56666181792
7050.59897904096,1134.36160525491
4782.93626916707,4717.26214899773
4442.80148188828,6671.36464495146
4388.67021208495,6419.94125497783
3525.26658366981,2808.62483830477
3970.17910049229,6714.32927567988
3954.53119674038,5404.35795645098
3726.22588311879,5802.12309201536
4204.27426649639,1484.84296083375
3098.63149959627,4549.89265743861
4216.11691839781,6040.81642462939
4133.61504964791,6058.71842457544
4251.34964125323,3822.33256236164
3522.3241357232,895.781914989837
3689.48552809168,2074.52909245385
4265.38352680591,1925.68679233076
3806.16716926829,3453.72181642502
4296.73990406054,4339.5581122958
9417.17068167066,2867.84339063482
4270.89428321155,1253.4808811502
3780.16311644379,3103.1836925286
3609.38869108124,5784.16442946555
3945.2295797302,5712.67017774411
4083.41972388571,4265.22227328134
3705.71967060184,3732.08383450624
4625.48736208446,5263.64229998727
4340.7469126328,5910.55797854611
3653.53959167207,4910.0921781313
4370.17887006772,4208.78843421293
2608.76047315723,544.277619699651
3729.89370901793,4604.73529219397
7627.44069385727,3383.76189498524
4172.89851807857,6314.68877707316
4426.17585592831,6538.60585576347
3746.19701588341,3046.69297942881
3985.75641648251,4248.05900146043
4051.13739480187,4773.63890260713
2249.12100440413,4766.59201983358
8422.05431742409,385.944359875271
4288.0601500455,3092.55607148164
3295.0609090013,6974.39159845061
4270.886528989,4583.93461949589
4177.81806314997,6798.04277561658
8549.35041827318,2038.38405980105
4000.98432292361,4779.20875198566
1638.90654420797,600.143194166362
4008.50471007622,4855.81786083454
4166.41916848231,3757.08980268486
4240.59717769209,5388.10382342173
4034.0404044625,5072.85804456258
4555.92965389424,6804.18051959846
3564.61762682305,4047.10211723986
4096.85057489992,7155.74195320456
4365.22384103829,5144.97769920163
4822.05999577196,6870.44616612968
4218.19768998145,2588.79951845984
3901.93356014551,6314.06337415555
4836.98848972987,6021.55071649584
3554.39749851928,1235.86303993345
3256.53708349058,207.379035524393
3602.03709000098,2995.31712345646
4872.06011548069,4228.22497586827
9313.0116627409,8295.27512031103
4165.69465704096,4850.30509691502
3325.29020987456,1689.7214046608
3852.5423983451,6009.44521634335
8648.34237045792,6870.21909285939
3907.04555998724,3742.7114555532
3334.16793154158,1743.99572195756
3418.04246645516,2927.34631312179
3900.29123082622,6579.69512344955
4635.65712845793,6509.16709597879
8122.94447823509,124.518355345498
3685.63236020782,4243.05789239575
3868.33814848723,4349.21950909209
3659.24747865012,6919.8897850283
4421.24622737763,5618.38614221946
4461.4026392237,8079.54198216673
3372.53944591625,3662.57869388992
2852.81906587293,734.209293222625
4900.85572506153,6012.96886915775
5071.9194659584,5662.03283846927
4172.00102232254,5339.56976617003
2949.36502939482,3526.86435791851
3786.46395507856,1093.38587420398
3913.66461639955,1948.58990134149
4251.01289795476,4952.14767006806
4213.61237564306,5894.87258583072
4745.60742365242,2842.49638969551
3405.12628178742,1979.10863343962
4877.04151299491,5015.17382251419
4220.15129100805,6351.2315050904
3923.40177157473,2475.53393353094
3769.52954622484,2686.15242597542
4188.33045296152,6973.87994359576
3320.26039012637,8369.55387386648
4071.48974410927,4577.5127167847
4050.75300980768,5662.03283846927
3078.02088784133,8133.92962467101
3710.50292013339,6395.38985619505
3321.75585305318,4979.54065614386
4292.38707634249,634.071778159215
4493.11361638613,6002.1141748405
3825.50257064842,4395.59446742739
3362.671708091,506.200349973126
3610.885378575,3134.55490081464
3979.37505928697,5522.17008104872
3945.76858903587,5512.39493618966
4309.85807291821,8025.04016874443
3874.37886884507,2892.39478941759
5408.88846574627,4908.84179515132
2263.30022306582,3038.96381970626
2847.61503440931,489.889607197024
4099.39112750525,4459.13227472836
4477.97775197837,5335.8757026891
3834.25923254648,3937.24643706259
3730.60941022581,1274.79278584788
8108.12499396308,2976.96034268694
3478.77209003719,5618.67030094877
3713.39904778105,6086.96388683915
3831.24429795478,965.741836429618
3947.27137505657,3458.43897818801
3726.59524978441,6555.42788339607
7965.78569262185,4407.47204859908
3801.34574112691,3662.18078709785
3525.38370385738,3467.53205752569
4388.66632842585,6454.83569322302
3289.17551637991,5943.97538339628
3908.81415341353,5532.00188851153
3800.61356984491,2418.64531363908
3833.86194484599,674.194980165336
8648.60435591413,2167.56274499851
3439.34838961305,5154.75284406069
2783.12293123373,2722.18371056544
4898.10550115916,6026.89264689357
8703.8868340707,617.761035383112
4517.30135782205,4992.27071350346
8587.15430707696,2849.88451665738
3628.47286314584,4126.26865465246
3991.36284875697,6542.24283378539
3864.67796222897,5852.24877643535
4122.76439410843,4924.35677720018
3665.91461588229,5574.90985663619
6938.60112402138,5055.0697926793
3573.46559565424,4881.44880907552
4458.95680601418,5652.37144167298
3976.87663999686,5542.91366828779
3852.99240648173,4387.69468561069
3369.72538868173,303.993003487216
1948.14718935542,1091.45363713025
4084.13767774178,3455.93821222805
4157.55401040221,4462.76967560554
4904.28430605883,6709.83982147006
4104.24349244697,6003.70537915354
7614.00023366549,7514.29276126995
6926.73842296309,2221.78018826388
4112.00363144678,2055.49045759058
4431.54713500152,6062.35582545261
9204.10208213731,2972.92524644532
4634.3306978897,4878.0959897829
4049.53378227566,5753.70235997117
4155.7805592122,5642.31213808463
3479.83993985724,5021.14115582954
4558.56821856871,5355.36890694819
3413.66201786414,4651.10982767403
3771.5813134584,2002.97796670102
4465.28605126383,6503.71099466303
7405.49009682477,4332.45414406324
2093.68381568998,1644.42652435275
4591.33097945637,5261.8806850077
7414.20320524513,1645.22212650928
3882.00023923338,5425.44236502312
3985.16930786683,4233.79440239155
4004.91015154761,1741.77922044071
3241.84525496239,4693.10865700703
5047.19238597591,8669.28467067677
3701.34477609057,7077.54121718739
3965.17566869676,4471.40776269213
4272.54854523939,4543.41366926841
4306.21798904093,3969.98135353613
4733.07121332168,5744.8934393628
5270.1026629401,5799.3952527851
3582.89203385881,4272.72414830598
5341.8294510353,4978.11986249735
4326.4716291483,4594.22141920978
3031.76240600449,5086.55474902811
3615.67911512168,5683.57223929249
3664.67640823955,5688.2325270241
3408.37201108454,1017.9134002723
3332.97475986731,4625.59262749582
3870.76526656725,4937.14392001879
4453.72685182412,6054.62645430244
4089.08588790347,5345.99166888121
3740.41700714795,1666.9887063166
4661.04338576228,6114.01562872664
5201.74444074807,5866.22921677493
3676.32801346073,6627.94502197195
4240.97990936671,6290.25112635316
5087.47761441529,5054.16065388763
4478.53542491323,6683.81096643701
7266.77397550646,1486.71842958991
3195.23796564217,1828.78866563864
3852.3842124747,5319.28074832679
4524.34424750995,6064.85616855732
4552.23274135548,5473.69268640077
5121.41731146229,6878.00470375808
4027.03744229464,4575.01237367999
4063.68604865196,5261.76693694493
4071.39572600246,5664.30610830368
2961.39811174434,2918.70780317995
3155.71794851124,2171.31368251082
4296.96972950493,5789.62010792605
4122.43541348535,6300.19668187874
4784.35197852358,6166.6420791066
4373.03579721531,6201.5936028108
4369.09171149261,5143.61356815888
3901.60372387568,3487.70732730616
9196.36758638066,3701.96300920019
4354.8074978788,5230.62322478443
4271.4252659609,6452.3353501183
3928.25349557463,4683.90182960658
4041.21851364913,7317.82575411446
4389.16963925703,2907.22791737271
4710.06474224991,6503.42683593373
4135.11366468942,5559.16737846179
4636.30416632385,3860.12567335886
3132.94558534263,2895.46366140854
2769.58980222904,3116.88018556651
3542.09918164926,294.843076546606
4357.89261272101,6690.17578368918
3622.72374251756,5765.92118533118
4160.96183460501,4573.36408390794
4186.16758936275,6100.66016844943
3939.25944345125,2726.84378686943
4469.97230759867,5102.29722720251
3995.52701543948,1410.39337375652
3502.11314390439,213.971507472828
4080.39298507882,5061.32128472395
4079.44616399072,4461.57595522931
4865.14317651585,6026.72223622704
8392.21440076382,5351.56109540449
4273.76927190782,4974.59620968295
4273.17768243311,7726.2185107258
4740.90923142268,5696.75728890317
3572.62161391539,3604.32615438293
4265.88942606496,2440.46866176398
4782.02039304257,4838.48417834709
4429.64920287458,4549.55141325029
4504.25735207185,5376.11249418727
4142.24176860569,5705.11121726046
2816.41690522379,617.590571859675
4481.51323052671,6545.36857980772
4556.67583878955,5189.76103036864
4738.61734518579,6848.96385076547
5179.79617429418,6317.98493376202
4391.02103562257,4535.11640351488
4079.67065968338,5091.49919548902
8173.05697232674,2190.0112846134
4295.88025553569,7261.56232571258
4456.1380390756,6032.51915887586
4822.07034483407,6960.52448331855
4276.12473809061,6637.66350422724
4165.9709479826,6388.17213989972
1527.60053769981,1264.90410435368
5023.64028279114,6536.38924853281
4961.22587404802,3172.97299187423
3994.34128443666,1101.22867627549
4329.10557446307,5944.60036345864
5021.29864856459,4508.34839750144
2850.55253806148,1936.42795001287
5290.42909484963,7274.40613113495
2681.68440860072,3472.87419935105
4295.48264766962,3757.77186820623
4046.72265503208,5007.6723703448
3345.96381539516,5349.40157363284
3356.54526718676,1667.04547463418
3888.12630316502,4942.77043200108
4016.87246071282,7532.64975346709
5580.123246161,7349.13987694149
4875.84964255678,5025.17646349878
3391.59031966467,1400.39094419955
920.115542779768,6116.11848789453
3111.77454740833,2989.23604207833
4033.09393667213,5199.99074462353
2718.70357275768,6151.24042226526
4484.4580361039,5351.61775800825
4435.7050162294,4743.23391857177
2552.93397906873,870.662304462266
4230.48014015279,3884.56332407887
4406.55908350025,7124.4844929813
4238.85781172873,5532.9110273032
4169.95884595334,3486.57069238895
3567.1536828795,7074.52921922783
4093.37104702768,3296.92307188147
4284.26915035602,5164.47090346073
4479.18850299489,6466.88410791649
3623.28433434932,5066.89071124723
5016.41265425937,6514.79318510583
7662.87546198119,4310.91516609527
3911.5971264879,2853.06713671109
4592.51045109164,5409.41572811941
4721.28799164519,6728.93511893708
3231.35289919853,4971.30005299409
3473.65876797668,1076.4500985086
8171.26740215362,5857.53404422933
8931.7735248306,1097.30732809664
4029.24945706703,2217.74509202226
3665.65372510454,4642.47131773218
3716.41866764221,6523.82960183974
3104.88596385488,2876.42502654527
4324.82301239126,6232.73731497129
4031.76562530074,4102.6268175166
3845.06662438227,3701.45135434534
4430.59367348272,6393.79865188201
4239.58585866248,5207.32220898163
5149.15822934459,5250.57099843936
4202.93527421611,2283.27222185598
4848.02474749919,8146.26177523853
3858.71140289318,5943.5774766042
4343.83912320989,3047.3181709188
3600.34254227365,4274.54284874456
3916.45995344927,5657.20214007112
4303.32771120157,5095.02242544817
3470.5745002647,3914.05916932256
4050.37414895663,5281.82845866263
4501.39960876356,4409.06367576738
4294.65927657644,5545.07319005944
8294.22085220973,4603.7690679433
3652.24017048715,4172.87068625806
3607.63516635187,7817.88845508296
3819.61364658332,4273.00830703528
3974.77495367087,4740.10817254945
3682.60661415406,4758.80598607964
3954.1916528526,6073.60842656194
3945.29400731819,1849.53225287772
4133.30659722499,6847.25889838966
4889.62077136155,3253.84469309027
4211.54471591525,5052.91027090765
4131.44977082124,3370.52018277079
4503.65568418885,3603.18951946572
2667.31621592474,903.965749822034
4705.65454985279,5103.37677666071
4032.95361062126,2598.40404122474
3403.79617190671,6494.78832599188
3105.28655066146,1396.29907964036
4633.3047253968,6721.49032937146
7017.47496195183,2354.8233476088
3901.06528990465,4610.13430805072
3712.49906691985,4176.84890846829
7924.34790621744,240.796096804667
4054.61589983244,5664.41985636646
4526.35332872305,5707.21407642835
3314.12731157948,2107.26422035501
4219.25054654054,6454.15362770164
4254.87312691805,4289.31910266829
4157.45225397658,4891.84893399694
4566.48042867856,5137.07791738492
3497.2120124202,1420.0547705528
5109.88570542811,2234.05588765527
3171.1651226757,4841.66658697318
3846.45043894633,5126.79154052628
4027.77278861831,6463.30379249833
4469.48170566622,5387.99007535896
4097.08530614053,5139.46493528212
3753.06346537003,3847.05437181095
4732.8986413138,5125.88240173461
2791.74366655756,1350.49275590509
3394.00837127211,4755.90773618286
8748.549241397,3743.05227688627
3943.62747780965,6103.16093440939
4442.18588824576,4993.40734842067
2414.55346025906,2055.7177422885
4167.98470925389,3998.39722646637
3405.53788033649,1107.08236724188
4567.55152282223,4732.26547619175
3726.27977722862,790.131741720723
8005.32726253207,1728.76479292419
3120.19062485647,6055.19477176104
3171.72540704765,1129.30362215885
3390.99113167093,5684.48137808416
3628.97658626535,4051.76240497147
3756.0805162994,2658.36153310755
3944.78562848599,6296.4455329388
4731.72928303022,6002.45499617356
3919.64000420226,7529.75150357031
3490.50116646563,5304.56115700682
4386.83466829488,4843.59903547454
3525.71318742588,5577.86519199199
3260.43447637154,2450.52796535233
3409.74071379716,3896.72548683512
3460.28343605552,1770.87715889233
3896.36240181578,3688.66421152673
4841.00487752001,4284.03383487431
4403.21537172438,5449.88001574313
4049.75993820801,6207.61759872991
3278.02130815063,3666.89773743322
3405.02747563882,2866.82050378038
3705.98837815806,5458.46144022596
3723.59214127491,1924.15225062148
8625.27403599269,5954.659667047
4507.78759304952,5115.36852875042
3004.23074530144,39.2139021660664
4028.67207726794,3267.25681597125
4111.82841735957,5468.29367054403
3504.67939471803,2301.34463246856
3175.33434311893,1799.1792837598
4003.8232782309,6123.39286679362
4090.81553341921,5080.07576085791
4726.80591731454,6070.19852181031
4383.1752157443,5884.4724609093
5002.79492445973,6161.47013652015
3998.29532754066,5091.27169936348
3865.83290775938,955.853049221606
3895.86889433184,1471.26021585862
2884.00204629471,1141.52244751886
3698.97348861244,4730.84468254524
4118.12254487531,5751.14493140745
3585.78220959944,5824.51496902649
4865.76830070011,4933.96151139271
3777.96438424556,4633.26491318699
3653.97532809878,3246.11553336772
4506.89739074028,4274.54284874456
3833.2417289893,3129.66732838511
3660.1429401495,4071.71017862639
3458.95537870684,5349.4582362366
4325.48204684871,2790.49534223317
3192.17542134327,1318.83738888975
4260.19769543464,4185.14659707707
3730.29544293637,4149.11510105942
4333.55371661304,5657.03172940459
3842.05131383248,6778.9470552943
5015.12206948776,4772.61601575269
3350.84874353704,5795.47369317863
3512.54699325334,4162.64097200317
4237.34614666148,5768.25154062461
3801.54348661848,2821.86655051921
3691.52390109226,2578.74042629911
4427.6915008739,2785.66464383503
4132.42621127735,3271.29191221286
3866.47869841325,4464.53129058511
4204.75119272969,5270.12128815747
4898.27294886997,4979.54065614386
3588.40353075098,5036.71322333741
2108.17945036412,1558.32642937412
8456.55526420957,5950.90851810705
3856.54252102123,4203.73023968925
4534.54220099865,7219.39350856831
5025.2089750774,4465.38376677302
3742.03311313345,5433.91046429843
3645.75125556855,468.179901421081
4003.99228290594,3752.48617755701
3832.41727905618,6311.16512425876
4155.84465177124,6821.23004335661
4056.04703107396,4259.8232574246
3409.46051607512,6397.833536696
3290.14622605737,3995.49897656959
3822.88719615096,4544.43655612285
4524.96998724003,5871.05991517307
3364.58030082016,4409.12033837114
4039.18275001971,2646.65436260239
4345.51383998972,5463.80379347895
4203.87479216546,4867.35462067317
4376.89878560915,4426.45402085859
4200.28245438936,6635.27648633005
4693.57849051182,5924.879663074
3700.92288968857,4260.56198554973
8022.16498006749,987.394668174175
4589.6358895405,5248.97979412632
2680.34282265541,1864.47891746797
8718.22406140682,2932.17701151993
3883.82171953723,4872.12865646755
4557.18228480227,5396.17401590497
4501.11121301103,6268.02966000855
4282.22039020102,5816.61518720978
3668.90483455007,2403.98280777812
4186.49856000863,2322.03134567625
3495.11127082578,3900.76037164911
3804.11985296431,6280.93055088994
3777.42598043355,3361.37022940173
4324.38739224969,5024.49439797741
4499.68531171967,5125.71156821283
4543.90551247268,7434.21750792094
4061.45139494917,3207.24266148467
4209.6246472707,4966.18519586665
4243.40815163653,5614.18042388369
4517.00144382074,7100.10350486505
4851.49285068407,6974.22118778408
4511.55818538456,4947.88528912853
3881.64037278814,5223.4055084891
8024.12163365682,4700.21262523959
4281.47791801778,3993.28236933893
4325.51019754815,4535.57097291071
4134.37350944665,4443.0489752209
3540.89918916271,2430.1820734777
3902.30806303852,1278.14592228194
3210.808386968,3685.93637229648
3827.79970997751,2090.6692659927
4323.58288182257,4206.51516437851
4073.61850175079,4988.406239356
3777.56257970104,3650.58694180021
3425.48339787564,3941.73589127242
4657.53545694668,4673.72877795545
3646.92990812767,4246.69529327293
4275.73895076207,3818.92265761001
4222.95755155083,5589.28820376785
3957.4656554348,5717.38712807948
4626.79927606414,5747.73502665583
4036.46277506731,3009.92275528602
8924.29427656248,5184.3620145119
3393.1228712945,4868.20709686108
3706.01113868625,3093.35188506579
4108.66157625552,4489.53725876372
2489.03776710331,1940.51992028588
3060.38321658465,1407.8359451928
4232.11359352658,3426.49945244337
4043.45753836245,4530.3423677205
3879.51309818831,6984.73506076827
3926.46300168414,6152.09289845317
4041.50360982547,5378.32867856268
4279.74402134269,4396.50360621906
3757.7458152338,4147.06932735055
4588.56762238557,5879.92592124046
4748.58465871385,5209.14090942022
4207.04889544709,6262.28982281875
4397.68083650683,4366.32611830924
3795.49035305323,4099.55773409803
4759.64522547879,7129.76933792002
4061.42638175748,4586.15122672655
7893.79371417752,4525.56875478137
4293.72066106756,6955.18255292082
3924.25224830757,5180.0429709686
4349.1887427161,5139.57868334489
4385.31062760243,4085.86145248776
4568.47143833003,4752.78199016053
4133.12135319831,6157.15109297685
5437.4077119391,3550.2222477527
3236.40286585225,925.107138139372
4183.3034365349,6183.06619994713
3811.04631140976,5898.73705997818
5278.58147622374,5633.95820972734
4389.39757770884,4855.02204725039
4214.61307642905,5706.30493763668
4167.30993226681,4922.2539180323
4322.53652436255,4040.45271840313
3819.00855794005,2774.69620145501
3456.85174180196,5508.98503143803
8122.86637453599,991.031963337533
4349.84422823668,6643.23293075052
3336.47220224035,3432.92135515456
3501.30859677494,1492.85627928561
4796.90064988084,6558.5536294184
5113.36149506878,6270.13251917644
4456.46388504745,3682.98103694069
4014.33472399808,4039.9981490073
1424.39709124819,776.321606333863
3805.65997220453,6648.91610533657
4170.72994555447,4213.16456321524
4413.71038084067,5707.49823515765
4161.80414874322,4770.34274591827
4210.57140512403,4048.80706961567
2382.04276938226,3007.081167993
4499.55068895932,4636.21982568753
4147.46176764135,5700.67842565439
4006.43931802312,4161.1635157529
1428.37926126047,1097.13681171629
3926.21914621745,4845.41773591312
3329.07781685296,131.394986023235
4137.60521346126,6652.49642075473
2775.99566417021,2078.90522145615
4051.65399407607,4823.82167248614
3768.14575523384,5173.84814152771
4403.24816427363,4697.76852188338
4133.8131802629,5001.59128896668
2249.27242503004,1529.17172260493
2643.9335183512,772.400205298108
4038.2207606896,6802.36181915987
4461.21175710184,2556.57604541352
4128.27450449353,6165.27794806385
4116.56096708257,4694.69986132007
7608.22857255622,6261.32359856807
3495.32301041445,7476.44298766897
3853.62183198193,4975.44868587086
4390.89366908829,3546.81234300107
3982.44394215577,5205.78766727235
3079.10869782869,2905.29546887135
4497.06407478571,1750.19033997083
3356.95184661682,4511.81538771208
3332.65144613765,2551.00640746262
4124.69355405547,5096.15906036538
4547.62033167471,3436.84291476103
3652.34299244539,4713.5680855168
8392.23082611849,2148.01266670803
3928.99806846283,6462.79213764348
5012.24526052193,4619.73861938799
5133.16265623972,6877.15222757017
4654.6405469617,2509.12153762002
4796.02465790723,2263.04007804412
4528.08700167402,6321.05401718059
4754.13508971282,4648.72280977684
4661.87490011122,5459.02975768457
4999.16087601466,4283.12427322739
3975.99515816928,6098.55773213679
3972.88683191681,3653.94018394808
2841.75607700668,3642.40342410945
4003.63029756599,3416.89492967847
3683.19678600052,6526.44369300722
3864.5550962422,4444.01519947158
3906.15957084111,5712.21518549302
3463.82180093431,4853.60125360388
4352.8446227397,6467.90699477093
4038.83015395073,6039.73687517119
1494.44480229726,2072.59685538011
3854.56555475235,4537.27592528653
2511.87329368424,3495.72043433039
3874.73983290023,4679.92360739634
3937.32708559345,3801.36147899702
2987.42089029621,2871.19642135506
5222.40818170689,5433.85337883942
3576.27224132053,4875.70897188571
3868.18257008153,1765.53491135316
4112.60274205076,5638.22059066687
4004.88451498829,5351.67484346726
3472.68754463597,1056.27482872813
4330.1579074459,7016.27667972084
4347.85597052351,5943.91829793727
3160.24177000162,866.172585967906
3851.85427009215,6059.45715270058
3949.74112764319,4576.71732605581
3627.21937733015,756.430495282693
4512.51149526261,4895.20217614481
4912.0490835628,6740.47187877571
2102.20391348246,908.171256730185
4407.75489353886,6700.86049019515
4172.91810443879,4208.39052742086
7043.01343578992,4111.09449393666
4022.59048341894,4998.57929100713
8646.7838411122,1985.70115824496
4386.61771174744,3730.71970346349
2877.57332639495,2867.78651660343
3705.88808583919,6443.24227078063
4522.29876473066,3180.75902562816
3547.28203617638,1469.83942221211
4406.1428124401,5141.11322505417
3930.98556060299,5384.06893860774
3479.62679514578,2941.66778622206
4329.03865306939,5378.95408148029
4491.19287213868,4749.71290674197
4301.97997896152,5543.70905901669
4409.83722537392,5667.60226499254
4716.72807196712,5927.38042903396
4083.58248021589,5203.79855616723
3828.95960604392,3710.43068562025
4273.57146174945,7053.33063973767
4338.66309208776,5385.43264679524
3859.7467050345,3648.14326129926
3465.99371072149,3440.82113697126
2159.36907925081,2413.24629778233
3850.22842252367,4874.0040195099
4250.55786625275,5106.21836395373
4401.67918926848,8113.92518841232
4089.86317665257,4416.7926240623
5063.46598983557,1116.85740638712
2914.12705600898,3501.06278758338
3840.5299175303,1190.5681596254
3811.1811331877,6574.97817311418
4218.52355968666,4496.69788960004
3824.62564089753,3031.74610341093
8602.78463681812,2765.83040681525
4443.38505486501,6560.08817112768
4707.06911838331,8625.29673023865
5474.75543105197,6871.58280104689
4540.30396409169,4451.51665164096
7687.29254595734,1122.42693862421
3373.62292671891,3401.77764299406
8340.77471025766,642.823824736205
3215.11882108602,3160.75416651422
4444.87181561076,5225.84918899005
3860.56812753914,5392.76411115334
3339.75185550259,933.97282706532
3984.07845314154,4419.69087395909
2856.88168503543,3418.65675608568
4279.40924574557,4956.6942097369
3652.91217726725,6182.44121988477
7804.37293172599,2331.40858374323
4383.77234916492,2587.26518817818
4122.62171142567,2776.06012107013
4183.34612719147,6154.08200955828
4061.43840899173,5942.32709362422
4723.03801173033,2242.12586871089
2212.09518536792,578.831289468681
4514.11279988562,3798.69072522578
4197.41320349926,5569.56750338321
2978.33018658842,1058.37758218221
4591.70974976576,6896.53210662175
3753.57028781067,4145.76185891155
4283.91348124884,5810.7616019572
3635.48977098524,5578.03560265852
4354.21321355975,7719.00121728572
3893.36493771451,4207.87929542126
3325.41175458837,4004.19414911519
5210.8841596828,533.536409160638
4237.77424504736,4991.58864798209
3698.90412567546,5163.95967146114
4309.021088415,4320.63322549531
3962.16362294622,1937.11001553425
4796.85475349477,785.016884593279
3992.61960371195,6374.2483621639
4116.79722516056,5189.47687163934
1514.29130977214,1411.18897591304
4355.83797527821,6831.23226148595
2734.13007584896,1836.51782536119
2984.9699115193,4230.78240443199
4117.9815028927,3919.17402645001
4139.18208495145,3480.94418040667
3864.29872956271,3597.90382881649
4617.93706017325,4248.4569082525
4072.36909727967,5427.60188679477
4194.08165280002,1362.9957399944
4121.82796566327,3004.12604406483
4530.44085679538,2673.47881979196
4700.70915040826,5388.04716081797
3987.02530243029,6242.34204916382
3190.53665312876,4603.88281600607
4292.86443144911,4920.77646178202
3996.98415449464,3409.73408741453
4082.27918728688,6430.90969735785
4054.81514248812,6583.16169080494
3355.70113860313,6207.10636673032
3487.85671201836,3635.41278108441
4016.84385466619,2564.07770901053
4071.59899447992,5892.315157267
3863.20083631604,5829.68648875769
4054.74586515172,3509.87170819175
4360.43595954298,6790.0292457371
3847.9424783683,1930.00604730169
3897.8038235859,3002.70525041832
2970.5739121971,4158.03776973057
3499.45429247739,3262.71027630241
4233.29901997723,3823.92376667468
2478.16819791019,2496.61855353071
3622.34007389701,6630.10496659885
4627.94837147339,6005.52407959213
3786.60723191263,2766.22831360732
3513.33142806737,2695.5296640424
3603.8731364425,3997.31767700817
3687.55137868445,2449.50486707027
3615.52751889988,5905.50020687768
1295.13843177227,1662.10113388708
4402.00565590822,8448.09585407197
4180.92722462373,5960.00159744473
4506.25640402582,6178.69049380008
2692.79550500355,2286.17047175276
4098.14104639185,4569.78376848978
3739.79939562177,5463.57629735341
7643.79265959485,1469.49838945142
2662.40080701055,1914.7750125545
4733.09758149574,3704.40668970114
4663.93469607578,5037.22487819226
3631.80326285311,5743.87055250836
2326.5922415146,4443.78770334603
4223.24911036482,1180.22480302156
4631.49974115344,6264.16518586109
3917.25898017108,4948.79442792019
3087.18967911771,60.1848137457396
3030.87128210959,5244.31950639471
3474.1445887944,1060.9917790635
4250.76589379212,7631.13950732751
4494.59523752061,5171.6319571523
4493.50429573454,4407.13122726602
9074.12264947934,2344.19572656184
2302.99486794637,2380.96595070463
4608.25707539318,6020.64115484892
2648.40096329516,3873.76529236538
4121.42588177566,3631.20748560389
4646.16474471693,5376.2829048538
3993.83073034254,5689.19832841953
3924.85501132894,3635.92443593925
2210.99852963358,168.96077267986
4005.98122186692,3210.87985093422
4217.92098183334,6126.29153954566
3998.88288389316,2000.19325343938
4373.37637743375,5220.22309986301
3339.20732281191,5804.05554051672
3932.32986281241,5136.90750671839
3451.85007597513,3814.03529660811
4535.04995965226,1257.06130228217
3505.26545137164,1433.12607210071
3420.90414777398,361.279398028893
3574.51836114981,5729.83302670977
2840.34848653827,5342.52467867057
3692.00270228512,1902.04474376728
3190.48029351465,463.178686642596
8667.83516754182,3319.99680298635
3883.09060657741,4072.10808541847
4009.22238811181,6221.3709657992
3395.69030742282,6528.71696284164
4171.80644582956,6150.72919026567
4360.54186880694,6578.6151511361
3657.50809141404,5990.52032954286
3596.12378337438,6384.76223514809
4240.82536992442,7085.04309221202
3861.22890920553,2429.8979147484
3586.71095588436,3373.87321349104
4033.26217389858,4183.49830730502
3529.18058521099,7312.3134130502
3790.34233933429,4749.71290674197
5669.12644053687,4033.91706762917
4599.98279350169,4539.09462572512
4600.52897878503,5355.31182148918
4582.44530264071,5005.11494178108
3928.25529230949,2264.23358699272
3926.89988944905,3257.02710171636
3965.13080224927,4397.92439986557
4462.96172282329,3431.15974017498
1680.08081138936,2832.55083416993
4574.94751261003,4994.99855273372
2995.95417831974,6710.23772826213
3903.67359974848,7363.74614305394
4640.6899258382,4697.71185927963
2585.67670098757,3559.76989648621
1379.99584997984,3737.99408236258
3043.96251574555,2324.19107887553
3872.31580991097,4612.80548467721
4221.53084296701,4721.75160320756
4070.89906194411,1352.93643640604
4051.03587085125,5769.55858620835
7686.56967304014,223.63290426911
2196.31416860938,3599.0404637337
3847.17493780383,5045.35173327926
4208.14167301377,6738.5398531296
4325.77186540302,5607.13354111014
3442.77801724677,4809.95455735408
4285.433589963,4392.41163594605
2960.74754945792,3224.86050270143
4616.61312363473,3839.60958224533
4338.15899932701,6307.35731271506
3966.14996139822,2463.54239286886
4284.30523706338,6159.19686668573
3951.62225648471,6922.5609616548
3618.83483033518,4895.37258681134
4267.80149538715,7009.00187796649
4419.81631526368,6308.60769569504
2885.71078858131,92.8630676155179
3773.6681021054,5057.34306251372
4204.45356472169,5363.89366882727
8001.08962902189,3288.6824687317
4069.00521668159,2593.11877343076
4053.1400164256,2241.67129931505
3461.42683176659,5885.66575843027
4398.83780829264,6694.09734329565
7546.49553081778,1679.66220678625
5112.83212738535,5695.84772725625
3304.40407166111,399.868137611089
3290.98448512856,2173.41633025109
4404.42700624153,5214.7103359435
4609.21893495306,5408.79074805705
4299.88343205288,5805.8742409553
3777.54685302981,932.438391069849
3401.18637430674,5273.07662351326
3992.78719615989,5640.83468183435
2908.9915507505,7269.06377788197
3927.72932303694,5159.6972905216
3963.45076898681,4521.19262577906
1819.0179241469,4487.94605445068
4479.76908477747,6780.36784894082
4413.10849744545,5329.45337712266
4868.65530390582,5226.19043317836
3318.75254985929,5270.74626821983
3815.03093464543,5417.25842447711
5041.9426647288,4571.14747667728
4524.67179969818,5510.00791829247
3145.76365066342,103.206444040703
3810.95374412622,6164.59588254247
3252.53107591282,2934.05237456228
4382.24885017351,4414.86017556095
3924.60591431253,5397.65147215524
4814.2874735333,7153.12701632658
4778.94069688253,6202.33233093594
3849.57878943814,3855.91995502309
3717.5340354134,4477.48884407025
3951.38103969622,6609.07722063047
5070.39821706801,5164.52798891974
3535.14431520742,5027.56348139597
2681.58106146038,875.890803938668
3913.27148669085,4680.26442872941
2591.4920459897,1802.1346191156
8942.61048394764,2173.643614949
3965.04921042308,4870.87827348757
7374.2473519538,1100.26255773862
3591.56825565019,2596.07410878656
4310.65175104029,6473.4764212942
3331.13276018296,2641.3120093494
3766.94551567825,914.252232394494
3839.16225840334,6752.46363086542
2966.75093094815,934.370733857393
4018.39482265457,9327.62378386672
4315.64974475916,6304.45906281828
4433.18819847701,5070.69852279093
3393.07058369149,5911.12629600472
6988.50224876623,1358.16504159626
4586.35815048484,4869.17332111176
4289.49278452312,5701.13299505023
4145.45617603156,2550.38121597263
4186.09876912143,5530.52443226126
4080.90676319913,6597.5971233956
4083.63563501344,4531.30859197118
3355.57389009618,6528.88737350818
4319.7396764691,4978.63109449695
3731.62226429127,4384.45519152559
3851.50010173901,4587.45827231029
3510.1539667016,1849.70266354425
3768.7884267028,4676.74077591501
3608.57479856358,8719.75159928508
2717.11314558257,3342.95678602846
3175.55131251386,5127.70067931794
4069.32238820152,4245.5015728967
3736.63868392136,5140.09033819973
3996.82642976688,3569.31754521972
4304.92864457783,4979.76772941416
4088.09740444003,4963.11611244808
4166.45661532203,2653.36042404287
3507.24737114443,5267.0522047389
8571.86099487308,2733.77734443546
4129.54404551407,4464.13338379304
2969.79613989451,4608.20185954936
4501.8317856206,7270.3145837172
4494.91665297771,4467.37287787813
3452.0723413981,3959.92204994777
4077.32915166129,5347.58287319426
3849.88170036335,3787.83560805328
4303.98879508833,4601.15497677581
4196.89905869269,4644.11960750424
4842.97487741561,7035.3153145841
4428.50913943224,4966.86683853278
4369.07049266814,5016.14004676487
4213.32279541994,4211.17545211012
4335.54982362972,6755.58937688775
2032.96024722086,2415.06499822092
4046.64756510397,3448.20926393313
4077.95049494707,6194.2621384527
4533.82575549275,5551.09718597855
5045.51971661364,7066.28861607806
3289.24092055378,1843.33763486445
4084.51632543654,3724.07030462676
4020.81104340678,1222.45081133866
3119.7196970019,5783.93693334
4443.71899701698,6660.05495838312
3100.11283293592,518.873797585871
4625.73862326069,6058.15010711684
3851.85176955758,4521.6471951749
3942.65947603601,6480.40997886023
4202.56559908527,4454.30157633022
4090.84650085883,3503.05189868849
1799.85916229263,2461.89431452443
4759.13903203321,6712.56766070031
4491.89879500171,5092.46499688445
3206.5466819833,1612.99854774914
5020.39305775925,7245.87693299719
3453.60171588444,5150.37671505838
3374.02864331521,721.706309133319
3463.78095294312,4973.40248930673
4185.86494597921,5494.15211491055
2283.29742800156,5257.61830406816
4300.02252404873,5056.71808245135
4064.08784715386,6534.22972676116
3911.55350842294,860.716748936681
3953.14696685009,4171.62030327807
4918.1237239511,5525.57998580034
4029.2241069246,3866.88882025836
4090.40097498646,3260.94866132283
3933.67371831154,4621.10275043074
3734.84026966047,5183.33912765746
4031.98401728804,4117.8009782324
4445.62034715466,6677.04781953751
3888.65352289425,3283.85177033356
4566.86497503627,2283.32888445974
4135.19967227723,5611.16842592413
4808.03156890805,1218.35894677947
3990.63870687546,5787.85849294648
4636.51562562308,6621.35270859423
4100.52715275486,5650.72357475618
3862.29945151178,7128.74687392084
4199.55698832309,4869.57122790383
4904.96408963069,5471.47607917011
4682.77324212384,7170.85902846135
4421.19561985882,5754.44151095156
4317.96347146798,4251.58265427483
2257.98675380472,4667.7614446401
3865.74570071609,2407.73353386281
3329.57907121113,1290.02371488125
4552.42916368192,5737.50531240094
2813.86229346708,2255.08363362365
4187.36870473689,6947.62359243717
4108.51372426817,3853.13545318907
2327.09428005085,1964.78694891173
3504.62487578068,3268.3367882847
4785.98325561777,6921.65182286313
4550.31317692304,8495.32286573993
3863.92620033993,5874.12899859164
3868.23273886243,5809.28414570693
3824.8703201374,5775.92382631577
1496.48141048553,1322.53145237069
3974.26278432828,5318.14411340958
2445.69529279481,3208.37929640188
4349.61929214935,2488.94626783954
2212.63333080522,4539.20837378789
4419.89350199733,5888.90525251537
3550.88724696494,2851.24864770013
5152.36061192471,5230.33906605513
3673.18643400385,3951.51103613147
3667.75968881115,5048.42039384257
4628.27946705368,6877.83429309155
3141.08304318249,3912.86544894634
8510.49469660691,3922.52684574262
4112.33503513561,4309.32396178223
4007.10961594285,5753.53194930464
4955.96403817081,1400.39094419955
4277.45136945548,5019.54995151649
4468.93034746767,6678.07070639195
3851.28140961044,4991.47532277457
3858.59000537846,3263.6196265217
3833.17124029035,2796.00810615269
4232.29020854522,4306.36862642643
4203.99221945862,2355.84623446324
3807.68114722659,2679.95759653453
4300.38161153329,3983.45056187611
4403.77834461777,6178.5767457373
4884.54450090124,4539.20837378789
5388.18057574338,4274.71325941109
4276.03130943924,386.967352443522
3475.44901597019,4450.83500897483
3689.95272931528,3884.90414541193
4197.2778834525,4673.27420855962
4279.70857467189,2873.12886985642
3707.13543295419,3706.9074556611
3919.70466365403,6800.71352938782
4018.9548164505,6001.03420252705
4268.45892476901,3801.47522705979
3772.32305187322,6451.1987152011
2750.46308851484,7217.12023873389
8473.37841482809,313.313393951263
3984.18956663837,5429.9322420882
4699.96507237853,4006.58116701238
3977.93546623258,4000.55674823802
8608.81691760366,1260.35756468484
3958.74706611823,4711.91979574475
6129.84488445464,5516.9414758585
3788.78937186625,1732.40198237373
3255.16265600793,2034.74687035151
3651.25811918264,5925.78922472092
4396.43721978186,6326.39594757832
3875.08035166996,5658.62293371764
4867.20795638952,6849.70257889061
4553.08882857217,2083.39488709361
3807.59674603004,5361.05208153424
3862.96808419928,5010.05896538674
4310.71883808146,5714.60220339021
4503.9198713723,5176.12141136213
3312.86186432197,3875.18608601189
4493.85376089332,5219.19979015332
8066.01688455124,5565.13471177714
4159.72261603218,5862.99014554509
2221.23757624225,2751.11102692291
3051.38905052512,4377.86287814787
3552.25435783871,425.726581977609
4502.81895244003,5347.2420518612
2664.59706896708,818.206581890277
3908.8737843715,5980.46102595451
4177.97445791135,5065.01534820488
5318.06717250816,4503.63144716607
4121.28217982742,5698.51890388275
3356.77894005993,8190.93220405328
3227.74401028899,3157.57175788814
4662.4776660478,6610.78217300628
4027.57739164224,5537.06008303521
4264.36233425018,6743.93886898635
3440.29949124634,4719.59208143591
4158.51990186751,4796.2582757438
3426.66071248325,6270.18960463545
3769.31003019672,5173.05275079881
4917.38691890007,6537.41213538725
3587.55385249418,6400.16346913418
3827.2916323524,8041.35054152218
3754.57736154671,3151.60442457279
3855.75623184681,2897.16861378435
3872.14281302783,4436.91123123902
3628.34280208269,2273.78123572623
7892.9451212556,1109.46927942526
4666.98104903949,5978.07443091257
4708.22330588883,4746.70090878241
4471.11449644461,3792.60964384766
3728.95899609032,4760.05636905963
4644.5498390385,8772.66178553909
4913.22936920212,5959.0357960493
2335.42517705345,1258.82312868937
4332.03381369985,4002.31878607284
3854.41095331342,4189.97729547521
4529.2914895214,6830.77769209012
3749.08207197207,3314.88194585891
4699.90375355269,6932.73401330592
4503.59871941135,5416.51969635197
3984.37563466974,3636.20859466856
8450.44222857181,673.342503977428
8588.94384711222,1442.61695251665
3612.07035298131,3195.98984894772
4811.13253862534,5414.53058524686
3897.81992443969,7392.04784506615
9175.29534634221,646.972563326783
4373.52347018371,7058.27508619858
2705.07249677697,1795.65584237303
4254.83874598267,4951.06769775461
8202.5592022418,661.748817250508
4217.19377263334,4923.22014228297
2635.49265910256,816.501629514462
4591.22793065582,6410.56401691085
3242.81231702457,2986.45132881669
3547.6502173716,3247.25216828493
4547.96776377365,5842.92820097213
3649.68286382205,4719.08042658107
8435.00325489459,5270.5758575533
3719.44362320717,4116.03894039757
7225.59479302758,5924.53884174094
3543.69803556989,3573.8074222848
4206.84823995395,3420.0206757008
3418.36088120516,1066.22038425372
3570.27327893403,5041.08935233972
3731.9622778591,4409.97281455905
4472.68918178468,5141.79529057555
4713.16735794879,2102.54727001964
4747.06337558159,6855.66991220596
4904.56766394798,4055.34272038963
3974.2975922796,6030.75712104103
3667.82784182411,2761.68177393848
9212.74407815266,2131.13355361641
3034.02446020046,4752.83865276429
2620.9735384599,1912.44508011632
4290.14617542838,3823.46919727885
3229.61890127747,2227.86126964201
3190.48929271773,6380.32944354202
4292.1868567734,5811.27325681205
4366.79909443134,4130.19021425893
3460.53216407606,5363.09785524312
4547.45438801675,5188.56773284767
4073.83809641722,2433.93301099002
4463.68442596226,1602.42780073357
3404.7786313561,2455.47220038562
4238.21417303435,5966.5943336777
3656.1757917975,6982.06388414177
4058.18137867508,5442.88979557334
4158.93617322452,5822.58252052513
2778.50529808574,2280.60104522949
4232.2729826375,2242.46690147158
3974.34031605018,5648.84778885858
4712.17101808209,5427.14731739894
4194.39083878019,6359.41544563641
3061.12322971405,2618.80680713075
2912.49000312153,1377.8287622357
4315.31421671497,3711.62440599647
4740.24756996717,5273.58785551286
3480.52841532898,939.030915875191
3704.47499210977,4565.63513561301
4226.83323311963,1719.78535593547
3369.60833618645,891.576408081686
4070.07041620072,4856.49992635592
4818.71666519088,5182.7141475951
4267.87326816824,5115.82309814625
5171.53965018241,5549.84722585382
2944.13663867433,3495.72043433039
2019.82154450105,322.576963240831
4852.23035637919,5133.55468742578
3418.05346041729,5722.44489974791
3842.94198947714,4753.4069702229
4310.71053262191,5916.07074246563
2118.01795836329,2094.36332947363
4247.17806724742,5855.43118506144
4496.83519966272,5460.28014066455
3558.7479389772,4016.18547834965
4139.63896225602,3490.2078818385
4356.54072734706,4467.48662594091
2045.02662716967,2102.26311129034
4123.61693983912,5609.40681094456
3961.03961264399,3915.47996296908
7943.70181952206,2750.20167670361
4662.93813785831,7283.55587307639
3932.05914105538,6068.26607330895
3732.58398317514,6660.7370239045
4453.77160625086,4725.5027521475
4098.68413025006,5623.61474740968
3510.2695024479,4244.81993023058
3568.02474313278,2834.48328267129
3747.03754350923,1871.412475034
3942.06281383962,5228.23620688724
4204.42318230489,6607.14477212911
4268.01770112665,5373.38465495702
3246.91415333208,194.591892705784
1771.42072058204,139.237774880518
4373.27902835131,4441.62818157439
3941.86836624725,7090.8966774646
9188.69842180485,460.337099349572
4640.73959370748,5158.78772887468
3668.77394149036,1343.04775491185
4373.5608833421,4498.23243130933
3951.61817879606,5694.14277488044
4368.22244294573,3524.47734002132
3103.97969091159,5582.63880493112
2560.97845946581,5729.89011216878
4464.93500272209,5958.41039313169
4690.8799495423,5338.94436325241
3514.20674568874,5231.93027036817
4487.54183208248,6591.00438716263
2441.8989627358,2697.29127902198
4345.05523545771,3247.99089641007
3900.86657151672,4911.91087856989
4334.01633960193,2338.51255197579
3392.35424405289,4493.34507030743
3830.8232433594,2735.70958150919
4414.81561329964,5444.82182121945
3671.74123697787,6075.48378960429
4267.65424412376,5580.3655350967
3904.90752570558,6764.79620428819
4021.70807800591,4941.63379708387
4316.25240599467,5943.69122466697
3509.50630906989,5151.96791937142
4428.88224504989,6565.54384958819
3694.25342631594,4439.86614373956
4646.46075660119,7194.84168693028
4177.19672160365,7412.22311484663
4018.83474580293,4454.07408020468
3490.18968696043,6390.5020723379
4077.55350196365,5032.67833852342
4119.24868654606,6308.6643582988
4595.99721655084,4741.30189292567
3778.02307395488,4908.33014029648
4529.84328729088,6435.45623702669
3691.17456529298,6159.76518414433
3911.47986695789,3829.60694126073
4168.49004742894,2195.35342643876
4988.79825491469,6209.03839237642
3801.7342835824,2865.62699483178
4498.7726165465,4509.37170721113
4634.38776460707,4781.42493636107
4003.17077215139,6714.78426793097
3132.19544191842,589.913479911475
3244.2316462457,3387.62658056033
4069.13183003694,5868.33207594282
1800.70829898912,40.0663783539736
3522.26204949143,4932.02906289135
2702.04539863682,1051.15997160069
4193.93765371929,5807.92001466418
4596.46566629643,4728.28725398151
4096.43578015125,5813.65985185398
3956.6396187995,3627.57008472671
3477.48346248872,5571.10204509249
4083.21687658274,6661.19159330033
4418.19259842751,6876.58391011157
4056.62172972446,4783.24363679965
3735.53509505485,6005.75115286242
4408.25089041476,6654.48553185984
4153.57830572297,5514.04322596172
4089.34303868281,3238.44324767656
8148.86954798067,2966.16231097345
3373.58392220792,6982.80261226691
3891.05053445018,2956.95569500063
3845.49236029218,8401.66381027765
1242.98763106156,676.35455479389
4970.42101113765,6764.51204555889
4640.36269079801,3593.35728914765
8148.05399017478,2923.31121688017
4518.36552476433,5547.2897972901
3929.43492286764,6196.42166022435
3893.8723837039,5115.59560202071
4342.3079077945,6370.83845741227
4690.55322235315,7233.88560376273
3917.31611895489,6308.43728502851
3293.14666712556,5454.54030347474
3893.42212413898,1163.91411310236
3620.51335667761,3855.29497496072
3829.68134781839,4998.40845748534
3746.11447970343,4914.35455907084
3961.70675264973,6915.45699342224
4394.82324939325,3300.78754602893
4093.21068910672,5707.10032836558
3385.86656123416,4013.23056584911
4598.77134551749,3981.17729204169
3580.39399186025,2055.54733162197
3675.92525038256,900.612613387978
4050.29097569813,5930.10826826422
4464.25014416423,5046.03379880063
4028.0594174426,4848.0318270806
3491.06105922499,4384.45519152559
4442.73976388723,5810.81826456096
3634.30321753053,4699.92846651028
3546.36693580484,1127.54179575165
4195.08995858374,6019.84576412002
4042.62990027352,5859.18233400138
3299.88244453569,4792.33671613733
3201.23672485,1998.31767896941
3405.87572971521,5491.31052761752
4580.65776435827,1374.07793043719
4468.76582385268,2068.73238123265
3798.01973268664,7065.32239182738
3472.07779483022,5691.41493565019
4830.2107509286,5214.19868108865
4085.00124218719,4340.92224333856
4567.81828996994,736.653079437389
3773.76399303676,5437.09287292452
3754.51488990484,5087.57763588254
4339.32007275282,3286.23878823075
4196.82336353925,2259.40288859458
3563.71492425397,494.549842071727
4698.83784450397,5797.86071107582
3523.80674422842,5300.07170279699
3119.40230658286,3046.57923136604
8272.52030624085,2046.39737825291
4130.23902118646,3454.51741858154
4126.48050310924,5415.0422401017
3815.49629637596,3717.30758058252
3645.08949912442,2055.54733162197
7714.22068300803,3084.37234236326
3781.25786241135,749.326527050133
5269.77992647642,1902.27202846519
4940.6214300099,7280.03264311724
4558.24050998874,6365.95109641037
4460.07692406547,4892.24684078901
2729.36120719424,5290.46696860447
3938.08802773006,4065.17452785244
4607.44389141328,3321.19031193494
4142.35366546946,6404.93750492856
4165.1756724383,4049.77329386635
4601.0348224875,6642.38045456261
2154.63842821913,541.322337200762
2601.28206343712,1341.22916018707
4372.22613579081,6589.98150030819
4661.62554000144,5343.88880971333
4404.49373240837,4091.2604683445
2579.37972191266,5195.95585980954
4096.26651938004,6031.60959722894
4369.75382810566,6202.90064839454
3709.82641670969,5911.97877219262
3669.2649114614,6579.24055405371
4098.04506730056,5009.32023726161
4196.97929615547,5946.98738135583
4650.26289327095,2655.34953514799
3690.14158603745,5671.23966586971
4362.65570927967,6884.93826132411
4250.17698324387,6624.64886528309
4736.39741858466,4294.94519179533
3699.61410397107,5215.10824273557
5160.01672711427,6993.82814010595
4651.28563918939,6282.52175520298
3680.8302685944,3617.79493986766
4130.40214026049,7119.08547712455
4253.2694162546,2207.62912583015
3978.44860959646,2889.21216936388
3447.0449886462,3900.07830612773
3908.48951684652,4959.6495450927
2867.02419568917,6135.10046015403
4420.18099568277,2269.97342418252
3540.51337972387,141.34054154882
4908.05177560057,6784.8577260059
4713.14127078198,4590.18611154054
4193.74102263581,6500.47150057793
3989.81745114397,7468.82736458157
3912.17781897256,7111.81067537021
3551.18452749443,3140.1812013693
4279.88750913347,6559.91776046115
3268.90368137353,5160.54976670951
3916.83290798517,4086.77059127942
4308.40462960006,4761.98839470573
3932.97975473671,2701.8946927222
4632.85434841323,5449.31169828452
4793.10646128204,4410.59779462141
4297.5477277698,5205.50350854305
4332.45089002175,5324.33851999522
4289.86235217144,4646.10871860936
4799.11881151241,6319.46239001229
4172.63543699411,4810.75037093823
3652.97115574219,3783.63031257275
4065.01811726994,5312.5746868863
4394.98497980143,6890.50768784738
3920.71682150925,2420.69129877558
8678.54312687937,407.540423302255
4573.38950722244,3233.55567524703
5058.6889503869,6039.39563098288
3832.29886914287,5411.8027460166
3970.05369046089,4239.47757697759
4585.09177813444,6311.44928298806
3974.99174588963,4718.11462518564
4421.21757046065,5923.11804809443
7275.67852577568,472.783262264399
4336.10990788526,4257.37957692365
4485.67462202547,4837.74545022196
4831.23014068422,6773.88928362587
4161.33553612728,5273.87201424216
4549.73290351849,6323.78185641084
4069.64433787858,4651.28023834056
4152.24109417569,6668.40930959566
4245.50158942435,6046.61334727821
2619.27585946176,1783.32326895025
2512.90047033761,2115.39107544201
3656.04260173964,1214.43749288681
4566.4767904836,5311.43805196909
8341.14741031563,2727.29856769289
3652.05324241477,6375.55540774764
4036.15113848709,4194.92131908087
3981.20880829752,4689.86916292193
3340.70388230175,3543.17494212389
8045.81019798048,738.358031813203
3408.32855880496,2290.60347478646
4018.44880700348,4382.97773527532
7682.84946717699,1659.31642062544
3626.11396568871,2804.64661609453
3309.82034813155,5065.07243366389
3938.09182003218,4628.15005605954
3913.0787347318,4278.5210709548
4803.747888743,6680.45772428914
3577.13166048614,3321.47447066425
3917.97222757734,2839.42751770457
4083.2327882795,5978.58566291216
3988.83760445085,5848.78220907997
3824.16650386955,6182.72537861407
3702.25854635532,2839.02982234013
2090.18915650214,6242.85328116341
3946.43418502436,5386.39887104592
3219.80958242247,1930.40374266613
2056.52867333168,4133.88427773986
3695.53731921333,6112.48150987261
3442.69247130187,6842.54194805429
3963.62505163256,5196.46709180913
4185.24150793072,5755.97562980559
4550.09069615079,4307.61900940641
3489.05578419653,2323.28172865623
3650.03313459803,6199.43408103915
4182.79345179709,4729.48097435774
4313.87014093414,5454.93821026681
3668.81946389922,4590.41360766608
5071.68585246475,2716.10262918732
3768.18744865856,3857.73865546167
3534.24332743815,5440.04820828032
2422.582887,5724.77525504134
4173.99641592162,4944.36163631412
8012.88633460833,2157.1057460457
4381.00323080647,2531.91089856797
4060.13073776456,5705.90703084461
4613.26593678192,3610.23640223927
3706.42748974071,5957.21709561072
1974.09626226184,1265.87022289055
4632.46011007071,3353.81169177334
4587.03400052646,5013.01430074254
3732.37860501404,3965.54856193006
2942.53998041421,1046.04511447324
4630.36307452792,5859.23899660514
7918.25465853219,4666.9660539112
2795.21419084056,3054.87670854719
2533.15352850576,2317.31439534088
4549.9937650927,6337.19397929181
4913.61737557207,5906.97766312795
5207.21558437095,1738.82399079873
4427.71674501985,6356.23261415507
4726.53682001026,7824.36744325316
4500.90933378918,6339.52433458525
4538.84387085047,5735.118717359
3866.91803259731,5889.01900057814
3878.58480010699,6450.23249095042
4171.8673842143,3808.8066914179
8309.96815420834,2206.37874285017
3941.0557657122,5308.88062340537
4104.17495868796,6257.51578702436
4311.54995496761,5022.73278299783
3430.14789537866,1620.38667471101
3114.25283751794,3993.05529606864
3926.52995245355,5973.35705772195
1022.24436348039,1314.91604071091
4510.4294546486,7047.98870933994
4249.30394767108,5908.96677423307
3837.05736265426,6048.65912098709
3945.41505135096,6219.04103336102
3597.83513458503,2839.76855046526
2741.03079329659,1601.40491387913
8463.18130614047,1291.0467074495
3963.01553449063,4716.69383153913
3589.76384344568,4803.30515851735
4109.6378922847,3064.4243572807
3933.92777452123,3465.88376775364
4536.30126142744,4753.80487701497
3978.7266514407,5648.05239812969
3835.15322595358,5648.33655685899
3715.48071110131,4889.97357095459
4398.69994679735,4829.44776161318
4604.26006952302,2402.56201413161
4290.20713494076,4869.51414244482
4273.74814743375,5058.65010809746
3199.918858757,1539.79923793808
2960.93412739409,869.184689641274
4327.42002028884,3797.7245009751
4475.97966337405,5874.35649471718
3868.20929149246,4860.64855923268
4164.16777974699,4914.01331488253
3783.11375136654,2873.75384991878
3906.06805617379,5243.06912341473
3788.53282241056,4772.72976381546
2490.65361220021,7844.08772078254
4272.27559062983,5377.13538104171
4246.53223815559,6717.11420036915
3732.99513107879,2229.73663268435
4821.71843277913,5743.07516177947
4099.83379732469,5463.57629735341
4022.6776932044,5494.77709497291
4359.83929393416,3496.8570692476
4518.74434363077,5529.89902934364
3451.93750619059,3195.4784055205
7805.03967551968,7985.48544276763
3838.18329748003,4391.21833842509
4464.22803924525,5468.06617441848
3954.41825930805,4292.27443802408
4641.57464079252,6576.56937742722
3593.42422007903,6174.71227158984
3417.01064815394,1747.6329114071
4155.42895884367,3575.96694405644
3556.65254893775,614.066971902181
4310.38785026848,5371.28179578913
4340.78734639844,646.120087138875
3872.78090989833,5617.4770034278
4123.29307633334,5705.79328278184
3884.14433176026,3528.62618432571
3264.22076168428,6135.38461888334
4125.45924451355,4051.64865690869
4752.14025448503,3873.87904042815
4091.39944889143,6824.12829325339
3616.79300053519,6089.35090473634
3049.436030478,4642.30090706565
4662.84161447952,4605.18986158981
3916.68086711606,7518.32849179445
3352.68612810865,1254.21971498915
4308.50540240688,5304.95906379889
3822.51985119563,3949.7494211519
4081.47123511713,5901.97655406328
4734.49303265881,3627.91132891503
4459.60546402336,4469.75989577533
3988.39703917311,1513.20195973261
3829.37610988106,4177.13306719759
4830.86988341006,6699.61010721517
3498.05251023145,6948.36274341756
4322.79236707747,5783.31195327764
3988.48477987147,2056.2860597471
9097.74835859471,1841.40539779072
2508.47256913233,3993.28236933893
3564.57811758104,1921.31066332846
4179.74878811257,4330.18087422882
3553.49895359573,2513.15642243401
4125.68353147566,5540.12874359853
4145.92522081518,925.277654519716
4187.98078184954,5824.91287581856
4107.52493995948,4261.41446173764
4308.16269467324,6374.98709028904
4083.40124261195,3915.65037363561
4889.62432765784,8239.92083070081
4227.07873285677,5299.84420667145
3805.55011020198,5349.96989109145
4127.77423383429,520.976603896852
4989.73853837031,7461.38257501594
4514.50912664083,3963.84360955425
3871.54995895553,8502.37017136873
3400.78052987188,2984.00743688812
4414.30824995283,1272.57639004485
4704.23990396283,6571.22702417424
3984.75724500026,5532.51354336637
3615.33518216063,3993.680276131
4433.29474574529,6954.15924321113
2335.66873557187,1410.56389013686
4345.00919862473,6294.62725535546
4383.38460015062,6650.79146837891
3738.42680580464,5567.46506707057
3967.67466533565,4717.14840093496
4405.9764071248,3920.08316524167
3678.5878732188,6427.8976993983
3923.93862137942,3187.29467640212
4965.66506297843,3323.80440310243
4225.50767923601,2719.00109051173
4607.90028018194,5360.76792280494
4816.88463178667,4396.21944748976
4010.08072912021,4075.74548629564
4794.78741326352,5368.32646043333
8926.19420604752,4055.7406271817
3176.77042657505,537.798790100174
4413.80231541945,4336.77361046179
3963.47558920168,4821.88922398478
3978.37244883018,4826.77658498668
1775.5286454557,1655.73599949346
4089.81568776768,7089.98711581768
3847.0728602877,3528.62618432571
3770.40789400682,324.395584394057
4365.77859512427,4114.04982929246
4527.12653275468,7693.4269316485
3766.79145082379,5572.29576546871
2827.21222893403,5889.98522482882
3854.90988440496,5261.65318888216
4437.39772640055,4395.36697130185
3577.67372579232,4117.23266077379
3274.82419645426,2164.15284024688
4062.80235322083,2287.02294794067
8620.09106533973,3035.78119965254
3197.26153316461,1935.80275852288
3274.47453359253,3013.78744086111
3111.34219010868,4689.9829109847
3692.98628972474,2568.34008995006
4502.59410156478,4417.36094152091
4523.56805109341,6217.96106104757
8010.71453106884,7336.40939672664
3878.21834161478,2766.34185024247
4063.29446510123,4346.37792179906
3467.01772474912,3740.94941771838
4499.96075759999,5030.80255262582
3807.17487757308,5503.47226751851
4614.23254536631,6670.28467263801
7855.90641296729,804.1691618055
2849.33411868812,945.1118915395
4235.07331539994,4055.62687911893
4337.07666357125,4900.77160266808
4054.86850794669,4345.35503494463
4587.0169144449,5518.36226950501
8634.4168885685,7511.33784876941
4711.59959721412,1415.45135685258
3880.32535499823,4332.45414406324
2139.16644306742,5496.53870995249
3844.03254061604,2209.16345611181
4383.06921978898,3677.58202108394
4177.3995954066,4806.14674581038
3718.27404899322,3690.02834256949
5623.77444075716,5561.44064829621
4357.66164764571,5060.92337793188
4510.63070926451,5239.54589345558
5043.50098212725,5752.05449305437
4828.10086550334,5231.98693297193
2855.6143496293,4619.28404999216
4125.00233589363,6775.93505733475
3901.82424152133,1822.93508038606
3547.22465712837,4346.037100466
4678.3070442657,4357.6876083674
7886.97650180227,2738.03972537499
7379.5665389512,1831.74400099443
4570.94374183862,4930.43785857831
4278.75183070437,6212.9599519829
4587.45948533927,5440.50277767615
3389.06451044594,494.379325691383
1245.65591626474,4973.06166797367
4339.04551127728,5815.02398289674
4046.14320068087,3772.03646727511
4276.39254372542,4062.39002601843
4137.67209350328,5486.0248369683
3100.23305211142,5058.53678288994
2807.1997654252,1026.55180450034
4081.78744246074,4899.57830514711
3499.14815201441,6258.87991806712
3209.78597072014,5942.7250004163
3885.40723845524,5323.37271859979
4298.52625151602,5264.49477617518
8309.18869934377,1544.45941995588
3575.90687742691,1349.41288930546
3953.5061656343,6799.17941053379
2620.07318861751,2003.6600322224
4219.36125258979,4832.5735076355
3621.33701503466,3754.98694351697
4312.25070682101,5486.93439861522
2197.86832339825,1759.90861079849
3442.65119463465,2771.11588603685
4434.36397660113,4681.68522237592
4513.03083040177,4802.85058912152
4008.07868332442,4189.9202100162
1768.6367376392,2411.99591480235
8675.60337508082,2626.02431199846
3614.1390497303,4299.26465819387
3635.52845074957,4963.45693378115
4274.042747207,4223.16678134458
4151.20701911198,4550.63138556374
4327.27940957038,3775.10555069368
3859.3627829253,3544.99364256248
3907.06971737418,1311.61977830824
4649.30800125876,6761.95461699517
4087.76830822114,2925.58448671459
4026.12736107303,5399.07226580176
3792.37519679789,5768.59236195767
4210.52785808527,4611.32760557169
3484.52845828764,1266.26802396881
4502.19631130245,4446.5726280353
3454.76853596823,1264.79046200472
4463.14107040284,4371.89554483252
3589.25072822039,5924.53884174094
4388.37672621419,3556.18958106805
3668.92907339042,5332.57912314499
4893.0992893179,7538.33292805314
4876.66347063684,6210.74334475224
3990.84026605027,3641.49386246253
2826.08206417164,1387.37651668302
4292.68238725974,4698.28017673823
3352.09111273544,1110.43539796212
3492.94574805263,6634.87857953798
3489.98228465475,5397.59480955148
4761.63416099953,5977.73318672425
4301.8741537288,7102.20594117769
4504.89774981665,2946.10078925575
4744.65835188101,6042.57846246422
3670.38394585186,6228.418271428
4147.98856987267,4835.75633911684
8065.59337026671,4018.85665497614
3408.06316909031,4942.31586260525
3977.49050994187,5181.97499661471
2927.97494583244,4296.87764029668
4094.69067341817,5631.74160249668
4109.22349600484,3491.34451675571
2891.81557088592,1481.14889735282
3498.08162532481,3525.78459703269
4674.22076547352,6237.68176143221
4626.12715363911,6488.59391940624
4582.67422434512,5681.63979079113
3951.05217424088,5568.03338452918
3687.1988282061,4006.52408155337
4196.41319421833,6684.0380397073
3808.02985194431,225.110545518554
8959.65642763478,1156.07131103085
4391.63182739841,2575.10302542194
3788.12163785058,5897.43001439444
4290.59352834115,5777.62877869159
3422.42552330841,1528.03508768772
4112.9119965562,7371.19093261956
2504.27775512283,5086.55474902811
4698.38530262093,4722.94532358378
4926.47929745308,5003.92122140486
4265.28100214773,4418.27008031258
3319.89832571401,4696.68897242519
3644.58418987269,4736.69826779782
2632.97749726387,1925.17534890354
4636.90060750415,5773.53680841858
3250.62984542318,3599.77961471409
7783.44032127319,1627.14961018288
4341.95062606006,6168.57410475271
4298.48818969988,5103.60427278625
4365.43003400002,4057.78640089058
2702.29117240485,2943.25920196273
8272.85345967121,2739.57426708428
3921.56009720282,4182.47542045058
4638.44168153987,6802.81638855571
4121.40584012472,4298.01427521389
3399.43035331766,664.022087084928
4051.69733301831,3562.55482117547
3561.64420331736,6320.08779292991
2806.4123385042,414.98539786705
4995.47321525941,5715.96633443296
4304.50394346293,5842.98528643115
3804.62210882302,5086.95265582018
4314.45728151255,6052.69442865633
1926.83150446165,922.776994273567
3216.88920007022,4199.86576554179
6673.26885107945,3090.22613904346
3731.90401218526,3855.91995502309
3838.04004818578,3980.32481585379
3932.39695086841,2590.39093420051
3992.2458912802,6177.83801761217
3723.67711358714,4555.29167329535
4075.35636398285,7731.50420137503
4296.28799961103,4297.21846162974
4105.27863012825,4168.38123204823
3548.97212519036,4682.99226795966
2383.48994577045,1806.73803281582
4845.75266696747,7214.16448052284
3760.78681062031,5484.71779138456
3681.92055529554,6433.29671525504
3271.45069934075,1328.78294441534
4829.41307139089,3361.82501022519
4029.45621495885,3847.05437181095
3200.09001166292,1276.04316882786
4186.37455929508,5672.66045951623
3942.10024648391,3775.5030346305
3390.65108406907,3784.02779650957
3876.99173489851,5382.02274204361
3640.45039221036,6638.40223235238
340.004555681173,2129.31485317783
4119.98651208351,4012.54850032773
4487.17284466249,5095.70449096954
222.898268659804,1252.96943772298
4214.21657538359,6558.66737748117
2470.92481305986,1135.72552487004
4614.90976979773,5411.63233535007
4098.77859045431,6192.72759674341
4170.32135091834,4244.76284477157
4036.79400173989,3958.78541503056
2055.97597059274,1647.49539634369
3313.25995477146,7106.18416338792
2858.03722125736,5192.71636572444
3842.61776899329,2510.31483514099
4512.66514206445,6561.67937544072
3203.51925334469,6993.8848027097
4652.82906213729,4610.41846678002
4089.01040937868,4935.95062249782
4792.68559513275,5961.08156975818
4445.63587679511,7098.96686994784
3534.58690230808,3318.68954597498
4488.30943510402,2848.74788174017
3635.8055166232,5321.2698594319
4383.28315538067,6199.49074364291
4081.93624867871,5472.61271408732
4165.04567782224,5958.4674785907
4493.30798364963,5123.89329062949
3599.93216023326,5124.23411196256
3875.67586468628,4910.37633686061
929.734920623366,1873.4584601705
6092.42957107284,164.30056423361
4180.34681674821,6118.9034125838
3550.17099203978,956.02356560195
4073.41350471256,6126.51861281595
4556.27035534537,4748.06461696991
3993.78651546332,5088.25970140392
3838.87540976922,5262.50566507006
3952.5035015245,6447.22049299086
4713.3810158348,5549.39223360274
4211.53717921825,2401.4253792144
3878.58998073644,5953.52303212979
3625.51097018629,4747.21214078201
4067.000187608,6882.15375949009
3802.47257010288,3911.5584033626
4212.65367915102,5581.61591807668
4586.64563942862,5823.77624090135
4595.94960610526,6486.94562963419
4008.4314072254,4788.13099780155
3787.4439384209,7048.95493359061
4344.92549434305,2654.724343658
4711.56509992376,3149.04699600906
3817.21149880138,1597.4266916689
4078.83155754,6210.17502729363
3970.31227804225,2394.0939148563
3529.05447259446,2904.6136147776
3372.35663296977,1496.43659470377
3422.55535451998,518.419175333131
3923.09177657344,6311.44928298806
9777.8824817481,2784.52800891782
2206.04275278993,2741.10859736594
4400.63459098605,7288.78490112186
8871.41079836044,1751.66800764872
6593.19187600643,5538.76503541103
3782.01709594507,6108.55995026614
2791.37671531116,4702.54255767777
4363.46737709027,6925.74337028088
2611.49501949293,4046.24964105195
4629.54738198743,6555.25747272954
4191.04885923566,4721.18328574895
4248.26897819235,4293.01316614922
8396.97796076889,4287.10249543763
4266.08199369182,3217.13134297887
3703.7224210631,4640.82345081538
3352.65881317988,883.960943565
4773.1283484701,8384.3301277902
4601.59711280447,5014.88966378488
3473.75454519328,1919.66258498403
7640.83471763384,3469.86198996387
3738.58824899883,5258.41369479706
4716.12546593976,5371.73636518496
4906.89203679506,3778.06046319422
4234.02487924692,4919.52607880204
3712.10183045738,5431.69385706777
3685.66765691611,5303.25411142308
1434.03254515765,1590.32272343634
4573.58219204548,5140.48782213655
2578.67840320999,1210.51614470796
4125.85466671292,6485.07026659184
3540.27833486008,4189.46564062037
3981.90425585134,5996.82890704653
3928.18339321225,2455.92698120908
4464.24613228312,4876.50436261461
5095.07643295514,5955.56880583866
3647.81446959109,4901.05576139739
3924.9135602883,3167.28981728818
3730.28220114107,2239.90947290785
4454.58849609059,231.759838641469
3892.73571165548,2928.88064340345
4320.85877449327,5729.26470925117
3622.54340981622,5400.20890071897
3567.92219527765,6403.51671128205
3059.05962857707,5995.80559733684
2534.02881076117,5332.636208604
1929.04544350097,4889.68941222529
4107.18915487297,3548.17605118857
4514.34875479042,5481.64913082124
3678.40901823587,4269.48465422088
4010.67856024641,4515.73652446331
4634.76221251567,4987.72417383462
4943.15751942061,2314.92737744369
4261.64074614504,5745.1775980921
8431.82487256012,579.399606927286
3826.64531269999,5925.61839119914
7554.4056377295,2135.68009328525
3749.96219007014,4566.60093700844
4657.49066478136,5949.20356573124
1763.73665703909,870.719125636745
3653.45209015114,2547.14193331515
4265.46457807454,5035.80408454574
4106.6310952784,6033.03039087545
3998.817050079,6004.84201407075
3325.35990571775,1502.23351735259
3904.2489346703,4884.68830316062
4262.62643492581,4166.3350354841
3693.6680070571,5854.23788754047
8167.26526223581,687.49361926807
3763.79619293641,3486.79797708687
3783.65735765112,4466.634149753
4606.51007255018,5569.17001944639
3915.89966030904,5981.71140893449
4195.53436036837,5520.23763254736
4210.019600346,6346.3441440885
3432.85345101152,3127.10989982139
4170.19781500249,3874.90192728259
2486.35488277229,2544.18659795936
3610.68622155164,4508.00757616838
4048.63922943933,6815.66061683333
3351.95114112482,4153.43414460272
3758.69062494304,5150.88836991322
4580.28637422248,4518.06687975674
3607.46177500018,2513.66807728885
3847.29943268392,6462.05340951835
4075.14904044816,5952.21598654605
3847.38404526975,4482.0924691981
4609.76976627551,2982.18894787716
8456.16784161853,4522.10176457073
4627.91249252111,4540.11751257955
3732.08795620456,4907.36433890105
4159.67476294292,5944.3728673331
3949.77452842548,3243.44435674123
3990.82465597538,4736.5849425903
4282.66093046523,5707.32782449112
4578.35793041353,7922.06053781893
3843.73476443111,6291.27401320759
7529.05463229324,770.581610573335
3113.31512793678,3254.18572585096
2941.20469514471,1110.60591434247
4164.71333850947,5402.8234147417
8182.46548124121,5973.47080578472
3633.61955691438,5196.06960787231
3751.1167139834,5430.2164008175
4082.19768983141,5652.76934846506
4523.75136045616,4827.17449177876
3718.24125339767,5737.78947113024
4079.70056468828,3317.72353315193
3923.07937470078,2004.56917101406
3783.17818095417,6006.54696644657
4352.7348642083,3662.12370163884
3938.84073290376,5161.17474677187
3807.7282526595,3138.58978562863
4219.11005032668,5059.67341780715
4682.93275536368,6129.24687490145
3511.84344047767,2305.8911721374
3785.94515829711,6696.20020246354
3466.3169885074,3477.02283222782
3659.89313652396,2592.09588657632
4036.14898698334,4659.80500021963
3865.04195395073,6271.21249148989
3534.99174289774,2354.19815611881
8338.97502618852,2332.82937738974
4178.80781984048,5687.66420956549
3751.5331137648,5392.8207737571
1968.34140429912,5193.51217930859
4363.74100757065,4937.14392001879
3331.45602596079,4448.05008428557
4713.95556667049,6691.6536627947
4233.37979773965,2039.12299935381
4026.43351418982,6294.11560050062
3771.79983349248,4606.78106590285
4242.13224133972,6653.69014113095
3600.52715609707,4163.60719625385
4159.26051344132,4526.87580036511
3751.66659713697,3788.57433617841
4151.77336436831,4669.29598634938
4161.96417123501,5417.77007933196
3595.05029745297,2697.06399432406
4023.76114198824,3054.2515170572
3896.53831519788,5018.18624332899
7622.89405103267,3664.39697147326
3809.23697920632,3568.97672388665
4086.72317585514,8040.8963949816
4698.73682899008,4291.76278316924
4248.92102666499,5641.45966189672
4541.39937892265,2737.58515597916
3868.42946990675,3435.42212111452
8103.91250402728,1281.55582703356
4106.48957188918,2221.4391555032
7867.59802222455,2550.38121597263
4474.36173911891,4291.99027929478
4151.42829105994,4958.45582471647
3338.84133103797,573.943769896061
4537.40363171401,3463.44008725269
4059.69172507537,4684.24265093964
4102.5281348501,5865.71798477534
4128.4717623502,6287.97785651874
3867.82009194981,2241.72817334644
3519.57191591325,3640.13015427503
4293.5628299215,2794.70106056895
4455.69664556474,3609.78183284343
4016.79713188226,2898.53253339948
3827.49017507706,6884.3699438655
4238.9853881635,4391.84331848745
3997.22855344521,5354.06186136445
3709.41831687993,5913.34290323537
3808.90812187719,5586.16245774552
4570.57635365957,4533.75227247213
3857.20481469678,4916.34367017596
4410.73558284872,6890.45102524362
4026.23085331196,128.667067507623
3562.75947637034,5332.86328187429
3299.92578071007,1053.1490827058
4449.91055380575,4826.26535298709
3593.82978894911,2994.69193196647
3857.72922865189,4350.24281880178
3145.40531451355,5282.16970285094
4116.57405900428,4984.31426908299
3550.37270230824,3757.48770947693
3542.42348775817,1580.77496898901
3556.68992341563,4376.49874710512
3418.13638112898,1658.40707040615
4228.05803226246,4555.34833589911
4369.02135050263,6890.33727718085
7553.85415322785,4846.83852955964
4017.275901028,6220.17766827823
4137.77041115804,3962.42281590773
4622.29149919375,4791.14341861636
3710.64219556859,3359.09695956731
3182.0756111954,4601.95036750471
4240.72656000239,6071.33515672752
4066.02082543325,5892.14474660046
4502.31811121785,5176.97388755004
2483.69324179841,844.178721462662
4374.78375563892,6845.38353534731
4984.32939481681,4519.82849473631
3524.28613962238,4253.85592410925
5217.86933883926,6731.43588489704
4092.46526762465,4936.80309868573
3909.23480728606,4071.02811310502
3521.01056617465,7054.58102271765
2173.64081066346,4913.38833482016
5144.11444702868,6346.57121735879
3809.16751281162,5744.21179669668
3232.8221685738,4883.55166824341
8731.94368454112,561.383964632275
4166.33805270004,3158.70839280535
4136.00030945747,5080.75782637929
3682.43784027575,5692.43782250462
3813.88479069911,2659.55504205614
1833.48886217501,3204.57148485818
4702.82671257627,5298.99173048354
3948.48145050732,3888.08697689327
3867.06716894603,4068.98233939614
2066.65392845624,1486.71842958991
4602.11750508421,7776.85542714539
3744.72511803898,5481.08081336264
4147.92682715893,1300.59446189683
3447.52436650718,3918.09405413656
3955.71992923268,4904.18150741971
3190.54629138273,2082.20137814501
4469.34623167251,5528.53532115614
2422.75154992114,2049.29583957732
5097.78140377827,4917.30989442663
2447.66783318427,1730.92442040965
3964.95648355735,4713.79515878709
4316.45084073908,5504.66598789474
2920.91294252124,6034.56493258474
4124.86406761629,5664.9315112213
3974.12796069232,4750.96328972195
4959.93039338633,6582.30921461703
3038.30529553687,3207.24266148467
3715.289306262,3959.69497667748
4739.69332069424,6916.76403900598
3955.68335169723,4745.22302967689
4026.81922839899,5675.72954293479
5731.10007841243,8469.57774658093
3472.36451002309,3746.23468551235
4650.11413390607,3798.63363976677
3757.20313895985,4319.43992797434
1687.79260258749,2325.27083976135
4740.57050829798,5875.09522284232
3702.62614675301,2075.04053588106
4723.43959874027,7362.89366686603
4277.9582414139,5424.98779562729
3957.4027244546,5742.16560013255
3667.53158002847,2254.57219019643
3448.23478159272,7711.89724905316
3689.17603678897,582.980028059259
3611.26781745759,5664.59026703299
3830.56007645691,3809.60208214679
3778.86800826316,4562.73646286098
4051.98086165722,5692.60823317116
4569.21103221665,6103.89966253453
4626.46846364071,3099.31921838114
3796.03244756481,1419.08865201594
3853.02193669927,6576.45562936445
4528.22589250847,5468.74823993986
4181.08751821822,6193.52341032756
4810.99473245198,7001.21626706781
8804.51465375359,4125.13201973525
7848.51046007274,130.031026765429
3873.78014499495,3603.41659273601
4726.35913179429,4813.64862083501
3619.5772009231,5234.4876989319
3934.26638307565,5505.74553735293
3226.80917375781,724.434254077385
4424.558614103,5071.38058831231
7710.70244975505,1576.22842932017
4093.66431226402,4691.28995656844
3452.26146674945,5728.01474912644
4289.49769047057,4754.25944641081
4833.08822163622,4951.06769775461
4020.11465644087,5700.28051886232
3830.27203896814,3718.21671937418
8007.01917833472,2954.73908776997
4426.00471949271,7364.3711231163
4602.67856253642,6355.38013796717
4315.16460805797,5740.46064775673
3758.82101938901,3907.58018115237
3502.51693336583,6372.08884039225
4316.6939472235,6224.78087055083
3666.1002141466,6149.93337668152
4067.32943733629,5167.02833202445
3961.52339265014,2782.08432841687
2414.71901834413,1253.59462921297
4729.66780496572,6256.890806962
4326.1804840638,5509.49668629288
3774.96451448899,6023.48274214194
2719.11674300916,3144.95502573606
3850.60993388675,3397.23110332522
4006.75768466903,5586.33286841205
4387.65218771906,6796.90614069937
3680.38150278055,4192.59138664269
4168.39856416697,7278.04353201212
4347.77158159764,6284.85211049641
3151.82780350003,342.809080624235
3517.00329232615,3377.05583354475
8322.07841915704,2238.31826859481
3512.52924226716,2577.26275862121
4067.58347548543,4780.00414271456
4021.82123237559,4992.95277902484
3397.32665699189,3552.89342437919
3477.42255455548,2629.20693205217
4438.82547403821,5879.30051832284
3258.22911130382,5120.42630041885
3225.43359076605,2114.14090388965
2339.07924664567,743.870690018908
4139.04829955277,5304.39074634029
8101.00852654753,2209.56136290388
2942.88146276094,550.813270473606
4318.52793834904,3063.68562915557
4437.80483468131,5088.99842952906
4181.13082756876,5593.32351143709
3620.25548895937,4068.18652581199
3476.67629071464,2277.07739241508
4235.93092056819,4739.88109927915
4473.66176525781,4972.60709857784
4485.30079455947,6159.3106147485
3411.50320042328,6262.80147767359
3845.9924451338,4932.31322162065
3850.08795153674,6616.74950632163
4797.98563313189,7501.27896803631
4155.4345594093,6094.18160313449
3055.94271568307,6261.43734663084
3198.56458073466,1642.21002283591
4407.36080738067,5461.13261685245
4227.80583407686,4581.15011766187
3819.67823505434,201.184377868446
4946.64449257956,4380.24989604506
4347.09037382589,5148.6151000788
3967.79469605539,3929.06249651658
4032.11453951792,6613.90791902861
3779.10903833771,3351.36779984476
8890.72794954769,1082.36055779257
4108.74964746354,5916.86655604978
3101.29323767992,3322.55423155007
3799.79900634375,6191.53429922244
4935.42495567015,4081.08741669337
4285.89932215683,3018.22023246718
3125.27994471608,73.7107705819573
3873.03502081428,3970.89091518305
3072.71993568797,1020.41395480464
3737.33961324776,2237.35204434413
4251.54004232943,4927.88043001458
4856.91084779575,7157.5602307879
8791.00617496887,2255.70882511364
3292.15235544086,1681.08300043277
4056.59992413852,6183.12328540614
8346.56857091534,3211.16400966352
4665.43502072758,4607.23563529868
3427.45617958855,5207.72011577371
2408.85279146048,1423.23739060651
4111.89282073363,4648.72280977684
4364.24546930477,5651.29189221478
3534.29242125613,5610.54344586177
3478.09924726562,729.264952475526
4274.79576556076,6916.65029094321
4160.04185140941,5976.82404793259
3205.57880831902,3720.26291593831
8940.2287836223,3150.01300883212
5089.66570248946,5035.2924296909
4230.54388922701,6563.10016908724
4363.70397962449,3502.08567443782
4233.13845700886,5913.85455809022
3843.56634547191,898.680376314247
3434.31246358866,4272.66748570222
3981.93437353649,1335.03443645999
4243.88345122317,6759.05594424313
4280.70598960641,5153.95703047654
4357.77362800454,7106.69581824277
4485.33836188315,7074.92670316465
4377.99998853907,5963.41150219636
4160.53733134463,6540.87912559789
4261.5768824414,6524.39791929835
3848.21623736085,1295.30908838904
3683.63797940078,1224.89459755342
3206.76288923205,3969.8109428696
9155.09473085309,2125.67766372828
3304.73021402917,6832.42598186217
3698.41822281283,1306.67543756114
3954.4586217283,5390.66125198545
3755.9571196179,4687.25464889919
4109.59645154363,5763.42084222647
4257.54356783344,5800.87270903538
4595.41220296262,7487.29768198623
3680.54168052472,6543.83403809843
4331.56538060655,2838.12047212083
8734.84511772477,3777.32173506909
4549.02689868053,879.300708690297
4365.79218405887,4476.18179848651
3993.91767575963,6831.51642021525
4767.77931792646,6235.35140613878
4061.49752556825,1992.40721968545
3372.03498735675,1877.49355641212
4579.98221540495,6256.6066482327
3746.40103906269,5102.12639368073
4811.32385234158,3205.42396104609
4030.9977056964,1425.16962768024
4017.55711570998,5505.17721989433
3526.01451006717,2006.89931487987
4319.86532243635,6309.57391994572
4313.05721488356,4514.0886575465
4585.57785237452,4590.07278633302
3778.68830121319,3814.48986600395
4442.28356259248,5687.15255471065
3823.31114381265,3742.76811815696
8041.05907103166,7693.1427729192
4318.62742062644,3256.57253232052
2421.97109669209,5776.83296510744
8424.8446452765,3636.94732279369
4318.90561502336,4335.29573135627
3741.5854586902,7282.2492503479
3970.75589362062,2996.16959964436
4652.26597054903,4571.31831019906
4279.62270063977,5077.23417356489
2744.51578453434,3513.7930563706
4092.41720052749,6295.42264608436
3973.86365430884,3094.31789788884
4250.36020325784,2629.88899757354
4166.69529693156,5434.08087496497
4564.21389057767,5487.90062286589
4521.59289048636,5867.87750654699
4109.79759273815,2833.80121714991
4336.15732435233,4847.463509622
3803.52213525513,2175.51918941898
4152.18161451877,6631.69617091189
3712.02174608322,4276.64570791245
3433.83500631267,5178.84925059238
5097.23516865598,5695.39315786042
3326.71917003573,6719.50121826634
8147.42647513743,1482.51281696795
3899.95923503357,4551.25636562611
5433.97339917883,6714.61343440919
5003.87929830293,6472.79477862808
3103.35827934895,5686.12966785621
5045.73798156176,5181.35001655234
4174.33508874249,4768.01281348009
4914.86009246631,4334.32992996084
3907.96784197161,5108.49163378815
4497.18814377435,6785.36895800549
3554.8779512369,2686.20908857918
4269.48728324177,6309.40350927919
4881.71613821386,3504.47269233501
4014.8187339968,3769.13821737833
4782.79560056064,5019.94785830857
3167.66094724129,3212.1302339142
3241.11468640384,6914.77492790086
7834.12150607148,2300.43528224927
3791.47832236509,5947.04404395959
3544.81842527318,6303.4928385676
3379.40023679766,4260.90322973805
4199.72548279959,795.132903642301
3918.46518168163,4950.89728708808
4154.64404284867,4102.68348012036
4525.9392721709,7004.05785436083
3672.25449835519,3733.05005875692
8683.78544439911,1348.1057380079
4061.30904889139,5315.87084357516
4194.04592056934,4518.4077010898
3984.63428495858,4753.4069702229
4073.26198375409,6244.44448547645
4201.36877264426,3188.60172198586
3759.36680476001,5251.42347462727
3926.39365037108,6009.9568711982
3550.44489025826,5256.76582788026
4196.80068729667,6226.99747778149
2829.85934209139,6286.04540801738
4437.45377961259,5381.45442458501
3449.61039892505,4910.6034101309
7736.42823298207,1752.63412618559
3617.09609624473,263.130967642146
3172.52915151556,1478.76198516944
1447.93503765896,1382.94361936314
7280.86692865125,3136.03235706491
4390.06222916201,2172.67760212595
5132.73462540595,3524.2500553234
3744.03287810265,3949.23776629705
3321.69414661221,3677.86617981324
4290.61744106877,7017.07207044973
4030.01714553657,1423.80570806512
4057.75676024591,1757.18066585443
4740.38005023275,4651.62148252887
3335.06680089523,2470.87364579934
3973.58529615879,6227.79286851038
8272.92941765891,4934.01817399647
4004.09856780436,1437.95677049885
5067.34851824769,5883.50623665862
3803.37821990672,6361.29080867876
3995.15944641494,5040.40728681834
4037.88515054729,4022.83487718638
3990.35786987409,1911.99029929286
4105.4641258293,5756.08937786836
4154.47216249315,4827.23157723777
4072.89560862105,7017.69747336735
3630.62221666334,4824.27624188197
4310.98429344129,3492.65156233945
8788.8195592035,3324.99791205102
3805.13473079024,5320.07613905568
4551.95813354286,6014.5600734708
2487.87551153115,1499.27818199679
3883.94552381426,4530.39945317951
5112.57545629944,5545.18693812221
3942.76685352414,5321.15611136913
7894.51030025441,1039.11155690721
4158.31605037269,4962.54779498948
4367.74561196424,5668.11391984739
4029.46036972253,3843.92862578863
4474.08302256654,6500.81274476625
7991.89462043366,1242.79659749948
3897.71916971075,5350.53820855005
3487.01913270034,2742.18835825176
7954.41393515291,2079.24625421684
3867.57661505405,6385.67137393976
4542.55350750785,6646.81324616868
4093.07432765429,4717.03465287219
5012.14221087589,5521.48801552734
3775.28948596275,5900.66950847954
3540.62235233419,6419.65709624853
3740.33681629733,2772.76396438128
4825.97248389163,6299.4579537536
4828.32101916654,7176.88302438046
8352.65007332356,4373.4300865418
3752.11106250789,4180.54297194922
8884.27715043799,2151.36569742827
4345.16296365053,5418.11090066502
2455.14817340851,4535.91179424378
4484.47291636461,5550.87011270826
4118.51886868652,5469.20280933569
4144.43671639426,2938.20121886667
4203.30441811122,6451.59619913792
4205.15104970748,4955.78464808998
4056.15008730208,7049.46616559021
4154.82389774275,4866.9567138811
4341.55839505081,5405.77875009749
2955.11472891042,3377.96518376404
3861.72036929912,5873.27652240373
3039.14648337671,1887.04120514563
3510.64880996203,5604.86027127572
3649.1202678885,4387.63802300693
4365.28232163092,6467.7365841044
3338.38171292772,718.125888001346
4371.00390844216,4972.83417184813
7806.2222774682,5445.95845613665
2584.56543539705,510.860531990924
6483.4284190322,540.242576314938
5074.98754651205,6427.21563387692
4350.52017323945,4858.43195200202
4281.02904908956,6388.85420542109
4181.66967157454,5459.31391641387
3499.75887989537,4562.96395898652
2629.57947765175,647.313543230564
4812.82400356191,5824.62871708926
4189.45422891367,4214.24411267344
3644.99550884709,5620.09109459528
2869.04544891118,695.052209753371
4114.99576151776,6356.80093161368
4466.62650906136,1636.47007993229
3773.99845516719,5594.11890216599
3646.17848403858,6552.87045483235
3688.07963570253,4954.25052923595
4049.4918577754,5332.46579793747
5046.10484519219,8204.51431474553
4443.03262405836,6301.10582067041
2615.84364125284,2766.22831360732
4742.28424403362,1966.83293404823
3330.42050591843,6266.66595182105
4614.02790278155,5700.67842565439
4683.58646012073,4616.95411755398
4357.61531744172,5656.34966388322
4035.39404816299,3772.37728860818
5541.72091032518,3716.9663363942
4258.18453020631,1564.57792141877
4052.20802500672,6634.42401014214
3785.78749434962,3522.03365952037
4557.96678687806,5238.35217307936
4409.40492972392,5624.80804493065
3250.23551682971,420.611724850166
4033.87006049168,2979.63151931344
3403.74193040408,4864.34262271361
3617.60401674511,2451.38044154024
5002.24650799161,6978.19940999431
3925.45590142069,1550.88142838087
4569.79757249871,5292.85398650166
8367.55296632522,546.494068359591
4427.2873220491,6396.86731244532
4204.86242116115,6147.88760297264
3871.89105073888,6196.70581895365
3092.88392513468,5984.26883749821
4189.94793060625,3697.53021759412
4039.21327327745,5428.73852171198
3967.02723071393,5538.02588443064
3726.60414008175,2727.98042178664
4402.17726148606,4439.46865980274
2880.10479340326,1159.36757343352
3777.62075074005,4130.36062492546
4336.46596021543,4624.00100032753
3608.879013612,3100.17169456905
4817.51126170894,6424.99902664626
4140.305230829,4536.99176655723
3190.27698225116,4592.28897070843
4832.11147102834,4988.06541802294
4727.61235662072,5618.10198349016
3910.72592516755,2023.21011051288
5166.49559613279,5810.64785389443
3693.35043994487,5236.87471682909
5175.17211846632,6395.78776298712
3485.61586242361,4706.63452795077
9329.80146395099,858.272962721918
3257.92206860982,3244.75161375259
3989.51387563657,5406.97204761846
3284.00108926216,2621.534646361
3322.65065570794,1510.92868989819
4025.57294887857,4282.0447237692
1658.91105476149,236.135888358416
3922.04888296202,258.470759195896
4771.97108317424,3437.29748415686
3652.62334814303,5243.12620887374
3802.52741261046,2568.68112271075
4137.1810434897,3299.65091111172
4147.76205106475,4353.25481676133
3873.56171399474,5777.11712383675
3002.40676247151,1978.42656791824
4253.79248976271,3690.48291196532
4409.71433897073,6409.31363393087
4080.7765617002,1961.54766625425
3335.77021819499,3731.2880209221
3896.37649883798,4516.53233804745
4482.63863063616,4034.03081569194
1498.2305416485,5907.4893179828
2304.66504216354,3373.30489603243
3221.66591348795,4272.78081090974
4848.10101733958,4567.79465738466
3296.82003211884,1148.39902533969
4367.47304325889,2778.44713896732
4493.40417560832,7260.65318692092
3594.24659028903,6200.05906110152
4065.1265530385,6223.47382496709
3494.87175080327,3998.5676371329
2601.37593535381,3788.29017744911
3695.90367988714,4660.71456186655
4187.55059991457,4509.03046302282
3648.26657306367,6123.50661485639
3849.95708635384,6753.31610705333
4679.68805912297,6152.49080524524
7173.26281126234,3932.35865320544
4322.24344798226,6216.19944606799
3425.4025142721,981.995652317428
3153.49698436919,1111.06058945211
3441.68464851649,7151.30873874325
3881.24225560232,2215.81285494853
3992.60979031024,6603.45070864818
3678.77413358098,3805.05554247795
4081.40316631618,6688.01626191753
4512.85518291486,4738.00573623681
4407.38290151656,3198.149582147
3836.08214071461,2964.85526538971
3519.77128839569,6631.52576024536
3296.32523675121,4343.70716802782
3152.47441461186,2966.21918500484
3794.36271644749,3542.66349869668
4328.92166778864,5950.34020064845
8132.59978607515,1720.80834850372
3968.24656807605,5403.78963899238
8056.71934852548,2323.96358274998
4369.8498614471,6986.21251701854
3853.68891329838,3647.68869190343
4041.14003627705,5337.35315893937
4085.9679875556,6119.41464458339
3780.15118794627,5354.68684142682
4221.73840548963,4188.44275376593
4855.20406049645,3956.85338938446
3464.13966153422,2369.08794667768
3159.56120965699,4532.27481622186
3749.57387188228,6086.67972810985
4578.9435954227,8079.88280349979
3922.88441258565,2733.66359637269
4423.24077093455,6057.4113789917
4305.52080979795,6807.53333889108
1839.52660855082,978.472105216841
4376.36737028906,6558.38321875187
3789.682494802,6011.88931969956
4090.62691164458,3902.29491335839
3979.02922152646,4893.89513056107
3737.66742719458,4777.61712481736
3581.88478489202,4206.57182698227
4117.01096525194,3663.60158074436
4225.56448035907,4153.49123006173
3602.77949956354,4310.2331005739
3763.6113838617,5956.87585142241
3998.03365949256,4882.1308745969
4082.89893697252,7112.49231803633
7142.70555027321,1315.99580159673
3012.6999034761,3001.51174146972
3954.22885177231,5186.40821107603
4021.48512984671,5636.40189022829
2582.11361621499,735.743729218096
4064.10776218827,4993.80525521275
4597.18205141584,6295.99096354296
2897.46619344568,3640.98263046294
8723.34833487252,660.043864874694
3118.2895068935,5933.23401428655
3731.52738895935,4604.39404800566
4213.35304875829,2983.43911942951
3516.39609764089,5248.97979412632
3411.59207879805,4141.9544702231
4130.75532571388,4331.03335041673
4122.76224896407,6219.09769596478
2718.62318731512,442.605615783864
4324.83358236403,5436.06998607008
4015.10070723185,5448.51588470038
4513.18599451129,1713.19293684394
4362.65504713072,4856.32909283413
3939.90710086012,5952.55680787911
8337.9656755138,2761.22699311502
3566.76290887949,6283.31756878713
3740.0435754382,4824.50331515226
2899.50799871384,5423.85116071008
3714.77611962102,5330.98791883195
4520.8331265802,4354.90268367814
2987.66717088458,6746.15505336175
4814.99709368739,8306.18647723204
3954.04687291723,6942.1112513729
2857.57792396815,320.587852135714
3347.69413294584,3075.73404384904
8204.50442014834,3322.09945072661
3842.2299138495,5068.59566362304
2931.34127828278,1227.11099335646
1856.55145496067,4250.21894608733
3055.97742425592,6062.86705745221
7992.74230507935,67.8002716553126
1793.37919433251,2756.79420150895
4409.35118975668,5946.07781970891
3965.58042932716,4806.82881133175
4040.66601445176,4919.07150940621
3828.86331209982,4034.99703994262
4552.00948868658,5965.11645457217
3803.21170988036,3368.98564106151
3935.61392689991,5849.35052653857
2785.45486852159,435.331157599412
4251.19781882836,2705.87291493244
3965.40505593493,4993.91900327552
7041.17908955586,2353.00464717022
4223.69142973401,5076.49544543975
4260.71330158935,4537.90090534889
3685.07148195303,5254.5492206496
4297.5501827403,5942.21334556145
2877.74756916121,4071.71017862639
4720.29679856172,6125.60947402428
4711.72808836722,7709.22564957141
8402.07417512407,5926.86877417912
4295.75372633276,1685.91369883091
3447.57102422401,3215.19910590514
4084.21963129696,5838.89331615814
3063.15482159662,2517.41880337355
3687.66211219787,5529.33071188504
2633.29411414076,3619.49989224347
3431.35679349212,3600.40459477645
6517.99472885334,3817.55852656726
8899.83951017082,2802.94166371872
3968.80487335425,3518.11231134152
4298.15192447837,3179.84967540887
6427.14526712213,1396.64011240104
4898.97983624127,5032.22334627233
8258.956547776,2199.78621804483
4004.65887884265,4817.79725371178
4299.75785972923,5408.33617866122
3461.66011861791,5586.21954320453
3755.59167829297,6207.21969193784
3475.1608389936,4267.38179505299
2917.24723649356,2111.18556853386
3198.45512003293,2961.21807594017
4282.67976723707,5253.7538299207
4389.17561657883,2044.12410841849
3958.33348751925,2879.66452063037
4044.61145828346,6865.84296385709
8648.82533376378,1987.91755404799
3939.55003592409,3795.90580053652
4856.23569863328,4159.79938471015
4158.25635260326,6181.5320810931
4409.20779758472,5987.28083545776
3904.83325409257,6260.58487044293
4161.83219744741,6158.40147595683
4436.4143178855,2209.7886476018
2814.73686423959,3084.82712318672
3255.74073222213,6573.15947267559
3189.83807417472,5007.21737809372
2783.99925047985,3534.36602151552
1894.11275359069,2618.12474160937
2823.98017439044,5223.51925655187
4259.86881399058,4627.3542424754
3618.81415633521,3890.81481612352
4452.48195221599,6433.6375365881
3296.19886742905,3525.78459703269
3513.91877819712,7280.88511930515
4460.70597283732,5212.039159317
4587.1339550259,8105.85457307383
4311.64552013771,5498.92572784968
4315.75256603099,6275.5886204922
4096.54235752666,6289.45531276901
4128.90582126874,4267.04097371993
3403.17388267255,2510.42858320376
4277.01469715304,5130.20144527791
3911.35540244362,4914.18414840431
3616.79102588076,5275.40655595144
4110.21107590625,3042.6010091558
4030.22862098285,1283.37442175834
3691.11380695747,804.453320534802
3944.57809195104,6264.44934459039
3651.19129319984,4587.5153577693
4625.65194318266,2071.4602204629
3825.42555429894,2415.34915695022
3384.20712218441,3909.45554419471
3859.99019205425,5531.71772978223
3801.61003582218,6219.66601342338
3558.26224519001,6565.8850937765
5463.09304661397,4990.90700531596
3685.18850035415,2082.65615896847
3230.07903851432,3151.5475505414
3652.87048404883,393.048328107831
2816.22108070588,1513.71350887364
3657.62854794288,1253.65139753054
3449.18178335849,7406.42661505306
8705.97664757831,3089.94198031416
4294.36820340907,5044.49925709135
3102.89596905925,4368.14481874783
7009.49100098292,1900.62395012076
4031.44449357265,4303.01538427856
5028.34994353114,6989.56575916641
4006.29859863407,5249.20729025186
4912.4447672358,6068.03900003866
3993.47951399392,370.088318637268
4265.48976237376,7669.10260613601
4636.58161267171,6504.39306018441
3579.77737262178,6877.49347175848
4131.52203532274,1364.24601726057
4257.52009734514,5031.03004875136
3920.32162174088,5094.45410798956
4067.95194650254,6200.62737856012
4066.07922219427,5964.88938130188
3650.04828729662,3761.40884622815
4512.48269594118,5054.61522328346
3613.04097438811,5169.1878537961
3280.39246615554,5488.41185486549
4289.04176477029,6315.59791586483
4425.49142801543,6460.68927847559
3821.62200284654,5787.63099682093
3088.44097433799,4005.10328790686
4606.90074313918,5456.13150778778
4706.40718422836,5936.41642291263
4160.52290255643,6023.99439699679
4023.94080364507,5867.70709588046
3986.12983730836,6166.9262378359
3949.97386721184,3981.461450771
4060.64839008341,7155.34362355724
4084.24852281401,4753.00906343083
3770.47986234711,4811.14785487505
4976.98033920822,5320.01947645192
4930.23616926581,6062.35582545261
4897.96667589611,6890.79184657669
3838.01278058632,1158.06042213597
3217.71184944105,5348.54909744494
7884.29996983427,2182.22525085946
4826.18884361893,5549.79014039481
3578.14733535676,40.2368749129778
8804.13637776562,3239.92091535445
3512.21241452418,4531.64941330424
4410.52472880767,5346.84414506912
4355.93835570706,5806.10131422559
4844.28256626653,5809.56830443623
4638.56968718001,4118.19846216922
3567.35215750456,6634.36734753838
4873.35383620105,5596.44925745942
4023.90384644861,5407.65411313984
4510.37826406132,6876.41349944503
3044.33736420544,3535.50265643273
4373.38185532323,5184.6461732412
5903.03241062531,5523.19296790315
2546.31203624821,3824.71958025883
3579.37209166872,1734.56160985919
5091.01743075403,6235.23808093126
2574.09549240965,3469.52116863081
3559.12495985815,5063.4808064956
3919.19048394065,6835.09673563341
4353.72110937994,6088.72550181873
4425.95444733081,7034.68991166648
3377.62232857068,3989.19039906592
4433.99185263456,3185.305565297
4131.66583699129,1203.35530244401
2961.39847709437,2510.25817253723
3493.31114907619,3251.74183392238
4044.36994793513,6079.06410502244
3991.16887620464,3693.26783665458
8157.55029674082,1903.06784204934
4565.5444639366,5825.6516039437
4943.54155761642,6339.80849331455
4132.5948564836,2321.12199545696
3791.39025814123,2994.63505793508
4697.60811155868,5908.51220483723
4051.29658318109,5384.01185314873
4792.92792489502,4880.53967028385
3567.55125063162,4147.92180353845
4801.16468732285,5946.93029589682
4450.84798187252,4152.12709901898
4443.31696033428,5015.11715991043
3812.98827964417,2886.14329737294
4496.25324392003,3509.53067543106
3475.63651080919,1672.44449049092
4901.27999877568,3763.73920152158
4245.15569706261,5444.93556928222
3193.14853781857,2073.44933156802
3815.65871014419,5499.72154143382
2319.49523613588,1731.54950618583
4423.82831851007,6768.03527551804
3697.28545760329,7510.99702743635
4266.22084405794,5726.70728068744
2102.45438704874,1653.2922132787
2677.23714190381,1350.32223952475
2857.73647249067,3605.00779704905
4825.26807757446,6131.1222379438
3984.77793252834,2363.97308955024
4671.46440727808,5657.20214007112
4419.19199328591,6692.84696031567
4350.20893305385,6500.69899670348
3868.97534972794,5701.75839796784
3877.79977009057,5200.67281014491
4107.64777244,914.593265155183
4066.34299049481,2297.25266219556
3977.60808959284,2299.01448860276
3967.27581461586,4514.0886575465
4250.56926765803,6293.20646170895
4328.72084405415,5506.59801354084
4336.66533704292,2488.09379165164
3102.83411815691,4813.76236889778
4404.73871599632,4426.90859025442
3714.2288258959,1356.85789029871
3654.07480039192,6670.91007555562
3954.90622633823,3274.47453226658
4029.23358361623,6866.92251331528
4567.41417757558,4883.49500563965
3533.39096926559,2519.86269530212
4512.97130266703,8679.7418810572
3804.67516187688,4449.86878472416
4021.39663770379,7067.87982039111
4987.31143373864,6344.80960237922
3243.40669506716,1766.61477795279
3565.70242124721,4121.21088298403
1790.48653365172,1409.82505629791
4210.2663329064,5942.55458974976
3129.96512265549,2815.21715168248
4598.15827773678,6955.58003685764
3880.06401744202,6193.23925159826
4154.9792094131,6319.80363420061
4911.14900448406,4954.53468796525
8155.28832567,38.7592501813165
3183.79767798836,2978.55175842761
3781.25569690162,3827.44741948909
4657.44166036562,5360.93833347147
7911.45326013785,4797.56532132755
4723.28442592003,5070.86893345746
2887.78250315149,131.735979141243
5104.64527645045,6334.06823326949
2596.54308897987,3255.776930164
4601.6574833955,4134.3388471357
4274.4388229383,5721.93366774832
5044.36429735288,5599.91582481481
8329.69198153102,2963.88904113903
4339.24235202534,4221.23475569848
5197.94532840221,4753.46363282666
4620.24884475124,3619.84113643179
4826.03979438668,4583.36630203728
4041.70082525845,4174.85979736317
4369.56951158936,5465.1679245217
4596.77123180868,6671.08048622216
3063.69408575955,4758.74932347589
3636.07746509618,2210.92528251901
3522.73366661381,5502.73353939338
3531.04828966794,3402.17554978613
7536.64327376804,2561.2361217175
3682.19882387632,4994.94189012996
3898.97836464996,591.959412191071
3951.4881402009,4065.85659337382
4279.08118274128,7170.40403621027
4271.97895621385,5093.60163180166
4586.55221005532,2871.48058008436
3956.51422210799,3107.95751689536
4463.84093129463,4312.62011847109
4181.5434283013,7590.10647938994
3737.11603818966,2205.98104748572
4373.56101940059,5885.94991715957
3947.86843793368,7814.53521293509
8145.49293405104,1040.98702566337
4015.67458974349,6281.21470961924
4320.53341865969,3763.45504279228
3999.04717133381,6187.32858088667
3633.24310438255,3279.58938939402
4496.11263914795,5155.54823478958
3532.77922263065,1595.26706418344
4667.66011746323,5062.6854157667
3382.71717288869,1005.06938342231
4522.15752716912,5725.17316183341
4505.60350770175,6279.56684270243
3913.77008453623,4881.39214647176
4198.31643182707,3235.31750165423
4804.05534993351,5096.72737782398
3945.62967340887,5700.84883632093
4443.23668717086,2740.31299520941
4039.48602793428,6400.05014392666
4596.98521178432,3679.7986283146
3621.37166529101,6146.35306126336
4342.7810559072,5830.48230234184
4807.05117458158,6262.0623266932
3971.65230546733,5131.62223892442
3701.14292543723,5817.808907586
3389.94327848763,4653.78100430052
1967.73285772225,3841.03037589184
3666.5766724295,6039.90728583772
3906.52458643229,4454.9836418516
4485.07519270263,6211.14125154431
4843.12740953234,3850.29386589605
3862.69889780268,4407.01747920325
3923.95818957034,5368.26979782957
3122.21828812177,4625.76303816235
3407.68410778693,3708.89656676622
3860.95169485828,6866.63835458598
4329.66741806713,1366.00773795396
3410.96320571305,1909.6034928233
8365.48181056606,2491.90139176771
8878.92923105948,4344.27548548643
4589.27789310046,5646.57451902416
4291.49776702352,1626.69504078705
3896.66888400838,1128.73530470025
4621.46540156763,6560.37232985698
3022.04275766608,2127.21220543756
4020.3187625086,2773.67331460057
4519.31359394965,4566.60093700844
3879.99382341387,6382.0910585216
4091.40181024945,4610.87303617586
4419.12154688938,6122.14290666889
4161.30514031967,3550.73347975229
3878.41941931059,4789.89303563638
7800.97217373421,3193.77345314469
3933.33913781359,5947.21445462612
4445.19714056036,4062.04878183011
3266.82657828744,3488.90062482713
4090.6841163023,4490.33307234787
3417.46656845103,4693.39281573633
3853.15177414648,757.396666676465
3921.25361821869,2405.7444227577
4176.81234171695,6501.94937968346
3473.2379232507,6688.69832743891
4348.81116896432,9055.6838799243
3448.11010087743,1932.9045086261
3831.37154403091,3977.36948049799
3940.05227098444,1695.00677816858
4030.92317481435,4457.19982622701
3236.16790137003,957.78539200915
5255.77410974641,5067.85693549791
4542.16563885073,3857.73865546167
3519.17941626577,4025.05148441704
4885.26449322875,5718.18251880837
3718.60919200902,534.729865252327
3706.64075768603,1204.71932777295
4070.45124910504,4599.67709767029
3437.12152774165,3086.98664495837
4393.04824511061,3824.32167346676
4404.19133193874,4266.92722565716
4559.38244307428,6169.82448773269
3698.21614906293,6811.11407716449
4314.57083053479,2657.90696371171
3749.76806053944,5405.43750590918
3980.62063034665,4028.29097850214
3750.09067655035,4674.97916093543
3828.39204918559,2560.9519629882
4309.42112667383,5793.48458207351
3180.54134956047,5560.8723308376
3189.28195516145,23.1873511548326
4052.29498284397,4728.34433944053
3366.84515490802,5788.08556621677
3675.78819613011,6039.11147225358
3152.91349386492,5130.88351079928
3552.59986597038,2045.60177609638
4092.03374604194,3210.48194414215
4428.17164018396,2502.81317154398
3882.5417481821,3373.30489603243
4661.18469228271,5704.54289980186
3970.38422827359,1905.56839658168
4199.54899748873,6138.62411296843
3843.42192235754,3580.28598759974
4155.71358816041,4033.40583562958
3897.69282002131,5335.76195462633
3973.81960805459,1980.58630111752
3550.12069138695,2985.59885262879
3155.53356036125,5298.08259169188
3237.76281883129,5583.3208704525
4447.54243216218,6560.88356185658
4221.31266916293,5314.50671253241
2347.15057317038,1363.84821618231
8809.04846347983,820.138871820914
3684.7885804984,4842.2919898908
3916.57658132204,6172.15484302612
4819.67083842983,6977.858165806
4246.7632514107,4083.81525592363
4875.6270204537,3726.62773319049
4102.54071965426,6307.86896756991
4017.63373122749,2874.32216737739
4267.56249399838,6698.92804169379
4392.82278850718,7068.56188591248
4081.26975809251,5047.45459244714
3649.3397200461,2964.57110666041
4261.50758960688,4534.03643120143
3910.89700138618,2754.80509040384
4572.24223962419,5360.48376407564
4263.05747067453,4569.95417915631
4215.54333263053,4842.40531509832
5109.94457241563,6540.08331201374
3847.42474470964,5180.15671903137
3819.07643527695,1012.00283527453
3650.19697651214,5471.30566850358
1876.48740700106,2878.12997892109
4297.51565301092,6127.3144264001
3472.94438164031,4440.88945344925
3998.42104738228,4421.85081858599
4425.8949094379,6787.69931329892
4488.76416506221,5939.99716118604
4036.33550626919,5400.43639684451
3828.27618573734,4943.67957079275
3730.51514639334,4278.97564035063
3611.40483833419,1680.85561002104
3968.86959045197,6770.30854535246
4031.9316571904,4271.2466920557
4882.47484620509,4081.08741669337
3450.40304372776,5801.83893328606
8166.81296150597,5065.07243366389
4423.67327419691,5288.19369877005
4409.05507358348,3995.04440717375
4060.88742506759,6752.12238667711
3470.26923793552,789.392907881774
3962.16103858229,393.105175710764
4064.39365751348,5247.16109368773
2457.3360267445,1858.22742542332
4117.44724519816,1712.90877811464
4957.44483612094,7955.64877619088
7542.12547450227,472.328640011659
2936.09387098141,385.489711194077
4715.2469375229,5279.66893689098
3778.02006541798,6520.81718102494
4500.56362199984,5838.77956809537
3125.39700258421,5009.03607853231
4033.31115700178,6395.44651879881
4995.25027566796,3820.7413580486
3723.23258957459,357.812645674331
3705.37745362137,2467.52061507909
3416.81593086676,5445.04931734499
2974.13579231884,4363.08662422415
3195.15544590201,1404.48291447255
8311.25516219895,4348.82202515526
3954.60700475114,2617.95433094284
3845.55764642942,6853.39664237154
2908.7395566178,2180.23613975435
4857.20033976664,5927.38042903396
3778.04117530258,6325.88471557873
2115.82474229374,3654.73557467697
3903.11963114318,7050.09156850782
3436.26584463321,6370.66804674574
3482.5890434544,3737.99408236258
4521.84466962119,1991.38433283101
3268.72353087797,3744.01850113695
3196.5576924596,5061.26462212019
4161.90419580579,4366.55319157953
4055.21034153073,7637.90180851651
4779.72066081028,5994.32814108656
4587.20627657289,4382.75023914977
3565.06208234649,4070.23272237612
3943.78269144259,3559.71323388245
2687.56826690822,1573.10268329785
4646.41247508372,6812.42112274823
3563.56079413278,5948.74899633541
3819.85978625923,6934.32521761897
4952.24351658973,7428.87515466795
4316.65073996672,4290.34198952273
4119.90287589359,190.670504884256
4128.71117338568,1783.15285828372
4826.45831682033,4580.12723080743
3966.09782784134,6046.67000988197
3886.63955714398,6204.03728331175
3021.41608457698,705.11146048482
3208.08218434053,2079.3029168206
4276.84039155752,4706.46411728424
3370.65298463103,2316.23463445506
4423.60396757707,4455.43821124743
4134.40850502296,5317.51871049196
2553.98647073124,2011.04815918426
8120.80860987826,161.288486988695
4421.92258677134,4754.03195028526
3699.82081309679,5164.13008212767
3709.16622589739,5528.02366630129
4362.81433088637,6034.22411125167
3707.54620771536,7525.31828910899
4291.64399347943,5554.73458685572
3994.7339983612,2528.6716159105
3928.28461716126,5404.98293651335
4210.22377996102,5028.58636825041
4126.95190635046,5452.09662297379
3069.7845807543,1988.71315620451
3964.8141726536,1214.7785256475
3800.94509266146,5980.97268080935
4167.25137062006,5332.86328187429
6535.51360640462,1071.39200969873
4559.46565582564,5307.91439915469
4472.39487649318,5931.52906191073
3132.05194076296,2195.52383710529
3358.85592674927,3451.56229465337
3989.06649834544,4473.16980052695
4021.81221457355,5896.57753820653
5069.33544008416,6452.73283405513
4514.6691020524,5949.88563125262
3932.40447027796,5246.64986168814
3025.40050794101,998.988407758001
3125.37148105806,4607.40646882047
3582.54180730528,3107.44607346814
3428.01338477616,6128.11023998424
3664.89444831193,4183.27081117947
2827.00403231297,902.772240873439
3568.38153897886,4685.20887519032
4751.05122974539,5757.28309824459
4727.06896222074,5048.76163803088
4579.58911062895,6445.91302455187
4484.31804691654,6295.3659834806
4283.42630331778,4430.20474694328
3823.28293243321,6651.01896450446
4201.57420746286,6064.00369236942
4618.34409754631,5785.24397892374
4671.17662274987,6424.03280239558
3502.98875615097,2900.52164450459
4153.88626307288,5681.35563206183
4371.23013701292,5529.10363861474
2918.60451735658,3860.864401484
4320.02660204664,6432.38715360812
3807.26503183771,3808.97710208443
4430.16663854266,3915.42287751006
3283.54034270996,4337.910245379
4927.0838537359,6099.06896413639
4281.84262910124,2914.27501157388
4157.61665165468,4490.38973495163
7329.74999203725,2296.91184086249
2297.58341629969,1077.35934301408
3477.9270555705,1811.05707635912
3374.8506019495,3994.70316298544
3163.92721684627,946.930486264273
5027.16053111632,5744.78011415528
3919.3984161375,853.499138355162
4202.33610011469,5646.06328702457
3967.05644412651,7155.34362355724
3485.09389885707,5319.96281384816
4453.42529279391,5653.33766592366
4109.68693732796,8282.88546142924
7634.3997514663,2192.45496511435
3898.75145740935,6068.66398010103
3472.51321224807,4452.99453074648
3558.97723739862,7572.65947169497
3472.68112872999,870.037165829182
4933.15344650169,5224.31464728077
3656.62241857568,3896.6684013761
8429.58679525902,2207.85641052807
4495.71120119054,5501.93772580923
3332.21374947553,1168.06285169294
3244.11081486225,1702.96322258905
4093.63208434252,5183.85078251231
4757.52375467665,3813.75113787881
3610.54753897461,3648.0865986955
4094.61810118292,5912.32001638094
3565.08980909333,1393.62800872768
8051.69100736303,2411.08677601068
4452.80870313175,5209.53839335704
4642.53790871694,5084.79271119328
8202.18221016275,5135.60046113465
2940.29705286918,2931.60869406133
4015.92500760277,5100.876433556
4202.47911023325,5724.77525504134
3095.10861927777,3534.65018024482
4469.81161666099,5306.77776423748
3502.52633847021,3669.00059660111
3873.08687649515,2885.23394715365
4586.5359065573,1707.90756333615
3747.43604109611,5175.15518711145
4144.36048224105,5430.15931535849
4358.70118987478,5538.42379122271
2676.89285886698,2118.57369549572
4385.87476849183,6053.48981938523
4658.68134880642,5623.33058868038
4500.37893115266,3628.42256091462
3760.20118073559,4305.45906477951
3414.61562630158,248.752541225135
3928.10059339591,5641.85756868879
4027.12251445774,4295.911416046
2638.50327511768,5100.70560003422
4515.84868114905,6709.32816661521
9637.5725322712,2559.4742953103
7677.03413272795,6119.81255137546
3579.91833767134,5989.38369462565
4154.93779313814,5590.87940808089
8247.77966866952,4580.58180020327
3999.11102658442,5259.32325644398
4697.26314930011,2594.53956707727
4095.88623988489,4234.02189851709
3908.89932694575,4462.25802075069
3917.6301740055,3318.68954597498
4771.06421840467,8456.22228630372
3841.12957888404,6853.62413849708
4261.03362771943,5488.12769613618
3817.49785380117,4847.80433095506
3952.46939982763,3138.4193749621
3552.05076932995,6916.76403900598
3835.76026992983,2886.93889952946
4262.66595115532,5309.22144473843
3707.96376109748,6665.51105969888
5935.28519474148,581.16138047758
3756.88721013509,2573.85285386958
4155.0408900977,5783.59611200694
3466.65472891941,2459.0527272314
4739.78135399999,6671.70546628452
3983.51454084594,6708.70318655285
3805.31109899099,4651.39398640333
4108.451999958,5819.57052256558
4097.78150874246,6390.44540973414
4317.51254520488,5115.82309814625
4484.70330655767,2720.36501012686
4371.60797857902,6792.81417042636
4024.55900785855,5756.77144338974
4035.52575579725,6442.16229846718
4268.5949782338,5093.60163180166
4357.58643732517,5649.07528498413
4026.13321139954,6331.45414210201
3554.21339620342,5513.24741237757
3416.63765557251,7508.49626147639
4118.84319089343,4499.19865556001
3527.51016788445,4592.74354010426
4284.16961332097,7061.51458028368
3476.58539434387,5026.8814158746
3798.1007718863,5042.11223919416
4659.9446915928,4751.64535524332
4883.43421677165,1624.1943805409
2491.49426677815,3959.80872474025
3879.8733222264,7283.38588526511
3035.71058490189,7661.31699523733
1880.01744242251,1892.04231421031
4082.32454140085,4982.43890604065
5184.08813020688,4397.35608240697
3810.58850729214,2705.92978896382
4141.58538363867,7730.59506258336
4471.21946085947,5719.20582851806
3810.17868473601,4937.25766808156
4139.06919810733,4553.58672091954
3366.29863085479,6473.87432808628
3633.21810174127,5967.56055792838
3760.71159394221,6159.8789322071
3521.39769336578,2560.6678042589
4152.02517878769,5716.02299703672
1621.12682072078,1659.08903021371
4060.2039070449,4214.24411267344
3572.52562436468,3774.87805456814
3323.38186030488,1904.77279442516
3635.59030281794,5574.28487657383
4084.7072655713,6120.8354382299
3965.05793096811,2026.10857183729
3831.98269028271,2112.72011024314
3985.56385694643,5548.42643220731
4123.67506284542,4259.53909869529
4068.20583818352,5961.19531782095
3337.08914029346,936.473487311469
3881.32110682321,4854.39706718803
3173.18340612939,4757.27144437036
4621.07074929925,5027.22223720766
3452.97795064484,2023.4373952108
4679.82303206295,6101.34223397081
3498.50681924919,4618.54532186702
4011.92029579685,4339.84227102511
3220.05139893792,2036.11078996663
3753.90305741411,4295.79766798323
7956.32506338958,1297.1845571452
3470.08957220526,3262.25570690657
6876.82232251564,2094.98852096362
4018.22629566898,3739.30155080158
4556.10771761798,5927.5508397005
3964.6622083028,5764.10290774785
4400.72462923883,6304.79988415134
4331.25399975109,5787.51724875816
4994.06826096786,5857.81820295863
3934.624805888,6912.61540612921
2157.68376875199,4227.37249968036
4281.26888230372,6520.6467703584
3943.20512371402,1855.32917552653
2661.85687693204,791.836694096537
4896.39456601064,6206.14014247964
3525.54201954319,4446.68595324282
4580.05414700357,4619.68195678423
4122.6780383476,6210.0046166271
3475.1149226783,67.5729407076025
3616.67810084127,1083.61083505874
4027.35347496228,5755.86230459807
3667.50593897789,5461.01886878968
3975.18304407109,6835.60839048826
3723.34345343176,4939.53093791598
3139.73900697771,616.226599387642
8826.8062273327,377.021796917937
4019.49536629462,4044.43094061336
3447.54072515193,3076.41589794279
3166.80201769701,4259.08452929946
4129.65423074973,1731.83366491513
4405.56727028382,6376.74912812386
4358.57506181189,6624.7059507421
3983.80133058074,5450.67582932728
4439.98005339819,4238.85259691523
4103.42668090847,6941.59959651806
4062.78174375024,2179.09950483714
4034.07443881553,2346.58274445903
2545.32520233425,999.670367565564
3357.32275266078,4937.25766808156
3476.26143624683,4818.13849790009
9023.01458189484,2343.79781976977
4692.08359781544,6040.07769650426
4531.38963775261,4249.0252257111
4858.44876024712,5357.18760738678
7631.73629358568,3013.67369279834
3395.41632209545,4390.30919963342
4050.82090734943,5315.98459163793
4908.32790372783,6213.35785877497
4053.63862919224,6513.08823273001
3997.62813329649,6490.07137565652
4014.1773942815,3363.75724729892
1585.49861700471,1666.59090523834
3942.42162570681,5336.671093418
3949.93711407718,4472.14691367252
4057.16926589504,5764.10290774785
3533.59488254922,5615.99912432227
4411.48405078063,5857.30697095904
4330.95978743431,5420.27084529192
7718.30501332522,5840.20036174188
4222.47966539273,5202.15026639518
1666.66208541638,1250.8666842689
4508.52952642827,4401.90262207581
4020.2552048673,4877.35683880251
3667.93319011358,5088.99842952906
3707.76846603962,4379.96573731576
1714.1117322131,5447.66340851247
3909.14492112436,5208.74300262815
4954.12627230484,6720.63785318355
3653.55497463541,2253.03764848715
3164.6480643408,4487.71855832514
2854.25422092002,2061.51466493732
5176.91147759651,4227.48624774313
3345.56053208878,2881.42613560995
2795.33343957529,6110.88988270432
3838.50090882885,6612.99835738169
3757.92193506675,3334.71618287869
3702.82191687115,110.708233172864
4689.77726214676,6515.70232389749
3917.34466538199,371.452264680847
3928.10607567188,949.487914827994
4690.36301916548,5132.24721898678
2685.38682794885,1284.39741432659
4628.0492812933,7090.83959200559
2394.21915519801,2521.39702558378
3691.19542876488,3081.75803976815
4644.49885169206,6092.3629026959
3844.89640402374,3461.3372280848
4060.14323577145,5467.44119435612
3355.86936400059,1542.52718288214
9037.29956125153,4628.71837351815
4365.76458896922,4787.05144834336
1498.75862150844,977.505986679976
3698.42709428836,3827.56116755186
4001.54818783091,2157.04887201432
4054.5539643247,4235.84017610042
7978.43332060424,93.3177229038242
4300.97660466445,6037.17944660747
4262.41524669773,4230.15700151437
4198.38866063003,640.948408836953
4102.09345308633,6638.17473622684
4397.23252315461,5414.81474397616
3912.17397017636,2273.15604423624
4055.66102274682,5153.90036787278
3788.86978335256,6730.07175385429
4412.83082114003,2155.51433030503
3343.82519433253,3709.74904295412
3961.23188190554,5051.0349078653
3845.46846358463,3950.65855994356
3442.73058934939,6026.83598428981
3834.78631826916,2115.67523417131
4191.42794924513,5341.3313811496
4440.36438847569,5600.08623548134
4557.42020395973,4989.77037039875
4556.14021159044,6043.08969446381
4126.99678728764,2353.40255396229
4613.50813491981,7870.28698648213
4049.92158252278,3440.30948211642
3235.96052554064,857.250023010573
5668.80633804248,3750.21290772259
4576.65688592606,5106.27544941274
4279.62138601951,5062.1170983081
4665.45964578834,4450.09585799445
4905.26730147242,7373.63419026526
3923.71446110762,5666.52271553434
4191.80698633523,4910.43299946436
3666.86671361745,4026.81309939661
3900.72520110816,5986.25794860333
3728.86881362913,2473.77210712374
4561.80089110795,4804.44179343456
7920.26202748152,1883.57442636262
4168.96418031899,4994.99855273372
3852.88299179254,1656.53160164999
4367.32991808318,4379.62449312745
4101.16461645813,1330.43112847358
3394.21178533069,5104.39966351515
3817.95767997472,5064.0491239542
3844.13292851831,5915.10451821495
4423.77991223433,4666.3977364526
6964.30473348144,3695.19986230069
4126.04345057065,4803.58931724666
4398.07407793198,3484.52470725245
4289.02284302511,6959.67200713064
4088.45311508342,4204.8102120027
4198.01866817453,5485.62735303147
3733.61732661383,5416.69010701851
4197.3311673262,6570.88620284117
4262.59795248841,5136.3962747188
4778.2951697818,5936.35976030887
4474.55559784832,6173.17772988056
4755.99884488574,6710.06689474035
4437.87154015666,3213.60769016447
4561.70465136233,6882.60832888593
4207.83654361964,4981.30227112344
3690.69291402395,4908.27347769272
3846.64339295953,6147.83051751363
8634.5270515549,948.351279910785
3853.75260163125,5662.71490399064
3343.96613644492,2866.25218632177
3823.36885711309,2809.47731449267
4175.81827479398,5772.85474289721
4639.78635175635,7064.12867145116
4492.02998792327,5130.03103461138
6879.60322832294,751.997650819719
3591.94058755739,4608.42935567491
3402.11647048453,4766.76243050011
3934.3237194332,5764.10290774785
4543.65892831187,6261.66484275638
4305.80049923369,3111.87886507421
3780.9793848004,1380.04526375255
3695.4576782549,1951.14732990521
4516.8201828895,5734.26624117109
3617.16686150516,6524.96623675695
3920.75581812571,5010.45687217882
4497.93041372953,3868.65043523794
3861.68022691881,5221.75721871705
3264.64080860351,7377.27159114243
4347.52819917367,4337.910245379
4282.50715126009,3078.85978987137
4319.16599494476,4826.43576365362
3996.30346354272,5520.57887673567
2574.10193506264,4739.42652988332
4378.75627723496,6836.34711861339
3421.42417600549,550.244953015002
4016.40325898622,5232.1006810347
3287.58253174699,1461.08726992131
6221.69430846522,1656.41795930103
4163.58380524948,2127.21220543756
8476.04732230662,5470.68026558597
4409.06662408263,5806.04465162183
3797.04400487327,7463.71250745412
3450.47092775826,5924.5955043447
3850.28634947107,7499.34651953495
3823.38072653011,6391.75245531788
5077.15408910594,6521.27217327602
4485.59536891542,6567.47629808954
4397.0106332172,2826.64037488596
4224.88497347207,6199.03617424708
7855.0870035109,2162.95933129828
4254.13597682265,2796.40601294476
3702.65575413283,4174.06440663428
2908.68072048767,5668.39807857669
3711.61027241174,5623.10309255483
4822.27580200646,5471.53274177387
4229.58687912746,6926.02752901019
4106.93460373645,5248.07065533465
5006.59971729465,7262.07398056743
3753.5464997429,5493.24255326363
4278.83475105471,6764.11413876682
3290.01124516695,6367.99687011925
4223.9659054626,5830.02773294601
3589.08016694687,2647.16580602961
9001.29139661635,8720.71740068051
4420.31313950783,1869.25295326235
4458.10338582601,6540.53788140957
2934.47180229848,1445.1176127628
4089.52455953978,4276.53195984968
3393.52413850761,2091.57861621199
4223.73947572922,5384.29601187803
3944.22351040932,4705.78205176286
4273.63362087063,6560.42899246074
3898.71173346128,5278.9868713696
4847.52507225935,4961.5815707388
4559.78034896163,5739.09693956923
7309.24408763375,2278.21402733229
1796.86121915676,1885.73415956189
4746.78706113173,5572.46617613524
3520.92192303427,5749.66747515718
3660.98136941304,5408.73366259804
4269.87888055593,4658.49795463589
3854.34537083618,970.060985686727
3014.12963511773,1797.81536414467
4115.72634095508,2422.6804098807
4685.61884836984,5003.40998940527
4362.50331828494,8272.71240977811
4642.66133424667,5191.69347887
3983.62820352694,8673.03539676146
2640.99829283804,2194.89885704293
4985.51593201326,5484.6611287808
2436.20122762351,1971.20906305054
3782.49748260764,4110.92408327013
4184.54473004817,2424.7263950172
4487.7413697347,3766.75119948114
3650.26648078382,5692.38115990086
4322.76004842362,1506.89369937038
3894.92084385974,5564.22557298547
3907.16053120228,1270.18947786147
3994.03344515076,3871.09411573889
4764.69307072565,2433.7057262921
4126.75281258707,4015.95840507936
3564.91307003711,1837.71133430978
3973.60356682225,5801.49811195299
5151.85648531493,6875.22020192406
3867.63069229668,5072.28972710397
3921.7111889535,6823.84413452409
3560.53516450365,4912.47919602849
3067.44838719301,523.193052556793
4163.73963677803,4595.07389539769
3912.34697568679,6349.46989011083
3320.42586621761,769.160816926823
3043.38652226823,6441.99188780065
4143.99084140358,3353.01608961682
3944.63923157979,2032.47360051709
2632.43853222162,6846.23601153522
3600.4873078499,5574.85319403243
2711.03757554613,423.907960824383
3766.12855707708,5176.57598075796
3914.31533394439,6039.22522031635
4026.22633188001,2979.29048655275
3809.76292038556,5771.4339492507
2625.34605361131,1948.24908000843
3430.98135588654,3160.92478860838
4347.41411462187,4107.91208531057
3887.93480624524,1765.64855370212
4244.77810955353,3017.42463031066
4490.0265080778,5687.77753477301
7939.38621964113,2582.71864850934
3244.06848009108,277.56624166209
4189.0342841082,5580.649693826
3190.80835676462,4413.38271931067
4496.92461811436,5245.51322677093
3188.70437010972,903.624717061346
3935.86394314194,3581.36595991319
3705.96738441958,4721.12662314519
2695.16586560767,2164.49387300757
4292.66288018751,5625.49011045202
4407.89556805181,5995.12395467071
3537.95111494169,4441.57109611537
3770.41054859199,2306.62990026254
4010.27933412718,4332.56789212602
8621.3135211295,4743.91598409315
4189.70627399261,5969.72007970003
3666.9262357027,2922.06083390019
4157.03246031259,5846.90642318237
4028.77862398077,6837.02918413477
2784.99609264999,5562.69103127619
3156.25846970441,2049.3527136087
4608.09666254267,5075.01798918948
4098.36167079225,5397.70855761425
4125.38972109635,4945.49827123133
5360.55442922503,6367.4852152644
4949.47380170719,7187.45355996841
3788.48709073445,5272.50830605466
4383.04187804273,5796.26950676278
8916.70361424138,3240.6027694482
4568.95051030855,5725.57064577024
3373.08150011104,4400.254755159
7411.34126014733,1777.92425309351
5504.96824439747,3553.29090831601
4090.22850604498,6866.46794391945
8084.71705878835,3280.44186558193
4972.23724939567,4455.15405251813
3556.03831961611,5057.68430670203
8031.33768039204,1201.53670771924
3823.51489103621,7019.856995139
4121.47762063653,5453.68782728683
4864.72118144118,4267.49554311576
3892.53039231451,449.766405190903
2774.76347645768,3762.03424914577
4674.60621726322,3041.52124826998
7539.30088071623,614.237488282525
4544.94989440642,4421.62332246044
4165.50105895843,6470.00985393882
4285.63155821098,6683.86762904076
4826.88613278323,7953.77299029328
4047.98816470548,4454.64239766329
4324.52421146315,6561.22480604489
3769.37500018525,2770.26340984894
4214.8509736499,5123.94995323325
3868.33759960563,2058.44579294638
5061.39241500861,5790.4159215102
4326.74872163807,4545.17570710324
4324.53513403388,6256.3224895034
3454.63889149722,6497.85740941045
4145.09564425319,5318.71243086818
3834.9345145696,3168.59707429955
4073.17478435189,3770.6156736286
4240.49309999492,4003.96665298965
4713.89753787995,6604.98525035746
4046.37846975256,4161.04976769013
4609.23315473848,3092.66981954441
4238.75965634205,7110.44654432746
2181.90508808761,129.349053743639
3940.73664692675,4448.44799107764
4802.35415402124,6730.58340870913
827.947424638816,5498.35741039107
4627.96566334586,4628.37712932983
5183.29123774011,6124.81366044014
3447.87527104275,4048.06834149053
4009.15078826696,4510.79250085764
7866.56502193089,1167.94910363017
3901.49297662238,4630.65039916425
5078.34376221103,6677.90029572541
3930.95283047589,6116.34598402007
4501.43956736759,6206.42430120894
2484.19163265035,619.352345409969
4806.24528859333,3967.08310363934
4238.73716489276,4943.90706691829
3249.06033598831,2378.35164810952
3211.10100648659,4752.04283918015
4936.06505095844,4279.14605101716
4355.77488042093,5416.74719247752
4648.63712094642,4130.24687686269
2424.47354569437,495.28862305377
4124.37434296175,5510.80373187662
3570.43981855834,916.582376260299
3613.66438012643,6979.39270751528
3498.14393923796,2840.67790068455
4506.34846502202,5378.61283729198
3422.61809722072,3759.70389385234
4331.05634240722,4659.0662720945
4178.22891830085,4385.36475317251
3947.95988209671,7233.54393671916
4751.35324738944,2866.19531229039
4640.11520884592,3791.75716765975
4209.17673233562,6582.82086947188
3502.5839183524,4820.29801967174
4895.98360787216,5641.45966189672
4369.77492860545,5027.50639593696
4964.46783592418,3531.69505631665
4269.64291987023,7280.20347663902
4446.49953646914,4083.47443459057
3887.56508720893,976.653510492068
3818.2845964075,3030.04115103511
3747.30377572291,2160.23149206803
3994.19197061406,5340.42224235794
3976.04082756047,4689.52791873361
4000.12497668097,3468.61181841152
3893.78384839549,4386.61513615249
8877.73305543264,4771.87728762756
3755.1940110134,2619.26137652658
3861.78919987479,4108.93497216501
3008.41207872663,875.833982764188
3179.37516670399,4141.84072216033
2840.22909477083,1761.61356317431
4167.00908258623,4403.49382638885
2791.6329722846,2863.41059902875
4239.90009720831,5967.84471665768
4623.72662802188,4850.7030037071
3698.81910870254,5079.84868758762
3418.12733553397,1782.86869955442
4698.71938060317,6194.43254911923
4294.6196536762,5509.49668629288
4182.47878287841,4871.21909482063
2363.67108071331,1458.30255665967
3953.85737059557,6512.80407400071
3790.14811339622,4186.73780139011
4136.28475254022,4545.40278037353
4438.92544351807,4892.75849564386
3462.67909009989,4956.35296554859
4449.20371663524,4088.58929171801
4479.26464390729,6518.31683792023
4354.87062839946,2057.4795686957
4276.70846656188,4585.3554131424
3926.75412129742,4969.76551128481
4232.76221309368,5121.67668339883
3848.4672777845,5450.10751186867
4227.28518263332,5069.16398108165
4860.23697861333,4550.85888168929
4170.58360276907,6543.54987936913
4323.81101508207,3705.77082074389
3742.02968361842,4297.50262035905
4233.36732399227,5659.36166184277
4872.80467109795,7165.28917908282
4009.98325631647,5561.95230315105
4887.14967852717,3409.90449808106
4004.86773685786,6312.41550723874
4090.94954629591,4788.07433519779
3898.12564802238,5579.2859856385
4435.05629575105,5617.53366603156
4093.28750707977,4015.84465701659
4254.66325051209,7131.07680635901
7984.42417250376,1063.0377642
4517.61650532935,5889.24607384843
4680.48802428033,6175.90556911081
3991.89867468128,5391.68413883989
4119.32289097758,6425.96525089694
3818.39516035739,5738.52862211063
8531.97662461936,7590.22065030796
5056.77793208845,7143.86394917762
5073.62977832368,6757.35099186732
3184.35269010238,1511.04243796096
3917.04887713817,4381.5569416288
3628.39730372644,5777.91293742089
3439.50517499264,6344.98001304575
4423.21843795746,6704.83871240538
2570.22975375458,3605.97402129973
3146.51787541795,5588.66322370548
3656.36835348701,4563.75934971541
4106.01775965546,6468.98696708438
4148.10613523191,4623.14852413962
3864.87861944504,3803.46433816491
8182.49866410854,658.73671357714
4013.27668050502,3358.01719868149
4630.88526438275,7155.45779447526
4684.37774813813,5963.69566092566
5100.88540112199,9740.84723887619
3409.9190886439,2393.18477606463
4170.75916682125,5454.65405153751
3993.53026565461,5309.16478213467
4512.6491443822,7154.88947701666
4854.17060470535,4608.37227021589
3964.00965708601,5942.55458974976
4313.28014529864,3071.92623230534
4038.70943904789,5482.16036282083
4460.10877403906,6014.95798026287
3563.18894873133,4552.96131800192
2566.58654057086,1116.0618042306
3652.52419387196,4887.92779724571
3855.08441552628,4251.01433681622
1244.78271689332,1407.26762773419
4288.69180330293,5279.55518882821
3673.00519800414,6025.58560130983
3892.20341237096,5323.31563314078
3132.17190681803,2843.06470715412
4897.58647907785,2086.0660637201
3612.90071854902,6891.36016403529
4102.53438456821,5529.61487061434
3342.28291309378,5360.42667861663
4539.75751311933,5915.9003317991
3742.0401275817,5684.87928487623
4404.7013704061,6166.41458298106
4498.24146881622,4420.65709820977
3788.76769024184,4696.12065496658
3724.24876767539,6145.50058507545
3838.7356917909,4543.18659599812
3186.70636208094,206.810718065788
2726.78273509402,6022.68735141305
3399.29576337465,1781.33415784513
4011.6974221177,5607.24728917291
4822.99920334455,7032.75788602038
3459.9460452416,796.155896210553
3544.00492908024,6659.88454771659
4020.93285718355,4491.41262180607
3909.68434313046,3437.86580161547
4542.29610443361,6519.56722090021
4263.09346966337,5231.8165223054
4382.82803475342,6078.77994629314
3656.62742895331,5646.40410835763
4067.8757769399,4940.26966604112
4354.97043328341,6825.89033108822
4406.22372377135,5269.7233813654
3453.97064415409,7799.07731634524
4559.11138672676,4356.38056278366
4218.89855698573,4638.20893679265
8484.1886273644,3876.55021705464
4283.55956865669,6972.28873928272
4169.22147734253,3735.77789798718
8541.51074666752,5301.94706583934
3597.66800359758,7134.88419504747
7088.95911394999,3726.00275312812
2925.19626281648,5093.20414786483
7476.85084274379,1058.0934234529
3851.67683096812,4760.79509718476
3586.44304413114,3877.45935584631
4404.75403392392,6289.51239822802
3947.62831786854,5627.08131476507
8548.03577281618,2137.78295245314
4364.57935200664,6755.30521815844
4392.79874144891,5904.47732002324
4603.68227220871,3786.01690761469
4099.5729482107,5259.60741517328
3866.30646783944,2050.26206382799
4373.46371527693,5244.14909572818
3936.10176403957,6470.57817139742
5198.85343041808,6524.22708577657
4563.31282363589,6833.50553132037
3926.78426188291,6299.9691857532
3667.88203764378,5656.12259061293
4822.05336582607,6936.93930878645
3493.41907929619,3455.02907343638
3405.36763081598,292.79714426701
4232.94785716255,4711.63563701544
4127.15483012137,2646.76789923753
3609.98005742501,5402.5392560124
3856.94477773133,5428.90893237851
2300.79372140651,1789.51788696352
4811.11081805996,4420.88459433531
1277.03114034451,1919.26488961958
3931.48154099619,2963.1503130139
4344.09807938793,5095.42033224024
4346.91923300979,6424.88527858349
3998.20547646798,4767.78531735455
4038.62816902325,5159.46979439606
2647.62465043655,3384.27354984008
4573.66481467856,4934.81398758061
3629.38794213368,6261.15318790154
3511.1549025491,6182.15706115546
4000.23980587286,6591.28854589194
4759.08182604924,4412.18942178971
4711.68155454156,4116.94850204449
4144.51254497274,3112.73134126211
4473.76476154437,6008.59274015545
3599.80304783742,4548.35811572932
3511.46573184452,5300.86709352589
3440.27381554364,4151.78627768592
3944.54978912876,5166.23294129555
3849.48164525029,5744.43886996697
2767.74644375128,1213.75553307924
3906.73327352275,3101.4218661214
4500.77002317344,2352.72048844091
3425.19560915656,6152.20664651594
4552.81171697201,5009.37732272062
3711.55798848937,5169.81325671371
4131.34023981503,2025.93794974313
2462.98043532719,1388.22899287093
4011.63751556203,5670.89884453665
3707.7077457718,1717.51208610105
3447.83719270267,6313.26798342665
2212.11589063315,3363.87078393407
4142.49767363399,4302.33331875719
2879.3124535757,1167.32401785399
4203.14550438216,6950.2381064599
773.481000103989,1847.71355243913
4386.99357417664,4486.52526080417
3535.3495729345,2379.14725026604
4478.27480798496,5553.20004514644
8598.27131598303,8355.2892747976
4184.16142190661,3788.17685224159
4701.74850030467,6419.88416951882
4003.33614429601,4117.34598598131
4054.2126465778,3224.23531121143
3741.79243521244,4561.99773473584
1488.19209082394,911.6380355132
3154.24412991589,3033.9058366102
3426.79521531482,1199.66123896308
960.464154868054,2546.23258309586
4677.36018167817,8165.92623587467
4054.41955003258,5297.85509556633
3703.81780015381,2284.80655213764
4069.93438766569,2454.33556546841
2100.36931628372,2163.86868151758
3055.35469007704,2220.58667931529
4096.82051583897,6087.93011108983
3124.18627983035,4585.52624666418
3426.42136495793,7034.74699712549
4240.75803448507,5434.76294048634
4035.34978646974,5027.39264787419
5166.70595815285,6360.49499509461
3380.28848411037,3655.13348146905
2567.98039613089,208.288332886779
4064.13609645486,3086.19104280184
7768.75129568607,1457.50684878933
3884.1979088828,3391.32064404126
3126.22737775594,412.598459255219
4600.24850546826,6124.30242844054
4225.71911688672,4993.12318969137
4279.99179216034,3641.09595567046
4760.47562180909,6614.02124423613
3852.52723465685,3361.25669276659
3086.97015832827,4267.438880512
4321.62002393165,6472.96518929461
4541.1167929786,5894.87258583072
4834.4619108476,4899.18039835504
3654.14173545794,6039.22522031635
4163.48553290829,4198.44497189527
4140.95182496889,7297.87798045953
3346.66678462425,5200.1044926863
4916.2343079398,6891.36016403529
4152.34233546471,7023.15315182785
4739.69665861422,6839.75702336502
3197.40876845816,3102.10393164278
3941.03828874939,1724.38876963569
3394.73810074803,3924.23179811844
3973.32409194834,5901.57864727121
2808.71149011573,3759.13557639373
3582.73752853494,1084.97486038768
4495.60450884188,7128.63270300281
7805.64812334008,3852.05548087562
4867.55256292095,6682.61724606078
3997.25394358707,4744.48430155175
4225.44197624839,1392.09357273221
4499.35582233567,5897.7708357275
4377.59851623401,5297.62759944079
4509.72580767042,3441.38945442987
4331.33647417391,5068.99357041512
3491.43481484885,3972.70919276638
3194.94859218634,4202.19612083522
3002.50571210719,2135.85050395178
7663.01679511976,2968.54932887064
4472.27625760294,6949.9539477306
7321.38116041094,2021.27787343915
3910.33355841134,5611.22551138314
3748.64669171985,5418.96337685293
4245.83783891936,5020.23201703787
4295.97429091806,6233.3056324299
4115.1146760731,4908.95554321409
903.842757769515,1873.62887083704
4577.43693442413,7207.23134581206
3664.92663376105,3150.01300883212
4632.09040423004,6705.52035507151
2539.58514985622,3047.94315098116
3569.32888080072,5518.87392435986
2952.44702693299,2624.7741404461
5107.12540489642,4857.74988648065
3882.82930701212,4477.03427467442
3967.97348397224,5498.75531718315
4317.16546772779,5139.12411394905
7269.53388821764,1411.58688270511
3884.81965649607,2705.36147150522
4187.92992803735,4614.33960353124
3671.76069382093,3788.34726290812
3259.07780707749,3879.67596307697
4269.58966782046,6094.52242446755
4250.05817231835,2599.4271395068
4034.48991563568,3220.02980430328
4330.74902140247,7074.35838570605
3668.77104225059,1201.9345087975
3351.3152697825,3134.27074208534
1861.32444140941,3088.80534539695
4222.97286624534,6519.56722090021
4237.57843297676,5817.58141146046
8207.93036670319,3228.83872491166
3228.64069740005,5487.67312674035
4367.56913241843,4309.55103505252
4269.16621081113,5477.8979818813
3791.79070120415,1183.69158180457
3728.74769171171,4603.03033981816
4294.45816358091,5492.61757320126
4300.73459849894,3288.85287939823
4818.40142109101,6164.19839860565
4025.76763586363,4646.44953994242
3415.62336670428,1672.72864922022
4342.18877190969,5272.90578999148
4420.94502200912,5303.25411142308
4477.71631553778,6171.81359883781
3955.93650676752,2966.95791312997
3843.21356032553,5292.00151031375
3185.91487866085,6634.93566499699
4095.18144563059,3758.62434439414
3951.86143499769,3403.82362813056
4120.31703609306,4770.96814883589
5091.31037829678,5271.31458567844
4236.346777526,4556.03040142049
2561.27324337158,6422.95325293738
3837.70942943937,2141.079109142
3630.55530015857,2698.65541006473
5026.48727906917,6430.73928669132
2932.86178953278,7457.63184893125
4383.23564984865,5004.37579080069
3917.98203961346,6263.48312033972
3706.87788114297,5640.26636437575
4244.4759015281,5433.17131331805
4454.2625910709,1629.138721288
3725.01520628011,5610.94135265384
8232.4177048325,517.3393615904
1571.37315896269,2640.68702928704
4611.78663578729,4594.90348473116
3873.28449408204,1457.67736516968
2935.88278442467,834.630967015338
4595.58531512728,6292.80855491688
3777.44700900389,3995.21481784028
4188.20517519305,4955.55757481969
3179.39447259449,76.2681991456791
4169.95771060684,3886.04078032914
4176.64728674481,6115.60725589494
4034.07962066912,5181.35001655234
3910.84957817334,6004.67160340422
4269.86652815911,4390.02504090412
4221.27194663627,6436.8770306732
3788.10504726979,1704.61130093348
3614.4027274984,6022.34610722473
8198.03389212137,3615.52167003324
3926.36532255276,5713.1814097437
4817.40289555381,6077.41623810564
1812.41474022108,3067.60697733442
4429.42386886222,5693.29029869253
4585.35049187277,4741.18814486289
3901.43925032729,3519.41935692526
4286.99631425969,2294.240664236
3900.17750914698,5290.18280987517
2628.38044436171,1932.2793171361
3798.16816032906,5652.42852713199
3857.77808486111,1682.27640366755
3892.05900528528,7364.03030178324
7133.31040656013,3410.52968957105
4449.68296150642,7236.55635753397
3594.65458037863,3931.27910374724
4390.05357756602,2201.49117042064
4560.77224571648,5926.01629799121
4498.82403122717,6975.81239209712
1402.36887353646,4379.11326112785
4177.12955090336,6276.27026315832
3937.97142179662,5317.91661728404
3995.26952415492,3017.19734561274
3753.39331265934,2476.2157876247
8121.92269096413,91.7832670870143
4056.60048574274,5653.79223531949
7586.47526147518,603.723615298336
3404.80499510004,241.932731721876
4154.86809775786,6502.97226653789
3710.3823052598,4023.68735337429
4565.56913058579,4913.6158309457
4832.18260801737,2274.86099661205
4226.98359869587,4129.28065261201
3623.34499701316,400.095475165912
4588.77885474326,5402.08468661656
4686.72138365654,3213.66456419586
4865.3030657585,5710.16941178415
2435.18693508826,867.536558439939
4593.24699224438,3798.91779849607
4341.89913752306,6195.05795203684
3640.87616587214,4831.26646205176
4623.37774652519,6973.70953292923
8121.49778213014,1502.68808674842
3534.07783395227,2094.81811029709
3966.96910856083,1882.04009608096
9083.69086074875,1660.39618151126
4362.46627686892,5093.48830659413
8397.79860115182,1451.59638950537
2588.07395554879,1769.57000759478
3515.28100909735,3982.59808568821
3905.74431527842,6395.50360425782
4425.28718202708,5540.29915426506
4338.26664291843,4519.60142146602
3301.22817104822,4352.85690996926
3754.23107352675,5465.7362419803
3298.78305699544,1358.39232629418
3429.07129594615,1463.64469848503
4143.42607604233,2770.83172730754
4030.1678907051,5767.51281249947
8570.94419206567,2558.16724972656
7995.86482938218,3846.14523301929
6112.53296143446,4247.71818012736
4049.22275586159,7697.68931258804
4539.82867467163,4682.42395050105
3449.20563480712,2561.12258508236
4034.58879489321,6210.57293408571
3600.13818856079,4899.35080902157
4177.60060015348,3346.48043884286
3689.47131795265,5410.83652176593
4090.93750912144,5217.38151256999
3192.96463386459,5820.25258808695
3600.39404428393,2429.15918662327
3454.22681689898,5467.21369823058
4355.6549819061,6545.53899047425
5478.90902954694,5304.50449440306
4395.73750217166,6460.9734372049
3952.10287117294,4092.73792459477
3322.67395973614,5301.4354109845
4011.51561331695,6461.08718526767
4249.86354892985,5604.00779508781
3635.89957084221,3337.84192890102
4154.50841591885,5227.44039330309
4107.33297081936,6742.91598213191
4076.09385485812,7712.06723686444
2188.50850541259,1545.48241252413
4519.54164762625,6350.3790289025
4270.88052893019,6827.25403927572
2872.91352645531,1017.00405005301
3673.26540436932,5640.49386050129
6734.93135946813,3631.77580306249
3725.63947731586,5033.41706664855
9338.9916227602,3845.17900876861
4900.03692158624,5013.69636626392
4134.6727501235,6496.4932783677
4123.4244025403,5482.55826961291
4559.09913392545,5607.87226923527
4646.68378757551,4235.4426921636
3850.18410793639,5823.09417537998
4645.68174192312,5096.04573515786
1397.95156745897,3116.88018556651
4056.0915719901,5388.38798215104
3999.83378383841,2112.09491875315
4587.93377509711,7027.24512210086
4107.63302586945,6170.165731921
4070.74239052566,4101.54684520315
6030.02071820546,3304.36807287472
4164.33405387858,5715.79592376643
4401.87912873594,2282.81744103252
4196.74827599004,5544.73236872638
4003.28378169726,6575.54649057278
4326.76144438015,3300.3329766331
4212.04742719232,4937.54182681087
4751.64603169401,5540.41290232783
3870.82567054866,5624.52388620135
3713.0646565168,3470.77134018316
3597.18880800862,4759.71512487131
4830.98038018022,6389.30877481693
3660.84330273934,5751.20201686646
4577.05177616508,6166.98290043967
4221.84464312182,6878.63010667569
4040.62697078177,6755.58937688775
3381.40947277647,3430.42080062222
4054.75481299143,4769.20611100106
4651.47730459549,4921.85643409547
3491.46595651919,5494.20877751431
4324.9425124365,4348.19662223765
2802.81249032114,1069.23238221327
4289.53945712864,5726.42312195814
8395.81440107199,407.426754524843
3744.07843346449,5026.65391974906
3836.22983936921,4251.01433681622
3216.54302875275,1350.20859717579
4946.52802391492,2795.21250399617
4292.29700710979,4377.35122329303
3344.76887743054,1864.64953956213
4104.63230077857,4570.80665534421
3833.376334086,6990.41823535432
3934.38261379554,6574.69401438488
3323.97369875403,1768.20598226584
4149.9367473972,5976.19864501497
4200.6070373299,4216.11989857104
2656.94063991252,533.309071605815
3880.287824116,1738.65347441839
4599.9840208698,5013.41220753461
4064.91617428888,2963.20718704528
3398.59698656211,1516.95289724493
3569.52821059374,4841.66658697318
2599.03192416592,636.686027897416
3531.44861052766,6336.85315795875
4011.41610686312,6544.62985168258
3851.01946511911,52.3420347991266
3825.69482189177,4227.65665840966
4295.76958520421,5168.73328440026
4764.54807288658,6669.4321964501
4124.65558963008,5360.59751213841
4777.75631354166,2349.08329899137
3257.42371468296,2931.32453533203
3644.74968358155,6609.5317900263
4615.8923480784,6837.37000546783
3701.10618194212,2400.40228093234
1158.53685720575,2621.2504876317
3411.78282685531,1762.29552298187
5070.64086663971,4755.90773618286
3082.83349170225,3261.40323071867
1526.17972321012,333.943312412928
5043.08955004386,4561.03151048516
4024.51738187837,5436.24039673661
4711.78694386533,6887.83693407614
4359.02170893437,6323.270201556
3341.09226451369,2004.228349681
3598.56611440098,2786.17629868988
3689.89760365158,4069.09608745891
3799.24759731405,5928.74413722147
4139.61457329722,5356.61928992818
7608.65349773923,4406.61957241118
8629.79163339621,2518.04399486354
4858.73720799262,7187.85188961574
3311.83305749773,1601.97323133773
3980.74358387035,5669.42096543113
4020.85042706809,5632.53741608083
4078.14892324852,4539.60585772471
4754.63716867441,6915.57074148501
1189.14451610478,1406.86982665593
3572.32429942036,3928.49417905798
8397.20541765263,674.308622514294
4761.89382018185,5016.36754289041
2020.47285816477,2755.20299719591
4175.98583291308,4714.02265491263
3573.64817376965,5828.03862184089
3495.24058641069,4405.31252682744
4854.96916375271,6976.83527895156
4163.90303346375,2994.74880599785
3966.81819980487,5003.01208261319
3499.72673990468,4420.20252881393
4422.85683645723,5564.62347977755
3684.33955266571,4486.46817534516
3329.82976739073,6513.71363564763
8568.91703736603,1096.85265298699
2106.22210339992,4783.01614067411
4009.64771989048,6834.64216623758
3547.31693785118,5084.50855246398
4146.65716385321,4791.59798801219
4012.19538747161,5059.61633234814
4398.06185632286,6241.60289818343
4765.04601458311,4262.26693792555
4217.08776062196,5525.29582707104
3405.77835884191,2103.62703090546
4197.57134006155,6854.70368795528
5211.18733756104,6240.3529380587
4426.49711209246,3324.71375332172
3328.98977003297,3382.17069067219
4380.89142592436,4695.26817877867
4752.75986020555,5985.97378987402
4289.218032409,6426.30607223
4701.46942993849,6770.99061087384
3880.10598847134,5864.75176052466
3629.13532649099,5967.84471665768
4341.52633682901,4328.41925924925
5121.37016542168,7151.53623486879
4549.88658102223,4038.23653402772
4213.78107512182,5158.78772887468
4207.37771908211,4187.81735084831
3629.78668471643,2268.43909390087
3890.26315117444,5946.53281196
4421.5914309456,5505.17721989433
3397.32592610537,6060.02547015918
4196.4989930684,5373.0434107687
3325.3053002772,3286.29545083451
4263.95747358182,5180.78169909374
4101.63109210488,5544.50487260084
3123.85537218593,5749.49706449065
2740.92858897772,5564.395983652
4046.92143462949,5079.56452885832
4632.85821580508,6425.28318537556
4260.68763346415,5605.54233679709
3321.01833369957,6003.87578982008
3507.51279722311,5163.90258600212
8500.55635584739,3136.54401191976
3886.08399855988,6662.27156561378
4067.55905056413,6321.50858657642
2906.21944812822,2083.62217179152
3824.404364628,6062.52623611915
3629.57472289491,6633.57153395424
4096.55471980496,143.727480160651
3267.26403543512,2307.99403130529
3969.41000099565,3638.14104316991
8970.92107955963,1061.67384458488
3554.43564268621,4337.3419279204
3738.84954837734,2212.45982422829
4172.65430947454,5692.89239190046
4462.08793985741,2114.8227579834
4500.25178380971,2913.08150262529
3780.79624064673,3812.27325877329
4470.19370468175,5542.17494016265
3130.0154867559,1732.62937278546
7815.56290045102,1046.89759066115
4107.3969735595,746.37129740815
4833.55568185159,6694.8931568798
3995.16211504219,5807.86335206042
4142.70590399722,7046.56791569342
4166.36222622382,4859.73899758576
4542.76138740782,3688.15297952714
1892.88242364013,7557.71238424946
3244.24684480852,3242.30772182402
8811.76989670413,668.057130469641
4328.45824515901,6066.95902772521
3857.17197982814,4014.65135949562
2983.08547169562,4291.25112831439
3837.24363355197,1926.65301658144
4240.84696693647,3550.39265841923
3918.06557360743,6872.77652142311
4449.16538800899,5182.31624080302
2756.59658794301,1988.82690426729
4018.53800562691,5122.41541152397
3759.8603697433,4826.09494232056
3394.43910208044,7244.11531801762
4125.04672440442,2933.08636173923
3987.8755725646,4555.97373881673
3800.22995292785,5046.48836819646
4125.50394176028,5143.27274682582
3962.74776009826,1237.79538272099
3570.93334512636,4707.31659347215
8307.23211274234,2319.5876651753
3626.9738356943,3667.69355101737
4861.25599017816,2967.63997865135
4691.18951382137,6078.15496623078
2261.99299891587,1334.75027773069
4147.2569286646,5209.14090942022
4108.97473145677,4153.37748199896
3441.24430663926,1091.90831223989
4524.75655300344,6315.93916005314
4342.73220359796,5281.9422067254
3770.82634402218,5002.84167194666
4331.2577111893,5659.58915796831
4164.55845117617,6477.34131829692
4437.36777127826,4635.4810975624
3301.74442718714,6007.51319069725
3108.64604065532,2498.83494933374
4064.54885443183,6060.9350318061
4179.77970686003,5309.27810734219
3065.71720937972,890.894448274123
4256.6398284486,6029.67757158284
3868.02787049392,4535.17306611864
3661.92711881703,6152.94537464107
6122.59450236685,3207.64035684912
3828.23122136131,5588.20865430965
4098.17815451532,6600.94994268822
3646.60783440929,4975.84659266293
3386.23011785082,3044.98802705299
3481.3090501756,5367.98563910027
3876.56594213986,5591.33440033197
2149.95815112602,2891.7695979276
3896.20273331283,4078.52998812965
3448.2945191586,6968.36717967625
3839.22694727052,3310.73310155452
3707.95952427255,4709.64652591033
4721.69120499312,1394.1394521549
4383.55989094789,5751.20201686646
4317.4966180214,5336.9552521473
4163.19312466273,5325.47515491243
3465.56886401696,5041.94182852763
5389.29743863977,8806.13585299302
4095.96973121865,3695.37027296722
4123.69038146085,1839.7004454149
4259.25620432899,5019.49328891273
3812.95144847067,5206.18557406443
4235.80639236402,6095.03407932239
3904.14386863504,4155.82116249991
4237.4673862892,6134.81630142473
3322.79639289496,7141.41984582142
4443.61117989146,4501.13110406136
3566.11054559167,6573.78445273796
4053.31606278126,2463.88342562955
3995.05670558967,5067.06154476901
4130.81751947668,5030.405068689
4326.28657331602,5698.80306261205
3911.73695751008,2971.73194892436
3679.45011984831,3223.09867629422
8258.72044953494,2895.91823080437
4198.40259399564,5333.65909545844
4057.06094767709,7401.19758700759
3199.90816190855,4774.20722006574
4503.60648943544,5076.04087604392
3409.28024438586,3582.04802543457
4172.44935258207,4577.68312745123
3241.01920627749,6023.19858341264
4743.28515720604,6797.8719420948
8423.72697728842,1705.63429350173
4137.62204578289,5351.95900219657
4753.65640268999,4846.55437083033
4052.76631888404,7719.68285995184
3294.86793726358,1203.24166009505
1623.84104276488,950.851940156934
4073.92635495871,4072.39224414777
8138.73380742537,637.652146434282
4142.57544565798,5977.50611345396
3875.7895899145,4633.83323064559
4206.77261183033,3088.0095318128
3629.30829185826,6486.54772284211
3847.48402945116,5421.86204960496
3936.09317224405,2546.57361585655
4926.02162829275,5085.75893544396
4824.17402310554,6786.96058517378
4418.99293060094,7538.9579081155
4340.48812285047,3276.40676934031
1504.1413651354,2936.38251842808
4738.22410033891,6525.53455421556
3641.71526856955,2933.37052046853
3098.04734360225,165.948695434946
5289.90289529397,3328.91926022987
3900.20612960177,4409.00659030837
3878.43705076114,4521.02221511253
4040.45540446616,2143.35237897642
4095.06261136648,6093.49953761311
3561.52984984324,5305.18655992444
4195.15918071799,5004.26246559318
8142.64410535099,6541.44744305649
4173.86191624602,6665.22690096958
2779.43568611891,1893.86101464889
8737.25775965781,298.878146359772
4376.68752372777,4805.57842835177
4261.98802063626,6737.68737694169
4085.94969128197,6359.92667763601
4376.11388707808,1705.63429350173
4922.39735132696,6858.73899562453
4469.18342266686,3808.8066914179
4109.34704786829,4766.25077564527
4810.77419264741,4213.221225819
3773.85693761309,4885.25662061922
3594.78689340655,1625.72881653637
2411.89647452011,79.5644417270102
3944.5886179997,4690.49414298429
3871.1622681388,5069.78938399926
4227.7910389185,6028.08636726979
3779.11957478446,5393.90074607055
3733.34772035812,5257.04998660956
4590.16744800095,5879.69842511492
3724.33424740928,3458.72313691732
3911.37730278349,3849.04348291607
4607.20880071459,4815.12607708528
4101.8334433652,2970.76572467368
3545.40080513192,6469.83944327228
3957.44023928075,6031.83709335448
4593.36610390867,5617.30616990601
4404.77640525974,5092.29458621791
3559.9576200522,4499.42615168555
3940.11155200751,5407.76786120261
4108.19348305541,4715.38636310013
4277.66876568135,6565.65759765096
4262.28278574086,1441.99186674047
7491.21211959897,7982.92801420391
2471.07884441454,1183.23690669493
3413.31171800862,3023.10780489671
3937.98527273877,3491.57180145363
4286.89740568841,5585.02582282831
5283.20697702624,7098.22771896745
3579.58772976273,5895.21340716378
3445.23315566724,3381.94340597428
3486.2457905191,4822.85544823546
3105.40561163705,3517.20296112223
3969.55547204498,6256.37915210716
1697.41136869532,1926.76655321659
3645.75816911994,5079.16662206624
4136.65457816357,4788.9268113857
2027.86824703067,500.403480181213
4174.4361776705,6617.82905577983
4167.64031901931,5644.07417591945
4196.89743456851,6526.61410367376
3440.22278977372,2937.68956401182
3996.78690195904,4546.31234202045
3906.34672202204,4800.34982316156
3275.5418871596,2191.7731110206
1952.41356504877,1327.7600575609
4506.36715424177,2142.72718748643
5093.87444330918,6493.59502847092
3753.816908213,4972.09544372299
2893.82266894299,916.241343499611
2753.83435326323,2122.38150703942
4407.22820984583,7051.05736990325
3808.99133883223,3999.42011332081
3715.77813316877,2897.45277251365
3128.71489374748,4105.18424608032
3816.3375566513,4418.83839777118
3754.18750949113,3534.76392830759
4092.64908217289,5490.51471403338
4442.96655883333,4137.74875188733
3834.99021329587,5762.62502864232
3995.17629198871,4436.85414578
3974.0143793732,4310.97182869903
3035.42444623451,4561.20192115169
4490.1728800724,5184.3620145119
4138.14933068607,5123.49538383742
4565.67840567222,5677.3774098516
4426.0000944676,4561.94107213208
3906.02137142571,2602.60975956051
4538.37097804684,6715.63674411888
4340.19612854683,6642.94877202122
3293.43631403377,3755.21443964251
3684.2825533919,4637.81145285583
7087.99810828765,934.370733857393
4072.63451160487,5495.79998182735
4220.46665027488,2713.09063122777
3304.5759058918,3026.74499434625
4104.5494559981,5257.84537733845
3092.93199848048,4425.60154467068
3975.23570848726,6137.99871005082
4919.56753163885,4441.62818157439
4224.35729201705,5466.8157914385
4075.90555803519,4239.7617357069
3736.24804545015,2635.2311393989
4584.1897962331,3443.3216915036
3868.04084155419,6233.70353922197
3836.63411801091,5358.55131557428
4681.44430454526,4801.14563674571
2862.56115241604,1343.90023109975
4529.19399594993,6385.44430066946
3262.42858022937,1164.08462948271
4295.35145999665,5832.75557217626
4177.3684587525,5659.41874730178
4572.79500185076,6423.06700100016
3848.54591421401,5581.72966613945
4156.11225309197,3618.19284665973
3413.63799127445,4571.14747667728
3691.9819327241,4365.8144634544
2820.26940732703,895.611398609493
4591.99221617976,7065.03823309808
4221.24037718628,6374.87334222626
4273.39083752795,6002.51208163258
7954.04949030656,3896.61173877234
3877.59813240677,5545.24360072597
4188.13430310332,5776.09423698231
2626.35056694828,3972.93668889192
3926.48304442929,4001.06840309286
4631.62739421599,7351.69730550521
2861.42352490694,4016.35631187143
3554.73786922299,2416.03101104397
4104.26024048234,5755.86230459807
3243.25410113978,4938.62179912432
3796.80539783848,5991.37280573077
3707.7760201276,6594.41429191426
4121.40041834171,6495.24331824297
4167.27393358076,5829.34566742463
3700.2201859965,4472.03316560974
8895.67877529876,1884.59752464468
4040.75949964787,3557.26913052624
8242.62365487791,1470.80554074898
8270.09806099604,5365.99652799516
4130.72759524388,4549.8355719796
2781.09463226192,1011.43451781592
4053.76002973034,4920.32189238619
4161.89710223769,6846.00851540968
7671.48487132384,1863.05812382146
4237.00825025912,7139.54490563433
3788.36886062786,5462.04217849937
2352.70328785877,1664.99959521149
3616.68384841506,5193.56884191235
4302.81956124049,4586.09456412279
3010.91984565461,1070.65317585978
3949.95709706136,4186.45364266081
3617.49991113559,4979.02900128902
4007.28624186465,1126.40516083444
3954.73678420368,2953.94348561345
3882.23738367452,4682.76519468937
3150.93696234022,1075.93854936757
4730.36043526697,5228.86118694961
4163.63887653382,6822.36667827381
7259.82581127076,905.556954135078
4036.77167556478,4767.72865475079
3705.39516556614,5901.06741527161
4836.04939717862,6954.44340194043
3838.17005574347,6794.68953346871
4597.74219089292,5359.63128788773
3798.18736231847,4419.35005262602
4836.18335261544,6541.10619886818
4445.17175880784,5804.96467930838
4296.57072602213,4218.62024167575
3532.40339770159,6724.95689672685
4383.88727390484,3922.41309767985
6699.57760585045,2294.75210766322
3992.59250140938,4243.17164045852
3482.91916024193,3835.40386390955
3457.74202826267,4575.06903628375
3737.73072984007,3383.42107365218
2091.31867405106,366.621566282706
1912.62457951258,1539.79923793808
3560.87836140655,5466.02040070961
4606.36585810228,4918.33278128107
4294.55245586272,5258.47078025607
8236.84329854119,6746.04172815423
4136.38441527882,7163.58422670701
4523.46187894449,3523.34070510411
3040.57533954735,7956.8987363156
4186.00274173685,4850.47550758155
7795.93659648842,100.535353306683
3073.82001890769,5753.41820124187
3217.76118278248,6276.83858061693
4360.9473363227,6162.60677143736
4722.57161464029,5106.16170134997
2797.56839785045,3591.76608483461
2684.43662460313,7014.28756861572
8011.75271339249,733.64097576402
4539.31311666211,7098.62604861478
4680.72005064095,7198.76324653675
4185.79646047863,5156.34404837373
4063.2422572525,5124.63201875463
4752.5796379669,6168.74493827449
4679.03266863275,5828.26569511118
4062.99628382887,4560.06528623448
2694.02438653929,846.736150026383
4060.2522580235,4344.84380294503
2882.38618639384,1431.53476207386
4227.85502044982,6201.3094440815
3903.39568395455,1840.83708033211
4816.81925622465,5637.65227320827
4698.01718922828,5894.64508970517
4366.0376301812,6354.35725111273
4533.84917077813,5914.70703427813
1948.24596459322,1502.00612694086
2621.06400764991,5499.20988657898
3714.46170170885,5401.40262109519
3502.86790848184,3404.61923028709
3960.37981224215,4448.95922307724
4403.98170296851,5382.64814496123
4384.41211061492,5595.76719193804
3622.70262939571,2647.73412348821
4352.41316470087,5359.91544661703
4391.41888785736,6913.52454492088
4112.19133827055,5023.75566985227
4639.24816405366,6973.65287032547
4230.09765989346,5212.039159317
3854.14682971243,3926.61881601563
4098.53425856123,6928.47163236639
3776.35306307321,4774.54846425405
4011.6940372383,4487.88896899167
4289.73120439398,4411.39360820556
3343.44996923051,5581.72966613945
7744.37819367381,1283.43129578972
4131.64205616811,5609.06556675624
3703.75528179084,3056.07021749579
8424.7057833293,3093.9202025244
4721.2375944815,5334.68198231288
4181.37431444165,5857.6477922921
4423.94146681798,5552.7454757506
3478.64414399746,1759.96537911607
3582.02674237332,5251.48056008628
4325.04177879189,4779.49291071496
4041.4750085785,3667.97770974667
3678.49125631291,4658.61170269866
8706.17548561924,1587.36738808054
3972.87910797088,6323.09979088946
4570.66388016425,6447.56131432392
4795.67797978946,2216.83574180297
4358.84054075189,5087.86179461185
4558.13648233348,4662.41951424237
4896.21926351841,5721.53576095624
4201.90554791582,4998.80636427742
3876.1441326932,3472.76045128828
3516.91501766727,1193.86442202808
4005.98655631895,6174.71227158984
7904.40600213379,7647.90487235635
4027.91779813969,5479.20502746504
3675.42836436973,6836.97252153101
4638.15886188059,4288.86453327246
3967.17232524055,2849.94139068876
3845.18907156076,5606.56522365153
4109.73609500739,5944.0887086038
8449.80069899709,1718.02363524208
3854.78347873641,4616.5562107619
4120.46842625272,2873.58343925225
4490.59123012697,7276.16774611453
7733.6358941799,2923.02705815087
3425.32029623034,4632.18494087354
2933.63547046034,237.556682004929
4201.54586587549,4347.79871544557
8942.37528542701,1411.75729337165
3401.40961159566,6052.46693253079
2828.68329774141,4919.18525746898
3902.06344177927,5271.71249247051
4732.19973142429,7022.86899309855
4913.28384968393,5190.72725461932
4259.21509963485,6753.82733905292
3497.56536298554,5491.76509701336
3803.44293412126,4765.90995431221
3622.61396204016,680.560114558947
3769.96230947503,6313.66589021872
3929.99448032883,5812.69405045856
4539.49526207491,5416.00846435238
4058.18314639642,5822.86667925443
3999.9892971067,4884.91579928616
4452.15687970312,6481.66036184021
4045.29561794359,2792.37091670314
3516.23599893682,4058.01389701612
2115.90723885087,2676.60456581429
4607.41098536261,6297.86632658531
4628.46735331465,6216.25610867175
3993.84991106885,5135.54379853089
3956.40901229611,1467.56615237769
4277.29290400143,4091.88544840687
4482.97497804961,3026.23355091903
2721.42826471868,2355.67582379671
1763.32986543393,585.992078875721
4711.93447526307,5398.44728573939
4407.73053096323,3599.83627731785
3959.7365894107,6887.72318601337
2298.02772835842,3888.20072495604
4070.69556635682,4703.62252999122
4130.45472297856,5981.20017693489
4329.26378614026,3790.84760601283
1635.43364596382,7979.23395072298
4184.36010993507,3843.58780445556
4580.07749359664,6713.30638882545
3429.62022757834,2655.2926611166
2664.5975095865,4915.88910078012
3096.94085818613,2913.64982008389
4021.14877174052,5960.91115909165
4278.77886160958,3992.25948248449
4286.77500378504,4259.312025425
4632.15300086523,4121.60836692085
4451.3261365521,4692.76741281871
3872.78405407419,5946.98738135583
4268.56006971306,5763.47750483023
4381.69209442746,5231.75985970164
5026.54793239423,4203.21900768965
3084.46962153321,1563.83908757983
7836.49489766604,3369.55395852012
3781.7501955985,6173.85979540193
7929.05708314243,4414.91726101996
4290.35846118062,4928.61915813972
2020.6114004786,1464.26988997502
4493.86737270101,4144.85272011989
3924.2489482104,6807.24918016178
3993.77931251199,4578.42227843162
4404.94807149295,6600.94994268822
3816.88728695675,5320.417383244
3162.25534810297,4846.09937857925
1562.03543708938,1948.58990134149
3914.07322261572,5581.33175934738
4077.48014549494,1981.72293603473
7528.65530816142,5180.3271296979
4831.33584971549,6089.46465279912
3052.59057467655,7104.76336974141
5012.56339160216,3046.63610539742
4773.84401897148,6944.89575320692
4273.77775159307,4701.06510142749
4218.6937223498,4608.88392507074
4209.47632145761,63.4242285454779
4593.41453336014,8721.85403559772
4195.34824837757,5598.09712437622
3725.13288666446,1765.7054277335
2309.69530557719,872.480899187039
4115.01253781439,3666.55691610016
3139.4032557617,203.628137654755
3898.33745226938,5201.75278245836
3743.61705880676,5554.79124945948
3759.54267353967,3584.20754720621
3895.58170413992,6113.90230351912
4209.96756185116,3257.70916723773
3806.70364516149,750.519983141822
4759.6186626011,4925.60716018017
4314.47409829597,5612.13465017481
3774.8569380377,6958.53537221343
3431.38455516564,1751.89529234664
4108.23090764185,992.225366572316
3784.24948087487,1886.81392044772
4293.39989945698,3249.29815342143
4143.41105413868,6263.31270967318
8780.22171188103,3784.65319942719
8186.3868362227,871.742118204996
1635.35371458852,3482.87662890802
3957.58766187301,2794.13274311034
4644.36643653065,6291.8423306662
3910.65857660126,5913.00208190231
3808.44275560906,4739.48319248708
888.288631586689,1702.50854747941
3618.03825894632,5666.40896747157
4696.7811136586,9398.09514873372
6449.60688694518,4581.66134966147
3445.4911621689,5586.38995387106
4090.51434581564,4012.20725613942
4124.111519249,3196.04672297911
4126.0970024564,650.439289252891
7952.0789528809,1352.14083424952
4498.63991241788,7188.87435361492
7987.64091220224,3236.11310381075
4208.65971229702,4852.6350293532
7823.68262641144,506.541329876908
3407.32026426766,4964.99147549043
4926.80317537802,6243.70575735132
3667.23264980135,4277.61150930788
3904.16567670449,5090.19172705003
4105.1716977123,5174.41645898631
5021.97828223923,5832.30100278043
3165.54238936599,1171.81368349144
4762.83151261306,5947.04404395959
4056.83626861883,5478.86420613198
4191.39043134422,6776.33296412682
4195.10180421706,3984.53053418956
3805.99752584472,3297.03681994424
4076.74984451346,4362.40455870277
4364.42920174062,4567.05592925952
4360.14122931738,5978.8131590377
9042.63454383748,3522.60197697898
3453.81370135524,6550.1426156021
2018.6928215528,3319.48535955913
3429.31610341,2101.97895256103
7929.72474129198,5908.39845677446
3945.79716724064,5316.55290909653
4266.16267062264,1962.91158586938
5334.69710489795,4757.04437110007
3886.35937655997,5099.91020930532
5230.73846342769,4351.2086201972
3746.36688542537,4022.20989712401
3693.95359672214,1580.54757857728
4120.49871851905,727.957801177972
4820.05825266087,7016.6175010539
4666.28123708147,7007.24026298692
4371.19354590761,6482.17201669506
7649.24244866984,4395.08281257255
4463.66292278856,4172.13195813292
7401.37427611949,2544.81178944935
4400.98557985936,5554.45042812642
3981.94547059762,6508.54169306117
3519.01539329869,5266.31347661377
4274.05580452589,6691.59657733569
3678.8300323612,2692.85848741591
3772.47616899397,4802.85058912152
4662.2966518223,3959.29706988541
3745.2165260152,4714.30681364194
3269.113166565,2668.93228012312
4617.15029726707,6464.27001674901
4498.10981821747,5343.37715485848
4196.78539744482,4553.70046898231
4076.69735397188,4582.22966712007
3791.55148763061,654.417511463125
1529.3594192334,1323.09976982929
4095.5127438301,2456.38155060491
4566.37813025323,5371.16804772636
8907.75276751996,1138.33982746514
3982.84392469742,3741.46107257322
4022.13698645006,6320.76985845129
4442.17932513796,5014.03718759698
3701.43292241275,4542.2770343512
2763.1601526668,1797.98577481121
3996.05723811872,5682.15144564598
4300.97629649421,4362.23414803624
4348.93773236958,7115.2772427256
4621.69532932131,5835.36966334374
4608.06412432114,395.32159794225
4898.1791769865,4499.31240362278
4497.3068325958,7269.97376238414
4148.20534647546,4982.72306476995
4355.34191735771,1209.66366852005
4021.56362440114,4839.50706520153
4378.23771110932,1352.87966808847
3201.51149544108,4601.15497677581
4702.476792891,5600.88204906549
8260.0659531698,3753.39573920393
3688.24448286181,5337.2394108766
2204.70778445819,1592.70963561971
3764.45525591477,2561.86131320749
1848.50719595202,5215.90363346447
3940.22740680987,4096.77323226402
4476.11522028409,5484.54738071802
4621.30629144503,4728.23059137776
2396.24075737645,2792.99610819313
3796.66369336926,3995.27148044404
4439.22117841119,6723.76359920587
2090.48330880597,260.459870301013
4648.54973237637,5618.27239415669
4243.74863984594,2565.15746989635
4834.87240792847,5315.13211545002
3143.99998789607,3715.6026282067
4429.17002118622,6393.68490381924
3245.47274993649,2730.1970290173
3661.97305635631,6887.15486855477
4232.28068516442,6955.80753298318
3803.53566082121,5594.80096768736
4725.53859243829,4570.29500048937
4521.27771106834,3246.91113552424
913.49846308676,784.334871928809
4146.41423969223,5441.98023392642
4366.45571231579,4478.2846576544
3031.34857592044,1023.76698552488
4302.02015263344,4908.04598156717
4702.11652008105,3540.10607013295
4371.52259959164,5405.38084330542
4314.6866277549,4293.41107294129
1714.28713258763,362.018205439388
3391.68969447458,4526.19373484374
3551.75018257608,5455.05153547433
3205.1804759699,3172.23426374909
3494.70271845804,6178.40633507077
4660.62049714792,5019.94785830857
3508.74124751253,4117.23266077379
4106.47495606061,6139.8174104894
3860.95247790376,5706.53201090697
2051.47817322857,1999.2270291887
4013.90506711597,2185.86244030901
3305.48091959665,4631.27580208187
3717.93987164708,5078.25706041932
3927.69106521112,6131.80430346518
1773.2148299464,1354.07307132325
4419.00708013452,5343.03633352542
7671.13766195339,206.753883677082
4606.955198093,2925.69823477736
3418.6683809932,3157.85591661744
3807.28511077341,3991.80491308866
4090.59853223367,4019.93662728959
4209.95006772833,5454.36989280821
4130.61536606281,4617.46534955357
8323.1146497143,5966.878492407
4821.25276000186,1294.22932750321
3882.0580427011,5768.81985808321
4524.57070133794,2685.07245366197
4609.20478526565,6159.5947734778
3204.67359482845,12.8439747296472
4324.49143360154,6426.36315768901
4131.07166778649,4374.33922533347
3968.49061953888,5975.005347494
4928.65517505927,6427.44270714721
4451.83216060352,5457.66604949707
4118.52745579886,3923.77722872261
9205.75970687817,3808.8066914179
4442.49504989503,4669.52348247493
4370.13406273199,5551.32468210409
3922.07890075147,6286.78413614251
4991.3357285297,7405.74412667643
3856.64704155358,6112.36776180984
4224.4157075622,4141.27240470173
4212.92567276381,4530.74027451257
556.311119624512,2387.84242281164
3438.04935008912,4622.52354407725
4522.25011089074,5983.64385743584
4954.25847233495,4993.63484454621
4809.6463086635,6377.54451885276
3607.08994138152,5865.83173283811
1014.87989331785,6556.56451831328
4266.75124264747,5790.9842389688
4529.22724586723,5214.82408400627
3728.43440019555,2662.56725144332
3920.30704563942,5270.63252015706
3848.12518926129,5370.71347833053
3761.87266464403,3406.38105669429
3532.20000476385,6574.92108765517
3886.59293120839,5984.38258556098
4055.21558117232,1490.58300945119
2950.68699905702,2839.93896113179
4263.09738056621,5732.61795139904
3807.5368722939,4218.16567227991
8377.91554677902,2411.99591480235
3290.69172640308,3123.87040573629
4452.67316603147,6364.01864790901
3800.41326248908,4143.65942259892
4190.34178276613,1493.53823909317
3654.09913577512,6322.81563216016
3604.12312340498,1141.97701691469
4758.60176510116,4994.48732073412
4447.03352282156,3610.12265417649
3603.516078858,390.320409592219
3972.76723558413,5704.54289980186
4672.37302375297,5363.72325816074
3676.68431453526,4040.62312906966
2574.3249749733,2630.68459973007
4421.29273553385,6582.36630007604
3746.61822977364,737.789714354598
4185.62221629059,6703.19042263333
3929.38010484068,5078.42789394111
3797.54781725572,5916.92321865353
7897.69855013151,3476.45451476921
4349.44157540954,9263.17641491883
4729.60817756867,6677.38864087057
3871.89114027908,4455.72236997673
3763.1456381784,3765.1599951681
4533.15811293849,5123.43829837841
3801.83945163799,6471.14648885602
8463.73957990954,3635.52652914718
8908.6841435256,2515.08887093537
3958.98798784879,6132.42928352754
4849.6767092969,7385.91052393952
3530.64202628512,4380.36364410783
2360.36307655956,8047.9428548999
3624.88179464942,4114.10691475147
4329.54630273815,5637.5385251455
3365.1889061551,2560.3836455296
3430.13938680867,1572.59113415681
4156.40562423967,4376.21458837582
3837.34342428283,5602.92782277436
3871.45570817551,6865.67255319055
6773.01439452097,3963.90027215801
4140.1840541281,3820.4571993193
4156.2718543173,4785.118999842
3985.55476733352,6893.34927514041
4012.00514364974,5215.73322279794
3474.37747201359,226.07666405542
2565.27891828942,487.275357458823
3873.42258811255,5870.09411377765
3005.47443660141,976.142067064849
3484.53581038344,4761.19300397684
2662.54325184075,1461.88297779164
4090.99501303288,3241.68274176165
4213.7599861274,3556.98497179694
3704.15665200422,4783.12988873688
3071.69115259345,2669.38706094658
4228.61435836211,5031.20045941789
7751.67213420647,2502.30172811676
3167.27975914339,2901.71515345319
4043.52266075398,4878.32306305319
3257.84756958555,4716.75049414289
4548.34744654084,4659.12293469826
4398.44921413918,7070.66432222512
3919.35287415177,2761.05658244849
3747.37095429614,5456.98398397569
4683.66487215594,4578.13811970232
4136.19442067518,6565.8850937765
4122.8964234253,5836.44963565719
4023.12119963764,2246.72928241111
4317.99594351249,4625.64929009958
3550.00822075099,4390.08170350788
4582.83318239508,2752.53182056942
4404.92681411236,3052.09199528555
3569.09361497777,5785.98312990413
4104.12263116121,4945.21411250203
4305.97030098873,2163.64139681966
4374.85367052536,5171.29071296399
4210.54933974077,3486.62735499271
3753.29834919792,4107.74167464404
8130.43773552772,7770.49060989322
4671.86246767908,6480.75122304855
1476.15254300993,1584.0143573603
3921.57547975317,5734.77747317068
3448.60485570914,4599.27919087822
3811.48646813728,1949.32884089425
4053.36091857561,4185.54408101389
4321.32634476682,2681.66254891034
4551.48714220291,5259.89157390258
4577.12882866252,6094.29535119726
8527.94492852078,5116.90264760445
4278.94802386191,7401.93673798798
5014.86354633365,5468.69115448085
4304.02428969543,6203.58271391592
3639.47040449894,4613.65796086512
4533.99420306594,5189.59061970211
4926.81140009331,5069.05065587413
4559.30222845778,3955.94382773754
3385.61714046313,4142.69319834824
3959.55163697355,5533.36601955428
4012.50823346158,4148.26262487152
4449.14638122449,5174.07563765325
3425.63578049275,1303.94749261707
4462.48601876941,7043.66924294139
4355.40016473252,5761.88630051719
4243.66756302401,7321.8039763247
8699.91290337623,5505.97303347848
4237.79530432793,4357.17595351255
4299.93966885982,5571.61369994734
6717.84386016949,2937.00770991807
4217.91343265836,5209.19757202398
4048.0720375334,6803.95302347292
3675.18722525437,5113.43608024906
3426.67116482109,6216.4836047973
3868.64712796374,2172.84801279248
4421.60844226105,5328.26007960169
3877.00652499559,4802.28227166292
4901.52317417552,4592.00481197912
4243.13452590885,2277.81633196785
3699.30862819586,2336.46656683929
3788.65780178898,5570.19290630082
3902.94227105431,6010.58185126056
3136.81609671056,1985.07596675497
5139.07621992798,6254.27671579452
4036.61282055959,5863.78553627398
4772.87049568383,5783.42570134041
3892.98424271182,1448.18648475374
4726.41684633927,6191.25014049314
5131.53716752256,7255.53832979347
4557.06706332828,3984.47344873055
2605.4471000858,2551.80200961914
3785.82822959176,1181.87288136599
3757.71093651338,3565.05516428018
3846.59039603316,1405.73319173872
3787.6563996563,1560.08815006751
4468.34274346958,6280.36223343133
3725.15349235962,2588.23120100123
4133.93086880713,2304.52725252227
8117.87584359476,5109.62826870536
4848.83101259394,2165.51675986201
3821.56033444284,2984.17805898228
4111.21095278269,3183.99851971326
3485.43580586176,4578.64935170191
2998.14458939158,2963.66175644112
4395.28210078116,5017.67458847415
4369.78174170927,3723.38866196064
3955.58632967391,4200.2070097301
3187.25004866733,734.436630777448
4838.83058381714,7537.36712665771
3860.16155199425,5706.75950703252
3777.23057627418,4253.62885083895
3993.80290355596,5184.02119317884
3816.66062611402,3695.42735842623
4524.61356944536,5767.96738189531
3749.09895656008,2412.33694756304
4002.11752483072,4595.41471673075
3774.63536074252,5845.4289669321
3619.52729120505,968.526549691256
2566.07849849951,1627.66115932391
4121.78646159774,4969.36760449274
5030.26506592503,7167.619111521
3470.12717164389,2453.82412204119
4683.27653278312,5084.79271119328
4385.55191603204,5773.76430454413
4222.18476463432,4583.7075462256
4252.11739625791,5757.51017151488
3643.90683739177,4992.38446156623
3834.86323835764,2240.87569715853
4281.23933478368,5600.88204906549
4087.61647191558,5047.17043371784
4347.81422528389,6067.12943839174
3407.106834191,5619.57943974043
4654.39044553838,5466.75912883474
4202.27853057108,4912.93376542433
3121.31092308143,602.700622730084
4377.18638796014,6354.58474723827
4583.50013725763,3578.86519395323
4246.37793557533,4597.74507202418
3998.99489095614,3407.06291078804
4468.33412510735,6269.50753911408
4130.02182039715,6333.78407454018
3253.45879508502,2545.26635884518
3743.65712048757,6447.84547305323
4159.35683103879,3532.94522786901
4410.5833496381,1899.82834796424
4734.04207817199,6539.00333970029
3982.42158423828,6659.03207152868
4820.85504936513,6157.88982110199
4014.68058072067,5070.58477472816
4330.11196290576,6248.763951875
4013.95796950489,3871.66243319749
4179.35913826988,5391.68413883989
4979.51197777246,2040.94148836477
4261.40829884837,3255.94734083053
1887.19338968235,3606.99690815417
3221.50213904296,2780.09521731175
3026.71784705529,1205.45805589809
4196.87088275819,5950.28353804469
7586.16278291585,710.965098594306
4376.93112136584,4737.20992265266
2599.96878903644,393.275665662654
3218.6395958245,1237.68174037203
4074.67841062118,3952.76141911145
4674.09272143087,5306.43652004917
3926.25257543264,4894.57719608244
4314.78028681128,7002.57997525531
4220.17282182989,5498.92572784968
4526.04485501825,5699.71220140371
4081.57015694014,4076.88212121285
4202.30130870539,4897.53210858299
4274.46155732514,3491.40139078709
3335.24965181504,742.506717546875
4162.16459560212,7163.92504804007
2560.22691176584,1528.20560406806
3800.859745508,5943.91829793727
4270.71147670458,4159.00399398125
3666.91858368123,3461.56472421034
2709.71352033434,701.417397003889
4427.15031421688,4822.57128950616
4542.44257938452,4884.17664830577
2378.58750307096,1165.90322420748
4047.81311743882,8917.86689621263
4638.94284996245,5656.52007454975
3631.9105106988,6159.76518414433
4420.79800748981,5544.67528326737
4308.41784746091,5078.59830460764
4446.76728185127,4855.8745234383
3438.49763294355,3633.82157677137
2417.11479302564,4376.72624323066
7924.58429675343,3304.70910563541
4141.1406750385,4225.72420990831
3088.41038684794,5193.3413457868
4307.73513993478,4636.73148054238
4373.15940162382,4275.33823947346
3528.29800821359,4407.8132927874
1093.57104708,2505.99579159769
3986.64674446737,6477.51172896345
3597.26914129004,1645.44941120719
3750.719656269,6377.99908824859
8519.09845847296,2865.51324676901
4257.09243502382,6260.81236656847
5023.24598702736,2835.79032825503
4561.41753689494,5460.33722612356
4208.00783069908,2056.74084057056
4880.79258124467,7125.56361958424
4216.02542584433,6320.48569972198
3336.84161253493,6616.12410340402
4314.98402402339,4155.30993050032
3220.08459508939,5355.31182148918
3628.97317666607,5018.98163405789
4392.03707737697,4092.39710326171
4397.26398287583,5549.10807487343
3613.57665428652,7362.95032946979
5453.40582496043,6864.42217021057
4307.82563309526,7242.1262069125
3382.47573828423,1127.59866978304
3070.11368335356,936.757646040771
3800.1456060081,5129.86062394485
4467.3567359528,7069.01645530832
3703.96377010079,4526.64830423957
3254.90225454425,2892.45166344898
3662.2807147327,5933.57483561961
3693.43641315252,5234.82852026496
4281.71194579674,7604.5419119806
4163.78830284121,4892.75849564386
3759.43723195299,1713.19293684394
4014.1010578943,3348.92411934381
3882.8019681999,4863.26265040016
3820.14179886781,2135.56634522248
4283.5409633517,6960.69489398508
3679.2774186836,3896.3842426468
3868.42182803367,5220.05226634123
4632.82275499964,6027.00639495634
3324.07300340804,5146.85306224398
8885.31208697922,2146.25084030083
3774.76968284865,7037.13359216743
4319.96078955816,2377.38542385884
4025.659161577,6086.45223198431
4448.08962821406,4125.75742265287
3737.8219283367,5921.3560102596
3535.00581606521,1068.15262132745
5206.38487233962,6374.2483621639
7989.24005019373,1884.42690255053
8370.69627906569,2639.60705697359
3651.9813725622,6219.77976148615
2696.59911270011,1138.28295343376
2530.51323457662,6072.35804358196
3790.75049651114,3174.50753358351
3827.11936639911,2758.44227985338
8491.87677096619,1226.82683462716
3804.89051561191,4617.01078015774
4341.44659021803,4761.93173210197
4793.69623664723,4193.61427349713
4029.55982257395,7489.00263436204
3712.04609328585,6236.31763038945
2251.80175823495,2062.13985642731
4028.22616449403,5795.0191237828
3684.70275617253,6487.40019903002
4156.07276203207,6516.04356808581
4621.43475739559,4380.76112804466
4694.71290265881,5269.78004396915
4567.05489261568,5568.430868466
4785.62289164828,6232.45315624199
2157.30917872875,6063.49246036982
3809.61736544996,2460.01874005446
3656.06678154648,3620.977771349
3716.92275700545,5292.34233164682
2310.99475570794,3616.77205301322
7767.72521591341,746.996436041234
5228.18054036092,5445.21972801152
4437.8628369825,6841.34822767807
3910.38237213655,5875.49312963439
3506.58627089265,2737.35765985362
3380.99048350362,2094.13604477571
3484.71776596464,426.294899436214
4151.94468296828,6509.11001051978
3599.76176108238,4906.22770398384
2679.11429133002,634.924254347123
4002.36129218283,5111.56071720672
4208.46468471853,6471.94230244017
4050.29699405274,2924.9592952246
2944.1612038235,6439.32071117415
4212.51967230853,3956.51214519614
3176.01358052196,4970.84506074301
4272.01344566016,2978.83591715692
3836.86846496103,1247.51354783485
3473.13563395665,4853.65833906289
4645.23162695382,5279.04395682862
3844.36649304936,4865.59300569359
8766.93838612813,3315.56379995266
7769.77562153968,1451.76690588571
1793.20677397813,1489.10534177329
3836.58780222417,4330.40837035437
4635.0252487346,4713.51100005779
3706.19048986699,5350.59487115381
3870.08151048265,5530.12652546918
1516.60537844489,6350.49277696527
2721.65351571911,5302.45829783893
4157.5697506012,6322.24731470156
2216.61162705957,444.935706792762
3335.02668922079,3892.34935783281
3632.93758746789,6098.10273988571
4551.82341239185,6807.13585495426
2374.63464678044,4421.05500500184
3684.5926066725,4997.1014119016
4279.58318322169,6292.4106481248
7763.78557464771,535.980195375401
3526.83565987917,6602.02991500167
4468.70963106046,5051.71697338668
4193.48077318055,1783.49367961678
4687.60066219032,6015.1283909294
8832.32440313714,3783.23240578068
3939.50995303827,6134.19089850711
3719.49032747937,3481.45583526151
4354.37595817131,4976.24407659976
3920.78390181353,1888.74615752145
4659.14090080504,6267.85924934202
4233.80474600021,4427.93147710886
4531.89582405544,3781.41370534209
3184.16625983903,4914.58163234113
3147.60910233795,1035.19020872837
3615.89498080384,5927.72125036703
2876.65836146458,5631.0595369753
4817.59283881063,7125.96194923157
4172.65165305579,5039.83896935974
4921.34925992742,5563.65725552687
3331.91931398981,4371.89554483252
2525.86853031775,1695.17718883512
4291.47935929649,6332.81785028951
5914.19537909058,488.411992376032
3474.62424039281,3977.02865916493
2384.01293260889,707.100571589937
4840.74451550249,4637.98186352236
4235.26374049167,6075.25671633399
5281.30587537972,4990.50909852389
3893.19688653168,6809.86369418451
4955.36228172131,7222.46174627637
3848.57365173443,4843.20112868246
3763.89679114364,5773.59347102234
4106.71296502037,3058.9686788202
2745.23246535002,2013.03727028938
3999.67765674533,5472.95353542039
2728.36737262895,134.86172516357
4532.21434579847,4357.00554284602
3936.15356996468,999.49985118522
3697.14822466635,3852.39672506394
2606.28854022303,2508.78050485933
4517.42629734434,4953.05680885973
3696.09691836898,325.645888088679
4569.08422845806,5324.11144672493
3041.17785210081,2189.21568245688
4275.14141652753,6105.49086684757
3556.95623060987,2272.87188550693
3911.22062142789,5513.01991625203
4399.45316811572,6924.72048342645
4048.74522435171,6372.94131658016
4655.26120367242,4914.75246586291
3892.84508592089,5191.57973080723
4306.80741200295,6819.24093225149
3362.12644708942,706.873234035114
4041.64435980499,1192.67091307948
3808.16054697396,6424.48779464667
3851.01622302956,6721.26283324591
4721.49021754652,5141.51113184624
4051.72340518515,4978.46068383042
8672.95047589583,1782.98223618956
4293.21366411964,4687.93671442057
3325.93925573638,176.292065253018
3547.91428191236,3870.52579828028
5867.9378016107,3457.3023432708
3975.58715482241,2053.50134648547
4605.74923507392,5626.4563347027
4521.20574160978,5763.64791549676
4139.03634948901,7698.08679652486
4404.83176810688,6262.46023348528
4027.18241489039,3857.17033800307
3597.53249440397,4513.57700269166
4234.1230633819,3857.11367539931
4553.144839148,6429.8297250444
3765.1447758981,3316.01858077612
4461.91379712371,5994.4985517531
4658.36144757771,5411.63233535007
4243.49599889566,4153.09332326966
4451.90494860243,6661.87365882171
4068.80518241339,6583.67334565978
4594.54245139658,6168.11953535687
3014.34682999297,982.734486156377
4076.19121746028,4647.35910158934
3775.22388279678,1420.45257163106
4138.97233998377,5229.77074859652
3818.52898571381,5433.39880944359
3618.10255266227,4613.43046473958
4567.47883331809,6629.08165688916
4186.09049560616,325.98686799246
4088.20478960928,6939.15591601711
7649.77142296012,1367.59904798081
3203.35905687334,6048.54579577957
1428.45106934614,2272.01940931903
4355.11556709153,5236.42014743325
4106.55634205921,4898.1575115006
4089.16148762464,5478.97795419475
2420.57161662634,1473.3629693127
2470.83523646654,634.526400411955
4167.50557742747,5569.2833446539
4184.81345226463,6833.73302744591
3924.28529349952,6136.86207513361
2983.13353745932,5835.42674880275
3579.53301960771,5656.29300127946
3448.06911061527,3352.73193088751
4302.89009286059,3519.13519819596
3833.86423219955,5204.02605229278
4284.9906319688,5403.27798413753
4141.49425170301,4800.2931605578
4642.57878610372,6573.50029400866
2982.00695580719,1241.65996258227
4052.82203136748,2479.96672513701
2929.17317289759,3973.95957574636
4030.54689781291,988.076733695551
4397.66209625147,4621.38690916005
3899.56587188994,5571.21579315526
3829.90084460625,2212.85751959274
4104.76020307356,2802.82791565595
4709.06624446504,3588.92449754158
8068.8978794515,4412.30274699722
4281.9982105,5412.54147414174
4754.65844064367,5523.30671596592
5451.53593302689,3988.73582967009
4750.4713276843,3008.21780291021
4582.18040840567,6058.77551003445
4509.0611080855,3003.04607175138
3628.52526129074,6174.31436479777
3562.74703142705,5277.6231631821
4749.7888723241,6480.2395681937
3637.17629313477,3348.58308658312
4184.18061749497,2371.53183860626
3817.40673000234,4126.38240271523
3872.88520863899,4717.31881160149
8121.36899411413,717.443928193783
8331.74250126763,5935.27978799542
1744.20993959208,387.876649805908
3742.17870656516,4568.02173065495
2671.0487000109,2122.77920240387
4053.29492665959,5794.45080632419
4263.06835209474,4628.54753999637
3422.65259595063,7230.58902421862
4805.30288978591,4500.90360793582
4013.6770316737,6211.65290639916
2322.84148981872,3178.59950385652
4754.57820816672,5562.74769387995
3696.06186366763,4672.36506976795
3680.03980269036,4186.05573586874
3751.98340458161,4847.463509622
4124.77253877116,5545.24360072597
3880.65951302758,873.731229310113
3102.22230888478,4033.2350021078
4196.28186225401,4290.7398963148
4587.87200363976,5539.27626741062
4242.17841079682,5665.95439807574
4202.38394670544,6171.18861877544
3466.3959782325,2271.05339649597
3871.69092876575,5886.34782395165
4043.90950914728,5036.76988594117
4357.20796012091,4583.76420882935
4022.90510153236,4129.96271813339
4003.39857454505,4856.44284089691
3830.36632602848,4860.76230729545
4466.84317654941,4763.18211508195
5030.90868561794,4568.8175442391
3732.47597864372,2178.41765074339
4566.51649233009,6199.77490237221
3201.10347259938,3959.92204994777
3799.65293619327,1839.7004454149
1766.98355377716,1605.15574567763
4650.97036199524,4726.46855354293
4399.33644469301,2932.85886561368
4064.82413863077,3660.64624538857
4061.62390806211,3978.73361154074
3447.57314208443,4753.00906343083
7600.52460917313,4241.23919195717
4155.93360255565,5523.87503342453
3798.22821243357,3885.07497893372
4694.51438680653,6175.73515844428
3630.17503591462,4781.48202182008
4375.61430013126,5479.77334492364
4357.92850804186,4852.12379735361
3195.07994549907,697.552817142613
4491.39744928864,6813.27359893614
3841.4066135101,2078.84834742477
3891.33911999364,6105.49086684757
4263.59803663865,6276.55442188763
2786.94301479872,1044.79473149326
4079.4272198596,4523.97712761308
4218.52519887623,4626.21760755819
4288.22245771506,5483.58115646734
7775.6973893489,572.011479965423
3853.66904122458,5974.89159943123
3167.32748537754,5092.35167167693
3895.58501794649,2641.25534674564
4018.74440684733,6185.96487269917
3934.747707115,4330.52211841714
4241.30302215169,4447.53842943072
4130.71153241722,5110.48074489327
3681.27687393609,6641.18715704164
4899.74668230654,6641.01632351986
4498.77379368138,3702.01967180395
4730.55290005878,4595.35805412699
4469.24802105432,7213.76699658602
4041.75853874325,4629.74126037259
3624.85718371292,4951.57935260946
3870.23155554301,5209.02716135745
4102.59427701062,3273.62205607867
2429.61571720639,1539.74246962051
4024.02728956834,5859.63690339722
7498.82402817365,2518.15774292631
3646.34447687354,1684.72018988231
4290.20014118038,6292.52439618757
3847.01782297875,6667.72724407429
3934.26957579656,2736.95996448917
4201.07587466127,4506.30262379257
2529.83744913055,4689.07334933778
1699.71492498033,141.567879103643
3155.33296896865,6598.3925141245
3646.0358797824,4034.0874782957
5022.56941603873,4584.95792920558
3309.70926914967,4090.91922415619
4200.52792685995,4000.04551623843
4062.42710406335,6478.59127842165
2142.58972299731,6423.86239172905
3596.6350818452,4044.26052994683
3492.75386860766,15.5718982005947
4120.74551319305,2175.86022217966
4100.92926933854,5066.26573118486
4210.72229734543,6230.57779319965
8179.09970012795,4351.43611632275
3934.20883122939,3513.224738912
4416.2712592881,4060.00300812124
3488.970975096,3381.14780381776
4173.90116745496,5387.76300208867
3604.5764632465,3393.48016581291
3534.88659420423,1010.24111458114
3878.99269296763,7782.19778039838
4385.84273691388,6069.63020435171
3767.13784583814,4211.74376956873
2565.59939899066,560.019992160242
4903.49090735948,4397.69732659528
8393.38608464581,280.805656461829
4088.6578947406,2053.72863118338
3456.26398359564,6758.48762678453
4812.44877855324,6852.03293418404
4338.16487413459,6650.90521644169
3860.14562616982,5476.02261883895
4205.03607285271,7414.43972207729
4158.5410430266,1495.7546348962
3812.39710285563,3448.26592653689
3998.14551591809,6058.71842457544
2189.63145129246,1007.45629560569
3032.86501222509,2756.16901001896
4060.8501109025,6155.90070999687
3829.70118013471,4400.14100709623
4334.40420742241,5643.96042785668
3324.72879600066,1502.97224547772
4204.23805902384,5071.83515770814
3403.62858923261,1419.31593671385
3800.12480262272,4101.43309714038
3384.37944487389,6000.63629573498
3867.07843216512,6706.03200992635
3834.20015107576,3247.53632701423
4306.57183404466,2826.35621615666
4842.94474147363,6957.45582275524
3812.85321789556,5758.47639576556
3919.84063391132,4772.72976381546
4199.90617509177,2546.63048988794
4874.76450492711,5310.1305835301
4366.26094561814,5124.68868135839
4742.59672296052,5972.22042280474
4501.44436378385,5523.4204640287
4586.0671962413,6412.49604255695
4857.7541176449,5052.62611217835
3784.83878194194,5456.30191845431
4461.76316143797,6956.31918783803
3826.35530309984,6654.65594252638
3854.3924292322,3543.28869018667
3580.71248154177,3768.68322512724
3391.7773261134,4034.65579575431
3371.45635986788,5200.33198881184
4305.80725823915,4231.6348806199
4742.64581219887,3861.48980440162
3034.36905234384,4721.92201387409
2891.91392835502,7153.63867118142
4529.56298950562,4728.85557144012
4494.23000228718,6255.98166817033
4053.0433551481,3014.86720174694
3181.46863383368,1382.26165955558
9261.1504933934,6146.52347192989
3969.17625983617,6009.61604986514
4406.94044475378,4185.08951161806
3791.91181538017,1024.39217701487
3522.35226149464,1449.94831116094
2738.51387454199,5524.2729402166
3865.05271229364,6146.06890253406
3928.13935646578,4998.80636427742
4631.28233827777,5010.85477897089
3782.3301629325,5535.01388647108
4063.3871947649,4693.79029967315
3950.73675391118,5519.21474569292
3763.86724991885,4018.57249624684
3596.3383148332,6256.09499337785
4394.76396543302,5311.38096651008
4388.81019375431,4234.98769991251
4735.28419764731,7080.26905641764
2184.76909453606,882.767487473311
4119.23014804132,966.423796237181
3618.69437423596,5697.15477283999
4251.73180762433,2120.96071339291
7936.78724734424,1875.90214067145
4475.7695906018,5395.7761091129
3377.33925180523,3067.32281860511
3786.16718909809,5328.37382766446
4260.86807991264,6231.77109072062
3396.90070008199,5010.17271344951
4569.32155857898,5288.76201622866
4136.83010886354,5428.17020425337
3560.16121457677,2471.49883728933
4174.44846801679,2933.19989837437
4594.56626343249,2576.18299773539
4489.70127722666,5513.07700171104
3879.95774075268,5427.99979358684
4521.28902778907,5810.42078062414
4128.85903062945,4244.59243410504
4327.02268608729,6191.13639243037
4506.9029945844,5217.09735384069
3989.43290222498,1560.14502409889
8060.80217220311,2460.41664684653
3924.2011172359,6084.57686894196
7780.40723252706,6386.52385012766
3318.52217490191,1992.06618692476
4413.64444438547,4290.4557375855
4151.75791836384,6934.55229088926
3384.6719573354,2119.36929765224
4567.2007049391,9023.63060611689
4260.39727217467,4637.52729412652
4136.99091947126,4773.86639873267
2968.54571891192,542.458972117971
4082.02286592395,4261.01697780082
3527.78976735103,1609.6455170289
3713.72831409441,549.165139272271
4104.7586928448,6032.40541081309
3755.34418862965,4221.348080906
3906.55523936583,6407.66534415881
3554.11367810237,5011.87766582533
3802.62804654714,5592.52769785294
4955.25929615155,1919.88986968194
4363.04838696302,2869.54834301063
4195.23645239664,2827.54972510526
4236.43068627031,6363.16617172111
2041.57136210206,1411.13220759547
4144.0446759909,4916.45741823873
4036.4685730508,5805.41924870422
3219.39946265687,2397.10612424348
4570.3166180553,6273.25826519877
4200.38817784973,7564.93052340005
4203.02098630645,5824.96953842232
4308.59025751415,4746.6438233234
4186.17125527499,6008.25191882238
4073.83842903537,4782.78906740382
3425.3459175102,3927.07338541146
4582.0907380387,2935.58691627156
4372.50013233758,4166.67627967241
4481.67749850494,7148.18299272092
4194.39459626567,6366.51941386897
6821.42215555136,940.678994219619
4090.15212784916,5332.97702993706
3539.8929654746,6211.36874766985
4391.25742417571,1559.12203153064
4079.30627823317,4614.39668899026
3942.20216872632,1449.32311967095
3613.30524984716,3575.7394479309
3811.08331670066,5186.52153628355
3555.26331216182,5612.47547150787
3911.21316848413,5626.1721759734
4265.29330383732,6656.36089490219
3687.48063698664,5131.11058406957
4131.46833202014,5846.28144312
3988.59206775327,2679.90093393077
4004.09268297031,3300.0488179038
4172.95102942213,6665.45397423987
3745.45321668359,5691.75575698325
4145.91191321138,5609.86138034039
3913.84317030479,4731.18592673355
4695.66653943436,4352.97065803203
4392.9122741661,6051.44404567635
4160.28187359487,4851.15757310293
3392.36523836593,5190.67059201556
3323.94239212853,7718.83038376394
3954.59043044118,812.125606225967
3774.98980477976,1886.64329835356
3874.27632069553,1364.75746068779
3632.44998879478,6408.34740968019
2936.40362580335,699.200948343948
5523.60687878078,7507.92794401778
9059.61821838194,967.389914774047
8791.87029773863,3924.85720103606
5365.93058500148,7612.72585252662
4132.01691132025,4830.07316453079
3991.69257938211,4836.38131917921
3883.20888757846,6413.2918561411
4121.49270870466,5000.625064716
4443.37650866025,4806.48798999869
3676.45964677105,4230.38449763992
3562.64767276313,4491.64011793161
4058.63371803472,4860.59147377367
3633.83655790324,7842.32610580297
3938.51493190161,4285.28379499904
5001.01197073148,4612.69173661444
4282.38959886655,4091.60128967756
3605.63081167567,4605.36027225634
3554.19649662056,5196.75125053843
4285.44650111833,732.902141925072
4024.97350651092,6500.0169311821
3239.1352602316,3022.76677213602
3955.1112891102,4634.28780004143
4088.91278050424,2826.69724891735
4233.83583073041,5645.21081083666
3346.1202036785,973.414122120783
2241.86505065204,1586.45814357506
3564.95157468267,4970.61798747272
4319.78205415812,5358.83547430358
4338.12301145007,3099.77378777698
3777.6069608073,6168.57410475271
2242.88345677324,1965.29860376657
4531.73996174656,4675.37706772751
3926.62016225041,5785.98312990413
3007.19144426583,4157.69652554226
4029.69018012975,4880.88049161691
3970.68068368143,3436.04710117688
3968.34118391164,6288.14826718527
4686.71522062008,2155.68495239919
4035.89559569536,4831.26646205176
3769.64527516939,5206.46973279373
2194.70452762096,2892.39478941759
4614.26476211839,5535.24138259663
2893.15967523439,1390.956937815
4406.92404655202,4237.94303526831
3587.48807460564,3640.86888240017
4448.49590690303,2364.9961878323
4371.19374819381,6944.72534254039
3930.75784444795,5163.73217533559
4514.76769372833,5293.13814523096
3958.08134590897,3570.34043207416
4235.84997707281,3541.24270505016
4059.47210881318,4072.10808541847
2261.74385154453,6810.77283297617
4109.50548540929,6541.67451632678
3812.13055769592,5903.45401031355
4086.30396892738,4003.85332778213
2936.12301839404,2674.38817001125
4069.86516309771,5072.28972710397
3702.19995134396,3931.6199250803
4391.42290846228,2428.87502789396
4065.86068073612,4618.48865926326
3781.276246449,7696.60934027459
3193.00112624235,4750.90620426294
4374.25514929161,2725.25258255639
3494.52336494997,4362.5749693693
4016.87220458874,4838.88208513917
3230.02899835328,3127.84862794653
3568.40168157704,4532.38856428463
3831.81333875528,5757.16935018182
4531.63515874316,6748.82622998825
4322.06917748112,5607.4743624432
4114.79553487553,5688.5166857534
4664.40765938846,1666.30674650904
4403.14547956384,3524.36380338618
3647.28251491385,4884.00623763924
4450.65349959057,3042.88516788511
4473.56630887153,5703.97458234325
3911.77152396352,4274.03119388972
3141.86976318535,3738.10783042535
4369.08424504882,5565.98718796505
4942.88746058252,6407.26743736674
4511.99680222541,6004.55785534145
2767.32567133926,3842.90573893419
4330.28544348068,6145.55724767921
4103.74530469211,6406.41496117883
7799.86491227268,232.612314829376
4967.92715897049,7375.11249222603
4426.60526468337,4344.55964421573
4169.02010257763,4326.65764426968
3913.32708051545,7121.98372702134
5167.11150944773,4891.79227139318
4757.12967891533,5899.9307803544
1211.61171793416,1880.7328390696
4917.41006759831,5271.99665119981
4018.88985209148,7145.05724669859
5338.7877200939,4109.16246829055
3946.76981234357,6794.85994413524
4598.35656170893,3209.68634198563
3754.72580827466,6617.20407571747
8309.14116893265,3736.00497125747
4371.38173896453,5948.80608179442
8930.76539583478,2209.61823693527
3989.08798775574,4188.21525764039
4747.24562617712,3317.66665912054
3503.34297424716,6256.6066482327
4100.24836447004,6993.77105464693
4089.40994314894,5564.33932104824
4929.97014240647,6803.95302347292
4032.43581577877,3694.80195550862
4272.20630252669,5352.18607546686
4686.93270194873,6852.60125164264
4517.20525233218,5663.96528697062
4112.22490178379,5923.91343882332
4549.69984596175,5428.17020425337
3971.41821435848,5650.49607863064
8112.66850848967,4023.06237331192
4795.61324436627,7269.12128619623
3299.9835309002,5334.22741291704
1762.72886543845,4005.72869082447
4891.16845734699,2885.57497991434
3286.84941715277,4006.18326022031
4211.26775264202,5736.82366973481
4176.78766026129,4442.36690969952
4170.70949410572,4667.87519270287
3511.88769241106,2117.20977588059
3850.41668727556,6354.07309238343
7902.30060164768,1870.73040951263
3370.15251685375,3757.88519341375
4169.9279876093,5885.26785163819
4043.25286856311,4671.2850974545
3781.82849180989,7004.05785436083
2307.33418038125,4456.68859422741
4188.82005449431,5213.17579423421
3921.21097078246,4564.15725650749
4225.14972351716,4846.44062276756
2964.14587023728,887.08663673042
4361.37332426466,2789.41558134735
3634.98054978423,5947.8965201475
3924.70523615582,6535.8209310742
4138.74582855649,4214.98326365383
3915.28752369558,177.20137582963
5376.91196590631,6349.52655271459
4815.34646512213,5233.40772661844
2745.2388615415,2534.52520116308
3778.10020882003,6383.73934829365
4051.40849724552,5433.39880944359
3873.5597508876,6771.90017252076
4896.70722687221,6347.36703094294
4019.54936535683,4074.04053391983
4014.52106526283,5650.72357475618
3699.14737373909,5908.96677423307
4585.69523111687,6623.00099836629
3591.76941983939,4347.40123150875
3423.02490854414,2230.47536080949
4337.17050376135,3438.66140377199
4983.08512537959,4703.2812858029
4285.32073840155,3081.92866186231
3923.94588817896,6008.70648821822
3427.276579433,5222.09846290536
4248.43167252011,6725.07064478962
4698.64682646601,5443.91268242778
4175.05938552569,3194.05761187399
4118.26998196761,6281.84011253685
3984.09863191033,3729.29890981698
4071.05843028146,3995.83979790265
1634.04458213848,3231.96447093399
3562.39142476903,4801.03188868293
4694.77318923505,5941.47461743631
7159.12823024466,966.878471346828
7819.82664244848,6891.64432276459
4057.7017821268,6409.02947520157
3877.29032579369,5658.33877498833
4372.14814562297,3751.40662809881
4558.07818324366,4593.02769883356
4439.33357186411,6810.54575970588
3342.9230069547,5457.66604949707
3414.19934651172,2736.50518366571
5146.83589450272,4903.15862056527
3732.17594568986,3418.37259735637
3251.51019420785,5926.64170090883
4173.19416550031,6385.21680454392
3060.80914531508,38.0772672488567
2520.74145964558,1172.95031840865
3688.00374750548,6061.38960120193
4084.89437169351,5172.88191727703
3397.47341816255,5418.16798612403
3857.71662078269,4229.13411465994
3676.38932278027,5205.10560175097
3773.3949198537,6770.08147208217
4462.15808962205,4568.13547871772
3880.43067901326,4211.11836665111
4744.75472870257,4434.80837207113
4226.48891147825,6647.60905975283
4213.89627349721,5592.52769785294
4605.65785849253,6240.92125551731
3506.06205666053,3971.11798845334
4798.87821636836,4733.40211110896
3954.02243077276,5353.72061717614
3029.73061825876,4667.19312718149
5021.8801206828,7725.13853841235
3104.22412222505,5240.68252837279
8494.76265958576,2083.67904582291
4264.87782393491,6506.55258195606
3961.16999112615,5232.44192522302
4624.4804016724,6681.65102181011
6449.41777855635,4722.54741679171
3239.77030931365,6474.49973100389
3500.32894422142,6174.03020606847
3710.40950114102,6908.40968779344
3176.49712500537,4351.03820953067
4384.03781880972,4787.44935513543
3531.16080731053,5361.62039899285
4542.36568278402,5847.13391930791
3734.71205192084,5109.40119543507
3279.76070543771,1958.25129813777
4580.52726656924,4726.12773220987
4616.8712983074,6058.60467651267
4161.28028632076,5434.13753756872
3388.45716977131,1757.97626801095
4576.52258953187,4176.56474973899
4340.28021176807,5568.65836459154
3939.34956679602,2757.87396239478
4042.11994942345,5238.18176241283
5022.39017396286,7447.57296819815
3882.85415451423,5817.97931825253
3663.57599090045,20.9140813204133
3804.31951141931,5511.20163866869
4548.91174487516,5142.64776676345
7371.03983776565,2331.18129904532
3790.35443174366,5224.31464728077
3992.26578596603,6531.21772880161
3889.35745313106,3399.33396249311
4723.49267454689,5640.09595370922
4718.32846575319,5345.25294075608
8031.831118074,1940.57679431726
4193.93674909843,3930.65370082962
4753.87695325391,6860.2164518748
4252.55607672011,6035.70156750195
3676.65426662752,3645.35833660999
3613.90611615687,2794.92834526686
3315.66014267788,6372.77090591363
4406.40304784178,3232.36216629843
3801.44977876144,5312.80176015659
4839.371437363,5284.27213916358
4174.92649391348,4752.66824209776
7990.35508687316,6191.64804728522
3189.65850636488,451.641873947062
4107.13270737466,4686.85716496237
3648.59034964156,5763.64791549676
4076.20628386096,4530.74027451257
3136.74155655403,738.755832891464
3354.97464333242,3936.28021281191
4357.9682085513,6552.41588543652
4810.69238962857,2381.42052010046
2772.24791959659,185.669303319997
3424.02623090425,6783.37984690037
4397.74944905444,5771.94560410554
3912.58953135371,6545.42566526673
4395.62097091412,4014.87843276591
4424.24410270432,2836.41551974502
3508.39993468233,3721.39955085552
4273.39582017435,6364.35946924207
3824.54348787195,5261.48277821562
3161.34087892537,5473.69268640077
4514.99461168618,6247.34315822849
3828.74583822511,3800.50900280912
5235.91911782031,5298.25300235841
3836.03716597319,2996.45375837367
4213.2514242202,7099.64851261396
3718.84608210643,4882.24462265967
7951.26615293008,1488.87805707537
3656.71660833387,3751.06538391049
2518.64499997794,2182.96419041222
4161.51755449335,3165.18716954792
3820.95328303446,4159.17440464778
4557.35299524205,4722.60407939547
3792.07285527066,5569.90874757152
4077.59095640525,6369.13350503646
3141.02028578048,2237.35204434413
2432.99362592696,2471.78299601863
3707.33839228586,2915.52518312624
4727.95441230149,6639.02721241474
4144.55809782843,6729.61718445846
3196.56612186013,3136.0892310963
4686.39661353321,6017.34499816006
3982.73631454084,5600.19998354411
3883.65497041342,2330.6698556181
4213.02513023751,5366.90566678682
8898.16705387065,1632.37810965928
3681.49409090418,3925.53884370218
3977.0622101703,5514.83861669061
4546.56819742825,3979.98399452072
3909.5791651035,5858.50026848001
4332.52841900157,6767.46695805944
4017.60952826627,150.149462157195
3234.73366739855,6594.81219870634
3841.80134058069,3485.54759410689
4130.4816979656,7533.55889225876
4549.29240380218,2931.66556809271
3885.39003181256,5051.94404665697
4048.44323738503,6741.83600981846
2077.46712143204,3064.93601213555
4297.70297745543,5193.39843124582
3410.88618948435,5193.17093512027
4217.38986381897,4849.56636878989
3428.19077748063,6230.57779319965
2595.11461001564,3906.50020883892
4133.58704726379,1694.26794432964
3710.67664139808,4625.76303816235
3200.28884188525,742.847697450656
8946.89248290753,1836.23366663189
4503.28096768108,5677.20699918506
3983.49826576528,7758.15845932569
4124.90874352771,4318.30329305714
4017.08969179639,6666.93185334539
4346.32181444874,6391.97995144342
3718.77210840048,3493.84507128804
1753.44279455689,1507.51878514656
3505.9161171503,6127.5985851294
3351.68596355891,4492.54925672328
4205.68836465191,6507.3483955402
3914.10987901079,6136.18000961223
4083.64418120941,5745.23468355111
3410.116868646,1800.941110167
2439.47149254909,2733.60693376893
4026.55425850581,7209.50461564648
4084.96884570758,6325.08890199458
4196.3536604045,6099.9785257833
3465.30060669376,3534.25248488037
4590.23368442014,1839.24566459144
3580.34682641995,4065.34493851897
3786.03460711951,1227.05411932507
1547.3622185919,3706.79370759833
3467.59746565632,6683.5268077077
4274.09471525746,5891.12185974603
3448.27170352438,1563.27077012122
3474.81324026081,5362.41578972174
3909.12980931753,2308.90317009696
3699.66163691357,1017.9134002723
4265.49056544585,3498.84618035272
4380.51616310721,2008.14969785985
3894.74168707709,5231.30529030581
3857.92243684223,5794.28039565766
3924.32828605882,5532.1156365743
3474.82700356297,2828.856770689
3478.24215889249,3213.32353143517
4028.38099807185,5844.80398686973
8027.41280083128,3606.48567615457
4503.10588395571,6521.32883587978
4377.80711754348,5631.79826510044
4373.56159803764,4725.44566668849
4033.88136012933,4683.56058541826
8921.42389936029,2343.85469380115
4540.79351070744,4346.71916598738
4775.75812062348,3581.42262251695
3753.58467745984,3913.77501059326
4207.78536227487,5123.77954256672
4506.84238174766,6342.2521738155
2809.62115390768,3487.42316857686
3331.46856914859,3235.65853441492
3838.49579239557,2865.91115356108
4472.04672934817,6536.95756599141
4531.83022515866,5084.16773113091
3307.85001596891,6130.89474181826
4304.68471373519,3666.44316803739
4054.56928419394,5761.31798305858
4237.79658899471,6677.95695832917
3810.51487982261,5464.54252160408
4205.61654403093,3362.84789707963
2479.02075969574,3415.30351393781
3670.51290132397,1210.57291302553
4055.89811032726,7053.04648100837
4920.94411798639,5226.47459190767
2184.17891059982,1950.63588647799
3729.55304180619,4970.22008068064
4240.1481452518,5137.13500284394
4186.32784661678,4991.02033052348
4101.39119670851,5581.78632874321
3640.57365868116,5469.25947193945
4162.16941443693,3319.65577022566
3329.91193790404,3312.66555005587
3485.70368648992,368.838014942646
4319.8274862267,5062.28750897463
4553.68582928026,5590.9364935399
3151.58260532288,1854.93126873446
3930.40924858837,4779.37916265219
3628.22510151028,981.086407811949
3563.95764161571,2084.19048925013
4840.29713208157,3047.14754882464
3640.45813884336,4770.00192458521
4112.38357453512,5367.18982551613
3648.65307505202,4963.17277505184
4899.46113265455,5706.36160024044
2309.36540049258,3834.09681832581
3715.9673477195,4523.52255821724
3626.26297610212,2752.98638996525
4040.01772926775,4349.16284648833
4285.36719013609,3468.27078565083
3680.74654916303,1871.1283163047
7581.44188962007,517.112024035577
3271.78499813985,1506.89369937038
3640.14571464855,5678.40029670603
1526.27999670642,1099.01228047245
3041.58787488955,1283.20390537799
4378.0165542224,4650.08694081959
3950.09619290038,1358.9037697214
4621.99093046121,3392.79831171916
4815.66785268359,5115.31144329141
4021.95857259062,4151.33170829008
3746.10569221554,6758.20346805523
3747.810770446,4961.41116007227
4204.64407795296,2134.31617367012
4636.75473549965,6522.74962952629
3845.59630436254,6635.67439312213
4113.89376414771,5367.3035735789
4622.55531590589,4638.32268485542
3663.55841413362,5064.44703074628
5156.71568259292,5609.34972548555
4485.93664535858,6321.11067978435
3845.98407326042,4762.61379762335
3437.78388812418,1552.01806329808
4118.49987255649,4119.7330038785
3781.031743664,5793.37125686599
3918.02384746486,5880.83506003213
1610.81645538383,2439.38890087815
8445.32120568256,3686.90259654716
2572.48911486683,5364.40490082686
4451.20050435504,5351.73150607102
3694.54616977498,2293.55859871463
3117.53006854745,1770.25196740234
3493.28749949364,2871.4239174806
4954.94459092698,5693.80195354738
4583.66050310752,2536.96909309165
4698.94701317612,5159.24229827051
3660.03988592658,2486.90028270304
4010.56388252281,5530.01277740641
4516.68814113148,6891.7014082236
2996.00982269849,6160.84515645778
3064.36984055173,1097.76200320628
3505.79886264971,5105.25213970305
4705.89379327078,5634.46944172693
3728.70306457541,5250.85515716866
4422.53615543501,6979.50645557805
3807.93087359993,6432.5009016709
4157.74807206345,4064.37913712354
4259.35381869583,5889.98522482882
4575.23296285084,7011.04807453062
3193.73845948608,4479.81919936368
4208.41544658739,2787.99478770083
5159.45092009419,6718.98956341149
3014.30110137578,78.4278068098005
4519.9330089666,7113.28813162048
4107.24351186454,6523.54544311044
4368.78332197624,5268.58674644819
5279.07388978662,3789.19973909603
4033.14201827345,3011.11626423462
2215.89183390004,3709.74904295412
4128.78787200582,6477.68213962998
3614.70271813829,4917.76446382247
8661.56298337234,3254.29926248611
4050.19901367738,6347.02578675463
3845.19494815896,4556.59871887909
4085.0175240431,2844.37196416549
4355.27618006662,1152.83192265957
4410.13217806949,4724.19528370851
3063.99227904139,3041.35083760345
4126.12520242809,3490.83307332849
2552.9570740665,2310.83561859831
3914.69820967516,4870.36661863272
4185.71790471697,4642.5284031912
4509.18685497556,5094.56785605233
7411.93262057664,3996.9197702161
4300.16343613882,2768.67199410827
4037.77804315846,5483.52449386359
4396.66724698949,4731.92465485869
3987.10877412897,3136.25985319046
8217.28774161506,2781.11810416619
4103.25906482499,5005.00119371831
4614.07040177558,2818.85455255965
4459.5783127785,3568.01049963598
4019.66103757884,6837.4837535306
4612.05241745604,4915.32078332152
3460.44587872519,5820.08217742042
3926.81469412754,5472.66937669108
3011.41436369247,747.223773596057
3655.56010799295,2974.06188136253
3718.34395928612,3308.97148657494
3130.46978257339,6969.04924519762
3106.8628570082,2798.28137598711
4837.4691255692,5123.43829837841
4429.55498520138,6375.72581841417
3863.88602061002,5945.56658770932
4930.40024476895,5939.2013476019
4504.81369280554,6080.88280546103
7014.71445351298,1030.58679502814
4031.83482140629,6293.54728304201
3943.43277372015,3512.94058018269
3746.26273679272,4640.48220662707
4297.08776697924,3862.22853252675
4865.84478922243,7139.65823084185
3412.82827253005,3467.70246819222
4881.56988157425,7088.05509017158
4057.73834408649,707.043697558551
4100.14074875196,6836.6312773427
4427.97015812313,6313.09757276012
4662.42609533054,4799.44068436989
3834.15036936121,5655.27011442502
3887.2949057805,5750.06538194926
4508.57855531216,3195.76256424981
4038.81319904768,5461.13261685245
4816.36771327125,5721.81991968554
5401.56598201769,5410.38195237009
4043.87758666878,4016.01506768312
3997.7664094046,6923.35677523894
3106.86041752781,2372.44118882555
4307.95403554167,6817.4222318129
4077.17900952564,2976.10786649904
3665.29419717887,1827.7657787842
3091.87355126463,3488.4460554313
3552.63672804604,3359.09695956731
1580.65170237269,504.950019850052
1325.95036624064,292.399316760296
8545.80541264939,4815.69439454389
4309.78602172695,4662.8740836382
3639.17825339803,3337.38735950518
3715.4394755859,4576.83065126333
4173.10907250162,5925.44798053261
3514.04237547189,4297.90052715112
4456.20257519651,7955.59126787661
3529.33950320533,1607.14485678275
4429.50604764907,4552.39300054332
3863.78936435401,6351.79982254901
3735.26157917649,4080.91700602684
3893.99346502129,8135.40708092128
3423.86101973867,21.7665575083205
3848.51283001342,5840.20036174188
1564.34228789945,622.421270257816
3715.122601029,4997.55598129744
2167.97470109255,1260.58484938276
4612.88277025005,5100.5922748267
4454.03679111494,5512.39493618966
4059.34945832886,3973.10709955846
4817.47870586283,3889.50777053978
4426.48005816114,4961.18366394673
4219.58912794396,2808.45421621061
2369.73096356721,3987.88335348218
4184.88369163882,5811.84157427065
5024.16629105229,5809.85246316553
3145.61318504082,1141.40869945609
3468.31641745496,423.45331214319
4087.44740443193,4728.11684331498
4480.0949758888,4249.47979510694
4448.44568352659,5157.76484202024
3400.8511003085,6177.38302536108
4424.70191774648,3895.36135579236
3420.9837647923,5112.18569726908
4213.92260601866,6362.82535038804
3716.31016930871,4556.82621500464
4113.90586012039,7009.34312215481
2768.93441300412,2571.18167724309
4038.00737931042,6471.99896504393
3367.72075382715,4456.74525683117
4767.55598295599,3383.0231668601
3889.20416514027,2224.28074279622
4114.81226663097,4286.64792604179
3933.68456978831,3328.12365807335
4029.41360819899,5184.3620145119
4514.339480005,4168.03998785991
3695.04432841181,4268.91633676227
2007.39543757082,4546.42566722797
3195.21316191773,1740.52894317454
4192.38126514549,5401.34553563617
3965.90876584506,4709.41902978478
4476.00781608124,6550.4267743314
3921.79150742049,3319.88305492358
3730.56629309165,6683.41305964493
4191.24484674829,4702.14465088569
4134.82651219528,4183.15748597195
1624.46765133084,7033.7236874158
3971.48427737254,6435.45623702669
4254.19518210708,7074.47213376882
4389.82740325766,5113.20858412352
3553.68318695396,1476.5454836526
4277.8811160017,4588.48115916472
3105.35558684904,5536.37801751384
3253.05961901409,2484.91117159792
2982.63317651439,5295.41141506538
2790.0215926425,6422.55534614531
3838.06206268247,6186.53319015777
3982.82501672948,4839.10915840946
2316.82895224107,2861.93293135085
3736.92161494892,7588.28820180661
4063.99869416454,5088.08929073739
3771.16879257637,1921.08337863054
4660.01912326226,5605.20109260878
3842.90646321016,3714.7501520188
4153.25840009313,5155.94614158166
4574.61477621767,6876.2430887785
4640.74048933282,6639.59552987335
4493.62298283318,6596.11924429008
3402.77762504065,5594.28931283252
5098.21247493057,7090.8966774646
3299.51069682907,4257.77748371572
4326.9255064431,2730.4811877466
4166.34309896186,2481.38751878352
3975.09831849683,6018.87953986934
8727.39224727335,3828.8682131356
3579.29234113155,5539.33335286963
3935.08914470162,4582.00259384978
4171.00971797369,3100.96729672557
4621.56314419256,6188.92020805496
2830.32299142264,7422.85115874884
4120.42119493744,3907.86433988167
4702.22055368783,5971.82293886791
4209.66116321165,4681.51481170939
4026.86553602608,4594.73265120938
4681.17102036573,3804.31681435282
3848.57499639055,7052.93315580085
3471.24016249386,4807.85169818619
4299.34299782417,3022.48261340672
3164.53442447709,2087.42998333523
4603.01063259328,2881.0284402455
4344.34491381761,5319.11033766026
4552.70563523625,3616.20373555462
3890.40921280739,5844.80398686973
4074.05763171541,5220.166014404
3715.43418399837,5782.34572902696
3023.69080359822,4916.96865023832
3156.44837226847,2807.0334225641
3252.32020507762,6042.01014500561
3673.62114378847,308.596364330533
2965.81684271112,891.917335128562
3130.53937012903,3131.37228076093
3808.06726619,4437.93411809345
6257.97211113026,2970.87947273645
4376.37870063125,4853.09002160429
4677.47077870267,6130.61058308895
4184.68190302141,2081.3489019571
4353.17128263463,5644.98331471112
3698.06097565902,2306.06158280393
4174.03604591518,3968.39014922309
4169.88021467746,5429.70474596266
4786.7435478126,1660.33941319369
4240.43086677498,3283.62448563564
4696.52845151747,4536.42344909862
3196.75900986164,971.368136984281
4605.21397372303,6238.1929934318
3867.6586280654,4572.51160772003
3928.07985148768,6542.12908572262
4922.37646337796,3544.25491443734
4183.67007926645,5510.40582508454
4356.69074944472,6406.18788790854
4328.83173501582,8558.69026237437
3840.91005840162,2840.7914373197
4295.28167117851,5834.40343909306
7847.06010897592,4024.93773635427
527.310334984792,1637.15203973985
3590.03355922635,4324.49769964278
4512.34208103322,5213.91452235935
3848.09394912849,1795.31480961234
4386.25167581135,6435.85414381876
3879.39998419157,6996.15807254412
4806.50701667119,3155.86680551232
3206.58745042839,5141.90861578307
4908.05485138338,6474.67014167042
8473.44373117136,982.620843807419
4384.52363560189,4801.20229934946
4021.98039699263,5745.51884228042
4846.07391896315,6834.86966236312
3833.41542689995,6149.02423788985
4387.89162156593,7306.1185836093
4037.37982468051,3057.94558053813
4432.18209349641,6765.53493241333
3784.33613177999,1728.19647546558
4016.54434524168,5284.78379401842
3860.19462246646,6591.11813522541
4239.27069696812,5353.60686911337
4113.16067326418,5919.25357394697
4449.86081156505,7901.54444670539
8519.93334696514,326.214205547283
4281.53534481473,2082.14450411363
3989.72047433181,4260.84614427903
4230.79579311819,1381.86385847732
4315.53781716427,2092.4310923999
8809.81255503031,1328.0442162902
4921.39523503399,6458.92766349602
4950.36256346954,2846.87251869782
3969.75615690694,4772.95725994101
3319.64287554217,4829.10694028011
4122.76014291732,6178.06509088246
4317.32716968119,5672.774207579
4163.99105807582,6093.84035894617
3498.91950163882,6535.48010974114
4246.89445417426,5350.65195661283
4038.66507425632,5189.53395709835
3831.73366288202,1649.48450744881
3871.05876892343,2701.15596459707
3846.37220378923,3441.90089785709
4584.99683725487,5649.7573505055
4708.97879443564,5091.38544742625
4510.13304862581,5354.63017882306
2748.1274635309,218.233888412364
3813.80555209818,4665.26110153539
5028.22168537914,7153.35451245212
4109.77296446631,3715.43221754017
3992.1496346875,1843.22388680168
4100.06466153189,6338.38769966803
3842.32485321142,2058.50266697776
3668.51578484056,6802.30515655611
3948.71848324764,6347.4236935467
8738.59813298957,550.131257809137
3829.47455204609,6459.32557028809
8774.15535827995,1983.82558377499
3527.53651176617,3448.72070736035
4585.31264372976,5683.62890189625
3559.45236301243,3450.70981846546
3157.45844964573,2124.76831350899
4107.9413906373,6479.89874686064
4557.06838764911,4813.13696598017
4847.98111359979,5607.7585211725
3930.38522770042,5343.32049225472
3514.41904942522,4743.85932148939
3500.71084423017,6174.82559679736
4479.35995837685,6652.72391688027
3379.87322270549,6675.96784722406
4604.37726402776,5930.79033378559
4370.51884381038,3059.19596351811
4608.79964483027,3834.49472511789
4257.96375684768,4979.36982262208
3974.33290015144,5649.30278110967
4548.53294404697,4929.8695411197
3790.46948193246,2974.34604009184
3122.16648664297,501.142314020162
4128.49611322451,5734.94788383722
5478.70289025781,7143.40895692654
4536.17537817024,5277.16817093102
3987.35240971742,3201.95718226307
4148.76583012358,4283.57884262323
8085.18036299706,6871.75321171342
8189.1777315544,6388.74045735832
4110.92828715644,4889.00734670391
2242.35656248045,168.847103902449
3788.69582791426,2777.3673780815
3878.56821679438,5421.57789087566
4428.99290463239,7030.08670939388
3953.51604588918,4805.69217641454
3952.18821002407,4788.01767259403
4115.49619369637,5394.980718384
4257.0940916608,5937.32598455955
4184.95892221924,3804.54431047836
2378.7806163635,2251.78726550717
3995.45089627127,5740.97230261158
8487.25790786652,378.442590564449
3986.1179287009,6209.7204578978
4095.60401322206,7202.68480614322
3622.70178479553,5917.71903223768
4042.25402439471,5715.56842764089
4818.83152192069,6228.07702723968
4679.17430888463,5870.15077638141
4697.71244585502,3820.22970319375
6434.06804941946,1040.6460986165
3962.12478587318,3914.34332805187
4251.47284705293,5275.80446274352
4695.30369725324,4987.49710056433
3837.96202446674,6742.80223406914
4599.64211886847,4303.24288040411
4632.28707403839,6369.19016764021
3863.06391662473,4314.83630284649
3834.23754842968,4860.53481116991
4102.92626859751,4899.2370609588
3573.92017568931,3298.45761359075
4167.94098384973,6693.64277389982
4388.35748305345,4580.80887347356
4238.79927472179,3394.44639006358
4821.88416414603,544.391262048609
4123.39818518824,4336.83027306555
4141.79611044578,6485.86608017599
4794.76230995211,5425.72652375242
4347.91068593374,5164.41424085697
4349.29810689824,5706.64575896974
3494.51862001458,4378.54494366925
3420.15536537347,1938.81496791006
4132.17685176793,4309.09646565669
3643.03256383213,4653.89475236329
4688.94519825156,5921.98141317722
3044.68208030169,4447.70926295251
4045.40738620612,6192.95509286896
3742.76524178895,5213.17579423421
4250.07914421297,5568.03338452918
3516.3326240179,4928.05084068112
3436.31211129854,2385.05770955
4078.51277545377,976.596636460683
3583.7523584953,1016.60624897475
4365.27617006332,6699.32594848587
8886.78707300417,3322.21319878938
4242.00943327193,5543.42490028738
4050.47820124766,4795.57621022243
4131.14199608098,5907.83013931586
4537.01729529387,5184.98741742951
2945.28750243301,4689.07334933778
3684.8969061114,4039.25942088216
3924.48262389472,5562.29312448412
4011.77279428823,6123.84785904471
3483.98264174417,4736.52785713128
7821.9570097962,2679.44615310731
3593.11920544982,5073.14220329188
6209.01290184333,1643.63081648242
3740.37023005066,2180.23613975435
3421.51239573774,700.508046784596
4795.61345993688,4846.44062276756
2483.93974897016,4073.41513100221
3968.51374873499,4028.74554789797
7841.39284157485,2440.52553579536
4912.95983400898,6627.66086324265
4201.2574496697,4469.53239964978
4435.6948347105,4640.25513335678
4631.0605254859,3602.90536073641
4253.37994141875,3012.02561445391
4419.95065856966,5345.82125821468
2597.77117110359,4541.02665137122
3121.43859998526,17.8451680350141
4188.7671399615,4403.09634245203
3959.81817219743,6120.04004750101
4447.34040706272,6252.91258475177
3206.68614129996,5392.19579369474
4429.95369800263,5373.0434107687
4823.65314825179,6414.93972305791
4381.60153324796,5063.25373322531
4101.0372747646,6010.46852605304
4069.44892158563,5342.69551219236
3868.58496532762,5839.74579234605
4074.11477279323,5049.15954482296
3460.51753017514,5054.5585606797
4070.76831128489,3295.04770883912
4682.03882013921,6314.85918773969
2861.03297275165,385.830717526312
3935.91912893037,4778.46960100527
3581.18989181493,6107.87788474476
2546.74654111077,3439.7980386892
4129.18439080385,5240.34128418447
3868.66201460605,6282.80591393228
4927.00329043653,8287.60283461986
3940.27005745046,4918.90109873968
3264.97279057474,1595.03967377171
4421.11437744156,5925.95963538745
3696.6954291112,6031.38252395865
5139.48576245117,4844.73567039175
3661.73310866454,4781.02702956899
4441.30074252944,6135.55502954987
3844.94930972557,5904.02232777216
4153.78279389244,4965.67354101181
4206.94572269629,2753.38429675733
4709.89581692447,4959.19455284161
3779.5056243105,5935.73478024651
3769.71924156865,732.959015956457
4973.97177185083,5673.39918764136
4344.94116474753,6077.81414489772
8292.32488060705,3316.87105696402
4639.02360911672,5662.65824138688
7722.06664937282,2597.09699564099
4803.30356187222,4993.5777590872
3619.72945716726,3521.29471996761
3366.86685967815,3029.58658163928
3653.54746432026,3857.45449673237
4235.11495068187,4570.23833788561
5169.92874155284,2380.68179197532
3505.08299352736,7063.56035399256
4292.846179368,3839.15458999424
4254.48344670684,5599.74541414827
4151.67338135704,4809.10208116617
3986.3031271437,3962.7636372408
2985.71888556336,4320.23531870324
3369.24651630809,4760.4542758517
3633.99267319597,1288.88707996404
3611.48412930784,4332.79538825156
3944.97192450648,4347.62830477904
4511.09107188282,5953.63678019256
3766.6488731945,5979.83604589214
3786.64803032236,5246.19486943705
4140.49553483599,5928.4033158884
2409.43255961491,2132.61122129431
4057.85257347259,3535.78681516203
3465.78671450572,6327.53258249553
4176.77164697105,3215.93783403028
3558.44244686349,6835.43797982173
3848.70507368568,3464.40631150336
4168.84057693675,6141.40861480245
4180.37074041027,5929.31245468007
3942.97773144226,5130.65601467374
3861.19456417095,6620.10232561425
3645.43347362275,6060.02547015918
3527.31801444652,4783.58445813272
4285.11702008653,5527.90991823852
4331.00236287155,5884.58620897207
8333.59490935026,5091.21503675972
7804.16094153508,2955.87572268718
3981.15072181806,1864.93369829143
4333.06785568539,7311.46093686229
4594.34754358458,6836.80168800923
3209.15332320763,3320.84927917426
3635.64948147895,2214.27831323925
5073.83721436295,1299.40095294823
3950.9645858285,6330.20375912202
8519.96216953771,900.896772117281
3275.63868289893,5459.93931933148
3738.74436962453,4277.21402537106
3159.11105390124,4116.77766852271
3946.97573884707,4763.69334708155
3746.9989873224,2504.06334309633
3949.5086099246,6537.69629411655
4385.46434361777,4969.65176322204
4257.88650168402,1897.0436347026
4342.5702002335,2339.47877622647
3976.92249204942,4269.71215034642
8273.02640964124,697.666459491572
4256.92403489941,2648.24556691543
3972.22135376452,562.634241898443
2255.92992137993,1421.98700762653
4214.52431189117,4579.67223855635
3630.49027581019,2413.47358248025
3977.98115441044,4217.0290373627
3652.19874533921,5952.55680787911
4930.15773030812,4036.87240298497
3888.69217506763,2445.24248613073
4241.41415968871,6438.97988984109
4136.24909678242,5478.23922606961
5236.67703065855,4972.55001311882
4502.66081432033,5344.11630583887
2606.00899858598,1006.94485217847
4359.98147029462,5915.10451821495
3071.32223430365,5437.14953552828
4372.48280547837,5321.7810914315
4121.16885601975,5301.94706583934
4400.06655038911,6503.8247427258
3589.88229164784,6648.23403981519
3984.82735527826,6739.67648804681
8187.13757571284,3269.70070789982
4372.74419551983,3498.50535901966
4399.56017259481,4320.69031095433
3948.47376653916,4900.8286881271
3504.95709974604,5905.78436560698
4610.57914396898,5239.88671478864
2046.49013265514,510.860531990924
4232.83058700518,1364.70069237021
4418.2583688011,6804.63508899429
4134.31517115895,5986.03087533303
4104.72380118587,5038.98649317183
4387.99859086578,5742.39309625809
3670.56183948444,6062.81039484845
2839.92453408217,125.654990262708
3395.83087383414,5205.67391920958
4612.19196770013,1690.91480789558
1947.95041226059,1141.12454072678
3882.57860627489,5004.26246559318
4128.75963329781,5483.18324967527
9091.35886340213,491.594559572838
4018.86716809051,2396.4240587221
2141.01559559123,2224.84906025483
8751.97288921931,8089.48753769231
4864.86183411157,5059.21842555606
4320.6897428524,2317.31439534088
4158.35540874597,4125.35951586079
7883.2975113766,732.674857227155
7996.68748891771,2910.29678936365
3499.62314427211,6220.29099348575
4363.46499094,5394.18490479985
2600.3897338623,146.057584383776
8183.2582181551,317.51895371632
4439.99972655938,5746.82588786416
4410.58698726479,7084.24727862787
4712.30702750305,6397.15147117462
4622.85010094402,4370.30434051948
3427.68831625492,4133.88427773986
3860.70440398503,4761.30675203961
4166.22321118839,6656.36089490219
7938.24106943198,3918.09405413656
4077.62966343476,4461.74636589584
4077.01808331282,5102.46763786904
3990.24530639771,6500.64233409972
3940.69934820828,5278.7027126403
4497.79446931839,6366.57607647273
3718.12206092744,4671.68300424657
3350.77089398841,70.6986867299291
4640.1295292122,5420.61166662498
4552.02662929825,3281.86265922844
3886.91188871119,4135.13466071985
3084.70772856477,7084.53143735718
4040.9648139327,2585.56023580237
5088.19625186016,4713.51100005779
3901.07841883722,3675.19500318675
4355.60938653098,5488.58226553202
3500.12437857625,7408.07490482511
2668.08329959758,4846.15646403826
4254.45498687827,6620.10232561425
4215.1843766188,5545.24360072597
3625.6874166283,3265.49520099167
3410.99405066327,2935.41629417741
3699.51739046262,5058.877604223
4119.27077418188,5744.78011415528
3545.88617438565,6408.57490580573
3832.91743706127,4551.19970302235
3917.17840538112,5138.61245909421
3886.93911992067,523.079357350928
4128.21001001194,3564.43018421782
3993.96840489583,6180.79293011271
3725.87595592858,4433.61465169491
4075.52622847362,4003.45542099005
3472.19002071466,4605.92858971494
3872.35762256141,5325.47515491243
9523.99640515826,7615.79493594518
4168.04798061445,2027.01771062896
3119.48825548435,1627.43376891218
5049.9646739122,6174.37102740153
2850.23648545858,8219.91639444213
4180.63934752681,3552.1542733988
4022.26351869586,5915.04785561119
4583.99976504925,4150.0813253101
4387.98985491213,4584.61668501726
3737.32514273796,4087.50931940456
3745.32661492585,5782.06157029766
3907.90164340967,871.28744309535
3842.05484113078,5342.80883739988
3835.95446613332,6775.93505733475
4879.2623147157,5017.22001907832
4003.07105031005,5617.41991796879
4388.05473357361,4971.47046366063
3808.68691631588,4749.20125188712
4370.25775189429,5404.64211518029
4620.84629770108,4599.1658656707
2966.18408730634,3174.79169231281
4442.00776932409,4955.78464808998
3348.23980853196,1214.94904202784
4400.38902202088,5141.73820511654
3113.49788661999,4131.95182923851
4339.66599699667,4617.74950828287
3676.64404925364,319.849044725219
3982.15425139391,6677.44572632958
4568.53599666002,6382.03439591784
3047.38645375076,2827.26556637595
4710.94353327661,6188.46521580388
4194.31663468279,5632.19617189251
3548.55452019141,3221.39372391841
5389.26811107985,6284.39754110057
4631.16278034184,5924.82300047024
4142.81737475213,5626.9675667023
3430.59411604391,5576.72855707478
4071.49417038717,4030.56424833656
4447.57976323408,3292.09237348333
2693.10310283565,1123.0521301142
4388.71891888966,5396.85608142635
5190.20209679633,6182.21372375922
4353.53872805988,5390.66125198545
4164.02252447931,5044.89716388342
4404.82105862365,4946.23699935647
4138.81064985644,2344.82091805183
3961.33596903158,2450.52796535233
4148.35224746356,4780.45871211039
4607.18741468208,4232.60110487058
4244.7503903684,3680.42360837696
4381.49931307156,6658.63416473661
4083.07355715606,5543.82280707946
4007.37182675128,4375.98751510553
3751.53178003151,5510.40582508454
4220.31503201263,4311.42639809487
4287.73277952518,4966.52601719971
4193.48187108424,7027.58594343392
3707.80030044743,6561.45187931518
4369.13050336386,5381.22735131471
4204.99650149324,6358.73338011504
4160.30604466447,5989.66785335495
4250.18380659489,2942.29297771205
4744.80548805753,4777.50379960984
4265.36945920395,6141.69277353175
4422.30683398315,5817.63807406422
4320.75018360802,5041.03226688071
3356.97371857231,4797.90614266061
7572.78371320646,2780.89081946827
3753.93482033796,4504.65433402051
3465.47627032989,6605.15566102399
4171.98519491559,5777.68544129535
4013.62517359665,5061.37837018296
4160.59321821884,6529.56943902955
3448.86530135116,3869.2754153003
3302.87817583637,1681.5375698286
3146.0624318432,6721.09242257938
4331.16437826232,6849.19134689101
3604.51827804708,2121.47215682013
4276.11631081996,6551.2221650603
5609.05536251279,3789.42681236632
4351.33625228827,2697.63231178267
3663.90966384799,4465.55417743955
4112.58951827291,2416.42891783604
3958.55913869811,4961.41116007227
4044.2370145552,5220.10935180024
3986.53045373362,3586.93538643647
3627.83455475139,3908.83056413235
3405.98194485512,5909.02385969208
3919.41894057751,6865.67255319055
3320.06494441326,3546.6985949383
4512.20223901973,5022.50528687229
4317.72073607768,5534.10474767942
4965.94340300488,6114.18646224843
5835.48043777291,6174.99643031914
2857.76802624219,5846.50893924555
4343.91819400184,5655.27011442502
4185.89740287218,5920.21937534239
3682.56612761663,5072.97179262535
3674.54915041136,4341.77471952646
4046.13033612047,4401.44805267997
4063.59787147263,5449.08420215898
4055.45111105639,6341.91092962718
2330.43363675097,1370.66802568557
4287.71146277927,6955.86419558694
4697.90183284014,5594.11890216599
4271.65282236518,6217.96106104757
3722.41749548795,4337.3419279204
2199.17381292333,404.187366153558
4649.25431344809,7329.36293680834
3629.8066669464,5320.87195263983
4625.32416241737,5719.31915372558
3899.59894206895,5395.03738098776
4041.95767589167,6924.94797955199
4102.55531704611,2668.07980393521
1414.95838244305,1227.62243678368
4085.4946047712,5279.04395682862
4182.96934797848,4341.26306467162
2867.60931395094,872.253614489122
2781.3811422968,2958.7173099802
4528.70578441272,5423.90782331384
2230.65709477733,2011.16169581941
4292.82969100973,5981.71140893449
3485.74971077867,4682.9356053559
4113.39761773918,1419.4864530942
4555.7891659729,5132.41805250857
4612.8799007744,6447.33381819838
3473.33725560623,5743.41598311253
3780.55850743536,5967.50347246937
3314.06047948115,2582.37761574865
4306.46352307811,5038.92983056807
3938.83688173402,5311.49471457285
4776.06140200538,6802.13432303433
3693.44375463484,5154.63909599792
3870.79855235439,3940.88341508451
4385.01224653871,6645.10829379286
4934.38330058877,2791.34781842108
3594.3506887414,4175.0302080297
3762.42103154137,4851.83963862431
3364.68472918075,4045.4538274678
4590.80731180172,6188.97687065872
4071.41040368355,5078.48455654487
3373.0265967525,3416.7811816157
3754.34088340805,4319.09868378603
3836.54338744624,1265.52929584367
8011.40335359652,2625.22870984193
3806.0144433338,7838.06372486343
4303.56695325165,4496.86872312183
4243.382964312,7866.30876427189
4046.98118115094,1765.7054277335
3358.98232901318,1868.1729809489
4600.74685988623,4976.86947951737
3672.75014289422,3568.40840642805
3500.37759723133,2104.9340764892
4873.83096583781,6586.91283974488
4374.17929361418,4101.71725586968
3195.73479939804,2803.22582244802
4028.30876825169,3437.58164288617
9240.92667553676,975.857908335547
3696.46075279096,4310.34684863667
3391.3991756806,7280.99844451267
4576.79092265926,5392.42328982028
4436.47965885934,5140.54490759557
4594.72502790498,5297.96884362911
4189.53266432096,5093.77246532344
3814.35697113973,4104.90008735102
4016.80533120946,4850.36175951878
4146.19982460548,4691.23287110943
4634.45073490909,4464.30379445957
5057.82624388829,6496.03870897187
2230.42704268993,5389.86586125656
3551.31612921442,4342.34303698507
4102.92272688282,4800.46357122433
2387.8102262774,2312.25641224483
4484.88235741612,5570.64747569666
3351.78300451086,605.201230119327
3460.16581636836,2529.63762873355
3839.37331442904,4727.03687100153
4942.1258015814,5636.62896349858
4452.63604205219,6164.53921993871
3444.78681494972,5786.77852063303
3618.98661745418,4657.98629978105
3742.23627590852,1836.23366663189
3058.45997275792,2611.53221680403
3981.82895515315,5549.56306712452
3500.80198607995,5376.22624225004
4696.54343230261,8057.37760128114
3881.57826079769,4043.35139115516
4141.85587409999,6307.69855690337
4010.88073530513,4045.22675419751
4143.3022991048,6235.35140613878
4002.72282372376,5143.38649488859
3750.38881095241,4912.42211056948
4240.56120116597,4152.80916454036
4319.93205789403,5553.88211066782
5281.02073826391,6499.27820305696
3400.04248096819,5003.5804000718
4296.17580014841,6240.12544193316
2100.03858592646,4448.78881241071
2493.95077649781,1430.62551756838
4335.77029974325,4932.14281095412
4759.66035696069,5081.15573317136
9192.97112018832,573.886948721582
1489.21020877674,2450.01652192511
3994.49741653028,661.351016172248
3403.60941053851,2023.15323648149
4748.84433210145,5455.05153547433
4020.78343482939,3569.43129328249
7479.85568265027,7620.45480082154
3753.50929766889,5400.55014490728
3557.37711615578,2091.12404681616
3502.50893501927,3261.74426347935
4899.00027975852,448.913929002996
3389.2560170345,4990.73617179418
4490.58930265939,4975.61909653739
3998.2648358433,6455.29026261885
3674.0512202412,3820.28678865277
3713.05101636264,3032.93961235952
4392.77225889931,4141.55656343103
4280.6428609538,8760.89710671967
4583.14723618981,2876.93646997249
4137.16261152869,6350.15153277695
1398.49166352045,2273.32666633039
8594.61015378244,7363.46461329075
2079.98148678645,8277.89007138139
7952.15312086765,7641.66525918407
7307.30931806881,7929.22508999221
1471.8182423074,9223.94773691765
1684.693135475,8039.92449917779
7436.57245908272,8040.82908283135
7011.81077783358,6276.93394478734
1205.37464259235,8646.76613187667
2056.71168021706,7443.116053036
1555.75353138464,8888.43553697999
1536.99498127999,4053.26209157454
2536.95106047559,8013.91083487415
1157.5122212167,8072.85537025013
1232.04322944831,3621.1715651195
2114.30717993243,3541.8590031189
1567.30179729864,9123.42831651401
793.686523264772,3409.07004389973
7484.66256636567,7387.27976434732
7237.15732585458,8128.73809776658
1176.78772471892,7685.01457241918
7509.22952554042,7735.20594434159
8277.91633248517,7493.81601726306
6813.91783344042,7897.91200926918
1855.37006724788,8962.78572417273
6733.79820094858,6868.46814336025
1037.64936413812,8716.87804848241
7351.82899179638,6912.23928533094
7528.38455815204,6878.41402795567
7060.08985204425,6578.70115574496
7080.11213384154,7895.86445878705
1053.51785616779,3305.62266225757
2010.15189632573,8812.40523643745
1715.93857773841,9005.24570467397
6149.03658287812,9049.10399541899
2514.43338893286,8063.02019077266
1346.62548104939,8689.54470526959
7798.15345400527,7348.62945803362
3350.78745431264,4223.0094578683
8204.03229114333,7712.45049744428
7599.44330856014,7914.25581938032
8823.95069292062,8040.37089434575
7726.88581760415,7893.29233622876
1247.05625081054,7905.16179515274
1731.88906800779,3252.18596222042
1735.84885592418,8388.78164310892
1417.2736057474,3813.87473612692
1374.10771088136,8957.12826375552
1025.74667866559,3286.19483230089
6356.8329259239,7321.6436380729
1731.86174299088,3934.96918539417
1095.55902575814,3349.46302012951
1575.21786348132,8694.38528785995
1925.34890790711,8142.30730994812
2865.92500171363,7931.22760756391
3020.69567104143,9014.6236791921
7237.87792782644,7832.88844789448
1775.93583962968,3845.0608839952
1632.6328728973,8931.72499986462
1181.61988112694,9192.44706197355
1085.41426592472,9003.67896287933
6954.01679146559,5627.98315575172
7296.80116687823,7029.60830763181
1406.6979867733,3209.79547501509
2419.70831008274,8046.58042337825
7063.02314566659,6329.15910118888
7623.35073739662,6799.72150274354
923.036247044325,3708.58917865422
7447.56426432177,7187.22849575806
6625.56391431084,7929.19475976523
5368.40438123946,7479.42454589467
8477.2910226089,7224.14077192651
902.944289124511,3417.67684483589
1115.44141839297,3722.80510276908
894.173772067719,3435.54030488935
7539.97020579052,7031.63971771834
3149.71172501325,9069.6272591135
7644.30009674307,7883.1925672691
7084.00789696191,7287.10571473702
6851.66890230237,7698.25306165485
8392.69506256336,7138.41652393242
7536.04884189766,7706.26966125301
1369.29599274484,9069.90801307077
1508.41512981385,8779.46529643808
1287.86287873435,3585.91457571547
7220.96060375899,8934.48087796411
7761.88343340202,7771.8259940103
5733.05277040239,8502.33451332182
1761.67423841387,8108.6527142502
1863.53891914979,9047.10438310465
1462.90646717744,3306.1408386967
1495.34566376665,8941.47489106603
1425.47879013065,3544.18396064528
987.325372098719,8612.96397717583
3268.03137041082,8854.38679256695
1332.65381310739,8116.71819609749
1997.79713921694,4153.44118467523
1642.18871583442,9120.14451736121
1408.10297621356,3625.50657658611
869.725980141994,3174.36592588532
7456.65094892521,7438.08374322344
1756.46750510909,3807.44949837997
4061.49093945878,7620.70092915899
8787.02086983828,7837.02072407199
1541.76626588937,9213.13782959328
7379.57689927385,7885.81102471041
1539.60821872233,9181.59906702687
8570.08613511035,7634.11872146934
1549.54053093123,3508.90334614948
7622.20927489573,8131.72969796609
1988.17028862514,7858.06427648537
7305.80923307788,6325.12137846244
4416.74990480229,8480.51707583241
1538.03462036605,8882.2705633783
2062.27710824251,8701.59358531818
1192.13111548085,7958.35377012909
1472.54077008679,8925.62578615434
1744.23288851315,3821.07097128241
6866.27992046962,7239.29702597378
2032.6551009926,8429.04419296739
1361.40160873685,3237.44033256654
1637.95715454147,3797.88075898767
1364.2184071177,4814.43959735477
6680.33391263498,7743.21306751888
1800.95633533257,3989.72749517078
2021.13225726694,6146.07952133572
7862.61590256356,7706.2210070048
7617.31980817025,7089.77782232777
2175.10221635702,4110.52566203424
2201.86494333212,3619.46795788242
7149.77303572746,7531.20675648233
1472.95842090427,3651.11706847081
1572.86837078939,9368.96672462042
1232.58686183778,3515.30006976139
1992.19620910692,9205.27936303834
7420.2241116123,7561.71002985483
925.756477453493,3767.9865909171
1931.49959639774,8640.77503368418
2518.19205287257,9105.07621545694
1907.49256861267,8959.45026905103
1084.18301203689,8675.52007393938
1810.12633364218,3746.7384043142
9467.38133470162,7768.03285613658
6785.06281205644,8104.39073806253
1562.38233273581,8140.1095456713
8253.25443775449,7178.76988845707
1874.70819989014,7192.23306910508
2063.84206824219,9172.00468142441
6529.226547915,7666.85434237705
1892.82007212278,8555.79757913591
1600.02863062581,8792.96904578295
685.181044443014,9092.77695559416
1220.21104201779,9386.05796194619
2543.82722710837,8735.0017076531
1185.6085652982,8853.07470868115
1740.75455694392,8960.31365820352
8379.46184758515,7297.08326929457
6785.85341186384,8672.31679798925
1561.73581256745,8645.65759321117
1448.86989838785,9109.70301052045
2720.13217574093,8899.3269551433
9081.68881774896,7415.60962575142
1236.12497008841,3450.54004266705
6682.69484283941,6559.3084664891
1223.7521429311,3734.25003367579
7951.27964752744,7768.52932740622
7550.47623495264,6779.799537487
7239.97903642001,7954.40391960161
9104.659536048,7857.60433727417
8158.63090422901,8623.21017923162
6962.3294018765,8266.9427387336
1662.20967021112,8407.09082701457
1253.88834083106,3717.38497902966
7410.93003374458,7564.45344639268
7269.67629158021,7943.18059944724
1292.21932840688,3372.15980910186
1521.81223024274,3579.75646985404
1876.97239872524,9256.41498921947
6958.90966527989,7429.561987841
1645.53328067397,8559.62370407282
1507.72253595966,4340.89321123987
2167.60942361591,8645.58997011819
6730.42432553087,6716.13438417768
974.41652871816,3159.67808822639
1998.49060663684,4290.88210136806
1073.75626183442,3647.6882846651
1265.73801548799,5014.84286114513
1825.6462635523,3816.04216333546
910.298200876242,3176.16133344279
7042.74213511517,8198.80983261054
7878.63177626906,7237.64726607639
7780.18895255817,7585.53708796298
6943.70500428782,7205.29670949963
7306.94167255808,7547.69383908569
1106.37197749471,3462.60333778503
1737.16809551377,9343.75676603267
1561.66295586261,3556.41132504463
1668.42668355019,9371.43278991101
1336.67217019613,3524.01192375516
1273.53261919877,3705.9166052581
7242.0131399263,8121.13749283647
7217.31972987258,6666.4962407083
512.81572842842,9048.50362397255
1039.2014323644,3909.96041563368
8038.35425645015,7803.99951280511
1490.19233808596,3536.29475063491
2425.14602060501,9035.00671208974
7813.26978309317,8229.47552093132
1763.63145590991,9108.23475690614
7127.72349987418,8125.66829666717
7689.44817899523,7692.67182866144
8387.61373851631,7629.32417857768
9457.72343910224,7648.69360333875
1106.26533391566,8415.21200569341
1869.7713734947,8745.65668363883
1636.91584496264,8862.94915895501
7994.58713004681,7837.36147331862
8764.24724562322,7477.51717055727
7627.9959507987,7511.40609565555
7907.1700713568,7004.82327410296
6923.31625575578,7816.30436059533
1399.89003960994,3408.45513231369
1231.82620264835,3279.05624607523
978.699578847112,9036.18405911912
1806.82991969784,8956.45906449571
1593.68029728341,8989.9158059123
1684.59464282488,3503.89619975873
7322.00397596207,7910.61607723536
7044.13213715214,8129.48537018135
1116.19912192577,3443.35490994397
3107.69782455854,9549.7557704623
1049.79182232112,8993.20377381181
2384.67522257783,7498.95729587604
7415.10172180166,7843.67935864055
1548.43140484588,8948.76633353183
7630.03633591225,6917.8744654216
7821.05965878402,9404.71996494617
1337.54624566724,9255.96161688056
1289.10050965178,9081.11654619522
6362.15838993403,7286.70946488388
1508.9304650736,8868.96503579659
8377.16211755479,6205.11445070975
7471.88206480491,5315.75592909362
7584.29198839736,7901.89860982925
7276.66120790397,7347.93535926654
1373.52446293147,8904.63385195837
5532.86870653714,6788.05551115795
2225.88406245414,5753.19293761258
6915.44457002381,7435.01351120834
927.010907077006,3372.18935560594
7336.95622184353,7333.1418819816
1855.53144340822,3756.30762374784
7410.5940264475,7791.87200005119
1191.2493851254,9231.21337625407
1706.59987027637,9094.61571125387
1348.16419648628,9171.61812939756
7130.6958256987,6944.98498129398
606.386527047685,3439.48256437876
6717.41232808096,7730.0957632249
8576.86648440415,7638.01412849974
1724.49461332806,9211.05923768634
1214.58320015029,7404.57938663499
610.965380457438,9270.95741904882
8437.47424196296,3439.1099232918
1732.32016560048,9108.60322394441
6990.83365540286,7739.95923354302
1279.86277147291,7125.65428101317
1566.33460266134,8304.88109805849
1338.95843548571,3099.87592818822
1183.5314506357,9349.45034249355
6429.30827800345,6477.73895792809
9109.27170447099,7698.8413433839
1651.74535625035,8139.01554820469
8083.14783168283,7779.52492666857
1975.33250188929,9304.82951482376
7475.22099856815,7959.98087600304
7407.48337318953,7275.50139571744
7219.90229486772,7121.90468411085
3837.80556855715,9127.715864547
6564.67826270213,7551.75571456537
8368.84065499628,5805.24591419678
1284.44279887507,9176.40066605138
1165.26803048802,9003.847795544
6586.90643445893,7791.40657349973
1250.25655960435,3665.39435807226
1811.41474794125,9086.29482557013
4448.09640719806,9002.32317606035
1172.35769804382,3227.26898845562
2464.28135730964,9074.4354517406
1686.56938448382,3532.3582752401
8215.7479294473,8087.15861812469
1446.37773328596,9010.53936913559
1092.83118938379,3278.42063882079
1782.20797901458,8721.52865685343
8091.56412839939,7737.46141812461
1365.99661886028,3845.35382908001
1758.45764961769,3858.95224312012
1213.9910994332,3446.14804994725
868.190273091558,3231.65669321697
7142.03220443432,7153.84607516636
884.458170266435,3237.79973276358
7503.50995450427,8562.61181276665
932.642532850751,3202.31912453009
1223.28807182519,3644.98390238488
8218.99231466827,7820.01645192674
5887.13156305652,6714.54083244569
1360.73995226587,3701.27392251542
7505.17561052281,8424.64021926229
1697.93535687181,8405.26673271845
1306.88025872249,3236.13447580534
881.275537877807,3061.39291463858
1991.44992478099,9142.41963687776
1210.7142347379,3619.73886957389
1719.62334647172,8973.39116055294
8048.04086718261,7630.39914573105
1642.48759987239,9022.99401229576
8558.29055865634,7629.46461491757
6655.70964126523,7361.96599405514
8474.47808547039,6708.0852793631
922.05844482799,9100.82243790864
1024.02385925326,3143.62224329962
894.679402250245,3134.10294795766
7123.09571288079,7808.43148795385
7063.44973330411,8144.50301864502
1309.00846600437,3302.93364653371
1757.15203437946,9005.59427180774
7657.72495199551,7314.26900836421
1164.19445375202,3472.35731725962
6932.68851235215,8208.90351752993
7186.03054507911,7922.93792262834
903.029566090673,3268.65900644559
1597.4155254518,8330.7599128384
2532.78382228514,8928.63178712497
1180.62487804521,3432.85523617253
8630.39337807199,7862.93294087525
1813.71797883381,9361.56412505226
8215.83777475644,7999.39529156107
1125.77380753267,3446.03486360311
6653.17088782833,6856.37000330428
7831.55612518205,7573.70554352806
1033.10897640119,3345.85707708065
2226.99289814921,9042.10567831203
1606.26770666633,3668.43893006082
1326.37187448937,3471.11126316559
1332.72355438064,9271.30413180262
7635.14666064421,6553.51700438036
1326.22235093404,8951.65452922581
8001.23304181899,7282.01315760881
2651.86172218024,8890.89219454439
1061.21511614871,3776.41047011875
1827.20900100734,8829.81746807116
817.760413542532,3427.06531372463
2131.65485617976,8921.79628641987
8458.01982125674,7060.56315660995
7315.15341781128,7570.88713213483
7253.10613322244,7617.50193957855
1670.6920893073,9116.15090017397
1249.31816255231,7569.1043183134
1622.15502228554,3630.66725764978
1271.17646704115,8785.82834283165
7781.33180759039,7549.37510537592
1172.48375260777,9128.01565257588
1974.41440748227,9447.5569834567
1092.7392131937,8666.46410623404
1715.01488678975,3583.71045190149
1223.05970476499,3558.34122393308
1714.5583542387,9302.41402699246
2089.01952276774,7933.11691157176
1191.62434140599,9062.231204721
1693.00161703817,4280.24460043775
1275.41911432544,8429.61026341083
7053.16984015395,6586.67385264519
1871.28958339723,3673.55845967069
3651.88637867817,8645.09692362146
7833.01939145695,7345.23143424634
2109.57084621843,9088.78883466893
6663.4509990723,7411.00311255201
836.250724415049,8631.32177912905
974.483152042804,3282.12884320474
8356.5610795725,5943.09314873186
2040.65294089835,8534.72557395782
1207.78717473594,3226.75381881727
1094.01340486638,8733.29925059002
1173.46706814253,3565.24583568193
4983.51738029798,7547.50667843472
1942.97242365425,8783.04287560922
8044.32076207119,8352.79432967292
7956.30494590227,8403.44757447814
1215.44187167715,8720.5642633901
7106.52984097341,7508.72783123539
2780.8089766796,8493.6372944776
1821.60360120988,3632.99146103112
1299.69325385512,3558.22977773195
1913.63006526048,8971.12508544607
1487.76735407438,3778.16496447709
962.142544150059,8858.22907033257
720.716551141294,3371.95649722072
7381.7431417655,7334.75181239114
7138.04574555122,7787.71896634197
1090.08771581273,3596.32011000688
7417.52891684049,6636.97128531581
8195.98286444109,7391.09287569687
719.66189600299,3023.60540108696
2833.84008613227,9063.31952163663
1614.11711386856,9311.85054779461
8456.81531319296,8063.16024561352
1599.74765902806,3822.85936230131
1072.88869459606,3293.23323511955
674.514216853243,8835.72878213023
8116.61431283987,7406.53757302667
2166.60305431505,3750.09828641284
1709.37581458108,8755.77262815641
1998.98061118542,8751.48582632848
1685.70964658318,3696.02182902942
1820.51702075765,4076.50245411753
1528.60850511982,3731.92413613454
1502.65685113629,8904.51924505692
8218.54810066581,5968.72215498887
1246.21383240236,8540.44891774099
1774.38532103688,8819.14195770707
1679.22067304982,8848.92693561927
6166.34641601801,8078.72764068003
1572.04956004883,8986.14840769645
913.076460878497,3541.25979638592
805.433119862979,8659.50709944952
1694.2545466856,8451.47295797093
6031.35155042032,7202.88796251692
1691.83782055069,4606.08658989036
7748.55499218385,7768.49392770118
2917.12144882759,3911.74334898548
7312.67130979331,7382.95852243122
722.532858992857,3279.69573647514
968.904033339437,3492.34675109737
7424.34864315567,7701.62653949304
1592.59884265601,3543.17916372817
7880.77474306606,6481.02198979474
1200.61352156085,4806.24856334809
2268.56941299734,8494.55078812309
8711.20671726465,8004.67104471505
1517.13959310545,7231.27322538639
1466.05197971406,8798.80319865603
6740.34220119718,7178.41837953734
7912.45811610986,7098.59937701733
5610.97680936101,9031.21186214058
1878.06293120411,3949.47741599979
1435.06675610454,3725.46357104725
7115.82538751986,7033.80845145453
1953.21992798072,3888.91481002811
1262.84127475157,3552.49211658605
1451.55951166727,3643.93971026591
7113.9423194928,8448.74693509177
786.142203013387,3279.36822699237
1614.63582045154,8901.1377315704
1662.39502698543,8971.943769348
1331.97634400663,9400.8980267635
1654.14767368239,8657.92413044167
3039.64271877275,3311.74720033784
926.008863418617,3550.19013414184
7566.40672389918,7194.0752729418
7226.27730491629,6352.62582530837
1608.5368097158,3809.40606171028
945.876060409078,8206.87245605613
1788.15140176911,4172.69430205888
1639.46784414964,8013.30501125822
1374.97329605238,9093.02963674634
3385.42806459723,5666.93333494723
2132.98572005891,9106.32125428096
8844.29549695298,7349.1851693132
7802.12631885676,7346.20791742337
7720.57859973107,7486.96291716784
1397.54525743655,9046.93239326179
1831.54341735532,9170.42548728336
1485.5802164022,8981.71535937069
1043.20879139009,8876.38408384803
7027.45755954412,7308.31576549356
1226.8022839625,3609.03641710228
844.67621263795,3395.11220020204
6873.44025670239,7284.4943071743
6832.0603062288,7745.77716818279
7443.45620830363,7531.99486471625
7364.99769168107,7262.75959500266
1796.942537478,9062.73773748932
2325.970512136,3906.00369468447
8354.86666097022,8187.93939754362
903.331089296619,5632.24074259027
1255.14879310148,9163.7201160797
1787.61766176707,7486.7015085668
7193.92117950321,7280.34221583904
1833.05340521661,9068.26306441544
8494.12680885777,8263.00295082834
1460.87278044842,7797.45607724824
1227.51939522595,9063.52531573475
1658.92256775396,3742.46014206957
1644.09873082998,8631.94983737213
1405.93343994596,3514.03951492806
1047.49794462841,8281.7430270741
7340.47450367576,7980.86517131135
8377.62847376856,7570.0951727488
1704.17259306205,7921.12582772424
2309.80438212974,8709.04941115655
2064.34792968448,6890.70062410365
8416.64123253148,6591.09127758292
933.486242898193,3451.09038577925
7007.61609382068,8076.66498267824
1251.20647255919,3409.02031225028
1332.28896548717,9079.824142108
1087.35743716614,3308.60240467459
1348.87331448122,3712.57729868517
1365.54039684883,9145.71370285249
1370.43695299579,9226.05537018166
1423.39429378717,8484.15233108833
7400.46219982551,7364.89723188962
1685.03404199134,5312.27579289681
1333.3463116455,3597.76175973591
1461.04835289266,8902.14468215294
8128.06265947401,7055.14792332032
6687.16392778304,7075.07257681458
8303.51521712361,6936.82560265873
8442.87582511679,6875.66932319299
6854.52257428044,8144.66137791066
7336.19135525744,7997.48424072561
8621.48072551648,8072.45418605771
7430.9351717495,7363.17061967897
1091.14893367866,3114.59186973043
7304.52114216774,6739.28261331779
7658.71375653327,7735.76439984186
1279.09150825358,3828.38951701755
8587.27877690688,7338.43274301736
1622.19029283871,8950.19543402937
1799.20089656658,9415.84670336971
8045.87535503668,7443.47093828709
7558.10725729842,5424.80898807652
1638.36652945398,6399.36502934868
7705.36055032836,7608.56661728957
7268.76473317562,8407.49271266969
1703.24848888874,3358.65086288018
1081.97762265786,9045.70802105965
8886.00200948246,7183.91848928645
1673.797551075,9174.34535456536
3313.1918715885,8271.57281421123
1018.28666303553,3763.25200254288
977.800832639813,3505.34809850115
7834.56179598687,7342.76762620684
1494.54579870537,9163.5569145886
1589.66312806248,9130.53289535421
7744.71671445416,6988.10972246664
1943.24324176254,3988.92768044313
1219.50991399039,9027.12226790893
2199.96635892763,8715.81723568876
1293.26624542354,9049.16437153939
7837.19198941581,7749.00307882581
8013.43339357255,7554.7372070371
1083.63991862287,3206.42428478709
6965.78750088123,7328.59924968405
7812.5242187429,7502.84167259861
1165.66603801325,3408.5661577963
1105.67401292088,3495.24779592889
931.82280988576,3506.44933716219
7367.03131624281,7702.15570941459
2042.13578589064,3787.32851939521
7823.55036130095,7900.89870275674
1441.19089867933,9068.65408778089
1789.33808952944,3873.32428063092
1887.34932193894,3936.95134848382
8045.78219655894,7756.56542612606
7463.54244663624,6783.35125695382
7257.11505412095,7792.06219510359
869.86093830245,3041.08005874489
6059.66182948486,7802.67453932718
979.194838178256,3748.45353861012
2306.96612101662,7868.97001657751
978.223840080883,3283.07320139556
1028.27844931945,3489.99914110449
7631.93732802222,7680.2480936331
2345.56096204461,8298.10509450623
1544.71310937083,8612.57139123425
1127.60981627115,6924.50974126884
961.647010195502,3173.88195245669
2564.62991270478,9786.43229641636
7525.24170989415,7087.30013418564
1646.64894368919,9190.53331196745
2186.02471654652,9034.69764857833
7953.61401812347,7341.84523723349
1356.84664189548,3717.1574468957
1320.08669464946,3925.48127528826
1520.94821261717,3962.00237709693
1269.17303857438,3747.70934964092
932.898503491675,3684.17439658201
2834.24550182634,8587.85684494853
8115.18254968237,7624.3352934816
1216.94210641927,9177.96344775783
7123.44094979978,8151.87020084585
7785.70425587479,8050.05926625463
1758.40118414764,3344.33001662772
1673.68056711981,8916.90174888962
7315.85007447111,7593.04885429761
1537.03220399699,8978.6159391874
1329.46167001018,8433.87420944549
1109.14413288661,3346.72762705594
7209.26350885384,7555.52423890108
6675.84263694049,6557.35279969472
1515.79421441953,3687.61179518134
6899.00556199297,6979.02839157608
8355.18774935137,6432.46845295298
6438.5396677354,7665.07437313358
3590.57832640963,9056.08160827176
1592.1309314379,3712.09062988603
1398.35766431524,9099.34417578838
1758.85232950211,7837.88955308774
771.892587791956,3117.84406989665
1052.50794577391,3546.85784294141
7053.48005918851,8365.03417249463
1203.20116419056,8634.35146850461
7659.84613996945,7419.47087556002
6804.34005476006,7234.24207678798
1579.52147743683,9447.61815210676
1515.10763569544,8811.82079858443
7683.11689961653,7044.63109496649
1121.94525295826,8891.5043479679
1703.64839462228,8745.16820137344
1624.81164285851,3646.80157768568
7350.69328338728,7666.65382558747
7336.69822452116,7866.97490581238
6982.77755962559,7322.43578375544
1470.5678432682,9466.04741097648
7078.43770968971,7765.42702133898
1585.5773041759,8224.20216253799
7030.05130970405,6709.38940336866
7243.8868189043,7178.51737743435
1426.91768512605,9478.47437933336
1847.36482844753,8193.57833555998
8605.27866912911,7974.73752053
1133.09261897367,3401.80739725594
7257.04164785198,8102.3525908266
7839.1623758489,8130.18317310037
1943.60053284297,7284.16880974247
2283.06704155121,9085.70656261048
7128.85883196807,7926.37682237711
1673.46686732191,8488.386870725
1128.92828369089,8959.82567991311
2613.45324828313,7766.28121277375
1442.95176781035,3487.99129901855
1101.55467132974,3562.98711937099
7429.01368568705,7176.43409795802
1451.40920578446,9088.68118655176
2048.03762854679,7785.94132359398
1152.07161141262,3535.21633739893
6440.46334772254,7892.01671563483
7583.51971041814,7295.89994355346
1654.81860108921,9124.76469556009
2869.59561144822,4037.59464902955
1417.71606008122,3653.71703672061
1571.55592571876,4088.94324077903
1368.30571568191,3927.87693251063
1800.80395724676,3897.80170233962
1826.22312308138,9212.48267780683
920.783214405284,3446.33193170181
1028.09226452174,3602.86509800152
7500.13419713607,8101.53661643598
1541.83004250191,4045.70091786053
4838.92651358224,4234.26385717583
957.973709055356,3230.92960194891
7596.50916119125,8068.95452475143
988.911129083115,3376.4442662654
1459.1999611328,9177.42310809617
8914.95899863834,7392.2243548739
1247.4130627441,3319.36250235189
7892.15987009347,7666.1349016253
8150.8184415864,7093.90137541272
1017.88983390083,8686.90218883435
1953.5136935442,8319.96650944414
837.025886432299,3340.46011307901
7519.34710722706,7673.37391071362
8906.67191990088,7484.67252579756
2101.10768854254,8863.25940119275
6325.1120643098,7038.60783354971
1574.04475294297,8008.53929181204
1263.19329850757,3632.2239747396
1100.9050880904,3198.90551207427
7568.4989825934,7890.66659731969
2328.59820732627,7718.53874935267
6825.25573324352,7819.30944856054
729.169033998199,9197.50287391111
1293.78384988684,3575.70474600812
1134.04743025179,3466.60636769418
1354.71917160122,8749.47945165975
2022.60657029035,8659.17993743027
1565.7238204437,3761.15006754059
1503.94283809883,3220.30819175714
1648.82457363443,8546.91937479076
1189.33424914974,3303.78509093966
1589.2939762831,9130.79093442198
1808.10703596453,9022.59880011756
7282.67042332811,8251.16008095304
1646.9293168389,3805.51245836158
1197.27870318884,9189.24288780961
1747.16882962635,3521.84702516738
8562.41106918729,7890.61191484176
7434.20432684556,7654.80845490013
7240.10675413225,7403.70989112671
7285.92870578687,7867.03923743356
1321.49328071783,8718.96347194239
1422.15958674158,8313.20809655537
968.800803564015,3336.24799501534
8372.70755301769,6447.85966070782
1206.80244487281,3580.16486526776
8251.15945437236,7325.70795752601
1225.92272463866,3653.43635431959
1564.53535830395,8354.89952125853
1876.62487743957,8935.83111567217
7487.67739618763,7197.77250329811
1551.7318667789,3610.93087209075
7854.91653574246,8072.1110219163
7210.80889689872,7273.0982594612
5246.56123327049,8025.92499317909
8733.55661070826,5041.71475678229
1438.1504432672,8786.60002833238
1519.13536593146,3756.21920043919
4683.04675285202,7921.41534652681
973.104850416675,8487.86605252155
763.736620701329,3579.06632638317
1852.3823686641,8606.74837172108
7716.5160659742,7258.97981337244
6559.53587624191,8039.46231564636
896.01300819183,8698.02768858051
7098.9432608572,7047.24330520263
6805.99110174053,7763.73772844057
7653.73633056872,7398.07760938143
2292.67792202031,8014.851627404
7628.78924539142,8003.52133233569
1433.732428027,7858.76510320799
1926.64721535532,9015.38523669286
1029.01067824492,3138.08388059168
7768.25274279197,8050.46101863429
1196.0431579281,3596.68338704146
1102.96660277807,3269.11920485881
1659.61748412151,8907.48527864328
1088.04706956261,8803.61076457641
1565.17646005484,8365.65526846733
839.466833980178,3252.70948409984
7983.08909348828,6808.20269605432
1204.15244149277,3447.98979352844
1289.6918660627,8186.4920281412
2555.53302153501,8786.02357887179
4957.46711542509,9335.89390911584
1385.55507009609,7829.57932188231
9252.27820946357,8047.72412533288
997.742953997187,3534.78556440584
7204.88046269451,7948.20790936348
1372.37504464759,9014.38342706892
7532.03035697257,7369.27017857578
866.206474527072,8754.8247761413
1655.98979960691,9097.06361066719
1696.31456226133,8850.7701582603
6742.97372638446,7077.74170293607
7256.96721921575,7658.21505352076
6149.69238287039,8818.78541745027
2380.58874650079,7215.06374033348
1434.92980899231,3603.41955431011
7698.53293968545,7828.37474129774
1937.59221048162,9155.86418268334
2053.93790715539,8977.46690909408
7221.77442812942,7532.89886786331
2934.30531590484,8760.73621114509
7897.85912955763,6570.35618178051
3409.16173484031,5439.649686196
1318.48290159561,3982.3549015029
7931.83061836041,7112.59758608129
2746.52766277232,7733.51003003188
1419.71516098991,3853.18356405765
3187.8583698492,8558.70819495606
6829.53620428459,8053.06314852446
1331.40788707498,3808.07653972399
7805.83483256209,7088.8470729846
1090.71764405025,3624.71187187969
1441.01719625138,8940.88592454341
1446.86734458015,9314.70358180355
7423.70843613999,7463.81289153289
1407.79468058098,8820.91552450008
6851.33100535133,7851.59592138604
1012.36413240001,3317.96144568437
7395.99507010396,7279.54520229468
4990.05956309649,7530.9966838895
2637.57977167826,4394.47953547871
1426.12555962912,9172.61197156974
7061.14971053709,6598.23234934631
2129.7788777227,8860.66918460046
1537.43703576713,9274.24145234393
1828.39895513975,8226.95779145141
3104.01674811896,8770.41828057534
2031.42229099015,3344.52190345405
1164.42311464913,3100.17296793598
6957.50719836668,8128.53541779169
8097.58774968941,7236.37947991923
6943.29664349018,7537.17346260342
7573.49438384586,7147.06599332324
1230.47553397706,3254.12134121725
7772.60658637581,7759.2512266491
7487.45906690038,7970.74397088218
1063.85354289433,3313.48432851489
1044.2562129409,9001.89482948225
1468.09768739567,8546.27991627482
1339.38922620949,3635.26288757125
1126.69577449242,3574.99736561767
7513.94530612232,7902.68632070854
1456.5796168942,4989.04118935048
911.441913833686,3546.34033754115
961.076172069516,3510.08608679376
1608.91754401841,8902.80398948942
1455.19313952643,3670.09306839522
1130.38051527992,9159.40916375446
8791.07096975904,7615.23690852082
1275.73168131562,3333.31706828431
2248.24197558773,7483.86778096826
1420.23480603646,3537.13885142783
7221.68858195503,7692.43912309799
847.776879568371,3082.19384519132
1219.39811007091,8191.62593631698
6384.7502992175,8208.59086605581
1496.68396350831,8898.47490915315
6339.04755513285,5851.02065706067
7737.21485699629,8175.34298774196
7594.76879863792,7046.17666437826
1671.98016376856,9155.08381550907
1105.50296131554,9081.78051427491
1194.36005371008,3564.2622033919
1301.54925051456,3618.62436334282
1042.53137122295,8962.16921873994
1296.14661117211,3556.39675595729
7538.97184380913,6606.97359933488
1625.92814628494,3407.67255193437
1615.63159646259,3627.41045497291
8040.77499484309,7541.21317590194
1163.41969342262,3484.77390023717
7373.6737152281,8783.01791654445
1985.55319874332,8994.27075380617
1595.1314588709,3761.90608686948
8310.18903675266,5673.91722936454
2213.22229053872,4153.927821485
6340.49111747381,7913.99756772442
8965.63786946592,8040.80489977735
1153.91467798818,3692.16747992696
1982.96667911943,3438.14112169313
6955.19367774447,8036.26464274644
1116.32618421684,3515.35125310618
2324.25878759779,5819.3926021319
6253.68842541034,7472.2471752535
5300.05046568302,8561.09666077446
4109.61018700367,8425.37740041078
1563.19505095162,3669.46241312901
3498.3144845374,9167.44460612868
6845.00672647517,7414.79619426472
8050.03418077843,7686.8900954175
2134.86525227371,8963.41355586188
8273.82187320713,7418.3773211991
7069.88784480608,7454.5396449384
5649.84363868464,7057.74947565898
1424.54269994972,8067.7336672523
7636.57523651751,8226.25348276374
2966.05962756848,8432.570267958
1188.96893400274,3212.73859219995
791.258909687008,9025.93164989155
3106.7708315035,8730.82719892226
7866.4244260652,7864.59181716768
1402.81138386132,3342.28235924448
9086.88546975421,6316.51481010737
1937.81344415274,8939.62906038265
7143.76935625547,7788.94052354138
1394.92849595455,3816.90621317286
2130.42503636823,8335.74775476244
5471.15622795576,7528.77266551626
7756.64503391444,6962.08147081336
6431.86404750417,4273.88090184393
1698.83359212375,9258.23740826013
2206.01200255136,8991.97204195805
994.783338378873,9014.03832960445
1325.34449806752,3513.65998247368
1996.22891737914,9024.3134748821
1299.16219626115,3704.06888442951
1410.26670111988,8232.92822516582
1309.12818385202,3599.78285915502
1306.60101365358,3691.96214059376
1306.70528832059,3394.34041649182
1292.84497755527,3487.98063224774
1051.47642062985,3448.15268112858
1465.17632456088,8866.82910102419
7243.28693612024,7525.42424246527
6532.96431786588,7725.3880465935
1093.73895317947,3497.75747384911
806.167131610541,3383.65581065281
7456.53539621689,7982.88855127102
1958.08569184232,8839.4935305718
1344.1809520915,8545.03427484051
1161.18286572786,3470.02553191347
713.479746580349,2967.63747719981
8726.16229097379,7350.33288845624
8131.77489842137,8009.87879334067
2003.50644062951,8936.89328142385
2696.11560402926,8808.78042839115
6993.38403733526,6795.04927736402
7116.54895024234,4948.21134786018
1696.36907128256,7623.38604310386
8493.26842657056,6496.51284130491
1634.68359034221,3465.89762924001
1383.69607759222,3935.01331853274
1902.41185364317,9058.5668320163
8503.14973122779,4993.65121794073
8527.47847304539,7806.21221819545
1628.16109909327,8549.73038316706
1386.66129156134,3533.49693437746
4658.52464240206,4120.00368411071
1896.06893213505,9101.84547827218
1710.20045674484,8871.93174139623
6883.6441807995,7709.98413364544
1348.95367952583,8225.06855208328
1437.40898487037,4005.19077614524
1633.6097328527,9235.93037312497
1463.94961846425,8594.61117966579
1613.61108371521,3821.15098381389
1490.0179237054,8237.45383207893
7520.95857954341,8039.06183700632
1588.29768370451,8807.97104273901
7314.81990717466,7762.21851253979
7526.654672307,7994.74378369121
1339.70783961183,8853.29426336099
1570.12386523737,4120.02896956068
1610.92092622055,8344.45133495835
7676.05355997363,8351.08822743622
853.432845167157,3403.95684047141
7452.30599681277,7697.02993260443
766.733613616391,3041.58492046024
1459.25615886236,7519.02802023908
1739.71039214321,8672.58762608917
1530.52653291652,9084.21649652661
1162.6436758562,8685.26708549072
6991.90021954544,4238.65394218346
6942.35799535357,8013.76647899537
7402.87874968657,6932.15390934761
1925.66077452123,3619.7457858309
7437.95979228691,7721.18472328836
6535.69816959825,7075.87954862539
1427.20276459295,3622.87151290302
1054.5524225819,3265.87639081359
2310.47690515814,8938.53590778745
953.851785679723,9044.39286428441
3207.58735925248,8936.37892354532
7589.21650980644,8485.28623559168
6281.95014745323,7026.23086406524
1570.83634026466,9446.58767787311
6732.45023786605,7691.17316260525
6915.93001319336,7884.97382696136
1446.3623663695,8821.31495714401
7228.0056631618,6968.4812321377
8482.10412777581,7676.86728572597
1584.74808620724,3673.5708100091
1540.02150167879,4397.84092432196
2673.91063940634,8251.5600656007
7363.43690485985,6625.54594515733
8297.74885031668,8491.95421817894
1339.56211309011,3696.48825152351
1016.22835889365,3425.53520538056
2081.39430913405,8873.69961700833
1289.55945651866,3617.70459889803
1485.62822946873,8991.73787924174
7987.40680845674,8067.64019551379
2341.65087398924,8781.15800190795
6808.23589194898,7302.22455272294
7286.34127536788,8011.87543838124
2158.07775915315,9150.3522658856
1191.6044047698,3435.23710416859
7729.16971461165,7871.01608721437
6825.27343928363,7978.43814953635
1157.96276302995,8892.78669452463
7298.42933779913,7883.85173622238
1575.45765425016,3649.41593683845
1544.57823868455,3306.71407024395
1220.22353211046,8675.37917284051
1083.28433287269,3670.14759034845
1326.58549799817,3524.87861888571
865.06008919643,3658.61754991677
1522.86266733882,3628.2874678123
1602.78851887394,8398.86723243485
1241.81495656369,8832.99936563589
8053.48157323334,8064.46298626091
1349.17751779272,8565.66328013713
7300.06579648543,7285.19300676496
1820.65497901119,3638.36014624139
8414.77810601213,7866.09829113049
1224.03472307708,3317.69424093015
963.945533520814,8946.97051345634
1424.54133640462,8712.00137883115
4567.29517472946,8978.2676383387
1530.87880369134,3516.39339427159
7289.76421884545,8391.86504374117
6812.93600787891,7607.31440679807
1225.83620371896,3367.43404252544
1274.41751695971,8766.18086123886
8660.29143378136,7577.9996030089
1119.27581718488,2997.62989298516
7306.76849092431,6785.45213452568
1594.65483681666,9157.25843359031
1605.36064247489,3830.43018343567
7695.17010565171,7207.28031044169
1006.04323577546,8062.17235456603
7690.29829968387,7896.47559919369
3009.55064899112,8642.70257826784
6614.35450331107,6930.07318980972
865.954945524022,3458.42298164753
6998.67749184922,7701.17548469599
1409.55703213821,9087.40440711355
1803.66393656672,8133.55476462809
8774.54869454087,7437.60222432897
1752.73615632828,9136.80582003113
2151.89571188394,8301.96723929549
8570.43652787116,7714.53469010165
1514.33805584911,3806.01200057034
1750.10653314857,3783.91485498869
1543.74239202641,3704.45888831328
1649.68976451707,8409.30994068185
968.301526854432,2974.95685687181
8616.29361506632,7419.91341597543
1017.6556707941,4710.75528987393
1607.63569906598,3753.28807269932
1300.38266174635,3263.29401187763
8377.47286487512,7526.7866989619
1799.20062644749,8290.9775725841
1387.93462295561,7933.93595313687
1993.91045161764,9199.6164666165
8018.80433519345,7533.7488403313
4955.40940211644,7172.86524453011
2110.61517128922,3538.06955795358
1425.55887736551,3825.55384012512
7654.37247076298,7605.28049532938
6416.15550058664,7096.71664541278
1226.90487001089,3798.15468205112
819.956306385737,3345.03406038242
1251.10873362682,3476.23891986802
1563.7833127834,3691.51031748934
5601.63748582387,4557.72349481628
7061.31907816689,7535.862075034
8000.20024189193,8902.34136196318
8864.32265146638,7643.5523140707
6613.04866731084,7960.14109404278
6915.35573912356,7313.69088875191
1743.41437085089,3377.48199267608
2251.69712471449,8927.63131363596
1121.42732199217,9001.10235222716
2181.94033186843,9066.02487688879
8112.59325809493,7282.72384764516
1614.45808838607,9420.22418123326
1708.07857337235,9120.38303435237
8305.86830953721,7876.77184697444
1325.1911602866,9290.38388365219
1973.01854168305,9012.17222996334
546.885418750612,3076.20367704277
1721.79178310466,9228.20317411763
1428.49061568293,3493.58185500678
7160.14782525542,6750.68421520328
1486.82815101208,3923.84530412311
1378.75762931112,3529.68912783889
2028.9685958731,8768.38124607731
4924.77957394238,5141.41300390185
7139.28032207757,7436.88771111647
1143.49592789191,3531.28083903211
6928.20619642989,7838.735137917
732.520810658019,2969.82301642701
1168.85824612701,3281.43323560555
8300.20259285258,7270.36170257866
695.225374042882,8375.87892287926
871.658823858615,3677.22854749596
1190.30562484271,3192.88338758937
7086.01052164678,7374.243715042
2840.22304755641,9157.82304652766
2045.6647095703,8513.36672595144
7195.81437373406,7865.31241319353
8273.93149117295,7368.62933019139
1264.72913854776,3675.63668100256
7070.66312899339,7776.98627462659
8862.79290346538,7750.55443191783
1390.30885516696,3469.97569696182
2166.5773938362,8976.14774223449
6916.98084921854,7930.92348178263
1705.30091940909,9018.14889813864
6955.06476414013,8102.63411307396
8332.30970093169,7251.64246290291
1668.73969440107,4026.210462742
6186.56438399497,7329.98674399612
6942.67173560909,7460.71161716917
7963.88012162606,8011.25859840717
1806.70415991026,8139.95791728058
1124.87471830691,8849.38444765884
7066.01655829183,7706.23984784107
1494.92610805204,3252.27987811761
1578.75995518196,3832.52907328758
2445.5870008505,3454.03229903486
1742.52284276897,7833.1473412855
934.355500122805,3131.36465067868
1911.36071798522,4043.85543042325
6833.10659661262,7457.22773753983
7816.84486544434,7959.92307106598
1659.14375098802,8239.76592799174
7564.70910589586,6512.24725556842
1256.62518997143,9141.27014566814
7309.14894631808,7862.74766799646
6674.16146399108,7867.05120439209
7185.33176062448,7480.45679585544
8332.57038712676,7945.61985835347
1279.76966983734,3547.2767313724
897.827551847106,9078.53376300661
1783.56320326621,9052.55652255348
8587.19285159618,8160.68336659716
1920.65290632603,8749.50319133033
1586.18998174231,7205.08627989567
7658.82272113471,7615.85919516905
1130.79326001347,3685.58531626809
1356.22526529837,3699.02836339142
7457.21249769303,7122.88834913331
7816.25173541813,7634.92899801194
1034.38666283479,3913.75210379325
1175.44489931427,3325.42690987928
6791.36647534557,7163.52594909067
1663.80453989772,9211.97965459213
3469.09311317938,8291.97106369071
1374.03753974355,3754.29058920744
6919.34281838028,7953.0706977664
8557.44935551852,8337.54137036653
7581.85755604394,7721.14202960777
8197.73262599364,7419.79519028361
1624.04018635992,8525.43351627929
846.287517943021,7917.1374754129
1029.38816303438,8895.04100980436
7715.44410955125,6432.85762614968
7456.24940386331,7600.58504067897
7308.85317339967,7250.19339842418
1301.39649582026,8728.93566020673
6712.30992576528,8637.12201755027
1021.18409916572,3487.72055733935
1948.05574704847,9283.43202696264
7842.95378894284,7948.03065003669
1169.59942874485,3488.16352312722
1062.0717099279,9203.32277441139
8065.12585329962,7613.55090641942
7876.63954186466,6574.60163764901
7297.79128740115,8042.9601969166
1331.94096165588,3481.2687076436
2098.34353638973,3600.71031378518
7989.15157689047,7541.85642692743
1162.68307236579,8666.36692276995
7768.24975826265,7207.78317419766
1324.0933073921,3804.78167765726
1603.78199428264,3652.52141224362
6411.83728875206,7350.52112393824
2179.88035936515,9126.52937673588
1204.89755591694,3567.71978724151
2045.73010128554,9195.80850689719
7999.57735445723,6692.76204812468
6754.492684327,7331.4987879361
2078.76092194974,9058.18609936053
1097.50572632604,3331.91646837638
1907.68737154912,9242.54561177951
7552.58216907317,7250.03143920266
1588.22791293742,9177.62347451622
1063.24609677421,3362.16514402451
7588.81971873073,7492.9586965652
970.747582001411,7906.620646399
623.317875774044,2717.41302307421
8092.45909961344,5905.22767618848
1448.40970072991,3733.18002229139
1105.76993806029,3369.26377703388
7217.34454638168,7007.53659638871
1201.94301765125,9233.17726244448
3103.52065162568,9227.90538123526
1311.45293722947,3340.11746985436
1461.69492718977,3904.9320230105
1448.35816436968,3670.00070289543
1266.5142104817,3423.68773561709
1829.87842886094,8983.26538368146
1976.91111202721,8283.79044700308
1816.84813581377,4026.03483305064
1438.69296460254,9042.62706293097
3038.77342280323,8975.39008581571
8047.8426828585,7820.90566635441
1446.2717493818,3603.44817730896
1274.15367094063,3501.75575239015
1663.31795773745,9367.97012510161
7726.09999162717,7086.9741971842
979.78913739312,3514.82927528222
959.65620548039,3748.54492729939
7423.86178692887,7350.57493731628
1872.91553397076,9099.81339953482
1704.63705203715,9157.88910325566
1496.85939383855,7581.05975106843
1272.80515736844,3469.2314048755
2867.62641051587,9025.61844563664
1272.27702230032,3640.36591800732
621.51174630615,2600.41075151914
873.066048713037,3173.33057793743
7701.87377219849,7600.05545458157
1925.61724910801,4151.03566715865
7334.31078395695,7317.22443486003
6125.29497150741,1624.29081915657
5828.55696252653,5696.25232743854
8780.33487618801,1802.81581066605
8255.6903668021,2562.05728571144
6528.86290041155,677.792144512514
4980.05283562987,3100.33870984079
4583.36927856042,1198.30264408031
5859.056065193,1508.72965215757
5844.20134540605,2571.96403140528
4876.92443643876,924.846982692634
7551.8925067856,2278.03115333503
7073.87159427514,1556.01635239416
8427.24603027547,1619.3885747846
8292.41055036539,1325.20036929943
5060.940894959,1839.633981904
5673.3638683904,2349.47180602647
8181.52028203713,1744.7032070392
6074.52920163527,2441.03209103566
6688.29993211106,1220.31182525244
6215.30761451419,3975.24350384847
4986.36507368435,1635.11672254683
5490.65499030293,3924.63744223122
7316.08166424454,2010.60130292893
6948.22044227886,2711.16849602927
5196.93700616763,2755.1360448584
6477.66002393134,1781.82793915363
5620.39286448838,3197.20984707512
4697.70359807422,1464.25165847179
6659.76582995856,746.373067164801
5258.82402735114,1340.31571026851
4506.15185266098,2104.30646420744
5559.10165346576,3638.4666435587
5155.74515924747,3727.16730351534
5916.45945654913,4614.78744478106
8711.83434326545,1757.87818563876
6658.3022179803,831.95882714726
5893.66303464157,1757.67388171217
5339.01179425401,1590.23022599448
5783.27482215563,1547.38624377496
5039.30602215031,1932.52213744937
6396.67030215401,2142.0436881552
5258.87879007259,1994.36239535025
5986.55894313064,2042.0575984534
5786.8835918129,1391.0748423508
6256.68852694385,1980.62573843249
8801.86929192074,2089.1398897768
6140.11428188149,1783.92158196139
4379.72498033994,804.740945713276
7114.06014511021,745.556061431672
4632.93144942993,2833.47032777969
4139.13005734246,2112.52796497347
4542.64941296423,6620.63961645387
567.579506130826,3362.20238060682
4989.14041242733,2146.53753464721
5089.46400132987,3777.1094298645
6813.28992518973,1378.4105185811
6819.30562336781,1072.01762066774
4640.77550876096,1096.12054963424
5527.3398961172,4095.50271627946
5825.10074146888,3415.05515549687
4955.16499953309,1112.1040248114
8549.75220072329,1820.33114534618
5886.10695388463,4168.37307651058
5396.23345093828,2359.02096735549
7729.28565286571,2375.41294539921
4293.40876567412,7343.0629202613
5860.83042234266,1450.66817700567
5571.68320268262,2366.78304675322
5527.24064423401,3765.51764921606
6177.16124581037,1625.21008183959
5790.15055408268,1397.61120317563
5716.22347545357,1498.36338010882
6507.9849346643,2507.62152284347
7469.43186289263,2084.03334147825
5520.94448042953,1887.32918500715
6006.04512460468,2373.57463000637
6773.23984133098,1553.71840565981
4583.16314249603,2253.51972150196
5912.65735105802,1473.85194827575
5167.05670722455,641.535651592766
4657.40972536108,1215.35845240553
4949.54910246952,1629.75484683335
5899.64199196461,1611.26912099525
6362.27349553383,4403.12101780592
6204.59305981364,4104.54122277863
4392.96168035897,1280.92657455362
5451.75922084187,2138.82668871104
5204.78315988757,1817.72684770855
5692.43818887959,972.235729905914
6250.52793380115,1169.39951771852
8647.25564521318,1643.38935178781
6129.92739466361,964.320580043152
8805.40665075389,2084.33969238152
8516.75648152985,1805.42010830367
5661.9623194924,1882.58001110021
4607.00514284299,1295.48023720451
5583.94387781622,4481.81309506523
6104.80570763717,2148.37585004005
5697.24834425836,3453.09894032112
4982.84577674131,3143.64211342862
5701.7140663747,2673.83966996147
5894.17139493864,2883.87208547036
5730.26705460567,3994.59715392143
6259.57729673478,1240.63586648338
4449.98323135307,1601.71995966623
5898.69382778655,2094.65504592853
5742.43542786674,2334.20318461915
6889.72354466274,2369.69369529411
6583.13773802044,1597.37939361246
6299.68301621884,4587.97806621364
6618.72617170355,1761.45276944775
6004.10991844446,1957.33992018571
5593.56201974099,1307.07212283955
5897.59016852725,3830.62614002264
6609.61828181179,852.895675171339
6584.83585560752,2202.55628549309
4795.00561036162,1166.89737204419
8963.42961138006,2779.54521974158
7516.96895095537,2022.85701884547
4225.56705669755,3160.95335415537
7592.31215311713,967.129181607358
6489.71352308821,1904.38509831897
5537.23813343418,1353.74591129639
5168.15242911301,1825.79527800955
6595.32341770449,1085.34577471893
6576.36872126899,1334.1368288219
4907.57973769267,4927.71680850586
4885.76743492612,2329.76057158869
7231.9703558349,1206.01349001649
6763.67336331975,1876.60543358018
4378.07780210114,4626.83906674422
6591.19768166881,1508.47432474264
5338.40475747443,1571.79552364474
5472.17185743949,2349.42078253813
4923.34421266682,2537.59708733992
4848.5916740729,1334.1368288219
6672.29877278414,1101.48242534773
8833.54167213412,2299.98931101882
6227.97444389664,4681.22380612384
5695.61738616353,3496.14722646722
5447.68859902797,1816.50123412226
4740.26461455314,1181.80840908669
7750.33838353064,2575.6918956525
4817.38555856273,532.664020870231
8195.09138295537,1960.71020006812
5489.68643130692,3742.53818187255
6556.61575415258,917.646686599709
5319.79202443041,3191.13301260519
7087.76910794182,2213.07594296668
5879.01260938142,1512.45741141819
4409.4529725732,1631.3889632862
5970.7469634205,3938.01693473056
5708.98212514791,1396.7940924559
5470.6410738391,1516.49162656869
5158.74357956859,1078.19660710095
8225.5248323282,5316.83578885582
5822.19415139421,1336.58795100789
7876.88059603123,2679.15052218661
5882.83216035526,4132.01453661414
5751.34577211546,6610.73308073323
6304.4183621599,4558.05394515195
5705.21974932203,2175.79814038722
5988.97855114066,1049.4467611774
4528.76442408714,623.560580584529
4496.98901178819,907.740045892472
5449.75290867176,4118.78874449944
5573.38835184669,3552.52335170472
5494.30598063308,2604.54389353934
4803.21476060802,1844.43417929928
4902.02315436629,3409.69327978339
5300.39706793631,4129.41002900331
7420.73369590119,816.332778855018
4417.98958495755,1398.53036087205
8552.86047645839,2584.83265910156
6453.03811015205,4612.0300766784
4999.28514604782,1289.35237924624
5368.47205251193,2768.82146831461
5241.92713619706,3247.71365174247
4844.98444079475,3929.02924174654
5052.66504421089,2291.92088071782
6263.42918655787,959.367207196232
7016.45520294324,3371.70051844749
4652.01765978612,941.034656809776
5013.78377265126,521.991345424909
5575.73063286161,3898.03257756358
5001.97644988045,2036.59346579002
5397.91709226364,1869.45626596221
6199.80451188063,652.872209812881
6335.78033931008,2039.96395564563
6455.56297173909,5855.21925996187
5306.26513847135,2930.39269847556
5243.55971451977,3553.34056741105
5315.46655439293,3331.10345947397
7864.79479247845,1253.5554126814
5395.96154710019,1604.83491213371
4555.14195673526,1631.33793979786
5521.4216761908,1973.06817293455
5231.57232839245,3386.20315761003
6202.34133786834,3896.60266005071
5262.88571004852,3563.55366400816
6715.85536647851,2614.70596664811
5259.77853922459,1668.30928648744
5822.55458145283,1903.00620429444
5568.82050358223,3863.05272171847
5438.1582482644,918.719124734367
5545.9457355055,3577.13683051448
6598.40791273529,1026.31401339566
6387.73930989614,1445.51060521877
5574.78002621364,3757.29593847682
8325.76684357378,2348.45049636676
6359.61572644195,3934.33988399847
5047.11267465682,1199.27282526507
5640.61178965402,1253.09588632649
4579.6687731182,2598.51808255777
4827.33384009345,1315.49792753217
6830.96976287402,1388.41941623823
5518.95121242413,4278.82780019763
8086.71409835482,718.133876071106
6696.17546332554,1650.18104002757
6194.18946580803,1540.13492419369
6865.44179076299,1081.15838411679
5362.92836304755,3050.90723832149
4068.41561276176,1229.40146022655
6667.22470911705,1525.22378216458
6012.93295315132,1747.40976162672
7196.85368761948,1454.80454411946
6817.50010520261,4043.9778119256
5451.35624707481,4558.05394515195
6934.80013247763,3461.83109591701
5888.09033533808,1524.96845474966
6183.40252119021,1479.46915140416
7080.2935056844,1322.90242256508
5954.6034620329,3466.32494240902
6520.23874756263,1150.86276839208
6542.48949193927,1554.79073880786
5807.39366777473,3741.26154479791
6626.95809345566,1571.54019622981
6984.25968588142,3568.04751050018
5883.92644436864,1412.82869610801
6768.44067926407,962.992814493566
6093.75605681436,2435.05751351563
5364.3428091521,1475.43493625366
6936.62456363048,1734.33703997705
4941.12002582182,3158.80868785926
6888.60349307131,2566.29580478852
5059.51935478921,3005.66326239092
6647.47881345221,1701.91035329462
4725.22268099791,2902.00033193023
5632.69350017422,3115.55609778656
6946.9798021184,1881.20132704888
7438.35292838806,738.815396680258
6576.5597700301,2309.64072929773
5622.63793293861,1312.33184658974
8293.97228242192,2546.9929682307
6992.76490777611,1893.20171555049
5720.97150373347,1664.99003009338
5190.20195714877,2010.09064809908
6450.79002787233,2536.21819331538
5995.4329341395,1137.79004674242
6097.61238634497,1608.15416852777
6216.24361632142,3969.93286159653
8719.44554570868,1836.7233333631
6004.64639827386,3981.42259526828
5086.79379951259,1868.9966346207
4857.94972221465,1342.40935307628
5576.13503576435,876.947475662898
6473.24719311126,4659.62302283167
5918.94402977908,1400.62400367982
6041.10542377399,1693.68885252859
5226.07465145805,1109.75505458871
5410.53616218335,3154.21279439056
5950.08229268655,4018.49588394796
6171.89985844926,1902.64882990282
5179.3878071791,3794.11431968797
4270.62639195886,1569.24224949546
5459.54206172952,3339.01860933673
4890.56028692498,2227.62960561757
5163.00842912182,4149.83622219754
5989.14245534183,1986.2429415609
4907.2443124762,1413.03300003459
6258.83523909683,1120.1724551124
5339.93126333254,1518.02359105826
7712.33590106681,1526.96005058073
6283.02002191289,3209.4145395033
4700.93989946491,823.430922984652
6304.86610141279,2470.54802419059
5497.52921294156,3756.01930140218
6628.66327740056,1560.51009389957
4824.77135543961,1360.33340059617
7356.01649656204,945.222047411912
5595.65994945603,4301.29661271127
5746.63524490879,3440.53687350131
6275.6309505234,3531.5356901655
7964.95444570639,1864.34971766365
8764.73102212114,1681.73948751533
5305.74601655097,1855.25997770294
5775.17137141159,2155.78034507296
6064.21867619491,2068.509392656
5519.29577167644,3432.62172363855
5930.52230455517,2974.36003733149
5311.79063265593,2976.04528225929
5555.70675088151,1081.77119090994
4869.51482888724,2422.54647018417
4438.14552839575,1195.28973858952
6541.30897479117,1033.66748494022
4391.98940022203,1830.39117147825
6875.63785400353,1867.66897405771
5284.6689789684,1429.93563290817
4537.00269657881,2217.16118160553
5525.1916452284,4087.48551944001
5267.8744483104,6495.88697747727
5009.510739632,2285.23134444136
4228.34603331617,1272.85824923923
6212.46467467197,4047.3478818348
5170.90327966394,3276.51462614097
4620.33970469706,1321.57465701549
6112.12558612058,1916.33425335903
6665.24430448323,985.768082897087
4765.61207971414,1176.24233443323
5283.27539013601,4252.37579602182
5222.50404498181,1358.69928414331
7591.03355373559,1811.80329367687
5803.26876132708,4673.563983676
4978.73021776824,2363.71911777408
6727.36843150255,1252.94271087486
5719.99151780905,1337.71141263089
4836.63093158058,1713.19588802639
5224.79410277188,2702.64064435996
4830.79033385981,4660.440238538
7670.73467265095,1645.32981914394
5614.47757414035,2879.78684683151
5252.74302308686,4473.18319641923
7177.43181754869,1889.78020220654
6105.25462373763,1649.00655491622
4624.3146041637,1781.67465871539
4945.33265966266,3405.71029809444
6150.46128543302,2002.58389611628
5607.46574150617,3629.68346447447
6319.2967289707,1634.40186877699
5859.43074064357,4281.02369995528
6164.73945387307,1741.02657625352
4867.78600280077,1836.26370202159
4975.51659904805,3290.96603184196
4552.40341937032,2676.49520106064
7534.98330151834,1379.63613216739
6492.06817407583,3233.21101257993
4994.57228399395,406.889757274117
6330.642807737,1868.74130720577
5285.12756828082,2517.42622156062
6115.74106399594,919.638282430787
8206.45523139274,2889.43826511043
5572.84013448812,3064.84819916582
6311.85478925467,1712.12344989173
5062.64390128959,1126.09600914409
6095.95212110837,2730.01170124558
8136.19479010449,1273.98160587563
5849.26762247302,4013.95122394081
4411.95227912457,1133.80685508027
5120.27200878073,1090.70765043241
5347.72336967227,1329.74513429318
6855.83142281947,2033.07011544258
5480.83679929972,1509.75096181728
6543.93275663893,981.529668806606
8503.31124828843,1860.87718083135
7769.39971552672,1838.4083683177
5642.9844856462,2709.63653153971
6403.39960799932,1089.78849273599
6012.45436959396,1249.01064768765
7637.50917749605,2961.44059612007
8132.03653113176,1838.30632134101
5149.55915394607,2081.1737164257
5593.7533105001,4139.16370423212
6195.26943380237,1564.44215708678
7439.63789994686,1970.15731442045
5893.43175189815,1496.37178427774
5319.31007186405,659.102167241139
4053.78438732167,391.416910680162
5863.05173958174,1944.42026900109
7907.62555159419,1484.32037228779
8635.38751893231,1969.69768307894
5874.14700007681,3589.39254643101
5493.30469515631,1408.84560943245
5724.50116728553,4627.75832942724
5276.16696804223,3771.44099327454
6508.64672879133,1187.06823782349
5815.73148431158,3689.27679912933
5715.04448446599,1002.41538835574
6168.41457431447,830.835418017558
6779.25511062895,2224.10604529692
5250.21628747241,2210.82901972068
6046.77192599343,1356.70768831224
4806.45634560475,1683.52677941982
5827.5457093719,3746.16357919668
4775.63979132016,1534.97735240679
8630.50248845123,1594.0601372184
5249.15714722187,2380.06007232946
5938.33680247091,4251.66104723859
5647.58024423841,4316.61625760694
5778.43183875929,826.596951433776
4903.49363221413,1357.93330189853
