"Marker.A","Marker.B"
4068.85732703954,3300.85823203393
3826.28764693146,2626.07683258614
2238.43363026064,1505.64541231925
802.91442581828,375.269334476026
1790.35610667575,1513.08369278285
5522.80200225945,1795.05111796547
672.221422443541,37.9999110640379
2862.7422146908,2187.70339048143
1263.25570129968,901.002146590721
528.843817843838,254.195149756032
1733.27564577762,1487.9390707809
2095.80744286037,1523.3921792949
251.226379188152,61.3253883873889
1715.27068563193,934.272281490405
146.082821298181,24.1339860693943
2450.73452306061,1303.4373749338
3993.32106320265,2737.40848691631
2810.08016369658,1831.1510334763
291.804940137189,86.5508612639417
3579.96069266143,2293.94143971152
2683.14450974969,2520.68771753938
2774.40111233981,2545.34723429371
3071.04543401646,2105.1142220731
3250.25235835964,1950.81032789072
643.545863890646,284.756780356471
619.799921293499,57.4445464063808
3081.23523379894,2601.174763208
5034.23593575232,4059.76496650753
4672.12502563098,3923.77379542303
2755.67495425703,2478.56441187053
2862.02086622189,1744.96400114808
3383.44020080982,2563.29612845587
5757.61658419946,1934.03377141032
239.443576448193,105.631667670565
3171.62025716639,1879.4998564897
3120.88200279836,2092.0163803872
307.134611191346,73.2508923915284
308.036372043395,127.90608362406
5166.79304988766,1808.95746839741
230.035337861585,87.6827735084024
443.057767295244,84.4891639615311
310.380905099178,174.840016331877
3922.83453971178,2711.1319526699
7338.52701972973,5685.59520392612
2242.49136593009,1301.37567763139
3296.90277069475,2372.16466089122
2862.65219666401,2560.95145309234
281.404809772872,157.457078291944
2471.83547109447,1406.15841111861
3332.31116584385,2655.3044237556
614.26923179093,292.680166067696
6869.10860039406,5517.74878824752
264.30168574514,82.8721464694444
939.679205313182,663.098448067462
2750.65532027448,1924.41251733241
2466.39495015052,1321.54797084517
1506.57668570833,1373.37338146655
2249.34462798021,1619.76642182327
1066.01378571324,601.085827245936
251.617122153131,42.5275600418808
2901.12662386962,1716.66619503656
5191.20027875858,3440.48769247561
2778.90984133415,2327.73710529614
3013.33364267622,1973.08474384422
5802.25288081794,4801.77386818882
284.560897489136,79.5976860479688
4379.23827917991,3661.25100558275
2401.82989676015,1747.99590894574
1945.09573995286,523.468987625774
2248.71344806991,1779.72987722795
269.231226434979,89.8253216854173
326.251625137973,115.535899809596
2522.42349470876,2045.68882923891
1855.85295201573,933.05951837134
300.161111852088,148.644332960072
8439.01756858252,4526.71919278487
3438.44663432801,2565.92378188051
3338.08255572242,2400.46246700274
3170.08724113814,2252.26281385299
595.212355305348,387.113987605561
2831.24132445739,1863.49138331804
327.483991493955,169.625134919897
3714.50121402264,3163.25004345735
335.569657533012,92.9785057949864
1774.30504951972,1375.87975857929
366.198968543757,133.080539598737
1501.13616476438,730.123823114457
847.310398390311,91.8061681132236
485.109169178537,331.933265688102
3903.80761905786,1469.50507137111
559.292754104399,400.858636288298
1177.77018752449,286.818477658882
2612.56796823203,2460.77721945757
3529.67343161829,2023.01015891239
2716.83985281695,2480.74738548484
884.58252797047,644.907001281486
3019.25526330854,2613.10026721214
3286.26227865102,2247.37133593943
490.27918444665,55.827528914294
3967.2606939132,2890.01451273199
2617.52738948762,2484.83035465236
2363.05485751521,1171.73130020334
405.78560008213,36.6254461957642
179.747982736052,12.9765653739959
4587.90217274003,3217.62225662876
799.097014195287,306.626941936944
4070.84103532905,3117.97355367892
395.325332256768,3.07233323496477
2522.18294486457,1388.24994239375
496.02027979697,215.103751884836
1194.27208747359,801.7981234512
2933.07850742792,2453.98574599081
255.344327584556,57.5658227182873
3988.3914472469,2061.73772784787
2868.90408410367,2517.69623517902
673.333551510386,32.3403498417344
2740.1650589845,1650.32805242371
369.65566829934,249.465373591679
700.145450898137,325.18221765864
347.472697562109,29.4297183559783
3963.4432070243,2692.65752782281
2399.0345209113,1310.9160808347
256.877305979858,38.7679943727791
5858.22121264923,5291.7705937284
1870.76177374143,1328.33944431194
3000.07811190087,1801.76174055763
2798.77853591089,2552.05785688587
2925.74429622125,1877.7211372484
3484.22546744045,2283.51167688756
2262.32980361153,1270.00553828491
479.879054082333,339.937502273931
3963.32308263402,2987.92492187784
5108.35960901487,4608.74240507097
2794.02925707237,2389.22419543273
2932.74763849331,2212.40333267305
2531.50086436075,2270.49468607627
4218.03616445061,2979.55685635629
610.902662961006,202.005910198934
180.890199349898,24.3765386932073
1122.94401585762,506.652005708072
6788.91307574545,2590.78542582134
2523.05452408724,2177.7991583424
2686.15032907925,2355.71150790924
4954.55191821919,3133.69904878946
4002.39873391828,2541.83022124842
1037.72900775828,254.356851505241
393.672154205283,25.6297272495745
2172.60606651786,1444.48172568107
6436.87153995268,5154.08155427721
2572.95130559609,1552.05381434214
635.460273117497,342.807708322385
323.877023351667,141.52945599489
2658.04603877334,2520.20261229176
941.572895575895,500.749891861955
593.018053003316,295.469521241546
2433.0903876812,2164.903443843
372.180538472351,103.893373866572
443.959490514339,345.394936309724
604.229813294023,108.986978966645
437.557108890243,9.41912689140515
3257.82711941049,2077.2610957719
2551.15911545679,2358.46043764578
1048.85052422447,654.609106234007
460.160853690022,313.297139091802
2402.25078372156,1477.30718077043
447.265884250262,184.299568660584
2985.04901525307,1668.15567027396
3112.97667387653,1817.08298129515
258.981402090322,16.7765564803997
3584.95052134413,2276.92233060731
473.326366438578,44.9126608427087
2646.56377280679,2499.26223576924
2502.91547436647,1644.5472148895
3485.06694029964,2681.3384053782
3158.48485078131,1880.06581261193
2961.36313485106,2007.36551467645
253.600980974458,11.8042276922331
567.16805192866,265.231294139524
159.669126925761,31.289288471878
5912.77695390616,5559.95294479098
3063.23042418507,2111.82484466526
683.012295772837,259.73343466643
386.78882342464,112.665693761142
161.44256108286,24.5786658797182
346.540905612491,3.75956566910163
2772.35719132335,2016.90591787977
2829.61798933871,1851.28290125278
462.805998785124,165.057060504752
662.873321317978,208.150576668863
235.205353129698,16.0488986089607
4385.73071646376,2790.36580978215
4147.33919747904,2621.50875817099
487.45370223432,149.654968892626
3576.11340047269,2746.98931555692
607.26566372115,210.373975720482
1228.80890340003,807.700237297317
3019.40549406229,2269.96915539134
244.222811118372,20.7786747733144
2459.96242452999,1630.15575920993
2651.13241346444,1796.99153895597
6451.17928813155,3245.96048817758
787.494548572556,427.660701219635
4072.85484998204,2994.35256640889
316.783286723273,121.882693466037
322.79492538239,51.5020071229621
3077.44785327351,2546.31744478896
2472.3162697192,1921.38060953474
2794.78071190476,2625.79385452502
467.495064896689,279.784451568305
2605.41409414259,2481.838872292
4090.61941081536,2936.98887087711
2748.52108016759,2432.51983878336
3025.32711469461,1826.34040643735
1439.51686850843,923.842518666446
472.725179992894,8.44891639615311
362.561931670946,186.522967712203
3417.64644886528,2696.37666805461
173.495888315139,9.863806701729
2929.41125129277,1778.55753954618
881.997520336414,485.024396751412
2352.53448986176,1754.18100085298
1970.16425509756,1226.38649143587
4418.91485347917,2697.34687854986
4965.97397145878,2992.57384716759
1561.67343831695,1010.7167834288
3157.49284610474,2705.43196601029
256.817206151767,81.2147035400555
2419.08325154164,1483.61354898957
2272.03865423746,1321.62882171978
2876.74920029854,2625.389600152
288.43840894022,129.03799586852
236.467788216203,1.98084642780623
2371.92193421832,1466.51358901075
4280.01613494101,3094.76935266747
308.637520856125,135.18266233845
3025.14677757738,2412.59009819339
259.913194039939,53.3615772388618
4089.17671387754,2844.94015014007
3341.95995427464,2530.3089716173
2565.16610106453,1925.70613132608
3791.45006843388,2295.72015895282
3403.66956962102,2551.00679551601
386.969160541868,150.66560482518
2280.4548881475,1366.42020625058
6014.1631435518,5326.94072418128
541.979261861871,402.839482716104
4954.94269881712,3007.81423703051
2693.75519649358,1809.60427539425
2809.05835372016,2386.59654200809
580.303458313739,204.55271274897
4297.32970244945,3486.37056381357
3593.15631177347,2594.50456605314
3050.27535491722,2291.79889153451
4289.60471064485,2738.70210090998
3769.23729239681,2494.61331047949
2909.36252066243,2709.83833867623
409.152131279099,24.9020693781355
304.459434998675,84.6508657107398
196.069583200871,91.5636154894106
3352.36019753782,2912.41020499739
4622.94989365468,2897.08896425987
1860.12113116589,1159.11856376506
334.517628294258,191.778274561485
525.837998514279,118.365680420748
3761.27175074802,2950.28883974952
2852.34197142762,2525.49834457834
9178.41901729038,7879.76666437589
3029.47486839086,2705.35111513569
334.156916426847,163.763446511083
1918.73460809227,1658.41313988414
4345.24217354152,3016.86953498619
2862.92255180803,2671.23204605266
642.58404084346,405.062881767724
3868.88002253348,2630.28107806556
6001.47873049161,2878.00815785325
1047.88870117728,467.318055213062
4003.36033116774,2409.23478689731
2356.20159546509,1631.89405301392
2931.12460443825,2567.21739587418
3314.69713682791,2694.4766725014
3080.81434683753,2057.33135518193
589.922065115144,120.467803160461
467.70547074444,15.2403898629173
450.331841040866,98.3146635188726
5350.86937745963,4590.26798022388
3964.55533609114,2704.30005376583
4657.4267979178,3586.14054307532
2631.50456979552,1578.69417752427
557.399139107596,219.873953486492
2869.98610680704,2498.97925770812
1994.21080973403,1685.01307762897
5856.02706087901,4849.67801139189
4764.49405835158,2950.41011606143
3003.80527969934,2314.31586011182
324.057360468895,135.586916711472
727.618636559664,135.991171084493
2910.74530593694,2586.74288209113
5150.92217931705,4945.32459604882
3184.33477659006,2287.51379518048
768.107028950086,348.103440608969
2198.51635558537,1291.30974374315
570.294070914401,223.633519155593
2908.61106583004,1844.087173413
3057.158572799,2628.62363513617
3336.85000120167,2772.37649018268
3341.0582686885,2191.90763596085
2523.17494954115,1513.52837259317
3404.33070536298,2177.07150047096
432.296925063516,256.135570746537
2699.94717226992,2630.48320525207
3033.08191179905,2017.75485206311
2389.14533316814,1871.49561990387
3782.22246802814,2014.43996620433
318.526670966326,191.535721937672
896.094825034587,694.549438288549
3124.24849636237,2466.11337718146
435.783655916668,156.406016922088
244.463285696646,5.86168840881436
2500.270630335,1998.71447109379
2717.74153840309,2412.95392712911
2754.83318033421,1665.40674053742
409.933617209057,101.589123940348
2540.93920931084,1759.51715857686
469.328617698356,98.5167907053835
398.210914297189,173.182573402488
5265.50398807472,4604.69986134075
2019.91050478902,1379.8818768722
2790.6025507814,1794.56601271784
4955.45360380533,3290.95399989489
621.242693497232,46.4084020228889
744.541423470168,546.390210576103
5904.7518016577,2667.22992775974
472.154099910686,258.722798733875
3150.39918474226,2389.18376999543
2557.02022229852,1728.63212447801
4116.01864436286,2961.0015806346
222.430620979075,63.9530418120298
5654.24638520067,5212.21333311773
2029.07819353145,1906.70617579406
735.223353442173,497.879685813501
495.719705390605,259.93556185294
2481.42404679831,1621.38343931535
4661.18407207975,2749.17228917124
227.570567516665,19.8488897153645
2846.33033276851,2087.28660422284
2706.65005303448,2123.831199544
3922.44375911385,2840.77633009795
2314.0900184878,1618.35153151769
1281.23040455007,1150.02284037208
156.873713443954,13.0574162486003
3989.20311480625,2683.76393161633
438.398732281247,199.903787459221
1953.7224173436,1142.90796340689
2817.62481838395,2055.59306137794
8557.02608363116,3184.10956910526
5236.01661143066,1803.62131067353
2956.46362525879,1755.67674203316
3111.08298361382,1036.95289223791
3149.67783627334,2254.08195853159
5202.11142700997,4584.12331375395
568.099843878278,229.293080377897
2094.57503887143,1148.08241938157
358.47401437211,187.857007143175
2043.32587951519,1340.79047900101
2936.32457553803,2672.16183111061
5394.18280046693,3828.53146513912
494.878081999602,273.35680703726
348.64496409,193.233590304363
325.590338864197,63.750914625519
3175.16708784764,2553.18976913033
726.807119532137,122.569925900173
230.907029983111,76.4849273757019
6410.87108232654,4843.65462123387
2972.54493931011,2630.15980175366
208.002691960491,76.8487563114214
413.510554253777,130.452886174096
4419.63620194809,2743.22974988782
3353.98323159288,2895.51237220509
358.173402332791,108.542299156321
385.105576642633,97.9508345831531
4126.32856853561,3608.57666077803
2439.04181361336,1502.16882471126
1994.21080973403,1177.18873423913
2678.96634862634,2076.08875809014
3565.11193313087,1820.31701627932
3393.44966347507,2278.82232616051
5131.05378580394,3468.46209508871
3006.66086827514,2067.11431100906
1723.47662659307,1080.00598296472
3930.89009938736,2791.74027465042
5865.70565460965,5101.40720947249
541.197775931913,27.0041921178482
778.086385251856,208.110151231561
686.348758239283,434.977705371328
2859.64637733445,2601.37689039451
194.837198028412,16.8574073550041
7729.5544898436,3721.56575803759
608.948910503157,409.307552684451
2403.09240711257,1428.63495425862
2960.94224788965,1990.99321256908
3412.53649579231,2638.24488921409
5087.28876734448,4766.64416317324
2697.60248868232,1419.74135805214
311.973983322571,106.318900104702
6288.11358950302,4869.56732654455
1096.01184154778,542.347666845886
248.250628589117,3.11275867226694
2966.32285717029,1943.97842898666
658.544929440868,331.811989376195
221.889571994436,27.7722754265894
2918.4699966779,2552.7046638827
1491.908263295,942.114816327026
2829.73841479261,2127.87374327422
3927.01270083514,2915.23998560854
2622.81767967782,2072.32919242104
3588.40703293495,2005.10169018753
649.256965776352,415.128815655963
220.53694953284,47.2977616435366
2863.28322604249,2275.02233505411
2149.28101088212,1726.00447105337
3368.08053629105,2792.62963427107
705.165160146591,419.373486572691
4624.00211105821,3560.95549563607
3835.66577915459,2791.69984921312
3238.07885028765,2617.9513196884
2839.32699049645,1877.7615626857
3570.67287952873,2094.72488468644
3228.49027458382,2473.06655239743
3470.78929848424,3515.80028216955
757.887273335952,430.490481830787
2059.52716742496,1447.43278260413
652.623459340366,508.147746888252
2457.04692429086,2265.19895378968
371.789795507372,249.950478839305
2737.24925768174,2021.15058879649
2831.06098734017,1976.88473495062
719.653245442698,414.562859533733
4329.58204751525,3316.21989820875
1804.18290569808,992.687038392038
491.932362498135,192.869761368644
2951.59422203,1758.87035158003
958.014733329852,641.349562798896
3772.84403474137,3260.39236929445
226.458438449819,40.7488408005854
3909.84936408045,3343.02196314009
2776.86592031769,2502.53669619071
269.952612536846,30.076525352813
3510.82684808159,2846.23376413374
3526.63750592525,2623.24705197498
2354.42818012447,1487.69651815708
6934.424958085,3236.82433934729
2317.12594418084,2404.78798879407
3210.30512785272,2784.82752487175
9723.43451531716,5135.40500224361
3451.76267889395,2329.39454822553
2395.39752167144,1805.44045535213
9454.02290472376,8490.23119307593
4200.0310537731,3022.6503725204
2868.75385334992,2061.41432434945
537.139889730646,101.42742219114
4921.93889891893,3475.6173974912
1873.16636899235,1060.56134762238
279.210545103795,120.467803160461
2290.8250250472,1476.8220755228
2868.33296638851,2027.37610614103
2678.00445031324,1554.96444582789
249.993975199215,111.614632391286
3155.38871236132,1925.94868394989
3023.7338859394,2329.67752628664
4523.36707518132,3794.16984343228
673.513888627614,195.012309545659
3120.73177204461,2209.37142487539
189.306489709365,29.7935472916978
8650.1167658843,8694.21794970267
2648.81813730396,2497.64521827715
2535.49868836688,1523.67515735601
2130.49464007238,1027.53376534651
2768.99069775933,1607.3962380088
2505.10992720032,1294.74590591384
474.348326946809,288.475920588271
3175.58797480905,2156.93963269448
2736.67813996658,2569.31951861389
3679.69374188854,3327.53902065336
3639.38583714716,2398.84544951065
4931.13669402484,3811.3506542857
3466.94200629549,3315.3709640254
2377.42266788923,1726.20659823988
2975.03955258783,2373.49870032219
3539.8930367006,2319.28818889998
2725.6769736884,1482.72418936892
267.006930668333,99.2040231395203
2901.36687265017,1875.41688732218
3195.00537499727,2277.60956304145
387.299803678756,169.30173142148
3231.01529528865,2716.95321564141
246.897987311043,45.963722212565
315.03990248022,71.6743003367439
406.747460762271,100.618913445096
4138.08118964618,3051.43328387955
420.063241897532,122.772053086684
2340.12043194559,1508.35391661849
4120.67760411095,2811.75086611499
341.64139602022,213.769712453864
3480.37787418808,2657.0831429969
3292.60448518111,2446.66874183911
4757.64064576964,3431.35154364532
3256.92543382435,2575.46418508382
239.173033139396,57.6870990301938
844.7855282173,469.824432325797
2365.18894709029,1490.04119352061
504.196114394641,378.382093148293
2773.52953311715,2133.0886246862
2612.26720566089,2247.20963419022
1392.17521406789,1102.0378462944
488.20515706671,278.005732327009
3347.03980098414,2108.34825705727
3254.06984524854,2559.45571191216
174.728273487598,38.3637399997574
2935.33287192509,1198.73549232119
2055.16881971619,1394.07120536526
381.258096289117,201.520804951308
911.604870838926,15.887196859752
1932.80180642697,1170.63981339618
4859.98873372837,3244.3838961228
840.216661761917,282.088701494528
253.600980974458,36.5445953211599
4880.33822692985,3221.70522579628
232.019196682911,39.1318233084986
354.776840038254,161.580472896766
9332.64789611111,8219.13821052759
320.630729443835,87.2785191353807
1743.76590706759,1452.16255876848
4595.4468274274,2272.23297988026
1249.54917719944,844.48738524229
3388.79070372698,1945.99970085176
3070.08353570337,2220.00331488586
2699.31584182781,2428.11346611742
543.241696948376,401.384166973226
2635.89317439958,1654.45144702853
714.092449576651,499.173299807171
587.938206293817,194.891033233752
3349.68494607924,2660.842708666
4094.07592240617,2931.2484587802
219.094158512629,44.6701082188957
2889.13345291487,2504.63881893042
4025.69353265872,2303.19886485372
2857.63226161783,2547.0451026604
2708.12285633578,2504.96222242884
915.782956696376,261.835557406142
2610.49394085209,1615.44090003194
538.883273973699,196.588901600443
4988.00641037863,3630.72980041962
2712.84202881082,2221.45863062874
601.133825405851,79.9210895463862
2607.27767804182,1935.93376696352
3276.10258523202,2642.2065820697
3820.03545842816,2874.61242111987
3649.78608041034,2376.57103355716
411.646932721587,170.79747260166
1560.38082160106,1086.71660555688
2906.95792541151,2539.88980025791
3232.6383293437,2063.07176727884
677.962555426815,470.552090197236
2497.23470464197,2307.60523751966
578.439874414504,174.233634772344
1255.17003526062,536.000873189446
2640.97302110908,1486.76673309914
3779.84767807706,2624.70236771786
6530.17236462289,5208.08993851291
3047.93067132962,2119.74823037648
313.386724428736,44.4679810323848
5626.6533009466,5471.01698272621
4028.33867775382,2853.46991741083
732.608314710548,641.026159300478
1101.96341801176,765.132251818134
3173.87462166356,2192.8374210188
2020.03077971111,910.057444546406
3089.23058074756,2533.78555922529
3095.69321273157,2632.01937186956
3079.64200504373,2156.73750550797
3586.30289919153,2620.86195117416
3123.94803485487,2309.70736025937
2505.29026431755,1636.62382917827
828.764502158845,843.719301933549
360.998884545121,123.095456585102
3297.50399477338,1900.84448738524
1035.83539276148,465.903164907486
705.435741088341,469.581879701984
6491.51760030004,4540.01916165728
2675.87051126998,2479.37292061657
274.401241703092,65.0041031818862
276.024388657008,72.6445108319959
3175.64788647237,1751.18951849262
3229.51238562387,2425.52623813008
3762.02320558041,2689.90859808626
2956.73428146645,1876.71050131585
1412.28415742518,1005.98700726445
3667.55034018003,2343.8668547797
3838.76191757458,2645.48104249118
534.795356674863,43.8211740355501
347.051885866607,37.1509768806924
3230.35385848305,2794.12537545125
504.857400668417,391.520360271497
320.961372580723,154.829424867303
2630.69290223618,1777.061798366
438.488900839861,77.9402431185799
167.364012366885,11.9255040041396
3855.17349843324,2793.72112107823
887.468147643846,538.345548552971
6162.47070280384,3506.30030440354
3527.08849925014,2769.0211788866
2847.80343713344,2609.62367960415
332.47366964484,119.538018102511
4316.59687188392,3225.06053709236
1672.61809730295,484.135037130764
507.111765165586,62.1338971334322
3447.64473049755,2084.25469642518
2932.11660911482,1590.01329996887
2921.62634782485,2250.28196742518
2545.6282754224,2557.71741810817
2121.08640148577,1328.21816800003
3369.94412019029,2627.53214832901
679.37529653298,74.3019537613848
244.162711290281,64.721125120771
2601.29614574619,1687.72158192821
1896.22106948406,1385.94569246753
3018.74435832033,2617.83004337649
162.04370989559,25.1041965646463
432.747805489541,88.9763875020718
229.043408450921,89.259365563187
343.174374415522,106.561452728515
334.217053887893,160.408135215003
3489.39533217675,2660.68100691679
842.771563032496,514.979645792318
4310.01411550964,2450.1049040098
3035.12583281552,1918.7529561101
3952.86262664389,3150.43517983256
604.410150411251,393.905461072325
2857.93302418896,2039.58458820628
292.736732086807,109.472084214271
2326.2636770916,1613.98558428906
655.68941613097,39.3339504950095
2619.54150520424,1469.22209330999
554.333182316992,90.9168084925759
2850.11771329393,2567.21739587418
2179.7599406073,1581.56438357272
686.529095356511,154.425170494282
514.355770180685,153.010280188706
629.628971575609,31.046735848065
390.666334875725,126.167789820066
2816.33235219988,2620.65982398765
5468.48711191034,5117.37525720685
287.145905123192,117.557171674705
510.177684323235,208.27185298077
3863.37958992621,2574.41312371397
3241.71600005933,2628.30023163776
2863.43345679624,2508.31753372492
3400.15254423962,1712.94705480477
3223.01964727639,2082.27384999737
383.783004095082,27.0446175551504
5209.20508837246,4948.7203327822
4073.75683663181,1836.77016926131
368.783976177813,71.8360020859526
3743.50749097833,2992.8163997914
661.250136731108,353.318322020948
390.155354621609,45.6403187141477
2506.67274852842,1581.200554637
967.573202670211,788.983259826413
214.16461782279,18.3531485351843
550.305402479202,363.667233970303
3431.56341644623,2035.54204447607
1246.3028080257,821.283184230845
6736.37145020514,5063.89240365608
358.1133025047,128.552890620894
2568.17192039409,1828.44252917706
3203.90270859567,1806.8553456577
4109.61622510581,3068.29069123455
3747.17444604985,2779.12753821214
375.186357801909,327.729020208676
3309.88794632607,2438.78578156519
2451.66631501023,2126.78225646706
3329.66632181239,2100.18231872223
1667.32795764456,1467.76677756712
270.944541947509,116.303983118337
495.960179968879,278.652539323844
2328.06704826388,1384.36910041274
368.39319557988,121.842268028734
3730.07132202212,2699.65112847608
3729.59052339739,2914.83573123552
448.468219508676,127.946509061362
3821.17769385848,2606.87474986761
2776.47513971975,2613.58537245977
3451.25147284211,2071.88451261072
255.885376569195,29.3892929186762
1332.02872111324,863.446915337007
3347.94148657028,2651.5448580865
398.391289047371,181.267660862921
3751.53294429044,2916.12934522919
597.196138860766,85.6210762059919
1772.77203349147,1288.96506837963
849.083813730932,8.81274533187263
199.676570159637,35.2914067647927
6250.66127333745,5357.54278021902
4583.27301829178,3056.2034854812
473.897446520785,170.716621727056
958.134932986034,624.209177382776
3251.60503727067,1986.58683990314
638.70649175942,214.416519450699
377.350553740464,168.048542865112
5095.25430899327,3445.09619232806
3202.27967454061,2058.70582005021
498.875830739823,110.806123645243
2104.01338382152,1297.17143215197
2936.054220394,1524.52409153936
3146.91226572433,1812.87873581572
4315.24419297289,2763.48289397621
2003.37849847645,1136.07606450283
4478.49022871866,3165.55429338357
2074.91693830721,1465.98805832582
2982.04319592352,2263.01598017537
1069.62075385553,824.153390279299
1043.3198347219,823.223605221349
1369.72173765481,888.712813650862
180.649743588101,2.58722798733875
3393.11909560409,2454.51127667574
2143.93065849678,1191.90359341712
1066.70510308459,524.398772683723
1576.76259715988,1067.71665002486
442.21614390424,105.429540484054
4711.7717946304,4582.10204188884
2376.94171873268,1738.09167680671
3173.0930604677,2645.11721355546
579.010992129665,410.277763179703
2904.91400439505,2259.9436469404
4399.07656632954,2949.11650206776
785.450627556092,566.319951166072
388.381901648033,70.7040898414919
2802.11492311143,2148.40986542372
1321.32801634256,1184.38446207892
540.296015079864,295.429095804244
638.676460661852,108.097619345997
247.649442143433,137.365635952767
1280.74945539353,703.847288868047
695.215910208298,319.522656436336
427.24714708454,239.480290578043
2330.02095125355,2121.00141893285
2994.66769732039,2611.36197340815
7073.38388935012,4673.34225387983
1609.49589138222,1137.93563461873
526.078473092553,103.165715995133
133.638732284446,8.40849095885095
4848.86744305992,2444.93044803512
8533.49073504653,2613.74707420898
3163.02368613913,2661.20653760172
471.522844734479,64.8019759953753
2955.17115907472,2547.0451026604
2998.1242089112,2324.70519749847
2403.24263786632,1458.59020329952
3873.629301372,2687.07881747511
531.188388532575,260.703645161681
2731.44806250333,2487.57928438891
3380.22393799956,2775.97435410258
2932.26683986858,2043.14202668887
163.396332357186,21.3850563328469
1068.11784419075,761.33226071173
583.519721124003,137.406061390069
3104.01942861481,2088.98447258953
2158.98971097623,1492.50714519604
3588.58737005217,2644.63210830783
5744.69192235872,2581.93225505217
303.768079994377,42.4467091672764
648.174867807074,150.584753950576
357.542184789538,184.744248470908
226.248032602068,3.27446042147561
2456.08502597777,2224.73309105021
487.994751218959,156.365591484786
539.724897364702,431.905372136363
9667.34575803197,7835.2178324689
2639.4701114443,1938.48056951356
295.472045740523,111.69548326589
3103.20776105546,2239.08412129248
2823.57654537975,2192.8778464561
351.891257997832,194.48677886073
969.376724374309,577.639073610679
280.412880362209,67.5913311692249
336.771992791427,180.337875804972
153.326845129757,44.1445775339675
3425.82243399477,2537.7068266436
2631.71501327622,2290.78825560195
288.58871495988,60.4764542040434
244.763860103011,101.104018692722
2867.40117443889,2077.54407383302
3763.37588449144,2797.27855956082
3299.72825290708,2555.41316818195
347.502766292632,100.821040631607
3075.58426937428,2141.98222089267
4081.45172207294,2742.34039026717
600.743044807917,364.637444465555
2776.50524608323,2489.76225800323
505.368380922533,374.056571356961
750.583093226853,536.566829311676
2193.94741386408,1569.67930500588
3648.91420012404,2517.1707044941
2802.95639597062,1941.1082229382
2689.12604204533,1949.35501214784
159.158127855168,8.93402164377913
6767.03116864299,4645.28700039213
513.213572383316,8.69146901996612
3573.76871688509,3080.49917329981
2545.44793830517,2412.7517999426
2907.31859964597,1959.34009516148
229.794863283311,17.9488941621626
3865.30308548876,2608.45134192239
2612.14708127062,1619.88769813517
3512.54020122708,2540.37490550554
440.382591102573,106.076347480889
3066.95759198354,2480.62610917294
247.198561717408,68.3998399152683
2918.74065288556,2562.36634339792
7263.32192589109,6319.99159150904
2997.49317953272,2034.2484304824
3787.42243912791,2792.26580533535
2372.49305193348,1552.17509065404
223.422550389738,77.3338615590474
406.777529492794,286.252521536652
4003.57077464845,2484.83035465236
3198.82286188617,2657.24484474611
355.257789194801,100.618913445096
4154.49307156848,2439.43258856203
3106.12326129459,2697.10432592605
378.312414420604,175.08256895569
2334.58974244302,1684.77052500515
3016.76034896719,2061.41432434945
6495.57533596949,1977.45069107285
318.857314103214,102.599759872902
2959.80001245933,2649.15975728567
8995.72577605655,7669.43311409271
360.848616158416,175.284696142201
487.60400825398,194.163375362313
6658.49050278065,4790.77814924263
2655.64114245878,2541.38554143809
3204.80439418181,2271.46489657152
2071.61065747015,1437.6902522143
914.310078129165,271.49723692136
2919.37198332768,1721.80022557394
2872.39100312159,2472.94527608552
2985.77036372199,1883.13814584689
303.016625161987,57.5658227182873
3290.25980159351,2413.11562887832
4064.25827895477,3006.11636866382
1081.43366295897,1000.85297672708
274.341104242047,326.839660588028
2358.60619071601,1658.21101269763
7251.86946522438,7099.03019375912
456.914597415144,65.2466558056992
3144.14699623896,2151.28007147217
239.563776104375,5.053179662771
2928.78022191429,2673.8596994773
2058.86588115119,1330.27986530244
266.706356261968,106.440176416608
388.953019363195,189.716577259075
3454.6480727696,2242.15645452745
6661.04593091258,5081.23491625871
239.533745006807,104.661457175313
3700.13325311681,3038.73969656667
431.094589805102,291.790806447049
8100.47211340928,3592.20435867065
3067.01780471049,2076.25045983935
2795.74261021786,1647.82167531097
2628.34851971221,2406.16245366234
4025.6336209954,2653.4448536397
5003.96760003967,2425.32411094357
479.127599249943,64.2764453104471
2987.99462185568,2702.68303627374
3061.06607771469,2262.12662055472
120.894050047869,76.6466291249106
2865.26723539563,1666.37695103267
681.058543314987,363.42468134649
5287.4467100314,2605.70241218584
7886.45801799564,6604.82922274012
2398.28306607891,1806.53194215928
399.082606418715,79.1125808003428
2801.78435524045,2589.73436445149
2795.32172325645,2498.45372702319
2916.45618202492,2495.42181922553
1398.99836975453,835.229960100093
558.060425381371,129.320973929635
2393.47372504525,1596.80477343564
2768.08901217319,2607.80453492556
264.091279897389,85.7019270805962
7968.39670108958,7574.83759080564
1087.5354701767,933.827601680081
493.375172334823,136.840105267839
2971.55293463354,2507.71115216539
3895.78216574576,2677.82139233291
5911.42457605877,4810.7483152699
989.545729926736,272.346171104706
3349.92549592343,2624.33853878214
754.190136635049,522.134948194802
2605.23375702536,2228.00755147169
2034.63898939749,1415.94136694574
2941.97553996269,1949.47628845975
4036.51466288331,2381.62421321993
2882.21982760598,2530.79407686493
622.204591810327,450.541498732663
5144.88043429445,4797.6908990213
569.632784640625,270.244048364993
2492.81599367443,2279.26700597084
201.961003387328,63.4275111271016
246.026295189517,13.9063504319458
204.756416869136,72.6040853946938
3048.35155829103,2480.34313111182
2311.05409279476,1399.89246833678
6921.10891351906,3983.68429350484
398.842169473396,301.12908246385
4372.65552280563,3358.34320387761
3980.6664554423,3122.09694828374
688.03200502129,442.133007773812
916.504305165288,633.345326213066
2859.22549037304,2634.60659985689
2337.47528685049,2166.15663239937
264.872803460301,79.3551334241558
2234.85669321592,2082.43555174658
1397.55567281671,768.730115738027
4884.12560745527,4932.75228504784
198.624540920882,53.7658316118835
2791.83480423852,2444.36449191289
3368.50142325246,2248.17984468547
2830.21921341734,2566.36846169083
3467.90390460859,2546.68127372468
285.733164017027,67.5913311692249
654.877823837535,189.393173760657
4306.37696573797,2904.36554297426
855.66657010521,238.024974835165
4247.28269018685,2916.61445047682
264.181448456003,85.904054267107
966.521135798502,278.935517384959
505.097875246691,230.182439998545
3316.83137693481,2029.76120694186
329.738355991124,166.674077996839
2832.11290368006,2493.48139823503
2536.55060470677,1878.04454074682
346.059956455944,133.120965036039
498.785662181209,314.671603960076
148.81811613542,4.56807441514499
1654.43295057185,889.521322396905
2453.77044875365,1596.80477343564
643.545863890646,67.9551601049444
4149.082656988,2619.24493368207
4116.19898148008,2491.29842462071
4646.21488709528,3527.52365898718
919.870873995211,504.671159280265
1086.72387788326,787.81092214465
688.272479599564,241.622838755058
3093.52916732483,2719.45959275414
2901.51740446756,2594.86839498886
407.679252711889,113.352926195279
194.326217774296,40.0616083664485
1824.26174269189,1151.88241048798
3879.06982231596,2547.24722984691
201.510122961304,52.9168974285379
622.204591810327,355.905550008287
722.719202233302,360.635326172641
4333.51965879442,3026.3695127522
4244.81788220897,2492.14735880405
256.757068690721,82.4274666591206
607.926949994925,282.250403243737
519.135042483819,226.301598017537
5276.74570419709,3398.16225962024
2152.91801012198,1454.14340519629
3121.9941318652,1805.07662641641
2365.76006480545,1444.92640549139
1879.41855749565,1214.05673305871
696.989325548919,503.82222509692
3550.26317360031,2348.67748181866
1885.40008979129,1292.40123055031
4121.54918333361,2950.24841431222
637.714637614666,424.588367984671
3083.30926117888,2082.27384999737
2665.41005527985,2533.26002854036
2253.40251418147,1530.70918344659
2615.00266984643,2453.54106618048
3834.58375645122,2535.72598021579
396.467567687091,165.744292938889
2757.83899966376,2404.01990548533
472.124031180164,286.21209609935
2280.48499451097,1643.90040789266
193.334288363632,14.1084776184566
2220.39871428329,1628.05363647021
1120.99018813387,840.161863450958
2356.14138273814,1574.69205923135
3691.26632694552,3051.47370931685
261.927083958834,15.6850696732412
633.987394550286,95.9699881553469
334.607796852872,93.0189312322886
3309.22650952048,2091.45042426496
3347.52090067251,2059.35262704704
2650.74193393015,1988.93151526667
572.518404314001,370.660834623579
2992.35312009626,2315.8924521666
4146.07683765844,2942.325028601
2256.31816495242,1835.11272633192
4067.89542872645,3428.56218847147
682.110534920787,510.856251187497
3822.89104700397,2379.03698523259
4187.97797115503,2975.06963281575
799.157151656333,464.528700039213
3097.43667224053,2683.44052811791
3749.93971553523,2929.99527022384
2371.80180982805,1639.93871503705
744.120611774666,413.673499913085
1620.13653395777,875.614971964959
238.030835342028,17.0595345415149
217.440961644667,73.7359976391545
292.195683102168,55.0594456055528
1296.56011323718,863.568191648913
3439.43863900458,2555.37274274464
4181.5454455345,2746.5446357466
9533.9173657376,7821.23063116235
2149.43124163587,1440.84343632387
2275.375041438,1628.33661453133
233.972986773715,71.4317477129309
268.359534313453,134.374153592406
2525.30888858441,1698.31304650138
3832.78008421531,2489.2771527556
218.913821395401,39.7786303053333
3014.80674704115,2556.30252780259
2774.46132506677,2547.125953535
185.308759785621,14.431881116874
8399.40120701021,4264.11555206998
568.941467269281,79.0721553630406
1643.19123444948,1359.42660559731
3640.34773546026,2937.83780506046
432.958211337292,44.3871301577805
3950.27769427574,2320.09669764603
2671.90279362733,2460.69636858297
328.686326752369,194.244226236917
3428.79814696085,2308.09034276728
342.633325430884,168.695349861947
2938.66925912563,2118.2929146336
2271.61776727605,1630.84299164406
4420.2675323902,2957.40371671471
988.072926625434,312.933310156083
3445.11970979272,2258.69045838403
531.699368786691,291.426977511329
3046.6984178725,2563.98336089001
3667.18966594558,2782.15944600981
322.554450804116,33.1084331504756
7987.21317826279,7731.08190597852
646.521652122635,222.178203412715
3259.75091603668,2665.08737958273
5095.13388353936,3351.22832691243
132.075703975098,19.2020827185298
358.984994626226,84.5295893988333
518.083013245064,127.097574878016
554.814131473539,501.800953231812
930.301073090051,504.024352283431
3576.8347489416,2348.59663094406
366.048662524097,256.095145309234
3272.85621605828,2291.51591347339
2591.88790715958,2221.78203412715
399.954298540242,52.1083886824946
3257.94724380076,1866.92754548872
3672.66029325301,2297.70100538063
2475.38230177572,1701.99176129588
2675.44962430857,2503.06222687564
331.151097097289,62.9828313167778
487.934651390867,303.352481515469
217.651367492418,25.3467491884593
2067.3122214247,1440.76258544927
330.76035413231,89.7040453735108
484.898763330786,64.8019759953753
4620.51519204028,3486.97694537311
2469.10000690894,1705.67047609038
2921.68625948817,2006.11232612009
3032.90157468182,2165.50982540254
2566.21801740442,1724.06405006286
555.565586305929,78.5466246781125
4347.13586380423,1938.60184582547
193.604812855952,58.1722042778198
2494.31890333921,1597.49200586977
579.642172039964,365.324676899692
3618.10455199607,2827.51678666284
2786.5746204118,1955.9847838654
564.282432255284,341.109839955694
434.010240576046,168.614498987343
502.332492862452,238.388803770885
588.62959893107,275.095100841253
1789.00342776472,1369.77551754666
207.702117554126,13.5829469335285
4314.61316359441,2921.10167401736
250.384755797149,50.9764764380339
1218.49897922728,856.695867307545
2706.22916607307,2490.57076674927
397.279122347571,220.39948417142
2974.28809775544,2685.82562891874
509.786941358256,26.0744070598984
233.311700499939,47.1764853316301
599.270166240707,48.0254195149756
8417.43612298756,4615.12962416471
2986.10093159297,2717.68087351285
1173.89263844046,944.05523731753
3943.96559410912,2374.34763450554
3526.66761228873,2564.58974244954
961.591595108663,509.522211756526
4992.27489059242,4730.46339678779
5592.50726561809,5178.37724209582
3199.36387323785,2310.92012337843
258.440353105683,48.591375637206
5704.74439078816,3834.35272811064
2880.11599492619,2577.93013675925
2808.63746675875,2456.28999591703
1934.42499101384,1414.97115645048
622.685540966874,124.106092517656
3732.86669787097,3045.08649022311
529.715509965364,266.6461844451
3568.83910092934,2887.02303037163
5801.80248962033,5681.67393650781
3037.65085352034,2245.18836232511
525.747829955665,339.250269839794
218.673346817127,7.19572783978591
4154.79353307598,2847.76993075123
817.342373653342,675.023952071602
5587.33679875453,3677.98713662585
1156.27853415861,901.325550089138
484.62822002199,127.90608362406
1310.53714301327,927.480808023641
192.70307082038,2.42552623813008
2480.9131418101,1613.82388253985
3008.25379596672,2503.34520493675
3196.02748603732,2704.09792657932
2902.6295335344,2606.10666655887
2514.127385189,1688.69179242346
3504.09386095356,2641.88317857128
705.766384225229,346.365146804976
3361.34754916302,2482.28355210232
3306.82191426956,2655.1427220064
270.283255673734,114.767816500855
494.216795725826,290.092938080358
822.632588577637,731.013182735104
1575.47013097581,887.459625094495
406.837629320885,248.414312221822
450.031266634501,340.543883833463
198.053423205721,101.06359325542
214.916072655179,35.61481026321
2791.11345576961,2510.58135821384
345.21833306494,106.682729040421
309.148501110241,109.512509651573
1910.79932333878,1023.12739268057
644.297318723035,366.133185645736
4655.14232705716,2947.66118632488
362.862506077311,213.729287016562
2534.89746428824,1646.48763588
2395.12686546378,1405.30947693527
653.795725868257,463.801042167774
2804.3692876086,1666.70035453109
2796.25351520606,2521.61750259733
2072.48223669281,1442.54130469056
894.321409693966,181.146384551015
403.080355158937,272.831276352332
3935.81971534311,2839.40186522968
666.149646323378,429.641547647442
357.872827926426,42.5275600418808
460.731971405183,43.9828757847588
373.863785254358,145.369872538596
3273.51735180024,2650.89805108967
158.827484718281,41.7190512958374
2783.56880108224,2507.75157760269
3407.48675544629,2195.62677619265
210.257056457659,55.584976290481
706.638038713801,92.0891461743387
282.486907742149,93.342334730706
1014.91485711075,338.967291778679
4517.92655423737,2230.71605577093
287.927428686104,23.4467536352575
2616.14490527675,2091.12702076655
690.526844096732,305.009924444858
472.154099910686,157.012398481621
3369.94412019029,2095.61424430709
533.412684299221,430.328780081579
461.032545811548,358.007672748
3964.46501700071,3025.56100400616
793.38598757549,379.675707141962
2807.55544405538,2527.51961644345
421.596220292834,111.735908703192
3038.43241471621,1951.57841119946
207.251237128101,0.889359620647696
4265.91883024284,3457.1025472068
531.428825477894,121.842268028734
2789.15985384358,2262.04576968011
491.661856822292,185.027226532023
2732.25973006268,1732.2704138352
5256.39621099561,3604.3319898613
2417.43011112311,1593.89414194988
1100.06972774905,734.85359927881
3595.53080066091,2786.12113886542
6964.0321580557,5793.61197239751
3105.97303054084,2255.73940146098
4197.89711472984,2570.12802735994
185.970046059396,4.9319033508645
3845.79550111093,6518.94181798259
8541.34088060635,2284.40885677319
5093.70176157248,6212.61870779458
3819.30952521267,5592.92560464502
3992.84460624288,5035.12201902437
2822.27505594773,4826.43576365362
4151.53744443442,5165.09630637834
4136.03884153144,4582.79798457868
5014.38103324122,3944.23665723238
4418.60341675982,4982.09808470759
3778.55967419703,6266.89302509134
4390.63091121763,4427.47690771302
4017.55711570998,5505.17721989433
3554.29362853606,4608.42935567491
4028.85710167608,5026.19935035322
3335.06159319539,3911.33090723706
4221.31266916293,5314.50671253241
4244.46559536611,1420.56621398002
3151.18046280257,3290.1601364096
4636.01520115605,6266.72261442481
3733.86318368906,5126.1094750049
3382.47573828423,1127.59866978304
3713.74665077925,2923.08393218226
4827.61516083705,6410.56401691085
5025.54565361189,4076.65462508731
5066.04314864937,6039.73687517119
4097.57382026166,3846.65646501888
3933.87820610053,186.351289556014
3868.78585719382,2829.4250881476
8324.47515160383,4330.06754902131
4351.33625228827,2697.63231178267
3956.38892978735,5186.01030428395
3777.54685302981,932.438391069849
3874.40872652193,5137.7599829063
3870.02630154608,5307.00483750777
3387.04454120751,6787.0739103813
4122.89495588864,5369.34934728777
4909.58858318872,6227.22455105178
8292.2624788443,2289.23955517133
3322.79639289496,7141.41984582142
3867.89433967229,5274.8949010966
3928.53401253767,7018.20870536694
3382.55163323715,719.603555679244
3859.42332758962,6373.85045537183
4136.22424631835,2093.34044261919
3720.26475098384,2940.19032997179
7025.02901129982,895.043081150888
4121.56661838239,4010.38897855608
4187.74332437877,4365.70071539163
3716.137858363,3261.97154817727
3888.26254077911,2862.27396411154
3698.97348861244,4730.84468254524
8451.43286702866,5124.00661583701
3763.6113838617,5956.87585142241
4272.20622972047,5250.00268098076
8755.1295078876,8430.25051672967
4104.17495868796,6257.51578702436
7948.46269933994,848.043248467031
2917.24723649356,2111.18556853386
3482.5890434544,3737.99408236258
4773.49548310384,4959.99036642576
4101.8334433652,2970.76572467368
3816.76035128531,3770.04735617
4357.92850804186,4852.12379735361
4141.2070094602,4327.68053112412
4320.53341865969,3763.45504279228
9034.24442234798,725.684531343553
4058.10791274656,1140.38581260165
4180.99657253937,1973.82336564564
4481.13465253898,4973.2320786402
3558.55175700318,4404.34630257676
3825.32076759216,6484.8427704663
4194.28865548165,4992.04364023317
4517.67950662899,5311.55137717661
4265.46457807454,5035.80408454574
4194.27173304586,5837.75668124093
4457.38721549961,6876.01559265296
3547.46586065237,2195.69445919945
4402.97767867586,5763.19334610093
4020.00075602811,5801.15686776468
3928.74437038526,948.976471400775
4734.60718723168,3773.40059831787
5174.99798561546,5319.45115899332
4467.0471429228,5666.74978880463
3356.95184661682,4511.81538771208
1660.37001438088,466.190790315965
8258.956547776,2199.78621804483
3621.87558018027,6235.57890226432
3917.66728361059,2879.20973980691
4407.36080738067,5461.13261685245
3823.28807422621,6455.11985195232
3710.48916110298,2551.85888365052
3608.03108712023,5376.2829048538
3409.03393633609,6721.20617064215
3582.89203385881,4272.72414830598
4789.61750367337,6111.11737882986
4301.97997896152,5543.70905901669
9003.75731720713,6086.79347617262
4126.14215031207,4524.88668925999
4760.47562180909,6614.02124423613
3758.14624686192,4635.70859368794
3936.80570721835,4485.50237394973
4368.95624873673,5119.06259223135
3941.43717420453,5252.56010954448
4665.43502072758,4607.23563529868
2999.62983823432,4792.62087486663
2615.61090873647,2827.54972510526
3896.07349577645,5315.98459163793
4540.14075508252,6501.66522095415
7662.87546198119,4310.91516609527
5175.91222034488,6451.42578847139
3984.33447673428,5676.46827105993
7890.23468599778,1175.33723059203
5190.20209679633,6182.21372375922
4189.0920591027,6094.29535119726
8528.14218925937,7009.5701954251
3396.99452757694,6710.12398019936
1065.22028129884,3046.92026412673
4693.78368462801,5680.73065199946
4441.43322178451,6218.4156304434
5021.12631530619,3598.30173560856
4018.74440684733,6185.96487269917
4404.60089936304,4045.85173425987
4533.14603543156,5321.15611136913
568.695576907374,3290.55783177404
3930.58207602969,5032.79166373094
3728.63717885086,4926.17547763877
4046.71557558492,474.033592387474
4481.93245573539,4111.0378313329
4423.65368546466,4745.33677773966
4859.31440024761,3259.69827834285
4023.76114198824,3054.2515170572
4022.26351869586,5915.04785561119
5045.18948254776,7045.48794337997
4399.48881743339,3663.99948753643
8063.74684385693,349.1742414463
5523.60687878078,7507.92794401778
4465.39122157488,4605.58776838188
3376.96245839865,5147.93303455743
3781.21120503527,5152.70664749656
8618.85817387418,2225.64466241135
3671.13729739243,645.949570758531
4727.34384986614,6134.02048784058
3949.54757315842,4863.83096785877
4447.57976323408,3292.09237348333
3895.58170413992,6113.90230351912
3990.86175831867,6264.56309265317
3677.10326187299,2035.20165117497
4128.42095664856,2651.48506100053
3690.08006994371,5558.20115421111
4206.18087179472,5878.33471692742
4499.50212129866,5207.77677837747
4782.21261115126,6547.69893510115
3102.83411815691,4813.76236889778
4849.86853380133,6842.76902132458
3763.34533585525,4866.78630321456
3401.18637430674,5273.07662351326
3339.56329891758,2944.28208881717
2399.75392825589,493.356385980038
3498.85083341936,5143.61356815888
4378.87749733441,5456.13150778778
2332.73311720137,1657.61146824962
4569.98235980689,5237.61344495422
4028.74196016537,5004.60328692624
4255.95215978463,6000.40922246469
4037.6030730194,5919.59439528003
3560.48919101709,4471.69192142143
4130.84219157003,4030.22300414824
3511.88161122011,2760.7155496878
1831.48540607643,4633.20782772798
3571.01051035417,1904.43176166447
3288.38111694691,1798.6109663012
4059.34945832886,3973.10709955846
3935.92006369426,1165.61906547818
2065.68514614377,1965.98045786032
4826.03979438668,4583.36630203728
3673.44009809691,6691.76741085747
3186.75075931305,294.388427865412
3491.02857230212,5823.83290350511
3615.37198565718,4081.82614481851
8217.69528474978,3499.52824587409
4480.0949758888,4249.47979510694
3828.25507241,3864.89970915325
3532.27508361449,4590.24319699955
5001.61638420694,4522.04510196697
2394.22444411063,3149.89947219697
3886.66135873012,5207.54928225193
4536.91485278466,6158.91270795643
3554.8102030195,356.107693298517
3598.89177338515,2324.81605893789
4354.70934423652,3602.2799578188
3143.99998789607,3715.6026282067
4336.24327964575,1441.65083397978
3983.23463262895,5525.92080713341
3754.40252456744,2907.79623483131
2857.63381554715,590.083996291819
4544.07933405813,6603.28029798165
4143.48168741017,4543.64116539395
3979.71629652255,5022.44862426853
3920.61078836634,4854.96538464663
4077.69080100064,5710.62398117998
8416.52747981837,4186.96487466041
4183.24854923955,3466.50895924363
4384.55075033478,5749.04249509482
3263.37664213911,2527.4781069619
3865.71506712969,5454.08573407891
3487.69613261138,4189.86354741244
4179.0574987458,6098.50064667778
3893.30292275697,3741.00650317739
4231.32191109201,3800.33859214258
4089.86317665257,4416.7926240623
3424.02670390548,6890.39436263986
3678.8300323612,2692.85848741591
4359.24377700812,4832.68725569827
4496.50853828521,4167.41500779755
4461.37702234057,5817.41100079393
4094.93256078703,2843.63302461272
3848.09394912849,1795.31480961234
4028.11752331793,5335.30738523049
4031.80758074801,5823.66249283858
4448.12722132493,5596.56258266694
4585.76766302672,5044.95382648718
3305.09482990875,3661.83954290953
4693.81730413817,4654.69014309219
4789.9313187883,5579.39973370127
4110.15800403592,7391.65036112933
3755.73537215723,5197.83122285188
1553.84197883176,3251.17351646378
3985.03783166338,6111.17404143362
5903.03241062531,5523.19296790315
3995.06935804447,4496.35706826698
4138.97233998377,5229.77074859652
8005.32726253207,1728.76479292419
3982.40334536999,6609.75886329659
3670.00318045474,2273.83810975761
4057.70607318879,4935.15480891368
3264.24835375662,1224.61043882412
3699.31290507389,4408.8928422456
3613.92990697452,6563.156831691
3160.18372934165,1706.77092841894
3717.8835145816,5453.57407922406
4110.23059159042,1514.28182633225
7614.00023366549,7514.29276126995
3732.35322645274,4437.47954869762
4021.09071881164,92.465246715917
3842.33642817301,5902.14696472981
4485.234776686,3538.17383305922
3910.66298727009,4724.53652789682
4174.78867541171,1871.24206436747
3685.18850035415,2082.65615896847
3246.97659284044,6343.04756454439
4427.15031421688,4822.57128950616
4054.46527911918,5329.1125557896
8118.88342562241,1392.83240657115
4210.2663329064,5942.55458974976
3995.97959360119,6611.06633173559
4817.68227974376,6456.48398299507
8861.38471208496,882.426454712623
3904.47116265704,6746.32588688354
3391.7773261134,4034.65579575431
3924.07959707845,5093.14706240582
8894.87401521904,359.176618146364
7655.64268464384,3654.28100528114
3628.52526129074,6174.31436479777
2935.93309967662,3853.59002258491
3699.43096332199,4224.64466045011
8167.90309449042,1836.91552072564
4209.83347415352,7051.79652088364
4226.8449981988,3467.191024765
3600.22194167564,3044.76074235508
4330.51345253469,5343.83214710957
4468.26347590192,6931.82445165901
4402.29877715821,4164.57342050453
4163.51885748033,4449.41421532832
3874.58263422282,2441.2642639205
3411.13957439588,5826.7311534019
4167.7464049771,4385.19434250597
4187.05927038823,6206.59471187547
3746.61678087897,2476.7841050833
3647.49241075453,2808.39734217922
5133.68149006821,4600.69998452473
3879.02238517194,2812.14827969154
4080.64228186744,5454.42655541197
2670.74126236294,2120.73342869499
4287.63151200353,5869.46871086003
4063.91198954022,6280.81680282716
3928.09085575342,4985.22383072991
3359.93091447274,5445.56097219983
4048.74522435171,6372.94131658016
3571.43948600334,3357.44888122288
3927.72932303694,5159.6972905216
4149.14834645874,4724.99109729266
3806.90965986537,5158.90147693745
4344.34491381761,5319.11033766026
4733.52066315652,5832.58516150973
3449.18178335849,7406.42661505306
3750.7433842837,4909.2397019434
3158.98154699152,81.0988975438202
2927.805768884,4898.61208089644
4019.54936535683,4074.04053391983
2624.66484096707,2575.61468027678
2322.62165951947,273.247013119622
4030.9265973793,4819.04763669176
4616.8429988823,5719.60331245488
3251.35169934629,4810.52287481269
4606.87991988331,5378.49951208446
3675.85881118278,3615.91957682531
4914.7442274896,6780.25410087804
5042.15296443552,7471.72646018885
2777.24891589439,6038.94106158704
4218.00263497289,6332.30661828991
3923.72413536228,3161.89080143143
3737.94983630478,2912.05861577085
4840.29713208157,3047.14754882464
4053.0433551481,3014.86720174694
4041.64435980499,1192.67091307948
4101.92351659449,6841.29156507431
4302.37348270049,5835.42674880275
4031.98401728804,4117.8009782324
4449.62786688398,6789.57467634127
4410.51504959098,6037.29277181499
3294.72606365504,5374.97585927006
4561.50483249082,7039.40686200185
3973.36169390562,5199.30867910216
4930.40024476895,5939.2013476019
4482.5569151465,7173.75727835814
3222.43008120847,5148.21719328673
4277.35316698349,4894.69052128996
4046.13033612047,4401.44805267997
5174.43052246397,6337.93270741695
4106.31943098947,4417.24719345814
3838.50090882885,6612.99835738169
3908.83971987535,6296.33220773128
4677.84923140139,4663.10115690849
4012.83088025558,4722.49033133269
2433.39818591917,2622.27337448614
4120.01576402252,4954.13678117318
3755.94131895824,8142.85187048691
2961.50785066502,2224.16720616108
3546.36693580484,1127.54179575165
4006.28629142513,5561.38398569245
4940.87081035233,7704.33828856951
4419.5200373774,2869.3779323441
4403.98170296851,5382.64814496123
3743.23304203535,6626.46756572168
3358.0017402207,2398.01547446277
2414.21690964388,6082.58775783685
4034.66674449097,5803.37347499534
3905.22942551186,4457.48398495631
3798.75718462523,5112.98151085323
4118.23584377861,5864.52426439912
4556.48067908359,6107.87788474476
3855.97822684509,5238.46592114213
3649.89174475653,3787.09687992814
3806.16716926829,3453.72181642502
4513.75023088928,5789.50635986328
4088.26803970378,2658.02071177448
3428.49020205048,6172.60941242195
4769.90885361542,5104.91131836999
4184.88369163882,5811.84157427065
3721.35598746537,5731.70881260737
3163.45776671578,4573.47783197071
8997.55963569643,308.14171564934
3261.48068329965,6681.48061114357
4157.66388521025,5210.84586179603
4005.19327772961,4283.692590686
2419.41495995397,2159.77671124457
3408.7841157115,1197.61535954039
3221.41693925754,3559.76989648621
4170.95219389338,5544.27737647529
4269.31091559169,5262.39191700729
4012.97315783857,2965.02567605624
4270.76065906724,6845.042291159
4314.50824430375,4514.54322694234
7681.45173768075,1890.79214265795
4694.9923240301,122.245085511079
1643.92680690811,3505.60932725222
4158.69583300393,5430.44347408779
2397.81112530366,3645.07417788069
4790.14436912485,5747.0533839897
3911.73695751008,2971.73194892436
4171.28786089362,6778.49248589847
2614.25106960158,1995.93087249985
4050.89484770629,6189.71559878386
3249.63652563019,3789.3134871588
4167.00908258623,4403.49382638885
4822.50044790132,6072.92636104056
2576.07985069463,964.661969829981
4132.16603082843,1698.01877612814
3737.57522846951,4979.76772941416
5558.0610229229,7292.64895241407
4631.34901115898,5007.04696742719
4706.44168281142,3451.4485465906
4172.7079431786,5323.03147441148
4142.57544565798,5977.50611345396
4116.56096708257,4694.69986132007
4159.72261603218,5862.99014554509
3323.57452008903,1651.24633385601
4015.40866288097,5003.18249327973
4001.88737342286,4802.16852360014
4022.71430230101,6475.46553239932
3234.73366739855,6594.81219870634
4035.43396237045,4257.83414631948
3669.87944018799,4573.07992517863
4102.05551137508,6107.08249401587
3241.11468640384,6914.77492790086
4075.61068709881,3376.99895951336
4242.00943327193,5543.42490028738
4098.97552952358,6444.7197270309
3973.33866519838,362.927502801775
3205.14729311302,4560.9748478814
3243.49213242459,4760.11303166339
4115.96861645946,3147.62620236255
4173.86191624602,6665.22690096958
4215.72672215363,5704.20207846879
3622.44242251801,52.1147071549734
3974.77495367087,4740.10817254945
3958.03912100732,5878.67553826048
3918.65253916651,5313.9383950738
4612.00541032319,3753.73656053699
4035.53417222906,4827.28823984153
4437.71656325718,6041.61223821354
3521.1917167403,4613.31671667681
4442.77140133673,4479.30754450884
3900.73913783071,4628.83169872567
4497.93041372953,3868.65043523794
4290.03737924323,5365.54153574407
7973.79703345113,6328.44214414245
3141.38145818216,3926.61881601563
3798.09176386827,6564.63471079652
4453.72685182412,6054.62645430244
2673.55230578728,6539.62874261791
3519.21779432208,2463.71280353539
3971.5086454595,6127.14401573357
4112.46433147432,4673.67211535169
4229.37684773594,2832.3804235034
4806.76262034801,3831.93729655416
3738.58824899883,5258.41369479706
3199.01524180406,4355.30059047021
3969.67398073376,2987.53108970252
3813.09175090477,8425.58980614281
3998.5588409093,2423.58976009999
3371.45635986788,5200.33198881184
4040.14725925941,4663.84030788888
3193.30294714212,2854.71521505552
3976.23783481705,5999.84090500608
4060.23335723216,4563.87309777819
4044.042417972,5636.06064603997
3512.54699325334,4162.64097200317
3964.51479210746,5724.88900310411
4413.53793894312,6139.8174104894
2993.20902070322,4421.33916373114
4928.61134466893,4785.17608530101
3240.02363446198,3308.7439904494
3922.87296639796,3098.40986816185
3741.65491348228,6904.4314655832
4039.80989280061,3805.96510412487
3217.39253948501,2383.92107463279
3829.90084460625,2212.85751959274
3780.21891046535,5456.41566651708
4962.35507584723,5703.74750907296
3726.46639718043,5467.78201568918
3101.48444177294,4572.0570383242
3172.05920913981,4502.1539909158
3714.59432789965,5524.50001348689
5046.07249061819,526.375619753598
2616.3374704464,6332.98868381129
4313.99846359085,6338.55811033457
4217.38986381897,4849.56636878989
3935.0204907326,1805.43077580445
4384.41211061492,5595.76719193804
2676.89285886698,2118.57369549572
4956.82050090516,5812.92112372885
3981.6667452032,5625.14928911896
2673.02665401032,2164.60740964271
4839.05550344979,4307.78942007295
3908.69150679028,5613.04378896648
3120.73968648371,2314.98425147508
3102.22230888478,4033.2350021078
4363.78033359442,3063.8560398221
3749.27083095948,4363.14328682791
3820.98786527436,6715.69340672264
5385.83635109039,6059.57090076335
3792.01814179053,6691.937821524
4354.47509886335,6586.7420062231
5914.19537909058,488.411992376032
5100.30005964096,7087.42968725396
4319.39070402573,5678.74154089435
4260.86807991264,6231.77109072062
3975.64548076091,6391.63870725511
3730.02116082427,1943.98669906889
3958.70625086349,2986.79236157738
5012.56339160216,3046.63610539742
4697.71244585502,3820.22970319375
3007.07855950991,3686.95925915092
4626.88211482654,4263.97189030136
4340.7469126328,5910.55797854611
4641.92543669887,5067.2886180393
3935.77096264766,3593.81228139874
4752.79350358365,5103.83134605654
0,67.2319541967077
3591.76941983939,4347.40123150875
3360.34887586749,3760.27221131094
4952.24351658973,7428.87515466795
4024.02728956834,5859.63690339722
3397.06559434209,5636.45855283205
3960.36189577668,1719.27391250825
4495.49416592626,1485.41127829236
4719.55401283195,3896.27049458403
3572.62161391539,3604.32615438293
5146.57353610381,5880.60798676184
4541.21641167992,4882.75585465926
3470.12717164389,2453.82412204119
4078.12393396587,331.499552626618
5753.75089936038,6858.73899562453
3557.14070317451,4283.46551741571
7795.46636076147,3960.94535965746
4049.7689772424,4305.51615023853
3983.91563096665,4620.98900236797
4130.86333080718,2381.13636137116
1033.14580768527,1708.02120568511
2989.01843286906,6075.02922020845
8336.74409822084,1023.48282679558
3799.76181681997,1006.26289237091
6570.94354331399,1707.96433165372
1423.90899215051,1362.4274225358
4770.28697372115,3959.06957375987
4135.11382019783,7074.01756437299
3693.6680070571,5854.23788754047
4377.55792871438,6043.20344252658
4448.49590690303,2364.9961878323
3415.34178409638,272.224046979824
3939.25944345125,2726.84378686943
3758.70287216725,5437.71785298688
3959.39228063891,6090.88544644563
4370.67490017062,6240.01169387039
4362.81433088637,6034.22411125167
7930.95405820056,1267.91620802705
4788.15802338888,6975.58489597158
4475.97966337405,5874.35649471718
3445.35327583984,4444.6968421377
3825.49284125608,6067.52734518382
4059.19044057339,6303.89074535967
3741.1931442077,5859.06858593861
3853.96633740179,6197.61538060057
4193.97841505956,4999.20427106949
3378.7011877078,5634.63985239346
4689.06105758271,4592.9710362298
1820.94645661234,4561.42941727723
4038.49963467402,2773.72997720433
2334.75077942622,6635.50398245559
3823.91368575378,5942.44084168699
3441.13738102341,6603.90527804401
4505.88552212201,7164.66419902046
4497.18814377435,6785.36895800549
3755.90854141879,5368.83811528818
3462.81720172547,5103.94509411931
4421.00457151767,5633.73071360179
4375.61430013126,5479.77334492364
4373.56101940059,5885.94991715957
3363.83259123808,2108.28710720945
3878.21834161478,2766.34185024247
4207.46640491855,6095.09074192615
3975.17299960427,2075.43844267314
2223.68247007297,2369.48585346976
4166.57315411822,5245.17198258262
3075.98521744157,8234.97680709515
4196.23712273678,4343.76383063158
4156.11225309197,3618.19284665973
3829.82569674959,6073.0967717071
4222.35630456985,4594.56224054285
4347.72763532739,1691.53999938557
4431.93266423191,4946.97572748161
3978.67480355351,5532.51354336637
4541.16780470993,5605.8264955264
3857.92243684223,5794.28039565766
4645.09363712766,5934.99562926612
4286.73308914112,1280.81699319462
3369.0426124701,6691.88073606499
3821.14021550701,3588.29951747922
4516.14530253633,5835.71090753205
4047.09967406925,3195.87631231258
3974.52076618592,3225.82651552448
7216.71273966754,3607.84938434208
4218.75824881749,4451.80081037026
4369.11699472678,5484.20655938496
5128.11608130873,3508.16675581594
3391.10517086869,6907.27305287623
4438.33529589233,4444.07186207534
2771.52649477032,4905.94354525454
4001.26610933549,4634.9698655628
4712.01495581713,4638.77725425125
4213.07152987884,6495.86829830533
3796.97437296795,6460.178046476
4538.85343731162,4698.90515680059
4206.17179049854,6258.93658067088
3994.99401170841,4471.01027875531
3687.96769223846,6060.59378761779
4043.76480361337,6281.78302707784
4548.8100249344,5129.00814775694
3944.22351040932,4705.78205176286
3524.2030380798,2754.86196443522
4824.39665283939,6921.08350540453
4339.24235202534,4221.23475569848
3854.36661946121,5628.95667780741
3351.3152697825,3134.27074208534
4136.38223694829,3972.25462337055
4820.20057030427,6395.90108819464
4027.37963319689,4648.49573650655
4309.03581179628,5194.59172876679
3226.75845870373,2914.95686566763
4312.21859295459,4810.23871608338
4498.64124237177,3867.28630419518
4070.17671474077,5109.45785803883
3934.3237194332,5764.10290774785
3244.11081486225,1702.96322258905
4481.96892968111,6231.99858684616
4298.99589167043,4815.06941448152
4193.48077318055,1783.49367961678
4115.21310090242,1869.42336392888
4122.99443389372,6857.48861264454
4897.96667589611,6890.79184657669
4374.85367052536,5171.29071296399
4020.7909402598,2383.06859844489
4996.08051622422,6243.81950541409
1384.11721375774,178.622169476142
3920.71682150925,2420.69129877558
2707.3563738996,2039.74819084381
3773.82970388553,1538.09428556226
4074.51905649427,6497.85740941045
4418.2583688011,6804.63508899429
4409.36431524474,2920.52650361853
3859.99019205425,5531.71772978223
3580.39992462178,4357.85801903393
7997.21409212844,8982.93924522288
4784.44058767063,5280.97598247472
8788.32743380079,3338.75127912031
3552.90886276298,4280.79434078922
3357.06533984759,894.474763692283
4343.82752003827,6904.03398164638
4819.77054005467,7172.96146477399
4570.1739938019,6496.83452255601
3345.80008445001,6859.25022762412
3499.72673990468,4420.20252881393
4481.99678548532,3819.83179640168
1585.49861700471,1666.59090523834
6926.73842296309,2221.78018826388
8401.84141003688,2418.41802894116
4222.83799260043,3310.90372364867
4011.52620545191,3292.88797563985
4333.09648804676,7095.72695300749
4902.84171304595,4649.17780202792
4150.99646409069,5764.84163587298
1656.77608659055,3854.66999489836
3586.80925429805,5576.61480901201
3831.96784792,6269.62128717685
3532.41630332473,3240.37548475029
3656.1757917975,6982.06388414177
3252.87399413735,5440.04820828032
3317.11545811652,4324.27062637249
3032.70662032774,932.722549799152
3352.48952124685,2724.40010636848
3424.71756863424,5173.33690952812
2060.76320493155,3060.73029379977
2768.35006530158,128.326074389614
3986.49911439705,5127.01903665182
4383.70363994505,5059.04801488953
7758.8884745498,3647.91576517372
4935.53310141945,5017.33376714109
3750.16158344559,3610.23640223927
3610.89800713825,6570.99995090395
4063.07699125132,5518.07811077571
4093.72751602568,5524.61376154966
4120.75809176807,241.932731721876
2966.16850742065,5649.24569565066
4853.6249038623,4851.66922795778
4585.82973925095,6526.04578621515
3628.10173002989,4708.45322838936
5055.34669978675,6887.66610055436
3566.73893608668,3917.86655801101
5244.62548686008,5760.12468553761
3469.72987747715,4151.38837089384
3490.16406590249,5530.41068419848
3725.36232294475,2055.03588819475
3308.03710207664,5674.64957062134
4278.55601324524,4858.03404520995
3792.85220028628,6376.00997714347
5032.47309589522,5957.8991611321
9770.08099982795,1914.66147591935
3481.61899796333,4334.55700323113
8103.91250402728,1281.55582703356
3986.3031271437,3962.7636372408
3470.08957220526,3262.25570690657
4559.95057612338,6802.02099782681
4015.85749213833,5749.89497128272
4062.46539559105,3375.80545056477
4156.11906726819,4695.43858944521
3795.8485614363,6430.79594929508
3704.84952818935,4932.76779101648
4810.93965666906,5106.0479532872
4780.28458099011,5404.4712816585
3772.91121256975,2821.2982330606
3705.35091397844,3773.96891577647
4723.76711109971,4940.66757283319
3912.58190083256,2712.976883165
4373.09940658101,5344.0025577761
4016.11519090649,1487.45726342886
4372.68229533317,5823.83290350511
3395.47018700907,1993.82801333196
3860.01084191821,5108.09372699608
4138.20694809324,4592.85728816703
4784.53070389111,4833.25557315688
4610.55579261718,5794.45080632419
2640.99829283804,2194.89885704293
4319.8274862267,5062.28750897463
4298.52625151602,5264.49477617518
4472.42354124056,4359.90421559806
3060.84843201191,2984.63262837811
8027.41280083128,3606.48567615457
4386.99357417664,4486.52526080417
4289.73120439398,4411.39360820556
4431.54347966811,4991.47532277457
4216.73523231201,5114.97062195835
4267.65424412376,5580.3655350967
3737.66742719458,4777.61712481736
3952.45177556149,6128.45106131731
3909.83977672318,5560.70192017107
4126.70348682787,5636.79979702036
4116.30588994874,5976.59655180704
4094.49585333172,5195.61461562122
3885.87589118383,6347.76493773501
3792.97701322741,6113.78855545635
4808.5188770888,6035.75865296096
1557.32788626787,648.22284059295
8333.59490935026,5091.21503675972
4430.88137504611,6432.21674294159
4485.58031420637,5272.28080992912
4144.40273006686,2871.76473881366
3461.43764615874,5129.0648103607
3941.87417215506,5049.04579676019
3934.87491839883,4453.84700693439
4865.3030657585,5710.16941178415
4516.8201828895,5734.26624117109
3555.26331216182,5612.47547150787
3092.97148338275,4308.86896953114
4828.28179604632,5027.84764012528
8234.40281682973,1680.96925236999
4759.13903203321,6712.56766070031
3544.81842527318,6303.4928385676
6483.4284190322,540.242576314938
3964.73808656971,4038.74776602731
3910.38237213655,5875.49312963439
3204.84559197531,1741.5519357428
3939.54325319817,3629.50253322807
4588.93608375923,4732.60672038006
3953.35483382317,4829.95941646802
3249.8842464924,1283.7722228366
3749.40673439831,6299.74211248291
3494.61610403884,4833.31223576064
4188.96751535567,5811.44366747858
4017.37047280957,5608.21309056834
4996.86757721816,4494.0271358288
4195.95356128448,4678.78697247913
4341.32662878094,1549.91530984401
4352.7348642083,3662.12370163884
3301.9348985867,1748.71277800674
3885.40723845524,5323.37271859979
4576.52365214257,4893.44056116523
8237.05625074678,1352.93643640604
4626.37056037172,4473.56770731903
4034.01386930102,5552.68881314685
4526.29388437281,4125.70033719385
2313.80531397033,1885.16584210329
3853.32909061345,6203.07105906107
3418.38193631266,2342.26348948811
3926.25257543264,4894.57719608244
2507.76611296249,1592.65276158833
3809.57728585249,5733.58417564971
3735.60668714851,4264.02897576037
3609.16224067392,3569.09047194943
3844.32274754685,7469.96399949878
5358.43775825674,1485.865953402
4240.49309999492,4003.96665298965
3320.5729205247,6484.0473797374
3915.14058625864,3045.95403987605
4501.68640456226,5961.08156975818
4372.14814562297,3751.40662809881
4473.39079179591,3057.32038904814
4026.43817679934,3820.96843131889
4264.09821162222,3794.31459622347
3743.83317186176,5503.75642624782
4078.40661535822,4677.53658949915
4217.96387036875,4720.55830568659
3535.3495729345,2379.14725026604
3775.60952616295,2894.15661582479
1658.91105476149,236.135888358416
4332.16317704438,5581.16134868085
4623.37774652519,6973.70953292923
3455.24061910307,4549.49475064653
4130.40214026049,7119.08547712455
3643.55803888068,5533.02477536597
3377.12897133034,5170.26782610955
4029.46036972253,3843.92862578863
3823.68453469087,4362.80246549484
4181.1452035685,4732.83379365035
3699.86367426534,2136.47569544177
4882.47484620509,4081.08741669337
4850.88525466787,4892.87224370663
8460.68511526427,1243.42168327565
4021.78630493101,4299.54881692318
4911.14900448406,4954.53468796525
4037.25076191512,4754.88442647317
4769.61087460818,4356.55097345019
5114.04200483942,7982.30218843104
3474.43628813296,4160.02688083569
3612.07035298131,3195.98984894772
4256.27610083076,6053.3194087187
3615.08565037992,2351.0155360651
3022.90816609204,1082.07639906327
3864.21795867729,1299.85562805788
2513.32007863252,3035.44016689186
2339.07924664567,743.870690018908
4432.997220907,2584.19610475961
5091.65267099593,6940.23546547531
5036.44437811531,5172.37068527744
4399.02889540887,7191.03429824182
4004.65451624192,3014.24201025695
2393.06158487245,3431.15974017498
4442.47848995216,4464.81544931441
4246.98751440159,5057.34306251372
3956.88028263132,6745.35966263286
1960.95369772161,44.8970767521148
4598.92534357668,4938.79220979085
3820.46154982704,8461.16715561988
1640.771784038,929.312645047523
5006.79378051003,4198.44497189527
3716.38660328016,1823.0486170212
9205.75970687817,3808.8066914179
2297.73810703201,733.129479479895
555.30976885211,1403.80084895118
3755.60167923962,8189.73806082181
4191.94535953595,4743.23391857177
4443.38505486501,6560.08817112768
4243.17432305261,3017.65191500858
4005.23836965375,6252.2876046894
3782.3301629325,5535.01388647108
3592.32090089665,5000.17049532017
4029.55683422447,6316.33664398997
3832.51136134304,300.980899813847
4834.26659801306,3596.08555123316
3789.06264117244,4024.36941889566
2559.46372361876,313.199725173851
2222.32044017721,3459.80289780314
4144.37015448116,5315.18877805378
3091.12715602354,3504.07478554293
3628.32789677687,3199.34309109559
4127.04200324603,6167.4374698355
1967.73285772225,3841.03037589184
1379.99584997984,3737.99408236258
4026.54137679133,6946.03238812413
4453.10093164333,5272.90578999148
4233.37979773965,2039.12299935381
3833.376334086,6990.41823535432
4092.05735675126,4449.52754053584
4049.78530153245,3727.70770550394
3748.12682057767,3890.13275060215
4441.30955055587,4942.25877714624
8391.42361848052,6569.57915725743
3966.98800349603,4591.94814937536
3410.116868646,1800.941110167
2240.34615396149,942.554462975778
4866.59532432455,5927.72125036703
2792.33946362924,4000.32967496773
2310.99475570794,3616.77205301322
4465.3383730411,5874.41315732094
4289.90551822417,4207.31097796266
3834.82771217043,4972.89125730714
4436.59527076146,6361.06331255322
4538.40079938784,3300.73088342517
5006.01117435134,6490.92385184442
4264.0309394221,6551.39299858208
3706.44603232483,5027.27932266667
4894.05595236954,6729.78759512499
3847.42474470964,5180.15671903137
3707.78360776242,4107.11627172643
4418.76544412618,5209.99338560813
3706.63565112205,4981.52976724898
4041.70082525845,4174.85979736317
4139.61457329722,5356.61928992818
4265.18002822635,3359.94943575522
4730.25431412604,4775.17344431641
4457.18117580166,5105.19547709929
2597.10773981833,2357.49431280767
3877.33587747162,5578.60392011712
3806.32204591276,6394.76445327743
4612.8799007744,6447.33381819838
2898.46467655408,902.715366842053
2097.30399455597,3701.84926113742
3650.86918815712,5673.85375703719
3973.02179811061,5514.44070989854
3652.87048404883,393.048328107831
4674.16188976882,1782.92536215818
4617.8416429743,6291.10360254106
3653.18050531107,6235.12433286849
4305.8279230303,4556.42830821256
4839.371437363,5284.27213916358
4544.62253375463,6103.38843053493
3632.93758746789,6098.10273988571
8010.71453106884,7336.40939672664
3961.21707148292,5303.48160754862
3670.29891458741,2707.29370857895
2238.08034167957,1912.38820608494
4133.58704726379,1694.26794432964
4006.06954152843,3453.72181642502
3533.72808815582,6055.08144655352
4310.00142339188,2661.71477525542
3328.72495018838,3697.30272146858
3735.96845726457,5668.17058245115
3428.61519169887,6006.49030384281
3515.33630463776,4456.29068743534
4605.31714482604,3398.70877100312
2020.47285816477,2755.20299719591
2795.48681662799,4907.81890829688
4063.67659207239,6603.96236350303
3881.80422395713,8851.3170909521
4980.08678240794,5504.66598789474
3639.75305366035,5537.0029975762
4445.8222522866,4496.24332020421
3718.66481592676,4439.12741561442
4238.80720502027,4873.43570205129
5086.59247287449,6484.67235979977
4639.36468900442,6248.08188635363
4574.61759973823,6468.24823895924
4019.87982038415,4494.42461976562
3396.5585367585,5316.83706782584
4591.52695908277,6510.75830029183
3993.93050499404,2524.52277160611
3837.50505989137,4777.39005154707
4021.95857259062,4151.33170829008
4267.24078030072,5194.81922489233
4407.47192030305,6622.03477411561
3424.35356430882,1582.93459647447
4222.89728356018,3920.13982784543
8145.49112967042,544.845937158256
3826.64531269999,5925.61839119914
3896.39160524989,1792.5300963507
3884.27771025496,4288.80744781344
4288.0601500455,3092.55607148164
3772.68393540886,5108.32122312162
4036.94907256342,5116.10725687556
4217.30599681433,6341.62677089788
4445.56227541418,5778.19709615019
3748.48873663652,2020.02749045917
3673.76373831531,4814.04652762709
3736.17841466387,3298.00283276729
4342.5702002335,2339.47877622647
4189.77144054308,5204.9918536882
3995.73255856844,6642.21004389608
3343.41548776142,4386.21722936041
7924.2402875479,417.826985160074
4279.67075349915,5548.48309481107
3911.37730278349,3849.04348291607
3787.4233675438,5687.03880664788
5113.57612241375,3111.65158037629
3921.6623698217,5084.50855246398
4113.08650106111,4258.7437079664
3904.53312453797,4892.92890631039
3947.32605683251,5658.79334438417
4111.88753958984,5126.67779246351
3306.83174355434,5373.49798016454
4113.12222833472,5022.10738008022
4046.64756510397,3448.20926393313
3036.74890264555,2225.5311257762
4376.22304726633,3118.98283330677
4947.18343356146,6259.8461423178
4462.53653770074,4966.58267980347
1428.37926126047,1097.13681171629
4503.04231586146,4964.87772742766
4405.21262262141,5409.18865484912
4295.08192349891,5218.06315523611
1947.95041226059,1141.12454072678
3196.9664254392,6400.44762786348
8325.63862234143,3427.8633720585
4524.96998724003,5871.05991517307
4345.40458058542,4187.93109891108
4668.93591276438,6331.39705664299
4263.2001847119,2101.01272831036
4019.92474562959,5620.43191592834
3894.171753219,5682.94683637487
3999.03315925297,715.909492198312
3351.95114112482,4153.43414460272
4910.36225015944,7319.01905163543
4194.42377225783,5673.39918764136
4107.86553281015,4816.31979746151
2189.63145129246,1007.45629560569
3604.78045758124,4999.14760846573
3868.58496532762,5839.74579234605
4350.79894055522,6521.61299460908
7731.40311875353,1343.84335706837
4802.88032882115,6267.85924934202
4208.64015408741,6869.25286860871
7764.15367045346,1408.23374627106
2789.71619679263,21.1982400497157
3182.88851388267,4983.2347196248
4220.54962343127,5870.94658996555
2530.51323457662,6072.35804358196
4472.27625760294,6949.9539477306
4389.23625809978,7157.50356818414
3847.0133737152,4824.84455934058
2076.61427849718,4741.01773419636
4991.92019940958,5052.05779471974
4558.5711339991,6673.24000799381
3166.71747874093,6738.8240118589
4782.35834866965,5053.30817769972
4191.04256021546,4856.04493410483
3778.84850219604,1622.31891178474
3350.61074198727,6748.14416446687
7613.95226362259,241.819062944465
3370.50093824017,6776.90128158543
3839.69811441669,5996.08975606614
3642.24588528625,5656.34966388322
4582.18192406175,5195.67170108023
4806.45297580194,5655.95175709114
4251.01392126916,5050.4665904067
8941.33811338008,1362.4274225358
3689.03875733229,7155.91194101584
7762.5546830683,1636.29956355194
4090.55488643877,6210.45918602293
4533.15811293849,5123.43829837841
4116.00123095665,5991.5432163973
4066.98281499468,6018.53829568103
4448.73438647464,7067.3115029325
3727.31048771274,4707.20284540938
4288.57565413059,5747.6217014483
5158.39290080631,3753.85030859976
3979.53513366849,2234.79461578041
4537.71045079791,5962.27486727915
3891.20866093575,4837.06338470058
4833.61522453639,5623.10309255483
4300.73459849894,3288.85287939823
4492.9489710667,4163.94801758691
3429.38620766228,970.97033590602
4594.51522742664,3207.81097894328
2520.74145964558,1172.95031840865
4098.68413025006,5623.61474740968
5074.57543983722,2794.98521929825
5097.72146141026,4978.80150516348
5165.09456395917,6154.30950568383
3687.48063698664,5131.11058406957
4651.28563918939,6282.52175520298
4640.92721829788,6908.06886646037
3849.5557232591,4196.34211272739
4140.45069631088,2381.81842689253
3970.54277370537,2849.31619919877
3429.53034153865,7130.84931023347
3905.28225131373,3715.54554274769
4766.75283498165,4816.43354552428
3689.9233449169,5349.91280563244
3997.79061658536,5630.32080885017
8155.28832567,38.7592501813165
3763.88001839968,4250.33227129484
3750.65302393581,5401.34553563617
4092.18052566816,5696.24563404833
4712.9458973081,4679.01404574943
2955.19956576387,4909.63760873547
2528.08128458847,4427.53399317204
4065.38228988957,4887.8707117867
3878.2411296343,5084.33814179745
3410.16555915719,2796.91745637198
3498.21533018193,5514.89570214962
2079.77446137054,5798.88359793026
4061.3123603703,5189.07896484727
4195.14858322955,2473.20378966514
4754.13508971282,4648.72280977684
5139.74687692889,5342.80883739988
4178.22891830085,4385.36475317251
4410.61156905466,7139.60156823809
3278.79193425411,1063.49243930965
2741.62343294914,5010.00230278298
4526.72378537176,5292.56982777236
3946.89987576894,5936.58725643441
3399.77868960758,4709.07820845172
2749.7474010041,1121.51758840492
3735.06413487649,3826.82243942672
3771.83881287753,3976.5740897691
4560.93032200284,4016.75379580826
7806.08164063227,546.607710708549
3701.55422156955,4069.66440491752
3878.61326710983,3406.38105669429
4790.55313312905,6131.17890054756
3619.11533242938,2801.29337394666
3997.7664094046,6923.35677523894
4227.22098794178,2242.63752356573
4908.90028034532,4794.38248984621
3300.64431107115,2977.24450141625
4048.16469724638,5137.1916654477
3355.70113860313,6207.10636673032
4291.13564783409,5044.32884642482
4442.73148735144,7706.15741186335
3597.66800359758,7134.88419504747
2914.08841932287,3260.26659580146
3892.56434885047,395.435266719662
3453.15400464633,6120.32420623031
1594.48764900435,965.344035351357
3901.20392589097,4456.74525683117
4480.77445719936,4406.27875107811
4534.8927111975,5996.03309346238
2391.9305815938,2321.40615418626
4276.91442267275,3653.99684655184
3905.29933190703,5693.97236421391
4670.5902691959,3503.79062681363
3558.97723739862,7572.65947169497
4190.20968162351,3767.66033827281
3956.14372017989,6345.66207856713
3928.57212700169,1723.93409452605
4247.85186829936,5600.76830100271
3781.14709836823,4618.09075247119
4542.61306946247,6187.27191828291
4378.96957045706,3181.27046905538
3246.36758608479,2300.15112351997
3765.5559582507,3581.65011864249
8458.90858932551,4816.66061879457
4597.74219089292,5359.63128788773
3249.7613634046,69.7893827604295
4230.41701895769,6562.87267296169
3510.71196511045,3654.67891207321
2656.01020045354,3434.34214880107
4474.36173911891,4291.99027929478
2782.72166387968,5448.34547403385
4366.46146104077,5635.71982470691
3973.380756418,6428.52267946066
4170.78510250862,6813.84191639474
3952.45607200227,5549.61972972828
3979.57578055397,5823.43499671304
3223.79572610623,1891.13317541864
3989.72047433181,4260.84614427903
4221.73840548963,4188.44275376593
4095.52291943047,3235.7154084463
3914.16331592776,4747.78045824061
3339.116259479,1740.69945955489
3898.91365382385,5617.19284469849
3866.32747866664,4902.1923963146
4252.72877931856,5307.91439915469
4553.01224062082,8407.00616353064
4976.32826281094,6777.46959904403
4355.89105085586,5013.75302886767
3446.66425812604,6234.55601540988
4262.76766119384,3961.62700232359
3306.92769865927,2587.4924728761
4075.19944158425,5235.90849257841
3621.92235984048,5166.51710002486
4771.16688062815,3937.98516518773
3847.02773668085,5271.99665119981
3335.83417618728,3897.18005623095
4125.04672440442,2933.08636173923
4636.37130902279,2436.20628082444
4134.59625422963,6564.29346660821
4357.9682085513,6552.41588543652
4618.21154832521,6584.80998057699
4371.60660696656,920.276439741231
3762.35421201097,4154.62786497894
4363.5145289463,7218.37019885862
4163.92137762157,5273.5311929091
4427.97015812313,6313.09757276012
3620.29339681986,1956.14865039751
3796.40952747213,5858.21610975071
4235.23610513235,545.755234520642
4160.59321821884,6529.56943902955
3858.235821158,6382.48896531367
4014.02719238517,2673.36528315681
3570.81664806177,2931.15391323787
3347.42556462795,5198.51328837326
4235.42872019016,5483.35408319705
4210.54933974077,3486.62735499271
4194.43724991528,3254.24238845472
3180.37377324816,4356.26681472089
4809.25005619067,2936.49626649085
4365.27617006332,6699.32594848587
2734.37845158213,3047.54545561672
4860.70565174672,6370.55429868297
4275.71304279909,4910.26258879783
2287.11115069268,2229.50934798644
4388.67537460171,3268.79135768053
3993.33523288703,6412.38229449418
4926.81140009331,5069.05065587413
4345.00919862473,6294.62725535546
3984.75724500026,5532.51354336637
4032.15749326937,3757.31687595515
4597.36302314412,6727.62807335334
8107.13302347198,3791.24551280491
3909.31079600347,1350.89055698335
3977.05504778786,5498.41449585008
3920.78126246822,5395.03738098776
4562.73025159801,5730.40134416838
4881.91272991088,5571.21579315526
3641.4800812712,5300.86709352589
3838.04188358884,2362.3818852372
4117.96930344761,5637.65227320827
3468.31641745496,423.45331214319
3886.4073764427,1479.04614389875
4489.42155016354,4147.52389674638
4025.90314813254,7975.3123911165
2638.05939868881,1618.3406895745
4378.88188671199,4319.26951730781
4597.18205141584,6295.99096354296
4372.55398647042,6632.2644883705
4105.82400478722,5506.37094027055
3442.77801724677,4809.95455735408
2446.3966920323,2960.53601041879
3740.33681629733,2772.76396438128
3630.84607120717,7202.74146874698
4212.84985766385,5141.73820511654
3889.8511498747,5662.2032491358
5181.73033905844,2890.57608897901
9097.74835859471,1841.40539779072
3920.1000108687,3167.28981728818
3893.36493771451,4207.87929542126
3929.27907695158,4969.4242670965
6107.95177825769,3146.5462300491
5504.96824439747,3553.29090831601
4154.82389774275,4866.9567138811
2397.15859673797,5742.16560013255
4071.41040368355,5078.48455654487
4733.85051535023,5024.55106058117
3723.67424444376,3629.27503710253
5012.1928051114,4292.84275548269
4284.90817926282,3662.40786036814
3956.76773512585,4723.17239685407
2768.41507581775,573.943769896061
3929.99448032883,5812.69405045856
4036.61282055959,5863.78553627398
4203.62211027242,4879.57344603317
5001.35415778361,4399.91351097069
723.953473090437,578.319846041462
3960.12849747457,6163.51633308428
3534.62401709246,5523.24963050691
3454.88595537952,4770.00192458521
4365.47265636654,5600.99579712826
2628.98212114267,5318.76909347194
4442.00660897726,1191.19335111539
3882.63652850268,4481.01249688465
4570.51846033479,5887.20030013955
8493.8994425997,2531.2859185056
4375.68436828665,6365.72360028483
2852.81906587293,734.209293222625
3987.40380893044,5243.29661954027
3534.33238028713,2885.29082118503
4523.67640221391,5599.68832868926
3866.91803259731,5889.01900057814
5009.85936629581,5028.35887212487
3388.38744342371,3716.56885245738
4249.60588068401,4765.85329170845
4796.7217889914,6309.91474127878
4613.6747867132,5234.54436153565
3626.5010539278,3670.13723151832
3581.39633320387,5595.48303320874
4212.10873025068,4182.36167238781
524.968869425051,993.191590822994
7026.11079020081,7817.03597889505
3574.37110127663,6393.40074508993
4196.44201246111,4593.70976435494
5057.8900491074,6793.89371988456
4306.16123640193,3827.84532628116
4948.75602335854,6408.40407228395
2573.7378244155,963.639082975543
4331.13851090691,5248.41147666771
4717.46093617945,5019.89119570481
4232.33445581282,5722.89989199899
4104.27524356091,6978.36982066084
4206.90108888342,2509.57610701585
4009.45125701993,4606.15608584049
3731.55636566972,4710.78316082754
4739.91055252085,6587.594482411
4373.94622449962,4975.67575914115
3746.20935437376,4741.64271425873
3855.77526839471,5394.35531546639
8706.62602990528,10.7411998024536
4345.62177498289,5464.25836287478
4051.15523393554,4477.83008825856
4184.40292826683,5727.55975687535
3667.88203764378,5656.12259061293
4508.81359780478,6644.99454573009
3595.9240120386,2292.70612252672
3952.63025962252,4790.12010890667
3883.8087735225,5303.99283954822
4212.53126400126,6375.38499708111
4606.19298854718,5548.48309481107
3814.59733538692,5812.63696499955
3480.11172222663,3728.16227489977
4010.94961368144,2658.64569183685
4137.60521346126,6652.49642075473
3651.99709194836,4138.20332128316
3976.93320322778,4779.54957331872
6567.76012008762,4903.38611669082
2884.00204629471,1141.52244751886
4560.94133652873,6318.89407255369
4174.61611241171,5487.84353740688
4502.09723162287,5978.35858964187
3052.0672139767,6580.37718897093
4497.45191145558,2649.55261249917
3907.25360127472,4057.50224216127
4347.63807392437,4546.82357402004
3939.50995303827,6134.19089850711
2913.30066731395,2098.39842571525
4408.26053285205,4698.56433546753
7836.28736708999,1272.57639004485
4207.90763170034,6116.17557335354
4471.54906587985,3723.84323135647
4223.9659054626,5830.02773294601
3463.78095294312,4973.40248930673
4653.2177349121,5165.83503450348
3643.39359533459,3430.42080062222
3324.36955633104,601.620808987354
4106.13049032879,8240.77330688872
4119.9057303662,918.912414412291
3634.61530192629,1409.82505629791
3067.17139957537,5572.01160673941
4498.39959730752,3365.40532564335
3726.59524978441,6555.42788339607
3221.00035484053,1267.29101653706
3382.60266443101,3387.68345459171
2783.12293123373,2722.18371056544
3786.72972652552,6215.57404315038
4132.25918374604,4071.02811310502
2975.90166052948,7649.95064606523
3701.14292543723,5817.808907586
4340.32452864302,4606.66731784008
4277.88113468944,5830.36855427907
7910.87909809532,791.950336445496
4177.52393840889,4755.22567066148
3565.45346764264,4884.51789249409
3852.21149111816,5687.09589210689
3872.78090989833,5617.4770034278
4009.95952691323,5893.56554024698
4282.56947023494,4870.02579729966
3358.85592674927,3451.56229465337
4077.59456182402,5895.44090328932
3523.98566724182,2315.43882087091
4521.76735231015,6840.49575149016
4058.00704219494,5366.56484545376
3377.47883866313,23.3010149769092
1418.39764282438,1257.45910336043
3690.09576826927,3864.6722130277
1745.2429281616,1935.29131509566
3963.67849578096,4471.35110008837
3105.45644863371,6380.32944354202
4531.9613279124,4761.13591851782
3954.77570233935,5479.71668231988
3707.8386713793,5863.78553627398
8605.57301992604,2506.27995032699
3631.15126925312,5034.15579477369
3336.13642255408,4956.35296554859
3746.36688542537,4022.20989712401
2890.07119016343,774.162031705308
4521.2640642083,4916.11617405041
4435.55110691181,3446.16327879662
4016.30434566465,3537.15094620478
7751.56900953275,3916.78700855282
4352.06487922054,4511.81538771208
5383.18867096049,5743.92763796737
3273.70606019731,4890.42814035042
2816.3028878401,3280.72602431123
3926.30460637475,2695.41591597963
4386.98599433758,5329.45337712266
3623.59116788459,2354.59585148326
3936.60790067761,5509.6100115004
3882.28925442152,5916.98030411255
4887.62167609503,3511.23562780688
3923.65370867471,4275.11116620317
4115.12678959235,4132.06557730128
4176.55827626203,1990.98642603893
3409.9190886439,2393.18477606463
4536.90734814293,5890.89436362048
4048.87489736196,4746.13259132381
3820.75193236055,6268.71172552993
4396.43721978186,6326.39594757832
4057.7017821268,6409.02947520157
3993.05163228971,3477.0797062592
3727.20992875523,4520.28306413214
3988.89002241346,3269.98486662912
3765.1973081457,3155.41202468886
3979.31514363137,5023.75566985227
4706.39649695101,5332.18163920817
3489.10696206475,5810.07953643583
2698.57667599585,4843.9398568076
4665.25372891546,4647.64326031864
3497.2120124202,1420.0547705528
5300.08730930234,6329.86293778896
4231.01732561796,5501.82440060171
3630.55821628532,5021.25490389231
1610.81645538383,2439.38890087815
4763.94336496251,5364.3482382231
3742.33516959765,4567.56716125912
3136.74155655403,738.755832891464
4151.86576414456,6250.35515618804
4067.47066220957,4073.07430966915
4720.8527486976,4816.26271200249
4286.89740568841,5585.02582282831
4332.26266307023,2058.04788615431
3983.12021943604,6296.4455329388
3843.4718581381,7867.38873658534
2880.39495962347,3006.28556583648
3308.28409989255,3940.88341508451
4935.30092969038,7628.97956270061
3128.71489374748,4105.18424608032
4046.90625321867,6353.33436425829
3327.5316306676,4858.37528939826
2421.97109669209,5776.83296510744
4385.26651221468,3482.02415272011
8813.74302858151,7293.55893691624
3887.02303675605,5600.42747966965
4151.77336436831,4669.29598634938
4422.81753213863,1174.93942951377
9231.59136853469,1427.32925516571
3594.40295699104,5071.26684024954
4434.91687234243,5367.53064684919
4429.34008267203,5938.74677820606
3836.99249188146,5233.23731595191
3858.29435839274,5557.57617414875
3521.39769336578,2560.6678042589
4447.25591241343,5588.26531691341
3730.23192341318,4589.33363535263
2299.82775642361,348.378586432872
3936.15356996468,999.49985118522
3969.77742311904,4404.00548124369
4183.67007926645,5510.40582508454
4188.69370453055,1201.02526429202
8908.6841435256,2515.08887093537
5269.22805922281,8089.31670417053
3761.87266464403,3406.38105669429
4053.06598310901,7760.77255049318
2052.78461079014,2397.16299827486
4096.16473599655,5081.38280644165
5167.11150944773,4891.79227139318
3640.45039221036,6638.40223235238
4757.52375467665,3813.75113787881
8916.70361424138,3240.6027694482
3882.99215992199,6167.55121789827
4453.76256769371,6108.84410899544
4483.92841092633,6884.93826132411
3929.77233644487,5546.77814243525
3802.52741261046,2568.68112271075
4469.24802105432,7213.76699658602
3899.95923503357,4551.25636562611
5884.79670810429,4193.27345216407
4803.2554428731,6684.3221984366
4323.36816357802,6142.54524971966
4803.58465999376,3658.42963815791
4275.17934823545,4491.35595920231
4297.70698744599,5273.13328611702
4232.81108285556,5676.2978603934
4838.83058381714,7537.36712665771
5334.69710489795,4757.04437110007
3253.01945380193,4603.65531988052
3587.02491852516,7371.53175395262
3136.17354027902,6701.37172219474
4466.87520487695,7154.09366343251
4284.23486588054,1156.58286017189
4421.11437744156,5925.95963538745
4802.58525435994,6373.9642034346
4069.30037190575,4257.72039825671
3085.51528663344,3866.88882025836
3362.45915446591,4458.507294666
3588.11013926384,6574.46651825933
3753.39331265934,2476.2157876247
4254.51550691502,6399.08391967598
1939.90780109963,1342.13840469255
3584.66757416368,5951.30642489913
2917.01655376372,4749.25833734613
3270.4279858452,3325.62310354101
4274.6936399203,5975.17575816053
4435.94500284855,5360.19960534634
3362.67174894471,7319.47404388652
4708.66077858745,5257.90246279746
3524.63418142324,6692.22198025331
4250.51708779191,3764.13668545841
3807.7282526595,3138.58978562863
3708.80284358728,2506.27995032699
3980.0007463018,4683.90182960658
3843.73476443111,6291.27401320759
4864.89605452342,5823.94665156788
4284.25740586282,3321.13343790356
3964.27402891617,4481.01249688465
7996.68748891771,2910.29678936365
4647.24862746213,6031.04127977034
4894.61938201118,3667.97770974667
5058.13739109386,4527.50078042748
4366.27157176395,4772.16144635686
3245.81216775661,6265.41556884107
1889.92074201604,1686.02734117987
4337.60311506744,5987.90623837538
4581.47951737962,5291.88776225098
4331.2577111893,5659.58915796831
4443.37650866025,4806.48798999869
3486.99057613449,5496.42538474497
4125.44166358253,6668.52305765843
4859.95715933905,4222.59846388598
4260.49278554252,3938.04182779149
3962.75109060102,4781.02702956899
2677.23714190381,1350.32223952475
3364.68472918075,4045.4538274678
4598.15827773678,6955.58003685764
3768.68993337196,4092.11294453241
4201.51668229524,3219.46148684468
4896.70722687221,6347.36703094294
3461.14664187458,4172.92777171707
4079.24582273157,5212.49372871284
4060.00912994264,5321.2698594319
4416.92846721314,6204.60560077036
3967.70176545482,6585.20788736907
4237.00825025912,7139.54490563433
3863.82213612805,4201.8548766469
4633.61379558928,5004.9441082593
3764.09411015863,6325.42972332764
4468.22666670931,3954.80719282033
3398.95240757166,5720.91078089388
2839.0862318218,2045.31761736708
1828.2654327696,1695.85925435649
3857.2060577965,6720.69451578731
4170.19781500249,3874.90192728259
9027.77329743451,1305.25464391462
4740.38005023275,4651.62148252887
4752.63581331197,6314.17712221832
4566.44770400878,5898.56664931165
4368.23028071635,5956.19420875628
4604.01678955801,7151.59289747255
4444.57249071653,6910.85379114964
4057.91050449768,4276.58862245344
3565.06208234649,4070.23272237612
4847.37022734194,8468.72527039302
3677.17483794057,2505.0864413784
4727.41070132257,7060.20753469994
8364.79517727639,1056.44523939466
4136.28475254022,4545.40278037353
4580.77160279306,250.684831155772
5292.59933069462,5716.25049316227
7111.20823672074,5960.1153455075
4435.27602328942,6018.14081174421
4158.35554742457,2467.52061507909
3912.46914350148,1553.49573097598
3267.26403543512,2307.99403130529
4623.41091352405,6100.66016844943
3520.08135614911,7155.79861580832
2916.85137090727,8274.47487046819
3954.04687291723,6942.1112513729
3294.75439706554,4028.12014498035
4437.8641578786,4724.19528370851
4668.53373609569,6180.62251944618
4447.08879315635,6252.91258475177
7840.04110081823,2954.85283583274
3695.3749185264,6865.50171966877
3204.18422258458,3594.32351339833
3977.88652928459,6644.36956566773
8458.6434566439,2729.51496349592
4131.13128272246,4882.86960272203
4210.40940783297,4456.85900489394
4029.69018012975,4880.88049161691
5135.50122043114,6541.39035759748
1781.38075972041,317.973602397513
4020.0823996833,3004.35332876275
7567.16976570007,1551.27922945913
2780.73983119575,5593.55058470738
3808.44275560906,4739.48319248708
4119.48880658399,4315.06379897204
4429.64299721009,4581.20678026563
3363.76911188352,4421.1116676056
2159.1020080015,1167.55130255191
3870.04887809911,5241.13709776862
4597.19901211409,4423.8399296911
4382.71129212807,4755.56649199455
3806.36410034458,6083.44023402475
8011.75271339249,733.64097576402
4019.86885943737,6801.16852163891
4150.60063344312,4892.75849564386
4549.88658102223,4038.23653402772
4320.5104187004,5360.76792280494
3531.81973058261,3168.76748496608
3758.59549720965,5315.01836738725
3822.43487712956,5168.9036950668
4038.46188540618,4766.53493437457
7736.42823298207,1752.63412618559
3766.4073729544,6763.82998003752
3797.57740048835,1509.73528666341
2807.067525174,1607.65640592378
4403.46994093996,7212.00538160644
8367.22716266254,3605.00779704905
4377.04490874562,4277.72525737065
9079.55017131376,3310.67643895076
4423.60396757707,4455.43821124743
4401.96530073814,6497.17534388908
4033.51875605145,5610.54344586177
3272.7197767213,5084.90645925605
3854.49509495222,4799.04277757782
4438.78508039823,4636.56106987584
3521.61858570504,4809.15874376993
3348.40999743697,698.518935679479
4480.13874316307,3365.06429288266
6748.37690688355,2067.19783952337
4014.02968443676,5801.66852261952
4075.42738680124,5493.75420811847
3174.33149159172,4323.36106472557
3172.95160739491,1230.23673937878
3953.22870143526,5675.44538420549
3958.08737867431,5069.44813981095
3981.95450048284,4578.08103424331
4037.42872704743,5105.36588776582
4376.11388707808,1705.63429350173
4129.51498466534,4281.24891018505
4843.73591381046,4990.73617179418
3784.83878194194,5456.30191845431
2819.65464868785,412.030141796614
4057.8896078309,4692.88116088148
3954.40802444186,6787.58556523615
1565.46965310193,1014.61713786963
4675.00678222734,5958.80829992376
3924.0166262848,4297.44595775529
7846.8978000505,2953.09100942554
4062.12738837554,4162.75472006594
4039.87971541852,3990.83868883798
4283.41616204577,8846.77055128326
4472.85442755214,4892.07643012248
1796.34578573122,2536.74159696611
3642.16391174598,1237.79538272099
3984.77793252834,2363.97308955024
4128.02017855105,6483.7632210081
5251.30631710771,6138.56702750942
4708.15780808613,5823.32124865027
4468.83981475177,3244.92202441913
4445.41841042784,4114.44773608453
2478.33704334948,2930.69934384204
4124.37434296175,5510.80373187662
4646.41247508372,6812.42112274823
4095.59843344935,2255.82236174879
4078.51277545377,976.596636460683
3991.89867468128,5391.68413883989
4042.79613109813,4838.82499968016
4248.04977374365,3763.8525267291
3725.24052944316,6561.45187931518
2994.68920840546,2586.07167922959
3535.30429899331,4520.16973892462
4524.85945967995,6152.54789070425
2999.95083332405,570.249706415129
3415.88487854534,5109.8557648309
3124.59913348591,140.65856852703
3673.59421782771,6931.71070359623
2886.74434838299,400.209143943324
3318.52217490191,1992.06618692476
8925.92171250109,914.138590045536
2885.67901424566,1026.60857281791
4369.57974110081,3624.04643191231
3333.55115654573,3747.59881655511
3925.39135560528,5639.35722558408
3540.65773692168,4580.07014534842
4190.97522702787,1874.48134702494
4815.57324986379,4948.96483858672
4718.6199538636,6263.31270967318
3487.01913270034,2742.18835825176
3654.51745416246,5584.96916022455
4452.7893176984,5778.93582427533
4364.0140085396,6557.81490129326
4159.59149192466,4528.01243528232
3681.10241419542,5193.00052445374
4361.7467904502,5319.67865511886
4278.84290546659,6570.60204411187
4345.16296365053,5418.11090066502
4104.21400395424,7990.60029989507
4786.1335012931,4714.81804564153
3570.2936527162,4577.34230611817
4043.68853550261,3193.83032717608
3312.99921167472,1652.21245239288
2428.39595322545,4316.59834068132
2659.9966124634,4712.37436514058
4841.51977243116,5407.31286895153
4329.72901378917,6454.83569322302
4636.13469642442,3803.69183429045
5003.08938889458,6903.29483066599
4632.85821580508,6425.28318537556
3560.75475876248,3724.24113814855
3323.68793871931,3540.73126162294
2709.07086964535,2934.67756605227
4400.93113100003,6548.21016710074
5056.00691265713,5263.86979611282
8032.9223428522,1279.33932551672
4383.44706135951,6028.76800993592
3807.28511077341,3991.80491308866
3401.7551422939,971.936454442885
3995.02846102078,4583.76420882935
4292.30712937866,4513.23618135859
4461.20879737871,5755.1802390767
4099.17268871237,4853.54459100012
3465.74148008882,5640.26636437575
4077.87758420971,5386.11471231662
4782.18528310119,2326.06644191787
4660.87064509858,6168.51744214895
4205.68836465191,6507.3483955402
4418.19259842751,6876.58391011157
4569.69084394174,3929.9720581635
4442.07706145542,4387.97884433999
4429.82001526007,4382.57982848324
4193.48629963268,4314.09757472136
8564.31461935994,1263.71059540508
3745.45321668359,5691.75575698325
3911.55809573949,6145.21642634615
7586.47526147518,603.723615298336
4445.72435488268,7030.25712006041
4297.55719920561,5316.83706782584
478.603738868989,3426.32904177684
3973.26641804922,5439.59363888448
3970.46215982848,6007.85401203031
4359.97701959514,4509.9966872735
3757.39723606478,4590.07278633302
4362.96414494476,7736.22072885514
4016.16796778389,4280.51018205991
4364.18408391208,4816.43354552428
8988.78776882735,4643.3808793791
4948.21362918703,4076.02964502494
3515.91893642909,236.761053419954
3917.08219161064,4485.16112976142
5519.09896852613,3679.23031085599
4099.43508488754,705.11146048482
3579.39236451979,2574.13701259888
3959.36844102693,6027.12014301911
4440.07852119732,4727.43477779361
3926.18165294906,6637.03810130963
4642.57878610372,6573.50029400866
4419.63053345168,4466.29290556468
4331.93574198561,6795.25785092731
3554.11367810237,5011.87766582533
4178.20292795712,4788.13099780155
1576.58418446936,4505.3934850009
4215.90885592664,4920.94687244856
3555.54186019199,2653.36042404287
4065.3164701234,6094.57950992656
4464.25014416423,5046.03379880063
4220.09231221135,4379.62449312745
4025.27606020531,1728.19647546558
4108.34257952607,5328.20341699793
4033.93960055597,5879.81217317769
3299.52826635261,6186.30569403223
4614.95649197367,4525.11376253028
4060.88386084056,3818.29767754765
3674.82149721547,5249.26395285562
4225.10430870101,5786.55144736274
4373.27902835131,4441.62818157439
3761.86393959362,5452.09662297379
3313.55902211104,5608.32683863111
4786.38924451375,6481.66036184021
3567.05102351646,522.738377447146
2829.28514725659,1577.19454785704
3983.16150598814,6042.01014500561
4942.88746058252,6407.26743736674
4142.56545121261,6124.18868037777
4157.85629972703,5501.93772580923
7641.62583788942,922.54970957565
3754.28971445764,312.119937859574
4375.59697134303,1430.73915991733
4854.17060470535,4608.37227021589
3500.37330735245,6517.57810979509
4259.25620432899,5019.49328891273
4287.30618958527,6254.73128519035
3533.57129653929,3598.69964240064
9155.09473085309,2125.67766372828
5100.01245874932,5384.18268667051
4941.44058298167,7345.9574683154
2064.3928669659,3990.66827817145
4386.37322893349,4840.07538266014
3930.58369509865,4811.09119227129
1325.95036624064,292.399316760296
4091.51297381398,7129.3718539832
3455.8009592632,4088.07763686316
3899.18122907148,5146.11433411884
4132.01691132025,4830.07316453079
4366.83645940042,5363.60951009797
3639.93999900676,6086.96388683915
4567.0703060036,4957.37627525828
5222.09355113695,4302.84497361203
4270.80924901258,5925.10715919955
4300.43046477471,6405.73331851271
4176.87300430371,4800.46357122433
3299.06398886164,2462.40575795165
7578.08364158842,569.624567782045
3836.9756118107,4645.48373854699
4170.75916682125,5454.65405153751
4574.61477621767,6876.2430887785
3714.36668035227,4332.51122952226
4185.75081794628,6855.84032287249
4083.05475815474,6720.46744251702
4232.11359352658,3426.49945244337
2995.01650049841,2751.50893371498
7849.59588981454,3494.69754747595
4490.00288264555,5846.33810572376
4622.80674496649,6438.69573111179
3754.0464224624,3128.2465347386
3453.00647160179,4462.37176881346
3743.01106679212,5506.76842420737
4148.30330003319,5606.84938238084
3750.88604083565,5361.16582959701
4178.13406309229,4276.07739045385
3628.39730372644,5777.91293742089
4620.98460834255,6981.15432249486
4904.96408963069,5471.47607917011
4202.38394670544,6171.18861877544
4805.89665761744,4770.11567264798
4773.32281773216,5434.70585502733
4117.25971213115,5578.49017205435
2217.03166150204,3912.46754215427
3153.87193351146,3803.57808622768
4535.04995965226,1257.06130228217
4481.21789061121,6303.54950117136
3781.79729294548,5304.61824246583
3420.64395297839,3965.32106580452
3870.58857158471,3064.76539004139
3835.41245533687,6120.38086883407
2505.8125313448,5104.79757030722
3857.06592573925,3220.2570890012
4704.23990396283,6571.22702417424
3918.98666034004,5951.53392102467
4433.87094103736,6119.4717300424
5313.75052801454,7320.09902394888
3875.56963943775,5733.86833437902
2791.37671531116,4702.54255767777
4683.58646012073,4616.95411755398
3863.01580969455,4441.96900290745
3629.44757750003,5992.79359937728
4629.41100369038,6489.73055432345
4624.79875191797,6050.19366269637
3994.19197061406,5340.42224235794
4373.00684533684,3831.02773490725
4748.21200699824,6087.13429750568
3638.21255831932,861.057728840463
4619.12066362815,1600.43868962845
3951.09064925901,6166.24417231453
5299.26258929288,7466.21327341409
3551.3059082543,6034.50826998098
3741.68717069432,3106.99150407231
3613.29329491255,5588.49281303895
4394.76396543302,5311.38096651008
3525.61535014089,4325.86183068553
3974.02772456943,4165.14173796313
4399.15419161576,6828.39067419293
3436.31211129854,2385.05770955
2823.03936137611,691.585483827262
3842.92309562038,6598.56334764628
4238.0309593905,4657.98629978105
4297.94786653983,7050.48905244465
3894.66941450935,5100.81934809699
3950.14233034891,4248.22983498221
8285.82721372556,3825.3445603212
3758.38924329393,6053.71731551077
5041.7499131252,6342.87715387786
8156.89550812732,934.370733857393
1652.5199035459,579.285964578327
4186.04939632377,3245.43346784634
6879.60322832294,751.997650819719
3407.68410778693,3708.89656676622
3919.97449066503,1661.7602068402
2986.29973430972,4241.12586674965
3989.06649834544,4473.16980052695
3984.19605643886,7490.25344019727
3635.89957084221,3337.84192890102
4225.0408919451,2728.03729581802
4116.6117920567,3867.05923092489
4362.53929136415,2224.22386876484
4669.62123842776,5064.21995747599
4704.01311730856,4498.45992743487
3190.53665312876,4603.88281600607
4063.82360540674,6159.93601766612
3968.40977045434,4599.22252827446
3978.71798830014,4803.13474785082
4060.14260861212,4934.07525945548
3293.31611194886,872.821931947727
4010.67856024641,4515.73652446331
6723.63961159255,1408.97258011001
4403.76524889313,1539.11727813051
3845.26390761186,5930.39242699352
4062.99628382887,4560.06528623448
4117.87980079532,6766.04616441292
4402.79889303026,4535.23015157765
4917.42344605837,5587.58325139203
4106.83737123003,6812.534870811
4638.83226034264,3538.06008499645
4122.7758408079,3220.48437369912
3922.14206764969,4597.2900797731
3187.91335704544,3431.33015084151
4230.38646468569,5983.132202581
4269.70060908643,5998.0222045675
4095.48063019038,4220.5526901771
4448.89156018848,5923.40220682373
3924.46105836806,6735.35702164826
4504.85816432824,5292.39941710583
3973.45117943428,5414.01935324726
3852.46727288098,4337.05776919109
4949.47380170719,7187.45355996841
3752.6064165497,4471.5215107549
4268.17520287104,6961.8886143613
3427.81875017043,4389.62713411204
1353.96963548529,2453.88099607258
4180.42744679296,5614.18042388369
4685.30583657245,5357.92633551192
4969.93996737487,3393.87807260498
3674.54915041136,4341.77471952646
4214.61307642905,5706.30493763668
4049.94592896569,2985.37156793087
3619.41092011198,5343.43424031749
3901.49962593991,4990.56576112765
8979.64306926201,7063.61743945157
3827.79970997751,2090.6692659927
4427.26810248593,6027.97261920702
8038.7864622665,2329.30572457534
4116.68444887458,7273.83781367635
3835.4762712048,4243.17164045852
3031.23345683879,2382.89818777836
4487.32123047865,6918.69648750734
8788.8195592035,3324.99791205102
5133.81935011032,5812.12573299995
8816.97797508699,1511.66752373714
3526.70878258767,1500.1306581847
4028.30876825169,3437.58164288617
4137.95371689647,5176.68972882073
3376.92702663052,3463.61049791922
3808.73730311033,5102.18347913974
4119.82471176037,7167.73328243903
5202.93896530568,3925.14135976536
7570.59182776577,3347.67373636383
9249.65400359322,3266.17705508542
4489.47373018212,7062.93537393019
2296.92572489106,5099.91020930532
8259.1061804217,1169.82457238633
5271.15254322128,7410.63233338883
2914.62677014703,71.9489838174373
3886.93911992067,523.079357350928
2636.79242937427,682.776563218887
4074.58808242007,6292.58105879133
3802.37606714302,6116.85721601967
2348.09421499279,2006.67203018195
4951.70709962798,6077.30249004287
3618.83483033518,4895.37258681134
3860.11099298497,6084.34979567167
4032.59626424405,7126.13193704285
3446.56216100766,4716.86424220566
5672.34165621728,5250.62808389837
2360.91688297271,2753.21388609079
3995.14300549006,5622.3643644297
4596.92473012774,5295.97973252399
3229.61890127747,2227.86126964201
3918.11897278514,5224.25798467701
4411.67727091787,4419.80462202186
4254.75537051376,4807.45379139412
3736.24804545015,2635.2311393989
3760.44188054254,5384.23934927427
4292.1868567734,5811.27325681205
4109.26198571961,4868.43459298662
2479.85863040526,6628.11585549373
4004.88451498829,5351.67484346726
4106.778726637,1634.42409479578
4572.12052563983,5641.45966189672
2941.68206424427,1199.14979553586
3998.68318463553,4771.13855950242
4638.44168153987,6802.81638855571
3637.31290218836,5437.66119038313
4652.99859046965,5522.96547177761
3039.6885019596,1874.48134702494
4028.29093897176,5861.51226643956
3946.95178290483,6324.4068364732
4072.7112170903,6716.71629357707
4799.66653759331,6938.41718789197
4437.09635295671,4531.70649876325
4051.67139015637,4244.36493797949
4826.69509014662,5608.32683863111
4363.80143908519,5260.28948069466
3918.46518168163,4950.89728708808
4687.79412538854,4309.15312826045
4050.08149165005,4640.53929208608
4394.48034124411,6052.63734319732
4371.23727712367,3593.47103721042
4093.67546834409,2924.10681903669
4196.89678419103,4554.49585971121
4128.12263493933,4625.59262749582
4393.56519937503,5860.26188345958
3824.62564089753,3031.74610341093
3944.5886179997,4690.49414298429
3766.62749366122,6153.11620816286
4088.11519390652,4263.9152276976
4286.84206710295,1344.69583325627
4134.95808171118,4458.67770533253
3732.15555209469,1095.09082657979
4227.04327358413,4742.3247797801
4697.90183284014,5594.11890216599
4405.18222852213,4393.94617765534
5177.67452260967,5713.12474713994
4225.50791742289,2439.38890087815
3992.34730833371,3657.35008869971
3951.64758601877,3265.6656116582
3485.40138904437,2867.10466250968
4399.99046064896,5055.41103686761
3917.52043274333,5732.10629654419
3623.39577492815,1123.10889843177
3510.15520029275,5390.49084131892
4277.82706233727,4474.42018350693
3573.8337114779,7435.29663452388
4385.31062760243,4085.86145248776
4186.10475097054,6062.92414291122
4389.24239299934,4533.29770307629
4398.78701458412,5514.21363662825
3756.95193375879,6523.54544311044
3839.54201175515,4964.87772742766
4948.09068529536,6195.34211076615
4070.78403074306,6324.91849132805
4375.44307510388,5023.6419217895
4267.80149538715,7009.00187796649
4326.73445379383,2086.97520251177
4232.57489076454,5511.31496387621
3628.22162125143,996.715137923582
3342.6901042257,1958.08088747124
3782.7648094374,103.604264940304
4385.26359976957,7442.40060275644
8643.50766454838,3772.03646727511
3732.80161930523,5580.0813763674
4808.715092996,6789.80217246681
4543.42702612263,5032.28043173134
4275.70578864406,7160.11765935162
4831.33584971549,6089.46465279912
4619.23237141502,6568.44252234022
3917.05932649375,4011.18436928498
3943.30213511611,2300.94672567649
4300.88400015679,3639.73224748296
4368.52618216573,6741.4951884854
7636.54228565598,3553.06383504572
4158.84032907701,4952.65890206765
3762.81082821367,1511.61075541957
4105.43801929235,4904.01109675318
4183.4879286996,4705.09998624149
4762.50220123964,6710.69229765796
3337.66291477907,3288.05727724171
4083.17007296781,5929.31245468007
3473.13563395665,4853.65833906289
4454.062655622,6196.36499762059
3819.83640998029,1189.88619981784
4529.48481237012,4252.88969985857
4271.52479312057,4531.08109584564
3133.78372438136,1565.82819868494
4149.11104004023,2212.68710892621
4419.54945495114,4519.99890540284
4514.38830957688,5713.57931653577
3657.69065603651,5590.08401735199
3739.60370116171,501.994790208069
3805.7807383625,6332.81785028951
1476.38023950129,1936.54169807564
8345.72527065696,2312.54057097413
3876.40294249473,1884.14274382122
8871.41079836044,1751.66800764872
4160.30604466447,5989.66785335495
2817.1301411975,2037.53158361315
4874.1092337928,3371.656817688
4018.88985209148,7145.05724669859
4392.82278850718,7068.56188591248
4246.7632514107,4083.81525592363
3812.59500697679,5590.02693189298
4240.16295235502,5385.09182546218
4039.5684432745,4596.89259583628
4348.31996209345,3543.91388167666
4016.87246071282,7532.64975346709
4379.68198994011,7589.14067799451
3413.95738808911,3807.95421522999
4365.22384103829,5144.97769920163
4268.56006971306,5763.47750483023
2482.74775012819,2352.2090450137
3726.13236374817,6216.19944606799
4230.48014015279,3884.56332407887
3723.12023827262,4395.13989803156
4626.67501361088,4704.36125811635
3671.6205426802,3586.25332091509
4288.15491751489,5512.0541148566
4193.65110913571,4839.67747586806
4533.64357953778,5444.59474794915
4820.38544240641,5706.53201090697
3460.85205177878,4311.0855767618
2801.2304827454,2006.33099742126
3999.61498374627,5280.12350628681
4570.65702986708,5957.44416888101
4468.93034746767,6678.07070639195
4312.71558669075,5527.68284496823
3428.2589765209,3988.16751221148
4056.53146214054,5621.96645763762
3767.2469316662,5930.50617505629
3898.16155570341,3966.11687938867
3941.77697947484,5318.08702795057
4026.55425850581,7209.50461564648
3765.24422787944,3796.07621120305
2465.77628255411,3600.57500544298
3241.32806171133,4271.473765326
8748.549241397,3743.05227688627
4490.78015679578,1832.19857039027
4445.42557203563,5646.00620156556
3869.40526746192,6386.4671875239
7989.24005019373,1884.42690255053
4424.90822551541,5508.13255525012
3004.09462741196,3577.16024157741
3630.13381177813,7338.341845228
4737.66150670002,6387.71757050388
4751.35324738944,2866.19531229039
3140.1428940031,2667.17045371592
4239.08229861671,6039.85020037871
4798.46211416543,5389.52461706824
3856.90043836144,3270.43943602496
2772.24791959659,185.669303319997
1631.01702792296,324.225094442166
4426.55019836443,5638.78890812548
3797.25164611319,4266.64306692785
2340.09571897358,1461.93974610921
2527.71540495898,3535.78681516203
2600.78606177526,4255.7883726106
2287.24935160239,764.557456083505
4301.71037124706,4961.8657294681
2966.46271184587,1690.2897221194
4097.98450728985,4762.78420828988
4182.96934797848,4341.26306467162
3794.55278881057,5007.16071548996
3846.32357632072,3267.93888149262
4011.85151951083,5921.58350638515
3796.2748977688,2579.13812166356
4782.81249984152,5661.00995161483
4229.27916004948,4855.36329143871
8001.49231221421,820.593546930561
3985.62489387432,1889.25760094867
4792.33663235186,6133.16801165268
3652.26998778772,6880.73296584358
3887.08584127512,6204.60560077036
4998.96475288146,6436.70662000667
3704.41253061738,5893.90636158004
3937.93745658567,5770.46772500002
8755.91415527639,760.69287622223
4484.19194655337,4523.80671694654
3801.44502991294,1632.60550007101
3617.15349598477,8453.32403640693
3196.24326986631,3029.70032970205
4124.87405106804,6749.33788484309
4945.06032244325,6769.00149976872
3555.13552888088,4975.22118974532
3524.35750332965,5564.85055304784
4282.66093046523,5707.32782449112
3938.84414151861,7774.07134816663
4120.2918975105,6407.32452282575
4351.96311294044,6854.76077341429
3829.1079026296,900.328454658676
1718.10182667443,1378.90862883534
3962.3430714086,5268.64340905195
8263.75045239786,1209.43627810832
4151.67338135704,4809.10208116617
4177.33010543398,2838.23400875598
4196.78539744482,4553.70046898231
3811.90886610482,4234.64687857945
4779.41148935218,6617.14699025846
4342.27111058964,1174.08695332586
8798.85977336724,4426.16986212928
2810.68938707174,3767.54659021003
4143.58186749276,5429.13642850405
3737.73072984007,3383.42107365218
5011.46278210201,6416.41760216343
3981.90425585134,5996.82890704653
4117.19504262882,4891.3943646011
4098.50913255656,3540.95854632086
3690.57309653911,5362.58662324353
3600.11548800031,1383.0572617121
3281.64705111107,4981.70017791551
4169.20745666006,4056.8201766399
4369.02648410112,5427.43147612824
4230.79579311819,1381.86385847732
3965.04921042308,4870.87827348757
3522.08404481671,1810.5456329319
4629.4607071335,4707.60075220145
3810.26952817682,3674.11545372855
4607.31778271888,4730.33345054564
3847.11007366733,5727.73059039714
4142.24176860569,5705.11121726046
4686.66419141211,4666.73855778566
4122.43541348535,6300.19668187874
9131.63382830882,1129.13310577851
9106.32954224267,6692.79029771191
3766.79145082379,5572.29576546871
1488.19209082394,911.6380355132
2127.51571318501,848.554744751156
5060.77071752022,4403.49382638885
4504.27277589247,6191.13639243037
4172.07707920416,5180.27004423889
2636.34485332933,3255.72005613262
3701.41221798799,4774.49137879504
4634.78723678353,4559.78112750518
4616.5034929757,3343.18407072638
5016.30312563183,6628.05877003472
3757.80582114504,5815.13773095951
4735.00571865922,5331.55623629055
4721.2375944815,5334.68198231288
3986.1179287009,6209.7204578978
4634.28376919436,5809.62496703999
3787.55571884604,1921.42441139123
3994.54116488494,2053.38780985032
3700.92288968857,4260.56198554973
3769.76642195761,4221.51891442778
4238.42772679706,5408.67699999428
4455.68980840798,5057.51347318025
2662.13536275353,3485.77487880481
3760.20118073559,4305.45906477951
4699.96507237853,4006.58116701238
3639.71435701623,5945.50950225031
4935.54368031284,5142.53401870068
3923.03709800262,1106.45717575189
3864.9027921708,5569.17001944639
4463.12449204141,4436.68373511347
4088.30499657625,4924.12970392989
4603.45633078917,2040.14588620825
3439.36206913545,5534.61597967901
4108.23090764185,992.225366572316
4106.47495606061,6139.8174104894
2879.51930897243,1427.72705624397
4232.64425819199,4264.14272382314
4442.12334522651,5164.64131412726
3836.54338744624,1265.52929584367
4110.77392126122,2578.00148674635
4796.60542451941,6417.38382641411
3461.90017098375,4199.6386922715
9100.43982595704,233.407969842804
4107.12148099171,6191.53429922244
4489.82529072297,6262.63064415181
4639.95135126386,6034.50826998098
3232.70907361849,5298.42341302494
3162.25534810297,4846.09937857925
4359.83929393416,3496.8570692476
3421.41382307436,7974.97156978344
2441.8989627358,2697.29127902198
3849.50671321329,1524.68205696748
3656.04260173964,1214.43749288681
3660.13936352958,4168.94954950683
4224.63603183566,5329.90836937375
4302.85135051834,6988.03121745713
4191.97009151754,5572.92074553108
3761.43725774956,4869.96871184065
4264.42671845993,6709.95356953283
4639.78635175635,7064.12867145116
4583.83897186476,6059.00258330474
8481.38206829553,4891.33770199734
4168.59729456034,5014.88966378488
5305.59095229499,1573.89828545437
8039.02194113262,3215.71054933236
2442.95580991097,1808.04507839956
3343.80031201977,5197.43331605981
3729.97184542828,7134.60003631816
3619.5772009231,5234.4876989319
4452.61412742519,6703.13376002957
3586.57715675124,3425.36281752616
4211.54471591525,5052.91027090765
3387.48732102123,5489.71890044923
8641.28748566949,1963.1388705673
4065.30231633297,5735.80036002512
4381.6094566014,5313.31341501144
3718.31360576121,5988.58830389676
3554.43564268621,4337.3419279204
8318.63609431011,3199.51350176212
4392.79874144891,5904.47732002324
4347.43074166235,4718.11462518564
4360.57992522132,5628.84335259989
3843.03210904903,5670.89884453665
3829.00769263771,5443.79893436501
3543.11709041929,2518.55543829076
8524.29652621253,5817.58141146046
3627.77151386764,5473.63560094176
4043.06555625727,5318.42827213888
2638.95386120214,1584.2985160896
3748.2884778337,2598.06321989167
5147.45462767048,7314.30252415532
4230.31607209954,4837.00629924157
3872.7753868116,6267.00677315412
4070.9935047606,5048.30706863505
4054.8239516555,758.590122768154
4853.07879929058,5172.25693721467
4072.04731402201,4629.17294291398
4240.75803448507,5434.76294048634
4784.66917596861,4506.92760385493
4071.39572600246,5664.30610830368
4669.41080793274,5204.82144302167
2621.42706153957,4793.58709911731
3959.52212889428,6438.63864565278
3036.09181892629,296.775366477243
4448.60837780386,6441.7643916751
3919.19048394065,6835.09673563341
4448.58624454638,6780.53825960735
4737.41692951587,4018.34542297655
4105.06371679302,4156.61697608406
3161.03580585863,2907.56873870577
7902.30060164768,1870.73040951263
4164.64277148567,3534.42289554691
3230.80235911296,4544.37989351909
4208.58140999493,5645.77912829527
3682.1647366767,2415.80372634605
4099.20497269809,6038.77065092051
3794.52532505158,5032.67833852342
3333.37666017607,6688.64166483515
3968.00087204836,1615.84013504217
3946.66893256696,6838.05207098921
3796.58388279024,1520.19228561621
4724.86943277658,5646.34744575387
3443.56492253294,3848.98682031231
2026.28839140954,9349.73065643804
1812.60870918612,8.12693932769355
4229.41720740847,4782.56157127828
4289.81950695879,3149.7857241342
4322.19648760011,4143.0340196813
3752.89018632749,5607.58811050597
3986.15729460422,5892.20140920423
3760.95964733989,2941.44050152414
3957.19743552141,3010.54794677602
3009.57091828557,2061.06009554149
4119.90287589359,190.670504884256
4822.01956187831,5652.20103100645
3812.13239949543,4080.34868856824
4244.70035585905,4734.14083923409
3897.19247292189,6453.81280636858
4044.80604669415,6624.53511722032
8643.28236249378,2299.69655412413
3346.1202036785,973.414122120783
2687.42940190775,1995.36255504124
3573.61090787917,1953.13644101033
4234.1230633819,3857.11367539931
3742.49289555671,6607.88350025425
4178.65131866437,5777.85585196188
3966.59077590282,4577.796875514
4775.08270409339,6501.43772482861
7687.29254595734,1122.42693862421
4248.40491395819,6325.94137818249
4209.22810875325,2375.73734551441
3795.21135560208,5453.40366855753
4817.30189399047,5327.57801408032
3941.77659009191,6642.89210941746
2907.59364347119,977.221827950673
2552.04509319144,2461.21224900305
3954.71019685018,4872.07157100854
1649.9035654772,5781.49325283905
3143.57492143409,2175.97375881481
2938.24616499907,5390.09293452685
3849.95708635384,6753.31610705333
2300.24534273314,51.2622309670663
4945.08538575812,7762.25000674345
4485.08804892941,4971.64087432716
4355.38237518232,1353.61850192742
5058.87541010714,4746.53049811588
3637.71888636967,5377.53328783378
3882.23738367452,4682.76519468937
3123.65065033954,3909.73970292402
2589.7812379437,3359.38111829662
3362.8654039534,4226.12211670038
2133.49304949834,1864.59266553074
4603.97840963923,4474.19268738139
4112.58951827291,2416.42891783604
3380.56651318467,6501.32397676584
4942.46542131956,5251.53722269004
7753.29694941633,5425.04445823105
4133.39636242084,6056.67265086657
4346.65887258524,6302.81077304622
4276.35000971011,1998.09039427149
3788.10504726979,1704.61130093348
3850.73321219759,1169.76780406876
3876.12276211905,1497.17542854272
4529.0055410438,9189.01098657089
4057.18465077476,7498.89152728386
3891.25585590951,2376.70356976509
7911.45326013785,4797.56532132755
3778.10020882003,6383.73934829365
4151.5528757999,6367.82645945272
3918.42979228568,7362.89366686603
3096.17087093403,3655.81554699042
4227.78904820251,1227.11099335646
3758.45200812838,6315.08668386524
8048.24743648341,157.423933555873
3307.20776344219,6362.99576105457
4041.15448238264,6397.03772311185
4387.13547436561,5701.47423923854
2509.17747407273,2679.95759653453
2961.75276566845,5253.86715512822
3903.38987216357,5337.35315893937
3887.3030771219,6289.96696762385
2814.78308531567,3629.50253322807
4312.51435427928,6263.19896161041
5320.83066084202,5826.27658400606
3764.93261004709,4025.3923057501
4324.96021516056,5780.75452471392
4233.93235010311,3767.71742373182
4172.93487905177,5749.32665382412
3203.79319567289,220.166178343002
4099.21610125059,2175.46231538759
3971.15406596765,5900.66950847954
4207.95772239412,5899.24871483303
4539.17269183223,5594.68721962459
3958.27159973617,5734.8345586297
4428.35362142497,4999.94299919463
4458.65218582062,5775.46925691994
4690.50210525083,5210.61836567049
3921.00011691765,6925.00464215575
4400.0772633173,3368.07650226984
4381.58406803191,5989.55410529218
3457.69260730162,6274.67905884528
3393.93955929745,5288.4211948956
3643.67266636769,2059.86658659289
4573.66481467856,4934.81398758061
4736.86906782133,5999.21550208847
3998.48472649793,1582.02524625518
4379.04058349075,6093.78369634241
3699.5239329121,1166.64205804643
3811.68175191746,6110.20824003819
4561.87576276397,5228.80452434585
2341.54688760414,4064.94745458215
4760.15973057825,4117.74389277339
4670.59463183392,2952.46581793555
4223.51085097756,5662.88531465717
2683.87586394433,444.19692581072
8593.48179311077,6475.6363659211
4575.23296285084,7011.04807453062
4267.52410097061,4856.38617829315
4804.23151916066,3873.65154430261
4575.25274520767,6427.72686587651
3996.78690195904,4546.31234202045
3849.81951984761,3038.33862821627
5225.67945203307,5427.82938292031
3999.53595257027,3196.27400767703
3591.73760528479,3746.7463403672
3964.00965708601,5942.55458974976
3601.58895157322,3268.50719895123
3643.38528421234,5979.38147649631
4469.81161666099,5306.77776423748
8409.02613839937,1409.99557267826
3200.94769279101,967.787715852308
2468.21364127521,2058.55932958152
3427.02284018876,3922.58393120164
3666.85071188182,5725.74147929202
3178.37722557295,1341.11551783811
3547.03808103602,5440.38902961338
3424.21851714787,4369.6222749981
8324.05603876232,7907.05763348016
3684.32894186581,3323.80440310243
4017.81930877888,5935.27978799542
4309.79238467646,5681.41271752084
3539.67441303164,3085.79313600977
4566.06353796021,5616.62452723989
4155.13852680609,6282.46509259922
4001.9442559382,5250.45725037659
5031.79617853954,8136.03206098365
4418.6696058483,4570.46583401115
4038.09793322803,4436.22916571764
4654.40625943169,6625.67175213753
4586.35815048484,4869.17332111176
4550.77920238668,3263.50608988655
4305.49450450461,6278.03230099315
4812.67948635593,6361.40455674153
3608.9499221465,2523.3861366889
4514.50912664083,3963.84360955425
4329.29370120332,7757.19181221976
2630.28972311307,5557.6328367525
3835.21071623824,4952.03392200529
4093.07432765429,4717.03465287219
3777.44136154479,4069.55065685475
4319.73853060477,6513.88404631416
4802.35415402124,6730.58340870913
4773.50237239494,6377.99908824859
4061.11237673293,6832.65305513246
4431.48268248134,4630.65039916425
3991.00338581735,6310.5401441964
3916.75860899681,1965.63942509963
4511.07259273844,4265.50643201064
3729.4958416765,3692.0174536746
4236.39082325792,5352.35690898864
3241.01920627749,6023.19858341264
4286.53974729548,3821.93465556957
3827.56961216464,732.617983195769
4322.43571681623,2711.72671161264
4796.90064988084,6558.5536294184
4302.16000482285,5533.42268215804
3560.43473723525,2448.8798870079
3804.89943728048,5262.164843737
3055.35469007704,2220.58667931529
4299.34299782417,3022.48261340672
3935.72805886434,5781.20909410975
3563.81634892347,7488.32099169591
3888.1935052028,5179.19049478069
3773.3949198537,6770.08147208217
4202.33610011469,5646.06328702457
4673.87466751483,4091.31713094826
4841.20041431394,5476.13636690172
4658.33930670068,5203.6281455007
4580.28637422248,4518.06687975674
7645.642643527,49.9551027944092
3585.08846395011,5881.97169494934
6899.93219288723,1515.02066017119
4122.76014291732,6178.06509088246
2780.49680083134,8334.82984628782
8279.13651216534,3432.01221636289
4003.31063192635,4930.83576537038
4142.48910440957,4284.31799360362
3747.93487222813,4402.47093953441
4095.02497091642,5417.94048999849
3472.36451002309,3746.23468551235
4052.57817982789,4888.49611470432
4250.17698324387,6624.64886528309
4288.52766240941,3993.9644348603
3395.30479711573,6832.0280750701
3688.20418595421,3912.41087955051
4141.80307632999,5721.42201289347
3307.20915067118,5178.16760792626
3836.49248913519,4121.60836692085
4094.61810118292,5912.32001638094
3478.64018813128,3515.38426068364
4213.09444881509,4312.44970780456
3631.74458091794,4110.01494447846
4547.65606269513,5637.70893581203
3089.0476112293,1329.46500993671
3949.45591293944,6755.53229142873
3895.00563139963,6111.17404143362
4582.67422434512,5681.63979079113
3509.67086427526,4824.84455934058
4381.77599617737,2941.49737555553
3896.64010273281,4894.17928929037
4910.16494159633,5499.49404530828
4673.23823972059,5526.03455519618
5096.02892701558,4426.39735825483
4304.93388466548,5178.67883992585
4831.78353865789,5576.84230513755
4408.22069150147,4246.8090413357
2510.2894934136,5549.2218229362
4290.20014118038,6292.52439618757
4542.55350750785,6646.81324616868
4868.76548946283,2136.53256947316
4207.36112954796,5797.91779653483
4313.27347354638,5335.93236529286
3657.50809141404,5990.52032954286
2120.06480085544,1029.84806690301
3561.77370879595,3078.06397628722
2680.34282265541,1864.47891746797
4067.83489113235,3020.4935023016
4439.33357186411,6810.54575970588
4727.48412730757,4641.96008573259
4773.70048562709,6775.93505733475
4035.85464220113,6019.73201605725
4734.23107259975,5671.58048720278
3220.42852149075,1063.49243930965
4269.64291987023,7280.20347663902
3905.60974563706,4440.32113599064
4536.10265034912,4850.64591824809
3007.46553150123,1165.73270782714
5003.87929830293,6472.79477862808
3493.72864392897,3823.58294534162
4760.42938707715,6691.82407346123
4529.90656167386,4398.03814792834
4874.76926285183,3551.52929333644
3736.36403507837,2587.60600951124
4515.55879759341,3183.65748695257
3632.93814927997,5726.08230062508
4786.07049690617,5402.93716280447
4328.60969842621,3953.32973657006
3806.39643436849,4263.74481703107
3480.52841532898,939.030915875191
3981.13146608886,5615.43080686367
5514.92338024804,5021.53906262161
4166.87789473207,4890.42814035042
4225.07988191961,5186.86278047186
8555.98193934446,6480.92163371508
3341.09226451369,2004.228349681
4387.6941380196,1465.40652489223
3227.05269074303,6276.27026315832
4609.76976627551,2982.18894787716
7915.23678355776,1204.49193736122
3437.41828982154,3326.81661248961
3281.49121469581,2350.33347054372
3905.29823126026,5420.72541468775
5156.71568259292,5609.34972548555
2590.0381287516,1428.80681712979
4379.98563154708,4257.1520807981
3622.69932319817,2369.54272750114
4714.63648871106,8694.74563110647
4522.60539475245,5023.41442566396
3638.19097544713,5974.4370300354
4495.64473180773,4821.09341040063
5074.60514668631,7104.30922320083
4095.60401322206,7202.68480614322
4648.13152626156,5605.93982073392
3451.03150663686,5125.14325075422
4511.81654078349,2131.36083831433
9019.38671475225,7426.94270616659
4176.29055975297,5288.59160556213
4553.68582928026,5590.9364935399
3833.56141255771,4126.32574011147
3901.93356014551,6314.06337415555
4208.00783069908,2056.74084057056
4609.39676261734,3314.54091309822
5682.89439503701,6209.20880304295
3908.11904349061,5963.6389983219
4091.37570345365,6156.0711206634
3008.70718613682,1180.62260409982
4429.26042325144,5200.84322081144
3993.96840489583,6180.79293011271
8663.23552790723,2606.70151840589
3222.72153861983,3854.89706816865
4128.01452916489,5406.00582336779
3550.00822075099,4390.08170350788
4263.13609764082,6012.62804782469
4414.19880519575,4728.34433944053
4327.02268608729,6191.13639243037
2795.40420585431,3180.81589965955
3623.07705159396,5681.41271752084
4171.46934372693,6443.81058823923
3558.44244686349,6835.43797982173
4072.50167725393,206.981208017679
3557.17839227077,8514.87315545804
4116.93734459056,4549.89265743861
5282.25432625927,6325.99804078625
4435.7050162294,4743.23391857177
2440.21993296052,131.224496071344
4420.97598317321,1933.81364741776
3822.83682391538,4459.41643345767
4288.69180330293,5279.55518882821
4300.27604057893,4982.66640216619
3942.06281383962,5228.23620688724
3609.08409207403,1079.12116942128
4412.43880233987,3603.75783692432
2805.29898101681,6044.73798423586
3274.29942283958,322.122314559638
3534.20288243706,2446.49286911071
4288.63634466272,3324.03189922797
4356.42533407381,3396.09446840801
4506.45491061667,6166.18750971077
3745.90212920464,5017.44709234861
4413.44981968599,2038.21364913452
4101.49321777816,3839.38208611979
3924.77571957259,5335.13655170871
3873.70501409171,5944.6570260624
3976.4761902635,7295.54804802136
4794.75070395329,4277.78234282966
4123.02338388996,5482.16036282083
4200.98688759345,2337.26216899581
3413.25690755993,5818.6042983149
3116.93139091382,2324.75939633413
2859.7811630141,6075.65420027082
4559.11138672676,4356.38056278366
2508.98249798995,1732.5157304365
4033.19590657728,3977.71072468631
8341.14741031563,2727.29856769289
1903.71199679817,753.986761924836
4102.01177234345,4383.31855660838
4353.29468449931,3959.92204994777
3693.43641315252,5234.82852026496
5270.53301801162,6985.58753695617
4150.04930897827,4048.35250021984
4318.82290362655,3975.66452812218
4146.65716385321,4791.59798801219
8429.58679525902,2207.85641052807
3427.12994308278,2013.37809162244
4679.82303206295,6101.34223397081
3709.34086526775,6530.9335700723
4079.4272198596,4523.97712761308
3329.07781685296,131.394986023235
4503.60648943544,5076.04087604392
3625.36999864369,4510.22418339904
3630.88442558733,5778.7654136088
4144.96117875263,7040.43017171154
4511.65838148499,4982.38224343689
2730.76526813848,1847.77042647052
4018.17758150193,5568.03338452918
3813.76919810832,5353.66395457238
3524.47097078972,7520.65842423263
4108.51021875137,5738.30112598508
4744.94420037314,2570.67023381587
3840.83073409957,5371.56595451843
4666.98104903949,5978.07443091257
3780.9793848004,1380.04526375255
8632.91209405666,2520.03310596865
4606.03055147817,5755.52106040976
4462.61409071281,5719.43290178835
4857.56879187322,5265.4043378221
4289.49769047057,4754.25944641081
4243.39496296485,1973.19817415565
4568.95051030855,5725.57064577024
8562.30847490931,2814.81945631803
4162.18930711665,5238.0113517463
3896.26414661453,3996.12395663195
3372.49514289208,5900.7261710833
1454.92809504696,1235.69262926692
3930.67211504375,4551.02929235582
3710.40950114102,6908.40968779344
5144.11444702868,6346.57121735879
4619.56616230421,6975.75530663811
2692.5975077737,3772.77519540025
3786.46741388995,7152.61620718224
8154.86079956562,119.573988169945
3895.44505153691,6693.52902583705
4706.72145087125,6412.32563189042
4324.428144397,3946.96449646263
4080.70938127553,4490.33307234787
3380.98326099072,753.645729164148
4468.15836463386,5506.88217227014
4316.44479401642,6842.37153738776
4605.19259796587,7298.73045664744
3726.70843989576,6739.79023610958
3736.90961089817,654.531206668989
4233.37755701947,6154.1390950173
4305.2082540441,681.355769572375
3704.28260012569,2566.63513757425
4182.20893111087,6815.83102749986
3570.93334512636,4707.31659347215
4114.35019577301,3572.32954317927
4208.51130621852,5382.81855562776
4017.25458808467,2627.04741028052
2845.06901541614,4296.42307090085
4206.12472253974,6396.24233238296
2581.92536377296,3872.85615357371
2501.07644992838,609.065809980602
3996.8405699967,6114.47062097773
4297.51565301092,6127.3144264001
4283.42630331778,4430.20474694328
4533.99420306594,5189.59061970211
3453.97064415409,7799.07731634524
4630.90386087333,5662.03283846927
4039.94407885227,2673.36528315681
4016.02066993131,5664.19236024091
8979.24908026132,871.96945575982
3974.5775880305,1592.65276158833
3720.24395630345,3062.89002699905
4723.04050554618,6010.2410299275
4629.19120642107,6615.10121654958
4301.12010079451,5064.50411620529
3659.24747865012,6919.8897850283
9083.69086074875,1660.39618151126
4916.73018628241,5400.77721817757
3547.47042958646,3764.13668545841
3591.06037838406,3737.70992363328
9329.80146395099,858.272962721918
3716.85126586112,4869.17332111176
3119.40230658286,3046.57923136604
4200.964284731,309.903489199634
3813.44350909425,3434.22861216592
4217.13554846655,4607.63354209076
4363.28545894607,6856.01115639427
4062.55249987581,5468.63449187709
2849.51500578051,2771.17254864061
4032.66644106842,6310.31264807086
3307.8583241222,3366.99652995639
3857.94310590284,3580.22932499598
3695.00234365992,4595.30096866798
4381.49931307156,6658.63416473661
3622.87624432076,5311.55137717661
3759.13415241075,2945.36184970299
2041.67454716493,2443.08296435908
4733.63007740373,6332.02245956061
4460.18518087492,5008.751919803
4164.33405387858,5715.79592376643
2491.49426677815,3959.80872474025
4308.22407550396,3358.52864210871
3290.50949430857,2298.33263450901
4203.27377548965,5713.01099907717
4438.97050335376,2907.56873870577
4289.70000513028,6454.26737576441
4385.58885601919,7082.14441945999
3958.35705808509,5172.65484400674
4502.31811121785,5176.97388755004
3907.16053120228,1270.18947786147
4755.19553217898,8759.36298786564
4913.61737557207,5906.97766312795
2638.664119289,5961.42239109124
4073.83842903537,4782.78906740382
3437.29892730385,6377.99908824859
4650.81430289997,6637.77725229001
3842.109280484,4953.05680885973
4213.91934590278,4268.06386057437
4452.29411276155,5474.54516258868
4404.83176810688,6262.46023348528
3388.35892459156,2897.68005721157
2496.26953048319,1384.98960449964
4636.75473549965,6522.74962952629
2273.25694134528,916.525502228914
4259.03774161443,4265.10852521857
4953.14201483306,5776.43505831537
4048.70077929693,6548.72182195559
4263.38091378212,6019.61826799448
4389.82740325766,5113.20858412352
2804.42702226424,3347.44645166591
2877.57332639495,2867.78651660343
4277.79700860159,6022.4598552875
4031.76562530074,4102.6268175166
4015.61101163866,3254.81070591332
4446.07458001319,5134.74798494675
3569.16051579372,2271.56483992319
4457.90401504676,7062.65121520089
3949.78109169384,5834.91509394791
2779.43568611891,1893.86101464889
5025.35180159738,5984.09842683168
3866.06485915868,3781.35704273833
8108.12499396308,2976.96034268694
3284.41467953371,5426.1244305445
6029.81235850007,5576.95563034507
3562.74703142705,5277.6231631821
3558.33550880643,3933.66612164443
2829.65458167662,3996.69227409056
4647.34757502054,5061.94668764157
4083.84797719009,3096.19347235881
4743.69495188204,6366.86023520204
4093.63208434252,5183.85078251231
4003.28378169726,6575.54649057278
4526.14165964255,2798.39512404988
1526.27999670642,1099.01228047245
3475.1149226783,67.5729407076025
3873.1571062264,2767.02391576384
3505.74898392519,4940.9517315625
3830.76683807701,3206.73121805746
3850.91972497182,5463.74713087519
4177.13622103675,4998.18138421505
4384.89368757459,6859.47772374966
4030.68849155302,4535.74138357725
4518.64107826534,6137.43039259221
4162.17004088241,4674.12668474752
4098.46272540182,3245.26305717981
3494.23421294284,6603.05280185611
4270.54657623101,6339.580997189
4344.18170769468,4120.41506939988
4319.3629016954,8016.17458553229
3481.3090501756,5367.98563910027
3402.58200035855,2537.13950375818
3946.11457764695,3151.20651778071
3916.21789606766,4921.57227536617
4116.19631123366,5758.24889964001
3742.17025810038,6182.6116305513
4159.41288657355,5447.94756724177
3066.68844376219,972.334255521146
3940.3579396705,4669.63680768245
1222.0075919616,443.287575591427
4218.19825758724,4165.93712869203
3182.0756111954,4601.95036750471
3808.50989465681,4954.64801317277
3232.76469740897,6601.57534560583
4304.8473559332,4786.88103767682
3654.64214672292,7759.52174465794
4116.51311882388,5105.59338389137
4088.29709241743,4948.22611046159
3103.35827934895,5686.12966785621
3647.42375230531,5697.09811023623
3457.01270931337,4473.68103252655
4370.13406273199,5551.32468210409
3314.14658890195,3820.85510611137
3904.02993081206,871.344264269829
3635.79638939676,4661.68036326198
4462.67417430021,4850.41884497779
4251.70938970492,4791.8821467415
4464.09878013447,3966.74185945103
3687.84389104583,5121.10836594023
3905.05380673302,6458.58684216296
4209.36932148562,6037.52026794053
4498.63991241788,7188.87435361492
2452.35825694158,4750.05372807503
8493.45082405884,4944.07747758482
4446.5443224666,4354.163955553
4765.69413232772,6418.57712393508
3670.35607260507,5433.22839877706
4058.60368498905,3952.30684971562
4144.50738138811,3652.9739596974
4278.43648876483,6527.69407598721
4520.36790331194,4947.71487846199
4379.73264932673,6677.27531566305
4171.69825466244,6036.83820241916
3961.98905867245,6493.87918720022
7572.78371320646,2780.89081946827
3754.36206643243,3909.05763740264
4310.5957331734,5642.48297160641
2937.01211871021,4782.50490867452
7955.23307351839,3549.54018223132
2724.26709064384,2637.78856796263
4272.20630252669,5352.18607546686
3223.85518459053,1040.19142350685
3916.0010869703,5408.50658932775
2900.38049527987,5654.0763940488
4601.86668594137,5129.51937975653
3911.9765647678,6510.24664543699
3403.61088938839,2001.8982058152
4209.70805172964,4743.12059336425
3379.10113417307,5701.13299505023
3567.62640506937,7071.80095714233
3647.75392173736,6179.31547386244
4191.42794924513,5341.3313811496
4537.0146998564,5041.65766979832
2965.55921341699,4431.79637411157
8698.75334174702,2859.7734095792
4171.11745055817,5125.71156821283
3871.66489302121,5295.12725633608
3916.95801600633,1891.98565160655
3056.35453739266,1631.35522280484
3577.719884881,6055.59267855312
4196.51613259138,6802.47556722265
5151.73733073847,4694.81360938284
4289.49278452312,5701.13299505023
4665.88236890958,5150.03589372532
3414.27995656416,4436.11541765487
4120.46842625272,2873.58343925225
4515.21710164907,7013.49175503157
4558.710064019,1043.88548698778
4582.18040840567,6058.77551003445
5429.45881164915,2367.89464915671
4584.53009703345,7120.05127851998
3882.18578870791,4258.23205311155
4804.7340256595,4298.63925527626
4103.25906482499,5005.00119371831
4202.35302915264,4209.01593033848
4012.37927915658,7361.69952363455
4271.12322457551,4914.01331488253
4100.06466153189,6338.38769966803
3771.77177473781,1387.20600030268
5196.37615600707,5128.78065163139
3914.19650326251,6166.75582716937
3630.49027581019,2413.47358248025
3876.56594213986,5591.33440033197
3430.38125473246,5493.52671199293
3964.82378172829,4188.66982703622
2554.45179036014,4398.89062411625
3998.96017985852,3238.15908894725
1848.03733736954,308.028046871929
3840.77120114054,4067.84570447893
4208.02180739266,3847.96351060262
3742.37225259113,4796.20119028479
4143.89238975631,6127.48483706663
4007.32193054196,348.890082716998
3766.94551567825,914.252232394494
3797.60234587893,4726.2981428764
3824.36921955226,3075.73404384904
8144.11280943656,3951.45437352771
4568.53599666002,6382.03439591784
3805.31109899099,4651.39398640333
3064.36984055173,1097.76200320628
3820.95215989282,3230.54367728747
4194.97368583224,4928.10792614013
3739.94714985281,5412.37106347521
3294.45556019879,4710.15818076517
3397.26013222383,4849.05471393504
3758.49218428339,4526.59164163581
3767.68081125254,5130.25810788167
4787.88911180293,7211.66371456288
4559.58690847799,6339.63765979276
4662.87857300298,5422.94159906316
3531.19856083353,2971.90235959089
3890.01834767215,2504.46124988841
2816.22108070588,1513.71350887364
5447.58759065379,4306.93694388504
3837.83038971371,2994.12361450786
4186.65720157421,5071.55099897884
3646.12481711412,2591.75485381563
3597.98349002604,5959.94493484097
3622.61396204016,680.560114558947
2619.27585946176,1783.32326895025
4138.14933068607,5123.49538383742
3578.21631724437,1353.61850192742
3147.60910233795,1035.19020872837
3877.33498858125,5996.43100025445
3926.06574899623,4192.02306918409
8797.0712037181,3995.15773238127
2679.15059153975,2251.33269611134
3441.68464851649,7151.30873874325
4082.76165014605,6796.84905524036
4942.82813235329,6199.37699558014
4381.62330071337,6209.26588850196
4280.5144419931,6029.05216866522
9060.67273015937,2787.99478770083
4064.1387441995,3087.89599517766
8646.57889841262,1221.08678600972
3358.89022305214,5259.77782583981
4324.12782205924,5784.10734400653
4659.74008618954,3288.00040321032
4737.97478034739,5323.31563314078
3877.08574335615,6012.62804782469
3777.67493986117,7035.3153145841
2872.61545872076,3189.28378750724
4596.46566629643,4728.28725398151
4256.21496296986,6713.70429561752
4240.43086677498,3283.62448563564
3438.43005882079,4526.47789357304
5705.56502369202,909.819335074614
4817.40289555381,6077.41623810564
4147.18222576965,4245.55865835572
4527.74475306064,3511.06500571272
2953.04256038717,2188.5336169355
3967.0263500329,5188.73814351421
4212.09874369873,4520.73805638323
3597.30946128005,6279.05518784759
4061.62146933612,6938.81467182879
3163.69813561834,6583.61626020077
4762.83254974094,5471.81690050318
2311.65884026506,4380.76112804466
4356.52403520411,3292.4902802754
4112.76585269744,5999.84090500608
4260.75494115044,1063.15140654896
4215.46879727125,8114.0951762236
3636.76879009974,1430.79592823491
3911.35861841605,5736.4824255465
4399.45316811572,6924.72048342645
4621.90184065002,6748.76956738449
4356.66683415533,7047.42039188133
3608.012990004,2965.59399351485
4608.72505776842,6918.07108458972
3445.28017875892,3515.15697598573
4608.10782720179,4774.32096812851
3724.68915973739,3545.90278135415
2756.92002987264,5338.26229773104
3990.75127349779,4480.44417942605
4016.95697214769,3633.93532483414
4713.9467340904,654.92900774725
4153.43773171061,4747.66713303309
3531.94100016128,2569.76088359658
3883.98397841106,4253.11719598411
4375.38335770341,7330.78373045485
3894.02735593541,5270.63252015706
4573.94282255549,6041.78264888007
4595.75822997121,6186.76026342806
3353.63749842266,5181.97499661471
4117.33344005924,5081.8944612965
3800.46161823975,5502.67687678962
4211.32069490014,5432.77382938122
3977.09949130913,1346.34401731452
4499.35582233567,5897.7708357275
3490.90318775126,4510.96291152418
3075.85449990291,976.142067064849
2807.18503085706,3353.12962625196
4008.50471007622,4855.81786083454
2648.15017357132,2201.49117042064
4057.51568279563,4769.77442845967
3892.73796286952,2270.3713309746
1945.21421760713,147.364709252876
4148.25625639651,6792.98458109289
3860.84054594677,2991.62305997552
4690.7248354982,5476.13636690172
3667.25595598453,4978.34693576764
4716.49160582743,6107.5370634117
5094.10726713873,4164.17551371245
3370.31025619672,5613.27128509202
4149.99162568225,5075.24506245977
4922.37646337796,3544.25491443734
4581.90674680934,6081.67861904518
6960.77909091161,711.647111258776
3897.28964130351,4721.80868866657
3647.62432276414,4583.30963943352
4272.73166218574,5880.83506003213
3565.02751543757,706.418558925467
1832.14263493285,1762.52280767979
3918.46370180751,3141.20408822374
4700.43182404487,8422.63489364227
4288.13084488977,6474.27223487835
8126.62164670538,1910.1718102819
3335.77021819499,3731.2880209221
4110.20487852865,6315.82541199037
3530.73046351618,4906.5685253169
3809.62745533343,3994.36234165238
8261.73628801446,1967.68541023614
4196.964722731,6507.29131008119
3865.07110931703,6326.96426503693
3744.68197505041,6550.19927820586
4029.08920857054,930.335637615774
3594.7000294243,999.045176075574
2846.58053434859,505.404694959698
3989.78897303958,2342.14974142534
3871.10348336976,5997.62429777542
3950.2258691986,5327.52135147656
4783.36346314102,4206.23100564921
3786.30207403258,4870.99202155034
3545.20234751407,2864.14932715388
3529.63902506571,6758.26055351424
4365.72915352399,4355.41433853298
8770.61657443139,3371.48640702147
4505.05433160179,7060.49169342924
4704.78769513029,5928.17581976286
8365.48181056606,2491.90139176771
4909.61021978146,6216.54026740106
4832.80846750502,4063.8674822687
2817.03854686903,271.59890834674
2918.88609129547,2129.48547527198
4542.94477172945,5836.16547692789
7897.69855013151,3476.45451476921
3697.28545760329,7510.99702743635
3934.20883122939,3513.224738912
4351.72807587271,6275.0203030336
3262.06266594255,6782.52737071246
5204.47748408877,5031.93918754303
5023.24598702736,2835.79032825503
4399.97504124393,3931.10869308071
4320.40339963858,6197.95620193363
3114.25283751794,3993.05529606864
3984.1812219082,5018.64081272483
4661.41141298939,4840.30287878568
3205.1804759699,3172.23426374909
4194.59426464063,6719.15997407802
4309.88949396554,6143.22731524103
3912.58953135371,6545.42566526673
4273.24076053914,6077.58664877217
4982.00433859677,6100.60350584567
4123.91958651967,5056.83183051412
3793.66640317342,6628.7408355561
4428.16676570612,5422.03246027149
3825.78251899229,1646.13147672857
3338.17356389545,4410.59779462141
4720.65251293321,6705.80451380081
4106.05596274243,8347.27616777337
3532.20000476385,6574.92108765517
4175.1979712295,2636.1404896182
4184.81345226463,6833.73302744591
2221.23757624225,2751.11102692291
3884.1979088828,3391.32064404126
8313.24912719442,1220.74585896285
4305.00262637242,6299.51461635736
4142.49767363399,4302.33331875719
3945.58605064147,5981.54099826796
3578.65350078757,4671.8534149131
3626.05384575685,7242.92117478614
4161.57902709407,7287.87576233019
8815.32444092212,2510.88315259959
4932.87527112736,5068.42525295651
3652.91950668603,2664.3288664229
3449.76273577821,837.643070688706
3818.77006132477,6927.39166005294
7367.22549193447,4745.2801151359
3863.88397419912,6477.68213962998
1266.23332040254,1907.44375962402
4614.0791236283,5766.37617758226
3719.14706485358,1613.79414990567
4358.51174103766,5595.65344387527
3346.57638393446,249.945997316823
3912.26258866764,2487.92316955748
4585.3484614188,6932.27902105484
3749.89705695252,2907.34145400785
8423.38802958152,2973.15274257087
3297.22234492295,4334.1024338353
4559.64756429538,7237.86382597296
4231.04589277157,4914.86579107043
4314.78028681128,7002.57997525531
4165.69723006773,5352.29982352963
3402.50791173477,6287.01163226806
4640.20941083903,6050.6482320922
3287.24580217457,6348.78782458945
3618.98661745418,4657.98629978105
4357.13463678579,6131.29264861033
4217.68702867212,5109.45785803883
4317.65580233202,6062.81039484845
4185.15055527188,5359.23338109566
8907.82827512857,648.734336877076
4203.64894584175,4436.79748317624
3329.91193790404,3312.66555005587
3811.4914476477,5547.34645989386
3788.53493510074,7270.5987424465
4362.0004584495,5868.61623467212
3754.72580827466,6617.20407571747
3552.17342419847,5525.18207900827
3792.02576106883,5199.820333957
4668.51719898348,3269.1892644726
4029.55982257395,7489.00263436204
2335.2184992895,1063.20828058035
4243.382964312,7866.30876427189
4388.05207389491,5464.82668033339
3880.10598847134,5864.75176052466
8186.3868362227,871.742118204996
4521.84466962119,1991.38433283101
4386.19878695855,6595.15344289465
2855.6143496293,4619.28404999216
3981.47051027633,6290.53528508246
4029.02565457458,4924.58427332573
4282.30534627899,5377.41953977101
3937.98527273877,3491.57180145363
3873.42258811255,5870.09411377765
4205.15104970748,4955.78464808998
3331.87064985969,6605.04191296122
6149.31199393091,462.042051725387
4740.54050478377,6049.96658942608
3670.38026144231,4300.74211444415
4040.46757738231,3651.95107284296
4169.03043218321,5041.03226688071
3865.54280081221,4841.83699763971
4323.65033869572,3719.75126108347
1664.05914102612,3206.21956320261
3733.48309737093,3498.6188956548
3869.87860610122,5989.09953589635
3456.45233744129,643.33532102033
3717.08645991416,5505.80262281195
7773.43477408058,3195.59215358328
7554.4056377295,2135.68009328525
4145.09266380739,5033.58747731508
3879.25903787558,2470.4190764035
7816.31654807226,6758.317216118
2660.0036681092,3406.94937415289
7041.17908955586,2353.00464717022
4847.16721372887,6914.54785463057
4535.24970818342,4502.21065351956
4455.69664556474,3609.78183284343
3302.70974462302,4753.86153961873
4465.02330633005,3194.22823396815
3474.37935322877,2763.3867263143
8449.80069899709,1718.02363524208
3946.63545440854,4675.31998226849
8750.35349675805,1741.94973682106
4560.45179927891,6109.12826772474
3798.18736231847,4419.35005262602
3986.28687010203,4534.32058993073
3917.82863076255,3392.627689625
4181.17329723787,2075.89301206897
3956.01955817746,868.389034627846
3560.8497764874,2844.54237483202
3744.35892788184,1714.44321411011
4660.62049714792,5019.94785830857
8720.80671012633,148.046695488893
4154.06248960905,6202.61648966524
4677.41423593198,5585.70788834969
4619.19223395029,5909.1371848996
2652.69169642376,1720.24003104511
4531.39940516155,6646.07451804354
3535.82555233247,5767.1149057074
4197.41320349926,5569.56750338321
4052.76631888404,7719.68285995184
4828.10086550334,5231.98693297193
2465.80547484201,1890.96255332448
8234.10907997473,2865.8542795297
2953.52063110543,959.092543306704
4300.55265037318,6199.88865043498
3683.31418877055,3944.06624656585
4071.0498296813,5812.97820918786
4023.55178897343,3037.82718478905
3838.06206268247,6186.53319015777
3882.44227955974,5761.14757239205
3609.77007592953,4903.44277929458
4515.72487024444,6798.83816634547
3546.6657026686,6194.71670784853
4260.18467949821,4182.36167238781
3233.32913428344,5876.40226842606
7671.37359199014,1113.50437566688
4544.76881022509,5936.64391903817
3589.7774792703,1374.9304066251
4173.96106599587,2368.46296661532
4096.85057489992,7155.74195320456
4057.75676024591,1757.18066585443
3498.02596906055,6413.23477068209
5204.69220404719,4365.8144634544
3903.71154047364,6080.7123947945
5156.01768731252,5096.04573515786
3741.5854586902,7282.2492503479
2522.86960733062,6365.78026288859
3321.26341513469,2451.32356750885
4733.3320584655,7262.64229802603
4529.84328729088,6435.45623702669
4407.63754996564,3795.67830441097
4028.38108472942,4170.48366836087
3575.1724794672,3680.76485256528
3022.04275766608,2127.21220543756
4222.30135921856,3534.70705427621
3699.10099531658,5892.99722278837
3248.4002455659,2475.93162889539
4325.6925600761,4998.18138421505
3704.43148347582,5905.04563748185
4141.17167099458,4169.97243636127
4220.36628399224,4995.90811438063
2934.83192045752,481.876341602077
5079.65759722748,4211.00504144359
4285.38633913117,2634.60594790891
4212.539991529,4455.2678005809
3457.18884372511,6729.21927766638
4625.80706222756,4742.0406210508
4087.90305471503,5280.23725434958
4111.69900989557,3511.91748190063
3711.34845629003,6295.3659834806
2912.75261894232,5114.34521904073
8435.00325489459,5270.5758575533
3696.46075279096,4310.34684863667
6553.76021563253,6656.02007356913
3269.113166565,2668.93228012312
3391.38340763951,5228.06579622071
4788.26276978922,6949.21521960547
4064.84564870839,5390.43417871516
4006.71530930531,5638.902233333
3985.71545968581,4927.19836449321
4409.37241133007,6319.06490607547
4551.48714220291,5259.89157390258
3289.27866823403,1319.80361314043
3947.89008084311,4441.74192963716
6876.82232251564,2094.98852096362
3959.00870698319,3884.22250274581
3520.36064251951,3842.67824280864
3243.37930648896,6026.32432943497
3520.91272270388,3486.4000702948
4185.57434813724,5649.30278110967
4063.70443662538,4186.56739072358
3699.54966960359,4674.12668474752
4254.27507778785,4880.48258482484
3871.46814623127,1928.7556643217
3531.29785392869,4600.98414325403
3597.31049297539,2679.61677520147
1981.84026777591,3846.03148495651
7361.10819367761,5462.38299983244
3897.098132009,5277.28191899379
3985.51682288395,1548.7786749268
3989.74338484961,5274.04242490869
3295.59122052304,4637.29979800098
4639.73943701929,6357.53965973882
4219.21624355382,4811.31868839683
3171.61101303415,3731.45843158863
4437.16846215206,5369.57684341332
3962.74776009826,1237.79538272099
3802.1447236048,223.63290426911
4352.0144300897,5435.21750988217
3591.00852246333,4133.65678161432
4023.97069519846,3597.61967008719
4926.63728180798,3891.7810403742
3983.78835182371,1380.1589061015
4057.16926589504,5764.10290774785
4216.11691839781,6040.81642462939
3734.46524931593,2415.34915695022
4398.88395322878,4755.28233326524
8556.93622139762,2906.3754411848
3690.61479238211,5503.75642624782
4413.16988876066,5343.43424031749
3303.65443907375,6621.80727799007
4121.47389232247,4879.63010863693
4610.99604087837,3457.0181845415
3668.66984849152,4549.0401812507
3630.69546260092,5556.60994989807
4842.22568067989,4672.08091103865
3356.54526718676,1667.04547463418
4284.44828234229,5856.34074670836
4067.66644322077,3227.92937469237
4858.61048022216,5243.7511889361
2923.26335746165,1648.00683977091
4273.63362087063,6560.42899246074
3863.07035993975,4783.18697419589
4514.25489430346,8145.06847771757
3915.97704260071,3901.04453037841
3962.24739661114,5932.55194876517
3495.32301041445,7476.44298766897
2597.49114588974,2726.3892174736
4205.70474017304,2408.58601005072
4143.05600894237,5890.32604616188
4199.54242057606,5571.38620382179
4208.22617788671,4665.88608159775
3077.64533283373,112.413185548679
1398.49166352045,2273.32666633039
4275.18118306841,6586.11702616073
3859.99704073933,4613.43046473958
4113.65320555852,6524.51124450587
4189.11637829382,2029.34785449476
4555.06244895915,5689.3120764823
3881.28257035144,6205.9126463541
4155.04566878161,1648.0637138023
3332.75108164363,2549.75623591026
3693.23171175989,926.016382644852
3183.10543163491,6285.30667989224
4002.36129218283,5111.56071720672
3481.82248960627,4302.21999354967
3982.42158423828,6659.03207152868
4132.42621127735,3271.29191221286
2952.12531536687,4384.34186631807
3497.30904305207,5114.00439770767
3694.54616977498,2293.55859871463
3829.05589292467,5555.75747371016
1679.03377300973,4694.18820646522
2611.66295569466,7454.10861897211
4257.79197748498,5805.76049289253
4790.10757215776,4119.7330038785
3942.41794209737,2796.97433040337
4104.5494559981,5257.84537733845
3677.64523016567,5464.20170027102
4668.71961352811,5766.8307469781
4572.24223962419,5360.48376407564
4381.30300804392,4450.03919539069
8703.72432443468,224.655870408908
8608.95801104911,699.314590692907
3386.4634429453,4814.50109702292
4910.73716080747,7143.63645305208
4137.87540849995,3220.88228049119
4695.21947396144,4827.00408111223
3668.90483455007,2403.98280777812
3136.09463136111,5748.1329334479
3035.71058490189,7661.31699523733
4125.22664893797,6612.82794671516
4572.33264770968,6899.31660845576
4019.36025697412,5516.42982100365
1245.65591626474,4973.06166797367
4111.6438585327,4878.3801485122
4116.76933652903,2597.9494718289
5243.97011842304,5102.35388980627
3761.07433462187,1753.14556961281
3093.6169246999,2792.25716864037
4108.97473145677,4153.37748199896
4881.56988157425,7088.05509017158
3596.32446776317,5555.13249364779
4200.34950465414,5467.72535308542
3971.81675262896,3434.62630753037
3684.33955266571,4486.46817534516
3922.12884463145,4627.75214926747
1983.99687151321,3358.52864210871
3283.82327941693,1648.6320312609
3197.2946803246,4392.07081461299
3824.64801000097,6710.74896026172
3637.46190437193,3979.35859160311
4512.34208103322,5213.91452235935
4151.60639159547,5982.73429578893
3657.98413037947,3235.26062762284
3944.64194418051,6789.80217246681
3808.02310289666,7025.14226293297
4004.81408252999,5289.04617495796
4551.80051471311,5401.74344242825
4759.6186626011,4925.60716018017
4156.11939805731,4113.14069050079
2165.44398740232,2057.53644272709
4051.98086165722,5692.60823317116
3522.81343246195,2255.70882511364
3638.03319268887,4665.77233353498
5165.86163072076,4664.86319474332
3466.93978574986,1350.37900784232
4213.89627349721,5592.52769785294
3696.06186366763,4672.36506976795
4539.21399670115,5130.65601467374
3556.15853369331,4604.28072279814
4742.34844673497,3781.58411600862
4011.77279428823,6123.84785904471
4264.91994176913,5877.1409965512
4501.44436378385,5523.4204640287
3531.81766336712,2788.16540979499
3356.57686840065,661.180499791904
4923.91866885284,7520.94258296193
3880.65951302758,873.731229310113
8104.74214549878,2486.90028270304
4406.18210460887,1281.49895300218
3849.99584043176,3681.95815008625
3755.06595419091,4049.31872447052
4909.64754209267,4953.68221177734
4310.71053262191,5916.07074246563
4317.02033246786,5002.10252096628
3749.96219007014,4566.60093700844
2932.86178953278,7457.63184893125
3399.43035331766,664.022087084928
3813.09129493867,3812.27325877329
4558.07818324366,4593.02769883356
4052.47034596405,6107.47997795269
3695.05191410762,7533.84305098806
4232.77469723417,3026.06292882488
4091.29449659343,7104.99086586695
3665.36116783239,5412.03024214215
4205.30176533182,6522.80629213005
4016.63375022623,1615.49910228148
3356.39992883939,913.740788967275
4336.56681158566,4243.79662052089
4089.36678680478,5532.57020597013
3813.65675725467,6230.17988640757
3748.15605030531,3846.54271695611
2143.07426039858,5578.94474145019
4527.94842685834,6528.94445896719
4038.00737931042,6471.99896504393
4026.23944892622,4803.19141045458
3825.50257064842,4395.59446742739
3320.06494441326,3546.6985949383
4225.44197624839,1392.09357273221
4251.76679285071,1411.24584994443
3332.21374947553,1168.06285169294
2595.67559182687,3466.67958133778
4874.28901097891,6730.52632325012
4062.1846642789,4682.70810923036
4143.34863450088,3508.73507327454
4032.88576326289,2992.58907279858
4719.48777527347,5865.88839544187
3667.88680387716,2726.9575349322
4467.32597346133,6396.01483625741
3735.36851985892,4365.47364212134
4352.43630184701,6331.79496343507
4371.81037455075,4315.00713636828
4243.29984193264,5864.4109391916
4817.36766773661,5964.54813711357
3889.38065185537,1649.20034871951
4221.80882242578,5341.27471854585
4336.03584264323,4668.3297620987
4084.7072655713,6120.8354382299
5076.73115084434,8525.10286971292
2702.14163645709,1522.52242948202
1632.63887024374,558.087702229604
4488.55969095693,3507.48469029456
3924.60098044938,4893.61097183176
4666.91318741301,2667.05691708078
2103.84032909793,4649.12071656891
4326.76144438015,3300.3329766331
4633.3047253968,6721.49032937146
4189.79754450425,5964.49147450981
4468.92931842557,4718.1712877894
2362.37210899344,3446.39056349454
2472.95537767515,5271.99665119981
3458.42332216185,1608.4520080803
1842.46595187742,551.949905390816
4839.36468417823,6989.16785237433
5469.18858326587,5738.18737792231
4214.79925829715,4689.6987522554
5222.34596079885,6093.66994827964
2860.48024763905,5878.16388340563
3074.34450788262,1462.84909632851
4534.18272789548,6388.22880250348
4217.74678937369,4962.32029886394
3146.82346720437,8446.39090169615
4540.42600515834,7585.90076105416
4221.74468271603,5713.23849520271
4746.05269348003,6656.30423229843
3810.88935792341,590.652313750424
3724.83299099322,4513.29284396235
4289.117637192,5321.95192495328
3089.70146682641,6059.51423815959
3923.2209648739,4246.29738648085
8616.07966566788,3426.44257841199
4425.93107677587,6369.01975697368
4204.50158327988,2867.6161059369
4397.74944905444,5771.94560410554
4235.61508042482,5186.29446301325
4727.37995547952,4911.11506498574
4286.10065126238,5600.59789033618
3952.31383084123,5722.27448908138
4898.988243487,4250.16186062831
4579.61232010762,5573.88696978176
6907.59240418097,1092.19247096919
7897.82155391816,1029.39339179336
7929.89303130686,678.343665899007
4133.53430017492,1508.14397663655
4355.40016473252,5761.88630051719
4441.8750873861,5191.92055214029
4861.18400986349,5428.45436298268
3532.22833482551,5270.291698824
3247.08522858677,5059.90049107744
4031.83482140629,6293.54728304201
3413.53917555824,6680.74188301844
4033.08700594621,4943.79331885552
3913.32708051545,7121.98372702134
3813.01591281625,4617.57909761634
3528.22756767852,5536.94633497244
3514.9870702741,481.592182872774
3924.2011172359,6084.57686894196
4256.68037111021,5771.54769731347
4234.34654561755,5095.47741769925
4171.74830654934,5062.23084637087
3442.77472216551,923.345311732172
4042.07763072905,6115.72058110246
3458.74846196772,5316.04125424169
7577.01412659165,3640.07306881602
2969.62950654349,6846.63391832729
4078.26514642027,5262.33525440353
4293.67999773786,3054.02423235929
4672.48640150449,5354.11852396821
3535.24419185435,2969.97012251715
4269.76852466516,4999.43176719503
3772.4705675665,4205.03770812824
4155.0408900977,5783.59611200694
1891.58030485964,2418.19074424324
3989.85101669202,5274.8949010966
5123.33734887716,5733.86833437902
3916.07411694635,6745.58673590315
8020.30954243481,1024.56269339522
4793.59258975145,5460.16639260178
3675.13879075874,4918.44652934385
4582.22759396221,4365.92821151717
3169.87682603721,3009.1271531295
5021.27405194216,7660.40785644566
6616.90384630219,2303.27686954229
4740.57504503294,3142.85216656817
3855.98389677272,4933.27944587133
4453.52880835896,4638.03852612612
4182.2186699059,5880.15299451075
3819.32648980539,4325.74808262276
4690.5775688346,3249.24127939005
4620.85135459763,6048.77286904986
3894.54296293619,170.154241985776
3987.66367626544,5992.45277804422
8763.42696645606,2587.7766316054
4229.32201824008,5521.71551165288
4976.15367108351,5838.21125063676
4713.48258720288,5947.49861335543
4158.4108120696,2585.95793116681
3435.40291918815,4201.91196210591
3284.51765829303,392.991506933352
3611.75794587095,4510.90582606516
4576.24767137586,3377.33999227405
4205.96116158665,6325.65721945319
3533.60794193521,6572.93197655005
4498.7726165465,4509.37170721113
8791.87029773863,3924.85720103606
3253.3509980021,6595.83508556078
4408.31485104101,3412.63254873894
3389.40093676005,4228.56579720133
3868.40164514456,3627.74049539324
4119.53592539844,5453.06242436921
4385.59490545814,5149.18341753741
1144.52198371659,1106.45717575189
3522.3241357232,895.781914989837
4380.36466866786,2309.86939434763
4271.65282236518,6217.96106104757
4204.86611113667,4776.48048990015
4020.19112309772,2544.24347199074
3910.77844890427,3736.51662611231
8510.49469660691,3922.52684574262
4043.44211801055,3618.3065947225
3938.90007458778,4963.40027117739
4439.25623220909,3756.97605462209
3861.49841678027,6349.98112211042
4358.83442988848,4881.73296780482
3515.98107449422,6709.27150401145
7159.12823024466,966.878471346828
3086.16127172887,697.950618220874
3084.72904957032,4044.48802607237
4439.66314869776,6780.42493439983
4260.55231966251,4050.79618072079
4314.05587759589,6980.87016376555
9022.78972046416,3606.94024555041
3799.62678843044,3921.04938949235
4302.90745910455,6172.60941242195
3659.83056427361,666.352178093826
4431.86832016787,5064.27662007975
3983.37620193475,544.845937158256
4477.41055978522,5752.33865178368
4333.52443783742,6586.91283974488
3863.92620033993,5874.12899859164
4172.89240680643,5918.74191909212
3117.3876742305,5479.71668231988
4073.60737595577,5759.66969328653
3705.37745362137,2467.52061507909
3244.00436138819,4488.91227870136
7407.69441945977,7424.04445626981
4260.44763365598,6709.95356953283
3667.98310402628,3051.06889700349
3818.42225811512,3806.53342158348
4660.79329004873,6598.3925141245
4015.92500760277,5100.876433556
3070.99511938513,4326.94180299898
3905.58260461834,5763.0229354344
4328.33373992185,6683.98137710354
3777.48712816971,4763.97750581085
1887.96404797913,100.478518917977
3000.45258281104,787.176459221834
4125.38086613956,4236.01100962221
4613.11577788338,5071.89224316715
3063.99227904139,3041.35083760345
2192.13120561707,3115.45939191999
4269.30206787925,4271.36001726322
2252.27633469433,2017.92463129128
5026.32749584301,6645.16537925188
3708.13043600979,5720.39912603903
3606.83621427763,4761.47716270614
6749.35468347361,1781.10687314722
2473.75860277268,1867.15009409446
4436.5150386615,6855.21534281012
4063.29446510123,4346.37792179906
4174.08893510846,3973.73250247607
3931.51847565629,6602.93905379334
3456.32187616883,5683.28808056319
4324.68200374072,6422.49868354155
3926.77583881523,3994.07818292307
4017.05173226161,6140.72654928107
3882.87395753417,3111.70845440768
3671.82853620136,4582.62757391214
3171.72540704765,1129.30362215885
3727.97766632006,4525.28459605207
4086.72317585514,8040.8963949816
3368.48602615305,3152.91147015653
3970.91538425833,4575.23944695028
5294.8171678491,4605.24652419357
4962.05098066401,6921.76514807065
4672.18019274287,4580.80887347356
3685.18967797899,3856.94326473278
4326.07194281149,6265.52931690384
4481.64470926463,4763.18211508195
4509.24695249474,4641.78967506606
4764.54807288658,6669.4321964501
3576.26735560614,1459.15503284758
3715.08753833429,4782.10700188244
3770.41054859199,2306.62990026254
3607.08994138152,5865.83173283811
4498.27963850304,6305.02738027688
3711.52601564521,5938.51928208052
5084.91541846758,3136.99858131559
4066.16195585814,5233.29440141093
3754.57736154671,3151.60442457279
3716.41866764221,6523.82960183974
4067.24660049412,3048.90937523184
3923.40177157473,2475.53393353094
4287.85821752084,5941.75877616562
4166.22321118839,6656.36089490219
2593.90478534654,1673.4107147416
3787.77339800709,6822.70749960688
4743.60392915169,5876.74308975912
3701.54386145646,7143.18146080099
4049.62473667593,4850.58925564433
8413.56054711257,7502.41560295352
4279.21466309332,6969.04924519762
4424.84397347387,6667.72724407429
4236.05049326908,6697.05267865145
4261.57829513604,6259.95989038057
4291.64399347943,5554.73458685572
4115.01253781439,3666.55691610016
3799.79900634375,6191.53429922244
4544.14508534619,2501.39237789746
4347.74161064257,3634.67405295927
8894.35518517818,7345.9574683154
4208.32697468665,6443.75350278022
5258.99551804931,4083.41777198681
3854.06962989047,5662.88531465717
3808.45377398975,3974.81205193427
4489.40412970985,6541.50410566025
4161.72375088534,5843.66735195252
4480.04594713537,4781.82284315314
4360.14348388908,6215.57404315038
3698.85200468216,2137.72607842175
4765.10703398719,5999.61340888054
4073.45305129976,5349.00366684077
4231.37016139034,7440.29816644381
3752.43810495447,6136.80541252985
3179.14305974781,4383.03439787908
4375.97129489659,4692.76741281871
4149.63772005781,6425.05611210527
4023.84842658221,5260.51655396495
4585.6499099889,4168.49455725575
4344.58463642175,7168.58575862693
4142.00861757093,5956.53503008934
3861.41265084416,5598.04046177246
3738.50018271469,1574.75076164228
4233.22143970189,4529.37614346982
4116.66589784715,6952.6251243571
4097.62130211187,6523.37460958866
3971.44681464292,5468.40699575155
4077.32915166129,5347.58287319426
3973.60356682225,5801.49811195299
4172.35794343428,2859.60278748505
4137.96511149423,3810.05707439788
5587.41851974588,7412.22311484663
4200.64433609669,2815.38777377664
3873.90616822045,5671.12591780694
7481.52704967995,327.975979097577
4204.86242116115,6147.88760297264
4041.63251886468,4587.45827231029
4100.32675081095,4988.86080875183
4515.77431778424,3621.48900334859
3976.25463559282,5396.11735330121
4386.2443822112,5762.62502864232
4356.54072734706,4467.48662594091
3941.55236859852,4142.23862895241
4388.71891888966,5396.85608142635
3967.95230904889,5386.62636717146
3744.49220390222,5480.39874784126
4452.65226078435,5585.53747768315
4539.82867467163,4682.42395050105
3924.70523615582,6535.8209310742
4460.60827346928,8253.33295358179
3857.1486145014,1270.87143766903
4229.77346399247,6220.29099348575
4193.15428156956,2802.99832632248
3883.48785210717,6592.65267693469
3830.7070204516,5434.93335115287
4056.54058196941,2373.46407567999
4169.5492838862,6938.70134662128
3566.37982062011,7406.48327765682
4758.79814213556,3519.07832416457
3901.03430116283,4608.82726246698
3422.61809722072,3759.70389385234
2769.2087632831,1748.8264203557
4584.1897962331,3443.3216915036
3857.71662078269,4229.13411465994
3860.19462246646,6591.11813522541
4893.97908056739,5372.64550397663
3766.30592643656,4764.14833933263
4241.36694535482,5968.07178992797
3475.06478522179,2153.0137757727
3751.36280076235,6310.93762813322
4114.6144352384,7174.3822584205
3181.17602013819,4953.79553698486
4626.5377302387,6047.74998219542
4242.78095607535,6532.69518505188
3791.64774441693,6236.88594784806
4311.54995496761,5022.73278299783
4322.24344798226,6216.19944606799
3765.01246900593,5109.11703670577
4279.58318322169,6292.4106481248
3385.86656123416,4013.23056584911
4395.76294975884,5235.85182997465
4061.90048121783,5660.38497155246
4420.94502200912,5303.25411142308
3564.61762682305,4047.10211723986
3770.92419554868,7903.19273647745
3589.68123458917,681.355769572375
4020.78343482939,3569.43129328249
4111.47275010478,6277.63439420108
4052.50099745849,6852.54416618363
4022.26647792394,2362.83645463303
4044.07000219437,5016.5946161607
3333.65604194468,4573.13658778239
4077.4559762874,5800.75938382786
3868.64712796374,2172.84801279248
4367.56913241843,4309.55103505252
4518.82443517874,6374.36211022667
3992.2458912802,6177.83801761217
5267.7298252884,5632.02576122598
5078.34376221103,6677.90029572541
3924.9135602883,3167.28981728818
3838.86429690114,6467.22492924955
3684.5926066725,4997.1014119016
3616.09227928486,4510.8491634614
4695.03669628251,6084.74727960849
1707.14995091463,1632.77601645135
4049.22181981168,3716.6821776649
3418.56420731646,5403.05048801199
4614.60747660401,4652.30354805025
3817.21149880138,1597.4266916689
3964.03722526971,6973.823280992
3966.14996139822,2463.54239286886
2257.98675380472,4667.7614446401
5103.94631073721,6011.32100224095
3604.79936984961,4008.00196065889
8778.91903116903,7392.04784506615
3470.00444012311,3222.47348480423
3925.13176060741,5580.82052734779
4007.61030958732,2391.99126711603
4395.61757290982,4887.41614239087
7735.79988449379,606.849361320662
3833.2417289893,3129.66732838511
3444.49289148988,3302.9472792282
4012.24163201863,4523.46589561348
3911.02557683666,7300.71956775256
3352.66646513599,3843.87196318487
3768.62510331538,4933.79110072618
4577.90739197532,7572.60280909121
8148.05399017478,2923.31121688017
4179.57951499652,5513.53157110687
4516.91797868065,6426.76106448109
4877.39367073913,3611.82760655231
3936.36629865291,3840.23456230769
3522.7047724991,912.831438747982
4471.78108364062,2630.11628227146
2582.87136320339,2827.83388383456
3404.54117959318,41.0325200157359
4039.21327327745,5428.73852171198
4396.31046702647,3815.79691158769
3302.57692791008,4193.27345216407
4286.61430825315,4846.44062276756
4304.99897051033,6342.76340581509
4311.13216639738,3578.12646582809
3563.65329273496,2589.14055122053
4042.90374735156,4985.56465206298
3911.56782398869,2327.7145202623
4446.39163575305,4194.63716035157
3919.02967433643,6228.1341126987
7812.4888789775,1173.74602627899
4142.79761457279,5311.60846263562
4065.1265530385,6223.47382496709
3898.29992286877,5292.85398650166
3359.81782525461,5080.35991958721
3393.1228712945,4868.20709686108
4676.07208785733,6811.68239462309
4575.47265326665,4887.8707117867
4229.85015368523,6527.29616919513
3726.79543832322,6803.38470601431
3844.36777095235,1039.67987436582
4462.24856057466,2260.02786865694
3970.42623417688,2572.77309298376
3363.27913119972,1916.02539553448
4554.65713853674,3675.42249931229
5115.70094273815,5178.16760792626
5578.92459978468,6881.52835657248
4341.1717371171,6156.41236485172
4091.41926119569,3361.37022940173
3379.77946889188,5600.14332094035
4236.78561073564,5315.98459163793
4656.62554871879,5083.37191754677
4081.28675012149,5828.09528444465
1504.1413651354,2936.38251842808
3993.84991106885,5135.54379853089
7326.6324723797,4143.43192647338
5166.49559613279,5810.64785389443
4225.24214931072,7375.28248003731
3985.5777341074,6722.62696428867
3988.58741511269,4249.53688056595
3771.5813134584,2002.97796670102
3671.76069382093,3788.34726290812
4080.69570365268,5042.28264986069
3955.17339331137,6804.86258511984
5317.22357586306,5216.074044131
3854.17989346079,4713.96556945362
3880.10764919427,4524.54544507168
3769.14631845093,3841.76910401698
3567.53918667354,2890.97399577108
3381.40947277647,3430.42080062222
4330.97016585045,4813.81903150154
8117.72533538659,703.520150457964
4367.3903388003,5932.38153809864
4296.94799786331,5545.81191818458
4300.63232365658,3960.83161159469
3723.11582824037,5195.33045689192
4198.97836955403,4662.98783170097
4367.19235483053,6406.69911990813
7938.24106943198,3918.09405413656
5162.77626006056,3776.81050306949
4867.44324313637,5793.6554155953
4893.57094609957,6222.16677938335
4087.64293508008,5103.09261793141
8780.04363996533,5971.25462140931
4487.22389400763,2160.79980952664
5344.56450880794,2543.33412177145
1627.46286797007,4845.87230530896
3370.25105616778,2450.07318452887
3986.17513149468,4800.12274989127
2462.98043532719,1388.22899287093
5123.77872162052,6797.47445815797
4410.62492150659,3499.75553057201
8017.53026389252,1764.28463408699
3052.31242901908,6056.95680959587
4381.54811829907,6143.3410633038
3969.55547204498,6256.37915210716
4388.37293456531,5689.48248714883
2681.15937521862,843.951383907838
8784.07762671549,1846.63379155331
2168.20693202545,532.74075414721
4577.43693442413,7207.23134581206
4929.82794932804,6604.87150229469
4392.7192657481,5664.02194957438
3812.95144847067,5206.18557406443
4391.51918421424,5504.38182916543
3059.30743984031,16.8790280250302
4529.20309552233,2997.53351925949
3917.19694052683,3624.16017997508
4943.15751942061,2314.92737744369
4194.7827992358,5948.12401627304
4641.12522733554,6849.24800949477
4128.28926031449,5477.1025911524
3638.14705944653,4860.25065244061
4441.85055494046,5771.77519343901
4386.83466829488,4843.59903547454
3421.51239573774,700.508046784596
4994.06826096786,5857.81820295863
4680.31174937427,7261.61898831634
7946.87570418621,1376.40796858919
4010.42534843861,5530.92191619808
3577.9527581359,6448.2433798453
3940.41608151087,4641.61884154428
4267.61215495933,5938.74677820606
5515.49537805245,6099.694367054
4252.55607672011,6035.70156750195
3989.62325449487,6316.96204690758
3681.39344018813,1022.45993994114
4206.34853279933,1991.15704813309
4651.36639019841,6600.5524587514
3667.53158002847,2254.57219019643
4653.86273680513,5990.00909754327
3798.1007718863,5042.11223919416
4348.07505957031,4315.85961255619
4580.41011634629,4951.46560454669
4324.38851338964,4565.40763948747
3260.66865832162,4733.6296072345
4155.4500139611,1903.06784204934
4548.50317902938,3931.96116926862
3974.12660796855,3431.9553423315
4398.6681060499,2644.32421873658
2841.75607700668,3642.40342410945
3777.18784573529,4850.41884497779
4248.5272682048,5711.24938409759
4744.65835188101,6042.57846246422
8083.63461449471,1523.26126332096
4879.90195800439,5069.95979466579
4267.64041156473,4436.05875505111
4982.8196303145,4242.48957493715
3210.41691069863,6930.63115413804
4177.81806314997,6798.04277561658
4135.58154212891,4133.31596028126
3934.38261379554,6574.69401438488
4421.21757046065,5923.11804809443
4055.16959374919,5188.96563963975
4615.00589987519,7316.68911919725
3060.38321658465,1407.8359451928
4133.90925138159,4895.94090426994
4564.36118967846,5156.85570322857
4632.92537821449,4841.15535497359
3670.01067806285,5181.46376461511
3443.55287314314,6456.14273880676
3433.83500631267,5178.84925059238
8109.17854123901,2645.40397962241
4692.08359781544,6040.07769650426
4881.71613821386,3504.47269233501
3652.39139984847,1086.67981276349
4225.85106191409,5354.97100015612
4068.86133825468,6356.40302482161
4135.43129774356,1044.6810891443
2057.46644811897,4044.26052994683
4337.97462907427,4312.10846361624
4227.07109821089,5297.4005261705
8734.39833584706,3484.80886598175
3323.4500350291,5130.88351079928
4403.14547956384,3524.36380338618
4354.97677725146,6962.11568763159
4010.22466904879,7078.73451470836
4690.03117671163,6720.97867451661
4041.31250677274,5740.97230261158
2780.92125884544,2427.51110827884
4641.39615492638,5685.10678100177
2551.12739668123,2342.83180694672
3995.14174009599,6606.29229594121
4102.24868328962,6795.25785092731
4154.22238636288,5108.43497118439
4002.72282372376,5143.38649488859
4627.15474363541,4826.94741850847
4293.42072206462,5302.96995269378
4117.44724519816,1712.90877811464
3512.05747019196,4192.53472403893
3792.62148606126,5240.34128418447
4226.0537218865,5893.56554024698
3189.14912200062,4649.34821269445
4496.92461811436,5245.51322677093
4232.51262068221,4018.28833751754
6154.45996363633,5519.66931508875
3994.52043470785,5065.24284433042
4750.44632563001,6399.76598519736
8666.48552391304,2227.40648881855
3978.73982224107,6149.64921795222
3567.1536828795,7074.52921922783
4097.61970861374,4870.59411475827
4711.38672185909,5782.62988775626
2867.60931395094,872.253614489122
3634.70555392187,4969.02678315968
3451.92067809821,5713.86347526508
4511.07171980596,5522.05633298594
3164.69639755936,5208.17468516954
3670.07257002963,3965.83272065936
3700.2201859965,4472.03316560974
3002.51570235881,5081.21239577512
4826.2234549426,6194.20547584894
2208.51318806044,5575.87608088687
4023.94080364507,5867.70709588046
3299.92578071007,1053.1490827058
4187.73703889578,4441.62818157439
4735.19923939187,5156.91236583233
3591.33919458123,4956.9783684662
4071.33069769091,1920.96984199539
3515.28100909735,3982.59808568821
4578.31068865656,6111.57194822569
4504.99685599898,5224.94005019838
3952.18821002407,4788.01767259403
5236.53316234253,5319.96281384816
4194.33781975418,5733.01585819111
3749.96019142451,1590.49313410287
3360.66629309011,2498.20975784375
3996.39310658453,5336.84150408453
4030.57614043306,5292.39941710583
3725.87595592858,4433.61465169491
4016.87220458874,4838.88208513917
4271.40759238218,947.157876676002
4070.72255342374,3671.78509843512
4085.64617256136,5104.57049703693
3442.69247130187,6842.54194805429
4212.53474764517,8547.15307968049
2944.13663867433,3495.72043433039
2346.02214654686,2026.79042593104
4331.0850159008,7975.65321244956
3666.386005162,5021.42531455884
4492.02998792327,5130.03103461138
3285.79277269425,1105.03638210538
3858.71140289318,5943.5774766042
3967.86376679394,6492.91296294954
4430.5554113583,5725.17316183341
4172.91810443879,4208.39052742086
4192.31440324238,5449.02753955522
4147.46176764135,5700.67842565439
4357.89261272101,6690.17578368918
3720.52641696998,3701.96300920019
3388.49380996663,3979.92690906171
2925.11170003509,142.875003972744
4033.87844348651,4487.09357826277
4781.22507060331,3533.17272399455
3601.75025840299,1822.7644582919
3774.8569380377,6958.53537221343
7479.85568265027,7620.45480082154
4022.93437402745,4714.70472043401
4779.9632658065,4106.60503972683
4030.54689781291,988.076733695551
4051.42989998933,5918.96941521766
4637.05630916319,3673.3196401444
3549.91005174217,5761.48839372511
3319.48004422469,4976.52823532906
3522.5403855415,4864.91094017222
2367.57366413101,2477.29575993815
3714.79527961806,2689.73274139358
3589.37036776012,5585.87829901622
4856.23569863328,4159.79938471015
4355.11556709153,5236.42014743325
3859.7467050345,3648.14326129926
3857.3804217549,4800.80481541264
4337.7336877369,4447.48176682696
3864.69284639749,4709.07820845172
3416.08930385006,1225.00823990238
4510.91075299486,6458.24559797464
4215.93650858466,6680.96937914398
4334.55369467701,6221.42762840296
4511.02157853888,3426.27216774546
3754.39166359583,5657.08839200835
4422.07845862125,7043.32842160833
4832.62398596701,5483.01283900874
9164.48533551822,1827.70890475281
4687.82657601779,4806.65840066522
4742.64581219887,3861.48980440162
4524.73436612772,4428.10231063064
3233.31721343334,1192.27311200122
3453.84839390615,5040.29353875557
4059.83541353428,1304.4590417581
4316.3657191589,6878.80051734223
4319.78205415812,5358.83547430358
4355.01029563284,6329.35128293412
4032.5909310002,5788.48347300884
1290.05832158706,933.575025987059
3812.29561481472,5077.06376289835
3904.90084144753,6640.33468085374
3724.39025692449,1238.87514360682
4681.48338032877,5745.57550488418
4247.60757759163,6613.96458163237
3770.63144743391,3866.14966927797
3873.3895791182,5657.37255073765
4050.46573049404,1901.07873094422
4133.96656497127,5179.36090544723
4168.82145637901,5643.90376525292
3967.26766283151,4049.2616390115
3523.38318235914,5145.602679264
2849.33411868812,945.1118915395
4351.80466778368,7484.39943208944
4594.13977227208,4665.71567093122
4367.47304325889,2778.44713896732
4008.28795721586,4806.65840066522
3418.15473925781,4083.19027586126
3789.682494802,6011.88931969956
3365.1889061551,2560.3836455296
4041.86028142718,3999.70427205011
4046.69792373691,4151.10421216454
3216.81675845475,331.442731452139
4474.3210712842,6730.18550191706
4303.26300886562,2156.87824992016
4317.24751554761,5056.60433438858
4141.57307016299,5250.7984945649
4003.39520211207,5080.92823704582
3165.25884024751,3833.92640765928
4117.40890169362,3432.63719642525
5169.92874155284,2380.68179197532
3491.76072588282,1261.66471598239
4637.08524087097,5141.11322505417
4369.56403763986,5288.87576429143
3687.66211219787,5529.33071188504
2244.02136003649,2173.58695234524
3928.37683525159,4985.56465206298
4498.42238383919,4940.89506895874
4333.55454365518,3567.95383703222
3165.5307938542,6044.39674004755
3109.35576204274,4826.03785686155
4338.12865611047,5026.36976101975
3065.93760091761,4207.70846189948
3120.66854113365,5307.28899623707
3972.26384753466,5275.12239722214
3571.86574263846,5032.67833852342
4211.51684671737,5136.62334798909
4165.04567782224,5958.4674785907
4222.89576664231,7191.43178217865
4131.66583699129,1203.35530244401
7415.99714007257,7163.81172283255
3659.1527125647,1820.7184731554
4838.104939508,5138.0441416356
4264.24092688539,6557.41699450119
3862.29945151178,7128.74687392084
3761.16871775727,4414.29185810234
4060.02736469545,3359.21070763008
3585.45523200791,5220.166014404
3586.71095588436,3373.87321349104
4101.39119670851,5581.78632874321
2648.40096329516,3873.76529236538
5241.20686469182,3782.77783638485
4630.54918174495,5736.70992167204
4448.53530264152,6109.29867839127
4554.78633959727,6527.52366532067
3494.87175080327,3998.5676371329
8213.39766127409,2156.36680649294
1865.47823295066,4242.65998560368
3708.80647920929,2145.05733135223
3742.17870656516,4568.02173065495
3325.77356899531,4913.89998967501
3876.22626771198,6157.946906561
4599.84942138597,3458.09794542733
4047.54315052873,5143.89772688818
4448.61261464467,4376.6695806269
3733.00665741382,4877.64099753182
4365.85389144525,3418.94091481498
4186.22066025995,6645.96076998077
4718.32846575319,5345.25294075608
3927.0466631401,5968.75385544935
4081.57015694014,4076.88212121285
4050.27602696517,5057.91137997232
4310.85324977123,5227.83830009517
4038.81786330094,2491.78785513257
3998.03365949256,4882.1308745969
4068.38931362388,4557.67869119254
4286.66445477506,5550.01763652035
4331.00236287155,5884.58620897207
4610.19704242727,4922.87932094991
4336.1621302238,6252.62842602246
3272.63128264421,3440.59364084572
3854.77696386443,3007.47907478507
8443.04689911508,3183.88477165049
4729.66780496572,6256.890806962
4791.01428605414,6948.70356475062
3631.15758229758,2854.99937378482
4536.77222056889,2265.59750660784
3399.29576337465,1781.33415784513
4716.17696387348,5332.12455374916
3439.90307122982,788.199451790085
1812.11243121879,4818.990974088
3460.16581636836,2529.63762873355
3790.38830879346,445.163044347586
3998.05814108536,3142.51134523511
4282.50715126009,3078.85978987137
3960.15771100382,1490.41249307084
7616.82152137885,1103.72933652164
4286.10433926859,5410.43861497385
4260.14329906108,6244.671981602
2906.21944812822,2083.62217179152
3699.61261824494,5088.99842952906
4290.30757710573,5807.2379491428
4297.01876074499,2798.50866068502
4612.19196770013,1690.91480789558
3880.61215901159,8268.05254490175
3768.44475114215,1168.91532788085
3369.54869435034,6261.72150536014
4324.11226933901,6011.71848617777
4620.20285557158,6138.28286878012
4047.9641954209,4166.50544615063
3380.04200995684,5196.35376660161
3530.44682742496,2490.53747215259
4057.85257347259,3535.78681516203
3791.21251884454,7837.15458607177
4873.35383620105,5596.44925745942
3899.90768566725,3749.64459026398
3717.90096109673,5654.70179696641
4222.77506002414,6540.93578820165
2619.34435036995,1078.26869323338
4151.58436210752,3627.22926339365
3678.39381380745,4530.96777063812
4122.0279219061,6937.45096364129
4124.67218416739,4006.92198834544
3336.0373983323,4011.01395861845
3818.52898571381,5433.39880944359
4209.35323180401,6041.44182754701
3633.21810174127,5967.56055792838
4048.03515010315,2791.97300991107
3760.05320485979,4085.69104182123
3791.04948946598,7864.31965316677
4349.54494904932,5664.59026703299
3373.50154023983,2399.89083750512
3678.49125631291,4658.61170269866
4633.74666938374,6160.56099772848
3973.30510863062,1162.37967710689
1679.12392912789,881.005661066111
5000.95161332804,4276.47487439067
4335.54982362972,6755.58937688775
4297.58679778,5295.07017087707
4284.55641732999,4143.82983326545
4650.07569922855,6127.76899579593
4179.88354951796,5467.21369823058
3535.05724549259,4585.3554131424
3659.89313652396,2592.09588657632
4285.18232482305,4669.06849022384
3405.47684766783,4879.80094215872
3654.41833034097,8105.05875948968
5393.6774673877,4786.48313088475
4613.14744108218,5039.21398929737
4682.66389352537,6424.14655045835
4059.10667924061,7856.70403007937
3394.73810074803,3924.23179811844
4753.17497697719,6492.1742348244
4328.79645697995,5089.33925086212
4379.56899823753,6360.04042569878
4569.0361203866,2859.26175472436
3688.68472355499,4039.88440094452
3522.84057903553,13.639618180627
4572.09148975374,4464.30379445957
4545.85585987202,6058.54801390891
3989.51387563657,5406.97204761846
2847.3982447925,1238.25005783064
7325.15863315383,65.867988331788
4544.59056672653,4958.73998344578
4581.41784706569,6601.00702814723
8338.13930227689,2790.26805753525
7530.47947875617,536.946313912267
3346.06171564041,6860.95517999993
3647.97286159862,4292.55859675339
3996.55195862186,5118.66468543928
7885.59845163568,3074.25637617114
3288.80910561516,4932.48363228718
3627.11746098016,2999.69304103114
4850.90774491801,7051.51236215434
8079.8013597112,7413.30308716008
3521.97215453638,4448.05008428557
4287.28008483943,6357.9946519899
4808.6395160933,7322.54312730508
5453.40582496043,6864.42217021057
4058.36715342033,5312.8588456156
4224.80736944233,5277.22525639003
3041.24063154564,1571.4544992396
4517.73180540072,2626.76325155122
6415.63121311307,3499.64199393686
4135.60803922329,3943.78208783655
3564.04129243595,5221.18890125844
1311.493532908,2391.99126711603
4463.83628237706,6185.16905911502
4450.28092711635,5485.00195011386
3986.58240010591,5792.23462194878
4128.54975500083,1914.71834995074
4920.94411798639,5226.47459190767
4146.80934256894,4304.54992598785
3509.80898359303,5182.65706213608
4415.11533814026,5465.56540845852
3929.30225747484,4595.13055800145
4187.38709322465,5496.48204734873
4921.49119538155,6781.39073579525
3206.51729111919,3753.22532853739
4040.76697585243,4927.93709261834
3255.84964926886,961.820382536957
4512.07197143422,6192.67093413965
3879.99382341387,6382.0910585216
3283.14652571802,3828.01573694769
1278.99585577725,731.708685833383
4050.77438410456,5855.82909185351
4348.16132546391,7051.34152863255
4970.44093787251,4888.21195597502
3643.40022145379,6096.28446230237
2392.80943402242,6062.2987399936
3842.41518107955,5870.15077638141
4175.65361399776,1589.58388959739
3983.03221073619,5412.42772607897
3898.69817064067,6110.43531330848
2928.3504452496,4841.09826951458
4007.21123518915,6345.54833050435
4516.51697589193,5645.83579089903
4869.03670310889,4627.46799053817
3542.87761709303,2052.98990305825
8768.20040723757,218.120232849179
4205.79517334125,6496.26620509741
4952.1429808203,6652.66683142126
3590.40131148021,2609.315821001
4487.7413697347,3766.75119948114
4131.54443364605,5705.22496532323
2459.67455056727,2.27326983441936
2289.79173419285,2989.86123356832
8041.38614008024,1696.48434013267
4498.77109673865,4935.15480891368
4434.05326231204,1266.49541438054
8056.71934852548,2323.96358274998
3693.57514748291,2814.59217162012
3876.1486540961,682.094603411324
3630.64763025741,1574.4098345954
3950.05507433022,5648.45030492176
4830.98038018022,6389.30877481693
3000.88246648888,3218.66588468816
4475.81904935156,7411.93895611732
2681.58106146038,875.890803938668
4201.15656174285,4166.56253160964
4854.90122946088,5214.48283981795
4785.50720720477,6565.43010152542
4573.47254880547,3812.6145029616
4328.79938265042,4303.52703913341
1780.62128422156,672.092173854354
4515.61299890286,5487.33230540729
3954.12587856711,4927.82376741082
4330.74511912558,6221.54137646573
2926.32614331475,2520.48788679211
3178.11553350673,2227.06545605786
3037.11840185952,3562.78189444576
3600.53083722438,4906.22770398384
4707.09449853302,4772.16144635686
3942.75754501017,5434.02378950595
3971.73142245867,3610.06599157273
7297.94059783113,2376.53294767093
8307.83623542904,3255.37902337193
4023.23255124118,1535.82101572784
4100.92679574776,3656.27011638626
3290.69359142739,3374.95297437686
1997.95021895321,675.615773811848
4687.95995784056,4732.03840292146
4155.25762693856,6835.77880115479
8561.29161405385,2658.13424840963
4496.57863678764,3210.25465944423
4447.47903920475,4342.96801704743
4497.38601187734,6209.94795402334
4226.48891147825,6647.60905975283
4589.69761562176,7508.26876535084
4034.56463906455,4674.29709541405
8988.97605246896,2500.82406043886
3902.36466283635,2990.82724639138
3831.1116472916,6292.4106481248
3960.84918659588,6033.03039087545
3651.19129319984,4587.5153577693
3649.22072927444,3495.89105642455
4394.92409684704,6607.65642698396
4912.14220696529,7507.53046008096
3672.22867729542,6285.19293182947
3864.67796222897,5852.24877643535
4298.96492311635,5339.05811131519
3883.48066932741,6705.29328180122
3900.20451589069,5723.92277885343
3890.69199618595,4428.10231063064
2464.9096782986,1779.57233143793
4412.13751106931,5165.66462383695
3622.94176257871,4341.77471952646
4187.01358802968,3476.22723007129
4368.78332197624,5268.58674644819
4695.51750550074,6491.09426251095
4681.37299908374,5531.43357105292
3111.26436262633,298.480318853058
4236.11928211687,4421.56665985668
4008.61221666541,5689.5962352116
3516.2226250158,3824.43542152953
4662.3156410007,3185.64659805769
3407.73544408637,6287.01163226806
4330.54569993485,4046.02214492641
3711.02855554983,4011.01395861845
1304.94884758499,4741.18814486289
3601.25896394089,452.039675025323
3479.78439305688,4719.59208143591
2276.06164691167,186.805938237207
4136.00627822353,4529.03532213676
3853.57783713341,5645.04040017013
3183.79767798836,2978.55175842761
4266.42980651079,2761.96593266778
3777.42598043355,3361.37022940173
4914.63716905546,6383.85309635642
4259.35682856193,2919.90131212854
4121.28217982742,5698.51890388275
4056.13648417372,4908.72804708855
4751.35837092351,6258.99366612989
4456.89344298381,7049.86407238228
4028.26265864458,3393.99160924012
4614.15125152942,5541.94744403711
4319.17927234874,5484.54738071802
4555.01949071761,3944.86163729474
3088.33595154,867.593379614418
2783.25813108525,2356.69871065115
4385.4503186952,7127.4960680856
4799.1975525057,3143.64798015232
3362.12462585889,413.394087840194
4482.83961611463,5725.22982443717
4271.98818623223,5281.99886932916
4319.50216205521,6523.94292704726
4000.14035625578,6374.19169956014
1447.93503765896,1382.94361936314
3931.64604262006,3965.71897259659
7603.39692674263,5204.65103235514
4540.84632286315,4352.00443378135
3758.17108961141,6369.9293186206
7913.75096302424,3438.83202586615
4155.5523061415,1154.36635865504
4340.06746086106,6899.08953518547
4234.01796870536,6339.52433458525
3446.47968541022,3452.64205553919
4024.55900785855,5756.77144338974
3843.07848855174,4327.68053112412
3460.44587872519,5820.08217742042
3615.83698224295,4638.60684358472
2861.03297275165,385.830717526312
2249.12100440413,4766.59201983358
2975.48815637146,1112.36774074967
9047.39495948876,7517.81683693961
3883.94552381426,4530.39945317951
4154.36395121065,4743.29100403078
1905.29315080101,1405.16487428012
4202.62948844209,5392.5366150278
4369.52170561984,5577.97894005476
4849.73953192402,5180.0429709686
4511.14199100198,4642.24424446189
3967.55273285922,6534.57054809422
4762.22328876224,5172.65484400674
5046.10484519219,8204.51431474553
4257.7500168302,6187.84023574151
4333.16428910028,6661.36242682211
4186.09049560616,325.98686799246
9239.2107553915,3287.2048010538
3668.15514478871,869.298331990233
4085.62308729237,5301.26500031796
3916.47061936235,4323.70230891388
4530.85692466512,6455.40401068162
4825.46770949386,4879.00512857457
4036.27202713813,4520.62430832046
3438.34955428045,6642.32379195885
3838.87540976922,5262.50566507006
3841.23640058815,5059.04801488953
4004.63501985036,5423.05534712593
4294.74762517531,4174.12106923804
2745.2388615415,2534.52520116308
4118.77264996302,5747.56461598929
4880.70603763612,5281.60138539234
4607.68305976534,6733.53874406493
3422.42283138094,5145.94392345231
3936.03383380627,5721.19493962318
4177.01685647052,5416.74719247752
4055.18906099935,6373.45254857975
3893.86880519223,5168.96078052581
2040.53936479642,3798.2357329747
4483.10419032619,3949.06735563052
3949.77452842548,3243.44435674123
4284.4585228085,6780.76575573289
5079.34825929999,5222.55303230119
3514.82242013055,1501.26729310191
4005.77117647432,4621.21649849351
4213.05248340317,5047.11334825883
3814.79476767995,4667.42062330704
2708.54894806294,3061.58276998768
4222.01748652219,4807.68128751966
3996.87490882512,6982.97302293344
3949.5086099246,6537.69629411655
3431.01475019905,5712.04477482649
3104.76804831814,4017.03795453756
4204.14585320826,6609.70220069283
2981.80264562828,2224.16720616108
4919.32940056018,5192.54595505791
3800.61356984491,2418.64531363908
7966.12257076462,1333.95467557417
8738.16404257384,7220.75679390055
4117.55762877312,6172.95023375501
3517.87578178251,3545.50529741733
4751.09542048127,3699.00767384439
4377.39846234872,2277.87320599923
3476.13158434586,5394.4124009254
7004.8604891761,766.66020953758
3768.9853590497,6459.78013968393
5479.12722028373,4855.36329143871
4065.84720225857,5081.83779869274
3999.70224953277,4934.13192205924
3787.79707820953,5063.70830262114
4279.99535843975,7069.24352857861
4554.19263877639,5465.84956718782
4435.60713141374,6181.58874369686
3835.04227436931,4717.83046645634
4162.7220949332,4587.74243103959
3586.64056053992,2096.18202991222
3499.01532526495,3279.13481999819
3862.11397440978,4199.07037481289
3888.8109320236,4930.55160664108
3952.5035015245,6447.22049299086
4387.06218000396,6120.43795429308
3840.58793677325,3309.14189724147
3410.2549385057,5186.63528434632
4830.86988341006,6699.61010721517
4410.27134729984,3000.26135848974
3217.63562037436,166.06235099813
4123.40168349904,3473.15835808035
1835.51747680854,2597.32428033891
3683.65158420913,2038.09990107175
4058.54881692774,5235.79474451564
4131.9993958598,6245.41070972713
3534.07783395227,2094.81811029709
8498.0716098926,2204.10547301575
3808.99133883223,3999.42011332081
4860.41728012334,1547.18736489994
3910.8286259492,86.4979134005662
3887.1826281306,5205.33309787652
4446.88780427957,2027.07458466034
3569.04381280253,1660.22566513092
3820.37126720574,4844.33776359967
4711.64714037785,4604.10988927636
3878.43705076114,4521.02221511253
4281.61048807908,3579.37684880807
4398.49253462995,3816.47897710906
4003.44912034675,6005.58074219589
4030.71085818608,6480.86454825607
4066.34299049481,2297.25266219556
3290.85694133409,5713.29515780647
2877.74756916121,4071.71017862639
3786.88425289014,6444.20807217605
4051.29658318109,5384.01185314873
3733.63018176349,6374.58918349696
3937.32708559345,3801.36147899702
3216.25136792142,5430.10265275473
4597.26126936808,5843.21235970144
3426.79521531482,1199.66123896308
2335.42517705345,1258.82312868937
3793.01681404995,6050.25074815538
3557.03680033817,3561.07694206995
4225.34806448781,7951.49972045886
4572.00564459792,5834.51718715583
3845.96844899103,5082.63318942163
2624.79696980675,1582.99136479205
4805.11877858632,7036.73610823061
3910.33355841134,5611.22551138314
3937.97142179662,5317.91661728404
3741.39464961005,1271.8375562059
3667.82784182411,2761.68177393848
3419.1556549106,1066.56131130059
4763.20127613439,5156.79861776956
3458.24446893416,2661.82831189056
8355.20236995634,3494.01548195458
4436.54202601756,5024.77855670671
3448.11010087743,1932.9045086261
4211.89222984968,4689.41459352609
4798.54075543324,4862.46725967127
2777.17943866606,1098.44396301385
8493.90563449923,521.885901259239
1916.03916765388,2208.82263477874
3343.44269635597,5540.29915426506
3933.21849965773,6396.07192171643
3920.32162174088,5094.45410798956
2932.26290808755,3792.78005451419
3722.80900128343,4611.21385750892
5067.40056835849,5059.04801488953
5567.30570779683,4836.60881530475
3246.97428140905,5169.81325671371
3876.88238656156,5631.91201316321
3870.80547658311,5322.00858755704
4050.6244792117,6395.21944552852
3122.30539877065,2579.64956509078
4435.05629575105,5617.53366603156
4330.30576339582,5617.41991796879
3827.2916323524,8041.35054152218
3754.88078735583,4552.62049666886
4142.40166170452,2789.52932941012
4370.758464719,5549.33557099898
4241.97193811604,7987.2470577472
1860.23826110242,942.270304246475
4973.58019535749,4324.66853316456
8426.44793712737,2255.82236174879
4032.72611135429,3699.63265390676
8285.44333693552,5953.86385346285
3579.53301960771,5656.29300127946
4220.90460224154,6343.615882003
4985.51593201326,5484.6611287808
4212.69837398766,2176.3147915755
4511.99680222541,6004.55785534145
3886.35801125057,4180.08840255339
4281.9982105,5412.54147414174
3396.03122900276,3966.74185945103
8257.81166725264,3268.39345088845
3836.01697882986,6789.46092827849
4657.62254119935,5979.66563522561
4285.79711258378,4513.00868523305
1822.84108424022,258.357116846938
2588.68568081597,333.090836225021
4157.8443150969,5876.51601648883
4703.97061569602,5945.73699837585
4530.38022805162,3737.93741975882
4113.47350821079,5452.03953751478
3869.725015408,5665.84065001297
2606.28854022303,2508.78050485933
5127.63479779444,6122.25623187641
3977.84616454895,3343.35469282053
3890.40090681786,6134.47505723642
4580.56272648816,7136.07749256843
3622.70262939571,2647.73412348821
2842.72537481166,1490.75342011772
4020.58002946515,3373.93008752242
3950.26937973402,6439.43445923692
7525.76010742912,376.623969411223
3528.46121700339,1974.84625250008
5144.66038414791,6692.79029771191
6257.97211113026,2970.87947273645
4249.50222636478,5877.76639946881
4245.49441650156,4818.76347796246
4494.91665297771,4467.37287787813
4600.99113128136,4286.87542216734
3527.12505838745,5627.02465216131
4318.25564933752,3316.53002420334
4188.63679652834,5327.74842474685
4138.1380945619,5525.52290034133
3041.94016738565,3408.54057846593
3111.56494227361,3769.81986004445
3052.0064424295,1255.46999225531
4082.439748773,2332.94312545252
3759.81482448606,4117.40307144033
3491.92278187935,3946.62367512957
4127.25053385142,4491.5830324726
4152.6724924069,714.034023442154
4354.51492092506,7331.35204791346
4048.5063525244,4508.06423877214
3763.96175117486,4919.75357492759
4175.9823455758,5879.52801444839
3688.00374750548,6061.38960120193
4622.56021765076,6700.46258340308
2248.61465724434,2137.72607842175
4194.66383034302,6183.52119219822
3965.1542050987,4373.20259041626
3930.38522770042,5343.32049225472
3968.01835126327,5085.92934611049
3838.19688441376,5588.15156885064
4308.59025751415,4746.6438233234
3839.02695183345,5326.72553789241
3618.53727720071,1818.27479265445
8525.7833080837,2210.01593229971
2974.52502612503,1699.83747656673
1963.22222848989,5129.23522102723
3941.29895848179,5278.87312330683
4312.44237793518,7080.26905641764
3766.1888262269,3590.40237664711
4072.04895381931,5144.40938174303
3485.89325592499,6590.32274449651
4601.22802592164,5743.47264571629
1604.77953931091,390.604568321521
3793.16299196158,5274.49741715978
4813.1874355675,7154.60531828735
8747.67422945186,2464.11071032746
3425.84625200707,2853.23775880525
3544.48485516825,3052.71718677554
4609.65417985102,5375.31668060312
4437.68455729401,5228.06579622071
3816.66062611402,3695.42735842623
3948.55121357092,5675.67245747578
4104.86294852669,5480.62582111155
3621.55306049712,4309.15312826045
4121.10970447556,3111.0263888863
3496.00333060737,6826.79946987988
3934.7083068091,5351.16318861242
3942.52109217238,6173.68896188015
2455.14817340851,4535.91179424378
3543.52956890468,4627.46799053817
3360.30725417003,846.167832567779
3911.77152396352,4274.03119388972
3860.46210649473,3834.83554645095
3895.89083734581,4822.11672011033
10000,6451.70994720069
2794.56687967155,3077.72315495416
9119.89571484889,1441.08251652118
4325.27300138864,1971.32259968568
4615.10476424162,6909.83048143995
4341.36155961752,6666.36353588679
4307.88230717475,5151.68376064212
4189.69063140492,6027.51804981119
4402.17726148606,4439.46865980274
3857.44994498993,6015.46963511772
4799.865906156,7055.31975084279
4067.59033099953,5737.50531240094
4870.82296660189,5112.92442539422
4028.77540672193,6330.77207658063
4431.859195299,2619.03409182867
3574.87884946188,5935.4506215172
3924.32828605882,5532.1156365743
3175.55131251386,5127.70067931794
3471.07330703717,1482.45604865037
4473.63677160272,4655.99718867593
3082.08078199103,2869.3779323441
3948.43616324429,4685.15221258656
3119.65421161322,2724.85467576431
4581.60907170196,5767.17156831116
4519.31359394965,4566.60093700844
4149.55983785934,5638.6180746037
4058.09528171062,5442.03731938543
4571.99026999017,6809.8066087255
3627.77184101522,4281.93097570643
7054.74991432592,768.081003184092
3775.72348194656,4630.08208170565
3483.52974836405,4080.23494050547
1995.53227004947,1948.47636470634
4082.32454140085,4982.43890604065
3101.99110838255,1614.47621542704
2384.92638742767,3435.30837305175
6366.08868157343,3884.96123087095
3981.57416303954,3409.563676748
3600.29515693816,4891.16729133081
3001.6838107525,912.092604909033
3940.15606228031,6690.85784921055
3295.4531886309,5251.5938852938
3896.29088127362,4591.94814937536
3120.36765636695,4218.96148586406
3689.09835911678,4079.72370850587
3915.55101985552,3511.06500571272
3570.30080184797,2480.591916627
4206.94485003398,5673.3425250376
4064.13609645486,3086.19104280184
3243.61847579359,4213.05081515247
4444.33173855244,4788.9268113857
4246.10473886582,3346.13940608217
3796.66369336926,3995.27148044404
7819.82664244848,6891.64432276459
3364.00739817838,3111.65158037629
4691.46730750318,6181.87290242616
4681.01302805635,6139.76074788564
3268.08953658272,1308.49403228591
2766.45017682138,940.963152948922
3912.22961848926,5404.1871229292
3904.98093148746,5711.59020543066
8788.38005056256,5296.77512325288
3034.36905234384,4721.92201387409
4528.82348796212,5175.21227257046
4451.19160935098,3752.37285234949
3599.23086363547,5597.24464818831
3078.23163502551,1395.56024580141
4367.67087846456,4747.89420630338
3774.33401809537,3097.61426600533
5072.76663726783,6273.144517136
3411.02794977643,2696.72296156337
4672.36271467239,2328.85115517951
4085.15851412607,5348.03744259009
4215.20317519652,3902.863230817
3928.13935646578,4998.80636427742
4087.63008785968,6271.26915409365
8172.25966157321,3616.88580107599
3597.58587041955,3466.3385485771
3982.50624328136,4900.99909879363
4973.99800503935,5698.80306261205
4955.3492128156,1195.79665910181
3415.27700195778,4447.02719743113
4512.21606248351,5495.28874982776
4404.15247988742,5778.19709615019
4021.80873882554,6437.33160006904
4708.32403868099,5388.89963700588
4066.45586158641,2498.32350590652
4328.28657874451,6708.41902782354
3886.61574868665,4118.48262089852
4351.54304380661,6897.21417214312
4206.49731658095,6069.80061501824
4802.73037785331,7601.5294911658
3093.29447841424,199.422591103925
4301.05612139988,6293.09271364618
4039.96580538024,3263.44921585517
4285.00677863475,6421.98702868671
4524.34424750995,6064.85616855732
3957.80746977513,6206.14014247964
3757.87823310354,2823.79878759294
3585.61419194244,773.82099894462
7275.12943971157,2082.826569635
3271.18637882721,91.8400948686066
4187.72245238843,4704.75916490843
3793.96861307518,699.371411867386
4443.1865463971,7965.65099432022
3849.48164525029,5744.43886996697
2891.91392835502,7153.63867118142
2094.5935429549,3559.76989648621
3917.33048077243,5611.56633271621
3872.27645656032,6350.60652502804
3836.34026855067,4346.3212591953
4194.53762971763,6862.71721783476
4207.4851959041,5270.97376434538
3919.888451109,1040.24819182442
4259.32671830034,2021.50515813706
3861.3204369548,6525.98912361139
4342.74769040107,5112.12903466532
4352.58910033891,4390.02504090412
3192.38693043161,4585.3554131424
3151.82780350003,342.809080624235
3953.70365091368,5712.3860190148
2935.03325211565,3681.33317002388
5416.37220069271,6411.07524891044
3540.17371926803,5995.57852406655
4342.75153835464,6970.07213205206
3501.60908471581,4447.08386003489
3704.18602585592,4188.2723430994
3829.47455204609,6459.32557028809
4274.39402899349,4884.51789249409
4763.2383188109,6495.24331824297
7850.88343583473,3235.431249717
3748.70197223128,4864.79719210945
1594.78455378969,5090.76004450863
4834.25488725954,5992.33902998145
4602.24387936385,6337.02356862528
3640.54712579307,3293.17213436915
4591.73635331514,5035.8607471495
5070.71415392719,8517.25975049998
3591.94058755739,4608.42935567491
4420.87896629655,2507.4165852442
4430.99875333912,3038.45237627904
4045.50429830268,5151.79750870489
4447.69526353688,5573.94363238552
4084.24852281401,4753.00906343083
2889.35492081204,1087.98685834723
3221.69424897743,4222.82596001152
4410.9186210118,6002.1141748405
4139.384729265,6612.2029666528
3750.69884522393,5435.72874188177
3646.60783440929,4975.84659266293
2662.89877298011,3352.22027603267
4465.02914305061,5064.39036814252
3788.60562599937,6430.90969735785
3828.09042729635,4916.40033277972
4682.6265962151,3642.40342410945
3935.57707329967,3741.34732451045
4182.73219858438,5271.71249247051
2641.02392175963,376.112473127098
2711.97168929793,5069.84604660302
4133.86667602288,3908.94431219512
3814.67721706002,5573.43240038592
9378.19735741076,3576.42151345228
8135.91251357076,5271.03042694914
4291.49776702352,1626.69504078705
3512.51721144429,5646.85867775347
4357.14220554343,3306.52759464637
3814.37065608748,5935.90519091304
3959.81817219743,6120.04004750101
3964.45903372777,9456.91600569932
2626.45004217843,1521.44256288238
3805.99752584472,3297.03681994424
4223.44755261311,2622.21671188238
3484.12112712183,2874.49278947154
3775.61245066213,5489.77598590824
2766.91545191767,1621.40966727926
8007.00624205957,443.571734320729
3142.46384975068,3199.85453452281
4151.06468279889,4763.23877768571
5032.35384597635,4698.90515680059
2741.69905722176,534.616222903368
4132.94865493407,5650.95064802647
3860.79949243245,4319.32617991157
4466.1257215629,5886.29116134789
4270.23436912465,2818.39977173619
4302.36389765806,1137.8851523555
3792.76943342406,5449.36836088828
4037.51040528308,5617.87448736462
4220.20853712612,3737.59659842576
4633.70747521518,5256.31125848442
4631.0605254859,3602.90536073641
4394.71396619088,5426.80649606587
4431.23177655007,5853.21500068603
3975.09823114763,5572.8069974683
4541.37489865113,6339.2968384597
4337.78493603841,3176.09873789655
3787.4439384209,7048.95493359061
3338.36946136761,1802.19149314698
3902.1697321937,5574.05738044829
3106.22381204801,3710.43068562025
4239.96051997143,307.630219365215
4407.89556805181,5995.12395467071
4136.99091947126,4773.86639873267
3626.82815887312,3370.52018277079
4094.74738609407,2105.95717477127
3928.674026332,5872.31029815305
4171.48711562811,4336.48945173249
3601.09863709396,5823.15083798374
3937.59113345415,3213.60769016447
3828.1914783291,5797.63363780553
5026.48727906917,6430.73928669132
3961.44438954435,2884.21106029921
3766.11125281726,2888.13240847806
4166.87973004821,3332.3291649815
4565.34032140586,6015.29922445118
3091.87355126463,3488.4460554313
3823.24909077802,6518.37350052399
4941.71688924452,4788.6426526564
6206.06116004888,3324.99791205102
4081.23547919182,3604.83738638252
4248.60429323633,4906.39811465037
4251.0575750542,5416.00846435238
3676.68883771525,3125.46182147696
4002.18671089019,4379.11326112785
8745.82490086104,1306.16399413392
3708.72606215781,6040.70267656662
3624.96658043859,6027.3472162894
4262.77101030636,7021.27778878551
4194.92668148887,4338.4214773786
3094.56467317702,4317.73497559853
4134.63478737016,6241.03458072482
5471.53426993979,7016.6175010539
4177.04439986766,5945.79366097961
8983.48558976611,1768.20598226584
3940.22740680987,4096.77323226402
5047.70777476273,6999.96588408783
4290.25178460346,389.013284723118
3894.48069627273,379.920205385441
4058.5200339192,1825.7197936477
4377.301130319,4715.95468055874
3828.95960604392,3710.43068562025
4162.73151135655,5077.68874296072
4337.76248655406,6294.17226310438
4233.9745537926,4776.48048990015
4185.71790471697,4642.5284031912
3683.02894293384,2042.07812328198
4683.35211304767,7033.09870735344
4371.90468007791,1767.75141287
4040.93752411344,3043.90826616717
4041.85068321608,5562.29312448412
3846.81900432737,5758.13557443249
8081.89978878546,5714.82969951576
3874.26493361542,6082.58775783685
3774.78997255917,3445.82224603594
3539.18857553568,5853.95372881117
4452.92854269922,5919.65105788379
3705.09652516621,5639.4705507916
3540.59469861756,2928.7671067683
8612.27662019304,5302.23122456864
4111.81451006752,7323.67976222229
3247.15559610724,2029.46160255753
3714.77611962102,5330.98791883195
4572.50649186069,4523.80671694654
4048.70994030569,5922.9476374279
4696.43403763734,6164.93712673079
8242.41036239402,791.722998890672
2104.94856441378,2289.58037650439
3628.14966033521,4440.0936398651
3616.44874297355,5350.99277794589
3978.37244883018,4826.77658498668
3832.22637974601,4804.04388664249
2825.76887089154,4601.60954617165
4303.56091720527,5012.38932068017
4322.04751266469,5258.98201225566
4114.82992595961,6346.91246154711
4285.59708432226,3864.3880542984
3576.58478009576,6421.36204862434
3402.03098469574,4371.55472349946
4019.48578845391,5490.96928342921
2756.90455715034,5729.49220537671
4184.43510360735,4877.07268007321
4355.37453902266,6036.09947429402
3836.76970234804,6826.96988054641
3973.02627753337,6692.27864285707
2641.59517657209,5526.43246198825
4408.83372056083,5791.66630449018
4181.08751821822,6193.52341032756
3862.18211653109,4990.90700531596
3859.82484672044,4806.54465260245
4162.55006250631,808.090562841254
3704.6713088264,4051.19408751286
3909.46252323705,5712.78350295163
4093.52337546729,4481.18290755118
4759.36867797908,7408.86987269876
4786.32947418398,5096.27280842815
4320.75018360802,5041.03226688071
4376.89878560915,4426.45402085859
4413.53296909219,1370.72479400314
4356.27974202349,4673.27420855962
3917.34461422809,5489.60557524171
4286.63144195886,6150.72919026567
8604.18809622774,2564.81664856329
4171.98519491559,5777.68544129535
4477.71631553778,6171.81359883781
4915.59475745776,6609.92969681838
3825.7150166725,3824.5491695923
1642.37364973602,3118.81242264024
8995.08996176738,863.217356325924
8767.16171808278,5149.52423887047
4455.58312973888,5051.5461398649
4518.56139121615,6659.14581959145
4516.32191536274,5661.18036228136
4701.71990017912,5727.38934620882
3114.89537602797,4536.53719716139
4478.24322754782,6787.41515456962
3772.55059268806,1643.97184924311
2681.4452970162,5150.26296699561
4805.94633708148,4148.03512874597
4137.57299862368,6160.90181906154
4093.41489828495,4914.07040034154
3570.98627424386,884.699724547043
4986.08592895489,9053.46727269364
3959.67154161808,4958.45582471647
3296.35813350454,4377.86287814787
3951.79897842507,6647.04074229422
4508.57855531216,3195.76256424981
4087.88904738597,4193.21636670506
4395.62097091412,4014.87843276591
4042.5730884503,5283.70382170497
3786.78095835341,4099.72814476456
3495.98717943459,5511.37204933522
2757.52845366709,278.134559120695
4607.215194025,5605.25817806779
3795.89197915222,1098.21657260212
3750.54831205128,6604.87150229469
3812.01690594797,5769.0469313535
3648.65307505202,4963.17277505184
4384.04983956834,2323.45213932277
4112.4266349988,5058.19553870162
4165.47063211787,5580.47928315947
4781.06074612903,6201.76401347733
7869.55449919311,560.304150889545
4067.816172679,6210.40252341917
8177.85991266627,1462.73545397955
1324.05813583631,4092.68126199101
3931.96680682982,4386.61513615249
4037.00498624778,6840.38242628264
4317.4438540453,2793.9052469848
3268.36352388672,3278.39588044543
3894.82392144561,6414.82639785039
4087.8879117039,5057.68430670203
3022.38347342458,3488.33230736853
3697.69065056852,6128.28065065078
4069.41685931003,4492.60634218229
4196.1597273809,1827.42474602351
3702.65575413283,4174.06440663428
2872.6274174815,5881.34671488697
3800.1456060081,5129.86062394485
3246.91415333208,194.591892705784
4103.61428784154,3993.62361352724
3170.42226432475,6148.91048982708
4004.04748106754,2091.46507957685
4179.94959518872,6012.68471042845
4514.26204424708,4897.93001537506
3994.74563065624,6416.47426476719
3781.66802739795,61.8329383399618
3185.78553476494,340.478963186884
4300.2767095182,5561.55439635898
4487.14375996353,5428.79560717099
3920.58899448782,5806.6696316842
4102.86356801652,5821.21881233763
3419.93315461146,2693.59721554105
3937.28674111835,2279.91897970811
3981.04981384437,3920.93564142958
3965.66508130605,7008.94521536273
4090.1030313285,4974.42579901642
5036.37127038455,3789.5976458881
8715.85418261433,1289.79643018333
3997.7105024819,3768.45615185695
3586.37308231664,351.902159961913
4230.47855091319,2455.529074417
3918.99751713428,4758.8626486834
3687.97532925478,3123.2452142463
3317.11118713804,5254.60630610861
4079.09671570357,4638.26602225166
3698.10799423251,7612.61168160859
4559.73349866414,5575.42151149104
3934.6562177357,4888.83693603738
4558.24379111247,5797.51988974276
8345.2590474488,1494.44748359865
3436.66479701193,3124.60934528906
4388.8604601492,6467.50908797885
3179.28897661035,2599.54067614195
4401.05888713599,6212.16413839875
4186.02574101184,5543.36823768363
4314.6866277549,4293.41107294129
4216.26768723565,2888.64385190528
4161.92572465722,2789.0178859829
4536.87888828984,5668.34141597293
3977.36365404992,4214.98326365383
2753.68311328106,1523.37490566992
8251.48501654332,3537.88967432992
4569.22197670792,5966.48058561493
4825.65896541468,4826.49242625738
3914.71547186004,3275.21326039171
4079.07451508851,8420.92994126645
3096.40097133312,2497.41415568723
4451.3261365521,4692.76741281871
3943.0971307,3039.64588522763
4814.83696489099,3548.46020991787
4778.20853683047,5641.97131675156
4776.45652754766,5631.62785443391
3684.31418405355,5202.43442512448
2671.0487000109,2122.77920240387
3739.00601697125,744.779987381294
4120.74551319305,2175.86022217966
3749.76806053944,5405.43750590918
3825.92189159246,4411.96192566416
4690.48953714806,5779.61788979671
4073.75770831876,5379.92030573097
4574.54719125069,4961.97947753087
3872.31741530826,5644.75624144083
8366.19230443578,3926.78922668216
2118.62948926289,324.736590726292
4677.96035086822,7882.27831571659
3288.85876504361,5597.92671370969
4580.87728718261,6606.06479981566
4059.00776959653,5766.26242951949
4353.92154165878,5858.21610975071
2296.85708598055,5359.23338109566
3150.96607366792,6588.95861345376
4745.14345806486,5561.78189248452
3929.92198397798,5286.65915706077
8552.55048907878,2306.45948959601
4503.24840543174,6906.25016602179
3582.98797211998,1521.38579456481
3694.17865128267,5233.23731595191
4089.66067281557,5321.38360749467
4553.4200861713,5767.00115764463
3687.43843862543,5587.07201939244
3583.68601702609,4928.61915813972
4278.64203625766,1748.14446054814
3796.82459779145,1983.08685564985
2691.92835490337,2178.81534610783
4071.55739262038,4996.30602117271
3700.38978093425,5290.29655793794
4330.8526094278,6043.08969446381
4473.19806557948,6261.83525342291
4461.4026392237,8079.54198216673
3506.96995751206,14.037440732006
4169.11197587751,6121.68791441781
1635.35371458852,3482.87662890802
3753.33257430107,6780.70909312913
4371.19374819381,6944.72534254039
3202.57081390581,4453.96075499716
4627.91249252111,4540.11751257955
5708.96779452746,6767.35363285192
3764.71903175547,4134.11135101016
4184.76284416047,4002.94376613521
3656.97970144123,4897.24794985368
3968.70365484409,1773.32083939328
4802.51588059334,6477.62547702622
4239.63680243803,6436.36537581836
4105.35509412465,5082.7469374844
4408.25089041476,6654.48553185984
8053.3583238851,6302.07204492108
4744.47830159349,5529.10363861474
3894.10640200915,6070.59642860238
4390.14247225285,3955.26218507141
4173.13516214788,4392.9232908009
8868.70871767308,4021.24367287334
3549.26088610504,5892.99722278837
3874.53942788517,5152.99080622586
3366.45162373557,4818.7068153587
4077.23966765371,4254.82214835992
4090.81553341921,5080.07576085791
4506.25640402582,6178.69049380008
4086.82724503079,7093.34035796555
4941.46326730593,2951.89750047695
4457.69891289463,6530.02400842538
4287.25413093401,6507.40505814396
3534.95778967774,3863.76307423604
3723.47689603784,6460.74636393461
3956.89983015223,5247.21817914674
4050.72001855876,701.531039352847
6517.99472885334,3817.55852656726
4383.62747908315,4554.72335583675
4915.47173109855,2556.91686674658
3374.85800000746,2743.04083443967
3755.18938367998,5169.41534992164
4114.45649688687,4957.43293786204
5177.61963254379,2441.66217071257
4537.33587750984,6421.19121510256
4603.01207228849,6745.35966263286
4203.61026063384,6177.7242695494
3629.14571128572,4301.31043190275
4794.65269678049,4222.88262261528
3380.71975833329,5503.47226751851
3527.35947545347,6494.39084205506
7872.69114138364,778.822213723105
4279.70857467189,2873.12886985642
3699.51739046262,5058.877604223
2740.92858897772,5564.395983652
3314.69019163354,734.152472048146
3032.72694740541,6970.0154694483
3186.6170348523,3177.51953154307
3400.04248096819,5003.5804000718
3711.55798848937,5169.81325671371
2638.02011240028,849.748200842845
4202.11727223742,6096.11362878059
3793.06974130089,4952.65890206765
3810.76991555519,5342.69551219236
7563.19760955786,3857.39783412861
3836.97400064193,1956.20552442889
4881.83708883266,5225.22420892769
4717.37393731992,4997.78347742298
4396.02617336838,1047.18174939045
3418.69672259462,515.634409214586
5521.72640499035,6472.05562764769
3860.16251663241,6240.29585259969
2149.30055044259,5351.27693667519
4607.44389141328,3321.19031193494
3590.5423088859,399.129330200594
3660.23382846347,5674.08125316274
8286.05725676855,1453.47185826153
4042.52854601747,3745.09805059514
4943.54155761642,6339.80849331455
4506.78179494681,4845.01982912105
3999.83378383841,2112.09491875315
4458.10338582601,6540.53788140957
4251.85052776081,4272.95164443152
4347.38144572789,5509.26919016734
3969.91358378448,5192.7730283282
3039.43826057991,1527.69405492703
2978.18650026008,6310.76721746669
1935.35627570659,458.063829515153
4499.89945646595,4129.1673274045
4586.0671962413,6412.49604255695
4033.10534172041,2956.38737754202
4202.19653979618,2489.79874402745
3705.64706055161,5364.0640794938
4145.45617603156,2550.38121597263
4638.80928153081,4996.13518765092
4162.45382072616,5152.3658261635
3732.37860501404,3965.54856193006
1553.38764920045,818.831773380267
3947.86843793368,7814.53521293509
3392.58938527334,4154.05954752034
3983.54748496102,4320.12199349572
5216.13774793499,8407.40364746746
4091.81126544544,4738.11906144433
4775.17171733128,7085.09975481578
3417.4619205234,7984.46213305794
3515.41997114446,313.256572776784
3713.63307166424,3365.29157758058
3535.0887228938,5411.5185872873
4499.09807184588,4991.58864798209
5114.19611261494,1722.05862576989
4412.09439604738,3809.71583020956
4318.95574870639,5706.92991769905
4101.57171806596,5972.22042280474
4163.55784040755,6503.2564252672
2363.67108071331,1458.30255665967
4470.53163626896,4352.00443378135
2873.03994029351,1947.62388851844
4785.27666936518,5466.47497010544
3363.84227945486,5820.08217742042
3675.49459223583,393.275665662654
4153.42236285944,4984.14385841646
4041.95767589167,6924.94797955199
3212.1653001128,1508.71229409516
3827.1104268153,3538.28758112199
4495.22894673597,6825.32201362961
3613.28839298699,5427.09065479518
4452.48195221599,6433.6375365881
3635.33563197254,6864.93340221017
3945.30383334926,4671.68300424657
3449.14164683369,5988.07664904191
4706.83616973841,5608.09976536082
3425.31446625064,6911.30836054547
4510.44275378955,6688.86873810544
3227.44026812382,2688.53923244499
3400.79598688172,3122.33607545464
3850.11456342566,4999.48842979879
8098.85648728442,1024.05114425419
4082.53379189966,5284.84045662218
3454.10406196875,5725.62773122925
3335.84881000818,5668.73889990975
3137.86594054386,4237.77262460178
4070.88783142255,4011.58227607705
1308.85408054425,158.674224036268
3023.81068119879,6201.13903341497
4545.64819885358,5648.96153692135
3844.43025430943,3744.52973313654
4528.18284417042,4457.71148108185
7833.53384044824,119.232995051937
3543.97939956444,4092.68126199101
4495.62215264387,4629.11585745497
4115.1146760731,4908.95554321409
3986.7372443831,4152.46834320729
7408.819396132,950.169874635558
3315.25461159763,2527.59185502467
4207.44320423587,4258.28871571531
3915.80194632733,5781.94782223489
3615.67911512168,5683.57223929249
7815.56290045102,1046.89759066115
2609.00898565877,4479.98961003021
3852.73858301804,1746.89407756816
4308.41784746091,5078.59830460764
4133.05141189942,4147.01224189154
3720.68548222241,5040.52103488111
3958.34982950187,3622.17106886997
4025.45581878487,4364.96198726649
4964.53301537556,1551.16558711017
8022.23243615993,1516.95289724493
3185.23059268747,955.682638555075
4260.19769543464,4185.14659707707
4074.56337768523,3641.66427312906
4470.73843705734,6719.15997407802
4945.27546895126,6515.02068123137
3646.10309702419,4170.93866061195
4256.24447743597,5792.46169521908
3974.26278432828,5318.14411340958
8568.91703736603,1096.85265298699
4343.28883288593,5553.65461454227
4184.72330379196,5210.27754433743
4006.29859863407,5249.20729025186
4573.55339243553,2566.2374422098
5261.30714977888,6377.82867758206
4126.28533499889,2523.44301072028
5066.20105925095,6726.49143843613
4479.07550424844,6205.6855730838
3495.43698775496,4724.36611723029
4220.34520177479,5509.04169404179
3785.66125467462,2016.67445973892
4450.58991063257,6171.69985077503
3547.91428191236,3870.52579828028
2610.06158530792,1483.8199682655
3893.78384839549,4386.61513615249
3695.61861672185,5556.4962018353
3799.68481809894,5586.95827132967
2728.97792325621,1666.420388858
4342.12105677003,6697.10934125521
4454.04553784604,6555.37122079231
3239.1352602316,3022.76677213602
3813.88479069911,2659.55504205614
4818.97925645723,1233.47612775007
3731.27036933031,6619.87525234396
3564.95157468267,4970.61798747272
4155.98386894488,4383.60271533768
4806.24528859333,3967.08310363934
4029.31344327933,5497.27786093287
3875.45347819827,4400.59557649207
4613.18002813368,4074.55176591942
3259.02908987773,2573.73910580681
4239.76586468626,6345.09376110852
4043.35990369404,6146.5805573889
4631.28233827777,5010.85477897089
2690.80769450621,1275.19069263995
3974.86903621937,6521.49924654631
4243.01866803563,4313.69966792929
1692.3577653309,1696.65485651301
4118.84923662682,1964.33237951589
3199.72874429727,3180.07696010679
3506.92490297762,3419.05445145012
8285.46881669602,2811.63683626432
4075.08527717666,6697.05267865145
4262.8377415365,5751.6565862623
4397.13865580213,4636.84522860515
3769.05677909709,3105.74112109233
2003.60786174535,1223.98524733413
4724.88338835587,4361.43833445209
3884.8355109303,4362.80246549484
4854.11455824943,6648.12029175242
1867.09442549306,2698.54166200196
3279.53244718672,5814.7964867712
4425.21443360045,6578.21724434402
3606.57963243267,52.1147071549734
8999.00919254183,1618.22704722555
3703.91975783868,5470.0552855236
4328.52478451859,6442.21896107094
4152.52576427604,4801.25938480848
4257.76416847583,5853.5558220191
1960.12969997983,2383.52337926835
3835.32106567925,5549.79014039481
4335.84034329514,5457.04064657945
3882.81666685398,5254.89046483791
3790.75049651114,3174.50753358351
3487.85671201836,3635.41278108441
4933.67531338941,6096.05696617683
3494.56540333976,1436.70649323269
4096.54235752666,6289.45531276901
8083.42466854765,1873.62887083704
4239.98022828411,6043.20344252658
1831.74414257308,35.9744939734415
2340.85263687341,3131.42915479231
8713.94835301215,615.089964470432
4647.3037609917,5297.4005261705
4253.0635749075,5163.78883793935
3921.04415561585,2822.15070924851
3918.98307034659,4441.28693738607
2336.16182985047,1241.20528747262
4532.75263608902,5353.94811330168
4826.45831682033,4580.12723080743
4285.85490763751,6736.94864881656
4291.08954221357,2681.15110548313
4931.24966625525,4618.65906992979
3915.82715534025,5154.58243339416
4380.51616310721,2008.14969785985
4417.6269826031,4873.03779525922
3459.74235901948,3172.8025812077
3635.31951703526,4788.07433519779
3541.64267445727,5301.60582165103
4210.019600346,6346.3441440885
2773.86506305931,2600.50690039262
3557.81432064646,1588.67453937809
4499.84954899621,2087.94142676244
3942.65947603601,6480.40997886023
4533.04111514501,6916.02531088084
4546.5428414863,4016.46963707895
2417.52086170559,1054.56987635232
4159.72270483596,7523.66999933693
4083.40124261195,3915.65037363561
3424.11273016705,4717.37547420525
4642.96158978314,5968.12887538698
4433.85036673004,5147.59179036912
4941.88463699753,6703.98623621748
4163.23591823819,5666.40896747157
4060.63400952207,5799.84982218094
3786.56405580316,6692.67654964914
3788.04377500323,3905.53440744349
4546.76359690245,7116.64137376835
7804.37293172599,2331.40858374323
4371.21782856461,4401.16389395067
4328.97477554978,5056.49058632581
4340.66142156663,5316.60957170029
4533.89209406551,273.474350674445
8285.56654249218,2191.54561489506
4637.54766398404,7915.58239535923
4385.67872319653,6084.46312087919
7225.59479302758,5924.53884174094
3282.90872759504,147.648867982179
4288.14797099056,5655.89509448738
3185.91487866085,6634.93566499699
4129.69230537927,4511.36081831625
1190.48088022284,2657.50905691964
3373.11058169324,5088.08929073739
2696.47655281613,2732.07239205964
3492.75386860766,15.5718982005947
3652.89411382273,3775.84427881882
4491.89879500171,5092.46499688445
3760.56752984409,4735.50497027685
4410.47990791861,1723.4794194164
4962.7065435999,4475.72722909067
3865.38406308824,7120.1646037275
8567.86761282776,4448.61840174417
3940.12482725751,6363.56407851318
3417.02726554552,3095.0568374416
3524.03752475663,6711.48768838686
4590.73960194152,6035.70156750195
4829.60910039295,4841.72367243219
3621.48293427464,5712.04477482649
4189.98895153519,4633.54907191629
4030.78672027569,6693.69943650358
3292.07397091282,4407.8132927874
3622.70178479553,5917.71903223768
3785.41165245768,1192.21634368365
3069.33925408092,2468.82766066283
4422.99951270862,7764.80743530717
7135.73527662082,1073.8357959135
4264.69618009667,2936.43939245947
4698.68448289426,7015.99252099153
4355.07273792685,5071.89224316715
3383.66399839668,5862.30808002371
4430.45241495513,7394.09361877503
3900.9088411883,1820.37765182234
4535.6433506055,4537.6738320786
1651.70709155748,4077.73459740076
3619.00237465437,5635.09484464455
3644.64505604297,1740.75633358627
3944.91821242045,3429.79560913223
4407.76022712959,6574.46651825933
3916.97358004487,6282.12427126616
7025.86478136399,3244.92202441913
3958.33348751925,2879.66452063037
4117.1850505441,6448.69794924113
3964.10870091823,5640.09595370922
4185.6766579932,4330.01046356229
3987.02530243029,6242.34204916382
3216.88920007022,4199.86576554179
3942.4432260557,4606.89481396562
3185.69604400476,2396.19677402418
4000.3857255684,5460.45055133108
3701.91244694317,4205.83309885714
5490.6046199137,5022.39153880952
3905.2432620886,649.132190812243
4477.5863606361,5440.55944027991
4329.63504093452,5944.6570260624
4373.4171066153,6323.61144574431
4325.16810529514,5549.05141226967
3443.31813419149,2950.07901146599
3704.00732926516,5856.62490543766
4193.87904660745,5892.42890532977
2134.38358069479,3637.0044082527
4176.08660015955,2963.66175644112
4467.31649058331,3898.14628048163
4267.39973471097,5769.67233427112
4156.98761428387,6143.8522953034
3928.75479170813,5972.44791893028
4378.75627723496,6836.34711861339
3196.5576924596,5061.26462212019
4856.67123029851,7496.22077351262
4031.44449357265,4303.01538427856
4415.65090315923,6587.08325041141
4038.62816902325,5159.46979439606
4046.78076106691,5360.99499607523
4583.92784328153,5662.60115592787
8074.07429082535,3640.30056494156
4184.9733296169,4319.15576924504
4581.13821375251,5324.05436126592
3364.58030082016,4409.12033837114
4769.71297327455,4176.84890846829
3893.879124989,5038.70233444253
4190.29432224555,6075.37004154151
5014.2296224752,4951.40894194293
4095.06143231781,3632.40078312485
3581.15822234931,3605.57611450766
7768.75129568607,1457.50684878933
3890.85872464405,6716.09131351471
3936.48859418521,6159.0264560192
4668.41656373026,2843.57636200896
4074.26000048877,4510.67875279487
2181.4903120482,5364.46198628587
3580.40542302725,5975.40325428607
4339.42432969101,6662.49906173932
3993.17920823749,6244.61531899824
4673.61440588722,5820.82090554556
4475.73306437031,5788.02890361301
4023.99871385517,4615.19207971915
6144.26305197113,2032.75775924639
4888.33697846629,820.65036810504
3441.51149313973,5230.33906605513
4793.14098447254,6518.31683792023
4634.62744631891,6320.54236232574
8469.19378334214,935.450494743217
3248.65649560126,5167.25582814999
3675.2692909949,4119.61925581573
3972.83981916255,4620.53443297214
7715.62184037176,1398.57234947478
3824.90890029093,3295.38853017218
4372.59284373142,5174.30271092354
3423.93223232892,4037.72487917288
3859.4357639722,4474.19268738139
4230.83974981584,4472.65814567211
4122.69887362021,4139.28329359661
4044.78252082469,2756.39629471688
4186.43513684716,2984.57575434672
4314.72282296441,4000.61383369703
3535.80984542936,5512.6224323152
3238.54919872071,2944.16855218202
3569.32888080072,5518.87392435986
4244.89591020851,4806.26049387315
4217.8417250248,5340.59265302447
4225.5928592533,4461.51929262555
4102.62448639324,2096.35244057875
4400.72462923883,6304.79988415134
3835.79062137993,3190.42042242445
3950.33626129717,5335.19363716772
3978.96147766484,5169.52909798441
4534.1064695037,6907.78470773107
4787.06314670798,4947.94195173228
4371.60797857902,6792.81417042636
4079.73657134077,5711.41979476413
4389.43754915669,6345.88915183742
4330.11196290576,6248.763951875
4296.8866393617,3184.4530891091
3476.70681124198,4629.79792297635
3483.01358669537,4256.24294200644
4352.41903345131,3779.70875296628
3080.95573800933,6425.45359604209
2605.7373679616,3875.47024474119
3579.37209166872,1734.56160985919
3803.27935150899,5860.77353831443
3993.56873574074,4019.25456176822
1924.34452054242,2419.04322043115
4320.57787801265,5110.70824101881
4429.38114541256,5550.24470979064
4435.42897294335,5456.69982524639
4686.58476832706,6889.76895972225
4357.11918451299,5284.89754208119
4694.77318923505,5941.47461743631
4352.41316470087,5359.91544661703
3403.0036853633,5223.29176042633
4167.37459178502,1971.20906305054
3575.04888723533,8486.91142906838
5164.88990375774,8644.5061986237
2376.89544511936,1606.1218642145
2832.13412941668,2130.67898422058
4451.90494860243,6661.87365882171
3738.44046006898,6723.93400987241
4179.90800631254,5905.95477627351
4013.28750321364,3086.47520153115
4269.48728324177,6309.40350927919
8657.73603926272,2123.40439389386
3716.40781681838,5224.03048855147
4454.89767030565,3766.58078881461
3993.53026565461,5309.16478213467
4785.98325561777,6921.65182286313
3127.02478843234,1608.22472338239
4385.09856925502,3511.00834310896
4659.99072046862,4738.91487502848
3782.17203157991,4693.16531961079
4538.21234205426,5849.46385174609
4411.24665484397,5485.57026757246
3451.92974846909,753.929887893451
3720.48397716625,2877.16375467041
4495.60450884188,7128.63270300281
4374.48642723323,3599.72252925508
3582.27574152616,4061.19630564221
5128.73856400557,4294.5477078585
4179.36829520687,5441.98023392642
3708.33081645371,4859.79608304478
4820.01283183049,4707.20284540938
3623.9180467735,5744.38220736321
4445.62034715466,6677.04781953751
3337.08914029346,936.473487311469
3551.78171858529,6067.64109324659
4796.02465790723,2263.04007804412
4568.633410766,5048.64788996811
1898.32015010679,6091.85124784105
4569.21103221665,6103.89966253453
3460.53216407606,5363.09785524312
3343.96613644492,2866.25218632177
3707.76846603962,4379.96573731576
3320.26039012637,8369.55387386648
4050.81622016676,5428.90893237851
4619.94513446718,5304.67490506959
4833.08822163622,4951.06769775461
4448.35158781827,4489.65100682649
4011.82609910809,1793.49610917375
3869.67947542966,2392.16167778256
4254.76047008382,3843.07614960072
4965.3880501745,4159.62897404361
4503.28096768108,5677.20699918506
4790.7167248098,5255.68585556681
4026.23085331196,128.667067507623
4908.32306468363,5182.48665146955
8517.54948618858,7055.26308823903
3374.02864331521,721.706309133319
3441.16529780585,4466.06583229439
7965.31378200917,578.092508486639
4857.10062528362,5680.50315587392
4066.77301938944,6415.05347112068
3767.72870543589,3986.6329705022
3217.76118278248,6276.83858061693
2697.10702582474,3147.7397389977
4357.83605701382,2744.97328294102
4177.57014040436,5732.27713006598
3406.6315571908,6557.81490129326
3001.28194121292,1008.02461306429
3651.03215552025,3215.71054933236
4721.13028767664,6719.78537699564
3985.56385694643,5548.42643220731
3543.84455344786,5929.31245468007
4256.07002714689,5619.52277713667
4512.30860948044,7339.42181754145
3579.0435198843,6964.73020165433
3621.03345827514,2705.87291493244
4461.95454067646,4586.66288158139
3206.47572737997,4231.69154322366
3665.9260326093,5687.32296537718
7982.32364143581,82.6901877493368
4253.73511756788,3132.84994843883
3595.53461713627,3280.10083282124
3338.84133103797,573.943769896061
4484.89348936253,6475.6363659211
3055.97742425592,6062.86705745221
3522.26204949143,4932.02906289135
4252.29031883285,5044.44217163234
4188.20356813648,5768.25154062461
3252.06011402034,5222.09846290536
4357.67476847858,6726.66184910266
4768.84017032636,6231.54401745033
4465.98600898976,6841.68947186638
8882.03601979736,3572.95494609689
2183.43448673932,6746.9508669459
3604.65225582698,4988.63373548154
4279.88750913347,6559.91776046115
3894.74168707709,5231.30529030581
3530.29790448509,6150.55877959914
4271.8111323209,3471.62381637107
3925.84241969776,5315.30252611655
4387.08833016792,2997.76080395741
3662.63386318614,2631.7074865845
4641.67081328062,5429.3639246296
3505.16408772305,4788.3584939271
4147.63793481552,5582.35464620182
4170.58360276907,6543.54987936913
2833.18949771392,1500.1306581847
4302.21008328253,6364.13239597178
3838.64102433535,5378.72658535475
3764.32847009525,4856.04493410483
3966.97830655253,6614.76039521652
3866.20475802457,3779.25418357045
4192.78579313355,5029.55259250109
3898.71173346128,5278.9868713696
1014.66451740227,1450.85755566642
4822.05999577196,6870.44616612968
3503.2884231345,4618.82948059632
3638.07359179197,4486.58192340793
7763.78557464771,535.980195375401
3961.99702391856,4581.60468705771
4218.89855698573,4638.20893679265
4462.29726603076,1830.26633331654
4438.7014228738,5476.36344017201
4490.0926502413,3605.23529317459
3982.84392469742,3741.46107257322
3875.30438753105,2211.66422207177
4004.67618771343,5274.66782782631
4189.94793060625,3697.53021759412
3580.06763628392,6148.74007916055
3059.66243234517,4559.61071683865
4276.54127125099,4745.5642738652
3899.17962956329,5667.71601305531
4545.07547510514,4941.34963835457
4732.8986413138,5125.88240173461
3412.3944864345,3296.35475442286
1183.63548299351,1425.22650171163
2971.39137138312,5178.39468119655
4097.08530614053,5139.46493528212
2685.3769109769,6985.13254470509
4713.14127078198,4590.18611154054
4182.46587946208,6693.13111904497
4098.8468956762,5292.22858358405
3586.02940039135,7087.42968725396
3992.60979031024,6603.45070864818
3761.2263560223,6145.89849186753
4237.25455891026,4932.65446580897
2406.21368101902,1798.83825099911
4487.58336187896,7025.08560032921
4571.44334168867,4299.94672371525
4722.31685199368,6246.03611264475
4718.93666448393,5459.59807514317
3559.33378179832,3079.71226605927
3916.939593073,5577.58103326269
3509.32516101434,439.479869761537
4677.80806111589,6350.43569150626
3695.35706101677,5014.43509438905
8468.2358107475,2438.42267662747
4406.17420818848,6283.77213818296
4972.97132140775,5167.42623881652
4265.28444860037,3695.42735842623
4019.49536629462,4044.43094061336
4157.20829503957,4739.93776188291
3446.50785580046,3026.68812031487
4324.84794292,6130.61058308895
3599.93216023326,5124.23411196256
4353.76087721255,3748.16713401371
3602.22837505068,2434.21716971932
3348.04644622148,4071.14186116779
3622.72374251756,5765.92118533118
3879.51309818831,6984.73506076827
3867.6586280654,4572.51160772003
3715.64079709446,3838.92751672395
3887.60780821053,6651.64394456682
2187.50083891225,1988.82690426729
4019.73548071552,5258.86868704814
3588.07040576706,2094.36332947363
7924.34790621744,240.796096804667
2631.29803477456,5396.17401590497
3540.6548588192,4601.77995683818
4305.27425318601,6523.3179469849
4524.91518812052,4427.13608637996
8707.34828674544,3006.45597650301
4238.90205504052,9150.82039163685
4139.41820688524,3713.49976903881
4894.23432010614,5017.1629336193
4110.81500698286,5094.79535217788
4058.27372975771,2863.86516842458
3957.71353379776,5095.42033224024
3871.1622681388,5069.78938399926
3917.93481441941,3902.06741723285
1576.71511179184,1332.4202395787
3862.31075678018,5384.92141479565
3917.97222757734,2839.42751770457
4178.80781984048,5687.66420956549
4072.59072552252,2700.18974034639
4294.6196536762,5509.49668629288
3502.9370430552,2468.42996529838
4355.98874332153,6714.6705198682
3839.79110992882,1027.68843941755
4327.16249605545,5866.79753423354
3571.90267080511,2435.80858545999
4974.2823693732,4446.34513190975
8448.41531638664,6050.87572821775
7864.18993585073,554.677797477975
3865.74570071609,2407.73353386281
3475.63704920131,5901.2944885419
3322.72351527289,5478.86420613198
3902.30806303852,1278.14592228194
8907.75276751996,1138.33982746514
3977.66233065056,4125.98449592316
2822.48287065501,2502.81317154398
4677.05606191421,1279.28255719914
8260.70230909614,4581.09303220286
4269.81467462783,5607.7585211725
2258.8656359674,2518.10086889492
4271.40196788609,5536.83258690967
4155.10415990695,5362.35912711798
4618.48832044938,6439.77528056999
4601.59711280447,5014.88966378488
3259.30139251668,1060.25305093837
4030.46865273593,5297.1163674412
3326.9449089734,1745.81431668233
3888.61815285825,7002.57997525531
8376.83330506079,4620.53443297214
4413.71091155638,5136.16877859326
4819.77129381855,5399.07226580176
4679.0906079897,5510.74664641761
7562.5302165792,5387.30843269284
3831.15433878819,5937.55305782984
3622.05589709104,1699.95111891568
3807.56510826798,4439.01366755165
4338.00072534063,6424.99902664626
4185.35880047149,5266.65429794683
5090.98286121446,5379.69280960543
3089.25235346491,6536.33258592905
4569.5955678772,4447.02719743113
4462.48601876941,7043.66924294139
3788.69582791426,2777.3673780815
4333.55549233713,4367.51941583021
3110.45261042926,3533.00210190039
7297.88806901929,2400.00458556789
3760.40873345596,2355.61894976532
4407.50150215215,4139.85161105522
6593.19187600643,5538.76503541103
4037.62900062598,3884.05166922403
8118.19848801287,6304.91363221411
3573.92017568931,3298.45761359075
4614.05553395917,5183.85078251231
4155.84465177124,6821.23004335661
4212.9935340118,4559.26989550559
3393.04513620932,1833.90352276608
4213.94890647124,4316.99624747339
4460.68802034911,5547.97143995622
4199.70578788606,6496.37995316018
3466.58351765965,2277.87320599923
3725.51574107056,1389.30875375675
4358.17453337345,6442.27604652995
4730.5158312739,4531.53608809672
4135.18526958247,6500.3010899114
3559.10382970415,5742.44975886185
8107.29587212969,5647.37033260831
4059.47210881318,4072.10808541847
4448.44568352659,5157.76484202024
3935.61392689991,5849.35052653857
3788.28918898532,5596.79007879248
3347.74467359123,4952.03392200529
3982.87391005843,4229.87284278507
4100.10527266979,3399.04980376381
3253.45879508502,2545.26635884518
3805.14314644038,4750.1674761378
4498.78535466906,4661.79411132475
4021.59492305476,6232.85106303407
8674.91798333253,986.428549637309
3736.83441896956,5989.26994656288
3905.03332543592,2132.38393659639
4347.85597052351,5943.91829793727
4083.64418120941,5745.23468355111
3903.68783127333,5386.96718850452
3875.56181753628,6509.67832797838
3964.72106119828,4576.4331673265
5064.7326852347,2293.33131401671
3311.93175007749,5159.01522500022
3734.9393696081,5327.06678208072
3260.43447637154,2450.52796535233
8259.41256894893,5625.49011045202
3270.53347116388,1024.39217701487
3466.11650933189,2018.54982278127
4122.52776578755,4371.09973124837
3768.43221933091,6169.71073966992
8121.49778213014,1502.68808674842
3683.11458809214,1139.41958835097
1912.62457951258,1539.79923793808
4136.4568127899,5501.4831564134
3747.76307007022,6606.74686533704
4591.70974976576,6896.53210662175
4949.64308976645,6418.97503072715
4356.54266363786,5692.03991571255
4685.99596485558,6225.69000934249
4396.26558248071,4652.92852811261
3868.03660456578,6634.53775820492
4854.33657013196,6320.08779292991
3749.83872123758,7633.98109462054
3753.72245646076,4035.11078800539
4130.20540569054,900.555845070406
4025.5362466655,5711.93102676372
3262.54521306008,2357.66493490183
4554.35497298358,4775.85550983779
4694.62597708638,6837.59750159337
3926.36532255276,5713.1814097437
3995.71401578865,4217.88151355061
3677.41936996892,853.953760607902
4028.82439056905,4934.188584663
3273.24447284557,2135.96425201455
4127.31824814928,3294.59292801566
3867.12728868867,6916.76403900598
4411.31086483356,4867.97960073553
2955.85836983782,3867.79795905003
3830.84491293744,5396.51483723803
4827.07141914717,5690.78995558782
2925.19626281648,5093.20414786483
3685.74128280646,3874.04945109468
8310.40384614421,1798.95199906188
4189.70447881064,2578.45626756981
4130.02182039715,6333.78407454018
4788.91583235358,6528.7736254454
4361.11011032156,3580.91139051736
4426.62926472669,7115.39141364362
4094.91113470526,1783.94846044024
3401.70248745431,1157.83313743805
3919.46005499648,1477.56847622085
4170.40484199299,6494.27709399229
4593.56408177298,4391.95706655022
3994.20482063705,5976.19864501497
3335.34629664429,1013.19634422312
2993.55729671875,4669.80764120423
3967.78949900602,3514.24762576643
3916.45995344927,5657.20214007112
3733.16293317024,3875.47024474119
4770.91851117719,6450.11874288764
3286.38422359935,5046.658778863
4396.4050170847,3854.10167743975
3863.08640689542,4004.59205590726
4085.4946047712,5279.04395682862
4299.42431057422,6476.26134598347
4781.56282591685,5433.34214683983
868.469089003577,2017.24277719753
5289.53557282888,6931.88153711802
3240.35169371129,826.67452259487
1217.64596309677,1279.33932551672
3799.35893638813,4656.50884353077
3340.70388230175,3543.17494212389
7833.52554564401,508.132639903764
4014.1773942815,3363.75724729892
3731.22553717358,1493.36772271283
4110.21107590625,3042.6010091558
8174.49671263243,7547.14184866151
2818.31248590002,4278.40732289203
4417.13823582222,4204.41230521062
3727.06351449495,5968.5263593238
3632.46661194425,6812.30737468546
2790.89961452782,5033.41706664855
4610.44765042542,6820.43422977246
3104.4098116832,4164.45967244176
4220.27303502441,6843.84899363803
4065.71088827326,4806.31715647691
4709.55031409952,4885.76827547407
3680.56218163113,6379.98819935371
3502.58184090025,1186.87409614447
3302.6970777413,6311.6196936546
3640.66870114446,6590.03858576721
4541.78219259136,6096.1707142396
4121.7743378458,6333.15909447782
2056.52867333168,4133.88427773986
3111.77454740833,2989.23604207833
3914.60768577523,6216.88108873412
4847.52507225935,4961.5815707388
3258.04652760782,3332.8974824401
3190.42916756578,1871.07144227331
3388.64272251603,1912.27445802216
2863.36436706219,1930.06292133307
4051.40849724552,5433.39880944359
3834.9345145696,3168.59707429955
2834.68177282204,3659.4529478676
4348.93237462847,4704.13376199081
3866.47869841325,4464.53129058511
3865.15704354819,3412.51880067617
6954.26404159544,614.464825837348
5020.28617277229,7254.23086135448
3677.00625607538,6318.26909249132
3889.25399088599,6837.99540838545
4435.30214685376,6104.18382126383
4554.42101649931,5284.21547655982
4408.945914329,1817.99063392515
4435.99855335845,6929.03994982499
3755.58138710379,6216.93817419313
3458.24783400769,2319.07622174808
4070.34941196683,4799.78150570295
4175.98583291308,4714.02265491263
4214.63604040973,7109.53740553579
3916.35140430161,6182.32747182199
3925.07293411262,4883.94957503548
4354.22817512199,6659.60038898729
4284.30657719254,5856.39740931212
2010.3111239755,5129.97394915236
3043.84206106398,2409.60910833278
3499.45354528869,2230.58910887226
3511.46573184452,5300.86709352589
4079.88367999728,4045.28341680127
3379.86937605306,3399.04980376381
4257.34719207695,6595.55092683147
3690.14452886343,4970.73173553549
4396.14676691956,5189.24979836905
2101.57512473046,2070.66461830638
4336.66533704292,2488.09379165164
4192.99298007702,6807.13585495426
3862.75230371634,2861.93293135085
4643.79504900611,6068.4935694345
4596.83241039802,6650.90521644169
4254.15802281396,5514.72486862784
4586.38356222226,5145.26185793093
4649.25431344809,7329.36293680834
4023.18644909791,738.073873083901
9713.41633318674,2176.42853963827
3043.33358473178,3475.37475388339
4345.79811905306,4787.79017646849
3553.13015623928,6073.32426783264
4916.64830217684,7301.57204394046
3209.15332320763,3320.84927917426
4016.80533120946,4850.36175951878
4214.76140280037,4396.7311023446
8022.78176947622,625.831175009445
4674.32362115377,3983.22306575057
3485.74971077867,4682.9356053559
5225.25382607634,6336.56899922945
7433.5084767211,1175.79190570168
2283.5259528369,2326.35060064717
3558.9694560054,5604.80318581671
4245.61768027748,4626.04719689166
4471.52052905114,5205.38976048028
3794.370905942,5789.90426665535
3650.26648078382,5692.38115990086
1948.24596459322,1502.00612694086
4493.40417560832,7260.65318692092
4098.48362691393,5484.6611287808
5228.18054036092,5445.21972801152
3938.53721914877,4263.80147963483
3701.3305812753,3808.57919529235
4179.03209191191,5490.57137663713
3565.8297728507,1168.29013639086
4185.67474504564,5855.99950252005
4698.21248022953,2080.09873040475
3610.30917575741,1170.16560514702
4044.8982329572,5417.31550993612
4986.89847901263,6297.07093585641
4310.65175104029,6473.4764212942
5222.40818170689,5433.85337883942
3492.45005659854,5199.08160583186
3813.80555209818,4665.26110153539
3023.52836522371,6561.05439537836
4090.54964247026,5623.50099934691
4146.75456543826,6600.66578395892
3558.8689093055,6103.50175574245
4349.10886018416,5183.05496892816
3968.41115589964,6227.73620590662
3825.42555429894,2415.34915695022
2344.85439843515,347.526110244965
4147.76205106475,4353.25481676133
7071.48414919429,1639.25479319392
3851.44710939645,4928.05084068112
7398.48718624455,1473.0788105834
4435.85807275281,4565.40763948747
4001.57648918688,5893.56554024698
4159.27547484421,2826.64037488596
3994.0149605051,6877.09556496641
4046.14320068087,3772.03646727511
4194.21678475155,5645.21081083666
4280.09908045647,3295.95684763079
3496.71634611525,2259.80058395902
3756.88721013509,2573.85285386958
4134.40850502296,5317.51871049196
3679.4436613015,1693.41546814173
3894.64601112736,1130.09922431537
3444.04484594827,5761.60214178788
4720.01573991743,6258.65242194157
3912.17397017636,2273.15604423624
3529.18058521099,7312.3134130502
3462.15912589581,4704.41792072011
3072.71993568797,1020.41395480464
8060.80217220311,2460.41664684653
4212.18342929008,2794.64418653756
4487.56462927533,5345.59376208914
3813.376242062,5510.80373187662
4107.76600572384,4925.03884272156
2744.84468186106,2013.8328724459
4035.09688245719,5832.86932023903
3749.64334297139,5806.9537904135
3421.47625687022,5262.56275052907
5563.44538087206,7649.60982473217
8946.49869726113,724.718412806687
2982.63317651439,5295.41141506538
3399.17944486018,4358.59674715907
3428.26239556628,4795.17830343035
3886.16005829388,1292.86530217428
5050.61053331626,4684.07224027311
3948.47376653916,4900.8286881271
3919.54150290005,6251.09388431318
4336.46596021543,4624.00100032753
2898.09353217137,639.413919984576
7883.47786392255,3048.22730971047
4086.7766640346,5779.61788979671
3845.45464090115,1715.92077607419
4593.36291844553,6760.13591655659
4066.26409122333,5173.05275079881
4607.86114295463,5672.03547945386
2848.82481749994,3579.09269007877
4268.29813949521,3287.14792702241
4377.80711754348,5631.79826510044
3265.97373010512,1071.84668480838
3087.61186633923,863.330998674882
3514.18449821906,3980.55231197933
4063.20916819854,5417.31550993612
3809.23697920632,3568.97672388665
4023.4507684365,2864.60410797734
4319.54555954085,4772.21810896062
4113.48749008051,4443.38979655396
4694.93204665918,6643.34667881329
1637.47217834353,2380.05660048533
4111.82087954113,767.114884647227
4103.73173039794,2614.94212155566
3997.25394358707,4744.48430155175
4480.96947688955,4529.83113572091
4678.25845072501,6096.39778750989
2774.02464533514,7748.09873288209
3692.88394902075,5630.43455691294
3811.71693330247,6262.40357088152
4306.76680161191,3883.48335176542
3700.4933445702,2239.96634693924
4339.11264846905,6453.24448890997
3205.29221369893,6204.15103137452
5048.88257674625,5717.67128680878
4310.22737582462,5644.81290404459
3401.92760016329,3130.97437396886
4849.16512839124,6788.6655375496
4642.64968205348,5883.39248859585
4590.3601052725,4116.60725785618
5001.84359906687,5299.90086927521
4374.25351001866,5250.62808389837
3881.80141272146,3932.69989739375
4424.55846327149,2298.33263450901
2792.07382263149,1898.06652155704
5093.97557897267,5018.58372726582
4043.45753836245,4530.3423677205
4257.76430403217,4723.6269662499
4098.77859045431,6192.72759674341
4185.79646047863,5156.34404837373
2385.94604015004,1275.19069263995
4213.8327148684,5582.46839426459
3853.35813121066,3241.7962783968
4250.49844600671,1360.72247015998
4104.50114008121,3874.16319915745
3793.99787980284,4329.55589416646
3415.40701211543,6676.30909141237
8157.62489166155,777.344598902114
4039.65797259723,6196.25124955781
2771.90636828736,3272.03085176563
3815.56221009523,5511.59912260551
4639.02360911672,5662.65824138688
4195.52164567908,5383.27312502359
5031.58371331073,4607.17897269492
4071.01773758154,3614.32837251227
4110.5561223636,5105.25213970305
3303.42627598185,4210.83420792181
8374.28813081855,940.678994219619
2728.39257338343,1030.64366905953
3167.951248216,4995.11230079649
3519.33597296241,6791.10921805055
2956.47354924107,1104.86597143885
4131.64205616811,5609.06556675624
2309.69530557719,872.480899187039
2182.89585493412,1445.97008895071
3995.83077366144,6067.75484130936
4524.68747571644,4507.325510647
3705.71967060184,3732.08383450624
4438.12039974113,5561.38398569245
3105.40561163705,3517.20296112223
8493.59325189281,2855.79518736897
4526.43995725681,5775.92382631577
4537.99780807161,4879.28928730387
4065.41150406173,5128.32608223556
4917.65359839182,6136.80541252985
4552.81171697201,5009.37732272062
4339.18153354651,4231.12322576505
4182.12758323245,5782.45947708973
3828.90965747954,7426.31772610423
2483.93974897016,4073.41513100221
3017.48940408838,1138.11254276723
4710.06474224991,6503.42683593373
4766.19223728709,4960.44493582159
8678.54312687937,407.540423302255
4167.29468291148,6556.96242510535
3986.93941546294,4280.79434078922
4061.45139494917,3207.24266148467
3828.62461117004,5032.3370943351
4219.76472314428,4776.992144755
4341.04576603806,6444.37890569784
4015.67458974349,6281.21470961924
3924.53674195382,7244.39947674692
4066.58587890382,5982.10931572656
4316.64376469539,6440.68484221691
3877.72838558334,2621.93255315308
4233.31870126793,5354.28893463474
3223.79288682536,1742.80221300896
4383.20194585306,6014.95798026287
4040.9648139327,2585.56023580237
3324.92286360362,1798.38368160328
8952.8325641894,1050.59165414208
4263.54392042404,3868.42293911239
4525.62540837008,5451.69871618171
6559.73214655905,1052.75117591373
4626.79927606414,5747.73502665583
4136.38431429489,5978.13109351633
3972.44965260626,3009.52505992158
2906.70288423956,144.295797619256
4181.7238167709,6574.0119488635
3950.45863470068,4574.50071882515
4102.07625504537,5096.84112588675
4218.23052938393,4939.41718985321
4472.44021426553,4613.31671667681
4396.48751857587,2691.4376937694
3691.76870414385,5985.06465108236
4847.52975613801,6180.85001557172
4154.70721668778,5529.84236673988
8774.15535827995,1983.82558377499
4067.45654420889,8007.47899013143
4574.78731950351,6600.60912135516
4407.06854642523,5305.8115399868
2861.63829880608,926.698448166228
4472.22636977539,4513.69075075443
4035.45313729595,1446.19737364862
4840.28701768159,4239.70507310314
4503.83217085502,4106.09338487199
3077.56638313678,5204.76478041791
4152.01812097909,6180.28169811312
4691.40897882797,6425.34027083458
3451.93750619059,3195.4784055205
3275.43152088216,4554.66627037774
3516.28400629764,3467.81621625499
2847.60717176646,2357.60806087044
8360.81995637391,2821.86655051921
3374.30842021206,5969.26551030419
4687.26754336331,6104.5817280559
1858.72444501727,4567.51049865536
3934.2577028081,7265.25638919352
5070.16578971862,6950.80642391851
3722.41035855133,4037.49738304733
5150.82389235926,5192.26179632861
3089.29558326443,3497.65288283175
3905.93177502062,2715.25015299942
4299.11812838896,8257.93615585439
4738.16450367035,4786.71020415504
3859.241986035,5135.71420919742
4749.04445487184,3492.82218443361
4684.04479972129,5187.77191926353
3865.29586853959,2550.66537470193
4381.80542331998,5067.40236610207
3965.20630688752,4554.60960777398
4417.87254100143,5161.85681229325
3011.3805025181,1922.16313951636
4015.09597759942,5734.60706250415
4092.26899346478,6164.99378933455
3556.0660467848,4244.6490967088
3044.89639110075,6288.26201524804
4601.71054594339,5433.79671623566
3738.42680580464,5567.46506707057
4433.52472123781,5230.11156992959
3699.51727713144,4629.62751230981
3721.02625221713,5576.16023961617
8738.42783562519,1468.7027872949
3856.9720032246,5863.61512560745
3409.41690944204,1484.38828572411
3704.70093971918,4197.36542243708
4669.7075935694,6195.00086657783
4060.14323577145,5467.44119435612
6763.89916347734,1953.2501890731
3872.3391312487,5626.4563347027
4014.32656123646,5196.75125053843
4388.05473357361,4971.47046366063
3642.35916447949,4929.64204499416
4346.67824421235,4076.99544642037
3716.61970466077,4041.64643877935
4183.73726268148,6709.89648407382
3400.78052987188,2984.00743688812
4022.64180343664,4131.0993530506
3839.9952420542,3813.9782111491
3504.31711092112,2659.7256641503
3708.96795930573,3110.85597821977
2345.7401721868,454.824441143868
2736.51562143525,1438.52508795746
4389.66639357141,3551.81345206574
4412.50932758717,4079.15539104727
4927.00329043653,8287.60283461986
8371.87469377466,1288.03460377613
3907.28893752349,3810.4545583347
4826.08203797652,2152.95690174131
3863.35710670554,4819.95677548343
1617.53453996598,3590.79986058393
4028.77862398077,6837.02918413477
5131.53716752256,7255.53832979347
3456.39367847051,4990.05452912806
4194.89105751027,3849.72554843745
4830.08280783171,5174.92811384116
3741.12845737125,6546.22105599562
3331.04907223244,2469.62347424698
4174.24256316693,3318.12122851638
3771.37346813847,4279.94186460131
3568.02474313278,2834.48328267129
3288.10811300719,955.512122174731
2486.35488277229,2544.18659795936
3801.07966546655,5789.62010792605
4521.90421834834,6945.12324933246
3325.4397891669,6488.53683394723
3870.27913007743,4975.22118974532
3445.80621641608,6452.90366757691
3434.77142423376,4840.87119624428
3476.26143624683,4818.13849790009
2965.73959919798,1356.85789029871
3920.55910538558,6398.74267548767
3723.52172625918,2801.52087007221
8087.18659222132,2596.24451945309
3953.85534093268,5184.53242517843
3679.45011984831,3223.09867629422
3237.88755630915,4233.16942232918
4751.24244764443,4037.09989911051
4200.02581443792,6322.98604282669
3994.44846410104,4529.83113572091
3216.54302875275,1350.20859717579
3525.87933154532,1607.42901551205
4026.49144740616,6300.2533444825
3502.60304767205,5150.03589372532
4435.07352391613,3141.82927971373
3920.7744078901,2252.52620505993
4579.25508561382,6387.14925304528
3717.97714062125,3778.51545544531
4195.59666791581,6271.09874342712
4305.49586644494,5748.19001890691
4428.84136285648,4803.36224397636
4133.61504964791,6058.71842457544
4386.61771174744,3730.71970346349
4278.58841936377,5510.00791829247
4501.63595452244,7148.80797278328
3871.89105073888,6196.70581895365
3389.93171988193,1081.50808160466
3947.3467322665,4476.01138781998
3977.81407208563,6608.73597644216
4510.5993327403,6701.71296638306
3130.46978257339,6969.04924519762
3607.57000149389,5073.48344748019
3682.65713127417,4128.37151382035
3785.54801022667,4768.06947608385
4402.67064722872,2007.52450636986
3559.45008243753,2281.51039544878
8862.73471579024,4886.73407686949
7542.12547450227,472.328640011659
4124.31472272942,4393.88951505158
3171.76773070063,4941.63379708387
4129.31046494224,5106.3321120165
5022.5193309945,6640.22093279096
3285.10794808105,2512.75872706956
4493.85376089332,5219.19979015332
7352.5509271562,721.137991674714
4014.8187339968,3769.13821737833
2244.43322377266,451.471357566718
4120.05621066903,5107.58249499649
3815.79740616361,5591.27731487296
7955.27909987461,2905.63650163204
1327.23424967102,44.4992558525141
3472.68754463597,1056.27482872813
7980.6482445632,1817.82022325862
4326.86671132065,6915.22949729669
4069.32238820152,4245.5015728967
4101.63109210488,5544.50487260084
4066.35227216181,3163.82324993279
2707.07376839893,5587.46950332926
3830.56007645691,3809.60208214679
3245.68302825153,5360.65417474217
6938.60112402138,5055.0697926793
4387.28679222568,6663.52194859376
3983.56315223497,6128.96271617215
3691.54015556055,6024.27855572609
4366.92343665191,5117.07348112624
4189.44686536365,5251.5938852938
4479.35555349737,6750.70159303059
3077.80170677801,2371.47496457487
2100.36931628372,2163.86868151758
3996.53095956125,6838.90454717712
4828.69661276779,5664.76067769952
4451.17818406781,6229.4978208862
4519.87082456374,5083.59941367231
3939.57204975157,4445.72015184739
4477.56101383003,6041.44182754701
3795.48204975251,6157.71941043546
4491.62074241932,4078.52998812965
3969.1419475639,5481.59204536223
7803.43886689307,23.6988375282883
4498.83363948903,4274.54284874456
2483.73271331462,2974.51666218599
4071.31427644885,5235.90849257841
3915.70451243223,5209.14090942022
4474.34372064948,5936.75766710094
4006.61886308627,4395.82154069768
4044.30147336934,3742.99561428251
3917.63921444137,6534.11597869839
4038.24631399096,6250.29849358429
3934.32279752514,5309.27810734219
3858.21565227362,3403.82362813056
3343.8986341888,4020.61869281097
3987.15471504907,4528.23950855261
4961.52730651608,4014.93551822492
4588.8723918867,5362.30246451422
3190.00779151853,4025.05148441704
3466.72459504718,6006.94487323864
4412.88852426173,6893.00845380735
3852.04365206963,354.06176101892
2711.03757554613,423.907960824383
4082.79383609127,6367.4852152644
4013.64033600917,6969.50381459346
4494.90727328736,5404.41461905474
4122.76224896407,6219.09769596478
5041.9426647288,4571.14747667728
4407.89400111697,6210.51627148195
4854.8213773725,4866.67255515179
3770.97023231698,5749.72413776094
2570.62587035481,1881.35803055959
5079.73586754891,5974.20953390985
3633.45131605183,4379.62449312745
3941.0557657122,5308.88062340537
4096.24908107185,5200.44531401936
3597.01347311191,7155.400286161
2565.59939899066,560.019992160242
3286.29420689953,3891.38313358213
4397.0106332172,2826.64037488596
4124.7542354657,4942.54293587554
4314.35002446146,5255.79960362958
4043.16593227188,6317.81452309549
3989.10064877087,5612.53255696688
4398.86111551639,3800.73649893466
3049.55375101096,2602.72329619566
4877.98669759347,7388.52461510701
4418.84997251405,6967.28763021805
4533.84917077813,5914.70703427813
4255.72119081013,7146.81886167817
5068.28108274422,6381.0115090634
4371.23013701292,5529.10363861474
3394.00837127211,4755.90773618286
4235.46695781119,6928.64204303292
3845.18907156076,5606.56522365153
4174.75732191939,5791.21131223909
5018.3841508923,5974.55077809817
4164.40023998239,4747.04173011547
3236.26664540476,1021.89162248254
2161.06882225561,2037.24742488384
3003.35054436194,1593.10743669797
4735.48235156371,6839.81410882403
2942.07171111334,3589.5499004592
3412.2916053663,4007.14948447099
3427.25544546054,4193.1597041013
2850.12105199476,1306.78907991009
3605.79975321494,5441.07109513475
4582.13981169806,8724.07064282838
7855.0870035109,2162.95933129828
5066.72675446002,4149.62675591427
3448.60485570914,4599.27919087822
3970.39551904044,5120.88086981469
3164.53442447709,2087.42998333523
3646.01881412633,5305.41363319473
2778.93234564582,837.13157440458
3648.63231334133,95.6478271269497
4236.77818513357,6135.4412814871
3978.24916585528,1302.81085769986
4207.83654361964,4981.30227112344
3049.83338500461,2563.33898088539
4642.66133424667,5191.69347887
4116.96437879835,5505.34763056086
3663.67046966139,4488.28687578374
3784.5821044758,1832.82376188026
4676.96523749167,7524.52247552484
3122.41182444521,1532.01330989795
3336.44248248413,1864.64953956213
3852.22381723001,3650.24612046715
4360.24743889612,4387.80843367346
4376.39749985797,5709.48734626277
4142.15337243989,6863.91051535573
3930.27820658106,4732.43588685828
4327.65405886253,7058.33217165759
3168.48602829014,2687.40259752778
4274.72329253252,5519.66931508875
3742.02968361842,4297.50262035905
4036.85498860014,4477.60259213302
3825.1420472746,2045.544902065
3639.26255047009,4732.94754171312
4083.34876309536,5652.42852713199
8283.71114628527,549.051496923313
4339.64093876113,4986.70128698019
4050.9733324778,4316.37084455578
3584.63382611305,4695.32484138243
3727.47927852589,4629.40001618427
3580.471665436,5109.34410997606
4157.34870506461,5804.68052057908
3197.40876845816,3102.10393164278
4270.39606268062,7288.15992105949
3655.01285370059,6073.77883722847
4183.93919486197,4692.48325408941
4277.76094458878,5665.15858449159
3937.21215971439,6856.80654712317
4238.39654493619,6800.316045451
4651.43328744185,4602.97325435915
4354.15569892702,4641.56217894052
4347.63759824859,4831.49395817731
3968.49061953888,5975.005347494
3489.16536026952,3107.67335816606
4350.71176357709,2222.91682318109
4939.41419955247,5010.62728284535
4411.45320106956,6438.75239371555
4542.66501057684,5146.91014770299
3674.64188612052,5830.93687173767
4694.50133453673,5228.0087107617
1612.39098530023,4653.04227617539
4116.20321749921,5602.98490823337
3593.21295523758,2487.01381933819
4105.1379272945,4794.04166851314
3323.38186030488,1904.77279442516
2019.82154450105,322.576963240831
4179.41871476174,5246.25195489607
3444.78681494972,5786.77852063303
2879.90454347252,957.78539200915
4482.39743725308,4869.74163857036
4895.17192586456,2067.82303101336
5021.96186392004,5334.45490904259
3692.56701490436,4255.04964448547
3641.71526856955,2933.37052046853
5114.29635627236,4642.07383379536
4610.96708604588,6312.75632857181
4308.13887939431,6472.28312377323
3625.03241945299,2002.06861648173
4199.55698832309,4869.57122790383
4458.0043386237,5596.67633072971
3996.98246490193,4614.62376226055
7965.78569262185,4407.47204859908
3512.72876467621,6331.51080470577
4298.48818969988,5103.60427278625
3471.9835391251,5549.90388845758
7537.08997790334,505.575211340042
3952.22301767566,2293.04715528741
3791.62738753196,4378.54494366925
3626.11985073701,4738.34655756987
1348.3602460343,1019.05003518951
4224.26118544701,2323.96358274998
3793.74549977116,4098.76234336914
4624.99373541283,6065.42448601593
4158.77355284556,4017.15170260033
3720.08863725546,5221.13223865468
4172.96650162515,4947.71487846199
2744.13161100899,2669.3301869152
4446.49953646914,4083.47443459057
4186.25969834033,1625.61517418741
3530.16296577328,1180.56583578225
3126.62944543308,771.945583045368
2324.79076075317,1761.84084787223
3952.12079311586,5133.9521713626
3125.37148105806,4607.40646882047
4856.93710212009,4511.24707025348
4290.82778424154,2940.92905809692
2838.68482549248,1833.27833127609
2166.98045000905,6026.15391876844
4136.92232040084,5735.00496929623
4116.89914772478,4318.3599556609
3578.04045650551,4950.27230702572
4191.06322486346,6135.10046015403
3454.22681689898,5467.21369823058
3977.22853512745,2747.18967874406
3931.39086554453,6439.94569123652
2072.73514321316,2348.0602007093
4295.08734178498,4527.61452849025
3709.19006739324,5262.50566507006
4464.5826320116,5078.6549672114
4648.24272993849,5669.47805089014
4254.45498687827,6620.10232561425
4066.02082543325,5892.14474660046
4878.22601266601,6038.77065092051
4146.66996618642,4791.59798801219
4236.34814095739,1324.74795388753
3748.55459974598,3442.86691068014
4220.9023858157,6875.90226744544
4184.54473004817,2424.7263950172
4453.4628836852,2876.99334400388
2878.13899871496,1512.69051630539
3409.31464032839,5644.86956664835
4128.62300084648,552.347706469077
8825.60058436596,1043.94225530536
3654.02606112894,4056.93392470267
4091.61553124806,6190.90931916008
4340.6162510951,6465.0654074779
4680.16172027776,7360.84704744665
5133.16265623972,6877.15222757017
3570.9810098829,1177.15593103062
4334.50419280066,4286.25001924972
3735.30778915923,5703.00878094782
3418.36088120516,1066.22038425372
4394.76007504062,4919.86732299036
7678.74686621375,223.860241823933
3699.20093110986,4572.45494511627
4301.34892729327,2157.33303074362
3986.01549659803,6035.58781943918
4444.21446700802,4935.78021183129
8152.84330715535,2756.28275808174
3794.86048248957,3225.82651552448
3357.26000571584,4245.95656514779
4750.08930001416,6863.22844983435
4321.84343343424,4578.13811970232
3993.97905305765,6005.0695101963
3828.23122136131,5588.20865430965
3786.56379148345,5170.38157417232
4287.77318707324,6370.09972928713
3633.81813389742,5559.11071585803
2672.78384304965,413.053107936412
4380.04532041239,63.9357116153772
4177.69042467988,3886.09786578816
3576.55228123082,4661.39620453267
4353.49966251348,3969.41303607752
3385.2374234921,3578.46771001641
4749.52816179071,5576.16023961617
4122.20649996099,5569.39709271668
4509.32094836329,1333.38635811556
4579.58165720101,5295.01350827331
4456.36640374539,7870.85530394073
4184.81274387979,6001.14795058982
4175.02969712346,1204.83297012191
4311.44702647329,3942.41795679379
4725.38469834877,4857.74988648065
3229.38429454049,1957.85360277332
4177.88511702121,3528.56931029433
2367.79581852142,3333.40913729495
4214.20996693554,4149.56967045526
4016.30600888029,5751.25867947022
3829.70823867787,5235.28351251604
4152.18161451877,6631.69617091189
3577.67372579232,4117.23266077379
7084.5730955417,5565.19179723615
3725.36867840311,2029.85929792198
2502.17320931292,2532.19505729727
3594.82765665784,4963.68442990669
3938.62846229226,5198.28579224772
3749.77220716921,6915.91156281807
3998.99489095614,3407.06291078804
8320.57895238449,3986.51964529468
8377.85097199976,2713.09063122777
4227.21931335132,2746.33720255615
4631.43088151039,6931.93819972178
4327.55490802788,3731.11761025557
3394.28219110196,3588.07202135368
3469.14299282733,6341.22928696106
3550.55118006513,5609.06556675624
3258.22911130382,5120.42630041885
3612.65948360539,6256.49290016993
4584.57977101354,7504.23388053685
4498.4543537358,5292.96773456443
7933.39281228199,3149.89947219697
4245.15569706261,5444.93556928222
4532.35006185643,4969.02678315968
2857.57792396815,320.587852135714
4214.04025530272,5597.07423752178
4517.77428949951,6571.85242709185
2935.88278442467,834.630967015338
4107.99251337145,1200.34319877065
4145.33700085351,4201.8548766469
3622.73823602126,7011.38889586368
2337.32424540238,1481.20577138421
4083.86552554797,6351.97023321554
4394.88775587394,6035.01950198057
3602.74267230534,3482.02415272011
4131.79132819119,4406.10834041158
4055.50677994332,4108.59415083195
4411.47641629771,4964.13899930252
3918.46553939885,4724.70693856335
4561.54896901308,4154.34370624964
3313.1044624672,618.840849125843
3688.30077825104,6017.62915688936
3600.18809560693,1566.51015849251
4663.87096761644,5795.3032825121
3712.73117224755,1047.52267643733
4446.52838423243,2625.45599453985
2045.02662716967,2102.26311129034
3390.65108406907,3784.02779650957
3575.90687742691,1349.41288930546
4583.08054631549,4985.79214818852
3351.78300451086,605.201230119327
3778.71084314015,5073.93801687603
4671.4769721782,6547.92600837144
4312.34846119609,5260.97112336078
3934.44667507674,5323.88395059939
3577.8565136962,4879.34594990763
4468.82029582864,6145.50058507545
4294.37709566088,6712.90848203337
7348.41194553366,1026.83596322964
6030.02071820546,3304.36807287472
3305.81982899834,5286.0341769984
4202.14717125823,4969.65176322204
3161.34087892537,5473.69268640077
4260.04016335359,3692.18786434113
4992.63865446937,6088.61217661121
4791.17910454641,5711.41979476413
4070.24709514273,3167.80147214302
4449.14638122449,5174.07563765325
2940.29905179251,1957.39882194986
3507.24737114443,5267.0522047389
4123.44246096994,6226.5424855304
4239.27069696812,5353.60686911337
7805.64812334008,3852.05548087562
3228.05221993236,1131.40637561293
8587.15430707696,2849.88451665738
1295.13843177227,1662.10113388708
2409.43255961491,2132.61122129431
4344.62088863216,4411.96192566416
3764.42689700536,6122.02915860612
8071.80827764186,139.521933609821
7686.35665737686,3230.37305519332
3886.09223979091,3744.81389186584
4536.17537817024,5277.16817093102
3768.98837903321,4112.45862497941
4576.08549604584,5902.88569285495
3753.93482033796,4504.65433402051
4391.5052804951,5721.53576095624
4683.97787144548,5100.47852676392
3791.2521481656,5108.88954058023
3446.41089641736,296.32071779605
3458.99584008776,5930.50617505629
6630.77827300278,879.016549960994
4389.57368857259,5886.80239334748
5223.48573996437,5135.65712373841
4956.81206186931,2914.44542224041
3816.67556180499,5107.24125080817
4214.52431189117,4579.67223855635
3358.45897776093,5053.64899903278
7967.26679430377,3058.9686788202
4123.0744402215,6312.07426305043
2813.88863938443,2680.18509266007
3841.04383678372,1237.62486634065
4576.78319448937,5594.63055702083
4080.14147741639,5923.68636555303
2309.17174707552,2891.201280469
2762.29115781421,2362.26813717443
3998.8761632138,3661.83954290953
4713.41647061735,5922.03807578098
3250.36626790154,2893.2472656055
4349.68140142267,4740.96064873735
4259.65670562166,4688.16421054611
3221.41276679121,4087.50931940456
3322.40177736459,5287.34122258214
3797.7207249453,4993.74859260899
4988.79825491469,6209.03839237642
4932.16864552338,4185.71491453568
4043.29043655977,5322.12233561981
3901.07841883722,3675.19500318675
4067.63119066113,5677.54782051813
2392.89768097705,3810.11373700164
4318.08112837672,4683.44726021074
4073.90811993394,3579.14935268253
4248.93455531604,2936.38251842808
3263.07247549828,2186.31722113247
3820.46560527779,4185.3170077436
4106.59793744168,4543.69782799771
4657.44166036562,5360.93833347147
3217.32221290874,4508.29173489768
3623.01302852078,6239.67087253732
4494.99350764781,4374.85088018832
1397.95156745897,3116.88018556651
4715.81812333043,6921.87889613342
3866.72572850115,5866.57046096325
4500.01810647983,6788.49470402782
3716.94573304778,6376.00997714347
4231.26040675611,6084.34979567167
3752.93208186818,4225.78129536732
3877.90889451267,5340.763063691
3762.76027669776,6135.61169215363
4368.78495309557,5413.45103578866
3549.37366396063,3549.31268610578
4349.61929214935,2488.94626783954
4341.52633682901,4328.41925924925
4519.04378228215,6544.74359974535
4656.84582826411,6890.96268009847
4338.23603143364,4843.08738061969
2880.57405264058,1489.9578179612
4127.52034397777,3876.26605832534
4343.47567128145,3979.30192899935
2202.16227806552,2541.06085193703
3905.55403741156,6288.09160458151
8454.73626223753,3233.32839054911
4269.28090145125,5265.57474848863
3990.84026605027,3641.49386246253
4855.21183402785,5218.00649263235
9870.77893044136,5030.00716189692
4334.54228111206,6450.57331228348
4809.68101715457,5097.75068753367
3691.94676645866,4397.07192367766
4127.24789228913,6722.68362689243
4760.6448816101,6090.60128771632
4287.58047247523,5916.80947059076
4197.57134006155,6854.70368795528
2933.16439195235,893.053970045771
4082.54799280484,2620.79591823587
3726.22588311879,5802.12309201536
3858.64629864612,5922.15182384375
4265.82391460027,6975.86905470088
4596.04640931446,5109.68535416437
4100.92926933854,5066.26573118486
4629.5294370579,5258.9253496519
3893.52028217968,5706.75950703252
4853.38758813085,5955.68255390144
4316.11043799494,5564.90763850685
8273.02640964124,697.666459491572
5458.66920036307,7909.61506204388
3225.35435386783,7084.81559608648
4124.90874352771,4318.30329305714
4837.87530148409,6239.78462060009
3633.20814597159,1172.8366760597
3984.83007695964,5938.80344080982
2857.1224013202,6242.56912243411
4152.22709925748,5371.56595451843
3748.31860650847,6419.48626272674
4715.2469375229,5279.66893689098
3587.73722463567,2289.86453523369
2072.09196442788,2100.16025212245
3939.91845877824,5322.0652501608
3946.50796732454,5446.12928965844
4868.86296155937,4615.07875451163
4012.24123694976,4951.18144581738
4083.17624299538,378.897239245643
3029.73061825876,4667.19312718149
4579.30760481069,4848.71389260198
4282.83783808965,2804.24870930246
4216.7523695687,4614.62376226055
4472.1848590361,4329.783390292
3307.75091379395,3154.16185313651
4162.80008577269,4633.15116512422
3300.67357658059,5040.1797906928
4078.61761116843,4998.18138421505
3709.08200841327,2250.3098092569
2369.55788747241,2019.06126620849
3876.04473286484,6936.93930878645
7918.25465853219,4666.9660539112
3508.74124751253,4117.23266077379
3750.719656269,6377.99908824859
3507.33374644293,1983.31414034777
4181.64984078431,4645.42665308798
4136.19442067518,6565.8850937765
4196.74827599004,5544.73236872638
3558.2033840682,2207.62912583015
4367.83152885477,1706.6004120386
7302.4006421934,1158.0036538184
4290.72108919985,8098.52310871573
3859.2139093446,5803.31681239158
5015.12206948776,4772.61601575269
4515.38932650437,4228.56579720133
4556.97818411401,4039.54357961146
4946.45702917347,6151.41125578704
3737.27101244444,4014.13970464078
4290.27916820194,4289.14869200176
3939.06594225321,5826.16283594329
5643.65760326294,7640.85756672755
7749.35694479739,2957.75129715715
3480.39982438277,6518.37350052399
3458.42323114627,5196.35376660161
4843.40931782762,6089.80547413218
3911.9674627493,4925.43674951363
4315.43649842519,4680.32151418842
3536.29593980658,613.271316888753
4047.40674303696,5730.34468156462
3315.18039977787,6950.80642391851
3063.69408575955,4758.74932347589
4574.00172604455,6613.96458163237
2926.23077379259,558.485556164772
4136.32976860627,6421.58912189463
3649.83437927891,6248.1956344164
4377.15314673545,4437.08164190555
4204.35343154444,6804.69175159805
4613.06551219858,4405.65377101575
5325.6116683166,5244.14909572818
4006.3781737716,6500.0169311821
3326.67075739154,1736.94852204257
4436.80856716913,4545.97109783213
4097.89603609727,6042.01014500561
5016.41265425937,6514.79318510583
3036.17316895659,4216.63113057063
4446.96559999423,6655.50841871428
4798.87821636836,4733.40211110896
4305.44862461658,5157.19652456164
4513.76987379818,5918.45776036282
3460.28343605552,1770.87715889233
4526.73407733488,4922.42475155408
4407.61729885161,3996.46520082027
4491.52759431174,6051.89861507218
4002.27070393202,6143.62522203311
3987.06068275538,7504.68887278794
4398.44921413918,7070.66432222512
3992.49041864864,5696.47313017387
5114.57105425592,7557.3715629164
4498.77379368138,3702.01967180395
4023.79197575547,5481.25122402917
8162.34132203715,2758.55602791615
4337.29371789436,6170.90446004614
4306.14712914211,6323.21353895223
3513.53906328664,1141.29505710713
3395.0418250187,5159.52645699982
4391.63182739841,2575.10302542194
3773.73761333345,4725.2185934182
4524.61356944536,5767.96738189531
4679.06149073593,5638.73182266647
4474.45831747548,4771.87728762756
3725.72111465856,4853.60125360388
4819.09843318599,4140.13576978452
4182.7708865699,3503.67687875086
2497.16103210181,2229.62288462158
8634.83301425782,1696.48434013267
4197.74927015876,6355.03931663411
4110.37425628405,4926.23214024253
3705.96738441958,4721.12662314519
4401.28679656009,4161.1635157529
4368.13215276429,2948.828628486
7736.49516748619,2689.50545669567
4369.68426238181,6236.94303330707
3996.98415449464,3409.73408741453
3826.2895415379,145.432432536465
4648.12241921045,3628.70671964392
2633.94825835149,1996.95375935429
3638.62361335945,3575.7394479309
4522.25011089074,5983.64385743584
4106.10133194675,2823.0600594678
3306.25231114361,3584.83252726858
4697.12654135717,5917.49153611214
4054.20133314663,5125.37074687977
3800.60842472134,3634.10573550067
3840.91005840162,2840.7914373197
3780.7975647688,4845.53106112064
4607.03137827955,4586.32163739308
3477.48346248872,5571.10204509249
4125.72106960993,3499.64199393686
3885.10916280192,4988.74706068906
7952.0789528809,1352.14083424952
4532.21434579847,4357.00554284602
4532.74477866504,7170.68819493957
3738.38475660956,5194.98963555886
4282.42713428075,3337.38735950518
4425.4946680307,5283.13550424637
4917.67340101907,3067.77759942857
4694.68442641485,4447.02719743113
3622.54340981622,5400.20890071897
2882.38618639384,1431.53476207386
4485.67462202547,4837.74545022196
3781.39835244675,6389.59293354623
7631.73629358568,3013.67369279834
4024.72153412985,4084.2131627157
3398.99154108242,3573.46617809648
2374.49726358561,1345.37789877765
4306.21084926132,6946.94194977105
4029.51317527171,4941.46338641734
3595.70644917833,5834.57427261485
3751.80026231999,4555.63249462841
3676.654780924,3250.26416624449
3591.10336149681,5229.77074859652
4353.00500855197,317.348463764429
4052.66449676273,6414.31474299554
4689.35745273735,4609.67973865489
4686.47750283253,4307.33485067711
4038.96197145882,4341.20640206786
3789.24650656206,5346.55998633982
4288.22245771506,5483.58115646734
5132.86309060834,5976.88071053634
2014.02575209227,684.59515794366
3673.7779137763,5063.1966477663
3171.82405774641,3739.81278280117
7395.95621921609,1178.91765172401
3842.2299138495,5068.59566362304
7167.12462301001,3355.346022055
4205.72842325105,4971.30005299409
3690.47368754076,5520.29471800637
4023.36222946539,3557.38287858902
3852.75337430276,1859.193649674
3634.50299415265,1464.32665829259
3752.92774258699,6743.37055152774
3759.25734462274,3099.0917222556
3979.87298508127,5188.96563963975
3863.88319725547,1017.57236751162
4035.52575579725,6442.16229846718
3965.13080224927,4397.92439986557
4129.32351825709,3816.81979844212
3605.28245885888,2426.77216872607
8247.16088328547,4106.26379553852
3056.51489025763,2680.18509266007
4302.87443924271,4919.52607880204
4248.8820796042,2145.96668157152
3901.55253806625,5993.93023429449
3759.64392840496,877.027438855877
4043.18393415826,5622.648523159
4084.3086094017,4534.09351666044
3856.72191434577,4198.72913062458
4354.67661379973,5312.34719076076
3628.84613833397,2367.95131176047
3691.0876814504,4571.03415146976
4466.31591322198,5993.9873197535
3868.23273886243,5809.28414570693
3239.34491852749,5311.15389323979
3700.26971452822,5132.70221123787
3963.42844766236,3053.9673583279
4888.31050730748,5420.10001177014
4143.37242603477,6756.78267440872
4245.3234454025,5011.87766582533
4159.73239811811,4297.33220969252
4571.52459432664,5407.7107757436
3655.02191957065,5476.36344017201
3804.66339233202,5973.75496451402
3320.94338796416,5590.08401735199
3883.97822550251,5563.25934873479
4759.56226709697,5696.70020344416
3781.62039046491,5464.31544833379
2184.13561365906,1153.00243903991
8519.96216953771,900.896772117281
4394.49385575446,3728.10561229601
4614.79390444618,1862.20564763355
4094.69067341817,5631.74160249668
4911.18684357957,4986.98544570949
4367.23618543264,1924.94806420563
4021.82123237559,4992.95277902484
3703.9143895828,5443.68518630223
3744.72511803898,5481.08081336264
4227.59019980824,4218.90440040505
2992.58563703004,5197.26290539328
4145.92522081518,925.277654519716
4301.38091181969,2580.27475658077
3921.7111889535,6823.84413452409
4865.63780824302,5694.02902681767
3772.23130412045,4973.17541603644
4562.60186330501,5283.41966297567
4244.4759015281,5433.17131331805
3760.78681062031,5484.71779138456
3549.48357395468,5522.17008104872
4499.00515593996,3531.8085929518
4196.56327240339,3585.85583697827
3652.62334814303,5243.12620887374
3870.79855235439,3940.88341508451
3942.26048354181,3940.88341508451
3958.15283115753,2881.93779046479
4743.78216394598,4670.83052805867
3128.38968226203,2120.61968063222
4429.14325585091,6292.75146945786
3990.65033314918,5728.24182239673
3816.29633922726,4830.58439653039
4986.65068305465,6164.70963060525
3734.93766080296,2229.85038074712
4339.32007275282,3286.23878823075
4360.26734632059,6773.71845010409
3265.3611844245,4607.00856202839
4580.11123119775,3791.07510213838
3968.46853463379,2579.53602845563
3861.19973853484,4827.4019879043
3766.24800159106,5178.33801859279
4026.79437053652,5354.23227203099
3318.75254985929,5270.74626821983
3219.49961549217,2355.39166506741
4290.53253838691,6287.01163226806
4898.60080131864,6904.4314655832
3726.84316886149,2265.02918914924
4003.65906290483,6467.28201470856
3536.36959675844,4796.82659320241
4318.39763983263,4845.13357718382
4152.21213841653,4905.43189039969
2762.1317564591,2499.97158425095
3994.34128443666,1101.22867627549
1488.34258767838,2896.14572692991
3744.94503126045,6441.36648488303
3332.6960345556,4908.44388835925
9064.20199252718,3048.51146843977
3859.65172248501,5302.85620463101
4050.19901367738,6347.02578675463
4352.31426600264,4799.21318824435
4400.38902202088,5141.73820511654
2999.23815042605,4587.62868297682
4917.80376645989,5085.87268350673
4010.33571363213,4087.28224613427
4782.97686938917,3975.38036939287
3623.00738252578,1552.01806329808
4118.01458216377,4242.83081912546
4706.32079625267,5291.88776225098
3919.66396861089,4845.36065045411
4380.6343092353,3795.22373501514
4068.80518241339,6583.67334565978
3616.79300053519,6089.35090473634
3185.56032884185,6700.12133921476
3402.03163145421,6456.6543936616
4008.26086433342,8496.91364719772
4055.17622831771,7270.99622638332
3455.98903859216,4659.40709342756
4328.73362923104,4206.23100564921
4265.28100214773,4418.27008031258
3879.69928213557,5807.86335206042
4073.63221515082,5126.45071919322
4045.47090613243,4112.62903564594
3858.89686092968,4474.47684611069
3294.080506263,1692.44934960486
3979.25940194293,8173.99600550265
3304.20038808581,3616.03332488809
4742.08312697633,5319.84906578539
2032.2022914534,2303.10645887576
4070.82942553606,6148.79674176431
4655.82208701726,5054.67188588722
3456.1221037901,2203.87818831783
4293.32460819537,3252.08286668307
3572.96860046217,3790.56344728353
3424.67941934817,3598.13132494203
2808.21974972146,6123.62036291917
4025.82141033585,5842.30322090977
4930.23616926581,6062.35582545261
3323.28628457571,1784.11887110677
4748.62516580309,5323.37271859979
4702.41941085729,8133.13381108686
4425.89290764268,5323.82728799563
4843.12740953234,3850.29386589605
3930.88568023032,4561.71357600654
4326.9255064431,2730.4811877466
3540.50597662081,2523.27260005375
3488.66660011688,4384.91018377667
4730.50375201069,5831.39144113351
4462.6235830306,6698.70054556825
3983.04074544097,3997.9993196743
3563.51036222981,5451.81246424449
4164.11734654223,6862.37597364644
3541.01445496102,4948.39652112812
4957.81500283866,4318.98535857851
3590.52885185719,4333.87493770976
3936.88892658686,4449.35712986931
1235.40429686414,935.791527503906
2795.9833416383,976.53986814311
4163.3979793479,4190.48852747481
4952.34944559082,537.17365146709
4353.80171021579,5665.27233255436
8131.67515041504,1682.27640366755
3341.71381500925,3110.57181949047
3100.1740210722,369.122173671949
3767.62262726018,6206.93553320853
3360.31678123865,3320.90615320564
4344.71094068364,5549.90388845758
4336.90809243945,5435.78582734078
3035.42444623451,4561.20192115169
4082.05431855076,3934.68900849887
3724.1726544456,5184.13494124161
4228.26029161103,6807.76083501662
7662.28115859253,5301.88998038033
3665.65372510454,4642.47131773218
4449.65721736531,4889.29150543322
2066.65392845624,1486.71842958991
3375.93565048646,4353.82313421994
4171.68321321018,4570.29500048937
4849.71627637525,5015.40131863973
3754.74597462874,6676.25200595336
5047.89931420924,4111.37865266596
4542.44257938452,4884.17664830577
3606.26779621688,4902.98820989874
3518.99553033216,3789.48389782533
8753.1467400414,5751.88408238784
3830.27203896814,3718.21671937418
4512.47778716789,4690.66455365082
4191.07490821851,6720.29660899523
4554.36388164332,4565.52138755024
4257.10202262983,5661.80576519897
3250.48135202116,1149.36514387655
4430.59954476754,5170.94989163092
3587.48090259418,5877.36849267674
3362.30503572304,5699.65553879996
3807.05873107678,2815.95609123524
2992.65474709146,5168.50621112997
4419.81631526368,6308.60769569504
2852.46106033389,2849.82785405362
4155.87706067393,4269.99630907572
5162.32704310454,6823.16206900271
5186.12436587188,6564.29346660821
3570.49791959363,4762.61379762335
1043.28567787481,467.441067582133
4444.24623965074,6926.53918386503
3670.10089043201,4836.43798178296
4052.32552717587,2753.55470742386
4327.87145388902,2269.23469605739
4207.23569001214,5052.34195344904
4105.27863012825,4168.38123204823
3673.25072828108,4208.22011675433
5044.36429735288,5599.91582481481
3923.46742700844,4639.97097462747
3804.53398988061,3805.62385993656
4282.48361745111,4020.61869281097
4159.1230134378,287.113969680961
3866.54373373916,4002.3754486766
1453.64537831235,2932.91573964507
4468.29538663685,4582.79798457868
3956.08931316487,6554.97331400024
3493.41907929619,3455.02907343638
4024.97350651092,6500.0169311821
6716.49556147984,1402.72108806535
4649.9469554002,6565.14594279611
2061.86159416952,2060.32115598872
4154.64404284867,4102.68348012036
4576.84361361186,6822.25293021104
4129.65019811557,4972.83417184813
3971.16532173242,5229.99782186682
4085.17010059603,3320.9628158094
4325.04177879189,4779.49291071496
5101.07434151733,6555.08706206301
3684.70275617253,6487.40019903002
8890.72794954769,1082.36055779257
4965.94340300488,6114.18646224843
3470.91489785636,6214.6078188997
7720.81532734328,6461.88299885182
4228.22827578542,5623.72849547245
4236.48112149039,4433.3304929656
4353.9940805945,4427.07900092095
3855.89314938521,957.78539200915
4053.34323780013,5938.23512335122
4222.51818517483,5609.91804294415
3693.65513991403,948.976471400775
3782.98630495653,2874.60632610669
5031.09450053047,2013.32142901868
3493.28705599403,4847.00894022617
4044.36994793513,6079.06410502244
4552.888333897,3203.15069121167
4499.6668703492,3667.12523355876
4702.22055368783,5971.82293886791
3665.91461588229,5574.90985663619
4353.72110937994,6088.72550181873
4082.27918728688,6430.90969735785
3841.05685024564,3634.38989422997
4269.32015057465,6125.55281142052
3423.54039209992,4690.267069714
1736.28495617508,1928.58525365517
4957.591417515,4436.96789384278
1925.63622926841,2421.54377496349
4060.68276201617,6142.4885871159
3874.66987141754,6168.11953535687
4076.5517080717,5202.26401445795
4330.3159595551,1862.88771315493
3747.53277908727,5696.3593821111
4253.10849745649,5312.40385336452
3486.43468945822,3997.60183573747
8222.24036798001,1349.41288930546
4813.5243092588,6105.43420424381
3691.19542876488,3081.75803976815
3498.46231334172,3884.4495760161
4266.08199369182,3217.13134297887
3830.48592325013,5510.74664641761
4048.63922943933,6815.66061683333
3994.53095572466,5069.39147720719
3243.44248394928,4928.44874747319
3851.47712468467,6035.58781943918
5126.58713542193,4870.08245990342
3166.90762352257,4183.04373790918
3195.07994549907,697.552817142613
3240.10719171605,2490.7647568505
4006.89736528083,3539.31046797643
4262.84843647719,5173.45023473563
4251.72194738813,5102.18347913974
3705.39516556614,5901.06741527161
4104.7586928448,6032.40541081309
5623.77444075716,5561.44064829621
4177.15923906612,3312.8359607224
3065.37045212621,1704.89545966278
3750.91186805613,4643.32379392009
4599.9840208698,5013.41220753461
4151.66319159243,4620.47777036838
3863.80885791523,2578.91083696564
2972.82873500929,4779.54957331872
4275.41097536066,6446.70883813602
3715.43418399837,5782.34572902696
3966.1980223482,6508.31461979088
3990.57131968473,5868.33207594282
3579.88736196635,6476.54550471277
8330.66394586955,3075.7907064528
3179.11444612569,4839.27956907599
8511.37517193246,3167.85813474678
3942.32592323014,5554.22293200088
2720.25160309782,2898.13483803503
3679.74911143803,2401.87994861023
4180.34393575827,4310.91516609527
3718.24125339767,5737.78947113024
4684.95780583766,4985.22383072991
3981.86002030337,4769.26319646007
4027.45702236213,5320.18988711845
8472.06919577545,908.910090569134
3198.08334226038,2817.66104361106
4257.05489502381,6679.26442676817
5252.05268773863,4031.70088325377
2610.19691025125,2257.12961876016
3607.32291668341,7389.94540875352
3812.3991373478,6346.17331056672
4271.49742440988,4050.85284332455
1976.03898094984,582.070730696872
4303.60012488652,4133.48637094779
3836.85532639286,4169.00621211059
4475.42538170785,6643.51708947982
4749.45411824461,5543.82280707946
5070.39821706801,5164.52798891974
3795.66296243624,913.854431316233
4602.82541865441,4835.8130017206
4333.55371661304,5657.03172940459
2050.0570189806,1203.1280177461
2901.6471854441,318.712409808009
4060.80067534224,6268.31381873786
4276.82172088635,5248.35481406395
3561.92998368277,3249.01399469213
4385.01224653871,6645.10829379286
4358.7991787566,5487.78687480312
4320.06267489807,6397.89019929976
3881.64037278814,5223.4055084891
4808.22587848665,3548.97186477271
2705.07249677697,1795.65584237303
4055.78148898136,3867.05923092489
4184.30566076262,4237.65887653901
4276.2207661168,5138.89661782351
4314.33077411821,5337.18274827284
4617.72736950896,6106.45709109825
3678.77413358098,3805.05554247795
4306.37499721796,4891.67852333041
4716.12546593976,5371.73636518496
3512.62868451071,4981.87058858204
4282.22039020102,5816.61518720978
3969.95762260805,1374.41885748407
3201.23672485,1998.31767896941
3882.38484704884,6482.05826863229
3639.71622885237,6908.06886646037
3453.87791900429,2243.88769511809
4077.48514052848,4793.92792045037
4526.49392876866,5637.14061835342
3754.72721714704,4953.96637050665
3886.91188871119,4135.13466071985
3905.81063044887,6036.32697041956
3332.67673654249,1822.4802995626
4106.70039234872,4496.12957214144
3829.75451561165,5870.77575644377
3971.30317450907,3420.47524509664
3894.96288867132,6372.20258845502
3354.77297686971,4807.22671812383
3897.10578113432,3915.82078430214
4809.50281236993,4905.03398360762
4581.09890319503,6399.48182646806
1960.44150787972,1412.43935889302
7649.24244866984,4395.08281257255
3188.93727917115,2248.66151948484
3693.89365068842,5453.68782728683
1461.1620850329,2746.67823531684
4367.50565020906,4889.85982289182
3814.14428339708,5291.20569672961
3583.26112072269,5181.46376461511
4347.44967176786,5369.29268468401
4071.17667746038,5585.36706701662
3455.17695206541,3327.7259627089
4059.86679119138,4422.9874535032
4143.05122934677,4690.20998425499
3675.78819613011,6039.11147225358
3933.8883430602,3454.46075597778
8191.18522927304,2571.29542530586
4088.61513240558,6132.94093838238
4289.18767817898,5349.11741490354
3763.72991358382,4479.53504063438
3626.26297610212,2752.98638996525
2580.50331206045,1992.52096774822
3963.62745229662,6589.52693091236
4413.03595267697,5944.25954212558
4205.38244058381,4138.26040674217
8820.71813942779,1107.25288362222
3809.6330009516,6500.92649282902
4418.54218147592,5487.21855734452
2830.13493886562,5479.83043038265
2813.86229346708,2255.08363362365
4347.2549265812,2994.40777323716
4647.86843780922,6457.27937372397
4535.62629052978,4252.15097173343
4547.72015823021,4575.01237367999
3989.08566586836,5308.93728600913
4431.38546719023,5277.6231631821
4862.88468888574,6985.58753695617
8145.49293405104,1040.98702566337
4512.97074607623,6340.94512823176
3928.18339321225,2455.92698120908
3943.62747780965,6103.16093440939
3147.50512930447,955.739406872648
4218.52019433479,2724.51385443125
4226.80384702748,5105.30922516207
4569.99344511276,4972.4366879113
3594.06925376843,1710.18083317057
3180.08450781769,5592.64144591571
2340.85061578222,4472.54439760934
3836.80615234805,3097.95508733839
4090.22850604498,6866.46794391945
3767.13784583814,4211.74376956873
4537.41128592687,7040.88474110737
4313.28232576268,5750.46328874133
1182.82590194526,2801.29337394666
4082.89646826129,5149.35382820394
4661.40872670786,8167.97200958354
4106.10010173493,5059.90049107744
3897.8038235859,3002.70525041832
4076.20628386096,4530.74027451257
3829.33939000221,6118.27800966618
3973.05427458554,1978.54031598101
3947.98629409442,3292.26278414986
3814.17155706964,1721.31979193094
3519.04978168804,3736.57328871607
4320.76052787038,988.076733695551
4137.59479590308,6025.58560130983
3863.8854814452,2530.20594619215
3817.23075754663,3588.18576941645
4102.19730242754,4913.10417609086
4130.61536606281,4617.46534955357
3777.96438424556,4633.26491318699
3670.34557069738,3615.80582876254
4549.68349007256,6271.83747155226
3744.84143389406,5717.44379068324
4484.24701579064,5617.81782476086
4328.0619493084,5426.86315866963
3429.00009905745,7219.56349637959
3943.38911015242,5293.13814523096
4365.79218405887,4476.18179848651
2718.82295302024,3706.22539013972
4591.16472833096,4250.61643002415
3884.52576694387,3481.96727868873
3615.94623528181,2352.37945568023
4484.00587497333,2860.73942240225
4085.94969128197,6359.92667763601
3813.16343277903,1759.2834193085
4327.31304207721,3569.26088261596
3437.82000802006,4160.48145023152
3642.43214611419,7573.68193569416
3803.9249157658,5531.20607492738
4095.89292154285,6640.10718472819
4244.77592600107,3829.37986799044
4043.87758666878,4016.01506768312
3718.34545216223,5779.16332040087
3336.94489116164,507.734785968597
3930.7240233843,5492.04925574266
3675.32116482973,6190.90931916008
1454.72550771539,2784.18718758476
4625.48736208446,5263.64229998727
4162.27769793713,6025.6993493726
4407.73053096323,3599.83627731785
3438.26470911309,6962.17277309061
2718.97125095997,600.54104810153
4700.79687344434,3687.6413246723
1050.45928274388,2376.87398043162
4158.93617322452,5822.58252052513
3915.89966030904,5981.71140893449
3827.85785060334,5945.11201831349
8169.64737837797,3204.34420016027
4426.75775498515,5630.83246370501
4472.42541515462,5732.04963394043
3668.90798822306,5768.93360614599
2307.33418038125,4456.68859422741
5279.07369973575,6543.26572063983
8021.36128224255,2730.1970290173
4509.92538491725,5986.76960345817
4010.79736447511,5374.06629762314
4264.34244545692,6569.18125046536
4564.88694223677,6408.46115774296
4380.68984538267,6449.43667736627
4057.14605569885,4080.23494050547
6877.39426024373,3572.95494609689
4092.3533797929,6526.78451434029
4176.77884170978,4849.73677945642
4580.77786905267,3551.64304139921
4025.69276908812,5864.80842312842
4986.99518980814,5655.66759836184
8287.04296993109,2017.92463129128
4320.30396688623,5812.01198493718
4067.95194650254,6200.62737856012
4135.56608154796,2221.95059893042
4982.78814495183,7547.76682872388
3497.94684313668,5586.21954320453
4178.42657124538,4947.25988621091
3638.26515867086,6492.06048676163
4050.69730711776,5051.20531853183
3668.77394149036,1343.04775491185
3259.81656530914,5542.85658282878
3496.49417617724,5682.03769758321
3633.12051217307,4417.30427891715
4339.15869009663,6723.53610308033
4107.64777244,914.593265155183
4148.97129901456,5202.20735185419
3436.83161511916,1690.0055633901
4768.84668320044,3578.52437262017
4263.28986386513,5244.37659185372
4231.89427349032,6350.77693569457
4950.70844173021,3450.42565973616
3517.22213329153,6931.5402929297
3612.09523732943,2084.53152201082
1697.41136869532,1926.76655321659
3867.53324261486,8605.12146045818
4398.51140399619,6199.94531303874
4201.57420746286,6064.00369236942
3828.52537805107,3408.02913503871
3686.53103482823,2640.34599652635
3583.35059808457,4394.40074705117
4551.0975283161,6725.46855158169
4734.50891596112,4208.3338648171
3471.83219550619,5609.06556675624
3913.62051523772,5962.61611146747
3328.4866489502,565.646345571811
4085.4057915889,4844.16735293314
4339.39520215201,3967.99224243101
4316.99751497273,5457.60896403805
4298.40017763393,1161.41355857003
4554.61176992911,6550.7109330607
3871.04113228107,5160.09477445842
3979.90424072023,5478.58004740267
4537.81630249056,1801.79358635491
3791.79138657689,1170.39288984493
4300.97629649421,4362.23414803624
3522.63060268254,6166.58499364759
3285.73906147495,5507.45048972875
3002.75193982063,283.760886103811
5433.97339917883,6714.61343440919
3518.13769142916,2968.43558080787
4343.2414438794,7230.92984555168
4324.04467345426,5288.30744683282
2670.06163096676,3353.58440707542
4488.85061370348,2566.97617033494
4200.14711169813,5399.18601386453
4112.19133827055,5023.75566985227
3814.25707902086,5264.04020677935
3831.60510580721,1331.5108893594
4556.10771761798,5927.5508397005
4356.87767750514,3265.77935972097
4588.72417839643,6394.19613581883
2929.54073621977,5009.14982659508
3454.76853596823,1264.79046200472
3510.60570921151,1542.24302415284
4506.61392599916,2334.64807782833
4780.71912645738,5942.09959749868
8182.64295788037,242.501049180481
4795.61324436627,7269.12128619623
3072.52792080015,3149.5015654049
3575.39400240506,5321.4969327022
3855.18567240282,4394.23033638464
4662.37330285136,6381.46607845923
4757.47992298287,5799.79315957718
4236.67975648844,4458.33646114422
4111.86435454337,6017.23125009729
3915.54851198537,5887.37071080608
4379.85839177493,7300.83289296008
4282.96261767594,6235.52223966056
3502.64224776558,2672.34218487475
2889.42514994219,3131.37228076093
3252.02834770543,8037.88397416679
3862.54309171137,4015.95840507936
4367.54172648504,5847.53182609999
4221.07528169019,3840.85954237006
3781.23361979025,6530.99023267606
3410.86356298751,4391.84331848745
7481.71780793091,526.943937212203
8727.73522496655,333.204505002432
4049.53378227566,5753.70235997117
4241.22601332577,5040.40728681834
4129.51627749464,3971.57255784917
4083.43499989664,2873.41302858572
4645.69510838489,3954.06846469519
4163.99105807582,6093.84035894617
4471.19884096203,5771.26353858416
4736.77843996379,6380.7273503341
4157.02614696541,6196.64915634989
4427.33592740331,5888.84858991161
4141.58538363867,7730.59506258336
4150.71513655673,5478.1821406106
4809.97049620042,6271.21249148989
3660.25596515744,5302.96995269378
4258.88183747133,6759.90842043104
3627.62869833084,6064.06077782843
1845.28867010876,4880.99423967969
4417.05657879387,6692.50613898261
3977.69415689,1792.01844149586
4388.81019375431,4234.98769991251
4545.32333240951,6651.98518875513
4629.54738198743,6555.25747272954
3425.63578049275,1303.94749261707
3938.84073290376,5161.17474677187
4637.99087420424,4604.0532266726
3956.40901229611,1467.56615237769
1735.50132367433,7250.53679787355
4051.03587085125,5769.55858620835
3977.3733175646,4474.81766744376
4301.42896928775,3757.71478274722
2082.34643818306,2624.43310768541
3834.99021329587,5762.62502864232
4067.55905056413,6321.50858657642
4295.69553439919,6449.38001476251
4678.31842989957,4846.38353730855
3695.0165993478,3862.51269125605
3857.25901626557,100.080698018377
4217.08776062196,5525.29582707104
4908.05177560057,6784.8577260059
4291.68150116217,5378.10160529239
3734.77575860843,5620.14775719904
8718.22406140682,2932.17701151993
3737.43013798949,3581.19554924666
3996.82642976688,3569.31754521972
4880.25651068015,4081.08741669337
4133.52425559118,4818.76347796246
4058.18137867508,5442.88979557334
3960.8165329074,3108.98061517742
4238.99431400526,6099.46687092846
4205.03126438615,3858.53446904582
3772.07511804455,5506.31385481154
2686.33477335829,5571.21579315526
3693.5233881525,5620.03443199152
4244.01553699539,5711.24938409759
4019.21958756144,5065.6407511225
3912.06702934716,3680.93526323181
5003.38030233215,6589.35652024583
3683.19546848286,6119.52839264616
2647.83132590921,3566.64636859322
4420.79800748981,5544.67528326737
4406.77829935054,3318.91704210053
3932.77905659708,2822.09383521713
3956.00035683161,5418.73630358263
4099.64734370287,3463.3832132213
5320.27609308002,6435.28582636016
3318.20050333647,2406.76752103976
3945.29400731819,1849.53225287772
3874.93283990262,5359.06297042913
3116.05559710827,1459.60970795722
4381.59219809448,2891.71272389622
4118.30944154161,617.363234304852
4003.54657371083,5327.63509953933
3940.05227098444,1695.00677816858
3968.94359164021,6923.81134463478
4716.62521896963,5463.69004541618
4832.11147102834,4988.06541802294
4340.78588234421,6518.48724858676
3922.93431760375,6096.56862103168
3634.00746768755,6029.56382352006
1678.24540588018,3172.63217054117
4004.86773685786,6312.41550723874
8217.29522393236,2344.99132871836
3705.24400078876,2917.45763162759
4049.85268108627,4535.40056224418
4301.94077174673,5047.17043371784
4687.22555111831,4320.80363616185
4592.76008860224,4980.44979493553
3745.67149832757,811.102666514623
4079.30627823317,4614.39668899026
4219.37846384388,5032.28043173134
4519.8273956664,4506.64344512563
3647.20151539844,5360.48376407564
3964.08848340249,4863.83096785877
3268.58926669695,1367.3717632829
3348.23980853196,1214.94904202784
3393.79861944197,3291.29677132681
4237.79658899471,6677.95695832917
1779.8800852359,1274.67914349892
3918.08989452024,5755.23690168046
4366.45571231579,4478.2846576544
6695.6773272331,2337.83048645442
3718.59895937695,2178.360776712
2858.35528086498,3855.74954435656
3801.00386946177,3371.99785044869
4304.45512023237,4473.85186604833
3986.00880450522,4156.55989062505
3910.32031520862,2875.06110693015
4199.90617509177,2546.63048988794
2796.52632247039,2997.07873843603
4720.82267806403,6484.61569719601
2867.94170483234,282.396940060232
3439.95818688877,1822.30988889607
4287.63526608525,5099.22814378394
3933.9251283242,6579.75178605331
4756.64371812491,7397.95851577774
3914.10987901079,6136.18000961223
4180.63934752681,3552.1542733988
3054.69118911224,5120.25588975232
4485.38133733777,4631.84411954047
2000.16174980398,2115.90273029685
4571.91654250844,7244.51280195444
4269.87888055593,4658.49795463589
4404.73870904345,5626.4563347027
4451.32344666734,4952.31808073459
4742.28424403362,1966.83293404823
3637.17629313477,3348.58308658312
4176.58481755256,5487.72978934411
3787.6563996563,1560.08815006751
8263.08368170226,172.427511820195
4267.05843384225,5270.17795076123
4049.88147771238,4418.72507256366
4339.73951017444,3516.17986284016
4537.75250071326,6301.95829685831
4171.89214282161,5415.0422401017
3818.35047234072,2615.62418707704
3908.37035009686,6347.30994548393
3995.26952415492,3017.19734561274
2938.65165111426,2325.21396572997
3416.7194529429,5459.59807514317
3898.80747556969,3285.78400740729
3384.77802254671,7365.10942838618
2952.91109224464,1850.15744436771
1766.98355377716,1605.15574567763
8008.83352837211,5048.19332057228
4054.08952151389,4826.03785686155
4153.86241555962,2189.32921909202
4127.08098682665,5444.36725182361
2849.60117362874,3228.72497684889
7739.86813785827,1687.22074441465
5567.16796893001,5787.40392355064
3767.97765946384,34.5537003269294
4054.77048606997,5296.60471258635
4771.97108317424,3437.29748415686
4105.08986211299,4138.20332128316
4377.59851623401,5297.62759944079
1428.45106934614,2272.01940931903
3828.76174642739,5913.79747263121
4337.29699168281,3887.4049113719
4955.71316471586,6811.73905722685
3995.05670558967,5067.06154476901
8865.1191282064,6521.10133975424
4034.56465330929,3966.2872900552
2678.32316945665,1936.14379128357
8668.39323286525,3566.36220986392
3893.91925208458,4566.94218119675
4069.4696300717,5802.18017747437
3643.87907303494,6283.03341005782
4409.05507358348,3995.04440717375
4438.87637234033,2652.6783585215
2328.22944905336,321.895003433268
4017.63373122749,2874.32216737739
3064.94144234977,1130.15609834676
4952.26079768229,4822.96919629823
4191.75506654656,5539.78792226546
1043.14933210622,2235.07877450971
2852.47659330156,2419.27050512907
4281.45558428536,3628.30881285185
3574.46344807752,5379.5223989389
3044.68208030169,4447.70926295251
2606.00899858598,1006.94485217847
3732.82254393774,2848.35018637572
4838.79455307148,7775.32130829136
4896.4691758721,5377.87410916685
2580.89062481196,1452.9603091205
4292.96053389045,4112.68612110495
4048.49191492811,5918.62817102935
4264.4241609945,6608.84972450493
3911.69063325332,6782.64111877524
3890.08272884317,3834.43763965887
9412.68059349022,2172.39344339665
4124.89275543357,5151.85417130865
3405.87572971521,5491.31052761752
3290.29868721072,824.287610411492
4185.14990241637,6197.95620193363
3942.85496964958,6631.18451605705
4043.93438818843,7551.40422960105
4210.88321271687,6733.25458533563
3393.0336588679,4610.75928811308
4081.96385587398,5000.3409059867
4273.77775159307,4701.06510142749
4635.92210025408,5138.49871103144
4088.6489565402,3960.26329413609
3631.1385818976,5140.82906632487
3402.35913463193,4810.23871608338
4031.31278847324,980.859017400219
3868.76967339927,3235.88581911283
4506.58731986017,5718.97833239252
3697.47851017118,3574.26199168063
2866.76274267318,3062.66274230113
3461.27233724202,3044.70386832369
3917.58593749883,5033.70122537786
3802.48046359273,3604.26906892391
2779.36412634408,5046.77252692577
4131.42352705054,5778.99248687909
5157.87476390596,6702.84960130027
8286.07998915232,693.688237281338
3995.93773254663,5806.89712780974
4023.95363438552,4512.15620904515
4577.99074276433,5181.91833401095
4098.90645018337,4214.13078746592
3160.82486439376,5623.04642995107
4315.59869227492,1770.02468270442
3868.40768632957,3733.67503881929
4343.06805978436,6278.03230099315
5109.28369656302,6813.55775766544
4056.74227753842,4205.20811879477
3418.13638112898,1658.40707040615
4294.42313979006,4983.46179289509
3994.48470261189,2655.74744194006
3819.63693256913,3355.9143395136
3967.6825302252,5653.05350719436
3732.17594568986,3418.37259735637
3675.82432929281,7250.65096879157
4078.09232618456,5127.13236185934
3103.24981172307,5740.46064775673
5061.01039054681,5979.38147649631
3470.36976144935,4525.68207998889
4417.52993327925,3332.72707177357
4595.7904639892,5060.35506047327
3749.57387188228,6086.67972810985
4140.70328497622,5455.90401166224
4342.01485569521,4833.93763867826
4079.67065968338,5091.49919548902
4070.32118495338,3799.03154655884
2797.99803899127,3069.31192971023
4239.11545636314,4966.24185847041
3672.83533319636,3444.28770432665
2791.6329722846,2863.41059902875
3123.78187624514,1935.91650658565
3311.95956483106,882.710613441926
8513.58947158096,2107.6052531157
3872.18294108359,4868.43459298662
4452.98219618373,5500.00570016313
3591.56825565019,2596.07410878656
3601.52703780849,2603.51889835218
4756.37130423391,5079.10953660723
3964.95648355735,4713.79515878709
3744.07843346449,5026.65391974906
1819.0179241469,4487.94605445068
3644.44275743703,5593.32351143709
3179.39447259449,76.2681991456791
4964.75136873786,7263.32394069216
3848.77463243536,5696.98436217346
3284.23638285258,5856.28366124935
4467.16595847511,6893.57677126595
4119.23014804132,966.423796237181
4402.00565590822,8448.09585407197
4351.13057626303,6059.68464882612
3651.01171706358,6969.33340392692
8329.69198153102,2963.88904113903
4154.71109247305,3851.71465954256
3595.31616877977,4575.35319501305
4483.53175117532,6734.04997606452
2996.31132924453,3063.96978788487
4049.40782847847,4189.01107122453
4188.73879995505,5634.24236845664
3656.83241999497,4321.94027107905
4342.01138337887,5320.7015419733
3938.83917645448,5102.58138593181
3546.62323971285,1073.21060442351
3058.13810862443,477.954940566322
3873.8591631093,5364.3482382231
3478.77643829296,2380.05660048533
4585.13776112062,5323.99769866216
4000.02604272484,5161.91347489701
4769.73066107834,8435.19454033534
2537.17448107397,1767.1830954114
827.947424638816,5498.35741039107
3806.80176525178,5640.72093377158
4372.38849609058,4576.20567120096
3366.82109013917,4843.48528741177
3971.93017225392,4467.65703660744
4139.75089146632,5294.95684566955
2685.38682794885,1284.39741432659
4039.3970876139,5451.41455745241
4028.59067480855,5867.19544102561
2117.82356338883,1644.71068308206
8452.96029345155,5057.51347318025
4150.27948965617,5864.86550858743
8253.77302640119,189.761194307643
3682.43784027575,5692.43782250462
4315.53781716427,2092.4310923999
4216.42573518337,7733.37914156212
4681.57504117972,6563.32766521278
3633.18410529045,5053.9902432211
4525.71690477793,6634.70816887145
3803.36568685822,6430.73928669132
3957.54021925794,4641.05052408567
3863.57047656573,1909.48974476053
4014.31514751945,4698.6780835303
4154.98959002979,5155.77573091513
3166.48652055424,1229.8957066181
3948.04756300435,5982.56388512239
3787.94801799001,5793.71207819906
4728.13337566415,5466.75912883474
3597.26914129004,1645.44941120719
8133.18822642438,5543.59573380917
4289.40496943898,5863.95594694051
4591.89698793671,4992.04364023317
4060.98355751015,6666.81810528262
3869.76940145598,7952.0113753137
4163.94675151536,2032.87150730916
4351.01572043931,4986.47379085464
4029.89225437634,1470.12358094141
4230.92957004896,1091.16947840094
4031.80353773551,4356.55097345019
4040.29534615311,5389.58170252726
8644.64915269088,2312.82472970343
3983.98413325189,6200.62737856012
4557.03554902035,5767.34197897769
4208.64362999404,4473.79478058932
4125.64388556202,5601.73452525339
4087.48654787729,5110.9353142891
3919.55477953782,5731.08340968975
4012.46065191023,5474.9426465255
3992.7957342723,4117.85764083616
3788.02988019182,6078.32537689731
4362.76428280835,4570.01084176007
3977.49050994187,5181.97499661471
2157.62007962477,1757.97626801095
4276.84039155752,4706.46411728424
3120.19062485647,6055.19477176104
4501.42889350312,5718.35335233016
4627.94837147339,6005.52407959213
4068.50369594276,5108.83287797647
3610.06660524041,2670.01204100895
4173.90116745496,5387.76300208867
3983.80133058074,5450.67582932728
3739.81845767947,6542.92489930677
3029.31067363251,2809.24981836713
4195.2020171932,6289.1711540397
4238.93279086137,4019.82287922682
4319.43198719766,5290.0690618124
4645.03032878986,535.127719187494
2604.96765736641,1684.54967350197
4405.16311210493,6016.7200180977
3527.65631465874,2637.90210459777
3478.68447543146,5513.64531916964
3765.4281646747,4653.26934944568
4568.55736990432,6166.86915237689
4000.77122308489,5860.26188345958
3833.88196396807,3761.920501083
2367.60736665129,5011.47975903326
4021.96492050223,5306.66401617471
3715.9728850317,1856.46581044374
4395.88737321391,6493.19712167884
5021.29864856459,4508.34839750144
3930.60995336128,3451.56229465337
3150.93696234022,1075.93854936757
3926.39365037108,6009.9568711982
4144.85903117735,6176.87179336149
4793.69623664723,4193.61427349713
2090.02204108358,604.462396280378
3867.21229828961,6373.68004470529
4044.76000750745,6262.46023348528
3257.42371468296,2931.32453533203
3916.36124402908,5579.0018269092
4526.11182635358,4782.90281546659
4358.44785941442,4473.68103252655
4930.77555508071,3551.64304139921
4168.96418031899,4994.99855273372
3552.11882860744,3881.32382999377
8485.66431286486,4271.30335465947
3263.86224568311,6969.95880684454
4208.00596669665,6266.26804502898
2375.68909957246,1930.40374266613
3077.88282685945,1265.07462073402
3327.52101625469,4863.83096785877
4751.32013684283,5886.06366522234
7965.05266654627,1895.79325172262
4390.06222916201,2172.67760212595
4257.38445778802,7611.5892176094
4161.51755449335,3165.18716954792
4063.07267210405,5197.20624278952
4177.31849802931,3982.59808568821
4283.34612097858,5309.61935153051
2701.07000792978,2460.35977281515
4607.22175285907,7261.05067085774
3617.04455699668,4193.04595603853
3950.73675391118,5519.21474569292
4204.79453454171,7275.08861951158
4316.3560308712,5605.31484067155
4750.35572458008,5017.78833653692
3969.41000099565,3638.14104316991
3507.51279722311,5163.90258600212
4403.77834461777,6178.5767457373
3574.53899021508,4700.55344657265
4198.45639791411,2999.69304103114
4710.94353327661,6188.46521580388
3529.53856640621,4703.05421253261
7385.87012223579,1695.2340628665
3523.80674422842,5300.07170279699
3837.24363355197,1926.65301658144
3123.80244093873,3189.79523093446
2700.97063827324,1585.43515100681
4263.92168019971,1165.39167506645
3604.47330537766,3867.96836971656
6129.84488445464,5516.9414758585
4740.74983128073,6062.52623611915
4390.57126562933,6744.73425971524
3842.05131383248,6778.9470552943
8487.30081718618,1827.7657787842
1909.85500598127,1065.87935149303
4014.32653129602,3835.51761197232
4597.37759260134,5897.4866769982
7848.17389803643,3279.3621046961
3920.78390181353,1888.74615752145
3449.69157605059,1476.09091425676
8571.37742404725,202.491502737546
4976.76021418405,6191.87512055551
4452.09492765477,5506.76842420737
4517.61650532935,5889.24607384843
4276.81830642711,5091.78335421832
3972.22135376452,562.634241898443
1926.83150446165,922.776994273567
4774.80147758079,5372.7592520394
4787.99961585049,6039.33896837912
3867.57661505405,6385.67137393976
2748.08192908134,167.312654692752
4074.00085426827,4700.32595044711
2257.44190206237,1982.23437946194
3214.51912368618,3377.79456166989
2575.15835869878,2413.98502590747
4608.25707539318,6020.64115484892
2833.02383812664,938.917273526232
5013.18656312457,3482.93329151178
3505.26545137164,1433.12607210071
4102.00012923701,4399.79976290792
3934.8442765017,4001.86421667701
3515.77623059646,4191.11393039242
3859.07353727313,5551.38134470785
4580.07749359664,6713.30638882545
4396.23667826145,2452.34645436329
3424.52562272775,7065.49280249391
2804.40032500159,4968.11722151276
3864.10708803725,1840.89374293587
4784.35197852358,6166.6420791066
4281.80231243727,3271.57607094217
3409.46051607512,6397.833536696
3792.56487647451,5062.45791964116
3562.75947637034,5332.86328187429
3825.79582507478,5033.70122537786
3951.85669877329,1168.91532788085
4036.27672085529,4035.50827194222
3770.75090523621,4871.44659094617
4015.11467802477,6302.92452110899
3624.22817682179,3001.22758274042
3393.66117577285,669.762082845455
4108.99903994593,6952.51137629432
4129.8332432987,3717.70548737459
3977.24050919302,5802.86182014049
3485.38780623172,6627.77461130542
3615.45471736128,4908.78513254756
8677.6253725553,3040.21420268624
3347.1563764417,5269.95087749094
5128.7861622953,4946.63490614854
2879.6425561716,3472.53316659036
2713.73935652219,3892.91767529141
5748.76669839017,7179.09963161112
4601.11897225349,5530.24027353195
4156.01208291306,4448.33424301487
4704.95763783065,1130.09922431537
4015.8959429142,4201.68446598037
7913.73358687002,2085.83856759456
4828.78048103356,4554.83710389952
3220.21929595533,5927.15293290842
4249.09191917176,6475.0680484625
1978.11250745838,2661.77143785917
3626.08276500107,5724.8319176451
4214.09314952279,5930.90408184836
4261.35559910646,4306.82319582227
3420.9837647923,5112.18569726908
4567.41417757558,4883.49500563965
4176.82149753654,4455.15405251813
4236.85363494386,6310.71055486293
945.622834803456,538.082948829477
3813.40706809759,3185.93075678699
3951.94476506354,2798.28137598711
4192.65033860136,4795.34871409689
4366.87021646008,6239.95503126663
4444.87467852372,2001.44342499174
4214.48015526011,6204.03728331175
4088.48003334204,4636.049415021
3534.57411066116,6071.39181933128
3382.02410097038,4975.50534847462
4070.07041620072,4856.49992635592
2889.52083266984,5165.60753837794
4137.99718453536,4403.43716378509
3208.66520773088,5803.1459788698
3289.10032029463,7740.88143944201
3309.70926914967,4090.91922415619
4683.86056629121,5800.02023284747
3686.50481555324,1249.50265893996
3872.18034340342,7209.3337821247
4387.74347418292,5285.80668087286
4161.89710223769,6846.00851540968
4219.31839301315,3248.04777044145
3449.34046914997,5623.10309255483
2437.80062240615,3674.68377118715
3304.47398498857,1937.73520702424
4695.4378823788,6743.4272141315
3992.79630870928,5793.14376074045
4449.25854068207,5640.03886825021
4944.52307036742,4242.48957493715
4172.27487404646,6555.029976604
4530.38316024549,4251.46890621206
3945.66238423077,3321.47447066425
1958.90811485428,942.21343021509
4332.75857625616,3930.14246883003
3577.64695318399,4228.79329332687
3974.12796069232,4750.96328972195
3846.60045621835,4810.46621220893
4110.69735024709,3663.26033655605
3854.81350715032,5308.82353794636
3331.24455102859,3930.88119695517
5349.37212177173,3842.10992535004
3947.54539178109,2420.12298131697
4182.32300853318,5947.66944687721
4470.32196400514,5262.78982379936
4172.65165305579,5039.83896935974
2908.9915507505,7269.06377788197
3741.26467593129,1452.39199166189
4296.96346548055,6537.41213538725
4573.93088273849,6513.77029825139
4130.23902118646,3454.51741858154
4711.69294028392,5606.9060449846
3843.8271426981,7121.47207216649
3792.12363447158,3582.16177349734
3593.99314079315,8759.64714659494
4262.81001923471,6786.16477158964
4101.71745093379,6608.79306190117
4421.00463958553,7223.76921471536
2768.46538199235,5341.44512921238
1879.96353159487,1249.61640700273
3824.71353705767,5073.25595135465
2057.82804432173,2128.57612505269
8408.88391666403,196.296845081599
4264.9893361214,6186.1352833657
4151.61341914454,4278.35066028827
4138.72798690924,5063.42414389184
4121.49270870466,5000.625064716
4861.27779499968,5530.63775746878
4313.04402988538,5939.2013476019
3902.50244480585,5495.06125370221
4140.72573452423,5021.42531455884
4553.80322967322,3917.18491534489
3836.08630661136,5608.15642796458
4074.05763171541,5220.166014404
3059.69825909823,5830.02773294601
7801.56949607434,479.148449514917
4787.66851545861,6068.15274810143
3839.73637071092,4828.4815373625
4587.00405514637,4742.3247797801
4287.13319076843,1564.63468973635
3680.54959479182,3546.24402554246
4238.01819531132,7411.37063865872
3803.03180354443,5220.79141732162
2503.0895616278,1886.07498089496
3889.95038184662,4071.31227183432
3456.54821733634,1298.60535079171
4398.40056130922,7308.73267477679
3991.79150125849,5518.81683890085
4436.8201411614,5814.45566543813
4320.19322700331,5905.84102821074
4543.76310281005,6959.89950325619
4420.91999385746,5855.60201858322
3443.16699473731,3735.49373925787
3362.4517436373,4269.31424355435
4848.24844501331,5719.43290178835
4213.74436733688,552.972845102161
3698.15924254723,4028.40430370966
3582.27657195883,5018.86788599512
4232.94785716255,4711.63563701544
6427.14526712213,1396.64011240104
4346.09688593943,5779.5608043377
4478.4745378516,4641.61884154428
4310.49865628997,5308.02814721746
2926.23143705127,906.182145625068
1559.74543972038,741.597420184488
4396.27977239801,5433.00090265151
4787.20438877688,6406.69911990813
4205.03607285271,7414.43972207729
8176.317592152,3196.16047104188
4287.71146277927,6955.86419558694
3987.35240971742,3201.95718226307
4510.63070926451,5239.54589345558
3861.95856949099,5725.68439383301
4741.94871203478,3339.83104000613
3936.37845240553,5880.60798676184
4815.66785268359,5115.31144329141
4771.35005141954,5391.85497236168
3943.02587033236,5182.31624080302
2951.81043348235,1029.33651776197
4052.82203136748,2479.96672513701
3934.29492167649,3319.59889619428
4200.2655081175,4596.15344485589
4565.45955151507,3622.51231305828
3978.85658023815,1784.00533447163
4492.73201705477,5156.40071097749
3035.25105074425,1361.40442996754
4695.81982106218,3540.67438759156
1598.15151215041,2452.51707645745
4025.76763586363,4646.44953994242
4328.3786547732,4366.89443576785
3425.92532980723,3247.59320104562
3946.16641871566,4033.2350021078
3798.77913480918,5023.69858439326
3898.99837723802,3315.84795868196
4436.54732169223,5797.00823488791
4201.88283727728,5297.79843296258
4441.04041139023,6118.67591645825
8065.59337026671,4018.85665497614
3941.40451441454,6667.38642274123
4202.56559908527,4454.30157633022
3915.48828450839,5253.64008185793
9935.32400916751,2160.51565079733
4733.28795077683,3310.33540619007
4358.96976505955,7938.37175630719
3650.04828729662,3761.40884622815
4153.21779277243,4348.82202515526
3645.77626836984,3329.54445171986
3788.00402063706,4397.8106518028
3425.48339787564,3941.73589127242
4257.4915989392,5270.80335367884
4166.44390784752,3630.52542008251
4185.5203072057,2547.2554699503
4383.09638883562,5534.67306513802
4622.92161453867,4752.27033530569
4057.11514570521,5787.74474488371
4428.17164018396,2502.81317154398
3995.52701543948,1410.39337375652
4060.44802131639,5889.98522482882
3522.35226149464,1449.94831116094
2504.16846773429,4214.92617819481
2918.60451735658,3860.864401484
3866.11300293811,6712.45391263754
4551.03827414771,3790.79094340907
4269.22288004631,3375.63503989824
4711.78694386533,6887.83693407614
3817.95547567359,3805.8513560621
4042.11994942345,5238.18176241283
3479.0398478672,5922.43598257305
4474.45227779828,5261.02820881979
4261.80892019922,3344.43445370636
3890.95883484253,5212.55081417185
4926.80317537802,6243.70575735132
3754.44446747562,4000.1592643012
4920.45385182758,6880.2779735925
4352.87430344728,5732.1633820032
2635.49265910256,816.501629514462
3883.97326612166,3685.08389610857
3848.05341929822,7646.36990779182
3995.17906749947,2931.55182002994
3696.27055064095,4861.78519414989
3875.50156644333,1916.93474575377
3970.74260210234,4412.64399118554
4357.06067375277,5078.48455654487
4121.47762063653,5453.68782728683
4484.53193682875,4726.52563900194
4060.13073776456,5705.90703084461
3609.00127419834,5374.63461508175
4606.90074313918,5456.13150778778
3128.36723943657,3226.28129634794
4127.57650885308,6143.96604336617
4510.08201397102,5287.22747451937
3943.48712637823,5361.27915480453
4202.3645249554,5713.06766168093
7304.70058694684,2205.81042539156
2439.91330971379,4103.59304176728
3382.31363073282,5582.86630105666
3829.49185066988,4775.05969625364
8672.95047589583,1782.98223618956
4194.77126920311,4567.73757192565
4344.54990298232,6322.41772536809
3957.33966776745,5390.32043065239
7823.68262641144,506.541329876908
4063.73831354075,6769.51315462356
3889.61176749748,1215.74464418436
4090.04870276639,5194.9329729551
2346.07680347583,5012.04807649186
3616.26449377672,3649.50739234201
4192.54033379524,4807.45379139412
3052.09234095076,265.404237476566
2455.77838156748,4093.98830757475
4230.72980824868,5302.62913136072
3898.43170287989,6764.45496009988
3701.34477609057,7077.54121718739
3864.36824157002,4465.95208423162
3361.37369264907,6624.25095849102
3958.40824343462,4726.52563900194
4322.7358825468,5059.67341780715
3514.27283873543,2555.38253646493
3389.26109192473,5151.17252864253
4231.01709340327,5661.4078584069
4046.52372982854,5047.2270963216
4360.28482959041,5490.74221015892
3800.08918160134,3711.11275114162
3888.65352289425,3283.85177033356
4051.49328504902,6219.83642408991
2992.66651803702,3586.08291024856
3695.88265452629,4583.82129428837
3976.12512120436,5587.29909266273
4992.78146874273,6791.84794617568
2817.3495368938,3142.62488187025
3621.33701503466,3754.98694351697
2887.78250315149,131.735979141243
3956.17327231346,3357.16472249358
4248.80567018705,6119.35798197963
3179.83192638862,2612.78259978401
4159.89675188923,3859.89817723332
3979.00058033005,4238.96592212275
3461.22271576296,1747.46239502676
3569.71074888468,4044.14678188406
3851.35965659496,4504.25685008369
2621.06400764991,5499.20988657898
3879.03984821096,670.671380207842
3728.95899609032,4760.05636905963
3847.29943268392,6462.05340951835
4261.35335073897,4345.80960434046
4378.37370655525,1141.86337456573
2867.02419568917,6135.10046015403
3781.82849180989,7004.05785436083
4591.41640083665,6348.84448719321
4170.86365674875,3301.75377027961
3597.45534417316,2058.27517085222
3478.24215889249,3213.32353143517
3952.71483930256,5416.63344441475
3666.39960411985,5376.68081164588
4376.68752372777,4805.57842835177
7622.89405103267,3664.39697147326
4269.43804420079,3629.9571026239
8683.83482400672,701.246880623545
4931.49512466503,6440.57109415413
4088.20478960928,6939.15591601711
3961.30066414458,5587.29909266273
4204.07754589269,5482.72868027944
4381.68109743144,5471.47607917011
4365.26404874264,5324.85017485006
4244.92447163443,403.903207424256
3527.51016788445,4592.74354010426
4006.20500393872,6025.131031914
8035.9950898237,6854.47661468499
3445.1465772518,6223.98505696668
3796.52819378388,3740.72234444809
8138.73380742537,637.652146434282
3561.52984984324,5305.18655992444
8280.73468566895,4669.80764120423
3797.69107334337,4523.23839948794
4303.34936761061,4039.71399027799
4877.23873704679,1245.12663565147
3909.23480728606,4071.02811310502
4153.0608515788,2492.92449004978
3670.33100586356,1250.80981023752
4091.40181024945,4610.87303617586
3892.20341237096,5323.31563314078
8210.74457516423,3841.65535595421
2253.4557353656,501.710631478767
2786.94301479872,1044.79473149326
3781.031743664,5793.37125686599
3574.58028484016,3102.21746827793
3418.41722034341,3872.06033998957
3592.28810778566,4439.12741561442
4436.60008635959,6422.95325293738
3394.35541117354,6393.45740769369
3792.07131979051,5163.84592339836
2705.13508706254,446.129162884451
4852.33999263116,5392.59370048681
4118.63132643506,5564.73680498507
4695.30369725324,4987.49710056433
3141.98122390373,470.566813604459
4083.13446935735,7003.71661017252
3764.6186569025,3485.03615067967
3894.93638277531,3603.35993013225
4333.98161194851,5513.47490850311
4481.61260740158,5846.33810572376
3908.96985015609,5820.19550262794
4004.47305397499,5875.32229611261
4176.89170218653,6408.68823101325
4530.17045201376,4786.59687894752
4408.40870018991,4903.78360062764
4459.5783127785,3568.01049963598
3934.37531012872,5681.92394952043
3417.16498755316,3291.41030796195
3943.43277372015,3512.94058018269
4403.26928123762,4446.79970130559
4138.55558279096,6688.75499004267
3454.05365373629,6577.19435748959
3452.0523227444,5435.33125794495
3939.55491119423,1866.24074387517
4035.34267223147,4583.87795689213
3913.3520834196,4974.53912422394
4198.40259399564,5333.65909545844
3547.17063072275,1928.4715055924
4311.07157395242,5433.96712690219
3531.40994636074,5082.00820935927
4541.1167929786,5894.87258583072
4826.03671139767,5710.28315984692
3150.25796698202,5021.59614808062
3987.30167302767,614.407951805963
3718.77210840048,3493.84507128804
4267.59899206707,5196.35376660161
3871.37081918172,5458.29102955943
3494.52336494997,4362.5749693693
3946.65739665262,6293.60394564577
3844.15802842274,2754.57780570592
3397.37221068781,5062.45791964116
3678.84730247742,5532.79770209568
5354.76442300641,7152.33204845293
3312.29687936094,1356.2895728401
4457.62568271997,5680.61690393669
3705.44578033706,6079.68950794006
4673.27805250981,6034.79242871028
4321.24097841532,7229.62322282319
4144.04430772574,6468.19115350023
3906.5677999026,6470.74858206395
3389.2560170345,4990.73617179418
3851.50010173901,4587.45827231029
3754.09980492134,2621.42089829823
3667.43965215998,3284.93153121938
8081.88293598787,607.360857604788
3356.73151090735,4870.65077736203
3563.28742835631,4213.95995394414
3249.50116550673,1572.42072349028
4102.92272688282,4800.46357122433
4271.56505596142,5651.29189221478
4536.01394200958,4877.58433492806
4054.50654314849,6723.6498511431
4610.49937928798,4535.85513164002
3492.42249823963,4182.70249372087
4262.36883144708,5439.76404955101
4857.21740718792,2085.04296543804
5043.16375649445,4054.94481359755
3566.13904823449,4816.88811492011
2427.17757572502,1759.39706165746
4238.63102593876,4758.18100601728
4004.63103224101,2985.5419785974
4757.12967891533,5899.9307803544
4371.93349074294,2811.57996223294
3775.7768158724,4979.54065614386
3227.74401028899,3157.57175788814
4336.64848296006,3789.71097109562
3554.21339620342,5513.24741237757
2362.09053613985,188.567725001727
3817.45490378023,3334.03411735731
4353.17128263463,5644.98331471112
1164.59120719856,2990.14539229763
4538.80456321313,9174.91637531329
4221.1751264025,3847.96351060262
9065.97766641443,4952.8863981932
4016.65146728616,6334.52280266532
4371.04932266973,7198.93408005853
3717.13813954005,4296.99138835945
4217.9520129963,6358.61963205227
3940.24483189983,7142.55648073863
4401.81612230056,6968.87883453109
3721.57004475213,6062.86705745221
3710.41930383489,5722.78614393622
3361.20247193909,435.444826376824
4162.73549766556,7647.50654270903
4545.0199673407,7272.36035742608
8537.25969824975,689.596372722145
4558.7859566889,6908.69384652274
3767.4007909867,6497.97115747322
4053.30167842692,5460.45055133108
3282.61461034294,2609.65685376169
4569.7957702737,5632.99198547666
3540.42750666112,2829.48196217899
4053.86838924044,5612.47547150787
3930.28726146193,5150.14921893284
4535.65360806993,5807.69251853864
3469.62024718467,4885.37036868199
4078.4065706257,5748.4170921772
2381.41672605709,1114.5841365527
3899.74789974986,4432.762175507
3275.40261025696,5878.56179019771
4045.32589345002,3691.84704300807
5171.53965018241,5549.84722585382
4849.50754197214,5927.32334357495
3788.12163785058,5897.43001439444
4272.57020786289,4541.197484893
4332.23111378385,5102.58138593181
2955.40166114165,1101.62647735375
4270.55262394656,6722.11530943382
4032.52742155434,3861.54646700538
3970.13713898431,3787.38103865744
4813.33859277875,2041.16898449032
5387.87517046933,4135.64589271944
3560.03550497677,1604.75794459937
3691.36515957092,4054.03567480588
4175.98895897554,3482.64913278248
4290.71769961169,3471.85110106899
4608.16205842459,4368.20148135159
4984.32939481681,4519.82849473631
4585.45103836955,6866.24087064916
4061.25471909909,5337.40982154313
4498.10981821747,5343.37715485848
4366.48166677466,3327.89637337543
4165.1170780042,5429.53433529613
3608.83490471677,5418.39505939432
3941.86836624725,7090.8966774646
3945.90402025381,5222.04137744635
3838.19612954044,4840.92785884804
4616.00582091382,6631.46867478635
4267.77075380278,4655.14471248802
4316.05740807848,6851.52127932919
3652.24017048715,4172.87068625806
4027.77278861831,6463.30379249833
3172.18151965747,796.610571320199
4437.14937162979,4826.94741850847
3527.44901198993,5901.35157400091
4586.93523433643,4312.10846361624
4113.20330346638,3705.48666201459
4100.02710271234,5185.78280815841
4102.1489459635,4542.16328628843
3403.74193040408,4864.34262271361
4211.53899412964,1635.95853079125
3502.45190706942,5024.15357664434
3613.6516996091,1472.62413547375
4414.08658404962,4754.94151193218
4486.82779143179,2873.46969118948
4543.22428549799,3691.449136216
5236.67703065855,4972.55001311882
4144.02086798168,4366.66693964231
3984.01616086523,2921.03794704575
3923.60829676216,5323.48604380731
4385.27270561239,5524.61376154966
6857.95382032266,1578.1606663939
3140.18265022604,4570.86331794797
4384.51403411305,1790.82514397489
4951.82067211275,5839.40497101299
4161.85089676429,4049.48913513705
4148.74120197752,6401.01594532209
5013.47202198723,5218.63147269472
3713.79885483753,4448.84589786972
3865.33809594324,2921.66313853574
4305.9930172038,3617.05621174252
1737.51621401354,293.876931581287
3472.51321224807,4452.99453074648
4337.17291660497,5413.67810905895
4049.99723668192,3872.28783611511
4461.15265873815,6363.39366784665
5104.64527645045,6334.06823326949
4634.7491376447,3541.98164460292
4096.56828401602,6350.71985023556
4933.98023130681,6498.19823074351
3535.70912359871,6587.36740914071
4686.05468520741,5557.29201541944
3980.58694503626,5057.96846543133
3823.29612361631,5258.18662152677
4239.42707083456,6510.13289737422
3602.32889003705,6193.63715839033
3930.34045999892,6627.20629384681
6538.97747686856,3705.25916588905
3605.51233511029,3388.13802398754
3813.56369096826,3968.73097055615
3535.05257364594,5626.62674536923
3681.7473943917,3193.26200971747
2817.945178954,350.708677441771
3886.1536993168,784.732725863977
3919.3984161375,853.499138355162
3090.86978631151,4716.86424220566
3700.00522087087,3991.69116502588
8630.83328430733,2642.67614039215
3613.26192675204,1438.24092922816
5002.99304161179,4649.00696850614
2274.6289660274,639.072940080794
3579.34303463902,5325.3047442459
4587.65432664894,7366.36023422142
4155.93360255565,5523.87503342453
4445.46756025372,6734.16372412729
3961.5819081444,5287.73912937422
3767.40667095866,3951.28396286118
8508.96122381178,1607.37224719448
4129.54419965966,6052.8081767191
4591.68782190393,3568.52215449082
3691.69083538021,4295.74100537947
4136.28998508106,810.761633753934
3710.7396743071,4987.09919377226
4051.13739480187,4773.63890260713
3786.3103514765,7448.14128565675
4172.00102232254,5339.56976617003
3220.60789349191,5607.4743624432
3833.69278063081,6247.57023149878
4049.08045302832,5113.095258916
4414.97892959764,3921.39021082542
2816.8655228068,5875.66354030092
4490.88367898076,5673.28543957859
3903.11963114318,7050.09156850782
3889.20581221061,6750.36077169753
3799.78796123885,5956.76252621489
4311.64552013771,5498.92572784968
3558.44354550111,4445.03808632601
3759.96936896753,4093.81789690822
4850.63029740752,4559.44030617212
3905.68655419569,3321.41759663286
4655.78315938611,4652.41687325777
4625.4970532859,6837.25668026031
4620.24884475124,3619.84113643179
3967.15071306739,5900.66950847954
3109.53110859832,3681.84440202348
4152.11709663478,6979.27895945251
4469.89798349196,2228.99790455922
4128.04541018273,5183.79369705329
4133.74092423008,5748.81499896927
3299.9835309002,5334.22741291704
4095.12423431349,3056.35437622509
4760.23167759501,2176.54207627341
4602.73198710718,5201.86610766588
4281.71772265936,6766.61448187153
3679.72620318315,1789.40435032837
3739.476757947,1412.83715997128
3863.03870824227,5138.32830036491
7266.77397550646,1486.71842958991
4390.43735770758,5607.01979304737
7660.09908275871,1563.72544523087
4048.0720375334,6803.95302347292
4707.09350061552,6424.9423640425
4290.57429861732,4090.29424409382
3362.58999304281,4747.21214078201
4531.03909964626,6275.41778697042
5819.09086295855,3585.40084472718
4558.69399028459,3075.90445451557
4423.11563910114,6605.38315714954
3977.98115441044,4217.0290373627
2594.35744924624,5233.57856014023
3537.6585237074,5900.83991914607
4164.81488395935,3384.55770856938
3814.69239011161,4948.22611046159
4652.26597054903,4571.31831019906
3915.87386870788,5280.06684368305
3834.27331247395,3032.54191699507
9074.12264947934,2344.19572656184
2282.01479225442,177.144541440925
4178.55261532185,3611.82760655231
4239.19325486885,4637.24313539722
4415.90169144866,5538.87836061855
3932.20126141441,5322.3494088901
7954.04949030656,3896.61173877234
4825.16024725443,5880.83506003213
4582.0907380387,2935.58691627156
4131.42809604691,1317.24618457671
4128.83027834958,3588.46992814575
4240.59171625873,4954.76176123554
4303.00899836456,6612.60045058962
3934.624805888,6912.61540612921
3774.04515006133,3406.6083413922
3386.88660829629,5648.39321946275
3095.10190123952,1797.19017265468
4231.16805535417,6294.74058056298
5559.80506320053,5435.55833121524
4136.10790968812,6558.89445075146
3862.3362529183,7603.51860227091
3938.79312222896,5505.17721989433
3998.21164154778,5353.55020650961
4175.1819763735,5151.28585385005
4073.70537598617,5766.77366151909
4145.91858943553,5447.55008330495
4378.45782429362,5321.61068076497
4144.49064853084,6640.27759539472
3632.72440332189,5814.85357223021
4024.38456834714,5967.33306180283
4410.52323045193,4271.36001726322
3216.81853816004,2054.69485543406
2558.27378557066,1518.4873332404
4797.99793706868,4771.8206250238
4188.2412351552,4744.65471221828
3647.08199429335,4282.21513443573
4122.76439410843,4924.35677720018
3885.72510723088,7297.53715912647
4015.11650538783,4319.43992797434
4038.94725989168,5760.23801074513
4130.67690211371,7326.6913373266
4255.82067413024,4614.51043705303
4706.42695958992,3801.53231251881
4116.91110851939,1161.4703268876
4669.17130306769,5369.00852595471
4441.30074252944,6135.55502954987
4038.01068148846,5751.372427533
3582.002835163,6052.97858738563
3587.02968270201,6558.95153621047
3687.83026533532,3979.35859160311
4505.65199591509,5711.87436415996
4458.97065565826,4294.32021173296
4256.25032009166,4285.39754306181
4240.09183660447,6688.24375804307
4259.1374929342,4690.5512284433
4611.28176109449,5315.13211545002
3255.83025751953,4507.95091356462
4871.93523944737,6744.67759711148
3362.26171512166,2355.05063230672
3610.54301407399,6546.84645891324
4269.90144176845,2679.95759653453
4217.31360766116,3771.35440175374
4092.05037124441,5152.08166743419
4505.61252530611,6064.57200982802
4027.77497746701,4061.82170855982
4217.26718515775,4689.52791873361
3727.5937052362,5852.02128030981
3881.32110682321,4854.39706718803
3445.93397826512,4140.36284305481
4560.93884412026,7019.97074320177
3610.54753897461,3648.0865986955
4113.94261120559,1525.87546020226
4181.5292442406,6032.46207341685
1382.09047445334,1730.12871253931
4883.05994263999,5472.21480729525
4355.25104460136,5448.11840076356
3574.04414645832,4913.10417609086
3772.47616899397,4802.85058912152
3782.75238680535,5245.22906804163
3877.62199418348,5270.17795076123
3908.23072816568,1677.27518888906
2986.426303396,2178.98596820199
3994.03344515076,3871.09411573889
5283.20697702624,7098.22771896745
8032.41234011883,1628.45676148043
3163.79048240339,7891.14474463923
4122.6780383476,6210.0046166271
4180.78899415389,3163.02743634864
4341.95499287923,6433.86503271365
4687.82964136437,3494.81129553872
3760.66284509185,7708.54400690529
4017.0942651866,3105.62737302955
4351.29636129239,6513.59988758486
3390.99113167093,5684.48137808416
3865.02680031509,4233.16942232918
4365.89900674106,991.827565494055
4005.64423109763,5937.04182583025
3897.45355336542,5495.00459109845
4068.93094545981,5874.35649471718
4588.68350907114,6001.60251998566
3978.51315600219,2229.67975865297
3566.09175874781,6157.946906561
4056.62172972446,4783.24363679965
3357.31493502666,2431.54620452046
3689.48552809168,2074.52909245385
3581.99332382721,3506.29118134597
2757.85419491979,3832.22145528347
1635.43364596382,7979.23395072298
4101.17204735808,5907.60306604557
3977.82762811476,6316.39372944898
9338.36123291141,3194.9100880619
3935.68104381505,4315.74586449341
3941.34097565994,3708.89656676622
4498.75112859315,6748.42832319617
4415.00540471899,6056.95680959587
4165.33444541234,6746.61004561284
5129.23552411782,3790.84760601283
4825.97438189866,6817.76305314596
2518.99032044591,1529.45588133423
2221.65748620113,2980.48399550134
2897.28439093362,558.997052448897
4123.49040457601,3705.42957655558
3893.22178819718,3635.75402527272
4523.75136045616,4827.17449177876
4509.0611080855,3003.04607175138
4362.55961648926,6357.93756653089
3041.52947637147,1349.41288930546
4339.86808105406,4729.8217956908
4113.83605941494,4363.93910041205
5054.02129559358,7105.61584592931
2969.76416583466,1844.13323702097
4444.71493580648,5408.39284126498
4605.23115307819,6450.23249095042
4176.48140618478,2992.07762937136
3566.41371246354,3272.65583182799
4696.52845151747,4536.42344909862
4157.68756263855,5042.16890179792
4344.10719764868,3523.11342040619
3931.34076645152,1834.92640962052
3874.68675214062,5885.89325455581
4091.52152992831,5438.85448790409
2541.8007971999,1880.90346116375
4951.12731943119,7325.49803980563
4988.4634006447,5916.29823859117
4034.48991563568,3220.02980430328
3331.84396631337,3875.52690734495
4707.96105797987,4954.13678117318
4489.33745976579,5587.6969994548
4427.71635520365,2820.27534620617
2096.13260461642,323.088459524957
4051.20110014152,3952.30684971562
3819.07643527695,1012.00283527453
3687.906351499,1102.59270160443
4491.71430056774,6293.71769370854
4423.48804451054,4230.83906703575
3357.55935511791,2355.90310849463
2409.32232800269,340.592631964295
4043.90950914728,5036.76988594117
3292.47587486786,2835.50616952572
4314.60014678904,5068.99357041512
4381.55092562711,4961.18366394673
3629.66700913737,4261.47154719665
4206.42362852374,5532.79770209568
4861.11051848832,5449.14128761799
4360.97541249258,5031.4846181472
3483.32396025506,3986.6329705022
4039.48602793428,6400.05014392666
4785.86212403186,5304.84531573612
4692.93502336911,5570.8749718222
2777.22022714119,6324.00892968113
8491.11776199977,1174.71214481585
2050.83792820088,733.754618112979
3511.77492738658,5293.5927146268
4820.35841299682,4528.01243528232
4160.36754655333,4433.61465169491
1841.10847976909,3131.65643949023
4228.28850136325,5844.51982814043
3395.06824199775,5381.05694064818
3984.82735527826,6739.67648804681
3002.64942420067,2142.72718748643
4138.73467509098,4218.16567227991
3840.22074991225,5764.89829847674
3588.84929220372,1171.3590083818
2244.38430166088,3479.86441952084
3786.45773744122,3900.98786777465
3511.32285587622,4702.25839894846
1564.34228789945,622.421270257816
3772.48663613068,4901.28325752293
3033.29251854708,3234.46502546632
4079.47405595484,5787.80140748747
4055.21558117232,1490.58300945119
4635.94580925637,6261.09652529778
3552.64974284354,2829.31155151246
4362.52352607229,6066.67486899591
3242.81231702457,2986.45132881669
4347.31823068315,5523.87503342453
3804.62210882302,5086.95265582018
3739.55177932497,5210.78877633702
4578.35584088428,4970.67465007648
4822.68968651414,6749.39454744685
2806.67445528513,3075.56342175488
4257.22698525913,6824.35578937893
4157.5965522783,2839.65480240249
3532.47151176007,5074.39258627186
3504.55910088574,6363.90489984624
3861.46440843991,719.205701744076
4665.79173095423,5394.58281159193
8314.20023993567,963.241176183469
4046.90335956252,4688.84627606749
4292.47084654777,5414.36017458033
4385.84877891714,5991.60030185631
3750.8545179076,2714.7387095722
4534.56163301246,6380.84067554161
3400.3752434206,1076.56374085756
4043.52741035053,4459.81434024974
9219.92851229325,640.266396172483
3757.7458152338,4147.06932735055
3762.36108866484,5777.23087189952
4089.52455953978,4276.53195984968
4060.46695226884,5239.1479866635
4340.34848487638,6672.04671047284
3070.75879381388,3081.24659634093
8087.29029918576,1089.63504240547
4370.75061650955,6506.66633001883
1737.94800075628,1392.49137381047
5123.94885860501,4688.95960127501
4198.78980147654,5340.08099816962
4152.17476891915,4968.96969770066
4602.44777138624,2336.29615617276
3551.26009980889,4099.27357536873
4698.32732829873,6183.86201353128
3613.23532333781,4055.17230972309
4320.31428874639,4330.74919168743
4521.21892877813,6859.30731308313
3361.63362856136,3378.19246846196
3259.9398608057,3056.75207158954
1796.86121915676,1885.73415956189
4485.9752584643,6742.91598213191
3237.13631488143,1140.44258091922
5095.07643295514,5955.56880583866
3906.80716682279,1453.75601699083
4329.60948961867,2238.6593013555
4563.95466623594,4289.94408273065
3665.17798365283,2805.44221825105
3991.60077184445,4799.04277757782
4550.57175329283,6441.30982227927
4502.59410156478,4417.36094152091
2933.63547046034,237.556682004929
3959.11321160167,6460.178046476
4389.80227318355,5756.20312593114
4238.61560577125,4856.1586821676
4020.73671717964,3957.02380005099
4194.85217802987,4597.0059210438
4740.57050829798,5875.09522284232
3798.80962854142,4361.7795786404
3763.18788527222,6239.95503126663
4030.76072277018,4665.88608159775
3952.23652325886,4834.44887067785
3688.83373603177,5419.24753558223
3990.51163888637,3738.78989594673
4076.12643172222,5922.77680390611
4021.45030567907,2987.98565909835
4359.0608346775,4093.64748624169
4561.99417237404,6450.23249095042
3974.72231908146,4375.53294570969
3604.24326027193,2365.96220065536
4512.57264136288,5868.33207594282
4462.22185289352,3317.04146763055
5087.4466932967,5561.72480702551
4698.71938060317,6194.43254911923
4807.52417705403,6680.57147235191
3964.71936813505,5820.08217742042
2258.83312394381,2996.96520180088
4278.39399458216,5612.81671569619
2033.4723244051,2145.62564881084
3924.25224830757,5180.0429709686
4604.15549246413,6680.11690295607
2004.16847507164,203.798627606647
8174.17653386714,1653.91740476869
2711.95218942345,691.30132509796
8835.5213281534,1190.39764324506
3534.95560481627,6870.55991419245
4476.00781608124,6550.4267743314
3447.35047784197,4397.64024113627
4512.66514206445,6561.67937544072
4294.76535358478,5064.56077880905
3636.21358612179,3083.34945550882
3399.47311366059,5494.26544011807
4412.61218375002,3123.35896230908
8790.55564035039,1272.34910534693
8652.7805264143,1560.9975002868
4423.21843795746,6704.83871240538
4136.36959521139,4882.35837072244
4590.23368442014,1839.24566459144
4107.24351186454,6523.54544311044
3721.2789707652,5527.05744205062
3961.70675264973,6915.45699342224
4459.30621684465,6340.03556658484
3913.84317030479,4731.18592673355
4332.30499830231,4304.89074732091
4018.9548164505,6001.03420252705
4455.15071922562,7545.20940016016
3290.69172640308,3123.87040573629
4121.08152011145,5827.98153638188
3344.57902021577,1799.34990585396
3654.29710850793,5366.90566678682
3807.86714057124,2373.35032761722
4987.66289658091,4592.85728816703
3763.89660640777,6823.6170612538
5032.65991920894,9492.72000559142
3411.59207879805,4141.9544702231
3245.82565187716,1646.0177286658
3976.68856816431,5950.90851810705
2772.86084547692,5504.77931310226
3966.41841155918,5556.09871789847
3943.53066570796,4250.73017808692
3593.95965563147,6421.98702868671
3894.3930906258,4355.75515986604
4684.11947267894,3800.3956776016
4111.27902279289,3923.03850059747
4120.40783864112,4669.35264895314
4640.07199608191,4379.90865185675
4212.21770201057,4888.09820791225
3229.62468077421,5148.78551074534
4875.01988923049,5986.54210733263
4090.99501303288,3241.68274176165
5488.96843313523,8084.03101352131
3231.44841264253,1527.46677022912
4363.91145521856,5290.3532205417
2836.67513692901,2643.13070978799
8491.82495917395,711.931269988078
7868.44094908677,795.644399926427
4572.79500185076,6423.06700100016
3790.98755844567,3696.96190013552
4544.67606515848,2248.37736075554
4534.54220099865,7219.39350856831
3895.60921241595,6171.47277750474
4125.68353147566,5540.12874359853
3959.00261688335,1843.56491956236
4319.27399012842,6802.87347401472
7663.83468771328,1837.59758624701
4187.1698403008,3217.47237573956
4449.86081156505,7901.54444670539
4028.56587931598,4366.49652897577
3787.49171044704,4217.36985869576
3904.59341392755,1410.62065845444
4651.14402595122,3515.32738665226
3731.75252011852,1735.24356966676
3955.1112891102,4634.28780004143
3439.94712475537,6002.62540684009
4803.06197579175,4587.17411358098
4241.30302215169,4447.53842943072
4021.46187744947,6839.01829523989
3311.34368528062,5144.63687786857
5301.70215607917,6856.86363258218
4295.77938250428,4852.29420802014
4349.09482462113,6189.88600945039
8042.63312712193,2076.40466692382
4186.84225290023,5248.58188733425
3693.49847765632,4412.13233633069
3578.95533879201,5452.55119236962
3387.22486299505,5133.78176069607
7506.78123510906,4542.10662368467
5593.29968442682,7188.36269876008
3768.15928207721,2236.10187279178
4170.30232083366,5989.55410529218
3514.20674568874,5231.93027036817
3950.22940828692,5752.16824111714
4896.63158391179,4379.22700919062
3378.68912482598,591.845769842113
3599.57830803989,3889.73484381007
2604.29468636326,3111.19701098046
4261.2052480814,4183.04373790918
3649.66808756307,4446.06097318045
2995.71521682529,3917.46907407419
3644.74968358155,6609.5317900263
4163.78830284121,4892.75849564386
4231.40452637265,6366.29191774343
3810.96627650293,6414.25808039178
3491.64318922974,1160.22004962143
4556.96324048834,3497.25497603967
3881.57826079769,4043.35139115516
3645.17931875923,6466.65661179095
3669.8912757797,4745.16636707313
4222.21964813627,5966.36683755216
4130.67296378658,5349.79948042492
4832.18260801737,2274.86099661205
2738.51387454199,5524.2729402166
5058.88961812721,3060.90091589393
5270.1026629401,5799.3952527851
3583.09281410435,1581.91160390622
4314.45728151255,6052.69442865633
4204.69655047959,4129.39440067479
4337.19976158736,4273.34912836834
3992.06835680843,1644.25600797241
3251.79941661671,5629.18417393295
4229.58687912746,6926.02752901019
3730.29544293637,4149.11510105942
3529.32413498113,6233.76020182573
4568.82326611419,5192.20471086959
4580.85186730424,5052.45570151182
3973.81960805459,1980.58630111752
3775.80263995828,2093.68147537988
4327.12525261861,4263.57440636454
8980.52107976371,2871.36704344922
3799.25908757688,5962.90027019677
4195.26930869385,4811.9436684592
4128.10531425436,5892.54265339254
3243.84701820096,735.402749314314
3818.77494551204,3136.25985319046
5773.2756989439,3740.38110025977
4382.60638423135,5736.42576294274
8473.37841482809,313.313393951263
4321.62423008397,6670.91007555562
4029.43170561428,4744.82554574007
4718.58311411513,5444.25350376084
3877.28535636388,2002.40964924242
4469.28271979697,7403.81252388558
3346.66678462425,5200.1044926863
4712.42197419313,5251.0255678352
2714.42586029339,2304.07247169881
2776.27919368525,1213.3008579696
3924.0697172273,673.626662706731
4340.65774515819,3986.29214916914
3503.34297424716,6256.6066482327
3511.89997234515,6517.69143500261
4349.07564099215,3642.51674931697
3796.58971248674,4655.77011540564
4217.65697355637,5393.27576600819
3704.21317851015,6530.47857782122
4276.2587575209,6495.81163570158
4566.05481608652,6777.12835485572
4485.07519270263,6211.14125154431
4061.84500925422,5734.72081056692
4505.69441171198,3059.65053291395
4439.99972655938,5746.82588786416
3534.43854893214,4296.19557477531
4413.64444438547,4290.4557375855
4129.39674172843,6904.71562431251
3756.63706422916,5385.54639485801
3954.02243077276,5353.72061717614
3845.49098462742,3732.93631069415
4095.57438223832,6757.69223605563
4267.8402007975,3957.42170684306
9037.29956125153,4628.71837351815
4308.36821137511,6665.51105969888
3537.84389358736,3966.5714487845
4014.35451988239,5152.08166743419
7553.85415322785,4846.83852955964
3992.32917318195,5808.60208018555
5160.01672711427,6993.82814010595
2560.29300534693,3873.70862976162
4736.10021197973,4417.02012018785
4140.54992214721,3897.06630816818
3931.33447841114,6073.32426783264
4335.91725402614,6121.63125181405
3434.82020818691,368.667524990755
4811.11081805996,4420.88459433531
881.736632949483,3405.07379968292
3883.65497041342,2330.6698556181
4246.11061978996,4431.90969931909
4190.15449374119,4616.32871463636
3838.49579239557,2865.91115356108
3923.54241079737,5747.45086792652
3302.87817583637,1681.5375698286
3741.01942363388,4505.90471700049
5051.43827826342,5223.23509782257
4089.93468224431,6490.35553438582
4433.24193673135,4924.01595586712
5097.23516865598,5695.39315786042
4056.23661311014,7142.15899680181
4083.90685700696,5736.25535227621
3040.94881194087,2439.95721833676
4272.94544051322,4359.84713013905
2660.47398875452,3142.05656441165
4306.94183347715,7291.28566708182
4664.61498565044,6506.38217128952
4811.13368832839,6358.84712817781
3788.76769024184,4696.12065496658
3816.00493295034,343.206908130949
4442.04694803877,610.770762356417
4195.29383604664,2812.77347118153
4053.76002973034,4920.32189238619
3476.93672656384,5593.55058470738
3527.81586672187,4703.67919259498
4462.18936823683,5324.33851999522
1268.77963184625,1685.85682479952
5002.79492445973,6161.47013652015
3445.97973732079,4927.82376741082
5146.46639659418,6662.21490301002
4487.72036706159,6955.35296358735
2306.57644692216,3450.36878570477
7691.71809960937,621.000476611304
3363.61702657896,1746.89407756816
4657.30565213488,6450.17540549141
4667.36746483873,6894.03134066178
4121.94302336912,5024.66480864394
4033.26217389858,4183.49830730502
4094.98737049739,4910.77424365268
4778.94069688253,6202.33233093594
3280.89424822683,4113.93608122968
4444.54532209767,4225.89462057484
4773.73263289593,1992.74825244613
3365.89875994401,685.561329337432
6662.03029262542,2591.58423172148
3839.23137104194,7059.12756238649
3354.10291265481,2913.3087873232
4785.71896275212,6157.60566237268
4483.17168832046,5589.06113049755
4419.95065856966,5345.82125821468
3181.02881390647,986.485423668695
9035.52790844428,5697.89392382038
2532.72293066336,2958.66064737644
3875.27993962069,4878.26640044943
3912.34867564015,4895.20217614481
5181.26438819172,4915.14994979974
5271.68671644125,7078.56410404183
3921.21097078246,4564.15725650749
2326.5922415146,4443.78770334603
4821.9970312369,4918.90109873968
8337.56797197715,4622.69395474379
8424.81075039087,386.455856159396
4855.83393412118,4293.18357681575
4702.98099372657,5481.59204536223
4431.95499220488,6374.87334222626
4082.02286592395,4261.01697780082
4081.83618511701,2053.84237924615
7309.44687531087,410.154699468909
3823.36885711309,2809.47731449267
4684.96243213438,5151.85417130865
4552.57898121025,4364.62116593343
3589.25072822039,5924.53884174094
3872.25455844275,1453.13082550084
3673.21794219429,6166.073761648
2436.16294264067,855.658712983717
4285.35488059025,6023.48274214194
3685.63609978727,5785.69897117483
4139.9899409332,1615.32869161495
4520.07164057314,5707.44157255389
4554.29008062732,7115.50473885114
3845.65084160384,5123.83620517048
4003.50273744716,5199.08160583186
3089.65716195432,2654.66746962662
4517.73981519698,4953.1705569225
4261.48275999739,2068.16406377405
4547.39780154584,6287.06829487182
2303.37553993752,1583.33239755273
4024.8190968014,6492.74255228301
4344.38544583477,5251.5938852938
3385.73740459168,4103.1951349752
4397.32227760453,6603.56445671095
3889.64322680346,6584.80998057699
4114.41843152021,5317.97370274305
3576.88136407531,949.203756098692
2756.78442991853,1655.73599949346
4114.74391149025,4829.39109900942
5178.41531195753,6083.9518888796
3745.50794677199,237.613529607861
4079.05830386973,5805.64674482976
4557.91799989063,6459.49598095462
3412.97346065478,3802.78227264353
4571.64152185556,5206.64014346026
1297.19994921166,764.784793638328
3873.74035516147,4675.26331966473
4712.00453598102,5157.99233814578
3728.66771653679,4167.01710100548
4500.38213958409,4983.00722349925
7344.52587807382,2649.78010862471
3644.94479821133,2928.7671067683
3841.55159708378,5330.24919070681
3996.14593646281,5004.43287625971
3642.15199220342,6141.92026965729
3888.71976674902,486.820735206083
4496.09436521876,7890.34893105508
1668.73562809328,158.219575355074
3824.29792419997,5375.31668060312
4717.39972701299,5074.56299693839
3870.83726739488,2316.57545578812
4151.20701911198,4550.63138556374
3350.23582756295,1701.71283960907
3920.00841495572,2785.09632637643
3786.47962541021,5744.83677675904
2908.78615267668,3183.71436098396
2452.0941420522,642.198686103121
3183.39281067893,3204.62835888957
7098.34427984486,2968.71973953717
3930.36643709455,6684.09512516631
7769.77562153968,1451.76690588571
3789.96933084895,6040.70267656662
3520.04432139401,6083.72439275405
4040.75949964787,3557.26913052624
4551.82324119426,6670.85299009661
4074.05821235649,4378.77201693954
2781.3811422968,2958.7173099802
4092.35308273279,7048.6136894023
3005.60467665288,5327.46426601755
2055.97597059274,1647.49539634369
3747.28556803242,627.877107289041
8731.94368454112,561.383964632275
3296.1401132034,92.9767297858163
4359.14447860166,3970.49300839097
3418.78309896528,4379.73824119022
4414.35208823165,5799.56566345164
3684.04143449369,3712.64729285091
4240.09582336125,4782.90281546659
4710.46215499803,5029.72300316762
3873.53453277272,2472.80588287307
8513.67172808378,755.975873029953
4125.50283136801,6230.12322380381
4193.59314261537,3206.276437234
4435.26933522066,5934.65480793306
4006.06824466313,3302.20833967544
4188.89148602905,5284.38588722635
4408.67880539357,3525.95500769922
7475.16390306904,4518.29395302703
4173.44588139175,4984.31426908299
3511.53783481289,4736.47119452752
3678.30162817882,6791.50712484262
2584.56543539705,510.860531990924
4634.45073490909,4464.30379445957
3600.70856505307,5580.649693826
3579.58772976273,5895.21340716378
3909.35733628961,5927.32334357495
3447.68015433853,5692.21074923433
3928.25529230949,2264.23358699272
4241.93430020386,5814.91023483397
4113.90586012039,7009.34312215481
3961.84384851644,90.6466321698046
6760.16846348285,891.746924462031
4061.92532596809,5037.73611019185
4454.42411866452,3784.70986203095
8241.99440886398,2274.1791425183
4990.0757683452,5478.58004740267
3886.35937655997,5099.91020930532
4097.96356581323,7245.1377820168
9076.23552942392,5029.32509637555
4329.26378614026,3790.84760601283
3162.72513629423,1660.68034024056
3659.93074519764,2869.32105831271
4429.17002118622,6393.68490381924
3718.12206092744,4671.68300424657
3729.89370901793,4604.73529219397
4086.24945725164,4588.8790659568
4216.65943661081,4594.50557793909
3940.11155200751,5407.76786120261
5049.60331002868,6458.75725282949
3874.95577895935,6622.88725030352
3869.88949712042,5639.07306685478
4752.5796379669,6168.74493827449
3906.52458643229,4454.9836418516
3889.9239853748,4832.51684503174
3421.27560069006,3420.07754973219
3963.94793904518,5210.95918700355
4717.01753398725,5906.23893500281
4241.35439759697,5309.61935153051
3499.7413743248,3319.48535955913
5159.45092009419,6718.98956341149
3417.46656845103,4693.39281573633
3524.61955278732,979.040422675446
3902.06344177927,5271.71249247051
7860.6240865131,2999.46575633322
3738.00784882726,4359.67671947252
4153.46247006991,3516.40735896571
4198.15039898219,6075.76794833359
4515.7006594034,4697.20020442478
3867.48653837021,7088.56632217117
3303.06858234201,3265.21104226237
4448.02980365043,5694.42693360974
4213.55956650088,4331.60166787534
2527.85817949649,5454.42655541197
3700.13712144757,6685.97048820865
3828.32122000546,3633.08284864623
4398.84208874028,4825.18538067364
4359.03588746423,4304.49326338409
3610.27323067559,5341.16097048307
3254.49252305323,4491.35595920231
4776.06140200538,6802.13432303433
3952.39690125784,4296.02516410878
2848.70341289473,937.837406926595
2173.64081066346,4913.38833482016
4618.34409754631,5785.24397892374
4268.54468507104,5428.28395231615
4824.47519696854,6974.95991590921
3450.24043103024,3583.41173362207
3762.37620531098,5439.1386466334
8792.97254520252,2530.1492835884
5089.08220828846,6645.10829379286
9078.17223572763,2463.59926690024
4132.51162025263,5178.96299865515
4218.96847196924,4680.88983164702
4101.07738588634,5029.26843377179
4506.36715424177,2142.72718748643
5613.94089023947,5354.34602009376
4231.38623904026,5581.90007680598
5289.90289529397,3328.91926022987
3956.92356903468,4945.3278605648
3558.53338135711,4973.06166797367
3867.14603838296,5824.57163163025
4697.38635627166,4637.12938733445
4913.18354715917,5453.68782728683
3179.17263226419,3841.71201855797
4187.43932228381,5109.45785803883
3746.96522531997,6447.44756626115
8678.08458244401,4270.45087847156
2974.13579231884,4363.08662422415
8870.01244580076,7361.18871449021
3853.02193669927,6576.45562936445
3976.94418446128,1878.74372796448
4249.68912336498,3061.63964401907
4493.07476072248,4795.06455536758
4442.27321525397,4750.1674761378
3849.93322816714,5823.15083798374
3678.98073840305,6681.0827043515
4359.08205425879,3810.05707439788
4490.29955350372,6814.1827377278
3836.71099607303,1763.88683300873
4195.13163470145,6775.02591854308
3206.68614129996,5392.19579369474
4758.28992084124,8470.88521501992
4070.56254979634,4312.39262234554
3802.71969631528,2262.58529722066
4353.50052805702,2694.39302912519
3467.27396546032,2478.31864679258
4185.43842164755,5529.67195607335
7511.86336550467,1172.66615967935
3226.98943115496,2385.85331170653
3540.09816612807,6692.27864285707
2676.42728939513,4382.29566975394
4302.81956124049,4586.09456412279
4493.41104198269,6948.02149922924
4330.1579074459,7016.27667972084
3426.66071248325,6270.18960463545
4424.64147127826,4069.60731945851
8498.05920838926,1555.31432570075
4649.30800125876,6761.95461699517
4011.6974221177,5607.24728917291
3961.47745820515,4943.33874945969
5320.88081014543,3066.01577302137
4651.41370196447,5507.96214458359
4466.65540752237,6008.30858142614
4121.42588177566,3631.20748560389
2798.51302060644,646.517888217136
4029.45621495885,3847.05437181095
3234.2907397708,5603.26906696268
4881.0986200982,5834.63093521861
3865.88281822917,4131.3835117799
3866.3513623763,3293.39941906707
3758.69062494304,5150.88836991322
4789.29169578009,7027.07471143433
1645.22992815854,2726.33234344221
3564.49828404457,2195.63758516806
3569.83962456327,4864.79719210945
4404.49373240837,4091.2604683445
3079.73772182298,1762.80696640909
2147.74895920347,5014.77633857737
4259.14398626299,2581.12723276867
4556.58612529301,5308.88062340537
4044.61145828346,6865.84296385709
3720.50913071299,345.593820314327
4354.07365999132,7115.2772427256
4790.25630098896,7073.50590951814
4274.4388229383,5721.93366774832
4053.090017053,5774.21887393996
3882.31978226165,6219.72267602714
3348.6823577017,925.163906456945
3162.16164572206,613.612349649441
3751.1167139834,5430.2164008175
4209.50179199526,6586.00327809796
3928.14523977496,2315.66631699645
4234.42032984718,4715.89801795498
3790.72827573384,6044.11258131825
3811.86759924465,2534.63894922585
6221.69430846522,1656.41795930103
3964.34721307356,2668.93228012312
3708.45233637137,1278.60059739158
4060.22981537166,3730.54929279696
4640.36269079801,3593.35728914765
3293.31717200089,5714.88636211951
4936.47758920396,5411.00693243246
4016.56028580186,4562.96395898652
4373.53404698578,4619.45446065869
4110.38949569772,3767.48992760628
3624.43066265249,4921.68560057369
3971.72050065548,6632.94655389187
4691.3584456296,4833.53973188618
3993.98476612436,2363.00707672719
3652.18501237546,4639.80056396094
4298.39028289825,6119.13048585409
2988.68928273599,2284.23823467903
3080.01536140409,1447.78868367548
3617.41987128251,6220.57515221505
4284.21325609113,4114.44773608453
4160.75035604343,759.954095240187
3718.94740204138,4372.80468362419
4517.47711215801,7303.84531377488
5102.79368793396,3882.34671684821
3926.75412129742,4969.76551128481
3698.4342225542,3587.6741145616
4834.87240792847,5315.13211545002
4454.27256092443,5897.94166924929
3742.03311313345,5433.91046429843
3886.08399855988,6662.27156561378
3833.86152342107,1500.01701583574
4792.92792489502,4880.53967028385
3696.1133468651,4351.32236825998
4083.41972388571,4265.22227328134
3520.96657492914,6705.86159925982
4532.60197693913,564.850690558383
3058.03653987894,1215.11945269437
4165.78622055858,2724.51385443125
3604.37780280559,4600.24541512889
3724.85346557947,3429.28416570501
3834.25923254648,3937.24643706259
4469.67385979656,6535.76426847045
4172.2929694031,3473.10148404897
3902.05843507015,6223.98505696668
2239.08618858695,4.09188561936591
3766.64036614079,5464.99709099992
4367.74585000665,2155.28704560712
8068.8978794515,4412.30274699722
4633.37418111424,5257.22039727609
4271.02444823672,7081.34902873109
4090.95619227091,4432.30760611117
3571.27385736835,4173.60941438319
3993.67573701949,5969.37883551171
4647.46112132234,3569.20379715695
3771.60780004619,4945.55493383509
7214.09714026176,1459.43919157688
3868.18257008153,1765.53491135316
4107.80454548786,4837.06338470058
2912.74355746367,408.677058219464
4061.75982337992,4383.43230467115
3717.19522297797,5551.72258889617
4411.79878956003,6287.40953906013
3866.30646783944,2050.26206382799
3904.33980356412,3875.98189959604
3493.56329377589,6550.19927820586
3749.19709769453,4380.07948537853
4217.02268560026,2723.09306078474
3780.16311644379,3103.1836925286
4115.32462325474,5423.68075004355
3838.01278058632,1158.06042213597
4130.31366634189,1404.99435789977
3891.53422010823,6587.87864114031
4169.76243515706,4949.87440023364
3284.8441404336,7272.87201228092
3452.48939106825,3245.54721590912
4405.9764071248,3920.08316524167
3779.96610543496,4459.47309606143
4411.1926335251,6964.67311619532
3443.76421954387,502.847266395977
4171.01756697743,1599.98412023262
3858.410969412,4698.90515680059
2372.30284711672,1625.44465780706
8597.85235742223,8561.64517487491
4587.94561427707,6767.75111678874
4016.08953184353,2597.04012160961
4383.81017347812,5013.98052499322
4050.82090734943,5315.98459163793
3618.21048388539,1003.53494742684
3160.27323943384,3335.28450033729
3083.40911303941,4860.98938056574
4003.32222169957,4873.43570205129
3676.36297946893,3927.35754414077
4135.9774660943,4580.86595893257
2201.15447090116,1970.41346089401
3055.62015222594,1037.06567748453
3055.94271568307,6261.43734663084
4163.80158009324,2810.89810813919
3864.28190046843,3248.16151850422
4034.7887114449,3534.02520018246
3963.74951849941,7120.10794112374
3401.53642590605,5168.84703246304
4659.30611032889,7556.85990806156
4031.08885761001,5020.45951316341
3853.55431891501,5691.64243177573
3188.70437010972,903.624717061346
145.526007417126,2276.90698174855
9032.93942493989,7155.57111968278
4414.58659646543,4542.67494114327
4685.22221215964,5822.52585792137
7999.48796600162,5447.89090463801
1131.94902712872,2358.40366302696
8683.78544439911,1348.1057380079
3909.5791651035,5858.50026848001
7280.86692865125,3136.03235706491
4533.60484839318,7086.06597906646
4463.66292278856,4172.13195813292
4729.97849527608,4449.30046726555
3816.01069139718,4791.71173607497
3088.48856207779,2900.01020107737
4064.10776218827,4993.80525521275
4645.04853058567,5225.11046086492
8316.05377758442,3824.37833607052
3691.06994642204,3652.29189417602
5011.97765385722,5478.97795419475
3842.21804229755,5190.67059201556
4567.23708704902,354.1185821934
4213.92067396594,6205.85598375034
3907.68148896459,4874.45858890573
3590.91315636216,4781.8795057569
4725.2632843533,4844.28110099591
8439.85961582088,1504.44991315562
3362.81722351596,588.492686264963
3863.31583076582,6548.15350449698
3726.73635682107,6325.82763011972
4635.67213323278,6297.07093585641
4603.93241079224,5736.99408040134
3744.20692177304,5934.48439726652
4512.55648366206,6263.71061646526
4259.13088732285,4053.75151607658
3703.48369236258,1941.883839901
4076.97631616529,6680.17356555983
3630.83813359995,4403.15300505579
4910.67459043787,3900.19205419051
2609.27768780184,4578.25144490984
3624.20404921999,4961.97947753087
3899.30775987885,3830.57316551141
4082.35936853488,5377.02163297894
4321.98433735239,41.714499644639
3689.47131795265,5410.83652176593
3321.01833369957,6003.87578982008
7548.68351164424,720.740190596453
4123.69038146085,1839.7004454149
3488.71517295869,4633.20782772798
4680.2082991315,5148.21719328673
4780.6846371143,5433.51255750636
4875.17750634657,7095.10197294513
1466.62791692525,2038.78196659313
3877.1250127459,4746.87131944894
7934.49762049258,2786.46045741918
4148.80975632201,3826.48119523841
6458.3259082629,6301.10582067041
7961.89328520849,4417.92925897951
3995.04531026524,4424.40824714971
3878.24670828532,6544.80026234911
4136.84317022245,3735.32332859134
4554.23474086559,4739.53985509084
3083.46429263598,1700.23527764499
3548.43015065392,910.330884215646
3960.20478736146,6062.52623611915
3590.37840363809,5505.5751266864
4382.83919351968,6293.49062043825
8868.91115725255,2204.21922107852
4071.73774846956,4027.09725812592
3920.97764510547,4861.38728735782
4100.64251758312,5221.64389350953
4173.41054321091,5118.03928252166
3724.33424740928,3458.72313691732
5113.03802800958,6129.75810690105
2236.15026651154,1191.19335111539
4093.65506826848,4695.1544307159
477.623797546804,3365.40532564335
4719.83452086347,5084.11106852716
4673.77718927756,4494.70877849493
4372.21303476531,4323.02024339251
4939.1859086696,6308.32353696574
4550.30439058132,5192.65970312068
4388.35748305345,4580.80887347356
3478.19186827221,2219.9614878253
4449.91055380575,4826.26535298709
3972.04820352892,4863.37639846293
4261.50758960688,4534.03643120143
4365.62437514389,4689.18709740055
4147.96133366747,4799.66818049543
4375.05460117486,2949.96526340321
3500.71084423017,6174.82559679736
4712.18584614249,5374.46420441522
4159.55578536039,5019.0387195169
9212.74407815266,2131.13355361641
4560.48694019807,2712.35169167501
4095.1389259813,1232.56688324459
4775.17724903391,6199.32033297638
4646.21171155134,5891.00811168326
5334.91892832261,5691.07411431712
4423.94146681798,5552.7454757506
4285.14045511493,5569.90874757152
3989.68395320273,3422.46435620175
4558.22472699503,5319.79198032638
4472.89665871824,4623.77392705724
3767.49662237232,6187.10150761638
4271.63425924596,7889.72395099271
3538.32337571415,4570.69290728144
4671.89638888864,6525.81871294486
2931.50152067908,715.000141979019
4715.24534958119,6321.73565984671
3483.89511824229,6520.87426648395
3977.0901664892,794.109963930957
3842.61776899329,2510.31483514099
3713.9285938813,2354.76647357742
3029.04614385302,759.272082575717
3184.35510113971,3063.5718810928
3368.05012726034,3717.25049512351
340.004555681173,2129.31485317783
3668.91509807519,4260.3915748832
8370.69627906569,2639.60705697359
2373.53262084275,156.116795472546
2777.57205231837,4617.69284567911
1431.07920274265,6689.94871041889
4112.9119965562,7371.19093261956
4391.54084770393,2459.28001192932
3633.34732843473,3241.91002645957
4622.33855084351,4960.33118775882
4426.17615561987,3189.34066153862
3701.292540367,5593.03935270779
3266.07855810879,4422.30538798182
3859.27651248455,5042.16890179792
4220.08451041898,4629.05919485121
3953.62934707283,4296.25266023432
4385.77401898626,5816.89934593908
3746.8911345483,1919.4921743175
4040.21125866204,5615.77205105198
3650.93157246158,2247.29759986972
4447.54243216218,6560.88356185658
3173.18340612939,4757.27144437036
4253.74198728521,4378.20369948093
4600.70316885584,5966.3101749484
4549.9937650927,6337.19397929181
4643.90541942898,5217.32442711098
4282.09215378559,3755.27110224627
3589.59938981489,1355.89177176184
3955.01693177065,4370.75890991531
4371.59259418818,6431.25051869091
3538.37563697095,5451.75537878547
3982.90788330211,1536.38933318645
4092.31500858508,5244.94490931232
4763.96857446153,3716.28469372808
4860.0540826041,4605.30360965258
7313.48720851904,6550.36968887239
3975.89925257694,4892.30392624802
3833.41542689995,6149.02423788985
4436.4143178855,2209.7886476018
7936.78724734424,1875.90214067145
3843.58169845926,5356.61928992818
3975.22016044845,1027.91572411546
4727.0341652752,5296.60471258635
3395.92202849566,5460.33722612356
3801.21535500977,4641.67592700329
4168.93130025793,5871.85572875722
4638.39116053308,5296.20680579428
4113.89376414771,5367.3035735789
3716.94161742921,5394.80988486222
4146.51763851502,5622.87601928454
3744.75884550838,4448.10674688933
3604.77777417405,5248.07065533465
4342.10003144389,5085.53186217367
4500.87340416808,5426.86315866963
3689.602572506,4590.07278633302
3767.69125181697,2538.90133016538
4117.7475016002,5787.74474488371
4042.862451372,5344.96878202678
3313.30832918802,936.302970931125
4568.86639819107,5465.7362419803
3961.34110336561,4395.48071936462
4400.34148790985,5555.87122177293
4812.44877855324,6852.03293418404
4560.78221314561,4703.50878192844
8545.80541264939,4815.69439454389
3632.16761050047,7039.52061006462
4169.21197904686,6884.99534678312
5272.20308759323,6676.42283947514
4283.91833301728,4689.30084546332
4675.43878592707,2129.9969186992
4144.89041684406,4599.33627633723
3526.98930158234,7242.46702824556
8705.97664757831,3089.94198031416
3907.93665216396,6015.86754190979
4129.38637134065,2139.26040870341
3873.03502081428,3970.89091518305
3970.38384398045,4410.99570141348
2827.00403231297,902.772240873439
4604.14507417679,5350.93611534213
4977.32680468504,6335.2048681867
4799.00919435952,6560.65648858629
4057.87308928211,5754.55483615908
3834.94566858175,6457.96143924534
9105.19530322793,1700.34891999394
3748.0514032571,3587.04913449924
4176.00814504983,6819.07052158496
7998.55526984142,3057.60454777745
8499.06469167297,3249.92334491142
8569.51521374427,2297.08225152903
2353.95149374683,939.030915875191
3546.02572979809,4351.77693765581
2033.41538129329,5238.92049053796
4304.92864457783,4979.76772941416
4114.49665182108,4518.29395302703
4356.23433750504,5432.77382938122
4528.20315311213,5052.3986160528
4152.40256065262,3984.01887933472
5036.42790486039,5718.58042560045
4151.77352907251,7484.57026561122
8625.26087703573,3505.55245322083
4163.87336363689,5056.32017565928
4449.99003626832,6643.17626814676
3729.00109904442,2607.5539945938
4004.65887884265,4817.79725371178
3933.25248971901,377.703756725501
3965.90674225889,5225.11046086492
2406.59875139341,1595.89214995961
3652.34299244539,4713.5680855168
4567.1364917016,5056.09267953374
3971.07489981329,6186.93109694984
3649.04197780649,1555.25745166937
3777.56257970104,3650.58694180021
4093.80141837425,7133.6908975265
4411.19091776751,6366.29191774343
4516.17866574519,2856.93182228618
3878.16352267444,5934.42731180751
4328.50180270225,6739.3352438585
4597.32572957609,6513.20198079278
3920.98231362792,5467.21369823058
3537.81771404928,4585.18500247587
3978.01835537776,5116.67557433416
4217.92098183334,6126.29153954566
3726.82813058436,458.063829515153
3973.49300054638,5230.39572865889
4677.97636777755,2628.63861459356
7306.45671875088,671.751193950572
4377.18638796014,6354.58474723827
4339.31450974906,6813.3302615399
4442.362002604,6107.87788474476
3237.21021098889,3227.41793126515
4367.86714589142,4769.60401779314
3744.37054284308,2431.48933048907
3541.68081176938,281.544463872324
6912.80647846228,2092.09005963921
4298.47454290768,4395.48071936462
4383.28315538067,6199.49074364291
4103.93458484464,4889.91690835083
3878.41941931059,4789.89303563638
4403.73787585771,5574.11404305205
4023.12119963764,2246.72928241111
2440.72055574546,841.337134169637
4244.30078637902,6839.70036076126
3744.17708481578,2895.46366140854
3245.53702541979,6975.81239209712
4025.27088469613,3741.97230457282
3398.56310043422,5158.61731820815
4307.48924376176,5315.13211545002
4845.27312350705,4810.97744420852
4198.38866063003,640.948408836953
907.992951944414,2457.17715276143
8766.20766801253,2991.62305997552
4627.11270864893,4790.57510115776
4308.07809063104,4105.18424608032
4226.0009738398,5862.47849069024
4896.55527492109,4063.29916481009
3965.40619048608,1770.19509337095
3677.54619431754,2878.92558107761
3983.26768162559,6403.17588994899
3425.76063480124,70.3577002190344
4448.35133300705,6441.1960742165
4709.06624446504,3588.92449754158
4053.43203533161,5208.2313477733
4181.34211101863,5940.22423445633
4141.82930946358,3304.65223160402
3601.74516743515,4997.44265608992
4032.98355892548,3773.22976479608
3747.810770446,4961.41116007227
3786.38691294772,4177.7013846562
3172.74953184662,2796.91745637198
3974.48020599258,4065.06077978967
4723.66656458125,5294.4451908147
3332.97475986731,4625.59262749582
4049.47079147242,7290.48985349767
3752.44462933961,2118.0622520685
3447.55396232725,5940.33798251911
4553.20096931087,6480.18290558994
2777.72763964093,5765.29620526882
3467.59746565632,6683.5268077077
5140.42301020442,3891.15563745659
3285.6635090253,1831.68712696305
3674.04626513216,5315.92750617892
4281.44908540182,3921.84478022125
4049.50978704503,4677.82074822846
3672.89505344544,6363.56407851318
4340.78734639844,646.120087138875
4137.62204578289,5351.95900219657
4360.75773096976,4346.54875532085
3209.55929731192,4019.70913116405
1960.43000591487,4548.47186379209
3945.00764646593,4327.22596172828
3149.70692798008,2342.8886809781
4541.63791238661,8771.12682097456
3791.02734429669,1954.04579122962
2670.02482080955,461.81476702747
4128.42903007335,3892.63351656211
4889.7812331352,5277.79357384863
3988.94214317337,7075.09753668644
3048.83331250008,5872.59445688236
3536.33058811142,3972.08421270402
4604.2907223439,6837.02918413477
3344.76887743054,1864.64953956213
4505.82335325646,5812.01198493718
2860.9857899928,2321.91780904111
4121.53954020248,3985.89424237706
3815.58554164576,4602.23452623401
2908.47230293848,3539.65150073712
4643.11874835513,5772.62766962692
1355.91671318651,3229.8616117661
4087.61647191558,5047.17043371784
4121.44181372835,6045.13589102794
5080.66276676549,5417.31550993612
3936.10176403957,6470.57817139742
4281.30274572821,5828.83401256979
3621.77017580414,5714.94344757853
8107.6732408453,2346.98043982348
4796.85475349477,785.016884593279
5332.76181110819,6789.63133894502
3763.68823356758,4277.66859476689
3477.76116484588,5861.62601450233
3411.37862417541,2286.05693511762
4622.85010094402,4370.30434051948
3774.88303389061,5780.07245919254
3425.32715244912,6390.67290585968
4307.49168717595,5419.70252783331
2798.72784111756,123.893203498188
4527.38686604074,5446.98176584635
3839.06345756345,5502.79020199714
2920.91294252124,6034.56493258474
4178.61940476615,3984.13262739749
8158.24201678259,110.480908832268
3634.81943328699,3026.91540501278
4226.38381579222,7309.98263490151
4035.15089541147,4913.3316722164
3392.60347200614,5741.99518946602
3726.82591939498,3720.66039987514
4243.69588002514,4405.59668555674
3614.4027274984,6022.34610722473
3398.59698656211,1516.95289724493
4144.72996904,4046.70421044778
4201.32310135998,2525.37524779401
4046.17949598555,4591.89106391635
3828.1416669878,4904.80691033733
4166.57831422419,5911.12629600472
4595.83651033814,4277.55484670412
5283.78422130412,5423.85116071008
4125.50394176028,5143.27274682582
4271.60538004783,5001.13671957085
4102.59427701062,3273.62205607867
3862.53106645554,4815.4673212736
4013.36618918118,6135.55502954987
3456.26398359564,6758.48762678453
3746.19701588341,3046.69297942881
4047.95756971684,2624.26248559126
4463.84093129463,4312.62011847109
4477.96224040245,4356.43722538742
3435.54442837961,8250.1505449557
4253.60526619656,4694.01779579869
3957.13558374713,2715.3070270308
2380.92247589475,3647.74535450718
4432.83591321062,3396.94694459592
3957.65961363255,3890.30316126868
4263.09346966337,5231.8165223054
4274.47655761689,8358.18752469438
4021.81221457355,5896.57753820653
3853.00933989228,5941.87252422839
4274.09471525746,5891.12185974603
4647.97240243287,5321.2698594319
2703.33406436811,1451.25535674468
3947.27137505657,3458.43897818801
3983.9958375225,4789.66553951084
3682.12114639678,5138.10122709461
3563.31894270137,3928.32376839144
4079.19457146634,2209.95926969595
3460.62190645423,1545.08461144587
6409.49826954509,12.6166470854939
4687.02839727342,5337.86481379422
4442.25235982684,5359.34712915843
4500.9650128638,5125.20033621323
4115.15560388863,4281.36265824782
4175.10796863436,4573.47783197071
4004.99411949331,2038.49780786382
3987.13266591394,5856.73865350043
3496.02648360038,6348.90157265222
3947.32089480561,4488.40062384651
3325.84643833266,3253.21950160028
2212.71429747993,2139.99934825617
3344.23462994791,5690.50579685852
3651.97979202174,337.410064767489
3942.97773144226,5130.65601467374
2755.63069999871,1248.65018275206
3793.11301627866,5012.21891001364
4009.86906348371,3449.17527675618
4433.71662154009,4649.68903402752
2504.02954541571,4440.20738792787
4128.48010908766,6695.40438887939
5012.95163388705,6310.59680680016
3613.74604345004,3510.49668825412
4037.2437600226,4406.05125495257
4132.00914077988,4571.26122474005
4353.74861195594,5375.26001799936
3572.64867511949,5464.25836287478
4278.30810696733,6224.32630115499
4539.31311666211,7098.62604861478
4028.67207726794,3267.25681597125
4377.1498199195,5760.74966559998
3077.85781560338,4498.00535803904
4816.08066427618,4084.38357338223
3935.93871040184,4832.97141442758
4266.04520029379,7698.20096744288
4585.34545377333,2085.09983946942
3530.20118054256,1068.26626367641
3096.94085818613,2913.64982008389
4202.27853057108,4912.93376542433
4461.48771123956,4979.7110668104
4874.60775533113,6645.847021918
4117.01096525194,3663.60158074436
5061.53886010716,1357.71036648661
3529.65250869395,2427.90880364328
4585.74126524792,2384.26210739348
3622.1066018308,5920.16271273863
4559.56366399569,5504.77931310226
4954.09787888998,6935.97308453577
3614.04645556926,5473.52185287899
4017.08969179639,6666.93185334539
3813.43323887824,1270.98508001799
3830.34013169397,3797.26993157927
4166.02612050402,3951.22687740217
4106.22902550194,3933.55237358166
3564.25503598317,6573.55737946767
4631.67982562772,1204.03726225158
3948.71848324764,6347.4236935467
4056.88329642439,4112.40196237565
4367.87253031375,5770.0702410632
3772.31662876125,1619.59107255449
4640.6899258382,4697.71185927963
3699.62846941682,5130.59935206998
4665.27373905105,3925.59592916119
4255.05555255404,2910.46720003018
4001.58638423386,1614.36246736427
2338.20059393228,2420.91858347349
3559.18367549291,2656.4861700652
4023.82384712812,5976.88071053634
3631.1937597452,5427.31772806547
3753.69741974049,5212.66413937937
3807.5368722939,4218.16567227991
4443.95603616087,7313.1658892381
2839.92453408217,125.654990262708
4286.55235540355,4736.5849425903
3028.18056039926,1381.06815060698
4065.32658971252,2958.60377334506
4104.17059886848,6474.21557227459
4202.54368427703,5881.40337749073
4049.31027575824,7311.51759946605
3437.1507579489,3568.23799576152
3532.64926041665,5173.67773086118
3732.03703601628,612.58935708119
3738.45664463295,3075.90445451557
4227.68353910454,6720.18328378772
4121.58013245505,6323.15645349322
8196.72885731687,2112.72011024314
5071.30834404498,5164.24383019044
3705.72934977881,4892.87224370663
2825.62350209046,2847.2704254899
5029.57483111354,6066.67486899591
4429.35785083393,6473.30601062767
3774.42546800235,4305.28865411298
4514.71817450421,4445.20849699255
4450.32476022517,7229.56571450893
1543.96741322931,1915.57082613865
3546.40549954819,3795.96246314028
1995.46767495693,1485.63856299027
3685.91809356202,5364.00741689004
3990.41550483051,4053.80817868034
3669.2649114614,6579.24055405371
3111.04161932267,552.5750440239
4351.49037890772,4824.04874575643
4095.5127438301,2456.38155060491
4957.66496449654,5840.14369913812
4247.94510815366,5724.5477589158
3248.23630662003,5539.39001547339
3767.95683721608,4450.15294345346
4039.91492224056,2399.09523534859
4875.6270204537,3726.62773319049
3619.76502037378,6371.35011226712
3307.85001596891,6130.89474181826
8269.7719674504,5927.32334357495
7951.26615293008,1488.87805707537
8424.7057833293,3093.9202025244
3106.86041752781,2372.44118882555
8625.49833696772,2333.62497954627
2479.5852315837,3004.7510241272
3345.94057387195,4893.61097183176
3331.16896676419,4747.72379563685
3828.04021910485,5928.06249455534
3582.61371965538,4282.49929316503
3633.24310438255,3279.58938939402
4410.13217806949,4724.19528370851
3994.62807684007,4021.12992481056
4445.15513132863,6582.4229626798
3361.16771366133,3186.32845215144
3734.84261967106,3977.99488341561
4714.51510868489,7002.52331265155
3657.93469184136,3669.79598733
9033.47013790835,5058.47969743093
8393.38608464581,280.805656461829
4847.42083816735,6171.30236683821
4642.55245461522,5649.70026504649
3748.29596180787,4801.99811293361
2911.03746127187,4575.5806911386
3845.49286779879,3032.08713617161
3878.74409417134,4655.88386346841
3552.12448981467,5115.65268747972
4218.26645069217,6917.27569386082
3736.12026462557,2019.34542493779
4354.14286502736,4925.49341211739
1136.35762926878,1195.45573205493
5202.25577408265,6066.10655153731
3969.34594210644,5920.84477826001
2681.68440860072,3472.87419935105
2675.74702699229,1773.77562021674
7104.86774068872,3555.62126360944
4044.81771018635,4644.7445875666
2961.39847709437,2510.25817253723
3971.36161133227,5755.1802390767
3359.31970396435,2722.75202802405
5156.42283800433,5996.77182158752
4397.11889138217,6733.25458533563
3710.89391693264,5307.80065109192
4314.98402402339,4155.30993050032
4073.72483165976,6123.73411098194
3886.86291358389,6432.61464973367
2684.43662460313,7014.28756861572
4079.16049883729,4487.71855832514
4269.66126756468,5649.1890330469
4306.26413000913,4410.59779462141
2096.49104105558,737.562376799775
2808.26393923975,445.958699361014
4897.80774894943,5726.36645935438
4471.81732155754,3659.85043180442
3092.24134225671,6435.39915156768
5270.37121256297,6357.53965973882
3865.36927918234,5516.3731583999
4844.17649267934,1963.02533393215
4560.77224571648,5926.01629799121
3917.39183070923,3174.50753358351
4816.88463178667,4396.21944748976
4640.72130776176,6216.82442613036
2333.52502111655,984.55308088115
3309.82034813155,5065.07243366389
4355.34839466182,4700.26928784335
8256.56009750494,151.683924581119
3615.172488524,6315.143346469
4024.51738187837,5436.24039673661
3808.16054697396,6424.48779464667
3622.59200571905,1614.07830863497
4419.76025830256,5257.39080794262
4004.87103808643,2270.14404627668
3417.01064815394,1747.6329114071
3364.35397797236,5256.36792108818
1791.26963548465,614.351130631483
4698.12392550359,1958.36504620054
4267.4556770293,1243.25116689531
3471.69732307316,2109.9353969815
4067.31434029685,5678.74154089435
3245.05974460024,6499.2215404532
3553.08789881839,2821.63926582129
4707.57706615044,4655.42887121732
3815.3312037487,5952.84096660841
4167.14979003351,5050.1824316774
4060.73874804975,4235.04478537153
8721.54938355878,684.59515794366
3582.73640414355,3817.5018639635
4833.06509402909,6277.57773159732
4449.20371663524,4088.58929171801
4702.3222599365,4434.75128661212
2457.3360267445,1858.22742542332
4743.27988459656,5041.03226688071
8388.09872053449,3267.37056403402
4076.74236068115,5641.0621779599
3928.46994934429,2726.90066090082
3685.83394808148,5457.89312276736
4630.28966263943,4369.67893760186
4275.85726262524,3712.98811418397
4706.79376064567,4806.77214872799
3696.86865461306,2621.93255315308
4473.68128460734,4216.06281311202
8189.88873304125,657.713773865795
4736.57876416958,4920.15148171966
4573.91826687836,5900.10119102093
4096.22026428397,2626.30847072776
3757.44649801495,6174.25727933876
3388.22616002837,2148.63764677039
4479.40149517921,4917.08239830109
5251.73909932396,5384.58017060733
2749.96868459255,5777.40128256605
3350.66096160142,3310.7899755859
3652.05324241477,6375.55540774764
3179.65738927979,4560.46319302656
3317.44411779516,4209.58424779708
4322.53739407433,6770.87686281106
4234.54953991313,8603.35984547861
4676.85974744349,6750.92908915614
3580.4176466191,155.718981180059
2795.33343957529,6110.88988270432
2552.93397906873,870.662304462266
4634.38776460707,4781.42493636107
960.982307686403,6457.90477664158
3699.0818563376,2546.00529839795
4551.42912733494,4943.11125333414
4736.00527800382,6862.20556297991
4065.06353079476,4088.58929171801
8832.32440313714,3783.23240578068
2467.66263807814,2575.10302542194
4079.89855071379,5489.20766844963
4090.45674667467,5708.23696328279
4037.67668717945,806.044630561658
4929.3658095799,5447.66340851247
3750.32226393015,3424.56721536964
8624.7212282377,1505.87070680213
2826.53799005099,3123.64312103838
4606.70485686508,5019.8341102458
2609.41431286369,4359.39256074321
4203.90484232165,5243.86493699887
4771.7435979188,5496.53870995249
7521.29115197364,333.318173779844
4343.83944410266,6093.61328567588
4177.9844807416,1453.2444678498
3892.42638773449,5051.43281465738
4346.52941978341,7183.98699261302
4347.34406656277,5405.26709524265
4085.26317196125,4356.38056278366
1964.82686456625,5637.31102901995
3432.32823092378,512.565484366738
4168.84421327525,2487.01381933819
3971.48269671383,5965.79852009355
3443.15683840667,628.956921031772
4138.49528820562,4657.02049838562
3894.60254344002,3878.08433590868
3849.77169143544,4695.26817877867
3073.46484862335,2395.17388716975
1695.59543506954,1803.95310812656
4315.17808365114,2977.86969290624
3659.99391751378,4936.12103316435
4266.05751036466,5327.46426601755
2891.40554583813,1996.95375935429
4105.15255189229,4652.41687325777
3616.96199842779,3382.56859746427
3653.70662556756,6254.90169585688
8141.44732450527,2214.67622003132
3966.94608260578,1780.99312508445
3785.15086340568,6704.15664688401
4825.72379988286,4074.32469264913
4020.243173083,8222.87130694267
1756.27842553964,1104.1271375999
3799.29801110826,5430.2164008175
4043.30275886159,5592.81185658225
4665.45964578834,4450.09585799445
4346.48402138008,7996.90845454349
3951.80435388947,5954.20509765116
4522.08733080198,6349.86737404765
3493.39070460832,2865.62699483178
4387.98985491213,4584.61668501726
3971.13984608977,1335.77327029894
3981.67026981821,6117.08471214521
3617.16686150516,6524.96623675695
3968.86959045197,6770.30854535246
5156.25668781042,3142.90904059956
3958.74706611823,4711.91979574475
8548.03577281618,2137.78295245314
4737.28549410908,5402.14134922032
3997.5489864524,6366.06442161789
4353.43211686646,4958.73998344578
3951.13826957244,4451.91455843303
4561.0135991071,5679.30985835295
4060.19834183814,4351.72027505205
4003.19934349824,3830.45941744864
3910.50561567528,5898.73705997818
4329.10557446307,5944.60036345864
3756.30676117188,3040.49836141554
4001.24020831388,3660.87374151411
4607.41184024896,3192.23912286303
4237.18057892467,6449.49376282528
3944.06029538396,3789.42681236632
3879.4922056649,5083.25859233925
4027.92354046012,5151.39960191282
4307.28909429433,1572.3638494589
3819.59925533983,1093.44274823536
4884.54450090124,4539.20837378789
4703.0064702746,7264.06309167255
4374.34771822924,7131.41762769208
4516.10302082293,6482.96740742396
3596.6350818452,4044.26052994683
3485.31140546795,1688.13009463394
3915.3587056559,3723.27491389787
4257.22110220382,6379.70404062441
3845.84995089397,5172.88191727703
4539.30312156083,5996.14684152515
4521.99304381925,5602.302842712
4254.18801782876,5839.91620301258
8365.01860044614,7303.16282539826
3866.52612743012,1919.88986968194
8442.27303254507,1772.12733044469
4280.70598960641,5153.95703047654
4539.18376420379,4609.67973865489
3224.20150046879,2798.28137598711
5156.38202691838,3518.45313267458
4294.20198726774,4527.78493915678
3672.77708509186,6841.85988253291
4416.71793599761,3721.00164406345
4044.6517098191,4044.94259546821
4373.71162192781,4708.39614293035
4190.09924792797,3777.9471379867
4163.38912723555,5449.59585701383
3392.05445351004,1641.9258641066
4246.0215572005,6426.70397902208
3621.66241330425,4657.64547844798
3409.53466060469,7899.27117687097
4400.06484671592,5395.43528777984
3785.13509323867,6750.30410909377
4663.96002285696,6550.25636366487
4701.64127907666,5056.14976499275
4688.07259348591,6685.62924402034
4506.54633868906,4705.27039690802
4171.97692248234,4159.11731918877
2350.57695043478,2397.16299827486
7858.53169685788,3803.69183429045
3164.11280248041,5583.71877724457
3356.46146664317,5109.11703670577
4563.65538929762,6174.71227158984
4420.10463710767,4371.55472349946
3132.94558534263,2895.46366140854
4033.76028218341,4403.77798511815
3705.34183037923,5246.93402041744
4050.47820124766,4795.57621022243
4070.45124910504,4599.67709767029
3514.62926652547,5487.67312674035
4480.79866612106,6024.44896639262
3730.99312092138,1695.97289670545
7977.60148863204,2790.21118350387
3920.63033149341,3030.04115103511
4391.5905141147,6044.56757356933
3650.31128226971,6183.91867613504
1804.0205312901,1453.98330168875
4765.36237963483,4722.43366872894
4017.63756880431,6129.70144429729
4304.01295096323,5076.04087604392
4552.70563523625,3616.20373555462
3785.70827415991,7447.40213467637
4120.9387714044,3736.11871932024
4584.08952479314,6894.88381684969
4339.79818569543,2329.58988330465
2751.11228064955,1233.4193594325
4149.50419729804,6265.18807271553
1870.59507938369,5524.50001348689
4541.64142125163,6901.53321568642
4598.2585647393,4543.35700666465
6112.53296143446,4247.71818012736
3195.8155627005,5613.38503315479
4748.9866539355,5209.76588948258
3798.67041739466,5085.02020731882
4109.43599807977,6689.72121429334
4330.84535519287,6282.23759647368
8356.68873335553,2870.28728256339
4360.37030256012,4992.61195769178
4509.12090996249,3627.91132891503
1916.56931206427,3313.85884757684
4268.21646563325,6104.18382126383
3821.83576566599,6501.15356609931
3001.18393900697,3128.36007137375
4841.76506724181,2908.53496295645
3845.46846358463,3950.65855994356
3435.29996676368,4863.60389458848
4364.98095230521,5391.68413883989
4886.99339033599,5482.95617640498
3466.3959782325,2271.05339649597
3999.10892556658,5172.7115066105
8834.11100929257,1405.22164259769
8267.40596096887,1416.19019069153
2769.58980222904,3116.88018556651
3599.01560468913,4952.26141813083
3986.09218597937,4718.05753972663
4308.28341041014,5523.59087469523
2727.18605933813,1406.6424362442
4450.9673797946,5157.65109395747
4861.25214795194,7133.23590527541
8384.01708753754,2107.77566378223
4061.47810067439,3699.17808451092
4309.3464546024,1268.08672440739
4614.71407413371,5659.47540990554
3893.19140743305,1958.99023769053
4233.42796589037,4698.393924801
4202.58169743953,2213.93749190619
4166.09382118803,4581.71843512048
3967.8265134998,4845.58814657965
3594.01230820511,5226.30375838588
4454.67576286077,7578.57014240656
3944.70399750609,3913.37710380119
3507.26667745803,7008.26314984136
3905.26381395015,7526.39826142244
3720.2469238505,7500.7106505777
4445.44664580699,4631.4462127484
4227.93898664379,2362.21147457067
3646.81999410285,3118.92617070301
3512.68982762769,7075.38169541574
9393.48180006216,3190.30667436168
4655.35937164404,5109.17369930953
4441.96752224853,2664.44261448567
3719.49032747937,3481.45583526151
3548.22646777791,4907.98931896341
5130.81625552974,6920.96975734175
3601.88361520275,4348.65119163348
7586.86633641712,3385.23956266314
4478.87378064261,6191.25014049314
4816.20766559693,5067.5727767686
3426.25823621588,4167.64208106784
4720.344231923,5038.2477650467
3994.03130496046,6212.33454906528
2855.26967507756,6954.8413087325
4222.85872274647,353.607112337727
4744.23795491272,6488.19601261417
3860.65659437276,6415.22388178721
4041.06001107004,4775.57135110849
2090.48330880597,260.459870301013
4310.56748034138,3510.78084698342
4718.92829583528,6596.63089914492
4194.47103055563,4752.32699790945
3507.85762443385,22.6758664331552
3500.78910620574,6473.98807614905
4058.04935854242,4730.04929181634
4212.65367915102,5581.61591807668
4204.42318230489,6607.14477212911
3619.52729120505,968.526549691256
2337.33946670135,2737.01683852056
2207.42688944572,4421.73707052322
3887.1127334641,4944.87329116897
4405.56727028382,6376.74912812386
3917.35917271803,1096.227461497
6903.63607796531,2237.01101158344
3642.92845486399,6513.82696085515
4486.13392204344,2965.65086754623
3647.82433702219,3933.32487745612
4536.88319015309,6776.38962673058
4146.65140772051,6129.58769623452
4504.23633050046,1694.38158667859
4821.62846577646,2865.8542795297
4897.9930830074,6363.39366784665
4190.103112665,4921.79934863646
3393.52413850761,2091.57861621199
4007.78416375132,4395.36697130185
4392.92427821022,4987.55376316809
3816.7321651621,5131.28141759136
4423.11866534101,5387.9334127552
4036.21791668475,5758.93096516139
3041.71880026197,5699.20096940412
3620.16635460949,6889.76895972225
3576.200593678,5284.04506589329
3993.30328969596,5887.88236566093
4971.75721491149,4481.35331821771
4995.25027566796,3820.7413580486
3673.02696651377,5419.6454423743
7300.82817382877,5787.74474488371
3788.70420440247,6545.65273853702
4270.97112687767,2866.08156422761
8071.42901881056,382.818613852944
4118.69386286399,7796.86070911458
5139.0263130926,5888.16652439023
4534.43418362346,6392.54826890203
2445.38610463894,2401.993696673
4451.74454154386,6191.3068030969
3675.70077704615,4560.34944496378
4152.19637383216,5237.78385562075
3881.28741477626,4971.64087432716
4320.44789693972,5349.51532169562
3571.97556663281,2513.38391855955
3765.39143963788,123.609044768885
4197.21051569112,1346.40078563209
4056.08754818959,7303.84531377488
7695.54326776595,3552.55218019087
4171.8673842143,3808.8066914179
4215.1843766188,5545.24360072597
3184.98037495503,1796.05353773747
3870.54987775241,67.9707682143166
4465.77139804187,5174.87102838215
4511.47089422446,6189.60185072109
4170.70949410572,4667.87519270287
4124.77253877116,5545.24360072597
3036.12730477697,1038.60011348
7792.42914370733,3051.46680379556
4373.83748890722,3726.45732252396
4362.38766480097,7133.40673879719
3195.55929461033,913.456630237973
4053.31606278126,2463.88342562955
3762.30549927974,4880.99423967969
3409.25209976177,4675.94538518611
4904.32269011043,3769.13821737833
4387.73924670548,3333.40913729495
3817.95767997472,5064.0491239542
3585.71073907422,4851.7825531653
8424.35116194302,3534.47976957829
3640.45813884336,4770.00192458521
3740.46517710142,6122.08582120988
4166.69529693156,5434.08087496497
4035.34978646974,5027.39264787419
3735.06948131469,4967.83306278345
5699.86104104232,3759.2493244565
4463.92071847714,6920.11728115385
4112.07340084151,6199.49074364291
1417.61057078185,3440.53697824196
4293.16355850321,6430.85261189884
3788.0760169624,5230.90738351374
8521.21145316499,2447.45909336139
4350.25214458473,6409.08613780533
3239.77030931365,6474.49973100389
3568.00318697106,5119.68757229372
3810.41032017324,1647.49539634369
4320.31772905598,436.751951245925
3863.78936435401,6351.79982254901
4473.66176525781,4972.60709857784
3333.14048428492,3465.37232432642
3398.19147176168,4799.04277757782
4168.99740564844,4699.01890486337
3616.10452898618,5717.50087614225
4153.17381386652,3850.06636977051
4756.74034776536,1896.7594759733
8623.7181326842,859.23913411569
2914.4461401591,1937.50771089869
4288.70505219373,4961.5815707388
4026.37553463662,6670.51216876355
3428.59827837559,6625.33093080447
4097.64677316328,3925.99383595327
4324.41168136801,6094.23826573824
3637.63726714788,5468.97531321015
3890.7298878226,6109.4690890578
3790.35443174366,5224.31464728077
3990.30889946814,5312.46093882353
3987.8755725646,4555.97373881673
4208.46468471853,6471.94230244017
4382.67584611961,7127.26857196006
3739.20198233563,1401.07300972092
4066.47837055656,6061.33293859818
8246.06865338328,1253.42411283262
4480.269359268,6166.01667618899
8195.03711227452,2749.46294857848
4864.37313980768,6359.52877084393
3914.61016445625,5632.08242382974
4703.35224575172,7022.18692757718
3555.22642843357,3077.77981755792
4004.52498460827,4443.95811401256
3978.43430136349,3385.41018475729
4452.22941811074,4637.24313539722
2081.60876431963,1196.76288335248
3886.5289707506,4938.96262045738
4241.69289119894,6193.23925159826
3883.75818957405,4586.94704031069
8989.88966823,5349.40157363284
4308.1540436985,6321.11067978435
4151.96609459771,5345.59376208914
2861.42352490694,4016.35631187143
3802.62548357643,5108.09372699608
3568.36021097806,2923.36809091156
4271.78850747626,4633.03741706145
4091.44546990109,5234.4876989319
3308.64179897794,4691.80118856803
4325.89515994906,5981.25683953865
3469.89665022159,4828.93652961358
4003.76539735308,7255.02667493863
4083.39913009662,5716.30715576603
4145.772441077,4968.57179090859
3885.18776686903,5713.465568473
4361.38339855987,692.267443634826
4569.16576293905,6151.97957324565
4595.72007532553,7071.23263968372
3727.10036886561,492.049234682485
4279.58004180261,6156.46902745547
3619.5521638156,5567.52172967433
3716.27068125527,5210.67502827425
3144.80179667839,460.905416808177
4526.83479843278,2737.81244067708
3704.30649902961,4414.86017556095
3296.93303674811,6637.49309356071
4295.99156108877,6010.86600998986
4178.12739318971,5318.42827213888
4498.57274644059,5650.49607863064
2582.11361621499,735.743729218096
4034.79427281295,6140.89738280285
6449.60688694518,4581.66134966147
3770.46142326375,3858.47738358681
3731.16529352054,5802.29350268189
4251.38132101444,3118.52826391093
4137.09896399725,6506.66633001883
5409.32237367557,5645.26747344042
2599.50835849691,674.82011879842
3776.02196511064,6225.12169188389
3251.92431837472,4056.5360179106
4547.41633028677,5215.16490533933
3209.87726046699,3447.98176780758
3772.22334364283,1249.38901659101
4882.54582348316,7397.61769444468
3640.78868330385,5559.96319204594
4389.7644117488,5218.12024069513
3948.3670503764,6153.74118822522
4119.9465678335,4750.50872032611
4530.63738950106,4217.48360675854
7738.11310051482,2724.68426509778
4494.2142732714,4687.99379987958
3866.38807936143,4797.62198393131
3665.63202213616,4281.81722764365
3362.57474481666,2163.4707747255
4401.58052292614,6434.88791956809
4330.78630798895,2642.73280299591
3820.73404703078,4597.91548269072
4929.97014240647,6803.95302347292
3604.139149608,4502.72230837441
2472.08208767123,69.6188862014255
4357.3213527288,5170.09741544302
4406.71695159895,1873.23117547259
3912.86516443915,6289.05740597693
3899.84417748112,3402.23221238989
3789.43601899862,5265.63141109239
3821.75707330103,3915.93453236491
4212.35702677033,4358.59674715907
2108.17945036412,1558.32642937412
2689.63144334321,2987.87212246321
8775.83799347282,1997.1810440522
7922.8970488694,1279.73723230879
3469.46720115824,2014.28744184173
4288.47644878435,4531.30859197118
3795.08948762076,5560.13360271247
4399.49405675079,3153.47978761513
7259.82581127076,905.556954135078
3208.08218434053,2079.3029168206
3941.51082700399,6121.74499987682
4343.99631200143,6487.7981058221
4038.61158344907,6619.81816688495
4178.93911180525,1676.70687143046
3564.74676176836,2976.90346865556
2998.14110318269,500.744512941901
3704.24715276688,3859.89817723332
3958.13503666191,5739.09693956923
4259.21509963485,6753.82733905292
2640.644781551,3961.22951838676
3103.79719003671,2185.35099688179
3745.52467925525,4646.6203734642
3882.77461971986,5412.14356734967
4580.25777612314,6262.34648542251
8631.7616607568,2896.31613759644
3380.99048350362,2094.13604477571
4676.28863018164,2932.12013748855
3056.74173184151,4120.01716260781
3993.78651546332,5088.25970140392
3848.45109245664,5897.03210760237
4341.85739026488,6053.43315678147
4013.95740387094,2536.85534502888
4163.21546033479,3995.10106977751
4233.35798329883,1130.04235028399
4620.44875674872,3923.94763938914
3704.72657204498,2293.72922080878
3534.21436508621,4735.39122221408
5360.55442922503,6367.4852152644
3954.7795603449,4118.48262089852
7186.52220414517,2286.90941130552
3877.52450571699,6565.48718698443
4227.69682506544,4775.85550983779
4373.56159803764,4725.44566668849
4564.42438389268,6819.41134291802
3630.44891751296,5242.72830208166
4700.70915040826,5388.04716081797
3944.30214012262,4645.36999048422
5020.97305057463,7233.25977798986
8024.12163365682,4700.21262523959
4092.14796651296,5252.21928821142
3944.37848527566,6306.67524719368
3764.52180181172,728.469297462098
3662.76495482974,2212.80085698898
9854.24073756144,5896.52087560277
3935.47330756654,6120.43795429308
1768.6367376392,2411.99591480235
5156.42725535533,5524.89792027897
4112.60274205076,5638.22059066687
4175.81827479398,5772.85474289721
1277.03114034451,1919.26488961958
4248.62945911437,4914.46830713361
4501.17407483544,5296.09348058676
4132.25456755608,5312.06303203146
1566.07274928019,2443.19671242185
4900.85572506153,6012.96886915775
3589.98484202556,1357.65349245523
3836.63411801091,5358.55131557428
8191.19898761962,5621.34147757526
4274.12744134502,6245.80861651921
9239.67236306604,2604.42824857147
4217.30258513622,5543.7661444757
4380.87068842011,7217.00606781586
4278.36931630328,3576.87608284811
3999.67765674533,5472.95353542039
3907.04555998724,3742.7114555532
4345.08263126334,6359.75626696948
3881.24225560232,2215.81285494853
5151.42188367856,6813.55775766544
3439.06440063037,5150.88836991322
4153.37254491912,7051.8531834874
4284.49750076894,3281.74891116567
3872.90438907166,2865.8542795297
4160.46225470022,6222.39385265364
3773.76399303676,5437.09287292452
4548.52158663277,6042.12347021313
4224.32323824151,6185.90778724015
4805.69844160821,6260.81236656847
4216.53985539925,5529.1603012185
3492.0591135366,6778.49248589847
3169.54484674286,2527.7622656912
3104.7507892175,2843.51948797758
4640.73634644782,6345.83248923366
3926.81540176176,2732.58383548686
4019.71714244411,6306.22067779785
3820.69060969936,4727.66227391915
4544.12545811747,6468.13449089647
4749.98373526058,6382.31855464714
7482.92095300147,4171.62030327807
3252.3444057372,399.015661423182
4426.48005816114,4961.18366394673
3977.33847541243,2935.98461163601
3763.55612436509,4743.74557342662
5297.88172964155,4788.3584939271
4321.60169336445,4111.43573812497
4552.44110654431,3515.66841941295
3581.18989181493,6107.87788474476
3857.62434177089,6491.20801057373
4126.78626991228,3489.29853161921
3567.84331655834,3414.11021641684
3620.51335667761,3855.29497496072
4204.93782808161,6264.2222713201
3849.48724536136,3420.75940382594
8342.45099951998,3684.06100925413
4742.98983599071,6661.47575202963
8228.4877395097,5555.18915625156
2188.62151804007,5709.6577569293
3842.3223845636,5417.37217253988
4190.34178276613,1493.53823909317
3995.79331827248,5433.17131331805
3974.98193698087,4909.41011260993
3628.98088296386,5796.26950676278
4317.36242157252,5746.88255046792
4243.50839324956,3928.43751645422
3727.59169442527,7360.67705963537
3005.46914457123,1172.55251733039
2744.85429362285,6520.24886356633
3593.25230366636,4682.48103596007
4001.01508428092,6674.49039097378
4472.50622779873,6728.42388693749
4540.58899833286,3962.53656397051
4390.93860285873,4671.2850974545
4061.35008675206,6257.91369381644
4229.21755978969,3990.89535144174
4561.00212206672,6282.52175520298
4511.76949636247,6558.89445075146
3153.22810764906,3995.10106977751
3776.00634829519,5042.39639792346
4400.5725235758,2936.66667715739
4720.20782188449,7327.37382570323
4068.99946238771,5441.2985912603
3539.72512109821,5260.57363942396
3620.21199612535,6471.37398498157
4116.52531808218,6642.72127589567
4258.24396630471,4819.21804735829
3892.51495361629,4076.14297023246
7616.20543192313,2790.04077283734
2682.51850663836,732.674857227155
4098.70627430131,4273.23580316082
3665.41232213103,5176.63306621697
4052.09323217824,5092.40833428069
4411.96464180784,6699.7805178817
1308.68005375927,367.985538754739
4295.48264766962,3757.77186820623
3848.35022887491,5075.47255858531
3899.28749815042,4645.99497054658
3903.19939735671,5202.71858385378
4038.12253715004,2955.19386859343
4500.80859800319,4503.00646710371
3750.99927539399,5696.47313017387
4889.05101219421,2777.42404068526
3991.06909976337,3087.10039302114
3977.13167074501,4449.30046726555
4580.55582958592,5504.15433303989
3564.76577064835,5373.66881368632
3837.90864158143,4338.93313223344
4602.89853036114,7171.71150464926
4266.44166125464,4698.79183159307
3648.73041935185,1505.81383277075
3453.17112568678,3661.95329097231
7377.49982196,5224.20132207325
3960.28072357311,4083.1336132575
4464.22803924525,5468.06617441848
3595.83297174244,4130.64478365477
4565.55532739734,3324.60021668657
4337.39842756126,4717.71671839357
4076.65410360923,5463.86045608271
4156.79749773208,5444.93556928222
4712.41787889232,5071.66474704161
3632.81550263431,5238.97757599697
2966.64416121932,5782.40239163072
7208.24418064184,6670.73966488909
3888.67282975315,5333.37493672914
2454.78858181129,2645.74501238309
4030.26503463308,3296.86619785008
3814.35280730349,3569.14713455319
4725.90112339821,5045.92005073786
2960.92432436681,4245.04700350087
3486.6162512909,3388.76321547754
8588.94384711222,1442.61695251665
4351.35128996189,4544.09573478979
1666.66208541638,1250.8666842689
2568.70474609657,3580.85430505835
4818.40142109101,6164.19839860565
4360.99906825346,4474.36309804792
4311.76934298002,5364.17782755657
3322.67395973614,5301.4354109845
4747.83502627835,5332.46579793747
2157.68376875199,4227.37249968036
8527.91080412548,2045.43136542985
3738.34564735761,976.880795189985
4351.57945655006,6959.04702706828
4201.68668153662,4358.14217776323
4120.02698993823,5417.08801381058
8825.47258615349,1364.87110303675
3831.41261179856,6034.56493258474
4914.73435227165,7136.92996875634
4101.49652887417,4145.64853370404
4257.44190079443,5783.25486781863
3688.68685457623,6348.33325519362
3585.25410054249,5233.23731595191
3447.1776166632,4338.25106671206
3825.75427396668,5986.76960345817
4411.69742650822,5674.4220744958
4180.07865958349,5041.71433240208
4754.63716867441,6915.57074148501
4101.89019629542,3616.31748361739
3435.9853498528,3285.67047077214
4241.69349807236,4102.11516266175
2872.62980880385,1741.66557809175
8057.07492643403,551.949905390816
4233.17854593991,4461.40554456278
3972.13218855479,4581.83218318325
4580.21407881128,5785.81229638235
4453.33915803591,5146.62598897369
8494.76134078178,2775.71908830944
3781.25563294091,4370.87265797808
4459.42248562928,6180.05420198758
4517.00144382074,7100.10350486505
4698.73682899008,4291.76278316924
3991.20085003441,5722.72905847721
2771.08814342456,3556.30332913082
4848.26546019939,6832.5963925287
4676.97806213795,5474.48807712967
4098.36167079225,5397.70855761425
4609.81180326859,4963.68442990669
3343.82519433253,3709.74904295412
4179.75230272335,4220.60935278086
4285.00325325267,5890.95102622424
3363.21516904183,1818.67269944652
4202.30130870539,4897.53210858299
4792.22273784471,4142.69319834824
5059.46010104395,1219.15454893599
3793.277801562,4515.67986185954
4154.87364679017,4276.30446372414
3836.26923477762,1543.26601672109
3769.50564862178,3521.52221609315
4242.95576806467,1584.41215843856
4419.00708013452,5343.03633352542
4042.20017085713,2538.10572800886
4309.42112667383,5793.48458207351
3757.65207347995,6187.27191828291
4782.60477211751,1704.15662582383
3980.69392562268,6595.83508556078
3654.59340327173,6767.63779158122
3532.77922263065,1595.26706418344
3776.31233356854,6133.45217038198
4721.49021754652,5141.51113184624
4090.31064609011,2997.87455202018
3845.49236029218,8401.66381027765
3541.23296998041,6094.46576186379
3573.55546765204,1266.49541438054
3430.54960963142,2191.37520422853
3948.91329898105,6210.11836468987
4639.24816405366,6973.65287032547
3361.4825633414,4537.16217722376
4420.88690610148,6450.51664967972
4146.11337691715,5254.60630610861
4745.3876625797,4955.27341609039
3668.63388094969,5861.00103443997
3938.95003387052,6205.62848762479
3385.91507019093,4603.20075048469
4360.56402309432,6702.28128384166
3919.84063391132,4772.72976381546
2703.14537080573,1444.8334540335
4534.9977213401,6849.24800949477
3702.36775343825,3310.5058168566
8316.21066523122,7824.8782523975
4104.58670704164,2437.2293791065
3971.42088935791,3574.14824361786
4341.95062606006,6168.57410475271
4380.40853053202,3566.02138853086
3800.86663613404,1833.8466487347
4802.31451520026,5761.03382432928
3897.01167730817,6150.33128347359
4094.80503889615,6643.51708947982
4225.68723678346,1981.66606200334
3745.70661457657,3232.64632502774
4492.41947333843,3704.40668970114
4151.2857470822,6682.27642472772
5104.04750888223,6322.98604282669
4752.75986020555,5985.97378987402
4014.0473844435,5774.38928460649
8738.2758359658,1242.3986907074
4423.15652754373,4859.56858691923
4514.08299747072,6184.43033098988
3570.99736909665,2795.61019936061
4083.77851636416,1835.04015768329
4276.63380313717,4820.24093421273
4213.79028642285,4606.38315911078
3593.470180649,3653.76977328155
4143.01728072464,5008.86566786577
3923.09177657344,6311.44928298806
4672.71639378731,5550.69970204173
3934.60780895607,5061.77585411978
4221.84464312182,6878.63010667569
2843.4062945603,2518.89647105144
3027.09670287847,3927.35754414077
4249.52504079073,6265.52931690384
3729.12203248433,3938.89430397939
2721.45966487155,1972.00466520706
4096.45712384653,5554.67792425196
1499.01028713107,2426.43134739301
4590.53636504454,6811.05699170548
3557.8937515098,1851.52136398283
3944.44893575618,3069.99399523161
3519.30915622256,2326.52101131371
3792.7862955123,1272.91742280553
3381.11102578737,5584.74166409901
3076.48560540359,2594.31228237936
4863.85050644588,4826.89033304945
3486.84139966442,2347.37834661555
4178.15367414737,4115.41396033521
4072.91417042814,4473.51062186002
4132.12901808183,4631.27580208187
4509.13857086557,4606.72440329909
4234.61998140594,3192.8641029254
4619.95754837708,6477.0000741086
3315.71535388645,6163.68674375081
4074.94919074559,5161.74306423048
4140.49553483599,5928.4033158884
3904.99536561828,6625.44467886724
5042.62033849598,3553.80256317086
3943.56245721036,5230.4528141179
3949.74074838182,4308.98271759392
4139.70870460458,4938.56471366531
3731.90401218526,3855.91995502309
4243.63440713427,2288.10292025412
4964.88590724251,2667.45461244522
3528.69780120742,6508.25753433187
4562.08986574821,3885.75662159984
3585.90418172154,3982.42767502168
4240.56120116597,4152.80916454036
3725.57749305164,4882.4150333262
2753.83435326323,2122.38150703942
2803.11403366768,157.935416625772
3894.91250158544,4753.06614888984
4093.86963798426,4335.92113427389
4743.80320206143,6021.77778976613
4807.27852933303,5382.53439689846
3442.30211576006,5011.7072551588
4103.42668090847,6941.59959651806
4171.80644582956,6150.72919026567
3322.23163340662,1237.56799230926
2206.04275278993,2741.10859736594
4135.41039262806,3540.56085095641
3572.2868917186,5852.41918710189
4571.54501570103,5774.84385400233
4251.47284705293,5275.80446274352
4428.70676915171,6091.28293038245
4214.48200663665,5718.92166978876
3891.84123248542,2144.20485516432
4109.34704786829,4766.25077564527
4130.38236263666,6037.74776406607
2064.35300436156,3238.32949961378
3797.04400487327,7463.71250745412
7762.67352238665,6744.33677577842
4048.93739817048,3990.72494077521
4071.61415094428,3270.26902535843
7659.93578378999,852.817125690693
4039.03134312655,5703.80417167672
4468.10959038752,5854.52204626977
3917.05651936253,5348.71950811147
4474.27533939477,6246.94525143642
3582.77434753798,5364.46198628587
3908.0868532472,4713.79515878709
3901.10675292973,3313.91572160823
7476.85084274379,1058.0934234529
3500.30988893956,6691.59657733569
3914.15383105661,6259.16407679642
3750.09333735519,4497.94827258002
3297.82863347009,3749.70167572299
4110.18523627283,6581.34299036635
3913.55262425385,6098.8418908661
4471.8032713595,5695.27940979765
4541.70424231837,4863.26265040016
4467.79232879061,5121.16502854399
4377.2277403367,5249.77560771047
5030.26506592503,7167.619111521
3831.19303951269,6749.6220435724
4206.52728565259,5386.45595650493
4113.88693000714,5773.65055648136
3191.03136788466,3269.98486662912
4375.11117787233,5408.50658932775
4100.84393391951,7174.78058806783
4261.88003477342,4403.38050118133
4057.9114834527,4780.57246017316
9322.28641383389,894.531637723669
3269.29518925511,7302.42452012837
4012.0042257658,5189.42020903558
5223.79737279204,6945.29365999899
3430.36001088187,4895.14551354105
4193.14222842713,3727.82145356671
4496.86424341,6573.7277901342
3883.44927765633,2810.95477074295
3478.40578971853,6686.93671245933
8266.45304754385,561.156627077452
3507.95225483225,543.538785860702
4234.31877028254,3100.39897926697
2730.33145502736,1881.13074586167
3747.16368387138,4244.36493797949
4056.30057491061,5992.28236737769
3436.26584463321,6370.66804674574
4268.54013825324,5551.09718597855
7362.0659437179,2050.77350725521
3717.46116888319,4031.30297646169
3264.91292721501,2861.81918328808
2567.98039613089,208.288332886779
4689.55201211178,6330.8858246434
3508.89179418396,3225.31507209726
3762.61827271144,3890.36024672769
4333.26775614536,1791.50699806864
4690.36301916548,5132.24721898678
3775.08696874555,6935.40476707717
3629.22574616874,1918.2986653689
3668.33281560807,6331.56789016478
4488.30708936451,5142.02236384584
3663.32659901026,2871.31016941783
3798.84932986901,4676.79786137402
2733.68551069007,4686.7434168996
3765.31467824284,3982.59808568821
4843.12466556605,4864.2855372546
4196.89905869269,4644.11960750424
3988.09104035481,5251.3097265645
3769.41753250064,5429.70474596266
3791.55148763061,654.417511463125
4604.54098900193,6636.52686931003
3645.2438608435,4727.03687100153
3561.22792203702,6430.79594929508
3807.77402856568,5138.61245909421
2620.07318861751,2003.6600322224
3930.35785614214,4605.92858971494
3378.27851874647,2789.87036217081
3829.81563172911,4689.13043479679
4821.27169211802,5337.63731766867
4258.32307140422,776.605765063165
4110.47392364755,3991.80491308866
4952.95140957361,1773.66187215397
2952.22488770567,4550.06306810514
8353.46698099595,629.638880839335
3393.3349559426,3224.91737673281
3804.67516187688,4449.86878472416
3862.8698239807,5274.66782782631
6574.42481288787,884.358744643261
4429.42046706429,5743.87055250836
4128.27450449353,6165.27794806385
3764.02904518056,5025.85852902016
4583.66050310752,2536.96909309165
6734.93135946813,3631.77580306249
4695.75587491575,5377.41953977101
8084.71705878835,3280.44186558193
3916.10102908763,5054.16065388763
3909.5265133518,2563.45251752054
4848.10101733958,4567.79465738466
4427.6915008739,2785.66464383503
4247.18176682341,4696.57522436241
3907.45787853331,397.310709047367
4790.3048629486,2187.62426671621
4467.3567359528,7069.01645530832
3974.64979490153,5765.23954266505
4317.24475076936,5258.81160158913
3375.49785268529,5838.9499787619
3445.64763149243,2830.6185970962
3565.94632947869,5773.93471521066
4621.30629144503,4728.23059137776
4098.44378552849,6063.54912297358
2058.11120537436,1984.9622186922
4744.37216837539,5516.60065452544
3699.35902542142,5117.24389179277
4219.89502217499,5267.62052219751
4163.01591323934,2199.33164864899
4333.82887036806,628.843225825907
3952.37095032482,5708.40779680457
4384.09715745057,5750.17913001203
4546.56819742825,3979.98399452072
4978.04593304094,4603.42824661023
3383.22366575703,764.614277257984
4026.1555595229,5223.57591915563
2976.33507809669,492.56073096661
4284.22198856595,6651.53019650405
4376.71155784714,3530.38779930529
4069.64433787858,4651.28023834056
3790.46948193246,2974.34604009184
4216.06678851511,5137.7599829063
4809.0131398711,5238.8638279342
3894.0582867685,4992.49820962901
3748.19273238531,7183.36201255066
8162.33925816139,2615.90834580634
4454.10012285722,5289.2736710835
4035.43102690527,4204.5260532734
2876.82175896982,3809.43167148026
4705.96021034907,3354.49354586709
4635.0252487346,4713.51100005779
7254.09057713024,1319.86038145801
3666.09182207562,5026.25601295698
3949.93711407718,4472.14691367252
4145.10695770059,6162.49344622984
4196.61173925473,5927.09627030466
4359.79563404463,5124.4616080881
2996.09499528641,5743.245572446
2820.49905256934,4404.74420936883
4079.79881961398,6060.25296628473
4748.84433210145,5455.05153547433
4964.40147082415,4915.54785659181
4922.39735132696,6858.73899562453
4629.68809256267,4581.66134966147
2546.69329989532,2509.06466358863
3948.68368008229,2778.27651687317
3475.07873844942,3172.68883314493
4503.65568418885,3603.18951946572
3613.7733783864,5385.31932158772
3831.37154403091,3977.36948049799
4443.85503217083,5509.49668629288
3978.2897029315,5445.10597994875
2533.44345039715,4573.87573876278
4139.24105298426,5728.81013985533
4092.03374604194,3210.48194414215
3673.18643400385,3951.51103613147
3316.25137053516,4880.53967028385
4204.11924071062,5219.02937948679
3852.52723465685,3361.25669276659
3998.04384312957,4543.92532412326
4760.22575461928,7613.40749519274
3794.21239440126,6097.98941467819
4317.51254520488,5115.82309814625
4435.51021860096,1736.77811137604
4810.77419264741,4213.221225819
4637.16642558363,6368.90600891091
4087.12194649521,3540.50397692503
2510.15273501096,988.645051154156
5076.8282308286,6152.43414264148
4315.49655755856,6709.38525207422
4191.88467874481,5398.73144446869
4957.04970641222,6634.70816887145
4981.09605117522,4339.72894581759
3484.19398499126,6803.61220213986
4236.346777526,4556.03040142049
2763.55899078189,3643.36922550488
4501.81358711441,5816.21728041771
2534.02881076117,5332.636208604
3149.58677821819,1251.37812769612
4975.46435024709,6940.86086839292
4262.59795248841,5136.3962747188
2794.3228385983,1071.05108265186
4396.32737505019,5864.4109391916
3881.90012527186,5195.5012904137
4255.52539685958,5433.68296817289
4110.17181407826,3452.75580360197
4044.78087229605,6472.33978637699
4091.1713450898,2457.68880761628
4508.2208500703,2949.56756803877
3929.6797925354,6325.77096751596
4319.32829640756,5110.42408228951
4234.63750861479,4502.04024285303
3330.13493082145,7771.11558995558
4817.77948898757,6365.89401095136
3458.95537870684,5349.4582362366
8485.19361697472,2569.53359889866
4979.51197777246,2040.94148836477
4367.87147506992,5815.25147902228
3761.93977095321,6184.54407905265
3032.07258983217,1714.49998242768
4417.63552700578,5648.90487431759
4132.17685176793,4309.09646565669
4037.87978887422,7651.20060618996
3298.55303534451,5006.76280869789
8712.57382256158,8282.6579653037
4334.22012494882,3849.4980523119
3698.81910870254,5079.84868758762
3914.63615756028,5883.67664732515
5042.19050264971,5087.0659810277
4220.14676249046,5595.65344387527
3608.40868855652,6172.49566435918
4028.95933466525,2034.34917498706
3775.79496529906,2301.34463246856
2956.17747120247,2185.91931434039
3538.68264160391,1769.39949121443
795.759301089476,2283.72679125181
3654.22913384993,5248.07065533465
4792.02348144583,5207.49261964817
3185.32835858857,4669.29598634938
3720.71598036851,5065.81116178903
3663.9332029006,1658.97538786475
2390.30540002814,3677.46827302117
3448.22914209685,2557.37164757004
3207.80306836006,1977.46055509519
3362.671708091,506.200349973126
3909.32054183674,5216.3582028603
4580.99187272535,9441.79808473203
4110.98069913388,4939.01928306114
3496.41419180189,6425.62442956388
3768.18744865856,3857.73865546167
4079.98937453605,2125.67766372828
7887.40089461912,1976.5512048759
4437.24847652495,4838.08627155502
4520.84104929977,5435.21750988217
8217.16321427773,8327.27088580418
4360.29689048453,4123.2566566929
3696.09691836898,325.645888088679
4229.5301236905,4977.15363824667
7909.74421266159,1935.40506315843
8455.19529055131,1892.78125376307
4209.07556780974,5129.17855842347
4334.33396482132,3428.1475307878
3598.3929967053,4462.59884208375
4307.77465022528,5931.3586512442
5117.95418389283,7206.71969095722
3723.2349666818,7042.19178669112
4894.5623287228,6131.63346994339
4177.49342631403,2892.6789481469
3794.23256674782,4866.55880708902
4294.31619807053,6376.12372520625
5194.58356080204,4789.60887690708
4801.4626520745,6119.35798197963
4692.9473048905,6196.08083889128
4880.6252194286,3503.6202161471
4222.47847427933,6073.04010910333
3751.14552676413,5170.04032998401
4256.92403489941,2648.24556691543
3289.96552419306,5362.47287518076
3693.39923397668,5519.44224181846
4190.00402895092,5858.27277235447
8118.25265670311,6930.57406867903
4924.95628688677,6534.11597869839
4719.18338743096,3444.28770432665
4729.77504010799,4978.00611443458
3316.66514888735,2700.92867989915
3593.82978894911,2994.69193196647
3316.38058329302,4845.01982912105
3997.5413716428,3194.00073784261
4213.1170009118,2641.3120093494
4409.10561805922,6121.06293435544
3690.47469290143,5261.99443307047
2867.71979455462,3859.84151462956
4305.48804506295,6586.91283974488
6744.57458131608,217.267756661272
4192.37936348746,7701.44003867273
4512.20223901973,5022.50528687229
1623.84104276488,950.851940156934
3776.71221436828,6184.54407905265
5130.27246617308,5574.73944596966
2013.3860988348,470.680508810324
4196.4989930684,5373.0434107687
3652.86320027603,4303.92494592548
8549.35041827318,2038.38405980105
4121.22068373064,3975.20995872634
3463.8060179686,3686.05012035925
4359.8549712997,6814.46689645711
1980.97147416333,287.511797187675
4240.97990936671,6290.25112635316
8455.97792464373,1424.14663511199
4620.84629770108,4599.1658656707
3601.54978534886,3432.35303769595
4148.46226428262,2953.20475748831
4130.4816979656,7533.55889225876
4600.47882402776,7039.97517946046
3822.10667431534,5006.76280869789
4098.53425856123,6928.47163236639
3635.9087028623,1251.71916045681
3684.41543649867,3556.58748786012
4836.20159428039,6878.45969600916
3834.6192846972,4124.16579548457
4236.6925318534,7193.70505201307
4542.85175515128,3257.31126044566
3719.63136822424,6016.20836324285
4296.50945177327,4351.54986438552
3836.55516044571,4895.65674554064
4713.07939424123,6283.65839012019
3041.17785210081,2189.21568245688
4723.43959874027,7362.89366686603
4036.46277506731,3009.92275528602
4170.18387531138,4138.1466586794
4906.27745354101,6412.09813576488
4720.29679856172,6125.60947402428
4661.50926962364,4487.83230638791
3541.22350108677,5250.96890523144
4283.55956865669,6972.28873928272
3828.91644605064,4322.62233660043
5257.10409699209,4828.36821215498
4109.50548540929,6541.67451632678
4567.13586463381,8205.59428705898
4222.89167531567,4014.31011530731
5389.55041746095,1884.37002851914
3430.14210199519,1430.68228588595
5572.36242269752,7262.58563542227
3805.89899802382,3486.62735499271
4658.10251472345,6249.33226933361
3424.49547244394,3419.50923227358
4149.58420621692,5202.94607997933
3896.16628504868,995.635271323945
4594.72502790498,5297.96884362911
3718.34395928612,3308.97148657494
4122.94228087668,4128.82608321618
4622.65352324172,6550.08553014308
7364.71637368468,2379.43140899534
4320.23891632738,5480.51249590403
7653.59687532411,1496.09566765689
4422.85683645723,5564.62347977755
2811.86212740808,959.945019494611
2561.69101600201,2781.85704371895
4004.37587280141,5731.3109058153
3504.95709974604,5905.78436560698
3906.54322718375,2355.90310849463
3878.31456683618,5789.44969725952
3523.04774651642,5975.91448628567
4167.01741786314,6812.19362662269
3439.50517499264,6344.98001304575
2666.58589546412,963.695851293115
3667.8936475175,7394.49194842236
2948.06310023706,596.335488336473
3707.80030044743,6561.45187931518
3951.79655078995,3752.65701107879
7888.74496655867,572.295638694725
2954.42477414057,4848.71389260198
3307.0710337448,5125.71156821283
3982.20993098306,4750.62204553363
3409.40002580459,908.341773110529
3894.37339101032,3495.89105642455
3047.16891271457,1219.04090658703
3583.16803592693,3249.18440535866
4307.23154775806,4821.71881331825
4047.04328435113,4620.0798635763
2227.9364357126,1709.10096657093
4025.17951669121,5446.41344838774
3382.15172697213,2355.05063230672
4937.22008144988,4118.14179956546
8261.43741244594,1000.29555905555
3613.04097438811,5169.1878537961
2669.35127040866,1010.46839927906
3611.05029496447,5168.44912567096
4339.62885492102,5134.5204888212
3943.41190225037,5062.00335024533
4427.46295106492,7009.51353282134
3620.84355598284,2397.56069363931
4234.36516813184,4796.65575968063
4217.92319271688,3889.67818120632
3878.20606544181,5635.83357276968
4427.9753336241,4999.54509240255
3606.14431972689,4123.76831154775
3788.49408911397,4970.39049134718
1645.29226512204,198.001797457413
7675.63576620471,4262.55109665485
3794.09159476572,1499.16453964783
4407.29099842324,3092.38566081511
3242.66577155164,815.194531073815
8827.96308569741,4087.90722619663
3089.61478649853,4842.2919898908
3094.02999061942,6617.31782378024
3877.59813240677,5545.24360072597
4396.88831917619,5176.86013948726
4193.93765371929,5807.92001466418
3201.82224403258,1161.35668453864
4432.18209349641,6765.53493241333
4061.14049291804,5258.24328413053
4294.04383314837,4770.05858718897
8202.38089980876,1810.60250696328
3740.23998755443,365.882758872211
4263.37214922387,4314.77964024273
3379.19923181132,5960.28575617403
3438.04935008912,4622.52354407725
4232.2914220837,4785.85772796713
4435.28972382825,4808.07919431173
4286.52814338264,4587.5153577693
3922.04888296202,258.470759195896
4336.47428335833,4348.82202515526
4609.28733126787,4761.0225933103
4227.80342465745,6116.51639468661
3232.20876270288,1176.92854061889
4037.88515054729,4022.83487718638
4058.05728067239,998.192699887666
4285.41625599816,5585.59414028691
3442.38145607707,2426.26072529886
3762.60180959907,5199.19535389464
4015.86875809238,3012.87809064182
4229.17141600252,6104.2975693266
3782.33612413804,5536.09385878453
2936.12301839404,2674.38817001125
4464.049847621,7107.83245315997
3866.97182158627,2110.67412510664
7311.77026983181,551.211071551867
1203.45279458075,6179.03131513314
4874.27683755872,5191.52306820347
4254.19518210708,7074.47213376882
2793.41039460463,2188.47674290412
8648.60435591413,2167.56274499851
8389.69393872993,3427.8633720585
3932.97975473671,2701.8946927222
3057.74799654152,872.196740457736
1887.16431561407,327.634999193795
9284.96205809117,2461.78056646166
3935.02796985721,5062.00335024533
3968.33333187197,7318.50739678059
3429.14189071069,4370.30434051948
3951.92552736213,7003.83035823529
3809.09304561433,5143.61356815888
3978.64244811335,4881.73296780482
3604.0971381992,5477.04550569339
4675.00158814497,6371.52052293365
3588.84349498419,5521.37426746457
4027.1348728739,4929.64204499416
4391.78264613571,6326.16887430803
4682.93275536368,6129.24687490145
4585.57785237452,4590.07278633302
3751.69104546433,6377.60160431177
3110.63782092714,805.476313103053
3905.36937541325,2689.3917086329
3980.34932723307,6112.02651762153
4119.03456828136,5356.67595253193
8143.93163691029,1631.1847064245
2132.40217503738,4744.82554574007
4118.52745579886,3923.77722872261
3648.49817003358,8346.53701679298
4033.11020296695,5182.03208207372
3996.42128153184,3256.79981701844
4030.9977056964,1425.16962768024
9159.13699660707,1839.4162866856
4022.04556424172,4022.4369703943
4556.39062291092,4497.72119930973
3576.68900212847,5017.95874720345
4886.14320173466,5662.82865205341
3211.294497959,2887.05264759223
6615.16953894239,369.690491130554
4460.00608426715,5195.61461562122
7706.67874796552,2483.5472519828
8605.91910315187,1230.06622299844
4171.89898877193,4663.38531563779
3362.12644708942,706.873234035114
4051.77834042459,5550.41554331243
4361.26941055978,5574.51194984412
4741.11329218169,7610.68007881774
2397.21170758783,268.984632180085
4384.53226276433,6453.86946897234
4018.39482265457,9327.62378386672
3843.05725340792,1946.94182299706
8438.72436552307,4879.63010863693
4084.13767774178,3455.93821222805
3284.48317320403,978.756263946143
4557.72544925067,3744.41640792902
4404.73417952114,5904.42023456423
3694.25342631594,4439.86614373956
4138.28208017701,3805.73760799933
3663.2425948262,6574.2961075928
3655.43948164942,5220.56392119608
4669.65258667843,6191.3068030969
3810.82971642937,5092.29458621791
3861.77578831468,2348.57185556415
3138.63900147176,415.496867722722
4888.85084700169,4556.59871887909
8921.42389936029,2343.85469380115
3576.78351931852,5688.28918962786
4281.18594798257,4870.19620796619
4557.15723065275,6565.43010152542
3565.44265720421,4857.74988648065
3999.21415167866,5546.20982497665
3807.97648768341,5661.9761758655
4125.64249319031,4992.15696544069
3978.89826766789,6444.37890569784
4417.63522503101,4805.06719635218
3550.19489890989,5555.35956691809
4126.04345057065,4803.58931724666
4412.0289197901,7756.96431609422
3680.54168052472,6543.83403809843
3944.62581527992,2502.35839072052
4683.31794363885,6174.08686867223
4196.41319421833,6684.0380397073
4291.86374849431,4916.68449150902
3636.33817891589,5544.61862066361
4682.93340570641,6117.31220827075
4698.95459937176,1748.31487121467
4125.85635096996,4584.61668501726
4449.16538800899,5182.31624080302
2481.10735623908,2699.79204498194
2899.0538457429,2161.08396825594
3782.49748260764,4110.92408327013
4145.71908488236,4757.83976182897
1720.76300715232,2659.49816802476
3747.03754350923,1871.412475034
4999.57435629624,6837.99540838545
4115.41288906947,5041.60058433931
5302.540798843,6595.32385356118
8484.1886273644,3876.55021705464
4442.57702498881,6275.07696563735
4090.25187365014,4801.71395420431
3882.57860627489,5004.26246559318
4420.70630930641,3980.60897458309
8290.85876716454,3178.14472303306
4426.71542722924,5137.87373096907
4559.9933240936,4198.50205735429
4726.04349604417,4615.76039717776
3079.39008865095,4419.69087395909
4015.22585048817,5782.62988775626
4000.98432292361,4779.20875198566
5207.21558437095,1738.82399079873
4077.71109757438,6039.50937904565
4079.27138149309,4781.53868442384
4023.07146620411,4855.64745016801
4224.09654796754,5496.3116366822
3709.44998134333,5914.02496875675
3619.62027423134,4279.54395780923
3748.984696231,3374.27112028311
4207.37771908211,4187.81735084831
3957.61330948415,6054.28563296938
1321.94909261377,1178.00840721853
4638.24857858876,6139.98782115593
2489.59034758725,5740.74480648604
4010.92434756302,2080.61017383197
9089.13204950531,4669.29598634938
3859.60788482531,4959.81995575923
4809.90902005996,4907.81890829688
4147.1817027863,7196.71747282787
8367.55296632522,546.494068359591
3430.13938680867,1572.59113415681
3845.3832418531,2549.47207718096
3890.33439968474,5603.09823344089
4386.80166587966,6074.46090274985
3793.84712195724,6863.91051535573
4179.25983158231,4337.22817985763
8153.14296062311,3514.92969128781
3024.44116564806,39.1570710809172
7850.39685035519,3937.58725839565
2508.30066847862,4230.49824570269
4096.5383566262,5577.01271580408
3411.0770256451,138.214795526493
3194.07451362531,1689.20985551976
2396.24075737645,2792.99610819313
4751.75355989083,2377.38542385884
5478.90902954694,5304.50449440306
4049.89658773361,8746.46251983951
4020.85042706809,5632.53741608083
4187.36870473689,6947.62359243717
4560.52244863488,6804.9192477236
3415.41972376654,1974.61896780217
3651.69509665844,5297.96884362911
6122.59450236685,3207.64035684912
2563.00201632131,2227.80439561062
3826.44367320452,6012.74179588746
8030.68873594604,4335.01157262697
4074.45343459853,2546.34633115863
6645.99918663964,1100.54671646792
7441.76477455743,3162.97077374488
3586.58819527619,3085.56585131185
4351.16563797941,4384.5122769846
4384.41401570357,4918.67360261414
3623.34499701316,400.095475165912
4088.17299217625,4011.75268674358
4728.48946342724,7082.82648498136
4082.97676428824,6486.03649084252
4804.01323213484,7027.81343955946
4349.66338203784,3155.69618341817
3881.51258834447,5592.75519397849
4297.88974325708,4922.93598355367
4336.92633135811,6662.49906173932
4091.11908133354,5897.82792118651
4387.18118864625,2656.37242200243
4668.71398045337,6362.08619940765
3836.42122849274,1119.58535133119
3698.37652602917,5622.30770182594
4096.29936506573,4168.55164271476
4011.63751556203,5670.89884453665
3924.51115160226,5798.42902853443
4594.82071804594,6791.62045005014
2301.95544398157,4756.646464308
3917.6301740055,3318.68954597498
3908.8737843715,5980.46102595451
4552.08764112738,5126.96195119281
4114.00276283115,9797.16732988183
3896.08595336566,5374.97585927006
4570.33783476124,5585.48039222414
3859.51181444037,8040.04391879369
4438.87883261632,5740.51773321574
3767.23147613603,1134.92992271352
4017.12832467266,6334.97779491641
8166.81296150597,5065.07243366389
4494.76347157254,5145.3185205347
6932.08636214982,6782.12988677564
3263.04920036617,5487.38896801105
4224.37447020229,4676.34329197818
3737.12930925126,3603.98491019461
3771.87210577284,5478.92086873573
4044.2370145552,5220.10935180024
5068.06336353253,4096.1478293464
3559.30768021614,4562.79354831999
2479.41838824158,535.127719187494
4231.83451146119,2766.79663106592
4699.44424135571,5816.72893527255
3818.72380637261,5394.52572613292
3115.58708806854,4998.18138421505
3963.46014674854,1780.36793359446
3877.53973984334,4323.07690599626
7608.22857255622,6261.32359856807
4149.30538805181,3245.77450060703
7948.39931852851,1381.52282571663
3874.01628817898,6103.10427180563
4648.88920184241,6158.79938274891
3694.91453533545,5681.7535388539
4205.10429125679,5716.87547322463
3935.24532983466,4128.20110315382
4167.93992014918,3539.53775267435
1974.4368434466,5207.49261964817
4204.23805902384,5071.83515770814
3761.90947064954,5036.99738206671
4506.34846502202,5378.61283729198
3791.80800285369,4948.16944785783
3923.93862137942,3187.29467640212
4565.14208485158,2868.12754936412
5002.96974232533,7599.19955872762
4371.00390844216,4972.83417184813
3618.81415633521,3890.81481612352
4341.75508169042,4248.68440437804
4362.28671978833,5785.24397892374
4270.89428321155,1253.4808811502
3847.17493780383,5045.35173327926
4062.71966597478,2472.80588287307
4343.78731347413,4571.65913153212
3543.91286668168,6696.37061313007
4007.25874092207,5065.07243366389
8085.18036299706,6871.75321171342
4240.59717769209,5388.10382342173
4594.73769946716,4972.72084664061
4313.69921896344,1540.99274688667
3892.44285447326,6203.18480712384
4296.17580014841,6240.12544193316
3105.28655066146,1396.29907964036
4277.9582414139,5424.98779562729
4529.56298950562,4728.85557144012
2602.56602844328,2604.14408984217
4143.40853290957,3864.3880542984
1966.33924474257,7259.80071073301
3560.24108310357,5425.72652375242
3975.315957983,6611.74797440171
4222.99739014321,5305.58404386126
2649.53287195169,869.184689641274
4620.86603597951,4703.50878192844
3792.27873749353,3055.50190003718
8487.25790786652,378.442590564449
3245.70032593119,3480.14857825014
2624.33732562114,1340.31980996778
7804.16094153508,2955.87572268718
3907.62199024479,6503.71099466303
3986.55600004898,2276.79323368578
4561.70465136233,6882.60832888593
4539.49526207491,5416.00846435238
4058.08782614252,4533.52519920184
4630.07749757613,5481.87620409153
3955.94231149577,2237.23850770899
4098.35740033434,5370.42931960122
3760.5965306292,5116.33433014585
4380.2938280555,3486.57069238895
3976.87663999686,5542.91366828779
4740.13567940184,4805.06719635218
3751.72447591845,4069.38024618822
4077.48014549494,1981.72293603473
4318.78894917,5566.55550542365
6935.42860736192,4925.55049757641
4261.46159851557,5244.94490931232
4693.26746658566,3501.8583897399
4136.09002733229,3310.96059768006
3538.09242370724,5555.64372564739
3431.38455516564,1751.89529234664
4312.886030828,5199.820333957
3507.29858633957,4645.93830794282
3434.74940704366,5595.71010647903
4144.36048224105,5430.15931535849
4199.65768421833,289.61455064175
4106.58504791618,4908.10306702619
4265.88942606496,2440.46866176398
4347.77158159764,6284.85211049641
4233.51247959544,4605.41735771535
4162.37352221439,6830.15271202775
4114.18817247719,7472.97642031358
3792.26596478802,3739.07405467603
3828.5854373145,3784.82361009372
3638.29355014408,5507.50757518776
4447.28856538587,4935.78021183129
4524.45710945914,6636.29937318449
4331.49330819862,4908.04598156717
4206.92820087418,5766.03493339395
4038.66507425632,5189.53395709835
3152.91349386492,5130.88351079928
4050.81178432174,5376.68081164588
3889.30767699754,2803.62351781247
4647.76830279676,6481.60369923645
4731.18473031798,6066.44779572562
8405.60309752687,3160.29959711839
3440.29949124634,4719.59208143591
3744.74127203191,3360.97253403728
4152.63802301748,5110.53783035228
4564.51092622572,6248.36604508293
3781.74433744586,249.150368731849
3159.46711939036,2528.6716159105
4555.27930350486,5459.82557126871
4203.19347876352,4660.37331767824
3877.79977009057,5200.67281014491
4008.4314072254,4788.13099780155
4680.02329876148,4358.76758068085
8519.10951694627,3402.85740387989
4001.52533730965,4490.38973495163
4821.26271646959,5626.51299730646
2496.51661491545,1025.92661301035
3033.33511810466,2139.03312400549
4410.28397204642,5100.53518936768
5349.79102907355,7021.44819945204
8918.41567282103,1641.357546648
4997.7689806582,4297.73011648459
4459.69021222145,2020.14123852194
3285.71977039007,2597.3811543703
3725.70661743327,1062.24216204348
3975.82834089898,6480.80788565231
3346.39781278078,5276.71360153518
3979.24173047508,5124.12036389978
3641.86673488264,5525.52290034133
3973.22004510947,1649.48450744881
4246.31167041718,6357.76715586436
8386.79829587258,1838.10902967423
3384.75745085405,486.99119872952
3734.03767855426,5528.53532115614
3916.91190490246,6389.02461608762
3678.77532278585,6299.40086829459
4591.39040301525,6547.24394285006
4377.23723719065,4214.35786073621
3879.4183858322,6045.59046042377
3382.8160107225,2556.12126459006
3673.26540436932,5640.49386050129
4233.37411237133,1539.85611196946
4607.4737825898,5588.77697176825
3557.37711615578,2091.12404681616
4158.31386781384,4414.46269162412
3486.14241616123,1747.6329114071
4337.61789346566,1413.57599381023
4283.5409633517,6960.69489398508
4221.88955171832,6553.21127616541
3982.85356787614,2046.28384161776
3369.60833618645,891.576408081686
4709.73874463104,6114.92519037356
3197.26153316461,1935.80275852288
4335.45943183159,7072.14220133064
2800.19938702896,4867.75252746524
4706.43714360617,6555.20038727053
4693.64220536205,7091.57874298598
8034.39528096034,5326.1572204338
3912.1406179064,4034.37163702501
4095.77278610414,5400.20890071897
7583.56657661766,249.775507364933
2849.33517952984,1267.80256567809
3687.39651999161,3886.55243518399
4449.76402229228,5392.47995242404
4312.40935554076,4935.66646376852
4511.9536903987,5768.02404449907
3765.46643900714,320.133203454521
3708.68612743818,4918.38944388483
3748.74071132626,3541.46998974808
4695.0862198754,4235.95392416319
3445.23315566724,3381.94340597428
3473.2379232507,6688.69832743891
3587.43611507948,4624.9672245782
5143.79915165135,6678.75277191332
3589.85803456838,4861.61478348336
4213.78107512182,5158.78772887468
5328.13533810697,4159.91313277292
4206.0739694288,6652.95099015056
4510.4713982404,4960.33118775882
4021.70905393646,3896.72548683512
4619.83648841662,5921.0718515303
4110.26382931687,3752.82742174532
4261.4153953674,5289.50074435379
3565.43259748767,3335.22762630591
3988.3384159893,3335.11408967076
4808.74832134646,6090.82836098662
4833.48855632724,5190.72725461932
3903.80112597219,5911.12629600472
8982.69691775484,0
3758.82101938901,3907.58018115237
4069.5999043856,3732.53840390208
7402.00167324456,2347.60563131347
4070.76831128489,3295.04770883912
4326.72780005171,5173.22316146534
4040.60935402525,4233.45358105848
3156.25846970441,2049.3527136087
8626.15463571617,6826.68572181711
3457.35044556896,3548.23313664758
3736.01428618122,5560.41776144177
3944.73252933293,3924.91386363982
8258.93263424197,2914.95686566763
1189.00332431732,2286.17047175276
4954.62199017696,6359.52877084393
3141.86976318535,3738.10783042535
3991.16887620464,3693.26783665458
4165.49085163105,3677.18411429187
3314.32388259786,4805.01011089317
3799.36303144595,2149.26283826038
3864.29872956271,3597.90382881649
3807.68114722659,2679.95759653453
1648.78030367951,6727.23016656126
3787.88894430505,2164.3801249448
4541.61243829039,4712.88601999542
4106.61540424991,3880.47135380587
3505.02624404978,6045.42004975724
4280.2637732902,5812.29614366649
3827.10984730811,7018.20870536694
3831.70798184776,3378.41975315988
3645.8913256025,5145.94392345231
3386.23011785082,3044.98802705299
3071.63240979251,5959.43327998613
3449.56026984042,2131.58812301225
4414.53895067915,5280.52141307889
3581.80521186842,6465.74747299928
3271.00806438565,6861.46683485478
3378.32124673132,4721.35369641549
3966.81819980487,5003.01208261319
4179.77970686003,5309.27810734219
4776.47023285201,6989.67908437393
2946.41358618998,2280.08960180227
3946.05320276067,3806.36301091695
4003.39857454505,4856.44284089691
3032.2460346519,5535.24138259663
4258.51109371955,5681.29896945807
1212.98623520073,425.499270851239
3187.82629981872,5707.21407642835
3248.78815354814,5397.02649209288
4698.57770929713,3916.95741921935
3999.36478677362,746.541760931588
4524.59449400732,5442.20773005196
5511.46129730115,5411.68899795383
8766.93838612813,3315.56379995266
4409.06662408263,5806.04465162183
4087.75381503109,5176.12141136213
4368.01497108731,2821.92342455059
3732.54162980472,3001.73902616764
2130.58193619977,836.847415675278
1968.16322901778,2843.91718334203
4749.55570911087,5620.09109459528
4650.17684094222,5886.57532007719
4328.6468728301,5925.56172859538
7745.33617959969,3859.95526269233
3359.10691110824,563.429896911871
4785.96075406814,7110.16238559815
4817.51331946206,5863.04680814885
3476.96337819406,2610.11142315752
4989.53786348037,6947.68067789618
3665.81477207136,3428.03399415265
3702.30504958857,3913.54751446772
4151.42829105994,4958.45582471647
3500.07421827737,4121.04004946224
4306.23689160186,7154.15032603627
3508.7285845726,2479.96672513701
4474.55559784832,6173.17772988056
3952.21512231788,5121.62002079507
3513.74640978767,4219.58646592642
3803.33764399195,5043.93093963274
3365.84734504716,742.677233927219
4270.87730164728,1772.92314402883
3236.71291327512,5989.49744268842
3816.83383510442,5722.72905847721
3960.2994002659,5476.76134696409
8277.88883209983,1537.18504105678
3792.21464829758,5304.61824246583
3828.13344390566,3232.70319905912
4296.71714236127,4889.00734670391
4316.13475996444,5182.14583013649
4238.77289488892,5679.99192387433
4299.8856699506,6023.02817274611
3535.01764305356,4662.70367297167
3321.75585305318,4979.54065614386
4129.11192260544,3487.08213581617
4259.35381869583,5889.98522482882
4770.53878613032,5648.10906073345
3102.7295188447,2463.14448607678
4018.50220713973,6060.9350318061
3951.8980777699,6312.1880111132
4240.30460917067,6875.61810871614
4227.68296515618,4633.77614518658
4348.06622146462,4532.16106815909
4150.65212880951,5930.61992311906
4169.41685559539,5700.79217371717
5222.66491345511,4480.84208621812
4365.32201116063,6303.32242790107
4615.55478835828,6064.28785109872
4252.00264738997,7173.01812737775
4245.76275845712,6103.78591447176
3823.52434015967,4914.6953804039
4567.81828996994,736.653079437389
4876.22998465919,5758.76055449486
3975.09831849683,6018.87953986934
4522.34971060333,4886.73407686949
3847.61339030822,6683.5268077077
4184.38759087167,4261.13030300834
3978.64048662249,4167.07376360924
3268.03075904285,4442.7648164916
2738.1016719401,1317.75762800393
4912.99020411041,5871.79906615346
4150.88934745224,3835.9155187644
3839.09080940139,3903.09030408729
4560.2071239666,6194.37588651547
5002.24650799161,6978.19940999431
4772.91918287406,5538.31004315994
3656.62742895331,5646.40410835763
4265.01291541474,5845.59937759863
4416.25208936741,6659.6574744463
4719.96587879804,6323.72477095183
3967.88447969518,5075.07465179324
4834.72206593076,6218.87019983924
3796.09101672361,4805.01011089317
7962.076690007,4113.82275602216
4842.97487741561,7035.3153145841
4940.53114171315,7708.25984817599
4168.52627628932,4334.78449935668
3895.58501794649,2641.25534674564
4079.44616399072,4461.57595522931
4522.40572198081,4875.82271994848
3003.51984749259,7479.11458715072
4568.55984001742,5754.95274295116
3917.17840538112,5138.61245909421
3595.97969974696,4898.83957702198
4089.00698317997,7739.85812973232
4578.09575454314,6706.31616865566
4648.63712094642,4130.24687686269
7918.92659311112,1138.51034384549
3496.04469182865,3516.74818029877
4122.4090783141,4630.70748462327
3774.02850530152,6350.54943956903
3575.64289685614,5728.69639179256
4010.11825334907,2369.20169474045
4033.93117615634,7329.47626201586
4021.51828131886,4933.79110072618
1839.52660855082,978.472105216841
4041.02003122008,6361.51788194905
5463.09304661397,4990.90700531596
4816.49547198631,6725.46855158169
3189.83807417472,5007.21737809372
3934.94950432733,6006.37655578004
3283.54034270996,4337.910245379
4603.01063259328,2881.0284402455
2550.50432360373,1252.06008750369
4031.16788866646,3474.23811896618
4475.55155549768,4783.07322613312
4582.11195916044,4419.91837008463
4350.7559528094,3075.96132854696
4258.76006998883,3297.15035657939
3754.60189086208,6154.59366441313
3064.24363186817,5606.50813819252
4214.09756621444,3010.77523147393
4150.57848909637,6460.4622052053
4192.64482805923,5009.54773338715
3270.52245866519,5463.17881341658
4015.62621172783,4902.87446183597
8491.48439824878,3996.35145275749
4521.92386731791,6571.17036157048
3835.53104456015,6367.31480459787
1989.38349324581,4513.06577069206
4073.98341145156,1687.78906187325
4177.97445791135,5065.01534820488
4632.28707403839,6369.19016764021
4549.66491980051,7240.64790495172
4550.24173278413,4983.29138222856
3743.61705880676,5554.79124945948
4042.62990027352,5859.18233400138
4090.6841163023,4490.33307234787
3878.01250060764,7004.62617181944
4720.44220367495,4816.8310294611
4485.63756217587,4467.88453273298
4283.91348124884,5810.7616019572
3573.71339911085,1539.91288028704
4289.86235217144,4646.10871860936
4227.85644201003,4474.30643544416
4097.69930413396,2760.60201305266
4262.28278574086,1441.99186674047
4100.36142763219,5026.76766781183
4009.64771989048,6834.64216623758
4007.37182675128,4375.98751510553
4209.19133883393,4904.12484481595
3336.10883208885,2395.40117186766
4135.23333891446,5345.87792081844
3924.2489482104,6807.24918016178
3830.04896084476,2193.76222212572
2181.71391280405,4670.26221060006
3715.3764685223,4828.25446409221
4076.19121746028,4647.35910158934
3823.72992873634,6600.04080389655
3565.132928693,1562.87296904296
3473.20558429704,4685.37928585685
4408.99919968847,5510.74664641761
4878.79273160754,6420.33873891465
3983.94425423318,4939.07636852015
4821.88262135345,6054.91061303174
2860.58749485486,257.675130610921
4674.62026882671,6440.85525288344
4531.5395168506,1897.83923685913
3794.39261656253,5153.38871301793
5338.29727886225,6480.58038952676
3499.45429247739,3262.71027630241
4296.28799961103,4297.21846162974
3963.4818306485,5422.43036706357
4439.49461441852,5036.59947527464
3642.05206256576,4620.3069368466
3657.60587237292,5493.47004938917
2552.9570740665,2310.83561859831
3126.13510025778,3088.74847136557
4410.54989004487,6822.59375154411
4552.9778955647,3954.46637148727
2447.3696017564,2216.21076174061
4262.7880476522,5094.45410798956
3653.12088095197,4528.35325661538
5084.77185107609,4389.22922731997
4229.53965424005,5101.50141361836
3460.51753017514,5054.5585606797
3647.84400752016,6134.75921596572
3399.84530177666,1528.26237238564
3406.53994965288,1483.8199682655
5262.83550247817,4920.37855498995
8412.98792331416,3499.24408714479
3770.40789400682,324.395584394057
4077.37496645538,6679.83274422677
3772.69720618891,6540.76537753512
3956.88772536683,2167.27858626921
3152.72346844081,7032.075820499
4589.69662402054,4607.34938336146
4012.11514251477,7446.66298369598
3764.45525591477,2561.86131320749
4659.12791681516,4971.24296753508
3953.81800207876,3891.61062970767
3522.73366661381,5502.73353939338
2856.91376149421,1498.42570580888
4809.69022375758,4690.43748038053
4494.9894725422,5753.24779057534
3568.60588748477,6177.04220402802
8344.76310701594,8457.52975474271
3755.42512740266,573.5459688178
3718.85038592875,4958.73998344578
3365.92738241317,4345.07087621532
3886.23073306292,4513.74741335819
3941.44696097372,7020.99363005621
3759.65955160658,5499.43738270452
3788.91518568738,5037.67944758809
3746.11447970343,4914.35455907084
3862.5133080029,1075.42710594035
4500.20542356823,5192.60261766167
4120.93595891893,5254.3221473793
6717.84386016949,2937.00770991807
2167.97470109255,1260.58484938276
8160.19528856076,1967.74228426752
3263.61878888788,970.458892478801
4472.04672934817,6536.95756599141
4020.75325583505,4740.96064873735
4642.56164294063,6545.36857980772
4507.79487521569,4760.738434581
4627.60997947937,6795.48534705286
4153.32308511175,6782.41404550495
4563.59340164177,5664.87442576229
4364.70906126634,4492.26509799398
3904.13727875948,510.23539335784
4800.21895706138,4327.79427918689
3853.53502800897,5672.09214205762
3836.17081430561,3965.4918993263
3226.46342722054,6614.4191510282
7188.94463546023,2701.78115608706
4466.90184859129,6479.6712507351
4938.13796592997,4154.17329558311
8500.55635584739,3136.54401191976
2912.99517371006,3259.58453028008
2370.79358510156,4525.85291351067
7629.80300638645,4605.53068292287
4116.39460904046,6210.57293408571
3465.30060669376,3534.25248488037
4207.31365502039,5663.11281078271
4329.34368976498,5264.43811357142
3610.98558947165,5190.78391722308
3010.25227378371,5564.79389044408
4388.44359563847,3820.28678865277
4329.80331548059,6584.98039124352
4187.98078184954,5824.91287581856
4288.16706579513,5600.31373160688
4283.80828314484,6435.11499283838
3924.67383290339,4373.4300865418
4233.20943720002,3989.47455779522
4531.73996174656,4675.37706772751
4184.32756318859,5391.28665490307
4032.09509918096,6536.21883786628
4251.053418714,5603.43947762921
6061.82886185767,4987.89458450115
3949.56812851554,4092.73792459477
4844.65082580775,7161.93593693495
4066.15988291957,2642.10782293355
4517.0888049927,5177.99677440447
2251.80175823495,2062.13985642731
4375.81938176898,6211.42541027361
3604.60825756508,614.407951805963
3944.65996413549,5156.62820710303
4177.60060015348,3346.48043884286
2249.18426305353,3694.74529290486
4279.50558505737,5382.98896629429
4305.79488725194,4694.69986132007
3826.15967885172,6144.07979142894
4182.69092422403,6564.91886952582
3910.23576818277,5062.4012570374
4501.21593434614,4650.03027821583
4365.33986753413,2707.80515200617
4139.63896225602,3490.2078818385
3737.54856337824,6097.13693849028
4964.22281356326,5518.24852144224
4034.75189894304,6512.91782206348
4081.89128466434,809.05668137812
3880.85021268669,6420.67998310296
3572.41777575788,981.484208890209
4883.05667636979,5682.15144564598
4773.84401897148,6944.89575320692
3728.12513657927,4563.70268711165
4177.44746421449,4303.92494592548
3974.80949025145,5812.12573299995
4130.82333637092,6352.82270940345
3619.72945716726,3521.29471996761
4306.62482804128,5057.22931445094
4097.04071316754,4976.30116205877
3789.81333633777,4901.28325752293
4857.7541176449,5052.62611217835
3609.20050748568,4758.2943312248
3646.35376219776,4556.14414948326
3862.13212498099,5872.19655009028
4861.36067145422,6840.32534082363
4373.11861011172,6180.05420198758
3654.79666213374,3461.56472421034
3878.99269296763,7782.19778039838
3718.1931953911,1615.10130120322
4401.67918926848,8113.92518841232
4012.47686704702,4549.89265743861
4553.18543846261,5705.45246144878
3734.76791177668,5580.59303122224
3881.91827952789,5013.35554493085
3642.61228526331,3843.53071899655
4132.34995570791,5256.25417302541
3714.73908929134,4583.02548070422
3742.96395657403,5445.44722413706
4045.65499563362,2157.50344141015
4178.1765873102,5812.06864754094
3971.14098628627,6250.58265231359
4153.53538771404,6108.16204347406
3868.59238278599,5218.57481009096
3913.36594588688,4520.05599086185
3393.37467522075,482.501480235161
3960.17070609315,3925.48218109842
1740.61318450179,1520.47644434551
4126.33540185205,6577.36476815612
4277.71507833639,4965.55979294903
3943.37505052616,6597.76753406213
2403.96879720368,2218.65444224156
4648.54973237637,5618.27239415669
3802.26461052117,4284.31799360362
3335.51195485089,7232.6347979275
4267.63096193086,6280.70347761964
3991.43418370033,6186.76026342806
1852.93054863653,660.328023603996
4217.78581460687,5763.93207422606
4555.38125813634,6023.99439699679
4109.71515485114,1402.94837276327
4057.62098209351,3198.60415154283
4415.13040784142,8547.72139713909
3904.45625063705,2638.58417011915
3594.46769400228,1812.5916180684
4027.18241489039,3857.17033800307
3904.90752570558,6764.79620428819
3487.29856718514,6275.98610442902
2789.92859852506,2791.51844051524
3444.73462886362,4916.51408084249
4541.54339253966,4793.41668845078
3667.75968881115,5048.42039384257
3427.92521045872,3053.85382169275
3205.57880831902,3720.26291593831
4958.11253055775,4232.9985888074
4435.6948347105,4640.25513335678
2378.58750307096,1165.90322420748
3827.98315855502,6261.2098505053
3688.54386337345,5708.23696328279
4133.93086880713,2304.52725252227
3281.90389677085,5569.68125144598
3966.5310879274,6354.7551579048
3781.276246449,7696.60934027459
4174.64626701232,6714.04511695058
4457.4892668657,6197.38788447502
4598.76562777475,3094.37477192023
4209.47632145761,63.4242285454779
3550.37270230824,3757.48770947693
3171.07904692921,3030.60946849372
4382.81403063708,6805.2034064529
5156.54478364874,6124.18868037777
4189.53266432096,5093.77246532344
2981.31566446851,7639.32260216302
3033.91690199887,1980.13152029406
4335.09332454607,3392.11624619778
3515.98158766576,7004.11451696459
4243.03564843722,5234.31728826536
3734.20056336164,4953.51137825556
3651.85842941972,2456.26801396977
3304.75071808633,5426.97690673241
4425.39305974723,7629.54788015922
3917.89301701876,5378.04451983338
4014.52106526283,5650.72357475618
3951.60332354858,1317.07566819637
9064.98774059154,6672.3875318059
3030.40587220867,2118.68744355849
4209.95006772833,5454.36989280821
3366.84515490802,5788.08556621677
4364.10396023932,5137.98747903184
2626.35056694828,3972.93668889192
7950.63662423399,42.1691549329456
1667.12400318588,1824.46941066772
3609.40011241904,1732.57249875408
974.165182595243,2622.89856597613
4092.64908217289,5490.51471403338
2960.63354931486,578.376667215941
4568.75578396562,6755.70312495052
3072.26169419012,1753.60024472246
4929.36341795416,7019.51575095068
4170.21284852699,3809.94332633511
4465.05065090557,5292.17192098029
7806.2222774682,5445.95845613665
4059.38642567886,4477.20468534095
4788.69811697841,6462.67838958071
3082.83349170225,3261.40323071867
3623.28433434932,5066.89071124723
4075.03404131694,4300.06004892277
3222.33213334327,3634.78780102205
4277.646953921,5813.88734797953
4627.70728161408,4620.93233976421
4476.57324421294,1767.01257903106
4454.62975495086,3428.94313294432
3856.79493086063,5214.88074661003
4153.5982829402,4898.27125956337
3765.06397322448,2207.28809306946
4028.44370160774,5574.17112851106
3097.02868891538,249.150368731849
3517.00329232615,3377.05583354475
7377.19013164477,656.008821489981
3509.88998316786,4463.22424500137
4313.96004271762,4098.42109918082
7584.98289144843,1525.13662636331
4641.97395003078,6459.72347708017
7328.15485386203,1847.8273005019
4039.85107909444,3710.94234047509
3783.15024468532,5165.03922091933
4541.13983374473,6993.43023331387
7998.24098057103,4825.69703552848
3821.05780238526,5922.72014130235
3753.50929766889,5400.55014490728
4879.99937663175,6025.9835081019
4069.38217682154,4228.90704138964
4171.99395413381,4951.52226715045
4542.33449598432,5117.6984611886
3832.29886914287,5411.8027460166
4575.95768584489,6548.72182195559
4071.08241595209,3914.62748678117
2630.85581211476,2966.04877433831
3820.83741070071,5972.44791893028
4371.19354590761,6482.17201669506
3860.26340779442,5484.49071811426
8011.40335359652,2625.22870984193
4591.33097945637,5261.8806850077
1674.05332042218,1551.79077860017
2795.62941305099,2562.77066342679
3870.96077851118,1199.49072258274
8999.00642693048,1188.06760509307
4286.95697664144,6285.363342496
3874.60370391979,2694.84759852103
3836.03716597319,2996.45375837367
1598.59097836246,1411.58688270511
2825.67791346622,2370.56561435558
8683.88840157482,3344.2638316122
3693.44375463484,5154.63909599792
3410.24381423028,2619.26137652658
3387.21415519646,2308.61901136765
3568.08431777439,6793.89371988456
3607.46177500018,2513.66807728885
4153.60509500946,5320.18988711845
2634.68812816085,2558.33766039309
4163.08331011531,3896.27049458403
4385.16330923848,4576.88773672234
3442.67976171018,5052.00113211598
4418.09302167174,6109.01451966197
4310.56769790442,5554.90499752225
4212.31930686368,5886.4044865554
4487.5038974433,3811.64827871092
3671.74123697787,6075.48378960429
3344.19850244709,6297.69591591878
4551.23242231921,3108.12813898952
7744.37819367381,1283.43129578972
7725.70640161358,3038.16821754974
4892.6516197435,4386.72846136001
2363.7991660898,2202.28698400479
4290.91338874192,2749.0650417864
4036.08665229446,4480.67167555159
4325.60256128591,3678.49158273086
3988.4661970951,708.294027681626
3946.71919246586,4104.04761116311
4658.99183907133,6264.39268198663
3957.41945657348,5525.46623773757
3339.8034784918,2125.33663096759
3640.129556793,6535.76426847045
3468.20995949155,5547.51687056039
3544.00492908024,6659.88454771659
4712.30702750305,6397.15147117462
3261.37016716607,3235.54478635215
4244.08845749852,6398.28810609183
7996.30873402283,3486.62735499271
2230.65709477733,2011.16169581941
3108.41779990333,2426.88591678885
8346.56857091534,3211.16400966352
3984.43000788852,6169.54032900339
3368.8443268902,4596.4946890442
4777.75631354166,2349.08329899137
4114.58900461545,5499.32363464175
4385.04574950163,4915.26369786251
4446.48046409632,5105.30922516207
3993.32415175056,6280.81680282716
4630.5300429183,5648.96153692135
4139.43811476888,5170.38157417232
3796.41699439585,5193.68258997512
1955.36596739777,2146.70540969666
3565.30362689161,5641.17550316742
8942.37528542701,1411.75729337165
4704.34339034099,6931.48363032594
4015.57344786391,4742.09728365456
3851.19495885669,4868.94582498621
1093.85508150975,811.898268671144
4800.6599537141,3981.80227210406
2219.83979873267,243.69450527217
4521.59289048636,5867.87750654699
4621.91101688081,3266.06351845028
4013.23978689889,3036.97470860114
4456.1380390756,6032.51915887586
2487.01433307066,3761.80675302023
4426.9779451423,5551.77925149993
4079.50192247944,5280.63516114166
4731.46242754676,5964.09356771774
5112.84656932131,5267.16595280167
1255.8700538724,1168.34701042224
3971.65230546733,5131.62223892442
4323.38092453892,5667.94350918086
4347.46672135086,4606.21274844425
4518.94332185323,5526.60287265478
3832.53656656995,5948.97649246095
4117.23292725674,5928.17581976286
3785.50783036234,5284.21547655982
4551.2442224683,4477.83008825856
3889.81346910099,5759.2722093497
3239.6534933622,4431.62554058979
4087.19569081038,1542.47030885076
3285.05124229187,1545.53928655551
4354.97043328341,6825.89033108822
3184.15594709406,4959.02414217508
3469.76781148834,1381.57969974802
3166.5920815076,2148.97867953108
4370.79303507643,4170.48366836087
3482.48822208842,4919.92398559412
3771.1720082569,5989.78160141773
4206.66215946964,4955.67132288246
4461.85059345552,6219.38185469408
3212.97255428777,3769.30862804486
4629.25118204299,6566.73756996441
3284.88818875525,2106.24133350057
3752.36109352,6160.39058706195
4327.79213491973,3937.53059579189
7983.95517643548,6726.77559716543
4510.99171584856,4920.54896565648
4008.6401500329,3285.7271333759
3437.12152774165,3086.98664495837
3323.97369875403,1768.20598226584
4682.1479597472,7219.62015898335
3462.67909009989,4956.35296554859
3080.53790701366,4663.61281176333
3627.79492705819,5135.54379853089
8075.89001643857,4303.4699536744
4608.09666254267,5075.01798918948
3117.24479883536,6082.30359910754
3375.44940739009,968.867582451944
4214.9328455069,5312.5746868863
4584.07371786246,7155.05946482794
3650.56662063222,6175.39391425597
4677.19062234767,6792.75708496735
3709.69379286882,2753.4980448201
1697.29455840247,3679.28697345975
4162.20571403069,6113.95896612288
3932.64994317133,6844.01940430456
4156.28804444116,1964.33237951589
4478.71617150394,5367.8718910375
4017.86709717834,3955.94382773754
4312.25070682101,5486.93439861522
4764.11288348358,5066.09532051833
5590.85763593764,4854.28331912526
3954.25447145298,6647.15449035699
4467.60070364848,3397.6290101173
3970.38422827359,1905.56839658168
4768.77428097878,3827.33367142631
4326.74872163807,4545.17570710324
4270.89131674865,6973.14121547063
4330.08887897755,5043.53303284067
4170.91345941517,5068.02734616444
4299.85417443405,5684.08347129208
4546.882670767,6987.46289999852
4425.49142801543,6460.68927847559
4526.04485501825,5699.71220140371
4242.04456309259,5491.08303149198
4389.89964230144,4154.28662079063
3577.50409666462,5962.33195273816
3347.57888814958,1075.48387425792
7207.07179969303,5484.09281132219
3375.68056565236,471.078309888585
3690.71534921937,2905.1819322362
5079.46266647328,7231.66899653207
2212.63333080522,4539.20837378789
4151.94468296828,6509.11001051978
3737.31325975352,4626.21760755819
2572.48911486683,5364.40490082686
4263.09738056621,5732.61795139904
4796.16239027205,6101.45598203358
3662.2807147327,5933.57483561961
7824.45221816764,87.520886147478
4166.32577051359,5315.81375811615
3702.25854635532,2839.02982234013
4353.43118739735,5604.91693387948
3938.01269702983,3850.23678043704
4498.64325917865,5608.21309056834
4517.23966029869,5619.35236647014
4549.09372484383,1624.93321437985
8307.23211274234,2319.5876651753
4922.72269293267,5777.00337577397
7546.23024616568,3725.43443566952
4281.61691495257,935.507368774603
3793.05291034609,3600.74541610951
4407.8593327494,3579.94516626668
2188.85308295753,4883.60833084717
5128.37717730107,6862.77388043852
3049.26332417452,1620.50031705997
4081.40316631618,6688.01626191753
4149.76133088847,7937.68926793056
3698.84750919987,6351.17484248664
4055.89225517862,3788.80183230396
3595.25864036919,335.023126155658
2872.05443230179,5415.21265076823
4310.85467458229,5111.2194730184
2973.24028886823,4205.77643625338
4991.3357285297,7405.74412667643
3936.97642295218,5818.37722504461
3933.80210555938,3742.31354876113
3591.87833951676,2141.53367853783
4240.41238493993,4739.53985509084
4224.21463728228,6122.19956927265
4529.6891418017,6046.49959921544
4202.28231726414,5716.30715576603
3720.87278001264,5237.89760368352
9356.34659290815,6049.0003651754
4822.08066773604,4797.96322811962
3946.20171914117,5963.6389983219
3909.46247042573,5699.71220140371
4166.79295841211,7208.14048460373
4519.54164762625,6350.3790289025
3760.92791983314,2145.39836411292
4556.95667874885,5370.88388899706
4204.99650149324,6358.73338011504
4597.43340389303,6973.31162613716
4357.89469944533,6688.1300099803
7720.83070811775,1937.96249172215
4082.9823398293,7053.16022907114
3908.79172970282,5524.15919215383
3012.49144864414,3655.87220959418
4068.44626322724,6207.67468418892
8858.64976601683,8676.50196411685
4560.73641658208,6099.52353353222
5161.77909586227,5256.42458369194
2479.02075969574,3415.30351393781
3840.47258228502,5960.05868290374
4205.48477912616,5145.8868379933
4211.5299372991,5525.69373386312
4437.05308698387,3993.05529606864
3708.56335839041,2004.00085355546
4538.60258203356,4300.06004892277
1902.99516610805,1662.72632537707
4363.56032335001,5265.63141109239
4702.82671257627,5298.99173048354
4083.58248021589,5203.79855616723
5458.97933162606,1037.52035259417
4125.14690693717,2378.80621750535
4176.4757090646,4448.16383234834
8396.97796076889,4287.10249543763
3997.75199990537,6690.00537302265
4245.97775378572,5375.65792479144
4247.32374795856,5938.34887141399
2941.70326453569,2930.75621787342
4370.3270830091,5643.84667979391
7884.29996983427,2182.22525085946
3778.80183567562,4513.91824687997
3395.69030742282,6528.71696284164
2377.95075670892,7540.66286049132
5022.90268554917,6164.25506120941
1710.04172389131,5686.92505858511
3835.18934563805,2894.83846991854
4429.7944752899,5209.82255208634
4513.69406172324,5828.72026450701
3445.15783263041,2769.97925111964
3923.95818957034,5368.26979782957
3476.27102378151,4550.91554429305
4081.92274108284,5800.53188770231
3387.46656595186,4100.75145447425
3730.28220114107,2239.90947290785
3692.94103160422,1606.74705570449
5772.64878190377,5871.40115936139
3636.89629853352,5281.54429993333
4186.37455929508,5672.66045951623
3918.99965322638,4412.75773924831
3608.6621238985,5412.20065280868
4370.27565660063,3081.24659634093
4098.85965901043,2089.24847234619
3385.29492477171,3916.84367115658
4547.45438801675,5188.56773284767
4174.45068201347,6209.03839237642
5769.47425593686,6518.65765925329
3751.66659713697,3788.57433617841
3814.35697113973,4104.90008735102
3232.17990086044,5438.57032917479
4421.46877287965,4292.44484869061
4145.12636010166,3965.37815126353
4591.16156321294,5206.07182600165
3731.56137039196,5515.52068221199
9548.09026509153,5884.4724609093
8367.23557757758,1364.01862684884
3948.34714298549,5075.75671731461
5045.51971661364,7066.28861607806
3085.37015646461,2107.26422035501
3074.22546886715,1325.9982311537
3889.20416514027,2224.28074279622
3868.24969574846,7314.01836542601
3875.4369926316,5686.0725823972
4536.30126142744,4753.80487701497
4496.67861197981,5432.88715458874
5002.51216702469,5084.62230052675
4101.4267160334,1205.62857227843
4127.55560263516,5010.74103090812
3549.52700779077,5142.47693324167
4611.2499642572,7139.88572696739
3951.17484086774,559.73583343094
4285.79273968834,3911.72881402913
3579.76781667897,5108.49163378815
2998.86421391878,5304.90240119514
2136.31254546837,4155.76449989615
3976.65422120782,4474.53350871445
8735.00980932014,5231.98693297193
3806.62952619571,5120.36963781509
4696.72860412418,5853.10125262326
8204.50442014834,3322.09945072661
8869.0685051382,4819.78636481689
3479.31838088409,1499.44869837713
4328.72084405415,5506.59801354084
4703.0138143371,3364.04140602822
3392.99840898473,3281.52162646775
4491.81118016436,5951.47683556566
3550.93447767457,5663.79487630409
4130.45472297856,5981.20017693489
8473.44373117136,982.620843807419
3805.13473079024,5320.07613905568
4605.07742280439,2928.31232594484
3879.75039943963,4686.28884750377
3528.3557820728,5753.92985609672
4335.58379480289,5021.88030680993
3431.65335320857,4409.51824516321
4416.39477152326,4879.80094215872
3865.90893201262,6828.27692613015
3635.47741651565,6066.50445832938
4352.9420635111,5376.96497037518
4547.81889725037,5367.3035735789
3124.18627983035,4585.52624666418
4308.99849812578,7397.7310196522
5002.92618873143,4518.35103848604
2659.73660222535,847.588626214291
3681.92055529554,6433.29671525504
4454.20431206411,5456.35900391333
3975.35187031666,3382.34110133872
4418.60309692339,1079.9167715778
5338.91549312027,5962.16154207163
4780.36618137603,5817.41100079393
3949.62139567025,3963.10488142911
3756.4026079535,3829.89109999004
4356.50871433649,2845.56547311408
4945.90055817045,7060.49169342924
4907.32429858459,5304.90240119514
3263.07581151104,3289.19391215892
4354.65272836582,5195.84211174677
3680.74654916303,1871.1283163047
4367.74561196424,5668.11391984739
4648.77110322637,4841.38242824388
4913.28384968393,5190.72725461932
4100.34878609199,6005.18283540382
3155.14441334188,6291.16026514482
3599.80573344255,3877.00478645048
4077.95049494707,6194.2621384527
4264.24757143994,6622.43268090768
3874.08672065447,3976.80116303939
3570.98898855269,5173.2798240691
2816.77068920727,3731.40176898487
3717.5340354134,4477.48884407025
3364.48195076023,3755.78275710112
3547.28203617638,1469.83942221211
3955.43724930635,4716.75049414289
4727.06896222074,5048.76163803088
3981.38014761156,6967.68553701012
4403.68446839874,5034.26954283646
4521.79715818277,2634.6628219403
4394.94404048896,4581.71843512048
4372.71605117194,5059.38925907784
3691.64268582131,3251.28726452655
4451.76182375927,4637.86811545959
4062.98520367535,4359.62005686876
4105.4641258293,5756.08937786836
4948.06516676972,5479.71668231988
4917.45065988811,5356.67595253193
4713.90538645076,3720.94455860444
4191.34873145091,4876.10687867778
3967.67466533565,4717.14840093496
3699.95663096406,1204.09413628296
3732.58398317514,6660.7370239045
4355.53124695037,6157.49191430991
3101.81951439733,3903.99986573421
8463.18130614047,1291.0467074495
5122.75282778187,5721.0241061014
3584.16049967984,3609.95224350996
4698.83784450397,5797.86071107582
3209.78597072014,5942.7250004163
3790.05661505036,4681.79897043869
4396.36233874211,6481.14870698537
4076.48654100824,3245.6040899405
4286.3346936289,2258.09563158321
3993.84835417702,4682.6514466266
4081.85654537026,4844.67858493274
5133.40653546618,5755.1802390767
3440.39093863787,4532.84313368046
3893.8723837039,5115.59560202071
4390.087236497,6565.54384958819
2591.4920459897,1802.1346191156
4411.87387594404,4236.40849355903
5046.98121575108,5057.79763190955
4501.46347998069,4108.65081343571
3878.77082214563,1044.62432082673
4269.79223112758,4092.3400178027
4063.2422572525,5124.63201875463
3149.44580957727,1849.70266354425
4933.97508588371,2791.17740775455
3507.38240186121,3784.36904069789
3881.7306749472,1786.61942563911
4127.9861863346,1651.07581747567
3816.67130415168,1245.41079438077
3999.29596649588,4495.16377074601
3285.36753996333,3125.17766274766
4451.37074582278,4775.34385498295
4898.27294886997,4979.54065614386
3970.17500616397,5439.82071215477
3809.14898323881,2475.13602673887
4128.78787200582,6477.68213962998
2869.25268257625,4141.55656343103
3684.04182004086,4083.36068652779
3159.56120965699,4532.27481622186
4581.3094229211,5244.60366512401
3802.12694784749,4818.42265662939
4181.9593066478,5295.41141506538
3961.97159690401,2781.17497819758
4267.7952925777,4751.41785911778
3271.45069934075,1328.78294441534
3712.096592575,4874.79941023879
4265.63026694164,5211.92541125423
4202.99210693208,5629.6958287878
3756.12113485494,4955.44382675692
4511.92953711237,6842.54194805429
3893.12152731071,1197.84264423831
4174.77988600287,5135.8279572602
4587.73167636448,3679.62821764807
4491.75444684761,4417.53135218744
2894.17595235597,5383.0460517533
4605.65785849253,6240.92125551731
4307.3313417202,4147.29640062084
3835.15322595358,5648.33655685899
3686.74949581847,3249.46856408796
3368.93500723521,4341.945130193
2318.65025695683,1934.38196487637
4224.40472589191,5522.79506111108
3687.15780439687,5572.35242807247
3209.21792615836,3265.6656116582
4477.10256800365,4533.12729240976
8273.31129585583,1094.52250912119
3136.11146097054,1007.39952728812
3321.69414661221,3677.86617981324
3931.8292684134,4060.28716685054
4468.82687532208,6667.55683340776
4100.24836447004,6993.77105464693
2952.17211819783,3444.62873708734
8107.90166092707,3191.38664667513
4104.25026374075,3492.82218443361
3022.42441952875,5731.8792232739
3702.5680024685,5168.44912567096
3759.43723195299,1713.19293684394
3682.45578205525,3463.72424598199
3943.93267580952,5959.8311867782
4529.66131043451,5051.5461398649
4510.77074112782,6941.8270926436
4809.99682970468,4271.36001726322
2686.64448555466,577.012694743908
4397.99265412782,6513.03157012625
3783.65735765112,4466.634149753
5113.36149506878,6270.13251917644
4262.02847665137,4397.58357853251
3752.11106250789,4180.54297194922
4588.6384736126,5236.81763137007
4744.80548805753,4777.50379960984
3726.21766322544,1939.04225260798
4545.39888495289,5946.70322262653
4648.80546289904,7370.79260297223
3770.21743040664,4696.91604569548
3981.3612874208,6163.06176368844
4192.64751420751,6388.45629862902
4406.92404655202,4237.94303526831
3666.86671361745,4026.81309939661
4132.88961327611,5695.22274719389
7491.21211959897,7982.92801420391
8671.17832146467,2581.9228349252
3189.63349185298,351.106504948485
3811.04631140976,5898.73705997818
2083.76737653692,1253.42411283262
3374.43124836478,5307.51649236262
4488.96495292177,4838.48417834709
8275.7049999319,5199.64992329047
4326.73267095076,6286.55706287222
3250.64562359834,4298.98049946457
4150.02468984384,6947.11236043758
2706.24933595907,3334.14786542009
5449.73071410614,6459.09807416255
3357.97058189829,3345.51421459218
3619.88359066504,798.14500731567
3135.00080219096,3419.85005360664
4060.35235165935,5161.23140937563
4258.33076154208,5145.77351278578
3815.03093464543,5417.25842447711
4379.64833582109,6177.04220402802
3897.46962691047,7005.59197321486
3777.77120677533,4406.61957241118
3766.431591469,6200.68404116388
3822.16341071818,5718.41001493392
8532.28600901735,712.158554685995
3602.05467205054,4059.88926005846
4452.10358241757,6472.1127131067
4079.98196613501,4462.59884208375
3797.1562306375,3158.36736004466
3948.33218611808,6999.62463989951
5198.94949927364,3436.10397520827
5624.78231506928,2452.06229563399
4907.43376291261,6570.7724547784
3249.09524334621,6410.67734211837
4352.81564060529,8161.89050535017
3516.3326240179,4928.05084068112
4281.21451514653,5241.87582589376
4114.81226663097,4286.64792604179
4253.14792233149,5837.07461571956
4000.42248242902,5015.57172930626
4520.77797078978,134.86172516357
3430.48411615145,1620.72770747169
4563.60834058028,5642.76713033571
4142.64818126435,2301.40150649995
5010.83808283821,4603.42824661023
4660.03993768263,6474.04473875281
3649.98393079254,4290.00116818966
3681.84039015843,2094.70436223432
3951.8064225239,5291.66026612544
2773.77638091213,600.427352895665
8410.5566695879,1308.72142269764
4254.24522284139,5581.50217001391
3522.61600507954,1696.02966502302
4608.79964483027,3834.49472511789
3517.79746489355,6278.77102911829
3981.54959537382,5110.9353142891
4318.27147936342,3147.00101087256
4519.17419548443,5864.75176052466
3111.2822961413,4060.74173624637
4689.25411804731,5275.52030401422
3677.13130535914,5455.90401166224
8724.72362031239,2564.41874177122
4773.99076416711,4926.51629897183
4501.38831097944,6404.08502874065
4521.49317379713,4579.10392109775
4726.80591731454,6070.19852181031
3426.27587991228,2921.83354920227
3903.31677936367,4817.17227364941
4047.13961402335,4103.76345243381
4227.97508585574,4901.73782691876
5160.99439241952,7882.84663317519
3896.82610256616,5351.27693667519
4244.3268970209,3682.58313014861
1701.00753911172,4384.56893958836
3749.17405757981,3758.28310020583
2046.49013265514,510.860531990924
2787.42578052819,1124.41604972933
2316.82895224107,2861.93293135085
4033.04131573908,4536.08262776556
3333.27330244207,5938.12137528845
3102.78551205371,2480.76232729353
3930.75784444795,5163.73217533559
301.791559412848,1820.26390375957
3267.77516030771,3114.15213490863
4350.88085838328,5173.50732019465
3927.382408779,7311.46093686229
4654.05942162649,813.091724762833
3596.98750109746,1738.14203099117
3430.29173683612,5235.90849257841
3890.81176556058,6061.16210507639
4614.7405212347,4674.69500220613
2870.70845963479,1286.78432650997
3570.04062959672,6766.27366053847
4688.20042261439,4369.84977112364
4410.42669795635,5416.74719247752
2461.24165775474,2298.38929711277
3532.96308300058,2358.34678899558
4887.68640119838,7150.68375868088
4531.89582405544,3781.41370534209
4712.39944541047,5639.86845758368
4173.87135114665,4337.39859052416
2601.45903463806,5048.87538609365
4022.32711371245,1529.91055644388
8395.27570925,5546.49398370595
4199.16148470567,6538.94667709653
4054.75481299143,4769.20611100106
4210.33292061233,5087.57763588254
4409.57895468464,4389.79754477857
4913.22936920212,5959.0357960493
4053.1400164256,2241.67129931505
3588.62122525678,7401.08426180007
3618.21086210535,5666.18147134603
3245.28623854192,155.662146791353
4337.42465699742,6730.46966064636
4135.17967453421,4697.99601800893
4053.939004566,5606.9060449846
4133.14714001384,6220.57515221505
3113.06988788981,4906.0002078583
4169.61397372513,7589.70899545312
4202.60272311622,6419.71375885229
3689.29162665244,1565.88507271633
4982.08349356067,6827.82235673432
3424.67259154337,1821.40053867678
4751.45781716715,3268.73448364914
8668.7637455986,819.570554362309
2838.44215890822,3462.13304166895
3927.53883354007,3583.12757489276
4211.04912021515,6445.0038857602
4620.28634033853,5524.84125767521
4163.43631643423,5115.19769522864
4026.50168835497,2891.201280469
7795.93659648842,100.535353306683
4474.08302256654,6500.81274476625
3489.76695617211,5710.73772924275
4164.54093879119,2391.30920159466
3859.3627829253,3544.99364256248
4072.69604231334,3553.97297383739
4212.40887523386,5228.0087107617
3904.56020785184,6918.86689817387
3504.53357454517,6103.84299993077
3212.08099916482,1019.78876331465
4653.59862747426,4746.24633938658
4195.34824837757,5598.09712437622
4650.97036199524,4726.46855354293
8198.03389212137,3615.52167003324
4226.51339733886,114.629620994393
4456.29254824185,5265.34725236309
4119.14318289083,4708.22573226381
2763.1601526668,1797.98577481121
2733.64686275872,2728.49207664148
4392.87186746929,4080.1211924427
5073.62977832368,6757.35099186732
3998.73067893729,254.549384588595
3970.17910049229,6714.32927567988
3775.22388279678,1420.45257163106
3657.62854794288,1253.65139753054
4394.79027303158,4456.51818356088
4003.99228290594,3752.48617755701
4172.12002109006,5424.53322623145
3561.62953231958,3976.46034170632
4680.87888108318,4403.15300505579
3387.0835574325,6188.29480513735
4542.16563885073,3857.73865546167
4176.41488450221,6236.8292852443
3349.74863702953,3951.3972880687
3651.6174967168,1953.02290437518
3159.11105390124,4116.77766852271
3275.38142486007,5155.43490958206
3751.53178003151,5510.40582508454
4001.54818783091,2157.04887201432
4415.64827619064,4618.77281799256
4659.02167635048,5247.61566308357
4135.60431727222,6486.09315344628
4041.76835727337,2492.81074198701
3736.95210109322,1238.02266741891
4276.03130943924,386.967352443522
2831.52781371684,1161.29981050726
7160.03326544617,658.793587608526
7407.57253813907,5523.4204640287
4141.79611044578,6485.86608017599
3661.56717861269,2087.71414206453
4315.94276951376,5058.65010809746
4134.22192603963,3972.82294082915
1351.46185184293,3029.52970760789
4121.18279626189,6160.16309093641
4754.93770957801,6484.10404234116
3943.80692981374,6376.97620139415
4069.86516309771,5072.28972710397
8608.48246542381,1638.57283338636
2892.95427295599,3043.68077004163
4338.39046040761,6477.90963575552
4103.11781090721,6343.55921939924
4985.01889777568,6172.32525369265
4135.84168015229,5000.73881277878
3837.05736265426,6048.65912098709
2718.62318731512,442.605615783864
3931.76389759148,5493.81087072223
7455.6509446387,941.247311678224
4451.7357560176,6837.76791225991
4375.0896984177,4602.06411556748
8144.66018171779,4967.83306278345
4905.02633306825,7299.46876191732
4754.57820816672,5562.74769387995
4067.57274415426,4006.35367088684
3768.99558237211,5501.02858701756
4421.5914309456,5505.17721989433
4201.9099421321,3146.03478662188
3892.0691384893,3845.51983010167
3545.86253183978,4304.09535659201
8491.93454508233,3399.84540592033
3993.93956900065,7343.68419848098
3414.702965314,2667.73877117453
3930.98556060299,5384.06893860774
4168.49004742894,2195.35342643876
4340.49828831842,6770.99061087384
3692.86667622443,3454.6880406757
3981.15072181806,1864.93369829143
4094.66846021624,3650.64402725922
3895.51032305571,915.161582613787
4017.2802180041,4711.18106761961
3374.87863612957,1165.61906547818
3289.86931167392,4880.08510088802
3894.45664474615,6463.58795122763
3688.9696396461,5198.17204418495
4547.85109410938,8168.25616831285
4354.37595817131,4976.24407659976
3783.79749773001,4221.85973576084
4296.53137025975,3971.68630591194
4303.56695325165,4496.86872312183
3966.77890203835,3512.71329548478
8414.43769532987,1303.94749261707
4937.00707464147,4239.7617357069
3610.69110484278,2630.05940824008
3413.73931141508,3875.92481413703
3869.70367784407,4184.35078349292
2621.48334140912,499.835162722608
3873.56171399474,5777.11712383675
9240.92667553676,975.857908335547
3758.66044750502,5811.95489947817
3581.64908782817,5489.43474171993
4099.16455068198,6166.073761648
3562.23316478464,5271.08751240815
3993.91767575963,6831.51642021525
3890.40921280739,5844.80398686973
3438.49763294355,3633.82157677137
2880.3352172844,620.943602579918
3420.35501613955,2560.09948680029
4662.18201169708,2151.47923406342
4002.17671563211,5002.15960642529
8321.75476967875,8718.72828957539
3342.26969111992,6677.04781953751
3641.6516709311,5377.98785722962
3568.54334405623,4625.81970076611
3410.28856034177,4541.48164362231
4585.4823228379,6975.07366397199
3858.24695439348,5375.82833545797
3899.4734460135,6061.90125605678
4177.28027556307,5654.75845957017
8899.83951017082,2802.94166371872
8606.82384904066,2670.92139122824
4020.70984996376,4364.7349139962
3923.71446110762,5666.52271553434
4562.69850198389,4434.24005461252
3904.39590713971,3196.84232513563
4185.47675302114,3852.56713573047
3551.36614932426,4667.19312718149
3043.46440535896,1038.48647113104
3307.52772772261,2881.0284402455
4203.8881432587,4326.88471753997
3865.20042756143,3794.42834428624
3472.11231826053,5618.10198349016
4553.88466317019,6376.74912812386
3700.04442630484,3723.21782843886
4117.16115775304,3973.10709955846
3096.61284323949,5910.67172660888
3938.28666582809,5679.82109035255
4494.77443138233,8444.34428227677
3623.59571686051,5253.52633379516
3942.76685352414,5321.15611136913
4533.21689109325,5974.83493682747
2439.47149254909,2733.60693376893
4747.18391350252,7065.15198116085
4528.37468304104,7009.22937409203
4284.0088788952,5476.13636690172
4194.69199732542,5560.24735077524
3963.01553449063,4716.69383153913
4187.74779715223,4511.58789158654
3859.46134162792,6793.95080534357
3583.60306556024,4346.037100466
3571.25399734847,6495.81163570158
8278.94294566437,1388.57002563162
3634.48803700936,3945.94160960819
4871.04392046753,4635.2540242921
3674.32275363732,4933.50694199687
4650.83006900299,4735.73246640239
4501.2910994341,5723.97944145719
3189.98796200458,1699.95111891568
4530.44085679538,2673.47881979196
4038.09345881485,4483.96783224045
5027.39189553369,6707.9073729687
4441.80873885105,6620.38648434355
2981.93535785837,1610.32747683646
8738.94697135379,378.215253009626
4676.62237997478,7108.62826674412
4284.9906319688,5403.27798413753
2823.98017439044,5223.51925655187
4153.78279389244,4965.67354101181
2830.76154878244,4386.33097742318
4506.05503738124,5626.4563347027
4093.37104702768,3296.92307188147
9162.26034861167,3624.38767610063
4670.55384848385,5886.46157201442
4652.28407092524,6208.18591618852
4363.46499094,5394.18490479985
5215.2060221514,5045.86296527885
4650.30756317517,5857.76154035487
3775.94423073215,6065.19741274564
4233.64557294368,4881.79005326383
2644.58524118744,1403.85772298256
4706.8242654491,5395.15112905053
4281.85303157623,5389.86586125656
8187.13757571284,3269.70070789982
3943.78269144259,3559.71323388245
4548.83149698267,6468.98696708438
4350.82663905464,5212.20956998353
8337.68913169822,476.988822029457
4477.82139181528,6539.5716571589
4409.11805509274,5794.56455438696
3516.95975971334,5078.3708084821
3707.7234883226,2574.70533005749
2246.2774539679,1466.88408685631
4373.32609401207,5820.87756814932
4201.3848063304,6434.09210598394
4682.48175498803,6977.40359641016
2067.41753003163,1677.04790419115
3976.15577490709,3666.84107482946
4672.92826512637,5041.99849113138
4047.45630045081,4369.0539575395
3525.42878393006,5364.80280761893
3760.33022476207,5678.85528895712
2406.39470165625,1085.54317784628
4304.68471373519,3666.44316803739
5415.47938512293,3800.9639950602
3918.04513852612,5607.01979304737
3936.33275454047,1599.64308747193
9259.68216409104,3857.28408606584
4783.27750447174,6447.50465172016
4064.49883735068,6436.5928719439
2932.23735333435,2865.5701208004
4424.5164156566,6569.18125046536
4123.32440483824,4793.245854929
3246.6590330325,3370.52018277079
3854.48752446956,4401.90262207581
4011.90567942333,6177.89468021593
4137.16261152869,6350.15153277695
2359.3454225837,6503.93849078857
3864.84876292811,2063.39002797967
3863.42797512618,3044.13555086509
4352.84916706301,6518.77140731606
4954.12627230484,6720.63785318355
5065.15085778085,7007.75191784176
3865.42928352596,4544.60738964463
4026.67877574684,6048.60245838333
1824.4408325442,724.206916522561
3622.61744662739,4742.26811717635
4343.18644133477,6288.6028365811
3694.66946252512,6030.70045843727
3181.14291078219,149.296985969288
3488.28205419619,5191.69347887
3992.91680856514,6713.19264076267
3741.92173282361,4181.11128940783
8098.53281212459,8396.15146921339
4028.39446910509,5240.68252837279
4180.12779587131,6026.89264689357
3892.84508592089,5191.57973080723
4287.12424488593,5171.74528235982
4179.74878811257,4330.18087422882
4343.0975543161,4907.25059083828
4100.52715275486,5650.72357475618
2600.3897338623,146.057584383776
3921.61642014976,6233.41938049267
3708.02571631779,8170.24527941796
3461.39298454133,5722.44489974791
3527.78976735103,1609.6455170289
4262.84537678119,6002.56874423634
4004.60764128142,6740.52896423472
3790.21891411262,5208.85675069092
4011.64857098308,3541.75414847738
4004.91015154761,1741.77922044071
2659.52254933124,3391.20689597849
3624.68475356648,4727.03687100153
4470.36591762659,5991.48655379354
4547.11832325516,961.536223807654
4077.55350196365,5032.67833852342
3274.82419645426,2164.15284024688
4123.40180400497,5483.24033513428
3896.65889812009,5638.04975714509
3181.67675567532,1193.63713733016
4567.36631849027,4458.96186406183
4431.93594845864,4064.60621039383
4062.81502639585,5000.28424338294
4722.37732528686,4980.90436433137
4054.09429534239,6617.0903276547
4478.27480798496,5553.20004514644
3780.27410709791,1596.29005675169
3923.072157119,2234.73774174902
3554.51405837187,3933.55237358166
2742.63169837399,6707.39614096911
4413.71038084067,5707.49823515765
4046.68903371782,8.63842487526007
4493.30798364963,5123.89329062949
4410.99002540123,4569.21545103117
3724.24414503359,3567.84008896945
4269.33646887268,4641.10760954468
4100.03064141732,2330.61298158671
4456.52992321691,6384.53473902255
5320.25097607634,6597.08546854076
3264.97279057474,1595.03967377171
7256.47667160168,519.726273773778
3819.413820956,4248.05900146043
2105.06452581586,1771.55901298608
2871.35507974531,3733.44754269374
4333.12748546499,6995.93057641858
4568.25296355683,5585.08290828732
4788.6388250185,7758.32844713697
3512.21241452418,4531.64941330424
4384.03781880972,4787.44935513543
4722.54534887562,6940.69045772639
3324.07300340804,5146.85306224398
4341.38221283946,6615.04455394582
3478.07766748721,5107.52540953747
4489.70127722666,5513.07700171104
4889.62077136155,3253.84469309027
4004.17419472626,5751.08826880369
4346.41156198624,3395.52615094941
4057.84141845738,2620.28426338102
3897.97744049402,6525.98912361139
4170.2554717815,5194.19382197471
3567.55125063162,4147.92180353845
4308.75027276702,5507.90505912458
4942.76525924891,5463.69004541618
4174.44846801679,2933.19989837437
3773.55090293812,3858.59113164958
5011.03406639442,5411.97315668314
4591.71031214209,6933.18858270176
4603.92798651735,4951.97725940153
4107.96013558886,4512.89493717028
4236.14114421899,7230.36152809308
4739.69332069424,6916.76403900598
5173.32460616751,8193.2054738877
4406.95405447158,4029.76843475241
3067.60658350003,5048.47747930158
3519.01539329869,5266.31347661377
4650.45008961156,6279.50975724342
4589.3439996902,5499.20988657898
8646.7838411122,1985.70115824496
4396.95299480007,5663.11281078271
4596.16985939872,6089.23715667357
4125.8445289037,6607.14477212911
2437.07048934535,2260.65306014693
4781.99066688669,4970.67465007648
3834.78631826916,2115.67523417131
4367.87893601514,5480.11458911196
2966.18766442019,1011.207233118
2720.39732296389,5803.08931626604
4762.83151261306,5947.04404395959
3760.59403376465,4761.70423597643
4600.32425366886,6359.58585630295
4364.61760297203,6409.99569945224
3364.21525659295,3255.09486464263
3798.89093112165,1774.4006002791
1876.48740700106,2878.12997892109
3967.02723071393,5538.02588443064
3566.58037750997,1877.26606028658
4144.84661755357,6090.88544644563
4152.54816037139,664.704046892491
3677.57712631817,4998.57929100713
3706.64075768603,1204.71932777295
4482.90766380604,5139.06702849004
8483.73707799657,7428.0793410838
4457.19111632201,1493.93604017143
4339.02993640305,7296.68468293856
4573.5453307894,5991.77071252284
4150.61897362706,378.442590564449
7739.77221385408,324.168273267687
3509.25728751955,1773.5481240912
2930.15489578203,187.942573154417
3709.41081043497,3230.37305519332
3071.85222321405,800.929773434215
3932.05914105538,6068.26607330895
4015.11132919239,4118.0851369617
4115.72634095508,2422.6804098807
8590.20462293931,605.087587770368
4827.81211507185,5466.36122204267
3861.49529730283,6045.70420848654
3780.99714263087,6105.60461491034
3952.275761877,5449.93667834689
4541.42142647582,4869.91204923689
3448.88176788433,6986.09876895577
8589.51022441666,4327.16887626927
3813.57745920359,5748.30334411443
3475.74867855145,4084.38357338223
4494.2696135766,7805.83961753424
4146.11909422174,6209.32255110572
3495.96641891047,5385.31932158772
4167.05898809774,4094.10205563753
4046.05085504698,6216.88108873412
3811.23707875781,5274.26992103423
3982.21808845637,5943.34998047866
3304.87545280483,1659.94150640162
2964.46034554862,2481.27398214838
3991.37179708744,4938.39430299877
3783.83986305793,3569.03338649042
4153.1250597448,4495.33418141254
3589.45893348877,6120.32420623031
3722.20457874777,4331.54500527158
8755.94495040405,1080.31457265607
4469.48170566622,5387.99007535896
4176.77164697105,3215.93783403028
3995.05827768871,6546.78937345423
4141.01623444437,4953.79553698486
3643.84404091747,5828.60693929949
4824.9643217941,6189.71559878386
3702.60758706705,4075.34757950357
4376.68919790047,4966.75351332526
4502.51294800543,6956.88750529663
3838.55759754441,2782.08432841687
3566.48700256058,3684.4018305872
3959.87066941003,2106.24133350057
4515.88275215881,6541.27660953471
4054.80183267713,3301.46961155031
4161.90419580579,4366.55319157953
3680.55762485786,1995.58983973916
3637.78791623851,5115.08437002112
3174.68730796922,2466.3271061305
3926.74923288724,7089.87379061016
3319.64287554217,4829.10694028011
3668.2180088446,4300.34420765207
3827.11936639911,2758.44227985338
4186.25209397306,2516.56632718564
4273.20573522199,4820.6388410048
4623.57548486226,4717.94379166386
3838.12620535874,6010.58185126056
4349.57041522104,5793.37125686599
4191.80698633523,4910.43299946436
4032.78064946981,5390.20668258962
3951.4881402009,4065.85659337382
4117.84340467592,6390.7862310672
4351.39301892407,6226.31541226011
4115.08631077085,6552.18838931097
3857.64878712687,5558.31490227388
4418.96302927277,5543.93655514223
4206.62390603136,4915.77535271735
4262.03664159829,4665.82941899399
3647.83377281169,5972.95957378512
4506.76225579656,5045.35173327926
1547.3622185919,3706.79370759833
4068.9932344868,5368.49687109987
4428.22831454263,6513.20198079278
3875.56197775316,5540.01499553576
3828.00720666827,2050.26206382799
4134.92811096178,2244.22872787878
3774.61267230559,5116.78932239693
4873.02852325448,6445.51554061505
4154.83414183676,5570.70413830042
3149.53909147167,1367.59904798081
3720.63204928656,3553.34799377502
3946.97573884707,4763.69334708155
7855.90641296729,804.1691618055
4808.89626417715,6422.10077674948
3146.51787541795,5588.66322370548
3433.51523701699,6717.85292849428
4589.26149706742,4646.73369867172
4227.04026646168,6923.24302717617
1284.22900693567,3564.3730987588
4093.21068910672,5707.10032836558
4289.31590193444,3772.43437406719
3737.81783735898,2206.26520621502
3499.14815201441,6258.87991806712
4436.95004253052,4937.08725741503
7669.21010694452,2338.73983667371
4022.35795385927,6051.27363500982
3634.35566187879,8944.23699543399
3120.792739459,1532.1838262783
3709.39975055706,1952.11355415589
3799.65293619327,1839.7004454149
3875.4279576116,2940.98593212831
3747.43604109611,5175.15518711145
3560.50993569396,381.795647713146
4381.34674094459,4741.92687298803
3196.75900986164,971.368136984281
4116.96651649237,6760.98839274449
4416.86820184363,2917.51429423135
3834.44989704354,5121.44918727329
3805.94645529202,3858.93237583789
2629.57947765175,647.313543230564
4271.35553204614,6748.25791252964
2410.14921750289,2688.59610647637
3458.29731473309,4065.85659337382
7960.61198806764,4359.33589813945
3751.33687320895,3898.08919502262
4076.10434383991,5331.49957368679
3785.94515829711,6696.20020246354
3916.89901395973,4258.68662250739
4702.6138310178,5426.23817860727
4183.3034365349,6183.06619994713
4111.93086653053,5551.6088408334
3212.60996039333,6079.68950794006
4605.21397372303,6238.1929934318
2555.76388758697,354.232250970811
4163.41118709635,5428.68185910822
4130.99615135465,5039.49814802668
2318.05613783359,2984.57575434672
3462.43795511134,7115.95973110223
4206.77730086426,6543.26572063983
3290.98448512856,2173.41633025109
4352.21899861596,4884.97246188992
4580.0356015959,4195.54672199849
7871.19491038599,534.786686426806
3931.37381323073,1525.59130147296
3345.68909935762,4233.33983299571
3505.47167091388,6312.92673923834
3163.92721684627,946.930486264273
3974.97559590749,5403.96004965891
3891.33911999364,6105.49086684757
3059.05962857707,5995.80559733684
4103.74530469211,6406.41496117883
3152.41773267908,1266.15438161985
4096.46302230057,3657.74799549178
4610.14419683628,5036.54281267088
4201.90554791582,4998.80636427742
3744.31732190023,5311.94928396868
4775.49050339741,6698.01890290213
3079.17090554996,967.105756044744
4861.2537387198,2042.24874537614
7828.59501558132,4762.55671216434
4510.93519280944,4628.49087739261
8087.33374805779,507.848481174462
4071.56996844191,2672.34218487475
4468.13814169072,6045.81753369406
4575.81000787007,6072.5855397075
5186.90952193419,4766.19411304151
3592.46423457603,4202.82110089758
3708.14069020932,6740.35855356819
4174.61780295164,3483.84264173107
3685.34580556768,4060.059670725
2592.82882736086,4931.40408282899
8471.17452282857,1370.04283419558
4267.6669207489,3756.86230655931
4906.89203679506,3778.06046319422
4806.81456212202,6850.72546574505
4100.99347256153,4350.9244614679
3984.78963896008,3311.81307386797
4754.73081254528,5801.55477455675
4569.79757249871,5292.85398650166
3253.11199692555,1522.97710459166
3915.84316939684,4391.04792775855
3860.95169485828,6866.63835458598
3936.52185119926,5780.47036598461
4531.57293139848,4792.7346229294
3058.56897228541,4113.42484923009
7696.14856612323,2049.3527136087
4173.19416550031,6385.21680454392
4326.22622286187,5180.09963357236
4931.62610964796,7321.91730153222
4363.06150650909,3931.67701053931
3104.22412222505,5240.68252837279
3291.85693151405,3945.60078827513
4683.33758129012,6927.1641639274
4223.15326829069,5240.45503224725
4222.97286624534,6519.56722090021
4262.36248159727,6359.98376309502
3507.04346888324,1788.43812607769
4395.78184571948,2027.18833272311
4125.72553066887,6744.90509323703
3996.12330571087,6834.35800750828
3681.27687393609,6641.18715704164
7761.47138945843,3676.61579683326
4114.56347694939,3221.22331325188
8473.83084961009,1332.704398308
3607.12344481523,4302.3904042162
4017.9739669385,5671.80798332832
2962.2322284518,815.194531073815
4397.12746646666,5030.405068689
4441.71274072915,4286.36376731249
7776.68160113767,4623.71684159822
3972.11570990329,6508.31461979088
4074.71979502508,4815.1831625443
4497.22774421629,5408.05201993191
4277.26101886763,4940.72423543695
4170.19868570595,7277.9302068046
8099.46904739084,3008.95674246297
3389.39271487774,6446.59509007325
4368.31879283257,6215.63112860939
4323.03360532028,6774.45760108448
4830.2107509286,5214.19868108865
3298.1800349481,5031.59836620997
5014.51273391305,6317.13245757411
4439.98005339819,4238.85259691523
4330.42640210404,6833.90343811244
2587.84773134962,1897.44133006705
4398.83780829264,6694.09734329565
3790.90604364574,5732.33379266973
4006.64447515354,7891.14474463923
7980.14171865345,1721.66082469163
1952.41356504877,1327.7600575609
4784.01385232133,5206.75389152303
3265.71742058771,1593.95991288588
2869.0452994215,2577.77420204843
3795.52588221723,4163.3797001283
4135.11148888331,2323.56588738554
4268.5243050704,5268.24592511512
4451.91444911185,4967.37849338762
4255.97733204971,6036.04281169026
3771.79983349248,4606.78106590285
4079.37178666299,2985.31469389949
7897.72857101454,7594.99384039184
3363.07486846241,1854.47669933863
4426.00471949271,7364.3711231163
4854.73442910401,4893.55388637275
3776.04568031478,4843.71278353731
3250.62984542318,3599.77961471409
4357.71615839085,6581.28632776259
4777.57910202368,5339.79683944032
3432.18079818135,4672.02382557964
4071.58505062383,4267.60929117853
3894.68231139641,3186.15804148491
4278.75183070437,6212.9599519829
3591.88567082144,3387.85386525824
3067.5603417766,4533.35436568005
4000.23980587286,6591.28854589194
4369.02135050263,6890.33727718085
3404.00675335942,5720.00121924696
4080.19523743103,4126.55281338176
8152.86793219534,3121.93816866256
3693.98057942217,4605.41735771535
3364.51850838984,5111.50363174771
3655.44857996484,1852.08968144144
3201.10347259938,3959.92204994777
3807.17487757308,5503.47226751851
4395.35360099099,4244.59243410504
4616.92402099709,4983.34804483232
4123.70414302082,4710.0444327024
4562.93312175359,3827.61783015562
4123.39818518824,4336.83027306555
3603.516078858,390.320409592219
2734.13007584896,1836.51782536119
4215.77214730086,5943.5774766042
4334.72949352057,6646.98365683521
5731.10007841243,8469.57774658093
3377.01466402131,2215.01725279201
3816.51241198487,4841.09826951458
4501.37113962627,6171.58652556752
4264.57785025004,5821.10506427486
7889.83580963972,1496.9481438448
3693.60943185418,2323.73629805207
4154.87346348324,6842.65569611706
4209.6246472707,4966.18519586665
4248.80240040377,6009.55896440612
2735.32251768476,3813.12573496119
3545.88617438565,6408.57490580573
4500.56362199984,5838.77956809537
3801.74856194477,5195.5012904137
4045.25137830094,4881.61921974205
4285.350734348,4052.10322630453
2475.11154441838,2610.45245591821
3837.07867329314,5611.85049144551
2083.10966560879,3170.41556331051
4494.47845148605,5417.94048999849
4430.52109034803,5922.26557190652
1872.44502984414,1385.72843833859
4865.76830070011,4933.96151139271
3875.29102362979,1400.27730185059
3720.46396037113,3413.37127686407
4149.90441901828,3764.76208837602
4345.92180626419,4982.43890604065
1697.48960573043,1513.03154906608
3803.44685563418,4751.07703778472
3537.32602489683,2126.98492073965
2838.76708040661,1868.34360304306
3716.09071798554,3355.80080287845
3539.82525238788,5401.62969436548
3698.94276871632,3478.50049990571
4027.40982086813,4889.51900155876
4166.97787408287,5499.20988657898
4122.25280876357,5947.8965201475
8494.76265958576,2083.67904582291
4137.95346895745,4790.17719436568
4381.2095572708,5787.34683809163
4163.98675799134,6102.25179561772
2396.684976871,2284.3519827418
4654.43544520992,5787.11976482134
8397.50134437455,3565.39640846849
3299.67915668096,4304.72033665438
3553.20715402571,5585.42372962038
3295.81422747193,3023.10780489671
3958.98798784879,6132.42928352754
8542.82815170314,1056.10431234779
3440.2920378179,4512.89493717028
3746.99830812368,4775.45760304572
3630.62221666334,4824.27624188197
4119.27077418188,5744.78011415528
3843.97642632057,3884.10875468304
4543.33773825526,5869.5824589228
3831.44797117727,7257.64076610611
4478.2599401903,5513.58823371063
4590.75019307102,5534.27515834595
3904.92249409895,5529.21696382226
4150.867958615,5380.03363093849
3388.19018507854,546.664531883028
4339.03155935601,5401.80052788726
4409.40492972392,5624.80804493065
4230.4598380007,6240.80750745453
3775.34149155129,4593.70976435494
4817.51126170894,6424.99902664626
4712.17101808209,5427.14731739894
6850.41990974419,2040.25963427102
4121.99184486365,4886.16575941089
3540.89918916271,2430.1820734777
4320.78150853265,4523.86380240556
4298.62667503103,2579.25186972633
4896.21926351841,5721.53576095624
4235.56770308826,6472.56728250254
4012.91776274106,4896.79338045785
4374.45109327251,6828.44775965194
2388.16580892833,624.694540092235
4472.38601086699,5499.43738270452
3831.8076918325,4488.40062384651
3756.30913929691,5896.46379014376
3461.37582567145,2744.46162808618
3885.77534209778,6568.27168881844
3788.86978335256,6730.07175385429
3548.73948629427,4577.45605418094
3211.94714837203,31.7121130339052
3437.97258520324,2022.69866708566
4251.51580103256,3945.82786154542
3190.82019303119,3722.30868964719
4263.42300142212,3132.56578970952
4011.61139256261,5025.51728483185
3682.08316103102,1549.23335003644
3692.80847630518,6082.36068456655
3628.22510151028,981.086407811949
3447.8051163823,5171.46112363052
4155.32729364359,7539.41290036659
4731.95757907353,5349.57198429937
4237.57843297676,5817.58141146046
3007.50174288678,844.519701366443
3461.66011861791,5586.21954320453
3996.62351101667,5133.32719130023
4724.29384172184,4432.87592356977
3463.6625458358,4169.8586882985
4327.09840200008,6530.87648461329
2180.95609359439,1471.20334182724
3967.02801057988,4753.91862507774
4216.37687332157,5956.3075339638
3837.96202446674,6742.80223406914
2336.118297225,4431.90969931909
4312.11692998194,2073.56307963079
3141.08304318249,3912.86544894634
4048.41709249551,2493.54947011214
4738.08997891864,4486.24110207487
2887.03231863371,4933.22278326757
3587.48807460564,3640.86888240017
3388.47891333875,4925.72090824294
3588.13668831978,5037.90652085838
4744.68597593145,6687.73210318823
2378.24906353165,1960.46790536843
3236.96090397969,2298.73032987345
4028.25657088286,3087.4412143542
5205.50663724891,5714.37513011992
4129.3373609803,5288.13703616629
4446.50239207579,4647.52951225587
4194.31663468279,5632.19617189251
3337.17452955905,6518.25975246121
3673.40315097846,4690.38039492152
8352.65007332356,4373.4300865418
3678.29725253403,6551.16550245654
3868.90676335312,3744.47307053278
3140.96017934341,2511.22418536028
3636.3569730356,5393.27576600819
4281.17608347949,6251.03722170942
4558.54454705641,6698.47347229796
3532.40339770159,6724.95689672685
3862.69419162183,4225.95170603385
4015.99583955125,4491.98093926467
3907.50240809199,2128.29196632339
4299.93764336835,6250.01433485498
4067.19845337207,4744.31389088522
4789.7140933755,5894.30426837211
3168.62954577651,2028.60912636962
3843.66081054316,5275.06573461838
4272.47382909406,4403.15300505579
3414.61562630158,248.752541225135
3637.77851589292,5410.55236303662
8489.67525267319,6789.2338550082
8783.39542336854,426.294899436214
3089.98187544952,5612.24839823758
4250.81906375832,4839.45040259777
5278.58147622374,5633.95820972734
3849.57878943814,3855.91995502309
4285.22197977495,3437.01332542756
4136.65457816357,4788.9268113857
3900.11577488262,5579.22890017949
4304.8047117934,4518.9760185484
3762.60740295623,3626.37678720574
4258.58652068621,6483.70613554909
3903.08337813978,6304.28865215174
4590.16744800095,5879.69842511492
3645.75816911994,5079.16662206624
3405.04623303331,4980.67729106107
3556.65065813617,6077.52998616841
3451.13971478915,5191.57973080723
3851.00461373952,5299.33255181661
4441.95085176196,6001.65960544467
3961.47302584471,4572.6253557828
4293.9204165175,6486.94562963419
4352.23611087775,7167.27829018794
4175.1804923408,4025.3923057501
2255.92992137993,1421.98700762653
3774.63536074252,5845.4289669321
8316.58420585828,6576.85353615652
3608.96733085777,4587.11745097722
3901.43925032729,3519.41935692526
4066.58055099022,6509.28042118631
9014.99084740957,659.248209861266
4173.62210648198,2692.63120271799
1688.05609814003,6441.70772907134
4415.36550683315,4983.97344774993
3806.17113958886,5311.83553590591
3423.02490854414,2230.47536080949
4569.96476722868,4970.44757680619
4110.82815370552,4478.22757219539
3778.05787385069,2068.67550720127
8470.0985389569,139.067271714401
4084.26933111455,5515.91858900406
4359.02170893437,6323.270201556
4180.92722462373,5960.00159744473
3362.26910859244,5506.48426547807
4671.46440727808,5657.20214007112
3977.73407390773,4115.12980160591
4155.4345594093,6094.18160313449
3650.65577295923,4095.2953531585
4933.15344650169,5224.31464728077
3769.37500018525,2770.26340984894
4156.91711039546,3472.36275592383
3870.74342456836,5590.14067995575
3142.3494261108,3467.02040267085
3974.24522374359,4563.75934971541
3702.1046401973,4139.90827365898
3622.92540686678,3977.48322856076
3706.32957982871,4446.34513190975
3785.10855266294,4582.45716324561
7383.98882580428,1483.8199682655
3661.92711881703,6152.94537464107
3967.1436528214,4021.64157966541
2103.16561081635,1902.61306122588
4159.31512993417,4553.359224794
3602.41536403754,3024.24443981392
3932.8072090601,6827.42444994225
4796.49339058352,7229.73654803071
4027.07048803912,5777.11712383675
3384.6719573354,2119.36929765224
4414.3705815967,5949.60147252331
3591.43136907182,788.654126899731
4441.36566449854,4676.22954391541
3580.12866962504,4986.58753891741
4709.45754211063,6257.1749656913
4782.00671532683,7276.22525442879
2831.84502258014,1931.76787370889
3392.94629048853,1083.78135143908
7518.06242790977,3680.19653510667
4656.53133118989,1193.40974691843
8066.35429632909,2408.58601005072
4615.0473120155,1816.3994296121
4713.16735794879,2102.54727001964
2422.582887,5724.77525504134
3770.53804242906,6450.00499482487
3313.76075099797,5315.92750617892
3648.45295978508,4983.29138222856
3993.22315497698,5940.84963737395
4579.05472651041,4696.40481369588
3758.93816796469,1281.27166830426
4165.1756724383,4049.77329386635
4623.91452507529,1656.13380057173
3998.11258036993,6496.2091196384
4101.62235227303,4565.35097688371
4631.16278034184,5924.82300047024
4078.1395169258,6603.96236350303
4309.15058015286,1882.83569823748
3921.92587579525,6153.85493628799
4258.03004535103,5313.42716307421
3411.40365983575,4503.17687777024
3897.42029018132,6933.92731082689
4419.47749779386,5027.9609653328
2222.3895455338,3378.24934249335
3252.57784548648,4975.10744168255
3673.83634642028,7317.37076186338
3463.1268313968,5506.31385481154
4376.37870063125,4853.09002160429
3794.88887628809,5095.64782836578
4104.35438759946,6351.17484248664
3102.52234694863,4942.48627327178
4335.23453016189,3462.07616763756
3926.52995245355,5973.35705772195
2126.78549736627,713.238368428725
3687.63808168197,5964.26397838427
4033.04551332307,6032.46207341685
3713.60914611058,3253.38991226681
8293.18762100736,3505.72286388736
4502.55821790183,5471.19192044081
4020.0867497388,4433.44424102837
3460.67943573859,2306.74364832531
2910.78543632137,1479.89862008665
3483.82961284296,4349.8449120097
4426.49544484413,5954.54591898422
4669.0270005912,4555.63249462841
4478.26509799443,4772.27519441963
4104.57750201172,4574.10281203307
4204.4161075669,3959.92204994777
4127.05725764338,5941.53128004007
3976.41573010675,3312.38139132657
4249.86354892985,5604.00779508781
4617.80289277415,3052.43302804624
4693.14677355982,3481.17167653221
3743.33611744167,5085.87268350673
4641.35289135488,6533.20683990672
4619.34467263861,3855.46538562725
3779.10903833771,3351.36779984476
3313.25995477146,7106.18416338792
4136.24909678242,5478.23922606961
3240.19133124837,402.880241284457
3728.42557978253,2669.21643885242
3739.32747853776,4990.56576112765
4558.96835041257,5202.09360379142
4907.32236739559,5886.29116134789
4020.93285718355,4491.41262180607
3917.46947024232,5305.47071865374
3984.19599287074,6629.70705980677
4161.97425961034,4408.15411412046
4942.84413880377,4032.55335944167
3754.1415938751,3972.59586755886
4015.96327120494,6533.77515736533
3560.53516450365,4912.47919602849
3556.34167381067,1202.84385901679
7752.66598054652,7912.00165708582
3770.13389281287,5172.82525467327
3634.34570455664,5052.51236411558
4716.72807196712,5927.38042903396
2597.03535515343,19.2091289445988
4543.53726075983,6336.39858856292
3945.92977914903,6208.41341231406
4392.90191320809,5948.74899633541
4071.64747281681,4291.59237250271
3494.6964835289,3783.17532032167
4406.55908350025,7124.4844929813
3734.24046598583,6304.23156669273
4192.80797066271,5936.41642291263
2267.83300189737,4540.3450087051
2725.85644673222,1697.45045866954
3908.00535615345,7024.7443561409
4732.30209705288,4819.84345027591
3514.1578073372,4906.45477725413
4322.88821170199,5462.83756922827
4312.18013691855,7032.70080056136
3341.89399688222,1098.04616193559
4666.28123708147,7007.24026298692
4364.88521246963,5255.91335169235
3400.74000393273,669.762082845455
4134.57520504289,3763.11379860397
8312.57447671043,2571.69312067031
3622.34496151199,4504.76808208328
4112.61873141062,2504.23396519049
2169.74150187096,67.4592785373041
4640.11520884592,3791.75716765975
3952.23844217351,4034.71288121332
2134.04464321117,5900.44201235399
3687.55137868445,2449.50486707027
8699.63902141937,5064.67452687182
4196.83360003206,5774.6734433358
3393.95129777288,5626.39924924369
4055.77218111879,4761.8179840392
4412.77288307334,5563.31601133855
4420.411920915,5536.7188388469
4237.17131434567,3340.11519873544
4480.05769381909,3558.34910283969
3020.60856302769,3959.18332182264
4256.57892458422,5578.77433078366
4095.22310372369,718.807900665816
3495.54053406573,3754.8731954542
2750.26134925768,5478.63671000643
3130.46026730841,2603.00745492496
9083.1930823235,627.195094624572
3459.89394984005,3905.64773265101
4074.12877584019,5582.2413209943
3856.83326140599,3306.01615121915
4021.67594649049,6293.43353497924
3663.57599090045,20.9140813204133
3630.87935368756,2791.97300991107
4349.37123396092,5322.0652501608
3812.98827964417,2886.14329737294
4798.83355189966,5559.73569592039
3943.20512371402,1855.32917552653
4871.37603314014,4518.46478654881
3980.36025341023,2179.04263080575
3682.56612761663,5072.97179262535
4413.15533999567,5023.81233245603
4655.05971751881,5353.77770263515
3708.17533428022,4322.50858853766
3959.18772823554,5826.16283594329
4036.20832023813,4180.31589867893
3513.96778101155,542.11799221419
5298.02705010601,6000.46588506845
4601.0506922162,4939.53093791598
3402.77762504065,5594.28931283252
4491.36022257971,5742.9614137167
4039.35767625393,4272.43998957667
3247.43823534322,3719.41043975041
3799.71503401606,2290.83075948437
3241.80255152756,5959.77452417444
3257.01789008237,4234.53313051668
4374.22942663705,4680.49192485495
4254.12585618221,4199.9228510008
8094.64204196247,1199.60447064551
3877.18094146151,1595.49434888135
3910.94107312132,2971.5613268302
4381.60153324796,5063.25373322531
4065.86068073612,4618.48865926326
4702.476792891,5600.88204906549
4548.91174487516,5142.64776676345
3408.3265319735,3333.8068326594
8235.97047999867,2903.24969516247
3198.38232869806,5679.65067968601
3321.9191894665,6388.22880250348
4047.15257801472,5270.5758575533
3104.97137845548,3678.32074920907
3842.10252388302,3320.6786570801
3198.63606861436,6279.16893591036
4258.39170502385,4875.59522382294
4209.75445916763,3865.92259600768
3807.48595906695,860.546232556337
4977.55398594876,5371.33845839289
3679.66487783258,6043.82842258894
4259.09647362864,4516.64608611022
3334.68087753017,4118.14179956546
4449.85357985127,5174.13230025701
2745.59720384295,3840.12081424492
4290.20713494076,4869.51414244482
3255.16265600793,2034.74687035151
3710.87860105482,5399.18601386453
4923.03052025225,5048.02290990575
3776.03221413803,6024.22147026708
3840.36881612154,5015.40131863973
3786.63237718241,6133.39550777822
7372.29056339969,1663.74931794532
4365.28232163092,6467.7365841044
4360.70566945066,4919.12817200997
3971.64915454558,4428.1589732344
8024.91794024398,2048.61377405594
8556.08291993868,4919.75357492759
4735.68917850279,2199.95684013898
2539.58514985622,3047.94315098116
4137.65114868988,5796.66741355485
3809.90192311852,5016.53795355694
4608.3505576301,4037.66821656912
3667.03149346034,5846.22478051625
3548.66220675842,4740.50607934152
3990.82210098891,5806.21506228836
4955.36228172131,7222.46174627637
4161.15451671694,4415.31516781203
3940.31325897684,5814.39900283437
3959.0027487808,5207.26512352262
4459.37107466509,5338.37604579381
3733.86023284354,1748.03071248537
4374.86867310373,4435.31960407072
4177.04972286674,5242.44414335236
3754.81771596758,3314.82507182752
4425.99716549514,5961.25198042471
7909.491283633,2652.05337845913
4618.45971905314,2548.90375972236
3392.24571719423,2618.29515227591
3100.03991084026,2235.4198072704
4041.14003627705,5337.35315893937
3966.36141711485,5353.72061717614
3254.49197341427,2136.58944350454
4639.77305568372,6419.31585206021
3404.7786313561,2455.47220038562
5069.33544008416,6452.73283405513
4207.72621094442,907.205138193319
4649.78957087605,6373.33922337223
4430.53042728331,4780.57246017316
4142.35366546946,6404.93750492856
3115.57300969384,1082.41743182395
4711.72808836722,7709.22564957141
4572.6306348468,4515.90735798509
3931.10121913662,6269.79169784338
4251.54004232943,4927.88043001458
4338.12301145007,3099.77378777698
3645.58169368072,2289.92140926508
3912.34697568679,6349.46989011083
3977.2279290928,4634.9698655628
3606.11377532355,5930.44908959728
3290.14622605737,3995.49897656959
3289.82890410041,5414.81474397616
4736.31208468326,5300.01461733798
1756.67973382007,2116.41417372407
1956.03671341873,1614.53298374461
4100.19486335593,6660.33911711242
3850.08795153674,6616.74950632163
3884.85320807708,3821.36633811096
3536.09606286953,4433.3304929656
3891.06534355515,4310.2331005739
4429.43813153231,5053.42192576249
3864.08052952013,1149.47889193932
3323.94239212853,7718.83038376394
2971.36812767447,2996.96520180088
3047.38645375076,2827.26556637595
2504.36399640661,4470.27112777492
3937.37739436121,4587.68576843583
4560.48103579132,5083.08775881747
4190.1496398417,5664.647352492
7830.09147080057,4424.52157235723
4266.50902202338,4703.90668872052
3734.0631639204,6124.30242844054
3168.72458084804,3322.38360945591
3325.29020987456,1689.7214046608
4282.46943165494,7174.3822584205
4403.23207086517,1931.82453631265
4273.17768243311,7726.2185107258
3908.34323245192,6094.63617253032
4127.30673598535,5586.44661647482
4225.02698353413,2505.88204353492
4620.35850462424,5748.01918538513
3374.39780768153,3906.55729429793
3154.99846517996,2028.49537830685
4403.51908403632,5449.08420215898
3249.50700290272,380.545344018525
3956.51422210799,3107.95751689536
4265.15284614365,4595.18764346046
1115.250058146,1750.70188911186
3144.93258916525,2329.24906197158
3931.49397868741,5589.85652122645
4921.4424805291,5677.88906470644
3744.03888467776,6038.4294067322
4631.24661579689,6320.8831836588
3202.31304538683,1908.75101663539
4634.76221251567,4987.72417383462
7899.42440473593,2990.08851826624
8007.01917833472,2954.73908776997
4538.84387085047,5735.118717359
4725.20957367845,5847.98639549582
4131.62074068248,3841.48494528768
3152.83916388779,1549.40386641679
3501.72930805213,2550.04039463956
4387.46175719876,5424.93071016828
3098.63149959627,4549.89265743861
7774.96849790313,3659.68002113789
8674.42775241018,1872.49223591983
3469.39863522469,4491.35595920231
4342.03105628774,5137.30541351047
2529.83744913055,4689.07334933778
1771.42072058204,139.237774880518
4050.92041772077,4138.08957322039
3872.88520863899,4717.31881160149
4068.69760383638,6206.765122542
3439.00362870063,5531.09274971986
3845.11421687833,4539.66294318372
3868.17736805558,5164.3004927942
4594.34754358458,6836.80168800923
4119.17015057016,5631.00287437154
4103.18936284069,3300.56026133101
3498.05251023145,6948.36274341756
3241.26666748314,477.557139488061
4364.29027509768,4484.76322296934
3741.03700820669,1167.55130255191
3564.06801041193,5892.8834747256
4121.82796566327,3004.12604406483
4249.30320768086,6339.12642779317
4195.5808896304,5324.16810932869
4378.77134522379,7283.84003180569
4302.89009286059,3519.13519819596
3699.61410397107,5215.10824273557
3402.21654617823,467.270604058695
3971.01172846145,4414.63310229066
3826.39285387814,5886.4044865554
3634.15194933155,5398.16312701009
4454.18587141718,5834.63093521861
2756.59658794301,1988.82690426729
4343.46980425069,5577.97894005476
2302.99486794637,2380.96595070463
2942.53998041421,1046.04511447324
4170.65501897431,6196.53540828712
4564.56710371435,6937.39387818228
3014.64080012661,1296.72988203555
3495.9813381848,2313.7338684951
4000.08257687012,2912.91109195875
2957.27580014711,3882.40380230722
4390.05357756602,2201.49117042064
4638.56968718001,4118.19846216922
4134.0544552818,1039.85039074616
4435.38433925228,5118.77843350205
4270.88052893019,6827.25403927572
5026.57878028589,6990.75905668738
8263.05103586102,4206.74266050406
3808.65229680605,2790.55221626456
3042.13515958187,3244.63786568982
4257.45588080188,5887.31404820232
4391.42290846228,2428.87502789396
3487.08779433542,4216.97237475894
4223.81516035461,3853.81751871045
4561.20202305291,6539.17417322207
7862.97003583479,1373.11170618652
4040.66601445176,4919.07150940621
4328.83173501582,8558.69026237437
3160.86145011521,1824.98085409494
8645.81948798076,2585.95793116681
4508.70558556028,6184.37366838612
4117.65183314525,6009.84312313543
4098.04506730056,5009.32023726161
4671.56060111856,2471.38508922655
4438.81305567955,3850.80509789564
3591.25187707734,5110.13992356021
4351.74969767349,5145.37560599371
8621.3135211295,4743.91598409315
4372.34561645418,5369.40643274678
3254.92057921308,7369.65596805502
4221.54176524558,6965.35518171669
3995.21024754747,1326.16874753404
4032.01046437526,6411.75731443182
3059.44942155351,1846.97482431399
4148.25969283767,1669.54613488033
4654.99046702121,5161.51556810493
4663.84034325656,6354.98223117509
3844.64380152068,1288.88707996404
4683.27653278312,5084.79271119328
3422.70293218483,4884.85871382715
2849.36309287615,5005.85366990622
3793.57850533178,4639.06141298056
3938.08802773006,4065.17452785244
4693.66745512187,5013.58261820114
8203.54351920307,2136.19153671247
4201.53757642594,4457.88189174838
3291.22499456905,1878.28915856865
3090.68861017901,3555.50751554667
4039.25803052451,4494.87961201671
3172.25151911189,4875.76563448947
4909.15513533723,6055.47893049034
3959.8353704696,553.541162560766
3697.13398061381,3480.035041615
4451.99152670323,4866.04757508943
3858.63148547226,3129.55358032234
3761.64313773851,3953.95471663242
4315.79090429856,5338.14897252352
4304.99130963558,5891.12185974603
2858.9415892471,3028.05203992999
4045.41012850663,7637.90180851651
4049.41901480758,5048.02290990575
4167.98470925389,3998.39722646637
3813.81172670564,4041.87351204964
4525.63295371388,5196.92208406022
3782.20611362537,4621.89856401489
8088.98910647006,929.653677808211
4425.21594405444,2096.80722140221
3918.64229770807,657.713773865795
4312.26664056016,5201.97985572865
4447.92208247838,5094.1132866565
3614.87417136387,1830.77777674376
4402.03732726677,7054.97892950973
4218.43293930676,5123.72245710771
3862.52818535407,4357.4034496381
3645.0499889169,4556.42830821256
7901.11599628721,1279.62348424602
3573.65392207072,5684.48137808416
4477.77070074601,4640.25513335678
3700.86977907967,4053.29694668075
3279.76070543771,1958.25129813777
4257.54356783344,5800.87270903538
3674.7047148964,4319.95115997394
2936.30686622213,4023.06237331192
8728.8599259122,2152.16129958479
4156.20929755221,3828.8682131356
3653.54746432026,3857.45449673237
3430.52991464689,1321.62220786521
4419.26306859936,6778.662896565
5183.29123774011,6124.81366044014
3821.83285336359,4823.76458702713
4206.80503820583,2629.9456601773
4329.54630273815,5637.5385251455
3564.27584256288,3301.12857878962
4345.93426689539,5220.45017313331
3728.74769171171,4603.03033981816
4319.48746795087,5834.06261776
3659.37914625908,4042.38516690449
3875.31818704119,2831.81210604479
4336.70405618914,6341.62677089788
4294.5707423214,6363.67782657595
4044.12723831791,2476.10225098955
4199.7724876753,5541.83369597434
3895.63739725616,5690.67620752505
613.196089411832,2404.38050314257
4049.77588680465,5361.62039899285
3121.90801936186,2166.48298411268
3998.03433146357,2738.72179089637
3871.50348404995,1403.97136533152
7486.40669202178,6203.46896585315
3260.04951632904,3975.72161358119
4137.1497073893,5576.21690221993
4369.35383418387,6242.2849637048
4239.1396664458,5115.99350881279
4723.28442592003,5070.86893345746
4634.36957303757,5888.16652439023
1548.32930800385,2116.41417372407
1999.85746065137,1941.14511177587
4545.17540648071,6472.6239451063
3679.2774186836,3896.3842426468
3438.4417710844,3723.10450323134
3398.72407338338,1886.18872895773
4385.02145445252,5785.18731631998
4265.5100972173,4964.5369060946
4493.8754644448,5941.58836549909
4094.15257489585,5004.03496946763
3645.3188552963,5473.06728348316
8579.27175019134,3068.28904285579
3966.41417419287,5056.26351305552
7668.28706777878,2153.24106047062
4123.88343718165,4527.27370715718
4244.30875993036,5774.6734433358
3716.68581812693,5522.73839850732
3059.47439419157,5325.8730617045
3888.216165489,10000
3696.43031280228,5343.37715485848
4180.10712337639,5047.73875117645
4663.6978083349,5150.37671505838
4009.95633158344,4607.63354209076
4037.77804315846,5483.52449386359
4293.63744216333,4505.1093262716
4228.11016254001,5134.12300488438
3479.55796734193,5511.25830127245
3790.27938454046,1444.49242127281
4671.51274334784,9076.19997103783
4096.73374701703,4661.56703805446
4703.55102846316,6125.21156723221
3618.51735739603,5343.03633352542
3788.53152251845,5347.98077998633
3968.01666603471,5618.3294796157
3564.57811758104,1921.31066332846
7100.30815032656,131.96330348184
2934.41887445023,2500.0851208861
3691.60513940467,6195.74001755822
4387.01300728287,2948.08990036087
4266.51628253144,4390.30919963342
4295.68069833382,4772.6731012117
4935.58849059765,3576.81942024435
3628.85620998138,1376.35120027161
4239.53534732098,5943.23623241589
4204.00344873232,1736.83487969361
2763.01303972352,2959.6266601995
4782.17343979972,5252.90135373279
4636.58161267171,6504.39306018441
3999.34402819729,6870.67366225523
4250.15940997873,7089.24838769255
3427.276579433,5222.09846290536
4107.24677650442,4480.16002069674
4116.57405900428,4984.31426908299
4124.47773082745,4633.88989324935
4239.49735402099,5629.07042587018
3777.3738503138,4983.46179289509
3913.33091928408,6142.71566038619
3546.1638712868,3484.06992642899
4067.95557042711,6087.7597004233
3702.62614675301,2075.04053588106
3502.07969209665,2717.18239007315
4053.36091857561,4185.54408101389
4274.30651531435,4560.4065304228
3993.80290355596,5184.02119317884
4159.34697761095,3015.26489711138
2040.20793700417,953.011461928582
4547.93901784445,5495.11791630597
4289.04176477029,6315.59791586483
4784.72790582052,6438.97988984109
4505.18042653886,5854.63579433255
4096.43578015125,5813.65985185398
4443.22112542522,6053.14899805217
4295.03063112741,5329.56712518543
4586.64563942862,5823.77624090135
3900.76783369157,4959.42204896715
4128.03182705757,2590.44759680427
3951.61817879606,5694.14277488044
4090.09446154039,6110.20824003819
4339.04551127728,5815.02398289674
3776.0928970488,6388.62670929555
4369.8498614471,6986.21251701854
4576.5471805826,6532.75184765564
4408.70132024933,6623.34181969935
3545.58325166663,3831.93729655416
4977.04008272573,6690.11912108542
3863.57719086502,4645.65414921352
4924.59582687554,4862.86474360809
3840.7578376723,3549.08561283549
4890.63858209515,3851.94173281285
3883.77256264619,4137.8624999501
2290.65860283384,1677.7867380301
3880.177466689,3772.09312987887
3631.93946039601,2256.50442727017
3870.23155554301,5209.02716135745
3599.65319929521,4682.70810923036
8498.23496037049,7744.97298685976
4453.31095707416,6911.64918187853
4186.49856000863,2322.03134567625
4335.55385544971,6379.87487414619
3773.754924028,4245.78573162601
3484.52845828764,1266.26802396881
4416.2712592881,4060.00300812124
5516.92052895455,4010.33189309707
3244.55558498083,1901.41955227729
4206.90679993553,5250.40058777283
5148.81101314752,3986.69005596121
4209.96756185116,3257.70916723773
4131.52203532274,1364.24601726057
4512.43292863741,3996.74935954957
4131.34023981503,2025.93794974313
4848.5214119528,7458.93931737025
3636.39042302281,3850.52093916634
4056.07388425873,1792.64363298585
4030.70789548091,4755.85065072385
3807.97495539105,4249.36646989942
3914.33794403365,4663.49906370056
4439.08222282167,6537.81004217932
4438.06487487122,6349.92445950666
4535.68101878258,5460.45055133108
8310.78188939211,2073.44933156802
3420.50050028435,864.751792321394
3816.17650864791,5945.85074643862
2461.65190095512,1619.70471490344
4404.96040036176,7143.80728657386
3547.6502173716,3247.25216828493
4663.80785220124,6951.3176559181
4848.42935341384,3785.5056756151
4164.31653613217,6426.87438968861
4540.57217786923,4438.95700494789
4243.25881490147,5231.36195290957
3883.15471848466,5228.63411367932
4397.457404215,7147.55801265855
4877.43109534097,6192.27302734758
4301.91589142507,5867.42293715115
3140.54387660959,910.558168913563
4127.0822235357,7997.07844235476
3588.80477779111,7535.20718203081
4689.25099225924,5883.44957405486
4224.30315901168,6349.52655271459
4167.09163923272,4952.26141813083
8641.27939406864,2145.73939687361
4449.80248074315,5113.83398704114
3172.52915151556,1478.76198516944
2881.48350002069,2454.16515480188
4368.49717092297,7022.0731795144
4062.87704888563,5444.59474794915
5585.54745224143,5747.45086792652
4418.10314322494,5716.64839995434
3086.93877232598,1938.75809387867
4185.64293916544,1875.2202865777
3986.3952197469,5670.89884453665
3994.23596488369,3668.65935241279
3844.43689745099,5157.76484202024
4194.67960692681,6157.20775558061
4096.18921042053,3432.63719642525
4849.67695490869,5189.59061970211
2808.50100427816,2812.65972311876
4423.67327419691,5288.19369877005
3320.63831547694,3970.94757778681
4110.44989462759,3865.41094115284
4203.87479216546,4867.35462067317
2995.95417831974,6710.23772826213
3732.05072501369,6121.74499987682
4640.74465969851,5697.38226896554
5050.91376582117,6962.05902502783
3869.77762252044,3645.07417788069
4314.20746337921,6682.39017279049
3887.23904253998,5378.04451983338
3486.92437797578,5184.87366936674
4430.80398685896,6182.32747182199
2830.32299142264,7422.85115874884
2585.95809606434,1174.5985024669
3995.17629198871,4436.85414578
3643.56831394122,4412.53024312277
8280.26953294613,2195.58071113668
3784.65175132017,6089.69172606941
4312.19054264454,5357.98299811568
4305.5247336137,4713.34058939126
3883.04158958002,3502.54024383365
3543.07956004851,148.615012947498
3048.25025820931,2533.61585094378
1580.65170237269,504.950019850052
1680.98618760341,4903.89734869041
3012.7687465973,1994.39633079056
4816.57628550734,6963.76397740365
4560.186888406,4716.52299801734
3992.53143086309,5503.52935297753
3379.95736650369,1515.36158721807
3532.88397340448,5320.47404584776
3722.88649704722,6218.35896783964
4728.66407755231,3248.21839253561
3715.48071110131,4889.97357095459
3745.28494331527,2943.88439345272
1571.37315896269,2640.68702928704
2854.28810382391,3061.46923335253
4493.63628926865,3468.15703758806
3119.05621275131,3815.79691158769
8795.79184959941,1780.19752292792
3244.0801374242,5329.73753585196
4549.18798309219,6654.14471052678
3900.90654770898,90.8171287288086
3288.19905405491,1320.14454018731
4893.08907681622,6640.9596609161
4134.47746187106,6293.71769370854
3638.95741566928,5515.57734481575
4500.13764469603,6319.74654874159
4383.13848471403,4927.42586061875
4580.18124571763,6665.11315290681
3758.37866003831,5811.21617135303
4096.00363999638,4849.33887266435
4315.44945874219,5739.43776090229
4093.73786238051,5120.76754460717
3748.64669171985,5418.96337685293
4140.37390713248,2960.70642108532
4862.70523110929,7287.1366113498
4364.4427973264,5369.06518855847
3484.35366706194,3405.52858050638
4185.63709840199,4873.26529138476
3861.19456417095,6620.10232561425
3835.60932927722,3385.92162818451
4450.83064875335,8343.12711204135
3629.06940346877,2351.81113822162
4267.95895301071,6016.83334330522
3161.34506541462,2853.69232820108
4917.41006759831,5271.99665119981
4292.6165861236,6676.08159528683
4787.78446241503,5087.00931842394
4711.92946615688,5929.31245468007
2700.19063763469,1224.26940606343
3643.34611317541,4716.52299801734
4063.79752413865,6839.01829523989
4264.21874512981,5413.22353966312
4090.88983620761,1834.86974701676
3142.35405160756,2046.1132195236
4737.92175726105,4830.01607907178
3696.58134533165,617.704214208633
4864.72118144118,4267.49554311576
4111.21095278269,3183.99851971326
3550.97173093209,5369.80391668361
3124.37426107885,4887.35947978711
4145.01742594535,2424.66952098581
4919.64428875803,5879.86883578145
4237.0926368389,4179.74758122033
3322.55147663003,3517.20296112223
3580.1296372389,6136.46416834153
3847.08118399078,2822.4917420092
3756.04059353223,5998.64718462986
2404.93422801648,2426.03344060094
4655.07902617243,6483.42197681979
3225.24088374174,6272.29204094809
4128.71117338568,1783.15285828372
3465.87362396252,5113.72023897837
3615.82053733857,2600.67731105916
3686.94548895364,2234.96523787457
4358.84054075189,5087.86179461185
4597.81514297409,5409.98404557802
4444.62359318207,5475.11348004728
3286.84941715277,4006.18326022031
3471.11488893856,1216.14244526262
4604.37726402776,5930.79033378559
5663.34672989778,5440.50277767615
4218.73411658506,5228.0087107617
9627.40910804028,742.847697450656
2738.05198381046,1406.52879389524
4650.22216242664,7138.91907986146
4106.19385414443,6193.29591420202
3791.05259370659,6423.12366360392
4377.75901688906,5504.09767043613
3634.60998222596,5258.6411909226
4219.87125369617,2870.23040853201
3395.41632209545,4390.30919963342
3838.93984904399,3215.59680126959
3942.05875132101,3256.34524762261
4942.41384615634,6356.63052094715
4601.72577838438,7286.5682938912
3331.09675624324,4478.00049892509
3786.08466880339,7966.21931177882
4119.22143230495,5854.408298207
4330.28544348068,6145.55724767921
2758.26858465932,708.294027681626
4326.28657331602,5698.80306261205
4542.43897297673,4069.0390019999
3921.79150742049,3319.88305492358
4359.2656024685,5400.94805169935
3829.51484463084,8963.04813417171
3734.72826976777,3921.84478022125
4576.28774906301,4362.80246549484
3333.97481236034,1057.240947265
4084.23568289371,6477.79588769275
4531.2710808247,7197.17161936845
4237.85385813597,4915.77535271735
4192.79028935183,3285.1588159173
3692.44912721931,6951.37474137711
4332.33993260143,5055.41103686761
4195.15918071799,5004.26246559318
3488.27153663532,6546.95978412076
8252.44036648503,2058.33204488361
4384.7769096309,5835.36966334374
2182.7157718535,1031.09834416917
4021.95688882551,1078.89377900955
4074.42391404784,5178.05385986348
4319.16599494476,4826.43576365362
4144.51254497274,3112.73134126211
4109.59314141844,5414.70099591339
4297.20711382894,4718.1712877894
4376.88626704049,5651.97353488091
3900.10249345268,3047.09067479326
4293.5628299215,2794.70106056895
4216.28789637323,4123.71122608874
3009.10769223714,6372.03175493324
3678.92849305369,103.66109932901
4901.08121661564,7867.90039144019
3867.58656128387,5270.5758575533
4291.10702856114,6329.97626299648
4238.24645888823,6553.77959362402
3788.78937186625,1732.40198237373
3648.04901885589,3343.63885154984
4645.68174192312,5096.04573515786
4323.6456994538,4293.06982875298
3545.40080513192,6469.83944327228
3804.89051561191,4617.01078015774
4238.2463572075,6787.86972396545
3882.58369751086,3913.26335573842
3909.15044662439,2956.61466223994
5118.14750594323,2841.41662880969
3630.98526656427,3024.3013138453
4190.55409424788,6192.38677541035
3241.58350337261,4588.65199268651
4134.36673303017,4865.70633090111
3479.96415034921,3251.4008011617
4309.76113427988,4778.35627579775
4712.36526058841,5050.63700107323
3865.22732674261,5608.55433475665
3942.61940643028,1412.32561083025
4323.89492176632,4739.53985509084
3777.48226988358,895.497756260535
4243.7328379457,5151.51334997559
3728.70306457541,5250.85515716866
8368.21306238437,5447.60674590871
4048.02363639773,3622.73938632857
4660.04478499322,4695.26817877867
3495.72077170314,5883.79039538792
2966.22549474384,1726.71880778768
8879.26026059607,2813.79635803597
3720.74927697575,4379.51116791993
3643.03256383213,4653.89475236329
4332.95232906823,2719.1148385745
3981.56387541707,4681.62855977216
3792.27259592156,5187.94232993006
3834.7592499468,5660.72579288552
4054.41955003258,5297.85509556633
4928.58842756662,5586.8445232669
3994.41471318124,6987.00833060269
3674.57559223645,2031.67799836057
4525.61968071669,6502.34728647553
4228.37198270939,5093.14706240582
2651.91174876218,154.525511874143
4421.778747496,5333.4315993329
3504.27408288291,5431.2959502757
4265.49056544585,3498.84618035272
3532.36056224699,6235.18099547224
4522.26255530304,6445.51554061505
7698.32508481571,5695.90481271526
8745.19576815086,4118.25554762823
5028.22168537914,7153.35451245212
4541.02408587328,3054.2515170572
3528.29800821359,4407.8132927874
3785.89183162634,4079.95078177617
3021.80129092973,4327.85094179065
4032.84089823131,2100.67169554967
4599.96602856127,5090.41922317557
4434.71252131151,4471.91941754697
7931.86540882074,3882.23339164069
4572.84174379985,4617.18119082427
3335.14221895881,461.530608298167
4764.65977985432,3465.65648305572
3593.7708096355,3932.07449447614
5161.9995629575,3219.46148684468
3797.18512988102,1918.98073089028
4515.81014998227,3942.30420873102
4015.46181391346,5163.22052048075
3925.98822869608,4717.48922226802
4236.30251961695,4918.78735067691
4596.98521178432,3679.7986283146
3736.58492193714,5560.70192017107
3508.87122249261,4984.31426908299
4706.01213584982,6438.35448692347
4691.13412900505,5094.3974453858
4329.22514375519,6328.83962807927
4188.33045296152,6973.87994359576
3883.08723084405,5071.77849510438
3166.16114723597,2605.28072475938
3855.89622398376,6080.82614285727
3849.40537258869,7037.81565768881
3654.78539687388,6358.10797719742
3350.88636669193,3485.2065613462
8562.13373206002,1421.64608057966
3945.02553322176,4691.28995656844
4842.9156765094,5633.16239614319
4139.04829955277,5304.39074634029
1165.57380839993,4060.85548430914
4320.90940918878,6999.90879862882
2719.42944717668,4124.10913288081
4223.24911036482,1180.22480302156
4173.10907250162,5925.44798053261
4021.63742633268,6526.67118913277
4685.61884836984,5003.40998940527
4189.45422891367,4214.24411267344
8117.87584359476,5109.62826870536
4404.92681411236,3052.09199528555
4392.34159516362,3123.75686910115
4123.30371659273,5852.7604312902
4572.73485753527,6587.3103236817
4233.4428344987,2974.28937748808
3919.94405606502,5704.71373332364
7293.14988629419,2146.53499903013
4171.37157622845,4589.90195281124
4109.53627291247,3953.38639917382
3705.21821998086,2102.6039326234
4657.00684534671,6258.76617000435
4478.7633509099,6004.785351467
4097.77050849949,2887.90512378014
3646.09282104082,5538.87836061855
3955.03006437494,3400.41372337893
4458.95680601418,5652.37144167298
4116.12108662752,6609.5317900263
4311.90818776713,2494.06112496699
4075.99196121965,5305.47071865374
2609.30976496966,2507.58699591073
3495.18477691629,5860.37563152235
3952.10287117294,4092.73792459477
4545.5760337064,6801.85016430503
4575.06711683769,5641.0621779599
4365.07217173625,4925.2663388471
3071.17254374312,2858.69343726575
3820.31085387513,5770.18356627072
4127.16289215309,5638.27725327063
3235.63302544916,2600.39315232985
3482.91916024193,3835.40386390955
3579.97958687063,2865.62699483178
3882.82168253603,5335.70486916732
3400.65039728666,4204.98062266923
4963.22068346777,6457.62061791228
3205.13577073736,2297.42328428971
7578.95028815384,2486.16134315028
3778.04117530258,6325.88471557873
4570.99551498621,7094.76115161206
3179.33648828028,6075.31337893775
3845.60959733704,4273.29246576458
4393.80224824125,5245.74030004122
3625.40294394765,5341.89969860821
4278.69099175929,3094.14748722231
4006.84542770069,4026.64268873008
5196.79966997051,6914.7182652971
3953.00297703944,1354.12994535464
4413.24104639516,5224.71255407284
3924.71513332866,3009.86588125464
4362.35512641013,5425.61277568965
3705.36518902919,5914.42287554882
2776.38758705561,1662.61268302811
5037.64890617543,7449.61874190703
3559.39078222993,4595.52846479353
7984.42417250376,1063.0377642
3605.04672648902,4483.79742157392
3452.17734964848,1710.86279297813
3864.43937938926,6230.3502970741
4240.75803606209,971.709169744969
4226.01007307721,1675.28607778395
3423.53624470759,2761.39761520918
4499.68531171967,5125.71156821283
1942.46413770746,865.661089683781
5110.30398232495,5838.89331615814
3961.14883446354,5140.82906632487
1114.53444013978,3066.07264705276
4726.11842914328,4776.992144755
3685.60381702094,5131.67890152818
3777.92893587219,3461.0530693555
2444.90158599565,2209.73177357041
4505.26289582653,6930.11949928319
4167.03701563516,4653.66725623775
4374.62597156746,6063.26496424428
4038.45133397489,5389.35420640171
3912.45624917104,4372.69135841667
2394.21915519801,2521.39702558378
4629.37955764365,4254.65173769339
3163.12536598865,4883.72207890994
4155.42895884367,3575.96694405644
8427.6074193562,2138.35126991174
1651.52016448553,6556.22369698022
4773.1283484701,8384.3301277902
3753.74652840358,5631.40078116362
3224.59264990409,2995.03296472715
3618.03825894632,5666.40896747157
4098.33604487169,5112.18569726908
3641.32145350244,5402.70966667893
5345.8743636757,3463.55383531546
3812.71032686822,4468.22535406604
3498.06088377138,4481.46706628048
1931.85030583617,388.501788438992
8977.14286566449,1818.04750795653
4296.78404422185,5903.51109577256
4579.60214614381,3665.07903699463
2801.4465430799,1886.5866357498
3874.37886884507,2892.39478941759
3860.84926876645,5087.12306648671
4198.15144011709,5610.20220167345
3642.12758335736,5391.11582138129
3977.34661820831,3086.47520153115
8531.97662461936,7590.22065030796
3663.88619798155,4018.74290691337
2411.51699099522,5658.33877498833
4390.89366908829,3546.81234300107
4276.27371172594,4551.02929235582
3593.71456152267,4520.34014959116
3404.77890104313,2653.47417210565
4169.22147734253,3735.77789798718
3531.27052751424,5600.65455293994
4004.46724997743,1808.61339585817
3924.0112764226,3035.6676630174
4219.18596381463,3608.87269405176
3018.51542038534,5557.51951154499
4166.19361754952,6394.53738000714
3890.39804207523,2747.3032153792
4510.03488931749,5210.56170306673
9005.29431023899,2679.787185868
3896.70293725879,5276.94109766073
5411.48001449407,5334.51157164635
3942.8119289697,5000.85256084155
1324.03210007325,49.2731198619493
3366.86685967815,3029.58658163928
4050.90207057102,2873.64031328363
4202.24100295718,4071.93767475194
9079.88884365058,4858.14779327272
4448.16579287993,6837.25668026031
4062.67334337991,4380.87487610743
4522.39377828913,6206.4809638127
4218.01288682081,5232.61233588955
3844.97045459516,2497.81185105168
5107.12540489642,4857.74988648065
3586.93857115724,5383.50062114913
4418.99293060094,7538.9579081155
4203.75624718553,5516.3731583999
9036.12519551318,2169.09707528017
3781.94774980614,1837.19967945494
4107.58185526824,5021.70947328814
4027.57739164224,5537.06008303521
2384.01293260889,707.100571589937
4445.85037388225,4750.73579359641
2618.24043130433,2947.80574163157
3633.57668625611,5113.32233218629
4241.64243249475,6842.76902132458
4223.45984134439,4898.78249156297
4870.86771508612,2165.51675986201
4281.6859570795,4586.37872285209
4215.54333263053,4842.40531509832
3238.96712326914,5354.85725209335
4937.9587239311,6847.14515032689
4528.47470733821,5548.59684287384
2983.13353745932,5835.42674880275
4514.94784512244,5297.1163674412
3539.8929654746,6211.36874766985
4105.79178694397,5130.82642534027
3635.19479780685,3915.082056177
3582.02674237332,5251.48056008628
5121.37016542168,7151.53623486879
3354.5337666534,6820.77547396077
6886.04414155524,2053.33093581894
2651.07077715757,3203.26443927444
3670.53875992291,3802.49811391423
3478.43136331041,5212.20956998353
3741.86355505798,6482.56950063188
4274.05580452589,6691.59657733569
4103.53041313587,2578.39939353842
8682.82940887032,224.201221727715
4350.81155336911,5692.77906669294
3890.67963721954,3959.92204994777
4386.40015897533,4945.0437018355
4606.955198093,2925.69823477736
2052.56177730236,1294.96805562835
3522.97146970222,1420.50944566245
3042.04821949295,3095.28412213952
4367.37622599084,3658.54338622068
4701.56929882819,4977.66487024627
4202.48986961764,4185.65782907666
3674.40812570873,2100.27400018522
3608.92377107836,2767.99014001452
7426.52102368059,1536.8440082961
3410.96320571305,1909.6034928233
4036.4685730508,5805.41924870422
4004.85680398368,4565.18014336193
3871.9192015365,769.672313210949
4967.92715897049,7375.11249222603
8736.68477257344,443.571734320729
3649.1202678885,4387.63802300693
2831.99315629801,405.153484690424
3936.20146249778,5502.33563260131
4570.28976362472,5481.81954148777
3949.95709706136,4186.45364266081
3998.760783518,4346.71916598738
3678.39440234179,3433.77383134246
3761.44788593414,6895.90670370413
4736.39741858466,4294.94519179533
4257.72164617227,6804.01010893193
3489.58073941028,1704.44078455314
4709.03989337034,2995.65794478952
5112.83212738535,5695.84772725625
4727.1747263584,5559.84944398317
3609.98005742501,5402.5392560124
7849.15173786915,946.362168805668
4306.80741200295,6819.24093225149
4818.9509091625,5351.73150607102
4203.07742815045,6212.84620392012
4155.56421219851,4483.05827059353
3580.88129064547,3828.69780246907
3954.43042842488,5392.19579369474
3858.50702630286,4295.45684665017
4334.67296619931,6647.83613302312
3626.18487269141,1700.00788723326
3892.82221014517,1862.54668039424
3776.08122461483,5378.10160529239
3690.41982939256,1917.44618918099
4055.31588471033,4647.07494286003
3393.04200639414,5244.54700252025
4849.6767092969,7385.91052393952
1771.57164064013,2071.40334643152
3455.4947716493,902.601724493095
2076.2782142537,6416.19010603789
3511.48785688421,932.211106371932
3716.92275700545,5292.34233164682
2899.50799871384,5423.85116071008
4466.78443948232,3518.05543731014
3889.63788765059,4670.94427612144
3883.18937568291,5314.56379799142
3798.30614930728,6644.36956566773
2917.55952409721,3411.26862912381
4263.25389293188,7325.10055586881
3599.32387797835,7328.96460716102
4065.54505517246,5131.16766952859
4355.91272395018,6359.24461211463
3771.90885056208,5160.89058804257
3875.39311278581,5510.34916248078
4199.32795497739,5294.04728402263
4222.49123730798,4082.2811370696
1397.98743677367,3030.72321655649
4689.74636436295,4943.84998145928
4169.45392779302,6037.0656985447
4012.48424398282,5460.10972999802
3580.87228066163,5537.91255922312
3810.38707872296,4510.05334987726
4041.22946806895,5005.00119371831
4054.78819149678,2760.37451692712
3631.80326285311,5743.87055250836
4121.96703329215,5048.47747930158
2167.46353324091,1052.75117591373
8246.22765939131,4579.21766916052
4572.40652454626,5683.62890189625
4365.77859512427,4114.04982929246
3907.86661291862,6218.30188238063
3954.85789988017,5207.83344098123
3977.38351270739,1544.17526122657
5116.91454311437,8005.9448712774
4375.27794023203,6462.96254831001
4018.94181444161,4721.86535127033
4015.15392125661,6374.41877283043
4106.6310952784,6033.03039087545
4282.23069592535,5034.04204671092
3990.38167685045,6040.3051926298
3040.71288184123,2751.16790095429
4448.08962821406,4125.75742265287
4481.51323052671,6545.36857980772
7834.12150607148,2300.43528224927
8512.64645566945,2183.41875980806
3844.99654494889,4781.99325381967
8769.89626845753,274.667806766134
3478.09924726562,729.264952475526
3693.6562019435,5690.84661819158
4594.94577641032,4318.58745178644
3169.99235027206,1539.91288028704
2172.79236601744,6713.19264076267
4007.28624186465,1126.40516083444
4204.64407795296,2134.31617367012
4048.0247988866,6073.60842656194
2561.27324337158,6422.95325293738
3386.39472943701,5273.2470341798
3645.1385338932,5761.54547918412
1480.53167181081,3930.31287949656
3639.1945774397,3839.60958224533
4110.67706370756,5735.97119354691
3986.54540431065,6480.523726923
3818.19360823696,6346.28705862949
4426.20563941964,1565.03259652842
3183.05640330899,1149.70617663724
4523.13572536733,5490.4009659706
4515.41165445851,7248.26352803913
4113.30421677306,1427.78393027535
4161.28028632076,5434.13753756872
3511.85671675991,4987.78125929364
4582.13737448523,5985.00756562334
3742.68350776282,110.480908832268
4043.25286856311,4671.2850974545
3953.1897480651,5246.19486943705
3731.62226429127,4384.45519152559
4374.33994207496,7216.60858387904
4265.29174896111,6238.53423762012
8214.18109095218,1913.01339757493
3610.82094394566,1415.73551558188
3827.42025459621,2419.66820049351
4217.81403761426,4831.09605138523
4000.71748512739,4744.08639475968
3794.36271644749,3542.66349869668
4057.76639423687,2244.74017130599
4279.64175573165,6101.51264463734
3847.29829124563,5997.11306577583
4336.71281768734,4118.93761314961
4085.19233385624,5768.7627726242
4062.79084053096,5355.36890694819
3879.34575689943,7244.74029807998
3788.36886062786,5462.04217849937
4278.83842766975,4818.19516050385
3811.30805404516,6022.85776207958
3741.54197109257,4580.63846280703
3279.53224419056,3132.28163098022
4572.13445333086,5828.03862184089
3508.64332205156,1309.34650847382
4161.88818265673,4799.44068436989
3935.6570583221,3718.72837422903
4319.99095528964,4714.47722430847
7933.72101658745,2538.73070807123
3345.96381539516,5349.40157363284
3860.34854981073,5572.69324940553
4108.08298502444,4693.39281573633
2769.65687207837,2265.31334787854
4135.53543325688,4947.9990371913
3967.34230260202,7000.13629475436
4113.94015673133,5039.83896935974
3708.3864219138,4682.87894275214
4423.44592019261,6579.41096472025
4760.4466347186,4704.07709938705
3982.2881249974,6163.57299568804
3863.84858959808,5010.79811636713
4370.15432811158,5180.38379230166
4739.69665861422,6839.75702336502
4275.57716486584,6280.24848536856
4456.69615612015,5664.59026703299
4441.56989719343,6269.56420171784
3545.37339846396,3258.33435872772
3408.430956197,5983.30261324753
8670.95110639054,1239.55710341438
2744.51578453434,3513.7930563706
3627.27386520896,2608.91791420893
4404.66938973819,4902.30614437737
3760.54120421903,5174.07563765325
4480.9177905578,6594.30096670674
3230.07903851432,3151.5475505414
4193.74102263581,6500.47150057793
3728.65461337818,5126.1094750049
3108.64604065532,2498.83494933374
4553.77769183616,6137.14623386291
4971.73804700182,6510.303730896
4253.59355703857,6440.00277669553
8749.25034162131,2181.82755549501
7649.18959866915,1207.73132573251
4731.97713211519,8197.69450524227
3911.35733469581,4480.95583428089
3802.92010148236,4032.78043271196
3854.90988440496,5261.65318888216
7746.66386845602,1549.46063473436
1948.14718935542,1091.45363713025
4010.88073530513,4045.22675419751
4426.60526468337,4344.55964421573
4318.09051238631,6553.55252035373
3891.05053445018,2956.95569500063
4498.80449687178,5587.29909266273
2187.59399033453,1953.87538056309
5249.60275594423,7408.01739651085
4413.10849744545,5329.45337712266
3519.60224127352,4516.02068319261
3952.7171314137,3543.06140548875
3392.3872967324,1871.92391846122
2490.79972278772,1223.07589711484
3115.7895680946,3774.36639971329
3123.51969239677,1440.45732503119
4292.67058486637,3641.55094792154
3244.02544604191,4384.34186631807
4325.48204684871,2790.49534223317
4627.28170599496,3972.08421270402
4319.34643606396,5117.30055439653
3958.26999343931,5803.31681239158
3983.89805523312,3954.01180209143
4321.00882642791,6467.22492924955
4967.38719113721,6954.78464612874
3940.8008061135,4969.48135255551
4409.20779758472,5987.28083545776
3911.22062142789,5513.01991625203
2016.37524438117,1684.32238880405
3839.68289957827,3332.38603901289
3978.69175336306,5679.76442774879
3447.57102422401,3215.19910590514
1892.88242364013,7557.71238424946
3937.45344294981,5035.8607471495
4638.15886188059,4288.86453327246
3829.59128986597,4656.73633965632
8468.2376181164,4878.66430724151
4406.22372377135,5269.7233813654
4799.05146160534,7153.46868337015
2384.6169500505,1921.65169608914
4079.66312494688,6317.30286824064
4677.4844658502,6320.8831836588
3555.29618923863,4954.25052923595
4233.36732399227,5659.36166184277
4283.14898207746,5437.32036905006
1734.15369267467,2731.50407460104
4431.54713500152,6062.35582545261
3895.86889433184,1471.26021585862
4036.15113848709,4194.92131908087
3701.26204357238,6612.37337731933
6392.46126447134,5760.29509620414
3461.42683176659,5885.66575843027
3468.77003630462,1510.18996177305
3439.08579779804,5870.15077638141
3842.05846759637,4855.8745234383
2954.23500806785,4802.56643039222
4493.72938434639,6244.89947772754
3050.93575603264,2252.63974169508
3131.96795137817,1444.32190489246
4094.17629390438,6569.69248246495
3195.19996495243,5126.45071919322
2802.69534680303,5098.7164889291
4774.90246555142,4382.12525908741
3839.16225840334,6752.46363086542
2493.95077649781,1430.62551756838
4369.76614745403,4473.51062186002
4556.94359823506,5264.49477617518
42.5985276078504,1366.40564474603
4555.36460897327,3860.97814954677
4275.91803832638,6077.70039683495
3422.62209112641,4377.80621554411
3811.48646813728,1949.32884089425
4757.15389512421,6125.49572596151
3650.98735250269,5114.06106031143
4544.17085957953,8783.2889837308
4549.33369526176,5888.67775638982
4199.76750229197,5097.01153655328
3264.15494930152,4418.32716577159
3822.14076231157,5812.01198493718
4177.92776628534,3394.3895160322
4335.04775051961,2859.4892508499
3917.04887713817,4381.5569416288
4332.28514533868,2762.81840885569
3983.06937184672,6073.55176395818
3633.16345974074,1274.33821645205
4399.45015495212,4953.90928504764
3980.96360243253,3328.40781680265
7995.52203685617,657.315919930628
3576.34473900316,6556.10994891745
7489.9729524741,3322.32694685215
4183.0148537447,3759.59014578957
3606.83254861213,4411.56401887209
4130.75532571388,4331.03335041673
2664.5975095865,4915.88910078012
4472.61663004566,4963.40027117739
4003.03499051577,4765.22788879083
4220.29071268181,9104.95666530114
3709.97643191628,6813.27359893614
4873.83096583781,6586.91283974488
3563.82867129445,5947.1011294186
4529.22724586723,5214.82408400627
3561.74431826556,6097.87566661542
3794.15327217964,6117.65302960381
4229.81941724328,5702.66753675951
3900.29123082622,6579.69512344955
3892.46922172001,6928.58495757391
3244.10916964459,3755.78275710112
3809.72595730851,1281.61259535114
4019.28238598601,3404.5623562557
4374.76246313565,4712.31770253682
4226.76594534761,5380.09071639751
4358.33301002882,4217.42694415478
3987.23481354424,1351.17471571266
4326.19028879739,5957.61500240279
4314.56244880014,6204.43519010382
4735.10653279029,5618.61363834501
3241.31020019901,1900.16938072493
4030.38724133512,3060.73029379977
3699.45774572648,2801.2367113429
2861.97397064366,6853.28289430877
3779.81291171689,469.998496145854
4887.50870899287,5658.05461625903
3754.04180502267,3677.41161041741
4035.17377013037,2905.75024969481
7073.90278467374,1807.64717160749
3558.90517329209,5774.38928460649
4065.39872196758,5739.21026477675
4052.08813791456,4812.39823785503
4265.29330383732,6656.36089490219
4516.41105150345,5793.31417140698
5028.34994353114,6989.56575916641
2978.33018658842,1058.37758218221
4250.91967003372,6614.1349922989
3773.55513882322,6609.70220069283
4319.66295347106,6462.79213764348
5556.78958962908,6270.64417403129
4222.18476463432,4583.7075462256
3153.49698436919,1111.06058945211
4561.98986450745,2570.67023381587
4581.13636786056,5717.95544553808
3834.20494176792,6636.18562512172
3440.89245277986,3681.50358069041
4237.76444411341,456.24523479038
4798.18222662039,6272.46287446987
3543.4056186767,6313.55214215595
8402.43831428631,2487.01381933819
4447.08846857528,4795.34871409689
4375.66438947631,7116.81220729013
4170.13317337179,5613.44169575855
4144.12798568485,2098.05739295456
4867.21849790468,5969.03801417865
3534.29242125613,5610.54344586177
4215.18587002278,4888.09820791225
2302.2539437257,1524.96621569678
7341.04520399519,1796.28082243539
3455.68924311734,3341.47911835056
3479.83993985724,5021.14115582954
4026.86553602608,4594.73265120938
3895.8341842427,4816.60395619081
4433.89956545982,5907.31890731626
2668.08329959758,4846.15646403826
4907.08809234129,4477.94341346608
8338.03853141884,5602.92782277436
4762.6600208846,6043.37385319311
3503.87786413368,4824.38998994474
9301.45621822119,365.314441413606
3421.82095773188,5974.77785136846
3305.40394338669,4559.21281004658
4073.65988861681,1886.81392044772
3947.18294776519,5007.1040528862
4073.43306295044,5128.61024096486
4477.34378666819,5914.25204202704
4405.62697886301,4596.55135164796
4584.99683725487,5649.7573505055
4501.42679016754,4304.37951532132
3648.41797348227,3100.39897926697
4997.47213429316,7791.12087192478
2126.33407893667,1767.06934734863
3744.16623682775,5058.19553870162
2844.35729596213,704.48626899483
4261.71526038858,3508.10988178455
4211.11743619509,2216.55158307367
4454.38516637487,3414.90581857336
8292.32488060705,3316.87105696402
4780.07564031527,5606.50813819252
3979.86379533444,3070.44856462744
2375.91253226952,1358.61961099209
4389.56195200048,4724.99109729266
3736.18514257809,6197.21747380849
3697.18131571322,3232.30550369467
4663.82420322388,6877.26597563294
3391.4648247807,2445.58351889142
3301.74442718714,6007.51319069725
4009.73722453949,4921.91309669923
4446.20438726362,7000.30670542089
3460.57932319436,5066.43614185139
3781.33026909902,4579.61557595259
4369.13050336386,5381.22735131471
3757.70654424945,6117.25512281174
4886.11537321612,5736.14160421344
3936.03800210943,4774.20722006574
2014.6033702019,1572.76165053716
3508.72896246249,5018.01540980721
3984.09863191033,3729.29890981698
3898.88587218981,3851.54424887603
3609.5735533696,2191.14791953061
4048.21376008201,6102.42220628425
4143.44811276314,5591.50481099851
3904.04897651005,6180.16795005035
2677.30633097449,4044.60135127989
3607.4609574227,4526.93246296887
4995.47321525941,5715.96633443296
3732.84287888573,3597.79050360897
1754.92934671818,2104.42263306199
2563.67367655777,2193.64847406294
1763.73665703909,870.719125636745
3459.79368506403,7166.19831787449
4001.9176259286,2847.5545842192
3254.26594263111,2093.17003195266
3936.09317224405,2546.57361585655
3504.80766391061,4353.25481676133
4891.07436776525,6082.13318844101
4414.49719024964,5367.81480557849
4001.45388156255,6036.09947429402
4244.59337014465,6097.93232921918
4085.08541178938,4647.35910158934
3754.22277548672,4836.94963663781
1106.58378628054,3073.29015192046
3826.91485609161,5273.01953805425
4688.88766020933,6469.78235781327
3500.34961833842,2612.89613641916
4333.12574074231,2340.33125241438
4101.14582554676,4399.85684836693
3960.29884752072,4112.51528758317
3524.93405451771,4232.03278741197
3690.47620523235,7115.73223497668
3351.68596355891,4492.54925672328
2223.47083225582,1084.91798635629
4214.56164777532,5702.95169548881
4521.87216961556,4663.38531563779
5073.10945478872,5232.21442909748
4287.21045392515,3066.01577302137
3595.00696244631,5965.68477203078
4297.70297745543,5193.39843124582
3325.35990571775,1502.23351735259
4660.73413293705,5318.25786147235
4033.04291604277,392.991506933352
3106.44168458038,549.22196044675
3162.84577273452,1350.26536549336
1466.98372863938,2085.44087223011
4052.14246639912,6051.44404567635
4726.42419156764,6282.46509259922
4037.95654945681,6040.81642462939
4066.66215193612,4712.09020641128
3392.35424405289,4493.34507030743
3470.26923793552,789.392907881774
3891.40702313631,3138.87394435794
2577.34672908728,5638.1068426041
5393.81319504658,6453.47198503551
3322.83711210738,2849.77098002223
3691.45557466088,3144.38670827745
8511.26546396335,4040.33897034036
3240.16552352982,4135.87338884498
4877.11078790195,5434.76294048634
4161.29056294277,5558.76947166972
3872.78405407419,5946.98738135583
3813.57767585999,5119.68757229372
4008.44860007485,5319.45115899332
3753.816908213,4972.09544372299
1963.45012870788,794.450943834738
8295.85406445489,981.938883999856
3602.03709000098,2995.31712345646
2717.00913767408,1522.80658821132
3844.23200063885,2701.8946927222
4117.34922132432,3269.35967513913
5686.71935235263,5939.54216893496
3987.5292557153,5175.66684196629
4348.10714808689,6097.64817048987
4509.53775349986,5009.83189211645
4001.07157020702,5873.39027046651
4102.01277388558,6173.68896188015
3653.25628600805,4485.78653267903
2545.10065028288,2050.94391792174
4056.83626861883,5478.86420613198
3840.81321744644,3358.81280083801
4152.6081908475,5298.36675042118
4616.64520688623,4479.30754450884
3923.03057317741,5976.42614114051
4823.22487809585,6552.98420289512
2284.23188279343,1847.03169834538
3892.38653122682,3930.76744889239
4765.41155096132,4474.93141550653
4704.46878800497,4106.54795426782
1884.07093670873,523.988654713314
4687.20301736962,5416.74719247752
2655.68729955005,3479.1256913957
4540.55242058581,6525.87537554862
7677.03413272795,6119.81255137546
3897.74979259829,4094.10205563753
4002.37825518993,5300.86709352589
4446.29829816975,6305.99360452756
3823.63796523686,3700.94012234575
4194.9564965645,2913.70669411528
2977.46081439865,3927.8121135366
3915.40625118921,3990.32703398313
3901.06528990465,4610.13430805072
3921.25453111739,4086.99808740497
4065.93205341596,6338.21686614625
4092.4322101504,4928.33499941042
2714.20906728469,5616.56744178088
3561.03160240225,3812.84157623189
2662.54325184075,1461.88297779164
3965.06156740374,2495.1977598842
5156.04151403086,1062.98089016862
4842.94474147363,6957.45582275524
4436.6979354948,5259.37991904774
3706.19048986699,5350.59487115381
4155.7467300227,7141.70400455072
4593.41453336014,8721.85403559772
4344.62169540257,6203.2414697276
3843.82979903644,5018.98163405789
2200.11644618522,691.130808717616
4168.39856416697,7278.04353201212
4402.13621275247,3432.52365979011
3453.30441257638,4126.66656144453
8022.16498006749,987.394668174175
3319.18709913491,6792.87083303012
3640.32582010911,2749.91751797431
3555.27657301967,1472.11269204653
3998.41442923966,6936.20058066131
4129.67525371557,4954.76176123554
4483.37061602407,5315.47293678308
2347.15057317038,1363.84821618231
2854.25422092002,2061.51466493732
4052.71449599325,5084.67938598576
3599.80304783742,4548.35811572932
3837.7561396736,2477.80720336536
4008.70208381491,5343.43424031749
3570.27780960522,6170.62030131684
4303.44938356101,4724.42277983405
3490.42841929581,2252.24204633063
4535.84466959548,5765.69411206089
4016.58826277984,4392.6391320716
3454.69797499939,6164.88004127178
4420.65558083754,1841.97371524932
4148.10613523191,4623.14852413962
8013.32856385718,1515.36158721807
3779.69703567719,6898.00956287202
3814.93400165483,4384.68268765113
3870.33156391596,2792.02988394245
4360.43595954298,6790.0292457371
4013.62517359665,5061.37837018296
4591.11317608268,5997.62429777542
3952.38029398089,4885.88160068159
4109.79759273815,2833.80121714991
3657.66341903722,4844.05360487037
4806.33768276936,4909.75093394299
5071.9194659584,5662.03283846927
3903.58069134575,4715.04554176707
3633.50042179516,4935.32521958021
8475.15246791626,3607.11065621694
3039.22298788362,6285.6475012253
4432.76738945082,5292.17192098029
4565.67840567222,5677.3774098516
4369.07049266814,5016.14004676487
3757.97442424822,5596.05135066734
3194.96612806315,2617.442676088
4401.67546225439,5012.84389007601
3915.92604566549,5896.63420081029
3879.02109016543,6892.32638828597
3853.68891329838,3647.68869190343
4017.60952826627,150.149462157195
4145.04538309173,3587.78786262437
3149.50117785917,6061.90125605678
3329.47181123778,1476.48871533502
3837.96622616457,4921.68560057369
3891.39704611545,6178.34924961176
7693.56810461886,3285.27256398007
3830.27884177199,5705.11121726046
2673.8298823431,1087.75957364931
3590.29609122069,4358.48342195155
4353.24914344467,5172.59775854773
3267.50285032409,1593.61888012519
4314.91047131112,6790.3134044664
4171.98518537705,5726.59395547993
3546.55823306173,3449.00486608965
3472.94438164031,4440.88945344925
4448.1860615797,3130.63334120817
3519.57191591325,3640.13015427503
4231.77954705017,6047.12500213305
4196.28186225401,4290.7398963148
3924.48262389472,5562.29312448412
4139.39909265473,5657.31588813389
3617.16886018697,5117.81220925137
3730.07719886905,5561.55439635898
5160.80885348384,5639.81179497992
4265.37326471484,5562.06605121383
4584.35703521671,5598.94960056413
2478.16819791019,2496.61855353071
4374.19448265757,3705.48666201459
5092.64737010865,4658.72545076143
8346.71085714164,1836.74511005911
4333.75756578464,5843.72401455628
4026.60547045485,6435.79705835975
3515.50234119645,3452.58518150781
3684.84581108302,3883.48335176542
7749.63384225646,8703.72453952612
4664.28018960601,4708.28239486757
3944.64681817176,5768.93360614599
4121.73496624635,1267.63204929775
4140.32976640419,4533.24104047254
4247.92209014329,3850.46427656258
8229.69576065193,3804.08974108253
7767.45467189118,6299.57127896112
4186.88992382005,4473.34021119348
7296.06719425655,4037.38405783981
4495.79350124009,1682.27640366755
4126.9098970151,3692.0174536746
3985.31462303011,3257.65229320635
3214.50322367768,1858.11388878817
7498.52395689219,248.070554989118
4219.21351145417,6742.68848600637
3817.25789124499,5223.63300461464
4242.17841079682,5665.95439807574
3843.42192235754,3580.28598759974
8898.16705387065,1632.37810965928
3697.12934727735,5440.90068446822
4008.09607168943,5092.80624107276
4085.29592784987,6558.04197456355
8595.55257522731,1742.91585535792
3506.00654980045,6276.61150734664
3858.22515098399,4160.87935702359
3488.77306447075,642.937519942069
4177.3684587525,5659.41874730178
4397.44121848932,6030.8708691038
3993.47951399392,370.088318637268
3443.9023797571,4696.06356950757
3958.46013178508,5216.98360577792
2715.54708813937,4812.2278271885
4269.74550500213,5108.71912991369
3501.17393197858,4259.93700548737
2604.04930199914,349.572042524561
3677.36553897055,4637.64061933404
3343.58779271352,2950.24942213252
2571.89420683888,1082.41743182395
3911.47105144062,1070.65317585978
3967.05644412651,7155.34362355724
4430.04482550112,5187.94232993006
3409.13647908659,3697.13231080205
7437.59486644782,210.447947158013
4082.63240876955,4474.76100484
2401.10379846844,1010.75255800836
3799.5636680365,6647.77947041936
3170.31124597695,6016.83334330522
882.415765408174,1690.85803957801
4010.09593304666,1966.83293404823
3669.7401408128,5797.51988974276
4465.46391364831,4242.88748172922
4428.80096318601,2534.35479049655
3735.53509505485,6005.75115286242
3319.79338309527,3259.81202640562
3883.13066760346,6498.3690642653
4382.18316541801,6426.13566156347
8425.33588592194,1739.73334101802
3981.00592286348,6159.36770020751
4368.62763738627,5433.22839877706
3014.30110137578,78.4278068098005
3703.06496020696,5400.72055557381
4324.49143360154,6426.36315768901
3413.62494907232,5837.70001863717
8604.50812238484,2098.0007303508
4168.33118424159,6347.25328288017
4331.09302631065,5319.73531772262
4065.88512391561,5358.49465297052
4096.28658673424,4671.2850974545
1316.6471350743,4026.18811933425
3550.3676471327,5465.39499779199
2542.67630888608,53.080848816736
4597.91146631024,5712.84058841064
3988.09150163928,1166.9829850933
2647.95132990787,2051.62598344312
4251.39740865814,1629.59339639764
3844.6208350937,6005.23992086283
2222.79683337267,1081.50808160466
4927.0838537359,6099.06896413639
4410.16748236234,5675.04747741342
4061.49752556825,1992.40721968545
3896.20273331283,4078.52998812965
4283.67283278159,5738.92610604745
4649.57961473737,6988.37203879019
2573.69067096377,1455.11993660596
3245.17572472205,1551.22246114156
4090.53780439773,6055.42226788658
4011.86077889193,4089.89633730175
3451.30261195273,4108.93497216501
3992.73738460375,3976.11909751801
4123.21106456821,3777.43548313186
3965.90876584506,4709.41902978478
2381.3254620495,2030.59823747474
4393.8119560336,5158.95813954121
2155.43889810082,1363.33666704128
4583.29550900036,6764.62537076641
4849.33861293303,6730.24216452082
4306.57183404466,2826.35621615666
3530.71126372363,5829.34566742463
3486.56596383499,5247.78649660535
5947.58365805316,1505.81383277075
4282.81785498303,6313.32464603041
4544.21004127305,7850.85086768204
3425.32029623034,4632.18494087354
5056.134099177,1304.06113496603
3511.92925259075,4511.07665958695
3571.08606519134,4834.67636680339
4242.3119238901,4989.25871554391
3241.71853474115,3087.7253730835
4914.46127981437,4405.48293749397
5365.48993083461,7044.12423519247
4222.57071898547,6178.80381900759
4316.6939472235,6224.78087055083
5007.01033089543,5649.1890330469
3894.09736475992,3037.25886733044
4367.31630235694,4885.88160068159
4418.5660540992,5337.92147639798
5094.37305681056,2845.56547311408
4485.41168805173,4422.53246125211
4142.70613611631,2746.16658046199
4095.35267501026,5754.8960803474
3926.85195519789,5013.86677693045
4427.78756519954,6878.11845182085
4299.76940775014,5055.58144753414
4797.58352023639,6658.69125019562
4141.99042940978,2922.57248875504
3847.57759564713,1362.25690615545
222.898268659804,1252.96943772298
3940.73664692675,4448.44799107764
4167.23787543623,6335.83027110431
3961.5755240329,4509.14421108559
4152.45692368966,3135.69153573185
3494.68476831309,4822.11672011033
3644.58418987269,4736.69826779782
4908.601526273,6617.26073832123
3855.08441552628,4251.01433681622
4125.45924451355,4051.64865690869
4398.06185632286,6241.60289818343
4770.8303612844,5898.62331191541
2008.34886389192,2756.68045344618
3871.05383265844,2048.84127018148
4554.66472894992,5364.23449016033
3909.21028471211,5678.2298860395
4204.45086673423,1594.1871975838
3925.199283038,3387.74011719547
4865.65950764226,4196.00129139432
4685.3616654157,5066.89071124723
4612.76841504419,791.325197812411
8836.00090825431,3947.24865519194
3157.41970379687,4719.08042658107
4225.84295746094,6616.18118886303
3498.91950163882,6535.48010974114
4156.70415526372,4351.43611632275
2513.84656904956,2432.17118458282
3788.53282241056,4772.72976381546
4205.36685963452,5305.64112932027
3733.4009121181,5936.87141516372
3844.89640402374,3461.3372280848
3662.3459275003,3174.50753358351
3796.4439524787,5169.4720125254
3979.4819689938,5167.59664948305
4439.84051653837,4357.63094576364
3175.82258516592,4373.20259041626
4027.91779813969,5479.20502746504
4163.06578665702,2525.09108906471
4685.75534419393,5040.00938002627
2529.15505574264,387.649312251085
3821.34792928665,5650.15525729758
3575.42688782459,2452.11916966538
2583.7532586403,3408.82473719524
3594.98889574468,6366.51941386897
7694.21969181324,4611.89592303029
4467.96863325155,6670.22801003425
2140.90747075105,1359.52896121139
4340.48812285047,3276.40676934031
3887.56508720893,976.653510492068
3919.04204530115,6754.96397397013
3938.51493190161,4285.28379499904
3693.09971915382,1675.22930946637
3744.03287810265,3949.23776629705
3817.66133197908,2400.06124817165
5108.3847939084,8437.80863150282
3293.14666712556,5454.54030347474
3955.32378797329,1665.90883971697
4226.45426879022,2017.41318786406
3666.39386310695,2919.38986870132
3985.75641648251,4248.05900146043
2797.4433124755,433.114708939472
4016.84385466619,2564.07770901053
3780.33338313855,3774.99180263091
2558.26533021265,923.174795351828
9023.01458189484,2343.79781976977
7891.45414957312,7181.94121890415
3152.24686685674,5923.68636555303
4230.86560282205,6783.66400562967
4239.47689170487,2433.59197822933
4765.10074978484,4298.69634073527
5176.91147759651,4227.48624774313
3840.46606299792,3993.680276131
2908.7395566178,2180.23613975435
4578.93256555963,5076.49544543975
3929.42854803383,4563.75934971541
3817.70311412993,4795.34871409689
4247.650611185,4927.02795382668
8924.95224147932,4232.43027134879
4795.61345993688,4846.44062276756
4196.47330485619,6769.74022789386
4572.84611170615,5502.84728745615
5302.20932370708,4408.72243157906
5185.14793921569,6191.07972982661
4067.32943733629,5167.02833202445
3876.1441326932,3472.76045128828
8583.97464617921,873.219733025987
3500.50488870732,4086.37268448735
3974.0143793732,4310.97182869903
7309.24408763375,2278.21402733229
3963.98760202657,4733.97042856756
3930.47454670838,5284.55629789288
4490.59123012697,7276.16774611453
4041.30788591503,6168.74493827449
4378.00044773878,6416.41760216343
3995.16211504219,5807.86335206042
4150.82867696097,6274.62239624152
4543.42743489788,8625.06923411311
3433.37655259991,4666.45439905636
4669.82576946545,5381.90941683609
3538.9042788583,341.388286977723
2660.96485758213,3444.00354559735
4208.40469158388,6658.35000600731
4243.44877672158,3081.24659634093
2874.56964294569,3731.5721796514
3923.69574453469,5500.23277343342
3086.03445910623,191.011484788038
4161.37386030541,3045.44259644883
4450.56321354277,1784.23261916954
3392.92221092577,2153.86625196061
3650.56777454037,5433.39880944359
3064.24055631108,4286.30710470873
8405.63758060113,2804.64661609453
4423.82831851007,6768.03527551804
4026.15968237318,6108.44620220337
4181.20653867511,3971.91380203749
4240.93806599517,6918.69648750734
2460.14994065851,5372.98674816495
4000.57771023611,2203.19612279646
3966.19638533617,4737.55074398572
4174.9257649448,4552.05217921025
4332.89836730216,2536.23015353889
4265.54018098216,3659.11170367928
4593.38958850021,3073.23327788908
3759.0737173067,5577.80810653298
3563.20569888094,7040.202675586
4668.64105590192,6211.25499960708
4290.40628296848,3673.09256687411
3325.30435024234,1593.33472139589
4495.81759653873,5206.2993221272
4352.44987213153,5586.50370193383
3940.07136952048,3862.34228058952
4192.38126514549,5401.34553563617
4079.82838477938,7229.16823057211
4060.72886645923,4413.21230864414
3762.83333215182,4755.73690266108
4500.37893115266,3628.42256091462
3965.88924032381,2781.23185222896
1916.44043362091,131.508654800647
4232.2729826375,2242.46690147158
4305.47821249461,5546.66439437248
3811.24948736173,6312.13134850944
4333.74336708311,5913.96788329774
4080.64172443654,5160.32227058396
4353.95935473953,4741.81312492526
3759.24351866929,4196.6833569157
4817.22783159722,7949.39728414622
3941.14113857954,4448.67506434793
3149.63454691078,5615.37414425991
4516.68814113148,6891.7014082236
694.980647092659,7801.12309005412
8045.81019798048,738.358031813203
4148.60202370735,4661.90785938752
4921.39523503399,6458.92766349602
8202.18221016275,5135.60046113465
4238.05764640901,5260.91446075702
1601.01680336296,1599.87037216985
4850.09005148704,6040.5893513591
4205.28049773359,6558.21280808534
4441.47858264946,5336.27318662592
3504.96097182711,882.199170014707
5172.6562570008,4276.98652924551
3811.71106413047,5540.75414651614
3969.17625983617,6009.61604986514
3489.77068700681,5610.37303519524
2334.68725782781,1173.34811948692
3926.89988944905,3257.02710171636
4472.62235632101,6852.82832491293
4040.88133443528,6839.98451949056
3437.99155058983,4674.12668474752
4411.27497219274,6371.2930268081
3553.93933758646,5401.23221042866
3880.22483025422,3328.18053210473
7581.33958373989,1558.61058810342
3945.18927867782,5102.58138593181
4281.76492787742,5617.98823542739
3187.60854971901,5923.91343882332
3469.10167946666,6083.72439275405
8995.23473302967,2949.28340930946
4809.55001862769,6534.9684548863
4516.09972479766,1490.63977776876
3261.70451714988,4577.68312745123
4020.60146031357,6557.64449062673
3726.00148641966,5165.83503450348
2858.45610500365,1190.73867600575
4863.33200849561,4069.66440491752
2616.78842583804,1000.35232737313
4354.27128993669,5633.27614420596
4058.27588271971,5885.43868515998
3625.06744924152,6382.9435347095
3737.78955961648,5434.19462302774
4594.52643736638,6630.67328405745
5001.01197073148,4612.69173661444
3990.37837670479,6675.28620455793
4206.03924811483,5592.5843604567
4025.9578541629,4005.10328790686
3914.31626256789,5188.39732218114
3951.51460144418,6385.67137393976
3915.78316846687,1582.36627901587
3781.65419420575,6373.79379276807
9078.91147207249,4990.05452912806
4421.65754601954,2727.18481963012
4399.34350167569,6210.34543796016
4013.0690503099,4999.60217786157
3686.10161406977,2460.35977281515
3715.122601029,4997.55598129744
3502.50893501927,3261.74426347935
3964.6622083028,5764.10290774785
4231.98340787803,6742.063505944
4695.28173487458,3335.05721563938
3829.42059944418,2736.67580575987
4181.66967157454,5459.31391641387
7510.31591467693,1189.26100832785
4464.76853499437,5175.26893517422
4084.89754583547,5732.73169946181
3447.0449886462,3900.07830612773
2300.79372140651,1789.51788696352
3963.35312139886,3061.46923335253
3485.62651718595,4119.4488451492
4772.99841791518,5301.88998038033
4075.99618497151,4290.7398963148
3631.624581025,6463.7016992904
3459.9460452416,796.155896210553
7760.21967963805,7876.48181592302
3822.36201405397,4456.12027676881
3657.03446188895,3099.31921838114
8250.54947930357,4127.8598589655
3073.04811291738,4173.83691050873
1170.94747685799,2589.59512061636
7918.79530260607,1712.90877811464
3797.12086972681,217.551915390574
3481.73321695801,4787.39226967642
3870.08151048265,5530.12652546918
5180.27777694987,4504.93849274981
3920.74363681434,4123.99538481804
4853.45582217819,7047.93162388092
4090.42906915638,5068.99357041512
3499.32672833588,3108.52583435396
3922.45031832379,4006.41075634585
3646.0358797824,4034.0874782957
2994.14798547531,1480.6374539256
3553.49895359573,2513.15642243401
3763.1456381784,3765.1599951681
7373.50307191587,3658.20256488761
4538.28241166051,7110.56071524548
3835.95446613332,6775.93505733475
2352.70328785877,1664.99959521149
3894.99891964196,5542.34535082919
3485.07513366606,3643.36922550488
3970.22848222357,1313.09744598613
4482.95942383667,3957.47836944682
4442.49504989503,4669.52348247493
3767.17080842546,5086.21350483979
4328.95520690697,5919.59439528003
4368.36435167467,5926.07338345022
3365.81869624588,7337.09188510327
3323.84008871348,5489.832648512
4454.43531156079,4050.17120065842
4678.51766789382,5219.93894113371
4244.87878561113,5603.49614023297
4556.27035534537,4748.06461696991
7672.04393655557,745.23466249094
3905.0429966054,5223.91716334395
4139.04879336997,5877.76639946881
3759.58472272815,1674.43360159604
3981.80763516967,4650.31443694513
4218.6937223498,4608.88392507074
4466.58921337839,6098.78480540708
2919.75529180392,3461.50785017895
3933.00703035955,6134.6458907582
3593.2170193268,3204.91251761887
3114.88252130196,1217.67688125809
2266.04035475938,2816.86544145454
4121.86781007367,4685.94760331545
2387.39753718049,3900.64662358634
2467.32338056075,1107.8779693984
3791.87529974892,4991.02033052348
3872.12774296114,1110.8333047542
4782.0686664932,6961.66111823576
4726.41684633927,6191.25014049314
3727.85584781434,4680.15068066663
4300.49767690663,5302.5720459017
3651.52834320183,3510.44002565036
4323.58288182257,4206.51516437851
4532.01513681535,5660.44163415622
4375.96633708153,5843.21235970144
3545.97714604899,4369.0539575395
4011.15744525748,6097.5344224271
4254.75276314264,5442.37814071849
3975.6506947142,6650.28023637932
3801.90081900891,5546.77814243525
913.49846308676,784.334871928809
3975.2558620419,3055.10399324511
4069.08732791546,5149.52423887047
4700.13180204618,3039.41838910209
4622.29149919375,4791.14341861636
8262.09043342518,6171.2452813792
3238.47888052561,849.236757415626
3420.60035359025,6883.11956088552
4971.63057664235,5449.76626768036
4472.07104870797,4791.14341861636
3532.57000762196,5423.68075004355
4345.48241733663,3546.35777360523
3730.83571563637,4868.20709686108
4891.13743876614,6288.54617397734
4811.78766128189,5143.21608422206
4521.7195220188,5293.99062141887
3784.11675173535,5430.72763281709
4052.17820211077,5760.86341366275
4300.71162975901,6784.68731533936
3314.18589216847,3825.6287190505
3812.67389263608,6045.81753369406
4425.28718202708,5540.29915426506
4475.94803029269,6842.42819999151
4245.90204932634,6791.56378744638
3999.04717133381,6187.32858088667
3602.43846242806,3263.903785251
3373.39991393866,3814.66027667048
3997.31144894085,5308.70978988359
4639.98261366092,6756.66892634594
4295.35145999665,5832.75557217626
3456.44891672106,5258.9253496519
3133.0891393723,4501.41526279066
3184.55283663242,3531.18361288943
4385.87476849183,6053.48981938523
5527.58975557683,4148.60344620458
3813.63839237617,4592.6868775005
2545.32520233425,999.670367565564
3766.5234433272,5318.54202020165
4367.15365519871,6689.60746623057
3759.54267353967,3584.20754720621
2987.17742047688,3296.52516508939
4211.66267687414,4955.55757481969
4410.10152748351,5245.79738550023
4048.64326873794,5008.4677610737
2168.22739228917,4688.50503187918
4394.92126650009,1710.01031679023
8611.70025409919,1569.12446108761
7914.96582012791,2569.36318823213
3946.65776906392,6361.17706061599
4440.48357529385,6647.94988108589
4161.30514031967,3550.73347975229
4069.02794931664,2846.19045317645
3644.61489752314,3249.75272281727
4877.49473592973,3178.20159706444
3009.77941018145,3377.11270757614
3937.66284161998,5632.19617189251
4417.83929049263,5299.33255181661
3893.12344249754,1116.68689000678
4314.64136216966,2726.16193277568
3551.75018257608,5455.05153547433
3823.07152145979,5827.41321892327
1812.41474022108,3067.60697733442
4450.02475265332,4285.22713239528
4386.97619694537,3715.43221754017
4036.72378208574,5367.70148037097
4390.12952420998,4984.42801714577
4891.17040813,6223.58757302986
3642.383360179,3739.35821340534
3475.73956274849,2476.27266165608
4762.85267379314,6433.0692191295
4641.47646441184,5876.23185775953
8377.91554677902,2411.99591480235
4295.28788476618,7051.45527669532
4123.61693983912,5609.40681094456
4612.05241745604,4915.32078332152
4140.728351473,4636.27691114654
3725.53182451822,2023.15323648149
3481.23128239387,2194.50095025085
4921.62796088958,4662.8740836382
4145.169005933,2753.61158145524
4049.65037086616,5270.63252015706
3460.78712662311,3495.83418239316
3623.34147345883,4167.30125973478
7805.03967551968,7985.48544276763
3600.81585065423,5823.94665156788
4058.83847632108,4946.23699935647
4064.94465492981,5934.65480793306
6809.04477177967,2896.88445505505
3633.45235613264,3702.75839992908
4238.91505886675,5149.694649537
4555.66321226825,5100.08061997185
4010.34346504666,2846.75877063505
2756.96010862816,326.100536769872
4451.45719506139,4002.48919673938
4173.99641592162,4944.36163631412
7603.21757599844,431.523425341069
3696.6954291112,6031.38252395865
4351.65548050249,3015.89008860138
3552.99803117996,1435.11518320583
4736.99161464727,6209.49296177226
3604.63380938843,3149.16053264421
4094.31815915523,2566.00994608426
3647.4583146387,2111.07203189871
3437.45697874042,5030.06382450068
4206.51391028233,4745.22302967689
2818.6499892492,5616.73785244741
2412.82415478917,1195.2283416432
3965.99869397011,3568.63547969834
6710.01119635571,2325.61187252204
4266.14517999297,6460.29179453877
3629.38794213368,6261.15318790154
4602.51643429315,6262.11941215221
4477.97283538352,4552.2796753358
3665.58426279926,6759.73800976451
3909.6843630902,1562.24777755297
8720.64826421768,3559.65614842344
3150.90389615954,6033.76954185584
3560.96027872876,1371.97507126931
3721.4901550245,5814.2852547716
4152.8179681459,4419.69087395909
2989.48416536833,3009.1271531295
8600.33508711729,2280.65791926087
3791.25650795014,5168.3924630672
3114.26417924451,474.488214640214
4084.86513127853,4252.71928919204
3753.58467745984,3913.77501059326
3732.85609877711,6022.00528589167
3552.50315544866,6868.9116244204
4116.77819227245,4102.28557332828
4542.06032651962,6462.96254831001
4012.04639339983,6123.33620418986
4498.52864961654,3727.2531361081
8917.55112420641,1695.97289670545
3946.0850626645,3418.65675608568
4672.37302375297,5363.72325816074
3154.24412991589,3033.9058366102
4384.11561375898,3251.57142325585
8783.85319632954,5416.57678181099
3575.33750270924,4950.95394969184
3664.86023024955,3465.65648305572
5161.50724678219,7906.20515729225
4260.77402912824,5627.87712834921
4549.69239259926,6232.45315624199
3704.15665200422,4783.12988873688
4323.9186299468,3847.79309993609
3334.16793154158,1743.99572195756
4229.91361833798,5695.05233652736
2995.67842686324,1922.50417227705
3749.09895656008,2412.33694756304
3858.12961617064,3740.09694153047
3349.15885431642,5939.7696650605
3207.3843376917,1483.42216718724
4243.02883128603,1868.51401370959
2497.67383242329,612.418840700846
4342.48698481031,5231.02113157651
3846.53469301204,2830.3344383669
4210.71226216572,2087.14582460592
4172.70197476674,5749.32665382412
9042.63454383748,3522.60197697898
3962.6984813125,3494.86795814248
8620.09106533973,3035.78119965254
4834.4619108476,4899.18039835504
3767.42080299899,8576.4780914024
4193.57993798944,1393.62800872768
2615.84364125284,2766.22831360732
3935.02656443988,4848.31598580991
3870.03366258144,6036.09947429402
3545.59954760024,2410.91615391652
3620.83364647971,5591.61855906128
4621.69532932131,5835.36966334374
3714.48174014048,3479.7508828857
3813.25154576029,6011.88931969956
3609.55959712595,3204.45794822304
3686.3373834836,4950.61312835878
3823.27690596257,6784.8577260059
4026.22633188001,2979.29048655275
4532.75616850982,3541.86789654015
4344.31769964538,3920.02650263791
3607.12623241956,4510.2808460028
3680.38150278055,4192.59138664269
3193.14853781857,2073.44933156802
3329.26560094842,5420.89582535428
3484.65644384426,1911.59260392841
5835.48043777291,6174.99643031914
2970.58700360318,2442.91255369255
4651.4111430293,5696.81395150693
3100.23305211142,5058.53678288994
2826.15287143578,3793.12087584725
8695.38249648243,2943.42961262926
4432.13337707607,4186.05573586874
6609.62023675655,4311.14223936556
4279.40924574557,4956.6942097369
4726.98547263955,4654.12182563358
4469.42090268376,5608.83849348595
4452.15307294685,6287.40953906013
3972.62006453846,5403.78963899238
3508.57176496481,3322.49735751869
3975.57099300834,4782.10700188244
3550.18887407065,4433.72839975768
3998.14551591809,6058.71842457544
3957.22272134328,2990.94099445415
4799.67386395971,4936.85976128949
3308.76382830549,2742.47251698106
4774.49576762189,4228.3953865348
4474.31948368195,5221.24598671745
4373.61933603511,6637.20893483141
2995.97662470758,487.559516188125
3973.36826331697,3505.43870515806
4173.84945401871,4979.02900128902
1449.34469196255,206.697049288376
3817.40673000234,4126.38240271523
4384.04447128345,3172.51842247839
3483.47659330872,5413.50769839242
3381.24389803567,4336.60319979526
3401.78688473059,7785.94850648307
3865.52779606576,2712.23815503986
4642.39550065617,4843.48528741177
4901.52317417552,4592.00481197912
4033.96737841932,5295.86598446122
3278.81262318158,2372.49785142931
2940.97192434603,6607.48559346217
3919.4108108684,5632.19617189251
4293.07025787045,6193.4667477238
3870.56072829641,5396.11735330121
4394.82324939325,3300.78754602893
4822.05336582607,6936.93930878645
3814.85527504055,5032.0529356058
4343.75087445227,5083.03109621371
7940.14912601162,1697.45045866954
3744.1608091561,4688.56211733819
3452.06952578552,2327.88493092883
4101.16461645813,1330.43112847358
3731.23940527185,6330.54458045509
3185.49929948943,5082.80360008816
4153.31526215802,5089.96465377974
4759.88703125018,2238.31826859481
4323.90891376877,4113.08360504178
4056.0915719901,5388.38798215104
4294.39351641374,5324.7935122463
4056.27387011773,5456.75648785015
4307.70980213644,5608.83849348595
7598.09485095152,1633.23058584719
3823.27209045053,1979.73382492961
3303.16266139862,7063.56035399256
4885.79569726431,6641.81213710401
3259.28653035121,4751.81576590986
3133.49256068518,4115.18646420966
3976.8372201183,6804.46467832776
8255.73881575582,4508.57589362698
2113.33464742096,3981.461450771
3627.13681378982,4764.20500193639
4292.10987324098,3344.49132773774
4392.64437067879,4950.49938029601
4655.3918346589,5549.39223360274
3634.01838331245,4301.76500129858
3194.51301026339,3809.77291566858
4025.11363048966,5132.47471511233
4214.9138850945,2049.46625024385
4004.44069843788,6364.81446149316
3625.99687255825,1707.96433165372
4372.13705923173,5987.73582770885
4351.83927415123,5280.63516114166
4347.58523948032,2913.70669411528
4923.55002068515,5073.82426881326
4234.10167703337,5253.07176439932
3716.32280000976,3890.07608799839
3642.01093218133,4660.94163513684
4200.52792685995,4000.04551623843
3698.67923752368,5695.16566173488
3511.1549025491,6182.15706115546
4382.89342262523,5439.25239469617
3370.47936753184,5215.61947473516
3195.21316191773,1740.52894317454
5460.00217676051,7191.43178217865
8480.94281844074,4861.38728735782
4214.6471333322,5402.5392560124
4447.03352282156,3610.12265417649
3598.87972507136,5926.18670865774
3856.17863662902,5560.8723308376
3817.99974200379,4557.79201640006
3554.76709740696,4172.01821007015
2422.23363788378,730.742567296517
4868.83834680014,6843.90565624179
3785.03720721667,3766.58078881461
3679.02415534818,5576.95563034507
4805.85489699349,3114.72045236723
3626.88510303579,5377.41953977101
3710.06560846037,5723.24071333206
3961.82279414494,5378.95408148029
4664.40765938846,1666.30674650904
3705.88808583919,6443.24227078063
3849.38664840276,305.754777037509
4334.37449831446,5241.76207783099
4266.22333298466,6472.1127131067
3388.45645894883,2035.31518781011
4202.823635461,4186.16948393151
4469.80855255919,5812.92112372885
4545.86413384099,5773.08223902275
4084.21963129696,5838.89331615814
3742.04364479112,7301.11705168938
3640.57365868116,5469.25947193945
3823.28430550455,2144.37526583085
3145.94744574164,4969.19719382621
4327.60566629409,586.333111636409
4598.83756485547,2656.37242200243
4041.56995036902,6143.45481136658
4212.64371557874,7134.8275324437
3897.70125664731,5093.31747307235
3713.02144563394,5506.71176160361
2844.59390470255,4544.43655612285
3970.91705280129,5301.4354109845
3389.88772464273,2149.94490378176
3698.64647429591,5330.64709749888
3882.00023923338,5425.44236502312
3984.86191738972,5942.61125235352
3981.71294558615,5921.52684378138
1734.14108042176,1803.32812806419
4147.07401733103,5168.84703246304
3670.56183948444,6062.81039484845
4256.60347428329,4405.82418168228
4048.73008359191,5288.9895123542
3666.5766724295,6039.90728583772
3200.28884188525,742.847697450656
2454.95602859154,1023.93750190523
4178.70312947648,6709.83982147006
4274.99945063954,6334.97779491641
4724.78347629842,4192.93220797576
4213.2514242202,7099.64851261396
3739.05024263371,5799.96357024371
2260.37423895632,115.709434737123
3541.85092415443,3435.08108835383
4980.87660654696,6702.28128384166
4608.17336097608,2423.30560137069
4062.03222676884,5138.27163776115
6701.67899819152,962.445574026947
3791.33324918346,4846.72478149686
4269.67027220961,3952.59100844492
4388.59921882763,3200.87742137725
4219.08598370001,5481.25122402917
7821.9570097962,2679.44615310731
4087.76739731543,5514.38404729478
7202.60452903846,2830.39131239828
3187.25004866733,734.436630777448
3793.54546240847,4459.53018152044
3953.5061656343,6799.17941053379
4410.5833496381,1899.82834796424
4345.35762018707,4983.91636229092
4630.87907206221,4935.0410608509
3493.78173237777,6270.70083663505
3591.98380336157,6060.6508730768
4363.31299864908,6729.90134318776
3998.42104738228,4421.85081858599
2764.01318582349,7089.24838769255
4184.38560463913,4706.69119055453
3105.35558684904,5536.37801751384
4481.70762096394,4497.77786191349
4693.75311753045,6341.34261216858
4312.07548748804,2567.14658100147
4558.24571130329,5791.04090157256
4360.0934971948,3475.0337211227
3484.53581038344,4761.19300397684
5161.01722419145,5482.44452155014
3788.48709073445,5272.50830605466
3851.28877863056,6205.85598375034
4439.79193682148,3663.31742201506
4863.45229724678,6324.74808066152
2972.75405127789,842.587411435806
4364.95064956405,3309.53980403355
4148.06014274092,6012.62804782469
3199.27038435308,6251.20763237595
5338.66416827008,8072.32384301615
3965.14259492081,4622.40979601448
3654.50549700518,5039.1002412346
619.326322408085,5153.2183023514
3786.420954596,3584.60545399829
4274.46155732514,3491.40139078709
4539.60642308596,3737.76700909229
3857.88153449508,4180.82713067852
3921.52992858941,7286.62495649496
3141.72332834455,5053.64899903278
3960.43527700065,5636.45855283205
3646.34447687354,1684.72018988231
3437.28123938558,2537.53741055026
8388.39625152139,449.141266557819
3728.1634639085,6508.20087172811
4180.36853469208,7561.57728125218
253.09597499742,5954.43217092145
1961.30114945547,1381.63646806559
4368.28042244584,6009.16105761405
4202.55777611721,4768.18322414662
5052.18456618166,4713.62474812056
4231.8941343045,5226.30375838588
8168.13336839394,293.933779184219
1775.5286454557,1655.73599949346
3454.55360648158,5715.73883830742
4116.14941016407,4128.20110315382
4117.21121916795,3740.66525898908
9071.31306166018,2132.49747323154
3712.3891218228,5972.90248832611
3071.69115259345,2669.38706094658
1900.90067552722,1633.23058584719
5074.85935689757,7883.6991093631
2643.62618602825,574.62578256053
4213.51493759159,8994.36225699874
2533.20810154107,2273.04250760109
4476.11522028409,5484.54738071802
8422.9571863318,2036.79285548801
4994.58091568505,5341.55887727515
3958.97113324644,3216.1651187282
4199.67469962657,3880.9259232017
3852.99240648173,4387.69468561069
3987.68308321062,5616.28328305158
4237.64239456219,6068.32315876797
4473.98741466888,5344.45712717193
4692.18658015367,7471.21480533401
3580.39399186025,2055.54733162197
4255.81757217669,4118.59636896129
3808.43985462427,2955.64843798926
3676.45964677105,4230.38449763992
3869.3916124002,175.269099113219
4241.41415968871,6438.97988984109
4716.22775377517,6948.64690214686
4381.49742670508,3480.09170421876
4612.84344814953,4170.88157515294
3760.22093342303,3578.80853134947
4220.84394784494,4819.50220608759
3872.06455563838,5344.91169656776
4465.22510097652,2535.77558414306
3875.5384687932,4001.97754188453
4058.07088306897,4211.40252538041
3051.3232592196,1379.5905886429
4760.25035257566,5021.88030680993
4983.12360795364,5997.79470844195
3705.65194524624,4210.83420792181
3740.37464655044,4384.73935025489
4685.62231805409,5105.99129068344
3863.41067449006,4240.55754929104
4225.59027986721,5131.56557632066
4526.09249595285,6440.74150482066
3464.2014635657,3160.69750391046
3976.85875860705,2480.98982341908
4786.46400158358,6409.14322326434
4406.1800027643,4807.11297006106
3967.45953434292,5130.37185594444
4407.03838153693,5600.88204906549
4789.2529985532,6310.48305873739
8428.13563076078,2495.36817055073
2179.41980109778,7048.329530673
4256.81945021326,313.427062728675
3611.40483833419,1680.85561002104
4107.33297081936,6742.91598213191
8051.69100736303,2411.08677601068
4184.46685364943,5488.92350972033
3850.20123344189,4506.53011991811
9001.29139661635,8720.71740068051
4298.49459536338,5425.15820629382
1605.70049832478,760.23825396949
3747.73979466853,2654.83809172077
3913.35847262654,4457.71148108185
4346.30807794337,6725.18439285239
4280.63502551807,3468.04350095291
3540.71387815687,5062.23084637087
3435.44085956284,3667.46605489182
4341.01721666973,4677.08202010332
4612.32595694921,6200.39988243458
5188.39719050338,6874.59479900645
3140.81704086897,4832.91475182382
4027.12251445774,4295.911416046
3061.93175400242,3561.47484886202
4250.60959540796,4317.8487236613
3863.20083631604,5829.68648875769
4045.51205362548,6424.6582053132
4531.09198621726,5104.17259024486
4299.3826721396,6751.49740661474
7324.78284533156,3121.31297717257
4449.51721161959,6682.21933926871
3584.38926190064,6689.03914877197
4163.39017392973,657.429615136493
4036.00795620583,7447.91378953121
3394.82409288507,4068.7548432706
4632.46011007071,3353.81169177334
4731.72928303022,6002.45499617356
3924.73291285365,558.428734990292
3395.24601397301,1518.08953216214
3692.22405592614,4190.77268620411
3373.40927979632,3902.80614535799
4530.96708042737,3274.87243905865
3791.01258465392,1252.17383556646
3543.347835101,4835.92674978337
4370.70071442473,4452.99453074648
4374.56417260962,5136.45293732256
3847.38404526975,4482.0924691981
2425.52018990295,2494.97026375865
4391.41888785736,6913.52454492088
4110.0189707077,3254.98132800748
4411.11825646653,3018.4475171651
4172.871828285,4392.29831073854
4428.21740363854,4984.54176520854
4065.04279990301,5359.68795049149
4207.9630701343,4267.89344990784
3552.28132255834,2755.31653383106
3792.45092859637,5520.06722188083
4019.2022213109,6207.27677739685
4133.26892537398,5355.99388701056
4488.25338638906,5043.47637023691
3171.09023122918,255.856509457695
4406.55819409908,4694.24529192424
3771.11587295749,2654.89496575216
4161.8588029315,6133.90673977781
4213.84675706405,5360.2562679501
8908.26674686784,3814.31945533741
2987.07523452191,2173.30279361594
3973.86365430884,3094.31789788884
7627.44069385727,3383.76189498524
3653.70528779413,3352.39089812683
4431.18144623564,3666.49983064114
4583.35622000507,8455.25648490829
4217.95277133818,5787.00601675857
4388.72712625643,4844.79233299551
4640.03354321706,5920.61728213447
3520.50642297961,6075.19963087498
4863.21500428372,4203.67357708549
4172.14207621076,5899.13496677025
4429.32817096754,5604.57611254642
3694.49537535405,6759.28344036868
3911.16881171001,4933.79110072618
3476.26030819864,5805.47633416323
4374.11209738947,4394.91240190602
3069.7845807543,1988.71315620451
3505.25182885478,4876.78852134391
3845.2948408211,6975.64198143059
6598.22319733276,1223.81473095379
3621.37166529101,6146.35306126336
3997.31653385078,2088.56661825244
3691.16026480977,7152.04788972363
4523.75706911925,6256.09499337785
3718.32505968165,3589.15199366713
4274.58968789045,5913.11540710983
4404.52310983101,4737.09617458989
3549.08080739025,6045.81753369406
4276.04130585923,6658.52083952909
2961.39811174434,2918.70780317995
4385.09362298279,3366.59883459195
4287.1491102806,6522.01090140116
3985.05765037474,7449.27792057396
3964.21052314115,4543.29992120564
4375.24321138401,4732.66338298382
3947.74686592346,4495.05002268324
4139.70361252357,4854.16957106249
3732.40363965729,1368.39475585115
3850.93428690696,6457.50686984951
3734.84026966047,5183.33912765746
2048.25824717331,4709.07820845172
3896.53831519788,5018.18624332899
4441.48625000028,4339.21729096274
4580.68233702081,4286.64792604179
4153.47471760111,4065.45868658174
4408.13405548547,6647.4386490863
4346.23846920942,4363.93910041205
4104.24349244697,6003.70537915354
2016.69313808265,316.666477528413
4231.60243895669,3605.5194519039
3236.23795123367,5159.29938372953
2306.10940760243,924.425178331809
3049.436030478,4642.30090706565
3908.89932694575,4462.25802075069
4786.54179442935,4695.32484138243
3920.80478843963,7049.12534425715
5051.74242722848,2992.41866213205
3159.80180596554,498.982686534701
3851.95172998904,5732.73169946181
4433.99185263456,3185.305565297
4490.58930265939,4975.61909653739
4202.28454411954,7345.33248825304
4945.99272728089,5754.8960803474
4613.50210897265,5617.30616990601
4514.61807593951,6680.68522041468
3814.18486282481,3193.1482616547
4137.79611308902,4852.52170414568
3002.50571210719,2135.85050395178
3856.74928989262,6181.36124757132
3785.06644823704,5572.35242807247
4324.88945189376,4038.52069275702
4534.48828009756,5698.17808254968
4301.8741537288,7102.20594117769
4677.36218166831,4467.37287787813
7462.02388120889,3539.1400573099
4205.77078303927,5385.54639485801
4383.06921978898,3677.58202108394
4756.7755410522,3657.8613206993
3569.09361497777,5785.98312990413
3404.36951016579,4896.16840039549
4189.70627399261,5969.72007970003
6579.91879476915,3592.50481295974
3481.42859864452,4835.18802165824
3600.01927680183,5720.00121924696
4326.4716291483,4594.22141920978
3779.81723739034,5227.32706809558
7151.24321957962,586.560396334326
2941.20469514471,1110.60591434247
4484.47291636461,5550.87011270826
4538.63547499095,4997.38557063091
3363.0622324327,4859.79608304478
3130.77028211775,5489.94639657477
4078.29837383104,5250.74140910589
4404.7071102816,3603.1324340067
4664.72292553027,3306.98237546982
4168.09974452573,4520.79471898699
4469.84329615682,7036.50861210507
4616.22607010533,3255.43589740331
2546.31203624821,3824.71958025883
4352.00134358101,4269.99630907572
4226.38272874086,4614.51043705303
3892.47598207238,4891.73560878942
4147.59125533092,5041.03226688071
3761.7396814576,5670.44385228557
3100.77917955193,2692.63120271799
4611.59146789062,5801.66852261952
4617.06898223416,3590.51570185463
4087.59962347559,2139.99934825617
4118.21215717942,2070.26671151431
3792.05839503338,5854.35163560324
4550.33929001323,800.475098324568
4757.95466327701,5328.77173445654
4450.91138789377,6416.41760216343
4231.71026618882,5048.93204869742
4748.90883708891,6283.31756878713
3420.67767999504,5397.53814694772
4060.88742506759,6752.12238667711
4118.84319089343,4499.19865556001
3516.22057189325,2668.07980393521
3994.99065524325,5502.10855933101
4708.22330588883,4746.70090878241
3796.60944960877,6347.02578675463
4211.07789963017,6160.22017639542
1626.91683813184,2256.61796390531
2909.8577706845,3397.85629481521
4477.81947544585,4966.98058659555
3753.06346537003,3847.05437181095
4955.037166,2302.367519323
4122.69655398107,4875.936045156
3353.04467173178,4366.43986637202
3140.65330998923,3114.77732639862
7944.83542124025,7701.21254254719
4331.88147625835,4687.14132369168
4097.8907772682,5452.9490991617
4067.59582845896,4637.18604993821
4233.13845700886,5913.85455809022
4291.92936688476,5731.14049514876
4378.83361087319,6769.91106141564
4683.55134809336,6925.17505282228
4129.78062533293,7147.67133786607
4519.64786749853,2709.16928304892
3315.96716254106,2926.7211216318
4339.04155983645,3417.690531835
8401.65235987168,1404.19875574325
4224.4157075622,4141.27240470173
3369.14047069076,6227.22455105178
3714.91394408928,5400.37973424075
4538.91089689181,6025.24477997677
3604.58061308386,4272.72414830598
4567.47883331809,6629.08165688916
3712.32795153749,5798.5427765972
3618.69437423596,5697.15477283999
3995.19150249549,4585.86706799724
4487.17284466249,5095.70449096954
2988.41307169453,2417.33826805533
3697.7627105533,5462.38299983244
4576.33030748144,5933.006518161
3846.59039603316,1405.73319173872
4818.12718822774,5426.1244305445
3701.89856729042,6189.26102938802
3945.78830274502,5027.9609653328
4388.31128376682,4413.61021543622
3491.00402102652,4878.26640044943
4867.75035642951,6048.82995450887
3897.46587077545,2167.50587096712
3896.331661182,6232.45315624199
4208.65971229702,4852.6350293532
3869.71069086284,5546.09607691388
4134.47128155329,8503.67679409722
3874.49226419137,3330.11276917847
8583.36195686769,1091.39676309886
4093.06613374875,4679.07113120844
3928.20190900778,3124.83662998697
4360.74748491288,6224.66712248806
3689.89760365158,4069.09608745891
1492.85989111851,2924.61826246391
4769.95915590014,6502.00604228722
3987.05694555236,3895.13385966682
3841.30952160539,4976.52823532906
4502.19631130245,4446.5726280353
4725.53859243829,4570.29500048937
3564.85799160257,1317.01879416498
1526.17972321012,333.943312412928
3621.26598486325,4849.96427558196
4247.34394824209,4148.77427972636
7414.20320524513,1645.22212650928
3969.74777654513,5749.72413776094
3784.27507543967,4672.64922849725
4864.86183411157,5059.21842555606
4244.95728247413,4346.26459659154
4119.34038918948,5950.79519289954
4140.63569102292,5438.11575977896
4212.5562811491,6723.82026180964
3998.01749243406,5428.90893237851
4194.81132169508,4437.13830450931
4238.166701019,4079.89411917241
3312.0199482698,2806.69238980341
4033.53160417841,3578.80853134947
3506.95745794766,5320.24697257747
4238.04605524426,5630.775378246
3753.29834919792,4107.74167464404
4096.34647961799,5258.6411909226
3244.2316462457,3387.62658056033
3744.78898627959,3142.96591463094
4007.20574050623,4747.09881557449
3338.38171292772,718.125888001346
3805.19173578229,5493.52671199293
4250.64346866491,4445.83347705491
2102.45438704874,1653.2922132787
3393.44986387275,6215.97194994245
4844.10448718143,4654.23557369635
3002.40676247151,1978.42656791824
2703.38897871124,6216.42651933829
2858.00271445828,6117.02804954145
3732.02559942819,4886.62075166197
4172.44935258207,4577.68312745123
7664.0999337445,4283.80633874877
3823.33965075895,4746.9279820527
3837.70616422256,6688.1300099803
3822.46725868798,1847.14523498052
2727.096848582,636.23135278777
4021.3958184204,146.796391794271
4442.35075260436,6214.15324950387
4378.17728475186,5316.95039303336
3372.74750562915,5972.56166699305
4123.4244025403,5482.55826961291
4576.52258953187,4176.56474973899
4270.13915584321,7013.20759630227
2730.42310061912,3537.03719814201
3867.65089783119,3994.07818292307
4791.79523806539,6092.70372402896
5058.6889503869,6039.39563098288
3372.35663296977,1496.43659470377
5179.79617429418,6317.98493376202
3073.84228585402,4586.60579612238
3701.81872715366,2611.81637553334
3799.07574975834,3982.0297682296
4564.36640763707,5277.16817093102
2618.84740344823,2955.36427925996
3664.67640823955,5688.2325270241
3025.40050794101,998.988407758001
4383.38460015062,6650.79146837891
3587.39946707661,4945.8390925644
3850.60993388675,3397.23110332522
4016.62327221345,987.792574966248
3660.8414348453,6333.55700126989
4226.28058732404,3519.07832416457
4234.02487924692,4919.52607880204
4240.56447414794,4994.43023527511
4046.92143462949,5079.56452885832
3875.31832242416,3019.64102611369
4499.14953415708,6469.27112581368
3773.76370999961,5137.70332030254
4574.94751261003,4994.99855273372
3979.37761380068,5006.87655676066
3986.67902937282,6384.64848708532
4174.4063028627,177.428700170227
3903.73493778697,6190.28391624246
4158.01600456677,5775.35550885717
3739.18689495053,2251.50310677787
2760.75503353819,2213.0281416869
3714.49983405857,6344.46835819091
4363.72155333111,7557.20072939462
4271.75099850304,5796.89448682514
3966.1785771235,4271.18960659669
7408.38045196768,7487.41185290425
4401.53396744763,5537.0029975762
4875.85918974235,6162.72051950013
4705.98151547584,4103.08138691243
3092.88392513468,5984.26883749821
8017.24240307031,3330.45380193915
4108.66157625552,4489.53725876372
2546.74654111077,3439.7980386892
8036.76023764685,181.179598039864
4309.40028041438,6974.56200911714
4501.17808910755,6090.60128771632
4488.49114875091,6163.91423987635
3817.87176544146,4341.88846758924
4255.72528327699,6378.11283631136
4493.58995912795,3391.1500219471
3545.98226431469,5619.1248703446
3556.07871246435,4593.88017502147
4102.11259155607,5118.43718931374
4460.78222742782,6384.25058029324
5362.43226679969,4231.6348806199
4523.53304114631,5269.43922263609
1498.2305416485,5907.4893179828
8343.08471447683,427.772540685659
3773.85693761309,4885.25662061922
4117.763933699,6560.31524439797
4327.99169652804,2873.29928052295
4473.84544386846,5606.16731685946
3830.19524865542,3378.59037525403
3610.52099570991,6381.52274106299
3779.12894441488,2303.39061760506
4155.80757989942,3858.36405837929
3880.99488064936,5133.44093936301
4337.39935807638,1972.45923460289
3493.48737124061,4717.03465287219
4481.78102824511,4883.77916436895
4136.06127193535,6623.11432357381
3414.41308178319,1336.11430305963
3624.25790887157,4736.18703579822
4342.1896038705,6562.30435550309
4328.92166778864,5950.34020064845
3799.48189042804,3759.30598706026
4785.44812326319,4972.4366879113
2994.04740417514,1026.32441408861
4576.10693559557,5035.8607471495
4024.80213790991,502.619928841153
3982.44394215577,5205.78766727235
2084.1437287759,5523.53378923622
4201.2574496697,4469.53239964978
3910.67007695361,5722.04741581109
4164.37333106866,2129.08756847991
4438.14673172784,5972.10709759722
4027.62656987105,6839.07495784365
7739.41132802282,6441.93480234163
4215.7565811658,5326.83928595518
4663.93469607578,5037.22487819226
3434.76851032854,6096.11362878059
3473.72327759217,5199.19535389464
4481.67749850494,7148.18299272092
5396.77100484589,4810.69328547922
4227.93525946372,5523.87503342453
4750.27018090074,4665.94274420151
2085.91620473773,1341.45644488499
3220.82555444983,2107.26422035501
3986.94057296163,3904.45443513004
4470.65703546897,6002.51208163258
4804.35095614359,6587.87864114031
4383.20526753658,3902.863230817
4420.31313950783,1869.25295326235
3407.91801282843,4529.2628182623
2419.02190474925,2019.85707979264
4724.0613614145,4564.72557396609
4003.31561801758,6504.79096697648
3035.90606410526,3439.5138799599
4154.85131289694,5936.64391903817
4203.99351333754,6440.85525288344
4463.14107040284,4371.89554483252
3996.99165107372,5920.16271273863
4129.61722973283,1887.77993327077
4198.70269044173,4553.07506606469
4038.59323688404,4823.8783350899
4367.51670045829,5216.98360577792
3826.48561623244,6493.08337361607
3097.67158240405,1365.78045325604
3823.82601532868,6164.76671606426
4333.0103251594,6322.13356663879
4508.53145541663,6337.87604481319
3870.76526656725,4937.14392001879
3730.89231787161,5052.73986024112
4206.91087443727,4775.51468850473
4378.14393481461,5606.33772752599
3967.49637859245,2932.85886561368
3786.03460711951,1227.05411932507
4283.95349167303,6048.7162064461
4276.09871127774,6791.05213259154
4846.29922382658,5025.29021156156
4282.4329122689,5079.28037012901
3487.20531988778,4450.83500897483
4042.48065398677,5212.77788744214
4111.91414435777,6267.12052121689
3654.55038943404,4920.83312438578
8515.79680191129,8807.04499178468
4132.46116156113,4043.805960551
4178.26633025138,5008.63817174023
3837.23077557916,979.722382483009
3365.36411620079,8226.11037817252
2988.45254871517,1002.56882888997
4087.94756613235,6964.38895746601
1496.48141048553,1322.53145237069
3404.74349367014,4920.66271371925
4351.58182002822,7345.50247606432
3498.81026036044,4468.16869146228
2904.84982072646,4921.34477924063
4429.95369800263,5373.0434107687
4674.05826337482,6321.73565984671
4167.1591202675,2728.03729581802
3617.42046481184,833.38068974917
4085.00124218719,4340.92224333856
2149.95815112602,2891.7695979276
2909.98047939771,3054.76296048442
4738.49175541756,5351.33359927895
4833.65704163392,3572.72744997135
4196.45541298244,6622.20518478214
4205.6822368814,6318.04159636578
4345.27422009501,6516.38438941887
4095.04637435398,4306.08446769713
3899.72687948691,4338.13731864929
4509.03147451149,5714.14763399438
3402.76946359164,3962.08199457467
3600.52715609707,4163.60719625385
4271.87620033598,6413.86017359971
3488.10725250576,6444.03766150952
1041.7190262998,1825.09460215771
4965.87817365919,5140.60157019933
3787.13928043756,6981.15432249486
4700.74922828153,6504.05223885135
4188.63343739744,6721.94489876729
3756.0348803614,5347.07121833941
4845.13210101716,6406.64245730438
4638.60838620909,6552.92711743611
3558.48970872329,5973.30039511819
7425.34412191265,4879.11887663734
3808.10550004863,4451.68748516274
3900.72520110816,5986.25794860333
4980.85076910456,6066.78861705868
4443.97162797967,2289.40996583786
4711.56509992376,3149.04699600906
4183.34612719147,6154.08200955828
5255.77410974641,5067.85693549791
3740.65560527961,5768.4786138949
3703.62498240103,1391.8094140029
4004.48717839094,6385.33055260669
4321.32634476682,2681.66254891034
3926.46300168414,6152.09289845317
8992.82183416233,1937.50771089869
3478.13673650447,6466.48620112441
3261.53141116865,3224.0649005449
1893.42881492121,3221.90516734563
3867.51043289444,5688.8008444827
3933.04857435996,4210.43672398499
3327.75936503474,6388.45629862902
3870.82567054866,5624.52388620135
2582.80378461968,4724.82068662613
4002.92765626603,6392.6620169648
3414.94065275297,3057.88870650675
4564.57266313926,4217.76776548784
4212.00860114321,5160.32227058396
2767.74644375128,1213.75553307924
2839.77218702701,2533.55918834002
4920.31868264387,6262.51731894429
2708.73609557937,3737.76700909229
3991.69898740963,6532.07020498951
3640.14571464855,5678.40029670603
3029.6897754065,1014.95806491651
8436.3174322527,5683.97014608456
7745.07443093708,152.877393887034
4255.22350770594,4384.91018377667
3505.79886264971,5105.25213970305
3879.34381738999,1665.11323756044
5230.73846342769,4351.2086201972
4488.07376250224,4905.716049129
8702.76080406282,5301.15125225519
2927.97494583244,4296.87764029668
3592.78867931125,1133.16809630632
4196.76221075894,4718.11462518564
3397.90709426554,1813.50096828769
3457.40833899867,2623.75104216404
4294.70405958996,2615.34002834774
9091.15641912666,1363.62082577058
8614.26464006893,2251.61685484064
4249.14652591132,4466.57706429399
4568.79244007185,6356.00554088478
3889.52412450953,5303.02661529754
4270.13698336591,6224.55337442528
2238.63060681138,1000.23868502417
4340.88536037183,4825.12871806988
4599.43884982574,6472.33978637699
3388.26927539461,1676.19542800324
3300.8085054041,275.463461779562
8095.96280079567,2796.80370830921
4453.66889199499,5201.01363147797
4460.70597283732,5212.039159317
3829.78255156803,4405.99459234881
3730.37532086812,5612.81671569619
4381.52761305344,7016.10584619905
4054.25910788283,5284.10172849705
3842.16865114165,5851.45296285121
3473.85792949665,4198.67246802082
3040.57533954735,7956.8987363156
3382.71660427445,2526.39834607608
2493.96046031795,365.030282684303
4269.68625587781,5948.52192306512
4130.32045036583,4749.03084122059
2445.69529279481,3208.37929640188
1340.67760042927,5651.91687227715
2879.3124535757,1167.32401785399
3033.31004710623,6112.4244244136
3601.49058003226,5154.97991733098
4491.60628286646,4902.30614437737
3874.7370716575,6137.65788871776
3880.17393931073,2892.84935881343
7223.01946442197,2214.22165063549
3943.31990762984,4285.96586052042
3692.54481059573,4476.46595721581
3648.98373272488,4916.74157696803
3694.62866276466,3275.38388248587
4184.29066921776,3823.29878661232
4230.8393166618,4915.66160465458
6996.72273813975,152.706890720917
3983.64460557415,5850.43007599677
4806.18063400773,7935.75766513971
3992.62337366311,4681.96938110522
3812.7153749642,4888.78027343362
3426.56184078974,1857.14766453749
4075.35636398285,7731.50420137503
3680.77456332291,4128.99649388271
2492.00400799984,3524.98878344854
4960.62739475162,1620.38667471101
5070.58393067226,7226.95162334145
4024.47499081115,667.602508216901
4721.38020757814,7072.99467751855
8865.5052035963,4785.97147602991
3797.62157963133,5298.99173048354
4333.67717656442,3177.97431236653
7137.19221217117,108.662287679042
4067.7639770531,4691.46036723497
4497.96071597416,5544.3344619343
2243.91481964447,2074.92699924592
4792.9302006089,6293.20646170895
4738.68416899498,5489.71890044923
3793.71614818592,4278.40732289203
4265.64544237108,5238.97757599697
4557.77676272736,5359.80169855426
3929.64413924657,5540.75414651614
4233.74341164491,5588.09490624688
3659.1034496188,4891.3943646011
3671.02410894463,3457.3023432708
4581.92901383352,6362.14328486667
4548.31638258098,5578.03560265852
3723.62312433335,5284.72713141466
3930.39605718676,2524.75026773165
3541.09958253977,6030.47296231173
4362.06421796934,4828.7656960918
4763.08098570133,5606.84938238084
8435.78722666474,1239.89813617507
3830.41825000514,5651.121058693
4233.21944309077,659.475547416089
3589.24770497196,6332.59077701921
4528.95940182029,6333.38616774811
4349.1887427161,5139.57868334489
3955.58632967391,4200.2070097301
3911.84176662551,5421.69163893843
1489.21020877674,2450.01652192511
4712.06856564496,5579.17223757573
3916.41557776388,2777.87882150872
4425.8949094379,6787.69931329892
4235.26374049167,6075.25671633399
8456.65577092113,170.154241985776
4549.09172054846,5083.20150688024
4690.30414813681,4687.48214502474
4810.69238962857,2381.42052010046
4365.58116773882,5032.0529356058
4498.07823824841,5303.14036336031
3123.85537218593,5749.49706449065
4007.23561517828,4358.93799134738
3364.94995519566,3376.65792675268
3395.83087383414,5205.67391920958
4422.2373769282,3993.1119586724
4060.57897681724,5713.57931653577
4712.08382518328,6988.48578685296
4021.05567585283,5052.17154278251
3254.60182602064,6235.46515420155
4223.01889461622,4958.96747957132
3780.6760789809,5553.08629708367
3727.81101467279,5100.25103063838
3151.63234287679,4352.17484444788
2554.77075558815,24.3808171571914
4465.30179917375,5719.43290178835
7893.79371417752,4525.56875478137
4139.16459487833,4794.43957530522
3472.07779483022,5691.41493565019
4210.49801521368,4299.94672371525
4356.71361855456,6376.29413587278
3407.10640453552,5982.16597833032
3849.15295945766,5830.88020913391
5730.02041539743,7448.99376184466
4157.71629004342,4296.53681896362
4052.24107013483,4957.54668592481
4632.38477160023,6169.48366639963
4343.40343409082,5283.93131783052
4566.37813025323,5371.16804772636
3830.3933431982,6534.62763355323
3660.44910160619,5084.79271119328
3763.20906912999,6994.45312016831
5426.03086825304,7170.68819493957
4555.34900321902,6301.78788619178
3124.57605693544,3888.65529435188
1634.04458213848,3231.96447093399
4410.16321931345,5067.5727767686
4390.85363865209,5099.51230251325
4193.59172424412,3103.69513595582
3612.25846141881,4920.8902098448
5109.60633946788,6060.9350318061
3333.49185497532,3956.11466125932
4435.73474220187,6075.59753766706
3970.12100010271,5785.30106438275
8097.19005261985,2638.30001138985
4128.49611322451,5734.94788383722
4065.47035856213,5369.63350601707
4488.76416506221,5939.99716118604
4565.87027437723,4708.39614293035
3462.46112423783,5725.57064577024
3460.5405602863,2984.46221771158
3851.36390461354,6120.04004750101
3320.33225562494,1042.01001823162
3977.22926680421,3918.66237159516
3408.76948669152,3529.25116438808
3423.74238633533,2017.52693592683
3589.79701514659,4425.60154467068
4402.95424831376,6865.16089833571
8101.00852654753,2209.56136290388
4473.98669900176,3760.95427683232
2245.06046272194,1587.08322935124
4327.81075129003,5028.30220952111
4408.45879913639,6897.66874153896
3822.68411132221,596.221793130608
5049.41548108286,6097.87566661542
4599.12816001902,5261.5965262784
4861.07400058689,918.685129714375
4400.06655038911,6503.8247427258
4646.16474471693,5376.2829048538
4185.95525071946,6584.29832572215
3690.86457125555,4021.75532772818
3811.13037848529,5125.48449494254
8212.13602765489,7783.84607017043
3868.02787049392,4535.17306611864
4527.73690833744,5908.91011162931
4446.63033138939,4182.02085105475
3992.78719615989,5640.83468183435
4399.68616300982,6016.94709136799
3834.81853602621,5324.67976418353
856.425593558481,184.646337180199
4836.98848972987,6021.55071649584
4488.01395443782,5213.06204617144
2858.03722125736,5192.71636572444
4492.64089122252,6095.48864871823
4272.57479607779,4515.96402058885
4268.06221810368,4891.73560878942
4390.2852701661,6593.33474245607
4764.27816055137,5840.25744720089
3800.83132759444,4455.83611803951
4500.40497919357,3032.76920169299
4263.78505553103,3612.62342013646
3757.20313895985,4319.43992797434
4518.78179921853,5360.14251988732
3934.06174666788,5027.05182654113
4247.88011450258,2297.99160174832
3787.70467135667,2368.00818579186
4568.53460534295,4651.67814513263
4569.25891002714,5443.68518630223
4147.56555707376,4272.38332697291
3919.22807065928,6626.80838705474
8888.16541281061,5257.73205213093
3693.35043994487,5236.87471682909
3448.52392360153,5600.48414227341
1938.28343637114,872.026276934299
4111.17097516277,3070.96000805466
3963.8306125841,3851.99881827186
4641.49849383326,4370.02018179018
4708.93230738232,4514.54322694234
4549.58061285857,5697.04144763247
4162.16459560212,7163.92504804007
4009.22238811181,6221.3709657992
4703.64874280331,4911.96754117365
4423.25888804461,4740.44941673776
4324.82301239126,6232.73731497129
4258.3364624389,5549.61972972828
2698.12970107899,3845.86107428998
4536.62615045895,2572.14790149377
3912.43846574807,3286.18191419936
4051.62151056046,4888.66652537085
3998.9301345464,5166.28960389931
4022.6776932044,5494.77709497291
5644.37128706313,6586.96950234864
4288.89403756628,5319.28074832679
7754.83202890951,1128.2806295906
3810.80141108233,3113.01549999142
3872.00601497465,6253.76506093967
3733.39503669712,4465.78167356509
4504.25735207185,5376.11249418727
4208.25309763405,5655.89509448738
7847.06010897592,4024.93773635427
3741.02340909405,5097.86401274119
3368.88499080288,880.380522433027
3146.51586752624,3962.36615330397
4749.13387329985,5080.01909825415
4410.36746419313,3510.8377210148
4669.54909423533,4737.83490271503
3601.25273569648,3933.77944685195
3390.71815400678,4660.77122447031
4269.8444901022,5564.50973171477
3979.26269139064,5703.29293967713
3734.72367454514,810.477475024632
3578.78144965246,3652.34897963503
1442.20078329529,187.942573154417
3481.7189136386,5096.10239776162
3307.65340482091,2662.62391404708
3502.15955498156,4879.97135282525
4826.88613278323,7953.77299029328
4220.44874262154,6507.80296493604
4809.6463086635,6377.54451885276
3883.20888757846,6413.2918561411
4126.51321469876,5893.28138151767
2122.47106734481,5257.84537733845
3595.83825849909,2475.19290077026
3831.73366288202,1649.48450744881
8735.61706161222,1796.67872922747
3321.51426284992,5060.69630466159
4933.04644568432,3759.81764191511
4338.37724514434,4615.87414524053
4067.02609756534,5910.95588533818
4267.25830282129,6495.92496090909
4432.82574261325,5769.16067941628
8533.85690008609,4322.90649532973
3509.95234920399,6651.07562710822
4552.42916368192,5737.50531240094
3757.27923409268,4728.79890883636
2888.27110087777,4480.27376875951
4555.92965389424,6804.18051959846
3717.3471509075,5856.90906416697
5303.20832453636,3485.4907200755
4460.07692406547,4892.24684078901
3788.89964473298,4047.21586530263
3774.58626915779,6820.49131523147
4032.37861992931,4098.59150984735
3875.27744300063,3695.48402102999
4045.40738620612,6192.95509286896
4040.1164245761,4270.6783745971
3986.68129328051,3582.38884676763
3432.01058264821,5420.15709722915
3850.36873993514,6976.43737215949
4326.10273376029,6112.53817247637
4077.95223545945,3170.30202667536
8758.77907124775,1442.84434292838
4243.88345122317,6759.05594424313
3356.97371857231,4797.90614266061
4459.68330477099,6189.31769199178
3001.21763027696,1775.93514198839
4008.56873944898,4610.53221484279
2733.85531277121,2223.37139257693
3627.67904561694,5887.65486953539
3989.60061715732,4854.16957106249
3474.2733272391,2282.93118909529
8428.76430513215,2822.15070924851
4272.58330681161,5963.24109152983
4112.21280238753,7139.146575987
4172.88413228582,3419.16819951289
4519.9330089666,7113.28813162048
4010.20234137052,3961.85449844913
4406.67586180972,4192.47763857992
8237.54424895701,2031.33696559988
4301.24466442043,5173.16607600633
4163.6451089954,2597.32428033891
4173.9859567395,6175.62141038151
2687.34287599533,2434.16029568794
4576.43134368109,7174.55309194228
4055.4397313425,5545.24360072597
4421.82798643133,4594.39182987632
3925.65917769638,4130.87227978031
4340.00349416689,7437.74073788008
3856.43258853208,5134.97548107229
3851.71881612056,4999.09052300672
8433.46896858257,855.317733079935
3689.5494896989,1357.08517499662
4772.65308165687,5583.15045978596
4886.6250587991,6259.10741419266
6564.92340083849,3425.30594349478
2007.39543757082,4546.42566722797
7942.20215807183,1550.8246600633
3546.08031452656,1451.36910480745
4000.13141088722,4519.03310400741
4649.26172258433,2900.46477047321
4345.08895863253,6335.14820558294
3866.26002270973,6463.92877256069
4194.04592056934,4518.4077010898
2638.29332681046,4684.29973639865
3738.62175001024,5207.1517983151
4407.33031715781,4668.55725822425
3304.40407166111,399.868137611089
3126.84112006283,5871.17366323585
4278.32954279053,5168.84703246304
4020.61225853537,5885.32493709721
4531.1881404999,6010.5251886568
4033.26497624822,3780.10665975835
4301.29980336201,1727.62815800698
3919.91769851699,1551.73390456878
4534.35160951476,4696.63188696617
3903.39568395455,1840.83708033211
4267.5488513745,6078.43912496008
4193.67699686581,4697.42770055032
3408.41525052482,5296.94595677467
4975.95189366073,5481.08081336264
4146.4872759068,4599.90459379583
3013.48303553999,4106.26379553852
8160.48379685769,935.166336013915
4167.42172828036,5203.57106004169
4208.23652380085,4187.36278145248
3716.14963278751,6372.77090591363
4828.63825518569,2681.89004503589
4034.40447259627,3987.31503602358
3682.95535597464,2074.4155558187
3959.80127772481,6461.42842945598
4383.79947258014,5419.81585304083
4522.6142069577,5425.27195435659
3784.07225207451,3711.96522732953
4390.18524875211,5108.66204445468
2910.61714434091,4182.92998984641
4276.63814156808,4670.94427612144
3314.35096983744,1853.68088575448
3971.30843021064,5337.63731766867
4509.09583702583,3377.39686630544
4276.99625220724,4990.90700531596
7751.67213420647,2502.30172811676
4261.5768824414,6524.39791929835
4952.65528031398,6605.66731587884
4323.09516990001,6163.06176368844
4547.83678161315,4275.79323172454
4214.87060315058,5774.27553654372
3785.77097430151,3091.41943656443
3718.7007710735,5073.93801687603
3856.54252102123,4203.73023968925
3303.49198251402,6252.85592214801
3496.94162910171,4130.41728752922
2625.59276597137,3026.17667688765
4302.8277286536,6281.55595380755
7879.1946785165,1076.96154193582
2215.89183390004,3709.74904295412
4567.05489261568,5568.430868466
4095.7090319176,4876.44770001085
3757.65950426237,5235.85182997465
4969.02633455443,5128.66690356862
4005.64522748716,3559.37198969413
4467.63615843409,4565.40763948747
2821.2726388206,4977.38071151696
4399.80218510462,5543.14074155808
3688.60250124984,6089.80547413218
4586.5359065573,1707.90756333615
2562.06075667506,1440.74148376049
4137.33958418184,4905.14773167039
4172.38282840041,5712.04477482649
3703.80476610686,3888.65529435188
4029.41360819899,5184.3620145119
2949.11097307244,4891.33770199734
3564.80463371137,5328.88505966406
3634.1108408364,4245.04700350087
3558.56024049473,3230.25951855817
4138.81064985644,2344.82091805183
8942.61048394764,2173.643614949
3194.55696820667,2262.64217125205
4529.87365714025,5414.87182943517
5134.52588858626,2300.66256694719
3997.97735388621,5591.90271779058
4694.71290265881,5269.78004396915
3747.7719228186,3999.19304005052
4679.82170309202,4436.5699870507
4216.71328351631,2817.4904215169
4286.20594706494,3866.83173479935
8027.95935053641,4943.11125333414
4174.58847152565,4233.2827475367
3785.18645230853,5288.53452010311
8931.7735248306,1097.30732809664
3785.78877752832,4296.53681896362
4103.28026034104,3588.41326554199
4334.11884744347,5493.12880520086
1894.21150432652,1171.9273258404
3767.62062812814,2864.0924531225
4442.32965139919,6481.20579244438
4839.69463372764,5931.86988324379
3841.63698066623,2655.17912448146
3770.82634402218,5002.84167194666
4800.14036598688,5369.91766474638
4023.58502399942,7202.62814353946
3372.94390999862,5518.41893210877
3949.95678468805,4305.40240217576
4792.25631100767,5668.85264797252
3753.5464997429,5493.24255326363
3613.30524984716,3575.7394479309
3643.88035052978,6040.70267656662
4976.98033920822,5320.01947645192
4430.51595429537,6345.4916679006
3072.29895285923,2869.83250173993
3988.69999459845,1525.87546020226
3589.53098902187,3663.60158074436
3797.32058634966,3371.59994365662
4030.1678907051,5767.51281249947
4360.14122931738,5978.8131590377
4439.53764914937,4132.12223990504
4572.96645366745,6355.60763409271
4054.89485185131,5911.41045473402
4251.03368616971,7449.504570989
4389.80992904307,7383.75057931262
4237.86690231002,5151.34293930906
4069.02140954623,4026.30186739702
3394.04231138868,5586.27620580829
3975.5756038326,5125.14325075422
4575.58125107207,5849.00928235026
3620.85421933265,6329.91960039272
4506.84238174766,6342.2521738155
3477.49635217053,1393.45749234733
4117.37822045952,4594.96014733492
4376.36737028906,6558.38321875187
4630.61696731135,5432.48967065192
5028.35092935073,6424.31696112488
3863.24309049575,5137.13500284394
4464.95916048797,6979.16521138974
3650.76951863799,3784.31195523888
4025.659161577,6086.45223198431
3987.44846434894,5885.94991715957
3488.41236840293,3854.95415362766
3038.13127545179,6745.18925196633
3695.53731921333,6112.48150987261
4072.36909727967,5427.60188679477
4349.00049943127,3244.01267419983
4289.52042613541,3954.86427827934
2813.05450139993,894.588511755055
3737.43760066915,5185.32823876258
4016.54434524168,5284.78379401842
4100.48564897262,5989.49744268842
4258.18453020631,1564.57792141877
3834.68623663464,2365.50763125952
3841.88005734039,2629.20693205217
7764.93821331529,421.464201038073
3927.69106521112,6131.80430346518
3907.51220236893,5358.32424230399
8252.5545492755,1727.68503203836
8777.7600114078,2218.59756821017
3939.0830722671,4783.01614067411
3759.69391982041,5323.08855987049
4370.73378444319,5691.52868371296
4736.49562056102,5616.56744178088
4346.04082189295,4377.63538202233
4516.28694318611,3779.93624909182
1563.14913373231,2666.03381879871
3652.64414109229,4195.09215260266
4420.42531316431,5545.1298526632
4116.14521265893,4858.65944812757
4353.69665675037,5899.6466216251
1526.14517816925,1870.44625078332
1101.63608615073,2404.94882060117
4579.12193242391,5199.99074462353
4000.83715774991,4732.54963492105
4353.16341069543,4921.4585273034
1880.01744242251,1892.04231421031
4124.75967181872,3508.73507327454
5156.30989308587,6201.65026541456
9034.08255741171,2219.22275970016
4374.61706982416,5062.79916382947
3132.45700541917,4489.36684809719
4569.08422845806,5324.11144672493
4949.21473165699,5444.42433728262
8703.8868340707,617.761035383112
4418.03908204336,6407.60868155505
4857.41502569527,4307.5619239474
4792.85913540669,6507.51880620673
3754.34088340805,4319.09868378603
3863.35016709972,2899.83979041084
4297.49320791851,6818.44511866734
4178.50440298519,4630.25249237218
4268.17683457886,3655.70179892765
3466.92684530459,3728.67392975461
4558.1303485826,6376.12372520625
4422.59092713525,5375.37376606214
3584.86472721166,224.485380457017
3987.58954527393,1586.96958700228
4263.51975257494,6619.47734555189
4830.8619243453,5799.33859018135
4480.17093343161,4247.03611460599
3447.37625385354,5695.50690592319
3865.03467520277,5476.8184324231
3868.33759960563,2058.44579294638
4228.15404414161,6852.9420729757
3029.7345427419,3040.27086529
4229.34550162025,6701.76962898682
5035.41014324933,3957.08046265475
3726.09046513053,5111.78779047701
4362.78289749225,2716.84156874008
4614.50589554675,5750.06538194926
4122.81497023071,4811.88700585544
3935.356366481,5995.23727987823
4342.19442382103,6492.97004840855
4150.45556759873,6775.4234024799
3760.77726965126,2577.8879501112
4867.55256292095,6682.61724606078
4184.1651121315,2367.09883557257
2802.78087592617,2483.88807331586
4134.46518841105,6648.23403981519
4159.67636588625,6875.9589300492
3888.7458814908,5208.2313477733
3970.38073155249,3661.83954290953
4017.26207161963,6222.10969392433
4044.08868008592,5659.98706476039
4015.47536159614,5576.33065028271
3704.47499210977,4565.63513561301
3674.55461792742,5091.72626875931
4740.34655479178,5897.7708357275
4641.91111146069,5529.33071188504
3853.15177414648,757.396666676465
4174.33508874249,4768.01281348009
3837.00015121073,6911.70626733755
3703.25238022663,1713.13606281255
4540.87758857046,6847.82721584826
4281.04980794658,5025.46062222809
3587.94081383467,6783.89150175522
4810.99473245198,7001.21626706781
4291.07887910824,5829.34566742463
4854.49242187565,6737.06197402408
8316.20480351042,1766.04646049419
4840.74451550249,4637.98186352236
3651.59980819907,4603.25741308845
3424.07178238621,4883.09709884757
4771.08451236238,3882.00589551515
4838.44023637077,4871.21909482063
3473.75454519328,1919.66258498403
4232.18788590668,5037.90652085838
4286.73931372416,5657.94086819626
4066.85979351479,6489.16223686485
4123.92939225383,4399.51560417862
4096.43557629791,3695.82526521831
3674.00792809923,4257.66373565295
4712.78656467315,6568.27168881844
4192.22431001095,4914.01331488253
4517.20525233218,5663.96528697062
3806.0144433338,7838.06372486343
4072.06573312559,4148.20596226776
4730.73677972602,5429.59099789989
4076.54680965642,4758.35141668381
4389.69138043862,4918.27569582206
3896.66888400838,1128.73530470025
3194.77509524553,4193.10304149754
3645.43464466264,767.285348170664
3925.29756451391,998.533732648355
3505.12607599001,6016.03795257632
3987.27985758163,4540.11751257955
2763.68645473823,1617.4882133866
2737.74482426317,622.193932702993
4090.84650085883,3503.05189868849
3309.52142650138,3126.25742363349
4456.89442131137,5581.16134868085
4495.98602659899,6725.29814091516
3564.6699327141,7253.89004002142
5173.66015293049,6398.51560221738
3082.3267182512,3143.70464275608
2335.66873557187,1410.56389013686
4071.22589368677,6152.09289845317
4130.71153241722,5110.48074489327
4115.43958092151,5149.58090147423
4407.38290151656,3198.149582147
4157.74551789114,6080.93989092004
4165.93697837048,6472.6239451063
3721.73812518913,4984.31426908299
3703.36018465725,6618.34071063468
5037.31303011814,7036.90651889714
4100.0822380867,5453.5174166203
2664.59706896708,818.206581890277
3898.238432427,5262.73316119561
4034.07962066912,5181.35001655234
1744.20993959208,387.876649805908
3819.38075256308,4737.03951198613
4297.85986440567,6577.76267494819
4376.06194052464,4953.79553698486
2397.93933665632,2994.63505793508
3477.31342644437,4468.16869146228
3635.84248793844,5110.70824101881
3948.24511408951,4392.24122527952
3739.77354058684,4035.50827194222
4131.67224995512,1196.02404951354
2371.55846686121,4193.55761089337
4036.79400173989,3958.78541503056
4010.4964234305,2453.65371137466
4817.37359988726,4917.02573569733
3400.95930660788,5551.72258889617
4059.11643528552,7829.36812946258
3446.40310646456,3791.24551280491
4278.00016328326,5795.53077863764
3243.77869862738,1021.77787441977
3112.98170989991,6219.77976148615
2130.07535042496,863.04683994558
3846.11573323507,2179.8384443899
4259.30277681905,6593.84597445566
4656.13442846355,5910.04674654652
4028.23270300895,3674.11545372855
8294.22085220973,4603.7690679433
4366.8305282776,6239.55712447455
4233.36004740745,5209.82255208634
4290.69037327235,5316.43916103376
8812.54488348943,1671.76253068336
4549.37306982381,5406.57414082639
4309.93551459288,6246.88858883265
5173.61214912148,6974.44826105437
4221.24037718628,6374.87334222626
3902.94227105431,6010.58185126056
4490.22599521706,3096.02285026466
3719.67563761712,4636.049415021
3595.42053663983,2239.51177754341
4682.29934334087,4235.27185864182
3147.05671762011,3124.26831252837
4521.20574160978,5763.64791549676
3635.91442108282,2748.43985029641
8929.11067507248,2129.4286012406
3746.10569221554,6758.20346805523
4349.84422823668,6643.23293075052
4179.68826466253,1626.35400802636
4410.30916904322,6294.22934856339
4248.55290803011,3059.76428097672
3060.28066490911,4816.8310294611
3967.05708161428,6249.78683872944
4247.56045092486,9125.81442345824
3752.54525088269,5820.65049487903
3714.61794180193,3787.32437605368
4285.36719013609,3468.27078565083
3927.15259655879,5496.82286868179
4173.70712041515,6462.05340951835
4582.81746835368,6243.47868408103
3546.42155794792,700.110245706335
4256.44563662077,5157.87859008301
7516.93998345,1075.48387425792
3570.39927966357,1766.33061922349
4117.48719254695,5815.0806455005
4916.2343079398,6891.36016403529
4838.26659599095,7558.73569395916
4238.05977813544,4094.7841211589
4166.24551957422,6902.10153314502
4303.38561999966,5569.22668205014
4168.72101174164,4313.47259465899
3216.56759101797,4608.08811148659
8526.22563041667,2063.78793477174
4405.512481907,5753.64569736742
3522.6091528434,3409.96137211245
3629.85265142913,2279.23712561436
4798.93198793649,6690.00537302265
3947.15996520823,5023.69858439326
3475.1608389936,4267.38179505299
5143.20634169422,5587.07201939244
4351.72063446203,5487.16147188551
2809.38108934184,3825.17414965467
5158.78595270462,5569.45417817569
3948.1364030076,5808.77249085208
3406.32234617352,5790.7000802395
3711.40775383808,5313.25632955243
4234.00193603649,4223.5080255329
4668.44732899624,6995.58975508552
3735.75091256,4274.31535261902
3165.56066722131,3792.72339191043
4638.51719803456,5855.48827052045
3728.43440019555,2662.56725144332
4661.93350059281,5494.15211491055
4084.28864142748,6867.8320749622
8291.77869287398,363.723157815203
4901.08313656771,5216.86985771515
3374.24994366781,6776.84419612642
4349.7300814451,6346.85537608809
3992.79006355745,5872.8219530079
3557.93959273612,6979.50645557805
4151.38771146579,5730.62884029392
4266.95243448542,1192.15946965226
4617.29215582976,5954.31842285868
3363.07439377094,6201.99150960287
3954.4586217283,5390.66125198545
3542.670336416,4792.50712680386
3669.64415416452,2725.195708525
3568.10336054844,4476.18179848651
5042.34623066853,5711.87436415996
4431.70479975412,6454.66528255648
3598.9669564018,1665.62468098766
4245.10949289031,5506.25719220778
3767.99309379997,5919.87855400933
3327.62545392914,4308.92605499016
7716.85310504957,2044.23785648126
1725.73432430357,1337.81925543544
4865.14317651585,6026.72223622704
4383.55989094789,5751.20201686646
3920.0220914563,5958.29664506892
4510.13304862581,5354.63017882306
8655.58975397956,1539.85611196946
4094.20448058284,6577.64892688542
4765.48712496392,3338.01233956755
4405.65146718986,2488.88939380816
4253.2694162546,2207.62912583015
8998.16576710077,1302.52669897056
4438.04978986953,5837.70001863717
3941.03828874939,1724.38876963569
3732.56715205226,6034.50826998098
3873.35252861355,4368.37189201812
3579.45842147226,3720.77414793791
3104.88596385488,2876.42502654527
4392.58976466064,5426.74941060686
4403.60208345483,1077.35934301408
3389.47221536543,7109.0824132847
3617.27514350865,5196.12627047607
3961.46475887965,6801.28184684642
3963.04376877637,5087.57763588254
4332.75246074958,6574.8073395924
4979.054837296,4827.23157723777
3996.64157312366,4680.54858745871
4809.64686756377,5759.2722093497
3726.39836430191,5677.88906470644
4765.49776059526,6893.46302320318
3080.94192352494,917.775779495082
8431.82487256012,579.399606927286
3636.18412407232,5223.06468715604
4727.61235662072,5618.10198349016
4132.94786034539,4671.68300424657
4973.8616279927,3938.83764137563
4146.99326333182,5983.07553997724
4476.42984162044,2940.53115130485
3772.82063517662,1942.79319012029
4249.45039631053,2395.28742380489
8621.01136466725,2293.38818804809
3721.07283638676,5832.01684405112
3495.43254201701,5049.04579676019
4093.41811873058,6764.11413876682
4992.59845220666,6700.29217273655
2710.42085111336,1976.26704614659
4454.06030819716,6290.70569574899
4044.36412669984,6102.53595434703
4274.63278543889,5687.09589210689
3993.83073034254,5689.19832841953
4134.78656140042,3187.57883513142
1838.46275012313,739.494666730413
3071.55532625506,3434.68318156176
3855.38975882327,5512.56534685619
4006.6626903074,3198.7178996056
3790.59574491468,6294.28601116715
1928.47835719921,532.058794339647
4671.85059214306,5342.24051994127
4262.72065140931,5590.14067995575
3450.61560233925,5651.00773348548
3849.88170036335,3787.83560805328
3533.65460655945,3522.71551361412
4178.72581505046,4752.09992463916
3394.59747644807,4489.87808009678
3825.22916798623,6105.54795230658
4128.82613456221,2130.05379273059
4034.53393745897,3246.05865933634
4071.06238602297,4545.57319104006
2924.7856423005,1413.97379488849
4080.78619379877,6208.41341231406
3790.1293151083,4483.34242932283
4188.94720840473,6108.1053808703
3398.65790738758,4911.00131692297
3966.09782784134,6046.67000988197
8218.07134913464,1103.2177873806
4695.53869832858,7728.71927668576
3877.02059170277,5765.40995333159
3471.69977600731,2373.06616888792
4394.15099255112,6154.02534695453
4204.76454655961,6810.0907674548
4693.03244978134,4843.42862480801
3339.53944899598,3406.43793072567
4019.09106130518,2832.77833029547
8631.75454166243,678.968857388998
3163.27514784955,2915.9799639497
3757.23402067477,5956.87585142241
3874.37238480555,2949.22653527808
3480.57619995525,4001.69338315523
3275.5418871596,2191.7731110206
3515.87223406653,3128.47381943652
3980.53333697309,5319.39449638956
4116.99116141769,4542.90243726882
3052.14137753817,857.193201836094
3936.18180513336,4706.35036922147
3215.89875587468,4625.36513137028
2338.59909607342,1281.66946938252
3267.96430814098,6559.97442306491
4003.8576062548,5000.17049532017
3525.54201954319,4446.68595324282
4535.9435828233,4831.77811690661
4484.68085030903,6493.76543913745
3640.87616587214,4831.26646205176
4244.88466588048,3393.93494663636
4635.24124543467,6673.80832545241
3823.02004544139,3393.82119857359
4698.26999102441,7386.47884139813
4810.06061562846,6822.36667827381
4058.27195880789,4208.39052742086
3300.06524439126,3791.13176474214
4305.66200994504,6060.70753568056
3578.98493969081,5063.4808064956
4373.29947373953,5904.07941323117
4542.23170613187,5988.98578783358
4820.92877758542,6394.25322127784
3914.18958067408,2210.41383909179
3876.91710776707,5356.10763507333
3811.15950947752,3484.01326382523
2607.97791161174,1967.17396680892
1846.05297889184,729.946912283089
4093.66431226402,4691.28995656844
3840.86133274592,792.689170284444
4474.45809713606,2785.60798123127
8213.2838725003,2328.11242705438
1501.5718932406,3068.80048628301
4450.91353563829,5633.27614420596
3772.80847383225,3076.9842154014
4412.73035525015,5633.21905874695
4936.17476148392,4502.32440158233
2767.32567133926,3842.90573893419
4191.85942819536,4062.44668862219
4238.18787149978,4983.68928902063
3780.72526844253,4596.26719291866
3146.0624318432,6721.09242257938
5118.49093747502,3771.75230854581
3723.20260818341,4578.93351043121
4711.43547912229,6726.94600783196
3447.51290083152,3887.06409003883
3890.37732183952,5996.54474831722
4754.5484701717,4838.02960895126
3868.55951432927,5186.18071495048
3753.03894004105,5087.97554267462
3682.98890653219,5840.8257646595
2698.40672770153,1417.55421602046
2983.53119512851,1809.067965254
4002.16003854164,5591.05024160267
4014.28370662634,4451.40332643344
4113.73703950703,3644.50586042209
4186.86950094194,5597.81296564692
3682.38941324687,5048.30706863505
3742.79244592406,3687.52757660952
3370.15251685375,3757.88519341375
4052.78676058515,4087.4526568008
2861.63843899565,4877.30017619875
3988.45098533393,5090.8737925714
4513.23035864869,5592.92560464502
4144.60364133037,5523.64753729899
3879.14897103685,5011.53684449227
4337.65813234507,4337.910245379
4187.39926062438,6095.09074192615
3591.43274926048,5743.87055250836
3987.15432817112,5113.77690158213
3836.69755334149,885.609074766336
4016.69109577798,3004.92164622135
3993.69743309809,5542.17494016265
4055.04985517463,6655.33800804775
3266.82657828744,3488.90062482713
4830.43236915408,4475.27265969484
3372.18756733312,2853.12401074248
3984.18956663837,5429.9322420882
3953.15964653265,2492.81074198701
9202.41627513711,1719.67171358651
8269.58724922133,4500.05113174791
4958.80078721063,3406.0400239336
3807.49236776779,5393.27576600819
3852.75817880013,4851.83963862431
3684.2825533919,4637.81145285583
4163.21777144636,5544.78903133014
4040.19498105288,4421.62332246044
3974.96485193361,5389.69502773478
4374.50035239037,3956.62589325891
4522.83003321946,5134.46382621744
3567.64700580191,8275.44067186362
3645.26556488652,5862.93306008607
4458.75967483509,2516.16863182119
4240.65184699351,5980.68852208005
3573.80796913751,489.775964848065
4525.17100491796,5670.67134841111
4159.81976215857,5938.40553401775
4357.81110445327,6049.7957559043
3392.36523836593,5190.67059201556
4316.17806260066,5272.67871672119
3806.22151821262,5219.37062367511
4277.48289104765,5493.29963872264
3422.02798592399,3188.2609006528
4369.35157742011,2275.59993616481
2747.76608973426,1984.16661653568
4114.18763606938,5088.37344946669
3958.85690875396,4109.10538283154
4251.73180762433,2120.96071339291
4519.69964059743,3682.52646754485
2646.8070250165,4433.21716775808
8043.09680684951,727.446304893846
2533.60160392769,4107.74167464404
4997.74307825485,5607.58811050597
3488.57060116331,5742.27934819532
3693.46088267497,5680.73065199946
4136.8610828997,5398.04937894732
3635.28593819629,3998.17015319608
3391.68969447458,4526.19373484374
4223.57791796008,5703.97458234325
4183.10391236729,2650.80299547915
3975.58715482241,2053.50134648547
4070.23183386432,3392.68456365638
4560.59356830855,4206.34475371198
4625.73332066775,6760.47673788965
4789.29451124376,4108.87830956125
4424.37971097112,3520.21495908178
4359.82047275994,4132.74764282266
4130.53775441847,5399.47017259383
2929.84952377934,2267.70015434811
7528.29220915517,1063.83336635653
4537.05489433855,4586.71954418515
3535.83354102717,1335.09131049138
2346.12401611368,6740.35855356819
4983.4095044191,6856.9769577897
4685.35698328265,5534.84347580455
3023.69080359822,4916.96865023832
3079.95342150615,2673.08112442751
4197.49974688677,2993.55529704926
3991.6026410169,3165.18716954792
3756.61891863345,4414.17853289482
4231.42566047424,4931.57449349552
4279.3843453864,1325.48678772648
4101.0372747646,6010.46852605304
4202.73387953041,5477.50007508922
2569.29211813984,1760.30641187676
4082.54214163523,5627.87712834921
7836.49489766604,3369.55395852012
7956.47016132697,5740.97230261158
4675.99384969154,6055.47893049034
4854.28813599348,6909.26216398134
4834.51561386756,5633.56030293526
3816.88728695675,5320.417383244
4855.44675748591,5460.05306739426
4387.13147604881,4155.42325570784
6995.50058046612,6075.37004154151
4013.95796950489,3871.66243319749
4693.57849051182,5924.879663074
4081.98852756577,6758.26055351424
4433.1075740217,5306.83442684124
3556.06698746941,5017.27668168208
3843.87656998147,2113.06114300383
4984.82855441909,2465.30421927606
4107.57042683979,6217.96106104757
2525.86853031775,1695.17718883512
3514.35658310654,1841.57580845725
3556.58379976698,5273.30369678356
4092.39859005908,3912.80878634258
3572.40412923821,1341.74060361429
4074.18803669081,5825.935762673
4206.24531924297,3259.30037155078
4364.34306428559,5526.88703138408
8122.94447823509,124.518355345498
4438.48476807443,4393.83242959257
4216.09516569244,4399.74310030416
4455.36989509987,6292.06982679174
3661.83566078853,390.320409592219
1565.40389422752,3005.54683771134
3323.9290334526,3725.49109827328
4246.59095725254,994.328225740204
7593.03743440905,1822.30988889607
4196.62699178681,4180.65672001199
3993.94794895922,5765.92118533118
4930.02477523966,5478.97795419475
4179.45963190749,2457.17715276143
4016.84078603527,3683.77685052483
4186.66668661489,2818.62705643411
4041.55096811362,4258.7437079664
4237.77424504736,4991.58864798209
3433.25308513964,752.338630723501
3939.16680026098,5526.20496586271
4698.94701317612,5159.24229827051
3772.32305187322,6451.1987152011
3908.77976621225,605.655905228973
3605.4050564633,6004.21703400839
3811.604975773,847.815963769114
3840.84001432686,4752.78199016053
4451.43864643475,4444.86767565948
4397.10980091827,4821.66172785924
4061.3442151729,5219.3135382161
4026.43897149855,5363.15494070213
3618.68828143538,5107.24125080817
3897.35761747826,5239.88671478864
4317.98543958795,4443.27604849119
2290.69053252006,5390.37709325615
2414.55346025906,2055.7177422885
3917.86513621775,3880.01678441003
4410.82335312423,6114.81144231079
7198.42868893015,4777.90128354667
3061.01883526101,1051.89869972582
8373.93766503384,1823.44652381328
3775.1621677765,3716.1138602063
4276.32620845536,5592.52769785294
4108.51372426817,3853.13545318907
2398.69691459542,1581.91160390622
4552.88764911264,6518.31683792023
4292.68238725974,4698.28017673823
4460.10877403906,6014.95798026287
3782.1092818656,4191.51141432924
3404.58116441041,6208.24300164753
3456.85174180196,5508.98503143803
3780.79624064673,3812.27325877329
4494.62787448069,4474.36309804792
4733.45683190859,6484.8427704663
3315.66014267788,6372.77090591363
3832.43484980622,3323.23608564382
3661.24101156085,1612.20294559262
2933.23194198653,5260.28948069466
3826.35530309984,6654.65594252638
2851.78377494286,2117.72121930781
4120.27416182117,6331.9653741016
4747.43083434852,5731.93588587766
3268.72353087797,3744.01850113695
4409.21608456361,5544.95944199667
4128.21001001194,3564.43018421782
4469.71685637202,5051.5461398649
4054.42700378109,5432.94424004776
4991.0948071382,8813.23982122558
3732.22595655031,3157.85591661744
4681.13165531557,3371.3726589587
4855.67540267939,6626.80838705474
4396.48137223847,4697.93935540517
7583.78044317877,2243.88769511809
4447.87236536307,4964.5369060946
3845.08081517244,2434.44445441724
4724.28827763947,6348.61741392292
4341.55839505081,5405.77875009749
4383.88727390484,3922.41309767985
3109.57539613423,1723.99096855743
4372.56299334504,4928.10792614013
4775.26426090191,5128.78065163139
4301.30576440668,5828.09528444465
3474.37747201359,226.07666405542
4085.18451669751,1393.79852510802
2834.94899281335,3920.31066136722
4307.94327089919,4651.73523059164
2783.99925047985,3534.36602151552
4088.4786763669,6401.0730307811
3363.92758520676,2561.97506127027
4824.07132412331,6620.32982173979
5134.94482733273,3228.21353342167
3170.92658979107,4129.56481134132
3629.28631235785,4517.15731810982
3841.81294277711,2635.51529812821
4559.57981191771,7596.98295149696
4479.3163933032,1520.2491596476
2770.04002041494,3843.70112966308
3520.40037329288,2279.00984091644
4499.1948823213,5781.09534604698
4186.30643196945,3479.69400885431
3929.33565678317,6369.0768424327
4958.79573118376,5567.52172967433
3472.19002071466,4605.92858971494
6718.94571485531,1986.09885360941
4672.86091972129,4631.33246468563
3089.48663482509,4470.83944523352
4983.08297215956,6654.20137313054
3674.0512202412,3820.28678865277
2650.32660802329,3263.79024861586
3544.28697340499,3564.03227742574
3370.65298463103,2316.23463445506
4071.38253853647,2369.71313816767
4013.90506711597,2185.86244030901
4113.57153801443,8415.47426280595
5751.7754742154,3705.94123141042
4140.76197375802,6562.0772822328
4283.79439769957,5646.57451902416
4177.62893804658,4827.57239857083
2908.68072048767,5668.39807857669
3518.24157234487,5276.25903213935
4148.56347733115,6803.72595020263
2994.3230892248,2126.01869648897
2435.32373001341,153.673035686236
4196.71570708877,5752.90696924228
4480.82627351949,5032.16668366857
4128.80501904434,4166.56253160964
2406.50161071654,1310.71053380275
4430.64893040209,4768.92195227176
4448.64852508476,3970.77716712028
3668.50471302203,4118.0851369617
3747.30377572291,2160.23149206803
4684.27953772529,5400.72055557381
3411.67640971075,2814.93299295318
4039.6759413555,5149.35382820394
3935.7167408413,3090.62383440791
4281.71194579674,7604.5419119806
3557.24556628456,4678.6165618126
4078.03381291362,6901.19239435336
5062.7321990035,5584.79874955802
3573.20294619216,5197.43331605981
3661.21785259475,4197.30833697806
3674.69113804578,5264.32436550865
3944.06394727329,4754.31610901457
5032.89447150769,5567.12382288226
4056.26497623282,2878.24372698386
3496.22051467445,1714.44321411011
3674.51356636815,3007.42220075369
4391.09514444035,4610.30471871725
4437.56467233049,1796.849139894
3686.22741026004,5058.82094161924
3858.05265158917,4652.53062132054
4682.05947266238,6162.20928750054
2843.54842345726,1708.3622384458
3955.42202337152,4901.90823758529
4603.15647948839,3862.96726065189
4688.23554141058,5314.27963926211
3732.60966115709,474.374572291256
4513.12641846307,3533.05897593178
7987.43713216257,1083.15615994909
2258.8269506478,2030.65511150613
4123.13935181364,3249.24127939005
7845.95644717868,3064.82226407278
3894.37588165752,1926.19823575798
3812.39710285563,3448.26592653689
3361.82663681813,961.820382536957
5030.21684506943,5129.34896909
4202.93605036624,5990.69074020939
4452.28232339211,5778.36750681673
3938.09182003218,4628.15005605954
4692.7842697719,6311.22178686252
4782.93993209938,4829.78900580149
3914.37140147411,4372.63427295766
3577.25019532752,5515.40693414922
3017.43587270528,1877.43668238074
3554.13674307129,3092.66981954441
2989.97049772118,4791.37049188665
4348.81116896432,9055.6838799243
5337.01533056601,3380.9771817236
4217.91343265836,5209.19757202398
3523.12633720868,4269.88256101295
3604.91501378997,3151.20651778071
7503.88181877507,8723.95647191035
3962.82857036084,6012.62804782469
4475.51190789429,2775.94658443499
4405.55942844984,5299.21922660909
4475.99445094195,7435.06998410884
8764.25254291237,590.936472479727
3613.01505604848,5393.73033540402
4164.02252447931,5044.89716388342
2662.8551968167,2262.2444758876
3179.82995098577,5008.52484653271
4565.5403193252,6766.33032314223
3780.68262527149,5093.14706240582
3906.33757048776,5762.00004857996
4232.29020854522,4306.36862642643
4662.70524160316,4073.13097227291
4292.09835300571,6261.66484275638
3488.85549545568,3517.60065648668
2718.09730210874,4187.53319211901
3578.12178727965,4810.18205347962
4136.38441527882,7163.58422670701
3819.16309160126,5611.56633271621
4350.85019538207,8798.12190025829
8358.94378025047,5306.37985744541
3891.84133553635,345.082350458655
4214.8509736499,5123.94995323325
4480.02912187477,5630.88912630877
1981.88974286556,1011.66190822765
3774.52506425923,2712.57918780055
3679.71150414498,4941.34963835457
4174.83123495051,5243.63744087333
3830.28593677856,5245.51322677093
4423.178689272,5170.89280617191
3953.44888525568,7872.50359371279
4411.48405078063,5857.30697095904
4032.7796768869,5285.35211147703
3861.47670452385,4710.95357149407
3954.1916528526,6073.60842656194
5234.30961791995,4777.39005154707
4070.69556635682,4703.62252999122
4254.66325051209,7131.07680635901
3658.01365002038,3372.79345260521
4343.4374436996,5835.59715946928
4138.61444804756,4132.69055736364
4183.72898090932,3903.82945506768
4016.0086244932,3388.13802398754
3645.07615934063,6409.65445526393
2917.02976821279,5885.32493709721
4771.08930679711,6501.38106222485
4649.77595263398,5670.50093774458
1442.66395452726,2138.57855460966
8706.17548561924,1587.36738808054
4570.98851948235,4340.5814220055
3490.59827876983,6425.2265227718
3896.74057127867,5259.55032971427
3336.84076620203,965.287161319971
5072.6550866388,4906.22770398384
4474.46799844087,5078.76871527417
7720.96475587586,1184.65770034144
4129.76550201265,5653.73557271573
4217.51251098335,6123.10870806432
4139.03634948901,7698.08679652486
3894.86894223532,4431.62554058979
3742.76524178895,5213.17579423421
3746.10601058871,4539.43544705818
3440.34537262977,7308.2776825257
7273.26308348887,3269.75758193121
3705.59227146077,4334.84116196043
4103.40995147876,4607.34938336146
5151.85648531493,6875.22020192406
3828.74583822511,3800.50900280912
5152.89433134594,5277.67982578586
2566.06433889277,6691.76741085747
4010.20762780665,3628.70671964392
4226.92152525271,6318.83740994993
4269.00819770377,4995.33979692203
3708.81085725597,3624.33059064161
3750.86783186688,5010.96852703366
4103.95365841637,6074.68839887539
4581.08258948133,7053.78563198876
8216.30760156388,2253.83325064367
4389.17561657883,2044.12410841849
4423.30382453409,3458.95042161523
4636.80463400074,6021.83487522514
4201.48122767891,5203.17357610487
4483.6375343496,8711.56765873907
3607.38788073362,4493.06091157812
3791.36884176077,4338.81938417067
3649.05628161299,3265.3814529289
3354.06630155191,528.194214478371
4239.43656373316,5118.55093737651
4611.96053553283,2637.73169393124
8777.73228566788,5940.73588931118
4740.41565445138,6539.11708776306
4758.46071550076,4306.36862642643
4374.29147176771,5527.17119011339
4265.95300680911,2702.06531481636
4094.64066978323,5863.10347075261
4192.72501738578,5088.03220527838
1238.32158722327,3284.07905503147
4777.73431521849,4187.70402564079
3753.49323964419,4274.25869001526
3788.45529576933,1038.99791455826
4876.11620029435,7970.87917665518
4053.78361351074,4254.65173769339
3086.52248961818,3083.06529677952
4180.81666767998,2688.02778901777
3602.6405843155,3526.75060985574
3146.55415953275,3383.42107365218
3993.45259232611,5545.35734878874
3268.90368137353,5160.54976670951
3357.4937265283,741.199619106227
2041.57136210206,1411.13220759547
4782.02039304257,4838.48417834709
4027.3942152885,5668.39807857669
4177.08353422886,5199.76367135324
4357.20796012091,4583.76420882935
3795.8935209871,3531.35402355596
4485.65732160003,562.975274659131
3921.93472173256,4581.60468705771
3166.86354984354,3718.2738048332
3690.71330080201,887.711828220411
4612.28623026343,7383.3530953758
4769.2453220275,4891.67852333041
4501.3076788772,8020.60695428311
4050.25526897788,6842.20070386597
4495.70072812264,6414.76931239137
3117.59355106747,1163.5163120241
4339.46450647784,4759.54471420478
2684.48122717268,1958.36504620054
1542.10217465735,5249.49144898116
3714.62193159,4228.05456520174
4094.98204431701,5981.14309147588
3478.77209003719,5618.67030094877
2955.11472891042,3377.96518376404
4054.5539643247,4235.84017610042
3668.83601313303,5149.694649537
3934.47645251027,3050.72807567043
1856.51211993038,2540.3221238119
4215.3587896995,6137.60080325874
3604.5764632465,3393.48016581291
4238.75682955171,1874.53822105633
4302.67820628382,6397.60604057046
3870.17000980096,5901.12407787537
3890.26315117444,5946.53281196
4017.63334182345,5678.68445543534
4121.28737537614,5335.13655170871
7640.82973585177,2633.1851542624
2763.4223337631,2309.52836158695
4143.04851749814,5375.4304286659
7670.33108507327,1376.06704154231
4610.83218175679,6406.75620536715
3803.02076279969,4314.3250708469
4051.90024915341,3829.49319319796
3478.06435022764,2569.36318823213
3883.09060657741,4072.10808541847
4107.18915487297,3548.17605118857
4144.05172153678,4670.66011739214
4175.69292131929,785.301043322582
4668.61417461249,6986.78083447714
4102.92723597934,6597.25587920729
3585.1319015475,4334.95491002321
3706.87788114297,5640.26636437575
3683.01709632906,5367.41732164167
3611.26781745759,5664.59026703299
3774.55380643821,4466.86122302329
3695.22315328258,4691.28995656844
3929.14487936163,5846.90642318237
4693.8560340836,5346.44623827705
4354.39052171751,5709.71484238831
4148.59671338284,5952.84096660841
3740.42392940636,4982.32515797788
4640.04571266651,2319.53079114392
3923.87573520761,3070.96000805466
2502.27476897504,7105.90000465862
4555.78857267646,4556.82621500464
4145.18219260898,3061.58276998768
4898.11598053462,5724.32068564551
4107.84700758632,2952.18165920625
3791.39025814123,2994.63505793508
4139.18208495145,3480.94418040667
4033.14008279245,5438.91157336311
4973.97177185083,5673.39918764136
2757.80284717501,3403.19843664057
4352.04438632075,4321.8836084753
2897.09489257065,1741.32465104488
3253.13973277226,3840.12081424492
4878.91742000034,5822.58252052513
4437.17855881683,6153.34328143315
4437.03464365087,3707.07786632763
3469.40712090267,1241.03477109228
4910.86244620314,4475.0451635693
4403.36219610227,4707.42991867967
3968.22846718633,4381.72735229533
3525.60727628175,4480.33043136327
2820.44103388601,877.766272694826
4825.0256036507,5167.93789367137
3681.88549913972,3813.01198689842
3997.91457516882,3898.77126054399
4045.67356228862,5628.84335259989
4301.06951986741,5352.18607546686
4114.84583676966,6013.13927982428
3419.29196865365,1726.43464905838
2961.08452765565,627.877107289041
4224.35729201705,5466.8157914385
3401.79605013603,4980.33604687276
4005.09144618869,702.667674270057
7712.78486798403,1723.30890303606
4596.13934428929,7160.97013553953
4375.17867921669,4323.87271958041
4243.45420724896,5213.17579423421
4522.38770460041,3859.89817723332
4097.67599823955,5176.34890748767
3629.13532649099,5967.84471665768
4199.76375011327,6690.34661721096
4315.64974475916,6304.45906281828
4672.9310728473,5441.35525386406
2032.92646210693,6182.38455728101
3816.3375566513,4418.83839777118
4191.78886607153,435.103820044589
3598.87456282348,3100.11482053766
4600.02670875887,6162.49344622984
3491.46595651919,5494.20877751431
4058.90992082637,1671.0805708758
4214.5578389092,5781.15243150599
4323.30729333005,5286.20458766494
4672.54699241208,6868.45705502457
4547.34758458807,6701.54213286127
4640.4933996859,3132.22475694884
3698.34525407606,4463.45131827166
4515.15557860541,5156.96902843609
4500.96186064314,4327.28262433204
3779.19697822098,4855.07913270941
4306.75417114262,4662.41951424237
3979.02922152646,4893.89513056107
3941.77559109153,5624.80804493065
4716.02743666422,4690.72163910984
4670.82932969026,6636.0722999142
3990.79869782021,2548.56272696167
4200.83801297016,7037.2473402302
4276.57166193423,6671.08048622216
8940.2287836223,3150.01300883212
4181.71971349418,6431.64842548299
3774.98980477976,1886.64329835356
3997.77589117844,5137.81706836531
3625.93592842938,6192.10261668105
4366.97996644413,3064.36769467694
3930.26112124727,5484.54738071802
5193.14525748779,5190.38643328626
4158.25635260326,6181.5320810931
4148.76583012358,4283.57884262323
4867.20795638952,6849.70257889061
3845.06662438227,3701.45135434534
1493.86279758733,5879.81217317769
3591.33460955603,4702.2017363447
4452.78997604257,3426.44257841199
1618.57552076417,1938.18977642007
4460.15573967147,4006.01284955378
3578.55950071705,5559.05363039902
4186.66989414487,3813.6940524198
3653.23172359589,2222.63266445179
3567.05965588508,3861.54646700538
4405.3970183665,4544.77780031116
3829.39580239179,5086.32725290256
4034.65198413363,3332.55666110704
3507.51485300695,6517.86226852439
4592.90580228877,8293.05851308037
4701.77144608509,6055.82017467866
4618.85718397226,7188.93101621868
3302.1013798916,1087.36177257105
1727.51958556308,486.366060096436
4210.6045041734,5116.61848887515
3436.55385402875,3066.29993175068
3221.06235063213,3710.54443368302
3597.39199478973,4744.93887094759
3634.85041479538,359.68811443049
3708.40979473406,3255.54964546609
3924.70450268193,5052.85360830389
4413.5667250027,4036.47449619289
3420.90414777398,361.279398028893
4387.31043160852,3130.23564584372
3047.3081794782,1374.02105640581
3786.42543306446,5689.42582454507
3818.83793636262,7063.95826078463
4612.88277025005,5100.5922748267
5554.14931499052,4070.45979564641
4030.73074956193,5958.4674785907
3688.24448286181,5337.2394108766
3026.80436361445,8034.01907716408
5026.27136628727,6812.13696401893
4533.63220145718,6973.19787807439
4348.57340816246,3496.68665858107
4285.72791660515,30.4049815576914
4135.90912590936,5507.62090039528
8829.7216488269,5209.19757202398
3335.06680089523,2470.87364579934
3830.24717044101,2948.03302632948
2601.84955129102,3342.61575326777
3276.97247547867,5076.15462410669
7294.66425336254,2203.48028152576
3845.59630436254,6635.67439312213
2347.71810126377,2509.06466358863
3866.05586522826,5589.74277316368
4071.48974410927,4577.5127167847
8184.59450979706,4376.72624323066
4287.69634787751,5043.4192847779
4348.55199627175,1597.31294360613
4201.84765161882,4590.69776639538
4364.46512536817,5034.78077483605
4650.49661214777,5029.95007643791
3624.53213724203,1474.95427933955
4514.73593677419,6608.6793138384
8408.21445847922,1997.91998360496
4073.24208693793,5321.72442882774
3635.82819143923,6265.24515817454
3587.14980664874,7906.09098637423
4057.24540804508,4816.77436685734
3751.40244328623,3918.94653032446
4402.47957233656,5603.04157083713
3875.25450634519,5295.97973252399
4321.81730467601,1396.98103944792
4181.78529954522,4374.39631079248
2560.97845946581,5729.89011216878
3722.22887634245,5236.19265130771
3768.72960077262,5984.04176422792
3736.06059479658,4337.00068373208
2588.07395554879,1769.57000759478
4376.52093439538,5931.75655803627
3931.9982257064,5185.72614555465
2601.32628392245,2229.05456716298
3341.38360007062,6177.38302536108
3889.82395447086,5186.63528434632
4750.60181589248,6067.98191457965
4543.37317614259,6315.31375713553
9032.13735508731,2094.13604477571
4516.6834037824,5643.73293173114
4201.54586587549,4347.79871544557
4810.0403102663,5311.09680778078
4230.72272061797,4981.58642985274
2952.62216021666,2752.41807250665
3848.95565506966,5924.879663074
3685.57118069229,3137.05545534698
3852.60148442458,5185.21449069981
4082.74712915244,4247.3773587943
4079.51388934453,685.163475402265
3785.48555450916,3149.67197607143
3308.78189405153,1357.65349245523
9240.79886120733,2108.23044460569
2641.54509193679,559.167515972335
4347.83790795168,4414.40560616511
4244.43170907959,5667.14769559671
6752.75155751021,5723.35446139483
4632.15300086523,4121.60836692085
4202.51267142584,6406.64245730438
4022.67358205161,3759.93138997788
4593.16945407073,5695.73397919348
5091.01743075403,6235.23808093126
2769.90646760435,1238.47734252855
3696.37617034914,5787.00601675857
4314.51496598472,5605.25817806779
6699.57760585045,2294.75210766322
3686.08382614877,748.758209591528
4264.78312443803,4942.71334654207
4063.95617322122,5916.4686492577
4270.886528989,4583.93461949589
3778.9168756774,2018.09525338544
4643.11169970518,2833.06248902477
4417.74726687695,5547.63061862316
4687.81496817727,5577.35353713714
3906.00968697724,3911.95631015468
5013.12184890468,2677.7412007315
3858.49567236933,938.178439687283
4134.09940321767,6549.80137141378
3802.54361900215,3445.0835179108
3606.4197933508,3230.65721392262
3995.15944641494,5040.40728681834
4026.83668552949,6770.70645214453
3882.23008684807,3158.02632728397
7328.50735164838,6954.50048739944
4478.51337524096,5485.797763698
3648.87730217153,4608.77017700797
3426.14074719998,1826.34498513769
3614.1390497303,4299.26465819387
4108.94473602929,5654.87220763294
3753.85006570736,6136.06668440471
4145.03817742205,2507.64386994212
3771.52677337086,4540.00376451678
4030.87355716507,6447.78881044947
3945.78692454244,5632.02576122598
3106.61480233266,1003.87587447371
4376.40451705587,5521.31760486081
3551.81959384459,3546.6985949383
3926.41199143759,4171.56364067432
3270.23565142673,2492.29929855979
3381.3809489876,2849.48682129293
4117.94036488159,4523.23839948794
4415.11976705043,6382.9435347095
4365.76458896922,4787.05144834336
4114.94647450484,5359.06297042913
4293.12765721625,5370.94055160082
4171.03412825068,5763.07959803815
4002.43805665727,3463.04218046061
6773.01439452097,3963.90027215801
3344.6568605941,2107.49150505293
4336.34862726127,5787.85849294648
4111.73211928254,5055.9222688672
3620.25548895937,4068.18652581199
8393.51778553128,662.08979715429
4430.82056536833,6648.23403981519
4293.09982264138,5552.00674762547
8865.05063090339,4389.51338604927
4517.30135782205,4992.27071350346
3606.84805209628,3155.86680551232
2530.77168158596,4426.90859025442
4283.34676583331,5117.01639566722
4106.8466610402,1568.66978597797
4280.47168565504,6602.4844843975
2446.48947889296,1299.96927040684
3716.20308844833,1919.66258498403
4585.69523111687,6623.00099836629
4162.6423721202,1790.82514397489
4486.29246830345,1842.03037785308
1734.20932823417,1119.41483495084
4211.42633478714,5244.20575833194
3794.22440229796,5509.15544210456
4254.83874598267,4951.06769775461
3616.01006199675,4658.38420657312
4370.10830542239,4162.18640260734
4233.87506764608,4492.77675284882
3714.0390046088,8920.65182090189
3914.31533394439,6039.22522031635
4781.69370808957,6525.19331002724
3414.03270969221,5543.08407895432
3385.17021448751,187.374255695812
3755.1940110134,2619.26137652658
3959.87766032453,5272.67871672119
3239.11427254751,2814.64883422388
4640.1295292122,5420.61166662498
4127.12278548869,8755.78224959222
3507.01008799546,7219.05184152474
4444.01797185191,5888.96191511913
3240.22628773187,1327.98734225882
4250.36020325784,2629.88899757354
3626.57639183986,687.720903965987
4221.15726019819,5692.09700117156
4052.44442115991,4988.9745568146
3280.50787899616,3062.54899423836
5112.57545629944,5545.18693812221
4327.85979121402,3217.52924977095
4737.04666669825,3951.28396286118
4133.82747440897,7055.54724696833
5556.18661250613,4485.89985788655
4075.74578871769,4856.55658895968
8315.09727658455,871.060105540527
3711.68747256594,2629.49109078147
3915.89698416516,5148.72842528632
3361.70647130332,3338.1829616617
4176.09889878254,4650.88275440374
4711.81051717559,5407.36995441054
3204.59202567583,4885.59744195228
2150.45071304413,537.62827371983
5179.6741949696,4680.15068066663
3209.50914993846,1500.58533329434
2077.46712143204,3064.93601213555
4118.62681051136,2110.67412510664
8897.87386040643,5591.78896972781
4270.71735024232,6326.05512624526
3566.15629796535,3909.00097479888
4198.26009058273,6643.68750014635
4324.28349507524,4621.61440528559
1242.98763106156,676.35455479389
4288.36590448723,5857.53404422933
7643.79265959485,1469.49838945142
3217.71184944105,5348.54909744494
4984.51887705966,7905.86349024869
4188.3251856893,5833.66471096793
2649.34628643453,4641.22135760746
4609.61804947975,4705.27039690802
3764.64200900677,4005.44453209517
4271.98442403443,5627.59296961991
4018.53800562691,5122.41541152397
2858.83645241808,1141.86337456573
2353.76214646373,725.40037261425
4302.2779640469,6532.86559571841
3996.30346354272,5520.57887673567
4224.3548953003,4532.78604822145
4521.4011361815,5702.32671542645
3967.79469605539,3929.06249651658
4688.94519825156,5921.98141317722
4309.021088415,4320.63322549531
2541.5306392734,352.98194727619
3980.50288831279,3445.87912006732
3968.59140737167,5141.05613959516
5259.04633857808,5460.96220618592
4045.52289561736,5723.86569339442
3556.62786758774,3601.14332290159
3635.59030281794,5574.28487657383
3261.73540383321,109.401108303764
4234.78943468716,4128.48526188312
5030.06891555271,6870.73032485899
3372.13855335941,2919.56027936786
4534.55534223701,6437.89991752764
4927.03865639031,4930.153699849
4220.6924101733,6393.96906254854
3659.38293439981,2460.30289878376
3984.16516690728,5340.87681175377
4480.84393995474,5542.57242409948
4122.8964234253,5836.44963565719
4389.35568773185,6576.85353615652
4619.66933814671,4694.01779579869
4298.37232467696,4891.56477526763
2385.2911804531,2042.41915604267
3688.19175690016,4208.0497060878
5941.7892407847,2232.00990251877
3218.6395958245,1237.68174037203
3355.20592455541,2565.04393326121
4090.51434581564,4012.20725613942
4653.39807401093,6390.89997912997
4887.78835421712,6280.02141209827
3967.3728704163,5099.96687190908
3977.03389911932,5037.39528885879
4283.50134731895,3471.33965764177
1719.80712837201,1964.67341227658
2322.84148981872,3178.59950385652
4284.67655880344,5121.79043146161
3964.69160645715,5020.51617576717
3550.44489025826,5256.76582788026
4292.38707634249,634.071778159215
3893.31466973098,3864.21764363187
4980.32715950457,3076.81380473486
4873.487668837,3792.89380257696
4079.27166629215,6591.28854589194
4715.16289510661,9262.778930982
4357.45536770973,6042.80553573451
3576.09753105707,5057.96846543133
3917.58935517549,4200.94573785524
3089.42824416613,1986.89466719356
3332.80210233556,4990.62284658666
4357.66164764571,5060.92337793188
4346.87680336418,5596.27842393764
3497.28542924205,3637.40189218953
3453.07328543794,2781.11810416619
1963.78974040349,7214.10781791908
4690.99312222057,5126.84820313004
4374.64336942165,5680.61690393669
2721.65351571911,5302.45829783893
3389.06451044594,494.379325691383
4359.55521174726,5938.51928208052
3681.8673441169,6613.45292677752
3220.12674331817,4216.06281311202
4652.15052416022,4775.11678171265
5482.98470471531,6780.48159700359
4580.49786040549,5707.83947934597
4510.4294546486,7047.98870933994
3905.74431527842,6395.50360425782
3740.51427443105,84.0541470071428
8313.51795104437,4120.35840679612
4460.4604636646,7286.05663903635
3787.00530967568,2892.79248478204
4577.00784464628,6293.43353497924
4282.56350101103,5134.80464755051
4036.25851851231,3483.72910509593
4401.87912873594,2282.81744103252
4299.17017016657,3771.86605660858
4537.40363171401,3463.44008725269
3763.67585578961,6341.00179083552
4190.1869204266,1458.47307304001
3372.77793319354,4958.39916211272
4651.17231149583,2140.45391765201
3899.22143593015,5233.97604407705
4412.80053989564,4872.12865646755
4235.27633285779,4400.7659871586
4042.4970635025,5383.95519054497
4322.69449186023,6690.45994241848
3318.45523988288,4919.29900553175
3848.9242616303,6749.56495811338
4943.87315157805,4109.27621635333
3688.63526224366,6753.48651771986
4027.68552649424,4911.62671984059
3350.0413549666,3439.34346929337
4033.41727510793,2175.86022217966
4199.71900873172,5645.49496956597
3350.079096761,3404.2781975264
3208.44025083904,1500.81272370607
2692.52940007231,2539.69693232191
3952.58621077061,2008.37698255777
3494.74603906095,3968.39014922309
3669.97015392576,996.82878027254
4603.99268641475,3032.144010203
4363.74373968523,4873.66277532158
4929.55903333308,2684.44747359961
3526.01451006717,2006.89931487987
3960.20733431209,4513.06577069206
3843.88862949518,8328.74918776495
3746.81764768908,3217.58591237471
4342.2584953989,7071.40347320551
4499.96075759999,5030.80255262582
3894.75895557221,3818.97932021377
4036.77167556478,4767.72865475079
4106.55634205921,4898.1575115006
3372.36231773301,5643.22169973155
4555.09490771898,6716.26172418124
5393.15117691098,6236.99969591083
3514.79687621226,6287.69369778943
4920.7971388981,7316.46162307171
3708.41602661674,4330.97668781297
4551.95813354286,6014.5600734708
4322.95904150875,6542.52699251469
2378.58700463557,3577.44440030672
3659.74606744248,6529.51277642579
3869.71935642492,2440.24137706606
4385.05298394337,3586.36706897786
5437.4077119391,3550.2222477527
3364.89169579686,2238.14764650065
3804.66326576403,3920.25357590821
4184.18061749497,2371.53183860626
3584.9282198827,4153.6049781245
4200.03787324943,607.588142302705
6535.51360640462,1071.39200969873
4258.59216186158,4635.08319077032
3555.2507587626,4029.25677989756
5012.03281744451,5082.34903069233
4017.86216641229,5931.01740705589
4687.42117296365,5287.62538131145
4642.00823114091,5689.53957260784
8669.58757766612,3303.23143795751
4331.63280789313,6257.51578702436
8194.589697469,2512.58810497541
3062.54803741653,7070.49391155859
3815.08759265474,478.977933134573
4339.44022986354,4369.16770560227
3633.61955691438,5196.06960787231
3815.35360559065,4867.29795806941
3940.12024840518,6406.69911990813
3483.5819381895,5494.89084303568
4312.21426268629,4359.96087820182
4267.94143377208,5269.15506390679
3776.74357728685,5812.92112372885
2418.11868794189,4043.35139115516
3699.66163691357,1017.9134002723
3723.78650057317,5113.49274285282
6237.90507212661,864.467633592092
3903.91008395166,6121.46084114752
3623.68603681202,4462.71259014652
3703.49024114036,3139.10144048348
3782.01709594507,6108.55995026614
4186.59046462313,3906.15938750586
4142.43195531653,6104.07007320106
3422.38643963959,5201.97985572865
4313.7711257255,5281.60138539234
4510.64254955965,3192.23912286303
3793.5395498838,3036.74742390322
4160.28187359487,4851.15757310293
4306.52094449073,5839.34788555398
4740.12166726321,5705.56620951155
3706.59920149689,4209.35675167154
4529.2914895214,6830.77769209012
4658.75847415768,6609.47470456729
3298.14066672956,3082.95154871675
3563.18894873133,4552.96131800192
4027.17618266758,745.518821220243
3552.05076932995,6916.76403900598
4501.4355346566,7111.41319143339
4146.99156889101,6490.92385184442
5015.42511633618,7232.29397659443
2184.76282082012,4104.67259122548
3647.69536887837,7835.56295890347
5858.62969267497,1177.15593103062
4497.19314034765,6370.38388801644
3892.30391772161,5760.86341366275
4582.76012934362,4247.49068400182
4323.77662266113,6725.52521418545
3917.90816746026,4778.58334906804
3828.39204918559,2560.9519629882
4775.06603364512,5282.34011351747
3351.5028949691,4417.30427891715
3452.26146674945,5728.01474912644
3747.37095429614,5456.98398397569
4823.6969622739,4882.81294011827
3874.27632069553,1364.75746068779
4088.38314253582,4195.03506714364
3740.73961031065,5435.89957540355
4378.5659294653,6599.13166510488
3666.93049493823,4316.93916201438
3512.40995894,4453.96075499716
2188.50850541259,1545.48241252413
4473.39513484177,7002.46622719254
2194.70452762096,2892.39478941759
4164.65990863183,4581.15011766187
4465.16996910816,3422.29394553522
3780.35666365782,4390.59335836272
4722.57161464029,5106.16170134997
2149.70776849011,8379.78358812137
3693.83459957538,5827.81112571535
4682.47335438465,6227.67912044761
4570.81494042074,4531.42234003395
4710.97040141233,7375.79413489216
4423.80204736187,6302.18579298386
3936.63716738206,5798.37236593067
3411.15403522719,4638.72059164749
4380.44369928869,4698.05268061269
3248.93014077831,2150.62675787551
4658.36144757771,5411.63233535007
3911.11377362831,3811.13662385608
3993.34167536248,5604.91693387948
4164.3445803944,6230.3502970741
4702.11652008105,3540.10607013295
4042.54610211834,3943.44084364823
4356.04330960877,6475.29512173279
4336.66044888827,5129.17855842347
3884.00530705828,6413.34851874486
3325.93925573638,176.292065253018
3925.45893662189,6756.21435695011
4304.77648900956,3300.56026133101
3483.36107444594,4478.5688163837
4483.71861835163,5986.03087533303
3747.95898478857,5374.80544860353
3849.45458597401,4553.70046898231
4417.65999201527,5538.13963249341
3631.96703913515,4024.93773635427
4561.56383462952,5632.08242382974
3559.49659209825,4084.27024817471
3573.15649611809,540.697198567678
4347.81422528389,6067.12943839174
6990.09153810526,5608.95224154872
3610.885378575,3134.55490081464
4839.78207097189,4937.88264814393
2621.93503309455,4577.2285580554
4279.75177368363,6627.09254578404
3795.54912582528,4935.32521958021
2907.53000982294,1482.45604865037
8043.50993241822,2885.12019909088
4522.29876473066,3180.75902562816
3893.17231860326,4816.20604939873
3924.71318379805,6575.88731190585
3928.25349557463,4683.90182960658
4464.01811077574,4948.33985852436
4090.65450226893,4417.70176285397
2288.2226348192,999.72724159695
3343.18880533903,5984.72340689404
8051.66261694543,6915.17283469293
4204.75119272969,5270.12128815747
5089.15850462316,4630.8778952898
3739.56365975518,5656.80423327905
4137.96902682959,5896.6912862693
4565.65201660865,5244.88782385331
1317.73992075396,1394.76464364489
3978.14095849785,3939.23554816771
3787.99726602021,4950.10147350393
4464.7796626925,5564.62347977755
3720.97823041886,5304.39074634029
4400.76209353588,6135.89585088293
4350.67011859079,6039.45271644189
4112.88251898572,4071.65351602264
3457.91357994524,5620.31859072082
5556.08469786331,5922.72014130235
4233.40416118253,3976.40325624731
4300.16343613882,2768.67199410827
4431.89874027461,5321.32652203566
3919.69192196132,4234.47646791292
4524.75655300344,6315.93916005314
4625.93204492684,7084.41768929441
3551.24133946818,4766.36452370804
3144.31724117687,4191.28434105895
8397.20541765263,674.308622514294
4213.2165918604,5139.97659013696
4609.40787176252,6505.07512570578
4490.67925407527,7236.44303232645
4679.17430888463,5870.15077638141
3926.42613762712,5972.33417086751
3739.16515696439,4102.11516266175
8244.53923272892,3428.88647034056
3948.17448120843,4549.21059191723
9199.7032289429,536.491638802621
2772.4826801652,4748.2354504917
4868.58989877681,6162.72051950013
4229.43661168039,5436.80871419522
3712.92653536626,3788.40392551188
4020.62202511472,6879.31217219707
3125.39700258421,5009.03607853231
4260.68763346415,5605.54233679709
4967.84814027034,5883.10832986655
4462.67084765306,5760.46550687067
4811.64635554783,4890.08731901736
2666.99223504434,1105.88885829328
3890.14745234158,3461.67826084549
4437.88939753252,2842.5532637269
3622.95153500235,3877.51601845007
4041.50360982547,5378.32867856268
4522.62660227638,2354.88001021256
4305.29738151993,3363.75724729892
8594.63905983978,5699.5988761962
3356.41925743077,2717.75070753175
3982.02663771906,5750.00829649024
3608.84381134596,2264.23358699272
3437.43258923478,7119.02796881029
4483.03466819808,5296.32055385705
4463.68442596226,1602.42780073357
2520.3958817497,1194.83054056494
4208.05334688926,7578.5126340923
4048.44323738503,6741.83600981846
7165.79082678282,260.914545410659
3778.99708461389,6542.98156191052
3428.00120792085,4583.9917049549
8648.46304370906,2947.35096080811
4540.71461193414,5060.12798720298
3279.12461685682,878.220947804473
4722.72606614679,6009.6727124689
3632.91080735496,3124.89350401836
8326.34215767917,3217.87007110401
3831.89284417685,5527.62575950922
4967.44219374045,6787.01724777754
4638.19471391479,2272.7014748404
3709.16622589739,5528.02366630129
4059.18155462345,5278.02064711892
2782.47897079657,4085.12272436262
4164.91090844284,5827.18614565298
4033.77609751458,4629.62751230981
4106.01775965546,6468.98696708438
3857.49240599118,3387.34242183102
4411.63447078454,5499.77820403758
4384.33276317666,6063.77661909913
2885.03500492355,1548.43764216611
4055.35078727972,5546.94855310178
4059.35551171668,5945.22534352101
3848.57365173443,4843.20112868246
3065.83268764832,1800.60007740631
3798.22821243357,3885.07497893372
3524.63408624919,4042.44182950825
4041.4750085785,3667.97770974667
4950.85425992566,6861.12601352172
4309.75288167448,5849.86175853816
4412.86360859082,6390.38874713038
3132.44139875652,499.778341548129
4164.6075391374,6229.55490634521
4474.86989079779,3217.24509104165
4571.90255443719,6556.10994891745
4239.1843665234,4282.27179703949
2775.99566417021,2078.90522145615
2402.77526274623,2555.15525176701
4285.95135878501,6344.35503298339
4441.88427562541,8507.03003624509
3886.63955714398,6204.03728331175
7931.53440094299,405.664980974549
4631.49974115344,6264.16518586109
3634.30321753053,4699.92846651028
4257.62443697345,4673.61502989268
4822.99920334455,7032.75788602038
4181.27861049873,2660.2939816089
3879.58024205521,5778.42416942048
3391.27992782194,4760.90884524753
4362.50331828494,8272.71240977811
3804.31951141931,5511.20163866869
3838.7356917909,4543.18659599812
3688.11627647634,4428.95478681855
4498.51754044585,5143.32940942958
3500.32894422142,6174.03020606847
4257.7423282148,5204.36687362584
3688.12014732111,6115.15226364385
8543.27851817201,2369.20169474045
4075.38090573851,7084.47477475342
4172.29001640922,5207.49261964817
4269.85244420608,4943.79331885552
3840.62517679958,5806.49922101767
3805.7387681381,5980.12020462144
3703.59850033344,5086.44100096533
5047.19238597591,8669.28467067677
3786.43058331557,6246.71775531087
3487.94086291903,2545.60739160587
3873.5597508876,6771.90017252076
4697.60811155868,5908.51220483723
4608.70937293008,4865.76341636013
4375.74302578148,6683.86762904076
4226.83323311963,1719.78535593547
4406.08860912195,5172.37068527744
4738.63161631986,7154.37782216181
4404.7013704061,6166.41458298106
4139.5291555628,5871.40115936139
4125.85466671292,6485.07026659184
2475.96255294999,1263.82434346786
4251.34763452079,6648.2911252742
3255.35258678339,114.629620994393
4009.87481756342,3739.35821340534
4090.57690004298,4741.98395844704
4049.23709684597,6154.08200955828
3999.72840512062,1803.15750597003
4307.93892277342,4979.65398135138
4700.50902158385,6935.51851513994
4125.14692881414,3751.46329070257
3356.7052666998,2952.63644002971
4824.73141910151,4997.95388808951
4417.16669828314,5522.05633298594
3248.26401220979,5333.20452606261
3648.37042837653,5625.03554105619
2574.90926649999,2615.05586961843
3626.40195814923,3557.72412277733
4217.19377263334,4923.22014228297
2684.77581045818,2684.61788426614
3475.30827176282,6015.18547638841
2829.85934209139,6286.04540801738
3845.0359574426,5944.03204600004
4179.61655147829,5352.64106771794
4111.18045566253,3432.35303769595
3984.90815100418,2323.22485462485
4618.33920360454,4772.3889424824
4380.98263479046,6906.5914102101
8293.82802097354,393.673493169368
4181.92290656398,6419.48626272674
4309.03342121503,6751.5540692185
2687.52953878853,7122.0403896251
4182.72764143735,4535.40056224418
3734.38002657816,1063.54920762722
3783.17818095417,6006.54696644657
3588.78478414134,6362.3136955332
4495.71120119054,5501.93772580923
4003.33614429601,4117.34598598131
3683.40886119599,5004.1487175304
4086.2129471418,3533.40000869247
3219.7662152925,5349.62864690313
4559.38244307428,6169.82448773269
4184.95892221924,3804.54431047836
3949.97386721184,3981.461450771
3923.74259799628,4312.90427720039
3176.77042657505,537.798790100174
5121.10608928459,5897.2025182689
4005.68637151998,529.501365775925
3407.46398465989,5955.96671263074
4348.61884197749,6327.76007862107
4136.62225277887,5564.56639431854
4868.84568512457,7085.89556839993
3936.11955599183,2956.33050351064
3599.76176108238,4906.22770398384
3790.7574171616,2546.57361585655
3856.94477773133,5428.90893237851
1104.15697861141,176.007906523715
3408.06316909031,4942.31586260525
3578.77718717075,5998.24970069304
4674.45311402619,6060.3667143475
4299.75785972923,5408.33617866122
3707.91030429554,4895.37258681134
4593.27742001541,5772.0022667093
3921.91663107375,5949.43106185678
2518.48419742616,222.723606906724
4064.21381293201,6478.64836388066
3402.6667826056,5207.60636771094
3600.73545196922,5196.69458793467
6890.9124539796,796.724213669158
4515.35592839788,1878.40269520379
3471.0005527462,2824.65126378085
4311.04475931803,4774.20722006574
3604.72913402285,5143.44315749235
3804.77292758596,6033.31454960476
4358.73788305539,4755.79398812009
3638.84600812038,4892.58808497732
2431.55426516277,580.138440766235
4415.5442122058,6456.6543936616
4072.85610096744,6459.49598095462
4356.57248848796,3073.68805871254
3690.27558962719,228.918251348444
3308.34615466172,2872.90137373087
3455.71066522721,5726.65061808369
3977.0622101703,5514.83861669061
5049.9646739122,6174.37102740153
1994.75430224325,239.261634380743
3843.71272155805,5565.87343990228
4830.60161068187,6144.25020209547
3682.27129259634,4964.48024349084
3445.47405705118,3673.66088433272
3207.28851927094,2932.34742218646
4304.50394346293,5842.98528643115
4278.73856201784,7135.16835377677
3933.94468185241,2947.6919935688
3849.92881644668,4838.31376768056
3587.55385249418,6400.16346913418
3945.76858903587,5512.39493618966
4274.19424082232,5081.38280644165
4335.25938075911,5105.82045716166
3232.46402887529,2973.72106002947
7525.1116222851,467.327425233174
4026.12736107303,5399.07226580176
3565.12849732874,1849.0208094505
3180.99612764071,4200.14992427109
4507.02840085247,4692.65366475594
3560.16121457677,2471.49883728933
4056.92697775783,2470.81677176795
3677.56094205676,5308.02814721746
4129.40635912747,5415.72430562308
4051.60121770268,2127.55323819825
7059.76023263936,811.614109941842
4361.37332426466,2789.41558134735
4318.62497144753,4480.84208621812
3373.36867060106,1140.66997133095
4122.74296313478,4614.56709965679
4211.93162956014,6098.15982534472
3939.1447111124,5152.30916355974
4452.1326369925,3479.01194333293
4056.06659405917,4496.35706826698
3582.64590232751,8054.93349792494
3918.02384746486,5880.83506003213
4344.67443231114,125.086672804103
8007.2331308818,3074.65407153559
3635.49157505714,6857.14779131148
4997.79212459422,2146.59187306151
7817.91557700889,3648.25700936203
2554.01199942736,2692.63120271799
4125.00233589363,6775.93505733475
4053.28449339464,4960.55868388436
5013.8529474139,7558.33736431183
4602.64484499099,5532.51354336637
4131.13623220589,3342.16118387194
3920.49066920338,4619.39779805493
3881.85033354048,4665.99982966052
3749.56844637776,5797.29239361722
3568.38153897886,4685.20887519032
4302.63035877292,4805.80592447732
4796.70117973431,4939.30344179044
3335.03981973108,5322.91772634871
2820.8127075475,3112.10636119975
4412.59859851448,6039.50937904565
4096.82051583897,6087.93011108983
4464.21899506325,5189.98852649419
5089.66570248946,5035.2924296909
3696.7347748378,1338.67173162335
4466.74173945141,5848.78220907997
4358.96092451441,5657.42963619667
4040.70542233274,2802.99832632248
3214.89563121221,4988.86080875183
4505.61156502665,3852.79420900076
3805.45628187534,5729.94677477254
4153.25840009313,5155.94614158166
4200.2776717454,5348.889918778
4195.5860129594,7544.75525361958
3834.23754842968,4860.53481116991
4117.88654550656,2379.77244175603
4621.96774351151,2090.15782256548
3160.01416432867,875.606645209365
4491.39744928864,6813.27359893614
4186.00274173685,4850.47550758155
7673.04728407204,3271.68981900494
4701.43962722118,6222.05303132057
4640.74048933282,6639.59552987335
3996.60009984959,1490.75342011772
4182.01322403139,5559.90610658692
3926.7769117452,5184.75992130397
1417.86278190683,4103.53595630827
5115.73961249361,5750.34954067856
3899.04907134588,3485.88862686758
3796.94239340488,5572.522838739
3413.63799127445,4571.14747667728
3673.90255622058,6601.4049349393
3436.13864602927,5251.70763335657
7789.38881257957,1235.01056374554
4319.47126028671,4041.98726011241
4166.55228318109,2497.35728165585
7899.66228228813,7331.18121439168
2783.19250046582,1677.21842057149
4211.53717921825,2401.4253792144
3986.28420408501,2520.71517149003
4267.87326816824,5115.82309814625
4514.09402489784,3809.54541954303
8811.53717306356,5790.24551084367
4469.64727084612,5320.9857007026
4166.4944951364,2105.04782455198
4267.82221397178,4862.97849167086
3283.63877940366,351.276994900375
3693.71487592818,4242.20541620785
3945.05138103062,4658.21379590659
3830.51694085378,7354.08474625765
3827.57777832906,5816.67227266879
4073.26198375409,6244.44448547645
3575.64765048116,2496.50480546794
4371.61007111883,6816.39934495846
4657.11396811555,4687.19798629544
4131.11495089267,2203.1394601927
3864.64083615718,6365.38277895176
4160.74427079027,3117.44850302511
4392.74000379272,2973.09586853948
4279.62270063977,5077.23417356489
3563.99006954848,2434.27404375071
3593.42422007903,6174.71227158984
3711.87593793029,5444.87890667846
3205.78285878194,3467.53205752569
8032.43071627959,1365.72357922465
4315.4730729308,5558.03074354458
2610.00324713453,3847.2818679365
3989.47915845362,5708.35071134556
4086.8164465411,5640.09595370922
3818.32435697441,3912.07005821745
3619.04428944697,3643.76713229695
4069.44892158563,5342.69551219236
3435.50976896156,2846.64523399991
4997.36923915013,3730.71970346349
4161.01713604062,4221.0639221767
3259.46541965877,3884.39291341234
3761.99592351505,3960.54745286539
4486.91988283116,8428.2047430208
3262.11626655786,1621.46643559683
4660.434769329,3267.48431209679
4348.89123467349,7270.99622638332
3624.88179464942,4114.10691475147
4744.75472870257,4434.80837207113
3948.52339038182,4940.44007670765
3244.06848009108,277.56624166209
1749.05558099588,1125.66632699549
4737.00784425046,5124.51827069186
4503.10588395571,6521.32883587978
4387.88416629132,4960.33118775882
4442.877722297,4470.27112777492
3851.49116440317,5100.70560003422
4350.49216883695,492.844889695913
8150.31655634628,4505.9618024595
3758.06354417576,2268.95053732809
4645.23162695382,5279.04395682862
3821.56033444284,2984.17805898228
3808.62356110648,4241.75084681201
8970.92107955963,1061.67384458488
3182.90473496276,1254.73126413018
4635.07628405931,5894.92924843448
3748.31225860538,5808.09042533071
5723.51514144862,3917.24157794865
3407.65357051423,4027.04059552215
3848.73345140053,6162.94801562567
2262.92320293068,2703.25861233733
3485.09389885707,5319.96281384816
4514.28730150869,4892.64474758108
4184.16142190661,3788.17685224159
3340.96852758576,1381.52282571663
3986.35478414591,4719.42167076938
3250.23551682971,420.611724850166
3977.61557150644,4398.37896926141
8814.52262005671,4831.26646205176
7568.43368179533,1776.50345944699
4354.88887606859,6731.83379168912
5220.69117939208,5771.49103470971
4111.79343849686,5542.62950955849
3966.90981376165,5318.82617893095
3675.50616634768,6167.94912469034
4988.26031772391,7208.42464333303
2195.33720368227,237.158854498215
3847.2208275997,4207.70846189948
2585.67670098757,3559.76989648621
4254.13597682265,2796.40601294476
3586.16746653484,6661.3053413631
4100.5186045191,5914.59328621536
4313.01478665473,4956.35296554859
4279.62138601951,5062.1170983081
3815.82696521455,5389.80877579755
4294.45816358091,5492.61757320126
4253.58875745389,6138.11245811359
3885.24319058589,4908.38722575549
4024.57607874341,5875.89061357121
3262.09943092021,109.344273915058
3652.52419387196,4887.92779724571
4133.17859740351,4728.51475010706
4764.55828058118,5398.90185513522
1711.83668779623,288.477942152994
8675.19643039064,2231.04367826809
3934.06096179409,6488.19601261417
5541.72091032518,3716.9663363942
4899.74668230654,6641.01632351986
4405.91451901771,7134.08838146332
7471.40198787709,1337.59186502371
4262.26065570902,4912.64960669503
3980.57581584342,4095.35243861751
3278.13538864362,5950.28353804469
4617.00592391225,6175.10975552666
3937.1277474051,6323.09979088946
3474.62424039281,3977.02865916493
3384.20712218441,3909.45554419471
3761.21528007337,5192.94386184998
4247.36321156167,4763.52293641501
4508.872875535,3755.95316776765
3701.2246938053,2591.86839045078
4435.59388492224,1744.67768176512
4166.38848415532,6519.05556604536
3202.63190170656,942.270304246475
4200.77359164907,3398.02670548174
4445.46178996703,334.00016001586
4285.44650111833,732.902141925072
4228.86500652288,5407.14245828499
5782.04235360123,3650.92818598852
2885.64118460039,5200.1044926863
9304.92259094284,3079.88267672581
4364.50982193896,4684.69722033547
4349.85228006176,5429.07976590029
4113.17787276025,6896.53210662175
3252.53107591282,2934.05237456228
4282.55412247162,4986.47379085464
3447.07882310507,1141.63608986782
3062.37970732227,1625.67204821879
4244.74014566008,2698.93956879403
3449.20563480712,2561.12258508236
3306.38070780256,1647.72268104161
4525.14814230555,4175.59852548831
2787.26675078584,4696.51856175865
2435.18693508826,867.536558439939
3474.81324026081,5362.41578972174
4821.65073431363,2238.9434600848
3401.31899595469,1906.19358807167
4048.34930301359,2886.42745610224
3637.60887775321,6260.30071171363
4378.0165542224,4650.08694081959
4191.47992590651,6222.79175944571
4073.11995084431,3686.50468975509
3499.07849513341,4962.26363626018
4737.12574763342,5072.06265383368
3583.56309147156,140.147085457131
2787.96341882079,6837.14293219754
3849.56283972517,4099.84189282733
4224.61765458962,6184.94198584473
3886.28030313896,6816.39934495846
3776.36442384143,4903.55652735735
3830.84130789078,4085.74770442498
4443.15157754978,1830.20945928515
3933.68046675605,4712.09020641128
4424.51401336549,5538.99210868132
3428.92067931947,4572.0570383242
4646.12620884249,5748.01918538513
4751.64603169401,5540.41290232783
4190.89270543038,4972.03878111923
5724.45514138776,6776.44671218959
4462.79371590844,4807.0563074573
4368.9037582794,4390.47961029995
3441.6204423133,5278.58896457753
8194.58462154609,4256.81125946504
4373.37637743375,5220.22309986301
4609.32105038177,3299.65091111172
9188.69842180485,460.337099349572
4508.63112627373,5941.81543876938
4033.37308681458,6360.09708830254
3198.56458073466,1642.21002283591
2592.07668464863,1730.1855865707
3738.70136391364,3642.28967604668
3981.8891898967,1937.28042620078
4511.65508658865,6200.62737856012
7823.94889366086,1735.24356966676
3544.83975901645,4955.50048936068
3492.63715104179,4234.87437470499
4327.4249716025,5320.07613905568
903.842757769515,1873.62887083704
4262.98598909434,6195.28502530713
4108.87355934263,7081.74651266791
4013.83600124457,5819.68427062835
3695.4576782549,1951.14732990521
5058.49499257788,6278.31645972245
3302.84892491443,3222.87139159631
3928.70932832068,5208.57259196162
4049.99599159655,4888.09820791225
8395.81440107199,407.426754524843
7824.73083346288,2511.79250281888
4489.45143166438,6860.67102127063
4065.47896983502,6783.77775369245
4112.89747896098,627.024631101134
4294.36820340907,5044.49925709135
4151.34634438418,6430.96635996161
4022.13771993586,4515.96402058885
7780.50035895044,2310.77874456693
3658.43859839564,3096.02285026466
4177.95676938118,6661.24867875934
4033.81355809136,4573.19367324141
4524.28163928592,6865.95671191986
4200.6070373299,4216.11989857104
4168.04798061445,2027.01771062896
4088.43291353487,3072.09664297187
3128.22769325676,3019.0158346237
3439.36016856765,6703.0200119668
5101.91827450847,5433.05798811053
4390.72118253167,5812.92112372885
4376.74618473271,5211.13002052534
3949.15640843751,5956.87585142241
4348.01748227883,6388.62670929555
3850.38866452381,3807.84046716722
4245.28336475734,6019.84576412002
4330.95978743431,5420.27084529192
3486.2457905191,4822.85544823546
4110.36157259152,2858.52302659922
3773.6681021054,5057.34306251372
4149.55594425289,3130.91749993747
4432.6518978887,6233.70353922197
1280.32027890112,1138.11254276723
3502.7272960735,4738.8011269657
4276.00603496498,4091.82878580311
4070.3398723926,4706.8049386173
3311.83305749773,1601.97323133773
3311.03533725397,5526.77328332131
3955.71992923268,4904.18150741971
4961.22587404802,3172.97299187423
4686.23639223067,6378.56740570719
4052.12472363634,3330.85170873123
4433.29474574529,6954.15924321113
4556.53155275756,5590.02693189298
3039.4750366829,6583.27543886771
5024.01458273911,7128.74687392084
4177.07172368151,5293.36521850126
3352.58599086788,3363.64349923615
3038.87066700898,1492.11744544666
4379.4696444959,2560.27010889445
4198.28573886482,4656.50884353077
3690.84940095415,6800.08854932545
5190.54614918373,5452.77826563991
3471.24016249386,4807.85169818619
3174.46385163764,2726.90066090082
4540.79351070744,4346.71916598738
4039.29365060634,8137.1120332971
4611.63213801574,4914.9795391332
2692.21261792733,3814.37611794117
4147.98856987267,4835.75633911684
3999.98522888257,1704.27026817279
3720.51183230467,5343.60465098402
3498.85692122279,2983.55286749229
3813.23716515485,4687.70964115028
3020.06149025573,992.680041681962
3240.88965760119,5198.85410970632
3994.666712396,4771.93395023132
4189.96671145459,6958.6491202762
3652.97115574219,3783.63031257275
1314.19588680911,1035.53124148905
4234.88586079184,4492.43550866051
3512.52924226716,2577.26275862121
3871.45570817551,6865.67255319055
4094.97407861862,1124.47292376071
4448.48237037202,6804.40759286875
3989.81745114397,7468.82736458157
4183.81424104471,3574.71656107646
4086.04933681339,6349.98112211042
4642.53790871694,5084.79271119328
7560.85632702887,2013.15080692452
4389.49593951025,6021.66404170336
4534.10177770152,3830.40275484488
4213.63069633367,6573.32988334212
4671.86246767908,6480.75122304855
4144.55809782843,6729.61718445846
4442.18588824576,4993.40734842067
4358.70118987478,5538.42379122271
3660.4306779144,3801.58897512256
4450.88899434701,4668.10268882841
2032.96024722086,2415.06499822092
4235.33426792562,5175.9510006956
3409.70965539207,5491.99217028365
4372.82456510272,5612.13465017481
4121.92976372538,1438.29780325954
3578.73576749591,5720.11496730973
4174.58967813162,5603.04157083713
3221.50213904296,2780.09521731175
7675.76400494689,2582.94593320726
4462.08793985741,2114.8227579834
3194.95890194255,3494.64067344457
4172.65430947454,5692.89239190046
3798.01973268664,7065.32239182738
4730.94514591781,6627.83169676443
3819.8117620454,1485.46815232374
4071.32576529224,4709.02154584796
3957.4027244546,5742.16560013255
4060.61201012727,4369.0539575395
4210.19070608865,1583.33239755273
3956.41084912117,6438.86614177832
4720.75551418144,6525.13664742348
4247.88301710134,4524.94335186375
4351.28120948365,3029.98448843135
3573.16855393541,5569.85166211251
4200.00051986293,6498.42572686906
4058.06999954561,5097.18237007507
5089.18600235133,6526.04578621515
4473.26067696899,4206.57182698227
7909.89126824603,1572.9321669175
3810.95374412622,6164.59588254247
4051.74308493572,4195.83088072779
4684.32128785001,4926.17547763877
4414.82426368386,4880.08510088802
3204.67359482845,12.8439747296472
4965.78767938768,6180.9637636345
3153.52319511032,5505.46137862363
4759.64522547879,7129.76933792002
3977.3874028362,4811.09119227129
3456.91985242411,4065.23161331145
8395.55264098282,1087.24813022209
4628.46735331465,6216.25610867175
3166.67724376563,3064.59497937486
4477.22278196794,4472.54439760934
4037.72472357812,5406.0629088268
3436.75797700378,1947.05557105983
3211.06065985383,1238.6478589089
1471.39393959642,47.7954951302881
3733.06436878731,2487.69588485956
3949.74112764319,4576.71732605581
3863.59192324954,5285.86376633187
1833.48886217501,3204.57148485818
4178.83048581796,6370.32680255743
4751.43127578731,5740.63105842326
3302.49945982088,3206.44705932815
2199.17381292333,404.187366153558
4713.52906042785,6237.68176143221
3455.908440241,4721.35369641549
3553.61322884704,4246.97945200223
3366.15180678522,655.610967554813
3228.02723681695,1529.39900730285
4322.92973406386,5941.81543876938
4052.80985802787,3694.17697544625
4474.71233550707,5314.05214313657
4382.56234173506,5434.99001375663
3999.3574968914,6302.24245558762
4369.55721834057,5172.59775854773
3839.22694727052,3310.73310155452
3860.54419418858,3373.24802200105
4091.28679478412,5557.46242608598
3561.93264473466,2500.0851208861
4135.96246879592,5445.73138286636
2385.72189835549,413.337266665715
8182.49866410854,658.73671357714
2414.71901834413,1253.59462921297
5132.73439192597,4058.52512901571
3891.00609936075,5763.3070941637
4198.31643182707,3235.31750165423
3894.20337976049,6158.34439049782
3851.01520898485,6879.82340419666
4309.03624251223,5244.14909572818
3843.80681894033,371.963760964973
3967.02533987579,5673.85375703719
4195.00016732298,6089.97588479871
3722.84704420621,4571.94329026142
4540.32538467131,5620.54566399111
4347.54812106526,5987.90623837538
4992.61484097749,3986.23548656538
2741.03079329659,1601.40491387913
3615.89498080384,5927.72125036703
4124.40895097613,5056.49058632581
3166.57157005922,1478.76198516944
4062.03947170004,4422.70329477389
4106.8063925129,6007.85401203031
4210.98340960426,5280.23725434958
3344.22613506295,4382.40941781671
1281.89678240251,8434.69506356573
7884.44842240508,8186.2510220359
1655.86930558677,8941.65581402698
8240.15570301592,7826.74205820167
8356.3799157739,7830.59178450236
920.409970926644,8908.56995020689
1462.6358819736,4618.83156857019
1999.39218811482,8910.80615579799
1859.49696558131,3735.53930900337
1243.46906236072,3911.74193685185
1211.81266603803,8941.73123067105
6793.02937364568,6924.92963580561
1781.17964644121,8797.16004471439
2081.38460487891,9168.66337517979
7461.78050171795,7265.47910558185
6682.51772930987,7533.51880880588
1620.87043462525,8989.12285167239
1783.56320326621,9052.55652255348
1093.65369212182,9389.09255091536
1337.22384590494,8833.03746427962
1826.5577284549,9198.09052429687
6965.57671842689,7748.63971589107
1697.17086902027,8888.22487769684
1814.63253592653,9151.53673202875
1710.22081329817,3806.3251217871
7072.79523218359,6949.6770620147
1209.06070949036,3616.29925180128
7525.39494615138,7291.47780423136
1870.1663861501,8841.7362295814
633.443445003925,3398.25153196302
5727.71489434586,8938.82406485421
1458.25337221435,3337.8326867697
6812.8180737594,7169.24370462774
6743.10902163248,6925.93186947302
2227.10468224465,8897.96496900491
1993.15175848254,3869.86928714551
1165.48570817129,8542.42760078966
7900.22337885387,7703.48194269993
7387.09360565594,7441.48457800077
1248.14124218245,8918.97579926171
2521.09693136891,8139.15793026857
7511.3051894216,7447.59853243551
1630.57693678295,8379.44444568233
1401.23156549999,3932.4361417902
8372.02483674558,7543.20616143426
1565.58040951824,9041.39430219846
1021.1051466823,8573.27377140635
963.761869801126,3276.74071908204
7000.50390827987,7304.18583046382
7529.84086633875,7224.01151249447
1649.18066838128,3560.46133442352
1081.14971651132,3376.89534945321
7763.94194521554,6968.10702378141
7858.07052715185,7282.22512680785
7682.65498241494,6911.57489011603
7576.99187678807,8180.22785108882
7456.42356241622,6697.75277174866
1458.02350735933,3772.83549154316
7314.38823986897,7621.81711619787
8352.9762623764,6620.12443489752
1800.61618955511,8311.00394914403
1831.08223030312,7981.28525330162
2100.45016580145,9153.10442216299
4298.63198461181,4137.08614050543
7144.2747188023,7856.80257608695
776.92722520833,3307.95658133536
1193.13732164604,3408.75110918804
2921.4765978863,3871.05955889795
1675.64499725934,9281.4699552709
1311.07565945288,3601.71595637878
7528.4683915276,7349.75260032026
7524.56450209953,6395.95023019524
1826.28821697482,8884.79330346918
7457.70017961722,6615.45414138101
1370.9636737875,3765.92419674466
8187.80128169181,7752.02733985323
1888.8034620214,9347.9971207636
1372.44073065153,3809.03374659355
8228.37299503614,7564.33522105811
923.07586921718,9395.55770174715
7966.34529002233,7993.31146156505
1523.48158680334,3846.64942979802
7288.51269728295,7175.0227409156
5628.09111226938,7438.43739928903
7567.52353399599,6534.7660448788
7831.02605635883,8506.74991558059
1865.99034103594,8646.56520689844
6937.87068198864,7487.29682877537
7650.21621795867,7895.17797496429
3257.06213192217,9336.71032172537
2148.70131515918,8768.79423467022
8050.03418077843,7686.8900954175
1786.61834336943,3925.16459762947
1058.97663058976,3327.81777475769
7636.57523651751,8226.25348276374
1990.21860443585,7936.27540201005
7575.94334398152,7570.61544410648
1918.83178636293,9042.00627632456
7779.01070033399,8792.70825271501
8390.35177949263,7783.13594843535
7345.94368878998,8522.04589418866
1838.22760514282,9173.58078632514
1304.97863011232,3575.43422170909
7223.17084545013,7526.97496352387
7683.38816438698,7800.96206842372
8116.72141881855,6523.20105035674
7625.20317555366,8266.16604701623
926.027466309274,7947.24563385773
7538.42249902795,8248.44671054448
961.466061429626,3268.11588360725
1918.19936406067,8930.23264839752
1090.81098509202,3110.7218761349
7781.14667221437,7445.36780736869
1397.67807770028,8834.38495382654
1856.02922579322,9408.48866253515
1383.16684956445,3557.98282271301
2172.55893658885,4036.23062316527
6893.15530395264,7286.58375988219
7355.69046076837,7360.10976350692
7976.88286444166,7236.8718991786
1637.0888017894,8245.95273561968
1052.25073734325,4498.435877265
1055.75167717897,3566.67140031294
1622.88570139448,9088.29473899207
1364.31375529476,3717.59210101842
1508.24415532966,3615.95501340696
7078.75993804265,7291.98692487702
1138.98899966277,3798.99866836361
875.783785133698,8770.61881040363
1799.03648935831,9146.82714739492
1103.55705989948,8819.21453176481
1322.99647935431,3921.92883199196
2267.89947041306,8747.90540965793
1377.76084866614,3752.63911071868
6422.98983941407,6946.73604788523
7836.72919445225,8165.5636868629
1053.40079157169,3620.35650474176
1429.10061117549,3854.98007328461
7197.91619886785,7350.014301573
1690.79719552408,9311.89843868377
6969.90805183952,7477.92441974568
7306.10464740402,8371.63888991427
7775.66953286324,7359.1679065136
7118.79120849048,8261.18446434442
7824.30820868739,7876.47983358559
7817.72383667032,7671.32792118724
7359.69868112673,7553.53054358147
8140.63758432446,7705.48947430659
893.569870575011,2388.68010494707
5199.46691930119,4672.08551071596
1701.82409586804,8141.9874104161
2324.94891373216,8949.16515969796
1992.65185016706,8802.28290031358
7500.22201385818,7122.21500916796
7346.13233797345,7266.86557054983
6453.33780289158,4132.53353841244
1189.88369382664,3305.10823236324
1124.96501793943,3520.8848409264
1438.75761589715,3687.24405949611
1118.63837768669,3472.43038031063
2976.77609280557,7267.94030733855
8326.93030690818,7745.40745307652
7317.19943175449,7547.01066946681
7582.51500762477,7863.63699449999
2563.20538959009,9047.5865375173
7521.91053417544,7337.72528334116
9060.42924037415,7654.95055266246
6823.35212147896,7715.4358139949
8163.3761020387,6470.33531010864
1459.15553678985,8981.36238097048
6102.24290410893,7884.94208861465
7569.71541966895,8128.67729209193
1025.32902456619,3617.41619679726
8158.64839363497,5971.20398759872
1875.27154808996,8623.60921443377
1859.70820554832,8199.8272571174
2903.42257757978,5488.57483945201
894.425591915467,3206.58611835973
7304.78990076863,7880.75523658028
1763.74913574663,8993.73822605237
8072.54704684521,8404.65047433193
1222.95984420867,8916.69912156359
7292.98218193781,7526.20130268757
1778.80047107869,9304.95540512685
1516.89405779115,3523.02143097276
5680.44468912287,6466.53039527573
7925.588761719,8082.5153326611
1361.30703318902,8968.32263602021
1739.74692654724,9235.23909360031
7953.60675676371,7550.31779528451
3505.67632823926,6295.64290501383
7983.08909348828,6808.20269605432
7929.13145246851,5409.04875041241
1682.02335658637,9141.36817099211
8182.11231140627,8688.98130731801
1443.02775175537,9239.10805393691
1352.8069963822,8581.39234662328
1216.94210641927,9177.96344775783
7619.65956716198,7501.81745110112
4560.71427691075,9068.79725450858
1628.30422210518,8071.02114653887
7706.11378846659,7429.5095216166
6149.69238287039,8818.78541745027
7402.14458906917,8025.59385840034
3937.48923844971,3830.58068658026
1020.73917169694,4670.60306223142
6242.57413018396,7987.78880165777
1124.00871144341,3441.35773241505
7709.93867644136,7943.91190675363
7809.59976312616,7977.27029902747
1298.31328150789,9081.71690378804
6174.26277515344,7813.31072786644
7509.49358380331,7026.22591635058
1577.82511959033,7652.81797027396
2467.25436019611,4276.21080217859
1915.75452660396,8619.62193951673
7098.96294524071,7283.36670695231
7797.79531301837,7674.8632823625
2215.62111461731,3856.68598138981
8145.68258892323,7845.31654228056
4825.00688913034,8598.63889306008
8955.31627115233,4060.10688713409
7899.29714580053,7807.8218354127
1542.31061127139,3650.52041226928
6595.56372748927,7724.15194815545
3510.0315683495,9496.23786279458
942.762560598767,8012.33117989731
8106.12717158427,9010.94486632524
1318.5159725003,8982.19421723231
1305.38860740694,9264.347011752
7408.55650818206,7489.66098039178
839.466833980178,3252.70948409984
6923.36859423033,6996.89471337535
1018.18861132672,3575.84611511017
1672.52080218157,9299.5941134821
6906.95339327159,7691.47782149321
1296.14118349007,7760.43531712286
1578.59203442097,8877.33326028346
3969.6379665794,7399.24370851513
1429.90793455281,3620.49133938913
987.92229959005,9084.98533549435
7745.44066389815,7521.3001777512
8100.57125536032,6547.66458243532
1203.02714025283,9256.47716292643
1797.36754534639,9153.77602268504
1221.80150716212,8815.15503963692
8151.37306092445,6467.85211548581
1700.03261841931,3693.05880448314
7250.87790786608,7329.69424901779
6739.19043175907,7479.2166039282
1426.56219350697,3712.13442749475
1977.96688550803,8943.81394382889
1675.8709620458,9228.06214839589
6055.33211772669,6892.64394865475
679.298261936943,3230.70924538196
1425.05629597093,8946.59573015259
1232.03932048604,4094.6266052207
1085.05904308322,3338.38316131669
1521.71126977193,9162.81895073407
7604.32696846921,7979.18329825286
1660.11612194834,9004.9761743552
7618.40059441094,7485.98644921828
1413.91853525703,3835.61060274705
1182.51109520733,8895.21949620463
1157.15319419519,9033.65726199207
7886.71493046723,8899.401338779
6998.90432604033,7912.86663543724
7290.41770518717,7575.08673764683
8540.53244136231,6877.51336735679
1630.73228769564,4061.47351832221
1836.55152134959,7910.80227114495
1646.28480554213,9178.26667117418
7673.32032139379,8506.03182364493
2310.47690515814,8938.53590778745
1752.37818881124,4221.62592399705
6890.02920162867,8330.48762264227
7631.35939693681,7570.30736744146
1328.83550596753,3286.2739736128
1974.53224291084,3840.03037466729
848.654836770879,3250.93712618399
2347.85206256857,8664.8616006504
969.699421207221,3346.16467866186
7426.17942119797,8101.58610956859
5790.46539584335,7214.12942515583
1888.93973552768,4230.61095421646
1329.92238909769,9238.04777591179
1076.71090906694,3135.33929920075
2961.78092511021,4357.33788697719
7993.85751612416,6452.46176638014
1462.71347992509,3618.34381978678
929.091020096015,9177.32526745165
1728.95240138949,7879.32237140137
7723.82536813474,8089.50911078354
927.17882599073,3245.61340430997
1028.28309922188,3430.62135243968
7901.54772357769,7361.45188831548
1353.26611134233,3348.32607198792
1652.37367588451,8864.78831572274
1517.48425830775,8741.21298226899
1097.73994128146,9407.79855362007
1605.69458542675,3747.44004613948
1708.7799182335,9053.98605283883
1858.84072756029,8734.93879850532
2892.53310552895,7905.74016282784
1245.62947982938,8781.41060966157
6537.54347267585,8148.11572191581
7611.1761633226,8206.05834944212
1167.01736502167,3346.0349210928
1356.71373134182,9344.47588723125
2018.45357717933,4254.29714679209
1818.90499329626,9234.55749817802
1673.94174318982,8850.1836735496
1087.86239281772,7481.89404353911
2117.82104149039,8329.83744948988
2082.7318791062,8901.31647538182
1400.54955980867,9005.45075205623
1592.19882020941,7864.15302522471
1369.0679781746,3358.54315576408
7257.90155327304,7373.16713327877
7374.36894356544,5980.15632642681
7879.91040346834,7574.31967248754
7443.83159261903,7546.77954425193
1858.45670910631,3934.0160016054
1447.17789788829,8227.0067874637
1296.81625008689,8263.46540653114
1451.28785835807,9467.48772448903
806.910200240817,8064.69986857463
6241.80737493012,7635.69927415108
2017.70778703395,8945.74207002463
2125.58678322676,9096.73385231025
7989.03860622396,7300.13121548721
1578.37969048364,9149.54540052701
1024.0561847719,3093.75175950792
7795.06842509433,7378.35233241861
1695.03971731383,8800.54429479783
7243.29516372444,7581.4196719754
7544.95597903891,7555.92696700852
1355.60548198742,9261.63179150252
773.259228090601,3513.25007885068
7503.50995450427,8562.61181276665
1521.03970391818,9276.37165586316
1692.59820479104,3517.60082445968
1029.40686432846,3142.09915720844
4416.74990480229,8480.51707583241
1046.4845519421,8991.68458958005
1951.736337488,3816.24787637095
1970.31257684922,8947.98903047201
1513.39728879117,3587.24337701267
1539.37478689481,3840.64432646118
1448.62310967725,3645.13372509554
7591.60828839077,7041.98399320437
5892.65183029669,7639.78192446482
1938.62178134642,8391.3048546318
1778.70856451126,3606.48790993387
918.7030127204,3272.66474131594
1824.84739004114,3522.93795512875
1098.9054838532,3790.5715003586
7798.44850285706,8055.26744008069
1384.61183894491,3705.12847334033
1511.46074629683,9163.66435948546
890.222267456239,8930.85588299116
1185.73724625973,8838.42777968054
1870.84977620577,9011.28575972286
1385.5930803576,2558.8294696246
7889.01752717575,7148.38967177864
6935.86170719239,8155.64632671162
6880.3403660358,6865.27590511118
7975.73419786836,7480.28318243533
1637.44204831829,8970.32680167937
1126.5974159034,3727.5574768518
803.963517808075,8367.32810353309
7967.39550133399,7470.96878206064
609.267655133316,3128.6692681391
1076.88618943534,9389.45807822459
1232.70518481259,9012.60347563764
949.174457431556,2947.23368615889
2157.96733809347,8990.40072448184
1575.88120020081,9142.27147943336
5998.78904284077,7942.40047412902
1243.73081390301,8879.78656345084
8595.06539620834,5195.16312877849
2801.77305657889,8814.09880510638
1318.29870194522,8761.32242997041
844.298450807723,8979.64826874504
6948.44234327162,8459.44661461772
1886.28565930919,8909.1499395772
1145.32395285578,9287.51714099272
7540.38070882543,6404.3109965132
7270.75198361625,7964.61852463464
1067.57440074786,3427.22668363158
1655.16546217041,7748.74229436681
7090.17491429653,8328.97038432662
7772.72404577848,7330.88322548418
1711.46510172799,9145.6808672278
952.135999976296,3622.87287727951
1413.13924467921,8967.99640110156
1762.29396258927,8880.05493976389
7314.57268369957,8088.17054591153
8050.38665212055,8610.0600203194
1313.88345902486,8637.88084761393
1287.49035363034,3912.32536555194
1220.50343895565,7563.45258897894
1970.94288847212,6313.34611922396
7699.9287395768,8039.51045066953
7650.63815579233,8524.73903488061
2861.92862247092,5858.68852431466
7037.37275213629,8339.57992803811
2469.66700636468,8800.638000769
1842.39542378036,9190.34849883517
4774.91812508418,6924.55896384388
6682.54831675245,7251.88525291992
1512.11813616079,9306.45027119695
7527.37374927506,7058.37310693242
1114.97142264331,3436.01226806596
1210.23674690301,3420.45899012397
1842.54041993911,9214.70048629061
1023.34062863811,9193.56098304623
5942.82540512509,4100.82405959442
1371.43048374218,9069.50985648749
1131.41753331971,8865.39006414776
3089.07833904244,3842.41669517274
1336.31913759149,3935.75269315201
6884.74230423594,6572.08101769331
743.095667456023,8855.95105188677
1470.52222628518,4005.52930598758
1781.20809226807,8582.59924584289
6734.68443632252,7474.26239508381
1570.95655502202,8641.8624243905
7297.79128740115,8042.9601969166
8116.61431283987,7406.53757302667
6177.32889025746,6996.70393933244
1540.50300426491,9116.43533812428
1074.44341389316,4059.66518477289
1523.87657365087,7813.2740687398
6874.8271033807,7193.76969831157
6132.55131783225,8201.94945622839
7535.47365086372,7379.6345681293
2336.78933878404,8674.91395207709
8809.86373796918,7514.63584188325
7729.29002420032,8713.36670601346
8116.12561811422,7199.54538536135
1342.86945805954,8941.86507721612
1864.15666996575,8799.05090600904
7656.31618525396,7174.60913975168
1593.20622092835,8962.65101887363
1455.19313952643,3670.09306839522
1067.43588809394,8013.44201340244
7068.93910490498,7056.08157775933
972.286194360561,9127.24132204106
7135.45434000693,7823.14711391082
1966.04868484598,9244.08360827303
591.86276947987,3317.36098266789
8379.56512904347,8013.99400495111
1710.39227589106,3523.96284585955
6628.84548866722,7778.60339947541
1745.85185610923,8659.59774774869
755.11476064318,3456.73876549803
6763.3724948321,7826.64101774599
1325.93828187183,3376.94764217506
7831.52664536927,7264.70309546173
7322.43986385257,8087.47411257958
7559.66145224817,6927.31557389471
7371.40305442171,8324.25967332835
1966.48123772895,3824.01612776515
7833.72107804764,7421.78081623046
893.299183430126,3458.05803117908
1172.91842923037,8996.18568905906
2546.9069148587,8988.9007867259
7603.66590160997,8027.64661145649
8096.79547397148,8567.39375899839
7705.94895619889,8082.21295529004
944.193045439373,9141.67075985659
7296.20336397166,6979.86262514172
7205.34570242546,7417.24637684418
2619.94777065039,7946.0513854976
1902.68573196707,8328.51792917959
1196.37720281832,7960.15940430445
1094.07556976411,3620.72588819441
2155.98957578613,6734.48743083052
2237.70924912094,8634.24405316819
1555.86378812361,8018.56742806427
2155.95878604184,9154.94754114631
1202.10036102497,3596.27288441133
1572.22396868531,7955.94604464624
843.147546302383,3195.51848561908
974.778250230056,3368.05351214877
1236.87529271361,9221.0995212932
7621.82665754704,8482.91470987703
6884.62482722599,7767.96087164535
7634.80289960186,7865.8573208827
8549.16114061168,7325.08843757258
7969.23735994818,6820.06156525262
7278.70131955922,7401.54075832471
8164.62385221841,7744.76777039042
7678.33504074233,4152.53712535586
1649.68976451707,8409.30994068185
1130.79326001347,3685.58531626809
8029.74773258054,7089.14015579222
1787.31318555664,8315.89745407309
1020.30775891959,3363.11798494901
7318.95536497798,6432.58285827398
1210.41281410983,3213.23291015987
1035.20857300384,3368.18528313118
1389.40796643634,8538.5837671047
8455.67273382773,7606.10796492977
7447.20140908651,7882.68890998528
7534.87992313472,8698.5474185498
1066.76866120914,3592.51690352312
990.862616653286,3213.85444228569
7276.02950707491,8252.25421844866
7298.42933779913,7883.85173622238
7810.07512776085,7073.06139170839
7260.37110293342,7041.77018594858
1612.40751394583,9256.41021159221
8399.53020164679,7523.77533896148
1210.95147131639,9167.03664683158
1037.64936413812,8716.87804848241
2152.71382746646,8846.96790922198
1519.52246255514,8887.56489285929
1460.34965152868,3962.83465738052
1526.43079568534,3431.3095178126
8490.57204992507,7004.65298762582
1666.70413638605,9299.23954850249
1583.51534758371,3447.61526446198
7874.30125970346,7796.59236965238
2517.55368095751,8431.21367049197
1500.03872962333,3659.1244576763
1107.17382114284,2935.315623819
1481.553116833,9223.00120151085
7428.41325682699,7269.66048162167
6621.44048075138,6907.76149502702
7528.46641770594,7667.31920853025
1540.79475290869,9013.59665368355
1600.17713817902,3180.92219195991
8119.94343312181,7970.07393281193
1850.56639633538,3734.69622318504
8407.32109635372,6233.56106389987
8573.31951576236,7029.89959968189
8339.72197611146,6524.37637034313
1461.81117002801,7567.4620460328
1151.82509690644,3723.3999937985
1247.83714209062,3240.87462959296
6649.13631665099,5300.41901946364
5546.64906974696,7219.40816263259
1386.38683118818,4705.49868866715
1468.91577631546,3824.96564816789
1172.98225769744,8939.86644735722
2464.11604412293,8992.92420240386
1303.04504958532,3807.98023076421
7093.05134468896,7217.74486467853
3738.84589302898,8193.85114647939
1738.88612458888,3719.18199145163
7878.53199748076,7682.02777389076
2120.13676125451,9075.00103488587
7706.20138781449,7361.32302571172
3588.7513399519,6529.13196521515
1249.72604815146,8863.04165872774
7886.35312094568,8115.61726037998
908.209507308478,9156.94695239157
7763.08157812219,8033.00411197713
956.789102988166,3670.54300892789
1735.11207967283,9142.18109353247
7361.22589111593,7808.71972158071
1013.01069075023,3222.2341110028
1794.63280225132,8974.07070305109
841.816477449783,2849.03614843297
1851.41689353644,3948.13192662115
6682.45658746639,7268.46131685591
1484.68282294253,3914.41803251929
7406.11142608951,7893.71844794305
8228.05900134645,7742.70050001079
1336.25055226816,3556.15380111081
976.284935925995,3274.16665539277
7032.41022411743,8141.85762875041
7331.37960986165,7954.25609691235
2013.11125820617,8487.42202932039
1850.52868530886,9062.06534531011
7911.68244698532,7989.30756212725
8397.05480273369,7370.31364060649
7062.61607553997,7355.42900508269
1061.155042014,3483.9785058827
7355.48802743697,8026.03001683007
7525.26841950151,8287.66276272336
8272.03132699047,6897.33622931354
1277.3494487633,9220.6901106112
2166.60305431505,3750.09828641284
8087.70926446534,7769.17106237592
1842.12610184663,9181.72702561537
7747.05437008139,7350.99311426439
1780.73767794211,8890.08396885638
7918.29327340747,7583.08272641955
7470.4736685239,7775.78247949674
1468.35704167845,4129.12650522987
2041.63728600106,8516.11260779011
8108.48888309218,7390.06291674999
7759.40957253406,8177.41920937183
2010.36036830384,8338.39175031938
1341.48323220693,9033.04272120282
1127.36452932528,3147.54394991691
1656.62046478865,8695.44672847022
1459.99673340769,3555.45832275753
7811.06465426587,8111.36973097325
1405.67119977883,3570.82948273847
7769.64073022452,6680.43310846636
2056.71168021706,7443.116053036
7959.15977452875,7971.33413284444
1418.00540488736,3149.06645139511
1912.02830856738,8229.0912460468
1413.00584103809,8939.61612789487
1233.65451277446,3629.81487254158
1483.17887675628,8836.65880979357
1903.4731082503,9263.76081336153
2394.90373812407,8945.32096272696
7130.98295749411,7787.86216905091
1417.71606008122,3653.71703672061
2451.86848155985,8413.42858884521
1455.40443769241,9197.40142081659
2433.84690646761,9263.10448336254
7622.20927489573,8131.72969796609
1515.84197793631,8940.88164648103
8589.17128519806,5843.5160954356
1186.03097070553,9129.53452371078
1744.94017140802,4020.6418136704
7313.45984902743,7492.50797222387
1061.21511614871,3776.41047011875
6899.03330085772,8036.79883226414
9339.78924764796,7110.07065747305
1563.64156869458,3594.03778105713
1768.49772146651,8740.53373414568
1573.39107335716,9026.96910871116
7456.53539621689,7982.88855127102
1159.21978968248,3295.76191691019
1819.31456605291,9418.90608266162
698.876716419824,7186.88572160367
1377.79813939659,8320.41121648014
1672.662958462,8504.6170577211
2149.6833329643,9253.80755317252
1722.76442650766,4160.02255331284
7319.98061662096,5769.23962610446
7007.61609382068,8076.66498267824
1055.90303484925,3387.10399860769
2172.26205404726,9253.21330867302
7541.72009082632,7741.21069002592
1033.34997966277,8272.26225732341
2291.4645575036,9209.87427554162
1492.58115028462,3745.09960447793
8217.68973561903,7203.32869976332
7471.15299798507,8444.80640274869
1707.94807724419,3583.63936704445
7730.58123440312,7429.35355047088
8080.19848351781,5890.68995609946
6487.9908475208,7861.70916369302
2129.19245983183,8572.36504520753
6844.34804512215,7686.47227508319
1431.01028840663,8904.03589674378
2464.98984768318,9020.71135280791
1262.69341991697,3616.95355624441
2109.845934336,9092.04490286522
6024.76334093028,6845.74833973207
2060.94221646122,9086.79571301102
8177.32375351443,7097.69515518094
1234.86796243745,3518.70404103501
2339.44201720491,8496.17029049382
1861.71544436855,8907.70110043153
1051.19501452743,3415.10244110417
1785.39289633724,8318.32365850944
7371.92048301628,7549.59441180325
7951.13312810115,8030.4986431747
7265.00736754014,6309.61714671018
6781.57035097126,7261.14977658337
1869.43983752244,8434.61343967105
1014.12888286111,3433.55102618197
6500.56610273968,7491.3457161197
1459.25615886236,7519.02802023908
654.941259971238,3124.39438076518
1434.23588144738,8624.10970468088
968.799868051781,3457.19408406499
7621.89211158196,7655.72535060965
1162.83928475017,9047.39741599798
1009.22072867681,3477.24504447428
1942.14099188021,8738.07798931619
8533.76541378478,5128.74129067487
1252.40452574788,9001.49180358281
6386.48145842738,8194.37533474739
1488.65431577383,3939.3633884728
867.736884459689,3757.13939084946
7458.64308938827,7267.20310861973
1531.50387053218,8625.99206241521
6540.9521869792,7471.71171809584
7462.80859880442,8127.02387237955
7504.8060296565,7276.82759298979
1588.68718940111,9266.81096983163
8364.51390646106,5964.79626819711
8508.3809480284,7864.74147850936
1302.54383984517,8842.82023339611
4431.03025162147,7355.14002729533
7574.29167127739,8066.68631064837
5436.04742990897,7551.60221883888
2807.14436409964,3570.35473174689
2342.45818615522,3802.70820466426
1044.43466363353,3277.29426454203
1588.5565824645,3855.78241307157
7637.5335635587,8215.28400620349
1241.15000410107,3183.34272740276
7734.78543691751,7775.46908344317
7243.37839203856,6801.55162771469
2006.25682457699,8961.73861082249
1687.06280333694,8434.92175962245
6896.11812943687,7643.4611266123
8074.705504431,7757.37365380192
1096.39133609134,8981.8578887911
1049.50995166979,3549.27818772052
6455.73586177754,7046.19295969198
953.851785679723,9044.39286428441
1427.86147719777,3743.62720717767
1961.08897982693,9062.3168845545
5122.26188012645,8131.76453028707
7446.03087350167,8429.05763428256
8062.42234860129,6125.98592755953
7431.83885011171,7950.51337014139
8228.61875611001,7420.59458000499
1435.27861011922,8325.21143398502
8638.89627223952,7251.9191670231
1944.30737974444,7911.35749372768
1592.15448998779,3622.52503311074
1517.79239229624,3614.46326391643
1277.21740200255,8630.37677465003
1995.21978838388,8622.91745514582
2327.5014864268,8895.56604354093
1111.15116273868,8430.65926954684
2082.53903057503,3570.43634733455
6891.92407698751,7437.2173066488
7474.98189449035,7810.61348717922
2068.20463592202,8221.09725466975
7828.63338436183,8367.4814098909
2388.06557939117,8277.19296136075
1726.64087429651,3676.37910880826
661.397213791523,3569.00380942775
7378.83816602284,7560.64056704321
7362.91671747315,8473.52089739783
7517.85763629915,8040.67678807258
1077.92638148795,3201.95750773086
1478.89106493468,3891.86457489209
6764.16502912552,7249.77894950771
7080.11213384154,7895.86445878705
1690.3392084482,3483.57608716133
1393.4578291681,3428.50686368068
2557.19351085264,3303.68926928909
8049.14499818614,7492.48122144155
1892.09741982064,9077.91171417627
8103.77425783922,6973.05487694076
8183.25866355078,5823.59177165802
1184.18971916304,3618.27773010736
1402.83353355514,3473.06531589036
7286.45058156669,7554.57979583494
1142.78946570413,3259.92909986667
1007.84854319724,9408.89252217694
1947.95413325157,9094.18705593874
1276.47576057809,9444.14670654132
1321.84700852494,3879.50649593388
1452.56702092859,8870.16804223693
1323.03823074866,8935.96075157409
1056.56918372067,3437.01291511684
8587.64399100393,7760.13352310381
7392.34009220395,8160.73246157825
1557.91430928983,8877.18181324553
8065.84732249179,7663.95429252031
7264.04080805988,7509.03017907971
7629.30246948699,7309.78230275549
1199.03481701358,3686.52740502488
1262.23362292066,9302.05068448193
7910.85699330115,7154.81228189768
1435.84391587336,3919.30561330271
1514.35683065452,9244.51130682075
1863.39642637044,8292.88309893925
1824.25759088569,9072.53938170567
5993.0690084049,5160.49642723206
1876.97239872524,9256.41498921947
1966.40765720142,9170.97695974767
2269.78608850078,7807.45448649056
865.887071118974,4733.552391395
1476.37296748072,3706.04774645557
1895.27485287177,8086.03183660938
3933.86454132827,9219.75184736657
1418.61669789589,3499.1950948495
1880.68815148626,9076.94940404165
1506.61854893998,9136.12268722391
1175.96017582997,5236.05164724655
1707.4926064822,8183.58674562764
1314.47239848156,3011.92855985799
7575.66782629081,8116.85536344999
7280.20520656637,6403.40753334492
7148.32873713909,9199.45590927766
1381.55912364737,9090.70991204711
8972.24231748972,7341.47149968334
6154.36560944628,8139.52110884475
1614.22645944795,4773.74106626398
7210.47730685682,7934.1136789357
1487.6080082875,8445.22846026213
1187.5153708148,3665.69671238828
7368.74904504413,7491.21420397829
1764.81235428847,4372.64635894437
5982.29911846938,7478.51718574247
1174.60496101014,8925.82581370571
2025.89416294902,9124.13529570021
7292.0781475293,7779.8991225525
904.810604128357,3404.98403145654
8004.4574294109,7515.51328601915
3033.09146965732,8426.56591098696
7288.06549203385,7542.4425704015
1480.36913054661,3580.40386653711
1073.53635267461,3150.42871494066
855.26997194713,3518.58714753567
8399.56941686061,4856.85244623007
668.207141556373,3680.3567529753
6285.42542624574,7473.13550107422
6980.78682360218,7907.77781644595
7324.5471266103,7796.51629552587
1337.75574333106,3312.40606559164
887.841838234493,2948.83439506854
8233.06773464345,6292.98444942433
1686.37210202471,7868.22250325432
1217.25690780695,9049.32683016851
836.523265849705,3365.35062622947
910.709133296347,3035.11393394167
6708.67572985863,7959.47566536512
1507.2370610616,9060.57308523481
8430.45889298254,7558.38026183694
6767.81688321856,8032.21269299597
1482.95661651183,3564.04529392212
1801.74521718551,3960.696160554
1614.63582045154,8901.1377315704
1167.90235102134,3404.59280256947
1109.46752762439,8527.16281070067
2342.96002275937,8929.28532405041
1410.78928452828,8996.61243800559
870.995744567832,3114.80442753469
1442.78043448111,8991.41504408188
7139.05634435383,8323.40259927471
1710.04422548424,3911.40908364892
1692.11152538244,8672.63157375145
6906.65230512785,7947.06760358367
1266.88219243576,3391.80696638471
1374.39907538394,8870.01862614314
1128.57269046413,3261.83956436156
7587.37898270108,8017.59818919402
1141.90623700969,7296.32665311758
1053.3543282868,3478.10421906412
1520.39370664713,8920.96405934668
7488.33766099971,7706.78820334194
7050.86322594236,8074.0107998699
1765.42676625143,9258.51313463945
1554.976178662,8803.51318798328
1009.93906544217,9007.36892297575
7731.87734108889,7831.04460414629
985.031787753399,3171.04143081547
7043.53044013715,7789.6652966303
1941.78750104791,8182.68869565376
8269.68422824545,7395.49595391549
1323.71292132825,3601.04914608831
6884.81472868338,7629.7331081123
1183.51715533404,3837.0488991634
1729.7925019132,3703.30773590832
755.142439363227,3235.43764264914
1374.49401552877,9089.09374797269
7506.69439577534,7916.67933152564
1516.53777826653,3609.3855690376
5456.78041567277,8666.71490545963
7346.57041222889,7908.53006859847
1033.74051657216,9055.13011603343
2621.74506498458,9063.15655405355
1002.62199948127,3532.52698009539
1166.74667633901,3261.96467268366
1051.22283534272,3583.54686137903
1433.13437292438,3264.49959672183
6755.24567665753,7154.42190049052
913.913088403364,8491.26388062393
7927.75752703668,8376.32468080989
7826.23274347985,7939.2905684349
2048.18158144061,3829.83537388619
7797.6753167714,7083.57697584547
1129.55723922729,8413.03367466769
775.911520715269,3347.29049688718
1200.57801353634,8852.29849279177
1263.33300128946,3530.48817017631
8470.60963982749,6653.46937834552
1412.45189489907,5708.79432540917
4631.81294316225,3677.94345370471
7256.96721921575,7658.21505352076
1952.49076664211,8981.33541933372
7252.56366667301,6780.84683480102
7164.29159402118,6806.51712017486
787.099426282142,3333.50262361608
1127.57243044444,8839.87811970495
2463.15087374954,7610.3356353981
7707.2492433237,7665.28742181977
1158.90455114098,8879.59460373589
6489.27011518803,7930.31742374052
948.709564225674,8719.32831893888
4611.70001698461,8339.98977272703
1455.89717672342,3609.97567561466
6790.2249782739,7867.82780372823
2849.44682171312,8442.95596304134
7435.09385818195,7609.46821976972
1677.2586590572,9233.42402956886
1546.76430492717,8887.69384688869
822.41413357328,3396.3463659767
7068.07717196089,7378.46738527891
6664.25484366113,8248.01748039567
774.981062702311,9230.76010890928
889.536751825391,3321.79392576341
1354.96024724124,3641.747646617
2212.47553324198,4476.74761817064
723.312752416698,3188.54301786715
1018.8184130809,3580.32589492173
1898.26400444784,9071.43052429439
4563.34968096576,7988.03660518366
1720.2361945007,4156.0395863935
1373.8730332917,8964.51249820429
7753.35266979171,7701.4764247441
1095.36040719312,7693.05518748788
1021.92214752623,9047.91089280572
2404.40076990727,9294.64813757373
6925.91437040807,7597.50339817256
2448.13672593513,4036.84980902896
6784.10384615891,7330.86491587032
958.746250083737,8795.15863998638
7315.88423216313,7500.44944465518
1717.87880720528,3903.70472289363
4586.67760363906,8728.66095128925
1641.99263564707,3749.44760201978
1676.41751885998,3937.81422489655
7392.72471665511,7589.29105492926
8031.96845955525,7515.81648675127
7002.73702354993,7793.0317228749
1042.41730342524,8873.2517341774
8055.97566071791,7040.98536499693
7748.06311395186,6542.20498238726
2126.94397041332,3998.13584929703
7617.27691229344,7916.89361428907
1177.15483856665,3693.76055889313
7187.59553288533,7734.7745177484
8100.64214459869,7712.58566345731
6745.43494317521,7743.40816766153
2198.76171811751,9031.72688517706
7587.19161243434,8383.76731527637
8299.58142664387,7390.93445042865
793.265871835403,3038.86093849257
7737.25252993564,7509.38799316405
7310.12000137746,7584.51146740333
2884.76101540072,3855.47838330517
1067.69953579192,9236.76033866051
788.426216474587,3193.72993240476
7502.1606238709,7932.5605451212
834.430399980639,3303.16495697767
1530.4272680837,9008.55911367946
717.593628949436,9080.85441472138
1198.7576565256,4057.14303992053
7760.37943850382,6861.28176238438
1327.88128157066,3670.72352611688
6746.77379753417,8143.38210595293
1094.76165682457,3732.28468903116
1982.96667911943,3438.14112169313
1608.91754401841,8902.80398948942
4035.82860074529,7731.98453075817
4384.50203053607,9068.01202853197
6688.19459119596,6955.197435804
1217.52325700336,3655.38782038139
7226.95588068219,7784.9981349071
1018.96916729105,8696.53865842963
6927.24424710816,6869.87617419739
1093.74096152899,3280.93108186998
1042.53137122295,8962.16921873994
1671.72300974158,9020.58565623971
7415.34250942407,7183.54897298521
1271.67607696202,3617.61106868975
1941.41301375947,8373.96657890684
1453.9110736025,9436.30709658809
4823.27669014575,6547.02224199974
6987.86543526991,7549.66502158128
1734.2115294728,8578.93482370509
6789.66951552191,8079.22748498854
7428.02569098889,6386.0724273787
1377.606482323,3429.99762221807
8300.01904190724,7236.02729614232
6618.02837355061,7725.42199817786
7064.12567233558,6917.60450201671
2312.05961658168,4016.36824657583
1719.26021631934,4495.15525838985
1760.06500012659,9150.91493520103
1226.88492985998,8393.16233130638
1075.39939801008,3714.47623410545
1564.8661448995,8931.0413124668
8340.86190563297,8033.12508783131
1342.68359818367,9143.0531098556
7550.02381128098,7155.60099308065
1699.89650318598,8998.0238905499
1854.38050843458,9254.09565047346
1829.61190494321,3985.42401665773
9980.19028759364,6946.62872092167
6515.41338342547,7680.57221262363
1770.31213355946,9064.50645601336
2419.18632166143,8347.7278585704
7347.63090875708,8125.76424773028
1923.55507208207,8252.90847367967
8592.17996112016,7587.46234651285
6293.14195794571,8028.56712306829
1483.25727855773,8183.45635043331
1534.83021994419,3386.32799732504
1630.52122981859,8492.18189750486
7565.40202955878,7558.08978790348
1278.95277509932,8905.03942583193
8110.71083163446,7468.02966733008
7861.97604842823,7208.26635464651
1149.12507672932,7198.4120677372
7785.69103336543,4766.0745803817
7580.1255785279,7537.31970370337
7099.23998113064,7807.42765195127
3621.43898484372,8913.31540788559
1442.95176781035,3487.99129901855
983.861147935377,3541.86810828826
1459.6601026689,9113.12060113487
1783.72329983543,8677.14996787775
1066.31749333443,8911.14686263002
1486.0547824215,8799.78948458357
1799.20062644749,8290.9775725841
1445.72581406382,8974.88340618779
2069.68416912633,9089.20218064061
6774.29182526743,7966.24603507373
1004.06698721754,9037.01966712859
1783.20389639192,9326.47600695952
6865.37972996458,7460.58202832328
1405.91505503502,4009.97863881597
769.132637878012,8830.90920175556
7300.67754310057,6411.8664830595
7654.37247076298,7605.28049532938
7518.12238049957,7963.11124996433
7206.1144717229,6669.14651536358
7903.00259620823,8086.29788962585
7224.86513739604,7324.27484672042
7188.27757712803,7280.77267467377
1381.74048449593,9165.8753153695
6232.8329133017,7019.87203198805
7944.01645493278,7527.9446950324
1170.12019809026,3519.2748031229
966.824841139488,3345.31711885743
4144.47042943318,3560.35890069982
8682.78162135064,7743.82041389861
7452.05541448103,7444.55309183335
2297.28423588248,8959.8841462742
1154.4035273769,3387.08445785446
1565.69173381439,3706.16546525861
1768.50050283648,8258.31884814224
2051.21108986913,3471.70785954487
1199.17799823326,9085.39370383838
1386.04880950075,4070.0270660528
1892.84185924369,8935.10221855014
8688.28818521784,6949.44659846934
815.814028114408,3237.39500135756
1453.14338792436,3601.15717284557
1196.74978194705,8770.97046829048
1598.80345586862,8988.74204484029
1337.76303144237,8003.17628967338
8647.97691514203,7913.47806499509
2136.47297756368,8886.2291701126
1442.27537152255,8074.10679980779
1455.76041546766,3617.85534914007
1805.7652174309,3840.29776579069
7724.8438652038,8139.33472102822
1262.31049456759,9269.34643882878
8866.77102239671,7208.0195141956
1437.49917591128,3638.60007316215
1723.07056545733,9009.89830478145
1750.69315760218,9022.25363795906
1811.34673105153,8659.7978046037
7744.11064062236,7410.80791943378
2005.10520008401,9274.87840281278
2107.54925638269,9105.10998535694
7911.48784743814,7404.4912047084
1821.39471417774,6806.83017862021
1014.00796664682,3397.8455869202
7505.76094680601,7279.22180638252
6962.64154848384,7485.03401075302
1551.29991284343,3684.03144537731
1358.43242991995,9318.55841025103
6650.03671380931,7878.37879824963
6771.70034922702,7409.66906960243
3079.23419192097,9601.73537821212
925.222134508208,3229.24447530181
1425.72019052181,3570.83835870691
1025.59370281375,9046.02778064094
1293.10674088347,3375.75980838179
1673.68056711981,8916.90174888962
8189.81175104243,5764.98059134059
1655.02392823503,9000.47416901378
7584.09423614297,7425.72928261369
1307.99332833383,8430.00694967367
4763.93518379221,8243.09404862472
6816.49000754136,7339.71826454082
1283.04413340219,7685.44469645447
1947.81945226891,9582.64753349792
1403.39708114784,4093.00025394201
6790.38232305252,7692.99974491966
1241.924433735,8786.15989031829
4990.05956309649,7530.9966838895
1274.60804098267,7817.13220455334
7340.94722983472,7968.96091212551
1538.96711212482,9151.50001982598
7010.32639636532,5991.11828534244
1522.01424803212,3933.87934478536
1470.65272554896,3851.56555361672
963.55453853254,8996.97368208352
7500.19184887601,7678.02347603152
7688.82934494978,7923.09608346233
1395.49648202286,3402.09716798152
1078.75906503332,3836.96014460322
1249.6607616037,9274.9330013048
2978.02545020163,8793.86516447648
1117.18701267913,8982.84965207793
2113.58051930513,8818.82001900118
7875.40628184394,7724.94436846721
2297.98523241931,8350.66934014074
877.775536431057,3535.64866897533
1386.23911257565,8774.33048261757
7353.10880819944,7949.63449896388
847.138412563688,3358.07361563635
8924.65267094872,5563.66236138517
1731.19437884152,9387.36053942198
732.746628300799,3024.45454216477
2167.68057439817,8579.02185532023
7969.89210170741,7547.31545212112
930.070570038293,3477.11176304097
840.947856031688,8420.73671038207
2156.27693754038,8817.81453603715
7823.01754161222,5086.52016716274
1455.10272080873,9336.41135184047
1807.36420722493,8697.7245568442
7255.99140029553,7177.73804111372
8185.31213648404,8067.78229996105
7676.81636643035,8130.31552298344
1415.40070507775,3560.0339451033
2022.82553077823,8967.47431205197
8301.14129154333,6128.78375226153
8387.61373851631,7629.32417857768
1211.18397524174,3260.35744291565
2077.02498010032,9004.19267564852
7344.25317158645,7170.67399435832
1048.85813252191,8768.15853271097
1915.82421132904,8031.35174617449
1948.76674413642,8105.91380938075
6463.36264057216,7373.96700450949
817.627139942225,3313.63079088298
1499.64518538176,3542.74048145246
1178.65590388384,8790.27458714313
7974.80837751423,7514.85647233642
1594.82236976727,3995.26237569707
906.842502863735,3113.94690162241
1506.79810154833,9262.8426691622
6977.84863285825,7504.08487150556
1219.31617550791,3318.49705592082
1434.02545398004,8858.71511113595
6161.94396508902,7786.44481098688
1724.99179535512,9022.713021255
1899.45543089559,3685.20465192678
1801.35814623807,9460.34387438553
1273.1412210126,3475.48526121295
7748.08066875794,7704.40208723362
2329.12399166231,8992.89285979439
1998.49060663684,4290.88210136806
1974.9768027337,8745.49343442952
6985.13885819814,8096.17545294215
7733.35942977623,7329.76846528027
7280.68610284932,8196.25892748501
1831.88584109802,8030.55093533786
952.447260851568,8826.48270291371
1082.89153368766,8947.92753791189
7546.41828959441,8654.13820883081
6870.71447044872,7201.37004839825
7674.82895629712,7728.05182591197
1116.43892892948,2848.32957071644
275.157833618719,2769.36019104901
1820.44465447622,2987.51603579053
2075.5867455553,7237.08939022167
7419.23155099064,6992.73007164842
1678.87064485377,9179.26670032629
7321.42828265288,7860.39102150638
7151.71821867487,8273.28896273145
872.782791029595,3621.98234213274
7197.792090259,7950.82006111168
8801.16055635447,7816.30331705669
8350.8820791324,7518.58433067038
1680.03047882008,3615.33574168198
1062.23826098267,8920.66719093599
1132.57953241266,3210.5969505397
943.654108632993,3277.81686804937
2173.65487170438,9069.69168905454
860.341669965522,9291.22985021383
941.856068158312,3301.30361311233
8578.19413441268,7442.55914931602
6795.23219593072,7979.24444766524
928.179124229959,3277.53741374176
1776.4320521353,3302.64397743207
1182.67429665541,8762.09403979626
7646.77202886003,8408.48800465615
6489.07559258969,7366.74251432847
8368.52073959619,7540.55841292337
1247.9941405785,9280.76153601603
3677.53616076265,8738.45363032986
1808.21502831003,8902.68246148536
1486.74216052905,8902.58334129937
2020.39163649488,8293.63416633063
1271.85888447612,3428.32339503316
1536.0328486569,3264.41139074757
1688.27958909814,3650.55074068876
1454.63991006811,8782.56888626561
7188.37480509296,7440.75070808101
1590.08375768352,3758.08032838221
1523.94451421199,9155.49305428771
1624.8297725316,3581.7121168928
869.86093830245,3041.08005874489
7894.60225822339,8222.52213952302
7282.66108519098,7269.13479295307
1119.75219219305,3641.00208730018
1260.93449844915,8939.10426467416
1985.16094260445,4996.67003467846
7109.69463024655,8172.83347560517
7442.21600076357,7796.93702986405
8280.06417018441,7007.0142496756
1052.02116591315,3522.77820821857
7761.68976443523,7509.84442441717
7519.89619714169,7459.7655150228
1102.74240071726,4521.01267574666
7487.67739618763,7197.77250329811
1344.81136299252,8914.08395965605
2245.1394880274,8514.68657593102
7988.13479439724,7639.65100776094
2387.01415305923,9040.37682315212
1625.27247016847,9159.05382851858
1803.53421268391,4102.61280076785
8663.43898710389,7450.09877392734
717.995666473857,8030.43716647562
1271.14569409376,3787.29100356111
1215.00092263672,8884.76604918692
1934.51126536049,3686.60245645363
6548.4567810806,7667.52243447859
1161.42839635143,3306.52411265538
7909.90452487063,7411.40787892188
1547.61088672428,9163.33941372863
1439.66026239563,8892.77459734486
3832.15836550553,8217.46150190714
542.172403533188,3176.94074525048
9078.12293505888,7706.4910902018
1518.50552885672,9144.44700980382
1150.52767675963,8810.45932482973
7688.67453511522,8024.25872398129
7659.98441505598,5729.97925796748
1430.12351133929,8919.43141893625
925.197210882672,3217.67697787743
7320.25565972472,7067.96574183835
8301.59946739707,7198.83008311393
7351.86607138281,8412.48006530378
759.214700177363,3268.17592975931
1114.77688790822,3229.27034473084
7398.64432738905,8153.05355639316
2678.00538795339,9110.76251714716
1964.77397448158,9074.65430598759
1425.89258926862,8403.84344083336
7715.92547248852,8702.00533107654
1556.72998874106,3422.29081834127
1793.97994152746,8825.94409821627
483.829408127132,3261.74727236549
9057.73823797352,7265.67969173187
7354.57817538363,7177.42825468605
1099.22244028192,3289.60301919307
1359.17202563838,3705.48155582476
1438.9995978519,8870.95196244078
7213.15563946109,6456.33606149273
1710.5377837662,8851.08393820402
1296.34538165919,8983.0141267374
1435.17992124503,3889.47583561745
1572.00967506329,8688.89018607574
1385.6905641326,8043.94123349334
6943.67714480788,7907.29770117018
2084.15133879,3946.9369225949
1385.69480471639,3633.04963188006
1329.54532230742,3796.52200686744
1275.62872190269,3597.42030371264
6799.00243771937,7860.94283581746
1891.13997078429,8394.81690147811
2034.53377191398,8343.49567564274
7674.81273572561,7822.38801381204
2376.5252610106,9060.62725093843
7940.24232814133,8084.26399621506
1622.54221976937,3485.18133454728
7688.66324052434,7783.32403482764
2048.55445779839,8290.28357821517
2163.7386010578,8977.80635412442
7558.25199424133,7661.2694933716
1187.60558141514,3487.75535240277
7345.89405253967,6501.3602841793
1207.35349218641,8752.01793109112
7446.82245744039,7911.24931744701
7110.64815822534,7557.77105949816
1887.83002287009,3578.22196395666
1898.11416864603,4359.68842981622
1373.52446293147,8904.63385195837
1295.66151154504,9341.76010664616
6838.89030017714,7605.68870979719
1822.15721346545,9245.42540887325
1561.60262641703,9233.42616957906
981.575135956936,3929.16199386192
1669.15607832644,4811.25489544527
8521.1567549527,7929.79065424007
8000.25660926429,7539.99050294943
1000.6342551902,8803.91222064444
1582.8222577998,4246.86253102606
1494.3294155376,4126.07687708489
7294.79380983053,8471.95728534761
7389.3462149766,8008.59553409367
1159.91055940165,3582.36450845513
2140.44058754793,8232.86562244379
7863.24793164179,8172.55344383301
1787.94300856048,8995.76007267413
1740.189985568,3801.2985173358
1086.31436892757,9246.65212444737
8438.50826563449,6952.97313632015
1186.20275555448,3503.61011295572
7294.16980119962,7706.34294440361
1475.03116773347,3389.08331508153
7945.25246080752,7486.49575141887
7536.77578432746,7941.06323837237
9392.02363299984,6714.50514684889
6616.52407356716,9323.75123574547
1287.76152070378,3237.54464651916
1614.73280912261,9123.38863267206
2042.13578589064,3787.32851939521
1970.23931449852,8799.57139183303
903.331089296619,5632.24074259027
1633.98703300394,8753.48856513596
6802.64268295298,7833.44539362281
3001.16293297881,3759.1156848667
2366.11336145609,4165.36082978236
8456.36777516226,7332.66114798019
904.807097805853,3279.10921573181
1716.26659516889,8463.73441638408
1452.04591968947,9028.9093439046
1857.5926257564,8329.73100767856
2436.10999869718,3284.19882188015
548.611585579458,2980.13492182581
7459.50129359998,6952.10385373097
931.609884398273,3495.99850200949
1211.87444404472,8278.24249182471
1978.3539195048,8740.08365524926
2158.07775915315,9150.3522658856
1180.09651032585,3500.81792093888
908.778968656878,9075.16651851814
6961.02841590022,7406.83414673315
5791.81682509503,7326.19184789457
1801.43106634696,9529.19125364561
1358.78826551421,9161.5237645681
1270.35218979786,3858.21453250717
7584.99549684953,7114.20766165293
2935.11117260302,8597.15493014505
7829.59057072902,6432.92843533591
1566.07807936455,3853.65583730254
3155.19761861219,3777.43199172078
1412.80942453237,9306.92722273101
1874.70819989014,7192.23306910508
5681.90490728303,7241.25489118098
1526.48230014719,9216.48929965484
1115.47199372604,8968.92584307848
2510.85183043434,8803.50429546678
1237.98149687249,8900.87194749747
685.098823250894,9000.51625518096
7219.96369015466,6806.92828399189
7740.80722019981,7552.17815581574
1525.79284903755,8962.94188197317
799.847301118897,8752.4507928179
1322.7812527639,8367.38756482587
1460.30220621606,9105.69801492656
7579.9323585544,7699.07851745075
926.26541075112,3107.80075918422
7708.527191794,7104.15225749127
1936.37882438872,3128.27195431837
8082.0153819688,8966.17213998593
6866.27992046962,7239.29702597378
1637.00295951182,3538.18349543787
7281.73692345899,6670.41038849652
6487.74477209798,8174.29553293789
7610.14045873756,7894.2289132154
1973.3900355139,9136.92778946586
7580.65484189795,7349.8850819666
1817.4358111858,3671.68367004483
1618.14843509351,8441.50012973218
8456.04293538051,7249.52590300716
928.239744939736,2958.77347705657
745.998498064068,3195.1201949724
1503.68531318042,9023.94882306618
1217.81660177439,3462.68484978808
896.058747834085,3205.19426439975
1745.08992984961,7773.96556848693
3340.16360498944,4333.22552651808
791.546982557661,3390.79677831504
7480.51993861354,6908.32581140496
7165.942273983,7540.78043510214
4160.28368648893,8981.7316330302
1541.66092772762,9027.02613957087
1881.55389604272,8797.35693759485
8534.62783236847,5968.08727632795
1374.67751123223,9081.22066774803
7629.92633904547,7280.84385981707
7697.15676145822,8187.22830503137
759.30121267877,3031.10943398892
5938.2783215695,4261.49472087051
1406.95036771665,3217.6141887778
1483.36423939367,8698.22585770437
3316.8768009588,9057.89882047397
7651.38462351673,8399.49429861273
2375.12266905154,9195.96989432501
1413.96849787814,7528.88546878262
1394.06629754482,9200.55342771284
1050.32983721853,3498.86986702687
9049.32172328047,7593.18587008478
1468.17754143113,3786.6397577941
1524.18452649205,3894.04474344536
7815.27044422746,7046.52036094596
767.612815569739,2971.55398494442
7213.57188217505,7319.44271063655
1035.91768118694,3083.14671679691
1438.69296460254,9042.62706293097
1555.26764544899,9121.17361091276
1256.39719949239,4036.5877156839
1083.34157902989,3451.80386150827
8537.13741202367,6412.68606419686
1171.36480366125,3738.11562341156
1581.84753700887,9169.88562428384
8905.34735502088,6878.98657144658
1184.0519205288,8771.23721775347
1874.98090480795,3404.89205328658
1388.00367787969,3490.00829577639
1096.30543593831,9077.36242242187
1530.11193357802,8512.96929867502
1569.25359473249,8268.14940261139
747.963231256594,9154.10538935371
1012.36413240001,3317.96144568437
8114.87707906179,7102.94803543977
1557.56482046833,3870.30389860092
8151.89878462595,7713.28821076761
1603.46432989982,8803.73845009833
940.661151301584,3353.50508421416
2002.70310587952,7244.20606374093
1306.79753904187,3294.83520608197
7319.31296920409,8246.77570917198
1457.98386272429,9151.14732789592
7139.28032207757,7436.88771111647
4216.27580087394,8565.82465955233
1625.79031803992,3865.96749144131
1798.03264365267,9000.99720827335
1317.87047570728,3807.77102125988
1739.92590770486,9179.99358735361
7006.37706878991,8270.96045150482
826.262688783248,9124.74600240739
7392.96794286858,7452.75441567626
2834.85980299006,7601.28326814548
1130.73529045912,4347.69679777005
7333.10772083511,7388.17301328206
1055.47355318649,8632.38242040199
7802.12631885676,7346.20791742337
8083.57748560526,7912.77537758285
7841.06331057085,6778.06378103151
784.366671247447,3389.4783587405
1056.9001450926,8670.73527450373
753.745777572023,8107.01835536382
1694.13829340167,8386.48200030889
7723.75054603405,7929.05634705618
7337.42637107438,7493.3847574502
1541.76626588937,9213.13782959328
1925.27147104421,3376.3731290021
2084.92764810284,8982.99706970739
7658.78439832803,7421.00318956785
6898.06526454242,8031.13599241593
1987.87065012937,8693.34556581407
1582.00903558683,9183.79232887815
7633.83089069731,8030.46966664958
1404.3733890484,8214.37226295486
1670.6235506774,3624.07498006406
8238.14318641815,7452.96282756409
1101.73716115339,8971.97704055629
7608.70575069199,7730.19581860954
944.893399904894,3243.83180390514
7712.344381438,7769.91461205346
7610.7854223252,8198.76064194619
1185.11262891907,3633.1487904221
1900.33556430438,8224.61547642365
1285.99093900612,4156.71834811677
885.185409334302,3203.0350849015
1570.90051993868,9054.98931852911
2547.00572519402,8874.04640725356
7343.13084025725,7227.49800395469
7108.21640161637,7736.32091412118
1541.01334317558,3925.6157059171
7728.18330166333,7758.08450310862
7664.61685640809,7542.46479008453
7821.48526031943,7695.72681109394
1149.5060164417,3517.99141347051
1361.41936629739,8832.52890057041
1557.40714629239,9338.61352748783
1032.36043924812,3372.98549928965
1550.4411726894,8008.63321395057
7392.25552008087,7518.48056510245
1434.30171517156,8852.58586388127
7117.83921933495,7174.76327872561
1446.24730434916,3483.65978676529
8143.23356087448,5318.06670245895
7608.2661470389,8493.76113921826
7335.81561738928,7319.97459830019
1160.93638801503,8571.91955996628
8333.33759853626,7219.96873509357
7372.98344454291,7679.68046521317
2256.51227431913,9130.96538181332
7789.27025637697,7682.52349850766
1699.42003904782,8948.99211160805
739.239455933619,3001.55266101971
1154.04087859309,3201.51901158301
1366.70357881599,8650.41241436881
1293.3854352128,8764.04791814486
8145.27655882916,7280.67406961568
1392.83064070211,3647.56205366938
1329.08496227801,3405.10263708031
1508.78870167605,3835.04756667724
6821.7313210388,6839.81017688048
1267.40498647452,9278.50685423979
1904.54980784519,9219.64235803535
1527.41438384,3198.6712678861
2351.97680766899,8977.23003532219
2148.1069326985,3880.22957780741
569.347808489077,2982.61977055044
1991.33103970991,3434.26501805786
1208.24966922741,8011.4192995383
1461.04835289266,8902.14468215294
1987.24118315617,9240.85073657596
1592.74580371152,9244.33122315005
8141.64202877467,7728.52328205156
8958.39338028281,8121.26969288556
1562.10963187776,8919.40604001687
1168.19284659249,3879.31015677553
7950.02746189184,8545.48733358315
7386.50209157745,7252.90803757539
1669.7414452959,3971.36202791355
1857.59883724505,9004.17523070777
1089.09309990887,3665.04763351293
1995.73768426449,3854.96512342667
1551.50688720485,3501.34081296913
1143.73840729554,8901.00121214306
1461.53246482391,5012.49234054894
926.46251339823,8170.96245567401
6653.17088782833,6856.37000330428
8148.35353073236,7196.74503334439
1133.85144292343,3196.28169244474
1316.02461956667,3694.28433758251
1910.49568906811,8685.96524430558
8778.54918433504,7610.08233604829
1039.62470677045,9085.13736370324
7212.47895146238,7102.69625458571
7792.77600449942,7627.70247164095
7613.59744804069,5400.23544062064
7318.91675813065,7545.12628655424
8115.93686691268,7514.60377386645
907.531725080925,3107.95725275931
8461.51907912775,7419.5993144396
1254.61111546508,3341.64747018139
7700.02006203045,7983.62287889111
1670.10174495886,3618.26150888656
1053.89252199626,9033.26719676609
1241.84170495615,9081.39623711867
6874.42109811346,7954.18369597751
1156.53380144658,9233.22745249713
7572.70679589036,7944.42221745814
7087.31781150305,6813.67130453015
1199.54683957153,9023.62631316793
7491.2786680085,7683.92824025558
1658.053419515,8710.55261484169
7615.54675054122,8372.60998241428
1683.6765023822,3774.1655654963
2219.04256594811,8977.17250647827
1437.52016596213,8956.03558516387
6730.42432553087,6716.13438417768
1260.93594354722,3315.63559730566
1620.71275236522,3516.61203407485
7500.06506764265,7303.08639592718
1334.66669635759,9108.64118794147
769.410643379576,2969.4449775581
981.892233548494,3822.12624773575
1323.80179673529,8298.96981476397
1302.5341347871,3714.71605484835
1028.39630635119,3139.24096237412
1092.2262838737,3716.03343465938
1460.20818209192,3667.80380839764
1248.57834139444,9229.73465820236
1554.00994034755,8969.19757758565
1176.25155263135,8945.12739118354
1566.46309659172,3577.82050083774
1712.3705999833,3794.74443610215
1270.75344786387,3798.74741353174
3126.00636042867,8676.88898317677
8855.69980790585,7876.36158745619
7681.56305180138,6463.5651714693
7618.4371414862,7670.82702639291
1262.32252526462,9128.80366814317
1605.36064247489,3830.43018343567
1415.96951768405,9210.16773459532
7707.87668422607,8030.4430020126
1737.55256476471,9333.06993724653
7653.73633056872,7398.07760938143
1840.49666247162,9064.27344780742
1250.88405407051,9297.193084084
8127.20805118626,7463.33466812931
7604.62650056332,6970.60103563739
2656.86627968847,8740.25057774558
1506.89326767471,8102.74567876213
2069.2261156933,8338.66566055666
1191.59013113225,8908.04969942794
1526.99738655177,9145.34004550124
1926.00685376199,8638.98505911135
7604.20188060919,6962.0087301486
6003.00586082064,7697.44503639731
6498.33514531509,7492.73098146867
7591.62244558108,8341.33086622015
7439.27474546756,7660.44759511229
7487.47776684708,8030.10709719144
1620.44002632988,8573.64661833396
1220.21104201779,9386.05796194619
1624.1200624897,9037.65624058195
1123.62543226894,8336.98692131268
8138.90883431824,6902.99408460749
7451.36390539373,8165.72539839494
1050.87073878495,3567.81859181275
1022.57652215007,3321.46867373608
962.428678095704,3184.27670359616
7977.03047593932,8133.51729689776
7375.78785566989,7353.04576721833
7889.11403343422,8004.03666206881
620.665789689121,3147.72985271121
1424.76626158173,3493.13514673473
1604.83572582849,3748.84927922099
893.392565845844,3242.38882353323
6231.7236602604,6969.45985650703
921.47313334746,3458.71342981044
1314.11520152936,3382.83375583274
1060.43206444764,3404.9342016101
3368.69293867135,8965.67328152942
6651.6194647688,7109.59776292179
2829.62621329851,7943.66864498098
8647.31678133217,8180.62250079913
1292.21932840688,3372.15980910186
1179.52039406302,3829.30161218497
5140.4241106346,9510.06884227629
1263.18117293015,9136.06520063911
1513.16156717134,3378.37911217521
7851.38670641921,7081.97536995059
1440.04066106252,3654.18315272756
1964.14146555394,7621.69423408253
6943.08781247409,6400.3979308847
1811.61171180538,8397.51488386131
7348.02177530393,7822.78769524169
1563.89133151116,8585.07035321136
1418.1648606674,8560.52954966693
1906.9649124146,9075.25448450505
815.177919183302,3243.98511422847
1684.41120689804,9158.68163113582
1947.45638788703,8821.99764856992
1548.33148135945,8509.27529560979
1467.84568145435,9384.08870311477
1068.77933914507,3570.44625166691
8780.74168311287,6032.04078793565
7538.19082420246,7725.79612094653
6968.42221194117,7484.30183555178
1493.82041273839,9114.32099832011
7134.22182751374,7732.52712957255
8058.1448457916,7052.35884872058
1798.30248787455,8653.82691425599
7076.39097690512,7695.41616200976
6811.7042211995,7027.70812372896
2025.76004140024,4335.88485878306
6961.52175045885,7974.29433659822
7339.49800469467,8215.49257865692
7617.22494856755,8541.52221124392
1457.77223502925,3833.62119861046
1327.48208746986,9086.57169580319
2266.59243720982,8492.654358078
1550.44406480055,3949.02403608124
7870.11911949626,7448.52146137863
7367.19563090043,7466.8906329296
6583.18867771653,7250.91854586822
7523.27610051552,7580.6362505526
8229.53400362053,6933.56886761414
594.692754142981,3432.79217481194
968.745693383755,3583.40965384635
1507.86761264844,3928.09719672864
1238.3262935043,3744.97491687061
6796.51811059572,5799.85214199035
8311.46368374657,8066.49340114259
1476.57129129704,9364.89249873572
7771.03237733524,8104.40927866743
7104.14011180268,6235.2366020676
1803.08694788126,9009.78995778138
1469.62189143325,9014.14227831767
7983.71850979878,7226.61908307666
1897.03202896209,3365.59967893117
1644.55369083645,3547.9545841708
1561.51527621414,3128.29824012766
7200.91581475132,7757.40489449239
1651.42432827175,8970.2250387417
7570.76856286698,7839.16512278974
7411.31486929582,7494.71100255002
1061.52037574104,3345.04302342506
1950.76707764556,9113.3534399162
6886.47148170378,7076.9821500003
7634.90657132576,7993.60124516746
1597.71592762539,9332.22230352345
2557.90340411916,6016.12041120763
7360.22527615085,6928.97045836568
1601.48217498522,8830.26124571286
1376.14706371469,9047.68027500679
7150.34838245765,7903.00397840285
1241.13926575383,3278.74758009565
6503.57306286004,8349.22020427698
1284.17602250908,3532.00111003673
7709.70363701188,7734.09937051676
7326.17580970862,8202.20959585454
1145.48637083703,9043.06791537567
3568.82940919057,3767.93977309379
8095.04088674778,8369.89636132253
821.788269132499,2960.27145935741
2015.14288878629,3991.7422070151
771.185659332093,8637.96209533463
2356.98802090629,9167.73552066897
1055.61418825266,3343.87277269835
7560.80028782025,7893.24156399514
1838.7262388005,3808.22823389784
1465.25116200307,9123.12946510046
1512.93900756667,3369.37308052035
7303.89900459902,7295.78570230178
7422.95796222048,7692.91678937021
6289.3663862827,6986.64582619618
1251.45243211808,9132.32481990482
2251.78317035045,9135.89935728774
2361.8548193716,8940.32956693496
1686.09862137335,3939.37893122881
2053.27946347247,3935.45007292291
9014.4442203671,7819.05287079802
1623.72017498639,9033.86800395214
1912.19957483492,5031.62894653598
946.176793088815,8578.34678971088
7655.87816297683,7380.5158417769
1984.2531195342,3790.33463462018
2210.2185017305,9082.95928657526
8004.32400271978,7827.83714954659
2453.26392333525,8911.59304669643
7410.15374515247,7947.22526834166
7740.14541584115,7618.23946086883
7154.60831139456,8075.43238111605
7689.44817899523,7692.67182866144
1875.70462218544,9286.2662024913
9179.02455075358,7496.03917905445
1493.32953346292,3894.67553009315
1342.01273495943,3505.92742158588
554.83017341236,3081.97827041668
1600.2213289086,3434.63693969308
1594.38873699453,3939.6727575517
7303.65380716349,7365.10894613185
1470.53690989553,3734.65606219104
2122.87769829284,8878.18935350819
1952.98065824934,9110.9304407225
1223.33209206355,3466.99986819519
1527.09573904119,9071.07125583498
6638.46025499287,7327.000048926
7481.29042426489,8097.15787762328
2321.81322323221,9097.99962689099
8173.50918048819,7874.40488297891
1474.54267876768,9244.37982174014
938.393151771505,9155.54283554366
1603.78199428264,3652.52141224362
1168.68728722732,3469.51006174725
7879.55928855958,7172.87817929154
2090.0641879648,8622.38593892552
2127.94395379805,5092.23026001315
8321.99685214195,7453.80440427893
7697.21330605272,8067.11178787335
8375.93264180007,7197.44334321999
2752.26724422319,8416.56167582985
1689.12976448669,8576.63345328523
2237.13711494272,3786.39341877433
1188.15590926864,3394.22505368439
1255.05318493284,8893.15413333566
7212.98984299937,6809.09610216236
1493.01454137229,3549.45223691935
1605.61675682523,9042.34699278587
7244.95696260537,7438.66169414292
1114.79741827258,8808.87220415492
1166.9680229228,3617.29418950012
8167.81583036266,6398.93403149182
7253.10613322244,7617.50193957855
1390.85529942334,3884.43978683617
7304.33727525554,7489.90893746427
1524.91723544588,3708.00841014099
5411.01638738,3875.03856623774
1226.22719437992,3343.87328761988
6474.05621817796,7590.28140543799
1665.03254280294,7366.27999020013
8108.69058178543,7635.1400480938
7529.20204857018,7334.71941109666
1700.88481718137,8796.29548552793
1253.01388969763,3471.79315627168
1563.84942086707,9122.50496873636
6017.29017358566,7476.84378324347
7788.89054703206,7441.93645627634
1907.45223186477,9087.42888608597
1025.57959145522,8957.03219334678
7317.81279397029,7422.28506618391
492.973578002172,9010.09866341532
1145.87000958739,3578.12462424796
1274.01868662901,3180.42539723453
7696.54939004575,5853.22033589916
2687.93236493055,9024.66974479038
873.44370640607,8229.75464146225
654.369345161852,8950.85876903797
7777.83415101995,7892.63417284425
7405.91687907485,7554.89160640612
7084.03522106486,7558.41261500276
1650.00896219051,3939.44865981017
2336.25414357815,9175.30854847306
1507.9572832349,3416.87541839969
7343.5656335163,7996.03861935068
6682.02508014815,7457.24472754844
7684.37380612528,7554.17119031678
8868.8933102477,7232.23311371701
6412.74793997115,4271.73227026752
1614.43101642778,9288.54933161073
1452.99503397672,7638.9681151096
7350.67487091885,7055.83388108707
7271.18311027682,7481.81550629215
1523.78150794729,9281.98543332509
6621.6173036972,7560.59174781702
1157.41613218567,3172.71747471965
1260.32464703888,8735.2188567645
2197.55428919526,8470.93943456826
7433.95264128841,7106.2048216399
1295.47087409762,9367.15264562126
6410.35862200362,8203.02613895156
2205.36380853778,4160.08237968315
7758.95691305544,6703.30022835101
1272.93155777624,3573.27683809953
2039.87967135316,9190.60032889504
940.01117264944,3427.15219846999
6042.39182757763,4174.90716185888
1508.6227295677,8959.61960918116
1216.0214029905,9033.75344697024
7923.906120811,7606.09298136431
919.414341671864,3307.85246660865
1431.56872372476,9042.38944085524
8913.00415553069,7321.68645359588
996.386674896479,3601.83712754911
5615.00418564399,9502.99116076103
7408.38603975248,8054.39387663955
6673.52476298499,7320.60266549942
1940.85792753676,8019.0350007112
7712.99011384674,7819.55848696348
1002.63822267716,3383.49675617304
2166.10800203436,3554.94947928139
1029.89866428093,3590.6336434873
6648.38043374221,7456.73568235129
7495.94938093137,8078.4245815339
1244.7802044987,7409.09311959153
7504.73418046978,7024.66997548772
7677.53980499382,8198.07553414596
7768.24975826265,7207.78317419766
2850.16243800537,3758.9935118738
6489.46749696732,7466.36432340517
6890.76392194808,7694.12265614149
1975.95435462968,8350.17537418364
1645.37595845679,3458.8120479378
1521.12308635854,9314.69209975879
1608.4179209747,8402.71692466952
2454.45649118985,8984.2901928647
8965.63786946592,8040.80489977735
7706.4579774833,7881.1553803413
1128.0446476056,9265.11158646272
1637.03282362289,3650.50447942835
7871.05491069981,7673.70282433775
1242.30403054145,3909.18331135611
7527.22773647783,8066.73894780949
7648.3273640243,8342.05233116996
7470.89255636084,7487.27399632881
1908.24783912241,8705.33377737768
1470.60976919741,8602.70366647458
6246.6850705312,7764.54149290873
2177.37551392666,9321.86656924515
6923.00050968677,7862.32522699884
1427.09205975742,7861.02741933842
8009.27146458693,7478.66540288445
1337.35685364227,8965.91575717813
7941.6102940863,7378.64198250802
1056.43092627587,3636.89466162141
7765.92016847484,8143.09702541122
7888.33771814375,7886.27782484024
1878.25943914251,3519.69155691434
1850.35780881765,7573.75388221717
988.979160813552,9404.16250060195
1677.41529673744,3557.37077162063
6813.48690750708,7724.52016686402
6389.25421479996,7288.67624539894
1581.49283596059,8984.3577165326
6966.76646073654,7746.55726055477
1743.61965314844,8783.05353390214
9263.90371397756,7997.95559953004
1384.15872449328,9217.41882795008
8446.40818104255,7995.3231275603
1392.10532835367,3907.59200897721
992.715956468414,3114.9901953102
965.215516681235,9028.73272313076
2185.69642641824,3808.7418195245
7826.64702378445,7909.02811092002
6989.06458916982,7935.47326603085
1460.23848337614,9001.84179147502
7540.67163711401,8032.49147357685
7773.2006205399,7363.71701861907
2137.81668180106,8065.67299758047
7476.29931764362,7967.64339023198
1468.82924121595,3766.33895563566
941.982833668156,3202.81906174648
1158.27283067518,3524.23162574252
1756.46750510909,3807.44949837997
1184.56459842723,8864.74838299165
8812.50484938629,7084.77708852655
643.200955655113,3047.76832618925
8043.02198109393,7480.01575217624
6262.85266706717,6776.84659912836
1432.92987705509,9157.57426379579
8816.93772955076,7605.95251866221
8579.01453140938,7886.76489814077
8893.20217225607,8671.0689744034
1729.6593831823,3891.73414057667
1111.17881345544,3679.55236676797
7948.38122411811,7498.10984329345
883.169785183284,9007.89398833994
1438.43533792768,9217.17554134418
1059.47184694637,9399.76207117789
8677.48032650345,7258.69781489672
1512.20193739366,3716.97657963126
6859.17246823704,8017.82583101127
8790.39137661936,7525.57960763642
914.068282640188,9324.72591556443
1364.08068030798,9023.71078074141
1064.78713051192,8749.19559814542
7597.49366132029,7723.19021974421
876.385689894082,3154.35452034186
1742.3688434692,3737.31776297528
640.211689857401,9068.25774548453
1296.24147154381,8809.86662024895
6778.70798662213,7966.88671695031
1641.5141179517,9022.74654468534
1911.96612221524,8430.03366652838
7452.34059785685,7758.32629935944
7223.89397092203,7449.02263430564
4080.24768994711,9044.43941814734
3532.69967513855,8982.12012467179
1884.84081341243,9141.25080272675
1479.42289626607,9037.26444331713
7162.08951126393,7449.72848826521
8730.73790816406,7733.1662175166
8268.10087682299,7667.2859733296
7750.42824594974,7493.97848137373
2100.52187321187,9515.84609595562
7507.92953259482,7465.91788727749
2149.33201089205,4153.63412490309
1392.91054397452,9146.42131457761
1598.39663723952,8947.69300153879
3076.3641819768,9043.00532801097
7729.47673426759,8033.04325859537
1608.0161916085,9210.82124239022
1570.09010206007,8794.80641743578
7070.63677390032,7436.40158403636
8254.31619609127,7291.34949682716
7155.70464842336,7608.96266071427
8568.18756602371,6952.37364956498
1233.16399746505,3699.16829876299
1789.33808952944,3873.32428063092
2128.74395862996,9487.60013371973
1670.31745796479,3736.00040891312
7718.23194999825,7807.9301412222
1904.74125949264,8983.62093373797
950.977543059417,3110.81312157863
7449.18516677622,7742.16813557662
7438.34739979977,7779.3544115285
1226.48333333957,9108.873923377
1523.90616527913,3264.33635664226
925.60415516531,3353.06038068403
1809.96054844439,8568.5294439335
8484.68639906735,6734.03465548287
6440.4265250973,4166.50606241823
3883.97713564168,3249.73455332072
7447.53060575079,7350.88568706388
6529.23213969978,7408.25061833898
1550.05309937123,3884.37643133952
1276.2371513409,3433.97460466591
924.053503514916,3551.53640462496
1659.34743704831,9292.68215861182
1964.4629452263,9203.35257699435
7183.88498571565,7487.56432808227
1056.22380591501,3026.01523968072
7447.32890771638,8301.52398531611
1355.38434134243,3883.99611232608
1459.25930601119,3947.79082494386
2116.28859589213,8067.63958273732
6841.62713011397,8440.36951879155
1384.52007644775,9191.14891002471
2130.3107133442,3272.1226362929
8104.79897544757,7316.70245740519
1946.42577863488,8733.27191496071
7213.963954659,7263.05846428033
1214.91120173374,3532.72278036664
1116.19321988834,7842.28619750019
2402.92567632505,8089.10499261651
7576.7704279234,8511.20419477537
7336.19135525744,7997.48424072561
558.680140607697,3182.85074096636
7131.60960433609,7291.57683625652
7802.14260467174,5116.37653572114
1898.3940997631,9072.84818706137
1167.10870828667,8898.90081888906
7950.08425504404,7526.02432599929
1501.38847869639,8331.90993234027
2156.52276736576,8982.53368336509
877.39884550368,8851.97937140397
8045.509180587,7687.01265112877
7294.03087991621,8018.74407804477
7045.38292692671,8438.97783335375
7953.61401812347,7341.84523723349
6852.91413268363,7743.96439196585
1949.48349149615,9242.14398070871
1567.30179729864,9123.42831651401
3961.39605220098,8901.2638590495
7540.45690605884,5617.54004037594
1162.6568518127,3342.13263545419
7664.76379198164,5994.21068030628
7199.93841008053,7057.18952007276
7484.19171771825,7488.69799702136
7446.30525990626,8188.33520834086
8847.53031700117,7145.41124300461
1376.1135631136,8699.15833673789
7937.84087473891,7743.03106518283
1280.21752719899,3371.70207349113
2023.48001599195,4167.673532991
8483.32450308954,4769.02710134486
6587.01315680007,8196.0788361681
6832.76026315186,8216.36596137009
2181.94033186843,9066.02487688879
1515.90882727318,8842.31108812185
6549.59870145083,7832.48837825088
949.618340168974,8888.91096120791
1537.14618288594,8903.9857468851
7860.9532229958,7188.59019547272
7283.10705366577,8354.05293360731
6211.4791394152,7802.38676168545
6874.7378150631,7903.14936901927
1388.211612037,3075.79767420041
1330.58236162217,9273.27061111808
1267.01628477726,9044.55934885935
1480.07738760287,3534.61696599521
1151.92035740576,9158.93640080767
8739.84427723574,7252.31383148083
7775.65636086271,7788.41383328867
1628.79088911352,8272.44105338218
1592.4558510366,3525.5604009388
561.511159667751,3072.86580711109
1127.78004197141,3390.80079558671
7175.50906975617,7453.32091655788
7673.30321138403,7587.25023068024
1656.05140968472,4087.29286160324
1362.7980741904,3511.59978327471
1635.64535697587,9273.72658799082
953.912272714657,3290.35022833276
1465.69062290083,8936.25955592113
1192.48427636384,8892.5313854806
1711.40854919927,9169.63489939974
2301.86028128825,3668.90950054256
961.390635503749,3196.78504652869
7807.53188816925,8207.24166724066
7255.26027360343,7374.10124215083
1672.2048080138,9261.5542452492
6177.34290943559,7767.73374299591
8733.90637072024,7351.21650539336
7270.49400481519,8325.90373113982
7701.41727121277,8208.29614826891
6603.92381900338,8193.11202940123
999.260098173506,3341.53768925164
7391.43257800124,7443.8167763428
6815.60597558471,7458.8508733377
6581.74713759464,7846.61452497302
1081.64695443907,9155.74368265051
1649.04790557839,8832.67408959025
7608.7984750013,6696.33919471372
1863.98154398524,8472.24507766075
2936.71543626209,7654.35359901973
1306.60101365358,3691.96214059376
7729.52359423803,8104.96812053698
1030.27953287041,9020.52226735574
3800.84374529914,9082.76786803318
945.519747731182,8964.110378954
7075.00964060281,7574.7258251427
1285.51510151217,3637.73446543675
1445.03366826027,8930.99025250698
5052.39486165052,9386.88553615349
7632.11230516741,6738.96290322278
2032.72634206018,9591.15550390741
2541.70127139986,3497.99407537088
1143.0421582538,9045.74031580397
1463.62037783114,8951.78521440224
7770.79167787353,7690.83464366538
7969.63945001573,7431.54282683641
1258.27221615384,3826.60034401214
1691.27242962656,3521.92764486806
4150.82693214431,8428.19066258371
7496.56496702629,5446.79954228091
1526.71221472623,3863.08993058839
1610.7755520233,8947.57967197994
1020.32867401729,8721.05240334513
1724.02995294838,3921.48926385511
1024.21494565147,3182.37694263803
866.022968243488,3349.47148374962
7947.59765763694,7991.79633171157
1331.40129959769,3651.55660057558
6924.48264104724,7835.98509194834
5991.86987435874,7066.99203123417
8800.32688389896,4620.16233444224
7723.2292674879,6972.62776518496
7288.31785850777,7265.91522048
1955.40584729448,9209.13905853012
7733.31590809643,7253.77781831125
2619.43572974349,4245.84270299249
1737.42232629765,3787.87738807251
1276.29473251998,8066.57121811536
7337.90483218617,7339.43874489401
6830.5727634574,7887.53628353084
812.240656614708,3513.77005484108
2042.18470515315,9295.82095137531
8327.47457095884,6599.5194706264
858.658799326539,9112.43245370722
1468.98963900536,3730.24409944587
5437.40076985239,8880.66979289965
1731.88906800779,3252.18596222042
1700.53558502446,8950.14042494609
1173.67150846611,3654.23635505471
1493.63301329549,3930.25711289402
1920.08917095095,7822.30512611655
7138.97560059032,7294.47507776565
8818.86926133223,7112.63604956952
6613.04866731084,7960.14109404278
1327.73935062539,3713.66963257944
7153.87375209603,6712.91277572325
1252.00659472235,7716.50076321587
7759.28573584662,8324.51736825618
7311.26099996255,7765.15185050824
2054.2327538562,9256.76804892197
996.042138549605,8734.78475019574
1216.85734775799,3457.00783552295
6104.09119885074,3630.98366498087
1775.63637183265,3773.68714239328
8451.72011738738,6177.61785642492
1106.46498636897,3768.80293376769
7412.51677010698,7296.98185182528
1657.84818836986,9056.2106260053
1602.23358280123,8457.01884918322
7616.7432596042,8075.21417409773
1084.5117598395,8647.58372852792
1309.09138419303,3817.51417960993
8493.56823822203,7508.41078788113
6881.53803814278,6734.46897825067
2035.20043351639,8477.30273343306
7260.11351033655,6672.53665395622
874.622756421718,3227.85272442281
1089.34125973041,3753.35399767893
857.405114827955,3142.80509880703
1595.76005131672,6301.39395179688
1221.2741239276,3524.48998886875
7495.28516805011,8587.93596711664
8093.94715786792,7696.4808326313
8975.12352248616,7703.15666101074
4878.58095674235,9043.59535054864
7173.44789974182,8032.58072098947
1372.77979320633,3770.0637391945
8633.20466789693,7291.82422751738
6467.35943008796,6441.30830664735
1570.7379307851,9100.4560369804
7588.49926988584,7730.14572407638
7710.49282211017,7408.41642255533
678.383805393906,7929.08191473874
1935.43431143922,9240.03846463736
8937.20344564706,9054.36864335374
7953.53080910288,6770.88896906756
7828.84878963432,7976.74021701205
1599.71556271278,8869.94435332525
1015.94869046504,3479.14231785864
1336.68288051196,3323.66205814904
1182.30087227361,3244.49865033748
8022.52533864001,7270.62386491527
7969.20047269709,7271.41026781842
7315.74694204833,7101.4534874436
1442.93457422042,8748.45362759647
7486.05486186666,7639.95636658047
8113.31647508409,7416.02640891037
7414.36211401076,7888.22076697876
1773.51472678965,3466.37292819008
6604.60800782898,7093.55897479073
7528.38720208132,7595.13020401094
1157.49912260867,3656.19381008839
7230.06402597903,7772.35644910572
1796.37923255782,3901.07473353362
7555.57686238203,7108.09739631514
7466.13007656532,8250.13300676894
1439.80718932238,3904.64212116448
6700.73210290642,7077.09872274895
1336.33663351776,3662.39816254948
6695.71731513406,7697.16867825737
1505.03441554302,8779.1579009703
1889.96596940332,9214.79551440032
1076.35025776026,2518.56599045802
909.383278583659,8997.64505125571
7865.33583215818,8167.51140228358
7961.26614767133,8486.60669623748
3959.44757334497,8304.2905494258
8019.48198599071,7254.58591307564
7817.76528847451,5157.1388711137
7301.49980037838,7574.51160232846
7649.74129372266,7373.96752721882
7365.88204598353,7283.08695505135
7253.1524991082,7430.74713699488
7717.70620950777,6898.84320632286
7430.91778108954,8342.35371038849
1813.81047315075,8887.87205385809
6500.63224764834,7351.19804850593
7536.43048762878,7031.50270298891
7684.09651658124,7415.96833233782
1339.56211309011,3696.48825152351
7567.98197271121,7685.46378919317
1511.45112502606,9212.95672035199
900.985019345122,3154.92699449969
1317.07010113083,8717.63977102834
6840.69318333758,7314.11998197169
868.488782076426,3491.52942925194
6838.16343437116,8423.56080597007
8355.39898756103,7839.14672198833
1806.23026298637,4875.72659723249
1376.32800025722,3766.76750189913
7622.73398421678,8153.76443108544
7708.55516436142,8329.33828184054
6693.28188959342,7953.5408813424
9073.67979805891,6942.14508229694
1324.65273735464,9116.2676824606
1196.03286031611,3501.88761822379
1710.18926100467,3573.28571708557
6991.85807008508,7542.54789771904
7752.89578344226,7414.68476810496
7397.21779911535,7743.1617933145
1385.44227752578,8668.45829128739
1373.89804813214,7999.5334616932
1094.40240586915,3261.85832153486
7135.71180394143,6925.87619926977
1507.48641579362,8243.51706999574
2691.20339974121,9046.81130591792
7132.44675684686,8084.49310423843
1008.28120531218,8426.4955322955
2182.42660897442,8497.0430373594
7136.13094706016,6883.82430252099
2327.26208352086,7839.30873537342
1113.25913386512,3656.47921622491
1566.281219344,4571.89827998369
7657.72495199551,7314.26900836421
9213.55574043095,6698.45876459525
1054.13432481058,3387.36060078339
2368.49180638056,8104.11477446153
7104.48364588618,8039.19081852692
1020.35263553409,3345.5998851304
1695.30101378089,3676.23352134601
1381.11755770276,9276.23755120158
1642.55666721219,4923.09819845798
978.223840080883,3283.07320139556
7594.24352358799,7036.25658417822
1439.83862895704,8727.81931451006
1408.52459559552,3482.22585085614
1193.54728249194,3562.47458235464
1668.42668355019,9371.43278991101
7343.01607361202,8232.26578257207
1904.33429001804,9246.20538758372
1496.26521297452,9259.10070022996
1129.80046843419,3489.47653783345
4373.84501328554,9350.85966956664
7929.26040749148,7209.52227306455
1804.92896881453,9055.30849853682
1660.87960309129,3680.63375860719
8972.44789231247,6528.72102878978
700.542134897767,2995.44128898465
1459.78716514679,7413.89294557156
8211.89135269306,7727.57129693525
1018.97627870357,9217.17480174986
2439.36634356209,8558.97723296048
1377.04073053437,3937.68637094725
1016.4136000173,3366.51771903652
7728.0363784602,7321.15827406928
1869.03617976139,8566.44800534446
2003.79441604066,5403.67524478867
7927.23232855119,7890.4821645968
952.549113780878,8924.97447661964
1708.87903801175,9158.26169996736
1107.3811543708,3225.80584001283
6897.24232549018,7637.99565877704
7481.09987645739,7962.58467757362
7287.35974478852,8158.83228076321
1798.16703123289,8737.33608188315
6394.41546795372,8331.91401349375
1748.13917250289,7851.61448897226
2647.02785568159,9056.27085221789
2421.32095210298,8268.78247463149
1774.21194264275,4107.71864556917
7206.88880982668,7094.19241585695
4248.89120245617,9286.40623448795
1544.22374253215,3680.54233682667
2051.06467455893,8834.13624328316
1081.57787042478,9155.9847464096
8437.18467059588,7418.604222124
906.155251731861,8701.70692213143
2706.53012308978,8706.22386469803
909.533173627557,3179.98723225835
1876.1597695351,8848.59420168501
3116.72571882082,8147.82058439833
1210.40088052647,8192.23414407341
7239.26712910344,7975.08190669908
1500.77691105423,8775.89884174724
7685.44950456934,7543.34796514154
2363.2938374424,9317.16064987893
7412.48790862916,6978.40253821559
6264.30738041947,7602.93390331193
6394.9072520892,6518.9180690207
8034.34413358258,7307.88187172947
1823.41820464243,3857.86924535885
3401.65642070863,4766.22067728754
7345.51020952496,6972.22574109818
1542.24975394252,8903.09700791596
5610.57993880704,5563.27760437818
1561.876896778,8920.49838921332
7685.69614242559,7424.44748682902
1573.10479006662,7784.23316824837
2486.62108038533,8856.86011494756
1564.12646430434,9241.26910801891
1582.67449682038,3732.9342110374
7164.2081171069,7424.45488934857
1158.58008414051,3867.12641474921
1948.53143752503,4095.94776770809
1159.08431439498,9101.07734370742
1622.53667580917,9192.93601948688
1767.4570145214,9377.70624483682
6933.17411514952,7405.85619345237
1625.58398015079,4312.79286815088
1613.42467444801,9001.23079838065
887.83282386738,9350.97054403527
7559.37907445038,5267.04000603536
2106.58480362801,8975.21005438148
1357.02453598672,8263.92610117489
1773.35600402572,8224.86515666918
859.463802485929,3555.30815384732
1515.02493336814,8930.51487294942
3841.99037443845,8721.54852343205
8591.3237218799,7235.20497699755
1357.64139560695,3402.92793931037
1237.341743567,3455.93637382194
1527.4870043933,9246.2581986401
6496.3951444821,7711.70100389179
7466.39045535998,7342.87816761651
1081.90667297182,9102.31214793574
7605.40021126282,8480.70098663138
8384.52299146062,7725.05394152427
1652.48515358757,4266.73888059779
699.639174849059,3471.77932522793
8854.43987076518,7947.36373247181
1433.066040556,3561.19859454977
880.348991998984,3451.71547586464
1543.6426729458,8948.63460586114
1859.41234060346,3933.19122937487
1458.42401847126,9139.23911194052
1116.09443667358,8692.52609861744
1790.94691588662,9299.18449748774
943.19369227201,4334.75390504494
1134.07147934141,8219.66316772377
1004.08099481991,8866.01266259929
1898.95349038533,7910.3148605618
3875.89261177199,8983.76551901533
1783.91819066554,9002.49057198046
7288.91613550583,7655.5183085661
6480.95118422384,8090.47613227227
8781.15361553871,7561.01194542265
6965.78750088123,7328.59924968405
982.984712904469,8850.57656576648
7068.87500781954,7852.01294654968
7120.98421001514,7781.38747231938
838.257836086898,3131.41322758457
1050.76557178633,8644.78295142202
873.863234376868,3474.78758429042
7914.86696319827,8131.55276281115
1299.82996814722,3156.53711289468
7863.741436494,7402.22061765688
5808.1023989816,8918.69051722862
8111.25492259709,8307.45408075071
1267.31454069264,3590.69556079994
1166.82652054864,3241.7929563985
6443.38516892226,7096.02244137619
4160.56760728981,4074.64888419658
7468.25481162453,9241.0171370663
1578.10618500328,8873.63032643302
7520.6746399317,7918.99600557292
1535.25098177811,9040.29030719403
7934.38968256334,7836.66750088056
893.765080707856,8593.67916842167
7335.25060627997,7878.74858814575
1431.79413614022,3855.47623023002
1223.28860633983,8859.38744833112
6763.46984792548,7595.97041792269
1589.68395059121,3459.06020840936
7346.77762401616,7130.31497068487
6557.92849544926,7653.65791482921
1148.48973459828,8352.4718524264
7385.68150055118,8295.92996870712
1573.20910744867,8362.06734163278
1673.66953434015,9149.36261797836
7274.51476299917,7722.97923847599
7621.99899676903,7811.38537470075
9005.39083835572,8312.82199134283
1157.77419118061,8865.95388168655
1222.26415428713,9301.28689949168
2027.3553652449,9018.24510397227
7479.19420503065,7125.98272433235
1384.18230579982,8897.55269638796
992.260867713559,3302.75515951968
7089.84961856913,7829.14585376132
1548.90478952143,8675.68490614689
6643.7128201259,7159.37832177262
7536.9755253964,6836.47423328988
1438.73013755632,3446.54251228598
1920.28298214856,9342.74013640953
7472.62773267646,8039.34627691855
665.372794319647,3304.9430070275
1750.10653314857,3783.91485498869
2334.43726012712,9100.83496115163
914.504972958949,3290.72977130083
1723.20459835932,9072.53251764901
1392.6731590379,8253.60580890598
1006.06756884102,3519.31203479586
1170.66871967902,9003.04039880691
7536.04884189766,7706.26966125301
2577.88913338311,8109.47806680119
2019.81224889207,8431.78756923182
6085.83139862585,7678.27630636611
6810.23723644549,8307.78715777362
7001.10741617519,7707.47816244069
1636.90407870509,8963.00285049417
1623.24749641911,7631.44508421007
1605.04081991097,3729.39055400114
7862.61590256356,7706.2210070048
7115.82784311985,7465.67758418355
2398.19561473076,8816.88292760229
7701.87377219849,7600.05545458157
1765.85055387132,3556.35985717789
1266.39826560615,9225.11879434611
7724.96366727785,7989.01934404277
7958.83896454215,7516.07801478209
7214.59341357685,6787.91090072009
6334.73244650814,7140.7227721521
1522.04606731097,3310.57146918612
7621.9355758435,8278.35093059317
3465.65138712513,8351.76292001204
1613.68836223751,9265.78432624847
1746.50770036069,9163.85988324079
445.696849145814,3296.03421339257
2511.82243663034,3926.74297075466
1222.60846375778,3710.96972199369
6931.64451905687,7508.33684085117
4348.26880788439,4467.85351063258
8391.42875495921,8201.48542628556
9265.48736955049,6733.60064452209
7218.80411539365,7496.06630208178
1381.64340379863,5567.8754464021
1721.10592490268,3766.73626298668
1306.14857670991,8824.02005176806
1425.1199416627,9113.36883336886
7957.33043961724,7039.38329351293
6507.0801391139,8027.73863018734
1854.63217249043,9057.54989672278
7230.03036551536,7873.14612364126
7239.44979979189,8582.57113622597
7443.14158005959,7646.06900917731
6659.21123771549,7959.97296384914
1673.18368705541,9324.24985806701
7346.550980598,7936.62678173686
2769.47063068155,8201.86206633345
7848.78156631623,5387.44869132288
1112.83040799631,9039.21219783568
7435.108157704,7666.04564287949
1642.44872226466,9171.2996084087
1360.73995226587,3701.27392251542
2535.98612041307,8493.51810741495
7995.76093426768,6925.14072368246
7926.85966656543,7668.82353823966
1221.38046901465,8968.64388070939
9174.86270323339,6776.89671222564
1225.34884787876,3520.43699260765
8395.74117936896,7424.08651641135
1809.78080626957,8379.49403457356
2147.82596609577,8428.37538784061
8782.55290323946,7587.42060784927
8003.22961342329,7908.99480329631
1013.00732739143,3409.68491716631
6318.20551743384,9120.19126439774
6318.58204771772,7688.27819585963
1330.31674929176,3282.57831896676
1685.74256314507,9300.87270010852
7872.55566750967,6290.60899656352
1497.39334357402,4179.64536784033
1167.80844443597,9039.88795269896
2172.75772957134,9280.39566953599
1799.02288034831,9030.01106141644
1886.22678286134,8806.20444807357
7942.06551321355,7700.24570545882
1185.40693858519,3158.68600948774
2472.82615767232,7572.92317386889
5337.75996982105,3741.76590721271
1235.77576999429,3525.85910008848
2015.33416064312,9145.2884811937
8347.58348573856,7226.43664057392
8178.43720116311,7532.42968113368
1089.77520908714,9073.15007961832
1413.69832554963,3619.56130061897
1691.86642821438,8387.1501713969
5526.58744830257,8842.11210531425
7190.82925068978,7269.25816264021
1145.97904719296,9346.13182507705
2518.19205287257,9105.07621545694
1874.32906343713,8469.41590471192
1311.11777785582,8862.52886196865
1377.40723531592,3698.98383231779
7396.6537852344,7196.07680841343
8759.0716719602,7170.38519849601
7435.20587937508,7756.26050788882
7934.65727520562,7831.79864120594
7405.57578019791,7136.1006527903
7071.82101740414,7200.78270722105
1443.06499628206,3882.43836465948
7373.35334529646,8032.90730019621
2113.61993722045,8249.99313146264
7197.13711611199,7641.50198109114
1236.49309284649,8847.7348676528
5348.74957071777,9453.34852793597
1053.56534104754,3560.38082865343
1688.86586388967,8990.17549044025
6954.25214287346,8274.63034265409
1530.2837430689,9182.81636690678
1992.19620910692,9205.27936303834
1391.46543335615,8853.17839386567
1302.82600655006,8193.0223430906
1271.99726735789,3034.04693278265
1346.62548104939,8689.54470526959
6936.40694521491,8037.35502363625
1330.46480302675,3592.79202539121
1279.94774696182,3302.87888348101
7274.51424151089,7896.71395129339
3956.03928797456,7472.66467877513
9105.95073589011,9052.28030584755
7461.80781201548,7432.25721941097
2346.75717365504,5487.56957772318
8338.66169911107,7240.20993867742
876.47012644097,3427.38139683257
778.362833785604,9265.36670790915
1059.58544628692,8315.51756149238
6913.23850235364,8158.3405235742
2059.9010025113,8722.20366535957
779.928281821494,2920.07286088256
1186.10952118955,8975.89413996275
2517.21295742252,8103.59861359296
7168.05066139002,7534.43438449451
1048.84985302368,8572.21441194448
1544.84375963766,4309.18868704234
2135.54489252862,9262.82984278299
7485.85150441604,7640.94482149882
7075.04488615652,7623.84016408269
1140.95032897566,9085.17624341574
6666.40915977809,7021.50468506532
7452.55084039145,6790.8449019413
7583.28035631514,8169.8705518895
1455.08571002085,4498.39015922863
2337.3930789805,7988.20959189706
344.545119314369,3106.52118340457
7113.37399793938,6315.88686660079
7636.29318074622,8239.36358448205
1207.49811447541,8493.55978823466
993.11043045958,3207.46371718721
965.117829157747,3373.68919827226
1407.33655343769,3654.51712570404
8073.26976453322,8142.14048833497
767.403303765813,3126.85894354239
775.44344696344,9101.96604874083
7150.6087464329,7537.73631573494
7134.73325584342,7472.95081753702
6702.8542472748,5211.16598269261
6631.12226134814,8067.86576868998
1386.23999283621,3674.6096584887
1351.62699701904,3864.27409092103
1482.01600535463,8827.14117235853
7420.52602161987,5628.31715471329
7075.43150315315,6786.40682981636
8505.86519889398,7389.79855892944
1513.09586631467,3871.56241462802
6591.75268501634,7308.30526862285
1551.84823334209,4586.59512373066
769.084133446264,3395.44079843762
7412.59927966139,8002.43856082023
7705.94492438226,8071.28545422659
7153.83497778245,7649.19435712998
2482.23808136426,4024.97371117041
801.13792696061,3401.64319163883
670.124822691633,9026.47509620361
1368.241169378,8847.1510613222
1613.68422420207,5473.48388088006
7498.43498132092,7841.39703606743
7095.10294167882,7773.12074344568
8458.01982125674,7060.56315660995
8778.19227677766,7724.84643080722
7140.9307483815,7189.86332551725
6989.74394594755,7475.23532034045
1338.6179320674,9369.31107321463
8806.18276970593,7398.50957791214
1085.87427047054,3295.69500826127
1343.96728939012,3438.48202189196
7186.18049003865,7130.40250575705
1645.50373476327,9067.2219166795
7722.9237273677,7900.17160114236
1180.42111786939,9174.82651588312
908.726944176484,9181.1673497794
1966.94377803818,8246.58573051238
8088.30311694949,7529.63823750007
7384.50009927129,6462.06844715673
1359.3583001835,8939.90153122421
1331.91575715582,4484.07037422427
8365.23656237642,7749.09168226299
2139.59849538035,9201.82758674528
7129.41016477184,8307.40521893409
7934.09492954424,7289.67054318216
1691.10865833843,9261.80101620298
991.382954882588,3625.37710578583
1929.13300601542,9025.519418944
1656.54080909548,8549.29021316827
8504.76324787899,5493.40829147447
1041.17111706334,8970.91832579489
7556.09820592302,7756.68430673142
6559.14910632872,8044.6694779605
7371.0584085379,8232.59277773977
1428.57033413204,9194.28644173151
7424.64531834346,8089.03419811707
1370.1118314643,3530.94436501681
8759.23524049802,7641.50466776151
1502.37930233478,8189.40636592382
1686.56938448382,3532.3582752401
1476.87039356733,3652.36766391651
1222.97540135408,3247.02230728975
6772.12715937388,7915.53308080214
810.106589125118,3570.49818867849
1791.79453501426,8346.78275792479
1555.84405195378,8821.9492411321
7036.13387637053,6755.37660776327
7168.71651337153,7656.39020801621
7663.90240005263,9486.78238107546
2112.1957694017,3724.17229619949
1054.5524225819,3265.87639081359
1634.68359034221,3465.89762924001
1266.63229886551,3096.75003068821
1352.57528872564,3576.91490926068
2081.4641223772,8892.79088226691
1420.9675902834,3693.78532082612
1210.17337981873,3954.72352129754
1187.47003868504,3806.69756473303
1245.26710074062,7856.04707314114
8489.61259069221,6357.9001253977
1754.26736911744,8691.65500356059
2169.73910567784,7473.64953970222
7235.96055364396,8410.36332071064
6992.66232022017,7377.36389829817
966.347113112872,8950.62428987536
8864.32265146638,7643.5523140707
7498.12321270558,6916.45047618242
7750.3146949712,7298.8957259773
1252.77215411469,8970.91295705131
1179.45857298099,3664.04410402426
2438.31158684193,8714.94052311676
1116.34585986583,8819.83358355269
946.318792524468,3419.07253085856
1314.04962982549,7676.49715127554
1506.1627761146,9151.06285043427
7504.21716713537,8060.5666337663
7602.8850397737,7546.91620800712
6778.00506199219,7604.80278490427
7252.51273022866,7843.93225461572
1727.38292614054,3545.64636732851
7265.23699889909,6946.33835466259
1482.48196374357,3609.49300053994
2287.6975365478,9642.09225907777
1157.89569670317,9050.64914977347
1355.64868685737,7993.70718225152
6850.35040858257,8439.37207247227
1468.97767864914,8953.54327726367
1456.37798938991,8866.08018608975
1623.71829286545,3901.80577278181
1269.52108251148,9027.99215456563
5096.8569316774,4986.09421924129
1418.37817930695,7844.04947292567
1615.27035768428,4733.39601113745
1698.43270368708,4088.76186321942
7541.22137136441,8353.12585537524
834.197004992675,8265.791091137
7041.72167326411,7759.16919966319
7630.02673776393,7557.38803292231
7013.66636156146,8027.9490596463
2115.90956838492,8263.51187404286
6920.10151060433,7627.45838327923
6985.0309758267,7561.02406453044
7323.63262869122,7073.42596275462
7128.85155946524,8293.46462052472
2278.43900669946,9023.52170492564
7120.32015032004,7507.26656431265
1741.37986669899,8561.49284653653
8557.3478153965,7779.20148317478
1637.42947470392,9342.98972229096
1575.22854966789,4070.70484058057
1119.77318698837,9002.73180945071
1604.54501847941,3940.02317777674
3195.06776250275,5564.25157577941
7792.1090388933,7543.99494025999
1576.29762289247,4006.18773410862
7969.28449575062,8113.12401556351
7576.68610447805,7611.87101715034
1505.3202706856,3762.7285241386
1321.41564427588,8926.94800172366
7964.06647489047,7218.81114014285
1192.06898685399,3801.64167082603
1442.21451316808,3925.17746024241
6863.48168402836,7583.30750513037
7443.23243524541,8133.58038426933
1637.71634390787,9080.41039010837
6544.857146901,8020.82995173518
7292.48310351385,7666.18897600267
7741.29724813863,7931.98756510646
1249.41134838558,3475.79663380314
1182.52796643986,7942.27837683019
1302.73417156453,9077.77685094805
2445.42459401749,8904.46514527943
1537.07720283215,9225.46502691983
1953.61710166935,8945.60032329735
6535.72660259496,6712.67843126137
7714.83562168209,8075.55094290791
1315.27272522207,3521.44092067665
2054.26468466878,9285.94667448947
874.51677207024,2991.75534603161
2021.83105086264,9032.47540583777
7891.12506233403,7549.50605523989
1365.74678971911,3652.08483937324
1540.1125887447,9195.97237695131
1715.09032273841,9089.04305451181
1156.96195153732,3729.69655569437
1475.24112914333,8924.66963701301
6752.36103648014,7734.13928956478
6490.76584391037,7339.64067888348
7741.37316794438,8400.13544077391
1531.70705116434,8637.82858812909
7465.82458501893,7450.34257714151
1182.41758660367,3719.2818008038
7299.84217336278,7235.48070686993
1576.80220141148,9197.21256069121
2433.34431064663,3515.48870285577
1556.26207352563,9177.40302000804
7516.37675569626,7608.69791647043
6878.12745082625,8122.57449352572
8695.43864602011,6775.37393879486
8098.46215293489,7063.10694950337
1427.31103605165,9272.28907619511
1597.69880980483,8848.33634165147
7842.95378894284,7948.03065003669
7874.97877610052,8321.03978059409
8282.70405262481,8056.10764822412
1343.42819915711,8840.1270782846
1415.27758731475,3608.4182054039
932.402526162229,9204.84196721892
7054.74127621351,8149.99447930748
7079.63571370989,7941.79300279151
1803.23676652153,3491.51283751963
4419.34905546733,6545.53897784804
7788.54998189513,7444.50728544997
7178.6596752197,7149.18909687322
2214.58061526344,8322.34185809161
1412.67771549661,3557.90507241552
7654.89595523925,7172.19549416027
7815.42373870531,6711.92973146876
7862.91209543404,7646.36776538465
2275.98436665391,8870.9194238463
1362.41878113995,8833.00259892794
8363.81114537308,7996.25921819273
1827.0274717434,8509.28741915225
4607.94727324955,7598.54244080688
1477.24453722617,8633.22596687619
7537.62202302721,7233.09997804554
7941.20026851265,7897.81948217103
1516.61591880195,3281.6140008936
1344.98535715372,8866.75415478363
2510.42808275342,8237.35047447467
7096.76160204932,6711.07972502094
1334.54075178758,9168.3644429141
8611.47382883531,8157.52759383043
1505.56519061223,3794.42977753726
7676.6648359563,7850.67755264929
7537.99542820489,7579.73410649777
1162.58719161351,3580.83809055633
1695.56945828572,8587.78496281507
7515.6251797305,7673.31238319934
8078.22992060016,7746.71375105514
977.940735734177,3570.73945059471
7395.84270473304,7380.32237158112
1428.39374396571,9269.91582102313
9308.54512974289,6956.36708358635
1743.10605664222,9096.02014559747
1127.13085693291,3665.97329215049
901.987947064811,9235.3554379538
1828.39895513975,8226.95779145141
2879.83960722933,8133.54238934126
5313.51656076605,5670.94709744664
1555.67174536937,3445.08074414652
2129.46578961733,8586.85199341696
1452.12004603318,4209.13655374147
6684.85486394643,5017.55665843124
1589.98771928288,3818.27255523516
1345.96720284246,3864.76256299281
7554.28454143853,7133.42771796725
2118.95906416088,7440.87225627138
7124.7421100598,7233.73483368728
2130.77078944982,3774.60738866834
7174.75573839688,5269.9225559834
6824.1707073623,7707.64884436862
7771.98535249067,7497.73860603377
6709.13746191143,7032.11473840335
1437.40898487037,4005.19077614524
1721.9672359614,8722.73716466354
517.401749406221,3257.10804084862
1604.85151275351,8980.2984429048
1524.08116593501,8368.48799666545
1053.69372561895,3422.70434603302
7966.60985920302,5545.91720001488
7071.3214362464,7905.37194851551
1270.17061067643,8986.36214557591
1208.55828888613,8952.07745172469
2110.72128867718,9155.09528971105
7473.77775501865,7771.35680651866
1605.37898546019,8295.22009039604
1419.99673343119,9135.57101142028
7147.94497077841,8294.29386119093
1203.74580943518,8978.25920653882
7381.99570188499,7464.13815737929
1581.38614474398,8922.63348923552
5839.00842037141,7438.47661900713
7878.36881603487,7327.84082599405
2133.520320244,8766.79672927342
952.442511391451,3543.9621552378
8180.54012631075,7355.7483050945
1393.6852454995,3802.35262661088
7330.6178657049,7434.0831818745
1728.54188251168,4593.41136619785
7146.78247418829,7615.60892695191
1146.15237312611,9179.74685923081
7940.70085003658,7226.74728006133
2199.76714592581,9176.54554105859
1453.59884608286,8497.5340017892
8472.45238820751,4343.49732536138
1423.39429378717,8484.15233108833
1029.72860409874,3416.60111945174
1252.30312259739,8802.4480799239
1048.56584938995,3261.30045147742
1159.21424633425,3409.7795138767
7520.58136732124,7287.6686786903
1242.04706238306,3282.61132651812
1123.39133440269,3077.95748946668
7303.44109650748,7815.95791214159
6696.93742926522,8098.42095865446
1877.26655746044,8400.58691642726
8332.06025415817,7392.6192646727
7228.75791160296,8260.14823082172
7412.46547860494,7971.85463756272
1629.05743953248,4192.96927654255
7468.44864300488,8630.73755113543
7585.59429080543,7751.19479088839
7546.5594575321,7931.16896129859
7199.82567952746,7662.78266746846
1311.87552918114,8106.19135267258
2609.45615437357,8238.10849439316
2583.84862013927,8899.65571863662
6982.24348821901,8289.10290423454
7308.11981312816,7671.0781678911
1695.19263786732,9144.7944776008
6832.0603062288,7745.77716818279
1260.80426464138,9033.70128383497
1152.48865213041,8804.28075447362
1337.39948814332,7776.60502252486
1143.46287938676,9276.65546964534
6607.6663790871,7542.23471436716
947.043017946666,3389.09614672094
3272.01618470707,7648.29968198487
1536.4517858879,3631.12073367577
8801.94008416998,7184.52969563678
1259.82451129178,3906.43579269948
7031.80776760473,6434.76481961626
965.20591619145,3485.9671684252
709.94582778017,3535.03980649655
7565.75162299185,8246.29549031552
1311.45293722947,3340.11746985436
1741.85455324984,9091.02873212758
1637.46859941753,8837.22120872302
6566.92772401988,6823.8326673786
640.665389102347,3016.00849363748
7755.38997496038,7598.98058355996
2643.22033398249,4331.64280270423
7055.77640610797,7733.91336641026
7974.20060806335,8099.38601692671
1339.49046170969,8726.27816617089
1929.94017613136,9033.21025118103
6900.244446075,7900.39403657457
1376.60090550705,3852.08977551655
7242.79260588816,7441.5220055692
6874.35264747472,7330.5493867002
1609.11570121651,8283.81513251078
2022.2456053159,8666.9161637581
7782.00959288141,6758.17536984192
5640.39602375795,9041.95149418601
1742.49363710058,9050.89980528978
1093.36872013492,8864.23105682333
1265.50724612811,3672.62676190529
7120.95027048614,7390.19479886739
1423.88094816937,3541.88666145111
7715.39964979357,7284.90811379025
7524.32359744797,7681.40803963357
1802.36625517323,8475.16213688759
963.038096895145,3300.4139946441
1366.81574265036,8041.46024436464
1186.86519210362,8960.30074329293
2039.23591192229,4019.68949640597
1767.37269685794,3777.16966033047
1394.04361241003,8935.56351443178
976.533896806129,9246.14608667736
7962.98408091953,7852.78145596783
1204.60587360842,9027.69855128167
1037.04419394256,9432.79539415523
6667.07478435873,8291.1554511698
8802.15875068617,7962.81363914546
7257.11505412095,7792.06219510359
7484.23130844011,7068.17181572079
7077.36897581838,7540.8192029386
851.309636865573,3338.08583538656
1891.49218528009,8260.05815342107
1329.35584624266,8579.57878545988
8180.2567676763,7034.90452449004
6918.85596324705,7689.52805714117
1455.58713990328,9003.10065642949
8196.7921431978,8053.23009362885
8011.85020238236,7460.84599802114
7429.78467962861,6885.64411930488
7648.59807723538,7513.29883667805
1633.76930583127,8956.81853700538
8440.96610173161,7951.05517922044
7787.13873424629,5696.19669991272
888.956401489301,3322.71935146664
7422.95082341432,7200.03057900965
7708.12877328247,5324.23373555633
7769.69455557542,6169.92661428297
8179.45412802871,6873.84932060533
7617.36035173773,8140.20177218282
2307.79917812242,9379.27614028598
549.61154281577,2913.9861812456
1733.3857459906,3592.70757860189
7422.10940233969,7311.85953007083
951.866357116813,2933.63150250372
7331.86581076118,7923.35947419605
1274.02875262636,3583.92547220946
1303.23401143,3321.01889166762
7301.04337897012,9013.77165366439
1296.54048050894,8671.45813199363
8237.19338332833,7625.7397754754
6885.48491596893,8569.70756733737
8607.97284846116,7035.29804882163
1620.39534888965,3560.37603787183
1270.19921044376,8900.14983490589
1639.0314113593,3366.68584888255
1425.44045967976,3553.57210944737
7913.93028013654,7333.37927956988
7870.07286310382,5363.02383484766
1659.99027322613,8907.74573031146
1895.54078093504,3548.76782172828
1169.08848786373,3763.11233564581
797.846122713772,3055.67938038125
7708.08774949834,7249.18841821125
7551.55328171335,7726.27158776295
3076.86670734362,4654.78472741181
8162.22938639281,7312.56053086007
7550.2108177654,8363.83187450019
1715.73822910321,9581.4993044308
972.567202131061,3768.3461211168
7066.72435498434,7327.70760479595
1012.96444074912,9190.89047629122
1331.88250361886,3782.07398027496
8900.51377462101,8049.32179771404
7698.52430290451,8085.63744677721
1610.88232920663,8452.14667998611
1207.95741217916,3411.83818885088
7807.46081716286,6242.89071028223
929.910185823949,9238.96072562238
6821.15053935327,7322.28098461676
1079.50330418599,3429.13530351911
1321.64624050364,3590.22676225614
7871.68264639051,5909.30416234794
2684.33261040422,9772.30853046387
7245.02198419683,7653.05114504016
7411.5003255657,6446.99136177604
1271.78034431445,3360.08034694938
7028.29979658212,7490.42235974355
1138.32121221747,3666.9279068639
1869.90932193009,9126.62967327736
1126.69577449242,3574.99736561767
7804.97013708145,7008.52103510518
1061.78647608824,8607.74304727379
7389.50614853766,7001.34736059122
1424.82913379432,3587.21863930782
877.728540775496,3307.54254979137
1435.06675610454,3725.46357104725
1557.77999338934,3786.28773712074
7532.00266647617,8432.2023916687
975.242729890252,8905.71672848518
7337.23539632306,7884.23041908724
1189.72364496586,3403.76514328859
6916.17053030488,8239.34627067194
3568.55253927359,8652.71535855116
4120.71943587463,5951.45658011866
1540.71785237359,3579.47976760978
8942.49108682619,7350.72437512771
7734.33046043021,6855.74782564082
1263.59077206726,8953.27511720233
1223.86113772781,9214.63179548471
1327.84351060235,3634.78457103809
8474.47925925568,7109.89888710272
1454.64175061363,9113.24329134207
1245.22395032514,3499.75083885534
7612.31219146351,7881.47823138225
1714.12754309875,8543.86271572636
7384.84488827466,7332.62284774847
1522.86266733882,3628.2874678123
6854.60191866272,8481.04463589906
9193.85588909572,8053.43473269957
1092.1110438324,2841.90593335802
6955.30322055692,7299.29360653242
7871.1928882007,8283.52624857749
9637.27919301938,5728.54789406448
859.234768228138,3286.34588709397
7443.13230968652,8248.01754742808
1201.37676670235,8554.70316951098
8774.24832676451,7736.2027679739
2256.77886932033,3424.46304767872
1033.40100836563,3190.92589829663
1346.20510383546,3550.78680264358
1492.39782706926,4039.54455633146
1328.34825607326,3733.36312537802
7266.10472513211,7200.26148721754
6130.11807243569,6995.43940248679
880.883483015396,3490.72533979445
1545.79588316169,9096.15663543615
7155.0515317002,7541.5326069598
1009.04068522594,9151.29079899146
7217.34454638168,7007.53659638871
7124.57550538061,6946.19554738574
8342.39482580269,7548.2630766155
1716.33976553264,4154.28837839456
1272.67986945943,3321.50952693778
1157.8510085963,3404.21836911916
1542.17020258787,3704.27013657771
1450.72415489386,9237.13270806707
1883.84389784467,8987.26256779905
1545.85615518392,9240.8540106159
7523.7287827733,7654.25034382698
1325.62219397679,4006.18613560259
7063.55704632965,7766.52707621226
2860.01390465035,3633.45946667927
7823.60747331175,8057.30029925806
1639.10816545938,3551.63782172877
1346.24242256988,9324.84816136291
1700.33413636455,3800.41125418982
1169.94906034202,9001.82495571424
922.05844482799,9100.82243790864
7075.08865357398,5604.24808468627
6913.10744523824,7684.6778029001
1335.69669516665,3178.10764476024
7314.81990717466,7762.21851253979
6678.88239572389,7176.29876180352
1355.79835291575,3801.12011264808
1535.4609357716,6777.21679367246
8019.40925284395,7407.62219430068
7730.17975912657,6322.90169696057
1079.59515391195,3433.4978282864
1791.5191679284,9329.29491991638
1457.36688857683,3794.41376314297
1533.92022204101,3553.85108718799
7245.4710131578,7812.56967378688
4050.69871520204,4230.11960282455
6731.80935988466,7825.03326774386
1785.55634419096,8988.20798008731
7038.82568938639,7398.03160907792
1235.36175086804,9241.12965392042
1139.33639506657,9085.32451203636
7549.03831623984,7037.13265758001
2112.65490381255,7709.18859443263
6224.43906380717,7638.52516260807
1789.58834375729,9272.63984949566
1166.27644733058,8333.31523753995
1021.8968853343,3211.7687452112
1143.16639450807,3266.36341639209
7276.06471574023,7262.27974355721
1467.3207554285,3881.03017347676
7426.53478328929,6310.66768342856
1600.91462971358,8138.63424367336
6941.08773383899,7978.33746963783
1225.70423612422,3630.64484460527
1629.41326875176,8991.40206645218
1286.89819420713,8677.19340032238
7395.74363569919,6416.49124050425
961.076172069516,3510.08608679376
7095.60986640716,7108.80902696317
1530.63620233094,8934.3389458411
1491.68312240044,3887.53226395418
7222.77509633497,8083.36240083674
1632.78187692691,8172.91907319369
7382.96656770621,7014.53470276634
1464.30240359714,3676.52033027277
1529.15582753715,9036.70813964341
7654.31094835649,6683.23193722629
8516.52096511556,4763.91820058264
7495.37769572276,7703.93167256381
1843.4133339336,7879.5945448458
8005.75003947776,7368.25087879347
1076.57780706641,8675.343824131
8567.32861823075,7642.7701226885
1531.22636155079,7682.57625089353
7219.08562030714,7534.64466848267
864.136730470172,8342.03637981369
998.354796237922,3451.12828104189
6433.53694318675,6658.66289985443
1494.2351609206,9142.68198401626
1528.91271995572,9238.36213252793
1537.68435843465,7711.80948814923
750.982044753676,3096.70288393908
6083.90429065091,7130.99533815875
1108.83492148197,4019.81528278695
413.275939473614,8670.98218029087
1703.2477785647,3852.78911457069
1491.83745367934,9260.42677838962
8668.3021305607,7309.84655975823
7878.78458994063,8245.87280851719
1812.009686458,8747.81845577203
1205.82342631398,3408.34545941479
1750.08357588379,8315.6519561769
7566.71632986633,7719.09226011849
8146.75969248615,7758.6693807219
8377.62847376856,7570.0951727488
1270.74871522713,3374.99748409723
1185.89236950129,3485.03405115226
1492.00112659673,8217.14631181065
2398.55280493943,8805.31139716591
1864.76856928577,9159.500175451
1611.2277751267,3477.62046870357
1238.91716671296,3549.65779131999
1139.22638689874,8954.97759504056
1228.64139345405,9162.8073703357
1118.15746332878,8689.57889281048
8143.17399446283,5999.81731631181
5809.07788249471,9240.49691408889
1633.9037538592,8976.8734140325
1897.34874322203,8133.83400377541
1445.81159896331,3514.00800902206
7803.81182440778,7798.5013632925
8409.06279891225,5295.02142381287
1442.1027024273,8641.57418091051
7078.25729770688,7386.50302723097
7953.55189678395,7176.97558328939
7623.35073739662,6799.72150274354
1884.04928994218,8481.27563868587
1751.82538273977,8986.30793548514
7310.82211207744,7997.82819257982
7646.48831586898,7924.13738786026
7653.97066156118,7824.57279650288
881.840122431878,8950.39814567969
7431.71276565668,8059.3283970356
1265.81158042992,8797.56528284161
2327.84932992625,8639.10936071352
764.689866648341,8174.26081965425
1651.71835475286,8103.61156927902
1104.87771230163,9146.4034740982
1554.22926155444,8252.59877080861
7832.29385131102,7826.31888963713
2656.98892346238,7972.2148036596
8238.7792072035,7429.59408641303
5165.38937055623,5543.78914776277
7879.35610616812,8212.69978709462
1337.23752259967,8817.71920076626
6989.73289714381,6621.22423836529
2663.81834033235,9597.6798133213
8703.95145671471,6864.42639833113
6555.60336028144,7431.29778535885
2763.25907408611,9236.21526688986
6785.85341186384,8672.31679798925
2780.8089766796,8493.6372944776
1502.19689841924,8854.85013625421
2381.90369328808,5609.50797796106
7458.09286289979,7581.57763727851
7029.74421136384,8394.25105096249
1562.25680432443,8870.32941213321
7007.86130769872,7820.17705006395
6481.21653955584,7035.97277678066
1143.75747483063,9228.47123695675
3211.33418480184,9077.30304171409
7656.33659240371,6696.83201626011
8460.20109407879,8046.19850754724
7161.27567683311,8136.21121158504
8311.4479596403,6865.22674421013
7159.91761142313,7361.24429992563
1546.02599375862,8469.99055478822
1416.43900191971,8816.02463708276
1308.96944911938,3394.58140230754
1541.02263878802,8637.23823091383
8439.60670385528,7453.99261941054
7205.44460389179,8002.01554692869
7079.39463150716,7798.78037556781
8736.10033067636,8019.88063894702
7105.92023886629,7941.26077171169
6924.36339173794,7908.32313136187
1228.87496504556,8198.78428351606
1580.79425416868,3487.96551366103
2475.157293446,6098.25029998041
1292.21716798287,4055.99239873652
1678.02171144489,8984.99274214901
7571.20304649424,6901.70775776736
1040.51769006524,3417.69324244886
2441.73934375538,8736.37330618124
7680.15171234091,7190.87099401499
7635.47166038812,7855.0412251712
1373.48569355325,3161.42988023842
1359.06791358489,8126.99458078078
1269.63388037899,9212.23423206236
7102.21757641441,7827.28722112601
7570.01239464414,7496.80503548295
7948.13762065639,7780.07927592221
1395.16442170482,7506.32258688519
1014.90958620711,3391.54261176728
882.331939807795,8786.48168661956
5923.87003519624,7904.35865207459
7241.04594916333,6250.14508848022
7466.26793652451,8378.74643162574
2047.76143906791,8708.02344433565
1636.38650419761,3470.31400855163
922.33992513168,8732.57926540963
1944.60704370734,9109.02345928605
1180.77234653075,8615.97944436731
7775.81038943517,7984.71463977352
7899.15590043035,8245.92774634312
1703.2509648574,9183.45175667032
1383.01621135745,7919.54381317027
2010.62004980174,8190.32792595315
3266.34016566569,8779.19474620423
1450.91891896397,8467.59309293092
951.93780692645,9156.07790967854
7637.82009927189,7654.05725484542
1344.76972417233,8862.31436487241
1554.67520548906,8806.41224610256
6248.56521743067,8059.03609884284
8105.15281687732,7894.85999655406
1243.64811136778,2870.53817192855
5471.15622795576,7528.77266551626
7771.99654251673,7636.29494017766
792.755546680595,3194.69938857758
3718.78829955375,5738.92964364987
2773.17686535145,4191.98269570178
1944.226430318,3972.36461124151
1508.75876442097,8975.59347333892
1718.59711435731,9141.32975245902
1218.04484718219,3755.04364385862
2431.6362495054,8133.57268746197
6918.28382659518,7464.11073130126
1354.02650453197,8737.57488465344
1506.69396609486,8486.66885429541
1814.40209272434,8778.01048445368
3507.17351378858,4217.98810331398
1472.41820804318,3388.6475648449
1660.31072384757,9201.38411024518
1246.44650997208,3501.86291726151
8111.75342109883,7137.68140389482
7388.42236834311,7728.95672347873
1302.96060043379,8817.92564861144
2064.67517389033,3490.44549727565
9051.53228207516,7468.24756563433
1128.7621715919,8453.08002923617
1218.97860116242,3570.74706885045
1420.3962959826,3715.87071131887
1858.0745941785,9135.09936281392
7630.7068105424,8056.81744955368
2256.14774510831,9153.0535396782
739.835194286841,3303.32989724475
7111.37105653549,7851.7207603816
1873.15726035936,7506.06461294552
1804.41894236584,9104.32660048296
1381.093581632,8322.24747437402
8070.87588336061,7541.50807908281
1974.17162690535,9000.07655223982
1114.55631614252,8982.38620276198
7602.1226369368,8087.33944018576
8970.80830824823,7648.2979225291
9212.05243991412,8118.24638942298
9232.15640982634,7438.62851355065
7442.6815886299,7812.48539091914
2651.32540157916,8434.61346920951
2131.27921406859,8713.90080934976
1665.94462519986,9071.8822273811
2335.52055454927,8347.16613371458
1186.37946089144,9010.01306369152
880.361491807343,8800.22191809902
1677.77004651518,9182.75166224129
1014.23948694129,8834.61505017093
1182.82684028847,8366.91540720779
1952.23030941732,3896.49308495314
1690.20387585345,4539.45137331819
1376.18785651528,3681.91919193894
1500.70005633225,9367.44287149281
943.16734529451,3211.5026878739
5911.66773413905,7321.64910104306
2552.31300347765,3927.30337134938
8212.67654219046,7769.2865012935
6379.04888654409,8784.08503292682
1300.75360011542,3446.88904416373
1355.14221307507,8833.6140613843
7735.17256866011,6167.36658013307
7124.58272035478,7934.25532518475
1707.28482553199,3920.22595513471
1072.80691203255,8992.56653963798
1446.5110542756,3996.49204638183
822.676867082157,3357.98147312519
7079.61416912455,7259.03846324344
1606.16860920147,7466.15585019344
1182.05930908641,3427.70473291736
1106.54972684251,9219.07453693126
1780.7799305369,4001.64324056051
2098.3825114573,3914.52079211464
994.586133762759,3307.43047687985
8433.61847286317,7651.62335127157
6119.6539320206,7661.34597127792
8159.25848600377,7455.96806478349
1171.77541799656,3715.03530747848
6174.13812640746,7260.54548850863
2174.05014766998,3870.73201659682
1904.21635431859,8906.70937490317
7700.30996679896,7490.5334900646
7571.39171406373,8105.51717509336
1996.22891737914,9024.3134748821
7351.8294788174,7404.39066421765
7439.14130204806,6728.44717456163
6941.98906977977,7122.29435054437
1459.45122932502,3554.47592130163
1563.00622424805,3226.78157682226
1268.68191171513,9272.43880124274
1305.08276703298,3416.99075401527
1253.26052492938,3740.23797221744
5830.04431472121,8100.48049919427
7522.27772720241,7602.02310727259
7573.41246261326,4557.1504593045
1488.42872367201,4157.54679628705
7469.73172414833,6932.16279285037
8150.04986947198,7672.7124339215
8143.70711829073,7649.8653537247
1285.24468762158,3488.62213683389
1292.95552740725,3602.39267201779
1887.04040801346,4231.48053929299
4383.58352129804,6394.99592764135
1499.3911280061,4027.37673544163
2080.3994701087,8258.93578959258
7884.75777417817,7502.01789916106
1871.48677946885,4410.2358241532
1654.16771215887,9293.70743596494
2502.89161892399,8092.82902426687
7843.24695519348,7876.3445442368
7801.51378722282,7117.58889383668
1021.21481717815,3564.28904317035
7130.6958256987,6944.98498129398
1789.6752147762,8905.27245042761
1145.75904499562,8136.82754386314
1060.57181601133,9142.23699968332
1660.0926264903,9678.09689700079
6133.47900462943,6436.19291825113
1447.13727205837,8881.60814768449
7697.81637158452,7880.24242893789
1341.59022397638,3734.56240114008
3327.05039621608,9103.83940825565
1165.66468358386,8481.64169112262
1497.99006501268,8639.21048489074
4558.97523556358,8856.92174964342
8974.1082053736,7025.93834026365
1154.16226581151,3356.03773183098
860.581326444309,3094.0098010452
7181.68661748392,7704.60692755896
2215.22430676258,4196.88180463765
2728.67475994613,3510.13692273014
1348.55139296599,4098.18628333372
2033.06285894832,8462.13878529024
7463.709961796,6133.00743426147
2325.16749955002,9411.04314450182
1153.99789965588,3512.49874993855
1842.62923456633,9028.68245655413
8441.57635538305,6448.43131719633
7442.04827461376,6837.8724477947
1598.1027934473,2868.46493096398
6110.40443278671,7366.98041785772
7905.42749539756,7498.39900539133
8375.84206085417,7297.9200730647
3311.5149593785,4301.53750209848
1123.01456251022,9090.58223512865
1237.13143731136,3601.19697847841
6802.14865915821,7841.8483868922
732.088142216049,3376.16182481821
1337.07828749154,3423.286208198
1922.28031785407,9208.0988753328
1334.01840949717,9150.51412879671
7755.44805589699,7706.8942779807
1703.32968209074,3732.08504756414
6658.51340385817,6891.96269125762
8458.34854636884,8239.38392715299
7297.79675446044,7139.53535589602
1486.47202158642,8729.18480379447
7977.12765676668,7837.23094946503
1500.31957305877,9151.54642334256
958.781023777596,3502.23813685874
8092.45909961344,5905.22767618848
1097.7661658084,9252.85329000254
6940.6356874937,7034.75449783868
1075.46491385509,3629.63508120961
2157.30495167426,9294.79017759997
1190.0392778456,3603.34065161297
2548.26848523712,8665.45285797648
2242.44129062426,8308.48297982309
2142.79816949662,8518.07899497548
1278.5773940183,3530.2758987194
7499.98891097832,7648.81533525279
1043.2213899603,3940.75744158107
1817.15654751744,5091.90470319586
8264.53254440081,6635.33786998361
3409.16173484031,5439.649686196
8212.57489482721,7275.64394925536
7447.02010291542,7697.75524915302
1447.32418790738,8934.57983459784
4245.25366774343,3376.45981705688
6689.60902284435,7256.13596355374
1678.73981667548,3289.57064074678
7552.07303771334,7766.81797465806
8495.11784016306,6813.45334888005
1363.15573866937,9073.20579379667
985.31205293376,3441.86770856482
6980.77371487903,7053.72220661295
1434.41264564834,8829.93031762971
1704.84487042565,9030.01502025306
1054.15059076805,9144.77714142922
3272.86559232649,9009.21772701852
7434.95154705223,7334.66794346875
2805.44828049488,3617.63763869874
7968.2464446822,7322.74155411855
6507.97363313301,7063.66826074214
1398.14787722243,8722.23559721708
4060.82552598273,7830.91880103892
1836.05410666316,9274.27839414546
1115.84568738284,3553.7970572503
1355.84128078635,3606.51374718649
8372.57608145426,6508.07371056228
6567.60202009592,6747.42231345308
1671.92284458882,3746.98155559601
2039.08068766035,9006.82534449515
7503.8340048839,7393.02575383257
7720.15786670587,7518.83868374846
1032.74084037669,8225.62506488198
7898.23257650844,7278.17722765115
8452.7248829521,7249.32049524638
7967.15124258019,8510.92989599711
1041.96766187825,3763.7490863972
9231.59474159483,8150.66869997525
1798.42316517003,9282.70276476574
960.163980829042,3681.50152734392
2046.65206672039,9176.20970710756
1468.20886455446,3516.68624149379
1116.29119866709,3596.64174392624
2561.87452072714,8553.28245033197
7964.07897354992,7346.74593642098
6268.04418835083,7864.64661323178
1424.51349846122,3421.61323257418
1291.15106217954,3628.16079814843
7285.97752496369,7352.48269343972
6976.82475146108,7627.46205702496
1416.39387285035,9048.1891057984
1353.58631928625,9064.89165273008
1222.61675902394,3423.87515838528
7449.04502679421,6956.15680898071
7074.29098480264,8004.36269049693
1699.29068170677,9118.51662294322
7334.17840849212,8195.78169744254
1919.67907575086,8883.71171673646
2833.75125387811,9380.44828725806
5806.51124326767,7789.46129505278
8078.61279856118,6803.78628601712
7121.89188965881,7909.37464715041
6695.85667961525,6828.80581539317
1464.68387032566,8438.6764619057
1081.79592474775,9279.34453412323
978.699578847112,9036.18405911912
8454.77533123127,7822.60717090901
1350.98301898123,9035.89528557551
311.540378780471,2721.84403347781
6618.43308254617,7415.01564387321
6231.75844673989,6674.7416281151
1207.21888833854,3962.82865235211
7125.89944729547,7800.32844348408
1427.67179048282,7872.70498168936
7729.85851100038,6893.57577094063
1388.98899492844,3168.21567444152
1292.1814686004,7451.19977031199
6638.81010718121,7577.15059439977
955.106194884095,9168.6609125691
1326.55220027633,3709.99351996922
6966.77908397239,7762.93886040034
7296.26236912583,8382.64424100132
960.379364154982,3066.18173515232
8680.92378771258,6166.67186721576
1321.37936904471,3623.03741922782
6055.19571405424,4049.68004506865
1775.21946159811,9131.74174795983
1518.12399904129,3738.33624497409
1473.59407880022,8846.55464008019
8828.31939651683,7483.80921262429
1210.4539755237,9130.00591246831
1811.40522148721,7268.42480398805
1433.732428027,7858.76510320799
7001.44467370189,7584.8841560181
1350.92569330303,3503.04966537472
7559.76960278307,7437.19906620139
7330.28830244191,7995.76646600992
6281.36044881181,7781.39196469112
6942.35568430973,7880.62589464203
1614.56913228782,9016.27541795818
1204.85877267914,3461.78708968712
7300.53561732311,7062.83808196273
1022.2215677342,3117.49794452979
7361.73539277863,8171.31429993243
1410.44548626518,4347.14540057135
2181.58691303085,5293.85915742478
3294.01956736032,8754.34662607018
873.487784670412,3293.18301713664
1402.38009782547,4185.1093063091
1525.95839313134,9518.80681724871
7486.18480549938,8146.15490996132
7306.76849092431,6785.45213452568
2472.19526912385,8153.26956186422
1669.53971523492,3529.03590024163
1195.47440013869,3942.05683801546
7168.94867248202,8143.90144710737
1049.59862795411,3355.19619508097
1032.25248052482,8979.60057134595
8392.44780466636,6537.42026811317
1486.87291820273,9181.41600341052
1365.99661886028,3845.35382908001
6961.97562883768,7540.83462834671
860.353720773802,9102.90165991863
1205.95353247024,3809.1838755569
963.945533520814,8946.97051345634
1174.26814640206,8764.69749945543
6797.70712879611,8113.79920089035
990.91851132329,3167.09932486165
1622.66362065374,7737.40926507393
7721.37089057329,7381.02316385695
1052.05084566887,9237.03191816224
1239.32311393067,7901.99179422922
7451.90301622715,7396.32585826907
8432.70201827272,7992.56474964014
1866.152400846,4952.77730847652
1584.07447466945,3943.55277993678
1061.17080035529,3516.64940042584
1104.38429107822,3579.04647854017
8727.36895961511,7621.66881528302
8865.88709812132,7749.04392958222
7623.71049080836,7035.55473566671
7574.69988034268,6908.86059572837
7566.54001215429,7326.28797555503
7431.54247294707,7865.524671062
6822.20144214191,7045.58305687578
4781.32422937054,6861.85399386918
2208.28845041693,4131.12895783409
1878.76132178929,9015.02918000492
1681.23071751756,9213.01762071469
7645.14442928259,7633.68678919007
8186.2327146749,6319.214034706
7055.91344560744,7530.88279134247
7585.32350687226,8018.58762293664
7938.46628801309,7607.11637487933
1132.07561970199,4386.30813833368
8123.26877201646,7623.25961971078
2559.37851462034,9170.2619633103
1031.61934194991,9038.29521051702
935.833370861151,8743.14732131757
1683.08841928425,3649.13667073005
2008.80083847003,4293.20951530949
894.130655499175,3850.81743573291
8218.97790083389,7474.85893974999
1067.17316710358,3709.23810683173
2040.65294089835,8534.72557395782
1553.31515848127,9237.75913866615
7728.49463723401,8621.01847496679
7561.43391348792,7624.31413263859
7390.64884826273,7738.08030273913
1079.83614603357,3333.95594342316
7648.49233940586,7874.18836893473
1827.17488875321,8174.34242725741
1056.7359892512,9063.99245010083
7120.3149000878,7987.78481716396
1036.36950520713,3206.68496523153
7528.7187846559,5997.57179507097
1500.53909334567,3614.66788672272
6678.37555837455,6220.34664012754
7770.71544861671,8288.9777534525
911.586393970085,3570.03436887452
7037.17769733812,7086.10706245641
7661.03922964883,4091.12356960229
1467.00511336146,3737.43735190248
7850.84844849011,7083.82682374175
1858.20284151543,3965.20307782025
1084.01906325175,3748.46823807434
1085.62920084689,9107.60265572232
2463.27761981435,5169.20633301857
1597.92270760356,8333.71391873469
1696.79341050302,4416.53009043353
2120.7631078552,8903.92181509847
1921.00764440602,7947.3207110887
1466.21618167379,3685.46191815184
1551.95716356675,3209.54322708484
1841.59563439947,9240.17507053131
1173.60877816081,3523.43904398052
1527.37677002191,3598.4816913594
1200.12158911673,7660.30616852125
1705.08473836642,3596.02951577529
1946.13388208606,9003.44070395395
1687.50117009709,3369.3036698839
1187.80651841602,9196.33246304271
1607.5689488396,4211.12226342726
1429.43397644664,3529.01473638296
8844.14599626628,7522.23168692099
8219.26972816733,7293.80437443713
783.529694613398,3271.32458158588
7717.5789254827,4053.57603709263
7696.83581874268,7462.23561593507
1206.41159088014,3509.43567252259
7410.50149359853,7833.18983344663
1012.15042418796,8894.54808976442
1822.21359960697,8642.45354659181
1078.28015504743,3426.21901008804
1383.87253158777,8874.57216521091
1271.66812558886,3451.21659880859
7359.97058691065,7176.91732556879
2006.74908208815,9085.48994568675
8448.02699128589,7925.52605406731
7310.04805697795,7612.90983756258
7592.29375934289,7613.09543765838
8149.97114021274,7961.73924814677
716.763524298173,9109.84059685411
2906.25750343011,3947.80230109786
7644.16041775443,7333.861868659
8872.94233595658,7186.70987000262
6246.06625901775,8602.64156235212
1420.71234279185,3423.97920976066
1032.41499467993,9258.23306374598
1550.32231695895,8537.53679357613
7612.21818746151,8227.7029155748
1393.7020088477,9312.19444572263
8227.32303640647,6592.39101995291
6868.96433812593,7153.18936082258
1797.97429118855,8652.24825102388
8092.16292469036,7102.53763144373
1520.3596494812,3553.38900946706
1686.42484642598,8881.15140788025
3028.9755550926,3511.25032522607
7494.55032228914,7837.79730391376
7329.59697336945,7057.77110943919
1652.9552027657,3559.83924471289
7584.33068585959,7226.35985458966
6889.02594313203,7800.40156622369
4990.35012349271,7775.49959259111
2671.09564934609,7631.39205349064
7599.75373011019,8172.31294740714
6895.27365850819,7776.22688425639
2046.83145130684,8745.45132707199
2211.50933655106,8983.08625615163
1545.05555746703,4251.15784235832
2066.98791943845,7561.55844050562
1866.39179060502,8718.97812156828
1593.69684682202,3931.37235042531
7738.37754006786,8043.86661827832
1035.31805061061,3468.35524254876
7770.16733255036,7790.74532902263
1233.99904853774,9050.8723283253
2877.07333071304,3345.34333396963
1310.28615686487,3420.06130483409
1459.78725280502,5223.2746977529
6631.88086928036,8432.1097668196
1367.24139389504,9068.54181508139
1383.52017864751,8764.3056573798
1525.12542206343,3680.05833784938
1651.6349728757,9206.4618124684
870.02665713563,3405.55852625005
6713.00693880047,8392.52982898478
1904.23744852323,9129.95894224551
1874.56329239849,4397.65179983267
7285.29485450296,6898.49816295267
7956.59082632764,8289.12401870736
1748.53746652886,3676.59824414465
1381.42325747818,3774.83371363263
2526.28437135351,5238.45712132734
8108.61473541974,7167.53443037155
1130.84425749057,8263.94810118642
7513.29911678416,8005.88236346711
1154.19543185165,8985.36256397732
2565.00545936697,8212.20198725001
7786.53270146675,7494.2156724457
1049.26577406305,3330.33791135907
7534.02648262131,8180.01680285203
7450.87724118757,8059.28113890945
6440.75775206934,7757.16818180269
8332.1258087708,6029.86898956805
994.559571663674,3652.35200764383
8289.43359961359,7810.44188737132
1125.10624359659,3642.49298482695
7702.82106599595,7582.0296530989
8139.55867406181,7425.87017157875
1127.51084902934,3342.77267315763
7937.00132844489,7528.84137612479
7342.58931954802,6933.31422968832
7758.40141624098,7673.4905424772
1216.93791961912,9106.49632662262
1066.16420925349,8841.33269865395
1139.66852928445,9222.68259250578
7836.6875719628,8096.61009041994
1762.51030475717,9184.51720165657
1955.48443117086,3539.08658298287
1596.75267638704,9082.30527913815
1692.65433842778,9243.70605303159
951.449491238211,3197.32748552337
1035.91591821886,3441.74027027003
767.801939424738,8669.55022642443
7345.06917585684,7082.22398621381
1266.51560060996,3451.41694475984
1062.71943033955,3578.58931417101
1222.50373608205,9102.72641282111
7318.96225473405,7982.79460525071
1170.77381013543,3007.83909463091
1489.58315541976,3532.19336892829
7791.43848343632,6760.75564236171
737.286637209898,3371.62805173096
1445.47066030283,9365.37937648125
1931.92547982722,3438.85983508642
1666.47272276278,3949.75263898897
7368.49507912833,6780.27513531122
1724.56838583953,7875.84498890846
1101.15618537878,3398.50414277805
1775.91616751291,9117.7255266117
1475.07884371891,9253.15537429181
2013.22751464426,3522.23863269435
4259.71615414996,8121.50843621013
1615.28065115029,9269.74585110033
7893.81529149584,9173.55488354059
8742.44491829961,8119.31720252527
6905.91974261741,8056.92170431321
7369.45071247636,7379.16167371711
7534.30165011557,7181.53794181596
1862.9440197633,3582.18451762362
1362.10688622817,8027.33440653152
1272.72967687314,9026.77221106734
1459.78897864804,8988.822846145
1549.10984059295,9079.83977312132
1340.0704677593,8925.58582546235
1279.18166227292,8778.6250311182
1355.32289104281,3637.15147613674
1774.52952683767,9058.75757524813
873.066048713037,3173.33057793743
7494.47353957399,7352.06588127383
7345.04351328196,7879.00584298366
1077.94494452624,9055.32023229756
1600.57853323045,9051.78987991223
1070.78850756592,9162.12139557691
1769.10536015782,8620.10060704036
8823.6996546959,7449.33994991282
1489.12680991664,8637.10875802805
1337.38984772816,3903.05521743049
7694.8092590866,8705.13640735874
7810.25770956145,7642.48120534831
1329.16415877976,9240.9715641517
7855.42221272281,7258.47750601567
1916.28784215434,8590.41083838351
1164.23866579975,3436.94676357209
1174.58806002511,3262.71704925255
7056.12942896454,7963.33113077356
1528.75840650025,8998.39993315307
8501.75329623152,7728.53962975673
2021.15049719308,8817.74098376897
7302.60963836936,7100.9649168562
7314.26920869047,7108.91787347921
2416.24249836145,8924.86618405153
1840.73173618049,9017.49343024633
1547.24057866559,8927.28118464164
2814.62174828539,3837.8326385647
1656.6488075011,8904.2130912017
6943.70500428782,7205.29670949963
6733.25914961154,4633.21263484423
1963.20090390363,8827.4502400462
1369.54327173585,3791.60846551848
7373.18309518379,8273.00041372246
1318.32529053035,8862.62254229932
7386.65175941627,7566.44824717988
7233.44304784072,7742.98192863295
7212.12157366066,8199.46376641866
7970.14591261701,7902.63195734245
2186.73454827812,8474.16815749803
1716.22363145935,8973.00786869754
1444.00834448072,8956.46063083173
958.523706597839,3716.46087609606
6829.3240696724,7250.21232847213
6571.09195867729,8330.39720079499
999.4929461227,3642.0375996875
818.575361942232,3244.3400337187
1658.6116382065,8766.34656106349
1553.85715197322,9075.34562833934
6573.61968659345,8300.50524007786
824.340952081841,7741.31691294569
7714.19030566401,7984.04168735126
877.292062624524,3297.9298906247
1276.79456156673,3378.90901893636
1178.84183742899,3786.90254869711
593.754243745679,8461.01666619488
786.647484205829,3942.93028270945
7168.31465921891,7888.16198631745
1305.96641635809,3399.53078829771
1856.45021216416,3763.69282028449
8170.8444866645,7715.76569221883
1370.39275273938,8543.4420520471
1462.90542039647,9173.96770003757
2107.94587817146,3801.25860280493
1997.49618286605,6822.08791068335
2091.09104754043,3833.36112893692
1724.47184743456,9110.55435821688
1385.32581455406,3678.56209988871
1873.07879064929,8665.83462253332
7562.92729249483,7993.27429605742
4523.19116825082,8532.97669111031
7518.0358084428,7615.84790720677
7739.87597704943,7364.65568305929
7593.81329982152,8184.61900112085
4657.47975623159,9062.55669172589
8638.03337568727,7682.27237167131
1647.89010845491,8755.78490812049
8183.53896316497,8038.44770979026
7728.72116512085,7809.92213046627
773.397095100098,3034.05284477961
1091.92501795557,3769.90215080905
761.632692574537,8221.87355182165
3949.50032242427,9263.27774243297
1356.06548030304,3538.31135738508
1229.18926336503,3349.51373603781
2283.50215159409,5858.52027818514
845.263282880651,3142.03139448327
1253.82216888654,3457.36226830982
6816.91121632069,8240.17593704652
1821.00553661595,3746.11552791116
3246.06514271962,7735.91367637468
1473.22587594063,6246.35500831705
7602.15201778457,7634.15717972128
8768.19522044172,7473.01230979287
1572.10772143699,8954.29193896039
1989.38034116249,8651.08523815349
1712.36043322878,5201.85887177157
895.219302325215,9311.15188057879
7607.2799029547,8085.52863008557
1213.09921915572,3210.82555170358
7078.16898739886,6902.37209227178
7805.83483256209,7088.8470729846
8116.74672044272,7274.73307899939
7248.41210949205,8016.3532913032
7949.39159314096,8113.98117165714
1117.90317075273,3288.30348171851
1221.80215181207,9073.65249772587
7608.44202609408,6689.28099099553
1128.464287832,3376.45226480402
1565.30860599411,9298.80061862426
1815.63903335582,8781.06726540784
1154.43051042753,9066.34658917443
1592.62660324067,3931.79795248362
1668.51325469263,8550.74349928377
2049.28356347747,8808.90479637169
1267.62284338333,8996.18402889368
1244.46754247472,3359.44102309356
1942.97242365425,8783.04287560922
1992.37358555259,8989.16859930972
1275.76184656789,9392.66058165094
1721.76346487672,4509.41533351548
7349.48137193968,8073.76700450183
1675.98800489421,8267.96481569942
8073.54050206762,6791.22325873002
1096.46570019738,3729.10071130781
2735.16780465132,8037.37033122797
7958.72760225228,7956.5022772186
7943.0219118134,7849.52268176983
1035.03218803265,8764.01052446541
1617.36701216741,3819.6225897158
1179.75937386486,3423.95336629688
1252.72186836973,8764.89669503813
1534.30288007348,3902.04475999131
1263.33966029428,9121.43841438369
1628.71346482143,4198.60413981304
894.042874223866,3220.36284875229
1007.19612040948,8947.17647124064
2028.76466885983,9460.82180689078
7199.04698627633,7006.96795799085
8399.11796358566,7732.46039244288
1025.76485225918,4566.91480166034
1317.72379816234,8721.67751133324
6609.73293901302,6321.28180483685
708.14015353645,8430.47887418516
1711.34219377197,8906.8498389039
1818.23852544992,9139.6658738576
1025.56235352812,8958.25098438196
1176.4915966539,9246.65040709127
1547.21214451392,3639.96367124699
1233.46003116912,8735.88450730509
1925.84622030687,8862.7232930555
1372.1056960207,9191.01925999211
7772.57949879298,7459.51429636236
1640.86730188754,3620.10732602497
748.574892275071,3123.14954498641
7944.12842689142,7649.87971036489
1551.07915882129,8834.45823199109
6511.2004768551,7593.69332776292
3153.87748316678,9031.74959592738
8061.92082666451,8542.56960568772
1090.41337329407,3192.64648413732
4812.14971939986,2777.61163645188
2126.59341261455,3419.9472469822
1907.96841411116,4488.13288613772
7690.28103560075,7361.20470068188
6017.65856943233,7458.62877033965
7191.12475176136,8202.46344480138
2067.33153792042,8762.70268167615
7632.92866000922,7727.00101569718
1077.67423944603,9025.93230379188
1470.26229924457,9063.9009685471
2029.18909880992,7114.11224988104
1488.50857211361,8835.00554433414
1720.18933666471,9020.85394628257
7288.10823772703,6118.08456649426
6967.30805175167,6812.79272046081
1411.18263899851,8886.8430233341
1743.68355852456,9016.36350847812
2691.45757795847,6394.17974714993
1456.97562827877,8758.85861823253
812.159429594096,8857.66659597356
1386.7156952328,9074.64437176951
8929.75813960175,5705.9411310688
7183.84142059257,7696.29890863423
7054.29844857236,7249.94404240498
8509.04228328913,7500.34617220243
710.42682372122,3170.68216891208
1074.20507019733,3412.75676859967
1151.94539502815,9410.80109293126
7860.63734035328,7703.07615668354
1317.7062885784,8681.48151679371
8272.31902612015,7701.48156584882
2705.79358356445,9248.5468304309
8014.92963019587,7842.04763941178
1122.89818128578,8704.4352018508
701.931895320964,7781.27838283262
1912.87038106018,3708.01751903742
1776.74954639987,9178.65299241493
6675.81523986305,7454.4261668287
1249.15208575074,9100.87420440336
1834.28648217489,3672.16122779147
2163.33104250567,9044.76620794243
6642.99859498122,6565.51862544126
684.356467367708,3036.73219181032
1380.71164913566,9323.65193465129
7295.80672540316,7906.23860486199
7780.13034437033,7414.65629413298
1758.44931543199,9157.10745938124
1306.78867432713,3296.3289125066
1508.3128447043,8699.76690902501
1841.78158993051,3739.1408692249
1389.19508442503,8481.01592496779
1855.69804218141,3880.11299856855
6453.56664668979,7496.57483294749
1666.02010857686,8033.89882004089
8488.53424529125,7591.02586920393
1305.03045262487,3751.06795804969
1285.05740282817,9200.10737229606
1064.58677930176,8924.81197405816
582.909970242902,3114.68942422295
1319.30087934634,3692.20114203584
7167.52428386779,7678.1298503535
3699.75302655879,3767.43135666259
1294.56210285061,3600.90156847497
7712.56431311435,7864.99764382746
969.56536208293,3508.90674859563
7677.96866502503,7849.7290330876
1895.7390474834,8323.98631190084
2361.33939686208,7470.55647796235
1856.47194727264,9388.82308924621
1363.50131305251,8072.83602648321
7892.77115027972,7867.21017762661
1562.97027401986,9027.06870257725
1633.60723844005,3514.30236364929
2176.39629468738,9060.91244443907
7352.62080858644,6785.34639969496
1633.38921298596,8764.77998557613
2721.1000551631,8757.49873618025
6823.50129069616,8289.41584423669
1424.09474576018,3558.24564723343
681.661794606038,3364.31969742204
1312.99934991017,3736.55743132598
8000.46863489988,8629.47408036076
5937.25050914848,8275.41035056829
5265.14804219467,9659.67143603682
8990.18207117409,7572.3179426852
1319.43686036422,3702.53793334451
1997.79713921694,4153.44118467523
1727.69302163134,8497.17724095488
2049.84709570118,9148.73697707551
643.72468402116,3184.18632634604
7262.09610747539,7768.18986100095
1185.12902338701,3433.12710066668
1329.99206836697,3589.32018602961
577.569961442628,2830.6165136509
8576.94736337997,7416.35034159433
1748.60193511353,8847.63704794426
6490.4510348881,7751.22113961691
1614.77782082213,9102.22654884323
7078.98631144921,7532.87302277794
969.031985200059,3425.16258619995
1160.29700610504,3509.17255053158
7398.13035477552,7626.37254655191
870.108347017606,7682.61349800117
872.582742333591,3237.10203870477
7826.83120496139,7719.76755781401
3561.63422255461,3738.94414006218
1253.25011497957,3247.72106367418
1181.06054088987,8933.64965326032
1388.19714526633,3731.34679098746
7320.134416248,7260.02154494125
1746.83174609833,3910.39679734966
1385.29826995818,3737.14948337266
6829.46275274781,7405.6154914905
1858.8025068606,8508.68172197899
1118.99392244833,3518.04249395816
868.582312213076,3177.49173825911
1769.39989572143,8965.44486031088
7759.58861312873,8010.35908366237
7104.43800890876,7969.17242286082
6885.56260952371,7123.01406481777
1237.93132280916,3922.71431509357
4433.42263532013,8874.24551917996
6776.37970810105,6906.17548083438
3789.17307934124,8489.32900593839
8622.64979711161,8897.93520471193
6882.15221467981,7128.38235539337
748.993788709603,8983.35815131022
971.380467400399,3088.30235597949
6796.40491078152,7279.1761558524
2455.7715168798,8677.41162985421
3177.59416347674,8555.7918809696
1123.91428658507,3653.27568436798
7038.85894014836,7952.1423455123
7045.32336791164,7638.24958056828
8555.1527980779,7612.80063133128
1609.98914902823,3607.89663395852
1062.31538036758,9117.65435811614
1797.98519850547,9085.56765523769
8346.39610691429,7190.14879081657
1307.273033623,3462.9689685545
5882.82951059099,7836.93418674855
1579.34170944827,3518.05684175088
753.094610276898,2842.09287845318
1809.75409680157,9221.73799332721
8280.88509552097,7241.74172143382
1549.06965249606,4061.84021362861
1806.35249558763,8729.42744626047
6700.02654545874,9160.25638771898
1781.83967933854,3739.23778268335
7765.35930607972,8174.22548112343
1376.0412480686,3628.47836994948
7507.61775649263,7509.56187561785
7031.8364018615,8470.88458298935
1539.71677929358,8691.40298828123
6294.6385650718,7058.11720244751
1274.26458839755,4147.05938167055
8944.27317194335,6892.4355279336
1118.4345172487,8897.76252949455
1112.30392509584,9426.74604322467
1527.3913943267,3602.96843283408
1940.19980702096,8841.46879129315
1297.11736131444,8841.58445362021
1710.20045674484,8871.93174139623
1022.63680189226,8682.3864296676
7192.36629211743,7621.45895555958
1044.48018240656,8492.74561734223
1124.94353942023,3456.03039357755
1710.08756346245,9256.18096381162
7468.41178765292,7221.23169575144
8359.49966733652,8162.59624759521
2170.65317082031,8994.19478851586
8268.01267900904,7746.81801953631
7481.77174156314,7859.16636821124
977.824309986744,3072.23309983219
2101.76999474076,8253.97677640061
7968.84989288126,9133.77102774556
2814.21134755069,9076.93404242253
1238.89510078267,3341.22283015254
7366.30330882594,8074.75495423808
8504.67147249625,7132.25142075355
7501.96449593883,7983.27135906336
2532.29511042636,8864.11440823511
1200.60341201106,3353.22731086459
8185.10927855114,7539.86400290643
2149.39360166765,9151.02948715264
1230.08681216297,3806.63036780934
4583.26203885831,3807.31652851062
8782.83883216612,7367.75469305014
1702.67952519823,8881.86398440932
7326.03742545544,7900.67192087907
1917.02351853482,9098.63703358526
1487.04538549378,9131.65989366759
1670.30720982222,4720.85259758958
1936.6040206578,9142.19017772851
7878.58767745142,9322.20422201538
7502.92462044053,7091.83994704949
7523.66178294169,7836.95767427781
1420.1240089667,3755.95900442808
6980.68442107804,4111.79539523404
1096.97679949683,3328.09933685926
6959.12764168843,7414.96548153523
7547.65675747316,6990.86910256018
1548.87091574845,3780.13923206682
1811.58331224619,9060.98361862768
5513.89058874517,6220.53262479201
2275.13731464381,8772.14998630537
1897.08915968911,8941.12733384873
2244.34205774687,8710.88469728566
993.581619669265,3375.78221087615
7748.90512966141,7982.41345119657
6527.81389708792,7927.03961126111
4642.92003069912,3845.38313745984
8060.34750168337,7780.19089213427
7219.97657019413,7434.61903482563
1248.15141597883,3617.0704050973
1661.77884358848,3512.72300768196
7441.2137643304,7539.71835097347
8797.14204663506,6979.47362848411
876.437204889716,3488.08167793239
1412.25999234931,3672.11126887279
1411.01523215746,8793.32450795293
7828.08487101839,7947.99989457513
6937.50083494328,8093.53583643146
8112.59325809493,7282.72384764516
1181.77900690071,3635.37183380052
791.402948088736,8738.97772962288
1197.09637803325,9004.58099517185
1518.95812442286,3634.96036746915
8352.36046763669,7489.7709422089
8547.58402685028,7801.05774736482
1597.21693449562,8443.75215904351
9075.30220510724,8149.70993846978
1319.98886181158,8975.84648781809
7456.65094892521,7438.08374322344
1703.01266797213,8721.28507963898
1485.67396575795,3736.90500445987
8592.54940035156,7602.65257185345
7737.87108351678,8011.22784445136
1825.7373653383,8026.83686303316
3272.84429509928,8394.69947523111
820.343680136513,8382.649044019
3327.42123112799,8857.36667466462
1393.13025793317,9035.32155840136
7085.61565506017,6581.44565074015
1171.21712605369,3558.07552830097
6114.41480768547,7451.81191788112
6711.22202187787,7245.69560075312
1410.28049754029,9414.70540429764
7249.92647721667,7940.47482488945
1089.77920923272,3531.06147064776
6472.66754666994,8037.72033256423
5849.35307779756,7225.88693099093
1478.9255940664,8226.83278954113
2211.45274619664,9116.39276257394
675.521775185019,8291.51861004659
1714.41666175778,3619.44872295114
8144.97344683425,8212.19655403116
7035.43954024542,7803.52788214393
8106.56350878028,7489.92425625127
3350.5986401118,3988.8657710806
1072.65212008771,3660.11574847502
1523.04985635643,3566.03519717135
544.233161729022,3431.61677470778
1708.71525904274,3712.84068987913
1503.06271426367,9042.22428211699
1446.18352193132,9273.73164878256
2683.26069029928,9048.34109666839
1212.75091893544,3294.12652421586
7706.85702984919,7755.99839729878
1360.19458409835,8998.25101178861
1664.21079580888,5867.16701225758
1550.56445839845,9146.48095716361
1735.32876719956,9326.30780012174
1599.04805913671,3278.08785985653
1250.68902869683,8526.01821844256
7553.97564172124,7416.74987302193
6926.72363216977,7278.83841611632
1465.74602787343,8816.86478141381
2388.13137533735,7893.04026478487
8206.65717297048,7768.28926520351
1453.24612259535,3647.02625329209
1955.91159220305,4038.43579616207
1969.09012176193,9058.20697707346
7403.15497840642,7472.58262465998
1587.7582224886,3616.83473452818
6878.03356145473,8247.73698768632
8093.90814646467,5542.96479551232
6812.93600787891,7607.31440679807
1340.21911221783,9219.10961528677
8322.60887108293,8317.67774929161
9117.33042681591,7080.23023272272
974.553872662468,3429.92890497329
2546.00859570803,8231.17761497137
1741.38789968937,9151.79719508991
7363.38343117398,7258.2240205946
1345.66796949174,3741.66975066187
7477.99085946111,8105.42614022135
1680.91206240328,9609.84511479255
2011.34746415674,3602.20041875959
1292.67127289782,9155.10821531536
1627.14925574272,9005.78326598868
1097.6540474047,2998.62392153423
8523.57043229309,9146.24382952078
1608.9937292659,8468.72603815659
7999.24759675606,7375.64763310852
1389.96286585281,4329.40588646163
6378.99443906092,7031.33980793379
7467.86864663565,6690.4792502924
6675.12216040253,6299.08079293213
7435.67010439695,7403.1252538592
7115.82538751986,7033.80845145453
7761.12071175216,7079.93543113167
6877.42338246114,7468.04334011513
6599.54650849393,6668.42306256265
8636.39428214063,8286.76506422615
893.3563466381,8974.4957693005
1433.13607753125,9038.3514195709
1843.76876518091,9092.11045240127
829.003933690802,3251.90766812394
1058.1304831218,3340.66736410026
1297.39220254438,3399.18325244902
987.166909108424,3389.37426742536
2883.16034563837,9074.69081756476
1271.97614224803,9040.05786198496
1748.70604941535,8817.92087778366
9018.3043451121,7644.52731960732
1135.78077085918,3060.88259208118
7612.81052271343,8193.04001216731
2246.87549867508,8554.62915532661
6807.66249109617,7848.93135640071
7737.48784767149,7631.40738931413
6875.99772762993,7282.28319705351
6098.26112592576,7668.1924268321
1235.48378430011,3861.50079587987
1989.04983752307,9413.38656454045
4322.74757195192,8627.9251166166
1247.01875750333,7284.79315464416
1311.95438403466,8938.03149535788
7352.58074427958,7796.35406553566
1641.22907353031,9281.67403538007
1988.75211236328,9064.02306742989
2182.55278134034,8940.80238790388
6841.93700847354,8056.13877315483
1079.91993052445,3991.02134547704
1662.41141211347,3949.37122030924
8296.44850595,8186.02104721492
1776.46007205578,8414.33156062333
1163.0933220788,3502.80593003213
1395.46078695001,6864.41032450776
1227.0548563133,9027.35049360049
1326.73965136934,3457.13499285808
8658.71828012254,8105.32505990811
7781.4431522456,7423.13547323138
7249.04695035617,7752.45509505668
914.784388474896,3411.1233891385
850.920948351799,3511.41288157442
6669.98168103865,3658.54038240778
7707.58079365564,6819.10179058453
8091.44194342028,8044.77219057822
1850.00988215535,9236.93240663362
1280.562121768,7969.33013697136
7927.95948509438,7890.51589905993
5733.05277040239,8502.33451332182
1141.33505020475,3494.63777858127
7777.35867917167,7866.75915602059
6731.69107876936,6288.60969149504
1850.94750552904,8969.13198609754
7469.11058737389,7192.6013261385
4664.14522637424,9167.71009468887
2663.6765632554,4128.12108649932
1689.26497042336,8167.83945529485
2769.36670234021,8001.20883969184
7738.26308382745,7388.30623423145
7787.48249230543,7289.63991871215
1924.88599743668,8794.29611698558
8580.03164292134,7611.91129736032
1196.20816621402,3872.59035865293
1683.45808139321,3743.75719553925
7997.50532570026,7911.11886249167
2207.29154323789,8895.56702185946
1102.8468184446,3484.680142633
8061.18713698116,6343.10548999441
2417.66139139427,8913.64788101204
7363.22817375127,7114.68184149578
1737.5539336918,3457.29786078272
1071.73362594813,3398.72518018838
8441.79891149257,7208.38871906205
1915.65073235666,3313.20494464208
8059.10117343347,6336.10615321849
946.937810665719,3290.18261037206
823.382660634028,3145.65433548269
2069.3016911731,8830.42526638246
6247.83710490585,6834.57761753466
1413.77132527062,3669.70487040201
1708.07857337235,9120.38303435237
1417.94237750694,3806.45101108062
5933.21322556517,7562.68926717285
8252.64250240489,8564.55185459664
1393.40305109434,9266.39822682364
1542.96084588271,3746.75746843368
7933.50754663708,7709.249762306
8375.16027903196,7078.466476126
2877.6154741833,8653.35649995141
6641.57728820932,6979.2313826824
7098.41336348985,7418.61263226352
1807.22463376763,3708.83494434365
8679.30853857482,7768.79004048899
7663.10937194356,7812.50142890547
7663.14650268829,7184.46560490863
1980.2061934853,9249.40360223179
1146.75839782694,8563.54577038265
6086.64514466743,7850.86036051141
7193.15961145694,7280.7686280279
1515.46123969564,3747.89857492825
6225.71447658797,7159.18145879984
1052.50794577391,3546.85784294141
1139.37750207451,3140.27919534011
7712.83180710457,8016.64510179703
4561.43217212327,3377.26404914008
771.476470330209,8979.68199228268
1599.34268659266,3863.47609131164
1281.13292993252,8974.63481994103
6804.02424330842,8022.91509505427
1830.3575392459,8909.75968467061
7595.08867943408,8053.03717393587
8011.46931640268,6946.98448532709
8089.71279714616,7324.18417466132
1336.98191922454,3792.4856391496
813.315952046902,9113.70754064148
1858.82708378287,9005.55998790413
1172.62612439011,3817.04932831637
6660.56200139036,6636.01876589934
1261.69259341245,3534.99172314319
1641.63964744947,9121.65261835424
6798.49314156466,7559.55470274689
1470.68195969531,8960.46091194344
1290.74988369777,3635.3561620377
1292.76738487952,9032.04734814676
1485.38870670361,7421.46434246724
1695.30082197507,3481.80521331991
7083.08175572337,7814.18623490435
2297.86247836196,8280.73973404802
1454.58062065842,8794.71333679166
8385.12293694902,6467.45787014712
7933.19191277977,7629.06883604445
1473.46482347597,8926.14292552374
1737.66488865825,9086.44809851662
1472.11699144686,9010.69092659217
2047.07730561694,9181.60714932724
1756.56266012246,9035.00354872145
7657.63533248716,6451.77922639971
1215.17649702792,9241.40965680844
7770.97581698971,8024.8947785397
839.322796139263,9094.55199235535
7207.43953484237,7956.25009598469
7961.50171413607,7782.04976105847
1564.59905176465,8916.28084932599
1133.98934654654,3503.33732329742
1561.2804013287,9190.34257553333
7034.95875163254,8575.56075389846
7220.53514204933,7411.33393690013
6698.35372248285,7527.22372350631
1684.38588445906,3649.00936666112
7771.7667402355,7925.98382936969
2179.54172147158,8272.58180664125
1481.16989515321,8585.20507471434
1485.64923689368,3546.70111694428
7316.15518762841,7759.56881075632
1824.48477745316,9075.47068184117
1654.53449511769,9222.41282466171
1159.7429947285,9139.42979896768
4308.17581735375,8507.58521427506
7515.72320628645,7681.32229137416
7680.8892359661,7844.00204497451
972.093845678304,3665.52514503252
2048.3428249098,9061.43655296465
1169.27744625627,3665.43943231082
6809.50107416041,6758.61018941657
907.318745621568,3370.19181004392
6429.87732186359,7770.20040315913
1908.90112941686,8342.53028088765
1446.37773328596,9010.53936913559
9094.77875531706,6992.76643947123
7385.82635084563,7808.53378846891
7345.57312238675,8108.3574333037
6264.13367332819,5870.48086566578
739.579558358022,3299.75638527326
1197.43385945523,8227.60840011978
6901.10058804599,7405.54570374042
1338.60002035177,9407.0998747159
1273.19344997051,4241.51558550101
7559.34995481291,7533.77292118946
1350.53424338634,3222.56142254311
1747.00733904718,9441.97641086104
1959.71789998353,8106.39751646333
6875.49895708122,8547.0858183973
8190.56255288621,7943.49894136083
1783.20065202326,8946.87080888232
2482.50154576719,3643.22388409011
6723.87617888671,8051.39868504217
7480.03736381782,6383.35704410473
2843.67415352775,9102.05677049196
5990.76508366036,7747.11937179296
7589.08785770355,6251.01538212869
1895.80794459904,8891.59630772733
8242.88991475856,5008.97290275353
7796.475655496,7885.98593537911
8329.12936746701,6929.24979071108
7598.01903876122,7612.1932772321
1257.72516817608,8710.73703590946
1183.17077081753,8992.05554068235
7057.22817864831,7242.37320731986
8020.26192267924,8106.3286444205
8096.21032097906,7696.10179868669
6919.34281838028,7953.0706977664
1325.24067130695,9027.06393405581
2043.82579919311,9004.59809947098
1460.12768385117,3811.85878611863
1299.7278422181,3593.17935429879
1503.22098221562,8254.54165917855
7850.54182928497,5753.44974312665
7686.40842909374,7719.55371724212
1570.50184315103,3281.05826067888
1274.03049564345,3420.88988003337
1325.47420303735,4279.40513576175
1997.66658819666,9083.32381886458
6988.66676074438,7760.93177552269
8194.30384444464,7534.92299426589
7273.78352268742,7852.79865118139
1047.98624355825,3421.09583440708
7539.86593089912,7551.55945158186
7519.04275472097,7557.1460181964
1101.77973900192,3365.22535728664
3399.13234379278,3791.31875274415
1563.97502490151,9146.18235220418
2775.95298833429,8721.82692026768
2631.90801285749,8432.96981937802
8377.16211755479,6205.11445070975
8836.23225237923,8230.22908327096
1562.4762375846,5859.16811395653
1443.82761139094,8035.03225364118
948.742284471596,3327.5194186449
9109.27170447099,7698.8413433839
8206.07670493287,6820.11068560698
8486.44950279803,7380.22600358661
8615.35060047338,4628.79784296942
1605.10662624662,3626.39770841594
1774.57131877812,3832.65946752985
860.192819473099,3245.25244220363
1335.57412418222,8627.34703164475
1127.36329463132,3407.39881931366
1410.57077831874,3632.17206792584
1446.17103474528,3768.43744395922
7033.85699303849,7913.85403080838
1079.50571432136,8936.6859826002
1582.63197891661,9107.93815475413
881.038806694817,2851.03351638115
8833.63769031861,8389.51280899361
2389.43934083816,9156.4727240347
1434.54307834517,3434.86075662225
1204.15244149277,3447.98979352844
766.858568676935,2900.75836240425
7481.96071584138,7898.68749273862
1485.07810067221,8907.1602034502
7026.2302561829,7200.06778456253
1574.76136822042,3858.00146205502
7632.53256126732,7902.7745235767
1024.01793641242,9069.59643398161
7862.64773498035,7768.34730981992
1043.21996033657,3593.33566095089
1121.42732199217,9001.10235222716
7343.42164471169,6522.65714456699
1902.66949717403,8497.9012151681
836.73174505894,9247.96954043853
7663.41671324534,7959.42781122382
7791.50106686618,7513.82459005654
1945.47013733329,9437.40858703166
691.09487464701,3137.26536642918
887.912442096152,8734.335084995
1059.91313823302,7263.77529786316
8519.3481720453,3911.09928768262
7525.74110428096,7444.36918342867
7965.54251026356,8348.44182981928
5439.78301118463,4178.96361061685
1959.09743122089,8875.25244996027
7843.27811702177,8082.54392930413
1227.19005922093,9154.4144675535
1304.13020061164,8218.51875068086
7158.12818634964,7741.28952613339
2225.93054196058,8869.01876618115
7344.21910896036,7439.44643180845
1856.6996596854,4529.97802937166
3002.22711935688,9053.18808380931
1916.09897035583,3770.13927838465
1478.92608295523,3129.65264856525
545.754973348731,2091.93935947729
5819.63208352236,3242.73066204075
1134.37951044604,3484.17542030531
7018.56036694978,5735.80130123797
7704.45667334217,6098.26110966769
7450.07402973559,8162.7656897681
7366.66669326539,7843.45753181316
7780.18895255817,7585.53708796298
7766.02703837195,7763.54749026443
7888.24464449625,7901.41608255899
855.173188478483,8664.06658052464
7228.19231878111,7709.33270241676
7611.39002169907,6399.25423531569
1182.03339216339,3150.16150618478
6753.28388791323,8328.63873971903
1374.71060420432,8945.07861015241
1413.74672033643,8893.45480352205
1182.84565247718,3439.68060893973
7077.59783093891,7029.13279067003
7864.57161802721,6849.89743914893
1386.33358211387,3773.23996635897
6541.18167274863,8022.87851766062
8263.21142213135,6875.8595194923
7008.3854366529,6662.45195789673
8054.9601412577,6834.95355761136
1976.94380557571,8465.25074234137
7155.54032737113,7490.8557797345
7614.19425910275,7703.31543658467
1209.01643696425,9005.16064861784
1183.65266138088,3631.49760594077
1553.61832880499,8303.71071193475
1138.89093072223,8932.54714677428
1714.65364756238,7935.29459778452
8068.31694959342,8472.78590418891
7337.13443118171,9177.80755416551
7548.38033144097,7505.0502027568
1257.68884063393,9176.17782273552
1764.71161517558,8948.55863511125
7934.32660932827,6370.03339991573
1302.814838104,7233.65869246593
1084.84650118668,3308.51529616294
7888.04972336664,7962.76646177925
7875.48265160381,7989.99244300985
8163.43396442216,7243.74523959672
1050.70058690571,3604.67333534411
8408.55159422873,5519.74681323487
1531.84956393775,9005.5232647969
6783.13999197613,7817.30260472042
7516.28496190562,8167.16249138782
5649.0728734438,5389.00235024282
6557.21497466593,7340.89998122222
2444.83575416025,8850.35205758876
1713.83778196181,8927.53742991946
551.808819376203,3409.53271112326
1420.74763566448,8980.63017887423
7727.53262673471,8094.97126398239
1388.35364254159,9204.43529375048
1565.07343222718,9107.97367990633
6974.07965715116,8368.37599979527
8569.03355534086,7527.65097960111
2088.87669023968,8267.25793300942
7540.00575846783,7594.87495508088
2197.87571986153,8084.60570315689
1722.91365379211,8653.28456061956
4080.83180784456,5933.12317998808
2627.80909003631,9095.07050036564
1295.08410324419,3373.88860868852
7113.9423194928,8448.74693509177
5556.80395489402,9045.53936826556
1533.46832025798,9716.09871764891
8345.77531999067,7884.1628192153
7876.51721865087,6522.06134769505
2844.96512272433,8863.46257778208
1173.14934913647,3351.8020252546
1897.20131269354,3235.80496996374
7724.21799870616,8100.71980916817
1603.47660445375,3694.82781937358
6717.873223065,6798.73693548241
1840.56653180157,8749.92673486833
6706.83253364519,7229.01546421527
2236.44866743615,7127.82733973627
1113.07433493618,3213.57458944379
2252.39614692175,8756.32689096984
992.98898592882,3167.43936705223
2063.3120755757,9426.49404630555
7924.64638529673,7523.10487537612
7410.93369684352,7885.65747799785
6527.1574387118,7194.64861556286
7376.48727426979,7637.48098213678
7762.0359798101,7201.83421006679
1806.20788450123,7820.1467048811
8601.5176435789,6419.95890591579
1203.7471414336,8792.94570144141
7624.21855600426,7651.6867890165
679.614920550759,9164.98913011659
6804.22900476339,8233.90674306227
1562.57186124875,3637.92032622382
8045.87535503668,7443.47093828709
1953.21992798072,3888.91481002811
8199.39232440978,8075.56380118077
7655.70547182532,8031.22493700483
1862.75314279081,9088.66881288493
1419.00816606217,9007.13096268553
1652.38331391532,8784.38571015397
1429.10629203429,3754.95945840043
7809.46511511129,7386.75390088722
8045.10660285247,7650.20574488709
2005.89175985012,9188.59861749031
7446.62405207744,6764.60150224548
2435.74017697558,8938.07127662881
6443.0941444255,7082.50076128048
2710.59554994509,9327.80746655193
9511.06206201314,7305.46290612979
1930.86482135374,8834.29683629394
974.41652871816,3159.67808822639
3041.00499808286,8548.43076349453
1226.50541081763,3839.61858284
862.593085836608,3189.61562543063
2047.50566720668,3965.03141887128
3843.12285269756,9017.2221288042
3881.08346810995,3696.6410850296
7413.13972513522,8534.71243786107
2762.57638965075,9230.64613331088
6929.79986425903,8262.96825280317
1196.48507839191,3642.37811881266
7269.89076187108,7431.91420764238
8198.93796153211,7976.08821599669
1047.05136827059,3275.0345284617
1009.5521664336,9421.39040287942
1561.94955489144,3885.46857872454
905.146001078121,3386.62002028079
1752.18164951362,9026.3852949165
8643.75984008722,7511.89134247941
7407.70004021293,6258.64629896179
7990.36594054779,8029.3509996433
8330.24920398694,5765.23105141783
6814.16556433118,7977.88067338006
4579.59872466521,7919.35311189082
1709.43988388772,8764.52697543699
4504.4260757862,9269.84676982127
846.287517943021,7917.1374754129
1183.35912971752,8907.11388055685
715.579548613522,3336.32197357952
1660.21793670928,3555.61587627114
1573.70545791114,3379.3274726631
2701.94585751453,7227.78463731689
964.927546961297,8737.51626164548
1283.95423640837,3714.40128620528
7340.00845054433,6499.798088049
7396.84972505185,8232.84764413098
1473.10271986927,3861.60768871153
7565.62522043162,7614.6628463144
1303.98080355938,9118.76201553483
8270.38415699375,8437.2136183498
1055.52901312748,9007.45551316722
4248.44727012209,3834.84816382723
1771.81996992878,9054.37809088784
1528.4498419087,8736.7470108355
1003.46705593415,3563.13128196433
1933.45160814158,3749.9767706862
857.468580114387,3451.09978439104
1429.61574256234,8927.07893070454
8155.21093810461,6733.49411450579
1612.61160990961,9222.6099698059
7074.8465998854,6695.60172777122
1238.74891094151,3173.5881053733
1380.23488756029,3753.53049174201
1622.74990140198,4311.90323943999
8539.9884251837,7205.83057976708
1777.45271121333,8123.61384460472
3262.15120023626,8937.99378839798
1885.22309721963,8978.27553151123
3312.1082171715,8820.69197531686
5919.52870755838,7448.9068930276
1258.42431087002,8949.77408371557
8309.29447987059,7815.23065768671
7458.76692401397,8099.71063526809
2392.55367844893,8724.57150261111
1024.98188999415,4151.33650074325
5807.78338356827,9001.18545364475
8152.22067592241,8048.28932456571
1571.88432208476,9183.98573130183
7357.37926435672,7535.77953290021
1559.39839744498,9047.22444724526
6903.16290039434,7246.55706853729
1100.45592321061,3497.41019985102
746.69946338101,3304.65056453524
1467.77592709008,7831.3542685992
1241.43063814967,9128.76189732405
8110.96266903779,7580.58753325474
2407.02477642084,8750.2328721609
9062.74531440494,7546.08845826799
1665.65381624233,9371.23478497468
7067.54860866335,8430.23453252212
8445.43285916795,6812.06237027144
2765.33523168617,9005.87183154308
7811.82351556953,7512.03101280116
2833.84008613227,9063.31952163663
1122.32095485854,3373.02143483605
2706.08853569488,5844.34384344164
8501.84771593629,6904.5149050528
1694.14537301447,9198.24713187917
1699.76099732053,8476.1342488578
1529.07354536056,3629.4185044926
1273.73832736979,8959.60740227185
1539.44864578123,3681.43243623228
1199.1133821701,3546.80460661862
1526.06848092033,8890.9561552367
6902.97114975077,7668.80368958968
1720.51899710496,8854.0864865602
1643.53395048463,8392.54846257806
7897.12657804676,7817.85873540193
7554.2088521663,8006.08742414576
1747.93834497178,8185.1866152894
1868.31180024716,9158.94827490649
1717.0214715182,7564.51793088193
1382.32456976788,9024.69975462908
1409.67278912172,3257.22232405881
6875.40297286032,7683.70958369219
1636.85283082351,9035.48880107425
8506.33899018865,7340.76641833587
1326.51649110657,7910.85080629157
8293.57773289207,7083.15495076655
1277.59998555084,9252.35332847444
7015.63542945379,8943.14886954196
1456.01112999915,8199.30250544348
6446.03926512587,6994.33902293487
7982.2295324099,6732.55174256191
2290.99062476316,9087.0415497089
2168.97135539164,8986.79975214437
2324.25878759779,5819.3926021319
1434.27068133031,8772.99513192429
8037.21332787238,7503.22057031085
7043.55092101971,6336.18671824939
9483.14450020859,7990.3544949384
1648.04448055535,7674.51201765481
6381.49462631716,7530.90233068691
2222.17107526521,7577.86641357852
7621.92616402152,7699.73603934821
1034.49891094077,3658.55962957539
2014.94473771463,8989.80652105115
1425.47879013065,3544.18396064528
1823.20886216024,8749.85156970394
6520.1343751532,7421.21751744022
749.665765059798,8996.56857603422
7807.34006932795,7901.94509194563
1282.10542742311,8445.30413281322
7310.66798909766,7584.66675321664
935.181463393705,8406.53283106758
8298.60913345242,7464.86170267602
8040.77499484309,7541.21317590194
2092.86268068258,9046.8415515061
787.939222542937,8291.12370600944
7530.83174332553,7361.34925970668
1685.70964658318,3696.02182902942
1935.75993232463,3623.72088465199
1400.39372530578,8517.48271914552
945.103983680704,3131.94189880559
950.303087927341,3375.38713161
1215.97659527971,9173.46255572373
7719.46073979311,7818.56657781993
1152.66323242564,3433.1597169783
7309.62380201494,8198.01513532488
1090.6743240048,8975.88617261513
1151.82258817853,3497.45948018747
1410.51476890459,3476.44970295041
1684.61010371053,8750.43474742592
1103.80636507489,3190.96932459348
1190.39622496513,3593.28169831085
1938.16272393787,9005.7179228406
1645.60081325073,8764.42891703961
7259.25896352415,8643.71236442822
8821.17652191374,7470.75988652055
7889.08595869476,7310.8071604267
969.546930549233,9147.73620867073
7134.18538125793,7519.69364487274
2147.55009190398,8824.58553872197
2827.06512123044,8092.32121455512
906.83692458983,3288.08225225969
8388.77678282893,5426.69394524453
1186.101513456,3466.82394080289
1596.58667566171,3829.87870807474
1399.27975684934,8940.98281915888
2487.76882701462,8464.38118760759
7379.28822493666,8164.96533292812
1592.26999387236,3719.40795647139
1655.70835397519,9064.86805466566
7635.66165373812,8194.0986268393
1641.67482143824,3748.2155823548
7720.27819414273,7485.82726791294
8931.78776265393,7930.3158771605
867.512880929099,8824.83679498393
917.856942729653,4718.04766588296
7307.79846973293,7923.25016514934
7486.62915213531,7595.29522822161
1404.554719897,3324.28564470978
8996.88180112598,7325.2783565279
1825.81119978518,3886.10099221597
7038.14982062917,7710.08550485394
6667.79971258391,7602.62203345572
1867.57309199796,9058.6354891286
1730.9840066347,9694.06661645091
1170.79544790535,7933.20695843562
1427.01168113732,4048.50523721935
8606.20697798703,7668.33703309571
8414.77810601213,7866.09829113049
7244.56900647404,6761.60951521551
1847.1344260434,8656.62127915247
1139.12612188227,3589.4635238002
7400.12441023761,7708.03632349302
1693.90498154512,9146.48814501
1381.58632512691,3557.47012448958
7267.65026572511,9675.01108835883
1487.05611337186,8470.55035629637
8863.93533438605,7805.83321472852
6422.45234602577,7635.2371051111
859.244266668663,8759.00129749074
1585.60206492801,4024.20120839289
7352.71950307365,6693.75780912398
1339.81019096259,9016.46360797483
7850.15568946982,8542.40315920687
6779.73477495654,7703.7007480075
1929.09868850681,9085.24256962409
1442.15494949657,9291.03247579578
8010.76619701994,7336.38833689079
6640.38843685119,7643.67908477326
7556.10608641065,7373.65207026586
7802.2968085433,7815.8885246498
7810.47626252971,7318.98571780075
1913.57135419457,9112.79792144582
6581.86746798915,7548.5917640644
1000.04024932269,3312.83258487809
1118.13849766318,3692.71897208736
1855.84383117358,8588.98893965846
7914.33060019303,7582.3184339619
1277.78948368686,3636.2123957646
7849.4080617737,7455.27555550266
7144.62118939356,6890.87063125901
983.587775634233,8663.67638910701
1362.22704535404,3408.47160874905
8244.84678566395,7411.18745819919
6619.45849008118,7724.19789065767
8742.20521746458,6059.64294219561
578.693515026321,3220.64989638071
1950.1864089568,8394.45200759592
957.742328815911,3463.62149865705
1077.24393918364,3332.98276429923
1948.05574704847,9283.43202696264
7000.95993077251,6776.66702837562
7715.68174141332,5660.2403174692
3605.41594539623,9269.8304933762
1654.5715253193,9125.34934911015
1152.56141274496,9344.05399564274
1214.78477677382,8808.21847903793
1210.5808408384,8968.84029093765
6985.45545711899,7208.96235029772
8164.66664830891,6940.49975046457
1622.24530363927,9122.12086784637
7625.89040055315,7542.16923228243
1822.39573379557,3587.64352394461
1106.16475221345,3663.04233055134
8302.75525650461,7794.92273692804
1492.56400951766,3694.96481066242
1041.48109810072,3348.51052251199
1752.61289212294,8545.29152616344
1039.03917002323,9331.92086725093
1362.0428364215,8758.38968121976
1747.06016174559,8017.05833252463
1665.6645438889,9371.77647407323
1547.70174320351,3717.7272833748
7186.74466167078,7594.75851880804
855.93659510756,3247.67616114072
1394.31561744773,4187.97948600174
1529.68531010441,3732.73490462782
6881.01162097255,7682.97108933736
1450.97210032121,3764.5716136112
7355.24237429432,7174.95985090516
1322.04416939116,8848.79396820575
5650.889555769,7237.31113822381
1860.58417099643,9009.6273477383
6937.76194084232,9277.10842885085
8488.60794149495,5392.43119839873
1419.49606671761,8902.87962237751
8346.86151544601,7977.18181503015
8367.22845175069,7820.80903181788
1629.15727951602,3971.05244493304
7770.75574171514,6469.19691290626
7636.47333500357,7599.64024721162
6908.9814129482,8034.86702345993
1276.87709981021,8975.68926400467
2016.13525329514,7798.72197154577
1640.52394691651,9129.09103468086
1631.08043430038,9271.47759070151
7353.93413237224,6910.40552760085
2562.40075725487,4231.11558285617
1417.7272094649,3446.93132663762
8379.94670053165,6282.17206627648
7438.35217482609,7552.52747430838
6672.25719760851,6872.46651810723
1241.53783458611,3504.12974325974
2014.07622601925,3568.11707131903
8519.6721295769,7178.9147098258
2663.34184064059,5532.16606899716
1546.39487550488,8262.54952348046
6956.00773794467,7401.08377151307
8302.21417630822,7432.91947152236
7451.48473879495,7961.01600660735
8282.36835405139,7514.37084260582
8083.14783168283,7779.52492666857
8239.60825821576,7243.11010646474
7198.55291599152,7906.3753317322
1354.27823159493,3618.86459201109
1685.60323085256,3634.43529353425
5658.1960059726,4110.15275381809
7892.15385110461,7538.11552335595
1811.17868013872,8928.44148199693
1573.55289123731,8342.8049634387
1439.52371317738,3347.16769473353
7860.46782108997,7402.28487792862
1150.83275273624,3702.51374270727
1798.28551798527,8693.0853565967
784.178091303294,2953.98411617212
1742.01795086988,7880.33059358381
7504.29855913677,7892.16952149834
1392.39822502822,3736.78526765249
1042.19865517323,8843.71746537953
8517.6255671146,7479.52580109624
7517.0923835351,7459.05791318052
3505.27591887823,7032.51557281367
8720.47873664823,6843.56455785807
7596.9072645792,8178.45250396662
1969.42565224065,9527.29626195746
773.121073130814,3293.11630854632
5273.54331849266,7288.71582641059
1131.09190890458,9028.14399992915
1852.14395257834,8749.05355515437
7925.78209212458,7896.63151322652
7229.33632876664,8358.51483505852
6779.81799242789,7521.00303023088
8169.77798293231,5480.75956374526
7206.95758152831,7594.30707162311
7249.79910729603,7189.46762708626
6765.82730729485,7450.40253121279
7844.67389870346,7366.84814801037
8201.05135550141,6956.86411065149
1646.01118331873,3995.70235339771
5617.88933415138,7067.50263121256
6888.36198508923,7857.29389849514
1349.59515629754,3130.38909619108
3330.92376840624,9139.04053994044
7467.90622205008,8221.31250452875
8095.30397609015,7619.62265310365
1344.63868017005,4008.39339092125
8000.42455316614,6687.07488399507
7422.12542128868,7131.84379975704
7793.86726315872,8051.42204569454
1714.7260202277,9020.31807012572
1520.95544231983,3649.32945812751
1423.51298644958,4054.96652815562
1073.9169989507,9092.91326095319
7647.98378305017,7520.65789013601
1896.52836335938,7502.26658138582
9052.92805708641,8410.59519965551
1139.88491627801,3531.94239627066
1769.08675416147,7833.66419685102
5433.23766727087,7421.63106975772
8501.54328060482,6611.35519067946
7850.78368763607,7331.83154943409
1426.47779128005,3815.05117684294
1607.72367269511,8384.79848544771
7563.90247759731,7948.59271219459
8627.76614242322,7922.70352410179
1165.66603801325,3408.5661577963
3254.48730166401,3867.41230266514
1342.87754996395,8967.95734035109
1582.89976767114,8722.135503637
7365.77197380771,8129.31187312864
8245.33107561082,5006.5266147895
1692.68309597144,8130.42468018246
1497.52258211357,3562.41655384842
1230.8601178189,8631.73209145448
8409.45877876338,7049.27028683552
1343.27193088363,8336.08676423694
7989.72320880406,7669.76772742079
8318.65177629004,7187.71281110908
1902.48840319588,9377.28154017373
1404.69083042737,8564.34367727079
1246.06811103024,3502.96909953114
1079.58659473481,3482.94919369397
7941.39910557043,8636.72903866816
1728.8403631134,7833.09088508135
8243.70792420363,8160.41213666751
7830.11797385581,7685.40574921406
1619.92377233611,8871.98406184984
1176.4712365898,3443.11663105723
1768.46336503936,8871.25121849329
1663.05544191225,8975.00680718594
1028.79535347314,3340.50519919468
1326.64126984212,3915.36347901338
2069.57631734093,9165.68015076665
7506.03275290449,7692.53004199055
6920.50314120646,5108.52798125495
1591.99355838513,3866.15560665366
8084.21422528614,6790.45140127187
7034.9986077804,8352.6603680639
6987.5338834565,8476.12670694233
8068.38132154506,7302.53500178281
7523.52135939993,7628.99482102006
1362.04770084052,9052.69023011646
1740.40066121955,8819.72892710445
7856.27863836029,6379.54804108654
1501.91188075922,3394.87492069743
7724.7964048923,7366.72345902201
7267.16084784257,8826.57288402296
7219.14988754879,7746.45159256697
2111.83241912294,3760.45441545015
8044.99289674004,7711.24950796733
906.52396776691,3070.28511109271
1734.42628918966,5770.53945980974
6490.2042801231,3376.61769351707
8489.31809826802,8247.5360184546
1953.78153916011,9041.30485862191
1848.82640027594,8564.90976823248
3608.57912580037,4029.49949109317
1264.61270838235,9123.4818107367
1938.28863927481,8613.01927921229
909.6676777918,3589.81446463666
1369.85410874245,3404.96446497982
1467.3177679973,3546.15733420097
902.250260641408,3298.02739769527
1209.24102213786,3631.06504317062
1738.04339091265,9149.73116634744
1098.30098723316,6141.63768390504
7360.87691592848,6874.50681814046
1358.27446027103,3593.3092169903
7528.3048274159,7984.5226217591
1228.26164149296,3856.94901325297
2058.88685801744,4082.23324095757
7698.23103634736,6313.01798545095
1412.8423316221,3616.76753799933
1586.18998174231,7205.08627989567
1879.93942709695,8614.26179842873
1696.09160058126,9235.12116570196
7675.00128501433,8139.13057076842
8364.89472546886,7401.42831790755
1612.6395510407,7387.03659833406
8433.3012834136,7429.19231993881
1070.01455092701,2872.13260124442
7957.86581821287,7965.70336472965
7216.28508873447,8426.77237753184
1900.59162996358,3910.52270119875
1080.4809215158,3681.75826460703
7649.21865163884,7535.59578715138
1567.21040074848,8957.83778092865
7635.56940935072,7816.13298905854
1128.95615608033,8983.10591791691
1349.02420389272,8929.6402210957
1487.71525259629,3768.2547366067
1716.44517556873,5427.92399277029
986.36828925704,3218.77745632594
1499.61151678397,8892.59328954488
7594.31033970835,5832.72496021926
4485.05679023459,4276.9063173481
6988.43403681019,7759.40962554076
1221.86328506364,3549.84038549743
7417.26829182933,8149.58765196884
9159.89475007875,8108.46514253157
1026.20818795906,3912.49770915117
2089.31666923704,8276.54521957433
7205.41113984984,8201.7741763638
7201.84003810679,6875.6168207317
1220.89034252892,3484.11902432328
997.933979696257,3310.72496988813
6070.66090767267,9260.815742996
2009.42163393244,8943.59933727071
7747.16165766356,7917.27403089456
1492.38097951116,3634.02626211428
1265.88610164827,8690.97005015878
1910.44539075714,8940.8306319814
8702.63782113473,4222.17958169831
1133.54861399769,9286.18332035511
7481.7563305109,8058.12912668101
1233.00127085108,3959.68050379343
6268.17448113155,7324.00632928704
1585.0989007298,9002.12546646927
6875.60404312171,6802.55450176468
2034.9955724538,9101.4223515823
2582.34916690191,8438.30865164653
1831.73019430585,8743.53544665236
1365.2390128448,9219.55412816173
2059.76846962954,8401.90482868888
7660.27256305198,7596.67002841771
7785.85372670932,7865.91538980461
7541.87036130027,7853.3047296905
7959.07962833172,6313.492042703
1486.55358292942,7586.69677539547
3179.21316547857,9067.35229701375
1167.38975159768,7968.74124134694
7425.59001161042,7791.09359498987
8227.2097139206,7692.91919613953
1640.40419124429,3632.99664985005
1232.90873827461,9140.07215974759
1973.01854168305,9012.17222996334
8050.62509631516,8185.89637110754
7082.24101354462,8163.68047822435
1318.07882761242,8832.07172832207
895.586081189695,3406.95732277025
7709.76007504595,7180.6012532196
3876.92728004228,7346.59449743707
1224.03472307708,3317.69424093015
2337.46538341616,8932.49621374157
1725.04355348918,9283.85196230691
7863.0717734066,7510.81382738518
7475.0627481823,7286.01469818744
5481.07127664591,3589.89362157791
1452.55307404389,3599.97363255156
2257.30894215995,9571.14530676719
7718.25658958006,7749.01911452926
6622.93589609758,5902.73076049772
1088.31904182848,3255.4185456323
827.350660781711,3174.71700871394
1702.24473184055,8376.81621240721
7973.79284283077,8047.67155945655
1554.97611671683,3710.6098836702
1524.32831241154,3850.3048664218
6398.87935392822,7870.6513921078
1568.05393799233,8386.98181338639
6783.73409441936,7212.91535236164
1344.26915061948,3769.81852181294
7245.02162634417,7513.4262693475
8664.26702948612,7264.52079206624
7467.56974971622,7994.52947450645
758.806451459794,3431.45988201662
1016.38421504882,3613.10839740092
1872.16026624405,3996.98094968171
1875.31147720911,9140.60218086925
6845.00672647517,7414.79619426472
7489.76247661641,7409.648109027
962.833177747409,9053.0515379265
857.241043916877,3277.36601208046
7509.24224581795,8044.55652985204
1725.3146903701,8625.90684414168
7663.25522967839,7641.56132566459
1161.18286572786,3470.02553191347
7648.55223740645,8414.50281058625
1307.05680405198,3537.64913729488
1033.63187795844,3619.5897037398
2304.36454372195,8927.46919236519
1154.53802692136,9123.455550203
1444.3872720081,3612.42895301048
1615.7760333104,3901.12472148271
1686.32751592948,9010.11790407289
1124.53692913159,9211.75495459567
1343.60715706824,9109.42022807693
1437.73436859794,8622.7163921404
1974.27823327143,9089.46686387684
8284.2140736165,8291.39544458396
7800.59180435468,7640.5732105649
1340.501197602,8969.57254564705
1472.68179447717,3721.11156905241
1199.55002675192,9067.21145352431
1205.12061631181,9074.9231788272
8574.7029884402,7743.62950138317
7696.37397563731,6536.00433393177
7090.33403843456,7920.7800015857
7151.21528084852,7729.28740248442
2089.31499559295,8452.94605226951
7823.78686373687,9155.80563686063
7097.27488722609,8026.87857574648
7638.16080023843,6237.75385446729
5446.54737899644,7448.78425057835
1186.94898274665,3406.99445018645
9006.25537640792,7062.88496905968
837.867203349111,3552.02757715889
1723.98161884946,9229.30896393981
6455.82223540928,7231.00455526906
6882.93598670519,6384.06430629528
8183.08269032094,7342.09991234957
7733.6603116244,7232.87369775347
1352.13731225817,3711.76810977931
1313.1013116337,8928.37582982806
674.788167027504,8861.96727867305
7756.61266767099,7809.00432087176
8279.30610636149,7494.38065264476
6749.71556411732,7793.53869950798
7963.88012162606,8011.25859840717
8921.21415157933,6976.37434123448
6954.24636495605,8067.91027424904
1461.54965776783,3245.4173718673
7596.0771240278,7731.33129446502
6885.14782325062,7240.8852574966
1756.07150998199,9090.01466943375
1340.00437244629,3681.16379240572
1870.49153052575,9081.8083821385
1421.80036129974,9069.65166826304
8776.12465394457,7327.05504250668
815.119193079392,3385.00990172478
5307.53359901935,7046.60582767177
7022.62560669762,7464.73678874111
2570.89509380147,6636.67249381704
7595.88740610942,7182.75823033576
1530.52653291652,9084.21649652661
3244.87220938623,8754.31447248785
8823.95069292062,8040.37089434575
1308.75478647864,3337.0573119477
1800.25335052134,3756.10476686814
1741.11451192651,3920.87395040964
8690.55024011177,7921.08042970106
1032.37528014815,9026.87233063272
988.267373820664,3487.93192221697
1840.48095099982,8874.40682005432
1439.39612141677,9102.82642789059
7554.37224863941,7229.89041448152
6453.01272170242,7366.54278044979
1137.33227535521,8527.74526776035
736.045225313594,8619.64942069436
1420.3346658641,3565.29098675496
723.186240997657,3666.25329500227
1972.34971069319,4024.36372357291
1360.86434951757,9052.50047171134
1676.15052920995,4021.26384587714
1944.05260719098,9419.48198839419
992.27917163588,3335.99146770239
7890.04668247154,7194.86658386514
2041.57742874482,9073.83567853212
7044.46256147202,7557.42590242563
1616.00046010093,9270.86295884661
1054.70835222298,3564.75667312886
1924.54562359269,9269.8715096805
7307.3161892976,7152.75247113585
1151.20981375309,3416.60909194523
1617.9260858478,3736.61679653661
1327.87214075178,3901.05007735961
2078.39337670375,4856.40822580468
959.224624613235,3494.93518963868
7820.77705606613,8089.85064251807
1703.59322766221,3790.66535002587
8083.02209505813,6492.64374355844
7396.86299992786,8809.90011216826
8563.47049845934,7135.16504956073
7930.01314178859,7967.95015716402
1692.05717822464,8135.52895383732
1077.86998958003,9242.86289655175
8137.03849040625,7328.0523668812
2184.51927188359,3525.102561772
8532.82861310642,7122.12756013407
1485.11807440781,3591.19391897376
7782.96212129862,8278.40868297356
7696.40678740551,5978.83001976041
7659.97658769699,6949.23572859646
1215.17906966385,3309.24484956048
1683.26059049993,3757.63841623267
8186.32878773018,7181.42826693857
3039.64271877275,3311.74720033784
1342.50439387991,3591.97219524844
925.756477453493,3767.9865909171
8727.94955156178,7474.96521872661
5622.72542934385,7795.97244241391
6883.12874599912,6790.47532532674
1015.67476551877,3379.74322012077
6158.58078495771,9086.54530576986
1039.3807259696,3342.36602879621
1429.44921065861,3799.80573311896
1146.26877339162,3329.03515515304
1556.5001880273,8327.67246954179
1451.00533653297,3703.23551679039
7939.69011393855,7067.22754497944
8284.2513393845,6729.53814194016
1029.51084090621,9155.15232414036
1356.07944243689,3176.28923643341
1522.25134489679,8866.10089304318
930.740551232476,9220.51008926367
1017.88983390083,8686.90218883435
1726.29819251239,7712.81311003582
1407.69795696525,3800.09576599946
7745.51852495484,7302.59330484439
7188.81127905985,7776.68117327513
8084.78988670423,7516.34169481744
8156.4107290674,6625.28366041414
1800.89102123836,3610.81347831004
1787.31990182766,9174.71810481523
7639.20400051151,7483.24433294931
1950.82717014273,7329.76864148734
1153.90005055411,3776.32287908321
4110.45927025046,8637.62139711607
7404.00826088156,7563.15669087235
1754.73722524192,9157.18787262561
6842.11465203195,7031.01166987949
1665.27339221861,3878.21453657265
1207.07108807262,8723.03450195665
1726.72271314744,3743.01171600867
1335.78783103076,4036.40271791896
6850.45235820156,7506.22369240853
1020.63007187693,2915.13185409118
7134.9429662045,5946.18912534849
1215.64681433329,8913.04794631236
1341.91435009089,8543.03358764096
6919.32281298151,6864.95367334741
1604.84517488372,5819.64161260467
7431.4530072691,8453.49833347048
7009.38545253786,8396.39539479715
7979.74563622669,7083.50953235039
1792.96176646988,9031.18755884144
1466.40053353617,3918.75353894545
1689.54820064527,7802.86738048114
1243.78050236598,8918.62954937118
8412.87101513232,6663.10099944875
694.933666842598,3027.61342535461
1849.36793011056,9180.10175000397
7510.26962335615,7913.2525661219
6587.38251802195,4367.47320341089
3679.99328347892,3620.37833476239
7333.05977334291,7409.98415992494
7072.30514849976,7375.1454023295
3276.69893356296,9084.94518114203
2595.02007561263,9537.18034736334
7134.39703801743,7417.69597711686
6989.29914369309,6187.61351821468
2217.60270680926,8726.64775105719
1084.62894093186,3690.23828653358
1540.4332228764,3824.73294606332
1918.33192316512,8607.91261818353
1318.86360672425,3415.65903098409
669.043933933082,3727.91957147168
6772.49001960273,8055.58376061083
1484.05873601478,9142.45982377216
1136.80748745912,3291.36473449496
744.589966648647,3227.84714522363
7093.15412269783,8144.25390571002
7523.59879461433,7526.12252598192
1320.67185265794,3449.82993653934
6727.34594014163,4746.55791930225
7090.67103185053,7264.80038610273
7295.97279576634,8526.93720583267
1219.50991399039,9027.12226790893
7368.01653113783,7578.44785393844
6520.65697051814,7434.816800048
1647.92541083963,9268.57731482632
1065.56408647877,3365.36065723807
687.674820294071,8880.07258922019
7823.19927718108,7771.38526197843
7919.6696138534,7110.74170041247
1612.02577282476,3500.20177903473
8523.97840414989,7259.092720302
1660.34713700503,9346.52604791774
1625.35458563575,3523.09410692296
1169.89207300738,3819.96924000213
8244.63775621022,7409.88267979848
1304.86821972938,3433.43108298438
7967.55046833396,8323.96156721331
1987.53320818925,3890.9568491212
6746.61663743521,7733.92624056639
1124.59726541329,8894.99047267474
7583.70352110687,7631.04001487688
1462.47457345838,7818.67762608241
1329.77757713497,3458.16725769249
1083.05256981504,9240.52058809754
865.555920476266,3295.87810197332
6792.71759562379,7657.43756751606
1479.34777692193,8805.51581657862
1915.18627876335,3608.8612827879
820.842540771577,8887.68296654401
1431.91899621313,3499.31519165693
1338.17889111653,9862.28508472175
7411.98653002621,8262.75585739585
7563.98128852155,7737.79135682389
2136.52403395645,3702.06835109083
6663.74620410567,7652.71857059424
7977.45207932205,7178.89015812043
836.792002043798,3621.6381656119
1300.14816925487,8766.45582107017
8685.51490136568,6983.94079740304
6397.11154957096,7249.4403558399
1399.89003960994,3408.45513231369
1526.81309849989,8849.28157691348
1278.08065455147,8080.04475522798
7521.30233423956,8273.04726215939
7711.34274693023,8473.29154508424
1552.89785939797,4417.18445435224
1298.22450724421,3443.64601211125
1004.87282109777,3220.99507909819
974.076954729349,8542.31704285264
2060.80153429883,8194.92931036482
6951.72595807429,7748.0043352328
2061.53970849587,9161.81538770823
7810.29189978678,4948.14715171414
2531.22657031842,9009.08205768011
2454.39144714754,8420.04207327409
7477.28424178167,7863.2943768796
927.502611083335,3280.53595903181
1330.23909476389,9076.2471110765
8118.20931133451,6080.70480329075
1354.5988835865,3832.3782801086
1676.26503666377,9295.23650657286
1721.79178310466,9228.20317411763
6943.23473881555,6867.93482586042
7976.65333606104,7607.75241724583
7509.84230168586,7641.46978647912
1308.94217405798,3289.78017721656
1412.66906128887,8997.66040214945
7425.31157592652,7426.59468472256
1331.70697082593,3743.60109834843
1440.89340397339,3821.35610565895
8213.14182074779,7310.80144829314
6931.77484405165,7641.57211660702
1586.84775765467,9214.39301626699
6969.41390625676,8259.56405414294
962.788092266581,8930.20396857273
7965.91153697477,8131.91324903761
6866.77908639875,7786.39924394544
2397.4022400905,9165.6181755404
2078.76092194974,9058.18609936053
1161.60894072717,8111.07945280755
1762.49238180459,3844.19156597209
7763.67027090963,8475.78346990907
7015.16126691205,5979.02574580131
1591.02859759494,8835.1560107621
1990.83123794869,8964.81276969732
1148.28488111858,3151.35431709787
816.28467847791,3293.00254253739
7503.77479420573,8265.78918194249
1219.49743449176,3641.14389354802
3267.56153113206,8061.15516576393
7907.03968410025,7599.04728431075
985.465506838402,3345.86485955433
7160.64061512007,7457.66203878437
7475.88149744973,6154.74919439398
7622.90261551034,7803.21151649906
1630.81403622307,5556.7615063542
7043.69446681115,7013.74014335774
8002.95002333289,7908.98024989412
1292.38409132525,8764.83999141352
996.944267775567,3638.25484666403
1146.39723672345,3560.53744160051
8596.82543158396,6752.56243581299
1513.31703208156,8986.38687460494
918.05934123595,8719.21403500627
2213.46380281413,9021.63834292125
1397.54703269188,8003.83252104974
1316.19448909338,3406.81145328972
7478.94118046245,7953.86717766715
8976.32047907294,6599.37635575971
6593.04813046133,7325.12398237247
7657.71153260812,7791.88350253663
1364.31194935351,3652.17354223372
1079.31017530489,3600.08912351365
1438.60302577914,9185.49599096244
1797.88662968483,3949.86134426436
2181.57997759057,3984.88305246943
1406.75033405795,3522.32155263069
1192.79578702358,3575.15643298116
1029.41608754907,9156.51499078068
7861.36957221788,7538.90327778858
8343.87303416948,7416.66937082575
1094.05278015255,3218.84126035944
7111.00947912444,7774.4938372033
7641.93264834224,8045.13721577552
984.339041527182,3180.18815948736
7893.38687124638,7733.19371204096
1175.1721861573,9047.5661880356
1374.58703848612,3853.14505688481
8044.94433937272,7885.76526180437
6353.07622130429,7829.04848179126
1037.11965096623,3169.10704490443
5818.94926959251,3479.51247265011
7439.27914248789,8116.34064345546
1760.69968760894,4015.28772917568
1228.27579969478,8420.35612980818
7146.51028712244,7936.93971004365
8218.03380154991,7619.12859309498
2025.74302806075,9316.32685434856
685.916811168129,3110.04889077934
970.828689784129,3570.77026050505
7247.57688252923,7650.93863879736
7017.89733421382,6605.20222138758
1897.407583332,9316.37431587463
1741.83674796147,8739.72530231044
1794.06917926966,3378.49141113851
7186.01091341895,7863.76827766874
1190.13645395813,9228.79357692528
911.658748094162,8784.85380089569
7133.4293063018,7604.90965725305
1216.53684450813,3262.94322787625
2108.00647289946,9056.0951117732
729.916896200457,3241.69654672403
4658.52464240206,4120.00368411071
2307.56542125879,5647.45530747942
7585.70469839286,5948.52429065138
838.014972463365,3489.72577288306
1271.52137385551,3418.14955928293
7291.6311695109,7536.21706416819
7510.12816851168,6194.73935157887
8292.40651209673,7783.4333122261
6125.17351418106,5455.79609068559
7730.63274268878,7383.91619296882
1555.33253496459,8876.04792050021
1853.19709342979,4201.55352214721
8116.22647261684,7881.75517660272
1586.11922551672,3638.73077280078
6869.71172600743,7546.17167042844
1055.97041209873,3077.16219322615
7333.2573829252,7150.24126547646
1613.48032618596,9373.70135341655
6808.23589194898,7302.22455272294
7298.8733474068,7497.36204293509
1626.0768698746,3752.87009119709
6047.47010053436,4426.07161779036
7152.96578933371,7027.48840306704
2403.30614158122,9113.48679498117
6559.00141764764,7598.55385012302
6811.02373087462,6948.08770094137
1248.62410905935,3793.17606800986
1430.06814980432,3626.95559040514
1456.09138826901,8856.51956438133
7504.54970626981,7369.07101342308
1135.80522304408,8109.45198070325
1009.03655226601,8975.09764603342
7114.33245872735,6484.14121284466
7816.25173541813,7634.92899801194
7221.90881995712,7757.32290603706
4950.82995767703,5576.64465154518
1021.21920978909,3516.00881550312
7479.52813711584,8086.16957576244
8725.66347508866,8358.18378433362
8198.92735839652,8079.53778984131
1691.0811727281,8937.04485040474
6788.07939402977,7958.97679561668
7101.84671310742,8270.32918857484
1996.48870962241,9097.04253305742
1479.01370943313,9494.44492157018
940.631279710589,3484.84437566659
7823.55036130095,7900.89870275674
1949.36728262427,9243.37828325266
544.994951293843,3437.72095031434
7592.24544069556,6716.9739110639
6791.36647534557,7163.52594909067
1121.10060880934,9003.56022372475
7043.53482544427,7706.05896341831
1237.71463362779,3660.27037343316
7925.20763043778,6351.2265759829
7778.66284961997,6744.83672320133
7149.58660312601,7486.00305939962
3494.05500543192,8727.3855289914
2130.84256605845,9095.04681365218
1488.45930690789,9431.11979639486
8720.00260088443,6330.34662472028
7737.19837035338,8255.64601453165
1045.43435319494,8968.47762408848
8800.05409151813,6048.45262958559
1680.16206297678,8787.6332291089
7406.11983026767,7510.27934118084
1641.34561658654,8949.49263125456
7517.47156422249,8078.65473184686
6587.73334629002,7198.22285962066
1569.25146635967,9259.36348330926
8040.77013984837,7532.64463119618
8673.6338758509,6459.86820890808
607.097058730808,4570.57218360473
7438.86628954071,7176.0007432123
954.69315496359,3518.30688214839
6752.76684699452,9032.00689692249
1422.57086519095,3807.2377443973
8231.0266787151,6240.04418360255
6796.34811103132,4455.6825358502
502.397361879571,3174.89473595956
1361.86671258211,9270.12348903602
7779.25384736781,7795.02595624555
6463.37376098823,7385.71049378326
938.062304998874,2977.11052333871
1154.25862418047,5132.59925270917
7056.71874516814,5986.92934309593
1387.45102205942,9162.55321297499
2865.11420218144,8864.55093719983
1597.68586109967,3546.16403551832
964.677567903917,3728.18834804194
7969.10976098597,7096.96046428886
1139.26750524093,3315.50059585461
6979.20337374005,6994.50974577353
5192.95318623679,6928.43725621985
1382.00005088732,9410.1911605105
8549.76251208019,7152.43664174129
1463.1756800854,8900.41514624096
1578.46448893226,3707.39261365728
6899.00556199297,6979.02839157608
6560.050628574,7644.11867994443
914.975683842852,3470.32577280781
3560.96650088436,4090.31441542708
8307.65050062153,6129.94758531027
1500.54669590237,3708.27453110261
1978.40391449839,8344.15327900413
1765.56214239057,8976.67390548848
6625.56391431084,7929.19475976523
7742.67013851168,8193.89061126002
7057.89735907412,7236.8604850865
7319.34258758312,7826.31820985169
1775.11374150984,9060.96681569671
7324.04844060388,7019.73755968863
1391.86834333894,8721.27798733305
744.877560342791,3063.32677319693
1414.88104563285,8915.03506620923
8199.19073560382,7287.95592456242
900.407642526026,3520.83901419034
6801.56572171996,6208.49756058999
7058.5990576929,7772.91674133742
1494.20539603333,8435.93902820554
1485.27802289477,3651.21226928986
7972.79320708145,7437.99832206266
6526.50583950141,7721.02130917049
7556.56827756411,8189.93159404915
8578.04020085991,7593.3208219763
7179.47849563977,8221.64340543688
7750.67637056647,7509.53517230351
7142.54233351937,6963.77708019475
7140.2634243905,7833.82405039349
1406.31597140733,9178.93149600883
7240.10675413225,7403.70989112671
7614.1851185424,7651.79136874745
6099.07837186141,8859.88048156654
7082.04109573942,8044.97552842915
7549.09709651464,7408.23700724228
981.170255327972,8999.36524482988
7210.81444604154,7756.71348263228
7943.64067446126,6374.16747145166
1679.70390093248,9094.19216607864
2990.37182221738,8297.21919995844
1035.2623581524,3224.17468087459
6797.98492953808,7066.53504807559
2019.62937707795,5698.87665582748
1638.59708551141,8036.03822063702
1539.69734768175,8884.40125788563
7235.78269783322,6278.18150493564
1478.35936141462,8582.61614103275
1435.77287309028,9136.12155286307
8937.5617513147,6999.08873853966
7137.86358161878,7259.87480996574
7902.57641649508,7884.70349598591
6830.49529697758,4885.45114666813
661.27780813421,2990.22231118483
8211.79544441573,7634.84422081223
1096.07318141484,3857.93517316992
1636.23927374933,7732.50985754627
1685.74465134148,8910.99486730111
7410.8123170626,7638.9329796274
5753.59143300536,8015.99941951921
1679.22067304982,8848.92693561927
7730.79614174421,8157.17036685979
1315.70003210246,3607.06615399887
7261.01005938725,6247.58556307351
7499.86857267933,8163.15735986747
699.51850301954,3301.15836010198
8174.91813616949,7894.68019929506
1561.86585281397,3537.05145900832
1339.74774009141,8691.14060906259
1170.51826697562,3562.02799269947
7506.191087327,7655.41131312409
7586.50383987978,7064.50628889589
1590.34319236261,3671.95162737621
1016.04518060847,8378.29111937378
1896.61766872373,8940.42010409614
7594.76879863792,7046.17666437826
1171.89035314608,3541.69816867975
7558.16550188499,8259.22469341122
7553.55738545915,7638.25025522756
8107.52862761534,8573.64594613384
6808.52633598441,7568.21763192096
7702.22632697622,7065.86818865856
1734.73043872914,8985.10067856052
2470.69488718987,6953.4728400417
1824.59031112182,7521.83048503455
6785.00151618846,6968.37148522747
1455.4956616239,3511.58608147937
851.052518642927,3476.55318399138
6174.89613263327,7393.48324207856
1423.16168929503,8897.10509241589
1321.72796075245,3402.83168328153
1538.27587964346,9172.52681817217
986.166832330278,3180.92308931878
6894.16626334724,6894.65675739224
1283.26129803583,3071.40441352608
8143.91901752454,6981.03370468269
960.085128594401,3301.54414426813
7041.84219743742,7807.42648046255
7032.68618917564,6989.17477865236
7629.67302532394,8003.25389266404
1672.76541189127,4173.67990201304
970.439042291087,8668.85810981898
2266.33022440243,9171.1239306133
1451.53307302969,8876.82318074525
1602.12170808635,8870.62865020791
1331.00429557308,9218.80060262685
1210.0994947012,3562.27118994233
6527.26499987412,7493.003949284
1708.89534174012,4193.31686224295
1568.06103910036,9076.96147820976
1840.36092770812,3643.06854917383
2269.60163579238,8529.81713211934
1600.1802132086,3537.28439521416
6288.4559996228,9124.91468525398
1473.9001054537,8225.8956766602
1582.39282225135,3672.02826871541
7086.30209722544,7308.9799232945
7811.73686274662,7837.82302323206
1701.92348516352,9175.5076922336
1509.71349083175,3612.80842521411
7522.75713004137,7453.59790777515
7733.65003929373,7857.84342241576
1259.46133519365,4073.189414904
1554.4606444997,8935.60964301324
7137.85807926801,8195.43954784348
7627.77369240909,6131.70665322647
838.901403424075,3400.21478714278
7262.58939388843,8242.53597123769
1718.5656126837,8882.36046766119
6556.61302518207,7862.3964938378
1515.10763569544,8811.82079858443
8053.48157323334,8064.46298626091
7225.06911944162,7185.95196438607
8100.85334720127,7064.59559485573
912.008958003179,3542.70791062849
7870.57889338969,7638.95641734834
6216.44115521278,7353.30937653829
7292.45873823614,8023.21873453873
1827.31054559976,9020.74909925376
972.719461669948,3191.60870885534
2170.12840275282,9129.89867907897
7592.39822395373,9022.9125064897
1780.41895764384,8853.24822448563
1627.90723193903,9430.77532917436
1382.51219689996,7771.82137759557
1411.85310846086,3754.61100797793
6990.98646180845,6920.54035640098
2927.12187734878,9311.52190987624
1702.01905629562,3666.60166250437
1428.65345455961,3329.42675071281
7852.58152203826,7607.7417283306
7777.46471540406,8656.73808621838
1333.3463116455,3597.76175973591
7266.65402484242,8538.85777529725
1364.85226933371,8214.73611106153
1472.16177503832,8750.34718142871
7707.76649426238,7195.09949219882
1607.72019737076,3844.89450893889
1815.22178053097,9008.35208222878
8100.9673241234,7257.34158764975
1373.73793525161,9323.76177159409
1400.77416404604,8889.29326074533
6332.16369979158,8181.8222909298
1456.12149415648,4059.6332181445
1141.29124403002,8818.14197159319
8204.96745347414,8311.69850755692
7261.03978122439,7820.28164989847
1213.71821192507,3191.47546327224
7816.03904152845,7379.66884451614
1783.16202728491,9195.43589062663
1389.82093134243,3642.64873512479
7466.55556520608,7801.87471712157
1427.71245892276,3612.39709163914
6247.51332629961,7176.72121576581
1907.42481092359,8256.29892083007
1685.52839815999,3616.40822709995
2893.14574958818,9581.2683244331
1816.98529332905,9168.53592085177
1525.49326669823,8754.83685637623
7950.54438508501,7636.98948227643
9033.6366373938,7493.89569299791
7367.70179488455,8004.84254941835
8907.68893233153,7884.6069407863
8418.23107406059,7363.43284957873
1162.95469715046,3329.94693411013
8791.04886981012,8276.20701961529
1117.0842323289,3391.29088466413
2008.76558946109,4193.49962694161
1264.01938463589,9144.40385335044
7796.3195912156,7486.04622143925
1661.83386964545,4110.2811336394
1381.51323766476,3621.32594548621
7594.71124489382,7363.09463732765
3066.1926076678,9083.02792143348
2591.16727501721,3332.52944839859
2376.16090992941,8562.58884449693
7137.66587020667,7581.88032429987
1167.66116813195,8723.79924761635
1764.5702957635,8433.75596173614
7780.37363899244,7418.0548729183
547.44314361317,8837.30738276929
1830.32401356073,3555.3023999516
1321.9235182019,9091.66169269984
6620.40167165272,4501.54714274804
2077.05404370368,8649.13770897453
1455.96209753083,3390.73831889145
1550.78923603466,4123.94282851611
7163.24203748862,7549.15398893895
1311.9093282634,8753.72554144271
8266.00298375406,7140.47005409297
3057.06185859799,3592.06213332406
7181.14912839717,6802.37371789396
1988.75141828939,8910.17665669929
1542.00573107938,8187.56623269641
1042.62106071517,9495.71268950497
7672.66443149551,7641.20785075322
7504.33857279061,7623.13739830407
1994.86750087368,9211.95450829938
1771.00043555807,9382.81281234559
1865.39580007321,7331.22676684983
8254.50705610972,8262.41471943165
2070.97639448447,9206.11842025896
7235.00164453299,7638.68124759903
1738.13753772513,9015.48298374331
2044.38414380914,7722.57532928984
1957.20445803514,8645.06778899665
7535.19589399948,8039.74111336313
409.545264105693,3147.24693786953
7148.47052868975,7208.16151205613
900.065513690965,3269.66501275966
7465.54778299716,7530.14368577617
8103.00387194371,6877.4015301576
7648.76761371111,7803.55807075233
6630.74393484217,7574.84413839413
883.406534422826,9239.94732284666
1779.79123944468,9069.69283375549
7452.35051865232,8335.00403391665
2596.9260673291,8688.89936741041
1144.4234613835,8690.09408467244
2651.86172218024,8890.89219454439
2504.61372524855,9276.9497380338
1705.30091940909,9018.14889813864
2349.73729123376,8982.59095440613
1830.72239881426,4661.98033280144
7012.45842549209,8126.57968228042
7456.78568041067,6814.57564942039
2433.77467501817,8081.77137742624
2039.18249474949,8976.39318193798
1582.39880941677,8812.93207786245
8048.85973359418,7987.87958862809
1826.22312308138,9212.48267780683
7851.4227644924,8032.52978498855
8009.48092372885,7415.69722715252
1707.00231220959,8829.97982806144
6640.80426730158,6966.83164520346
6470.82678103813,8196.84657073031
1247.03894829257,9265.72360991048
7131.90477153869,7268.36348543413
8481.67122440038,6506.71266760335
937.652569867913,2992.64402739691
1391.17685540702,7814.01666178757
1765.54408964615,3772.21259570218
1668.67583142964,9377.51441456242
874.755311303298,3748.6482464315
7779.59652290854,4683.40686750031
1607.21089621196,3597.11505121315
8332.57038712676,7945.61985835347
8617.5344006028,7808.22976628351
963.600725564524,3558.28020488455
7722.01997970358,8010.07419846808
7263.97161295693,6850.32322303188
2003.22086526509,9200.98529587054
2218.2355500089,8838.89405111249
2028.33071081409,8945.84739249742
1131.87638814159,9074.38811780417
1488.4143952224,8976.37251370344
1299.6665003287,8319.34416552071
1432.38470978559,8921.44551248421
1320.64456543987,3455.9602076766
7474.10082363332,6443.80322329441
1122.8807138439,3272.86499669734
991.654597615897,3186.87083633333
1105.18138620194,8722.79970346526
909.458292676383,8526.04797195622
1375.71408479799,3613.95689968988
5412.7896377355,8682.84217705859
1778.64557758304,3874.03218076701
1660.83180176298,9438.67126263196
1595.03869793652,8602.97716479364
4446.10727471751,7458.15496756958
1362.13026740011,9274.23363586634
871.599998468476,3463.93530032387
1351.66110495555,3611.5615688854
7579.40364119155,7909.83773893804
7569.45923486877,7693.30274209601
2149.58086874015,8600.94906151494
1487.55779857625,8579.04284590551
2045.40997345823,9216.72238099595
1128.26150431104,3691.73241790142
1010.6668881222,3196.74366879779
1633.54466528005,3950.7885258036
2400.56866410925,9102.03733123659
8009.88129939329,7202.62183956998
7245.20150544488,7740.59917499456
865.723571043865,9229.75523086941
9086.88546975421,6316.51481010737
8434.26987171802,7904.20158137965
6920.27927254443,7754.93800994867
1138.67526264137,8681.74664153087
1888.97035099464,9266.25551294221
8768.88037739615,7410.6450966427
8855.39970456926,7168.09705133376
8092.623494822,7061.38116065688
911.8441488024,8857.24304117478
1826.84587312689,9572.38731890808
730.094452468734,8673.83350294415
1237.13239575162,8922.83172541875
1695.16923580664,9229.97383593594
1654.04457098106,8842.6885194985
7975.33885825629,8171.8560644775
1278.1244943486,9017.48673813732
1299.73702336442,8624.15279677371
1382.91215415472,3766.61067525206
1594.46608156778,9379.07775349665
1569.45495688228,7717.91856769937
7686.03359296303,5725.39933473005
1436.6202319749,9447.56623705282
1066.36703380677,8909.06136090296
7520.45128450389,7651.10697342714
7202.36176217252,8228.39411540233
7727.97524676615,9225.59678898127
1466.20640343205,3640.08097116751
2084.13420952745,8954.85329984944
2578.50526586999,3788.45698550289
8235.69343672646,7602.07423034974
5019.83292744424,8564.29667162691
1246.18395611123,3595.00627753953
8449.42850383479,7740.38806248212
1264.52135846087,8851.18770425468
946.99712481791,3652.9607839247
1702.03768428025,9288.24340954829
2057.27824213312,3833.20450003573
8038.23970977811,7957.59019975748
1569.72941089937,3708.71874722911
1068.17220808645,3157.19457842549
944.218963994133,7803.8330301023
8129.82956341785,4048.91488966705
1401.33719447516,8896.38120928095
7609.25894443921,7926.57020582568
1057.11553703404,3590.0301151251
1297.78964703639,8926.40670627366
1396.42320903723,3696.86123828451
1100.67472923202,9354.84841018037
1594.56762107924,8903.60601180685
1634.81163032811,9113.86098683556
1143.43227036248,9175.7500181475
1860.67479116697,9139.00490225848
8335.31821497283,7626.67280819639
6367.29935281962,8958.90440033595
1893.16124397005,4113.36347973578
1304.23429475926,3713.95428986802
7790.23797413714,8366.95166716824
2208.55143696567,8786.86485206292
1899.40897957291,8738.85035046629
7442.01347711644,7553.90652474277
2617.11535573137,8417.09697795273
1653.23813025496,8861.8853810257
1663.49549914552,8771.78812503039
5647.36434226746,7764.31549592736
1570.62893393896,9426.48905789335
6286.42332966001,7140.40810848689
2278.7641498022,9319.13015079115
6989.58411222524,7692.29614348637
8016.15333345209,7810.13580957305
6622.2780827465,8235.26365296763
2796.42924134146,5237.90329417451
1384.56386801662,3073.29559935023
8411.4576133658,8016.11828067858
1896.52537440435,9026.15342599649
1169.98457657557,8940.0762712215
650.794231736185,3586.42346259383
1318.88649458275,8683.13941030356
7388.6918264344,7489.42456392422
1231.06288262978,8552.9076780062
1810.15081971654,8957.69259929945
1532.221589914,3432.60715354215
1955.95673828543,9103.95155022687
1226.4379635789,3642.81635289823
1474.79593017967,3247.40739810378
1022.10537408085,3332.32139137486
6888.72556558511,7614.70743496171
7302.08301737071,7562.3506218314
3202.88235173427,8641.3387194881
1659.9358488336,9105.95314882044
1570.72162854766,8807.25000987363
1674.96589260659,3796.80465250891
7789.0579628782,7411.32790289632
801.814383982576,3310.54874368831
1961.61716844667,3731.72002996948
1796.942537478,9062.73773748932
7745.24744554362,8325.51285863903
1271.17646704115,8785.82834283165
7266.49350798611,7761.314558359
1400.45418075719,8712.3532142311
1714.65787239915,4091.1933988128
734.845468640215,3440.39917512998
7134.19557791639,8583.74011651987
687.277491574257,9124.37347659137
1028.04424972084,3399.764724177
8532.76720405651,7450.01003343485
7024.20381908703,7900.55504207406
1201.27427426317,8989.31799139744
7451.58629042634,7616.00160555329
781.242600969128,3097.80138985486
1275.93123946434,3775.12686713507
1281.7171899853,8499.31027733805
1553.15809677158,9008.38589464963
2573.54780765398,8760.69036108104
673.840422004025,8013.0735886672
1907.49038938524,7175.15661750552
8663.80700502865,7679.2625481296
5924.06857653466,9149.42038640935
1272.96786521505,9205.99838269048
1368.65570016313,3911.88040054179
7766.80325698132,8147.77714223077
6980.09217433506,8355.00692290872
6741.19091157332,7544.18354591997
1872.95673518972,9221.39032159591
8673.25014207852,7270.49382648077
1802.17634913365,3465.67938750154
7196.32784003886,7753.91806700066
1292.41453187984,6952.90700184172
1485.82974939067,3930.12274552012
2186.02471654652,9034.69764857833
8980.3985047881,7800.44287573968
7905.49942403799,9129.06262536887
1983.18184662787,8241.31334102534
1961.00219474589,9175.89798849213
6486.60428883321,7864.82176742084
7879.86380916133,8208.26756456807
1182.1392652934,8744.52051632699
8716.66867554169,6865.13814371645
1613.21109538133,9210.98782927123
1679.75434123254,3610.37000938266
1115.14324765677,3726.22116397097
1804.35085570453,6347.51434176052
870.653721663148,3179.64423796032
7561.75756853482,7199.96438350698
1547.05428579017,3316.70902981665
2527.7116470024,5835.22320226529
696.132123248082,2981.25170160155
1441.23218917149,9353.38884989606
7061.49037722196,6769.08561914511
2303.11325418984,8361.50049528053
649.987341766962,3216.9714129354
1241.80452645804,3616.53046967303
2200.95352883048,5888.06506126896
1212.78737303594,3721.20773019258
2577.44250807304,7761.94440448486
6993.31360420963,7596.96911639198
1631.41662722827,3803.33353138404
7126.73142420407,8255.16321752483
7336.39770351593,7339.0246462594
1399.71603517997,3396.49288372024
7192.01398192415,6886.31527152316
8642.32094566927,6542.69105521315
7643.2435587851,7302.99527545886
1710.04372896528,8856.08766626492
8677.21346648919,7094.67401374249
1755.12455078558,9181.09479505822
1643.54685550512,3559.33176147171
1820.65497901119,3638.36014624139
1730.40475881508,9140.10743405181
7787.66476752177,8041.8522421775
2019.75214865945,8956.99886049994
1457.41957608367,8453.32235232061
1643.24638585764,4031.30086218616
4413.22156748417,3440.77108783184
7440.64895161683,7753.69743932359
1538.89348076085,9014.24870433489
7440.58543419667,7528.08430603876
7905.01398676595,6681.73654745327
1240.79152235843,8301.77060024076
1282.55224234156,9158.29372523163
8220.55143506396,6980.25516152399
823.747412764027,9052.60125637775
876.563239083145,3085.52853358479
1274.8728693944,8876.45557011851
1449.50475418491,8278.81237137892
7807.65627926251,6468.55999353947
1882.02984685407,8796.51883925642
7268.76473317562,8407.49271266969
6656.24420328285,7815.92386354781
8718.7018627916,7382.30942190793
8048.36273310024,6946.65478628046
8090.68698009214,7894.82397470586
1255.9712789201,3682.13516635952
7523.78141339935,8443.76409316492
4210.69159862322,9189.51473813495
1159.19498537966,3158.96085581147
7591.75843119207,7785.37688223179
6953.09718577544,7212.21307301111
6456.59161840584,7726.90053072018
1677.82625235933,4072.77887924657
7733.00165059491,7928.72049540712
6321.27986610223,8125.66439866307
1032.67348513954,3374.50496543401
1122.93978414897,3284.48093971885
7455.49817171448,7047.24120543393
7298.60786612962,7857.12220032107
7661.60033961018,7157.12987057077
1376.14515113088,3438.72951620079
1530.73363428184,8937.14170287269
868.190273091558,3231.65669321697
1131.68545567738,3632.0453463146
868.391906208603,3205.89530730852
990.52854939551,3379.76997948251
1354.18180210109,3427.10654142724
7581.44528780786,6565.49144224881
1144.36057469279,3450.31005494576
7803.78215690594,7956.06398872295
2115.91610349014,3276.97075411368
6803.8238280134,6664.40227149086
1485.16794530461,3400.43558879533
1731.39047617489,9114.65944129153
7859.3951176832,7647.80249460846
1487.99050665847,8870.81207400344
792.18396475613,7835.36589906581
2167.45217931205,3694.36901550396
988.456214409666,8697.80765197173
1400.99923310427,9392.21846506398
2021.36755644281,9073.11348473741
1343.4213620262,3926.46706882712
983.515533348131,3329.26781154039
1359.27793717026,3455.2054269811
7305.87729757951,7964.83527979264
2542.18247518718,3959.28091268655
8877.19018456078,7708.85915134734
5164.70859474488,7828.4767570663
4321.95643536731,8224.90260108515
1517.82477918828,3541.67838802787
1546.78347405107,3877.13387969892
7156.2306860372,7822.82322058296
7616.81535293768,7155.05763558782
7461.50567887176,7164.9740384443
7479.99937473741,6985.68589175555
7996.38366364424,7671.42862339259
1772.09008239339,3708.55689969216
2340.02801405799,3484.80521506718
6872.73303570498,7473.27172362696
1696.38045596229,9201.88550360209
7457.21249769303,7122.88834913331
7026.87281441321,5481.38572599798
1341.07190921871,8191.21524242541
1711.67782369054,4094.64728281564
7624.90002904432,7546.13977886791
2000.23915357072,8572.35860817624
1026.52538544649,8299.0508161681
1111.39632868325,3405.49191697692
7029.45434225274,7543.17686277155
7583.51971041814,7295.89994355346
7091.2134402157,7476.34121384466
8004.19470589274,7268.39924235494
885.456941056678,3311.66284666335
938.14710473742,3591.55835482348
7413.35204029018,7977.0651945542
2351.91728374125,8790.53700213418
8677.99848335869,7310.6413298433
7597.12911811857,7881.70918956943
1817.02451225078,8751.80991910089
1395.47934936489,4004.72875107868
6980.8614330763,8216.20655804464
3161.79877175146,6669.25256497143
7711.64601187437,7623.28525475307
8444.57679997402,7490.12996843235
7559.06127617498,7592.78241972451
1694.05355288412,9044.15872628586
7301.77404231895,7378.88150920346
7772.92590924901,7862.77633185772
1257.41560081229,8949.89932504651
6922.92048064454,9553.88725830788
2953.33409953156,7457.5270842934
1175.01721993219,8682.70101417586
4126.48325525368,3423.19007383856
966.515787623799,3142.90287026496
1460.80858837033,3609.15115427883
6270.66607816597,7307.1131082008
1268.41351816318,3687.11237931502
7170.79164850121,7574.19150972936
7697.57025668913,7858.83947911827
1153.91467798818,3692.16747992696
1509.19506884721,8871.74776897083
3678.38554007032,4073.25431542406
6232.14376365863,7921.84408440479
1837.32506024793,8790.27550136168
1311.46816455012,3135.19313458019
1571.3596834441,8914.3913483077
1186.61183249668,9199.60326949055
7508.30971889543,7219.2955127132
1474.23488638907,3643.09527527489
1022.63753784288,3043.47220113151
7102.83243323014,6417.06379684697
7056.10692539116,8336.24859775074
646.931027218287,8901.79913905848
1071.59114135997,4019.73100574191
1697.90136292237,9154.64631550384
2157.90922541505,5954.20745048673
1377.39303171841,9269.5419767598
9224.85363899359,7768.78435757595
7450.77712422866,6665.75300342735
6554.08906831648,7939.74447140116
1695.40277305696,8703.27093330382
1885.75088701366,8421.05415393808
1420.26646871969,7139.78161641379
743.54173702949,8824.170274823
983.948627813561,3308.1478678989
8458.65736701081,7835.34104964511
7800.82321044054,7603.78449846405
6308.69918378579,7466.06819596617
1912.41440711635,9216.70882335999
7509.22765083721,7369.23890469191
1888.15481931013,8525.52068962294
1244.20578435808,3621.44184309229
1109.09948900995,8942.78975867713
8510.35838510394,7834.31076618791
6088.22261390771,8149.90305331801
6860.3184398217,5299.44692426279
1677.08505729854,8885.55020001035
1347.53807957127,3588.40664708219
6834.42964761436,7867.10092615122
1095.76834838666,3456.75929237793
8549.60457284618,5350.0004353747
8251.53566481101,7890.22257383502
1059.49735076404,8339.98427594427
2980.32677974501,5092.4310511771
1677.30466953425,9116.58250765884
1703.74979282435,9206.07480144445
1446.64672725405,3806.29175736928
1615.56554511395,8936.84875936205
2022.57454176309,9200.74270460585
1863.53891914979,9047.10438310465
7489.02740170215,7425.41769653529
764.923116589033,3484.48693541516
7007.45764519122,7887.11637531751
1535.85671632384,8936.86096607975
1329.15425652066,8619.21880201035
1464.13638932715,9087.46025850976
1304.42714642506,3583.02014968392
1120.34170914321,3681.29308242102
962.274532380517,3579.70325497051
2334.79223242981,8599.10196165146
1571.24122186578,9084.42321970381
8346.97022015028,7581.37691085414
1699.56667803786,8981.21578743637
2295.37408235669,8725.75508854484
1166.61969702378,9043.41800224495
2013.58347374021,8835.09482420998
1125.93121968936,9005.34302090167
1896.07382643216,3540.61878595301
6719.27998895905,7606.15150534221
1164.5038742728,3423.09040382261
7557.93208047703,7110.78086049952
7221.09157941302,7258.66933131654
8303.53350011949,7608.63673882532
1791.97390470758,9171.3502673464
8203.9970912177,6992.98428810122
8385.31588127879,7077.18981636776
8241.26474128013,7604.80906489698
1195.16739098442,3545.23042971267
7061.98052365519,7640.2404676925
1870.1376098919,9044.03354233585
6187.37535825382,3883.20063087055
7985.77534770057,7785.6504472051
8903.01283929798,6701.32127763798
1322.73584502177,3785.08545648188
1420.69116238621,9096.52801446844
7350.22482743444,8668.73533499779
940.524986242148,9087.43488319677
1786.94778773613,9394.47719118403
2475.38294289222,8960.49223498757
1581.12269582484,8724.19065462195
8737.90424684188,4885.55093076918
1063.35644259463,3738.03126562659
1301.32414491285,3332.20445771943
2196.37265033014,4220.21091260533
1973.37141122699,9028.2111220706
1014.13227402448,3514.7394116285
6941.09482421555,6779.76637860825
1157.53579142301,3479.42116750483
1564.73549438794,8870.03874579369
824.12383000729,8197.57729552603
1559.48682084528,4014.73076587302
1475.52963775003,3789.25154625866
7667.05846031606,7377.55440441225
7791.23822150988,6252.72203232734
1537.59565154761,9105.3099988204
2279.18384985301,9047.49089450004
1368.69881777164,3396.94947971423
6253.68842541034,7472.2471752535
1550.86443327699,9039.57772301437
1719.06713203833,3650.58699980316
1401.63010323875,9245.1873598497
1782.37908533621,8734.05364432246
7583.16108008771,8281.38614542178
6539.70261764868,8287.04432593397
7671.38858538189,8075.656320223
7575.36637121116,7669.47377114178
7024.17749564595,6858.52344281414
8377.93001038325,6427.23285244817
1299.45812979368,3812.7800088254
675.056365393265,3233.14545568859
6357.93259107998,7166.88883356132
1598.37589208848,8904.70434353066
1113.58489742316,8991.34224177666
2544.37930617343,8992.29082011793
7371.37295643416,7308.02250014606
1555.75353138464,8888.43553697999
7270.63810900116,7727.57482466268
1113.75507291861,3325.7795149095
1632.25046594812,9273.29697614404
1496.68396350831,8898.47490915315
1570.43074125188,9048.94473621591
1719.21945023955,9206.40752766207
6718.46779435304,7670.81521770872
1169.03683551644,8992.60847890663
2695.7978490005,8631.84055879943
1831.62585382317,8765.45349771305
1897.51770064256,4357.7246607956
2612.29229709664,8736.49693591531
1237.09600995527,3908.54035986906
8554.09906139569,7469.26068334226
1139.53728020617,8709.81346083274
6904.30408674587,7385.32566600972
1199.39629810592,3356.22034851342
6797.19999332071,6939.16070539213
6451.21587750475,7369.07236816628
7789.41750643339,7283.83222138617
7596.84279288541,7749.10492580706
3049.59967981615,3709.13232398663
7713.65714291472,7328.00983109257
7896.4535223204,7710.0071899931
1887.54626425437,8565.61132893092
2060.26159554502,2936.62070109932
7760.06329227365,8202.20818438343
1378.2971532798,4488.46567286168
1445.37515266068,8951.78821416349
1927.76917026789,8591.79079083853
1634.57231990031,3885.78153439
2105.42424416205,3684.29446934915
6815.58898978793,7402.30082291879
1499.34561643577,9289.45799216608
1372.36288799825,3207.0633644121
7541.35602144923,6978.34728776624
1730.54480738789,9031.04622268951
1172.2309104287,9033.54713568734
7843.40646061019,6768.34247430807
7934.43784368572,8124.11072522815
1122.11288451139,9036.13416213474
7348.17579168346,7979.38222178048
909.599934669543,3173.47250102153
1382.70174110625,9315.38741495757
1477.069093639,3522.20029891832
1274.87367225667,8605.66204811264
1575.86140136857,3443.20069384273
1659.46671856179,8766.90442376665
1254.9287693774,8766.7862192803
7357.18104280964,7701.96547429562
3342.86449011516,8055.83863199331
6609.63476648934,7237.12580103112
1546.82760055498,3735.98587421851
1092.75929326158,3618.90929668716
7932.11286569195,7172.98644366403
1562.89925871338,4195.46046591014
781.162619936308,3275.54639302487
1609.49431169685,3660.24328340761
2189.04899091524,9239.41228672058
1802.18980958135,4329.17275116975
7650.1948968048,7972.08756936432
1610.26819596181,8818.19147503323
1344.97237900113,9429.53712415982
947.413266008226,3571.46831954623
7162.841824004,7682.97720625626
1303.43243283687,8865.41953159763
7567.69569440929,7070.76321627935
8474.84516139132,7171.53393476944
848.049521825213,8979.17938123121
762.342171786282,3521.12216768649
1491.11008724771,3417.85985712789
1467.27036355931,9216.14176479786
7315.02402371889,7028.33225730043
1281.84670189097,3659.50148829237
7329.58877225773,7336.05070637442
8835.45432359063,6323.67904439728
725.209308449046,8936.73082340116
876.316478752126,7679.90163503251
6706.8528126591,7443.98533107945
7142.79070001345,8116.4009848249
7528.48691644265,7964.45171401111
7772.48128459966,6862.28683856109
1304.62445295192,9037.8754964904
2015.6790134568,8050.93755447015
994.856308680585,3447.47006519034
1415.80380441892,2668.8937598193
1196.05603702561,7639.31481597057
8788.21178805738,6827.72936658584
7780.23782098999,7622.68116354915
1799.76326110178,8549.59039202661
1774.75259208165,8241.8283692159
8263.23056800791,7883.19859033439
7257.09178010225,7353.84491857024
7513.03428630868,6998.07858086111
6945.48576835426,8157.07937232932
8004.12325781603,8414.74683930897
7905.30961463051,7645.58274361776
7913.9250962285,8118.30031184289
2021.8408554754,7940.68589508464
8013.31833010758,7876.64549734043
6560.76661444774,8177.9218780108
1354.16338935788,8853.17989019081
6742.29979656422,8011.1145507895
2266.92406946177,8429.79819335695
1280.68832972727,3465.7820800257
936.236848800283,8995.20981287881
1769.83526142372,3709.76697811807
8243.95757754112,7255.72675320546
7540.52316614282,8227.95762709367
2155.77708188258,8949.17888963494
1853.27228380305,3886.0765762832
1071.50563140222,3936.64122316148
1984.70278937024,8907.76534842508
2045.6647095703,8513.36672595144
5029.81133450751,3729.39463176298
8134.79830292454,6890.31054385788
969.279378603869,3309.86274597136
1227.93511613354,5453.95565231731
695.225374042882,8375.87892287926
2118.48914596784,9011.28329087174
2230.07253048095,8357.785712444
1217.03041664655,3788.11177937964
1113.10460461021,9338.28422742204
1507.5816703244,8856.70074480831
1617.40379898546,3910.6461832706
6192.72782493549,7712.94023255674
1726.8211499884,9101.535127561
7176.11525237858,6251.76285111089
1742.40520388472,9123.12065579835
1818.34763506319,3167.43711874329
6029.27728865021,7935.54043950681
1450.47430347488,3597.67814990384
1434.75176202265,9316.10010639632
2315.78542902001,8130.53580177518
1677.11542209158,3589.05914047844
1248.04958558044,8558.9787148854
1299.0580731587,8041.92710597786
5352.95233755747,9286.87649579635
8188.14732859543,8145.0550706273
1445.62231430683,9203.13906471033
7085.65347692301,6992.9408946144
1646.75450614892,3573.15158071282
961.054190233756,9054.08784921715
8872.31502930549,7751.57550849016
6844.67883297642,8313.48808871916
1232.24981480696,8002.50239674129
7517.18215747899,6147.24015402806
2140.57554134912,9057.19576910761
8913.33768446106,7630.14264762944
8191.55369809265,7644.62941670546
1380.0609035261,3913.61103947572
7549.85314106937,7669.74931814829
1950.05845095508,8867.17923116162
1439.52078505435,9242.49820571424
1422.22093278479,3549.35788732312
7296.68708702223,7049.46487132722
1618.83569139476,9016.56799029064
7358.73231588608,8121.93972345952
1231.22313536417,8413.20611390177
1348.4526993671,9039.9280302498
5884.43499607455,8493.77415283641
860.54028918565,9382.00015549797
7963.43064718955,8205.56978384303
1623.19689342314,7902.82299381233
7589.95557674527,7292.79658282167
1602.12583468028,3659.86588811489
2853.06479686077,8738.34801057349
1518.65898042797,3775.46496507117
6353.29886536578,7371.50649261913
7483.47833316416,7170.41173377886
1351.10050261559,3680.82456352815
7972.90865998994,7734.89029865502
1934.617412204,7806.1859875891
1263.19123698982,9022.11698682796
6680.33391263498,7743.21306751888
1975.00353345533,3780.67497610295
1608.75738338342,3678.88625417847
7838.36252946972,7429.49780522415
1184.95275085483,3811.74318242552
1681.64577064757,3494.85839892237
1280.58076771461,9119.66430357887
2043.59267218333,3698.37595291305
6434.71756925598,5609.85069820989
7491.9806886994,6748.58636321726
1396.00292800833,3851.02014669077
1367.06178212348,3172.27444490712
1023.87171222901,3236.35365356743
1606.36025763017,9030.27182596624
7269.94192819274,7142.31250159703
7415.10172180166,7843.67935864055
5539.55621928548,3716.53191591728
7986.8490944302,6758.2093988966
807.818983293759,3339.5386127929
7428.07655608689,7978.35144441013
842.061018091053,8999.52138472339
7299.10872431286,7613.53753599792
1056.88708903081,3254.47885011316
1102.6228064851,3168.30936351556
8793.23187911234,7611.73086676243
1288.36983871653,3530.6073305858
7489.03957468863,6865.91263592168
3592.56222956353,8352.02325179277
1364.92513885972,9078.36314379275
1435.09019773904,3880.30123532712
1728.83594745594,9163.18078014835
1025.31306936518,3848.7066528075
6554.06950963645,7231.33583370563
7366.37245175041,7707.56415945403
2147.70497788145,8965.48997269995
1035.42646384798,3498.99585364986
1573.87651661022,9198.64665744344
1018.69585449663,3208.95179338792
9311.6419643718,7892.24494886666
1904.56316120684,3884.42062219891
907.268165772003,3038.75075589516
7430.9351717495,7363.17061967897
1854.83634171657,8832.45530924232
936.518103393472,3584.5776817026
7809.25546638232,8352.94934355558
1561.48316578063,3456.51800516527
6975.12962059106,6906.32671715714
1488.91301700794,3651.03699832622
3029.01940167747,8797.43242043662
7729.80338260011,7914.6085139765
7337.42641731167,5337.3237270789
1404.85789652467,8673.41552697195
4991.90257688714,7496.97388835277
7447.42447286985,6778.07349592282
7126.70574971563,7241.60221645434
1661.15279796838,8405.70535087521
1865.66265248039,9246.39065886707
7302.04354312038,7634.33226817218
7671.17532697322,6918.98501335863
790.039147832278,8806.93711442628
1159.46652120577,3305.81375709338
1987.41999175224,8708.59545668576
7298.64550114955,4000.65972119403
696.493198069116,3072.05636619902
9312.3848447994,8090.98794315876
2532.78382228514,8928.63178712497
1168.24613422697,8848.36532881456
1178.14439046362,3936.84699540157
2114.02980944678,8353.95974716948
1425.17766314063,3822.45086501012
1893.61957918188,9023.59070253327
1798.39079940813,3612.27401688046
8363.07231271181,6780.86164711945
1105.82738516113,3583.43583602199
1278.41931316343,3479.59194976633
1425.04970178457,3460.95553260658
1677.2207389448,9491.96723766219
1758.85232950211,7837.88955308774
7063.95895548925,7022.14792328861
1597.82270869938,9137.85810630534
1042.79949862321,8799.75349221551
1178.521397888,3717.57097876231
1617.13973927714,9193.49952894321
1662.52179862793,8875.78492255491
3636.10665714889,9127.03688909009
7359.16359966753,6908.47192666379
5455.68832693314,9086.14858987177
5960.23941321375,7673.0359410966
7586.79973121151,7529.46839438929
1895.97596296966,3582.16612711699
6644.18479340452,6883.58938022368
759.12642822664,3076.31740478426
7374.54634920273,6892.94505814718
7498.06918981368,6948.00493638263
8078.78466284589,6769.5749747626
6753.9763264141,7134.75041703587
1526.97623578758,8193.89880596288
2500.13918185015,9016.34030029996
1334.62703916099,8938.26600082325
7682.30348972201,8019.97017297754
1620.86640867932,8811.4524972353
8235.15471216983,7022.66202773746
1302.35538318665,9135.45738562794
2305.33235761393,8413.95860310907
3891.53199067009,8501.07383531156
1980.28149895247,9247.36455196065
999.829884374401,8341.4345303418
8077.85380027442,7690.68113988545
1762.67091537188,5880.00336167944
7091.55750631571,8054.58506315999
7703.74506071617,7424.38566501749
6903.14726610175,8069.78219668476
8472.22472843134,7308.24619542741
6928.34377657983,6260.68652993953
7358.96438255782,8384.0914424181
6858.6684390148,7849.90791485709
7186.31603345826,6467.82666815002
757.667977214475,3260.77719637773
7113.59464637834,7155.70605193977
1833.6198170912,8761.63954852549
873.358022256384,3388.59997682572
8814.82763533563,6186.10750609869
7196.68178065384,7564.93162173308
1552.06407673671,8784.1877019816
1230.54609950863,3696.47341317413
8311.66375697909,6703.76735848985
2479.52094321274,8558.91668709986
2054.06699737552,8455.94489438381
1346.65476069898,4152.29890166524
6879.81403929569,6812.1042380294
7462.35155584365,6296.62518026441
2168.36098289176,4252.8938271754
7821.66255220922,7902.98790648728
1533.97360486353,9167.91911528952
2132.43856596435,3379.42096056904
1449.25304774324,3750.62068252682
1390.1968693586,9048.27876481581
1583.84637175524,7572.50976186387
6123.42916039698,5266.36930203393
7760.13097643444,8389.79234785583
1414.7934463665,8937.76724061063
1922.31040950928,8915.00070795407
1634.47132011247,3624.55755204692
1669.99805094155,3880.89923123586
1606.28577294144,8244.51382666266
7550.56313921744,7400.43340199938
2136.8700868532,8612.53293063053
7399.12425454282,7444.91103274298
1580.85813826384,9380.74713937784
6976.61663084808,7607.49375323191
1554.36876239004,8926.82879974638
1635.83488314699,9222.27251745385
1597.78526019001,3639.33456111184
1501.64876033398,7980.90356794477
1508.29041857716,9045.28996244371
7054.33074153098,7732.45377449336
1587.34955156633,3657.600877429
2700.64626598687,3406.58681851412
6955.4090216171,8167.74103489576
7889.89550700951,8237.67569866793
8181.03327589944,7363.33380047597
1721.08282217398,9022.81136729031
8367.96723781164,7992.03327968641
7803.85348763463,6549.60699945535
2223.6790694946,7203.25322777011
1852.83479131389,3564.87116870758
7469.62088841474,7860.31179381535
8378.42363398301,6561.97060924448
2183.30400747934,9211.49387875266
7172.39009941458,7109.01836822485
863.188538736134,9072.39216748428
1067.69656224357,3401.61684260883
1226.13436833882,3360.93887107322
8690.36990295258,7502.98954336441
8255.2537666864,7326.0377333412
2006.38771633219,3899.63551328845
7170.71420334882,8280.20780813155
1149.88247379827,3797.04752175561
2555.53302153501,8786.02357887179
8667.73390967787,7485.36719877489
3427.82661335382,3760.69878884237
7208.77986894817,7947.40906370743
1098.78715225323,3120.70480234024
1832.48365932008,3769.35162657812
1814.98262068131,8473.77209765196
1358.76920386468,3635.70035124027
8882.46704623695,7229.11730525062
7748.66049646624,7346.30088853659
7567.30550781497,8341.07318608158
1786.52202192204,3551.92609444083
7483.48536678719,7852.89167670638
6966.6554559806,7838.63866811024
1140.07791028587,3758.14131808994
2027.46333484774,9030.9596198325
9130.82570938854,7456.45426406263
1321.23366871972,4170.23699480782
1594.64547894989,9269.75929222229
1487.12444088454,8676.45482228253
6802.19742585412,5855.85883450358
2124.70866576509,8530.88287717
944.338950603018,3419.73042604182
7323.69834134136,7556.58780692438
1193.90094485747,9242.26764573236
6143.47017535874,7631.16100670095
8128.17701502736,6287.41186784959
7713.55088739085,8097.74173856036
7647.08840211033,7820.84365389104
2370.96220092415,3867.48331040757
1918.37996711525,8639.92325198136
1412.33313922399,3473.13010383815
1359.78355094862,8987.0078046111
1855.57893415497,3516.68179234326
1528.66338526379,3874.75282009016
6520.24716311864,7074.9123907498
7997.4371004886,8200.26281317907
1637.87845768949,8811.16405266595
1979.22206064164,7689.56576275725
1338.84742800286,9085.31409670423
1545.86040359331,9066.88591474528
935.685219235432,8921.47669764783
6927.90384637204,6966.55791680418
1435.6092677678,8587.51965186762
7417.28327048714,7938.53885418852
1588.8170674507,3652.11982170319
1249.31816255231,7569.1043183134
1221.19648401305,9092.77973618331
1182.41249882184,3289.67591314877
1422.1703337655,3509.82815864516
7414.81399301529,7886.02141092873
685.181044443014,9092.77695559416
1356.61522646163,3716.60708617184
1148.14391076033,3728.16095912633
1141.99192626595,3187.90991574067
1593.02053814191,3353.46781440077
1810.23261867871,9203.2666272756
7558.41984955384,7992.52899941394
6030.85386696543,5224.51704087226
1734.72218589802,8853.88752090291
1342.89354320637,8931.05518516126
7452.47397120419,7829.02787645367
1648.30727141708,4105.93953678716
7053.31724015131,7671.09120386058
7086.48981601571,7042.58325891356
8690.97091372771,7030.2513807556
6744.45788677138,7642.52390691561
1115.5755296788,3666.69149734236
1523.56813421722,8824.28098453133
7111.9761809709,7899.66269454935
1214.45992649157,8368.84885140193
7039.81249107929,8177.19174372529
7777.75140739149,7461.16806099129
1604.7913980075,9082.25446377546
1510.41224146888,8453.73032087579
7350.69328338728,7666.65382558747
6594.51581729792,7438.57843535105
1237.39906429387,3759.91041762531
7392.15869355208,8154.17746494279
6900.42152692806,7531.45423421442
6765.68602679524,6944.11149900653
8099.1672655888,7867.16731525398
1566.3534469098,3758.05290462325
2170.94834813805,9206.08980490483
7573.62544782124,6547.29692606615
1705.94768737572,8916.34652741453
1642.28887018282,3999.93077866763
7539.33902570271,8125.03448524589
7473.47785395938,7863.76912486833
892.034950422293,3172.41812790845
6986.30133435033,7054.42716005364
7592.46428889799,7117.87043141581
1272.7721009489,8124.46141158441
8115.48425679865,6707.10487296746
1659.01746743275,3623.45685133591
1646.97321793557,8994.19541377194
1758.25672234072,5728.87133667862
7626.50946666267,5453.46737584049
1075.59191522834,3274.0641740843
1168.28017345082,3539.37708991348
6854.8292952816,7915.6840081991
7046.47051023482,7602.46497007597
1139.54369232732,3317.2841601784
680.22558617672,9309.88673480301
7472.33722982109,8069.91274419117
1389.64547728528,8958.06592514269
1539.4733798391,3767.51790233872
1480.58383619051,3586.64570273601
1930.09472384075,7919.54060764018
8993.84520747423,7852.48513184956
3485.3036317846,8615.67373602633
8431.53268222707,7373.6537267469
1285.50878874605,3669.18860855882
7435.35627125994,7700.39224895441
7461.31713096915,6924.66945206516
7316.20981245437,8410.17348246277
7876.74634570894,7490.9016574937
1917.91622075053,3722.74265845894
6324.24354783463,8598.63630479664
1912.08948573757,9367.9754325918
1919.71794985837,8821.30720106439
7560.67570817254,7675.28650941446
6624.7534808431,8192.04007923822
8165.93851451808,6619.73133176072
7202.45757320025,7430.90442818298
1214.43212235305,9239.4168400022
953.813133719943,9226.30704456718
1047.86100266959,3212.0144049973
8336.11994266716,6362.47240092846
949.968805142964,8788.91129061727
771.553389134817,3093.89716792778
8150.08039672131,7567.68571928436
7207.70730696708,7635.75290527388
7026.78560315547,7841.71265385083
682.328796881569,3272.73224460424
1302.25141873479,3293.03337626571
8504.16737236129,7966.30638489785
1251.10873362682,3476.23891986802
2204.17208092784,9165.73442714737
1193.8698700636,8481.8499947361
1531.78938880318,3831.77979126417
1127.72556396776,3412.22613279096
6794.20332682603,7406.71922168249
8046.33539821075,6239.76203127455
2274.04686295332,9115.6553898263
988.911129083115,3376.4442662654
1182.49071258151,9022.04546264471
1866.84240456944,8814.7352397593
7341.92618885808,7682.93994383945
7197.28581712997,8103.50660535424
1491.34194251507,8897.64023792385
8722.07050576103,7610.90419473433
1603.11267412836,8892.4940087754
1352.39329691675,8834.41528320124
936.272149836029,3235.47652209937
1089.26550873606,3521.24101394492
1509.4573811839,8938.79991355252
1116.49925557573,3562.92547237121
1046.85657663444,8833.61954322181
1787.11448736776,8551.26635365328
1768.1373444163,8786.83430406381
8753.5773929108,6618.35705220694
960.722797199419,7787.79170308464
1698.83359212375,9258.23740826013
1227.28539694152,3259.10731699474
7797.58157543384,7451.80595864211
760.475927713417,3229.42915096689
6810.82686683258,7787.73789042055
7697.98144550284,7465.46396841038
1240.71321993326,9166.97410742039
6253.82455755878,8267.41061250729
9221.72568694982,7150.53241384489
3696.87352953122,6782.01518000905
1259.48993037361,2926.35313229534
1161.87640883201,3279.8890178617
8592.85632151934,6029.15662476153
6170.32693273495,7568.80649850219
6155.70360537404,7657.18568865871
2501.305151906,8495.64646627127
1024.88640237256,3326.00082617654
1440.95595799301,8709.76289475445
1510.87107825819,9296.53061492365
7766.00802789518,7867.34202223351
5644.82672050514,9333.27195914733
2013.94985036442,7216.61716911466
6429.68705800323,7854.57048533583
1824.41336260608,7683.29409304401
1704.87641668239,3376.03438951936
946.848999810878,3191.33889908097
7188.36127539397,8296.44482925437
6794.25155180191,7808.72563900762
2137.24384181129,4003.61146939769
1480.7275253821,6718.9426685354
7326.5600326094,6908.77777314305
1514.58285726296,3638.32771011477
1526.45264342301,3850.02513850513
1330.59928968866,3469.35203059512
1883.18466638952,8852.67689431165
8225.80265473976,6273.85582826211
1518.16908170481,3767.93880702705
8084.58584158798,7166.31094063296
7264.72654055383,7343.58648252437
965.207163980636,3258.69303134009
1211.33085024694,3569.82773033904
2695.52050000675,3734.52946211346
1996.44510247594,8958.94222365792
709.647134759047,3102.95126624957
907.505332044149,3237.61542415544
1686.32236171239,9070.05382949149
1632.74847098546,8725.07156667486
7632.02705162225,7268.24584695845
7290.14944421298,7298.99662699394
2439.49355429842,8870.97638523041
1765.51210540506,9291.65137527988
7229.11559457896,8036.69949465547
7430.97427898621,5530.11010612984
2661.99171012825,4197.33111866418
7270.77678529843,8001.1132449107
7989.1251566232,6467.88392516138
2373.9385743145,3719.10666210671
7280.95676081463,7585.71164338304
1367.70293589034,3634.83508764967
7568.63836237133,8435.01620229459
7219.08635401414,7382.7584310373
1701.86261095662,9162.99874979614
7077.32365805076,6960.07490898601
1078.89801546042,3223.85040941764
6930.25063583936,8072.49597247831
2655.63291159567,8772.16435927636
1367.937461049,7688.10745703874
1214.34630941349,8797.71760099148
1457.56207825168,3853.46943853482
1530.09966879458,4134.86610721622
6891.56894855526,7564.1985505319
7367.09563725702,7470.56995115933
2748.33361691545,8761.5037372655
7649.57116501808,6101.61675342898
1193.79834933819,3573.95248935054
7456.31077765502,7791.48885796619
1663.93492258898,8238.7426226931
7299.27808190145,6033.20528205266
8232.63693153598,6812.62490902234
7695.09498298906,6813.69010465893
8518.01340650796,8080.54049415365
8295.09665749268,7815.92246452288
1739.48759700912,3816.223873771
1523.37378459279,3686.93630575568
1436.92619247233,9140.78655546285
7140.82178015974,7855.55648820035
2054.6504099215,8822.60567800111
1325.11243300441,9181.33507225532
6414.65904492727,7124.47455547153
1609.95582120599,9839.74118311577
7954.46772759268,7589.45752473303
1165.30810161027,8953.8533586203
1180.79574781915,3480.58066546229
7338.1211057201,7098.24056505335
3050.35521462692,8753.51604625246
2386.96907011754,8680.81375814963
1639.90732232302,9231.37473809677
1203.28231974775,9067.74601548168
1417.87013564495,9009.0559720307
7130.58116550022,7771.6714937478
7265.33189180147,7223.50422658495
722.87118455475,9113.79594054604
1260.26409563769,3454.45594974348
1644.63329619153,9019.67003120128
1207.71461646563,9062.50559706146
7115.31503920404,7567.21256247783
1286.11783017809,3830.25643817091
7624.29069209907,7575.87219058204
1652.21714289797,8534.62533556347
1235.48018073321,8660.29837300778
1777.02816826829,4035.41824560695
1185.02918680275,3166.03262041712
7490.23224625919,7321.58662981061
7799.71309020066,7315.10972582913
7474.22535427968,7590.0701323348
1066.11639946837,9244.2884600047
7856.7585458448,7824.49257096802
1301.29251332694,3652.21114617669
1022.98998445885,3504.92178220527
6622.91576785024,7931.0577384595
1555.69722638222,7979.72297120067
7374.59717463403,7819.96576311571
7837.17835048794,6986.30346017773
1602.32982156009,8553.96899445562
2037.92273161982,4817.11845225697
1374.84628650723,3773.09464881175
1147.23179226244,3519.24137038563
1025.22880023345,3323.17985123243
6562.97577842145,6789.96562793788
7084.25991865178,8234.53870762969
8394.07630640207,7547.9643084406
1327.11445468127,3550.69968774017
8918.43872100787,7821.89891377085
1258.8038621086,9231.95785398161
3365.27927503557,6118.48374759885
1630.69326595249,9082.17037243136
960.650882823297,8820.20748876342
1470.51040449332,9268.16996625028
6640.96000725656,7594.20831411365
2768.82249090535,8029.86342627223
7884.06026169063,7482.09664826933
786.540812689584,9058.63074161464
1060.76610875057,8991.90296168346
1666.79900301722,3763.18573687566
2219.06143769946,8911.45097380463
1580.90070538825,3798.23518257858
6530.75776152651,8553.64022060516
1427.60691451777,8899.62195554029
6473.32696872835,8219.12567274615
7769.36391432786,8245.85435013813
7481.0109244359,7321.75731967981
7159.19565461435,7803.33046364302
1649.74969379409,3700.17087374331
1122.16592296444,8965.24066152729
894.173772067719,3435.54030488935
7185.14997967682,7856.63851036452
1253.6050575069,3304.73288285776
7041.1749029849,6722.11349771133
5906.80020779162,7448.33175489394
2737.8984898024,8324.63359671254
8193.02092268279,7368.15953806563
1962.46891765534,9273.53233584858
1659.089486881,3736.94515495339
3465.85855362124,8649.89188472341
9047.3038758628,7648.34707017694
7008.90845148077,7812.93456984587
1366.69274723948,8956.58965895891
1175.68228822168,3575.95333599484
8135.25460611888,7539.85052733685
1106.73112224974,8744.13838410319
7475.87635926436,6758.16289569065
2334.8053368145,8122.28087999841
7442.03736747794,8013.53078849282
1173.79789355526,9376.35292354157
1266.87792327636,4017.49690980649
1335.6138590949,8932.25431588603
8067.04178981859,8253.88842841238
1053.51785616779,3305.62266225757
8516.25595437857,7085.97631426679
5942.99133185765,7911.08757798043
1715.5977471637,3799.90123680863
1315.03772230519,3781.59312688589
1287.86287873435,3585.91457571547
985.57934508487,8611.17373479444
1480.50306103964,3705.68927147544
807.443851854549,3323.404571157
1478.03701638455,3892.49391162755
852.103722299211,3084.09367422859
1358.31075861605,8670.10492595547
1141.94275341404,9094.70103636056
8394.86870508879,6125.28131260329
1446.66726126107,9015.6979310544
1490.36174388631,7701.41734772718
1264.66608623716,4085.85648089911
1397.92903345644,8780.96902174743
1480.19145352139,9123.58482721855
7046.77523078461,8291.38634130611
1881.4294740539,8971.09823304943
8122.37340743461,7877.73665514138
2376.24954788812,8988.75897536635
7034.35050794894,7482.10287023366
1214.22372898928,3507.17544061192
7547.86392787029,7619.68611577911
1202.09249962292,3301.71123781984
7377.85418326493,6813.8668060348
1685.03404199134,5312.27579289681
1530.96770289638,4642.03514801275
8844.91893717248,7385.82909374249
2423.64455659292,8364.38991793564
1311.00973108381,3777.28219370865
6725.81678937202,8034.67295796853
1476.27075455338,9070.33536083871
1832.42609427935,8488.60585996735
3212.4243439158,7772.65938458684
1285.34800729915,3391.30215233861
7185.26568205661,7986.40574297257
1714.82274967984,8811.51397221721
1798.87959516872,8905.68313142514
8080.69456148995,7523.12094405749
7411.36355483332,6063.99910963701
828.137396354882,3278.59012450833
6652.05393489343,7262.86667079796
7508.51191056178,8203.6520698345
7472.59193273966,7904.52556925646
3863.45909419032,8709.22271950779
1840.51848582584,8733.3344599199
7366.72287893411,8112.04948986859
1289.70174205308,3238.51871974865
2251.35269891109,8238.75400705752
932.150903147917,9376.35821552423
358.271424566583,2556.73569339585
8557.50066979582,7822.18088598665
6975.7023479814,7575.97243443962
3395.94644027015,8830.48304132
3536.53429722806,7971.32300644594
1289.43643411267,9167.07973726568
7405.50549537613,6887.56257239332
7252.07254471676,8222.44641417287
2151.71862334723,8785.42724463092
2336.80399387924,9664.45646403459
7822.44516244053,7565.09492078681
1192.32031761263,9185.32986787401
6833.2378206245,6355.92815475523
1353.3384744413,9027.20212974967
1479.70230421225,4824.8353122259
7155.3844774504,6691.75316700228
7589.99489681773,7727.55875153323
2368.13208158407,7896.78072157784
1145.68121408449,9362.16248560219
7557.9199145678,7991.57634647202
7868.46902903069,7335.11979216299
1401.0936018862,3759.06742109054
398.336406768218,3109.8683372029
671.201716405976,8035.42041653608
1734.78084473855,8796.20054819902
7695.58899270628,7243.23922089007
7611.21101084579,8251.50488186572
1164.67949724103,9108.90579261106
7720.350870828,6395.43809805027
8508.81747421059,7225.27939676298
1847.18846185165,7801.25147725126
1326.05313987042,8997.9684983296
1736.9121438227,8959.99146838812
8717.94204139765,9195.09975309928
8128.89599337822,7359.64323218668
8259.84311097258,7627.53481443591
8057.99272734933,6991.85729607183
1214.0481845804,3627.02918556961
2080.67440701644,9109.55740537817
7029.61290060147,7206.43048569755
1588.29768370451,8807.97104273901
8234.17576611149,7650.60557098557
2165.14523833041,7881.36164509783
6977.79211711533,8334.29442854681
1373.41405354206,3971.90695376676
8734.86945803066,6946.76280452123
1181.29301178974,3159.67697930498
1368.14288486848,9045.41707032671
988.381024256626,2989.735230766
6666.22143548454,8133.06430449895
7654.08156964645,8475.90848730846
7533.22780573979,7381.79310514907
1068.51329920837,3045.0790886485
7912.59462231798,7313.03394653716
1308.92600332552,3346.00046106412
5289.35987837541,2024.93773266118
2030.53774176034,8854.78438980474
6511.60129717203,7413.92019269867
1180.63243892036,8983.15816720607
6871.31651697183,8105.3617352543
8867.25744236705,6857.61734070171
1742.67954661785,5570.4482102979
8478.71928391897,5897.37295188826
7530.09247163823,7559.43282461303
1682.10810523837,8972.02077651606
1145.37261633759,3312.84805640677
1925.5771859846,8339.08066676708
1442.292290541,3481.19200081638
6666.55406319741,8222.68773623492
2004.92206876718,8915.69819443273
8778.31431106126,9273.94607757905
3012.60773038577,8431.67784315504
2591.11491412747,9004.3352671798
5598.43857223733,4146.82674156266
1612.84166762327,8806.20322914141
1563.18216130595,8915.93929925835
6347.74198339946,7447.08727292616
2225.4855070343,8706.86954838545
1922.26813369003,8874.21591158428
938.746932314426,3267.26256404555
1132.70041971092,3583.54267447422
6970.07958154356,7839.13267480666
1014.02313368428,3333.48177116825
7527.40145194401,7830.52482721047
1605.20450299424,3917.36188799779
1786.59594863901,8375.9573008822
6763.67946951896,8023.90881308566
7088.46151720516,6724.88024463517
1697.84215219701,3981.42066034593
1058.18238384743,8788.5870149963
1169.76242094481,9072.00838482016
4983.51738029798,7547.50667843472
7530.97526764017,7179.04010370976
2341.00348712751,3771.19377084168
7343.2494219441,7581.79364892074
7668.77209652765,8137.27330832193
1381.42049979366,3731.94033189639
808.269282341523,3334.40841349084
1264.13929005294,8991.15149692643
7095.89096575098,5201.83316693194
7364.96257013442,7863.73870047085
1594.25630080175,4968.83041120802
8066.38638757715,7640.91889301948
1108.12993805169,5544.33584163407
7091.33444175053,7909.63611887664
6537.12002512254,7812.05508727926
1424.28499668087,9153.25128157721
1603.52092952349,3888.33827103238
8428.13717373555,7534.87932514321
8084.85441291544,7548.25063685974
1840.40998523405,4122.12284190136
1433.51798304368,9206.9738845028
2913.92879218458,8426.77726719596
7717.58997491859,7893.109292103
1128.46457174842,3474.0048365019
1787.18809938212,9158.34317566497
1196.99541150238,4858.31968040223
1491.66392877735,8330.588139551
7417.93486336824,6992.1535520247
1432.15041522617,8891.46091915136
1114.85568309482,3446.6571993794
8566.20804303304,7880.97822751781
1102.96660277807,3269.11920485881
1000.67745219871,3457.4601405859
937.488518237092,3589.94573318719
1220.447755762,3596.07154212322
2196.31199665475,9240.55552460618
1080.57505417783,8841.8818766437
1941.82880416824,9069.88289022639
6671.77427511496,7180.25542467328
958.612895484959,3497.36687378874
634.403099214077,3235.05106938851
1186.54078560914,3283.14922926276
7451.54181521199,7156.19173846759
1753.73862048598,4262.24091444699
7620.51969198451,8010.77495909081
1206.69904107887,3559.97419556278
8828.59536933553,6216.29210589284
2349.34594696795,8738.52810677923
6966.17301771998,7326.61095425017
6737.11424196343,8981.41994368727
1128.9495849305,3449.37589433299
7573.49438384586,7147.06599332324
8835.03420116043,7473.2574638392
1750.15353341546,9066.29506430142
1215.86032654812,3473.65276404403
7184.48576936231,7904.66204526073
7559.62168193512,7428.19551548445
8702.47289526428,7850.07760076237
6157.20946990071,7594.36930628238
1237.78613473816,9016.06757222763
6702.58506251383,7830.16395456126
1954.21984915002,9115.25842372374
7487.15190195579,7544.59791941818
1573.16538255289,9232.81925811221
1198.16254885365,9434.40009714651
7579.06187877025,7831.22181170335
7905.9652249157,7536.35603968898
8636.51182863421,8234.90801965501
1193.79209699647,3318.69413603774
1039.04260742535,9195.62273715823
1551.00442532205,8239.56131758963
8051.29064784949,7733.06136438285
1978.00534611333,7918.18369770722
1435.00970520668,9238.14171578249
1132.37293568477,9065.00547185011
1934.55778143575,9170.23375039304
7763.02398717022,8029.86047425861
2463.77849871748,3964.43365583191
8191.68827883944,7385.49531653005
7083.26315600244,7246.57556572968
937.464041609512,3197.62096820784
6868.5518896362,8090.22540894238
4849.20891835924,6846.47964156339
2340.01193964016,9157.33907842134
4972.80625701058,3486.32425274491
7177.96214391299,7880.26338431046
3623.90567104686,8389.18601348719
1411.39910997205,9045.45042678975
1001.59228780996,3397.51225351238
1699.2597394761,8886.22580552923
1580.83011623309,3771.61742364425
7286.71028506724,7153.69506855127
7542.62170491258,8088.92048987267
9296.28400813321,6910.19170975175
920.898592535988,3469.04444666936
2010.5192126409,7009.52083629679
1386.91814791188,3744.10396387395
8488.98874483405,6672.82076917639
8471.66715320769,7497.63001519693
907.64898295486,3372.42876783945
4644.53640531158,8642.04804089704
8471.56426659708,5917.66770672899
1607.20770101386,3622.53181089437
4881.7943779183,2733.49905117183
1036.54282376643,9254.85273062766
6979.60331781916,7236.45653662009
1833.0192236713,3761.43407717568
1486.51887199515,8318.32238215363
7686.87489908894,7648.2177900806
7978.98408171832,7236.15853560564
1548.37610390857,3361.13183288569
1501.07237383196,4155.70290223575
5712.73884495474,5971.28653916876
2529.54741345868,4053.59405703137
8779.33038230875,7734.24762914151
6149.03658287812,9049.10399541899
8280.57396000816,6704.69170733594
1514.06567367559,3740.51774236078
1503.92229401456,3818.48780095946
7710.16777187887,8127.98833695234
8228.13319290725,7675.62606262298
7457.9392391754,8443.49106993167
7811.33183337805,7431.02111311321
8473.36630225716,6376.00675549999
1504.99488601533,3867.04871366993
8842.82171770076,8079.08839935464
2308.36491577236,8273.30050015546
1311.66635436432,9035.92296467601
7176.42889250498,8049.23806507996
1047.49794462841,8281.7430270741
1687.54890963273,3567.0900998626
7536.67885335742,7443.70913362669
1781.74943624306,3746.16624536273
1661.47320258641,5651.8412839185
1535.71209812468,8844.4373887603
1992.74002699386,9267.92931765856
6349.15915711392,8934.60958639575
1663.10287948551,8986.79329466419
6018.16287720737,7902.52792493045
6785.4324580149,7362.95350386041
1515.45950641062,3435.63534531255
7633.96643016361,7276.14123993304
7403.65823835741,7701.16551395713
3915.48953781877,9315.5746241485
1928.23588397477,8514.84471516745
2214.30009298543,4826.01310949299
2894.47806895431,6316.14096303058
7344.02973917673,7461.6354949801
1435.92310352237,9225.3596891994
1659.60972264621,9166.04688564594
685.7505304719,8805.01418390609
7626.89508029425,5140.80371977499
1648.05865222178,3600.95110601426
1210.09236985083,8325.67513773106
1365.90864548377,9141.54104746837
7546.23994049583,8212.40177437799
1689.29745350372,7812.79706855519
1519.9847345588,3210.31914147315
2025.70074124794,9164.61918619446
7882.50061785845,7449.16323811936
8706.80191025103,8100.60784511507
546.885418750612,3076.20367704277
8514.83787822398,6078.28935131719
7599.86357645201,5596.75100977017
2032.79829747077,4212.31979783464
866.449144080586,8639.26977737737
1393.28310649928,8871.37471864486
6751.57196049662,7838.05861028832
7131.77450254938,7993.04254868188
1178.29230660753,3464.39779418672
7191.4125447821,7607.80664148528
7570.81901619433,7067.26551533672
7598.34738368276,8073.99357683189
6710.41892454298,7227.11987449407
7178.58614110113,7761.44838777973
1781.53865049729,8925.69462092908
1329.08377253145,8966.63138196181
1805.33258804129,3613.86200521245
6454.19179995844,8142.00088877326
8680.02907621761,7342.98428536479
1947.04117359741,9332.76042968298
7166.2421084794,8135.5549770207
1550.444410017,9346.09124260622
7672.00410083765,7028.1024626058
1676.43302182964,3709.21133763395
908.18151026809,9284.15084315062
7858.17682343626,6711.14733912668
877.096176769712,9054.56176477876
1089.43416812916,8927.43259097678
1187.05258972689,8908.8860631025
7164.99389271371,7882.57391466638
7833.94402216019,7358.09014530869
1440.35134425474,3538.65927354465
1374.58448793728,8618.46638329577
1830.85823793323,3742.79883630669
1834.37507566451,8666.93611285381
1556.0315475885,3822.36524175481
8174.44551469616,6926.55593753514
1228.42094727192,8557.0487358091
7659.84911000899,7679.2851839819
1806.35336018172,3624.3328197797
1449.46739562477,9222.98531886956
6882.65484869586,7690.29829446583
1837.89913862187,9262.751462517
1162.88026018907,4021.26470596572
7298.5691083431,7943.28304230149
1489.67658884699,3381.87747609271
1280.68888880047,9171.78566766891
1208.67068956252,8813.98388554865
1474.53782608829,8950.80863772156
1376.25345256888,3548.16422669558
6846.53740144601,7792.10708610179
7160.01432005129,8137.48896795533
1374.23489368232,8156.34764484665
1198.91814252293,9081.33792034516
1857.87691748573,3846.9241373559
1839.16452532695,3802.66814738747
6734.14953794467,7491.7448344607
7336.89899617158,8062.82621524024
8806.55411063057,7300.3534726074
932.613694358981,3455.70271000863
1837.81582053331,7740.28271920171
1066.72418735972,3163.2270004334
1022.87761518911,3411.52174622416
1569.04772732789,3429.75425325082
7750.05947560115,7482.25871155848
4232.20606494739,8743.33100685159
1013.37562252395,9095.43665724807
1471.66420490484,3877.45450942421
7561.43647755232,7670.86078087377
1853.25221692648,8890.42377740619
1670.59572433939,8768.69783200047
8524.0170166546,8217.65590625294
4383.49767932468,4479.7989289883
6909.38710429345,7019.65004883393
1262.04132636523,9116.14587102082
6589.18331276669,7264.37385648522
901.540669262143,8133.67569105704
6054.74538130007,7976.3231884297
2479.60401723492,9233.1398102423
7537.93954183463,7458.30540011922
1186.31442400006,8930.13425114101
1604.40665426489,3501.27852086497
7059.76951068351,5240.03531571985
7929.93636335252,7254.4797564311
1692.94918888483,8427.64504526064
2412.29422617374,8965.83595250436
7873.84404334932,7049.79389843365
1347.0334517353,3620.76304294636
1251.09384279963,8635.00986540677
1071.22924373514,3480.58550671014
2358.72395511693,8592.85943063401
546.486320092172,3023.62051959008
964.801017656482,3396.00991335504
7037.90330677126,7399.84724530103
1426.14552051075,3743.66745561398
1165.06915415795,3287.90343006195
1141.59249310464,3436.08691416826
8243.63515487982,7569.605373692
1799.93392988715,9381.83867090295
1521.64186972579,7906.52490839725
1284.06851922187,7975.39032608886
2531.34849098955,8058.96026341448
8081.95291366869,7342.36262087212
1176.64118376003,9188.71477993376
1463.78729898208,3527.77060968748
1339.22223123449,9017.61328686973
1259.5702587292,8501.80722202404
6368.93333835062,6759.05089918471
8222.99178727331,6033.50973968408
7596.53817721944,8497.15569464417
7477.96624946727,7385.06452764541
8044.2538223455,7366.81551226492
6964.15695727206,7763.70874488467
1832.70468020524,3856.3086215944
833.110155311067,3451.51662131248
2019.07970383761,9188.68652887673
1402.07871221753,9171.58490283577
1144.83928072285,8175.06915495375
7414.03706055511,6087.09850065545
1918.71369795203,9018.59172532558
5726.44021080404,6765.14627040672
7960.72664711999,7921.1474566142
1461.69492718977,3904.9320230105
4834.20717758073,9135.26905120149
2189.7664257761,8753.48215655578
1548.85592699231,9036.85793243959
1226.74586679693,3604.60226873295
1263.45937655913,3760.21400619805
6955.19367774447,8036.26464274644
1520.95572291095,4520.46461932571
6796.22777475222,6445.06521173967
7186.93928516415,5003.95618553616
2874.80872915194,8980.45899245094
7854.69474593587,8005.19837320482
1389.54026178599,3625.45995167685
1643.9608619925,9298.21693415007
7332.79529034122,7709.85479681619
1178.66125021275,3394.64489271663
2094.998402436,7025.37644811999
3468.00200851486,9059.03784659406
1758.95375229853,3494.20064484229
1679.14444556489,8921.41681975968
7760.24052790144,8604.63100713818
7568.74280686743,7461.60709792048
1092.87864098429,3354.83358920866
6282.18820366286,7139.77487608415
6918.49912095641,6190.61435711214
7528.06601595326,7508.04547339573
7078.95826368739,7326.99469254585
8366.25845022152,7366.09597199791
7063.6548747816,6089.36913887939
1428.0980442481,3451.69561791602
7604.7609653561,8240.39916795812
3260.05095484966,9207.00034369341
7212.16111363831,8112.23180404186
1913.57348892119,9362.71744356116
6862.01986472607,7140.9334000648
8794.68042506655,7860.27265837424
7524.63779264867,7149.81833611744
7443.64111545862,7711.68936119666
910.552988805716,8914.48990765654
1409.91442472346,3585.21437095223
1367.53709523036,3640.46078365517
7435.88811574025,7794.54601773027
6854.41340403797,4253.27630006713
644.433870657926,3368.05180687017
1320.66001624924,9202.71383371892
7232.14472354586,8216.23567701008
8011.16631549194,7965.48014207605
1885.58299704077,3508.74330257573
1312.72780456624,3204.22829611733
7687.76408539836,7435.11042699493
8102.90286842072,7555.71903124002
6426.57376728124,8264.83077831388
1147.99630524451,3191.34081807666
7663.13552335727,7704.77117098371
7635.74631659186,8367.32060841382
1414.35402422935,9178.80500225325
7628.20127357772,7518.75504892612
1291.30204760691,8446.03196058716
7529.75654270937,7443.00153867446
995.233127625059,9059.35270843923
6500.59892752602,5680.04841556581
6084.47752823457,7320.19362708172
1318.98427695851,9236.40631417636
1198.25248055661,8658.54484315696
7098.20059742796,8142.46916665482
1581.21534318768,8640.42309591297
2696.17068257132,8009.48074013492
1415.00719678206,3895.71420697324
842.446559883348,3128.06623673562
1398.35766431524,9099.34417578838
1469.20962554951,3699.39893721754
2387.25082062981,9202.93666232666
1097.81617305504,4571.74707610608
7534.81609721594,7318.41803670396
1190.30562484271,3192.88338758937
8150.9469381123,7261.61577852011
7471.49875366001,7755.23697797178
7619.52020586218,6869.46604250007
8277.91633248517,7493.81601726306
7866.4244260652,7864.59181716768
7146.96382478992,6525.68322657207
1894.89138938904,8626.03052751866
1831.22800229368,4443.21269170877
1604.40233930295,8868.54838633582
1012.59488358116,9037.74025399029
1448.51880544658,8693.39662868707
7858.08137483425,7542.15177474766
1241.6291783041,3935.58089478056
1141.60582800486,9247.20231140783
1525.13851514607,3499.19388421554
836.483304711718,3272.12054351366
6720.38255717246,7519.16477493646
7628.19420453885,6877.77557842033
7061.14971053709,6598.23234934631
4472.5286065715,9181.20037902044
1290.61607228439,3802.91597390541
1324.91706967494,8906.12548887426
7549.03731551625,7658.5063174789
1405.16034583845,9110.95994901907
6825.39236237187,7593.97181807914
7025.38051258823,8332.02874136612
8003.58792665127,7658.5857408379
1880.39623419937,8422.42289490088
1706.75338676991,8568.03571080476
4083.39631558892,3967.00088057193
1699.12616715467,3994.67298762601
4523.57078572537,6119.29556803396
672.794428321424,9061.45492139501
7246.35170431539,8154.22099189354
7810.8781765322,7301.55049476289
1007.24447591811,3538.06521113614
9154.69510373478,7739.10395919389
1566.83937719411,8963.29042346353
7429.74857748422,6129.78691666034
915.926847311707,3201.99218433158
6547.26577136642,8203.62945307666
1614.40064546383,8913.50406412681
1581.8878986258,9051.79378464947
7904.73375197702,7568.74012841472
1134.40716275627,8807.84373879857
1533.47271995754,9219.97697126155
926.616765912811,9175.5509114245
1544.29324014306,7829.18817838659
1310.45631741822,9222.32519439672
1337.99480713583,3706.41561244755
8514.18985809892,7108.12963672831
1546.37304075736,4627.62910404133
1363.2593762559,3750.73811678744
7278.65479829243,7422.8287510858
1317.86398995195,3690.68506664278
1296.43683246192,9381.20434883474
632.946543238157,3074.2216841498
2150.80567699698,9252.75056707946
1494.40150699249,3553.11109186666
3445.69055822736,8320.26175223051
2195.08637583716,8572.57269107901
3355.13923984034,6623.36441869772
1287.64422219083,9195.12825475695
1552.91156810476,3628.17898739974
7986.50655618166,5476.21043626462
1313.91420233718,3608.34996192798
1698.90641595906,3867.32761354889
1487.79419898498,3495.85454297945
974.586541676127,8969.12790364623
1408.67739818922,3604.44899369736
1538.07889373325,8755.42304702793
737.749334401218,3390.39649621688
1909.910625906,9041.98891374404
1397.00798950326,9559.94966728978
6923.39425695282,8243.49447384208
1341.35423713163,3601.03006443022
7634.45939292535,7732.29838959172
7722.57568540738,6955.08309655034
1728.66628126794,3741.64800538123
1191.6044047698,3435.23710416859
3125.36029510899,9270.77215329216
2467.96104627837,8535.23512176215
1066.31755180719,8899.62081957262
6908.06560656592,8305.79558592855
1741.51484434009,3492.08255257299
1246.33406957127,3412.06407812784
1398.93713787331,3424.33843171977
2028.70774362051,9122.36370230018
1328.71936850038,3692.79084748242
3944.65299609021,7932.42503404124
7817.27312894986,7981.69669599583
6923.81427561461,8011.84472536854
1106.48484403367,3452.21866426527
1853.43018128258,9152.9192860582
847.289453482316,3372.0464257736
9104.659536048,7857.60433727417
1169.06015401688,3545.98884053855
7717.39144403294,7869.55326131637
1446.86734458015,9314.70358180355
1370.7255494882,9163.78647241986
6668.1325450771,7132.52842749314
1659.75226024436,3094.31319350024
7699.12466999588,6942.56001595477
1172.78198717083,3521.74763186149
700.648293864376,3173.38407938834
908.751096870795,9532.7619758262
1773.72443931319,9216.22140657116
1661.18364809016,8954.76865463526
7462.26776497944,7003.68838927254
1031.3760595062,8694.9085100099
1852.97791506269,4146.07521880182
1106.15609433192,8791.81249260684
7750.98929411363,7061.83946290529
8368.3905589388,7303.66669969129
1601.61820836089,7494.35007615685
7101.63003916758,7700.58653257058
1591.02759699607,3731.40175194069
1663.3744702585,8479.3559581031
2508.34634086231,9149.76301058024
8063.80760924107,7496.00537030171
2729.17022403265,6638.52568648533
1491.63303170811,8958.69642883866
6034.80468585929,6839.62603365431
8340.83350108467,8090.97025833192
1462.3704728778,9028.05798341103
1372.04272748089,3606.29839559707
2449.99627491802,3676.18350554582
1944.20998989576,4253.54599764387
6691.31790424028,7236.00265406957
7245.39821725657,8049.3178225301
8054.10498962416,8182.60575644017
4097.68154256953,8286.12235068671
3019.37255207787,5525.60820721396
7630.62379302644,7339.61689281139
1128.52694625464,3364.20448054001
6953.76324638477,7379.8047275186
1270.29062629723,9266.29422236723
7176.18481845354,6726.44049820102
7206.07571880116,6804.92726355014
1551.76701875852,8785.1753808164
7876.58794160003,7630.18602884884
1674.94463361285,3349.49018419389
2284.51305651631,8995.60297471976
7907.27204554564,7884.09825579056
662.579922909729,3321.71274529162
1810.20626564654,9168.76483680537
2130.62316279654,8539.70448087788
7526.82982795717,7737.10053157496
4705.07881002795,6311.73381363784
1114.37230733106,8801.93151490371
1918.62397056108,9152.88204096592
7748.19062774292,7122.21439547809
924.433348320148,3222.8727208888
1813.24908479108,5918.92853546833
4806.21822404043,3510.84681841357
1981.21770860584,8962.54578715928
1511.19518604331,7516.42121831643
3046.55172349033,8717.0736062066
7239.89745677483,7374.70565247724
1130.03158620962,8884.42895042636
2100.72325431846,8666.12697655719
7516.50199715421,7878.0963855717
7292.67106111735,8337.32154766505
1365.69853436262,3450.37975604171
1219.15848731394,3360.59300166844
1663.31795773745,9367.97012510161
3517.07920317888,3494.75042424799
1572.86837078939,9368.96672462042
678.42866881276,8599.37907113961
8048.2920912624,7112.73631653904
8224.73885301737,7904.72362925688
7729.23841382105,8152.12680012247
978.437268436342,3458.06792266811
1214.39065498042,3554.02862303504
4380.1071329772,9050.95883634511
1143.88911626641,3574.547711137
6960.95263390852,8416.48729204283
7245.60049904276,6514.09929972084
1283.0130886192,3773.47074496291
7327.207588959,7460.88825133598
1317.47192838206,9369.95937538235
6312.48264508018,7434.82465256221
7441.67027666335,8044.92170772405
8347.47298678376,8095.12330139309
2051.23680411533,3648.49970895051
1100.1241320777,3234.61010905707
1135.40047268649,8839.64714383354
845.459613677933,9056.35569404375
6893.86234333615,6318.30440700701
1344.1809520915,8545.03427484051
1788.0555856511,8146.68369507942
7562.88971130542,7150.19305245596
929.938456912355,3306.19273601486
1221.44408675493,9231.84858175686
8025.78847024835,6595.89842746794
4830.56569844201,3837.73537773736
7177.60900109468,7858.62260576417
2655.36499323615,7961.00143771042
1566.00359638612,9055.65512438409
8131.58159630693,7363.60548024076
929.709494504679,8753.19216684675
1054.70213917115,3581.07195514803
6058.98424453674,7713.66767597399
7072.47339544493,8531.13403705748
1615.83415849262,9286.99159915117
1313.73348935562,3820.31425099451
793.563855423276,2936.65733876389
6614.35450331107,6930.07318980972
1550.08666512157,9027.10897661708
1312.56480527656,3485.20221317578
1394.2132264986,8775.10191451614
1532.47710009511,9164.33977080431
9217.05018627272,7697.83808764258
6897.91370506055,6396.06101040546
7514.87447503378,7896.3172420205
1567.25803580987,7983.20231576773
1306.9930521983,3807.95947168747
1357.68998680243,8941.66697192528
8151.54668197895,5117.03774924649
7664.95850065102,8357.36075512614
1777.65619693302,8993.00692129621
1153.24879294317,3470.89860969602
1079.48574189,3357.81574584194
6917.68747262994,7621.7423789146
2868.27288685165,4153.20081131652
7972.47792713771,8334.33635108645
7815.23275087865,7156.34714182544
1358.78772342287,3767.74262113054
2469.78586001044,8401.49676766439
1629.85786754542,4255.08852478919
1750.57805013726,8823.26574744662
7218.41930689956,6509.80670807639
8262.41809678922,6938.74028151584
2208.8957248778,7691.1631892268
1813.43840305461,8631.63486416839
1281.52460877741,3640.2691283148
1630.87215668767,9341.35684995748
8295.17604176752,7354.48025647355
7749.52444328349,8083.5188682557
1919.48756212889,3590.14557527944
1600.42150889604,3861.11639927977
7193.09398278868,7293.77892325096
1028.01954983178,9142.79640781379
1619.19425664554,9110.71012525689
1517.60597063969,3602.03493693345
260.427577250114,3146.98747208508
8451.68582720643,7705.7551552544
6740.83931118273,7212.64959264203
7684.09387604505,8257.82468227947
1630.60655852145,8903.69505886398
7390.23825104861,7272.82881529107
1146.21011645152,9053.60522459196
2455.48452691857,8198.19048589461
7512.50864463248,7311.43135945553
1686.19427631465,3545.04750874874
1519.02042345684,4402.99268589475
922.467834351164,3431.73707936181
957.965497532361,9005.91981653253
6699.64565169606,6948.67739814985
1558.82193747153,4169.56539821481
3084.80073098169,9036.58713843043
7540.14779706805,7603.40599252839
1870.98379328993,3533.28986323858
2659.30284714507,5729.88680206091
2017.71859588042,9009.27732828245
8469.59910272863,6961.31857623307
7016.99665206363,7733.05291095147
1127.31656735713,3134.09168266215
3819.91969897333,6273.29710602328
1838.15664820703,3681.09877606774
6603.10342080452,8213.42122157571
1689.2223602324,8260.69546981465
1261.64013087122,8162.90384754906
8097.07068168868,7296.02724689476
7217.31972987258,6666.4962407083
1527.95451706526,8726.35465979412
1442.01763335274,8953.60644328158
1964.88897428871,9337.54436740085
8316.95555590459,8127.26560974005
1620.72598662283,9102.81491330966
6048.06050452226,7453.02587555464
1188.88703979187,9154.17771272685
7704.21543331576,7650.02052198658
7905.62007937637,7186.8349716908
4002.35369775551,8746.35759021707
1107.37724623506,9003.34274496471
6682.4777027209,8252.02822322641
2006.0430266706,9012.02363600949
1731.23176691003,9453.30713766421
6498.70880240359,6220.95732336599
1232.27020589298,3593.30403367698
2222.26681449127,3462.08756234401
7185.79496966174,7445.40840968052
8234.66209035468,7158.17033537905
6398.7139107658,7965.15232036792
8144.48407089457,7885.50829219284
1800.95633533257,3989.72749517078
1886.18728392198,9105.28547616262
8434.93425679539,6669.59956268391
1362.60605364347,3671.01203292176
7832.40257547757,8212.87928630333
7827.1610732341,7950.52537100587
8958.0821986184,6922.17943415176
1506.19764954323,3829.90352420975
6942.63734185315,5621.85311479556
1308.29406067151,9002.68448603913
5717.08452623354,7797.13011066375
1868.49103775001,9052.39327338639
1296.92553742003,3902.97633927902
1654.25176701269,8088.8710239685
7636.17811466793,7558.81157128535
8184.51851068049,8271.91652459525
1391.43614751771,3619.47126593479
8042.56455967072,8301.5869689089
7952.73284011623,7708.76615670639
1493.62427452039,8998.61048148118
934.232648197708,9101.91201977833
7293.82341465069,7814.80024973665
947.512636020664,9020.30311474467
2163.15682054568,8884.47524818719
1208.37896451437,8440.15041636115
1598.0794242932,9149.96720069865
1191.7492816394,3374.53642848995
7305.68752974352,8183.829022322
821.350586437153,3091.279715314
8393.46644401103,8193.63624596118
6755.58326355374,7832.52888825027
7197.27200759934,7663.16415667183
8704.61175296336,7290.60973220243
6960.18529588461,6080.88526695091
8052.07715584953,6541.77607890372
7008.57245080561,7674.63113931676
997.34370491634,3634.59621941796
1832.51933038705,8126.4597672545
7627.52338901069,7776.19685803688
7577.78847141983,7971.56830800834
8183.1292077142,7054.2036921736
8552.09079301301,7040.87444677546
1284.41278381292,9098.8117689973
3133.21920459221,8911.20612397033
7309.39603090983,6993.51927397712
2053.9021273946,3539.94643331664
7169.72368694151,6636.68346547224
1095.39403844378,9216.52866035391
1211.56227412589,3416.35914746099
1602.05602421083,8909.72296160886
7145.4099459253,7031.40135769719
7283.93164881867,7211.60542646154
1162.66154156445,9061.79645836633
1204.40697950598,3074.54244893819
944.707220585353,8977.65492111554
8052.57300204109,7937.97394592078
1772.94664640769,3492.85459654469
7631.63770068505,7025.88419669778
2182.49430086133,8888.3030788954
7834.67288917218,6349.73778261731
1383.1353740445,9187.20387518872
1012.89992947032,8473.25436744153
1454.8443643594,3263.10258167036
1387.93462295561,7933.93595313687
1771.66182603335,8963.79278572028
503.123925775479,3208.18829416826
7595.03350961177,6473.63219810393
7756.64503391444,6962.08147081336
7425.93598535964,7670.90208253399
7702.04636474117,7590.50577297763
1231.62785667281,7967.06380074575
1863.11071485769,9124.96774435639
492.252002743239,3341.50122901673
1461.91500280609,7322.63391630999
7966.43869885694,7517.94627647743
1227.59357485287,3714.14895356532
1766.67878242582,9104.99697970558
925.807835252473,3697.79348578006
1479.62196370581,3777.37419944599
1016.46978855621,3415.64816095417
7443.4284769501,7155.15708893282
1268.0837543536,9055.21110353252
1700.85834682339,3661.54235937643
7488.29625900385,7666.15359803565
7709.53308226103,7565.82072046171
7726.96264200887,7232.95140316866
1129.48161928102,3597.43327987954
7499.99447583024,6679.26040340723
8624.11999340098,7753.80123785704
996.921840513251,3448.09878983519
1336.20026218609,8829.9174540503
2150.92927115582,8288.7894686839
1850.64483141082,4157.41158001065
2383.83107408498,8504.29087296674
7751.67358585126,7759.99884996445
7246.80445696882,7349.45335923211
7274.06158018933,6943.59127287185
7479.50459001177,6670.12316698789
915.617670533324,3313.26520096139
6649.17645957974,7164.82802598075
6321.34757843871,6989.73262097647
8229.19202302731,6725.09670358332
7393.19850386915,6668.98948920685
1127.84038480073,3389.52966623622
3096.52809732477,3736.36942166148
7550.11348550629,8100.60747448917
1896.61914122987,9074.3311672807
6132.45469581982,7260.10179680631
2149.35730654583,4967.75277531664
771.576278700717,3189.48870241535
7527.3623802464,7170.7631724485
1819.27137099927,9269.46205051138
5776.87907862796,7985.51861389728
7695.11451932363,7512.75553325149
1515.68033436582,3397.30915053488
1057.35338104747,9085.36833983381
1044.84718261445,3282.73249211234
7005.5774869575,6928.28882835196
7613.6706864384,6973.13870248174
2835.38747459612,8833.25647168784
1149.15170749693,9035.99761617407
6718.31799567937,6641.3126796603
7481.06981546552,8004.83013836216
8815.75784558836,7878.20382179388
1050.07033552394,3205.37059073182
1298.52495693281,3546.36651834333
1233.2934478383,3517.11606727117
1478.26150664908,3759.47929031504
2932.43124621501,8423.86226818316
1013.16028620653,3337.61313199033
1118.4579923179,3078.70408542266
1452.70339898174,9100.4130877138
1648.75783382985,3685.08517493321
7259.03646866417,8172.6528119984
7173.46592690564,7329.15545849405
831.595824356281,3478.84880514927
1528.50340791173,3551.80035394396
1684.9917357648,8851.59120690594
5933.81400651141,8856.31945005389
6969.80702791172,6787.86271888782
7556.81631916117,9412.06927962008
1441.22768689433,9312.72114053834
1710.21185416972,9586.33340726049
6496.835515737,7144.85059434207
2158.33471933346,9213.66142441142
7839.45920721621,7669.5475319101
8064.72295500676,6945.13617729043
1702.04725712651,2951.21827292214
6395.86428305555,8466.25733978071
8389.85995289284,7381.70338233685
7499.73006340188,7227.96167759465
1557.08404975253,4609.35869633171
1726.55672190556,8226.02631062611
1321.85888363906,3624.21155845027
1630.99573089104,9026.02935671773
6880.8111035121,7775.0293602862
7149.54594871366,7588.67711003315
7465.94648725946,8657.83813259658
1295.87996354314,9067.23432084172
1062.27272218637,3258.80352210347
1026.02249425544,3356.23068434987
1707.11206351858,8585.29623763414
1947.74769674133,8631.43726342293
1428.63336082326,8437.88329569965
2270.17816350229,9553.61674695891
7518.65952961048,8202.28792948541
1661.10636899802,3456.66723804668
8259.10247303873,7710.33346313816
2066.9800418573,8196.21074626916
7102.70812064014,7048.36999725452
7159.39151913812,7894.55648710773
6622.64442351823,5333.04124655098
945.423059751115,2985.33881969682
7597.62250589666,8728.61230031367
7424.69297654713,7218.80583317716
1490.4311429334,4421.52767549648
7087.02252076537,7655.76647071541
1551.88074227003,8484.29761775748
7059.52899695925,7658.15030761741
1978.2110407634,8681.37184000921
2328.53062417454,9080.51789349526
7524.55710269449,7213.20712822777
7847.90463646281,7705.34975575518
8158.03572681097,7893.78266128766
1571.61088504167,8003.18456584488
7271.99807671396,7690.51440041937
1680.27608958318,3842.14925485332
4818.89093378842,7037.24434613106
1123.59285829115,3627.9857674646
1840.97231080668,8238.4061854784
1208.21323751653,3576.57918432043
1595.09616350083,8609.37488495335
622.062600624208,3280.52540263396
1751.67098991539,5411.85871638418
7530.93319177322,7891.4268398876
1303.41007420021,9109.96535427654
8367.27722709325,7721.88187956329
7190.51945185464,7843.05282997731
1631.93544800284,8344.29925621923
7751.23054360295,8371.1048387022
1309.65817531016,8646.54175211596
1253.33850402146,3597.10571068219
2079.10468635224,9234.82786142546
1583.81862686365,8110.74597041608
3350.78745431264,4223.0094578683
8882.94561566756,7582.33066270984
2072.09049624432,9334.87519452405
7910.75180355769,7617.29443080725
1336.72007068562,3175.38578663277
1987.05475487672,9042.58967285636
6800.00439171841,7846.641167646
7641.27721635515,7909.09086079269
970.284389291604,9001.6435895895
1320.81408076893,9165.31504261149
9009.2360435073,8425.87109422441
3852.02766842251,8106.76197516878
1833.28284847254,3921.46608563722
7806.35178045356,7426.35037717561
1779.4090869096,3934.36222833281
8188.88241843669,8116.64627877295
1650.91311585278,4200.19829960102
1372.52016315326,3708.95928385361
1674.78735038977,3656.4162067896
8197.73262599364,7419.79519028361
1662.79815316513,9119.34629477014
1045.00297079769,3631.48852550955
1700.84428184096,3570.85985925911
9045.97304355558,7985.99621603585
1612.98013906667,3540.20066372455
2010.99597668061,3590.69446326896
1783.09194978399,7961.34953067735
1631.33754207148,9060.95108823665
841.8646354149,3531.86290891866
6979.20394356982,7391.49436048904
6540.61123754466,7974.47912709878
1722.32880047185,9216.47806191508
7794.18015736911,8082.27051746772
1490.52034554831,3638.82828113174
1331.18922381532,8690.12855438795
1999.6228598727,8500.54005667358
7189.8160362449,7617.10730879729
1266.497818391,8998.32657386879
7403.08059696389,7651.4344819984
7450.09306530756,7743.35065824429
3059.03679361368,8591.97701216627
1382.32906509498,9415.92260453342
1963.02756327103,3825.48018016795
1288.47665836027,3395.87969085692
1568.49020287744,9081.51438677606
1767.27467888078,8959.68060567745
7685.23083375773,8178.03840305261
7593.71412060327,7775.99940115147
7356.28419563382,8058.69354987997
2733.40294452252,7488.92529633634
1778.57740328562,9018.09743476265
7490.90713504296,7496.04086937172
1370.11199123002,8825.29338634104
7421.83056695514,5804.05176661212
1321.21847646035,8831.56686379979
1231.9184882604,3636.33715104833
1642.51984316879,8972.99002752456
6762.48259949512,7837.5611950944
6550.51215611253,7867.88292020344
1238.24792402305,3362.81379691118
1756.56316966605,6559.67504529065
1377.67311578134,9575.92710155582
8389.26756414274,6963.14668145812
2199.68494816115,9338.81053676899
7444.71373546612,8254.51941052209
1092.97472167489,3623.88799482686
1643.2595208051,3607.48076717103
8043.82241232137,8473.69450594733
1626.50442230689,3568.20113441761
7683.11689961653,7044.63109496649
1218.67587548751,3652.42396060161
730.293113861125,3401.67195211235
2414.42908410084,8728.39220959322
8297.74885031668,8491.95421817894
360.710976632891,2846.91351061869
2070.68729593494,4333.47573217705
7440.46366744745,7888.33309024548
1647.8415930198,9072.88541153885
916.600060591649,3372.20216558822
2225.59318783568,8466.33208320238
2157.87002643856,8396.57418724698
6943.29664349018,7537.17346260342
8033.5085138826,7155.17544711719
1384.04404382289,3774.03179241797
2473.18703281041,9318.81206549705
7106.81220132321,7791.22389860355
1472.64403468576,8369.0727647525
8196.46756814647,7604.00924508694
818.595299065377,3135.28536610358
7618.14449761617,7218.96507797062
1743.69500012173,8327.10826107599
1123.29351568754,3402.46875903743
7880.86273338127,8319.1419134786
1487.97686240486,3653.73065785775
579.073848800057,3154.76366854057
2153.95596851824,7929.92383984293
6432.448928666,7883.56788506707
7242.65518695536,7491.72723694849
2072.46889827495,7009.84114571693
6277.80104151069,7265.52688597962
1650.89149941687,8632.8560949363
2311.05804231819,8946.19180783637
8692.68476312211,7738.83365507587
1066.57247301642,3648.72640106877
7443.74625918846,8308.1389838965
1788.12949962293,8756.62520564492
1165.75179540767,3696.13747388024
7871.16764667565,6865.18954927135
847.700044862414,3205.68834219844
1285.8061166982,9294.81326597152
1193.87241792761,3681.34206275734
7724.47953432821,7766.74764691197
1490.42306879932,9116.52180086969
7382.14604651882,8280.50287381144
1772.22148004767,9258.93193042052
8352.83442956039,7122.6006380277
1533.37207017961,3801.37621820058
1379.39063059549,8348.65628917755
2340.87769718878,3826.35319864045
9055.40922046078,5746.67069024145
1851.27902989063,8795.61905435178
1307.78293208857,3652.78647163441
7265.37565063866,7942.56780288011
7584.64764327915,7514.37626054466
6450.55213639212,7467.95470110075
7410.89147320125,6485.38441313556
7812.33574708335,8196.15749148677
1019.51091526265,3681.25335717914
7032.16337947524,7859.23644324692
7796.43478921735,6483.22265019448
1655.98979960691,9097.06361066719
7168.03540193014,7471.24450585535
6636.17383173629,7486.1361997907
1124.67827261677,9303.7058951699
7429.12985973491,8420.21906690882
4907.05823713896,3656.52283544941
7337.82308492801,7757.49726151503
1206.3618692788,9131.96314920633
2115.80951593844,8730.96157549626
1660.28330337954,8698.3380761731
1196.01737872593,8888.62748335463
7274.94628560901,7426.85623662886
8439.58516328995,7939.75406017844
7273.70966468973,7667.11122037485
7708.14365749967,8269.01960294157
1658.46625886197,9027.74319464671
7573.75577580604,8709.7940418684
2342.92783827835,4376.28437663287
1695.5411648134,3947.2156521679
2296.3543251799,3941.96910784996
7725.21109022851,7703.28666072894
841.673208635986,8060.05516800369
1645.53328067397,8559.62370407282
7532.13031131755,7219.45180404132
9162.43452121278,5893.6718929679
1607.14694312156,9038.87561893045
1626.76156642917,3891.89815009512
8273.65795393668,7350.85432759517
867.216672774928,8271.82879860675
1405.48254213642,3170.32255757808
7738.03999570574,7815.75291720159
1987.2156832926,3842.48897651358
7521.43826240393,6006.41027872547
7269.42799015716,7593.97455104931
6355.34800471898,6321.87001130908
6622.61589863091,6321.08769910192
1786.92310949948,3749.49423621411
1562.38233273581,8140.1095456713
829.192613829502,3721.1391595971
1991.54307911485,8419.17332346716
1359.00318747444,8945.20725143735
7346.69915005969,7726.93039586147
8430.82414498446,7611.12733132402
6572.89577919314,8938.46384756843
4932.71491725232,8976.12412663906
8579.77328107321,5666.50110156189
7312.67046511201,7866.88504976331
7924.03206703401,7803.78734050297
1632.63295552641,3839.74791452502
1319.69932778882,8897.2453428465
1430.98652447522,3556.28310539019
7472.77697876448,7700.26753081086
1381.94699527826,3388.21918759641
8664.38539334188,7705.67995350648
1966.7140748755,8632.99576725619
1314.98151746012,3321.03051283625
7595.54644851553,7654.63849468873
1267.41677261442,3596.08921792676
1335.75319349951,9161.62404526198
894.795788551323,3368.42687460778
932.4206818712,3508.60097787361
7866.85050149836,7615.26102408166
7865.75856965574,7374.02640728883
7843.39122215816,7165.3978537256
2780.54449718503,9055.96449836822
6769.02485071887,7686.4537668297
7205.08054523585,8229.03211955053
7986.89992729077,7443.67717412953
1757.15203437946,9005.59427180774
1285.38536823658,3617.9800694715
8108.61920199447,6085.03941809829
1941.687806136,9277.64054746767
7122.93483148708,7979.30907488476
1415.61814581584,8996.30278491498
1674.46325437488,8753.90531535231
1000.78293359765,3372.69481128002
8309.04747471952,6452.31860357312
7150.59991416992,7717.71701358252
1593.18289701251,9284.42295673194
7854.91653574246,8072.1110219163
544.932061701165,3118.42895046838
8220.77918122663,8309.9521433315
1131.12523811732,3679.85678309133
7185.33176062448,7480.45679585544
4178.09262747431,6525.68871376698
7247.46293789585,8161.7737351575
8224.52649276488,7424.77479873947
5633.06549240639,7345.59076806287
3499.34636111608,8292.53005427884
7125.7042223986,7549.46449349554
1364.77726482429,3426.50104065158
8437.0910680425,7279.30384135677
8021.89776275947,7665.13280798332
1526.91481930248,9351.56586059018
2008.36928094727,9170.35189516067
2531.47017206736,3793.31103673716
6876.00075000071,8220.75591482654
1191.48092864011,8944.95609594438
1189.20787057603,3703.21347547434
5557.63389450976,8304.38581861489
1345.48510483132,9167.18873931349
1301.98350437888,8600.00471545512
8050.55537028392,7004.47944549134
6844.7825541582,7633.77210598272
1744.40709508585,9069.36854793755
1038.18334920988,3404.01368960468
924.812948450221,3237.21602603662
3027.45353329416,8621.97615365486
717.71316331344,3077.95270575199
1337.11853488926,3748.0567559573
7028.37549415041,7093.42176314946
7418.85522179868,6774.17578326246
7459.17652681989,6209.72082959478
1110.44048595927,8940.68412017282
6910.92112535241,7632.82790487076
1069.53406755009,8250.4345347516
1670.22314567338,4205.21004124821
7608.65329462349,6721.72781828357
1737.3858626032,3861.69318559215
1249.10710286114,3612.80638797365
1876.14300706547,7653.28269665383
1802.69466952673,8324.98799762019
8655.70267517411,8278.19114430292
1058.78713426298,3514.47814737584
7228.63980560439,7754.19718769244
1147.70008466067,3727.60961983644
7184.70636283741,8117.75966381272
1194.18983370754,3280.07297959066
1663.05782236916,8548.60736054033
1236.12961184814,8907.92083093665
1099.07997700006,3680.64801886209
1209.6902658687,3331.47477548464
8475.86390226464,7508.50917925934
1612.61456880702,3882.87232823593
1708.49509498911,9270.63673198035
7827.97146897854,7523.50043159592
1911.61194486371,8895.92367077591
8254.20862816087,5184.41568079225
674.154692630705,8906.79895944951
8659.24302473116,7849.39201948165
7671.6976301353,7905.2418151973
7929.15720873074,7566.2400922644
7818.67354266592,7100.31550102381
1612.37620805203,3853.16270668033
1254.42374361808,3565.54023340072
1663.80453989772,9211.97965459213
1271.36461892304,7114.23720671696
1702.57992824109,3970.58809930021
1573.50785682244,3876.15326635262
7743.39027316321,7784.03907767364
5099.6999083188,9064.17410551851
2236.13636437316,8957.35687916127
9174.09850567251,7997.20299925393
1166.21010102844,8291.58917204959
1334.75660633019,3841.67041848301
2619.98450396236,8890.24755994125
1325.44707458907,3850.56327743439
7054.55609854794,8189.92156306991
2168.61999589372,7681.59851346052
7835.24186838464,7822.76818835354
2489.91940479691,7667.63935669088
7664.27272250336,7807.1103473112
5147.62974489714,7854.92609228316
656.56079091499,3153.94757235367
8186.77557506516,5659.81336706937
1643.35473934179,3809.883720357
7171.51610837048,7560.97394123193
1337.54624566724,9255.96161688056
7538.46213243181,6363.13240109078
1800.23127800431,3987.65350888683
1453.13234591278,3798.15279283635
8906.02914305902,7382.56328938918
1794.56074303043,7445.10970666258
1324.5588459756,3256.62799001687
2009.70214979816,8272.28237556725
1022.0553331956,3678.93224628993
1750.36403151161,8209.44587752869
1180.87408759212,3396.04199454937
6497.84018586617,7196.64309536528
2296.18985215119,8790.6748048359
1238.51887964107,3462.25479027802
993.15149253276,3300.27027253328
2065.75180749439,9183.13493370431
1840.86181799091,8102.13816913646
1065.24348825186,8916.92021146456
874.147029707385,2101.36075548168
7956.34439468785,5499.86445070168
7440.59902796652,7383.42478204045
1630.964897897,8835.38765514281
7707.59394459501,8197.9000216513
1451.61241240399,3625.29096317297
644.616233397608,3374.44226092247
1184.61045048922,3262.00360974576
927.230744179486,3641.82419645665
7088.19606925823,7103.92957839618
1425.02884436583,3406.55702348608
7999.18550639379,8864.53378435769
2676.26819112655,4453.00287007046
8719.03518542248,7603.94901291957
6736.8397482588,8250.60581644238
1704.85406130848,8517.36857940124
1413.00134800848,3682.79894747146
2431.02279414814,3604.95851881895
8833.95489999486,8078.92782260058
7540.54174090336,8251.06112406588
6718.61397656779,6668.29554944849
1693.37061124875,7830.83142221378
7079.23545915867,7760.31835197231
1614.10120135419,4547.08940930612
3739.30007982654,4770.37852272199
582.558411726099,3162.75017051117
1911.03766015954,8902.62765681974
5111.68168216141,5788.15307652352
2052.79995547341,8505.03889317291
1511.80150427933,3420.15525691535
1225.15428407262,3541.13552512763
1358.07861468814,9024.42975487688
6525.1636351798,7054.05718650298
6969.15945123116,6504.58553262664
8043.06421617054,6459.62298120859
647.639999623005,8827.81847354807
6110.23666530158,7705.82026074484
7969.99997602707,7776.42983484795
7286.42138202437,5598.38681483513
8924.3423923281,8137.30716318309
8572.88263829056,7473.7696042259
1244.45029956669,3415.70884054126
8066.04031632845,7620.83153871471
1018.76458264475,8777.84940210584
1316.38804912442,8987.22543591748
7000.73848202413,8126.486003557
8135.19027513927,6372.93725234573
1612.33326445632,3911.5982788567
8415.83626196932,7316.32553034768
1495.54037082365,9036.13964206053
7860.42516700845,7571.769384027
941.018372235858,3380.90318094744
2781.89136435908,9131.7352350218
846.691410952612,3249.82417319108
1902.41185364317,9058.5668320163
6216.9768975983,7523.63912584874
8895.7889912497,6744.51502447694
2271.53227579246,9123.32943297873
1062.34221051799,8813.76907687594
8506.07202733948,8019.4433150243
1357.05183775452,3804.42611450238
7183.19252513002,7185.6644645042
833.163047552358,3326.88136703842
7968.28591293638,8240.63102075872
1366.31882091467,8844.41752301056
1016.38742811934,8191.76431570561
7071.85900290405,7240.04233720087
1788.24742025792,3721.32966502352
7237.32907647594,7043.46610170471
1710.80747589453,3663.33223754561
7075.49294639307,7438.12370803961
1274.71064331185,3999.50326285109
7196.55137802147,7472.64453399959
8190.66696303769,6422.27483854304
1385.00037449054,3810.17551766582
1151.92197209729,3562.97871650606
1518.56391220354,8779.09213703564
1608.04423103261,3615.96237673909
834.923128095225,3231.59238401875
1326.20057816872,3438.22561623487
998.740960672668,8838.06865637039
8393.7555625299,8204.28506543061
2478.10894546069,3556.54729605735
7354.8751176713,7533.18146845791
7169.13528223349,7771.29158407486
1255.96086989491,3276.48432995702
1504.90912571033,9245.45589330531
796.741117097063,3282.44924195174
7734.4991065704,8334.60340705909
5228.19980343756,4404.88988859256
7763.44623792798,7647.31905064092
1021.45359505001,2924.11764767162
6532.96431786588,7725.3880465935
7895.64090197679,5400.71378996332
8009.58606604986,7948.93542884166
1917.31642141311,8646.16452850074
7554.86587844315,7891.06819411722
1534.87008131309,8118.93442665052
975.45434031785,3542.28381714616
2738.78738205622,8915.6008954462
6674.24586900636,7668.1764581244
8534.43742766299,7217.70515006989
1665.07882262045,4134.14327261157
2408.98698380609,8578.0946269155
909.814746804516,3473.24788204932
1231.67535006704,9107.68801254625
8037.74897546166,7916.69333286564
1795.42439578077,7802.31278350019
1432.51433051742,8512.24142234516
6436.09755321853,7191.94844098611
990.905523479741,8766.31347280116
6711.04524081007,8326.44192135939
1090.08301166305,3294.21467221561
1004.30779196326,3083.73529228735
1083.0525233789,3981.21321124697
1309.9129045101,8884.33374354762
1328.39238749473,7868.24977059881
2371.74271778356,8924.16594852918
2357.71466359777,7889.1922565651
3977.33352105981,8087.59040696861
6904.61055873774,8022.02497188952
6781.30419540919,7922.86614239926
2156.55524026394,9247.95082012474
7973.22259323597,7000.04427427411
1524.92139943507,9088.07875270693
1923.09866451772,8276.52875163463
1771.78094233139,5652.13143287046
7876.37577550701,7777.0026514152
1846.19717458745,9158.44125832167
8137.21782040984,7505.49665878935
715.137108614785,3823.71170516067
7725.15818665079,7908.32884589735
1377.16467956119,9021.94164216211
7431.43974703979,7423.7646614177
8878.89936489017,7245.4671495458
7502.3004461498,7105.74718228019
1945.1230909966,3577.08974190116
1298.81253397458,8954.17303760196
7358.83656977676,5747.78029955583
1973.22630532686,4765.10504221624
7357.24403770408,7656.7274358114
1788.14427222458,8430.98100909408
1790.1149737897,9031.95281356999
1301.47257423708,3369.67333373026
6270.72664363111,5443.54140641059
6057.44753185613,9057.02723158633
1724.25025603893,3758.70002744837
7285.56122515327,7035.93717712746
1683.3331608746,9159.9494245829
1630.22025384637,9239.68074069747
1250.60607668239,9079.94037774354
1300.87151328696,3795.94119707691
9913.13409013313,8070.38607195394
1421.26126707665,8812.85378343627
7600.36021012027,7451.54852611098
893.770447395186,9028.34006553066
791.611804715254,3563.63710415896
8970.36670005159,7527.18165906308
1449.05119297119,3563.21167690975
7164.54933317235,5915.48869205179
7624.50981506488,6553.28768459865
1272.61279622526,9294.7391561901
7687.15229461429,7100.06780167992
8152.46431538362,5712.87062219202
1012.0016676244,7768.19129637019
1206.93717057389,8278.50974945035
7760.28692273988,6979.85530794425
1080.29021056109,3659.88565191971
1256.896797628,3597.87567597381
4150.8139115934,6581.47573612478
1941.82902843851,3684.04233152304
7041.53121261726,7509.74885061362
8160.80849465353,7437.06458258947
1692.44406411826,4345.81439972871
7350.74444846071,8343.12382167339
1175.55493292901,3638.5076932561
1575.90293140042,8898.79014006441
1437.39752542002,8868.99683994403
8774.48436374732,7138.39701853686
1166.34125337755,3483.81252331653
1208.77804585314,3760.78870936966
7750.36948214724,7288.67043702875
7101.13904613855,4859.86952982633
8205.00251933715,7510.70240957519
7527.86989372786,7723.0532093354
1671.59189018972,8122.54878312518
1871.643042292,9063.40108761368
2754.28289289437,8528.15864847095
6665.73807257422,7666.76542737913
6824.27219677703,7259.51236032348
4513.15167663586,8989.56878132942
1135.06895192496,8785.3965431558
3265.76846674592,8857.9258473811
1775.93583962968,3845.0608839952
1322.04718299215,3003.54433132067
6374.9053691571,7363.52991892621
3521.12251760736,9063.69339553475
2848.08169807777,8956.30611722519
929.460464463191,9247.72456132785
2333.18108287802,3216.75759221611
1867.91229662654,4188.47162111552
7870.89430467171,7554.29164027171
7496.65198843528,7859.65027184621
7470.57536706113,7140.97307122037
1024.38091812495,3452.09667751964
6724.70052280989,7642.9026778283
1603.97986512245,8784.58692021807
1382.5809595926,3445.73628789385
1020.77258711755,9117.1360686938
1606.52357156041,3630.52486163444
7865.09341474973,7375.91206885441
1004.30201236468,9094.09300275308
7361.42711238535,7842.97339753031
876.887737849,3663.77262954572
1186.36138036576,8672.58141501361
1449.88354074635,3901.40262780535
932.642532850751,3202.31912453009
7727.18264102463,7597.81821712907
1475.90804757895,8486.30193212732
1278.90876865618,3745.92077327896
8337.26209521886,7549.57626575688
1185.11416074594,3410.06259886216
899.512602456953,3327.41283337629
9457.72343910224,7648.69360333875
7813.5479492093,8188.17586738982
6027.06764433666,7801.41517513662
1964.81020456419,8634.54182527433
7331.45425381349,7234.90430564727
7825.83430644154,7693.74170630882
1576.29121441071,8822.57160442022
1582.50528231201,8755.81697943344
8121.37899146082,6685.95945271717
1004.05446119458,3422.92229329365
1089.55636705279,9150.30132226245
7874.21403413057,7753.11978055112
1621.12889186681,8338.04663537168
1753.72830268334,8571.90518824501
1138.20987811614,3447.92291531472
1211.25848560036,3525.55258024139
1906.44567530582,3875.58038297196
1558.87177077513,8283.23109421427
8469.25127716971,8179.51236182665
1785.15430073143,3708.08692991608
1634.44768275544,3496.13936445859
7640.45069764625,8045.89892891287
7747.42054705321,8083.4977231887
7513.86850991488,7046.74491901485
1047.92319201368,8958.77838807142
1389.20389893793,3934.52021910772
2016.16475702189,8553.73728183743
3087.11331440616,6072.13701091847
673.743387805266,3533.77555090801
7018.64522009149,8179.21843358483
1053.19274583258,3227.28413285356
1076.10997550169,4129.24211852918
1344.08851017384,8916.26961324985
1333.79993641888,3406.06581913156
4069.37343489826,4065.87883161337
1232.97095964746,9477.96130861356
2069.61367269578,5865.01471151694
8452.91775285294,7030.59583351489
7001.47544641306,7606.34073567592
7353.34355075037,7326.24557222321
8817.63741906425,6913.86703385948
2522.80436929195,3254.54970817315
1084.08900837431,3247.20812014393
1367.06522800487,3680.44762018792
1679.86358634984,8422.32386744961
1117.33839464106,8324.02062199193
5736.09404420744,7295.91813461721
7143.76935625547,7788.94052354138
7530.18142011113,6440.18434074105
7417.99817832467,8445.99157381231
7531.23726794685,7316.83925350992
1131.6883699345,3346.84551647035
6819.02344688905,7829.73148653006
1549.73580060761,4352.44902598969
8233.68475547781,7595.26971770026
2448.13897684103,8824.77568163226
1176.12341782811,3417.73596364369
902.105048176581,8357.2882010299
7898.62445037786,7554.69458241589
7253.59872927667,8084.19932843138
1595.20190796835,9315.99616209999
1255.99966664779,3170.6592466743
1636.64879048128,8975.77402034195
6846.33827194558,7119.66327032989
1729.73701931889,4243.72114469958
7490.32337258358,7862.4250310959
7687.98601826369,7925.64335111473
1543.01388434723,8850.79831270908
1829.31696482026,7293.67065505981
1454.69347417659,7425.16936878718
7045.66105940015,6801.53523737946
3393.87806796006,8990.83881538243
1478.37153103068,9298.81477650685
8193.79824225239,7744.10644565672
7517.63117354817,7890.88314744546
7122.42319693021,6740.24062773238
8332.39288064829,6780.7823220395
1183.31665591283,8976.35683403865
2152.46010682315,8763.57873625107
7554.66045550177,7225.88811080786
1387.54039459138,8806.06835786729
2346.57227647639,9529.82930879884
2223.76552219091,8752.59250461676
7646.71597212994,8359.78987071228
1948.76924156151,3242.41494074239
1362.7608851126,8758.82922509379
1223.10894980159,8969.66448301256
6676.74351573,8883.4029592185
1118.47662049373,8313.48968510701
6469.82894925616,7200.94337645275
1478.60042887133,9142.21810603486
7472.85432841631,7828.72105523951
1295.33840883294,3371.75628429274
6797.23257811548,8386.31356248295
7562.61115809895,7518.04159613105
6260.15872090818,7059.74518696689
7191.90566478122,6313.80907790649
7173.53934596426,7283.68533018243
1603.43306241818,8811.64337695069
7377.61028990776,7994.03476092832
6954.88484478954,8310.87492385693
882.52775975227,3483.64643232434
7761.86489233869,7118.22942692217
1098.50293055614,3425.32153211737
7018.79783652268,7591.69139253779
7833.61708049718,8146.89093647193
7988.06244593394,8193.77877284936
7486.88295970204,6682.78829418853
7547.94417134338,7417.76989248937
1754.56242083049,5033.13073859704
7574.19590743358,7872.2119777893
1221.85751576258,3788.85830332009
1816.28778521004,8852.77741579527
1008.21053016498,2902.48797893424
2198.9049322872,8445.86391742601
1484.59115751496,3514.88236012635
8042.76952154505,7295.71001104888
8253.25443775449,7178.76988845707
749.782972254245,3330.19000493611
1737.95326948833,9034.45066210435
1696.75688592498,8411.78580489433
7182.73752603515,8307.67978457777
1741.10669975571,8838.49024212528
7466.69276307652,7829.42554299696
1346.46292929061,8466.28754989102
1263.43015422982,3410.71835524205
8188.26888849205,5625.83027992122
2481.75461497625,9055.72776119435
8606.09271981118,7790.3593156589
881.156615437623,3298.20654599339
1372.56343325841,8775.57244761665
7430.22518092162,7575.84476704236
1364.71343560379,3571.77131130911
1645.16311818895,8885.250715731
7640.03735431789,8005.15407582656
7418.96573612382,7090.85627206713
6892.88097007191,6954.87457279836
1447.32894099241,3285.12384514046
6440.03236752997,7391.41066013714
2006.6632909632,4720.1353040655
3331.45486322707,4707.72445745351
7386.34917143146,7127.00883930108
1679.55318403388,7437.58205989902
736.883844491527,3251.81157696732
6303.78428703803,8789.10958548758
8608.79838615447,7816.80870924995
1459.06939028711,8835.31597661708
1039.37922107728,3457.42825482453
2024.8927115443,9247.85521090308
8106.65459361459,6433.57375708648
6883.6441807995,7709.98413364544
7276.66120790397,7347.93535926654
2046.7796861651,4387.13777038577
850.545018895668,8859.36442909427
1344.65805853857,7945.07373801837
7106.60786495286,7874.2439937705
1514.80080141287,7283.93549464742
8091.66609872264,5711.79907386395
1328.25502162204,8783.44810231466
1745.93059680076,3623.86952414708
1340.4290465615,3873.53393384283
1167.26681878459,8671.74109956232
1022.40180280654,7588.10062060697
6546.19328414918,7678.82390929451
7657.74653733751,7193.22941118897
8021.6484456423,7314.51783513823
1047.54451164779,8935.26458954795
7997.70892177808,6849.56316110013
7530.95210622812,7334.13157708375
7386.26683035338,7533.07186291789
6885.12275722206,6407.62221303921
1360.82332655175,3881.41576324492
1916.25306208554,8638.73844530059
2164.45029988145,8917.73925055647
1566.08148748101,8750.4545890166
1615.44388734542,8893.45608341113
7014.6456249716,7708.37550901314
1366.72130095304,3813.26282538955
854.565348055474,3363.50981565277
2779.17140003592,9074.1930938501
1382.09118355089,3766.35849009715
6338.96800649235,7335.47886667155
1227.07211350598,3127.76444098772
7839.2816982582,7595.90183410395
7559.9754670181,7743.28057528033
1219.38180192773,9308.56820679099
4305.90988610076,8959.82776104563
7614.47325657484,6456.94420306805
1261.70495327619,3433.75530628793
1964.33016415975,9224.12696527339
1609.59485343873,3404.45091074376
7624.45023160811,8141.97644989127
1393.55648717893,3491.01394336577
2251.14465721108,8204.74091997217
1028.58662824904,8968.33302777833
1499.20686950144,8908.72251549086
1932.08785443586,7904.77376952915
1158.87666743441,8917.79139135741
1644.17646924663,8624.91912123238
926.296622230105,3705.81650757998
7408.51497014028,7925.19808141313
1304.80546551432,8547.66016948973
1846.08925803861,8475.66326207798
1072.04137635397,3426.18099598101
973.838845924948,3200.81250063373
7674.74437421547,5932.24023445699
1324.85502787016,3358.57759392673
1217.42254231062,3914.88251213076
1029.38816303438,8895.04100980436
1796.07494457006,8546.43977820504
819.956306385737,3345.03406038242
2576.32134357386,9229.64464561225
7672.80923506241,7345.63530099514
7455.90206325216,7856.86043852854
1702.36614272907,8521.49260270592
1328.12235666249,8640.66614593129
2085.16788291202,8180.48976817613
7003.13855669769,7310.7589332454
8304.00245022577,7936.2807428765
2143.76307476951,8857.03620224498
1101.24418789002,9010.73850721876
979.964956059212,3138.6033147511
1180.89497414642,9172.6026767427
1199.39542251363,3648.15668243585
1615.71312808387,8590.41188352156
6181.51834132365,5574.32853554079
7778.81528612472,8141.52996680861
7723.87712180019,7947.70406596557
7096.61694691795,9037.28405836491
1383.08491594967,8875.4394299165
1464.74315745648,9061.84861432209
1490.96292699287,3734.09299499856
7872.32438095624,7461.27176218626
3578.82781313958,8425.36997059356
917.329319649501,3562.01090897139
7455.71665934137,7405.87549645745
1489.33430648691,4094.32787576311
1043.39111262479,3394.43390049934
1186.11800960285,9183.91093517651
1394.02010778827,8996.70328847858
1342.93250639872,9178.60705577037
8245.7708578079,7819.25560448658
2187.19148869988,3941.45559570369
8210.75674108745,6831.60882327658
572.156377032584,3314.09426805303
2742.44095941663,7895.2770201053
7083.6237678961,7678.89250938701
7065.29861568834,7765.4972738239
1088.04706956261,8803.61076457641
1158.70508422951,3314.34493167079
2172.29413121997,9159.45406688112
1506.19830989347,7751.04188107318
1110.430427107,7622.21141617825
1994.51160495776,8644.34547653987
1184.77807992514,3385.87997905668
1099.69029379894,3343.50990875853
7524.32768653901,7052.85691272856
1406.96519002962,4028.56405614471
1636.01815919202,3667.07386007175
1944.11383929103,8981.92282657192
9041.03817720616,7419.36788517939
7042.5667222368,6882.8083640724
1299.70606391331,9039.39156711647
1482.01653298067,3534.45799995609
1250.93294794964,6810.45003356668
8130.83296968883,6800.13347902552
4702.10163034872,4474.686157306
1428.58686967736,8993.42905184873
1172.52957568999,3352.9072634925
1293.43950625921,9034.81705906892
1896.10298964628,8823.08770110949
1149.13218400786,8228.26219817077
1139.69653120932,8772.50441863485
1573.25093169156,9458.01645753197
7103.39559816621,8329.02547252303
1101.41830166494,3246.89489040202
7491.88990478731,7300.61951547233
1387.01556864168,3862.23504112136
1294.15969220774,9384.33391454618
6365.88066674704,8027.02592264961
1199.39172992904,3863.77619778332
1377.93047978456,8947.17756904941
2840.22304755641,9157.82304652766
6517.51958436997,7572.55665270701
7049.6419335384,7368.23388947034
7588.59652905541,7602.35554563579
1390.32921714555,3711.83503960479
2356.50661137102,8271.41200839363
7404.26944749655,7381.30158773862
1180.34351157774,9087.62706088327
1406.68277168122,9168.85371259544
1612.63037188016,3658.49801529679
1007.20265980084,3410.2460539098
4109.61018700367,8425.37740041078
1821.24419525847,9129.5147005621
1561.37947144859,8970.0734926797
1641.68649326683,9037.09699445566
7399.15915361585,7657.27455329587
7189.32306298227,8267.58441187685
6918.27204471071,7358.0471282461
7775.00079419633,8077.3260149009
1089.43781126745,2918.63105428681
879.047820394464,3411.38785314501
1607.41970708088,8439.74253147976
1330.87735381349,3957.85765636021
1294.76207970427,4316.56984727036
8726.24679129159,7360.56590902471
8134.03714734636,6041.64783377543
1692.02389290025,9020.54471057097
834.009777359694,9155.92788954033
1735.79163005542,4197.26815009967
1293.85582066647,9117.06687712892
1884.94029595895,9200.38392179518
970.64643524471,3078.01102087175
1543.92629237015,3812.06743269457
869.476367000148,3010.97570672761
7759.75370018982,8111.60510878246
1378.4154051194,3767.94178801619
7684.77180359458,7137.35846912277
7104.16135955944,7646.68666294751
696.229580181412,3380.24796882769
7825.23654223181,7820.27322052492
7977.29330309728,7357.86870832004
7260.72459935445,8015.42198497835
1333.27213265285,8949.29371402143
7936.44147893466,7461.48870408983
1492.64304157474,8742.71969000694
7733.13589448748,7293.48270244318
7302.4368656563,7272.4224338241
911.694111856905,8457.01368156216
1169.32822027497,8244.39257739322
1228.16158423449,8898.25199455014
9227.24884754905,7023.84758124497
8128.97856684185,7315.30798010035
7375.92815855429,7790.23845438066
1642.15486474665,8884.40797478966
8313.90987152001,7524.68640050916
1109.97007311053,8377.96747552926
1128.33738837848,3083.42876415767
8103.66228945198,7804.51360846172
7432.56792702998,8616.24122828226
7999.21362220362,8021.73653437727
1754.1056347252,9081.20351530313
7543.13510579886,7824.22582545831
1284.07284629812,3844.97062984021
1448.677611297,3802.54896486351
1703.24848888874,3358.65086288018
973.375596669895,3661.25134406442
1698.49906659318,9183.05783368651
6633.93383883986,8178.42798261292
1533.30906756507,9074.88738018138
7559.1998422029,6723.38849073707
7561.60477544272,8495.00236138769
1092.7392131937,8666.46410623404
1961.62667074263,8591.14235864867
1092.32255467184,8746.57702294577
2266.50442789646,8455.41794377951
971.732460952674,3602.0393976832
1342.26566997545,9181.13723199359
6176.75374975435,7660.65205655219
1619.50459551065,8645.5688554254
7911.66939707898,8242.9483960077
7771.29042161084,7193.9240307988
1415.01582092102,7954.40188836268
2378.85520354242,6420.71273005296
2289.27728598049,7422.10854910366
1424.47008625132,3780.62596400792
1780.95527536471,3461.12144695356
1324.74646668309,3911.67158862395
7739.23495472268,8114.18011074529
5563.55887366738,7227.82017665586
1548.87399424536,8507.73891718258
1453.13897196453,9013.05958236425
2323.91773319382,9095.57139319415
9624.13817935733,7613.02541104249
7684.34217079125,8141.60807043992
1818.02544214935,8853.11111399466
1725.6666698013,8788.85698740482
7658.98834997053,7578.74435482215
6264.15251389287,8033.42964359457
7874.06965521769,8052.3446527554
2729.83252119844,7455.58469922967
1278.48286711421,3878.90898581266
8081.91963541618,7741.33417244922
1210.60068838517,9016.37209110621
1475.47792604087,3685.13710236835
1195.81824542076,8919.88354491783
896.302192411886,3022.84257805403
2342.29203289512,4726.62956955278
1784.59566773308,3503.88925753526
5882.84611516082,3442.24799599095
8363.171958369,7007.09046474794
6253.47668476587,7770.12597198673
1543.76367198819,3615.80148635756
9129.03720243384,8221.92517071925
7298.3400097114,7962.64253494325
6675.84263694049,6557.35279969472
1731.45139576556,9074.33499970291
861.696199134749,3012.13417988089
8833.08299037663,6992.56968512797
918.220419882864,3142.0313376418
8124.22743217222,7310.48297682203
1715.98428648675,4065.80418862477
1162.83661785623,8857.98604121445
1278.38969162583,8221.89818641737
8147.34799098108,6886.37826343007
2263.88990671857,8438.56168995844
1120.46741280497,3526.48888713855
6566.34580629739,7428.11419918138
6854.56936805674,7779.27160669451
1333.36606191545,3705.44415983419
1496.95816598266,9046.93967102201
1150.21427237458,9061.76327280548
6461.20092365071,7651.30429915061
7942.18486054848,8612.50445074406
8225.81350632839,5356.05237293803
1211.64873664496,3386.66860898638
1841.38214773791,9137.36153865686
7615.77148761234,7898.55473800792
7463.00494264989,7858.21541475355
7496.54626992737,7745.81918249256
1661.95264971657,9157.97058953597
7952.44589766675,7053.68340380701
1210.94917775259,3666.59805956827
1557.4902632072,3743.36022077844
7927.15379001901,7096.01484269472
7592.12562519254,7750.19489159801
2854.23821624851,8991.59090503356
3483.70638866416,4372.95474149974
1415.41161027986,3812.9014335564
727.180962351337,4490.78300762791
1582.19919370407,3707.78750637275
6967.98122202021,6691.91808626049
1805.75797977265,8556.26928194644
8590.75012758808,7495.14840403679
1418.57794609036,9266.22853054842
1340.29273075914,3583.08558701418
1291.89689411297,3742.95014067937
2024.4285504316,3711.10512723824
1721.14300714743,8883.32610043971
2160.64003020352,8748.46952027032
8447.41457134034,8284.47454124373
7276.42011026647,8424.2777794548
741.171505398241,3246.38169083735
1261.361324804,7925.51068849172
7486.42288846561,7659.70931483113
7476.64277170586,8271.64767237848
3552.25855129517,7970.94604641349
7264.18739475114,7394.34043485804
1056.75919604101,8876.11439606073
1465.81143473444,3431.94954580946
8459.72611327222,7183.32086769198
2830.42080612523,8431.84701082765
1051.89865315859,3673.54042668719
8119.7616093502,8356.22866313331
7854.54690294953,6092.02907354838
1790.57910553087,8713.47544143805
1041.937259759,7892.61346437873
1549.92593940017,7089.04662660606
2266.35488665543,8676.63987850227
1589.66773088711,8535.57033994882
1141.25334443694,3671.46584400317
7144.45717877299,7661.4294452901
916.518784830653,3183.78844153278
1309.05414798415,3129.66071878848
8084.42010783724,6898.38869963241
7870.13144736483,7689.2724495993
7522.17522473761,4814.35862430411
1732.37918931544,9068.02810898407
7437.1959211267,7905.15056750506
1073.95689981872,3379.30394028556
1087.26612849881,8945.04229299462
1151.97059764711,3361.199960163
1364.8001426218,9110.3551512172
1537.56130224006,9172.90954937653
8522.76583325442,7159.12861294845
1747.00623227993,9204.29036699203
1132.16557378353,3632.97636747614
993.374172938836,3368.00760095384
890.259773908785,3507.92172667776
6650.73035288722,7494.08101112685
1782.42495456253,8814.09556946855
1332.00277871074,3331.34913645722
1012.65673554272,8947.03205169261
1844.80828534189,9138.24015686221
1361.54153863722,4040.89158569895
7838.56743571523,6953.2106086397
8051.6398066183,7724.48282869959
7499.71311419214,6562.15017040661
1105.6222706287,8299.90936349257
7910.97197302303,8271.55483921297
1881.03762227151,9524.11550580843
2029.76011436499,7961.7627818091
1287.09486743069,9213.78938782389
2188.55173490935,9106.91595652987
1896.3412780764,8809.9799675804
1748.68103446945,7442.59036732196
2553.75355522415,8632.27283455345
7594.97255054579,7631.43716044461
1649.03383382143,9046.29491159838
1987.63531783438,4087.18357590518
6745.20697925157,8261.92188947827
7494.0451798647,8251.16754510169
1783.68471953159,3495.52200353922
1685.11221326113,3989.6443823652
2439.98782661133,8259.20981505883
7258.23293771666,7334.36093992136
7771.8432717711,8401.32173519923
8218.99231466827,7820.01645192674
3381.43311085188,8691.8280713234
1072.68305219437,3447.45012299173
1041.43289429955,3480.00165287607
7218.46974976506,7974.77058786992
2348.17670997297,9243.09669686698
7557.93975951919,7391.78405534421
1690.40306744418,9190.38504007497
1030.4001926733,3494.57810816759
1015.25104417909,9017.39329396194
1242.96628197734,9183.99352242515
8021.71455569209,7319.0087430646
6149.55656877114,7535.54886602683
811.288274091219,9078.70077054359
2821.52830678407,9251.88675827707
7480.79130891499,7593.96007880459
7171.59329836498,7462.28130507017
6705.0761041836,7693.79527421635
7700.94482850575,6763.0502006931
8162.23795607523,6812.4091993042
6903.64837614381,7109.88854194484
7124.65748973502,7316.89781162592
7362.07271274381,7620.94218550311
7747.71291664407,8420.63425492893
8066.31488065507,7226.77339027833
674.52859663059,3066.33591824708
7079.42768759996,7781.77409765415
910.096987567748,8812.82559675249
1904.24944589514,7907.21622104449
7294.45782357597,7003.70204904138
1163.9812419479,9051.60673738214
1178.3049502913,3344.85487586955
7880.71504142776,7702.74253866997
6785.31626507925,7805.31698162457
1337.77822190721,9117.15502817206
7326.72853677791,7417.95453467056
7078.43770968971,7765.42702133898
7159.25267978641,7044.63622347635
5160.35866330689,7445.57412189052
8990.41847246315,6706.35645585212
1600.7013370356,8480.88289141946
7762.34267770271,8188.61948428511
1774.42934161728,8092.58846122861
1851.42115441145,8892.14894378897
7483.77023966763,7589.48145547062
6844.44436451193,5410.90840026699
8883.76396100178,7589.05537892048
7410.60706207398,7618.44653895973
6596.6252195198,7656.93539564344
8048.13057634813,7759.32440549426
7144.22347945178,6705.70943663279
8036.578049799,7280.11606450599
7378.96362278322,8116.04980544422
6964.26966504116,7589.82414251988
7322.26339165596,6764.19471985644
1310.21022529297,3633.64977693546
7624.29335007053,7114.63356105289
1041.5797688796,8983.02778105414
7392.6034014022,6726.36960559396
933.363465916161,3612.56561184109
8039.700429128,8379.65283327239
1529.26284041161,9120.93241243728
1148.43252608404,3666.20534951018
8238.28243273504,7586.59559832297
8679.26457029757,7532.21258351017
7194.16848256786,7527.38723620282
8354.51190987068,7219.26274006583
1163.18916589406,3423.37860862515
1784.78925618396,3694.75599792186
6570.41785511256,6399.48002595665
1723.13373303873,9009.87891693165
6024.54595586319,8262.40609306632
1362.72897005409,9160.99996239137
6991.22711246708,7346.54778015187
1485.0944289538,9007.93061991922
605.036272287182,2991.01997566182
1732.42546258854,3720.53689066211
3720.00343193261,4470.89724117335
963.107110571972,3579.37212106889
1035.53277666003,3753.78191871813
7855.11267009242,7246.49396734879
7350.05720465263,7597.87094046934
1302.14767315986,2867.74347465675
6604.82957056947,7752.71327082747
7266.85321615443,8331.56414479772
6900.07008391714,7440.25460535435
1166.88605153664,8642.47223723086
1822.44263456285,3811.14331159213
1635.82116995842,3860.35440186421
7161.45559062811,7354.42332613548
1864.9206100336,5010.80107100961
3832.11259567024,3956.87026584486
1516.29869510034,8967.72450361105
1898.27891681377,8678.08670405972
1811.17113665588,3924.99767365895
1627.12740709475,4248.14195505784
2038.32997830492,8544.04948269511
1350.30567698135,8825.0994512169
1104.46496191171,3520.89694675938
1356.75145156574,8931.40996389334
7996.62491809499,7318.83405488779
6684.69340154687,7770.26071102767
1759.37263829246,9195.34201020914
9081.68881774896,7415.60962575142
911.594105128438,3321.27481411951
1225.73852545724,3282.47015961826
1160.48777650859,9103.93532785941
2102.28660560916,3360.28134824539
7525.01675211387,8070.94117161309
2084.42507018394,9035.39581883214
7720.60137432531,7484.64846948387
1055.95235701415,3484.38789753725
1257.37180188422,8974.05029721219
2228.90133226505,8539.89063928985
1073.75626183442,3647.6882846651
6596.10104127369,7187.70286437926
1812.7767274984,8589.40284219652
7686.83118217004,7978.06581868522
1312.94464627592,3591.29827808615
1392.23684138564,2919.45977632275
6950.67033520984,7322.2110437743
1276.93694531765,3829.27345485233
3910.08567431036,8229.66347411506
7221.68858195503,7692.43912309799
6869.81426546854,6898.32277869818
1239.83207965222,8922.44105898952
7307.08947402886,7794.3778200431
1536.0884695037,7999.32950416125
789.304254726409,3215.46705608704
6930.40092063185,7769.46515979294
1570.48211154902,9110.25587236063
7758.51356890658,8466.12994849631
1257.02364009201,3698.3446914372
1533.18820229352,3631.29859918175
948.948105412809,3354.69783136469
1368.40593866904,9057.98312743555
1964.91320204698,8968.56301214685
1488.10457948518,9113.98880989258
7989.15157689047,7541.85642692743
1160.95843225037,3133.88138202612
7977.07301282886,7313.09955255722
6812.77580855761,7287.35120943965
7117.7630269118,7209.05564125472
1703.95392409826,3680.76844438368
7096.04031358541,7608.00799547101
1184.4248894838,8192.98752255426
1426.50498160027,8593.50488396495
1459.93209159444,3671.46995380697
1251.67975437613,3641.02588063122
6798.1458271396,8395.20340122757
8696.38526613792,8366.30063972614
1134.58395832773,9030.17659951085
1805.04086397909,3471.38667775658
1286.9425539271,3542.86800221253
1937.43676496047,9304.92618591917
926.486603928099,8879.66574784079
816.035203523422,8722.77113897865
8676.77768183953,7277.45837481499
7030.57367433649,8030.10659492544
1712.73998126028,3835.79607873903
1682.82426787424,9024.24114526762
1708.69779802548,3895.81717660951
1523.34010425972,9131.78564690979
1132.55375110366,3409.45476413003
1408.26055187434,9032.39324755341
1570.73359710712,3930.41036944953
1347.73184442817,3822.35829378783
8769.09506561667,8749.80012660232
7627.5635915429,7460.02657418215
7609.69485425868,5295.95812177427
2606.52529602015,1993.20257258166
1442.37749128177,3532.68560466949
7197.30755208394,7768.72573043663
1363.11588646394,3913.38772401984
6489.75281891909,7446.00594754976
6893.6103979359,7135.7174481689
1417.36445648313,9197.66483221042
1227.09655813696,3703.13000633461
1538.51236870753,9104.57502875602
7225.12531429858,7024.74742374317
8595.99864497907,7928.89009499967
1027.85012076241,9232.73551823366
687.339988223896,8984.6456380184
1980.41837178539,4031.90850780444
1619.76579320563,4164.55896915473
7200.99755353685,8199.37588119158
5960.41493393518,5802.77171566068
1334.62933745064,9163.47066797205
6223.56505427089,7477.72759073493
6735.92475675924,7055.65092752183
6730.57220345849,8246.74082573619
1285.61475291177,3680.60295188333
6685.51426465198,6830.70444711441
1173.77864324842,9236.22416748657
1710.4618129873,8824.55359996352
6587.91216944806,7856.5744671412
7023.8745955721,7652.78393874321
7844.15580984208,7713.64870946236
1829.19137256817,3814.72173074762
1670.61601103225,4144.87031390946
2392.17079025295,4696.92535928497
1468.12671424417,9053.89908588044
1805.73313453247,8706.55615592512
1991.4125436995,4056.30272307761
8652.4175757761,7728.55341790728
6313.70331769633,7538.94208784192
7838.68623560325,7305.21481296788
1155.46155549429,8805.78126913298
1598.34586046653,9028.41152755263
1571.34967752713,3368.67617993603
1020.07129010037,3636.80908123807
7013.33170288556,7560.16753382376
7642.00607551732,7343.40419861672
1160.0285935284,3384.6359576185
1887.54578713269,8826.12197162299
3062.40383652671,9288.26698135802
4062.57140233862,7380.01713902231
1639.48208198218,8777.83855973167
2139.41647234045,8702.95733213178
1552.76735782946,9319.5717193692
7697.79498735443,6830.40470162671
7244.80203313142,8145.68207775109
1647.38454670567,3446.50439052365
1743.41437085089,3377.48199267608
1846.31488035933,9113.70961301798
6947.13862709413,8078.89814260548
1246.33754808965,3508.34745642724
6835.99311222439,6497.12353173663
1729.00819068949,3877.39812284643
1707.03147952039,3666.2775269792
2767.12288715244,3817.14994975409
6535.69816959825,7075.87954862539
6936.77939241635,7704.25191646412
6948.60987948703,7247.74559179114
6662.55053234234,7749.99631535356
1884.42619727388,8379.9630118641
1570.06121392631,3991.73419954492
1451.75301067901,3320.03987684808
1626.92606454341,9189.20891650003
954.501496927332,3433.34793315981
7308.80810954567,6830.24608599455
8294.98722972756,6677.45106284977
8496.99474677346,6975.81333959776
1427.20276459295,3622.87151290302
8819.1928196175,7640.92937204247
1099.20680596271,3479.25581894038
6997.71380467739,7595.12869751418
907.057555135328,2974.49460216963
8557.26332828786,6380.63187778377
1716.92612765365,8826.50269209533
3061.76979655144,9106.63536065315
7453.41935032189,7150.0799136549
1211.31232667478,3601.94155177851
7062.63290714529,7717.93562785939
7586.43112983633,7423.72366883531
1128.22584364145,8633.47716571382
7150.74647473093,7863.55228009802
8988.14445442552,7568.68400540519
1468.25867086464,3533.12854571561
7667.1139815602,8609.59462030469
2224.92944197802,9603.68893258149
1121.94525295826,8891.5043479679
3525.64227912706,8372.76327850694
1636.52290812581,8380.40003075304
8134.77829707271,6837.84015454223
7351.06142348304,7319.87453536405
7978.91476325497,7030.66763624829
1299.98605150983,9193.36959954009
6850.03914212474,7093.72198315623
996.702012852308,3934.79323409552
7537.41490055949,8421.3607557387
1458.39171874576,9111.31757092031
1261.57616822266,3494.00363009854
1644.05640327373,9171.51329050079
1579.68219222428,3793.2599307907
1729.85160680869,8472.74581523599
1106.13269103866,9173.16252300109
7589.28337575767,8081.91547694635
1434.99916046917,3603.08244353091
7352.06471203241,7237.44477460032
7534.78436438549,7767.07204268003
2018.40242104255,7291.76360045436
1492.94647763904,8677.30218293471
7006.55987310805,7035.56769005232
7673.55820584924,6589.42107427787
1451.4788192686,3729.44645219769
1753.14124036727,9084.02143552363
7156.26589597387,7302.47187282882
7099.94599873485,7142.52105042065
1625.88210384087,8383.61171879505
1353.89390911528,3480.90921869848
1481.19453994325,8908.46534891429
1555.58818562524,3884.88960371419
8451.37234061915,7967.03415963756
1371.67531372692,8518.7148185092
8277.21358273244,5512.57110613823
1453.39101630592,8946.97790025753
1961.56824872846,7883.31476220645
6789.53289258925,7730.02388941961
1293.01664824612,9179.58502879512
8379.87413434909,7859.3309679522
8949.28138704748,6768.37411442116
7375.55556845848,8278.52554019902
7366.16461127433,8130.09792984646
7862.43148367422,8648.28371894037
1366.92492725435,3724.01208053291
2004.21544574085,8990.21489623236
1897.65579635437,8020.55887845452
1020.26035734209,9238.66893583787
1725.21178076169,4135.47311042613
7360.29547980541,7999.98584849907
1123.51192040011,3493.23731258524
7861.38534433123,7956.40247282959
1336.67217019613,3524.01192375516
1072.82856954642,3832.83887330897
8698.72999708919,6801.4020993274
1165.09009327984,8370.82459647179
2796.69815035966,8984.25646766588
1480.28712517852,8861.68618370709
963.010142403257,3337.43216483671
1356.83967251138,4084.80241766443
8666.61473450941,7813.66344579837
1549.11543769121,3862.30894786418
6928.26813476758,7452.58150362446
8024.99797511858,7533.66999673861
1519.66071966938,8202.37129441496
1244.92463605212,3710.46718355446
8554.6406477662,7701.10400723557
8855.42057021132,6533.41410435329
1929.79941557082,8541.17396480438
1193.90749615609,8874.7771055935
847.403588987973,8754.50720716594
1725.97634773603,8208.21312987231
1521.15758912583,7854.9678517084
7730.62570158035,7733.80500745246
1135.57946634469,4207.34282227597
7388.94450279566,7818.86562810476
2382.08110577535,7781.01035417405
1731.86174299088,3934.96918539417
2396.35835681521,7448.16746466168
1397.45654675925,4025.33685879652
2660.51890229576,8841.87959290782
7138.04574555122,7787.71896634197
1450.75512500062,3597.85482516534
2461.80443046156,8959.41011169682
1674.90343262915,3472.53989423317
1439.36272549611,9210.98431429596
8527.37199865254,7023.76887298734
7583.12004729901,7517.67150518261
1050.84803790132,3680.77635195975
6575.12713746558,7610.19822987016
7347.93000999905,7920.66139740186
7399.47129111106,7838.95606081674
5672.22848342829,7315.58788024466
7538.18473408716,8212.39380633904
1044.23509528465,8867.55399585917
737.67652991653,9068.5205037228
1290.03548265529,8907.7050505569
1173.69531262743,9078.68159548023
8554.89537679979,5975.9921131486
1686.72771309078,4105.22312717982
1340.86735111595,3215.95940858812
1902.13034851285,9043.86780320856
928.594746625944,3294.38514786438
7892.25531037623,8017.45239170726
8601.78734651278,7766.90483561068
7897.59524423061,6941.52835404392
1155.04881585217,3597.69023453202
7322.11881688592,7812.73705992611
1065.53625313229,3197.31179075398
1215.01135022108,5665.47150109073
1729.96360893203,8943.27764431114
7719.89049412214,7140.89064062466
1265.33044205402,3776.42610384648
859.66688381019,3268.90112225927
1744.23288851315,3821.07097128241
1459.71961479152,8633.52710150521
1089.35727236022,3413.48671347711
7645.32188342585,7819.26876798087
986.92177514443,3550.95134946672
1015.59425245212,8650.31493448632
1448.80652898001,7328.49831794051
1885.00792839244,8337.98382358147
1269.80482468273,3558.88737958042
7111.00227613122,8012.48980556386
1386.7056521193,3242.86071678755
1282.02612855852,3491.76471233388
1690.01015524546,9172.08539374151
7392.04541347837,8011.95896095291
7717.01911318148,8358.61333177576
9259.56382421723,7359.92006588611
1234.25037382025,3542.90156944893
8455.26036026846,7850.12174958042
1518.08842479888,3624.29022390952
894.008796793899,9098.70028690777
1582.87878856951,8375.62440203843
1583.47057777575,8963.25850864784
7219.79196926198,8156.7906452214
8107.24827262514,7942.83570343994
1117.72934548963,8609.77691650853
8241.40947616634,6016.02270144207
4268.14661034154,9019.0436125794
1794.51596974495,8024.90827839829
1059.36923418793,8576.518892352
1042.25036497233,3184.2194972382
1746.25556651158,7897.9416487826
1280.97546807764,8791.50466500472
6843.39303972339,7661.41966854645
1770.17171039626,8382.48350250899
1360.67468889454,8208.80745644923
1601.94599279574,9058.96211034572
1666.52528335211,9064.2191781851
7545.29876835287,7642.08536410621
2244.62959501964,9001.04383073597
1093.7184646315,4081.23073065818
2036.71622653618,3819.67102690604
1501.82148064259,9122.84440445717
7154.23040428904,5535.03110315667
1645.21619264007,3159.80927642111
7412.77189151746,8527.15739153499
1671.61906916389,8992.26417681989
1762.50530642748,3813.80593719079
8153.00440606679,7511.46663191832
8059.02008150734,7968.62810198534
1510.10713941672,3296.29064209606
1667.69363746918,9010.47378389327
1432.23577111383,3607.51337998781
1319.51107526201,3667.8310325758
8235.95883195093,7425.03767018409
1435.56490987613,9117.24132600597
9007.94275908269,7791.81467837798
1448.11784899522,9246.75938618667
5141.63643430722,4314.84923135043
1630.94880859078,8998.79683300446
7101.06939269375,6300.87954217584
2006.55832552696,9007.2114624678
1683.28168150748,8432.81081142838
7065.22242235386,6909.1624497688
5982.19186374933,6304.52320427256
1225.8617647322,3525.43123555784
7493.92885385328,7443.80507915308
7160.95638216398,8040.06726748306
7477.6670895448,7743.63160830259
1050.19632013216,9222.11139767615
7561.87755461379,8270.2162721345
7786.82609599666,7923.50925788772
1718.45595674567,9115.69839720453
6555.26334957565,8078.99058199017
8098.24329547116,8276.05731553686
1615.88588281144,3644.61546779592
7138.1807279135,7058.90136547368
1695.4088936834,9205.36749845107
9072.92676638284,7116.85520737715
7049.00237200517,7785.5443290018
1520.94821261717,3962.00237709693
1434.77598705846,8813.21027880862
1256.51452964722,3820.13365830835
1200.5528958464,3274.79480753451
8000.8383066348,6892.29418188383
6960.85270341852,8981.870624634
1527.43051005458,3547.65376002725
2989.87932284786,8894.64504152629
1392.55411564307,3690.80761787822
1617.96463962601,3887.8735312676
965.836447250153,3015.99863274777
7047.74815166016,8059.4431379188
7039.89503112721,7368.68210996453
771.60629691023,8936.74746935911
1735.04039458849,8205.34483707832
995.972764616687,3823.85213159191
6279.07743210519,7464.39430429753
7880.77474306606,6481.02198979474
6942.77177248882,7516.98503434259
980.919714280629,9640.50330264576
1449.4551015905,3942.59646862483
7440.8541377225,7941.47068165907
1300.07169104913,3383.40351357173
7713.39680315374,8061.68202644746
5920.79818849519,7828.60386235975
7197.4645349574,5785.39087611815
7474.09502836939,7513.12651031326
1197.74300184746,9090.28974265651
8374.9221106246,7073.52079064044
909.439890207058,3102.03199994267
1737.95683629007,8482.40524981872
1028.57208905153,3581.66775192445
1416.01001774565,9022.17916284017
1332.79906540672,8729.62858065635
842.808506486544,3093.76776781026
7418.31356745008,6851.00497344385
1521.52952168743,9178.54989505063
7773.37810086006,8305.88718220151
1078.20556167964,3309.76895587972
1881.6335146093,8902.04742916235
1884.08702960618,8184.59718127851
8386.68483634139,7427.66107183895
7601.98703879661,7099.22143447854
7707.48211219279,7594.6778816204
6391.82540360704,4058.79373488812
8452.68590705459,7417.31951127285
6773.88067933221,7302.66466024991
7081.75415025151,7563.84624402459
7544.82346540721,7469.76887659824
1085.42046859166,9131.28386008428
7857.82508628563,8085.23237987898
7150.9959607991,8164.20068304494
1925.69215377188,3574.17912626661
8167.10457565503,7305.78219498063
6521.1620055769,7977.62939375005
1323.75600309286,9301.87856946498
7279.45124424007,7170.43807171614
7371.46499331782,5550.96643750643
7645.83031471487,6460.18961038171
7355.91266587929,7793.82820078023
7366.49768902114,7260.73359902897
4217.45173457948,8626.09486036169
7641.60661572271,7381.2609750414
1980.69804560627,9548.10761074447
2615.2888947976,7556.06735911285
6612.33662976221,7056.28005031212
7063.22393303983,7819.22620815582
918.464923822239,3352.32650680264
7699.86021812343,7793.15733750462
1085.52762574673,3589.19877933996
1277.98751901619,3835.95562540474
1004.4199358951,4259.95124664991
7504.72080854692,8215.5166065314
7350.13701748171,7209.31274820905
1927.26021305817,9070.69326209976
8016.81849176109,6056.18668815846
3588.2301656011,8051.91771126646
7320.63128741411,6679.93138980253
9256.85627435743,7695.25150790355
939.062033168868,3207.06788185757
6590.32109959402,7062.16043853979
4729.452512667,7429.91915866674
1541.31946640556,3659.25331779173
1322.7172922173,8871.08701305395
1073.69672396714,3564.09124352727
1365.30642068199,3955.44910413393
6577.14745367415,8234.71798969712
7962.75201498838,7437.17039877297
1161.32467795635,3829.03537913158
1438.11233631759,9015.31541065423
7299.35891979254,7219.19655033979
7916.9244764645,7804.79088205453
1770.65128851719,8055.26147832849
1580.64386566416,8943.73027399126
6881.61087431773,4373.91273583873
7609.29521155901,7885.48867716672
6990.83365540286,7739.95923354302
6709.08897409374,7461.90981013724
8242.72916899767,5851.6660399307
6628.76294717684,8041.61518198087
8763.66856392202,7093.52717287468
1904.26970537054,8887.58552309714
1282.25754339739,3526.57297347981
967.178092580306,9167.85331111255
2003.24104460133,8687.74344081046
1024.61574683449,8586.39020706053
1475.57307460571,7868.75710960661
1514.16549297634,3664.23976785945
8209.34168724601,8057.9439432311
1695.21099599803,8462.75702274361
1154.12804893172,3773.79700109055
7413.64806608904,8211.70826863891
7801.77230059883,8483.96166859646
5610.97680936101,9031.21186214058
1484.06365053482,3497.43392834435
8123.59531672062,8319.79238092113
7375.05464057857,7762.19014750762
981.819325573487,9168.11190147533
8074.66141256557,7421.52930524919
5699.2717707372,4488.23376208737
1149.73906191129,3490.31532707418
1734.56420674853,8835.19775654854
1657.56928736729,3968.21392176923
7430.42562579128,8141.03190112183
1120.50589553325,8968.42955545302
6604.04948595379,7287.06043140617
1838.01820127545,8712.57078475325
1487.13175610325,3557.15862622114
1333.02458427946,8992.61044643115
1755.21690842202,8034.73745443925
8975.24668694813,7625.59074309866
1447.82946995867,3749.09618241878
6726.86757814004,7572.33682709132
1314.48294234183,9551.53484162855
2603.06856796579,9113.55680643836
962.69604221079,3039.76395108666
1685.21626408421,3824.67552779181
6852.37838769402,7556.21561961625
6903.7737443614,7251.61944579457
1453.75796780698,7960.4777980173
1713.01847356242,8989.76684806304
8316.56376709209,7229.1344811153
7310.40612607338,8271.03042432224
8131.65943705446,7802.77286285794
7727.08276406692,7051.51132305091
6860.47595334426,7932.73543721431
1480.70976907307,3645.14166982535
7555.08483203724,7542.80762457789
2406.66380986414,8404.35756197116
7664.93934410512,7423.41910110784
7686.74018423559,6185.81113311803
943.889954553646,9130.51696620393
3768.81724937978,8155.23192485877
910.963793568194,3063.64678624529
2300.79139957844,8329.14598169607
1267.60953604727,3343.13281583912
2447.3053410444,8364.42997364472
8524.4910341608,6849.84466212635
1878.46022992209,9261.84568451977
7516.77944440925,7017.71612752763
7013.51021066903,8146.08834938405
1563.5301950105,9044.54561806481
1943.7377849443,8715.00337862125
1404.84992875416,9155.64823088123
7758.702661111,7371.48737604399
7562.69165656197,7803.21274248538
7010.97676418351,7821.65887167374
1889.61686504316,8995.84396495338
1141.31287945265,4149.91549767549
2109.57455646102,3652.22070311479
4543.16360711632,3580.97811140611
1792.08586061571,3599.48979469386
8674.00945839444,7341.127905416
7131.39585545538,7681.6412364662
7280.06282851095,8202.79019880965
7021.61980685767,8290.73512289068
4272.83626628976,6157.56608409675
1549.07412535134,9251.43183166138
4317.1880918589,6876.22003304342
1610.55909771445,3510.76501054655
2164.86200855632,8089.67572545337
5963.00272877382,7246.77971367666
1019.44977152946,9028.81955777213
7963.26522848808,7653.5121171293
1123.92242420104,3360.46968700233
1308.36373943975,9104.17388729463
668.751056207077,3253.67979396831
8238.62742252218,6845.40605422314
7485.22814029161,6861.86284252894
6857.40916516369,7393.88228021397
1976.04311811475,3614.57500690053
4600.82121473262,5992.67684001615
7526.44070705973,7997.19348892629
1265.60591104404,3928.52470871962
1893.68507455145,4364.18766333464
2928.30170014322,9003.11719456514
7357.65852455795,6279.60037251733
1483.16810928992,8881.27448397526
2117.37326026796,3680.34306515741
1593.79236622196,9151.34765225373
1026.78462073399,3675.69468197205
8868.86544762238,7413.34976892319
1830.93054662678,3736.67544287713
1412.86951744313,3574.85739336751
1589.5158768247,3448.90554410069
7646.91286183158,7110.45446163583
5684.15070713525,9152.67171964451
1317.10336157503,3449.11446236218
5722.73661000227,7484.04384407611
7409.68069640801,7956.89984653359
2497.48341247419,9037.35595220671
7749.59147185913,8089.99738973636
7739.79063566869,7803.89177969676
8130.10733000048,8334.32871836625
7336.68226572185,7215.35900695198
3952.17193607092,8941.28080828344
1540.59923674812,3903.59094892624
573.329451797107,3670.43259026598
1191.4621204175,8541.83884798874
8675.97835296672,7685.67330272858
6992.63629855194,8093.57413179754
1287.82704187396,9101.0951895111
6614.88708464238,6592.22291942912
1282.06493936779,8355.37326483135
7114.50681975023,7956.10727569968
1622.96908601025,4060.87337855567
1185.22162762953,4244.47914372942
778.554105986023,3375.03988989079
2053.93790715539,8977.46690909408
1358.61758434235,3971.85908469924
855.434058463362,8241.72713265334
6741.02318022727,8175.18149590776
2627.61381013575,8518.21315737934
7012.11828295039,7464.33053346864
1900.45905241308,9199.96646325785
2227.3522295151,6410.02484540801
1887.73605286513,7734.12398709939
7915.24893525889,6614.91358135021
1061.83430906508,9018.42046620616
1827.89785242966,3525.44018113222
7864.28127539891,7393.92873709685
1623.15876897175,3947.15340996406
1142.15292473412,9213.02094153585
1247.14403383385,4070.46467310199
7790.89156913397,6716.17649427585
7783.8240683732,7933.62587527426
7840.73593312614,7846.62147361268
2391.04553963082,8506.22816236588
1323.10195313356,8649.3968800744
7379.57689927385,7885.81102471041
7023.65277199233,7373.52317077918
7828.13566260949,8110.01435464432
1328.12809634272,6199.78940166906
968.301526854432,2974.95685687181
2386.28673771151,3726.17849696103
1440.76550703524,9649.32032155422
1421.28140473907,3093.50936606197
6387.51627607603,7184.51239776392
6960.7999443375,8419.89013107944
7083.31094482087,8135.36790839178
1361.40160873685,3237.44033256654
1535.73729509375,9047.43555386948
1817.59063985155,4045.56535823843
945.733129959041,3481.47020775346
1313.55036267729,9063.27924147875
4133.3132646239,8818.38427546125
1123.78482266072,3603.60964171889
8114.90109035993,8237.80692541458
7603.1475434896,8149.64265950066
1497.26143266076,8664.37090416992
7133.24965404155,7313.20609499862
7350.69280005942,7731.08562119055
681.713171449993,3182.2253717625
2343.77291482493,8938.74846877584
666.368456442527,3261.28976606704
1339.70783961183,8853.29426336099
934.078940972526,9002.83971578597
6642.38841824029,6966.03161159597
5585.38201515851,7281.74122548812
1530.75511163441,8009.29223641871
909.180052388767,3479.87950103917
1770.07400299095,3684.81736807582
8122.52009676461,7530.49940406529
1942.97138770065,9025.37281303383
7098.77824774311,8231.25233092881
7437.95979228691,7721.18472328836
1338.1078646266,9065.86418542675
7729.83774588108,8149.62510992827
1157.59284675147,3406.88386961901
1637.03505079638,3365.43559888351
1237.50108143588,3860.79041177777
6736.28218245371,7656.82771308493
7429.1399228274,6907.94602005985
3009.5844727472,8592.07893454434
7677.05505531919,6152.26954173953
1511.40040248335,8928.58907146955
751.041023830738,9433.95500613633
864.604506786995,3655.17360815539
565.882219535388,8941.60026741121
1422.3506615471,3826.91645526324
1166.32584016856,3262.30107819128
1770.8864766038,9002.63411023677
1469.76354324553,8989.33907441114
1560.7289524722,3246.78168929462
1093.54740834414,8776.12271318629
1052.00641133899,9120.74767241814
6753.28884127768,8336.83511391811
2237.49178227853,8932.8024189239
1216.69768165983,3875.11873900782
7796.88952200068,7390.98274903575
800.044587253489,9132.58020902176
7514.90483681857,6217.84920604213
1258.35310330794,4039.87667493638
2898.96964822068,8959.02701660297
8039.16761858543,7566.97034143563
1309.19814344481,3962.31722243943
7987.40680845674,8067.64019551379
786.142203013387,3279.36822699237
7446.50403126178,7221.75468586404
2045.79559332986,9250.35052769374
2151.93513997147,8755.01709100971
1377.75573414409,3424.53883481716
1336.97812122053,3683.56893241809
1792.26707938938,8833.11730775606
1437.43464495173,3760.36196783211
1809.49623645362,8748.31927745385
1082.7981531461,3265.81829803694
1646.29129558709,8404.19959542368
7027.97852354455,8486.33000896064
701.912747195716,3064.14843778552
1711.71357496901,3220.74020264408
3304.09891398387,8785.23353219882
6884.65718717412,7890.92211438464
7232.9260092438,8140.28656277272
1402.48737318202,9104.25757053852
7285.49666935584,7293.7615287362
6924.47723876014,7164.15550724768
6944.82758926947,8128.88523868576
4285.16337832381,4046.00758719013
1436.03623395848,9163.23510830161
1444.22990053689,8975.24592971814
1803.36907697492,8535.57418615686
979.78913739312,3514.82927528222
7740.93406277477,5189.50011225709
1996.99547406905,9048.72278020185
1324.50583916772,9281.62102609178
8564.95440280875,7595.5718230601
1697.16191316179,9356.39985462386
6183.7464402602,8049.19401393432
1411.22331064653,3599.98774418474
1318.36912615855,3546.98967447003
851.939246648338,9161.04636421191
7979.27601754812,8981.82955104988
7762.77221150741,7821.89064457948
5175.49062731638,7560.56896352974
2269.66986233946,3860.86986502286
1595.62372201078,3702.56813845602
1363.96473046791,3508.8463140312
1222.65130387744,3369.04761964439
7127.91819542604,7902.41565500551
1512.72983025989,8955.86829777777
7358.96282145221,8108.46246897019
7582.99531287336,7808.3432795131
1415.21761119194,3775.66478243118
1559.40727503811,3742.43600644941
7915.43625956136,7635.32203309257
7491.39596486084,7169.1086681091
1998.25044490943,9374.34969998732
1358.95862115035,3860.5306129504
2586.6415920754,8864.26419282262
1400.11302945471,3936.24270023154
7622.9209599313,7382.81868826926
1855.20566162274,8766.93687327524
2398.08126242549,8249.50338696469
1018.42465413018,9006.39306835169
8857.39520617097,7461.0585464869
6057.28352831566,6930.30061478801
1227.81393192278,9212.36658797308
1914.72398945493,8886.58568009323
2481.58146627057,8289.11738434622
1097.49144571364,3330.70664867869
1460.99577330176,8140.31657214728
6585.69000837112,6820.9690676754
4305.55040042156,4086.96554618217
7898.42008320714,7604.72608644818
1376.83044969068,3829.09802645072
7002.66234057027,7544.63458994612
7443.66431570504,7259.89880205987
1485.5802164022,8981.71535937069
1020.13940514928,9093.9649077731
7418.17480039148,7826.44607035971
7532.51158592565,7891.72994131694
1733.22490860388,9155.8561078054
2085.09720182019,8512.82225432372
7045.23183534382,7494.76526262324
2088.79983396976,8290.08108476196
7813.72473158698,7945.37044844856
7826.30150413262,8298.71491202265
7867.59034853186,7583.22361039817
1507.50963212346,8882.40436638458
3412.81674769322,8337.03166630863
1551.7318667789,3610.93087209075
7158.04084851051,7292.79113689135
1590.0058418479,8140.06737854201
7512.16197830955,7278.60736061515
1519.06404370707,8029.71674693047
1793.37072881538,9704.49880442662
1782.57792534937,9123.99001593592
1207.27933943836,9437.02743839233
8958.82857022666,7416.73996638826
2104.68662497693,3708.21338351344
7953.14330605924,7462.67971635497
1671.62000232316,9230.08348536887
7145.31038416322,7124.89012265644
1133.41985532028,4429.67600573775
7590.41722830357,8653.9975033721
1342.69457099311,3900.41935033451
8830.47784694783,7723.75006170919
1870.5117685751,10000
6499.47530459054,7246.57884593995
1804.99860298187,9054.48092132832
7617.66397837449,6506.48657304263
8025.12616674867,8352.65582988443
7723.10254626105,8242.23398855171
8678.77674856965,7883.07604687883
5084.9704855138,3320.52429885269
1130.33581077113,8889.87791948034
1684.55822911175,9293.11998690799
804.940600884632,3141.73959211314
1442.12301776607,3811.58760383449
1075.50281702445,8489.32318050348
1041.8544405461,9053.74112531621
7691.27476195692,7443.14476416983
7707.09970146008,7910.35479920705
7979.32544960326,6642.47787372803
1858.44761968902,8187.50142733652
6492.98053265969,8001.68113353397
7593.11333423947,7166.25194390717
1376.82131500863,3557.55070138501
7560.6218657643,9010.14347105166
2703.34530777995,8111.43698488042
946.471025178967,4340.20978035227
1778.94947753945,9007.93688393206
7833.57609845015,7316.67956923219
5712.80493930401,7886.56513880878
1274.03629371095,3379.0626817137
1240.30392006543,8573.4392431709
7234.7430043309,7562.43954500365
947.564224170647,3121.8433098372
1195.11488336974,3654.29967108134
1223.28807182519,3644.98390238488
7050.92268233795,7099.92429921294
7923.79058164117,5721.11043010333
2098.34353638973,3600.71031378518
3381.97451902169,3717.89850063145
1125.82205661907,8579.92890096808
1872.19232273604,3809.36863932941
1063.69314863219,3056.16051218699
4882.51789356796,8873.2275592364
2155.24356340119,4822.84231342853
1289.79503915467,3657.97454002246
6579.19612563615,8022.09340499318
7778.62150386313,7540.20633314064
2670.64612576171,9180.05247853616
2007.02350569818,9394.55238054409
1621.69173778035,9081.62393321941
8973.85971753866,7769.62982173808
7752.68714868275,8936.62823642752
1455.88106447076,3516.11227827744
1232.53179538076,9230.01764287567
6774.36028729193,7985.61813819461
8720.41598866266,7708.58122284216
6548.91793394123,7020.80673500311
1431.57789057949,3705.78906859419
8709.96063495037,7310.05983607736
8442.26014757049,7128.53781026074
2268.13908141942,8293.88277998876
2432.35507414551,9346.4249634991
824.281451601835,8866.1875554206
1623.60514822531,7977.16598965733
1748.1769128908,3634.86350461883
7491.57450067232,7687.57683709596
1451.47044597648,3941.61477237712
1494.54579870537,9163.5569145886
7396.54459644622,7537.74401537285
1289.29026772173,3497.41939582105
6786.56871977268,6545.98401215082
2421.62836234483,3352.77716185628
1167.1575710811,3373.52612901539
6672.77668132246,7858.26478822876
1724.02181118305,3775.50406676298
1329.89848128835,3499.53275650827
1793.07726157325,3802.64402595471
2196.5860025799,8270.75312605273
667.43924818056,3244.05569275737
1684.18263468911,3933.75611395086
2039.46208238096,3800.12670067823
7078.70048590926,7163.79024177003
927.010907077006,3372.18935560594
2092.0825031701,3603.71344276927
3061.04001486935,7460.09706452905
8189.44657791094,7785.75592137302
6967.23862573476,5651.05152192922
1328.45371641065,3301.38354084299
8686.19954561517,7441.90469785405
911.487962391538,7290.07630744133
7165.34850544653,8124.09060823797
1389.92669002676,3625.55830335135
6774.76322321543,6115.32474898108
1579.97837215305,3677.64737993534
1886.14423122237,7171.35098206089
8002.55546309174,6519.65470400623
7259.61127534797,6839.93008903538
1608.65648406856,3749.15057999072
7932.42123021706,7798.19132677748
8437.47424196296,3439.1099232918
1691.61951056458,9147.98339730489
7614.70082246932,7778.67159669695
8030.67723396987,7771.85222230371
7330.58553714047,7660.84882317132
1790.65335708661,8669.30264027335
7317.40880346283,8010.13638677627
1694.98721926622,9219.21292500851
8616.29361506632,7419.91341597543
7043.25663018884,8358.07506637357
6580.45757679479,7013.13098141644
2262.67071778077,8833.59273692936
1845.42394921274,8913.87628180599
960.65933306903,8998.64951993022
7108.77962684166,7345.36181360256
887.756211327817,3350.90729567931
1207.30836175933,8933.78776891604
8872.73188613529,7859.58412909504
1691.69804147556,3500.85354588329
7954.40951907605,7809.06484976317
991.960484641507,3135.44709651617
1154.53706062041,3219.04510232802
7643.7775652251,8259.46348790002
7387.58869745505,7515.78751452641
8150.62292158104,9446.34200504571
1023.5111314545,3379.97176372723
1195.34238871827,8225.29088611361
7795.786915885,7741.22908398292
7590.4881881327,7188.66751686901
1312.26969227999,3795.97623737402
1135.27954122901,3042.09792593009
9127.09710213326,7921.80246537567
1756.56530462673,8778.24493458985
1306.23689170075,8780.56744736487
1574.9014458977,3644.96101875814
6801.32267825723,6758.47957420561
2365.79473065794,8809.53315749482
1336.02787015369,8858.55842937164
2975.56001678202,8539.47950841858
6769.85814857323,6704.3211912856
1074.44208711459,3290.29133746631
7538.04437076161,7006.47353503145
1872.80640581376,3674.15089297595
1547.14935314155,3832.87404151411
1733.81991062092,9084.40405336325
1581.48506892746,3871.24790275389
7557.62248642507,7930.67210441858
1116.64324080093,3463.10738946501
1671.35592699027,3779.88700696981
1814.90909600333,8715.11829969261
7430.48019146739,8349.42559250416
9986.8617845203,7868.03634017021
8084.14437096881,7829.85523160171
1368.1421934472,3649.02318259899
1338.60556142525,3682.27702647233
7448.75904169021,8386.67125689613
7810.91310689929,8339.03140578319
7716.22094353893,7917.42927185822
7179.82151349942,7591.68753071309
7583.5272481344,6440.15156637587
1686.67678521685,8547.61685984537
1452.75219026947,3753.382099277
1760.74035781269,9035.53768911828
6712.20824155235,6304.52272548054
7486.07044650692,7318.80736639778
1419.95195148048,3667.52302088735
1509.53614512011,8960.20301838054
1538.82919094365,7952.67366659498
7658.82272113471,7615.85919516905
7262.23762154257,7267.54279097092
1066.4964439784,8395.80910419906
1271.16290454648,3324.32308200615
1228.09911828323,3624.50165564348
1294.4124710151,3576.62796310342
1256.77717145895,7340.56506237177
1198.60740431484,3423.72279114798
8242.94540500401,7007.66188469711
7138.21190646971,7630.06752873282
4195.62529105646,3495.28144632652
7020.06368691267,7642.76178657864
7489.01527237403,7474.85134207214
1331.66197126011,9306.16921540463
1286.73894689978,9218.65837052555
1191.33291516312,9066.40521436985
7158.34465461092,6854.69407917797
7175.31329562378,6672.43636597748
1613.47571050254,3948.25075529596
1547.91249969904,8808.53630244549
1304.80966294087,3550.76711478838
1266.00533473424,3258.64646585943
7015.36899958236,8223.9957953219
5979.98158360447,8051.83793297788
7245.26765695107,7040.55935016781
991.931040920484,3049.35687037106
6596.91986295307,7233.10767261202
879.071046743642,3442.02167930482
808.793836510194,2863.41807225877
1904.98095032177,7991.70070918085
8063.30265136903,7491.16697997656
7714.83176418018,7641.66875052775
2319.37374604547,9056.10486509506
8171.77125032411,5212.53031538094
1671.98016376856,9155.08381550907
894.163328628505,3387.15126803834
6820.5800097432,7409.67610602501
1923.13313516279,8131.01958499316
1459.09405876172,3402.87057030406
7215.82641770322,7284.89049872433
7777.26426222648,7937.31466488689
1502.88935384886,3802.44954981209
1754.90836339554,9041.13940783722
6887.40552597243,8356.08442197858
3386.88528282732,3656.79902800847
1542.90091939825,8662.81433298044
7678.63811085208,8532.2112447388
7083.36925636469,7412.7883202072
7976.12905671311,6090.75334489899
6457.13620703092,9087.06526751324
7078.60879953253,8022.03860816414
7506.29097441848,6662.27303494981
1164.57009440468,9163.26028600354
1635.7602726738,9368.93379724672
7176.56352666326,7890.52712097999
1262.50717682624,8750.05782863722
1906.02545963112,8850.33370042124
1211.91234364064,9105.51151340392
1040.14194606764,3352.12189202486
1149.2124717171,9117.53001114988
936.551216522177,9075.14876021237
1613.98808024182,3711.98961693018
686.663528004322,8819.24712523761
7669.87451789123,7154.2314734536
8456.68075026757,8727.69049647361
1449.83209400217,4434.9577100416
8941.37432538129,7952.6523766094
1912.60329939397,8773.34163493463
7025.44749815139,7663.53978376316
1008.71598780173,9010.69441516741
847.952686703969,9015.12158451687
1134.29015477261,7873.2374519996
8083.13582778843,6300.56340423184
7541.50970867941,7949.38908248642
1519.79196513162,8536.89469575361
7277.39131414816,7235.47268980162
1109.86622205016,3304.51682162861
1315.95719386407,3621.65693744614
7294.12821624657,7519.93779187284
8087.9743076992,5213.56814699079
1306.10285884194,2885.19426327833
8534.88682582546,7690.23600502459
1537.97199181375,9073.25937028976
7291.29148511067,7470.17901351901
960.025704392809,3644.3287968638
6890.7145709316,7591.96688337765
7951.27964752744,7768.52932740622
1044.06302315029,8098.91255205598
1428.88099559906,3718.7841981205
5388.86842227227,9032.99706469737
675.58257771139,8930.30185757414
1141.24795618073,9033.51508332491
1963.17478518577,8822.69801942718
8311.22132525442,8806.39297900415
7951.44360698344,6995.0083927657
2758.86189200868,3546.82283304209
1354.03048288169,8956.76849464777
1275.93414537434,9304.26633716243
7874.61804256772,7193.67721378919
7582.3799706295,8030.33085518906
1408.81078493694,8514.95664977844
6925.08384982916,7953.98313304407
1166.19343639739,3477.10716125447
1384.30741573602,3662.19012139185
1678.46621123674,3771.042920034
7480.75371653684,8103.87919835193
1228.98772775932,3709.11489395741
1527.25408558574,8895.69821581261
1259.63438612879,9063.63213991478
1347.84097056679,3405.45102531597
8247.35477963838,6981.78923736913
1449.1360296285,3250.04976722288
7994.2415937638,7641.75056780795
5109.76882115296,8916.68498623727
8515.77425883811,7346.70550543409
1065.94653317329,4075.81237009504
3262.40502938022,8593.22881619368
892.081399571865,3265.90489020285
2621.88671212149,7851.9671889212
1781.18973018613,3433.25498449239
917.423179782856,3542.87312596089
2044.31447924397,8985.75970567009
3094.17964261787,3539.1549474565
1439.89092126738,9013.79300237715
1245.20254420355,3356.59776329498
1097.57793664771,3370.62149463973
1448.86989838785,9109.70301052045
795.088447092128,3439.89091094147
2014.055234543,9024.34668477552
7629.50274895924,7743.51082023741
6464.67622509887,8217.90937461344
1421.20858178057,3574.68953994676
1493.12856617332,9322.15482108636
851.21467791429,3248.18268434602
6913.27802785612,8066.63064943221
7305.10500096552,7452.76961024975
7115.28671738976,7213.87744034419
1407.01182586979,4309.77540143604
7237.84276071244,8312.83415368425
8560.49977260677,8197.97692813251
1718.50413245928,9039.10572056687
8687.34150331088,6653.73153337612
8847.29848486031,6273.15350375431
7301.94759708335,8084.35353596637
1719.60115631879,4437.31826518792
9047.08769007176,7426.9310632844
2084.22903427641,9253.71971631343
798.216948110181,8988.6133225114
1009.52289449346,3591.53255272182
8077.72810082489,8598.74155610314
7443.22095311713,7185.02171278433
7030.6291837072,8314.67227761366
1197.45682257511,3676.62189175588
5000.73211461673,4141.49944013112
1696.40545127773,4233.80327047608
6734.59564603636,7739.4913093505
2339.90450364623,6273.40228180705
1114.17282742408,3570.55004325233
1402.06251639088,4227.78726152146
8240.18693749313,5596.03367702645
8085.84290883479,7993.13375350757
953.372485804837,8697.86738474961
8079.15950538793,6036.48176559777
2015.30760302007,8760.30285409994
7529.21470765873,7898.82901766778
2233.09983816819,9164.77154440576
1265.88159404157,8929.14893516901
6586.90643445893,7791.40657349973
959.621903639205,3137.87785099286
7628.43307114785,8095.60618858102
6472.6384636379,7933.07152741493
7624.57929166063,7318.94364854549
7410.77345351783,7069.55706625539
3371.18405422953,8356.72931857425
1113.90905682996,3096.16525364246
7671.77887985507,8227.71708847339
1470.5678432682,9466.04741097648
1697.93535687181,8405.26673271845
1674.54924780693,4226.20309818341
1654.14767368239,8657.92413044167
2218.04745064061,8839.19275702359
1435.03826619756,8727.33541246181
7877.90261100952,5275.25178349735
1894.31140250609,7748.58830440904
5196.0055902317,6755.27832508468
7626.62380088051,8092.89163210649
7858.68071148062,7711.52707119306
1196.85987454562,2986.14889926393
1223.23269165799,3682.31737687546
1667.02605081107,9346.48123433504
7455.87703738894,6238.09277682491
1053.86571357214,9290.21364623024
1808.12417002673,3803.66270015829
1182.58066909564,3227.32955622035
7886.68394455065,7559.77433489363
1536.82337737054,9330.34862307892
1399.79587756211,3656.69240173435
1766.44913680537,3511.39759335252
8578.82928167877,7178.12307484501
6782.52111535158,7410.06239844228
1361.8233663815,9157.80860740788
7792.07258572475,8193.93331442149
1106.84439093778,3382.12588980912
7204.35359505362,7724.91403718105
1467.65561897766,9117.58436699671
6736.89533002909,7662.99474314843
662.134045980126,3468.7490417959
1822.22134797473,8832.16573108015
1632.17551413579,3529.05500213234
844.948973837821,3270.17575757968
1575.30460353615,3646.20796429726
7291.54840966048,7447.13478696593
1247.59306368894,3436.38590113719
1870.98154012846,8990.40765827324
1518.65570366811,8293.14002301952
3813.6774609271,8561.36300740094
1847.11165951236,8370.9184572267
7476.73033802463,8010.1152362641
6914.01417835339,7426.58749899434
1067.43434433011,8119.03207399441
6658.49765020247,8119.17863354465
2386.30797365624,8972.73934721545
1358.40664131775,9171.58986221499
1283.14683266062,8582.54828630007
1197.67385918101,3126.67570407261
7161.86223491264,7669.36038022087
7627.51826818578,7450.56732914274
8204.49858160421,7677.30231695291
6855.93127939155,7235.22877562881
8675.20257802971,7264.80305218203
1741.55315657473,5173.60424884056
512.81572842842,9048.50362397255
1348.30964159751,3580.93487731153
1672.20283822768,9025.49259432661
1386.84916920043,3440.62356849007
1971.66443672044,9002.17334331074
1493.22732984392,3501.39264690716
1308.31669635751,3450.51981561177
1568.30540205565,8801.18413022868
2036.9486391591,9114.99932017677
7472.21188794684,4375.66156446934
1347.25861481949,9081.82913851884
1453.89840337563,8871.18597326717
1545.43275494574,9164.46889279551
7107.46705600048,8153.75021968752
2405.63157797545,8402.17050488144
7673.22502731484,6708.53145927655
7774.11845837447,6602.06163542166
1528.99639470145,3639.11704014397
3311.97758025836,9127.23664065422
7087.32150477217,7072.89979854047
1287.04149760416,4145.77598704514
7089.03339415061,9240.88827152406
1923.56135002134,9018.17492564556
1238.0555506524,8762.98292288896
7364.53531616731,7423.17205304086
980.671770496328,3474.25837345184
7093.63106394334,6614.71368043219
1138.82165324436,4095.29402449717
7293.1154281546,7224.40761024794
1576.54667497761,3706.32609352586
1083.24765473023,3598.66002363709
7321.76748237251,7401.73241295111
950.278903894522,3760.39245507689
1997.36135409706,7613.16329072654
1536.80615728166,8997.32522627616
1466.63099421405,9459.32616608293
8010.52438716043,6472.70016359371
1498.60780894292,3387.25614253395
734.151596875013,3051.62672173517
6722.84485340826,7271.98167294033
1832.66304217647,9216.52149203302
1404.28132169811,8901.99490618491
7652.4083503095,7944.73276104356
1119.27581718488,2997.62989298516
7068.46003110893,7122.02837221401
1314.15553740464,9189.92806339357
1504.7407565025,3597.95620837571
1455.22099347603,9008.83056166734
8411.69464993813,5815.70417539826
7172.05407063767,7644.61271098379
8764.99743130481,7043.41116872031
951.046046747431,3294.44643096385
809.973486752766,3414.51206848015
7386.89232431128,5995.90303655822
6527.65718437398,7417.00535677128
687.989718532704,3165.43747722819
7201.55707950147,8049.58271275593
1640.9140144232,9204.9009174783
7865.97813658796,8059.86873583655
6796.23665998734,7768.56858152631
1461.89153109313,3506.90632525465
7518.28399167401,8167.03714411363
1501.41033055071,9253.31281317268
1480.76495096136,9006.32447643112
1955.6698472333,9086.93505862619
1657.29358552949,9120.29867609177
1867.23673405218,8283.33926275138
7249.25251193615,6361.94757601273
1443.17234828141,9032.57054555031
7420.04665663513,7647.76895849916
1440.7184766937,3481.06251365739
2714.10447253989,9125.98213491184
1033.82679980319,8595.94643765753
1891.92101121367,9532.57249576014
713.479746580349,2967.63747719981
2325.970512136,3906.00369468447
1541.40554354875,3765.95568468769
1970.89576693261,3995.24278727977
1885.97027704216,9151.70523095051
1616.73302716325,3603.80441880892
1845.22830879272,8946.61425053812
6413.65872847389,7517.91371257092
7666.67109219117,7090.59802350499
1271.52561989319,8943.75136038559
1867.31044312196,8586.78529643555
8110.14752301806,7974.34829173544
864.864228384811,3564.24490523807
1281.74978861867,9220.18867690044
2589.15406292829,8785.64306754631
2078.79607037536,8443.11842118639
3864.93066083126,8698.47445585127
7562.88213254044,7179.22031730436
6815.03211729932,6924.54133017307
3484.37071040136,3355.60996403592
7695.20355932423,8350.89782423129
1640.56772909067,8971.09625101347
7573.10308611605,7793.97831070317
7706.92812827047,7600.25942507254
7572.13556234944,6341.6767219892
8162.87119158201,6667.15608460171
1702.11321741412,3598.74586008611
1777.80401050538,5981.02027688278
8234.23276525028,8161.69841413429
6004.21161399857,7534.07282228881
1023.12240565417,3293.72247714899
1023.82361478229,9254.96691644969
1355.21709986663,8932.52499980022
5902.76605096269,8943.25395332109
6498.57524485026,7936.13094922774
5828.08704286358,7761.38713183028
1726.79648492951,9143.22096981341
7097.08657427004,7192.21449349022
7141.98600743474,8007.89064894823
1278.58849532331,3340.43818155238
7193.46735073666,7302.11267768603
1339.54936641956,8999.45019254832
8171.3268088899,7416.27732500444
8285.85480436084,7595.34797288291
6632.99659709715,8586.03175387424
1697.09266668471,9596.90266253092
5475.37323958388,7833.13435492702
1483.79273799574,8969.85353684644
8681.73183927955,7769.95829275481
1436.01090742704,3398.30116787431
7101.01008783304,8323.0694143617
1831.8017262441,8844.74120856942
8629.17518351661,7281.59237575907
7741.4212939333,7399.28165234137
1592.52963088024,4631.58583635142
7880.75190624781,7457.44685071041
1390.55654797621,3304.85438700728
1998.50719034015,9219.82662595895
7871.18912482339,6298.52465287409
7029.66695967866,6960.41301266415
8869.5629037856,7638.93713815299
1085.41426592472,9003.67896287933
1284.46999806716,3607.97384160786
1235.5463663433,8913.39281039018
1387.24660186153,8803.74728575075
7072.96525391372,7096.97614645539
1281.70390465715,2958.86878121774
2176.84139949508,8845.09292130973
7420.62324115703,7445.79331853953
7457.80769728149,7122.57460248682
7776.33409498624,7409.83117277732
1964.0166844368,8880.21800424198
7118.13577747155,7466.51826205772
7735.55651252313,7940.22642532723
1678.50160934534,3650.25838417421
1395.20596783193,3667.62345955482
1544.47818463489,3840.4699065343
1251.14473844626,3581.05536612453
6781.68292636009,6158.2497645434
1722.4866511422,9083.41855990963
6856.53919484091,8512.04446485109
7024.63568325972,7507.35072348829
1676.30601637447,3416.8253061512
1526.13408184829,9171.77332597376
1995.03772473016,8648.15629402321
7428.63827717016,7605.46451634776
7446.4322016042,7608.29841353976
1718.46962592782,9163.62012638402
2646.85831549787,8712.76856241365
1872.60714807057,3379.66500878603
1236.89760404952,3461.43195460567
7397.11358473316,7034.52668464097
7116.7472548024,4145.72684238328
945.212776800893,9028.43832060692
932.872638922081,3703.34633047656
850.950934297766,9095.01091651267
1504.00446352365,8140.69672512083
7462.22869638594,7528.38622288458
1373.14899074569,3547.97602352848
1337.66808752948,3489.96628738093
7771.32417489786,7194.31917037148
1471.00273661274,3539.14375429861
1782.56814069359,9260.88639617691
1458.60836612238,8687.21055086459
7900.80688089743,8099.95937745276
7524.0014246745,7328.14582525754
935.033807467162,3469.96415488249
2005.39000882668,9020.80257993202
917.573611969137,3250.57664978365
1219.15541394324,7990.37852271477
7082.48434663777,4138.58156102691
1496.27129141475,3684.43411149074
1844.15719343176,8587.78869048205
7987.78470934947,7529.91740175402
1656.40495004102,3600.97854570555
8424.97556711995,5923.98131021808
748.689921344471,2906.81549232899
4591.61190495816,8910.83591179612
2062.91949340263,9150.89750403016
2295.03577213787,8578.73256883003
1435.38229671135,7944.94682018679
1648.48459333819,3555.32222694816
8913.78024551424,7675.56765781561
817.760413542532,3427.06531372463
7423.4754520867,8017.01726721756
1100.58989127138,3534.88714377537
1639.8010400258,8904.35010942321
8171.4139111104,7963.53016309534
1145.79853555453,8708.91299618067
828.085560038819,3223.23419694869
961.109560056127,3375.56017105356
3098.09523128781,4231.49210608283
1346.07478727532,3792.76998340127
1833.75854256227,9397.39975502817
1039.22246264603,8837.25879740529
7167.19224606648,6194.20352629448
1892.82007212278,8555.79757913591
7309.14894631808,7862.74766799646
7619.88774615866,8261.38129254799
1702.85844789467,3391.98535197623
6193.94309038484,6896.2271776088
8325.07887766721,5501.19132076357
8125.53417757498,7617.55527007767
6249.48448555114,7402.35682152725
1842.83895603756,9224.75681128698
1601.04867781388,3679.04412474488
1027.5983134423,3374.02050813466
7967.38382828514,7296.4192816713
1139.43446116529,3510.77387617114
6833.16517495756,8146.28576770781
1486.82815101208,3923.84530412311
952.760493009623,9285.98033233502
1474.60759526937,9173.07151756417
1905.4658627281,9173.9079192343
9234.64881312624,7482.71722580202
1387.46948301586,8791.8892523205
8570.43652787116,7714.53469010165
7604.12805950948,7706.40903439214
1642.18871583442,9120.14451736121
2043.72733622216,8761.71415532794
1572.26434477147,3669.99986959912
1345.877706164,3558.61541853297
440.164374617261,2930.52129285539
2190.07632512409,5940.08005990932
9027.29953583024,8270.49186842521
1392.76007409057,8992.81265122673
1292.76741093142,3742.0453257316
687.497076395994,3111.75542359764
1448.40970072991,3733.18002229139
6750.9420304609,7981.52787564319
1464.41456943078,8952.36166922735
1545.69869502579,8977.86309601119
1800.74103756838,9109.03617093612
1181.09757711384,3402.73076454623
6839.82720325094,8458.26515954972
7106.60420264404,7388.44495494908
8377.14035888811,7223.93570323912
6680.11705100371,6693.45914689395
7106.53331492938,7159.58027954664
787.120014240224,3265.31977102995
1991.51074728433,8941.49212710922
1971.08321975417,9055.8940733958
7417.84437674087,7796.06231448118
2182.92294735414,3516.91322149456
3048.80639784501,8742.86082157944
7554.71173459196,5353.07351348715
1197.27870318884,9189.24288780961
2521.18106247184,8692.62568305194
1491.59465986256,3392.07013716944
1555.91456268843,8682.08466392072
7114.56923381417,8334.33347990622
7853.16280921431,7587.89231866323
7294.88224583858,7598.43962271056
7239.94332722063,8184.19380267835
8841.52528410104,7841.31630053316
6979.6255640712,7875.57026168967
7878.64286070406,9184.46039796847
1457.18961406658,3757.25621023573
7754.19717281724,7271.50010023856
7237.95873532606,7932.67283889383
7618.95394231283,7499.22519343092
7648.59011040155,7118.97325018912
1746.01781279897,3617.38196377781
1063.73888266168,3447.36299399288
1005.44475620774,9211.04133082086
462.70047823796,3238.49625275538
1650.45051959039,8762.32228000612
6940.39430761064,8059.17486115204
1590.89388305793,9093.54485630612
7533.68838286414,7248.5864028526
663.187410806062,3240.01252679452
1392.17197257375,3771.71786103661
886.269018057906,3515.42727449102
8012.38191732793,8112.54451238065
7568.4989825934,7890.66659731969
1726.96956983014,9206.7549272831
1072.08265411153,3221.6162148158
1130.38051527992,9159.40916375446
1259.86850448756,3704.13124291234
772.826360040372,3491.70979043439
1370.91879517404,6375.76486535052
7480.99565932588,7391.63372186364
1163.85002960299,8907.12433966052
1746.91060630707,8433.49284059018
7553.805505752,6784.20278999837
1865.42899439414,8599.58939499795
7386.88830274244,7778.82580998567
7140.85415493679,7815.88662896682
8280.55069838472,7878.13817762
7805.95630921381,6873.32840301438
979.157816810574,9144.73557891063
7225.88672424595,7880.08941806786
7248.12226557678,7466.29505139445
3317.8741974481,8168.72570449998
1100.46692932187,3532.25798884677
7513.94438367511,8448.01202386572
1142.88711300714,9152.08521122716
7991.98736243254,7438.32926693582
6043.18511732077,7699.08083532052
1081.74149173074,9002.50490261852
1739.71039214321,8672.58762608917
1012.65478355256,9324.52711807327
6532.14874005957,7943.06026261844
1752.28044837268,8139.41477973148
1333.62011161763,3675.61249557297
1265.90033453906,3425.38590178608
1190.77961779246,3501.3561217861
1505.50289718851,9154.08772936511
6439.2959392792,7458.97912089339
1550.54096709749,9136.7304862722
7910.09581071272,7233.50111742532
7673.49596357916,8042.45335567051
6920.60807402447,7001.27058076376
7111.99964200372,6164.55484097985
1355.47935949739,3599.45101316396
6920.00543771264,8037.54410202667
7354.97690196584,7745.44811523885
1128.37747746381,3352.40450020986
1560.9713563214,3630.57348711338
7795.82413964967,7839.0983856229
9079.93868592516,7210.06803849659
8895.34167370001,6262.02680440093
1033.81564065684,3240.86434855833
7209.20761902295,8020.88568655126
7062.6459500666,7472.03291467821
7329.6014559635,7643.84739074712
2083.05449528201,8719.46044071405
1198.60954845069,9211.97014244456
7705.75317015798,9597.19530931135
1295.13661097277,3413.55690861487
2145.67128348286,8382.45352553806
1198.00246810751,3405.06407804185
6323.12032374048,7080.45031221267
1084.24395314496,3403.4279474148
7949.47981692804,7131.39356818444
7470.81605200413,7273.47887616423
893.353852022603,3378.58951771076
1727.51123253561,9499.1258227222
1479.1481854922,8968.17807674706
8831.50226368572,7543.75373667614
2747.65850042436,9197.83743016623
6235.02962568668,7441.574856208
1261.54374532591,9119.70969831148
1075.62800520976,3335.74982911984
7000.80471069252,8108.23975130029
717.677276453151,8945.25724923726
7710.76931705193,7259.52943588445
1597.94688920225,8357.32397070488
1216.59549185515,8338.08403343273
1257.85800105153,3768.05894124341
1249.34667861728,9354.65264741267
1201.98503262017,3308.02057727874
898.146989975348,3245.21713695112
7323.6108085565,6466.85451119247
1437.12272144286,8578.00940985958
7970.45935784658,7801.1953447438
1205.22483424677,3925.7800721093
1124.96275000925,8208.7792609726
7236.66316567696,7665.06443116442
7266.59528761171,7151.57079253621
7582.43915290868,7406.9881444785
1630.75096400832,9071.39985497902
7688.33223782078,8174.06030217459
7204.10941774811,8129.79845358447
7433.60816998668,7772.17747984695
1532.1641257476,3704.69568647093
7694.08524828476,8260.51347734386
1410.36483078573,3938.79645152092
1219.29205264003,4430.62896081951
7860.19320065316,7443.00777311989
1424.67049990765,9021.54533863849
6837.44510785608,8610.66853710755
2955.27814919892,8777.4397933188
7955.87224862542,7747.85148936398
1921.11648583914,8214.64557314956
1585.01467803618,8864.27470706194
8011.16869803939,8033.68527505708
1630.73444100773,8794.71336822592
1570.61836853384,8927.7804974231
8398.29241064488,7188.85571749961
1347.52253291232,8055.98965968916
1105.67401292088,3495.24779592889
1918.15966232619,8834.24038292412
1063.24609677421,3362.16514402451
2759.19449255614,8506.67442733571
1051.5045818732,3483.94039697268
1391.01817248205,3673.20739156474
1772.64107307054,6783.82702582481
968.832544304007,9008.91306068001
1784.33868128234,3774.93855210458
7539.22231055488,7357.42632304819
1222.07707458324,3548.49750466118
973.788480136346,3408.92554881932
574.28809934214,8067.78903687365
6233.42838361278,8052.56128350422
1116.95803313294,8996.24723215067
1707.52755562976,4006.78076007863
1455.41476761507,8960.86356273048
1487.23242721571,7751.42509724325
1907.43896991518,6146.08867620054
1810.39548435405,3939.73857119168
7046.3096919636,7070.04028622692
1434.81576926139,4089.53148826188
2247.14088856474,3904.27414409229
1765.90985873454,8769.29404060689
6956.86386190246,7530.14123388944
1927.20303381035,3778.89051539397
7437.29603477607,7620.4199466888
1976.29002101297,8693.03003794127
2057.70814211587,8301.25195972856
7679.1797488662,7853.32336447335
1250.5562686334,9015.85409793017
1409.2919531337,9257.30934823523
7287.06188170583,7240.02228873011
1862.97205601404,8710.92078879951
7630.03633591225,6917.8744654216
1139.73970053625,9246.06870424249
1559.82812111298,8874.82177963038
7711.68866054746,7810.1313531669
1393.71554786073,9122.95215878529
1866.31666616822,8666.12193803338
6517.65482971314,5746.28976083151
2135.53344415191,3515.0409413693
7615.07566410015,8064.70664710015
2052.09917987244,8716.620307727
1349.92624207695,3163.92768676798
7676.35230566981,7261.29552964608
7345.76018107932,8385.00033896565
1756.00865411341,9398.08737399833
8093.87939641437,7858.34289218852
8139.02540941533,7680.41624063572
2022.84367191508,9060.38544776976
7321.3713787258,7727.55490710954
1243.97714294189,8975.49108906465
1133.33117259375,3439.0918926079
1839.78416595758,9093.39018929227
1167.70605015998,3262.93685489421
1599.74765902806,3822.85936230131
1193.83599532922,3486.80337756838
1580.18318749003,8518.28061928106
740.402289828828,3202.74017693461
1575.49181223465,9018.21604529972
6844.70626367098,7987.77843379653
6917.35310908764,8124.49998623514
683.003228453659,3435.99251533177
8181.33028827139,7279.28522266983
8425.43943389546,6907.84891277327
1976.11483748911,8557.57258007277
6975.61390321001,7190.33562710903
1131.11318202073,9222.0819335889
1172.48357647375,9108.86035036318
633.169749729692,2952.47962138419
1046.92650363949,3632.0861762602
7525.86391427497,5966.45704840633
7679.61293055256,6801.59517319863
1329.43626244514,3559.33050108615
8444.87882367163,7693.21738773298
1234.8640774305,9296.59822500621
1693.1377151313,8832.45461781732
2258.64755180342,7950.08736451303
1900.30295208918,8998.80962136614
7497.79629994688,7150.50629685156
7833.06567061088,7909.34074177271
6842.9528546152,6888.39699406475
751.675521837117,9002.1187793498
2008.06667381655,4058.93681040319
2320.20842712004,9041.51164613992
7609.50849956291,7136.73901710729
1587.21272943345,5458.75873209343
1270.37766512782,3828.07363082279
1887.04466133257,8929.33286847047
3462.30062526146,8945.12214121836
1347.54062960181,3389.91123555486
6671.0320220824,6310.36216285641
1542.1374590673,8826.67630321639
1725.81099845394,4089.89265782423
1501.46202880637,8750.098881905
7898.14560870542,7216.97342725152
7385.82112710305,7713.26989037301
7402.60542385209,7377.63907798927
7776.41940985975,7640.97311838814
6527.83839089516,7677.0554921621
2365.8635262925,8824.50755870942
1684.82052815216,9044.06266245948
1357.58914524206,9037.22955224156
7452.56473877383,8283.04689879052
1470.43507995234,8478.86048742439
1561.37079172084,3642.85088144207
537.944195326095,3235.30028650552
1693.74403279017,9049.76571924479
7492.46969490494,7892.89522215062
1822.41993760499,8414.28672332639
1533.14931439681,8979.13174898075
1730.49736145097,8411.1408452042
1465.90928228891,8984.63646478419
6637.97552488747,7457.69258762455
2516.64446088787,7693.87831773452
1706.45395023688,8984.46187990417
7714.06528158416,7679.39962567082
1429.8430082808,7453.59422408171
4309.16074722219,4048.27334558311
8526.75808204212,5456.49027487668
1906.44410571931,8019.25887251176
1733.14144346799,9022.54785666269
5900.95288339916,7131.38104110118
1757.92651258454,8878.56680052096
8963.99005029855,7516.59585341573
796.401577641524,8923.98781715352
1853.9801517212,4168.05232345893
1579.31348382514,3846.45788563199
7064.09122485659,7942.80481050526
1705.03361851839,9180.06347428403
8494.33001167858,7620.67184039208
7585.89653761764,7275.44402325718
7585.53459977466,8377.94314031153
7618.70662509096,8173.29424834576
1464.46268016909,9336.96584066147
7531.54993849335,7665.32029647838
1413.2237929855,3927.85713346548
8657.83513117534,7686.60403872515
7119.67374114114,8000.40422994864
1102.41820802656,6689.60323813432
7832.91546091648,7758.07114108894
7752.53821455339,6434.58480515719
7149.40864385936,8135.91230389895
8700.8829271752,7855.56912583674
837.982560817975,9174.48142216167
1369.74768780157,9004.18579123519
1570.74200513737,9147.34280505453
1813.83751499339,7880.49859868436
959.608836233171,3095.14014258286
7374.09396691885,7449.00353279252
5872.80960996448,5668.74640845409
5939.09984228437,7520.10564883821
8368.28268418686,7614.59123283373
3644.31684481662,9133.48338845173
1679.38197915579,8212.0004398198
8193.49939607564,6747.58827778459
7352.98570174975,7209.4146190598
7539.04520278679,7032.05273682615
7639.69313344855,8185.87972331831
7072.13313925866,7766.39590697513
7063.19561145805,7740.48145657873
7438.68439121694,7748.86521681155
7427.54226283816,6422.72449004485
7197.38881086681,7410.34756962416
1441.83067046385,3188.25980526055
1163.12381361069,9031.51675640298
7600.53672669596,6912.756208973
7063.89002665412,7315.16267475967
1239.18238879978,9020.8371666792
6958.90966527989,7429.561987841
2135.44272934761,9299.85342153286
1138.0833810924,3422.19579840991
8236.76176406795,6420.82085117679
996.78392242962,3332.50474507021
1297.39083751723,8387.71622118609
1464.50264082882,3750.27506623252
706.372295213634,3300.8348748443
1604.09960626024,9339.18190772846
1427.52016658253,9169.41878430004
1147.9216933844,3481.86576551832
8211.4886601227,6246.01666133555
7220.1763491792,7340.27576306944
1947.95812024428,9287.14628143788
7407.88698620936,7665.64459966256
1448.74620551949,3739.86425647189
1813.74715254038,3648.9100503382
1255.39005898623,8888.73032385224
1234.03804733056,3366.68718071524
1434.00487788058,8997.10841933507
1186.45872971801,3254.88396923637
6473.74531146163,7489.48201440797
1040.61123831966,3602.2165847061
7370.34763056873,7528.03872289168
6131.45444916076,7421.79558455901
1109.19981016156,8949.47738470073
1227.02463546067,8788.05884112357
7596.8790549802,6997.86528499729
7699.81363507136,7749.93022487377
5917.25003566768,3497.68597247859
1455.82856478208,3541.99734207732
6256.42514751854,7510.32904596481
1515.31068117887,4253.10578293818
1302.93842378469,3648.60224578321
1719.11284839793,3381.3968840978
7560.36423868165,8295.05235826378
7493.92911191476,8433.61500237174
8086.679495433,8442.78538165047
1250.25655960435,3665.39435807226
1348.98453626391,8875.78061080594
7270.52600936945,7808.58006739887
3868.32830510904,4503.0357214568
6976.72139534705,8190.96190063812
6889.47784347353,7768.58117664717
1236.46779015755,9545.39752185887
1773.740313141,9153.14001684901
1077.31296898445,8749.24467788588
695.080406077902,3002.74445675253
6897.45746709444,6093.28778582538
1426.27150937879,3549.30304642983
1644.47283080416,9062.33003644765
7296.72860623464,7381.94220483729
1232.68748517476,3684.022352697
7517.51983303237,7747.85713849805
1503.33676516333,8181.05949401926
1493.60963132769,3744.27506923099
7834.9449851233,7879.97670396364
805.716413580112,3588.81169577319
1333.4989891732,9128.0033360921
4895.75601779656,3590.74995365814
8091.58100548691,7194.07311763068
1899.09182174861,8495.73008545495
7478.14676354425,6618.1367667434
7929.29462111402,6680.06205780097
1210.00024275431,8437.8993714184
1091.98381146878,3544.04144353661
1319.10475555131,8912.94506990127
1052.26409908241,8739.40205101623
1111.45176853225,3821.43877934393
1472.27561710059,8536.9694635831
7133.71947848234,6736.56750638342
741.509144809083,3106.46786611451
963.093024902491,3413.96040121896
6851.91488484357,7234.76765736998
2926.42645750265,4016.07100976706
1386.1220812413,9187.29042255449
1969.76181510874,3730.89118346183
1328.44164994937,9182.65470920163
860.469384454613,9079.67353595609
7945.3521060505,7091.88690008594
1255.72566113596,3469.30520682486
1834.56310913006,4104.45479654701
6928.23777179649,8059.32881973787
1249.80875046815,3400.17019911485
1328.31393205772,3625.89168412062
1545.7895660452,3480.18725422066
2858.72912273504,5902.32713881424
7838.96558143649,8586.23994087673
1151.25938325635,3362.86382117529
8006.9931596731,7164.33388518137
1721.43340764318,8143.41685133923
1344.04552929468,3864.30356968142
1790.34544282832,8921.0289811878
7983.63626235844,7744.46463763213
7466.24974897225,7591.66323062584
7767.15034059292,7686.80816887631
7124.51373044807,7400.62522322108
6762.18043628461,7838.49012488718
8845.43935599561,7379.66782209666
6931.93428940756,7135.83673765046
2125.60978789919,8685.65690381468
6804.34005476006,7234.24207678798
1939.66592317911,8844.39098472617
7808.32935173855,8086.20786066116
7283.16589619686,7043.46344290125
1401.07185814555,3065.97809880516
1552.44166385054,3809.76564454186
995.470823402493,9096.96726434836
1086.6517368124,3339.57191401138
1400.42784247404,3818.86947341969
1031.64734817834,3189.70265798094
1028.56483632421,3527.61608175917
6924.24149697215,7112.74691106178
8378.41096953062,7946.35947300239
2264.7526800391,8734.19174719005
1436.32505770353,3554.07525428234
1082.62670586904,9035.80534113993
1408.75835975849,8914.42961845326
1840.1806757973,8845.61657377275
997.142829682049,3099.04055571137
8691.08738694423,6720.96394182638
6722.29115781267,8166.92130565635
8748.43028909228,7232.66893446239
1305.58624786373,8219.80265551142
1507.09765633286,8670.94336921213
8974.10069170384,7857.00314364707
4111.43263517474,4194.10141737295
912.619682187937,3018.10804822278
8545.15630539896,6447.2088072655
6911.4165833681,8175.86780527821
1586.08551864211,8600.86424776302
943.866774662629,3216.0876550233
906.349950015978,8900.83524772592
7655.18987688896,8217.86621027787
7045.56804165663,7985.55655738619
1904.09401627941,8769.16777111583
8115.18254968237,7624.3352934816
1549.31479146868,8897.60713361282
5898.71256147546,7932.19587924633
1673.46686732191,8488.386870725
7225.43770952085,8385.62643672571
7121.9581773354,7361.89013616666
1275.85392169592,3818.22942987793
2019.9428744374,9226.24642022817
2062.62638317531,8325.11612065124
4996.58851730887,7002.22254832868
7280.81663912983,8040.2737434026
7843.37954466878,8628.41437522782
944.268601741933,8977.37578386531
1858.31604366015,3417.84370673348
6873.11275467007,7861.90440194348
1154.36199274477,9193.57725794252
6962.3294018765,8266.9427387336
1087.93405875993,9032.92615711157
1272.49501017276,8797.73532668213
6792.31897378513,8276.14168212543
6687.35718994224,6923.68267484843
7292.38568134109,7730.04387562339
843.598052376438,3560.79518524743
1215.0261101945,3375.86524508791
1567.76670620477,8825.72756481033
1051.30093231796,3608.19464645282
8907.24431876136,7725.02715777992
965.012851490125,3864.08825416017
1065.22967061873,9120.60733659042
1916.91668916566,3849.38498287079
2574.03724222882,8443.23584517854
1702.64534405513,3670.62393377566
978.713081936065,9101.06786073843
7196.98673103961,7564.09931206746
1855.89355617222,3800.69823915661
3033.54840632205,8903.67520298364
847.970031430841,3330.32832469153
7750.448507527,7484.55322695695
1766.13336522412,8790.7372831987
959.521248554322,9177.7415369751
1088.96043776288,3303.77566491835
1420.03980837728,3642.26082423821
1231.67284074142,8537.94192033365
1721.37671624474,3954.02514854261
1140.27579063734,9222.24198519026
1334.68166942136,3704.77723161375
1157.87282278289,3348.63659297887
606.493726356367,3473.13653828863
7042.74213511517,8198.80983261054
7095.38325989457,7680.26089791756
6676.24813909223,8356.53483474078
7987.46650969326,7236.66913985899
1360.87915627494,8164.34026836203
6086.76275254115,7755.31057256633
8751.93420918474,7609.66373194778
7656.17011531491,8153.5825786562
1352.16854190478,3362.02809384554
7615.48838053768,8294.30628357588
6605.55456439177,8067.97239112894
7970.22557512932,8534.39933377239
509.3487659258,2923.62641842417
1454.82597934278,4011.53523127044
7115.89320384099,7879.68968566548
8034.90043574755,7291.12043176564
1517.10423687361,3844.1893747494
1150.6876143858,3439.88817096395
1017.6556707941,4710.75528987393
6990.22073594073,7598.23759671015
1517.86192744845,9329.39995994498
722.532858992857,3279.69573647514
1463.7162659337,8867.69942629988
7466.52255555131,7774.85159892291
2224.42938244327,4698.51082927283
7007.63545086408,7184.96389212727
7617.87751140561,6753.87135546817
7757.3480480555,7774.5427214031
7491.49973756724,7997.3875854813
700.873481777584,3742.27720569083
8474.47808547039,6708.0852793631
2545.05609815243,8049.95519428375
7580.13049746035,7340.59274667612
7087.52452886907,7800.04074343507
1352.79351474964,9157.05290834714
1293.25802072599,9274.66829725138
6761.88954638291,7622.89082886136
1391.18757139104,9149.11723967762
1673.72910842641,3899.09888545736
1042.40435491138,8884.14378070537
1048.66017279028,3456.59732843968
1670.58587070551,7782.73448022585
6791.23610285346,6323.93940827153
1008.10431568004,3548.28761701455
1352.63514844754,3381.2846917453
1251.78094492184,3808.21408256122
1050.63202030012,3633.70466785096
7325.79129476838,7774.19644071183
8474.96751163858,6648.66154914498
7341.8255297118,7186.52671068666
2507.26365160694,8114.55078750067
2023.96521582106,3533.73101334331
1431.38428955869,7902.55993249291
2611.29974970521,8803.16836943817
909.428551962303,3638.0011655171
1145.37505253032,3600.61233509423
7440.93761561375,7123.96835996543
6340.14358904999,7773.03954893737
8164.40436403355,7975.43970736975
1243.34988158982,3482.00074849
7256.63203615635,7587.85845267861
1469.1215927281,3535.12072733952
1950.30725544658,9079.86136505482
1382.27193096858,3885.5276957234
7173.373842135,7203.08716562116
1457.48220522112,9350.54698612052
7153.8963948092,7822.21603668528
1405.67482907951,8963.87445457348
7761.02633448233,8122.55996627461
588.151048861173,8872.38495315152
1324.08150293956,3540.26303367281
9181.14001874143,7229.83659180667
535.775325967562,2998.85111490089
2169.77350362348,9038.1065299784
1321.89883524151,8882.01332710284
7521.07944161182,7822.64410514184
1548.61777260252,3708.10208788089
7186.03054507911,7922.93792262834
1416.82216659747,3569.56290264271
874.256051094471,3141.23917517168
8163.99764897348,6924.14364948282
1449.03696404572,9274.10210178074
7768.37587430127,7744.79565495923
1069.43002589253,8871.82012022197
7210.53388114821,7576.06992268578
2201.34352615225,9358.35126389659
6120.53585544949,8003.08788862544
7636.9657783867,8034.96811118235
2141.53948302302,3821.04411044508
1114.28509866886,4128.17471486199
1664.00251584377,3709.69163836425
7072.08948744086,7897.3005685426
837.848730419563,3892.76845834086
1032.51437604144,3599.43917388791
9217.95145741326,8017.04801266874
1632.68296008879,8852.66500947573
1037.66069022365,3807.02091886114
1616.12188873456,3971.58034297833
1323.82349218235,9315.66687159657
6959.76548252317,8055.13005354502
1994.86795423271,8745.69001872447
1363.28331417238,3523.2654267551
1545.79010343249,9052.29196745414
2660.21241026578,3873.73680131669
7725.11755253999,8120.1896013824
1214.49726034613,8451.36494457335
1623.31527840626,3982.72088788912
7640.03535268032,8400.46319165345
1993.91045161764,9199.6164666165
1083.53873301967,8855.41856311186
8996.59211935054,7646.75179291872
1406.69349683528,8671.14055779478
5944.5880466965,6809.45686566513
7460.54679980229,7406.08530683547
831.024557220722,7631.10741832617
2100.01535939323,8790.1633515489
1399.67710380284,8865.88782207885
884.688055108197,3293.04497916999
2415.49622178623,8311.45537735269
3725.50210887046,8581.88932351954
7511.20239448422,8371.33566803772
988.741272818549,8655.52920481216
8660.55147142551,5817.34557391355
2897.90479851757,9164.54784409937
1909.57540358103,3960.87623773571
1678.53173179995,9194.16665849147
7231.85316570848,7437.27240568556
8099.13498088072,6998.93041214823
1656.34874596124,3821.503809715
2308.33627062231,8250.14877193873
1300.69337173613,3905.23298790066
595.035919705481,3019.54211788459
1562.89701171891,8041.49968121616
7641.02837320675,7799.10844909546
7610.34631634184,7493.0225890677
1510.20347550511,8890.39358149882
7744.98914725138,7963.29306967
7483.30162560624,7895.99193318661
1143.17521708949,3568.48153487736
8260.23339690624,7501.36661076025
7769.0785364305,8356.94765040648
1838.39336604031,3610.26548203353
1263.72184799901,3678.15173414912
1376.45279701113,9059.39516852198
6599.85001234001,8312.89493469106
728.163059432715,3235.25570744441
1869.02191084072,9099.84534218043
1849.59122917559,8585.35926817511
6835.13860401461,6763.7686915855
1158.58827696471,8524.99286854307
1356.5176012767,3357.01722747145
6325.37785812588,7143.59800606991
1361.02965307688,8412.32056264018
8889.3338217908,7433.11570051956
2293.34012024122,7816.59550199517
1363.93862513714,9081.68138777319
1365.14321033118,8803.40110554987
6648.77821368031,7312.18150117972
7006.80857706658,6310.83896703198
7929.81975301603,7913.87456529516
7296.784382013,7391.75121391908
868.613755679558,3222.50622186515
929.033428317723,3260.9007027852
834.225376313806,9100.41468511581
7279.28385771406,8162.18702963423
1276.84774472404,8953.81416647778
1526.27102235789,3709.68659062475
7938.70551543026,7890.41413594072
1160.33917201303,3421.12489335424
1422.15958674158,8313.20809655537
7566.33299465041,7195.94840597419
5122.0139570303,9199.44364630105
2151.8827030745,9155.57034632906
8529.60382008022,7491.00444692945
1067.62640396469,3282.01779281231
1463.80244961908,8760.48436878338
2409.32162553903,8468.62647832713
1223.7521429311,3734.25003367579
1606.04492324108,3559.19105757205
4025.4533993229,6804.02794252406
7705.84507863262,7893.98594983859
1063.85354289433,3313.48432851489
7114.4165069061,8424.03785557425
4711.99261926358,7021.98983882167
2416.1842387359,8562.23404447703
1068.59026614576,9223.76844196871
1573.29054127176,3844.85451120476
975.9726239001,3488.1747947966
801.64583044808,3263.74203927323
8564.51351752159,6010.75043951861
908.443749721919,3264.01543229044
1412.53945538789,9046.34830472719
1348.90013836086,3520.27671592507
1525.74144354987,8774.17896124515
1862.02070436989,9164.63205358331
6941.18194586319,7373.99414095681
2072.10732801772,8907.06157534431
1652.04925936154,3698.26467128744
991.85442148094,3319.84107355114
7893.36158936828,8141.71316099785
1775.38815233637,3856.65393076961
7751.72853335877,8062.07282935842
7599.85612239801,7914.82060914766
1563.87958527295,9168.0182675703
8594.42631847354,4264.62454708049
8048.84513356887,7699.05356008642
7677.98338553754,7765.22196954711
1402.22947243277,9203.02494313232
1491.10576224991,8637.84881646793
2566.42356406039,8756.53670553344
1507.91193169563,9100.00854922782
6642.13262021887,7145.44991906767
793.434431653306,9258.24618327788
8784.05239740978,7336.0663575989
7804.70365343907,7680.90092228146
1157.57381748793,9018.68984284667
7654.91737324212,8249.88702090763
1235.96889884905,9224.89523685328
6762.11475410765,9416.89201890573
6936.28256817944,7831.50551112306
7376.7545503751,7294.28309963594
1169.93253982279,3572.26191069713
6869.78250916951,7557.38134600138
1903.56392099739,9401.76493926865
1077.83677319725,3524.54711925788
7284.38973917282,7174.7976996285
7825.29803447224,5612.12257062062
844.562834586656,3199.09048056556
1011.35555385259,3426.29894731462
8123.20840787815,7312.61706347418
6860.35256886651,3736.28943390518
1526.29852212218,3714.0402420405
7464.16700839426,7046.45887115433
758.54338387716,3471.33138840184
6888.03385336991,7186.18355171987
7319.49711720565,6740.81516783323
1103.92850642742,3394.16867470561
393.212454617389,2945.44973629169
7699.0772179597,8342.87124544967
1390.49157359388,3611.2074916148
7280.07113035514,8181.79041962447
8029.53783887539,7924.63042929663
1671.64966730183,3670.93918919559
1179.22842691033,9202.73775938161
1154.72420888319,9116.7722901797
1114.17620023285,3347.89065661909
2622.35281652851,3871.91684576595
1395.65858342273,4065.00246728054
1580.84030635881,8846.32334637065
1482.56408307338,3616.57710236395
8918.33769296882,7962.12364729974
1646.5208992797,8687.2297065834
1696.41913153818,8268.48139540001
2123.16041045485,7816.68223952364
7134.11575815116,8149.96382479906
6958.73158769329,7651.77077951979
5962.87515114222,7786.64340735748
757.988624598561,3237.34226527677
1537.20003498364,3634.54418294782
7030.05130970405,6709.38940336866
1707.97980380813,8641.21923062823
748.297706222818,3210.8601649122
8285.3735603151,7691.37933762071
1476.89774685397,8393.05697414501
3792.46176066325,9179.98389231033
1180.30377181017,3908.23809402966
2433.50611734641,9059.64080663571
1020.15422794046,9020.17687061872
735.790224658453,8754.76391552592
7447.56426432177,7187.22849575806
765.758375774285,3395.47052763877
1765.56461220702,8468.59626593262
1859.30578875688,4397.35002736486
734.124744833589,2982.0097598087
6968.09116941412,7853.69955131462
920.783214405284,3446.33193170181
1741.02445164617,8890.874909632
1253.99583413359,9171.13382428584
6682.86672285642,7783.17801153016
2152.48685156484,8697.38740420576
7128.07991420976,7582.41833245
6967.06718221556,7510.41163886488
1770.31517073491,3723.85621307363
7810.02170576263,7898.49672429268
2510.44919765567,9164.75665745185
1328.33618769126,3800.43113353672
1337.42948110007,3485.33386825182
8827.15623950585,7445.38947391861
1618.85816597816,9211.18578975019
8562.87536487122,7609.94903971209
1292.61936846181,8329.93557332959
1415.28372923772,3135.18487040508
1416.77513489237,3270.36233398573
1573.32974781969,9012.99565216261
7133.02263088862,6981.59309600104
7565.28729076197,7985.61855631472
1526.65095361395,8221.96939944399
2131.65485617976,8921.79628641987
1303.05422170638,3529.31709918232
985.584714640293,3449.65876715309
7018.5356279154,7332.60830692982
1866.34565791883,4349.10536742099
1595.1314588709,3761.90608686948
7860.96568385135,6910.78006681778
1091.75384059504,3633.93537591232
1102.43461354841,3155.91478789999
1266.31609741856,9200.00937848469
7582.81098975394,7405.59832513794
1182.54064038482,3513.0186255844
1546.03411337232,8160.50349783555
1624.9814497065,3812.49361571885
1149.03523458989,4031.71821828322
1816.84813581377,4026.03483305064
1173.91961830958,8770.52357618226
6689.8485628745,8021.69833738372
7059.70261500903,6447.33483803189
937.826627547006,8697.00018877584
1487.04435875473,4303.07058054766
1860.27367705341,7923.51577724694
1430.75018877589,9620.43141659136
1197.21054275802,3700.50691035341
1504.11841515574,3619.66385059097
1497.20283889377,8915.37289502702
8001.64184644605,7559.67438594513
4349.78788939521,4044.68088950842
7520.21539214072,8444.5501798294
7951.20221818379,7623.07274974172
7589.43892547267,8219.85221724229
1953.51768670664,8112.67447798965
1550.04898087124,3824.74254735334
8830.83808751686,7492.87143178428
2179.48395582126,8743.79301226854
1635.6965021799,2758.6566956587
1997.36879485517,3291.92959514787
2048.12213440164,8133.99594743539
6947.63031808634,7076.07466473074
7495.40781440695,8073.46575201521
7359.99130803637,7435.12165386928
8361.12129817819,7717.95729173505
1766.90886124151,9152.63997963549
1548.43140484588,8948.76633353183
6511.03999849887,3862.20593492907
6704.00460666888,4266.09662789841
1190.67969187525,9438.22505016913
7102.51516251032,8253.42608876156
6850.78979613621,7728.57222613644
1694.84931981106,8848.88767799463
8076.01024650934,8005.97562287499
1093.82279170135,3559.26507175245
2469.20542680273,4217.57006512964
1080.46932829679,8630.48908474346
7567.51855461031,5550.33713830954
2272.78353672678,3768.01243676222
4078.04985528944,3400.48172291799
1007.6718340786,3260.47988912147
1737.73528625897,8937.77394078582
6741.64588600823,5570.8243892816
1156.75213929002,9323.33463963106
6677.60777213578,7832.06999332271
2341.65087398924,8781.15800190795
7082.28570321679,7276.51456070631
8451.98094927767,7867.95708129126
7805.18223073247,7403.22377168019
7063.17405231962,7435.54439304062
7348.42504478611,8078.60809552299
7421.14320946414,8031.30429822386
1020.65720141996,3627.40796976364
7004.53070386408,6642.64344858524
9228.83664168961,7581.11125071397
2567.26295157394,7818.75843909879
2276.79484530947,3487.82317954087
1317.96536212815,9009.7902718122
1187.79120992535,9035.75071182265
971.740147677638,3234.70095257076
1200.44187603748,3749.69891706594
2094.14528355025,8456.66366153502
7394.71258854881,7789.58699974171
7066.1104483415,7304.849411301
1683.3147574144,8981.4765715907
1746.62347648638,9223.31062085006
1344.62424060575,3714.58836909962
1386.29750480576,3629.60971476681
1383.39074636724,3523.34234827321
6648.28772863447,7331.73544527302
923.749948098225,7808.73962859176
8188.5118475664,7372.24045442334
7733.69519261507,7435.93060352644
1754.84445163379,8900.63107840042
1575.8708887061,8695.09894210599
1243.78345933981,9180.16766024826
906.539461458922,3165.04595221494
7423.86178692887,7350.57493731628
1854.70378494912,8992.40223239206
1190.08541055175,9012.12955262144
2280.65784597296,8786.21058722328
1795.39158596818,8523.68641031927
7978.61307505658,7131.58311140884
1888.78321585372,9214.2818403303
7543.28640401145,7822.95569927557
1054.41621644464,8897.13315942554
1951.49678088911,9049.69953610709
8653.20041865084,7614.92233928628
8062.0857787479,7427.65546652394
2161.28642163766,8011.17970521023
7166.18092020916,7912.21139636161
6644.04632579096,7575.55117141939
1316.02435206844,4668.55214192288
1386.20442185047,3767.95743907774
1386.554456341,3789.53787444409
1511.51429022339,8690.0347412825
7945.98410450208,7394.12986517157
1474.45445817348,3806.02447204959
1635.04394488299,3950.87220488871
945.511308834555,3358.71528244833
6929.04579791736,7699.7223284038
1500.03431374345,8761.48480768645
7407.14809998287,8084.2553455858
1934.64462923048,9191.61850133765
7938.94802633075,7690.99336649074
1509.40545905377,8780.4604380072
7285.63381870111,6855.62258481035
7054.12367108528,7443.36012521514
8380.87408469934,7365.00022849371
1336.59085587778,3414.15855448855
1202.33581513378,8615.02476369378
6830.0853092034,6578.24027621979
998.334797132919,3497.90283384548
1714.85236946316,3958.63929379967
6818.86766447378,7978.98241184506
7704.09112521952,7611.52183523869
3554.76765400064,8772.43159144264
7980.84715713601,7602.07357205103
6631.4078183291,8068.10196527819
7628.36603429946,5767.30514148908
8052.00685743861,6995.21507000759
7645.97215112587,8062.62494187328
1884.63098642915,8874.77909683962
6761.44632057533,7813.76269607261
1997.93089190763,3712.22674801766
1076.66347161785,9372.42461490977
7870.43159864281,8258.26443653013
8157.67584877432,7507.59141235612
2921.63075466672,8313.55073047525
1040.06353488794,3788.00415843898
3252.64736233369,7622.12568728035
2152.02028928723,8219.93184483739
1030.64491771675,3416.51044818333
7130.46946737845,7572.87028633102
2040.85216735831,9086.23652754059
7184.22050981977,6946.10486837888
7418.88016008292,7798.12747483914
1215.86591511226,3116.06331178343
8102.38955605486,8226.5179881941
1401.59213295057,3737.96359068419
3102.42599634661,8918.41759692615
6721.19176913887,7262.95137005274
7506.64753364221,7773.26455730266
8110.22776911615,6470.1757186866
7886.5906444435,7710.27958164854
7448.68358347563,7188.99224626207
5922.61381711351,7498.63372083656
8962.63167526298,7028.79717204855
1337.0069752311,3828.27072888743
2277.34650753155,3684.39457834729
7397.35236405682,6914.74084891764
2084.55202120823,8638.77742838553
7514.85963847514,7481.67306041462
8526.49614590162,7062.26955061554
8464.07813217774,7555.07276409553
1493.97123133746,8671.53498404978
1402.81138386132,3342.28235924448
1278.10349241193,8083.78339750894
1234.64720699812,3171.09386792912
1596.84006747426,8664.84947490905
9012.16840094266,7371.10922189082
1943.24324176254,3988.92768044313
1547.25959420008,3426.33233210807
1051.99971808162,8905.10564195652
7449.72546309313,7580.55254057501
6329.31081401679,7073.81636383358
7014.15749766596,7515.19873053721
2318.86911688217,9074.87729104941
1609.43158970733,6044.02361045179
1834.22114077042,3646.32812749246
1714.52665675831,9118.48523821436
989.431321830896,3396.76682857462
1352.55401272407,5358.60529628576
8021.02249482902,5852.15778891452
1615.27573044913,4030.2109146755
1677.69525222117,9032.60775420676
7251.30029846482,9265.83198202556
812.549799580222,3404.08706463427
926.535727776171,8089.31544063383
6935.03120338846,8401.68171677648
1624.04018635992,8525.43351627929
7123.81166570972,7645.84383187825
1642.19293595261,3821.46730698389
8558.43134126026,7012.54445471893
1094.7398409879,3496.10922202227
1386.99369790394,3516.90330722088
7414.04371864623,8202.91927724454
7799.35313883623,8055.48928381139
2385.39128031087,7632.10676526123
7669.13375908768,7744.93704960385
7006.08871285489,6748.90321009466
8107.02632274375,6847.41007171269
830.380051560062,3339.76797187075
1201.51388733144,8886.16864449751
1501.37330449411,3394.52556338915
2629.60022726605,8312.43922584882
7823.69204108483,6462.14213357732
6415.57160321989,7396.37018191587
6689.29612073863,7265.52796748366
7426.01288435545,7577.04406730915
8679.8323588396,7817.6853001733
1472.64757609059,9195.13159519222
3571.31081983701,9323.60658019184
1014.75849075747,9090.73880384842
1883.59436876237,4034.35343316023
1330.64091975782,9121.61862632014
5289.42244503847,8798.7551288001
1237.08619794318,9067.00632319135
1189.51051463346,3726.21994117707
4250.61535226236,9413.65581879529
1164.2010380593,9059.16664240998
7354.66764029658,7498.55238198263
2630.64161696971,8546.78988648503
1102.20924239811,9460.5032478114
1375.24750698466,9038.54077925105
1640.40452014134,9501.82326824704
7889.71560838578,8434.43681799028
2070.32500419575,7404.8708318972
1343.29621340727,9165.47405915694
1189.84491037702,9266.93298062582
1750.51901884537,3926.23904742749
4016.08350362711,8925.35319824379
7394.63826164046,7094.67703481313
1509.03894331169,3662.43916350643
1400.60124928734,9209.43245439792
7811.0938651723,7166.13207324183
1008.2611072788,8292.19453576015
1273.91178643187,8841.03462654553
1136.76865976547,3360.21691638645
7084.1197000148,7982.524188179
1190.53955585434,7731.97304367281
5281.18366707319,8928.04798264151
6529.33442282849,7389.31204653926
8352.0190013114,7581.07470266226
2006.03628848732,8830.12212958761
8258.36648272773,7611.08374789995
7849.850842925,7832.56901705383
1792.80678330414,3567.6902641139
7758.00052203164,7784.45491975054
7917.43830387101,7920.77282052956
944.75434152479,2993.91141336731
7378.56564132336,5853.20445743266
7875.85667059991,8057.3629702291
1518.98646134401,8917.54283221386
1454.98787031566,8436.88635000246
1329.21906352577,9126.01186143234
7296.80116687823,7029.60830763181
1374.27439399723,3719.99789494774
7261.45850483323,7683.85809519992
7615.72158141203,7616.79701270111
1192.14676516993,3415.76086342863
1987.94412247436,8644.01316544366
1280.81431749061,8594.91040659301
8355.61892125065,7124.92318136979
1934.23375453731,8564.05479032973
8062.51685113308,7773.55441795769
7314.81511166351,7498.02900619818
1106.33904841983,3366.72840760335
968.827919669751,2909.08218460872
1027.25164600255,3235.76559547157
1044.01643192248,3378.75053339306
852.038118190413,3434.72759445146
8351.04393397498,7736.976135818
1556.36314074925,8793.53250398904
6893.27955482084,7508.77851662576
2837.0844439763,9148.39545639756
6916.35643251017,7286.28053526787
7120.45497088941,8284.69392969123
1785.70484311342,3602.0439426424
6685.04478690412,8093.70819088148
6785.70309288712,8061.28189453702
1622.84727768022,4014.97655182666
7880.99028811241,7928.30455077962
1143.86719402201,3349.33250880959
2278.32383773238,8109.15030602868
1619.98489604636,8898.11603161757
7338.39865749216,7010.71478584341
7706.47193867384,6536.69559795455
1220.22353211046,8675.37917284051
1793.46080918623,9077.29687569274
8324.7963780256,5585.00136655643
738.237280910917,8123.44443963089
8197.62224099572,6355.9436891033
7609.94177692212,7967.68171637514
1493.24206041748,9070.33112335879
7464.89471672784,8021.96172128493
953.605983631697,8974.01312176169
5057.17557117954,8964.28178410461
7598.02400695806,7699.26330560196
8140.63015857861,7141.04173152447
3537.50485788666,8932.36791494935
1457.63846411551,9240.00173114735
1519.01524336793,9942.32846481428
1878.69155039966,8806.37480233237
7169.07793539493,7130.77546833656
2090.6446069003,8046.32027485666
1762.74884134004,3602.65342796648
1439.83717258513,3206.30538119934
1520.73608426303,3740.14070239675
6951.65616658017,7901.24088411554
4986.28197348653,3496.67490600152
715.122387204741,3538.80140367132
1989.33455764586,3683.97536057964
7656.05888849683,7236.64033030628
7979.46031615528,5143.86706141449
1647.96175655927,8549.76274511586
1411.49824538356,9048.15008224471
975.040878949149,3388.95870336289
1140.64049979621,3628.86709979856
1885.45664276124,9388.92465147306
2003.80113769799,9201.4452248556
1306.78245749771,9202.60903307748
776.926713849218,3340.3482945381
1240.22628565188,3503.70274704771
6435.67513238246,7698.99357751403
1379.92746180062,6907.07794576597
8416.41198530808,7586.63087548958
1570.85644337064,8683.04652912678
5744.24280544781,8269.19616241928
1707.64882681494,9132.95404505375
1470.65750479004,3881.04337987669
5788.16231534104,7484.68525374778
1468.09768739567,8546.27991627482
7874.26813325173,7336.7112322179
7128.85883196807,7926.37682237711
7827.84031325886,7614.95981357359
1532.63530455354,9726.63472058169
1340.61964281108,3895.72790062908
1582.73834035007,8685.37138449063
1277.055128641,3471.7584104123
6657.41399866115,7612.60781319038
1697.57509327659,3835.75080095801
8077.17373628489,7724.94295630771
7192.31035820165,7165.43190870584
7922.16325510169,7856.23180255858
797.935307930777,3333.19659646471
7542.53211833449,7795.54285716331
502.446951385703,3193.81239067332
1699.84464554105,3906.64120121292
8315.79081889506,7383.87495601697
1229.01984139733,3464.39320461391
6786.88799074203,7024.6782882645
1340.54509594876,3579.86291245918
1600.17978679687,3956.63512005572
1180.62487804521,3432.85523617253
8094.72689411235,7529.08030703966
7598.84717408013,7404.95147184256
7707.49564540993,7893.41212132771
6830.97051586611,9638.0073841058
1181.02406980018,3597.56837743878
7450.7379975558,7810.43815648698
2245.21762666361,8563.21399394716
920.4925136914,3174.25431885769
1587.04985517499,7560.49232983905
6258.06830641148,3716.5622330221
1128.14561812471,3470.01844639519
738.804552642101,3781.03496272228
803.183802077432,8382.65766773128
1254.56754392973,9240.74004141704
1231.66519153226,3360.07620940448
8710.88527483163,7444.34716463484
1768.02392831385,3609.0309755931
2066.86281563557,9058.74058539365
8876.82520806654,7742.39479382323
1108.02589899647,3524.30216067258
1285.85650922344,9215.77068665194
7473.49851881939,7548.52756464182
2066.81975718321,9129.14758407051
1485.69832805954,9270.20297981899
6452.22583719658,7467.31669274348
1762.38692082286,8752.15320856286
7874.27701772273,7641.72588033937
7611.35931431433,8009.37971838407
1056.03114061215,3540.74753080764
7942.61325480053,7827.74663820345
1795.54579985599,8705.11488148201
1440.05700351433,3770.92148844513
1347.26865978041,9056.67346375837
1355.17643630872,3758.58800568564
909.686546508986,2814.84748798932
6583.06875959479,5427.90282719457
1136.16444897125,9107.07538043552
3181.63239815833,8939.87126824084
1203.9875911751,3493.1841394227
7469.22775913952,7659.63585510421
2160.93635832462,8131.19898391452
1027.61178542519,8703.84997100575
1288.87288572215,8637.38552229273
7811.9971848005,7071.9059816686
1006.82634179864,8874.08505056842
7144.70098541799,6931.16846255796
7680.04601939021,7683.58001659658
2175.96668381196,9460.7825403286
7185.27522627882,7629.03319913884
2081.39430913405,8873.69961700833
1296.78091724176,8916.31549915033
8899.86554068463,7591.0151462448
2038.25515075472,8822.12855093295
1179.73165679998,3618.36223473179
1703.64839462228,8745.16820137344
4659.57332315813,8657.59100589871
1052.89557064043,8315.57837284762
7981.96016625272,7352.59538257036
6914.05858027902,7819.74147283851
1246.20786731795,3872.54707991994
951.006263344905,3787.51468196531
7468.90712488939,7016.34197262956
1518.31746836291,9245.54726604526
2224.94241359812,3403.37637400023
750.146714035634,2929.30116499859
1973.46402196051,8316.25018572502
1547.58291294622,9216.3795697029
3632.18643774778,5528.57515103343
1065.32850048745,3294.81452320644
8650.8596272146,7257.521093405
1205.77782579288,3689.79023966504
755.267055751063,3062.37799916656
8363.01175403236,7812.41429530513
1048.69131185192,3620.74852619313
814.577633729824,3851.96170341601
2033.02081833711,9358.06640065081
7235.34035268604,7150.67216314183
1850.14738971714,8870.71283888898
3400.8588948756,8209.63509804936
1482.76335652978,8860.47049077275
8352.78890429689,7241.60537175385
7327.25694965447,8305.07387999341
1253.12344495909,9161.39627353581
7576.27820242114,7376.16047652018
1278.83696762106,3317.00600052663
1355.91934837967,3749.90731859269
1902.53209909797,9581.07352745451
7953.77895706134,8007.61061487488
1351.35572703257,8519.41686703059
2593.67026692131,8212.8703639313
7434.361539594,6561.05240088891
1056.41707163046,3268.66396905604
1607.98027275321,3597.27012023899
2419.17071901521,3424.7646795126
1406.69411567485,3413.12817449052
1218.36911514176,3325.54882039808
1789.9543636742,9114.96434562222
1263.46844064461,7670.5299315551
1929.94486642786,3791.70361489681
1507.73931849599,3830.32733794946
1623.85953857135,3924.55809728236
1498.36954162848,7380.18683624895
7280.24227637402,6719.22181187019
1461.38152663621,3725.18546345758
7256.07123850672,7038.19636500773
2353.57196397603,9025.67638459355
1661.50613102908,8665.09920039104
1383.94288507567,3212.27984222449
1381.5217531616,3837.21878233311
1475.54441499717,9082.53602632569
6815.53979867916,7958.10255322544
2681.1798906028,8792.81966124852
2473.43173150534,8323.16723133028
1015.88563801046,3127.4902922536
8008.46652246306,6418.37049448674
1679.93603437677,8823.95529729992
756.685677383339,7674.18219886075
1358.75625428449,3697.57662033329
2227.86200006507,8999.60914803577
1239.50849238325,3606.97877921531
1717.51455301587,3732.52868261001
2102.25421759824,8048.69897981141
877.910767892044,3174.72913671314
1933.32216817757,8334.75551988676
1625.3394432853,8786.66587811895
4659.92995366757,9222.07263106991
1405.88886728062,9106.94326400169
1673.02799959605,3899.150265307
1462.68384977984,8824.09183777643
7646.34113322795,7910.45201369489
7291.38799863296,8042.8436957063
8242.46877579797,7802.83296077004
7773.79883489276,8016.98667273519
2684.50059476926,9215.18453356303
811.037274484278,3553.05606678917
1180.20626537096,3197.47263578187
1292.62089877447,3535.55645579713
1695.15165590803,8620.14367957392
1060.06325297134,3354.12567226559
6828.07096770049,7901.81676164022
6293.41608838089,8298.8221521764
889.557856504983,3409.21016325546
1087.43636617973,9184.10866301755
531.686965323377,3090.2827820703
1634.22015359514,8692.55629992714
2187.93481385573,3785.42339396163
9376.55556518239,8113.78985940654
8216.06637662299,7431.94859500455
6696.96809669805,7653.35570321082
1780.76184340994,9090.28362793511
2314.66213796526,8973.47159338292
1529.48133843745,4353.22186912744
1867.39547555387,8684.732117315
2266.11469822029,7927.02045583994
2934.30531590484,8760.73621114509
7218.82632135291,8153.26566800668
1688.94134656175,4379.42602198462
7082.78030222877,7327.57607688215
7828.45081481752,8297.31377621802
1115.90311821712,3252.0989036418
1043.01643253157,3578.80912461038
1061.77346074528,8444.48204115095
6998.4269547869,7711.09853372295
7189.84725309076,7748.15340483897
6305.81296155537,8829.06782990636
1261.89998310659,3700.0252376068
6319.82208729185,4102.15379748525
1179.15246496383,9150.17959874055
1075.13015444257,9221.31577145395
1320.64308755886,3613.82564526616
1492.77540945331,3740.01953506794
7915.27242526131,7747.55971912443
1202.8250484072,8974.17729421097
8668.05616985951,7777.61366827608
1274.5477405189,8903.38351177489
2075.36487594423,9116.90534780248
1627.22519160638,8479.38497266449
1141.09180733413,3343.85676537121
7899.56222431451,6884.51644296087
1248.27301311304,9097.50473872094
7521.30125661642,8370.64481078578
1093.85016716486,3284.86361833852
1293.61048877623,3420.4211880283
6768.75601314806,8318.92424716442
2572.86538843872,8798.88338340887
1485.40570029964,8508.72416279083
1461.95009794518,8874.01976586351
6823.56725520075,7581.91416205659
1489.44149086739,3392.02428653851
8195.20400375135,7024.9884141896
1154.5640227495,4838.41720560317
1194.18807093622,6588.60286671885
7262.08262733599,7608.5856286631
1502.2772699566,3553.9447481595
7282.88293262346,7264.05677500107
8196.52596054982,7763.72177048686
1336.10492771292,3809.39864206184
1209.42581433757,9005.73283089515
8642.31162498718,8113.87335552189
3933.00407725036,3501.27681690893
2313.27628454839,4080.31362357327
1901.59034329578,4557.38037721556
2218.74412255108,9187.20136359749
1362.0055414269,3698.45378950561
7552.58216907317,7250.03143920266
2172.28908024982,8484.29328729877
6964.79671852935,8286.91650682814
7582.59796280006,7275.66603277217
7002.07600968649,8011.56703081273
9084.52149670745,7819.57595110882
8136.15002360537,7195.02146663322
1202.96005808012,3286.80223701793
1071.08156000961,8023.30007792363
1493.66809914196,3629.80981431208
1261.22562129279,8986.80035076021
8886.00200948246,7183.91848928645
8621.48072551648,8072.45418605771
1503.32433719741,3527.15062290238
826.711771015548,3161.06308724698
2144.07966558306,9014.2916333427
1392.26221441725,8570.42122089255
7236.20153831926,7592.97124353697
2126.30622610129,9340.74925395129
989.596123483536,3413.71694865428
1503.18014602725,3857.02676861901
2334.66550548915,9002.68308430623
1605.92264212938,3501.83440550345
7995.66325205165,8030.54949568386
799.48888949222,9173.42117069563
7983.35815133455,7084.1703059943
7800.40961716622,7458.65532025729
1322.64084897591,3677.58667062008
1097.76570463818,8909.84610488581
1428.40002658102,3475.48288679485
7618.64943285095,8018.40661758517
1259.21069943615,3703.48991579428
421.740531903315,3082.73622053479
1784.76341177556,4867.33535964926
7624.93250052312,7556.49454108716
8398.23136772322,6763.87087890846
922.910017644544,3472.87359691519
7628.96005080643,7818.61308827277
1636.28768941379,9084.06559214046
1278.631451857,6216.77098748796
8167.83463135555,7023.00365765614
5995.00059332826,7687.90176341419
761.687250849141,2652.6852999317
971.601756323394,3572.68645998492
1156.30879747482,3607.01434202467
7440.37068307641,7682.68992825799
7444.57743455528,7443.84385973154
1636.74761446059,8640.18785806642
934.930902279623,8303.0970209212
2089.01952276774,7933.11691157176
1158.1990587476,9026.63475483291
7973.47704737021,5575.41112717033
7566.83573773479,8083.52242011732
7160.7608569762,7373.3691698668
7957.73252143368,8477.33301084672
1337.46785539217,3408.58932216252
8508.91828243488,7599.40975571235
1518.06356700115,3617.88157227349
1118.2770037484,3323.47367670037
1478.12048782983,9202.15837239204
868.692162717076,3009.76107431374
7761.84156129759,7303.81463103205
1205.37464259235,8646.76613187667
5052.16556632372,7225.49269533746
1873.33263193355,4926.51802047424
5479.15850291587,3682.89517168007
1453.7783409269,9129.8347968424
1500.49783944383,3700.60537053243
8079.78149394326,6829.20904358635
7514.8042176137,9385.74377287182
5258.3749510528,9710.39118257487
1344.69324884643,3777.4655319011
7804.57014151582,7320.58762130761
1402.32609413529,3460.49044766528
1114.6084690701,3379.19994721765
1357.09736291144,4236.43996608113
1512.41974501199,3869.11287661814
2347.5491590885,8834.90295915254
8603.22544000152,7607.52958001369
7076.4363459504,7980.16764100068
1670.59807855696,8917.99341501522
1369.76132780652,3472.67755466677
7852.37809018374,7855.01839800393
798.035646248086,3457.487304776
7956.01775805755,6649.80157509253
1971.87656874459,3644.14485254839
1605.97401792134,3700.47885602274
1624.75881261178,9130.97308323152
8368.43516461794,7405.30642134203
7702.33522743126,8739.75949053988
1398.52525548504,9048.18374094254
1744.12836582354,9045.72032249659
1123.06928228335,3216.35511957468
6905.82688283591,7506.83208918992
1460.09461211303,3500.88027592269
1873.81399902127,3958.91159859609
7560.04284822054,6744.47077204008
1457.31218690965,9124.47942234545
7708.95092631057,7862.05224212218
2089.44973397015,9412.46162003337
8139.20645407107,8150.9110719384
8477.65715382902,7644.40652639853
1438.46735890146,3812.37467651862
7563.92688249824,7639.60879710676
7087.2491358169,7960.08857762513
2076.60949486847,9257.3138744357
1078.23085381495,8989.40801861336
1042.16437820125,3365.75056912765
1401.50557883553,3983.58924667735
1338.95843548571,3099.87592818822
7509.00456139545,6993.89828008013
8036.15161224817,6867.59256274098
1802.34530035663,8037.16071235295
1216.48094784454,3836.37523111383
8616.97014538555,6634.99319537495
8204.48322673974,7084.70056227553
7584.27026903137,7559.37433075652
1435.75504574232,3820.18782307977
1678.91786253996,8527.05901506627
2087.97715130815,8791.41740264583
2131.23768641608,9091.78512200465
1134.65041120072,9012.63227459834
2064.56460779044,8389.761276538
1193.20274045483,8384.34421449438
8294.23304487488,8372.1534718865
7405.96208106762,5925.00344918481
7168.31977312399,7795.26703998854
1968.45309699329,8557.82334069804
1092.9565710181,3420.15520848376
1306.39487305727,7859.33584924914
6813.91783344042,7897.91200926918
7099.82467430115,7734.56275932563
8138.59319013262,7950.58216636018
7639.58281022621,7238.17560260451
7519.07296464488,7273.16375392461
7925.04832554692,6966.35174806775
4957.46711542509,9335.89390911584
8344.4910801,7265.74501552985
6537.62899668864,6808.00973539361
8755.04971216505,7952.96994790487
1035.72450118387,3432.30977100829
1847.73317962444,9209.27031441287
7714.61925638485,8417.42592075666
6957.44396909841,8030.5769139491
2408.28525833796,3900.40813734851
5016.79221022166,7060.13602690834
7765.9639570655,7089.59468581716
916.992837817277,3214.21749661695
7027.67550500669,6881.14544192807
6746.55889028898,7596.83673994966
1268.57753493471,3705.71530506403
1548.87386424897,3880.31652153944
1306.35105709609,3816.27265940712
1341.78878884115,8911.60802245779
6595.83982479017,6863.0411405995
6820.94913617108,6957.59038837319
1341.31446457156,3272.89558042921
1661.31346531549,8213.29949114704
7297.07262188235,6376.33170287845
1933.79002230501,3349.1036422904
7578.03297917958,8093.88022155404
1544.57425585787,8419.71199334968
1388.45988555367,3756.2559555165
4603.40808654103,6210.42002815889
2534.53697057844,8799.0016037613
1821.60360120988,3632.99146103112
7556.0938028825,8079.65905190549
1387.7089012625,3632.79247691879
6980.14527715064,7589.07595621932
3145.11063939825,8157.61687567201
1385.55507009609,7829.57932188231
1628.40464799401,8910.07811587426
7226.71896090546,7702.30234897464
3504.24685906643,3182.65385113682
2381.55220414578,7435.9305377814
1187.52383661402,7878.02648962692
1424.99100317549,9226.33004970935
6031.57364875049,6980.20445612887
1464.58013300934,3974.10526836008
1843.0013499457,8814.63116042529
1174.81937751612,3410.01923212074
1193.09614605553,8746.90558580108
8050.24556400592,7786.55029435053
2454.20842219506,9178.10300352615
1636.53334622523,8549.65736392896
7538.37276102316,7332.92731828929
1590.91374661083,3788.29482765212
5928.49625424083,6731.30636179078
865.727886522576,8952.6616669927
858.067672715049,9020.34854655844
7375.82304059371,6365.25102889362
8028.39472703423,7114.5109599919
7315.55060416878,7664.06995307493
1707.84118637815,3388.71337333182
7109.15072610651,6655.65543160293
6792.40651180779,7479.08633491533
7354.93190350768,7093.65902684565
1532.92565785897,8531.03620276706
1568.27717925645,4742.86680980524
7844.81889551856,7251.67478974194
1666.84588108745,3814.52132439056
6356.8329259239,7321.6436380729
8171.85096349076,6898.00947696808
7601.74303936776,7361.85510665039
1452.00766699162,9078.63343547049
7906.43975266942,8534.88123655139
7365.01853653057,8219.76762721728
6894.1445517329,5986.8535711851
901.500903788004,3194.83422210875
4486.17178840453,9103.33896409225
2215.22470525691,8430.18943400226
7238.83485270626,7023.31139244982
8204.5667938098,6918.38919340735
7574.3662781484,7131.99056136471
8024.6290529113,7788.0776817963
1368.27744561717,3771.20347610409
1770.84038190669,3727.28755554892
7716.97010432122,7096.43165573984
6993.3984418602,5589.4277356993
1366.45623571758,9106.78580296057
926.008863418617,3550.19013414184
1624.53609849481,7466.02350493725
6737.47115862924,7474.62757121606
6242.145016216,7771.76685037061
1217.0835223156,8900.60401493719
7059.39639740866,7462.95325526465
8378.27897856533,6596.8792726852
793.555227541997,3461.23655523976
1931.82147795069,8714.99165855976
630.505938077388,3366.23860558874
7062.23342612569,8316.96807627792
6739.0102660255,6705.56458641727
6819.27051125226,9488.52279467815
7663.25230315213,7854.54956408468
4303.67179085773,9088.26390350647
7513.28520880171,7670.59087147786
6271.52214088223,6971.09773604661
1468.07988328095,3720.28581524558
1881.5384722865,5113.58160770314
1832.05210908806,3503.37090687076
1205.05339046974,9310.72298011482
1711.82071313189,9263.46617693141
915.908546952693,3420.84538371942
1394.35762992402,3677.34044243402
7702.50157563238,7319.02994828371
6969.58578078173,5603.43539337678
1136.39413186265,8955.89693735867
8221.79717884898,7301.78480394258
1732.66103738236,3954.55830557275
1000.88000716521,8807.28628577152
1419.73812974062,3465.65847986127
763.734299262272,3369.84818030894
8376.04241314856,7273.11628038346
2346.40463747386,8247.69803090057
2362.9499839182,8163.12980648738
925.540875378735,8102.62169484185
1962.94667333691,9174.94999426207
1570.51340679253,8003.95133409865
1785.41009897422,9174.66613120431
7244.4522109758,7749.23109501965
1387.07912061395,8717.3296904607
1235.17261336271,9028.07185523992
7535.06990212772,7498.88307838567
1598.01177649089,3703.98244151742
1295.44642670094,3706.10288948334
7856.16023637851,8573.46823955518
7741.34394853677,6783.54756774017
6606.73937648445,7610.3825678089
6938.07914269935,7984.59110907901
7446.47939772941,7838.61327577515
8067.01270676196,7155.39319954827
1039.86906251022,8879.79638220475
8123.28742708908,7367.1589220793
2338.6455668197,9261.09380516449
7358.17321062966,7653.83533253078
7282.28437811087,7600.98213636697
2800.60690016341,7908.13705189658
7302.29914633531,7807.61768483834
1378.92327818663,9214.36157452906
8423.0783462347,8160.32680956226
7049.71733445896,6926.71007847457
1784.34343720927,9028.56140022907
1946.03423642547,8881.74803607022
1211.26391706755,3546.56380676437
1541.60793432238,3266.80989873805
868.786540908383,3423.4436325036
1264.29245394576,3514.78986462292
1639.74754048713,4100.57333244067
1224.654980067,3459.91055872956
1642.57090651078,8713.31325069849
1947.89803180728,9153.16942398794
3808.39129442718,8547.63082710742
7119.28387906034,7532.41410953907
6612.42881353897,7482.66277964068
7416.43694575466,8160.97271489865
7846.28457708093,7221.86848008435
1708.95116522758,3603.39106285221
1270.47669198998,4859.3854319426
7449.8105171159,7314.55472401521
6256.36056504168,7654.3916069633
7407.5751713374,7309.6241761655
1983.3434492319,9218.38097328415
1060.07837021255,8962.14936032933
7343.02897609446,8047.03861723325
1735.23484424407,8709.23359462423
4410.40124965591,4006.31046431186
974.32513672389,3680.14146378418
6498.19902859404,7472.666617494
7036.36622479627,7100.22012394048
7007.77978348565,8674.92385456091
869.473627235436,3290.87482671416
7434.53364712265,7381.27033219353
1620.51286271381,8289.45820651835
1563.09144961288,3887.57832365831
8060.03326755975,5643.31383257533
8469.77284666568,7303.05820407925
2406.74657187208,3561.30769234331
909.177876933542,3506.37851363348
8081.91875839744,6405.02879089912
7344.78067805444,6959.10917318712
7536.03069858855,7239.06838311698
7377.30963793256,7198.44652925318
1462.5475599555,8965.65327169448
2045.96959198313,8923.08601334776
7138.22384655592,6853.99809191973
1574.71269581617,8816.39395212191
1563.45909303561,3691.04904721153
7437.61594375005,7011.25671539257
1095.34932430627,3608.13731268966
1964.99082360671,4083.57796808785
1521.99542764145,3939.65408282612
2102.95072997799,9177.94993365528
6624.67444489657,7986.20870963335
9024.23918997091,7484.88538009348
7521.43506972036,7328.43933678567
7193.77883320075,7288.12448404224
7489.9057770014,5129.10436040598
999.821704468509,3572.46563867195
5510.27121926833,7738.48125309125
1224.57597677305,3722.55124199786
1434.93374129174,3647.84651692443
1376.40576140039,3885.4677792296
1942.93061398206,8981.73345586957
7243.17818333451,7472.2944895274
7979.46371765461,5101.81690583183
8914.95899863834,7392.2243548739
1236.84792337833,8948.77097486579
7379.59578621305,7699.02911365518
8436.5154456253,6655.68939532278
7074.27435186038,7871.72002493989
1003.85463868523,8923.50348845489
5960.92821405345,8712.35436082237
1149.40005842538,3642.85632147533
8509.59025846961,6841.22874636323
7322.41858288525,7661.10053869558
7685.93769404432,7909.40330941495
7816.02189243572,6603.76355733357
2823.27217389426,3627.70004255015
1571.9208683629,8810.59176140668
1313.89439270097,3278.99224225975
7155.5842366404,7204.71634469411
4271.16150071054,6568.55192651229
1948.65787378235,3930.35091268042
7978.62499782283,8287.38769578988
1511.15716873516,3232.37562210706
976.716392233688,9165.78948567694
1314.56841810476,3743.86581718551
2164.38805429216,9148.49499159407
8794.22525534915,7294.38094294457
1918.88089770778,9276.05183446714
806.125022708765,3083.84438857027
1523.24856421343,4937.29336117132
7375.84339445383,7331.65495609443
1860.30946464157,8840.61900482347
821.329343620162,8997.93372699816
7969.19976287846,8049.52237647788
7452.22651175036,7432.27781558236
3126.34474064773,3882.86274049774
1410.45115545085,3679.31230423931
7129.63726973119,6361.88112650231
1533.91794326346,3441.25743411124
1170.20461125519,3723.95031405824
1252.98102184072,9330.455460978
7123.38984622634,7235.04124308092
1245.3412639484,9290.50860925151
6346.30067633454,8041.93090259539
1758.61723781656,8670.90829472659
2025.22019641696,8120.72402964664
2031.35602287068,8974.62531954297
7921.09847624221,7916.57075832113
7526.89641387304,7908.47339656219
1250.96566391139,3700.5463397186
8428.93749128695,7291.14907827428
7411.7700240509,7403.86780859143
1508.50276689221,8294.06131368455
7271.65322819186,7138.78005441236
1373.03567301026,8822.79143401373
7795.71560317397,8047.51747878047
1437.95510255186,3699.3474835002
8012.52608694936,8199.38437373469
1583.76881360974,4246.24852296086
1121.13900930088,9004.79929931636
6779.07836623133,7709.97831435189
7093.8062578514,7984.94950405769
7438.0416114869,6648.96419004949
4093.48528517358,8561.10625860189
1440.8257293958,3970.58147571985
2064.30691560418,4152.64077759729
1523.63534099795,8167.19187938802
1497.67965307297,4853.84800081468
1612.06054843666,8604.92919985981
1698.36941576926,3324.71848376387
1309.12818385202,3599.78285915502
7678.65553757069,8456.77797145721
7075.5832112757,8281.98649514169
1257.01648867443,3680.79185706622
7571.17999891212,8401.73452185137
8559.7556906941,7787.67053134771
1296.85917899165,3539.53875068868
7595.38794541414,7557.25691077171
6569.59350144766,3754.51759107274
1485.89951055424,9237.83766245683
1251.92498017596,9094.07752554803
950.214643089111,7272.04186923113
7858.34229131057,6739.29816806915
7427.8577149512,7955.33884453612
2067.19970618265,8976.44092328735
2230.97768715436,4041.81462964322
6198.74782201973,7123.46777601515
1061.37045195263,3562.53672055406
1235.95507449179,9098.49654188312
7237.15732585458,8128.73809776658
879.392989418004,3396.26741433321
7611.72033143085,9013.08921659246
7757.93301683839,7563.35948120687
7141.48228211042,7702.5661808258
7852.49718109213,7405.96819044587
8924.40635068384,5355.23776233685
1181.39886234497,9035.81578859697
1865.11728484502,8943.12585153643
3939.30960283392,4045.66444191434
2167.60976611159,8301.76086910707
1507.06113802826,3886.84478393523
7325.45744803184,7570.68503549232
1524.33907489279,8452.69261657715
1523.01780878241,5306.77146316404
4504.28522738902,3819.20688773604
1383.10738035852,3706.45181020453
7648.65688543667,7698.33089324776
7254.63056700944,7898.5729409142
5097.9061180768,7925.74773586774
1443.69514685003,9065.59839211373
1140.12762481264,8894.83899374151
2030.71621654212,5646.52901390653
6378.08229835457,7313.29092379148
1347.57930508153,8960.32476718584
7555.8344874778,7971.50245672561
7452.02376146907,7451.66019120251
2113.17861125598,8863.59446371034
6985.17323185527,8215.30600847125
6689.73790995026,7490.10333375372
948.438586909882,3481.20166819968
3192.2348499135,8627.0858217498
8199.05084164185,7376.43945447753
1842.18933231672,3965.42278467629
3639.79795887439,8474.63790716282
1738.26234267987,9211.58847484436
7315.36839016261,7867.85578457755
8645.24544179409,7483.94461893649
7462.29682758546,7550.78258574521
1506.17778940766,3808.40689566239
1069.74320452601,8801.26099067244
7227.95251979649,7029.77390111599
7407.75392440476,8002.23794439827
7012.37110212525,7489.91937583549
1435.91994035483,8985.45723050124
7851.3695401686,8052.77832460953
908.109611769089,3202.84851147903
7773.49640462753,6477.84163048003
1931.76542680495,8045.87252379906
1089.88257599105,3461.74927344851
8614.47151132656,7347.44977686953
7731.26617502826,7759.79474267877
4354.23607216454,9349.95645666183
1132.39759853425,3572.23185020935
7679.97422796365,7063.48052184726
1873.62520647329,4159.64187361761
1385.39604437672,3820.51711516361
1871.48869372644,8868.38455425718
7225.78979037609,9283.58422726379
6971.37562532188,7264.03922287182
830.508352556071,9114.59972100598
1026.06602131552,3766.14825748343
7508.55381964767,7678.74880831966
7912.26629842886,7579.01263906232
1113.40877582642,3479.70887806516
7139.44925636748,7758.92786103085
8804.23488208449,8178.18922317125
8112.22391295148,5607.58226399097
7270.6485547644,7383.26936641179
1642.48759987239,9022.99401229576
2445.59131998648,4283.05577249107
7986.83583133439,7164.89348683286
7785.78804131507,8143.29724789723
9374.74196682784,7679.17870511302
1307.24170724812,9022.06968749647
1421.31944712102,8625.38081978213
1281.75617872437,3818.47670677632
1627.48814631407,8867.4601632559
5922.28626802773,9240.75941228113
684.036898529105,3225.64122628994
987.126011192411,3345.62930286218
2746.52766277232,7733.51003003188
7556.26508386955,8086.29921266163
1294.63359131436,3240.0084317573
7554.18429214704,8022.70723827961
1872.86646576154,9210.59390049059
1789.85820655904,4003.88338100978
8054.36548225644,8233.53276504605
7478.56506576656,6958.31578671445
2773.8195967254,9156.22795466956
6558.93483214439,7043.35709791093
2404.98598128219,9133.48187114932
8140.92271483384,8082.8104740889
8547.8174522776,8034.59039091139
7616.74492401278,8090.67447268793
1395.31300947119,3555.46339581832
7680.89066961511,7555.23862246327
1333.68203972738,3628.49604847735
1594.29167690091,8824.63751937754
3104.01674811896,8770.41828057534
6504.56344327543,7221.35741612552
1088.80499873418,3430.35099020194
1121.98716739082,3632.66227603376
8134.56183647463,6821.63120665053
938.595721407086,8372.69752733124
875.730910852923,3480.8203239522
6850.17823663813,7955.62144362335
1300.69165436765,7086.48554742473
7186.71944333458,7287.13889190444
7297.39392069273,7942.59686829387
704.505491396438,8872.65737233803
1513.24837458167,8880.83358447829
1620.01477022276,9152.04465342936
1637.13833250137,3927.05857514924
7162.4285617023,8504.2347515595
8305.48013024698,6083.59480751375
7756.79812117814,6954.75908919629
665.385409446483,3457.74366665609
1198.49120252913,9246.46545431088
1636.38497518394,3795.14563046778
6665.13868080775,6802.83724663911
8446.84882067209,7763.08986804587
1467.11369589701,3535.62974818281
1209.37254898324,3807.45366698712
1061.65586032809,4160.4627295047
1151.46226570539,3443.72306813746
1464.73998198443,3354.940802111
7486.96928999425,7876.87485479376
8861.64408296561,6874.03224864323
8833.53900061369,6261.43849884879
1825.06027118976,3592.04577211691
1584.97610189196,9196.47385579299
1299.69325385512,3558.22977773195
3773.82568260169,8850.34595285205
7885.66623848703,7683.99125748646
1357.0507754885,8927.71599712303
7920.45980467846,7222.60504310897
6439.21767348081,7851.26046321903
835.987549930633,3276.08047969849
7726.84695587006,7174.04650117056
1131.91621385983,8931.17213312751
8413.69691060127,7305.45456439967
1648.88220100899,3731.86712747204
6699.39379860242,5652.75713595047
6887.5983277834,7355.51545292827
1370.20738581891,9193.16664328799
1560.92043306878,9109.09082857204
2794.98234633185,8223.84884283511
8069.83647856769,7377.388464533
7511.21094092949,7798.2878483865
777.212885216109,3035.89373782832
1494.05121196106,8777.42112190466
6619.92934795569,8001.03466644023
7270.23222300312,6889.08474091393
1078.60057050113,3736.71288610006
1770.99537281305,9305.2271910242
7618.09104228856,7975.24893361485
1346.39723216271,3912.47610133979
2870.49137259595,8634.84506528082
1379.40831876377,8576.58059012339
1508.8102160606,7919.94039258426
1744.41245686955,9045.20302235485
7015.70028064401,8393.5813527966
3274.61528838224,7338.7430822634
1380.60018300886,5116.68489651409
7109.48108385893,6804.08674155168
996.31117848646,3279.04290714463
6259.37480869474,7132.96228697952
7381.62200187627,7589.63750191728
7437.47311837474,7919.22761229187
1088.40199529371,3252.79174832397
1170.11695797921,8807.00959958959
1349.69377370012,8894.46744803557
7274.25241580819,7494.61081127413
1529.59456893762,3919.75461497215
1857.5169580121,8814.98187422086
1759.7810276145,8077.41203355293
6959.82383480298,6879.97948625782
3067.65006043071,8794.62445288447
1147.790788587,3732.6923925014
7528.07355311637,8454.28037243811
8945.87195725226,7832.67182191018
7543.69078863152,7425.30663207199
6480.18522704051,7152.81274911717
1814.74429494913,8629.01766386524
8518.48672931706,6334.29804209218
2709.08532645749,8874.91607540325
7884.4606700626,7174.39424187074
7117.08682486174,7022.01878342479
6812.94335953584,7440.76771160773
1033.66423353079,3522.39652465336
8721.46361114514,7520.98237925408
1590.45503652858,3826.41165093971
8867.42756746436,5394.76043103198
8759.48507588299,6529.90581504538
5924.65984718049,5127.6308606374
1795.96907368379,3598.01109343516
1133.87133925039,9030.0750010216
7404.59916770009,5325.69596522785
1387.93344591263,8466.91270803176
7405.18864293079,7484.75686334184
948.289785812938,3537.21061362275
1368.16113191046,3686.72538704627
1540.06758548037,8924.55873416599
1859.48075723734,8857.04326504922
7477.68893569664,8192.46021585525
1336.11016069735,3448.65292255228
1867.05796035731,9245.39756126312
1284.67518064924,3454.63267261384
2063.54674533895,9181.43421402131
1624.00576679827,3629.61223818747
1843.70001078785,3538.60586310465
7206.51132373507,6713.32063412514
2570.2063427722,8916.78095817909
7778.31720962175,7061.36072562512
1231.77860670219,3788.05968702287
7919.07650939528,7785.58735580522
8302.49422885128,7749.46810173463
7788.28932917461,8095.42116427842
8400.90835800006,5713.83871032274
8229.308987562,7857.95554056042
8716.75868632917,4809.38224297434
1165.67869932171,8287.61530310929
6950.77911414482,6865.83212754395
7715.36795834495,8681.98899273706
8181.77757870608,7301.80405325739
7741.09140754228,7823.76603404421
7670.13047786371,7442.36851444939
874.031452959546,3533.25384270906
6985.42374094632,7336.62255357905
1650.73630612357,8838.58180844925
6931.02796394587,6519.40675398642
1080.5975338989,3237.95544201145
1508.2932167021,9152.34033056131
7520.51441845523,7244.10840971473
6822.82403553437,7497.39545275616
7001.25987244359,7397.3788157784
1388.77317907873,3850.92374454881
8115.80650196731,8473.35954590124
9093.56290843244,7853.21159293352
7285.55497840492,7650.15801461918
1285.4903439464,8767.30544263824
1460.51920852648,9108.58691345205
697.292118735039,9056.64730873821
7294.52959240107,6988.46029369305
1706.89241689657,8847.03334486125
8056.40243900888,7394.96192654149
7887.70505643938,7417.98600060333
1126.04718622129,9135.93778958189
7973.44649174066,7772.52145955635
1738.72954219583,9301.84733540716
7790.63690871244,8175.29565696656
1162.09388057046,9103.94098219391
7543.0004351341,7503.74905337783
8723.52930063895,6834.73351766104
8627.65750481968,7706.2175200803
7286.53680034596,7849.64440829543
6028.6614409296,7893.118455773
931.81779607577,3113.59556358917
1214.03276813458,9008.84210472434
1708.64886417567,9173.84976062207
9169.01355050003,7703.51446629847
1777.01920975865,5473.62370002817
2035.05354634422,9347.26535250471
1618.99949057848,3957.87990527574
1158.16469604303,3751.16194999877
1352.27113615747,3755.44311677583
1099.70938881051,3356.78301441783
7615.13934977764,8057.43594631238
1582.38586501055,8787.67269713899
1769.26034510711,8899.12005804466
1521.78827218164,9138.93096262235
6915.43014945285,7499.47676117084
7835.1249364637,7902.19759211952
1704.86333769325,3902.8991729922
6979.28897705166,7560.96828767989
7494.24282199247,7893.23110989405
1290.20804761202,8580.99123346428
7494.28689508171,7538.99375757674
1042.61063424193,3898.90307389069
7584.74126190435,7774.78536330121
8263.70216143448,6313.02373662577
1415.63982327743,4726.04938011452
7122.85706473565,8041.53409648045
1129.97366256885,3355.42650864848
1886.63968841424,9014.17639781297
1794.09706815628,9224.37449159474
1456.07903981205,3553.00741227099
1288.74447081202,3390.70382986286
6664.21336214371,7553.06990793297
7190.35821463074,7808.32613886404
1588.93408764095,9398.59574576117
1304.23367409421,3357.17289521016
1050.30659879715,8324.05115022719
1797.43461237286,8050.07746340561
1904.5274358944,3856.56337239848
969.549122895759,3423.32060185011
7465.67325442034,7706.06584561875
1521.89879115676,3341.42648316766
1427.39118031717,3504.95282315535
3246.1000452865,8995.10739145303
1306.095550685,3755.18686962828
1155.96841410127,3157.00257832754
7522.65294140221,6865.27045712749
8522.37855493082,6951.80284806274
2378.90337524687,3443.24882622809
7726.50746289283,7439.83646748481
1129.32632480026,3444.56491196219
1881.6907473284,3908.41764131499
7887.17088777371,8297.22195227625
7856.306835607,7689.38455454786
6897.94836399939,6992.95465863046
8433.8634797211,7794.35067582594
1150.95797524933,3387.10841242557
1649.17870717957,3532.63905824019
2494.83112082599,8177.23290831
8462.29106748395,7636.65916665455
1648.75187324751,9180.66920230748
996.411649440428,3595.24313090801
8492.01802363466,8182.09689760704
6976.59877035986,7214.98964800619
7339.73772986014,6676.32618133583
1822.69231462693,9018.91528890598
1519.50875584301,9170.54985477555
1549.66871919628,8797.00757027202
1145.36608570398,3478.60247103684
7927.47970690924,8366.96680585915
8178.62384186477,7384.77191907231
3116.39309968875,3161.0867947028
616.138524264463,8869.50379845178
7355.00390626117,7326.72738514324
752.885767964318,3302.35264205407
2257.66504985858,8763.16375139198
8847.51493922817,7901.14744694171
7398.5028113151,7121.84985127461
7460.72979220584,7171.58354175533
7386.34613601925,6787.77648764616
1028.96479399691,3346.54225860797
1219.83048203639,3600.97217180681
2249.66811069372,9042.09703384743
7504.27346552681,7985.64316712058
2071.36630532214,4963.32679377748
2100.8366727683,8455.27123948981
6977.96463615683,7272.25665620945
1211.63155579075,3419.61043566826
1759.80956892851,9096.93115778546
7896.17359808744,7047.9620551817
1814.0181268673,9084.97315792402
1975.26825874364,9120.50847172359
6717.24673283013,7118.52062458315
5989.01851135466,6517.8091301911
1741.19878289497,3715.38279177228
7301.2124068436,7904.82938107233
2388.88445483058,8380.33733192525
1720.68883974921,8505.73111497947
1507.33679610846,9302.13611923538
7013.40966898263,7804.83277091051
2516.79975418508,7504.37777547826
8378.74566775867,7975.99053057664
1325.34449806752,3513.65998247368
709.214368784153,2690.35192818395
7905.45631966219,7757.54154904434
1473.11783468602,3813.02892693074
8011.00194695166,7550.81817956922
1264.72913854776,3675.63668100256
8297.72225156094,7437.38934486549
1377.93201647056,3554.4492227138
1593.80636864499,9008.85880289967
7365.00850248411,8370.40413026406
7563.9762184571,8595.7258182313
2062.50366550471,8762.8966453512
2020.6831121657,8946.6303484494
1571.52526842601,3917.60276148949
1373.28196365168,3474.17279755727
7971.79876375136,7559.73163971416
8329.19882091245,7500.10336328759
6519.48621287285,7006.18465068939
7284.5093495529,7229.67724315198
8195.51691966608,8403.04634056332
1664.55951098415,9131.7891935985
7907.29962797462,8069.17098285334
1427.19073150107,9157.73897956624
4376.8904173193,8302.05197901654
2358.8263212014,8945.49218416768
7772.87269980948,8053.94039906376
959.951187147486,3242.27407833733
6648.84491359807,7683.368521088
1496.15614844215,8867.07358465584
1664.62714454334,9320.29995262147
7817.36149713704,7616.66511905349
8537.21464494364,7347.18429482201
7136.53555758853,7510.83585878178
1594.17774567563,3838.07742260683
1907.26564153497,8681.55112449341
2547.3851465668,9024.63543819726
1514.57307049562,3619.93783808725
1060.40434476105,8236.58565342688
919.757193625456,8556.72263885752
7069.70877821759,7383.79268782402
1478.23865067536,3969.68442128842
6582.65905877204,7228.93928157707
9081.04269047426,4729.32690892752
2952.6000284374,6737.84773998727
7326.88667534293,7975.68548458454
6839.7123947231,8155.64544912709
894.314819853808,3423.33448629722
1727.28009028796,4131.45399184227
7377.14292587247,7973.12673181937
1410.66280625842,9056.18729144802
8026.14920345406,7089.93071740007
6897.64197797307,7488.35244348041
7486.03823398909,8601.27080678973
1487.8856100966,3546.32380670791
6864.62444411984,7417.37012654561
7308.761971788,7541.09567828628
676.3755142104,3416.56290073794
7727.45810804579,7833.42431707508
1464.34875889586,9081.82565189948
7711.26477999919,7233.88973507613
1757.91581353989,3605.41891671191
8176.0041888537,7586.31028125587
440.831473141788,2983.49149168761
6009.5625698889,7190.91914570998
7601.18863042852,7726.14224376561
7462.41344868401,6809.38793032761
3308.16228732544,8233.23192953228
1557.52543166134,3838.18891908409
1334.94474204731,3847.82774450305
6868.99123488087,7730.17006526327
7634.13745562132,7204.42493503153
8067.8474095426,7370.91558621582
933.090581556104,9053.47470779802
1300.06606571165,6357.79542283065
775.316537281503,6580.18141587551
1218.88111089335,3559.33530382117
1477.6070115955,8282.0896034235
1428.90121586041,9058.59602901596
1236.34653356092,3337.17775287834
1154.18567342995,3779.18540094128
6548.03152204536,7599.5496551873
986.382976559033,3253.61681904292
735.957854481615,3764.49595250517
1501.68411734059,9034.69951938758
7258.60800733933,7964.04656814102
2046.8965531432,8159.25051840329
4071.65768026476,3516.98233525304
1484.87212849844,3488.91872773992
5759.41126478018,8435.30970317034
7378.98135277116,7044.01004729903
7330.94125500017,6862.18575986396
1692.45585310646,5194.56369243891
1608.43264301118,3692.875209033
1970.76728398586,7612.85426201289
7600.26848805888,8021.7882835443
2777.10850933363,8853.96167162199
7078.91545011251,7353.32183393576
6855.85369164759,8030.59408629251
1242.16215961262,8861.4968399791
8255.00642301055,7246.96325926038
1813.61905867999,3850.94736041215
1360.33438115502,8901.8994709598
1607.44804872722,3726.96414816633
7518.55881451578,8474.87488331522
8046.31446362578,7452.35258649977
1309.64604260157,3754.78695041471
1792.20040340778,8469.42697520532
1368.67602894344,8995.92415891288
1330.10433186595,3850.00478268631
1774.97170165121,8986.69881697446
7014.62755230165,8216.71952257994
1060.14163937251,9028.84522912838
1179.51578797212,9303.70131441652
1536.97406733396,3291.34965296428
1192.75126928231,3485.81051472519
984.8763974539,3141.77893722938
8573.23789665296,6586.88519200741
7664.625818057,7285.24982569793
7644.30009674307,7883.1925672691
7537.39890170373,8113.21235544738
7381.19857238654,7341.19298807741
7052.44407540332,7781.01703176442
8774.37284858476,7180.37431374901
1128.92828369089,8959.82567991311
1169.19343736297,8982.53090078703
7387.73184092592,7161.57998602161
7881.68208902118,7912.66309465457
1618.73204436276,9033.9094132474
1688.77592326733,4988.82981802537
5481.43825255397,4129.17581416663
1989.76774411657,8667.05271756941
1566.42995751022,3842.88857515263
7639.4674937942,7488.80914203445
6959.14827461257,8062.33198352606
2465.33400693155,8502.68817358146
1722.57132762242,8887.32251181767
1114.47050548234,3666.78003732514
6555.21749748394,6707.90945100869
1142.92596253343,8220.20674119133
6735.63904563034,7281.06357691308
9010.65566829792,7984.62845528529
7419.29145610413,7982.68549860038
1283.75395873973,9061.49850567325
7982.12267558733,7238.33196200496
1668.57415718564,9028.07683703633
2205.85677103642,8725.35593630302
1583.85658182868,8195.88523919977
1146.16449664623,3524.4074800008
7067.91410898862,7209.38460141603
1020.98536522886,3726.9766907675
1114.10111553221,3552.17727187345
7694.80175821437,7325.84429886935
1679.99849186426,4462.41375028286
1138.63623674836,3343.96227024632
2219.32583723447,3968.55189466268
1374.58445738228,3252.64123628212
1163.26445470051,4438.90103931798
772.668553923415,3249.04811417206
3279.32921463625,8578.45257708152
8279.14634521447,7022.91233021327
1888.00996199569,3849.41464755024
1389.84101439563,3733.67113629111
5803.34658984175,3640.51042964948
1571.89670863747,8958.01515773907
7444.46501346131,7947.98365119868
7141.5728296025,8265.85618896789
1167.93679510823,8086.4238318866
7546.0309530853,7499.21422622288
1346.67582981004,8967.30866754837
1122.76878598034,3605.42218723045
7771.68987242376,8164.12761675529
1133.74633130541,9238.32579332436
1260.19390031066,3548.30319107201
796.14248324492,8874.912072953
7770.67070842803,8050.53216415848
8911.09155459324,6885.87116885939
1463.64507648619,8870.31164987266
1264.76090002249,3825.41785482245
1168.93000142323,8597.08099670712
8984.66199564451,4886.93460658601
7850.32444820658,7211.32636870557
2252.28953367042,9243.54625874643
7362.42186911861,7605.60648801887
7148.22875879846,8143.53020716318
1117.98508550629,8735.90609539715
7753.14668846598,7091.75833749175
4482.48113925966,3538.84441854162
1168.40855753524,3414.41050873602
1122.84727469589,3496.59665423694
1294.53769431587,3304.59630145101
3750.59610485386,5766.30001010795
1239.99832501584,8529.35898268416
7613.57684486543,7361.12274907108
7626.7760132023,7392.23565065453
7006.58853139292,7619.81343396767
1653.4425135309,8906.02010935122
8148.32868046101,6990.57537512896
1775.14658809078,3791.05444412744
1078.84575743937,3500.05070114551
1398.96320727752,8896.78234258402
1703.46127180821,9001.49056470519
2167.13126756131,3378.22438052277
1467.25082912523,8976.85346305817
1295.06433131503,8953.06369737378
1504.3055677886,8408.13322336937
8006.15995653255,7315.09182625814
1221.85835838677,3254.33965273423
9186.0308409553,6692.01008970046
7782.91940669175,6932.80866099148
1961.50622865743,9094.69449313643
1633.84522420535,9067.36684968941
8757.27348169372,6539.84719800841
866.206474527072,8754.8247761413
8112.28458398217,7918.13717299273
756.14852197677,3186.26026223797
1291.18110502116,7564.54421849919
1501.29479991407,8891.74066255701
6928.20619642989,7838.735137917
9042.81734729242,7780.90622588226
7365.89652658437,8122.57848732859
8806.60424190268,7407.45205690015
8305.78392155121,7822.7602957259
1645.9513675548,3360.74727745159
1799.82251087552,8438.70477897537
1507.51354932787,8701.02673237471
1716.02015053695,3476.47467210552
7176.59001136512,6787.85528285134
1716.59217489752,8876.87791369549
1302.03462241904,3626.98175725625
1690.1988892863,8608.26399766999
6858.3258005027,5290.82142100509
1721.02118262426,8173.11219909222
8152.69718324402,7450.36500473795
7878.64876344303,7793.43837646123
2675.69598753413,8689.22033707068
969.400928587284,3482.53799487063
1153.70835525577,9045.53944532199
1533.58383953579,8822.440437901
1578.41346708383,3508.10614355963
1224.40158669638,3350.1718737013
7263.43774734097,8007.93067409464
4566.80614235914,6128.75388815847
1924.65285972392,8496.33221581537
1735.9579938666,3821.69030059441
7031.85181609602,7114.09617042301
1628.3286510611,8999.49786978168
7875.34970493878,8131.10778354743
1397.39972540428,9035.37795777214
8365.25860624205,7612.91400542891
1163.07885689537,3557.1983228397
1622.88603514197,7987.83863801506
1761.96819437337,9199.74877635338
926.527484047711,8781.85774778259
1020.94395038891,9427.69407396914
1541.69476035088,3636.6340341422
7393.97152122397,7594.78812498417
6713.93769464225,7083.58099741121
1532.86496880503,4144.68890721838
1973.37706480808,8984.96161744932
974.245097891227,3311.84104896247
7096.47194557884,7161.91893245235
802.403005251355,3125.27554151244
1188.42883142607,2928.9144530037
8219.80896180538,5889.63598012523
6797.61803417694,7127.50614970278
1829.41947641088,8967.08776838003
1771.04989387737,8480.91522703675
8047.8426828585,7820.90566635441
7318.83835529116,6605.27762516579
7688.86539858097,8049.10039137819
1622.65204812388,9208.14962614279
1998.80127665355,7882.27617226766
1273.38808091128,8518.14084759627
7556.5159098461,7266.17839691897
1274.62846017015,3819.27492057471
7815.2669719623,7737.95682137342
1898.41052367391,9441.76023152002
7298.7180387187,8040.81156422089
1517.34595166403,4196.64024466745
1589.54621508024,8811.88606816509
1482.86535803504,8527.97084318386
1507.17110050199,3701.35740186074
7898.13252282993,7443.82180433843
1090.62157030858,9263.62610891569
7171.4579467998,6364.52347538147
8518.63300656572,6949.03070148524
1541.53842376258,7825.07365356506
1645.76398664861,3853.81901444179
1344.01735118038,3426.99967083586
1101.19451047076,8317.67246418969
7596.23345350074,8398.91503334337
6524.31965169032,7125.53516864941
7438.85737977532,7789.78225441552
7485.00376366364,7766.44874783892
2183.65152569545,3817.94803978668
1770.21447097191,9534.16476317411
918.40771340053,3361.87878630769
1579.54078629474,3918.61534935755
8782.05876401643,7103.0572739267
1437.98319791386,8951.37081374825
8528.84605920354,7787.87408497156
1894.70910959409,3900.660419535
2074.67840360673,8085.97235967231
7454.74850480048,7120.04491285985
1667.18157704581,3961.59217148294
1786.80883574206,3693.43873648309
6990.7223589707,7825.81313590711
6583.22878442715,7753.7978989164
7661.47575776374,7738.14292634361
7185.58824063174,7656.09386445993
7917.08533668386,8275.29087723324
1899.66681990451,3750.90359598916
7817.93978715086,8270.09019338858
9341.75677904696,6994.2794912885
1238.24345978126,8901.63968591594
1083.54845719303,3504.90104843337
8377.63494378781,6492.71677305116
2012.6704060911,8816.368179854
8575.61821395853,7717.05449853097
7604.5304263114,7965.03989848554
8546.16615376865,8166.45296593141
807.688012285599,3443.07499129219
1348.62603992961,8135.63743463896
838.818952105519,3437.18206975043
7366.29212954823,6914.66662534565
1639.6656834428,9451.31400443711
1427.9879503931,3622.79470385032
6851.58084711104,7014.02906936107
1351.29348685269,4151.02070618007
7838.75670046891,8161.00568738422
7671.66149194568,7147.05938328472
947.973359066401,3576.76059716487
5238.57508194344,7505.74673410526
7785.55083577581,7352.79905317618
2069.69874747245,9229.02180981691
8465.06073067037,7306.27598282334
6997.28723445899,7624.22387344827
7226.90384675014,7116.41065899297
7805.63333800305,8206.03655499861
4924.77957394238,5141.41300390185
1367.14314970096,8563.16647946503
1514.47483173031,8398.57842577614
1946.64539522187,9239.87381667381
7496.79178836394,7641.52003993809
7085.69852523531,7819.97599681009
7859.21203698253,6119.71852737217
1666.7245685078,9467.78396649479
6881.28704512019,9498.91147215465
7094.86387436485,7305.27826587462
1295.30383873461,8998.54347259745
1267.55767966453,7226.18799505855
7692.2412486969,7326.13716631875
6612.0364600002,6945.08429030533
8034.41531225892,6850.37977659409
3921.6921446057,6566.03869492026
7410.93003374458,7564.45344639268
7401.65016719639,8003.82494128306
1144.15356563873,3527.68307522983
1559.61932186902,3935.76361671614
1622.02150368669,8981.41458668272
7001.42145349473,6913.87267336373
1924.59317072448,9225.14772919943
6777.33802620366,7412.09593441972
7297.69720142235,8411.23821606071
1589.34788715711,3373.25449255866
7516.01925138689,5973.92251995342
7266.69502764242,6951.81897957729
1576.31944827829,3968.16658637288
2464.31182900249,9202.76736026562
1026.4729269441,8981.7883797042
1265.14621005594,3401.67282819189
7189.80190275096,7218.59867318476
1750.63342180818,9372.57933117594
1025.25220806209,3530.30707005872
1087.30257564413,3114.74574409627
1014.70693893708,8915.77448150656
2371.97996681476,8773.73826303274
1850.36853502062,4609.74374234396
6438.28081545363,8077.98544041151
1894.05728455309,4650.49683254348
7481.38589630067,7856.79005650649
7029.48870273983,6750.87412388066
995.984484012,9061.0915066762
5859.14437456626,6394.07300435863
7708.18030658463,7785.62518589547
7888.49941430842,7005.82000696037
7367.03131624281,7702.15570941459
5037.7361115537,3975.22717310533
7713.85248185713,7804.58902716029
6820.78133972498,8190.88823840015
8241.48899553415,7531.29893099063
7060.08985204425,6578.70115574496
1659.18824921076,7593.00983119704
6972.48317838235,8156.82484030664
1551.71478133204,9088.34817045586
6828.95348595799,8071.11218427234
1447.29304354009,8919.35832321107
1176.88531021834,3271.11431390213
7889.97799593136,6935.18484954501
7543.55219954612,7730.5990143652
7208.10168573279,7294.34238610425
1886.76270072826,9087.89685131796
7528.21770493591,4755.23722324462
1173.25046306318,9277.43857464276
719.732906235732,3258.01977568717
1614.15316703936,4100.41220418487
922.78720760201,3415.65663097323
7485.53486898612,7580.84052114915
7310.86235280406,7452.59977035803
1634.25575210638,9314.13791480028
1332.72766776185,8616.38544063065
7816.15455118787,7846.73552184938
7849.47120574814,7956.86768275128
7803.01097666274,7271.86989547372
7812.26993662154,7992.82606189184
7041.39657136254,7669.72897836354
1443.5189109542,9283.31934043244
8277.25041543275,6167.92998458613
6696.91035095171,8003.95125709737
1582.49739064715,8299.60035908669
1501.10862134041,9211.45294981882
2734.92556594882,8143.8299436358
7710.30873176096,6471.73513531316
1355.49180290485,3418.8918511074
1460.87278044842,7797.45607724824
7573.66051072307,7706.92041356199
8499.46026658085,7450.30788610524
1765.23819568041,8687.34766189897
4802.2285974254,8468.76190587986
6223.32314687883,7900.70275586954
1615.19850347692,3774.4272328081
1866.86937679043,3722.29498791823
1816.78770229172,9153.27941050432
1334.46829529905,3839.94933578041
2454.61981258693,9104.82636706324
1083.58790833094,9001.1387636833
7226.27730491629,6352.62582530837
1232.0896242965,8894.99914518619
1611.57999819514,9278.72844587344
1626.11013610581,3693.07447632359
1112.43713119202,3253.99720130523
1259.2088575885,8105.69053015831
1217.39724348475,3342.4524899383
1012.06308239977,3883.73953064613
8440.05141586119,7673.51041656227
6763.53343855606,7731.00260644916
1532.49819318346,3613.05805487037
1159.57231617764,9109.71483434395
2108.38450939138,3488.57475914869
1807.90093098346,9001.78306971229
7217.67111009262,7809.68415606582
7741.55493261153,6762.60934698818
1821.83814750541,3785.41670407263
1292.07609742348,3519.97151603073
8579.71232091846,9151.33160939736
1071.59871218652,3593.8668341499
3724.8777537375,9150.95219054513
1164.66209583731,9101.32224612286
1155.61408623286,3231.26151387698
7449.95004401761,7479.1673903915
427.00597272248,9135.27465478505
1162.59877730935,3168.88102725973
7869.08872604868,6749.37087865344
798.450564526585,3365.84263372308
1569.96796690869,8828.07129388203
1207.3320714026,8740.67190035518
8334.90602761579,6079.28234153483
1495.9509369257,8583.98206626498
1734.29601021397,7588.67792680015
830.882242576225,2891.02637183857
6824.06018745524,8029.03103589222
6654.39767603304,8382.94390625043
7704.74789744641,7573.08462168617
8415.60598878091,7592.23494234092
8092.33388874214,7036.72996857616
2879.30556199101,8762.85266544171
1202.29907000844,4111.37860684225
794.020588673982,3322.31329982384
1407.76543873669,3994.78669022304
7277.11174093846,6476.57627809818
7120.76084354815,7571.03021745409
1732.01386405366,3724.58560922633
8648.05673223177,7477.79452894325
982.823900414679,9016.45241361344
8242.97882378678,7299.39411815648
7753.31202547546,7165.8324228392
7182.88945558501,7487.57271953584
7309.09183351691,7009.31534326665
7136.13893469849,6823.68238117165
1161.4088372213,3771.11393236987
1675.29830928677,7899.47656845207
1187.93775047236,3672.74260778405
906.763828971606,3165.9991900453
1763.79785461659,8726.74802037652
2252.24545239579,9262.68517182019
1380.26537899165,8804.27921982468
8501.67581440978,7206.91293284196
1657.02353815724,3902.5210919163
2196.91861466976,8229.53674353869
1854.2691793779,9308.08473708278
1510.84298241948,9113.18065481158
6622.53259250534,7509.32390008021
7455.65859655234,6794.22032135373
2582.88954932472,7666.01062731081
1022.97634126801,3291.87216929555
7492.02264602357,7125.3808753122
6224.59345496688,7836.14723852126
7543.89069073379,7767.48991371168
6249.2693267297,7866.44767985766
1112.18686772869,9093.20330697993
1468.73982772832,3762.14390554005
7422.39749721009,8311.83218807538
7513.36577706396,7316.2655223494
2137.27348196265,7460.46363073343
1346.65144339305,8568.85668654287
1032.81215293278,9152.24560669156
877.752278216611,3470.27960894626
1267.15760010447,3247.4456186947
7388.41859085933,7608.43629116461
7039.57869476442,7791.50098364743
1676.39571296143,9101.59918394686
7204.88046269451,7948.20790936348
1473.22685413957,3185.63759337994
7740.98726618091,7574.51059577859
7463.13893871319,7791.33714307047
5237.87308859735,8583.21881718452
7623.6619427357,7079.15834586947
8300.70745757648,7759.68553602907
1662.57564448282,9374.23346120046
1397.50545237328,3816.11816466703
7734.18928820529,7290.48900920005
1359.68710816833,3403.61774064518
8261.79039333964,7558.56714875397
6552.15689299366,7817.02547367246
1893.34541586495,8756.63224255413
1209.27374811991,3604.22249319569
5829.45532514519,7078.16518601362
1078.21976042275,3452.62710090145
1441.01719625138,8940.88592454341
1457.54401403812,9271.3096264134
7230.94382917796,7851.34505203046
1502.39958346634,9145.08153337268
1944.92580507441,8994.34063292323
7696.786808649,8058.23248063308
7946.12569185695,8044.81478628297
1281.45043401296,8443.29995924513
7511.32870336332,7149.39849551929
3517.84429830365,7511.64946629315
6898.39039450775,7214.07850962393
8580.76352202585,7325.8840267262
1716.96165867517,7995.4384036905
1584.34041365307,9326.24493171132
7650.89192056212,7533.27054950313
7256.7918310031,5430.47496761707
8788.05705479231,7490.72125718708
1352.06293778482,9414.49075974523
1472.40959355438,9207.18438631108
2342.89841952192,8226.34709628719
965.678913965834,8867.05825873726
3032.27196185727,3752.62474751846
7999.49001263205,8390.420357934
1813.71818849825,8820.52545366027
6680.88813962797,7869.24093365696
971.252393372537,3345.6651462766
8904.07568212827,7467.51893334655
1503.95074968935,8976.66514835055
6889.83545082853,6100.02891968106
7211.89040789746,7707.34280985838
1493.32386582837,9230.08966423041
7477.55107122726,8505.47492032116
1985.55319874332,8994.27075380617
1376.83072182369,9066.39596283644
1458.32115983075,3800.47815296271
4297.21236231897,3556.32073856275
1584.8855050563,9353.82646474891
1211.52436592192,3693.00993590472
7247.51821345449,7799.26751371366
2034.91718076077,7387.46682249967
1810.57189742567,3886.57871646786
1657.96861501961,8639.17929777829
1487.76735407438,3778.16496447709
1794.30898753719,8644.17345909417
1165.63536021031,7869.19195738336
7960.01857536811,9158.36104945894
672.668064093609,3105.07180328546
1544.12368229548,9436.19556745854
1442.64590447623,3483.12318872015
945.955300454941,3375.97430083717
1999.23660459739,9082.82861218024
1412.17160258599,4128.76000936881
7357.86454682562,7756.64181107073
1546.73051052038,8843.92590710449
7789.42660431144,7159.58132711397
2525.2784268784,8711.67742075759
1116.27100246585,3425.86481549075
1167.14171990571,3561.52870749591
7820.23384866894,7819.43991925606
1046.13390046464,9105.81907150075
994.994314519711,3147.81379148694
6571.41025657982,6501.90959546262
1624.06115322608,8848.34660487928
2281.52547464229,9087.88635530587
8268.22858566301,8193.54437008625
786.567911522945,3252.78324553645
8401.72921714579,7193.20637021349
1074.36739160306,3137.33724303906
1065.19987424319,9238.62724824864
1904.42797134551,9131.26234132082
7839.73111292079,8077.22790139053
7869.00672700254,7802.60200131023
6870.45163273901,8083.16174952767
7672.60742014909,7363.87670901083
8579.05026624584,7127.73736942373
1276.25548794809,3831.98502810701
6323.34178296751,7666.63698404925
6965.0280984235,7580.78951443802
1382.46420824774,3550.06889821871
1409.78040681817,3702.61957543421
848.368549361874,3195.66952002713
7971.12322602562,7767.76330759028
7587.3828526164,7724.44419689392
1570.15448622598,9024.24907827533
1263.19329850757,3632.2239747396
1623.83091559787,4099.65117354017
7499.77531217822,6793.84245341107
7127.18527959506,7328.54935112711
1939.97409051165,7862.32820777522
7401.59707391111,7940.24182670235
1674.58734865374,4068.84243439019
1594.30547037384,3319.90092144053
7483.85644866906,7313.0461656361
1566.12039835255,3905.39663332569
6234.07050707553,7778.82102641339
8404.14646078267,7695.83127431796
6666.00186009675,7555.60137188785
1228.75419899497,9119.86259867658
1167.95779875199,9369.49882366764
6923.31625575578,7816.30436059533
5009.87032147276,3486.12395154447
8106.87597388163,8023.3212574424
7290.32298445551,6462.35695025606
2455.88135133348,3229.06079868331
1303.8714779338,8741.93337989053
1066.92247434732,3497.03191802446
1354.22010662944,8594.77881594365
1334.85179479035,3286.14334508199
1838.6404517641,8642.25684517486
3351.05833674507,4135.18360189023
919.574686547987,9355.88738806255
1225.18078263563,3246.50165843985
804.369906035748,3259.15752198989
7283.34367935529,5713.35701400787
1069.67352946793,3457.53687379718
6923.25111171254,7659.98836147317
7939.77434151531,7819.91709496312
610.349587769169,2992.35869575607
7743.11600031903,8313.24423384983
8020.17771422018,7449.64299767502
6673.25214892796,7387.79973492658
1268.74855816139,8198.44481567302
7933.47645997745,5850.57568124194
1365.68735316611,9247.54799893655
886.479477462235,8491.81893735053
1078.33958665819,3165.09337027631
7403.54822239865,8103.73548150782
6981.49809420242,8226.05325986035
7146.41998719051,7667.95539442506
1609.92368943022,3878.10285208562
1046.138358709,8978.09998425473
1384.16516500967,3281.61926819803
1742.80043786865,8371.92963084301
982.929576562675,3455.03708994697
1312.87785713802,4253.6865052519
1514.36124030741,7776.61251228651
1791.64558271386,7922.71111994658
1839.19710781298,8447.73116972357
1965.26164923638,3343.70225338146
1533.76924534764,4181.0275411694
1146.82241489468,3215.51132936083
7845.54809108117,7938.4573666834
1588.96974079568,3331.94127999463
2087.01465186433,8390.44122280205
1958.63270910247,8740.53414114877
1415.55747810006,3521.33513697358
1423.24429888431,8986.30776763834
1907.49922447387,8841.195558594
7610.78976057452,7058.49966758988
1478.03928634094,8738.61066430389
1340.74086737582,4327.30254113818
2010.36532955288,8243.31259810436
7166.99952147237,7991.21814664735
1348.23204338305,3529.76148436572
1173.46039143152,9359.94997227448
1171.9581061118,3430.67820749755
2445.7016838834,9150.49153527026
1232.28148427823,9112.22274758261
2388.7737625296,9537.20650740643
1710.30205878082,4249.79245140748
1973.68635546379,9069.61122634273
1033.63990124449,3428.92230427696
6420.11247510829,9165.15899771042
7218.68529463704,7534.06534888179
8707.8863688283,7225.25405931377
7630.00129633279,7249.09308797803
2245.58804986145,9223.74769484661
7458.31241481539,7807.66163708446
1858.8849098257,9017.53955842235
2331.52538740576,9377.94488051519
7288.60637452671,8133.4316383017
6761.58805514494,6969.3803460077
1779.49211329198,7783.44526848507
6522.78139005448,8041.89605091856
1577.63530838225,9135.68738849853
1149.81162565498,9073.44337837704
7096.58022074894,7377.29612159897
1681.75991281716,7349.60251294096
7801.01920439559,8246.18376630725
1676.89704370395,8935.09770955036
7952.37912185257,8101.13937527276
1535.65144908523,3712.25607169329
7540.4806161272,6852.10526997042
1339.95057553505,8825.72263684278
1481.85545213692,3887.29624474401
6404.20820058233,7500.46606618034
1465.93759727111,3939.98575832879
2911.06508919065,8672.26412394247
7048.26802058838,7927.53123064778
8184.85532148562,6730.62523175541
1771.17575207864,4099.73599331143
7347.46631606545,7497.80412205078
7768.35868875846,7419.59744344594
990.70109383916,8850.32032906517
7811.12252133535,7729.62811722072
8055.6352475857,8365.65279874961
6560.26242449358,8269.45519886289
8214.85145638024,6572.98705458667
6646.53655733666,7140.21794628229
1376.95531426765,4078.76582398337
1598.151632677,9317.59361731404
7971.50810917658,8104.93739123993
1176.38828909861,8537.94227474588
1634.55899824735,9181.34648971772
1388.77057656019,4004.95482718007
3125.38230170503,9130.30667195013
735.701707715417,8732.57571052449
7705.86283390995,7454.567521809
8474.10654532068,8313.55574735511
1249.67455921285,9042.53498711275
1539.45141251423,3575.51687736637
1094.97299951971,3524.87595593322
1784.33075394646,8058.53447009194
7448.89309431666,7560.01733040768
815.201564713495,3106.24429442301
1122.42881471923,9660.30345507891
1194.38126249796,3808.77318420578
7950.28685138042,7501.26713358137
1325.8395251875,3812.2662749852
1738.46111760242,3922.49691162856
7942.02191621304,7247.73640187513
1181.43438255462,3241.69529310338
915.888679722864,3467.79416965308
932.157986053286,3377.0027470253
2112.37310613778,8549.44247879846
1331.04839246221,4789.66683575147
2552.62196232639,9270.76636267905
1788.9175998433,7677.69490887967
1352.6701500573,8949.87806283452
1726.50345421437,9039.64625382577
1675.43350913265,8676.45365107461
4485.8106535467,7245.44438649746
1314.78688923993,3346.18664287613
1338.70161247849,4143.6226650395
1897.54681655634,8612.40677190952
1309.8061930674,3531.4828520451
1220.38171128912,3620.49174840941
1298.16948677872,9227.55869155237
7798.89110375088,6805.23611876636
7733.00704336802,7603.18778792753
5649.84363868464,7057.74947565898
7697.60373792778,7561.93689330519
7783.16782062177,7926.25876767937
1832.19522011678,9218.39896014819
1642.03656265969,7815.75493537727
7032.16172622889,8251.91895284366
1087.35743716614,3308.60240467459
7588.29477900963,6411.34126717294
7889.62710081781,7301.17630772684
7165.37477977453,6931.07770212735
7667.46805659328,7963.52689303596
5875.71315112077,7469.89285608231
7435.86481982584,7171.92593226351
2130.27076063492,8686.49916242001
7584.53933465554,7603.20194177145
7649.12895019859,7140.67145872164
2676.45848335347,8792.86642596409
7511.55020468176,7548.31829107224
7682.2650520371,7065.78863018405
1558.90083134019,9211.11210240448
1775.87314385399,3882.67106735917
7840.6285253492,7988.6376870891
1283.32413472135,3599.57510522036
1215.61255608203,7562.94526995452
985.655484240411,9104.74784067143
876.174484010336,3514.34960180049
8318.09399496035,7947.57640576741
7015.11747035983,7849.3144254877
8738.02500597808,6746.23454484218
1281.62541410306,3636.03406245495
1564.03900104843,3433.38991616397
1241.21115078583,8427.2302168914
6725.15251928275,7662.40314746569
2649.52350204309,8989.33986092645
1403.26904171182,8239.46139612998
1210.00979772445,8513.53972206742
8642.78874412356,7314.66508693617
7310.46056933734,6897.79753052601
8095.87840025249,5763.67644267748
7696.5771882737,8157.79343557907
8049.96751252393,6436.70352038625
1951.94462262648,8420.70943446066
7763.24900123356,6775.17126246099
1774.38010628912,8935.47461739668
839.408090474129,3245.19448315111
6875.93623956225,7968.50998011559
7191.0366638854,7942.24275950422
1706.64972260782,8931.72837891771
1906.91405983553,8021.78538834916
964.691233851546,3330.55613682884
2179.04494162185,8798.09623852752
1668.4176967509,9157.80024033009
1565.35693848375,8707.98445884343
7811.42353996406,7777.23840403403
1429.27365874403,9071.97942663196
1422.33172267632,3666.18226872512
1290.95789149807,8744.838335013
7146.3508157286,7650.32434135949
1636.74124382144,3942.09034711784
1073.73147469072,3599.86274559845
5600.2577083854,5434.65376350802
1849.53640296183,3412.038241161
7757.07738911595,7515.4693925901
1661.15421288615,8774.44485818808
2137.42549645391,3974.25857988033
1000.32816733264,3584.91303787719
1491.2521510494,7993.36184902224
1286.19242099944,9196.42938597354
1632.12754263425,8801.36215680664
1638.0715973354,8377.14921399934
1696.13545031655,3793.83718494395
6415.24263625386,9208.92874872948
1554.58050164766,9169.26376828804
6996.46804703559,8528.28940392931
1457.66035725627,8734.47523340006
1520.79055656673,3718.20674463984
7762.93063846873,7816.81651870845
7351.97442100571,7966.8634808193
1013.15515448894,3052.15131150138
1582.0512111633,3984.75949605271
7383.21073520788,6028.94240699769
1553.26227791328,9133.43677334979
7826.76423244165,7739.15091495689
1166.78317624103,7467.87790843795
7606.6636953278,8015.07613638367
1040.3363406672,3391.47264142399
1330.29125622885,3461.05158253296
1453.15720145575,8373.54110805276
7969.6099016946,7238.5592937886
4018.29549946291,8322.3895562436
1138.66442137144,3286.75912640989
1521.04366955962,9068.13797478542
1496.21379965421,8572.55146714613
1033.10897640119,3345.85707708065
1228.19009856654,9105.13671869136
1659.1963511927,3822.92611252603
879.802404719396,3391.20212763496
912.697068229203,3067.33231670567
7450.00779352116,7724.28931232992
8041.19876439386,8159.57314045923
7432.18335889157,8193.61570198674
6905.07141715608,5501.96855272808
4360.69194266928,4035.06430050727
1636.43279866027,3510.01410833651
7567.54124467199,6843.61972670879
2380.58874650079,7215.06374033348
7354.00427301446,6996.48031267912
7943.63438998827,7525.57166918987
7240.03061809682,8556.78707622525
1125.76929741773,4816.38673169933
1699.96500185935,8266.19170415955
7040.09538562293,7205.08797344375
7891.30945184733,7664.8648548424
7404.81366667554,8242.88678037803
5305.1986095383,6208.56465663087
1390.4212005049,4134.771597062
930.500280756015,3444.7934555815
1759.3715102487,3781.77187749575
1496.42420960219,3946.58150728001
1010.07681288748,3493.17259202736
1654.46622169186,9344.0403454956
8116.2662804222,7756.53210776757
1144.19349551718,3272.08312581088
7965.33940355117,9340.03609691599
1602.5650135742,7991.85318770445
1303.9230677159,3426.53553279356
7771.39574286234,7844.10966660665
1655.28056988316,9088.41290014662
1278.97658259299,8986.57766157179
6922.41865939232,6655.73570988902
8230.38525416238,6808.48416563784
8605.27866912911,7974.73752053
2098.6762168697,9113.19567172195
1405.81706203592,9005.70814975938
7474.27810319149,8037.20267468112
2180.56878834795,3706.20344631768
1688.85444729357,4460.40183127317
1294.35392039986,9049.48567179501
1993.5805924942,3943.44441230448
6813.01892253673,7502.26854130686
852.89370639847,8820.0467583299
1324.54977120761,8944.34365228427
1328.9401125238,9025.7515648746
886.055552591796,9103.77499730428
1383.74666618773,3606.21832452474
1947.83931417895,9103.82114992711
8155.23948904801,7818.15579909722
1331.97634400663,9400.8980267635
7446.16559327462,7413.92854524913
7877.19753291537,7225.60110592946
7222.36320586863,7341.43638893709
7310.16572146394,6550.86198232368
1582.293851823,7860.23451613151
1620.86578183377,9318.19225673746
2886.67822331728,5414.70674198183
8268.02763080281,5966.22213771688
8692.23870610124,7952.97287798085
6947.66367618419,8108.62807276685
7257.9658742713,7506.14258820228
7946.8989378567,7470.27872260466
6652.70844633272,7090.09355823635
1186.65681346741,9315.08712519867
1107.22514828683,3005.03600728559
1635.52209870982,3581.45729993423
7137.66401388177,7320.46287876328
1800.80395724676,3897.80170233962
6057.17531038873,7781.48891941076
1803.24711946905,9199.67063339899
1275.16918440804,3472.31030509102
2098.1007065428,8412.51529559296
8377.21944476756,7972.90538241333
1184.20796541367,8734.90339310278
1726.6170074094,8291.40229835377
2134.64201448529,3906.31103553791
6443.69986643257,6748.17061570548
1450.95399758024,3496.74529227048
1630.75464244284,3852.2457922483
1423.61277660571,9137.94664066069
1334.77063361505,3391.7064620859
8322.18190446366,5677.42247583946
3805.58099251624,8955.90706126326
1831.31587747002,8823.62481473815
810.329690336999,9030.61160346496
1359.93710369891,3546.48861839521
7294.44609612106,7387.91207245632
1034.05465508113,2915.25144747748
1617.38697395743,8572.53373997155
1354.92707614879,9229.61156131145
7389.35996112639,7421.17938142547
6542.11444079366,4477.50417948733
1326.45638964474,3670.49220337705
7801.63280383489,7696.8692454152
1039.22973515564,9118.30796101123
7391.56278239229,8161.45263430653
7038.35511264219,8222.93269463012
6800.31700467052,6964.86673993736
7341.81367124705,8205.5150927159
8187.07528958011,7489.234993795
1914.76437739586,8728.98505413701
1614.65407635642,8731.83391380646
7192.57216349917,7525.75003830702
3415.28816530805,9259.85946093258
1402.83690454418,3430.35078715447
1988.52073290502,8973.83702417942
7896.31254577024,7803.63233753056
1424.72994858263,3904.64562310643
957.142080227603,9188.86521883109
8110.08112783287,7142.24757523014
2029.12018474954,9194.31979750138
2046.03659958078,9095.1147963024
8558.93920309824,5959.85206040315
1231.51936411451,3515.80727636432
7232.00399240142,8137.76880622638
1836.6998479826,9473.19177649455
7152.79191425569,7420.85013792367
2333.42851721399,3592.25864666782
982.74887428318,8551.85080760321
7423.85362655791,7353.15373505059
1064.70228578225,9117.77397344796
8221.33979605247,5665.25847290403
7652.36524907304,6228.57754355109
2227.50880981796,9027.07300725921
1616.7319185496,8839.89840983859
1227.06494206045,8718.30604005599
2200.67855284335,8710.11857181499
7745.32040667467,8035.21130009798
2061.25365328242,9818.14257513037
5415.14112932702,3779.56919593357
7686.29241336902,7473.42864893789
1385.28604579136,8932.94713693187
7981.28723362413,8032.65544031055
1592.96119119031,9139.90499924803
6567.49553616376,7424.38882625834
7224.31737419228,7413.29738163079
7747.52757896532,7164.68330980707
1762.84047288561,3979.85370773379
6170.65683674905,9315.68435401869
4020.91937727549,4016.90938379136
1489.13716667346,8825.3656348584
8768.55452534445,6690.34044656071
6653.56636398199,7681.19920689935
1267.08500911743,3420.64492190387
1715.2311113635,3800.20879931763
1719.62334647172,8973.39116055294
1733.49794616044,3397.47214424095
7363.43690485985,6625.54594515733
1096.91149344897,3230.71565719199
1348.29880801879,9222.27502254548
1591.06328304078,3875.05871245664
8283.93315670069,6785.11962779565
7321.04987829455,7366.68310398148
5913.3305810748,5147.01083997655
7244.73797811093,8034.01992908628
1657.53918507793,3927.41459567048
979.194838178256,3748.45353861012
7526.99494308495,8210.6109318576
7431.33362590195,6843.89828933884
5187.51197745516,7423.92057860378
6996.46149647717,6810.12269370437
7434.99468270148,7399.04627842267
3976.9056553714,3994.1215743142
1342.22793751259,3599.66575841002
1306.19027078446,9188.77916142853
1392.77458633809,3670.11615989113
7525.93045388689,7764.82766706604
7290.52298762864,7714.47134287091
986.368991308297,3368.49716563551
7066.01655829183,7706.23984784107
1442.77509363798,3565.98773822769
1566.33460266134,8304.88109805849
1784.30355778155,4743.46294532631
1515.64685139886,3754.68531396489
1418.50308051035,9319.79446191582
983.991926602633,3616.33034072833
6954.01679146559,5627.98315575172
1937.41129757782,8997.27199785497
1413.34562375384,3626.24874448528
1287.04702205258,3481.25817046226
7199.81609470699,7704.68246481774
1700.56217983674,9050.64018516258
7263.16098931777,8177.18447871115
6824.85898573132,5292.09814490943
1135.19348160031,3520.13782091502
1209.40964454827,9375.41596305372
7047.40093843209,7644.12595331947
1351.85992508895,8927.91425642575
7661.64188529565,8341.24810150243
7696.26423349366,8101.56752393861
874.167039668284,3064.95626384294
1514.10503620312,9307.9039602562
1928.20138181147,9054.62816603709
6983.54253193462,8078.27566972197
1434.04990152438,8017.01501442864
1344.81689781767,3749.27947720822
6833.10659661262,7457.22773753983
1125.26939504293,9113.58538014178
890.731377128521,8658.30774189163
2058.71922255492,8598.76984430238
1232.13584068691,9220.88256197267
1059.04782794346,3392.85202883169
8370.83342308041,7330.46850688643
2573.86195334157,8424.58462285951
2333.33580705012,8879.02817753846
1216.3739684869,9004.85487920157
955.132609580068,8875.74316146987
7806.45668217751,7365.30179891033
703.880588262016,3293.88884386327
5079.68043153383,3485.56457822049
872.395157175288,3206.24168763408
7041.40526135871,8096.01339194426
6869.98078669505,8270.95885065509
854.970835116556,3323.55742091889
1163.63870416433,8867.54550624307
7014.83917003891,8738.64139288203
6301.80180067666,9133.97932051031
1807.99532338908,9332.9855607901
7400.40604335423,7198.66923797185
1105.50189053947,9036.06121667842
1223.10321015806,3579.94524771732
1345.32653294088,2704.5099972541
8322.9899446871,7086.51738881516
6901.25719571578,7680.66398197126
1311.74884115719,9225.01925259443
1334.24546836822,3662.18818963344
1931.45840119476,8631.30137406804
5274.00318391606,7728.46038136507
948.008017121887,9159.8375015624
3839.65379013613,3898.25872895365
1409.76040072977,9183.23953355856
7769.56624540709,6972.54061549966
1971.23271694763,3946.73863347732
1173.39926020543,3275.76353969983
941.921618123149,9260.86105135921
7351.70258173922,8047.78715503629
8883.68585364017,8140.88511501574
2166.52542623181,8662.21424301909
6964.49568071068,8075.59527084151
2917.12144882759,3911.74334898548
8640.32763264091,7633.32649225376
1158.19824040309,8028.83257408863
1586.41062256362,8654.78262820933
667.575906514826,3236.65004695069
4381.12920288584,3697.41118659996
1575.64439056298,9210.52457727427
1468.3767870484,4261.87505813
1338.07275357146,8977.30212182731
7524.94958819225,7805.79872724456
1411.70580527489,9127.21073911332
1456.00694772792,9287.27286792355
7735.97224680683,7366.13387917298
1430.80790185414,3654.6549403151
1262.31203566321,3913.54936169349
1217.34144093185,3704.9895199575
1194.73566166647,8079.92495863853
1871.28958339723,3673.55845967069
7286.23020900027,7393.44889242073
1276.34095037183,8970.42686195343
1505.97002913569,9208.23960028899
936.16642591304,8775.62629621624
2058.63031668761,8407.08490989741
1143.36782750966,9269.86269004655
1102.81694370238,8971.33770548265
1435.92520239282,3797.50471322607
7274.54097993634,7721.70903591285
1662.06735119212,8551.03923453422
7660.08564653428,8202.70931201419
7042.81364691899,8634.98546358322
6468.80292864582,5965.80289181464
1706.54364574677,7954.14860120123
2083.45461418561,9036.6349811607
1052.27422114561,9208.96904060055
3677.03342407386,8536.8673877746
1075.75003748352,3506.34951681696
8320.80668481208,7394.75541920252
3043.55910485287,5091.87379471423
7790.34792075149,7102.56414323491
1746.62502843388,9083.88340452371
1298.5678203695,3936.81744289354
6500.64519350994,7741.31256271184
916.387442137321,9022.53984262133
1309.1178758474,3345.6798071699
1293.78899222583,8943.43967590038
1110.01868089661,8736.11260543418
887.99704479238,8944.23401685145
1134.64065167017,3965.79511037593
7748.44361652005,7837.91974741123
1480.80035737332,3958.57907786182
9255.03993647429,7320.56889243103
7236.84761206704,7418.53496619538
6806.33343734914,7722.118187994
7403.55824232104,7825.72861150489
7836.71243974623,6699.616629358
2489.78364903242,9101.13879604469
8517.62500205843,6983.92363198409
2028.79287879312,8660.81073916948
1240.73144319552,3205.38458800339
1092.99885047257,3264.89276677141
1104.10076830027,3652.32799711208
7209.64648469395,8592.39067075183
1476.84020189315,3611.25085156528
1798.51435002779,3913.26408579095
1164.87062288198,9220.62594707504
6684.6316092734,7930.72724981362
1370.43695299579,9226.05537018166
7572.10226803373,7315.02250351944
7008.07008177299,7079.20273439776
1848.06505922135,3742.95980705537
2600.90131114448,6220.71038740064
1253.39669579549,3799.80507075298
7152.5757712439,6986.13085840443
1231.4067049023,3778.39962695786
7344.2024869296,6975.73830448319
907.629768800582,3975.52768474522
8219.76249620177,7246.78518208206
1524.90315929336,3550.56353778489
3099.38152776786,3293.8828662744
7739.07806024035,8044.09466638326
792.201108280441,3358.6389125253
1288.80907247282,9129.76740423702
1441.07509362876,8244.39722446992
824.595646012374,3388.52465751251
2277.51416654188,9059.79104263214
2265.05022616363,3519.50812416354
1538.64566696121,8801.66789423599
9158.0085650277,7707.0550348627
2028.81429361501,5545.90686316736
1338.60657340173,8831.42235275957
7911.16880468945,6811.54514600198
2216.48957919578,4104.21330239298
1293.606845566,3637.83438500148
1298.41809226651,3479.10149005007
7800.52181924536,6870.20407892503
4359.00623000424,8336.3417748747
798.366207056633,3188.12870717583
1464.26633737395,3144.28161374157
1507.23347369804,3981.3150304538
1333.78615424487,8803.57089761524
1338.27627584047,9017.20185409202
1469.2545520045,8358.17628772775
7540.18620434364,7996.48846781337
7575.55687568571,7988.25821359551
2252.77974264924,8917.50533778013
3075.51389179992,4391.96351391391
1399.94938568815,4291.15793401006
1431.40542874587,9156.14705511351
7974.01127742204,7494.44963020349
7735.73596092137,7040.65484898357
1513.81231095936,8624.6027211727
1104.54422530299,8922.34167390423
1801.269718233,3537.26495026413
1720.58653157843,8155.86842246738
1127.89292570434,3618.95960897495
7675.29197081548,7075.98870528565
885.858886921231,3325.60693917731
747.577884571737,3391.40106376952
1839.00932870452,9146.08782657718
1015.74495468647,8921.71477506836
1489.04579454408,3560.97040975054
1552.38875298012,8307.26048577378
1427.19509806328,8987.9175337159
1200.83717590436,3820.35090554539
1654.81860108921,9124.76469556009
8474.32105874239,5249.02557891182
1053.62624569448,3669.11812237597
1914.88526166234,8292.82587029939
7272.71141672583,7103.28859251582
1729.17249987112,3744.28652593333
1805.0892703497,8884.40879323739
7700.94308890345,6840.43237396558
7958.96758878042,7472.26971611781
1939.93494559605,4021.45280080831
1290.62691287797,9159.55473792105
1204.76859219644,8732.24534870945
7417.52891684049,6636.97128531581
7922.95456532739,7478.7121678325
6560.81099949266,7342.91502529035
1060.66077229089,3305.31800870571
1224.97294435022,3408.34650372963
1194.2049731163,8780.75418953463
8003.64628314232,7998.43081945881
7846.56586651747,7417.10052521402
1655.92625388212,4078.50114662486
7499.26081416825,7995.9534363288
8218.54810066581,5968.72215498887
1394.87415066414,3654.90044090125
8539.96976905185,6428.50752277351
6835.03414692585,7664.66618913335
2599.01432505606,8922.26881888626
1274.41751695971,8766.18086123886
1897.9091020235,9155.57450360132
1622.0429131814,3747.8693205685
1341.52477810218,7389.85633351572
7336.5096814994,7272.44873690296
7895.2300935543,7826.25345485125
2245.80323650987,9223.09618806208
3117.70412555848,8434.50435221368
1642.81085074343,9074.62982025054
7816.84486544434,7959.92307106598
7501.70755831437,5673.29758799732
1329.32775455916,8850.7969675331
1670.05852153745,8811.06294055773
7464.40167767478,7800.03608635723
1722.56368332032,9333.2720477818
3190.71125667994,8803.40866408469
7523.66676383544,7742.88921738343
7386.80726337741,7698.52307908614
7592.24964786393,7420.77595112983
2055.93164666937,9071.68783018997
1593.72186496265,8215.76583204545
735.503197717203,3319.66835646487
1472.98821272406,3635.82695193638
1329.14195702871,8871.58399715794
7584.07874251993,7549.4272242863
3046.02814491884,7948.75060175802
758.812500101792,3500.32959547378
7391.67404932174,7473.04892064181
1612.27889386312,9045.30838329835
1016.59318733488,3178.13212707368
1979.07758746707,9311.57427431241
7584.01357045143,7226.41284435403
1520.37536969852,8955.15560546998
5029.01911146236,6241.98246186211
606.341323022706,3450.70893029326
1402.20180063892,9254.11418850093
1581.31566981674,8045.23153110366
1078.82236210475,3215.48261952521
1681.64964403871,8935.93119171882
7079.50709752256,7291.59899864901
6856.24733028249,7400.21191585676
2776.44946636074,8419.07017273595
7812.91582555863,7469.31677900711
7210.11761624588,7762.58991484649
7053.11480806884,8122.16859744755
1262.62826108486,3183.80624185467
1690.26531861546,3439.99921703919
1436.42564397722,3644.34607127031
1894.2673769721,9206.46930707932
1640.96920512073,9190.05805509109
6840.34048247308,6873.9073335906
1295.03502445833,3358.20823350959
1413.78309192512,9220.58703638903
9251.76206065452,7664.42116795069
7778.65022700682,7031.5192381606
2628.20179845178,8721.43282801162
744.218550141604,3466.20822559362
7018.75562178113,7565.77804449469
907.773454398413,9094.93063243358
1610.48761098506,3873.04850456941
7536.28269385213,7415.73319038369
1130.17566483323,3329.00029732588
1188.70152757427,3623.90360355401
7353.49480099508,8115.32556171482
1310.1597034027,8623.83685396589
6636.86764453951,7151.55983336577
790.562400287789,6581.05923926697
1299.96867920733,9081.94402679014
1273.73124171895,8920.9275926395
1193.70306938938,9052.52497679948
7491.11848722723,7719.48380848494
1205.51626533888,9080.90043864109
901.383882740757,3277.0491328198
1055.48092606321,3509.52407272928
1983.42277531195,8567.20355233964
6141.83331865369,7278.44936087006
1914.09122202079,4234.91445943068
7803.07924750355,7764.7161303032
7779.77743690407,7380.17926853924
1393.44433649636,8801.20060748941
1289.64928021941,3710.06714381198
2442.74300840255,3941.3214590162
1519.66657551726,9222.27542008162
1905.86778347599,9364.06039069335
1374.97329605238,9093.02963674634
1522.916430326,3686.65016778089
1460.15666236087,3375.2534653478
6988.5562692436,6827.16448789461
1219.20138349195,3598.89337134128
1645.42932424717,9151.79344173562
1407.25318721606,3741.10867275293
7493.44397908707,8247.00250285021
1138.81506012352,9103.31295006119
6912.98085267717,7538.06957263534
7042.60196624484,7086.14691236707
1484.73608364551,3539.19535704367
1337.04214308965,9213.04722789673
1602.64516145825,9123.23224376511
1696.91985962423,3815.21324813408
8912.87514379175,7076.56022001299
1489.79125588861,8990.30327048471
1268.31060849661,3570.78503863106
6911.0136992411,6557.94530029674
7255.30252749254,7565.66910403193
1383.69607759222,3935.01331853274
7390.37592693615,8223.57721159893
2018.54943270316,9027.64000992337
7380.32627550526,7879.57287323053
1857.71938867611,3997.53644625111
1325.79845934965,9089.80332399233
1062.28540604929,3419.5583779509
2203.66192853609,8743.54346108903
7305.33491641054,7289.95662421785
7833.20068848047,7543.26210635421
8894.33122916896,6563.19324745078
1260.36221851608,8793.00082467876
964.577552738119,3364.5405748176
928.869325598656,3687.78054599687
7069.88784480608,7454.5396449384
1460.70276295084,3566.94089591354
1334.97071056923,3472.71223345113
1114.03122753764,3674.97632671539
2923.64519003759,9141.57704400123
1497.00582084786,3640.65979841403
1683.50174953001,9140.90280166778
7649.64400964846,7775.99826971403
1741.42524986467,9095.41882438643
541.838463565371,8745.27821250047
1656.42610277219,6778.28378177455
1385.91429393846,3411.65495998655
1666.14497843501,9053.30367938447
7588.53952362603,7763.06624469271
7601.81083099033,7735.25630475002
1886.97633247236,8991.96799787361
7180.30451999538,8616.61818235154
1857.03858475305,3992.51346818984
4661.55763193757,3351.0756298298
7960.32778650488,7885.58524317964
1062.0717099279,9203.32277441139
7154.30078116015,8122.22537191293
8288.21766318789,6958.21600589883
1582.03902562564,3768.90787998052
1669.13118500471,9314.38706164257
8057.82699524146,6654.53376049867
7999.97163686957,7473.87665603096
2399.50060230125,3859.52892391516
7119.26669312957,7273.08493471571
408.776219132042,8959.04811650593
1053.99772619013,8742.60997346977
1511.06868151644,8800.05690814518
7835.45412225741,7480.89013274874
1579.52147743683,9447.61815210676
2810.33565420142,5660.40416636841
3553.58654124261,8509.71206767229
1625.28019169975,9081.23743899511
1458.24604007026,9049.58474538917
888.224432731825,8931.58736661638
1372.49863349337,3350.91317717965
4510.47838366757,9176.20101416468
1587.43672672745,8402.01991369176
1279.20191848447,9270.72075223061
8134.69965976511,7320.32950490762
1408.64031254162,8804.63434452904
2112.08665318436,8359.96219239254
1462.90646717744,3306.1408386967
7470.89559235535,7579.92083936555
7078.35120951608,8085.70151146779
1341.40438251534,3828.59041604403
7438.52669404668,7396.25272732249
1039.82540952044,8854.5539997096
8504.90755851579,7938.4976493754
1531.97220693795,3522.07620920945
7230.11380359229,7380.9995609545
1223.18189754465,6339.48826837117
7976.39901341151,6201.20277763497
2501.92769688417,9152.44685964087
1929.24717073052,4158.72263028149
1708.77196127303,9177.70680839372
7734.22420522913,6502.88229523304
1779.07831763654,7314.75868104539
932.592341042251,9235.6551490076
8672.5970295368,7193.62967265906
875.959748129363,3722.0158058838
1383.69971519136,9121.11055801782
7497.08074264295,8457.38338059627
8134.98292077081,7497.57987822154
1298.82788828705,9082.64428890509
2877.44746440683,3855.70034584099
1360.52196265684,9152.83902093869
1949.31839533775,5110.99013605613
1133.704184296,3341.78967697523
7638.43812977407,7466.31695363212
1400.79466919783,8008.07288092495
2214.77093783834,9156.96661757724
6559.15151855568,3955.8263148885
1243.1215489568,8655.68066884269
1796.37317269811,8547.00918275127
7852.23665745996,7846.8025597338
1326.07427775493,3429.98724259028
8381.67322832187,8217.65551871977
6739.3310596786,8242.55170575682
7504.96239053234,7319.56299742707
8947.0621421446,7497.18968362694
7347.67868618756,7579.51344780453
1720.71677753429,6667.81501075801
6974.89602806257,7757.96590197801
1424.0541885547,3600.41348235792
1664.93005538625,8109.38161439494
7289.65507688089,8171.09981367637
1489.75713511675,3495.74450975056
1431.35458795402,3678.54146806421
9105.98361455161,7761.44860027296
2833.99815753408,2963.86914463358
6772.94503759787,7250.90453820001
846.67967505213,3121.18990037257
975.79139210843,8923.22210205059
1706.91844520897,8371.17834736252
780.813964067771,3925.19158649756
1531.63065983992,3689.58366905821
6862.72262454724,7327.00508788924
7949.71250776838,8206.32070591321
8263.67972940895,7615.80354569543
1407.53112691701,9113.4773700179
3158.8428897891,5240.43203613711
1270.95772730719,3757.25176066499
1248.72773212369,3293.9051789915
1230.55132039397,9112.4955888954
1305.26738410104,3350.03384838456
2231.04218225762,8121.59566053243
1046.49095821606,3501.36416893224
7299.17409873235,7583.30407504383
1109.3719398854,4069.38421727052
7843.37348214642,8062.79544138797
1640.8736348044,9151.38367119189
1222.40357345843,3791.39149504481
2369.71170935908,8569.83496959198
6360.23412116351,5924.03356295711
1802.13898569721,8052.66468133119
7195.81437373406,7865.31241319353
8054.52792842753,8398.74853512321
1759.32449480633,3675.76797816849
1637.01668971083,3836.61638387054
2272.38514935347,8183.69002564214
7407.48337318953,7275.50139571744
1360.31205041739,8584.49443007598
1549.18920336037,8984.93419050882
1708.50876849552,3976.42497667539
1165.52653286068,3583.57300798025
1455.79032082964,8973.77895612895
1461.0721991298,4255.11740259158
1652.70869411988,7905.12720170629
1433.23195938952,3778.25936930987
7943.47774718033,7794.95556977149
7657.12146820415,5169.90490737372
1357.58446271446,3485.91362437422
6898.81225652021,7274.26421461994
7734.8740980098,6974.03540947341
7556.42565783726,7757.82223085872
943.373899016535,8609.85190405701
1460.99910063368,9016.01445411675
2458.11354527524,7988.15075797927
7575.72637128887,7839.19031805326
1696.94072005088,8776.30225862626
1174.46495857971,7017.40239594854
1528.60850511982,3731.92413613454
6480.64016745587,6172.29237896362
1918.32077932582,9019.96308664045
6222.26463679827,7272.5543582828
8285.155186386,6326.80093881157
7980.86103660085,8123.99878075187
8368.55688696139,7602.16487757882
693.96976604865,3007.91550396349
1768.5127716205,4552.07270510559
4608.56148685812,3729.07061278653
1850.35014633014,9063.01469249078
1328.44393329197,3403.96308418779
8231.23871356759,7314.56540838792
2175.43393410048,8979.06746485892
7950.91817290833,6655.19356097308
8670.42466166551,7065.62464700064
1633.6097328527,9235.93037312497
1312.20635944556,8978.40347001152
775.057464815222,2939.04724828224
2673.91063940634,8251.5600656007
8275.5718962459,6998.74282995359
1234.45272731723,9075.31510291483
1654.25574838081,9407.63073909927
1871.24269527088,8701.87171334041
8740.0647130109,5754.29252603323
1642.37758222295,9012.62234010408
1643.4040788683,3697.28695574452
6717.00127703595,8299.6637337427
8452.96616406194,8526.91139003331
6620.76942197659,7333.11615609214
6982.31850598531,6750.3392368986
1524.06231914096,3859.90656028704
8242.86403727538,7960.55207429298
1720.35038091857,3858.6059910361
2474.61390521786,6442.99587583689
7392.17152986355,7850.49067471994
800.864251256017,8888.31631958327
1093.49910665415,3806.34702229491
7463.54244663624,6783.35125695382
1373.6960850769,8882.08977860106
7314.0522766697,7514.51336454468
1154.09638142641,3583.97968469075
7573.27728700205,6654.55118626515
1779.41710405526,9606.48505818439
994.890637809326,3561.49455663351
7131.36206021858,7378.8772132017
1281.82382299406,4059.26265190715
769.377434172701,3015.95663967164
7656.11825716043,7370.41388979758
881.498547266046,3441.97405935819
4989.06944147025,5868.76627961338
1995.44034332913,7867.20653496751
1044.16452809844,3474.25851729699
1639.49974656868,8298.35248513332
1485.52272105751,8297.66676720938
1323.42251589901,3389.70678623683
6908.10993548968,7965.76378457697
7891.46121657867,7325.30229748328
1419.91026902894,9154.61554936851
6707.83112643453,9429.57151124024
6888.1023839808,7692.48558883022
8698.64745847382,6811.98990112609
4663.31497639623,7105.03896449066
1657.21267010631,9249.43087977625
1716.41292610277,8454.8670800942
1915.04924809335,8883.1072865881
7896.79491447369,7139.12595628507
7692.31655191328,8064.82796016229
8756.667197003,7446.36750363674
8874.0059864772,7204.65193316516
1723.65053996992,8666.45961686815
994.783338378873,9014.03832960445
1890.70753178134,8183.06125018424
7494.53425495728,6705.38207699953
749.271415913417,3468.19564125442
7340.52292283624,8117.7915354668
5798.46204807928,4489.81791759602
1142.43703355967,8574.28326872301
993.010013067849,3261.54605834028
2924.72520817543,8710.3839688093
1296.27891776187,9288.6556289056
5714.32808909076,9514.24383280939
1306.18851321934,3293.73016317587
6894.65486206845,6841.41538353215
1669.81149662898,3638.21054821324
1721.05907663607,7851.24706378649
8034.49276147095,7813.30706497558
7315.85007447111,7593.04885429761
6963.44805431738,7971.0801386274
1513.39296517206,3587.07714360982
7773.39448456078,8482.52978755362
1201.80509302778,3682.75898298633
6750.59541562929,8095.74713653711
3696.68512686939,8486.69889290564
7503.94673729275,7476.75786637477
742.521966063766,3045.65421277092
1702.0126795325,8552.81820882582
8932.8727303911,7884.93921061044
2146.87554150239,3650.04219906739
678.930721802495,2933.74913005719
7157.59968729118,7637.36679558619
1826.27747922236,9270.95040036896
8252.18016940262,7221.57409106671
1478.7809787649,3572.57793487712
2027.5230283463,3648.05951767902
1976.06128144859,9206.61225651379
7470.34217915012,7632.49217505622
7878.62243240847,8124.81774756947
8234.42066296459,7947.5942042425
7059.49136055399,7726.62078266779
9357.59676100392,8174.17132096326
7483.96439022131,7888.39568892081
316.4612376358,8874.67299406833
785.829359721378,3530.29945542234
811.693112947587,3310.23478133933
6548.45911949313,7740.02141566333
1595.49838372111,3677.11336760864
7582.0539705061,7364.95831044035
8057.29624419094,7232.14094870666
7694.28304041526,7677.56837659308
1096.72890537164,8674.57154550247
1268.40940803855,8945.78655844974
1202.35111395584,9291.38426833481
1866.22537490075,9087.21820902334
8746.47921435394,8184.09774334101
757.693274581872,3145.27898709968
8013.08994671939,7500.03653226832
1984.56143427852,8778.26205365229
8227.86135645224,7616.86423193482
980.207659556568,3113.48244152412
855.178845316929,3264.24467749511
503.187165941607,9376.9365116059
972.318414194401,8965.1958643255
1312.81455404097,9469.10118029932
1393.07808760248,3600.9116097379
816.076257926659,3174.56279825543
704.051430966569,8815.02042563537
7728.95189647166,8401.05172270664
1556.63126040979,3729.98921447677
1571.37595403698,9222.39734669938
2182.66244876818,8645.4834364551
1450.77867835693,8362.93710824988
7827.15261088382,6973.03076727736
681.884206134614,8374.54868030129
1404.51199276929,9129.26326386405
1149.47330844825,8919.003485568
1183.9784338086,9163.28283377421
2768.40876871976,8230.03477682575
1203.54641218867,3286.66938807706
1225.23579817565,3803.98016866769
1560.96772667032,3516.04157252733
7340.30628285351,8057.64923278969
6795.99778192238,9431.35943569389
1502.37424942834,3534.37253029992
1476.75424525854,8129.94812528706
931.496967008475,9063.95170140018
1280.1028570213,8742.08254479422
1465.31952621396,3593.26905607378
1164.97996231902,9018.21499085491
1927.00128837315,9047.60616352789
1340.38013122734,8994.05132625377
1930.83589588339,7752.08801706513
1459.96034267085,8989.31004546522
1691.83782055069,4606.08658989036
2138.01339788824,9420.45785998829
842.689689166631,8755.27789623809
1569.66935215857,9085.91911023598
1954.05286843567,9183.26798599683
2670.56134646468,5814.47613297195
8936.93168018359,7863.3590638025
538.311200293139,3049.31696377989
7328.22663879517,7597.19750827028
6183.08143893378,7035.59255100372
1973.80869537006,3605.73643405931
6848.77482103364,6376.76405482444
8527.56978918259,7499.69739989153
964.971212989878,3517.12244694436
7466.33208803957,8457.31855938606
7652.33744249941,8199.37569410923
1109.98150159755,3817.96856891571
1620.8175574595,8989.67032430667
5667.67144488451,8645.17578752409
1099.61920089743,3142.82705226736
1211.69824992946,9043.51588802389
913.5076645927,3107.51790966823
3981.5888754322,8759.49225190054
1295.8667356427,9114.06202245061
5932.45361573271,7904.63541543166
1446.06422682795,8448.78442882438
1152.35139295286,8960.31065034718
7292.96167549078,7861.50442268945
7697.93681093936,7654.59349918491
938.78150044871,9048.59314758677
7086.80802992856,7877.87057386343
7062.32591313684,8298.21134586985
1075.22357442927,3358.21431944552
1805.78747043489,8995.26285103388
1462.6247707683,3224.87157240001
1839.04238132642,3985.26327774593
7411.48042461925,8126.13262328916
1302.12050420528,3562.62159735258
1820.29329204099,9312.26917414119
2233.06533138415,3820.69094568056
7384.92627989045,7368.07900532127
1787.26382360331,9896.03443241918
1383.73167155983,8941.64853403537
838.390079685123,3547.42006806649
8801.03165971727,7527.34553204379
965.261451755518,3606.73622706391
2327.17738050738,8925.76590316484
832.793665373408,3136.160952949
7416.81500738656,7854.11207603244
1274.14734678265,9222.17717539985
1838.23064493232,8163.65390926883
1152.12522941397,3588.23704844549
1119.35178620531,8013.98097757444
7984.22605410845,7740.0264933978
1065.91867258766,3611.8873022717
7938.78203603335,7062.28636554757
6548.17268512875,8477.83422673583
1643.71897790001,8264.34440611692
7694.92199521274,7719.52952765528
2659.25014894521,8418.15564125375
1457.42755945702,8743.18594615323
8027.54260089734,5940.4801853415
1105.61849414669,3597.44235065688
3020.81316213432,4127.41407062674
8262.49152000556,6780.65485511715
1190.42321243159,3875.25387180559
6487.31484672559,7188.57527740032
1158.06918706608,8573.55899795097
7428.09758794345,7896.15732037075
7389.3777200462,8048.31800149365
1008.68697818,3315.96218736904
7195.63708098652,7890.00622234699
8221.91367857267,7869.59467742527
1106.32807995801,2788.63917632803
2222.15696234471,8158.02266257046
5503.95222952156,3570.92744092112
4834.15688228915,8589.12272369048
1266.22608744651,8681.46692396043
1644.98038437703,4106.34939886218
2429.51101626825,4123.38433367161
1405.93343994596,3514.03951492806
871.798748871747,8762.12221137548
1196.0431579281,3596.68338704146
3243.13657131681,9264.56327586233
1114.26119362779,9279.90334197261
9171.84190806084,7385.13190684259
6349.30471279269,7320.063262289
7284.41319935687,8265.00397838642
2439.6970564643,7933.6148563228
7658.23400726948,7189.60865524183
7273.77392891627,6213.47962627295
1964.72315971273,8182.81738945452
6742.97372638446,7077.74170293607
1433.69871183934,4100.02022516089
1593.34658398288,4261.79548408266
1559.51825230404,3617.59843181764
6665.05247285002,8299.69120823556
7389.01325503544,7692.0502112656
1759.11255360683,9094.7980163505
6769.74040986195,6616.18720273932
7689.78341572227,8460.55164771717
1378.77167281586,8903.27882650102
7584.84187196004,7727.54969633008
8221.20753749943,7797.27683471601
1098.84925630997,3851.27937761916
1151.7998989816,8271.16952514748
1294.03597643853,3648.31971700259
975.394014544454,9041.10570584395
2162.80095968949,4998.89236980945
1606.04483473853,3707.49121301865
1451.29634000782,3653.47134232164
1645.9192993978,3628.01904365824
9355.76056029766,7983.15476753025
1603.60299842523,9018.67306522451
7710.91472889526,7714.16648526922
2545.39733256785,9067.82147041949
1202.70576017129,8605.31982894756
1420.38805997563,7649.702221225
2167.60942361591,8645.58997011819
2072.69491355741,3825.47002749004
6553.9144265736,7485.12820604189
8383.30019858856,7861.13044165705
1372.59077258966,8298.23359074564
897.819703930015,9216.29053326155
1413.57469825011,9163.17093164718
1513.06661065265,3645.19452949357
2043.2641284904,8059.7360287268
703.476722593543,3300.24889327647
1201.37094667597,3234.1268250549
2352.7423973575,9307.8907786007
7230.50510931318,8582.67683306849
7715.68728205726,7651.64327403173
1647.22530265893,8386.48788362835
8275.18081580915,7189.11585373685
3721.32098031521,8874.17484275949
1642.36611789498,8886.34428199314
916.065382129849,8908.41298765222
2233.06128101443,3966.15101253815
1215.77520089767,8286.5829663088
1860.84394712365,9054.32259159719
1011.44756550762,8823.0853010575
7170.09597177203,6501.0728445771
8172.18614378738,6721.10084803594
1481.21185355171,8048.32528174886
7002.35536784915,6522.81951034138
1190.90051354316,3503.53557422232
964.09429696166,3555.36084767528
1605.84401295565,3587.36843290342
7674.41478082057,7547.64662384311
8240.2915862663,7969.70268903262
1127.90856908823,8632.68791517875
1445.85129961553,3793.65130557705
7897.85912955763,6570.35618178051
6982.32911953443,7714.82177506539
1838.09962410309,9005.78519702681
8139.94982712117,7153.99783323966
1323.80637381367,9009.42064913637
8661.63528646429,7834.07846665743
1405.71206210816,9039.75558663583
7634.47422869502,8135.20994012473
8202.10762973869,7873.48737656675
7641.99795970616,7309.4788351915
7372.70633847559,7679.54972831927
8561.29107160315,7850.95971124268
6924.93046740973,7788.56386691307
990.525765995648,9236.64021928267
2000.00673007925,8920.11513642129
3199.04859007641,4800.07433054999
7223.17923619185,7940.56633534486
7684.52201639319,7357.12132160029
7532.03035697257,7369.27017857578
1613.68785108966,9023.37310734548
7087.39274642259,7339.982269125
1469.5913807972,7894.74289272006
1550.62230940986,8987.58239174735
5407.5437721622,9004.23375783525
2003.50644062951,8936.89328142385
2058.15282843718,3992.7742482936
1957.79068084488,8735.43661747222
2215.8113613118,9444.47692143158
7633.63304111105,7030.98675259225
1970.4331598899,9304.80336029294
9062.05838709935,7325.64067667379
6874.88298596126,6806.16639913492
2117.93019067447,3187.55392255685
6805.04129662863,7492.12582864703
1506.95075617218,3255.06122042603
1846.83321254991,9195.15888567988
6731.02343389283,8077.71839436955
1199.67280287311,9172.88201191815
867.062132357739,9258.76721568928
1425.35966941528,3724.42979232945
1083.8493664946,3028.90528226534
7934.72608144417,7649.04523038332
1384.32606298819,3719.2065864174
1468.44418216018,9107.13662202459
1148.84070702935,3403.20056814964
6123.21658922789,7727.75771504953
1194.91099659015,9162.70724874819
1578.60261552477,7753.22660110492
1088.71848693078,8417.81595640353
7642.95048897007,7413.64624041418
8067.43146089573,6489.89216334919
1074.56323535812,8604.01070945138
1441.75084697341,8637.37067938777
1161.10071201425,7901.99122219464
2204.04204267668,9201.39821992747
7297.3225518944,7825.06744880705
2873.88047037502,8616.47830088026
6826.43460669321,7851.4356309255
1020.44678313805,8496.88424365599
1075.21138751722,8570.09553143952
8032.89644715459,6968.81099496064
1497.9108114803,9194.56993451112
994.06557821747,3390.68172162354
1303.82189256367,9055.03749037465
1097.8072976694,8722.43674387899
1297.95894962643,3710.74576109845
6762.76338404283,8777.0918191618
1666.99009545833,3792.01464059812
7446.87545293709,7799.08011570482
8183.15924664906,6925.53234682685
1837.22142004286,8728.36911705647
992.266354293908,3183.76045136227
2097.87330890367,8304.86585224814
1863.06537243348,3975.99432433551
6996.50721546338,7894.1003268116
8354.86666097022,8187.93939754362
1814.84640416039,9106.65678181938
1470.99115337334,7873.30545043686
8889.72753031243,7808.96717654017
983.013995961565,8145.72246513809
1346.6846703144,3819.39635347752
7529.77141004535,7938.45519965099
7078.46685886553,7473.09517905747
8497.58252329096,7533.70940018278
2247.57739095854,7905.80471667607
1112.22278789878,8892.92860708218
7399.20203220936,6872.9263156291
6087.75514345195,7097.08794826407
771.892587791956,3117.84406989665
1988.11992539065,8920.71460030126
7929.77533279096,7578.91502772472
1057.41735723539,3591.83547709459
1290.23853911357,3492.54158171627
9066.70090909035,8194.21621773428
3157.77916725439,8971.70499715777
7533.81737409385,5801.50962916908
1809.43398751581,3811.74681422592
1558.3616347482,9104.13092766063
1108.26078802274,3428.04541421493
8662.72526746952,7784.00747785099
7540.25229421037,7185.36940521632
7131.46088470894,7360.77687532541
1580.60351955602,9021.36648437914
7815.15912181071,7836.28464037426
968.556608568302,3539.50012976492
1594.50482685674,3653.43628946789
1360.34461683574,8216.8268246059
4336.10307180461,9194.89519549192
1705.49329298739,7992.11322098743
7595.46193970532,7399.84654099147
3303.20706453408,8855.12547482915
8556.09708067302,8224.23507340246
7252.58346995704,6973.23846957703
1510.25138144165,3742.92396905604
1445.78071864978,3802.61586840261
628.624871246496,9163.53213097321
850.448064232259,3488.08215865767
874.175717895041,3108.35887016084
7791.31247952089,6666.61183158812
7643.97663379159,7627.88453527788
1168.73422644886,8473.13875162631
2028.05243747289,8216.4904096036
1257.83271773782,9085.26484315345
1263.84304031066,8580.53356764619
1382.25440762835,3442.81084558018
8080.12757472,7325.62001295528
7458.48089041395,6546.48597264455
8207.96194777802,7328.39297410329
943.467261918365,3266.15217045134
1330.97491425797,3376.92548271799
7412.64904946815,8300.13274615969
7623.99756494142,7479.61981778401
1121.14270441841,3580.65352679103
7229.87160606567,8148.58399405425
8925.73098613251,7732.97322314957
1589.1900195047,9311.78764091145
6308.1851014436,6893.67582018878
2928.43315577902,8789.68467613627
837.420122975057,3439.20090867998
5969.68618825072,6458.15354946479
6666.15306450192,7447.92791518463
1125.04326546591,3222.33255320119
8059.28339042889,8215.35467767533
1268.13367337654,9052.54073055728
7987.6014118084,7527.32080791988
1227.44203172547,3473.67048251895
1573.65847550793,8880.15831054317
1329.46167001018,8433.87420944549
1404.84829107236,3633.59736198972
6915.78707127505,6623.51377521271
2129.15512168619,9030.73812597064
7657.45416906635,7860.88108113077
7103.10334790462,8500.75339354726
8381.83574816435,7604.88530399928
1717.8805949562,3838.68505717407
7297.6830754696,7631.42683910469
7779.13607490411,7359.81543971772
2185.66454427599,3612.56050868952
7243.82432338244,7714.94026233625
1582.51102307244,8422.51679619858
1651.56660978565,7818.39223719423
7703.91757942389,6698.64529089322
1539.69049955607,3538.91932442018
1587.39252596233,5243.57863057535
6589.33688597998,5463.04616257121
7047.70821435728,7698.61396465607
7667.15722752266,8209.2054753483
1197.85696226011,8733.81522776406
1209.01804689395,3462.19841157772
1179.59934463345,3852.04986308669
8012.18252476343,7916.5567281139
1768.95460656683,8997.06004111579
7019.75577837147,7518.65105748479
1326.80270477252,8813.29636563134
2046.41578730754,9091.60589406178
1439.32327126834,3636.84979265542
2088.68983308419,8423.50132297874
1005.60670610649,8859.16702451607
1585.36896413728,4010.98488914251
1201.00825205888,9036.23332078982
1665.55062772109,8449.07933357099
1391.18644268903,8998.38369561085
7387.78766820847,7489.02836568765
1517.66546367605,8935.68947994386
1812.76454432696,8955.58977282573
1523.18847605473,7562.86131163822
1488.42279830511,3834.63245516046
1565.79430585518,3824.81512790797
7369.81500816936,7742.72556588055
722.6113008392,3025.74832224877
1492.29212117518,8655.42729049136
937.907042933928,8977.73748360646
8072.19631287409,7251.02713757337
2081.50873347049,6017.96075048061
1989.36886758343,9018.29125920602
2116.91827875192,8248.68134860708
8091.56412839939,7737.46141812461
1038.64288716115,8958.2737476704
1332.54289989675,8440.78634591358
5928.34548730187,7129.30493419158
8834.22801309573,4810.20330563295
1498.53237779288,3848.64494289516
7459.47604099199,7971.45319103479
1148.77959460514,9013.89236174919
763.246666177742,9005.56608045842
1848.05707313925,3825.63463089205
1501.66783828578,3647.44444626696
1647.1722109848,3488.72203772724
672.342622580837,3026.32210378921
7180.21606724279,7577.31630222857
1076.18778774941,9128.66603883179
1491.63493745021,3242.68294266586
8080.87703014119,8392.03156072919
1000.88441101377,8900.28586078051
6728.98681462412,5032.46102902724
2297.33142110819,8676.14399643088
1756.30443332995,9249.57515461794
8683.68803053733,5499.47570325803
1182.2692061886,9123.13909142607
1603.75223715074,9178.20470181172
7428.34652987696,7181.90639246316
5957.623951349,8110.1487058623
1608.87907843498,8891.5820414733
974.639404718922,9117.51583831035
2035.68087361911,8623.05484590498
7143.23863215659,7834.46396584158
1413.8599459893,9165.36692322578
1931.75164895059,8144.72704381348
2299.84308652018,8402.75625551299
936.030205561351,3739.87638569024
7865.1873959535,8063.91557569119
893.539656285211,3243.54330721985
989.457744915126,9358.37123021475
2252.71498697496,8959.66007065203
830.572327226334,3089.0000836114
1366.33285801513,3192.18244060281
1840.9371354364,3951.83982405042
1393.64368369181,8903.24561285338
7114.69870016872,7767.53282535729
1918.55009085087,9044.82921485097
7680.3081526376,7983.95481342034
8290.95986357267,7545.00775295179
1530.90641933559,3767.79821083996
997.415151021411,3276.41644981997
1151.68198816974,3886.47989542354
7703.04307841202,7412.27569705643
1155.42107932955,3676.77511381411
848.91685957638,8371.17687162675
743.307094054158,3180.91830230259
2100.64025739386,8173.6895321978
2827.7424379315,9504.19302686761
1540.02502307476,9462.32968818172
7380.50955673866,7336.85144283164
7041.1365819951,7525.71824974447
7401.10271188751,7017.64732105409
1296.7208932038,8449.65474801732
6573.93087110686,8015.0780873427
1231.71562726043,9087.18711591194
7749.47779567883,7515.50170393351
7771.15746714483,7693.5270534999
1338.68361494666,7470.56944198036
8554.712080147,8084.16061391216
1501.3764471925,8803.56537819616
8053.23947351065,7857.35505994684
1062.54209412594,3289.27937240182
1551.73715829244,3721.06875371398
7429.51204622093,9394.97301094018
1653.76555363972,3678.1685054181
9046.32490191358,7150.8839418383
2225.76488200271,4598.70247025372
925.744412669772,7883.20051188692
1037.93337257386,3394.8339381744
7752.45318657893,7522.50388717187
7410.18517198018,7492.39291207174
1260.48590711906,8113.62564764876
2505.60171154593,8859.54552561338
1405.84086691615,8795.71801884631
2142.63832739116,8545.49091854312
1894.34603152897,8630.78815580555
997.841940162521,9060.15715854795
7929.69889196968,7278.72223346122
8036.94375983921,7563.94804340681
7167.68802379314,7860.38103217685
1227.16195634469,3411.75763965222
7259.93862174446,8109.93179610553
7939.57316915097,8342.14795938217
7834.12431257353,7934.99026849803
6624.73358264042,7899.84276910977
978.43907687429,3492.07230641771
8322.70875831297,6951.56861266708
815.757211872375,3623.78582838957
8555.79231245842,7838.1145789393
7857.49939346994,7702.32721290743
1671.25447346639,3777.94619284537
1559.48614343845,3352.16703688441
1862.87665003209,9154.7551963491
854.255095676013,3259.93191295631
1387.36360882662,7633.42394011516
6680.28949144815,7192.31191959385
3692.62764310235,8557.69539442773
8681.33623641603,7418.14886901921
565.196148560454,4286.2552121563
7420.2241116123,7561.71002985483
1417.2736057474,3813.87473612692
9065.54195944154,8075.93886963945
6904.47691462369,7935.95955091457
1413.45627580492,3195.08125201431
1676.30977604761,3605.55419890389
2394.15762451831,6643.57688328879
2181.89152758671,8568.84884217003
1916.85256365415,8665.8986243962
8796.64467201463,7556.34100682682
8483.162656603,6713.70699949982
7750.97613880669,7759.17856611471
1388.36596078392,8758.83388542363
1619.18964725333,3678.10718016242
7369.73791968804,7632.58659274213
2143.42067428063,4581.69656127379
7907.41629612333,8077.14509252802
1865.46982096523,8531.71037081862
1481.66765835027,7976.91534997113
8232.34516619151,7687.74761836586
2244.85966819989,9012.09500874313
1309.28750736609,3698.61684646508
1450.27523834935,3679.98475690996
7008.69706716622,7579.52801256016
906.788290164464,9198.23397929723
1090.89570602252,9076.43899518727
986.295246166901,3564.92346719175
1280.54280365619,3914.01669973388
7320.95540338026,7672.47929805973
1396.42525308611,5068.21451716105
2014.78035473279,8892.67919840738
8288.37923356619,9083.76739295748
7408.18380096293,7309.82884747579
1728.47833013151,4065.64879528734
7087.14511399646,7377.20853614457
6153.52685087452,3991.89939928293
1877.42042803983,4773.85131283774
7228.5078868448,5484.54659266814
1771.2052892749,9182.47406673932
1388.3429638339,9102.93190898034
1497.87884669858,8231.36760452199
1754.73544799181,9060.41613548457
8067.38727628603,9118.58909379223
959.564009501297,3355.59745417753
2865.92500171363,7931.22760756391
1569.59720308479,9117.90389128665
1586.69654961068,9029.65922252561
869.330963674483,3399.80651782411
6641.10552430311,7602.02436399376
1240.42000711221,9050.38311347326
1712.70627146156,3766.8826447935
7552.53762409503,7276.45034047999
2229.98048792724,8872.40791586069
1604.29381543472,3941.50170925481
1397.00540790987,8478.13653280363
1234.34201436999,3693.59331261194
1395.99820625536,3360.65213683962
7217.31216571833,7192.29499562228
7130.78662841785,7261.90974033813
1325.88663540456,8753.82422284711
1455.89726732819,3758.04685597284
942.735447264456,3512.71894281109
1059.8845102109,3207.44260595356
7422.40449626042,7229.53890692441
1070.94858661722,8769.94514245749
7138.96461122857,7495.38646862919
917.745662031768,8801.97254714379
1212.27595067413,3545.08595315788
773.6328989087,3507.60477421141
7377.1009487516,6930.60325071521
888.497507214642,9103.6795572147
1331.27733249884,3642.51330658995
1559.20198444007,3633.65320414575
1676.71092900635,8360.62522240993
2639.46242045293,9066.50250898099
8356.76030551206,8176.09353516379
840.721548759136,3287.78542070594
1219.44107393187,3148.87049743651
1194.79801957523,9284.63046523935
7303.2385158212,7946.50088911037
1153.40757043582,9229.92831177821
1855.05584986151,9118.60503148909
1149.41614477022,9146.07905300041
8470.13990915972,6880.84899752284
1806.47598685746,8777.73943794332
7701.03589386825,8154.30662816253
5705.89722818362,7423.67779097775
1331.57955023061,9249.70692120915
1422.71987039503,9122.97387118027
1654.17321011962,3821.38382406162
7463.28571943116,7741.24437663069
7809.73831360958,7617.07891893724
1278.83060716267,8871.07361514768
8207.20321800707,7249.03466554174
858.009250462667,3227.92229697873
7582.22958107856,7841.81793665167
7076.58503685529,7971.28230300736
8955.1937774416,6643.97307987382
2331.67280494674,8581.69383874823
2502.56573608177,8030.0721866835
8090.80139854165,6858.52257307122
1521.94728239111,9099.23614096712
1703.42424092475,4029.5456913897
1795.41183667349,3801.77533866682
1672.60666890443,3756.79120303559
6717.41595116731,7658.95453998163
4755.46859543769,7736.228329358
1809.34253572868,8924.89038544778
6921.47241071012,7930.03223439335
5198.7560317198,3721.85603495212
6794.20157595048,7667.11201897095
925.440120819305,3455.25863543356
8371.87739908467,7598.42449969408
7290.17336160787,5342.47760443627
7411.58703003483,6957.31930340858
1275.88736659882,8051.34128289071
8422.33598471812,5412.02120576616
7601.26358749488,7786.1543648832
7141.76325692735,8191.05074144178
1160.48280962296,3163.89737317399
6859.76413195892,7800.0686392952
1178.37062508039,3719.90993834266
8007.71602897082,7226.87767186612
8021.01576850542,7713.83821874034
2046.21868563308,8834.14408440586
1354.71917160122,8749.47945165975
906.859677431314,3434.98193005306
1481.76128007593,3724.6218100071
7060.45438175019,7387.86788025372
8237.78462224953,7359.40625746534
7604.91003991327,8022.81833428208
1131.18621048434,8177.49681413876
1695.50165832654,9023.54296534711
3465.28252649123,3953.40504062527
1834.39392151533,9182.9931076155
7735.81807191094,7962.33624172136
6598.98835045991,5793.62520443957
6880.01565560316,6992.38698720718
1694.99266851392,9014.3361585095
1357.15973066771,3378.07354752885
1415.93164525569,9111.00464152174
7321.56055261676,7584.08481605854
1690.73456677464,9235.46580289544
2410.36540372486,8274.07628689058
2591.02593322418,8469.01877701381
7739.95552634874,6733.33414467429
7002.88279939,7942.52949545994
7085.35962637811,7507.03815433489
6925.51523792112,7077.18035424042
1721.99844445247,8881.24180744494
7626.40121096684,7757.79484730284
1633.49548330291,9368.11672328214
1715.18353689716,9071.17663096638
6971.30464480487,8477.36283646268
2084.66780873664,9261.8941991142
1152.07161141262,3535.21633739893
7681.45160911871,6641.50116161659
7217.12506228522,7955.6201016586
7364.05418318439,7027.89489679005
7284.38758986962,7160.24953855901
1808.04060656357,8700.11370463621
7870.21619303807,7484.47095799521
1402.94820461604,9222.68980046653
7083.04620067758,7535.70781968791
1628.26919573881,5582.39850385454
1198.17815971299,3764.04645414423
567.416995250162,3414.28088394164
7196.19736448914,6946.84079250734
7296.53565777338,7533.73878678706
1225.5340756865,3156.22040293185
7546.15001735565,7867.45948900791
1383.69815399906,9128.15958589787
7804.11954056154,6204.82545161438
1671.35213278656,8189.52273597782
1222.07721093576,3373.70106225335
7286.55192608349,6830.782375757
8967.04979620407,6444.39588557744
1176.52584564788,3379.42216694601
1905.38777174244,9109.316119137
859.11188117156,8959.25879528845
1155.90666684281,9107.21128621825
1292.84094716417,8943.65863877379
1221.12888556095,9213.41871385966
7650.17971248479,7773.74596446022
1333.40355363572,8689.49871980478
7309.4368871646,8195.57247829317
8129.29796025992,6488.9857996194
1673.84807057678,3582.56687795273
5960.34308511232,6547.35391299773
7725.1436511009,7865.13221900132
1040.47124502277,3276.12632176881
1475.86511592818,8774.09898316602
5134.93369684693,8299.24763660654
1710.77447961114,7982.54071518067
7710.18639912268,6594.1245328915
2442.56022705024,7097.69488444538
1656.12961182223,8408.76626222538
1478.46442641577,8450.76636582877
1686.67615589335,3710.79384494924
8879.13915189838,6612.32811406779
7964.99919638082,7477.40516361622
7615.40186374185,8247.1511636901
1826.03114156509,8478.26185116428
1449.62220569273,3610.6340228857
7759.87400188956,7640.09249385141
1425.28617169525,3662.5681649083
2404.67294299551,4133.62524340002
914.540592117466,3422.29315951372
602.088999204176,3197.52589132819
1051.20658858287,3544.8027325463
1145.3656185852,8836.2155108993
6451.75606670632,7069.19906250668
6186.70124529622,6936.03542069876
8774.54869454087,7437.60222432897
1532.61699445894,4186.41555240189
2273.28508248092,8744.66390273697
7661.87162389097,7675.14558183278
7868.8648879916,7675.92894552913
1552.69975986879,3561.57614246414
964.811386534817,3054.87136942233
9301.77547519652,8217.668319159
7977.29287729427,7876.12155956208
1297.98434004096,3364.16477179996
1764.99108861085,8754.68674369162
830.853698266049,8618.25306671591
5606.37594224542,4400.06041125351
7068.15963610745,8206.18746132423
1028.26093612173,9096.22980294288
534.009986014898,2837.87364991401
1308.3986669773,3740.37532000902
6652.04022791389,7567.02503272362
1154.09770276001,8855.07814428397
2025.35417440399,6396.30132830825
1661.97429168258,9010.21814556413
1339.61341981851,8580.28701881115
950.094728866192,3891.41409277581
1386.74069349189,3277.94873311939
1171.92685300252,9271.96496675362
1803.66393656672,8133.55476462809
8050.41305798224,5578.00881951265
709.017187122995,8714.28697243612
7255.34092556943,7078.87710370965
1365.14904271002,3389.19271606884
2009.0762747527,8997.81943186112
2029.73772871747,5222.11795561061
2422.63112546019,8655.85581664911
1254.75059495784,3257.79393879667
3194.99104085374,8551.36471564699
1499.06313588064,3647.50459740041
1432.9939310591,5068.95062988706
7643.93843954538,7818.59415219251
1302.58377213378,9319.57656484827
1779.63235904032,2805.08891384852
1851.45903549014,8601.57238278934
2179.88035936515,9126.52937673588
1292.1064363029,9414.5270684885
1226.67041104931,7877.25168704136
1246.92718162124,6964.52298789646
7347.19940695329,7758.69470764018
1306.13530508544,3851.68628576797
1348.1442835178,3679.31787517189
7264.98766075748,8325.00170581459
1681.87530104802,3675.79361556145
1239.849455233,3396.89498313206
1589.66312806248,9130.53289535421
1114.20788500468,3696.24426018739
2118.17642447674,8875.26305638836
6931.79636620959,6860.92336298855
8579.88141016025,7854.56369022405
7696.93999264115,7323.83628190476
1523.59904314311,4124.21376201823
1046.78229232241,3385.15234355331
1536.17386179674,3603.9851992182
1749.60240102554,4131.76621298151
5797.38876379225,5129.75267161169
1578.32540953075,8468.0667831472
7990.29414618914,7432.93517054152
1421.35237360805,8941.4885536547
1566.09677680767,8720.24053056465
2725.85531693925,8184.6268841614
7565.80340266543,7325.17944337441
4260.05504534865,8943.76004548491
1309.00846600437,3302.93364653371
7633.7322761111,8064.78252524537
7415.46763190987,7696.71947565649
7188.896218238,7957.5814107627
2372.07862702469,9307.08120316321
2618.06378066343,8924.2885234584
7647.15867725895,8217.8477110717
6200.45432630301,7370.70610852616
7601.938211271,8283.05968757352
1573.87165349958,3752.49806722987
8013.36600100281,7783.31832711409
1617.97532108701,8846.84768360312
1033.22339098635,2844.91091199223
7711.390053521,7036.99963026493
6469.64441950238,6864.41765200653
1324.37413847346,3989.05012640617
7936.58660791112,6782.15106343799
7838.13867973852,8246.91736625781
3415.93310989698,3811.17939553664
1712.2293093203,3896.99926576856
1228.81073562861,3815.93094797624
7628.78924539142,8003.52133233569
1319.29715449266,3556.52887469826
7212.93873208138,6986.86113570094
7194.26864649289,7747.56037761956
1536.20989291421,8940.22257755321
2036.72774064329,3927.42839340518
7911.60352990811,7694.91720581891
910.298200876242,3176.16133344279
2075.06185591513,9092.65858865873
7953.33711720449,7395.26717268888
1428.22320527625,3920.67791344685
7704.16874278965,7468.77200591292
6374.04184914762,5960.04902583185
7382.87827915125,7856.86425524374
8109.42358559348,7664.55773626672
5035.00658553963,8591.20662534421
1389.81145279384,3769.77224874922
7287.09624480473,7860.0006018065
7526.15085706597,7493.17148063515
6411.33495336109,6871.55824764846
1097.97786997475,3509.90653948137
6847.26889907381,7706.74511118756
7324.04806564596,8141.68351162501
905.567980585687,8836.69972207987
7730.68213843809,7646.47978369623
1050.05342569294,3053.78660910812
7568.05627815548,7276.44752096252
1926.79351176873,9041.38192559386
1872.5873169224,8273.75777080458
2202.66221721171,9286.82349545497
1472.40575033693,9179.24734630751
1481.47682106292,8825.94338986182
1088.63813855608,3445.18025523454
1440.27453868113,3782.54536149117
1356.95642271037,3789.46339983653
1407.74365999153,8866.89039714154
7150.86732812205,7298.72043834365
7440.68258296184,7687.73652779328
8748.11361901526,8038.2214311138
1520.79646164862,8940.45390191614
7433.61983987443,7852.75858304491
1751.13768438267,8940.40893900147
7550.98928282228,7669.89180810889
1590.19683212918,8857.82284167147
8558.70401178605,7353.8754754351
8148.96591605287,8088.37662954521
7475.22099856815,7959.98087600304
8170.5161207571,7703.19227463335
1696.31456226133,8850.7701582603
5253.12925970194,4002.01523322834
1388.45438856564,4623.51217822744
735.269292080229,3236.315593704
1047.74521509205,8970.54876377931
1222.11606512695,9081.48342607927
1402.85473253576,8952.37261146199
1888.75253116868,9007.42704733068
6935.56168177531,7000.06834554462
1181.92509600857,3549.74328228853
7243.14050872494,8142.58164252271
1501.03582946101,3616.0856508023
1936.01294128424,3707.0351973868
1822.46469949668,9156.70929501608
7442.04034170778,8366.38493576834
1490.30294549837,3472.95833860274
7368.10211981397,7885.1185691681
6889.64553669695,7165.32225818825
7305.80923307788,6325.12137846244
1179.56965827618,8003.42359501119
684.328469420904,3365.51303273322
942.431395614076,3366.5769444612
1774.73954278524,9121.68515179132
7429.30841403354,8276.88312425476
2635.59409577017,9180.95415150408
1201.98572224263,3423.8043526469
8952.00460997069,7686.4817435485
2122.54560388203,8882.53062489849
10000,7197.69626970529
1656.32556751389,4036.21903471429
1356.10264969586,9602.19986770517
945.503466694137,3381.23233696471
1961.75306284788,8594.63298983186
1487.48946616469,9175.64942400479
8357.20464250922,6492.07672729965
2497.22258708497,8337.52710663189
2077.76871156423,7466.99975548003
7701.11028358161,7900.59340450108
7149.77303572746,7531.20675648233
1529.00011551279,3909.25564133504
7561.0394707422,8421.11136152712
6737.97175221801,7336.88078170266
4979.54181440607,6980.1468295685
1184.83288232495,4251.3072568312
1075.97210683547,9198.05436379433
7484.016991665,7377.85290445416
3299.27450258118,8218.87256151636
8379.46184758515,7297.08326929457
1753.3570803253,9263.73138645178
1668.37090148645,7998.36025786526
754.065649593408,9153.73703099173
1384.74532951473,3888.77170801983
932.357004188077,3532.4732409632
1737.15337721671,3845.53767132563
3014.18611104264,4018.50694117731
2658.39958359202,7718.63412488415
1302.25682972837,4084.07447213973
807.135196300223,3700.9297715174
8288.33856155453,6840.7508768413
7850.94578175546,8456.81450374851
2035.93066828182,8512.3865276266
8177.87102708054,7472.77892470637
7185.07555169939,7313.57937449091
2352.50593025823,8916.86658403395
1891.73537124737,8393.41334653993
1588.48558657664,8997.68969917998
8808.10079250126,7626.58328835524
2359.94661482346,8889.24754772725
1030.90358786196,3246.78349327664
1189.4827041147,3150.96693827267
7019.21913515526,7880.33600431252
1503.72655495614,9025.1232038853
888.987412360206,8978.61847539429
9042.8553573445,5469.94324582764
1331.16850317855,3452.42445406695
1719.84221677861,3985.38184594688
7526.83434352492,7841.25276957855
1152.66204111056,8868.29400023369
3027.06907264875,4331.07862716069
851.995501109318,3169.51145466485
693.596468483822,3456.54038458053
8083.82286054581,7813.39190582856
7974.30155840663,6654.04779744758
8447.67255494148,7787.29550558333
7000.13610161061,7406.8156446556
1641.93630071322,8760.58605700597
1423.17063228432,3693.54272582333
6354.42111270421,6661.17003206815
1100.32802917757,3506.45862808374
6972.35099386277,7526.87797169311
7351.82899179638,6912.23928533094
7464.19967498493,7931.08274193877
1168.38945385729,3549.59022232318
778.031761806172,9071.84185537114
1699.57036140236,9133.13760613602
8660.29143378136,7577.9996030089
7395.99507010396,7279.54520229468
1503.46294635303,9055.19422864442
1986.91781587393,8256.0925577842
1082.73554728309,3579.53262158231
7888.7428224853,7902.18563436043
7004.74646210693,7539.8198995808
1615.37156458508,9319.84633804631
2143.84179416813,4407.67559446987
6449.36396279564,8281.92967966213
1254.37632913658,9072.46684573953
1784.38558949486,8938.52675385671
7364.68932958493,7486.70839774583
1492.99763140275,3709.09107848166
6691.17692006046,7463.23879195792
6167.94732803583,6824.56134450419
7310.22024684862,7764.31409440873
1741.26223383156,9102.84797880627
8374.8915477646,7798.85482366085
1595.95781169969,8976.93137249264
1543.18338393028,4152.16978111347
7625.28315897881,7090.74135342163
1521.77499658266,9112.75341079501
7667.46314611946,7701.03954230038
7673.65425462662,6913.19942309253
1013.10831260841,4105.11132285843
1820.80902296307,8618.90038800793
1547.27616994794,8446.21915432152
7637.0114852818,7482.84597419514
2242.21900283566,9026.2178195817
8987.54311287025,7989.89678034434
612.22087286453,3255.28439578344
1826.71506962635,3399.04305475826
1157.01135307314,3424.39022227568
6455.96253171191,7730.04393062001
1090.08771581273,3596.32011000688
6824.24355157437,7573.70502505441
2465.48572022695,8601.454565757
1569.28672400182,3753.92370078395
1620.57567318901,8917.42364210488
3897.46181465226,9059.82403214612
8133.83248672779,6880.87749005573
1181.21363862697,9202.11013369498
1024.02385925326,3143.62224329962
8218.76801467808,6806.28565868117
7892.33527561281,8185.13614628478
1648.93623211413,9507.54856277616
6968.78952346476,7305.31410960373
1604.87734844875,3693.09053964621
1179.31898676933,3442.06316572041
8510.97496940866,7069.9066812918
7377.70827033744,8032.65656881487
7971.13179511105,7120.25575192487
7792.99273259977,7300.40805938189
7739.11979114786,7881.04001454885
1626.60523296877,3725.56511792447
6689.40714884077,8005.97472184517
2053.08240381781,8339.38721267434
1014.92676334375,9380.97885770814
7192.0114887454,7527.15768734025
1602.14539521289,8003.03683906008
7046.52950956208,7576.82039302558
7340.56869310484,8322.0729526284
6417.35073593263,7981.49244872038
4436.07419171365,8135.5021173944
1390.58669242438,3519.02562208557
6316.17872197666,7930.03821912809
879.963077271189,8919.14457661486
2006.67509071717,9305.34717281462
8706.28028253855,7682.71574069968
4741.20361648771,3982.57989280317
6873.44025670239,7284.4943071743
1602.3444346006,8854.78899237627
1575.65525043769,5167.3895694243
1318.10562597832,8711.52959857766
1730.81479785715,3840.52654407596
655.814527433103,3431.30742600365
7860.36027110148,6636.10882165685
8398.39091034308,6322.82354077727
8076.38670827421,7275.48288030747
1661.83182024918,9121.17590815287
7666.93416400181,6644.41865825077
7153.35640608821,7218.39227094736
788.434623290625,3384.07070821503
6859.87070299014,8494.84989215714
7559.45764615063,7743.28348477733
1531.75679919452,8972.86744778423
1558.44396809751,5222.2314289071
2430.86684597959,8156.55305073099
8731.29346671976,7123.99116968876
1930.17235910386,8712.873245146
6788.81878370166,7758.55739652517
7697.49268167696,7867.52987499717
1499.85354378857,3915.42119612788
7525.85757903716,7430.35252427517
7618.91403691241,7846.23743546999
7007.24578400996,7658.7367465204
6087.5578092675,7595.04490470399
6088.99196501632,7032.06652499021
2087.13037309918,3945.31473514062
7575.6838009051,6542.23447767342
1798.55486409303,8604.53751233041
6826.55616595272,6981.87546451947
1941.93944026997,9001.23466446726
1113.56233501525,6063.29804803623
6598.11640149338,8299.7930698386
7981.53593216849,5726.494361868
874.902531408193,3067.7514841493
8331.6109209214,6836.54412495562
7209.13508716437,8055.54191386836
962.988999543886,3713.11777398176
1425.61082899778,8333.45636603107
1146.85121981053,9292.05584590127
6785.18173393667,7342.00894861776
7636.45907021037,7385.6995340579
1057.52164029953,3414.06831204488
958.619677667378,3445.04724232876
1413.36353849099,3516.60910260055
2076.62469111329,5412.30867330212
6757.62603232472,6986.1657450896
1671.82174161921,3695.30905079922
1739.24903447591,8942.74032830616
3386.42122564047,8780.73837973177
2292.4344253521,3640.98185228014
7226.79659520802,7378.72754177037
663.714438748671,3451.96383154948
8737.30860793593,7066.19198637732
837.661177684105,3186.2906941865
7162.79023077834,7904.53787199637
1338.13412768912,7642.86660186716
1083.82297370643,3554.41458046071
1100.17403337719,9391.65420851408
1308.67037034993,4024.86404119413
1514.30811675518,3761.68885115497
1463.6726731209,3766.58878852203
2048.91268254619,8971.41646914631
1992.59255681078,3237.83575451446
1292.4864652336,3227.43506424435
1780.15686004389,9096.05796135509
1118.9060023303,8802.95418153325
8505.30175662118,7981.66695867236
7492.03719834966,7414.1574790382
7173.47869878209,7925.14317455857
1477.54037030214,3867.70250045445
6155.77185598732,7595.63417441652
3313.23392025827,9129.5966624079
1388.81685133895,3542.33804310933
7326.7726431732,7939.71809730812
821.029459970872,8538.99954313088
8403.10988125993,7381.16155069426
1628.23846956352,9003.95445637369
7421.24701209425,8021.04218872579
7746.9316535588,7565.38360419747
7807.2765950062,7873.44373366605
2048.45846854564,8510.74021707653
828.234590249341,3389.21472217394
1102.45777057653,3596.8374925292
3092.85450094579,3244.99618659079
568.653753107359,8952.2694462222
934.390542107364,3587.04774010329
1037.86893687614,3139.92086874032
6945.58013696347,6795.81878570118
8525.92266968433,7335.64482374217
2422.60853639176,8487.07673756904
1242.9392586515,3727.35419591473
898.62976029691,9175.84062114002
1491.69612808288,3904.35101782027
7141.16001714379,7071.38728798747
1359.26735084599,3750.84571486713
5411.14345534948,8351.59582561547
6935.31179772826,7589.90704163595
1465.58249671679,3821.1712508919
1600.77721770538,9085.80737379743
8697.59538960205,6273.02093026041
1342.5390745208,3696.7811001137
1603.43818980406,8904.67280426724
1228.1893105904,9278.31058914923
1786.41476593417,9100.59228592697
2460.7752065067,8377.13075623428
7618.47352925486,8040.9356838126
1220.45359382075,8653.52360334065
1705.41324291791,3523.58724536646
7199.6658175623,8027.76518931051
1150.28973720689,9169.17549361261
8892.26925557462,7222.30386114447
1489.54074817293,9149.11537227472
1946.50649787294,8059.82871387291
1387.30241237301,8685.23606209009
1411.71722855411,3976.87600833201
8944.3432234769,7632.4879500571
1769.96894270115,9209.86788148872
1555.6055267611,3554.02772816863
1642.0773342463,4279.92854110841
1797.24444222078,8902.94256835001
6506.96412140182,7800.28176615236
1061.03884271367,9201.27389491805
1640.91202661981,3666.98540464913
7722.72448687705,7398.54190589071
1227.47983925591,3084.09403721861
7450.37033206628,7548.50655366333
1417.22683089179,9195.62247789153
1108.90611475939,3199.46996655994
8527.10183078583,7511.51723412053
2268.52789099707,8658.22562527486
1871.11293609993,6888.80385628935
6793.67818170024,7460.53344931595
8830.92749571569,7171.19640413066
1497.77219724799,3938.17235862019
7807.63967696227,8118.67747194214
7298.30509221797,7370.99992091609
1607.08986172866,3441.12191429361
1775.66173292818,3923.19829963987
3514.83991089983,3867.07990062647
7915.19795221542,7504.00807522176
7584.37955951483,8337.99875036672
2043.86007851095,3627.34582489789
8284.01685801581,5762.45663075733
7697.39984587204,8125.02713695878
6456.41000601462,7136.76030114254
7415.82627702368,8030.62706884664
3473.99919420132,9028.09498226488
1600.60983852415,7952.97381175204
6955.06476414013,8102.63411307396
1397.048232631,9063.91788201562
968.790012867433,3183.87898436285
2384.67522257783,7498.95729587604
1238.21035794038,3298.4526228117
1034.20574181517,8853.98174268428
606.847977235951,8417.91375757482
1164.24094821403,3564.88171759906
734.021087309118,3137.78222825048
7322.29548750167,8046.99942769726
7293.07393879442,6564.44450458109
699.088636053891,3101.00514716123
6845.47435876483,8160.20112888809
1495.20243537673,3937.32780387967
703.061589515287,9553.8221694141
2643.11932621794,8185.64382574368
1698.62869155295,8874.98085357288
3078.05839339532,9294.33704501554
962.33801653598,3266.34261811845
1301.45582348846,3415.03844121813
7424.82630298211,7716.24217355332
1834.41364426853,3709.00302347068
1326.32182189477,3690.40620953819
1124.05973469871,3562.08790404971
7753.40928577323,5218.15415171383
1885.45774431962,8856.63817377237
1378.88775393727,3574.04187193328
1282.83813755389,8679.45871776384
1870.0997993611,9206.13716444112
2420.84818534199,8089.39057087025
1592.30739716139,3856.29136957294
1563.7833127834,3691.51031748934
7661.11644104292,9146.50454777993
1392.91696191805,4420.79810041129
7535.56344204493,8294.23521577295
7609.51703039052,8300.73964060807
7550.00538451901,7717.75117634426
2650.85784988514,3841.21443568506
7702.93465875359,7150.24010388321
7070.91612471652,7392.16043318536
7452.79500500266,7591.79176878874
8355.35962977964,6355.66153469684
7778.93888783216,7173.888174423
1019.48625878774,8708.43448837419
1121.57791746808,3242.39048726118
620.669646683815,2912.25083848229
1814.72885086713,9105.40781042071
6977.70808632352,7546.49887433992
1226.4369753314,3352.97042658747
1128.48400339357,8920.2677434195
7947.89897538518,7415.93803541226
7442.17772059674,7269.45013125867
1887.53173652335,8987.06650189915
1717.79436036335,3609.28494382287
6861.69496238759,7810.2487145543
6666.4632645404,7397.46093237057
2584.40528264675,8516.16090107835
7241.05347288633,7183.51415765149
6895.49254703196,7852.10905289793
7103.43726689978,7967.23003292726
981.972854068582,8857.65526243342
7698.95015176178,7563.85802242087
1156.44749321015,4039.24668052492
1086.95117181438,9119.35516100585
1172.6737130303,9168.18631957219
1306.84061940454,3349.12611285429
1304.54175170489,9259.30876488241
1423.68784516524,9155.80098570752
1944.60029973765,4085.29739576624
3921.23768606894,8485.69195581433
2367.70412695056,8954.37231520197
7488.69280055125,7676.95107138922
1507.07332484378,4128.60968334454
1481.63164335176,3659.2166730932
8379.56427292874,7203.92534571948
1265.89605248707,9016.74348010738
1887.18804507836,9366.54466611564
649.388410380104,3289.9855474571
1136.0998390868,8986.69456142088
306.987403898428,3011.96629047872
1264.91553218004,3745.17349860466
7840.26166491111,5331.8890236815
1293.09181376886,9351.52150015805
7540.07810880925,8276.0930536389
2296.67537469335,9201.67277872643
1907.68737154912,9242.54561177951
1189.84975280101,3526.42161996023
1447.08325254002,9031.22297152484
2160.82967056389,4866.15189967325
7656.39027744365,7919.84031449115
2139.07965038993,3689.75436104926
1397.57023324858,3445.92960651117
1217.58409906344,3805.37060107039
1319.49517035486,3560.14400236169
6428.62208420265,5145.56307385782
2909.6808343019,9445.3558243446
1629.86595286902,9040.8556689884
6806.10712342479,6207.11417303446
7126.52357968453,7920.37459837053
1070.62041560555,3809.39262305311
942.055293386668,3617.51640655712
4573.3890712974,3507.73563792898
7764.55196474909,7560.5184810067
1136.84963397402,3688.10833121971
1730.63987656455,8862.02376547993
1267.59737043105,4364.09223006074
7922.23669657763,7069.93829673112
7937.34241103057,6693.64951128427
8062.11672670383,5895.71118268076
7718.00436810917,7185.99542485729
1426.34441735995,3723.18964378134
1467.84791277522,3217.17819293096
1275.81702734529,8992.40237274607
2018.42490502924,9095.33854638698
8175.36281662873,7750.98160764162
7402.43495085659,7180.88237103168
1431.1730794222,3807.44530102462
8463.76909139178,7112.90709123352
7594.36807953979,7438.14269711556
7903.00630130475,8094.11496733867
1533.92782877622,8423.76243590404
7268.89673232561,8062.37013336974
8310.20305779418,7443.46668184907
7601.93665319765,8110.02147837108
1013.38867949351,3236.125112766
7753.76372304093,7890.91477350481
1430.87919379222,8928.74001852531
3201.35593513122,8462.25583132867
7320.88014603379,7855.63240247307
1336.15645393849,9108.57251701096
1509.05778646977,8712.87057172891
2929.65066948787,3889.37275302027
1194.05331475899,8952.2937059579
7565.70965766873,8157.54203048233
6766.62745784164,4774.4068981938
8748.30879133374,7297.55693400796
7296.6359670535,6993.7634135354
7935.13243687017,8220.91469169862
1422.64859030421,8571.77941372881
5406.19234180497,8523.54675785793
1395.09610687839,3677.62787951862
1499.60051960418,8700.22529070867
6410.20326161265,8094.74354069746
1606.6872454119,3731.92776982818
1876.04733489253,9060.92838982527
1433.22965584733,3491.45953718868
7842.35949757605,7689.02436305907
1386.1679877533,8461.33584561276
1407.33603777164,7903.0093852701
2448.68217182427,9067.68147167176
915.391304646084,3343.09575935096
7358.63315302758,7710.72230215314
1049.09939078858,3266.89911517649
819.574021950445,3410.37286699987
659.242529469466,3269.14808154952
1055.6606203861,8770.39209223906
7420.49550862547,7385.28439642876
1458.75255636113,9112.01877318766
2143.9877048668,8127.66041367551
1211.80981608934,3458.10333035685
2188.41006545392,8202.56226736636
1485.13471123113,3743.1620293102
3237.54469170341,8714.33655192586
1421.64865043085,3959.32023091794
8308.86139701551,7126.02565978047
2292.69895448618,8185.09726215352
7900.8836265707,6677.0573586024
7143.92654624419,7235.45364887506
9030.14576505307,6913.86010750019
1308.81391767584,3306.28599314153
1490.71558047367,5749.0949429887
1455.37900120375,3675.25502153848
1881.4025796791,4189.05074019453
1288.97416067658,3469.8588484735
7355.8996673254,6586.76727586812
2120.62392774825,9148.61099759902
8104.48090272084,8034.37526357056
1927.61574731996,8836.11034266329
2234.44623124981,8645.78777027783
1300.7971142554,3273.10065417533
3604.83869517132,8494.09266552282
2642.7183172277,8285.17893967227
1465.93312170749,3775.90335377335
7135.50805535494,6981.46685932424
1308.80819267298,9239.05792870095
1825.81139421362,9015.74625744282
1826.31381873768,8597.72345902346
1279.99852411061,3445.54795813798
1180.82858493868,3519.73293462429
7107.5662596695,8111.58577083258
6296.16249011772,7777.64717648509
7351.86285446041,6652.13722792479
757.479748433671,3348.23008091319
1415.40086256701,9336.48541110439
1152.98142892516,8818.04951197094
8612.53088790475,7649.08108232777
1607.51476260868,9097.29877816898
1922.7639320955,8344.62535804013
7039.31430719677,7757.46752624237
1600.84208741111,3525.81940784821
9169.52277127643,7242.27512649781
7483.67216405482,8220.11878760709
1802.92228383589,3636.99475481083
1885.85140319643,9097.13939720836
7441.34181882921,7746.86391227977
7438.63858580332,3705.84093346191
1970.39140261826,4528.16989628778
1664.23959665128,8982.84293752692
676.727787803484,2927.38589435771
8558.06423874776,6756.94772184166
3302.97707993715,4167.5709937228
1342.52939550845,8292.9346046477
8048.04086718261,7630.39914573105
6741.49090799422,6127.39522492086
2792.25788128166,8773.51997543941
7729.36640558119,8578.93850456034
5726.05696572552,7383.79038859722
6371.93523472636,4778.42569440537
1090.71764405025,3624.71187187969
1635.69838728294,3306.73036394826
1648.11827191125,4682.54546359105
1683.06748465319,9013.96019705049
8097.89259497968,7734.49687464704
7105.91551126785,6252.31180785301
7602.47203978664,7971.28502470876
2137.81233210086,8977.69476839062
4788.60115377128,9198.50130725848
1118.17598799217,3399.42671065964
6863.50774264503,7281.37211701425
6535.84360545118,7334.8719247722
8443.97229362538,6997.65093069622
1113.04921908076,8997.57911834846
1325.68175385364,3615.38766826381
1296.73190823488,8986.12965348811
6539.97727504602,7985.18141758222
1331.9429509751,7234.30162369543
1136.06992406844,8478.09677611682
1323.31122012673,8747.04216683701
7578.22627082504,7448.76850633315
7443.37798287281,7501.08251655825
2365.77572419379,9219.60373725567
7847.34780616811,7256.3752211422
1037.7819612665,3264.97758871119
7647.43815345967,7426.55796153964
7796.68992576146,7353.01905891363
1458.24646981925,9073.94971254022
1048.09989266425,3415.4098436973
1429.51931383956,3982.40486956172
2146.58014364096,8434.98416194247
1630.58782907325,3947.09761381789
1450.94463787423,8918.31639644383
1298.47194011713,3459.40757307469
7643.35014413647,7650.44524010983
1201.07165698574,8854.77627146855
1355.29679991488,3456.3944716705
1425.47887347683,6089.22834511373
7565.44918147714,8156.45621782653
2018.9668230412,8205.20820499478
7828.21224848666,7915.82132229544
1230.54588068905,8319.27362072524
1772.10720198063,8905.09181042549
1791.57675568355,3734.09329140485
1104.09463746643,3468.64712528121
1094.71889895824,3256.99968303272
1578.21792498908,9345.09606838682
2225.88406245414,5753.19293761258
7755.08531016091,6763.52558832526
7687.08124793955,7818.37850677233
7880.27610047483,7662.90840924202
7452.89461479543,7839.07515406896
6598.66304980524,8151.86112920913
1040.56091757319,3518.65208421695
1328.00089948244,9230.01693026394
1024.44986913406,3215.2336898681
7559.74161231056,6821.1435993114
1148.36258094305,3392.29513410594
6384.11343088706,8080.67900979606
7006.13767325809,8371.90915275932
7599.60737828735,8256.88440950673
7497.55393201051,6136.18795453517
7880.88273789507,7970.74277350807
1221.36798532471,3655.17592776944
1471.97955279643,3576.01188270225
1062.63325512587,3200.5313545476
1272.04821122005,7427.89842175613
701.551938761366,6956.70740049803
1424.38083235143,3606.84395405833
7914.15810221652,7560.603525264
1903.89977661602,8310.44231627947
1557.16864167076,3888.35865330368
7557.33176032552,8130.49885873002
1558.68571237266,8863.13207786439
986.58068733863,3485.8884598908
2168.70347816055,3543.01276773081
6903.31832880553,7966.02801279188
150.669143527259,2803.43715846533
6628.15543680885,7430.13703183768
2235.34705420777,8983.75090865066
1585.91138136889,3916.4651758719
1481.65692418128,3765.65954605071
1806.82991969784,8956.45906449571
1362.11484900632,3638.39413773271
2472.56233201541,3703.43179542889
7738.465691168,7710.47188504806
8062.53045845892,7082.44959609535
7054.08955796873,7640.6872438934
8644.26583628579,7972.20671536557
6914.0808682311,7206.3901351408
7202.98953913946,7568.19511236872
969.682865598579,3462.95171646093
1236.99406755373,3731.63263036256
1206.458875609,3392.73431283623
6472.93005458532,7617.50352558336
7230.63733695385,6562.8962402837
1889.06707222245,8422.46318282165
7251.34020292304,7950.78276836239
7765.89845373385,5562.23188767361
7850.5273458739,4897.78741485756
7784.22567619157,7717.31741517205
7497.52658132271,7446.93535920778
2112.21424572626,5129.42473264117
1638.4387226053,9145.62204997104
7446.59507200348,7070.72435069077
7841.65912504337,7837.6922047231
2449.06141012237,4036.10004012724
8378.05631688083,7166.31687904616
945.876060409078,8206.87245605613
8664.00221376611,5839.29388457062
6875.48441693834,7417.80862952808
2055.93943691354,9061.63602427407
992.733430952317,9242.42678320771
1387.82111403278,3542.26006550469
883.726542787299,8549.72700956921
7807.36172881424,8178.33999087652
7405.16517670202,7855.99825872208
1558.35103998859,3098.69327624173
1648.28774745506,9032.61222809202
1314.2483741276,8815.94934212942
1544.08583320418,3431.20751164988
9062.33106417286,7171.97253682635
1828.20650747826,8350.54751736542
1189.57599774422,7935.56963802233
6237.65947365534,7691.06012269613
2173.85595881581,9006.4558042786
7016.10573958166,6947.96561028792
1071.71516135348,3432.51115355911
1813.23127088192,7636.71448986499
1425.0150150652,8901.40490412549
8095.9819334083,5053.75990877554
1540.17454372242,8905.30465629502
1715.83498430564,3800.97762769277
1265.77926676719,7907.06217263626
1727.19710963935,4022.7757610731
1697.10977671367,9018.84278583962
1712.06503536066,9325.98999846632
2669.47053787316,8693.78501335637
1249.37016035727,8123.18106905288
7891.77093180529,7800.79178532424
1325.35373362388,3536.6556884761
1780.59932849102,8907.14543440095
1264.32769063369,9195.73841368781
1369.55730904647,7699.56317671801
1519.45663736476,9049.88094872646
725.199684772663,3484.57092336615
7234.51545702998,7920.83545519803
8596.1018164862,7638.28792102354
6949.03263121073,7679.68918371871
1050.0747394389,3396.45193946246
9097.85566518567,7619.5859901773
7805.60830606013,7426.49291909453
1568.70840957407,8977.38084645078
7969.5946899883,6325.15408621848
1202.23373615431,8963.07819722111
7185.90653005966,8201.32787538381
1965.17808042947,8997.77675786914
7997.92027529817,7737.06165445685
1277.56115245956,3287.86518142583
1410.26670111988,8232.92822516582
1087.52229640929,8376.95832167731
793.730619157545,8680.57856994191
1469.27596711541,8725.62351781346
1264.25110098298,3446.9184287372
7711.53597928553,7945.59550668254
1262.36343725451,3769.53386361187
936.795277735072,3047.52568838756
1236.65950791159,3473.94613891893
928.53659957762,3199.32150855681
7495.42076181342,6840.18569174876
658.042679246474,3669.98337229747
1548.81207196856,8775.03090393692
2009.26200667379,6130.85579243444
7103.79984378154,7593.77275715412
6980.99867903612,8144.69239894917
1559.20421450977,9276.77729413027
1738.83649385727,8938.73820903583
4457.38850935495,8584.11463935987
7391.17030174916,7155.21288848588
1658.7871140215,9361.4880677749
1738.81631789761,8574.46208428457
1445.1751256099,8903.26290291719
1563.67881454042,8743.99990908136
2203.94624535236,9292.74854365634
5165.37195719176,3937.31491666984
7211.47653652983,7974.16017362136
1666.26016058451,8040.03746284287
2189.03909576006,7845.18455634523
1229.05831753143,3662.07324248398
2315.93426559037,3594.39866680495
7475.49420904854,7661.74160411739
7882.06514683355,7595.23919787147
6952.28302067683,7324.23012102235
2039.68015518915,7992.40639290977
2163.63346461696,9129.19917058396
9115.73769125806,6143.51748707962
7327.90270865653,7775.38560931133
1651.43346597027,8925.46206367273
7801.50358361293,7546.66605719329
966.02570761903,3285.74311568858
1044.18144718771,8877.11739448952
1335.83388141351,3635.59066314731
1104.07998812441,8371.61482835324
8001.86856083379,7838.53483050384
8303.51521712361,6936.82560265873
1803.54608245415,9286.92157307581
868.690870031216,8825.68593819673
1166.21726660277,8922.14066724108
1269.3625059158,8800.45026941613
1260.32789964526,5182.22572586383
1409.39314127477,9146.25087102451
8215.7479294473,8087.15861812469
6848.68052532974,7414.78912886506
1034.05570399126,8743.2701620132
966.860079059424,8182.01807374293
1161.36897624717,3430.45140829817
1120.40159067007,3112.63015378504
6896.28186702253,7018.86372708885
1220.51062657405,3225.5946144036
8058.90571573828,7547.73421323984
1154.31812032551,3413.22807552065
1041.1598236271,3875.46021566922
1140.01302888054,3290.73340483531
1516.84785551621,3762.83461254628
7659.61055056619,8726.69119321924
8488.12769786648,7896.03902006029
1140.89486968274,8407.00587141232
5272.67584084866,8014.87896805532
7473.25304254101,7803.84650475736
805.806578494866,3301.61376260997
2010.32715321389,3666.07142657413
7687.03499451769,8014.94393837751
6948.78532439046,7672.26661706524
8474.71568586036,5817.2464293196
7113.36844421639,7442.86489831716
1409.44489853126,3384.61655463301
1719.55901122735,3867.61479273726
7645.96748282246,7849.01561118166
906.150832508919,3539.54146873819
7067.20885735188,7294.89551908844
2031.90356156388,8981.42119746812
760.19064461083,8629.91557746796
1130.94881860524,3440.3701389773
1388.66268517623,8391.614457382
1867.48822506613,9220.13981429176
1274.57893349741,8883.13306691377
1085.03922606427,9059.30573477366
8328.86877752579,7642.4092922506
7641.7636923445,7826.59301814111
1004.19801872951,8940.72915783944
7016.49405209494,8105.9547895736
8968.11939465635,7194.77452491002
1265.04380457809,3661.23926279087
1092.98694933588,8874.83790158468
1377.30241784465,9035.58689389162
7212.70194782497,8192.93271128263
8530.97630964546,7730.1003399633
1734.45913009403,8395.4081529334
2043.33900229116,9150.98626604231
7741.74754145397,7445.35794416675
7670.76574234024,7684.18543700005
6738.05917634877,7269.19883220697
1542.19038472052,3731.50396549598
1434.2501931754,9260.2494525501
8965.61045949438,8044.79945597006
409.006048072101,3300.19530346301
6179.76722483139,7247.98564163032
1607.5828523649,7359.64579851296
7175.03817783372,7705.14937507913
7263.40086458313,8395.00206568249
7618.24707146222,8314.15372986089
1972.59797468316,3800.35718126605
1228.78779690017,8977.67731454494
7020.31556562782,5907.82067972101
1820.926529844,8701.37780621076
7519.81868681282,7515.15300771991
6933.56896841199,7800.74492539895
7520.95857954341,8039.06183700632
3011.84111300551,9564.19177629098
1518.34422809117,3619.69320281589
1851.56822142373,8304.29186237422
2098.71067785179,8829.10297684673
7703.89927805828,7936.68597276364
1021.1439249085,3315.25736578675
7574.92880681329,7576.5173354106
8517.30077627357,7927.58916848764
1630.53183291069,9529.53546635721
3173.96062760203,9171.55615492354
1888.87980116648,8784.30785583767
1320.7840913632,3641.0785098698
1370.49328856184,3312.74452376322
7830.75095384429,7691.91738731874
8728.90734494025,8084.51793641066
7635.93926084095,7121.93973106187
1465.58148269353,3668.12040821107
7468.34204245731,7371.52449476724
972.530873534441,3382.08300125216
7625.63250364638,7638.43098712264
7212.96958024731,7241.60415171578
6756.08846554572,7366.24209310238
7050.6169254746,7736.31227857982
1788.20907079776,8230.43800514966
900.914045186294,3827.84495794627
7872.13642387289,8107.09267822185
1437.77743985184,9296.73736672082
7334.22256751681,7192.96147792304
7771.14002957636,8005.61015623105
1155.18953514327,9241.67763775721
1191.35596375956,3444.69607722474
2123.24048664725,9044.23918571873
1467.70276495051,3712.89244222796
2591.30129288333,9272.59176837976
934.629221419926,3142.87879770566
7824.07272943441,7801.67519348847
2190.53534387846,8211.28585446558
8611.12713553566,7910.12862961457
8143.90468783581,7889.72754401136
1495.2455321511,8588.52207267506
1552.77339032504,8168.62959188581
1435.12056355347,3843.83445501214
1502.14782414406,3982.57511375699
1169.47188243755,9218.49979363907
7227.79201897035,8194.73485198488
1397.53688714911,3711.1879362561
7343.67582682635,7359.78429482834
3805.85595152701,9013.19689188257
7046.10764293121,7940.85428268742
6638.8539622993,7698.18403679219
805.02710412511,8572.63059100574
1505.65827596535,8955.51551464293
7461.08389843743,7262.86961618521
7148.14855353532,7469.63570255115
3283.40484117394,8426.71064036497
6578.2397190605,7028.82853597196
766.921537616998,9281.6525826414
6931.56429926999,7519.88747936066
1465.00680324172,3253.6080818014
1848.2108047729,9117.77342763871
5655.1390611155,4464.46879688245
7458.79404799474,8766.10810202156
5020.35442991108,6921.54284872939
1696.42887883562,4197.9849157228
1340.29485849662,3624.19277100786
7867.62798213125,8224.93475573124
7940.38731926482,7496.43757511264
2071.92247667392,8986.76544203133
4374.03687967656,9567.18267122724
1379.85403018036,3948.52030972878
7667.60984191966,7531.19797873933
1255.00439032739,9186.32749494331
8224.42649610923,7409.22197625083
7901.01498567945,8076.59762983587
2437.12076010229,9058.40354040067
2308.87131575434,8912.16897935133
7754.04538210442,7826.90881867274
7442.78422202553,8417.95058272708
7816.45387964643,6818.26031700419
7397.31239277035,8119.71979929626
8095.64524506642,7434.70300453049
1655.84437372199,8759.40687889214
1260.34844033838,8879.36675216838
2707.11104620085,7775.89033256555
2032.37995987736,8920.64281315361
1438.0810364595,9295.42232609702
1569.17865863575,8789.885274684
1518.05573997091,8166.75824428295
8038.79403613112,7974.22879616253
5164.783665876,8354.23139223945
7746.53437354588,6554.05562731781
1479.40533418076,8560.72748289683
648.444776635025,9248.51768169193
7791.41198092043,7330.37413449227
1579.14029943425,8997.0878165539
7074.01660816505,7477.70105044758
1403.81984362626,3546.90272486415
2010.68073607615,8912.9831061438
1141.03097479187,9057.13896501006
1436.44710013099,3460.60071104742
8241.57069754694,7415.21471120187
1440.67770830022,8956.77888560677
903.825514566001,3458.40065714408
2170.22878133667,3814.64861092831
1709.95085444168,3843.51417878065
1032.88407380508,8860.08080304883
8057.59306485586,7025.16203826592
7365.10864430116,7633.04086026265
6981.86526084025,7848.36202225125
1207.97553052879,9325.99798561417
1169.56920071846,3248.25955785947
7266.27435194515,7595.80391550718
5983.07991807779,7551.88011713916
7361.77506629346,8101.83626764993
1667.54333695726,3154.2449305714
7022.61623439305,5789.86234239675
7613.54073851497,7402.33642251162
9060.68647237248,7454.56253519711
8789.47284243023,7352.51402556475
1462.29001941508,5220.41313417351
2151.60724537592,8000.04530420053
9371.28995166528,7564.29691337199
2425.20845710746,9258.74931169542
8594.61015378244,7363.46461329075
7122.85109698275,7713.88828838184
8543.31250384765,8083.65440094468
1212.6048307174,3915.40635012086
1630.67996702766,9124.62073668909
1921.35593434067,9217.05748157046
2010.15189632573,8812.40523643745
727.551592606747,3569.36290281542
3879.66406987115,9071.3945209755
1098.68619762313,9163.35919214405
1314.19800987766,7268.57533656413
1023.89830539948,3309.45242985075
1674.55737358833,9092.38529678855
6727.10694052091,7980.10259207644
1733.7684740865,4340.90342478195
7386.57387328581,8172.29774145088
6422.29481525637,7207.74743535993
2006.64511893031,8676.97546860203
1060.12085895225,3140.066500573
7404.80124136718,6593.75526355055
7401.55367976723,7413.27896998665
1187.41801770742,8591.28776276655
1084.25387084847,3405.94204254987
2945.45208826631,9005.14326175232
1785.58916685572,3678.2695769958
7000.55126078953,6517.11476255604
8246.78397091045,8216.99110219665
6475.71259476581,6900.59300344256
1265.63729334789,6675.42741149623
1203.31329040306,9291.63128654105
1209.21477375741,3541.39631995107
1432.89390691177,3726.74321541773
1516.48315105087,9045.47007471572
1450.09826311898,8501.46616251545
1628.30289710694,8917.70053325316
1287.88268474502,3436.92555223871
1473.1213760605,8552.77177537051
1297.32808540336,3755.18843466422
8201.73197079222,7340.93943272583
8022.34206661069,7997.09621187155
763.607796842123,3613.60028784807
7141.55389601641,8301.34296217613
2305.26615645342,4460.14148651036
1237.57621496044,3792.42920225567
7859.26501726143,7762.46738991643
7741.4573329013,7374.70701350731
876.113123672804,8792.13057392012
9089.4263238825,7441.24069029735
1891.29574311833,8039.24729916212
8282.7237038741,7450.00947941639
1617.9974712682,3620.89196218246
6950.9948721892,7303.67116317626
925.663534255913,3395.58528435817
8415.16885538764,7799.41813649988
1583.98737363062,8876.84300704113
7176.91082310595,7203.87285263927
994.146317990957,9001.54053532962
8032.96163145054,6490.06797731967
1025.10933238601,3433.31036487083
1561.42595121298,9190.963829125
8376.43381045728,7003.97757643392
1140.36445268948,8871.01019595333
1105.96259164001,3380.36402592127
6554.36208337334,7350.16504650161
3776.33429306355,8996.47442305226
6996.23278932507,8177.72408103115
7709.39823886306,4731.92285075649
1526.18875598668,8921.59488620591
7456.81638302706,7837.30128053885
1012.95627323572,8938.39666969376
7391.15354533816,6965.51244663246
6605.39361643303,7789.72831610327
7946.11627212151,6318.75780588374
8366.43226892567,9144.50334888009
8350.43777485456,5930.48861889587
5417.39816223117,7555.54573441916
1847.51080922694,9173.14715845141
1580.83071407228,3577.00753751371
7880.51157965729,7926.32245511889
1651.01530893091,3626.44393651997
1050.25377116803,3367.03308052772
1360.40255255882,4829.38764665955
7328.45378440168,7111.26840806129
7279.01489412661,6718.08053713168
1437.68885705873,3985.54923873048
1414.35037257335,3194.59168104722
7563.62535566627,6573.25740200536
890.934760457731,8031.25416756726
1715.56512355434,9268.6150416097
614.975239202276,3309.50222303443
1629.26864353447,9299.7558299217
1446.27996073795,9191.4344145902
1459.59107541285,9109.36956080439
1051.47642062985,3448.15268112858
992.654643196905,3591.49928942306
1317.30616981547,3395.25015189583
1231.56668010711,8977.12099869713
839.868693244888,9127.80697558966
6736.02751871479,7338.01494233245
1810.84893941782,3633.35627786018
7707.34993761285,7039.4903919075
7127.14527241244,7986.30343938804
7510.56614785256,7043.3024132216
7227.49078792319,7031.46480680242
1557.41664051988,3477.08034795656
7484.78807717784,7360.4710918167
7932.62194159194,6896.6868511239
8047.93399659262,7849.12162946865
7027.45755954412,7308.31576549356
3785.63604190468,4797.27049608602
1674.19744975213,4369.31809635841
1382.24492355675,9176.28308707971
1328.55857416876,3702.34262210705
1553.35101881369,3757.65230116314
1476.09642825776,3840.75073541548
7375.13048158984,7397.18020043051
4552.33057005155,3960.83474659514
7471.28502938155,7639.27945599456
491.438346517372,3378.5023528497
1491.28697919858,3801.73773845252
911.949995779798,3023.10449881332
1136.7917441597,8334.17128584262
1659.74847629244,8887.73443823086
1212.74617335397,3768.78252454814
882.952146042782,3233.30647639579
1231.79978915844,3828.78942028024
2175.31749693266,9260.65448799711
1478.55021209455,8076.76814269912
6673.69455367658,7834.49967158505
7274.167417074,6443.7258774867
1558.58500126199,3858.35593219902
1317.9167207353,9081.40268078391
1485.46789442873,8814.55811129067
1711.05333257655,3686.11842243604
2099.45729161438,9223.35974653116
7912.00208465415,7941.27165017034
1165.81998433936,3626.22675062512
6233.15357236766,7589.83966003373
1109.54807011114,3179.40015983213
8825.58814210659,9220.1929128429
2101.10768854254,8863.25940119275
1356.51012046116,8958.61141943026
7319.06721029858,7521.077752997
7109.14947755802,8114.95433643152
961.944474102044,3367.73645016173
1708.89917706376,3944.63400846393
1083.87985868062,3316.45078333867
798.879976729616,8250.12139840479
7231.36549624436,6775.06563699793
7596.50916119125,8068.95452475143
7875.07264164981,7597.72634572705
7166.73403054812,5409.10032752705
1215.41981159566,3195.7207472926
1673.86458850058,9103.60929401721
6791.0726806004,7422.8140567429
1254.45792654533,3501.10007037226
1729.82267472527,3750.07369340809
6498.36146064219,7958.68544263745
7938.31702318307,7721.15955760219
7726.55947855572,7318.99626484633
7609.50378287628,6157.73813059052
8321.03785998668,7348.6212226591
1294.94882139721,3313.10422693809
1347.51298494059,9043.42115449133
8420.5072975759,6787.22610283727
6386.63830498292,8170.57223379956
1127.33015685246,3581.88031206467
1219.42822763918,3563.90237261238
2005.27861372861,9238.2961876918
7750.92755677369,9147.81925557373
1601.3026034869,3576.58693053667
1931.31814002018,9009.42337670722
2032.6551009926,8429.04419296739
1408.72235016701,3675.02108697121
6539.86904004871,7696.15254320117
1488.29207699812,9259.18646296695
6712.52556954683,7577.7512129462
8611.30080884899,9431.63295170737
3732.89513267877,8884.73576173179
7446.98622224341,7922.23375011297
1736.80166368948,3607.37663046179
2624.94577216246,8883.6345706141
6274.03519871311,7704.01321312861
6572.13432794616,7481.3635641903
1472.95842090427,3651.11706847081
7778.22491498015,7081.60107472335
7153.69348939957,7636.94233717414
1448.97568193092,3923.678311593
1181.98389432714,3389.74979800794
886.527272484955,7678.88560469572
774.880808608891,8937.34240007724
1709.2284551484,4744.45800607285
1180.56325466752,8781.26018651241
1744.84570107511,7722.59173982824
1387.50579804829,8898.05311821983
1527.78254384851,9121.45281600613
2848.74785632076,3848.49791445874
1110.1031181374,8574.75834681879
1020.22047848824,3333.88828327097
3557.67216865949,8834.47779416934
1244.19979848542,7415.53717405169
699.351706847194,3175.14252138332
1638.34849204555,9342.55988387957
1160.08108372249,3487.49908446891
7704.55134779704,8156.75543080327
960.335484405982,3713.92629934893
1393.46309037996,3405.46968902402
1625.49256424799,4357.43230832201
7375.28672447454,7577.72918495108
1697.04985175107,8293.68892640016
6166.34641601801,8078.72764068003
1376.28207417449,9126.53368884071
6913.28334192963,6741.8522987043
8202.40556612354,7557.67808701839
1280.06586574626,8848.57106555168
1326.26127540564,8792.90866903339
1292.57019701213,9061.74860377241
1545.81061722887,8345.29377314732
8856.28845362019,7296.89516436919
8982.57168930087,7219.87183246686
6607.91401142608,7604.16690237003
1407.92494356765,9174.99342990138
7395.23689970993,7507.00382313617
1467.92411760603,8820.92012542685
1880.62099667853,3789.97155155866
1240.1532424092,3582.21636018959
8250.89143244449,6857.95059444933
1381.68260594103,3622.57483060025
7529.77608096153,8410.62773258474
1153.14340747844,3532.79839682578
1672.51016329752,9005.98199401508
7060.20525674813,7422.30103681973
1224.59938053851,3561.63423268937
7509.92750672669,7475.72519472993
8139.24374845666,7585.00133573099
807.624512620126,3410.13072585734
6768.15724856125,6646.76751458951
5859.89924973199,8796.52283930032
1368.25602569003,3477.56973562878
1123.60244872098,8984.76462573027
1538.00757389805,8883.24311226218
1821.85521032409,3951.91718477301
7519.34628173017,7708.66249280503
6510.99143549843,6792.01020018972
8151.00806448226,6345.85301086921
2260.37026426125,9314.63838438898
8230.71690574979,7367.86786580269
1489.61345756434,3684.52845724709
2153.43900908134,9368.39665731481
6970.51360795849,6883.77144156227
8527.47847304539,7806.21221819545
2397.51686136296,8620.01899079252
8332.78591422581,7472.71666352108
8371.77563300975,8745.16355354574
881.704989110843,3218.8039649818
7087.85048957867,8081.04787999534
1415.78601276873,8970.20506774194
7219.26279137911,7819.05222889212
7670.42970918073,8330.49419218723
6951.97322092613,7929.34996605315
6220.07808329264,8270.95285720802
1132.77262350575,3638.90221920226
1171.98525226611,3273.58223410024
1670.93930881414,7635.1920110773
6068.51392251988,7284.61090033617
1576.98977084764,3774.63498180743
1143.77878057438,8280.9701502429
566.071690557581,2901.26157638128
1218.42316246007,9058.91878940675
1848.18023685353,9117.50402598355
650.353863095702,7901.31673607828
1169.21126431584,8819.66511058024
1117.19260699772,3202.76011644787
1441.63656824866,3896.20871486191
1070.78505717507,9238.94128852965
1726.54763195372,8326.45085230094
1425.91826024443,3723.54999243142
1838.09036798369,9079.56942943499
891.08174141847,8829.8192926001
186.471635263644,2932.83447502264
1639.28218029405,9368.86705070372
6788.20343322521,7030.1747448541
2508.5858881299,3728.76639907843
1225.77620560868,8507.2044551895
6688.8796334941,6755.69369882661
1642.03893743552,3766.24218912092
7331.24256034091,7950.70284445696
7662.41776556693,7591.95238789037
915.655493139339,3571.58514886211
7063.5566145841,7460.53805832391
7075.95900134223,6762.70252862612
1031.62611424625,3269.71774852083
7664.18759394264,7843.81080531763
1478.97274546072,3911.18627298487
1110.56724284367,3538.81204326166
7593.21032758238,7894.03723373007
1396.63995719343,3931.32916021377
1614.47719171778,8750.42338656829
1629.84954331878,3543.19693590131
2517.50933802323,9228.30766497751
8593.91907222736,7664.74281298614
1706.45022567624,9228.45683899715
1844.17908710801,8393.45909337696
1581.55314564711,9031.15049795611
5966.90643564056,7848.48748465193
1795.94920605199,9001.79950439866
7102.23487659592,7699.51182928991
7991.35949359019,7935.56871635622
2412.60006919269,9031.79402470084
1433.01772124468,9178.48403429381
1406.83904320924,9183.38743340273
7665.0136526566,8304.21265123409
1897.79506129033,9003.08617541215
1417.61554343558,7960.37756980443
7323.31833567718,7941.67714996936
7882.08026966785,8434.62680823792
1624.79449336813,9208.07429104667
8188.57917242558,7096.1593407745
959.299983770064,9106.90269511293
1216.7033077371,3445.41604123594
2032.69816743033,3755.22181319669
7932.64711831227,7006.0022385053
1718.70474832035,3615.46922741982
1005.02162172022,3562.1765554167
8341.2672272854,5740.20035633263
1067.66492711349,3468.96836266927
1674.73054432171,3817.40992283701
8142.50504939372,7679.71381085991
1356.84664189548,3717.1574468957
7742.26738126933,7409.07788278062
1447.62828974139,3909.55094029795
1286.89390427563,9158.80065579698
950.174519796838,3555.43831900941
1124.2809714739,3245.24289454282
1459.81414684072,3584.35653682881
1817.81610886781,8966.83331599459
959.300733579145,8741.59404320799
1180.34968226299,4070.7940151742
1261.51174083343,4181.10075080633
7013.51774638309,6822.16989310299
7214.70685470667,8557.19458057042
7276.91526710375,8240.14258031889
1122.39948050205,3464.44006138801
1469.66144324979,9180.21863035068
6812.58338127057,8093.685128473
1568.09835835414,8856.88034673065
2733.37055765732,3865.80331624566
1742.52365227362,9090.34600016641
1090.08444366028,9103.89473098136
1523.2275920554,9168.35636221715
1951.83861397492,9086.59294394421
1699.71740126178,9144.59294089979
6560.25487984041,8296.94567518424
1334.5255051908,3502.28030010583
7404.29342050251,4525.00493421179
7102.10229732093,6594.69950091936
1346.45342197628,3234.65703796573
3244.87704377392,8725.30931815666
1276.98555776626,9119.334803741
7345.52298870691,7891.99826906666
1363.55488379495,3698.97248771917
7711.73974341927,7656.73081109399
7114.3825697287,8343.88933897077
7835.55734456261,6849.50216806784
7822.31499689278,7046.30425774348
1364.2184071177,4814.43959735477
1704.99507205228,3787.16161108547
1289.5927877151,4117.13562203385
1344.42430349064,3547.0748354934
1448.35816436968,3670.00070289543
3448.5681936416,7992.23661851877
7378.74377590977,7414.67165682345
7498.17635159242,6948.84630105055
8456.81531319296,8063.16024561352
7972.03856971575,7007.69239421102
7036.8093905559,7870.43235763332
8118.40629045066,5817.59856939747
7472.25491934118,8540.44028215823
2181.84973582898,7505.57244966274
6266.30421090041,7266.04641231781
816.739630476757,3120.06231512602
3045.00592667648,3955.31013783502
7783.79044626882,8195.83308452905
7708.12291927401,7959.60721981233
987.105125248732,3680.15969770013
1183.64339032156,8702.37603736627
1077.52634418519,8159.9399838283
1164.11450802062,3253.28459345807
1094.89863344831,8401.9485506717
1869.34792249469,8867.60736794906
1800.26729978474,3641.12805693048
1188.96893400274,3212.73859219995
1955.33417631869,3996.43645268083
3469.09311317938,8291.97106369071
7176.78531940403,8307.63686449167
2371.93893958478,8996.513203111
1191.61922625604,8160.96920108133
7492.2849883359,8235.01121206171
1559.53921628929,8683.66468096863
7260.13023724494,7687.6861798038
1428.82674914549,3681.60559431303
7210.67571947324,8129.21376683237
1976.11295069481,3852.54869379431
8821.72216182158,7332.2032466941
7172.74663426072,5727.5804607141
1602.08500713435,3769.53510742699
1095.55902575814,3349.46302012951
7624.92264070787,7855.54672880707
1219.73570583286,8741.4226003244
1502.64940533518,8180.19569849063
1265.34021510313,8726.6617162827
810.890899373171,3196.88398805634
6234.17171329584,7251.23924699035
2106.27420048536,3870.08380124579
1262.90896452049,3339.8315663
1732.32984135529,4168.92563637428
1009.34339094658,3343.85606793932
7270.00721360006,7430.65595972791
1630.99487554149,3722.57713314936
1883.35381618387,9027.96234977974
939.162441194221,3341.80520670736
7898.91886614274,6905.81149616978
5932.40941301233,7360.80702887166
7429.54522208309,7951.82667390726
7142.24084472264,8314.07452161982
1234.88971436524,9009.52071219688
1473.89898799603,8022.46505406652
7634.75249771093,8378.07672008383
7096.27043939005,7751.50657276379
1589.91197424261,7751.15449445038
1013.53959328339,9038.24912358795
2005.03162089585,9298.67649994497
8065.48649127914,8063.22442986679
8006.58121557195,5768.81407667497
1472.93589652556,8563.53262047535
1352.24373243328,3326.57013865833
6502.05093562229,8439.90035990641
7700.78875455581,6041.76531465478
1535.96698258607,3527.59678357429
1568.82706542713,9036.52887097278
1994.684376605,3727.66930431396
1558.66822614563,8763.12649087004
989.133758843087,3486.9055945165
1162.82076904431,3278.26648588225
942.723668941015,9017.1950190215
6912.39249977471,7376.23345272196
3248.46335506638,8686.24785593962
1608.72317680335,8594.66405722724
1570.12386523737,4120.02896956068
8794.0167123205,7792.68892210027
1045.7180465385,3301.81611702687
1990.47921900954,9120.57823444806
1853.31398615953,3575.92712691958
7590.61029727588,7866.42773868972
6706.59102261755,7589.65884396592
910.807345336436,9080.54976442804
1082.81411257074,3692.46600402676
7765.13601509498,8363.49336855569
7569.07638391986,6829.89857850399
1332.96807814758,4724.33869118385
1385.84841823887,3880.42701809466
1501.03851641132,9247.86213845557
1709.34507625071,3943.36473329399
1919.55905480455,3676.38600641687
5886.31535093847,9200.78510627166
6742.75851641365,7437.07197855483
1992.49371302556,7957.78552219989
7866.80599557205,7877.90076870294
1648.22817310214,3822.42546968531
7613.51585676378,8293.05639044078
2124.06993743798,8962.02152726696
7337.80159021537,8031.50849324733
7345.33567843121,7551.20141057813
1162.34652665415,3742.06064343813
1776.20143280788,8942.00987687272
7993.65567654429,7554.73701364519
8844.96697861544,7511.03146615738
7353.18293738634,8120.57180314554
1723.8385221568,8959.13937066854
5925.16142343755,7539.61344610319
8161.52997969612,7653.47037422711
1631.07048099031,3886.54463477526
886.079546285952,3163.84525290783
1867.9640342196,9018.65357645831
1233.02184853813,9142.55437552508
1133.87424927274,3579.34082806882
1044.09324643706,9371.42416089683
1541.62414608948,3702.4258799561
6671.34517957619,6584.94622929484
1295.37298746207,3435.4873881132
1298.77128970657,9154.62045978734
7744.68139672278,7701.31296190165
7764.25414294431,8094.95118132949
8801.14273269258,7461.61692817407
7508.20456196377,7857.08705946825
7343.07711897883,7973.24702187399
2829.9773388784,3423.64118917597
1713.54961759717,9171.46563346123
8252.74559909448,6821.71147595459
1829.41766344383,8808.27745876296
7290.16876939762,7086.81180443511
1326.11990739057,9194.17267291983
833.737952041578,3143.07051350977
1943.60053284297,7284.16880974247
7791.27023945388,7563.36910821881
2949.99455955882,9042.75441272574
7679.06185188554,7299.70493973729
1621.56164903001,9067.51161367059
2132.93391474162,8689.68470398563
1623.1727729621,8887.2166158264
7527.17241321356,7489.50379974648
2637.57977167826,4394.47953547871
1434.2162001837,3991.74492581767
7729.82063320091,6865.09492183295
6249.16217868997,7882.93566836744
1231.86562501007,9009.92129957846
7327.96607386728,6262.1584544274
627.776356177599,8530.2624806223
5768.2235781493,8241.26922012103
1326.94416679887,3648.28204648347
1385.36333773491,3154.58352323963
1605.11834006199,3799.19951909839
6801.07205968114,7091.05039124684
1291.82397451718,8859.44251411465
6842.34940021225,5328.14487827332
1027.23598376471,8897.12744087897
6985.30586973423,7999.05134677625
1131.3084212945,3650.39613515901
1103.61976619103,8815.98530369467
7153.11397524981,7055.67965349354
8052.11507788489,7352.65337952384
848.375489304813,3274.57859771792
7364.99769168107,7262.75959500266
1340.10274719746,8489.46755387846
1780.41063651876,3593.17120597455
1259.02870778733,9075.53573868728
6559.01164160242,7853.26811504899
7185.1471074769,7505.28635609909
1971.36370692362,8210.63585195836
1177.0320907577,8751.85270905475
8133.17747119183,7802.59680326311
1245.02603725579,3465.70672028855
7581.23466553736,8043.1475026399
7796.25783424972,7360.0527476082
1472.49105680246,3808.12179492179
8262.03574453685,7693.99373343084
4224.24422573123,8232.21285844935
2448.38558648703,8812.91793470124
1874.74943675636,8916.16927598822
1423.39636592803,9135.2526499818
1678.37257289766,9242.53914671997
8027.52659095811,7888.81822557128
1466.05197971406,8798.80319865603
1394.89784117269,3725.1016752991
1326.22235093404,8951.65452922581
7254.88521687311,7011.45888252724
1914.34700225444,8981.98901381423
1225.96863879857,3299.68048266525
1690.67064766795,9001.65734609125
1613.40242103245,3593.54200073074
2098.2424817724,9032.34573485132
1576.61457130957,3861.98218795974
2836.63781839047,9510.99099350438
778.369607129964,3348.760585715
1547.94570963811,8096.42526079775
9051.87863001956,7723.33964690757
1723.09752876736,9145.87515566745
8795.52358866578,7035.74480848482
8306.44045700973,7434.53250346396
8331.07586683255,7212.99452689373
8711.84137234048,7367.55481540533
1236.77667209086,3769.92241931516
7645.36246055275,8425.03320381246
1386.82781936978,8884.3343766485
1002.80105380033,9139.73800742706
1771.06747848454,3896.40381067444
1612.13585359624,3777.56859515642
7284.9426715554,8261.93217145046
7148.21860322967,6862.00046416773
1496.23721571525,9052.51106200841
8203.60776775672,6431.58269939504
1476.34090727517,3918.34414938883
1221.52732045867,9026.65962191268
7667.46258953564,8433.23944065973
8431.84271711967,7319.3324365395
966.954309722101,3136.97818703889
7769.54954467154,7128.96621181221
7633.67374843432,7014.7570155386
1106.55446241426,8965.34995339535
8421.69454183401,6685.17894334886
7629.99258200166,8278.81970490207
7230.63707989065,6749.73997163422
981.306203645057,9098.01961162
1341.57843211665,8384.2073847622
7273.04438870601,8088.39756119865
1302.64607733732,3361.92852425898
7258.64142453591,8368.46555965563
950.102826338197,3216.62382254083
1231.67130730174,3545.02057256919
1449.68713705262,9087.37923310401
1989.90193348829,7893.77178902522
1156.67914238358,8334.26932975966
7578.57844636252,8214.58014405137
1491.73265094526,5019.56870084905
1401.32322860372,3653.71786743063
8709.39356559227,7786.68676553737
1577.5431760711,8760.62461479368
7503.32744942211,7021.15282918015
1512.91023046711,3574.08812887774
9311.13067863147,8166.82314109898
1047.09997195686,8539.75746590251
2205.77086236497,8889.65393936722
7507.57171707307,7989.89759220205
1011.95992056604,3248.36825261937
2358.56435209987,8635.03993220886
7281.13313380721,8285.47246520522
7694.1318170556,8043.51937624115
7987.09482031767,7563.45285639114
1378.26092671686,3557.10773689191
5071.60527529981,8934.83885503433
3727.71456463129,8040.74179499127
7264.79656109903,7767.56085951961
3455.40291574243,9128.67794930261
910.153280416187,8788.90407353632
1240.13022434243,3293.46029339707
677.912140081403,8926.72408336983
1925.73909545045,9212.14033370603
1701.70226375043,8661.008118004
1421.79957239314,3732.07313299346
8113.66781851417,8255.65012200139
2397.95745534117,8797.33002074649
765.2962015899,8593.4440611524
2118.35593175077,8116.61506947186
1406.6132445041,3467.45670319238
1624.81164285851,3646.80157768568
921.189004281975,8178.49445777435
1593.91823290366,4019.48735075124
6846.50211683861,7708.01973279524
1546.02019864586,4000.78938568902
1501.95743014133,9161.64832683076
6679.40323411617,8807.99591481903
6623.20550728889,7906.33160690452
7546.19187183297,7738.7343447605
7144.11765430926,7779.51150423023
1221.94051792668,8548.92252414708
7297.13646308327,7706.15152023512
772.11379638918,3480.43739521582
1851.26077620729,8813.44507990444
7955.12157506829,7933.08065979288
1423.43032295028,8904.34711384066
7774.56369756754,7782.17322925168
1993.77188141065,7360.85888864116
914.099095286255,8782.49906235521
8001.1504023747,7441.47444635677
1572.00400642173,9227.48580512116
1608.08538477548,8821.24304382445
7664.54051645687,5361.60723698086
2415.55951022572,3661.4296989458
7732.92020520921,7611.58297015088
2006.6347530848,3956.47177988839
1952.96084005022,9203.36115328601
7562.43429260109,8144.80722765293
1859.17191396243,5394.84061372891
1839.72631009706,3908.66243311979
1491.22756044223,9071.92996886952
1691.61931716089,9263.78493729346
7233.25975356561,7765.79138477809
1266.63398209223,3558.50438444874
1331.24940825944,3474.46442383924
5260.95790660677,8992.56408042833
1271.34607861244,8963.13915759942
7641.43444453818,7986.38868941072
8148.36534604973,7437.37475606135
7665.72520025752,7039.20458532367
7794.38018113746,8122.03395981115
1338.58156077556,3338.63308771403
1475.00052552182,8958.1132580034
8595.00487449555,6691.63614281812
8234.41816952871,7637.3275694193
1204.64317661259,9068.65464699243
1209.93255987472,3618.46109861562
1086.15290519192,9364.20263083213
7360.87382155032,7499.39413668804
3909.78775199524,4219.16345869503
7377.08242055076,7280.09293007038
1682.55360982028,8506.09840277741
7423.97169554533,7790.76823507246
8140.02647375392,7764.79003321335
7722.47042610769,8041.5169471694
7640.13269569191,7473.48745229802
672.379158600868,3185.28862741329
913.961978116248,9057.4612468667
1374.03753974355,3754.29058920744
7690.29829968387,7896.47559919369
6576.28874086293,6831.18080744202
1794.4575321159,3680.20684590206
6825.24196459318,7505.87628444406
8787.43991699925,7215.3459916597
8222.0417912219,7950.56978903192
6727.41226008509,7709.37591245672
6477.853355202,7316.28752488101
8544.20558500881,6508.76583087032
1447.16577196004,3617.6518694918
1930.73020447606,7852.51220472014
1662.241768812,9303.43789621254
7851.99823729555,7827.34842676593
1372.60042643582,9208.17365438341
1283.33550689098,3614.31359623683
1498.29428106543,9018.43740873769
7487.17741379497,8018.43372338468
786.399476049158,3355.54939963323
1479.38196301176,8772.34658542054
3008.28272534281,3931.82163038738
6915.93001319336,7884.97382696136
1142.76997848939,8527.04659702392
7715.44410955125,6432.85762614968
1486.84789826975,3649.18078202823
829.187879687469,3189.30592021271
1460.42643204152,7884.69856296043
1035.88805951485,9045.3230724289
7989.77136405388,7247.28100712002
2130.67487389476,3955.03161926674
8548.57885568871,7447.76429446439
1471.20935641274,3721.65830999689
1782.08363159774,9039.23391434046
1888.65749653441,8844.85332828292
2191.59684738072,9056.571740917
3615.34687720685,8514.23288638511
1860.05718565577,9086.20001300591
6495.76565242557,7782.30792923832
1206.76473360576,3564.57106412008
7784.96809629326,8035.93761124214
1667.60234368362,4332.70577440575
7599.83407061727,7266.22027008395
6936.33919677085,8468.67874266231
2097.36626757892,9294.71945490597
2115.98354024762,8506.68601165036
8595.11363889528,7249.65451425816
7804.87580910706,7063.99380393369
1522.74781081038,4143.07135033911
7164.32822689462,8247.0288303488
5246.56123327049,8025.92499317909
7623.50297511738,7789.47704187744
1183.89102030935,3801.74125071654
1196.12403623996,3527.47496065803
8129.15174077446,7552.58709403382
7481.83496699982,7603.02957460068
2039.57206943728,8997.47780399545
1716.53681884943,8713.3985935967
8378.35684450334,7598.36008951323
1641.62718670217,9145.22592407897
1364.83483286984,3512.88164979376
2312.1640904145,9277.34435689189
1190.61622990694,3448.78384379004
7312.44418289093,7349.39241861867
1954.8243446009,3579.25060890923
1118.34913309608,3597.21655983083
2027.21582835158,8284.60299958584
1304.16872319696,3486.15374822641
1084.96019177895,9394.31119145034
1301.54925051456,3618.62436334282
1404.13667838492,3364.86915856819
858.932257326796,4075.11560236267
1255.14879310148,9163.7201160797
1705.79750683321,3841.95020986237
7319.47983418324,6907.65104323359
7825.55738427482,7984.83822235553
7685.47157141981,8147.81307103155
7696.10222924928,8417.56379805936
1892.69756441991,3634.38525694463
1469.85517591815,2804.85565161008
1316.36478204189,3500.39551124012
7355.21972183587,5974.10238005776
1608.99265310418,8737.5144422652
1795.70225897135,8882.48413572219
1102.42533715894,3574.51280013794
1529.50073162795,9196.03262354964
9127.4374819457,7362.58496756898
7275.52731921192,6713.67041156181
6747.18580019129,8186.83801062515
646.161455761396,3503.0705650566
1364.4160126858,8790.76698675562
1806.27420934203,9070.70043800302
1451.55951166727,3643.93971026591
8924.7335206918,6907.0272554394
8521.81581733554,7467.2314953945
2019.12678582713,8915.40186900887
1484.01546035034,3672.48905848174
6920.72239134761,8003.36838444508
1939.71030591722,3547.69424275083
7826.04308784692,7500.78588860759
1079.93734414633,3189.3010986242
1212.16301942231,9184.45856087885
8755.28129604223,7306.37282332161
1704.75014531751,9317.43140801193
1062.81452322962,9355.31057259617
947.310993130501,9314.45830254922
8037.67733633471,5989.95389679161
1112.94634028826,8978.52647552614
1743.93364084046,3929.03963404041
2192.67844945853,9049.86990174782
6953.20731536091,9369.1046703302
1924.39717776175,9244.47386674496
7944.21858649043,7808.37363119309
7014.1066608901,7114.284601194
8963.43956506561,7314.2406497539
4672.67238582424,2779.47310374404
5361.84453636973,9107.36145793832
711.70204489977,8957.38820005832
6944.17666977951,5961.83094808904
7925.01701979376,7655.9106963206
8350.33977668836,7738.75287489326
7269.64454223494,7884.08392012159
2014.12512152883,3713.95047049688
7930.35538996752,7795.65100523875
8840.49573809225,7970.63073626819
8481.93286500472,7786.36503033463
1556.27706004711,5875.49770004868
7321.46021544981,7995.8410547058
1313.06589740729,9054.01518288309
7907.41075423448,8206.04850466583
1942.18011444708,8749.87958470369
7828.74815020526,7657.55867676188
7608.29771733657,8211.98481238419
7055.59105678407,7446.98810128296
1424.84683065637,3680.19695541246
7479.67949005528,7832.91448567063
872.139900559667,3882.52406368409
8251.15945437236,7325.70795752601
7671.97610227214,5347.59118852194
1158.56708223683,3768.77651461764
7318.95653367633,7219.27984742007
627.172381392178,3394.88763282949
1604.83233055926,8916.27612933171
9005.59587377878,8524.38897236984
1094.80200117567,8963.31071433515
7358.31069017794,8220.64487777202
1586.53352286499,3617.3300046067
2094.83239688991,8784.51027642814
1144.93566723361,3259.33251951083
947.689450589389,3437.6193342878
9294.42091485796,7921.25791624761
7906.27744228194,7887.97044132826
2612.60923935547,8590.92872133986
1223.05970476499,3558.34122393308
1403.23990850513,3427.19302945497
6896.72579379716,6821.44644074102
1298.91110890381,3493.43680984927
1153.65959241791,9131.80915545643
8378.27253253005,6488.17957333912
1791.34149979532,4160.64326567258
5887.81241979892,6078.96752155913
8309.35750542964,8208.95064627717
2425.14602060501,9035.00671208974
6987.67172164785,6858.84475864097
7249.28547007736,7850.23220051679
7540.29494630732,6873.43808347968
1700.82373550791,9144.82946289035
1554.04329061866,3781.69900129452
2447.09401985091,9259.7952113747
1535.06073109877,8669.64902293556
8152.31138678288,7409.7758052881
1453.79073778346,9183.34915115818
645.681376687537,3613.48775087768
7944.50268699529,6663.78100055174
8585.40951529723,7525.71267331514
1142.97719769736,3516.8193976667
2099.23811826457,9123.01015543878
2141.23311214416,8368.24370513057
843.980698657301,3516.04916968929
714.332477933606,3053.42124287518
967.362306470901,3385.0242943277
1539.56388978154,8657.75498375758
7749.27934220844,8436.11899545444
1889.88978328505,8526.2961366265
6643.50381301385,8133.04195190527
9351.33141002677,7305.8180009439
7340.12946700468,8069.74788470282
1617.10203902582,8721.70315293927
7515.71913169039,6499.00944080305
5853.93968462306,7800.92668604389
1673.94428974316,8846.24151474804
6606.8734648116,7319.41221244528
1006.04323577546,8062.17235456603
8266.73368547768,6844.33985955536
7068.65211553693,7366.26545145072
1531.62169975581,9206.88096553272
7539.60805840488,6475.72208388748
2341.88017424683,8110.25001371812
7588.04391728341,6960.34521974307
7490.38049687649,8042.74871134646
1400.16255119835,8180.20487219153
7122.25218450107,7156.13000570905
1367.64680252927,8699.89504653799
750.73220758038,3328.87497735322
7517.74936349913,8309.38939874694
1353.32452365105,8900.46519223582
7605.16158054382,7002.89630621057
1497.22194146793,3700.15757567268
7621.58317205278,7805.87397680415
1341.61693903031,3633.82202254256
1583.53017246967,8759.3192993933
3187.96727455333,9151.6332351806
1135.89465104442,9455.21803877768
7923.96845506226,7709.30746659636
7335.02419837674,7495.96454205006
7457.05114965883,7402.99721633059
8500.40451984778,7531.36266887723
1866.5153912371,9044.28066480564
7214.48110942857,8162.10129913422
996.490729398089,8859.45562918787
1535.21672833088,3930.53432240138
4255.05953302642,8711.29485588603
6382.79088379862,8142.8035090054
1090.97796168488,9170.17965002956
7469.04716288537,8130.8742950741
1366.82198679506,8900.1318969716
6726.32425171936,7232.03345268601
1400.76629001314,3604.50423168274
1420.20276093106,9311.71936095895
8782.48307307239,7811.53235647328
7001.39607045236,7615.58048643676
8237.36018025166,6368.01661696654
1531.49915804259,8222.33768770163
2394.35346927294,8385.79017555522
8330.92577685538,7234.40422130402
1992.89207493269,8957.22805327498
7500.68968309673,7745.71270611847
3568.68061556801,8862.76336542252
7515.51842982927,8007.77813995433
7520.94310325143,7967.51412493368
479.849645666487,3110.2362619279
1130.76097882841,3469.13719898471
2264.12748778713,9276.4979294238
1921.86502527209,3647.55095392794
1735.5823249654,8770.39350061751
6710.85074368138,7468.39675178755
986.890992545567,3336.98894114763
7580.53037187445,8025.329170914
4938.44536046398,7400.19113181783
2657.06764828868,8920.2296572163
1094.30971257911,8426.91386496685
1506.99489493699,9056.82741054146
884.243776521934,3832.3197092078
1986.23434286827,8289.28454326578
1985.4810691318,3758.23870268226
8279.27062505894,7483.50493692565
7547.39958161068,7242.18351458964
1713.92951782367,9257.79715652004
8753.9922052633,7314.42823893495
8025.46093591568,7781.44293448302
4840.43406656229,8779.79149070871
7363.04832009057,6659.12340582445
7750.21052661374,7802.65664032866
1051.46104318273,8593.72410868257
7593.88254122928,7974.05674539317
1416.64168797117,3474.31916186686
1093.73895317947,3497.75747384911
7548.23198892461,7816.70405561633
6417.39237744702,6910.36016392099
548.557624154512,3166.05576171867
952.845038517766,3393.37205760447
2229.76170085896,3502.03031620727
1887.34932193894,3936.95134848382
1301.01727012548,3616.04967896938
7777.34012532419,6989.67179595208
1104.66972928165,9241.20537757657
7222.71849541829,8292.28087696749
7249.52030628128,7466.24871239158
3652.39475330965,9133.33948387012
4923.79964303983,8885.49646298107
1336.59700363288,3572.84451387001
8099.30189909126,7487.09519849578
7576.15100826701,6766.26896767954
5387.89790101339,7692.71498903221
1904.27628236579,7962.52782133705
7134.79421366714,8504.5478398852
1013.05139761095,3279.01108081251
1560.76970955889,8917.139491803
1402.96024952005,9274.57598567555
1118.18745110414,3610.70892378041
1409.52566623054,8976.35636905212
1219.26822525213,3707.95401961518
1228.89232279159,8901.35625179584
1829.12598956567,8838.17329864664
7889.22852095181,8151.59701070272
7217.80179775389,8142.81945888818
2735.16668861717,8844.35041891213
1723.00306366062,9165.93303185387
1352.58237360307,8899.18038804959
8258.12510323421,7659.58939122135
1465.99554801166,4028.63219702244
1597.4155254518,8330.7599128384
2051.99784906037,7860.73106323283
1149.64553667428,3743.11604087225
7889.97116919343,6565.60534184734
1446.23777975752,9111.3120712128
2985.2364293239,9002.68813142848
2604.29530800621,8270.090447945
2224.14709901526,9192.59402176925
2434.48839258816,8904.94269792264
1615.02739206786,9019.83402950644
8577.36966965869,7112.82679758668
7260.56051208384,7714.43590117325
6942.60157841537,6744.32998107908
2549.08625564357,9256.24573347839
933.498230426425,3443.61890077494
735.573262324182,8978.39811095105
954.531763084041,3160.49278464576
8061.5819885046,8193.18531328577
8722.63697859066,6700.44304237436
996.351208178116,8839.96391049447
6662.4382660169,7317.6824213498
7932.64384012641,7646.08899543797
7207.52907485793,8520.17799326806
1944.17411551609,7475.19051320443
1081.63559482469,3549.40231749402
8248.83768630273,6908.25671674696
926.698711848158,3258.26936874435
2089.28098291051,5393.65193275967
8143.41212369705,8067.81146940578
1229.86118269464,8957.33273822122
6761.81986263751,7636.31710255309
1104.21470798003,3600.11733111763
843.946566290695,3118.895290751
8164.29255251309,6828.59285896127
8442.05509376784,8099.17195513434
1765.63981731291,9134.93346134613
8165.97925962766,7002.01273673692
1888.69399843723,9128.698092133
8873.19766164137,7328.17614909251
7501.57975561161,7639.31675075477
7441.0438009855,7693.11060837272
7280.90405802232,8311.02567851948
2023.86548914193,3752.64854790398
1303.75286156794,3878.43600848247
1487.44296038879,9277.688966023
1943.10711152018,8417.45990352319
3967.16622615448,3895.7351953846
2590.89121923924,8703.46416525009
1456.96142040544,9129.22573776485
7517.20316526126,7477.48989807228
7239.31210953874,7847.65288504905
1697.69460588987,8978.96644704792
1954.7471398049,3567.3083283276
1923.93900801162,3665.10326797612
1737.16809551377,9343.75676603267
8160.9470978584,7442.47193491366
1604.87303894114,8953.17810595945
6935.11957987371,6281.74194017817
7356.22946190518,7803.71601597143
8731.06330817718,7446.34256072673
1467.13717967929,3293.78474886493
858.451976989084,3266.4313816345
1252.84300273088,9175.76538111314
1681.78419959404,3297.31646861304
1243.35549427154,9022.86041859311
8726.28002739931,7790.3748125996
1364.28032852284,9346.00194669351
7582.36619909563,7362.5158264987
1000.4637717027,3277.95204635393
1017.25063288824,3199.55579000582
1063.60859059357,3509.56430327545
6698.61477946532,7472.60724906826
2010.11923335615,8487.20149991573
7672.45584565144,7109.75535008896
912.379476537469,9147.49401397444
8167.50301746616,7130.62034226786
6173.43691285133,7353.93231368315
2633.94013787433,9176.66833066192
1744.09842700885,4179.89945847507
1456.13107340561,9115.01173281331
3931.66721996634,8807.0982769299
1704.05656859888,3860.03676028387
7500.48024876699,4501.86454354274
1369.81471914809,3648.22392542283
2229.54239600526,9127.57993679884
1381.50146717126,3494.78002226347
1584.23181845379,3879.34079140558
7126.77944702193,8150.10031539747
7657.65595909734,7925.70512534623
7872.65981576228,7490.71308953138
7437.82165850588,8186.51893439122
1384.84446742906,9040.30845374748
4652.4544010223,8352.5206572829
6785.06281205644,8104.39073806253
8253.82920380978,6385.54759067491
8083.72603639699,8044.17456001191
3456.18584619257,3510.49039350742
2317.3410591342,8961.33281580649
7783.67686395387,8304.51358908426
8463.2749215812,7804.78024985595
945.645485072534,3528.01408192795
1194.08775953804,8827.54605189547
7445.13559315647,5909.52910539517
1203.59455755201,8819.66413340079
1515.06902076369,4036.95298142774
7982.83467787925,7265.69709159499
7781.33180759039,7549.37510537592
7605.39355351731,7042.46014791814
5686.26119888202,8514.10137751064
1217.30659261604,3304.68340697691
1740.75455694392,8960.31365820352
1862.86453995298,8881.68264182617
1407.53245242828,8950.5076735808
1787.06455089879,7302.38689622967
1630.90500891099,3500.28036489381
6779.65795138306,7376.30621525347
884.084281553011,3567.87310046228
1713.80600865392,3879.20693374013
8166.00292526332,6880.36929299328
1575.99259934427,8832.1417566621
1297.49814105614,9099.87542211139
1803.19207448533,9056.09838988677
1376.09268340435,9238.47437939217
1352.29477194695,9184.1313508997
1537.44443828034,8952.3444817332
2770.47639094503,9441.43695605831
804.865485394984,3216.0370035881
7157.97186947691,8289.83166639888
8442.87582511679,6875.66932319299
5887.13156305652,6714.54083244569
1568.73680241457,3494.34445323969
8107.55369311308,7621.88483099634
1618.46348819129,9046.62053868564
1911.99160763381,8935.37285458014
7630.08408630621,7355.29587298357
7863.38291893943,6906.4052304206
967.391752003549,3238.23550894718
1283.99458660198,3631.94149136531
2993.65510828531,3671.73487201166
6860.76387655356,8948.80202311694
1453.86839989115,3519.87692402014
7677.18423690614,7792.23866466398
7576.8309394982,8050.93291627295
7642.78335832337,8001.83818155427
7668.13360043075,7591.24685135544
6861.92471745184,7657.96814763978
1387.08478610088,9103.24915966857
1019.58679188504,8759.33163691555
2203.68037554018,8673.21485844907
1389.47265519695,3765.08492808042
1280.46980384207,9391.58627296798
2798.7725763818,3681.87235915344
1493.04664213693,3872.29094658541
7517.40221339052,7856.21194812875
1319.45557127965,9068.87537543997
1292.84497755527,3487.98063224774
7598.06264827339,7592.34445122284
7389.56628409772,7944.28412380103
7255.99934732135,7130.33550051724
1343.98774924922,3532.62130180342
7492.50645443533,7833.21897433193
2203.22095086715,9155.03093569574
731.28363812209,2969.64749162136
1176.76905487494,9127.03448183017
8803.50568073615,8022.30533686038
7594.71829750362,7606.02988791124
1609.70109978223,8624.39302638401
1371.7913165523,8831.96965424129
7771.89851666648,7761.51374056005
7213.38887718443,5783.39551928188
1659.14375098802,8239.76592799174
7811.20619441559,7763.21008253161
6628.28093464113,6540.90362442719
1976.92907664902,9055.56428283708
1893.07114476655,9004.23986579549
9001.01272444775,7539.50204361467
948.482944452424,3282.11723345089
6793.22649338155,7382.739606056
1261.11036981736,8509.63107761239
7634.49786140984,7752.26513319128
7695.7615465956,7432.83606232654
1732.32016560048,9108.60322394441
1373.86560607588,8909.6100026587
1530.97618331107,9390.7512834956
1944.042702055,7111.7929646695
7430.79037033284,8147.78896836229
2156.01933905228,8312.57016710838
8068.38892592566,5941.1530827235
1113.02816381207,8783.13135037624
5760.80259671903,3948.76409789779
1589.4183254787,8663.90200191782
2140.28082675275,3599.41218051324
2087.04110030369,8398.72272470313
8301.63125203168,7435.30364309976
1381.27134732304,8384.06268730763
7070.12912756395,7113.41521237595
7643.51620698892,7824.74135995078
1253.88834083106,3717.38497902966
761.615306374673,9121.05692407494
7183.22955671545,7672.75504821019
7491.93207849416,7522.16686342115
7240.2563662069,7703.54278063481
7778.64950434362,6982.29705161889
1215.196892349,3867.99525762978
5763.68037688075,7842.07674006253
1040.26206401519,8838.50245619962
1798.81729282522,8860.58788623129
8712.72457694237,7262.27306551163
7250.61850418098,7953.33065659887
2456.6768592555,3573.1678111453
4056.42202272192,8916.0786209821
649.492619983944,3002.80426177901
1178.3265886587,3908.39378176009
1365.54039684883,9145.71370285249
877.89374433425,3258.69083364449
7403.25391376696,8144.07330569625
750.164658707681,3272.00940700718
6789.98500399504,7628.51872755526
9143.75201619821,7791.55533200172
862.473395012691,3143.35970582832
997.48532107296,3667.29045018961
6001.70585001529,7529.19426533671
1631.29853038607,9480.15636899667
6799.43311641569,4596.92012071645
6987.58588191379,7965.11380332478
1093.11948045417,8533.31871153285
1268.69219604067,3665.20102194748
1021.30053651145,8016.93131466216
7449.45224647641,8293.47567694228
7911.09860731073,8158.07356348079
7643.75250139248,7433.34758167722
8041.09283802984,8181.68757881751
7545.92394213228,7735.57146460833
7833.01842815276,7009.60308605822
6281.95014745323,7026.23086406524
2611.20504734435,4295.78273502052
7131.70672491858,7689.39841353706
2932.88490349906,8507.68645480144
2160.64164963274,8836.64689256032
8031.85391714876,7655.95759621803
7792.16850768693,5928.07157118805
1542.40782924341,8343.19412477813
1422.35238302101,3646.34304094149
2726.30801799751,9305.5589151615
2142.9198712194,8639.33580842412
7377.91749390732,7940.03099157163
8307.61052094137,7151.80336763033
8287.26329314901,7862.38549237425
7222.2738068776,7322.34601062125
972.723688734002,3254.14430118487
2458.38317290766,8400.29203385449
6857.76470388439,7382.41382053038
8795.48948425625,7066.32202304482
1770.9563329057,9316.26012096049
5019.90088092331,3361.23432637612
1084.11001422672,3703.49456366967
7186.04276453496,5355.26903829531
1183.30763095535,8871.33996430136
978.775588998951,3446.78562598453
1230.1428146203,3457.10230995922
813.241946728259,3071.71105704905
7633.89738176864,7168.5983133715
2190.9872070562,8478.86755737888
1789.14662611218,9262.74185121343
1256.47663996293,8973.28427667879
7347.61616624992,7922.57533948133
8242.08923051017,7226.37803163086
1307.39513642374,8427.28091329338
8084.28283582956,6611.0489847408
890.320642782566,3677.46500365094
1760.71706883087,3421.92076429875
665.277320456911,9025.90051770692
7257.73136538111,7166.27302044127
1540.98538640817,7727.94473994226
5609.19816566064,4593.70957262642
1913.63006526048,8971.12508544607
7363.01957943279,7634.56890971336
8449.23905568573,6384.15481971703
885.654637011683,3411.60605979879
8744.57194119649,7117.08279744788
7474.49099126806,5189.95294253837
1591.52306615329,9207.80141410883
7126.77994118733,6737.41059320638
1880.09814800112,4265.77351802217
1279.63796006746,3528.55603271452
7338.4307076168,7657.15211731835
1654.55227310714,3568.251965149
1413.95497950106,9167.47753605316
1204.45495647197,2998.40134593443
1395.06457647458,3481.7916745993
8066.14623383475,7332.93080392437
1221.82372708645,9395.90863843362
6974.0541962124,7769.7003458209
1322.04467284783,8776.6935934048
6927.69115933924,6845.72000251107
8145.16817221005,6964.11655892121
7168.90424431567,8195.53200668488
1365.48136938576,8914.81813290393
2342.39851436175,9163.95777931551
1643.51557809497,7564.44434716004
7277.63450507493,7689.2614071286
7903.70159605078,8184.99826905577
975.27969376153,8875.891978757
1555.09707655907,9350.60723002887
1235.57907107212,8844.79173191822
7517.81650275506,7830.2356393039
7309.39721891362,7645.73228743696
6976.95740380779,7940.38292518753
1380.63412728043,3910.91957530418
1329.92014363982,3551.27602238335
1773.12802897701,8769.06280221285
7180.97422313465,7872.8467052691
1566.11332231131,8504.05718316575
1484.45261074578,3545.21176835324
2506.40637173742,8414.01901446151
1585.5773041759,8224.20216253799
7559.9113849507,7745.79359376588
7939.01750005535,8403.87062109572
1409.99281284728,8787.04174433987
6613.23130889121,7049.96064343018
679.35223667672,3253.9327495877
1495.24738328716,8979.79689178348
1859.89606903226,3895.61122303061
2331.92915960835,9067.13793725462
1575.45765425016,3649.41593683845
1518.41936157658,3902.08528962099
8115.25374769764,7295.11409493564
1775.49194078763,8139.15773944402
8340.12175664398,7950.26789486297
1959.63170268773,7838.05916313789
7780.4521586341,7223.54467301686
1300.5305600639,9269.19614122504
1799.2787799105,9124.73981821323
1937.59221048162,9155.86418268334
1435.45111046449,9194.59337124839
959.73973869266,3148.5837061345
3076.99394449752,8204.40192500809
1801.35954595134,3471.12924595481
1990.16006166761,3645.89682833094
1864.81830844881,3563.74125987436
1035.88636587128,3223.99293394257
1239.22198440593,3687.63356039917
911.173077104325,2919.14540563902
7451.06725825387,8293.1932573835
1138.53441985053,8312.14375825186
1210.36991067837,3725.86373422964
974.880427481178,3128.88643424469
1302.06752677001,3941.48470201577
7809.6148719015,7808.76791975084
6969.59267882779,8165.37914109938
7872.47208740091,7659.16680053104
1959.65907336014,3924.91781001697
962.961618017332,3353.79987933745
2307.38941544933,9391.47393486966
7923.82944171223,8620.84810033804
7103.09989301379,7809.0858828921
8025.99919465722,7925.65597239724
1115.46232323508,3438.97129685492
1520.35187793003,8992.74990959348
8030.58543158421,7859.0856214846
6785.88931285223,7328.34560523497
1148.87574238635,8840.56589835984
1426.12555962912,9172.61197156974
4853.11723594841,8426.48276449698
754.67140489248,8785.07865196248
728.758400638866,3300.4111827663
803.679826662195,3210.29209573255
1556.0881761618,3277.13280190396
7584.48696369054,7234.96128900755
1131.15355238678,9196.7575483843
1446.1276100046,3589.55177012453
4607.66846358394,8405.65593795063
1670.6034000619,3799.711083217
7752.82338234096,6891.20036673971
8404.74773751487,8157.22723454428
1291.45017380732,3479.39531707613
7714.38471589452,8623.31224642888
1274.42181680515,3656.52544416493
7621.97096029163,7322.02564474415
3539.15078715661,5952.47337191143
1731.14275522683,8731.30497838233
1972.43661939797,9149.47140941518
8141.86517493019,8252.21252524572
1086.05610152553,3573.54218164741
7994.33703162429,6083.26316233103
7224.85007138855,8132.81578106079
1654.30965257125,8686.85358299929
853.33213053006,8531.00715443601
6429.30827800345,6477.73895792809
1523.56014803028,8489.50843904693
8065.68189887316,7865.13233932654
7802.74964776023,8105.64560407634
1686.53479281813,9653.75214037873
7140.82931682414,6961.64110420189
7268.89075819999,7702.22564294372
5655.0012494399,4129.09990869897
2022.60657029035,8659.17993743027
1500.88001422413,3596.41252934158
7159.422302427,7348.78354283204
612.826912430496,3312.37359270163
7712.37228150843,8285.75031831268
1251.47049193551,8980.86154315376
1355.18829071153,3688.61485901551
7503.87277189753,7789.54473289295
2890.44765274843,8991.62416617801
2005.57912972102,9216.94725165719
1628.99307804444,9242.35032514854
7005.65174520613,7262.08017898576
7797.44940936604,7725.79099559196
8874.63209509299,7461.22549706137
1324.20247421629,8838.48366337867
1629.37031979799,8507.07856930932
1444.2378863676,4053.29730637381
6675.41220396799,7573.36913782605
3735.9286178185,9270.67158524176
1253.75751951632,3494.24244162404
1487.49914189143,3685.47220959533
7494.63495199582,7777.54260802788
1329.18754784036,3660.53921374343
7141.02740420406,7713.22053345071
1735.05493150477,8504.77331873456
1707.79553336343,9218.7444122647
1164.38590397906,8531.48753557712
7152.11289069431,8360.27303577896
8572.56614923829,5742.94024468269
1348.95367952583,8225.06855208328
7905.28149163723,7003.47600004477
1349.28156242689,3474.27397928033
1570.20584049152,9535.70084746773
1126.4332859921,8259.79902407741
907.023569309991,3293.77077626948
1271.1839459796,8885.7293871275
1322.13770479198,3236.04968467841
1558.82380536089,4024.24781853129
2511.39627325586,9158.72221028314
1600.23873388252,8374.40134486661
6929.41330692662,8417.69358658561
7454.56827191967,6940.07146873374
6947.21672671996,7889.24618571858
1488.51289535578,3175.31103086548
1636.33213609964,3699.84738353175
2062.27710824251,8701.59358531818
1359.99017005455,9139.73216213385
1097.32369889298,3394.55927655391
7534.55029221431,7766.51662610743
748.257443229358,3177.57995665005
1396.73915656171,9091.06455011144
1671.16277993937,3911.59810727337
1550.95429451833,3631.02173957672
7379.44387065991,7829.53833201547
1350.4093914958,8951.553983063
1744.50867857577,9173.25249909204
2016.13937928107,9199.349666146
1229.62620382,3518.84279288831
1423.35078395317,8843.49333096226
6515.87343909241,8209.64802431238
1532.3516755351,3760.57443922296
2540.84113960855,9201.10985556328
2318.4615897271,8336.36398350534
1353.69520755877,8773.20327207148
7058.11141834288,7646.641270652
1119.05074177633,3522.79636206185
2190.6608439161,8999.07904863204
7217.43630171658,7912.22340557601
8390.93909748607,7191.92997216846
8544.73456676954,6959.1335941578
3938.38150791515,8338.16586766785
1021.65726317958,8465.64798874194
1941.32966872133,8023.56037594737
1630.76878417074,8522.33260932687
1170.31026682744,3285.27893907933
7651.02853562011,8427.23900213663
8139.68029154292,5996.86385358944
7844.96770102794,7771.64352656993
862.196726743606,9364.73673734133
1152.55718412555,3158.39357109633
1211.20356863474,3548.65524523048
1245.42520726653,9358.29260450942
1092.85476045064,3470.08863131978
1424.08580783111,3793.14707516339
1730.18389138099,7253.62059371975
676.33760945651,3139.93855629219
1064.21799337619,3583.9241711544
1520.75727379229,9269.17940568742
2091.48309350481,8887.69921381274
1017.06537757939,3194.01806569586
6409.51796285162,7421.92971386937
6730.16528434532,7650.48501496513
8158.63090422901,8623.21017923162
798.599715201149,3394.97373445023
4929.17942261031,4274.51984513761
7623.06498938371,7616.60355958388
7766.65856806015,8353.07017645543
1779.53928178306,8754.31013785587
1177.45418076573,3323.88625540179
6375.13126662091,7720.69584514874
1655.88647490406,9080.63580150086
1347.3783832299,9212.76436542866
9041.89434906472,8464.91962188864
1029.64936699495,3368.9914096046
1770.32168936936,9017.43298182639
1860.43028233439,8941.5221602578
8214.89230439711,6847.81738915945
6826.81925419708,7196.49555400108
6481.4116499883,7501.93380205084
9431.2589348812,6878.21087363718
1637.77664015365,4611.42455059346
7632.4196091197,8396.09840897791
1492.58450238601,9036.76943271468
1572.18065914809,7203.75557271187
7190.4032327816,7333.93191116358
1235.57224897928,3317.53012429305
8214.28992887695,6087.69159214194
1928.31468206332,8070.95344215116
532.307913137116,3496.13208084928
1128.43847637916,3862.19150096292
7079.4068470581,7391.9482978714
7055.35207551101,6640.09715316632
6930.04194297108,7586.35997521806
1565.52064494804,8966.41630210513
1466.63076773907,3756.62170081051
7786.90609697991,7436.88599043572
1095.16933608037,3143.30515400272
1195.96843727199,8935.89599168686
7537.67439630236,7215.41220568894
7540.48325766267,7273.98946422985
940.5869114669,3402.69877860329
6957.95175396251,7954.634449991
2110.61517128922,3538.06955795358
1834.04840178092,9007.43084440614
7335.42998962446,8179.56663326605
1352.44511514579,8211.15842003004
7678.58800360852,7355.07775872919
1050.43553063389,8903.68719295244
7325.0949243151,7988.71659403168
7394.12304489564,8776.91333096264
3581.03110041471,9136.51073138296
8196.06708303818,7366.35399940062
1286.24618367001,9075.88594355833
7208.29287777228,6927.24907477565
1025.74667866559,3286.19483230089
5315.80122154624,4976.29167156795
8076.16156544298,8071.14364504417
783.79891517035,3396.86037201668
7346.87110346859,8464.32587619027
1334.93629036913,3459.78425062829
8861.99270459139,7274.71395873082
6516.31234200218,8664.80148191315
8756.88905989964,7623.18510126124
8344.46905135679,7128.7220967488
1649.72997144078,4118.65920555727
1628.75696579499,8997.69243344909
1534.18487431296,9180.14332730407
1853.54586232097,8698.5813802509
1570.01062424373,3887.61809831122
6801.13793719824,7954.77819856129
7543.80541236869,7459.8532415243
1756.64690299475,8977.32305977616
1782.81559897041,8220.5990806499
8076.63107448001,7361.72459500726
6931.5461301397,7474.41854874492
1381.30806843197,9122.61426835141
1146.8489493617,4038.65067837795
2317.91889879157,8828.96246995831
1483.82266648284,3239.43174333697
1320.51785197164,8558.89677961022
856.83865108724,8844.9462057194
7988.99875294711,6509.94288787207
928.502053928153,3282.85937451214
1258.40505814355,9004.92641318118
1297.42360452857,8940.84758399376
7762.88880685292,7386.00902592685
1082.47854323098,3584.76944225518
7581.16506977461,7991.57658702734
1411.31398031368,3648.98775751696
7935.57236065963,5922.81828113304
1854.3723298533,8700.71769740892
1006.72326370252,3903.28620226026
2243.26862728705,8979.8860132489
8091.06171372958,7591.05129480493
1535.62229636398,3710.77482464957
994.989077043426,3344.98871198813
1550.04653460989,3643.48575935722
6367.87329678129,6979.12791775121
7717.46857725187,7277.91231226664
1608.51821803522,3656.90428636008
1550.21443351372,8910.43442384837
1406.57355408868,4724.917802416
6823.38586948178,7675.79260612652
1517.4105969693,9046.56681746608
1235.85657736799,8720.7702339841
7422.33754517289,7428.90372256306
7173.05392369599,7919.25219080353
7216.37975978206,7654.74364612361
8550.7258220299,7855.60378255979
1855.30338487721,4115.71548308286
1911.72713340047,9008.59214261192
915.821033674286,3476.68148884264
1093.05270973382,3352.04565621817
8473.7222177815,5986.271291005
7816.9868224631,6856.85701787075
988.048130207817,9152.46881935831
1823.51202916774,8582.67137400326
7252.6020055467,7568.73424837497
1265.37301863037,3790.30759938049
6528.46241122706,8650.13478938606
895.33597808961,3596.55218383904
7407.11429292271,6764.89627768347
8183.65534165359,7990.68171709056
1126.82559169933,9147.31715577187
1378.66761350161,3718.77283614939
1493.74883298725,3544.01912643566
1380.27862298438,9187.30786876757
7215.57898083982,8005.31593587131
2571.5919395032,8834.4473215744
1352.92540370557,9195.12170923907
836.151288159473,2977.62253221247
853.407973448815,3328.85511804353
1624.51891929372,4016.34220388322
1209.27830155825,3121.06842812541
8306.56869113298,5991.62733279083
7256.43296822467,9117.11827056164
7220.28745446866,7245.49274723403
879.189566424504,3321.61269469288
1249.66643838317,9301.56525661346
1325.48891761097,3479.59510394418
7902.68757182537,7301.33673254288
2033.94974178899,3526.78141477463
884.286430427645,3225.58459015614
7893.24492422489,5628.6356921237
7314.25040725402,7701.96142835481
2500.1860403847,8823.72814425947
1417.18928966293,3759.3665392724
1413.56652811603,9406.16326409385
1658.23809032215,9285.61897914182
1571.82209183856,4005.25679693786
1549.43171570332,9159.26913184344
1315.01306220257,9305.25258791096
708.871427435456,3364.15528118183
1371.64131133673,8952.48942752064
7094.75582314905,8070.22754881175
7079.710966408,7866.4288767674
1558.61496402399,3969.70626499609
3438.96233245736,9212.94943153322
7475.23261180554,7780.66444556106
1623.07910296986,3695.5033240603
1452.4261783056,4119.67712032044
7431.9333601715,6859.78471986751
824.542752285698,4118.06464411183
8008.22614638895,5214.08566912554
7971.49959343455,6871.66861213905
8494.12680885777,8263.00295082834
1890.38660482333,8981.33168510505
7094.54890125232,7955.3027380364
6676.58873105087,6925.46140538087
1680.21065560938,4017.26606066088
1192.04255657257,8195.36933328871
9314.84488443188,7408.88847671234
1906.40695167117,8756.42449022606
8332.97836645857,7523.97040682779
1163.18239311229,3528.16078740195
1600.34723069908,8796.43114153151
1335.92521165174,8850.77355288257
3446.47565391245,8944.55271592875
6822.7577059118,7442.08322610544
1761.89017670893,8953.31953141562
6463.74639700973,8880.63174978632
1644.05441174109,9089.91513350818
6966.85780329694,8055.44595639756
2225.16980056301,3787.30892773763
3031.59042836755,5869.88655482569
1265.35229978202,3308.031453468
7263.30883098165,7445.63182933624
8374.12570212179,6180.04915439675
7408.38826855198,7854.38747773878
7575.56196055597,7674.44757977597
722.282597048149,3538.79333826603
7842.7727805617,8219.34953157181
2582.54828501689,8897.91005118433
4266.76342832453,3930.04022220949
7629.50878240735,7323.4451687914
1326.64325392836,3336.1463657479
1024.2267036282,3170.25810830605
1832.13946485176,3982.70518145635
1070.01953036031,3592.73534594283
7525.24170989415,7087.30013418564
1779.69687603467,8343.17072526389
2080.81481253597,9040.64611108746
6424.21767979381,7518.44609998055
1788.20104550587,9109.5973878483
1429.90298202111,3672.52248186689
2145.62468942594,8409.04044346992
1177.86513474466,3449.89392857119
7676.46631344055,8059.29888422138
1060.26465330151,8466.29608090138
2225.65031828794,9245.9153460232
1393.45357920631,9124.11733240895
6573.23213191166,7231.55719075614
1568.23331634168,8996.63402069161
1329.11390355293,8861.59448273303
8259.11417424212,6032.19702713786
826.866675060136,3061.61898129702
7573.2832734299,8038.42998087702
1199.23232222111,3225.28866615684
1399.04291399486,8807.03536078991
1438.57162448062,3453.06836304435
6603.15366735652,7457.43162863767
1409.11363617884,8978.82191581165
8382.89520776915,7369.19126321384
7782.23147837453,7164.28885012283
7450.457981189,7860.22527796775
913.920317369572,7664.82120261099
7437.24073632264,8402.3947095679
1446.92313537969,3462.39924613965
1535.98533533123,8971.42138029048
7432.23452117739,7662.38511846673
1714.29522903357,4865.25357880188
8335.17933731482,6458.41868017067
1624.64496813948,9221.39591449776
1586.52204427303,8634.48874491724
1451.10547974102,3937.14350255539
1158.81846057643,8977.41501496344
8150.79608194002,7551.30823010481
1627.39378541727,8721.55705552557
3056.19799426412,7971.93311329967
1255.41931523424,8883.67169844347
1736.22153950361,8525.85585006459
7140.9751623302,8000.12649378289
7267.49321694188,8424.43922485462
8004.37392288186,7299.18115388014
1209.08956455541,3348.63098261654
1500.7278993858,9121.34181845399
1099.6089911576,3679.4196884428
6948.56429123947,8095.03348512875
1595.41145470647,4081.75445662269
1971.15540713269,3773.35904128589
6797.36517327101,6833.90210832389
8315.45202686099,5044.90681649616
6878.73706645837,6645.88415912947
1947.81710294268,4539.61498352693
7227.00256936479,6996.94919677278
8248.98630445196,8299.28938748682
1088.1695569133,7948.20891412446
7436.89860359675,8042.42667439308
7756.51159241269,5506.8427957709
7600.74494794887,7814.19676675519
1437.98781575013,3457.75540983721
911.441913833686,3546.34033754115
7286.66449977235,7150.09531551137
1837.3091560369,3821.10922839125
2030.69054204194,8872.69897225986
7930.49515950392,7159.2029249789
2918.53533137129,3364.60361346305
1448.65361276887,3484.42545601511
8210.35903961989,7835.85509564504
6949.67609335158,7341.12565572564
3105.55448147806,8363.15119236576
588.995540327642,8171.54276154777
1363.53008190316,3616.20929730272
4079.29922874619,9084.8107284791
1278.36962561649,8845.80480069894
1622.19029283871,8950.19543402937
7690.43004665519,6975.0214385221
1369.79329264946,3959.15385361463
7798.19827459362,7579.8590903908
7747.89989062415,8009.42548823982
1198.33337246016,3425.06380889911
1525.44252424995,9006.97970217479
8138.04488621995,7032.16792857372
2209.45361258965,9167.74580019708
937.506598802623,3436.21021875236
7150.06085041051,7853.37202192473
7442.83737420158,7706.67325510803
7407.5370243033,7881.90362698833
1980.68302597772,4335.27602917063
8323.23251674398,5753.99949929693
1741.970084624,8935.0170134818
2257.37322970824,9246.8206452452
1441.84264052807,9108.07813854385
1866.34404495885,9125.22909179234
1565.17646005484,8365.65526846733
1761.12497693917,9164.21007426218
1181.31852378747,3310.58776756316
7408.88347743804,8400.22091645992
7155.19194020313,7784.0262174935
1398.64740846611,9111.84115083919
1163.9236151133,3252.76713908287
1028.77595824845,3429.13352301569
7257.04164785198,8102.3525908266
1102.79654361853,3556.48778894302
1566.20106600455,8367.93024090365
1902.45709835129,9111.68279105996
2228.76536027332,7691.43689731189
1472.40845018866,9327.87424536437
7509.22952554042,7735.20594434159
8452.64719098727,7763.52449565707
1084.47303309431,3473.40762643632
3515.80408288934,3544.61743710628
2130.42503636823,8335.74775476244
1048.11415201986,3435.45886075439
608.093623025007,8922.37143695413
2226.579414274,3902.24337311512
6906.11315610213,7790.22367941598
1595.94869553843,8699.25845014863
1527.21106763531,3488.89246312107
1787.66904765419,8643.03653091259
7827.00820448553,7524.52811413826
8262.94820148674,7347.05152790155
2554.46641681247,5192.91050737049
3400.87302778583,3585.35395960285
1476.46053164515,3463.97967681964
1027.91026636619,3227.79035935466
7385.78510156841,7788.27606067675
3187.8583698492,8558.70819495606
1494.82226378871,4120.66395577037
3207.15277619445,9101.76674739384
1584.81059832236,8963.73890536178
7230.52658993823,7715.13171877766
7071.10006535185,8494.60129215592
1474.07050571727,8493.71242370584
1198.14003233229,8730.67533390846
7484.8416926785,7491.7901851876
8073.59914821516,8260.27952660913
7654.6814407103,5547.50623284244
7485.77425157972,7578.41950290583
1553.20254543246,3887.90378010886
7535.08236316416,7674.36457509915
7063.49202609288,7625.22518851746
1471.77620378309,8548.5063127232
1870.66900322474,7961.63754860208
1904.54871238563,7893.19644524341
7950.2466766265,6948.45437960395
7349.69101485969,7904.46801422582
1831.34679525573,9059.05530667273
729.628411869819,3552.373796436
9122.35501449838,6913.90384771559
5760.41230125586,8207.4406956668
6069.557763715,7543.32833477095
6623.86775130142,7208.14497083323
1952.17153808903,9694.21382753596
2583.05626348161,9082.76411530279
7146.40705246397,7099.40546255478
1341.44463038077,8961.17012312305
2230.72771910242,8980.21176878907
9207.73573137207,8056.20911594143
1879.32736141448,9022.35913284552
8318.61280511395,6800.46137415457
1428.10570926048,9032.7911213417
4248.81763942945,3806.33021648374
1862.75483737192,7974.23420661785
4957.95063900401,8990.39192112925
1490.79238516473,9180.68936183785
7231.62830820552,6992.9792183392
2676.27040882623,9367.09681682977
1618.85312879949,4039.99457009931
887.793170791843,9142.25332691441
2035.9493061526,9133.96207888479
1588.03614448281,3635.06440862975
7065.04130975642,7590.07963057745
1227.79354601507,8972.35615264484
1171.24983849207,3542.21399214468
804.697644794981,3707.09955134878
7324.94538308894,6345.03664135569
1799.4242603555,3705.72069480414
1616.64117020713,3586.06157209886
1683.48558875484,9140.5264076819
820.21695739136,3299.94155586218
1573.26806171963,9091.17286817861
1027.70052316934,3665.69360472367
6974.45471744838,7690.9805607317
1736.03929785932,3770.0391267129
8655.03942931593,7002.70749356089
1170.9365640186,8204.91544282675
9512.44751350782,7762.48854749904
1893.05291829692,9160.37047303815
7931.72079355577,6947.23971601325
1498.6476066524,8991.05485058731
2058.04132671866,9117.96851112106
7017.85155754376,7943.70866965996
1477.5246433343,3697.05606512448
1541.83004250191,4045.70091786053
1543.14996307147,8038.99978660711
1503.62389211844,8745.17923221701
7855.64454955964,7027.61644073133
1318.34608082525,3489.78615477602
887.930442251566,7169.68731270622
1991.46217470647,7964.02562925828
1565.83068247893,3768.23657101484
972.288896890961,3392.73077206955
920.980022078924,3280.25971698309
920.846767073955,3269.8260857259
2200.4332685744,8296.51145100178
7080.91049546144,7440.35990234953
1603.90182006173,3940.08659363818
7996.29979740924,7660.53662137238
1227.5950005981,3602.13778270631
7336.98563709518,6919.32791398641
933.486242898193,3451.09038577925
1334.79847822289,8926.60234346399
8355.06098356334,5401.02012604328
7566.6323259577,7863.21401248997
1819.25306363568,8826.68604472055
6527.00543326435,9157.54192838938
1958.66909142043,3998.023279148
7506.84750775305,8053.03719296915
1785.538412949,8895.19445122891
7989.53872703104,7838.17273248943
1118.42678606485,9159.68068965792
1033.11159910813,9250.12208058584
1693.00161703817,4280.24460043775
1328.16591801248,3847.15403388983
8473.9026303735,6248.82156645207
1760.50316009942,8771.48811249132
2151.26833456746,7416.04388184804
2978.70292034309,8462.89301675252
1425.47716306366,3911.82284195237
1514.5187155221,9080.59736203762
462.271224104866,7959.17070040286
8222.30809659609,7327.20908864666
7931.6635896833,7498.06818329494
7492.64067342788,8178.59775712241
1898.37645225583,9018.59519719999
8040.721895656,8026.56281989093
1431.94858545439,3890.34875231249
8130.99616969215,8042.61529986871
1220.42240453918,3736.26142580587
1235.19189415435,9097.50538154025
1461.99079323299,9216.77979224289
1561.39881842662,9347.13930518473
7726.32158015937,7287.47403026511
7253.81387492263,7678.18730779862
2444.69960655133,8923.40361825939
8125.57598639838,8105.41059225721
1220.18181765857,3583.48861670654
2025.16063397397,8937.11851915317
1834.26241598556,4187.25893818331
6998.67749184922,7701.17548469599
628.964651669756,2919.64437836478
681.557508698162,3375.08361811633
2148.51767212948,8898.0542173893
7385.61001840759,8285.35167385906
7596.45801306165,7686.75730537504
8657.81176634886,6256.27148562452
994.633500289331,3514.55709641652
1360.04731683954,8736.19400781891
1508.29316391539,3829.54631970715
779.553190245379,3381.97448521697
6494.31311812119,8198.02483999771
7813.46554549118,7713.38888525887
1458.42137000207,4076.75180820447
7892.15987009347,7666.1349016253
1757.19279684518,8795.16751236101
7200.86109302184,7386.30727628749
6239.47736217015,5688.10941657709
1588.93356452253,8150.12049562696
1326.07819512743,3549.82252025193
777.505730944783,9050.66365509151
6525.76592609341,7104.77184587543
7424.50504186726,8119.12802430829
7160.95866950111,7971.69827675172
8016.01980408657,8042.93704229621
8171.30436038313,7695.63075781395
8246.24685964624,7963.82736970274
1070.67415752988,9138.21954313988
2050.12040430145,8823.86917597246
8173.37974880325,7853.85891870949
7401.65895608062,7241.37552193457
6641.71038233996,9288.3478996107
6867.61457317745,8312.24594575215
8673.38001416873,7402.84902171103
1752.15508241445,9011.11343500055
737.193631838675,3162.04109257911
1253.733303764,3526.85475760695
1428.05521036327,3795.17824393705
7894.17381293691,7331.2794223213
8585.18369969493,6811.63904159224
1113.89761010982,3321.8033131493
1248.03121311999,3632.02185343241
998.450479876656,3220.56400718536
1022.05196068556,9331.51208689273
1412.33109267504,3336.31823061451
606.744898471234,9120.76187851223
1164.86297920376,4006.43040633878
7528.38455815204,6878.41402795567
8045.78219655894,7756.56542612606
2253.34503821515,8337.75153126073
1973.94097967406,9000.23289236728
864.894028096483,3449.80749084425
8500.68804781525,7484.23034580476
7946.51307202162,7477.34060921954
1449.41312906432,9303.17234517246
7120.46124654652,6009.44904277813
1195.39768835388,9026.52729852737
7458.62704349677,7552.32416668195
1591.99519131808,8032.61174734087
6965.83192662706,7794.14779950504
7951.30327720324,7308.51216786953
1039.121524224,8081.70556142692
1528.32119765698,3613.51371176678
1565.41294011394,8574.7272222164
2008.431777725,3297.24566642619
7352.70913855993,8109.90259058981
2022.85703470359,8957.94891458848
1210.20862461301,3407.80229319033
1157.71017372669,3176.7326287971
1511.1394722327,9259.3445437742
7896.83761720118,6765.86695576712
7243.05901621022,7384.89958382236
7878.63177626906,7237.64726607639
6750.13955449806,7187.23121230371
2647.37050504683,8921.35077540537
7357.61525735425,5931.57488508804
1232.96174380098,3496.04549687157
6932.68851235215,8208.90351752993
7061.62821892527,7748.88331948583
1630.17319617075,7761.78577183252
8315.64526774264,6843.13086804351
7362.78279564823,8506.3482772698
8518.29749129855,6524.26302368025
1188.76394296223,5214.70135839709
1505.49043580091,3480.73630559973
446.62013834153,9190.7227296457
7707.29078453542,7037.53702677924
934.883171986745,3896.81184514532
1248.08840089208,3639.33450845314
6442.5886715628,7457.00373788537
3273.93067438829,9171.6205790365
8125.62105892797,8202.19836224855
1866.77877003254,3560.97991924437
1121.63508836623,3320.77729032335
829.128063304968,9173.05637732698
7679.27390311322,8533.67356969863
7495.20346490197,6832.3959455517
7955.87508246118,6971.22750742326
6796.12817336993,4961.58913910851
1020.86454463602,3344.95966054622
2411.66236390683,8277.15711706718
1680.87639589641,8797.84527498489
2405.24382092358,8671.05099940865
1323.87589100685,3290.46034654274
7270.79255167254,8325.25845557361
7773.34915110919,6713.44749065763
6366.57300966204,8113.09280801294
8100.88989987026,8087.92870020262
2292.71525666706,9204.71824822689
7888.75277908219,7747.51227540547
7991.83380333757,7694.25751664975
8074.36617103448,7915.93771682221
1882.95039326219,8429.8446572833
1864.74443993207,8389.66134210523
1154.1391679486,8259.40633280259
7573.73247982136,8177.18172795477
1246.19503154918,9305.32217314225
2108.40624991282,3918.42873481521
1719.69646450164,8602.47220053441
7684.57569106747,7962.81117389229
1575.21786348132,8694.38528785995
7268.27821769927,7243.43980518211
7765.08346118184,7902.73753347231
967.050105407407,4026.10302157218
1449.9901609965,3561.86573924716
1677.23281430161,3864.92619509194
1377.25696142128,8590.52944758611
1843.47022370999,8321.58075121565
6309.72929870107,8333.59447004246
2127.04802194399,3792.00683471434
1872.73068464483,8415.92469933789
7039.70506911463,7902.70252452922
4072.15014847584,8285.8909257137
7331.43650528658,7975.9251123037
1942.73704184965,9109.61565272212
1370.60527279597,8119.13875251619
1326.72948196935,8449.77400181813
1855.37006724788,8962.78572417273
1443.61369202698,8674.83940458043
1607.14671297262,9261.2215755795
1006.14674946734,3389.77500351625
7656.55064313845,8083.48065384664
1707.76057700147,9073.85548766321
7026.89560621438,8355.05138302058
890.015124298851,2810.40807902206
1059.83746575731,9182.25298370089
9218.79506688569,7655.24861289897
6674.16146399108,7867.05120439209
945.787818028926,8592.65393000849
7617.31980817025,7089.77782232777
1706.59987027637,9094.61571125387
948.99575983058,3006.90278385379
1531.71363034202,7901.44495248078
8202.78097779463,7617.74182202416
7407.96379863206,7594.08401057415
1806.2836728542,9217.70500351915
1310.10050630338,3238.52147235337
7320.38969115967,7546.04364682728
6581.58291318529,6654.05804929206
7116.98527879953,6858.75832158954
1879.23086005267,8783.64012590183
8503.14973122779,4993.65121794073
1310.87277341706,3878.64876974161
2123.12921031094,7853.82393279718
7591.55066221296,7562.6261156194
6983.48056032762,7338.74152946657
2258.48339590714,8954.01626376419
1062.20722851791,9235.43429131222
1307.29517523778,9122.85811112964
1394.93998070352,3613.00054169777
1498.51877728682,3586.39495310735
1750.45084174253,3532.3260657935
7944.54830437957,7014.65387585342
1145.2507294675,8237.48770106936
8250.03041115729,8104.36946437546
7403.57833149101,7458.45835675422
7778.07524196468,8873.30984318381
6828.54467346835,6945.84306583946
1684.09412576821,9078.14395517652
1341.62339962432,3847.41076004408
7967.80896432385,7549.20220151077
1354.45010710618,9045.56102959866
988.248851364123,2989.96683401475
7296.37639034983,7995.03224318751
1189.06137415478,3425.67016612975
7542.16189132153,7717.74588168364
1761.52044440447,8886.62645325898
1174.47089050068,8356.79325530745
5354.73331908711,8727.40019825968
2626.49123174789,3719.32232130693
2659.37995910523,8730.01941768773
2694.53584451692,8334.26422227538
856.86934776032,9147.39962645187
2066.36085489501,4270.94801004434
815.783102866449,3224.73609810449
6586.74716488729,7979.68547109837
1907.84040084185,8806.67827406966
5791.23153331996,7699.18713812351
0,2640.05128427313
1296.23449693353,9119.91380817303
1465.75802055273,8692.63454404065
1259.179949123,8647.30364615971
8716.28102545075,8007.64903401944
1401.26867863769,3601.04105729362
1356.66656337508,9241.27115354341
7506.27308829441,8373.93241055374
1836.41010401377,3684.02067828698
1102.42879597787,9221.28771034078
1712.30947427922,4262.74398896769
3029.59038507985,8785.59776494815
1701.15075732936,9162.29029232814
1099.15181004065,9098.626475033
6993.14203981749,7001.53461669667
1010.478238866,8344.29858296465
1370.03514469721,3345.27209937235
7047.25671867741,7341.05668801935
1453.28241662699,3823.27374235149
2032.44391664714,9194.26206806954
1139.57181455808,3403.78380275949
1911.72024799565,4436.71858550462
6847.06564470217,7231.05712055367
1826.55052893493,7788.63748986026
1080.83886019919,9033.73604801112
7156.24802974255,7065.88352805598
6785.97924503572,7578.14246860901
1901.42573764887,9239.04867474477
1244.24866209065,3392.45549779777
3261.45055405603,3378.41079882245
1283.33008592769,8947.16404309432
1183.6204004358,3430.52224907616
1600.88836617177,3840.19055889442
948.813253127902,9026.9144304528
7369.10406802186,7116.15317059876
1016.63451461032,2968.27979766729
8006.20670975969,3672.6912392975
8113.38622965774,7608.54510681288
1055.52385589789,8923.27069047423
7242.49023125735,7321.08630904105
8213.65424564404,7757.28584609953
1709.03523632025,9325.77455226152
1656.40309219081,9151.907546533
8701.32983457465,5797.90478005657
1114.91086808686,3439.24887079139
1210.49836571339,3360.66841701824
8255.98451900507,7176.10632944511
2512.59771527437,8920.16407489481
2018.82555883141,3383.08586948267
4196.71203192725,3820.38550095016
1133.18458375014,8923.50744251342
1090.63517611903,8898.16298779291
1437.84014315011,3906.502504576
1347.49178600416,3942.95949590557
2583.97843098629,5478.09333759835
2327.98588378308,8366.47628892555
1677.71479403555,4002.86694210494
8657.8828297468,7484.99791794293
7702.84878502208,7121.35775730769
1961.12028607932,8054.51224387592
7878.21552970627,7941.87238150716
1848.2200628676,3654.84215935181
7749.72839978646,7685.89117627671
1750.87623793235,8890.55457634278
6634.66829646278,7603.53393475448
7262.39372756768,7897.43906140049
7848.77642816369,7278.9756499927
7335.03605777629,7322.69961239551
597.499996208147,3417.77839148808
2141.13697837877,7998.76985934906
1442.00871999234,9099.74336103783
7630.82866631136,6690.10979169969
6229.69293478228,7226.93232499076
1871.15435381315,9044.5794936583
8463.08341556362,6675.91231080418
8729.06995438358,7321.38659092466
7460.48867928671,8183.26690361106
1619.5705631318,9213.08102903464
1526.99713623676,3327.88346763606
1938.81748467943,8886.21554315466
7746.06526088062,6510.76607638576
1807.86567658169,3728.14814398809
947.03079086145,9001.2263710039
1111.93231965948,3131.55698065647
8426.76912905233,7797.35506141451
7787.95808811464,8266.19311388505
1716.93136911947,8534.96030015325
1238.86675531228,3585.76805189119
1385.98641221889,3696.80454911658
884.785251221727,8942.09510185085
5132.94362872787,8061.60635087956
7661.43834234799,6790.93198602685
8904.51176932521,6839.5565177833
6270.03919368517,7071.48980452974
6631.49799848263,6546.91730810229
7201.78170792138,6635.84996005381
2638.34189785903,8682.27062420887
1352.32046716124,3545.26191335889
2415.65852627245,8168.67874974095
8645.92728910728,9882.88131917409
1409.00163956025,9357.64458555516
1295.11062748314,8845.02644451464
1201.21622007097,8368.45564632941
1798.238777537,9274.30029353298
2129.19279938925,3483.87034008966
1856.36587553979,8790.31938826502
2031.8506895071,8262.0866002145
4204.48877498793,8293.56926015974
1237.82549869195,8873.65507861562
7247.63094971078,6812.17862074866
1015.51923078352,3417.9438433396
7720.7360538364,7937.83085079675
942.14970464186,3444.72904523766
1175.55294811393,3900.27501778867
1572.0700807211,9237.75268647264
3562.38898707489,4459.28741456911
1182.54343806131,8398.92342784291
6931.70128642274,7110.14543484863
1816.91137334913,9075.14042283272
1634.20137379687,8894.8773551735
8006.34811275892,7832.84008153182
1480.63727998642,9006.66588151286
1317.91431726893,9287.16637537001
1210.10220848538,3471.32863026324
6954.36053680957,6419.0503445388
2004.48763946439,9275.95937190996
8033.18505340924,6062.77215112796
1000.74109675211,3243.85850029339
1759.29639483136,9515.76989242088
1536.34690934538,8897.17535449771
1528.40600561738,9138.0543239256
1811.91110337149,9242.52309926494
7387.70516405684,7237.79323730593
1002.14588169892,9110.94326638111
1599.66028146417,8416.96003909699
1346.38250113526,5127.23733743503
910.676345791679,3348.65011095499
6976.62371830191,7593.37590608291
1108.96442270067,3361.23010751778
7466.95477134574,8038.15401315363
1584.80741217394,9081.61512010656
7237.87305603989,7744.21797109384
8091.40965607081,6923.51763648706
6823.91075472604,6761.98888999857
7601.85045929711,8471.75859768149
2068.10128352694,3783.70527853262
1283.61632853938,8634.95956144391
888.591754626159,3421.08684427086
1516.17767031241,8548.18984174377
1492.31508630279,3467.30983133127
1598.03095710608,9153.88852949383
2502.5811855169,9040.05474758286
2193.33495841153,7930.14340080375
1710.05770002587,8921.18372280507
2299.44369679833,8225.13236781504
7267.42467418294,7357.63540032433
964.45790169856,8858.18334425155
7763.06824217768,7743.66795182541
1412.23581006949,9029.57675652682
6798.38731453667,7094.40759246499
1233.23202780772,3678.13652536147
7632.66286935252,8099.72630526584
1612.45381576856,4115.05597061649
1864.89156663005,3949.3072278974
1377.72533279996,8078.2385015504
7764.72010342787,8252.96317350418
1342.04560396636,8968.69971868169
1351.52276147299,3183.19091128248
7033.77940204981,6993.74428770476
2242.35820918546,8013.62180511443
1753.82883746258,3797.42902390256
6946.40012381776,8054.49269040162
6981.14030091557,7306.59032333941
1208.73408698817,7118.3246462418
1754.14298828761,8565.07144664093
3204.43244800007,6181.59539340737
1181.61988112694,9192.44706197355
7861.921934183,7514.67875025817
7704.3119684945,6739.7577102538
1937.72720314419,8776.56517318158
1491.51240672454,8967.98417836694
6226.67749931611,7825.20158169967
1105.43386365773,3460.55825243572
1272.27702230032,3640.36591800732
1702.01512769472,8976.4712106164
4111.2166419343,8068.82005835315
1976.49685280656,8876.50852828337
1586.39104457297,9168.35424585041
7657.59966783076,6755.09131053683
1014.383589961,8097.00967014078
1714.90881863265,8734.34433735109
1677.05499198187,7829.61362237877
7123.93072884738,7478.01671535758
7777.12830409373,7320.93462964132
6661.99497472618,7380.21893818663
7540.6076634422,7964.76795745486
801.390861798962,3399.89520686349
7918.94598224506,6499.30020291697
1311.45145806272,8762.1435543716
1267.9464946006,3309.70247719418
7990.89433337043,8024.18341413938
6503.6268002193,7288.34669762806
7487.98777835609,6681.97955526228
1933.8338105276,8964.60449357179
2139.9093563906,8405.15091106377
8074.85599482019,8183.92244555065
1186.1540033171,8379.25607773615
1253.57277521968,3231.84329007873
7327.61137752796,6966.72055085314
1345.71003400991,9207.44039478102
3321.02231203969,8538.79565386805
7759.90790771452,7878.32243969327
8389.90153031609,7801.86805206903
6965.63778831276,7569.74487917811
8399.48007459886,6636.97040815248
7358.30277499635,7494.97606359294
1569.55479658374,9437.92632686446
1239.1094235736,7957.17395039752
1327.65951197381,3686.62404891175
9069.4788276466,7999.46604937787
1249.43709198796,3820.70498295873
1447.9869899573,8673.06782434888
7041.62660829813,8168.58770245602
854.915313295898,3218.74249852704
1625.06550518642,9203.55192777031
2521.13791192866,9137.16723649366
1314.48135030289,7448.26793670412
1127.75762070731,3738.68248036148
7477.02548736407,6594.97932264419
2051.54827196482,8177.43453318978
1091.82419608559,9127.6925026215
4415.6947950578,4035.07911100536
2521.2867677756,8667.07517163277
7890.19830538226,6789.30041043237
1685.9245998892,9060.27200912083
6497.21478860971,7366.93695128625
1264.7769161412,9241.85662133932
1540.93707173476,9014.8587784139
1663.88318150371,8788.84636851664
1666.24762575148,3829.13817495686
6487.35483449594,7949.37060544633
7380.43371787231,6957.71335126189
7213.19085456538,8231.11487999767
2164.38777584677,9038.96686579508
7577.61560389885,8041.35285706943
6754.492684327,7331.4987879361
799.925720629231,3240.90323465707
1334.03916918178,3477.99492387485
1494.50593926165,9056.96440470633
1489.58414967283,3903.41917080809
1895.81176892728,9191.75022798569
1075.31824363675,3229.66329962415
2050.44399164703,9209.54428051751
6775.80847184963,7407.54615083646
1445.54683106575,9243.89397005677
7603.40436812511,7946.88201481437
1597.77997955846,4258.50570491833
1319.8026995086,9318.05894844603
8519.27099472192,8361.342605622
1266.8799775353,3482.95110829516
1933.64738307082,8654.58069918194
1641.20120415567,8690.80209909938
461.820786837959,8332.61704846804
7090.29951230102,7715.8152819214
2007.03824247829,4714.82809753692
7658.01608227359,7517.74103329601
2505.94676101692,8640.62872130985
1359.02643046023,3600.18482029433
1433.66479756043,3804.65845953605
930.805867796278,8976.13765848885
8528.19884660613,7465.89656365394
1523.91200344204,3441.46407987338
1752.71015883691,3087.61200431119
2169.2489362628,9254.9749357557
1845.14434040992,7998.22479016416
8155.11849429534,8314.80785550256
7246.81030609429,8659.76200856711
6811.83546657854,6876.35444125531
7305.01506906323,7264.20680839288
6700.40164492578,8731.1971134449
8399.4072995646,7441.99734123091
928.635929528505,3337.51178837048
2288.04107357626,8988.79163695342
2266.06951305319,9197.33225182203
1077.69514822447,8918.29083732105
1976.8247627935,8993.65835579319
7216.94001556101,7355.1893665706
1095.2036591616,3298.25077717295
1185.11598136095,3612.34037162397
7941.64047157363,7166.90578618909
1089.57720798692,3619.50393243158
2584.50630628486,7745.24188431072
1284.69558809304,9001.33507583413
1022.25487931099,8381.80975406872
783.784844910895,3510.40604703334
2315.69070909209,9159.31453099234
8487.91467856725,7505.02966608554
8523.25205357924,7957.27012096073
6389.01204231927,6751.27092685121
1860.94710654988,8718.66628942824
1585.2533799263,8608.40670284493
8630.49760065193,7198.97034161727
1463.57592012419,9231.52432988669
1560.86463718929,9268.16774054313
973.130992278124,8033.87975585066
8886.07287150118,6155.96822311088
8732.58203428382,4301.94360167156
7156.74806346051,7561.17401210243
884.154669483707,3402.4415089131
1473.29094801605,8257.76556196285
986.566827201174,3620.73257957114
1542.32036317215,8777.83696935083
1367.4068130585,3565.93844446691
8482.78084236323,8088.7650296627
6506.5163440219,7939.2548905298
1101.55467132974,3562.98711937099
8993.59017924672,7675.72830009901
824.357474201768,9073.25363944992
3555.53049072805,3517.09436383202
7434.5128575167,8284.73946243465
7277.2729066923,7737.57038971102
564.108151558517,3113.50902400161
6706.79252345146,9114.2228617824
1424.82489747852,3496.29380209673
7115.37213388287,7932.35407554837
7780.49766344071,8291.70439408228
7317.21859362527,7956.80712783543
1474.17885431625,8800.27377763757
6811.26592123447,9504.19002166993
827.106103706276,9027.85575746648
1884.1427584508,8834.40724179606
1301.78588621703,8958.61304107772
1374.10771088136,8957.12826375552
7583.64557568389,7482.25144981086
903.06610036834,8986.80951883497
7532.26302862773,8103.1133370569
1523.19027805992,9286.61810983802
1198.44988281179,9119.74274134063
7238.43380734371,7298.81753094648
1441.19089867933,9068.65408778089
1146.91805304756,3592.68501470404
8441.24533195514,8254.85743623921
1960.24868723016,9004.05371387685
1601.54132545124,8044.59234769724
6992.34204982815,7619.6474210736
1515.95296415047,3613.81714923563
8256.70509644525,6753.05761635291
1920.00719521723,8580.61427767466
2061.36577517636,9094.97997518902
2425.01257677097,3552.08093648647
1699.72351611071,8884.5892257225
8331.06040937181,7507.14850437778
1543.76459503384,9056.92399024898
7493.04883573767,7376.65128806914
7395.08977731118,6394.69634796276
1481.70127605123,3531.80945997009
1683.73782607668,4469.1728829537
1439.22060512469,3945.30785033641
1405.0272401297,3706.01118857768
1724.93224488312,7937.30384944276
1077.71219570937,8403.50065340929
8180.32571801349,8122.81534893331
1760.81352378075,9054.33077874871
1521.22422677974,8828.70760069237
7702.35679729047,7254.46632634701
7861.15338305867,7592.04208498069
1464.44690409022,3514.59825012248
7977.63491021404,7606.46513787891
1988.14412007625,9039.31315256843
1929.81343907115,9085.05838664363
1536.56819396522,4117.57848141164
1613.57094797636,9143.40896076906
1223.66340139247,3432.94303849793
7289.45218150388,7679.02397684563
9022.06290037417,7752.27920904352
7734.59944485567,7786.33910148723
1207.65185964964,8584.41622973151
761.32710196806,3299.69268355048
1148.62658452851,8193.6857580673
1389.4383809716,9168.71004913918
2742.82613696994,3883.15819806993
7132.14381711822,7378.11193142945
1894.97278150497,4176.84487253554
6147.91030881309,4548.67816196517
8021.75870590363,7319.44229286404
1223.69029962343,3400.95716642745
819.365055872511,3343.82520192975
2361.44577612484,7348.1949118621
1738.53686138377,8285.60996945944
7273.77959383759,7737.87546970184
7008.59112657938,6882.26905579578
6906.38562800954,7675.52518146291
999.495831582875,3180.38487442604
8463.95810739471,7612.8392042587
7458.09086366919,7589.32353880899
1939.68719900381,7844.75012463906
6740.34220119718,7178.41837953734
1060.88199272464,3203.49509477726
7282.68818908983,6688.74891025064
7820.71013572425,8849.21814039685
1177.06854476829,3512.06015392171
1194.42303942312,3739.88555536551
7397.43214960338,8237.98452682086
8229.57022669068,6908.18295950933
8024.54429049395,7501.59566385362
7308.09829700029,8140.06495741836
8013.35692809218,7799.84346439609
1566.80502327269,8098.2324840838
1688.56618263411,9072.08795654084
2266.51561592951,3944.32212088551
1653.90404624629,9008.1891518169
1414.45507151266,8951.13115039104
7969.50748913573,5899.66710024629
942.55148440448,3466.57921356359
7521.41471927536,8411.13342161819
6721.30312911358,8041.64185994027
1127.34426287153,3059.43312358711
1620.83116516363,7901.87799594948
633.286557911875,8820.89835972457
7337.35680297095,8357.19227564763
4677.35734906184,7622.30962881025
1942.73283933666,9331.03455880181
1339.82564759657,9082.54809227738
1585.14834294515,3953.07307774668
1113.27331952148,9079.44809496557
910.923702763853,3256.27159387557
1142.17008501328,2891.94533406868
1242.26395028452,3553.63580260294
8517.47720268608,8504.56432563588
1044.2562129409,9001.89482948225
1742.76073958714,8873.92758373734
1401.61543534381,9050.82859425278
8631.62702352519,7243.51990727672
2015.54702088956,3728.75811798802
2563.03080411176,3751.71066394791
1047.44974915436,3109.26900674983
1342.63692656927,9218.45937945594
1172.48375260777,9128.01565257588
1724.8475550922,9042.14099468923
7821.4647931567,8100.03888251293
978.639939367142,3503.21564033957
907.506720002152,3254.36195264211
7672.4124478961,7712.81774818363
7212.93849166573,7697.63607848934
1819.91340517282,3785.08575499221
6993.38403733526,6795.04927736402
2359.85811293876,9196.72236967996
7030.38783088923,6204.55482518254
2117.69146828142,9073.72329273008
2321.07145508585,8245.98800702957
1327.30935013563,3420.0631218907
1175.4377574323,9234.37092261674
4870.03041321131,9093.27575528383
9240.58406445546,6377.58832342581
2286.19976695865,3921.18989637201
827.127317670342,9115.77220499599
1315.36903671683,8854.76972456946
1257.63877515408,9085.76633837533
7046.70490841882,7570.10947260086
8622.13434326893,7495.92971368399
7385.12328646532,7813.19589516755
1235.89118624255,3333.07231466833
6678.08128028284,8072.66614608835
4330.12990536094,8602.56782581196
1757.89092589299,9267.65332074025
1692.26920007,8254.11130886138
7336.95622184353,7333.1418819816
1460.14430443346,3752.04213184402
1012.31335528137,3562.40038569277
7260.43003175044,7815.86412246714
7788.40186975965,5999.93339298935
1797.66587324683,8999.77378457502
844.975002508561,3548.19808280516
7589.46483659971,7256.0164224712
1302.4070034781,3431.52593757539
4096.00764879704,3800.97793558361
3169.97723760532,8623.65884366272
1584.97860813053,9376.36363366678
805.40966369719,3139.77818170026
8573.17994893233,6970.51843385961
1200.65151759289,3842.44055492705
1881.71638181201,9235.51419593235
1638.36652945398,6399.36502934868
1803.52928645211,9086.23541553365
1056.5832761783,9384.34627508436
7823.22663870667,8122.75858521878
7486.37420459853,8354.83983401162
3321.53616760232,7729.81731834065
7581.51958694452,7866.07473692056
8196.57373541687,7963.27179920089
7541.47582100453,7824.69579855599
6361.94598208656,8023.88397687698
1384.31542286717,8896.28866070886
1304.65235605392,3563.91759327298
1385.49642005885,8615.75578294674
7675.80742553244,7688.08022209983
7726.02192538023,8002.2349257153
7936.541964614,6135.59273935172
7926.39826563699,7129.98461776274
1298.22811378051,3299.56529399296
6872.92565282109,7188.49559189853
2149.67826463944,9040.00459835226
4170.37918256907,8267.95897336915
7625.36905222495,8098.22151314469
8854.92612720598,7458.91865655555
2114.63887936824,3483.46574584913
1106.34332865097,9174.68610602643
2093.70867057718,3938.61071339389
7149.61138729688,7570.24585989409
7080.19138290287,7260.01848108033
7831.83176916439,6189.96204791908
6626.60093326468,7612.60015138055
8277.38440592418,7606.37791566737
1726.69364666371,8983.34006491373
7130.00036959831,4078.10913428676
6679.62715544791,7813.77392966137
6849.65477696276,7577.12998040158
1630.30625541986,9102.20338555047
1474.81060598089,7759.38568820691
1547.86556621285,3621.13369631
7100.05320498396,7475.35581127574
702.10522264718,3389.6982937668
1406.36508631526,8956.52931237095
1182.53737793966,3371.47504592753
7999.24365906096,7067.33493923741
1144.09520670255,9171.35470811504
1655.83855102018,7885.37229264202
3097.23394848526,3322.28509718173
1695.80864369015,8899.9238659281
1361.32554092345,9092.58283789498
7160.18674684025,6779.09041079176
7769.10778017783,7408.27957840206
1667.43066286754,3662.94158778391
6526.58283770269,7269.79067591581
798.149767944502,2926.86014884705
1089.65182432641,8139.34139349817
7510.11069346993,8020.90854295869
7782.49430432862,7281.64865264868
1391.71395408793,9174.5482192527
1635.94586698654,3411.73341079098
1954.6235018194,8616.68899288892
1781.52623040994,8726.67038615108
6059.66182948486,7802.67453932718
1872.542575088,9248.8093663015
2093.81136135629,8570.11846181178
1565.77192270611,3707.49468013636
2350.56949687031,8788.83507118871
8010.67832552679,7503.91808129337
6597.61964241409,7509.23688074723
948.585694291931,3131.8902067725
1534.23686254723,3511.51625530738
7430.14999515921,6619.48308303681
7932.51285866774,7998.75021848893
1401.15062009936,9243.84889048951
7758.39468802461,7037.3348492954
1279.91725033177,9022.17464102057
1661.27715317881,8231.45487118505
8128.97265640384,7234.12080431313
8496.17096280958,7751.89718656906
1437.07599658891,8724.76019275461
2376.44101644823,8078.25403021343
1165.1778661026,3270.78098535782
8562.41106918729,7890.61191484176
6351.77510979409,7419.46403273685
946.227013182478,3161.65014924011
6736.88101112205,7337.945079443
1377.6271719763,3143.54386139027
6363.84638141297,8807.13972323707
1212.39326043149,3453.97321493683
1039.2014323644,3909.96041563368
6638.22963937857,8286.83380544411
1659.66383555443,3610.26171656182
8820.03854598271,8020.70279322062
1248.45815598828,3709.25397752611
986.347176014426,3330.12991476676
876.409264484926,3493.16406516844
6594.61868874822,7998.96043150339
6433.59651699361,7101.86064592382
2009.91536646334,5528.30970366178
9704.08505373908,7603.07637635216
8082.46230880612,8105.13553484405
2744.20344433489,3954.43269767571
7747.26984367737,8144.12217783638
906.78008727615,9717.53625285547
1411.45270511588,8802.16000833315
2050.52338535543,9037.61582539091
7336.48554004234,8360.26032004725
1688.59729059421,8316.73903952266
8924.87099464289,7705.07507239852
4856.55743839073,3826.11455384883
1490.36796320549,9136.91401327169
8018.87569326894,7374.73077298379
1478.71883367217,8932.21284671137
1185.33958019044,3501.91315498386
7583.12301284849,7815.41291488697
7345.90070815139,8351.85809499865
1789.48663356475,7977.45394662332
7356.32154182639,4818.15717628225
7203.45670126318,6846.33390772803
1385.27414252024,3457.91045468102
1933.69089575001,8793.24028448419
1340.8026336665,9012.72696372966
6621.97110930092,7887.62497198993
7627.9959507987,7511.40609565555
1374.24744270092,9000.30240449206
6918.64577745505,7160.79637355268
7689.75192961172,7714.70762978976
995.978630047414,9153.75988909805
1210.09720670972,9222.06342284356
1429.89738137105,9101.54120209973
7465.24151200903,7834.9740554823
1404.81797273359,3820.89081429136
1298.60677600563,4065.49382672115
8939.33687674944,7902.47332712555
7460.13562211543,8055.54146039685
7144.21435228202,7965.72501206482
7893.67382974244,7865.41348376545
7907.46381989061,7995.45413953935
1181.50409421958,3433.13689484937
1287.24393422871,3701.61379585335
7599.26874472231,7854.97447121683
1592.59884265601,3543.17916372817
7831.55612518205,7573.70554352806
7282.84319111993,7186.8105530774
1047.38273826125,3476.11662458756
7786.76600197295,7275.87283866433
7482.70295864113,7833.34050672412
2364.64457599606,4000.61063958147
2325.66013351806,8953.44858225438
2134.86525227371,8963.41355586188
6346.81323055675,8993.94058627109
7372.36116207826,6026.76168919079
7849.0120903148,7625.48351200846
1623.58015403248,8524.79885407653
1772.65899548059,8725.82929329203
1087.45251795365,3614.32909746825
1114.19994173174,3590.61142565289
1296.19494360003,3704.921155284
1510.24817982416,7830.6693075097
2091.85977612266,9215.81878379198
6407.96983169409,6999.33343269498
7860.82171003851,6784.28367012883
6678.99711316646,7277.5549953865
1018.03281584096,3634.41566569875
930.955696075596,3285.8238727444
1870.14160473033,3697.33546165965
7812.22857633463,7592.12591666572
831.668104432005,3262.85685971282
1536.04404664775,3494.98359836396
2182.41394460707,8004.89868823107
1751.92382439099,8419.07251910962
1638.76313488119,8556.59096377879
7899.15137933725,4326.12101733831
7776.93943775849,7861.19397709375
6714.25430998976,8497.5953812161
9511.94420843814,8263.97991606443
1283.71751126834,8235.27836071591
8330.97444192062,7644.28682117361
6668.01313512034,6382.41150274306
7481.00467268676,7840.18379028167
7842.0910835356,8133.73438880892
2328.80442333549,8698.23343070982
7640.17511932912,6773.1526368071
1575.3105776145,7183.76553541854
6879.9727931676,7732.45332431875
1898.82965178543,9212.87258291721
915.659857945906,8856.41102659023
7092.42202529811,7020.8358610784
1190.19586080633,8863.89582162034
6714.38220409131,8035.14690528664
7812.5242187429,7502.84167259861
1183.24020311303,3950.94420328273
1639.04581140421,3820.15147863568
5935.31955157916,3936.12033152353
6933.77864018369,8213.95574607159
1357.95909962921,3694.27399326539
6877.83332170704,7007.70116471557
892.092254316305,3535.24840419905
940.628149647371,3365.38051506745
1388.86309020933,3516.0230094312
989.610198809233,8461.21294000323
1815.6151655294,3822.34674946055
8713.90452713407,6253.41335733118
1470.91539500875,3509.86724984993
7448.89000298135,8047.1159636085
6190.87860807729,7890.27272763523
7101.68129588962,6136.11281210056
1169.65536266909,4005.05173155271
7751.51500022212,7406.99853733858
7215.93409955428,7012.26524332508
7183.58143194816,8143.92425779235
6968.95685866865,7052.30732748137
7295.87945159373,7471.58867281048
7810.75441838681,7156.67715323883
1878.06293120411,3949.47741599979
2162.83219776304,8745.46976865352
1527.23421085209,3572.42088413541
9527.86158356564,9415.40592812172
1272.31635514653,9157.91925101145
1672.86105803405,8656.8307119395
7382.77276423159,8309.0113192937
1409.65705610756,8268.06747355044
7256.80735164151,7749.03202146019
8579.35123012515,7377.67508775342
955.556440935969,8851.57812927976
8595.26306178219,7462.77555329583
7546.49198746283,7156.30887595775
2100.9194829164,9318.9050122547
1051.04382303897,3380.4813161378
7254.26112349578,8011.30826690518
1445.49580677707,9033.76362362009
1954.09841257459,8259.13174556356
1211.96148055118,9302.34376266042
1874.16791662181,9147.42126884173
1638.55454599343,4120.18457140501
1387.81757896144,8306.74511809901
1525.92495066417,3066.87633653355
8243.2716424402,7314.7061168648
1759.32943832839,3616.17731574771
7002.32772963724,6493.59776910514
980.766181866459,3592.7539954378
1811.45390819432,9174.16514197919
7568.33206920741,7766.00888058716
2218.95569554838,8733.06261791878
7588.81971873073,7492.9586965652
6724.73373804005,7378.9104857403
7865.67461721796,8216.17597424092
7766.77413636373,8039.28398946288
6332.64771906395,8319.00111489359
1858.50307576693,9299.45471417747
6695.59311170801,7780.76012820348
1175.87393839328,8899.25466924485
8066.66206120197,6938.35108633205
6717.02954960095,7631.76928064898
7081.78454884688,7126.32775968044
7400.46219982551,7364.89723188962
7396.62100600806,7470.46915120036
1785.70794380532,7619.18133257714
1176.62219342059,3752.00270321764
7173.53780127454,5475.61604325831
1137.06885048073,3524.95448335474
6495.41348242981,7633.83636396756
856.308846388702,3408.22100089953
8165.30494276006,8375.31545559192
7583.46358321862,7556.91294028918
1602.87409432271,3769.55022624166
674.514216853243,8835.72878213023
1297.99481989726,8967.98918920399
7836.17303493899,7240.32110340618
1686.83917735704,8743.14701181873
1530.75558923427,3802.08869647239
1459.19784946565,3712.25565781869
1483.29572758805,8966.05958761687
1461.31021824133,3583.09170812504
685.977704720303,8974.7045053496
2024.69154429009,8407.73574010361
8124.3980961558,7661.91162744252
1382.67514713805,3965.78040242638
1535.84619791371,3368.68667904198
1381.86324548234,3891.85331088266
7192.59351249762,7346.75636455664
2068.43762322971,3793.50601963594
7067.90551338116,7191.5787960907
7547.92614276293,6907.31392954293
2861.66628748058,8014.84782413799
1476.64600818304,8861.39117917441
654.819846905081,3213.83150836069
1059.8509107778,3323.5238952927
1438.33853360433,3811.48862754561
7340.74375823917,7523.99043905928
7496.53538116261,7914.65045809365
8469.08847805162,6216.94023311033
1274.39060955396,3491.02135357276
1937.91022048398,3445.26896714598
7864.37372773959,8338.06910393418
1499.54999818099,3820.53365876063
1439.72268268969,3493.23130752964
1420.76037906137,3614.05676758453
2271.90687570807,8398.43943599967
8773.05159896512,6745.43216703314
2628.01347909098,3328.86873640482
1242.37624470612,3809.39806208762
7463.1431331691,8720.34741478282
1086.62718527105,3226.9168399859
1459.79968043878,3727.8258648068
7242.0131399263,8121.13749283647
854.44632706718,3203.11735269373
7010.00079376732,7232.30323157189
7334.25630300685,8007.02638492673
2737.01486692508,5348.88849402022
6951.70346474989,8603.04262444082
6911.25359578399,8196.57730460463
1045.23667945454,3395.77860083472
8006.85798241697,8126.04635069083
1029.10137551787,3456.94685545067
7994.77549957486,7621.64109754945
7426.40970959349,7726.19590298989
8844.35762579457,8159.75549357937
509.074230679014,9248.76575537068
2257.53253718207,9228.05333678493
4419.06178101193,7871.62974413938
1295.26636046563,3656.1208684612
1613.96323196946,9282.35551267204
1341.89964295564,8751.44236853268
7662.43209158943,7696.56251846542
3437.61723774194,9403.91251920256
1515.59868929341,8908.35155441792
8158.05060588256,7835.26908167953
2221.5208727746,8671.53956237215
5862.06673852057,7031.83798489239
1555.93703492186,8659.22645108535
9672.61167955252,7032.97356699232
2058.5054715816,4027.15873234188
1753.8429601643,8432.22298265188
1321.22092399849,3947.3219793621
555.996205457554,8654.47141790439
1147.85955330499,9014.76795646011
1340.16177829956,8783.14443860018
1534.51417085328,7985.06777657908
6339.66212322705,7849.99370391148
1520.3228080566,8864.94598746278
1522.77901216675,3621.98424719874
1219.12645036545,3465.0914599923
7748.7355794806,7976.73558826298
2804.31562790013,3329.94494432555
1040.86299390451,3176.30897447263
1786.25222978741,9055.47965337675
1386.82264878332,9046.12511716563
7353.29204324174,7930.29572178955
3523.86163309647,9060.99818048374
7363.50621355158,7623.44674788454
1035.95933833473,7353.65854644958
2139.83201927157,3778.1086208539
1116.92228139921,3425.49310638851
7092.48094224029,7735.60209456858
1924.58575904154,8182.91763799525
7445.4819953577,7554.23401375887
854.978263178398,8853.18277992273
1082.7547336494,3486.47204246029
1503.92829378666,3816.3295497399
7547.45536868995,7520.35012225897
1161.75496572413,3167.01976913534
5855.85542533817,7484.90621761952
7940.32265554653,8072.21127418552
6402.80020233378,7283.64028015906
7721.57201532871,8243.62181589346
1138.66850338445,3734.62914918247
1581.55548618352,3382.18121247639
1349.49357116774,9266.56441940056
8623.00412134956,7835.31848525678
1676.57853000897,3688.14950222527
2336.96001840252,8995.85273519094
1238.11277852044,3535.34103203734
1725.03716845333,3788.46489901808
7147.02639796584,8193.9472650941
8917.70668367229,7671.39819780178
6427.89516876013,7600.64436432706
2069.39872317685,8866.34688819937
8202.60826418022,7078.27229140465
1750.05666435826,8684.72048646549
1670.25648774092,9129.12669699842
8640.5663436246,6540.44285432965
1061.19286484419,9117.43101228763
2089.00668902872,9341.92096622251
7106.46804262012,8108.49864751839
997.60767094528,9125.77856670624
895.218288926863,8917.59754445694
6915.78330089472,7608.10287592975
7682.07720743437,7255.35082349821
8720.16369833769,7271.65726310172
2048.65614756596,5386.5402829397
7095.25297600153,7325.62989689899
7208.15112686239,7221.15405825614
8039.85206800427,7408.17144756633
8012.46477959959,7417.2909449378
1834.78980621443,9004.68518615469
1642.54363540023,3938.30843894046
1672.98797127116,3729.34683692367
7935.65698782953,7656.92175750865
6267.79480345524,7115.9934139318
1281.46497667552,8964.11208845457
7253.08517455971,7699.40700476622
6180.89864485645,7530.92973398808
2588.47856527591,3727.35296073901
2041.85688461015,7020.10701836379
1399.37261228424,3758.89668349461
1307.33067122804,3477.74678027222
987.568639768253,3549.20650503999
1497.2059296226,8922.11919402542
7213.66548171238,7648.88970924605
2083.25720312373,9054.24927024807
1482.07680845947,3955.35784701825
1832.53592199811,3707.74719216696
7445.77144487976,6268.64110361254
8360.85052806587,7066.96362583839
8204.03229114333,7712.45049744428
1296.81325845564,3812.50385454021
7046.75701688585,8065.22395922634
1067.85385655398,3672.50166204214
6638.26995915546,7283.34694065176
1758.62978968772,8890.24947123296
7203.4399500733,7298.84503091451
1977.76373799418,9058.95894255219
1502.65685113629,8904.51924505692
1816.68070418411,7818.96920593773
7906.30715579446,7938.8343373244
2202.30708373768,9612.70826263882
1388.16837176853,9266.14920837762
1226.14321794004,9072.89877592112
1915.29769481998,9147.32531828978
1684.16710940335,9333.90257872574
1501.75846404374,8586.52842753035
7120.98521157585,7755.63380998012
1302.44834172552,3103.65530933548
7986.13752501455,7376.1567877924
7343.38185386027,7525.47284769001
6426.46872110673,6946.29158109324
684.92915416477,1168.98338542962
1411.57841904989,3821.68045772704
1134.68620212284,3709.31786502242
1068.68563003021,3672.03693949023
1184.11645508022,3850.87899103251
7465.09247788797,7983.5893893533
2028.3343003154,3729.29774346923
3286.05027893034,8457.42203594506
1731.41201537878,7968.28393197498
7424.34864315567,7701.62653949304
7875.49867177291,9136.54124906508
2281.03646524051,8434.23166702811
1527.65500318877,9103.4311161167
1636.64028063133,3639.92055449292
958.87539637433,3182.32846235968
3249.9378862553,7101.54077674286
1200.57760736604,3449.76265409072
7419.69350679622,9480.36385461511
1014.65999061245,2986.97872007316
1306.89409090693,8787.18239684053
8749.15198116472,7758.74622392514
1684.53801050825,8731.04045615578
968.882572928124,3906.39059492897
7931.83061836041,7112.59758608129
4891.31016203242,4466.20463692027
7619.15559020211,7526.28137261364
8276.55394255932,7845.44803465616
4869.56142886722,3340.99176054727
1031.12541116896,3394.25226716779
1146.56453443839,3507.56184980327
936.832630580129,3547.26668786838
1785.24811722966,3916.52443831349
4196.02290393263,8317.00733760133
8007.63333937079,7338.55924311393
1527.12027964863,3091.55408624084
1217.71981819338,3145.69542814119
7358.33988343687,7100.8515966565
1783.17531456875,8884.49598558167
1488.11775195459,3890.86305703851
1048.73942653635,3682.89146231144
8171.06600440191,7525.7974010364
1657.39636738777,9088.82000908302
1493.97738402749,8731.84229352058
7530.89882153568,6215.42142960103
1550.28123915763,3332.61860894837
2040.20002765347,9203.93974245924
4042.90217665869,8839.98566160719
6290.97208339103,6753.58382027596
7943.57750866918,7940.07401028316
5627.67726629256,9216.5894772406
1281.85668684457,3766.92923372681
7662.38630486239,8249.50235817801
1239.99788739281,3692.56773831106
4542.53173000193,9170.22016995937
1108.26598502087,8814.07153912813
1725.66812864739,8437.99377493685
1354.33667974692,3687.48982249635
1440.43302200571,3564.1369577298
759.721372708501,8759.1189062441
1501.8058731854,3809.61700815915
7124.4637840453,8375.65612921736
7147.32584377968,6998.48344609568
7107.82058121589,8165.68978841967
1631.53870535188,3828.40734719363
7295.44983982412,7003.94200281458
1435.48647878466,3635.62848886013
7455.3809240713,6829.45464634983
5193.78201874665,4064.31705431135
1918.07592511588,9019.45927363833
4543.30612340396,3116.1920481306
1268.80495524361,8979.57517840345
7250.65132798219,7683.0659024418
8408.43695890638,8212.02167021608
1279.09150825358,3828.38951701755
6298.69044804894,6628.7021415405
1674.6558729512,9215.63681787239
7428.79031396669,8340.64208667593
1557.09048969284,3262.560063586
6888.01209760555,5222.93564653433
1407.98195841202,9328.0534787662
2301.2552135509,4367.76538540918
1412.94961869565,9222.54362272835
6644.38919775359,7565.41475187444
7001.65108874524,7478.26105583291
8161.94374515733,7479.94810637744
1167.33371551954,9121.76443727908
1413.49458021267,9215.75746404651
7093.26950714184,7827.77579721659
966.879127112205,3185.32043463134
7308.69851711682,7628.99451853643
8099.2472748733,6874.20083431981
8735.31236876512,6303.87765176651
7318.26286437296,7523.39108052948
8523.12489645477,7489.45454865645
6568.20266038506,8257.98548501102
1724.16480304258,4537.19608403211
6211.33778418229,7491.75805138418
1842.83207072503,8843.10702125445
1870.75913144643,8282.67940388996
5675.10723197475,7325.14500775037
1676.5636414089,3446.29217966985
871.0480124781,3136.01386575152
1495.21740244943,8896.63824309721
1340.84087102726,4272.67667063765
7814.8795506053,7215.57036751568
5675.77596921843,9189.02985383057
820.459499388476,3330.08492399242
6009.15194562195,7054.83640896136
1187.51959899675,7607.96772776137
1309.55454966127,3560.47020343006
1757.11103360268,3891.00700424396
7429.82414418944,8059.8092549058
1624.93789880211,3585.20474770483
1852.32853310965,8320.91308302742
2140.56960797805,8671.68825839843
1069.5078453221,7628.09587817067
1521.60940014684,3484.35057833055
7406.2421133895,7826.98748528711
8820.07835789069,6973.852024284
1050.2004725187,3406.06841698522
1823.21128314733,9131.63917994432
7619.9815307538,7530.72126228496
1444.34393354999,8677.64371507379
1024.43264160222,3688.24385013856
7794.48923639549,8142.71990868401
7890.02897448033,7133.21690239057
1794.03415183616,3969.50321557407
7609.11580779422,6362.91505518882
7162.32241512365,8113.60074748312
7906.28507174632,7369.02959997494
1408.91421440753,3595.83228557536
7237.46912087844,7510.47100962724
1569.50734192438,9038.24855619869
7759.9707944504,9437.37992720858
6896.41307326134,7153.17570109526
7538.99101904194,7096.98842249557
6327.73150224036,6582.67118979755
936.090081761247,9099.52588860389
1076.0670512116,3657.19512686176
7734.96922563637,6790.61181686546
1189.86255016677,3342.33363727658
8084.75558509745,7106.26210514503
7159.04862511389,7443.71233689156
8037.44169975726,7098.38640232655
7327.10278822469,7676.43382001253
1228.33112420126,3867.02971439193
1095.46827168797,3633.91310659649
1568.44278660308,9357.67971934191
1018.49183357709,9134.70850408854
1376.67659216952,9118.6221147495
1759.70706710133,5213.1159113658
1108.66161483637,3644.61255858373
1844.35628650331,9215.43425004021
1451.66518561079,8551.62363072249
1244.17240371351,9274.31508764125
6744.67943509017,6704.93260120159
8559.97187188684,8036.81646891469
7798.98553294997,7935.18799025978
2292.67792202031,8014.851627404
1664.35992340109,8847.01193703366
7535.14472987612,7327.59879783911
6144.14694508193,7418.74241579094
7995.23737179699,7566.98387844617
1211.22862741433,9385.66274991375
1960.38993969171,8923.92415573388
8655.38828338407,7394.59016390083
1373.54909730029,3964.60161172776
7262.24342421861,8247.63565197691
7283.95528093289,7410.29259887311
2198.52963347949,9198.9959783331
7234.81178433212,7980.14981299363
7426.90788398228,7057.9091117106
1062.24018777413,3599.83304794605
1052.83599231726,3543.08469382837
1671.22030345922,8707.14682576934
8089.22259644883,7533.06946730748
7287.21831207539,7620.31936797638
1928.6453173636,3351.69179767413
1018.39127209045,3147.76531764907
7141.02867844225,7523.13743539184
1591.91844812185,9102.63257160778
2039.17789422189,8976.74493264863
1628.97600243684,3593.13000548023
2799.51603382633,9413.39454085661
1473.38453811504,9144.07515374526
1402.96287652986,3608.16866349566
7978.10506668251,7603.97887130883
8248.53412692579,8360.91088111664
7123.44094979978,8151.87020084585
1593.2975675336,8899.21332630877
2071.7624873992,9033.45142797429
921.919106319858,2718.25873988606
8190.10982372774,7339.06188313702
739.941677691423,3681.39852737895
1533.19295545172,7133.82710537888
7741.5704315317,8722.94076966689
1926.71898662225,3979.72783423727
7300.96882892291,8319.23710502773
1398.82852262935,8568.02427122856
1068.58783689676,3356.27318492674
805.11845815056,3354.15893200934
831.502209664289,8253.43450885031
1551.67158318596,3549.96830462631
1415.51723758914,3630.36421604826
830.395168149422,3389.87021436005
8823.3002728605,7383.41943774546
7384.88294964907,8171.38882297189
1641.40140163596,3720.96353020225
1352.12832839975,3236.36465176861
7136.26792662059,8019.16296024671
1544.30417871205,4539.35506926089
9012.06662264078,6839.70833573339
7419.26180140303,7361.42263878482
1741.92851564251,3657.07379272874
7387.30632705513,7431.79530886893
1136.31342937897,8997.50028255588
7960.92736068785,7085.72943375708
8385.09687226293,7115.15070658963
2486.64959326128,3836.57823383269
1393.13744559753,3414.75399046946
5910.99678331436,8594.5910984924
8123.69081433969,6170.137386095
1450.97999560781,9031.76921870786
1042.74860184462,3554.00519060332
655.187839634329,3256.66522222693
7139.7611351917,7508.55458100075
1279.84972139835,3711.83595277841
7766.02556378714,7948.68970510535
1640.52158472572,3430.45990740528
1510.8865746155,7874.05103132668
1485.08674899114,8943.15312340128
1202.37723479004,3622.18936129346
7024.48669798718,7682.0372503405
1393.8854279871,8818.18026614792
1770.765140429,7734.03787867626
1425.36306670244,3354.095619141
8543.24212111181,8219.33450514493
6833.10767839664,7716.98428987952
819.102971935564,3031.09139806174
7740.98846620949,7498.86057974854
7288.45025926696,7200.74640018818
1245.75201964203,9210.37969334555
7476.54949673552,7536.22262515408
7694.70972697344,7899.23557612068
7559.02597859916,7829.7472199336
1063.78867822532,3351.27213165121
7255.4147511539,6863.19927390735
6991.52973845391,7672.37645273619
7573.63948512951,6411.97703140767
2917.24214028599,9078.56670812547
8159.12586899732,7379.10446910049
1209.29494023106,3501.3443238536
1299.9071307273,3406.50402233825
8221.50787704214,8360.33076445786
1637.5617492521,9193.30342449272
3297.22834114595,7963.79626931141
1538.31117458892,3790.09877517117
1040.73109651705,3390.43012442375
2320.78698305796,9148.41219747041
1070.96638375817,9081.60031117693
1854.21352450593,3734.57253530739
7174.80673212264,8301.38940260947
7632.64238981787,8002.63827420441
6209.51066358001,3821.77629717654
1489.9283609841,3315.6175421892
6365.76998315821,7938.71148393633
821.277885485207,3501.71336070593
7210.85520006348,7815.66135879585
3270.70681002171,3977.58487285398
1632.14735072247,8168.64032652909
1072.88869459606,3293.23323511955
7154.01575212988,7411.54456339909
1170.97806218114,4529.03973917479
1113.85242560462,3496.6313929509
2300.37630744598,8552.42509889103
761.358853395026,2951.8036139872
9049.77535612375,7745.27226766684
5579.33203618498,4010.30475729447
1568.65964463194,8606.67750333719
1201.1642813291,3553.26469704022
6762.75276233743,7105.93926533162
7087.71437600688,7903.18611807876
1211.25859509836,3905.93693264696
7729.39052789421,7146.9599064588
7991.29948183596,7721.4643034805
8698.80473876524,7285.56996762523
1372.37504464759,9014.38342706892
7006.72541310242,7551.20307092112
6663.62406332653,7707.27748494771
881.334846913921,9254.16014229114
1243.64197887556,8806.57010601644
2012.3647311804,9121.28486788845
1601.52705831424,8737.40539691099
1452.82087057343,8806.50386770982
1855.27028830113,8974.30414438354
2058.46057333947,9113.11440512603
7811.29704514879,7889.0942159494
1051.17556235796,3306.45257460678
1125.10204533855,2996.87596637662
1808.18078801432,3598.59715599678
7658.62906170475,8250.28575523004
7168.63761447443,6630.96295044504
6938.85672773601,7027.70507005513
1426.81090520853,9054.41619820255
1358.08997331933,8997.04618117664
1838.81392712004,7608.64338470513
7947.48992295497,7646.68737249105
7842.31066861227,7719.14765724129
3269.10236255312,8449.44874985644
741.368314487029,3264.71674098341
1213.6197343141,3919.61001124233
7947.62825698416,5773.07226099822
4929.90307306446,8870.91709982507
6330.28575887537,8311.00571887704
7043.88427626109,6901.11438525026
2676.89549250322,8556.4922266165
7124.3912113135,8571.28774132849
6792.99372257093,7815.52169005126
7520.46224629361,7764.77113293029
1575.00575156391,8814.40719485858
7450.37229000091,7773.35675680742
1291.6631436737,9133.34908292053
1705.03139795817,3842.49006357477
3066.77191490679,8618.66241692167
1844.89659938885,9318.79159873761
7289.58215428334,7232.66427109814
748.400808380488,3446.59636695319
7233.7345775168,7155.93839684244
8535.42647214777,7533.10103735665
7835.83572700065,4558.57481199055
7796.91076765633,6489.49115061666
1130.06435100099,8357.400578092
2065.02115760071,8637.23099966625
797.638396549191,3263.88036846189
2080.70058209082,8746.09602753646
7562.01419251728,8115.68248873564
2851.08753799134,8228.38486732842
3364.76125483821,8623.08290990041
6382.02037478281,5693.93996326033
1034.16010650059,3421.31438426222
8683.00672808227,7103.50119583798
7631.20218148919,7761.03031219683
781.579004819049,3129.72846882568
8011.27117686706,7678.84604225763
1515.31593152943,3398.65135196162
7711.26854221407,7931.23606829083
7700.16141851949,7811.16784005476
1584.82102185384,3882.7800465285
1450.72749042089,3790.33922747362
9222.98034148995,7875.41764389028
3154.15527974088,9160.31787566638
