"Marker.A","Marker.B"
456.944628512713,69.2487740986138
699.844914124727,330.356673633317
1468.04204577576,914.625518961551
550.185127557111,376.765075656206
3953.70440056671,2964.8419971783
521.479575539602,189.837853570981
2260.76683175162,1758.02141739668
3280.73143861663,1690.47051166476
1055.91422975529,783.808803851736
4725.56863782107,3170.56704760904
700.927012094004,282.614232179457
586.916245785586,140.235842001221
206.109020514255,53.8466824864878
3361.34754916302,1964.43370026155
7679.44726485405,4938.89695151777
7689.81710069012,6095.67083991931
262.919013369498,53.1594500523509
512.49218628145,153.940065246656
3311.69131749836,1223.79926344853
237.850460591845,7.8425348366206
3069.66294980559,2850.35715873856
3200.41609064138,2519.47495442032
4204.14930323314,2572.75568078458
2607.3978024321,2244.70325707748
2598.50076989733,1797.03196439327
3255.12176158843,2342.08813553841
1993.27901778441,848.4086526606
4131.55864599886,2832.56996632561
8153.82540650894,6096.39849779075
8230.35397608603,7808.05193860184
2815.28043585998,1908.36361872345
5184.1066173961,5051.60307071622
196.069583200871,16.8574073550041
1608.6843743547,1265.19491124595
3716.54513503911,2506.053709236
2806.98432634022,2611.44282428275
3398.46929745761,2045.08244767938
1536.00369909361,1253.83536336404
3403.63946325754,2457.42190816149
151.312936394385,67.9551601049444
657.853612069525,8.24678920964227
486.612078843316,280.875938375463
4121.06838470888,2515.75581418852
3833.86240798231,2563.25570301857
258.801027340139,22.0318633296816
2666.91296494463,2106.65038869058
3491.04847259528,2536.81746702295
8688.7113174802,4378.88336857084
283.89961121536,51.7041343094729
3939.06608451685,2428.15389155472
346.059956455944,122.731627649382
429.200937175344,156.891122169714
707.780274144124,208.47398016728
606.724577103557,315.641814455328
8043.69271614592,3262.81789553258
2970.47091193017,2675.92139677971
4567.34223605785,3698.80623683647
230.516287018132,59.0615638984675
2919.10132712002,1966.98050281159
548.531987138581,315.1162837704
653.495189094847,205.725050430733
3306.07045943717,2597.77902647462
248.88184613237,92.1699970489431
324.087429199418,202.288888260049
2972.15415871218,2555.57486993116
3040.56635375947,2344.91791614956
430.012491835825,152.808153002195
2848.61480362915,1748.966119441
4354.41016334758,2264.26916873173
2615.00266984643,1669.20673164382
654.036200446531,430.045802020463
2430.41528675443,2229.54371808917
202.171409235079,72.9679143304133
3218.93180524346,2500.67712607481
2881.889259735,2061.49517522406
282.607107398332,71.472173150233
537.169958461169,294.782288807409
367.401303802171,181.752766110547
2677.16297745405,2570.16845279724
3330.50779467157,1932.53803023014
2634.02959050035,1606.54730382546
2793.99915070889,1779.97242985176
4706.3914864134,3000.01212763119
3566.70516188608,2344.55408721384
2870.37688740497,2131.71415981792
505.278212363919,186.805945773318
569.632784640625,270.244048364993
3725.92326726224,2813.61043623089
3989.92446327516,2279.46913315735
315.671120023473,4.36594722863415
174.367580436665,36.9892751314837
3265.43168576118,1963.5443406409
321.472352834839,39.8190557426355
2464.02016019944,1596.36009362531
2198.24569937772,1356.87980304727
594.040088777457,367.426799639405
2583.92236551079,2340.47111804632
2043.5363229959,1219.06948728418
541.40814414671,371.469343369622
2424.55387884907,1595.95583925229
2478.11746489762,1740.80018110596
2145.52373672017,1541.9878804539
2723.5427335815,2160.94175098739
3155.59915584203,2613.90877595818
3291.28191263356,2295.19462826789
2285.65500977909,1750.58313693308
3805.30712435151,2542.27490105874
5047.40144850088,4007.61615238773
3170.89890869748,1698.23219562678
426.104949287172,132.069903666183
418.620432060844,72.3211073335786
440.953671184781,255.286636563191
2389.02505824605,1698.03006844027
212.93223265033,43.6190468490393
2433.0903876812,2164.903443843
2439.04181361336,1423.13709478552
4371.48318101183,3143.88625898961
404.463027534579,34.3211962695406
481.832806540182,189.514450072564
2640.46181505724,1816.92127954594
556.377103333455,130.978416859024
526.859996655465,24.3765386932073
7595.28432362642,5642.78466582312
358.71445131743,211.667589714152
2835.93039056896,2586.2577768435
343.865729419821,199.822936584617
3297.35376401963,2573.68546584253
3568.98963274673,2599.92157465163
3060.76561620719,2071.27813105118
3102.48641258655,2342.24983728761
2347.33436823017,1637.71531598543
1368.24893435351,761.33226071173
6321.35824030902,4091.98404003735
3175.16708784764,2553.18976913033
2589.78377341616,2457.38148272419
3068.49060801179,1726.81297979941
4033.56905628071,2440.8070534303
2767.66812521178,2448.60916282962
4045.35178375476,2952.18883530273
225.015628613131,27.4892973654743
3473.73520615048,2389.30504630734
6432.63376822963,2940.62716023431
429.381274292572,85.5402253313875
186.06021461801,20.0914423391775
3743.38706552443,1965.64646338062
2772.92830903851,2459.88785983692
2758.07954950795,1571.13462074876
5416.03520333318,3377.10060678581
299.62006286745,98.880619641103
194.175930571113,27.3275956162656
4301.17699463819,3187.18190234023
241.968446621204,101.06359325542
2504.41838403125,1863.04670350772
7011.40391885972,4756.01227316277
915.151701520169,739.70465175507
2181.1427258818,983.833867622863
2660.21008418007,2500.27287170179
433.709666169681,331.569436752382
262.077389978494,113.514627944488
2874.52494216485,2717.51917176364
5137.60613475111,4003.81616128132
3122.35480609966,2426.53687406264
2402.25078372156,1477.30718077043
2181.08251315485,1600.03880841981
3272.37541743355,2485.5175870865
230.546318115701,45.3169152157303
426.585860810765,36.4233190092534
274.822053398594,27.4084464908699
681.268911529784,161.580472896766
3085.89419354703,2071.6823854242
495.178656405967,334.763046299253
1501.28639551813,1051.91030403971
2951.14322870511,1612.48984310888
2685.75954848132,2189.80551322114
5956.54197236562,4659.07207451217
2516.38174968616,2014.68251882815
3750.87150748484,2419.46242253476
727.167793766593,113.757180568301
2320.91332470626,1552.82189765088
520.157002992051,91.6848918013171
2748.49097380411,1652.71315322454
169.468089660871,42.5275600418808
3381.21594267613,2591.7556363166
2690.65905807359,2076.37173615126
422.167300375041,109.472084214271
576.425984495609,298.541854476511
6076.32375222307,2305.98822002757
2754.322275346,2163.56940441203
196.550513540942,51.5828579975664
452.225493670624,220.318633296816
1429.59772493361,1300.28419082423
2910.38433063885,1749.12782119021
204.004962036746,58.7381604000501
2226.77102717686,1378.22443394281
264.091279897389,107.369961474558
2404.1143676208,1778.75966673269
2809.99014566978,1902.34022856542
2776.77590229089,1817.72978829198
2697.99326928026,1313.05862901172
4293.9629078218,3322.44541555328
2469.10000690894,1705.67047609038
1288.86522779606,769.781177107883
3454.91872897726,1993.54001511911
1158.47276119473,821.121482481637
2470.90367914486,1683.15350751307
467.014115740142,271.052557111037
1074.79076912365,523.307285876565
4411.31028712848,3424.31751755475
4185.4529504502,3137.70116708237
186.240551735239,33.4722620861951
2574.72457040489,2485.5984379611
3791.45006843388,2583.87267604267
253.721218263595,53.7254061745813
503.444659562252,206.088879366453
3097.10580330592,1624.21321992651
178.395379090932,2.42552623813008
381.107827902411,134.859258840033
2631.05357647063,2491.90480618024
3914.20786232104,2211.63524936431
1019.69409178093,266.686609882402
769.640044978343,269.475965056252
3018.92469543756,2272.87978687709
427.307246912631,136.031596521795
494.30696428444,206.9782389871
3554.8321153216,2502.49627075341
576.876827288679,128.431614308988
2850.11771329393,2590.62372407214
3962.57162780163,1831.87869134774
245.876026802811,75.5147168804499
2818.28625518954,2049.73137296913
3342.74151547051,2543.08340980479
1287.39242449476,781.140724989792
538.883273973699,196.588901600443
590.553320291351,281.401469060392
7118.80174716447,3534.15343070474
1835.29316586537,1345.19685166694
268.660108719818,120.023123350137
3394.98267950332,2524.7302612696
2982.4941892484,1650.81315767133
833.994579622095,273.963188596793
944.127796846474,565.228464358913
726.356201473158,236.973913465309
2619.27084899658,2006.3953041812
3160.34843468055,2344.39238546463
2928.78022191429,1533.13470968472
3534.48262212012,2372.81146788805
6350.09355999342,3015.57592099253
289.791050218294,159.154946658635
2766.13510918353,2607.52155686444
511.109513905807,214.012265077677
259.071570648936,50.2083931292927
594.370731914344,488.622260671305
3221.66696836536,2955.05904135118
3768.48583756442,2523.19409465212
812.653307541776,608.80708577065
3061.96806436447,1715.97896260243
460.581665385524,86.0657560163157
563.891651657351,293.205696752625
638.496123544624,475.201015486985
2686.24064816968,2466.15380261876
6795.13545894891,4958.62456492123
3148.38537008927,2539.36426957299
3226.89734689224,2048.55903528736
1233.58813807021,946.48076355566
372.060301183214,188.70594132652
1493.77184719423,904.478734198707
3375.11428599022,2620.25556961462
460.371259537773,132.75713610032
2210.68986365736,1682.95138032656
2379.3463139836,1427.70516920067
3298.91658534773,2061.69730241057
3764.30767644106,2894.01663102491
675.94866550792,254.558978691752
2798.14720546878,2514.34092388294
3227.43835824393,2765.54459127862
4352.57638474819,2999.08234257324
407.739390172934,98.395514393477
3653.30280472811,2733.12339056228
2903.5914318475,2621.7108853575
2867.67183064655,2621.06407836067
733.870749797054,28.2978061115176
198.654590834928,89.3402164377913
939.679205313182,663.098448067462
409.723211361306,204.027182064042
625.480916815727,305.98013494011
456.644054106348,186.442116837599
2925.74429622125,2624.37896421945
182.242821811494,47.8637177657669
284.560897489136,79.5976860479688
1719.89968954835,1252.82472743149
3436.763387546,2655.38527463021
2934.6714351195,2638.4874418379
180.43933774035,3.19360954687127
261.957152689357,2.46595167543225
1130.09788994706,676.196289753364
3600.70096646084,2578.698220068
3408.44865375938,2310.03076375779
595.212355305348,387.113987605561
506.901359317835,255.852592685421
2597.95975854565,2417.31987435774
3671.00715283448,2625.26832384009
229.614526166083,24.6190913170203
8101.55473823992,4574.09780530301
874.212466336676,278.409986700031
3356.35772048032,2612.2917584661
2865.41746614938,2527.43876556885
4735.96888108425,2576.35354470447
4292.00930589577,2836.93591355424
188.344629029225,41.2339460482114
211.248985868323,99.123172264916
3027.10037950341,2145.01412869034
223.272263186556,103.893373866572
2961.99446529318,1945.23161754302
494.697744882374,209.565466974439
802.373414466596,392.288443580238
3391.1952989779,2646.57252929834
159.218246499737,3.23403498417344
466.202561079661,34.9680032663753
3053.88239832541,1963.14008626788
5822.36212523887,4369.10041274371
673.333551510386,400.130978416859
1871.66345932757,1040.59118159511
3533.82148637817,2349.4051396901
651.992279430068,280.754662063557
1008.45237565857,676.47926781448
4023.34915013476,2880.19113146756
4636.53629336465,2759.48077568329
354.867008596868,121.923118903339
3146.37125437265,2486.16439408333
4904.56511868354,3455.84935865044
113.950600622657,13.946775869248
273.770024159839,185.512331779649
2875.99774546615,2559.94081715979
4083.01454340104,2802.33173922359
628.306399028058,172.29321378184
3167.23165256233,2028.18461488707
3894.30936244446,2534.63449340863
223.903461913331,28.9850385456545
457.876458095285,12.0063548787439
3718.55894969209,2614.79813557883
576.936964749725,4.28509635402981
2708.72408041442,1679.47479271857
2919.22145151029,2262.73300211425
994.866051214509,765.010975506228
3935.96994609686,2255.17344533875
688.512954177837,518.73921146142
6506.39616513045,6234.24923899114
220.116137837338,55.827528914294
219.514989024608,9.70210495252032
4307.66973298567,3717.19981080895
236.58802550534,117.395469925496
2284.00186936056,1339.13303607162
2938.9998269966,2131.67373438062
2023.87822243168,1212.11631206821
3015.97878777132,2044.55691699445
2493.47743048002,1554.31763883106
572.127623716068,129.725228302657
202.471983641444,24.9424948154377
844.214410502138,411.571377173373
295.051234045021,69.2487740986138
3551.76608326508,2934.967599012
148.126779947598,6.14466646992954
5246.95786604553,4508.6085968735
2456.08502597777,2224.73309105021
825.307764770308,610.747506761154
3191.06776371809,2652.31294139524
294.3298103102,117.112491864381
4151.30691512169,2990.8355533636
3502.3504014446,2214.38417910086
5838.47324459003,4913.99488213964
476.933334580866,225.6143655834
466.7436100643,195.659116542493
753.769324939548,556.334868152436
275.69374552012,122.246522401756
559.322860467877,434.735152747515
879.833324397859,372.439553864874
238.271309920301,29.0658894202588
3763.7365587259,2600.85135970958
3150.18874126155,2052.9654079533
5481.35156102412,2112.22909903828
8560.09211568767,7152.10879293687
3048.1712211738,2682.30861587345
685.597303406893,392.288443580238
5236.01661143066,1803.62131067353
9557.63335250309,8870.79625983854
2432.33893284881,1864.13819031487
279.390882221023,6.14466646992954
1855.85295201573,933.05951837134
2341.98401584483,2192.99912276801
427.517652760382,73.1296160796219
2675.17896810091,2526.75153313471
306.864067882549,139.993289377408
3205.04494402599,2102.04188883813
2058.86588115119,1330.27986530244
2873.08224522703,1843.31909010426
2930.94426732102,2099.93976609842
874.693415493223,739.098270195538
7601.53621106608,7012.19635443406
2807.34500057468,2547.28765528421
310.471073657792,193.314441178967
4597.19901211409,4423.8399296911
3658.01365002038,3372.79345260521
4218.1701411299,6872.7194359641
3836.79660373263,3915.8774469059
4097.69930413396,2760.60201305266
3896.28429786696,563.827750847038
3880.03706671935,7704.62244729882
8068.8978794515,4412.30274699722
4211.46595519292,5529.44445994781
8478.36209975164,2161.424789589
4855.44675748591,5460.05306739426
3969.53590764052,4075.00633531525
3838.55759754441,2782.08432841687
3891.56898672633,6286.49997741321
4409.60345048146,6561.73603804448
4166.21329500319,6278.20271165968
4909.58858318872,6227.22455105178
4035.52575579725,6442.16229846718
3970.31511452231,6486.54772284211
4453.97838598337,4643.26713131633
3507.3318804807,6753.48651771986
3083.46429263598,1700.23527764499
2662.89877298011,3352.22027603267
3171.09023122918,255.856509457695
4374.86867310373,4435.31960407072
3882.56588084771,3682.35605687832
3645.43347362275,6060.02547015918
5180.27777694987,4504.93849274981
3926.7769117452,5184.75992130397
3416.85512635161,3674.17211633231
4589.69662402054,4607.34938336146
3235.09029490474,1685.28850734092
4751.09542048127,3699.00767384439
4255.09550066913,7530.60397975822
3844.15802842274,2754.57780570592
4431.89874027461,5321.32652203566
4777.65555575697,4421.28250112738
2444.90158599565,2209.73177357041
4313.7711257255,5281.60138539234
4527.12653275468,7693.4269316485
4127.23417390542,3235.77207105006
2729.36120719424,5290.46696860447
3628.39730372644,5777.91293742089
4557.15723065275,6565.43010152542
4594.73769946716,4972.72084664061
2912.74355746367,408.677058219464
4071.73774846956,4027.09725812592
2957.27580014711,3882.40380230722
3556.40450674945,4225.61046184553
4962.46649756782,5086.21350483979
4311.04475931803,4774.20722006574
4284.44828234229,5856.34074670836
4592.90580228877,8293.05851308037
4127.57650885308,6143.96604336617
4545.40615594737,5798.03112174235
4917.45065988811,5356.67595253193
8980.52107976371,2871.36704344922
4243.03534591141,5198.17204418495
4293.97507533382,2444.16272524491
3898.26529584067,339.228685920716
4315.53781716427,2092.4310923999
4008.07868332442,4189.9202100162
3935.02656443988,4848.31598580991
5214.23192856521,4338.02399344177
2820.99622155228,7475.19302754424
3691.11380695747,804.453320534802
4310.56769790442,5554.90499752225
4138.28208017701,3805.73760799933
4420.88690610148,6450.51664967972
3308.34615466172,2872.90137373087
4130.41582019016,5750.29245521955
3651.22549322016,3679.85529091836
4386.80166587966,6074.46090274985
4933.04644568432,3759.81764191511
5023.24598702736,2835.79032825503
3481.73321695801,4787.39226967642
4172.70197476674,5749.32665382412
5239.51463203477,8241.51245786911
3804.21674107043,4794.04166851314
1802.0899143338,460.280278175093
3558.64865523708,3288.73934276308
3863.07035993975,4783.18697419589
2242.35656248045,168.847103902449
4787.96628131182,7039.57769552363
3693.6680070571,5854.23788754047
3930.27820658106,4732.43588685828
4274.4388229383,5721.93366774832
4249.72032588578,6615.95369273749
4579.30508092823,4217.313196092
8337.9656755138,2761.22699311502
7773.43477408058,3195.59215358328
3911.22062142789,5513.01991625203
3590.29609122069,4358.48342195155
3718.54157248826,4363.71160428651
3766.50751342632,2511.4514700582
3314.27860419495,6691.82407346123
3831.44797117727,7257.64076610611
4585.35049187277,4741.18814486289
3602.32889003705,6193.63715839033
3977.36365404992,4214.98326365383
2662.13536275353,3485.77487880481
3817.33315555881,4183.89621409709
4770.8303612844,5898.62331191541
3166.80201769701,4259.08452929946
4477.32312527618,5521.77217425664
4531.39529200413,6149.59255534846
4061.06087243328,5317.34829982543
3318.75254985929,5270.74626821983
4241.69349807236,4102.11516266175
4167.42172828036,5203.57106004169
3726.82813058436,458.063829515153
4158.84032907701,4952.65890206765
3566.10343836766,3189.11337684071
4265.28444860037,3695.42735842623
4294.99898296685,5890.15563549535
4420.31313950783,1869.25295326235
3694.16515451418,4249.36646989942
3807.03806263789,2722.35412123198
4401.2732666268,7939.96253776498
3535.82555233247,5767.1149057074
4232.11579886687,7841.01863736398
3798.18736231847,4419.35005262602
4526.72378537176,5292.56982777236
3813.77120354964,4938.11014426947
3786.46741388995,7152.61620718224
2210.94030585043,3857.3407486696
5021.74658279475,5510.97414254315
4029.46036972253,3843.92862578863
3622.82466509176,5204.4235362296
4356.52403520411,3292.4902802754
3502.5839183524,4820.29801967174
5089.15850462316,4630.8778952898
4771.06421840467,8456.22228630372
4223.99309967759,3144.27296021468
4065.86068073612,4618.48865926326
4023.97069519846,3597.61967008719
4569.93116174738,4401.95970753482
4216.11691839781,6040.81642462939
4472.28796752463,5463.40588668687
2757.80284717501,3403.19843664057
4080.70938127553,4490.33307234787
3361.70647130332,3338.1829616617
4483.70455451285,2519.69207320797
3456.32187616883,5683.28808056319
4555.01949071761,3944.86163729474
3404.36951016579,4896.16840039549
3734.03767855426,5528.53532115614
4672.14015156861,4745.67802192797
3960.15771100382,1490.41249307084
4790.3048629486,2187.62426671621
4301.8741537288,7102.20594117769
4626.88211482654,4263.97189030136
3667.98310402628,3051.06889700349
3119.7196970019,5783.93693334
3645.58169368072,2289.92140926508
4728.92634004183,5644.86956664835
4377.99998853907,5963.41150219636
5624.78231506928,2452.06229563399
3963.73418118642,4435.37668952973
3854.41095331342,4189.97729547521
4774.68459533045,6713.19264076267
2777.57205231837,4617.69284567911
6861.83973357715,1666.30674650904
3677.36553897055,4637.64061933404
3877.49034509617,1052.92169229408
1526.17972321012,333.943312412928
8733.95334224715,3905.64773265101
4524.69244853428,5216.074044131
4600.02670875887,6162.49344622984
4011.77279428823,6123.84785904471
3989.47915845362,5708.35071134556
3979.37505928697,5522.17008104872
3851.71881612056,4999.09052300672
2900.77486398131,1994.62361548848
3728.66771653679,4167.01710100548
4221.79764278988,4543.01576247634
4025.49491217159,1244.67196054182
4560.49153344427,7284.52252018232
3951.00506151809,1312.18809576684
3981.52386904781,7007.58108431998
3188.93727917115,2248.66151948484
4608.05799279914,6561.33855410766
4421.83893942794,4951.86351133876
4592.24446601334,6021.09572424475
3729.40735066318,2530.88801171353
4155.7805592122,5642.31213808463
3966.94608260578,1780.99312508445
3984.18956663837,5429.9322420882
3970.78900131813,4546.0848458949
3830.8232433594,2735.70958150919
4231.79474779861,4858.43195200202
3007.19144426583,4157.69652554226
4256.68037111021,5771.54769731347
3905.12970036179,2598.29050458959
3643.67266636769,2059.86658659289
4680.28215831692,3006.00140710718
3768.62510331538,4933.79110072618
4746.05269348003,6656.30423229843
2956.17747120247,2185.91931434039
4025.11363048966,5132.47471511233
4023.17470927015,5530.41068419848
3892.51405929434,3771.86605660858
3740.62392532047,6337.42147541736
4408.83372056083,5791.66630449018
4241.35439759697,5309.61935153051
3727.07409122618,5699.76928686273
3357.75533468277,3449.34589885034
4460.8009913723,5798.5427765972
8301.32733896045,4151.84294028968
3753.74652840358,5631.40078116362
4108.34257952607,5328.20341699793
4064.54885443183,6060.9350318061
5041.7499131252,6342.87715387786
4409.20779758472,5987.28083545776
4251.29353821071,5747.16670919722
5068.75104659085,3743.16602494904
2893.15967523439,1390.956937815
4228.66622438185,4813.76236889778
4202.48986961764,4185.65782907666
5006.0738526381,4891.73560878942
4059.00776959653,5766.26242951949
4793.50938906447,7067.08400680696
4184.97773915326,6591.91394880955
7581.44188962007,517.112024035577
4254.78932639835,5308.14147242498
2839.92453408217,125.654990262708
4129.67525371557,4954.76176123554
2912.0308015008,1245.12663565147
4114.60708563625,4653.83766690428
4300.80880269956,4486.46817534516
2247.71499050312,4713.05643066196
3940.03506482785,6226.03125353081
4204.86611113667,4776.48048990015
5160.01672711427,6993.82814010595
4547.93901784445,5495.11791630597
4797.98563313189,7501.27896803631
4109.79759273815,2833.80121714991
4418.2583688011,6804.63508899429
4857.56879187322,5265.4043378221
8182.49866410854,658.73671357714
4140.9895931862,6957.512485359
8443.04689911508,3183.88477165049
3926.89988944905,3257.02710171636
3680.03980269036,4186.05573586874
4349.1887427161,5139.57868334489
4104.58670704164,2437.2293791065
3947.91397756519,4183.78246603432
3573.92017568931,3298.45761359075
4831.78353865789,5576.84230513755
3484.45887047278,6092.59039882144
3689.89760365158,4069.09608745891
4550.34720575778,6960.06991392272
4612.76841504419,791.325197812411
3857.92243684223,5794.28039565766
4822.78150838119,5201.52528633281
2361.47397589485,1750.98604784116
3290.3434110445,3699.17808451092
4740.89441448916,5975.11909555677
3602.03709000098,2995.31712345646
3880.52732410956,6969.50381459346
4580.0356015959,4195.54672199849
4462.87933486839,5219.71144500817
4233.13845700886,5913.85455809022
3425.76063480124,70.3577002190344
4098.23776846511,4586.94704031069
3502.7272960735,4738.8011269657
1468.26621887618,5680.44649327016
4514.6691020524,5949.88563125262
3491.00402102652,4878.26640044943
3385.07083471359,3668.77310047556
4392.74000379272,2973.09586853948
2082.34643818306,2624.43310768541
4720.64188186386,1611.57775410263
4680.72651273516,5739.03985411022
3417.99745115388,4687.88005181681
3970.05369046089,4239.47757697759
4312.67008191051,5532.51354336637
4731.18473031798,6066.44779572562
4813.42458695906,6219.89350954893
4108.51372426817,3853.13545318907
4557.06838764911,4813.13696598017
2615.86301929632,3097.72780264047
4011.6940372383,4487.88896899167
4176.23463217171,3937.30309966635
4707.14612402668,6877.20931302918
3425.08663680912,2946.55535865159
3995.3157096612,4533.52519920184
1638.90654420797,600.143194166362
4141.27338213354,4208.44761287987
4077.17900952564,2976.10786649904
3719.63136822424,6016.20836324285
3346.06171564041,6860.95517999993
4503.59871941135,5416.51969635197
3385.73740459168,4103.1951349752
4472.39487649318,5931.52906191073
2970.57084890474,5565.93052536129
4877.56077203742,6186.93109694984
3563.71492425397,494.549842071727
3795.95823730822,4108.30999210265
3118.2895068935,5933.23401428655
3894.3930906258,4355.75515986604
3942.11045717401,6027.91553374801
4558.07818324366,4593.02769883356
4483.37841195366,5532.34270984459
4273.70262438344,4057.16142082821
4942.84413880377,4032.55335944167
3823.83698996589,6875.84518198643
4517.20525233218,5663.96528697062
3604.51827804708,2121.47215682013
3171.76773070063,4941.63379708387
1963.45012870788,794.450943834738
4143.83385647555,4642.01674833635
4854.96916375271,6976.83527895156
3836.34026855067,4346.3212591953
4638.4327037845,5314.50671253241
3366.6524500728,2464.67902778607
4310.85467458229,5111.2194730184
4660.37638120797,7021.61861011857
4459.37107466509,5338.37604579381
4001.58638423386,1614.36246736427
4341.94593384881,5386.91052590076
3568.08535215734,5784.95982019444
5554.14931499052,4070.45979564641
5236.67703065855,4972.55001311882
3774.18985670376,5566.04427342406
3958.85690875396,4109.10538283154
4497.63371265127,4778.41293840151
4316.06001037399,6976.38070955573
3923.54241079737,5747.45086792652
4145.09564425319,5318.71243086818
4066.75555394412,6644.02874433467
8232.4177048325,517.3393615904
4275.7516645602,4136.27129563706
4144.12798568485,2098.05739295456
3189.34138713415,2485.99093248375
4314.02327222008,5478.01172994407
4880.70603763612,5281.60138539234
8311.25516219895,4348.82202515526
3616.01006199675,4658.38420657312
3795.89197915222,1098.21657260212
4159.41288657355,5447.94756724177
3455.89432516077,4594.05100854325
3934.09248735137,42.1691549329456
4238.72129970292,5481.705793425
3240.36606599142,4367.63316389299
4012.48887901069,1814.29657044422
3391.38340763951,5228.06579622071
4267.06073737936,5089.85090571696
4165.18612739216,7005.42156254833
8063.74684385693,349.1742414463
9012.84976665527,66.4931401790989
4929.3658095799,5447.66340851247
8246.22765939131,4579.21766916052
4748.44643443999,6455.85858007745
2537.17448107397,1767.1830954114
3846.11573323507,2179.8384443899
3698.98859166582,3647.57494384065
3903.51607964608,6556.10994891745
4638.44168153987,6802.81638855571
4368.26641959604,4678.50281374983
3670.53875992291,3802.49811391423
4323.91167854468,2921.32210577506
3892.42638773449,5051.43281465738
2698.40672770153,1417.55421602046
4292.10987324098,3344.49132773774
4173.9859567395,6175.62141038151
4713.89753787995,6604.98525035746
4000.63232406002,8582.90041696883
4338.66309208776,5385.43264679524
4057.75676024591,1757.18066585443
3659.93074519764,2869.32105831271
4208.14750175955,5959.49036544514
4386.83466829488,4843.59903547454
4101.4267160334,1205.62857227843
3667.75968881115,5048.42039384257
3779.02987255883,355.766713394735
8921.05297953322,2117.94850400573
4343.67804931657,5639.64138431339
2932.23735333435,2865.5701208004
4313.05721488356,4514.0886575465
2171.28803378849,2110.50371444011
4474.55559784832,6173.17772988056
4192.81737005295,5092.12417555138
4020.19112309772,2544.24347199074
4381.45774212606,3765.84163783422
3866.05586522826,5589.74277316368
3819.32648980539,4325.74808262276
7383.7024449582,2512.47456834026
4238.77289488892,5679.99192387433
3984.94544423687,5513.92947789894
3645.1385338932,5761.54547918412
3481.99893737739,819.911534266091
4640.36899087777,4883.21084691035
3557.37711615578,2091.12404681616
4873.35383620105,5596.44925745942
3870.80547658311,5322.00858755704
3384.90941855426,2855.51102863967
4327.91272743296,4494.65211589117
4113.89781802353,5147.93303455743
3172.05920913981,4502.1539909158
3910.21141449796,6020.24324805685
3981.71294558615,5921.52684378138
4380.89142592436,4695.26817877867
4147.1817027863,7196.71747282787
4002.92765626603,6392.6620169648
4527.55166333749,5056.54767178482
3424.02623090425,6783.37984690037
3652.87048404883,393.048328107831
3930.7240233843,5492.04925574266
3694.39113209526,6331.9653741016
4911.65071167977,5687.15255471065
4599.31747542681,4952.20433267182
4640.40819096359,5369.86100214262
3912.46914350148,1553.49573097598
3879.8733222264,7283.38588526511
4822.68968651414,6749.39454744685
4574.85413001183,5281.71471059986
3410.24381423028,2619.26137652658
3894.64601112736,1130.09922431537
4160.63458281668,5800.87270903538
5010.35701367899,6387.77423310764
2460.46126745578,750.974658251468
8512.30063929832,1871.98079249261
3597.39199478973,4744.93887094759
8352.65007332356,4373.4300865418
3825.79582507478,5033.70122537786
4368.52618216573,6741.4951884854
4196.71570708877,5752.90696924228
1453.64537831235,2932.91573964507
3430.52991464689,1321.62220786521
4639.73943701929,6357.53965973882
4342.19442382103,6492.97004840855
3919.98447714093,4385.8759851721
4612.19196770013,1690.91480789558
8663.23552790723,2606.70151840589
3817.70311412993,4795.34871409689
4107.9413906373,6479.89874686064
3704.2719009639,5192.09138566207
4706.9577815687,5082.51944135886
3713.60914611058,3253.38991226681
8126.62164670538,1910.1718102819
4186.32784661678,4991.02033052348
3822.16341071818,5718.41001493392
3933.68456978831,3328.12365807335
3671.82853620136,4582.62757391214
4887.14967852717,3409.90449808106
4357.4780748111,4547.16481820835
3852.88299179254,1656.53160164999
3996.30346354272,5520.57887673567
8853.72834453823,2526.000439284
3870.95730766476,4164.34592437898
4382.07375778761,3032.99648639091
8609.38541252763,8424.11234989254
3481.82248960627,4302.21999354967
5338.66416827008,8072.32384301615
4253.73511756788,3132.84994843883
3277.13407433807,2398.81107661929
3966.4895778536,5635.37900337385
3269.113166565,2668.93228012312
4561.20202305291,6539.17417322207
4075.35636398285,7731.50420137503
4161.94993035636,2335.72783871415
4180.65252853906,3996.29436729848
4914.96218343859,5068.42525295651
3956.52149588979,4431.28471925673
3905.68655419569,3321.41759663286
4101.0372747646,6010.46852605304
3715.48071110131,4889.97357095459
3478.07766748721,5107.52540953747
3798.75718462523,5112.98151085323
4184.44014370074,6184.14617226058
5042.62033849598,3553.80256317086
3198.04759813413,3598.58589433787
2079.74211794736,1134.4184792863
3548.13710336866,3443.6058502329
4681.13165531557,3371.3726589587
3921.13876868129,5337.01233760631
4196.89743456851,6526.61410367376
3333.49185497532,3956.11466125932
7552.91269749536,172.711670549498
2797.99064624664,3044.64699429231
2989.48416536833,3009.1271531295
4485.47889280182,3032.99648639091
4470.36591762659,5991.48655379354
3931.37381323073,1525.59130147296
3320.7153535981,3504.1885336057
4611.59146789062,5801.66852261952
3764.05072072646,5847.87264743305
4401.67546225439,5012.84389007601
4354.67661379973,5312.34719076076
4368.0711975081,5603.32572956644
4274.63278543889,5687.09589210689
4350.91090848757,4606.26983390326
3034.02446020046,4752.83865276429
8035.9950898237,6854.47661468499
4328.20662429578,4438.38868748929
3885.10916280192,4988.74706068906
5231.73351083281,7610.56590789971
3909.6843630902,1562.24777755297
3873.5597508876,6771.90017252076
4352.31426600264,4799.21318824435
3595.53461713627,3280.10083282124
4292.09835300571,6261.66484275638
4442.65753374781,3789.99512982493
4202.60272311622,6419.71375885229
3698.84750919987,6351.17484248664
1445.76731703952,8643.59705983203
3774.88729145337,4017.03795453756
4839.69463372764,5931.86988324379
5070.64086663971,4755.90773618286
4004.09268297031,3300.0488179038
3582.02674237332,5251.48056008628
4413.53793894312,6139.8174104894
4000.87748761093,5823.88956610887
4500.13764469603,6319.74654874159
4392.09025937376,4717.94379166386
4554.23474086559,4739.53985509084
3968.32895030463,5317.06414109613
3438.0698656156,4768.80820420899
4112.61873141062,2504.23396519049
4365.41427422111,5256.82249048401
3790.49182150226,4675.43373033126
1905.29315080101,1405.16487428012
4503.10588395571,6521.32883587978
4418.90098179348,7328.8512819535
4044.21145388732,5855.37452245768
4192.64751420751,6388.45629862902
4976.76021418405,6191.87512055551
3539.69220071889,4655.20179794703
7070.18437624417,2187.56739268482
3065.83268764832,1800.60007740631
3808.54458416207,4594.73265120938
3726.16527715206,2852.95360007594
4283.34612097858,5309.61935153051
3449.23770369759,5412.82563287104
3857.55275166956,4253.00344792134
3879.51309818831,6984.73506076827
2948.54557474885,6660.2257919049
4046.14320068087,3772.03646727511
8921.42389936029,2343.85469380115
2077.46712143204,3064.93601213555
3133.78372438136,1565.82819868494
4109.53627291247,3953.38639917382
4152.34233546471,7023.15315182785
3683.75774390604,5649.30278110967
4394.81291280817,4736.41410906851
4074.26000048877,4510.67875279487
3199.72874429727,3180.07696010679
2942.97352502262,4390.76376902925
4026.79437053652,5354.23227203099
4036.59706321051,4070.68729177196
4554.78633959727,6527.52366532067
6484.54957107214,1778.37882248934
5121.41731146229,6878.00470375808
7593.92564707535,4900.88535073085
3533.59488254922,5615.99912432227
4143.36623173424,3496.40249985177
4324.96021516056,5780.75452471392
4102.48909434562,5831.33477852975
4118.70101252005,6140.27197988524
4760.84483234924,6556.28035958398
4403.60208345483,1077.35934301408
2777.24891589439,6038.94106158704
3918.06557360743,6872.77652142311
3541.22350108677,5250.96890523144
4863.67067634284,7392.38866639922
3454.35539997289,4966.12811040764
2927.15588301983,2143.18196830989
3340.70388230175,3543.17494212389
4170.58360276907,6543.54987936913
4733.09758149574,3704.40668970114
3373.50154023983,2399.89083750512
2163.83761717524,905.727470515422
3993.6542389428,4814.50109702292
4328.92166778864,5950.34020064845
3902.54447320693,5438.0590971752
3757.27923409268,4728.79890883636
3916.42303855183,5366.33734932822
6092.42957107284,164.30056423361
4673.34257838952,6756.78267440872
4662.70524160316,4073.13097227291
3918.78931798776,3794.99666174485
2280.09019895641,1440.34368268223
4299.59573744655,5303.14036336031
4698.57770929713,3916.95741921935
4187.43932228381,5109.45785803883
8735.61706161222,1796.67872922747
4543.42702612263,5032.28043173134
3437.97258520324,2022.69866708566
2096.13260461642,323.088459524957
1838.46275012313,739.494666730413
3806.94064003701,4122.12002177569
7955.53137375154,511.826703384696
4434.36397660113,4681.68522237592
4361.92254667021,6688.75499004267
3920.23987364555,3581.08180118389
5320.25097607634,6597.08546854076
3453.85599779241,5374.46420441522
4624.79875191797,6050.19366269637
3456.91985242411,4065.23161331145
3900.72520110816,5986.25794860333
4448.98185269016,2282.5901563346
3830.51694085378,7354.08474625765
3828.71816487299,1512.86103268573
4044.8982329572,5417.31550993612
4405.56727028382,6376.74912812386
4301.38091181969,2580.27475658077
5036.44437811531,5172.37068527744
4363.46499094,5394.18490479985
4480.96947688955,4529.83113572091
4560.186888406,4716.52299801734
4072.50167725393,206.981208017679
3647.97286159862,4292.55859675339
3371.545494644,4624.3989071196
4213.2514242202,7099.64851261396
3102.83411815691,4813.76236889778
2219.83979873267,243.69450527217
3215.10454503271,5537.34424176451
4541.21641167992,4882.75585465926
3559.84130928596,1711.99942789534
3982.30211071207,4342.96801704743
4135.0542743557,6021.37988297405
3848.57499639055,7052.93315580085
4373.6071642294,1966.09420592309
4520.36790331194,4947.71487846199
3079.73772182298,1762.80696640909
3124.99001927882,4774.60512685781
4386.99357417664,4486.52526080417
4027.18241489039,3857.17033800307
7885.59845163568,3074.25637617114
1879.96353159487,1249.61640700273
3262.11626655786,1621.46643559683
7333.00778781673,2066.79993273129
3704.28260012569,2566.63513757425
3775.94423073215,6065.19741274564
5050.61053331626,4684.07224027311
4072.41805956021,2507.53012187935
4008.72468398095,4919.18525746898
4821.27169211802,5337.63731766867
7778.56546711002,1317.35982692567
5074.57543983722,2794.98521929825
4620.28634033853,5524.84125767521
3712.3891218228,5972.90248832611
4252.03625651115,6009.16105761405
3880.61215901159,8268.05254490175
3761.2263560223,6145.89849186753
4930.40024476895,5939.2013476019
4762.36498425783,5429.13642850405
4565.67840567222,5677.3774098516
3023.52836522371,6561.05439537836
4596.16985939872,6089.23715667357
3769.63831920322,5262.90357186214
4457.19111632201,1493.93604017143
3338.17700587846,1860.6713173519
2707.3563738996,2039.74819084381
2676.42728939513,4382.29566975394
4462.67417430021,4850.41884497779
8263.05103586102,4206.74266050406
4293.35049309961,5562.12271381758
4090.40097498646,3260.94866132283
3286.29420689953,3891.38313358213
3932.32986281241,5136.90750671839
3017.07130822166,6958.02414021384
4271.87620033598,6413.86017359971
2655.05741007656,4263.9152276976
4257.38445778802,7611.5892176094
3450.99724686278,4314.26798538789
4161.79724554777,1043.43081187814
3945.66238423077,3321.47447066425
3870.99693587305,5133.9521713626
4196.62699178681,4180.65672001199
4326.90979975832,4923.22014228297
4580.77786905267,3551.64304139921
4181.78529954522,4374.39631079248
8775.83799347282,1997.1810440522
7830.09147080057,4424.52157235723
9013.41307347239,1279.1120408188
2662.40080701055,1914.7750125545
4569.96476722868,4970.44757680619
3728.25407091415,5287.68204391521
4019.92474562959,5620.43191592834
4409.36431524474,2920.52650361853
3402.7704701152,5686.01591979344
4065.71088827326,4806.31715647691
5145.50715038013,3859.2165345672
7374.2473519538,1100.26255773862
3861.7867305363,3741.11982838491
4806.96674674855,8971.85705478009
4066.10399765259,6859.36397568689
4647.08965517367,6659.08915698769
3040.94881194087,2439.95721833676
4010.20234137052,3961.85449844913
4183.4879286996,4705.09998624149
4066.35227216181,3163.82324993279
4343.51311523,6430.17096923272
4827.07141914717,5690.78995558782
7341.04520399519,1796.28082243539
4402.00565590822,8448.09585407197
3369.52776581149,4928.78956880625
4826.49237200779,7100.38766359435
4305.99900978216,5102.92220726488
3336.47220224035,3432.92135515456
3946.00089833287,4312.79052913762
4001.18065735345,5693.29029869253
4177.19672160365,7412.22311484663
4441.30074252944,6135.55502954987
4281.34628055742,5316.55290909653
4236.6925318534,7193.70505201307
4339.66599699667,4617.74950828287
3325.48848106809,2973.83459666462
3532.64926041665,5173.67773086118
4630.87907206221,4935.0410608509
5130.81625552974,6920.96975734175
4084.64222799279,5482.10370021707
4802.13770636639,4481.86497307256
3942.85496964958,6631.18451605705
4907.32429858459,5304.90240119514
3351.5028949691,4417.30427891715
4514.11279988562,3798.69072522578
4035.43396237045,4257.83414631948
4110.72922928531,2360.10861540278
4514.09967237941,4038.80485148633
3861.12905575122,4854.96538464663
3954.41825930805,4292.27443802408
3784.27507543967,4672.64922849725
3920.04864332576,1787.35836519187
3578.98493969081,5063.4808064956
4749.9878502701,4725.5027521475
4670.5902691959,3503.79062681363
3539.8929654746,6211.36874766985
4550.89340836636,3485.09302471106
3357.06533984759,894.474763692283
4114.18817247719,7472.97642031358
3860.95247790376,5706.53201090697
4828.28179604632,5027.84764012528
4326.19028879739,5957.61500240279
4222.39610693251,6527.01201046583
3989.08566586836,5308.93728600913
4218.55511145488,4423.44202289903
4118.61565176382,638.390980273231
3681.02181302197,6127.54192252564
4135.23333891446,5345.87792081844
4083.41972388571,4265.22227328134
4202.55777611721,4768.18322414662
8513.58947158096,2107.6052531157
4076.54571073651,5980.68852208005
4201.32065967734,4310.57392190696
4543.33773825526,5869.5824589228
4344.51676289334,4867.63877940247
4233.42796589037,4698.393924801
4297.70698744599,5273.13328611702
3453.00647160179,4462.37176881346
3888.69217506763,2445.24248613073
4361.34884178026,6222.96217011224
3676.38932278027,5205.10560175097
3892.0691384893,3845.51983010167
3921.15681442948,4869.22998371551
3433.83362426586,3280.66915027984
4401.58052292614,6434.88791956809
3160.18372934165,1706.77092841894
2805.12089044077,2756.33963211312
4347.74161064257,3634.67405295927
4204.45086673423,1594.1871975838
4536.90734814293,5890.89436362048
4071.39050812655,8035.78153785416
7846.8978000505,2953.09100942554
4104.48573974375,1614.93078482288
3500.43298085671,2295.37729915321
3533.30815294473,7319.30321036473
3854.76211762085,6017.51540882659
3698.06097565902,2306.06158280393
3954.26469126074,285.409017305147
4373.83748890722,3726.45732252396
3380.82902465502,5837.47252251163
3845.0359574426,5944.03204600004
3703.94634206902,5467.95242635571
3457.91357994524,5620.31859072082
5374.00694531204,5678.62779283158
4176.86722891511,5118.43718931374
3792.27873749353,3055.50190003718
4202.79463002026,7518.83930093879
3897.28964130351,4721.80868866657
3633.65439493024,4908.10306702619
2478.16819791019,2496.61855353071
4456.46388504745,3682.98103694069
4927.00329043653,8287.60283461986
4134.22192603963,3972.82294082915
3913.55044619482,4691.80118856803
3876.66544801358,4144.45481332781
2000.07910470166,3417.9746905643
3740.98452310176,6687.61835512546
4365.2736333079,5984.09842683168
2127.51571318501,848.554744751156
4705.24584546189,5316.04125424169
4817.51126170894,6424.99902664626
3636.76879009974,1430.79592823491
3880.65951302758,873.731229310113
3429.05022618316,3849.61180037467
5205.50663724891,5714.37513011992
4010.34346504666,2846.75877063505
4096.2661364157,2906.54585185133
4341.38221283946,6615.04455394582
2320.8387428133,1046.61343193185
4499.55068895932,4636.21982568753
4410.01217174556,6015.86754190979
4145.04538309173,3587.78786262437
2830.33330018289,2599.31339144403
3798.22821243357,3885.07497893372
4195.85116265625,4978.06277703834
8121.49778213014,1502.68808674842
3868.54903207082,451.585052772583
4132.31585455829,4385.42141577627
4482.26306178248,4075.63173823287
4524.28163928592,6865.95671191986
2501.1806777538,1826.96996520005
4336.34862726127,5787.85849294648
4361.37332426466,2789.41558134735
4140.27066583113,5791.60921903117
4760.42938707715,6691.82407346123
3495.44720415997,4881.50589453453
3616.79102588076,5275.40655595144
8214.88940667203,2689.56233072705
4304.21438930526,4728.51475010706
4636.37130902279,2436.20628082444
3522.5403855415,4864.91094017222
3967.02801057988,4753.91862507774
4094.62699860109,5729.60595343948
4251.34763452079,6648.2911252742
4505.65199591509,5711.87436415996
3469.62024718467,4885.37036868199
4754.50983853162,3048.73896456531
4194.69199732542,5560.24735077524
3716.82976875933,5584.05959857763
4176.55827626203,1990.98642603893
3488.35689427927,4232.4873568078
4357.7703011866,6456.99521499466
2787.42578052819,1124.41604972933
3693.89365068842,5453.68782728683
4300.95469188453,5653.50807659019
4131.8484303883,1125.89371740722
3406.67381107218,3961.62700232359
4350.88085838328,5173.50732019465
4589.93321946954,4968.85594963789
4378.84540529334,6027.91553374801
4163.87883450983,5083.03109621371
3879.75039943963,4686.28884750377
4830.03944137264,5340.1947462324
3798.24471356312,2892.56520008413
4316.17806260066,5272.67871672119
3705.05077559624,3423.48745448382
4889.09215331197,5991.88446058561
3189.83807417472,5007.21737809372
4125.240591496,6002.96665102841
3904.56020785184,6918.86689817387
3834.92819135885,4571.14747667728
4154.0877271508,6137.99871005082
4084.28864142748,6867.8320749622
3562.81085162764,4808.64751177034
4306.21084926132,6946.94194977105
2755.74132284468,3431.55743553943
3633.45131605183,4379.62449312745
4199.18320682988,4682.9356053559
8394.2055217079,4872.01490840478
5015.72067632579,6444.15140957229
3930.39605718676,2524.75026773165
4182.68532647855,6332.36328089367
3203.43094549318,1602.6551911453
3830.59325566262,4974.53912422394
4023.99871385517,4615.19207971915
3484.71776596464,426.294899436214
5123.33734887716,5733.86833437902
3752.43810495447,6136.80541252985
8081.89978878546,5714.82969951576
4630.54918174495,5736.70992167204
5044.36429735288,5599.91582481481
4232.61698605601,4401.50471528373
4664.70641195444,440.218677172033
3719.99640507016,6222.50760071641
3629.30829185826,6486.54772284211
5276.26537468233,5668.68223730599
3773.31057247836,5571.9545212804
3735.60668714851,4264.02897576037
4332.6709007968,6392.15036210995
2904.84982072646,4921.34477924063
4612.58344676988,6498.76654820212
3384.94293494686,4687.93671442057
3848.45109245664,5897.03210760237
3527.53651176617,3448.72070736035
2741.03079329659,1601.40491387913
2560.29300534693,3873.70862976162
2367.79581852142,3333.40913729495
4163.51885748033,4449.41421532832
4441.80873885105,6620.38648434355
3974.24522374359,4563.75934971541
3875.21922303871,7685.98214208288
7634.3997514663,2192.45496511435
4136.16989594126,4410.37072135112
4211.53717921825,2401.4253792144
4125.00233589363,6775.93505733475
4274.83361673218,2441.09385325397
4101.89019629542,3616.31748361739
4531.13007313661,6592.31185560163
4274.19424082232,5081.38280644165
4186.23033770151,5872.59445688236
4016.69109577798,3004.92164622135
4041.35609053431,5549.96055106134
3474.81324026081,5362.41578972174
3772.32305187322,6451.1987152011
4157.94485444388,5966.70808174047
3319.61737122483,3524.87524681339
3278.37742748301,3686.50468975509
7846.27265676754,4546.82357402004
3161.78155463637,676.695587554578
4004.87103808643,2270.14404627668
3731.22280657877,5132.02014571649
4167.98470925389,3998.39722646637
3145.22533718774,4573.30742130418
3659.37914625908,4042.38516690449
4088.08849859552,4848.48639647644
3963.04376877637,5087.57763588254
3457.74202826267,4575.06903628375
3401.31899595469,1906.19358807167
3412.3944864345,3296.35475442286
3408.430956197,5983.30261324753
8388.29022402662,711.988091162557
4269.22288004631,3375.63503989824
4561.00212206672,6282.52175520298
4646.4969735245,4893.21306503969
4312.60423069466,4491.81052859814
3823.21639477109,4346.3212591953
4022.16525115314,4882.9833507848
4879.74655923072,3262.02842220866
3640.45813884336,4770.00192458521
4340.78734639844,646.120087138875
3101.00475986568,5072.00556837467
3496.81520757756,5843.61026649351
3877.53973984334,4323.07690599626
4389.35568773185,6576.85353615652
3757.23402067477,5956.87585142241
3463.03551151492,2791.85947327592
3903.91008395166,6121.46084114752
2995.01650049841,2751.50893371498
4052.32552717587,2753.55470742386
4662.2966518223,3959.29706988541
3342.9230069547,5457.66604949707
4627.56183188091,3812.15951071051
4420.87896629655,2507.4165852442
3875.31818704119,2831.81210604479
3735.53509505485,6005.75115286242
4121.16885601975,5301.94706583934
3215.11882108602,3160.75416651422
3152.80618426995,953.409368720655
4047.45630045081,4369.0539575395
3785.35329048391,4875.70897188571
3263.62839958355,3599.72252925508
4879.99937663175,6025.9835081019
3882.31978226165,6219.72267602714
3098.86693299244,265.915733760691
4617.00592391225,6175.10975552666
4131.42809604691,1317.24618457671
4044.23268188172,3260.60762856214
4307.93892277342,4979.65398135138
4658.33930670068,5203.6281455007
3979.70065811988,5855.26077439491
3459.89394984005,3905.64773265101
8251.48501654332,3537.88967432992
2903.48970587055,4312.79052913762
3847.18605432436,4690.83538717261
4934.38330058877,2791.34781842108
8069.2327982792,4668.0456033694
3488.85549545568,3517.60065648668
4593.85386482563,4895.03176547828
4352.5320210995,6704.9520376129
2863.71310747958,279.555352767207
4433.45216410339,7020.76613393066
3994.19115171721,4192.875545372
3560.50993569396,381.795647713146
4256.37086790016,6259.90280492156
4250.30459969073,4994.60106879689
4876.66347063684,6210.74334475224
3820.81627328484,2707.23683454756
3649.07543992582,5032.28043173134
4273.56556147591,6737.34613275338
3684.59007863179,4568.98795490563
4253.58875745389,6138.11245811359
3599.57830803989,3889.73484381007
3329.11507861353,4488.74144517957
3408.3265319735,3333.8068326594
3252.57784548648,4975.10744168255
3889.8511498747,5662.2032491358
4041.55096811362,4258.7437079664
3813.01591281625,4617.57909761634
2462.98043532719,1388.22899287093
3543.69803556989,3573.8074222848
4096.15395892077,5009.60439599091
4473.66176525781,4972.60709857784
1883.17400865654,4796.7695077434
3785.06644823704,5572.35242807247
4481.99678548532,3819.83179640168
8712.57382256158,8282.6579653037
4394.66287177458,5158.44690754162
4632.38477160023,6169.48366639963
4202.70951162676,4563.07770704929
3986.24965816951,2429.78437811326
2245.06046272194,1587.08322935124
3973.02627753337,6692.27864285707
3248.23630662003,5539.39001547339
4083.58248021589,5203.79855616723
4066.81737280721,6084.12229954613
7715.62184037176,1398.57234947478
3656.96559593995,5374.29379374869
4170.18387531138,4138.1466586794
3943.43277372015,3512.94058018269
4077.55959172917,3277.77068895543
3160.01416432867,875.606645209365
4450.15999689061,5827.92487377812
3509.32516101434,439.479869761537
4177.97445791135,5065.01534820488
3684.01169138992,3438.88868846991
4498.57274644059,5650.49607863064
3488.66660011688,4384.91018377667
3644.61489752314,3249.75272281727
4861.27779499968,5530.63775746878
4634.78624422405,5148.3309413495
8634.5657280864,3448.55008526619
3383.81430617507,3677.01370362533
3657.69065603651,5590.08401735199
4616.8429988823,5719.60331245488
4075.19944158425,5235.90849257841
4135.66327444341,6028.99550606146
4526.71187288581,4637.81145285583
7866.56502193089,1167.94910363017
1912.62457951258,1539.79923793808
8580.67504125374,1264.96097838507
4546.34636346942,4395.53738196838
4830.25774178943,2812.14827969154
4442.58889919799,5397.42439888495
3751.1167139834,5430.2164008175
4610.72232403048,5562.52062060966
8258.956547776,2199.78621804483
3888.26215839187,6021.20947230752
3699.45774572648,2801.2367113429
2802.78087592617,2483.88807331586
2887.03231863371,4933.22278326757
4323.77662266113,6725.52521418545
2172.4150954724,2065.54976117894
4259.25620432899,5019.49328891273
4238.0309593905,4657.98629978105
4096.56828401602,6350.71985023556
4911.14900448406,4954.53468796525
3146.0624318432,6721.09242257938
4466.78443948232,3518.05543731014
4120.13130675201,3676.33163810396
3347.42556462795,5198.51328837326
4523.75706911925,6256.09499337785
3720.97823041886,5304.39074634029
4019.09106130518,2832.77833029547
4482.87871069776,5933.40442495308
4340.66142156663,5316.60957170029
4341.55839505081,5405.77875009749
1664.05914102612,3206.21956320261
3424.07178238621,4883.09709884757
4923.55002068515,5073.82426881326
4829.44586572104,6161.58388458292
8753.16067444917,939.883392063098
3935.7167408413,3090.62383440791
4132.42621127735,3271.29191221286
3608.51872138988,3013.10537533974
3133.37042935694,3423.14642172313
4509.07351531539,5865.54757410881
8237.05625074678,1352.93643640604
3916.57658132204,6172.15484302612
2978.18650026008,6310.76721746669
4141.82930946358,3304.65223160402
3884.85320807708,3821.36633811096
6257.97211113026,2970.87947273645
4740.54050478377,6049.96658942608
4411.45320106956,6438.75239371555
7220.34011781278,1658.69122913545
4104.17495868796,6257.51578702436
3572.11210930299,2448.42510618444
4359.02170893437,6323.270201556
3109.57539613423,1723.99096855743
4177.42703752895,5250.74140910589
4819.77054005467,7172.96146477399
4488.65594162258,5544.61862066361
3856.17863662902,5560.8723308376
3256.53708349058,207.379035524393
4409.11805509274,5794.56455438696
4204.04507663785,5930.27867893075
4515.41165445851,7248.26352803913
3543.29170210946,4502.21065351956
3837.45255174677,5172.88191727703
4196.1597273809,1827.42474602351
3875.53077325037,5968.64010738658
3669.7401408128,5797.51988974276
4803.34519417399,4265.90433880272
4344.62088863216,4411.96192566416
4448.3170906153,3001.73902616764
6439.76284679213,1345.60518347557
8707.34828674544,3006.45597650301
4184.81345226463,6833.73302744591
2738.1016719401,1317.75762800393
4824.73141910151,4997.95388808951
3686.1610548075,3697.75729086441
3511.46573184452,5300.86709352589
3485.38780623172,6627.77461130542
3745.61710922026,2901.0899619632
4101.19987524595,6336.56899922945
4167.27393358076,5829.34566742463
3430.14210199519,1430.68228588595
3767.02694957654,3637.57272571131
3010.25227378371,5564.79389044408
3680.38150278055,4192.59138664269
3193.30294714212,2854.71521505552
2989.03860292459,320.417362183823
3223.79572610623,1891.13317541864
8122.94447823509,124.518355345498
3169.73516233516,3055.1608672765
3292.47587486786,2835.50616952572
4177.12955090336,6276.27026315832
2705.93848762922,514.554595471855
4254.18801782876,5839.91620301258
3830.04896084476,2193.76222212572
4020.78343482939,3569.43129328249
3653.07763572558,4379.34033439814
3841.04362799553,6122.93829739779
3343.80031201977,5197.43331605981
2025.56993564088,1944.49814249611
3940.22740680987,4096.77323226402
4460.5995618039,6133.50925584099
3896.53831519788,5018.18624332899
4195.5860129594,7544.75525361958
4124.60833521879,5779.10623494186
4207.23569001214,5052.34195344904
3909.15044662439,2956.61466223994
4363.96575178277,4392.01415200923
4738.9130531614,6927.10750132364
3745.2165260152,4714.30681364194
5590.85763593764,4854.28331912526
3825.00459929685,4363.20037228692
7961.89328520849,4417.92925897951
8436.73326375506,3271.46253430702
4365.28232163092,6467.7365841044
4141.01623444437,4953.79553698486
3815.58554164576,4602.23452623401
4764.69307072565,2433.7057262921
3009.63090531431,4256.18627940268
4004.63103224101,2985.5419785974
3999.53595257027,3196.27400767703
3623.24207119239,2731.50407460104
4119.26662668832,5314.67712319894
3428.61519169887,6006.49030384281
4275.47682966117,6851.91918612127
3995.71401578865,4217.88151355061
3888.3615411864,1933.1886673554
5409.32237367557,5645.26747344042
4268.29813949521,3287.14792702241
3611.48078941808,6059.57090076335
3312.99921167472,1652.21245239288
4234.02487924692,4919.52607880204
4208.46468471853,6471.94230244017
3618.83483033518,4895.37258681134
4055.17622831771,7270.99622638332
4491.19287213868,4749.71290674197
4660.80689581346,5880.26674257352
2554.01199942736,2692.63120271799
3807.26503183771,3808.97710208443
3486.99057613449,5496.42538474497
3680.65019984659,3457.58650200011
3692.00270228512,1902.04474376728
4848.60634627771,6588.90195085
4992.63865446937,6088.61217661121
4166.24551957422,6902.10153314502
3208.8616259157,6252.40092989692
7714.31259228014,2427.90880364328
4290.40628296848,3673.09256687411
4385.26651221468,3482.02415272011
3797.6281812222,4020.90285154027
3930.58369509865,4811.09119227129
3663.9332029006,1658.97538786475
4772.62609564717,5139.69243140766
2721.65351571911,5302.45829783893
3892.41095448751,6374.98709028904
3828.86331209982,4034.99703994262
3144.80179667839,460.905416808177
4214.17146423109,5035.40617775367
3783.38204911659,4051.76240497147
4046.69792373691,4151.10421216454
4114.79553487553,5688.5166857534
8391.25786992816,1482.17188992107
4041.44318429185,4754.82776386941
4004.65451624192,3014.24201025695
3858.21565227362,3403.82362813056
4202.3645249554,5713.06766168093
5025.54565361189,4076.65462508731
4540.58899833286,3962.53656397051
4426.55019836443,5638.78890812548
4521.15811642294,6385.614711336
4498.52864961654,3727.2531361081
4065.53041470581,4814.04652762709
4593.34591681761,5044.89716388342
4689.35745273735,4609.67973865489
4098.98054602062,3757.88519341375
4508.57855531216,3195.76256424981
4888.0570636858,5331.10166689472
5002.51216702469,5084.62230052675
3073.04811291738,4173.83691050873
7188.94463546023,2701.78115608706
3740.91245465472,4197.13792631153
4100.24026402228,3948.95360756775
2838.76708040661,1868.34360304306
3741.63044887481,4154.51411691617
2048.39595466531,5316.26875036723
4460.4604636646,7286.05663903635
4105.8895926049,2593.06189939938
4039.65797259723,6196.25124955781
4811.64635554783,4890.08731901736
3734.84261967106,3977.99488341561
3897.8038235859,3002.70525041832
4102.20899015686,7404.43750394794
4094.22287682461,2801.69128073874
8135.69687369913,7117.1530286232
3779.50529405809,5756.31687399391
4865.3030657585,5710.16941178415
3362.26910859244,5506.48426547807
4148.60693547904,5667.71601305531
3253.11199692555,1522.97710459166
4073.43306295044,5128.61024096486
4265.63026694164,5211.92541125423
4385.4503186952,7127.4960680856
3360.31678123865,3320.90615320564
3920.97764510547,4861.38728735782
4043.45753836245,4530.3423677205
3644.83411262739,2751.96350311081
3864.67796222897,5852.24877643535
4190.1869204266,1458.47307304001
4379.38237535672,4285.39754306181
3617.27514350865,5196.12627047607
3633.17724206256,3472.19213382968
4175.71553159804,4206.45850177475
4483.32519458692,4992.49820962901
4193.14222842713,3727.82145356671
3326.59103478504,3546.81234300107
4363.5145289463,7218.37019885862
3627.42793800541,5050.69366367699
3777.3738503138,4983.46179289509
8882.03601979736,3572.95494609689
4040.46757738231,3651.95107284296
3971.44681464292,5468.40699575155
3337.66291477907,3288.05727724171
3190.48029351465,463.178686642596
4197.47889547968,3995.04440717375
4607.94575046038,4009.53650236818
4085.26317196125,4356.38056278366
3962.03408482464,6051.89861507218
3766.431591469,6200.68404116388
3670.01582560396,6901.13530889435
3150.90389615954,6033.76954185584
3395.30479711573,6832.0280750701
4396.95299480007,5663.11281078271
4369.11699472678,5484.20655938496
3221.69424897743,4222.82596001152
3204.67359482845,12.8439747296472
4296.57072602213,4218.62024167575
3299.06398886164,2462.40575795165
2842.72537481166,1490.75342011772
3726.73825332008,4332.45414406324
3634.30321753053,4699.92846651028
2392.89768097705,3810.11373700164
8160.48379685769,935.166336013915
3441.37135258936,1193.01194584017
4422.59092713525,5375.37376606214
3976.61390613087,6795.54200965662
7553.85415322785,4846.83852955964
7425.34412191265,4879.11887663734
4351.39685280044,6759.79467236827
9393.48180006216,3190.30667436168
4491.67030008188,6299.23045762806
3607.47963286028,3811.19370931509
3729.97184542828,7134.60003631816
3587.47526535968,6423.80572912529
3356.39992883939,913.740788967275
2583.7532586403,3408.82473719524
3893.29748658532,6454.94944128579
5580.123246161,7349.13987694149
4737.32575120069,6176.36013850664
4288.48525846922,5434.42169629803
4460.78222742782,6384.25058029324
4000.98432292361,4779.20875198566
4547.41633028677,5215.16490533933
8448.41531638664,6050.87572821775
4896.52251799961,4440.49154665718
3319.79338309527,3259.81202640562
4452.7893176984,5778.93582427533
4761.63416099953,5977.73318672425
4556.04966607873,6322.4748108271
3445.23315566724,3381.94340597428
3766.3596356033,3518.22584797667
4263.01391114861,5641.0621779599
4008.3211025009,5148.27385589049
3409.41690944204,1484.38828572411
3351.14256931458,5923.45886942749
3765.5559582507,3581.65011864249
4188.69370453055,1201.02526429202
4282.38959886655,4091.60128967756
8582.05301810921,4322.56567399667
4148.82719351043,6495.6978876388
3796.6025747545,5939.82632766426
4152.54816037139,664.704046892491
4380.23313738178,6026.83598428981
2220.42190055214,1731.83366491513
4536.91485278466,6158.91270795643
3418.36088120516,1066.22038425372
4492.9975503024,5843.09903449392
4097.83040027623,2724.11594763918
3797.13539904702,3000.60239125043
4006.15902534067,4978.00611443458
4553.77769183616,6137.14623386291
3993.98476612436,2363.00707672719
3841.4066135101,2078.84834742477
4770.53878613032,5648.10906073345
4505.69441171198,3059.65053291395
3961.63450844552,6100.7739165122
5490.88884651753,7027.18803664185
4817.36766773661,5964.54813711357
3844.97045459516,2497.81185105168
3260.38110330233,6491.49216930303
3985.51621290677,4278.91897774687
2157.68376875199,4227.37249968036
4074.66876808464,5035.5765884202
3790.90604364574,5732.33379266973
4458.0043386237,5596.67633072971
3586.71095588436,3373.87321349104
4397.01925206342,5637.25436641619
3868.55951432927,5186.18071495048
3855.16264617731,6107.87788474476
4632.82275499964,6027.00639495634
4539.60642308596,3737.76700909229
3099.68280056202,2509.86026574515
4166.69529693156,5434.08087496497
2318.65025695683,1934.38196487637
3579.29234113155,5539.33335286963
3827.11936639911,2758.44227985338
4117.55650942655,6435.74039575599
4302.36389765806,1137.8851523555
7924.2402875479,417.826985160074
4185.47675302114,3852.56713573047
4278.00016328326,5795.53077863764
4192.65033860136,4795.34871409689
3910.84957817334,6004.67160340422
3957.56104770324,4951.01103515085
4223.45984134439,4898.78249156297
3069.7845807543,1988.71315620451
4609.32105038177,3299.65091111172
4533.82575549275,5551.09718597855
4400.50523610426,7090.21461194323
4237.17131434567,3340.11519873544
4448.79123410587,4362.97287616137
4184.72330379196,5210.27754433743
3674.54915041136,4341.77471952646
3353.26205822425,5797.00823488791
5228.18054036092,5445.21972801152
4223.54531028953,5010.91144157465
2494.90752956109,1170.10873111563
3185.23059268747,955.682638555075
8215.0199340611,2734.28878786268
3236.96090397969,2298.73032987345
4557.72544925067,3744.41640792902
4559.11138672676,4356.38056278366
4286.54260929828,3799.59986401745
4555.77544966918,5818.71804637767
3171.61101303415,3731.45843158863
8259.1061804217,1169.82457238633
3321.01833369957,6003.87578982008
4017.51159488146,3483.50160897039
4485.11613971612,6593.10724633052
4364.34306428559,5526.88703138408
4259.47650570998,4079.43954977657
3162.68301446785,5389.35420640171
3378.57191088723,5274.66782782631
3904.66222596065,3669.11434466388
3959.87066941003,2106.24133350057
3398.19147176168,4799.04277757782
3392.92221092577,2153.86625196061
4595.83651033814,4277.55484670412
5139.2495008494,5633.21905874695
4676.07208785733,6811.68239462309
3780.72526844253,4596.26719291866
4491.96227764045,4549.77890937584
3892.56434885047,395.435266719662
3789.81333633777,4901.28325752293
4046.64756510397,3448.20926393313
3465.99371072149,3440.82113697126
4583.50877144714,6051.67154180189
4553.144839148,6429.8297250444
3499.7413743248,3319.48535955913
4198.88183276866,3114.2658829714
4630.9897268615,5566.66925348642
3454.22681689898,5467.21369823058
8648.820151882,7431.83006716849
3654.07480039192,6670.91007555562
1747.36370427774,356.164540901449
5047.89931420924,4111.37865266596
4205.95821598449,6373.50963403876
4021.80873882554,6437.33160006904
7200.5568602176,706.077579021686
4225.95296876092,4619.39779805493
4207.15760404221,4304.77742211339
4292.86443144911,4920.77646178202
3978.57058700609,4073.81303779428
3536.40628546383,5411.97315668314
3632.51599789631,6347.36703094294
3495.43698775496,4724.36611723029
3776.88808123133,2665.74966006941
3978.8122465697,6198.97908878807
3609.40011241904,1732.57249875408
4216.73427427105,6011.49141290748
4297.50421289985,5541.43578918227
4713.07939424123,6283.65839012019
4301.91589142507,5867.42293715115
8816.69800007798,4805.23760701871
4232.48951450138,2787.02877487778
4335.09522999977,5293.42230396027
4351.01572043931,4986.47379085464
3972.83905594248,6374.98709028904
3756.63706422916,5385.54639485801
2686.64448555466,577.012694743908
5061.29400527148,3952.36351231938
4148.27299825418,5181.17960588581
4685.35698328265,5534.84347580455
2240.34615396149,942.554462975778
4080.87206025964,4050.90992878356
4328.95520690697,5919.59439528003
3505.9161171503,6127.5985851294
3447.37625385354,5695.50690592319
4809.25005619067,2936.49626649085
3758.383952164,5920.787692801
4287.76451975055,4737.1532600489
3750.45748983705,4116.49350979341
4460.00608426715,5195.61461562122
4597.07315206733,6064.91325401634
3626.11985073701,4738.34655756987
3428.40020597097,4414.40560616511
4143.3022991048,6235.35140613878
7932.37995083856,1414.08743723745
4233.35798329883,1130.04235028399
4374.01562923775,2425.91969253817
3747.73979466853,2654.83809172077
4681.7007899109,6590.60690322581
3982.02663771906,5750.00829649024
4537.75250071326,6301.95829685831
3740.41178384705,5022.22112814299
3156.44837226847,2807.0334225641
4047.00602903641,5176.40557009143
3016.1191820178,2140.39704362062
3827.5482667525,5484.09281132219
4604.8692839065,5241.64832976822
4041.05257781804,3797.04243545373
4026.49144740616,6300.2533444825
4686.1410289993,4055.22897232685
8542.82815170314,1056.10431234779
4436.60008635959,6422.95325293738
7975.21750805073,3788.97224297049
4414.45264483261,5273.98576230493
4390.087236497,6565.54384958819
3025.52317346602,2543.78890259491
9159.13699660707,1839.4162866856
4121.18279626189,6160.16309093641
8234.40281682973,1680.96925236999
3055.7382147542,2468.9414087256
3549.49503349293,6724.38857926824
3611.43228148541,517.509877970744
4128.61890118235,3587.95827329091
4378.23771110932,1352.87966808847
3737.78955961648,5434.19462302774
4224.21463728228,6122.19956927265
7672.64501773358,3295.78643696426
4939.1859086696,6308.32353696574
4051.77834042459,5550.41554331243
4206.77730086426,6543.26572063983
4262.28878182098,4489.08268936789
4293.34205367377,5199.47951262394
4744.65835188101,6042.57846246422
3820.14179886781,2135.56634522248
4169.22147734253,3735.77789798718
4706.54386502107,5224.88296473937
4309.08950459575,6527.46657986166
1685.04008017148,2185.97618837178
5041.9426647288,4571.14747667728
3524.63418142324,6692.22198025331
4627.4352372707,3799.03154655884
3245.47274993649,2730.1970290173
3994.52043470785,5065.24284433042
3591.43274926048,5743.87055250836
4038.81670832958,5166.51710002486
2808.50100427816,2812.65972311876
4060.14323577145,5467.44119435612
4152.17476891915,4968.96969770066
3346.66321991077,969.720058639852
3754.60189086208,6154.59366441313
4598.35656170893,3209.68634198563
1316.6471350743,4026.18811933425
4686.05468520741,5557.29201541944
4233.01737748188,6464.61083808207
3030.40587220867,2118.68744355849
3535.3495729345,2379.14725026604
3881.90012527186,5195.5012904137
3949.54757315842,4863.83096785877
3688.19175690016,4208.0497060878
4020.35454253586,5183.79369705329
8144.66018171779,4967.83306278345
3061.74131465004,4842.23490443178
3926.92066698584,4343.99132675712
2728.39257338343,1030.64366905953
4537.05489433855,4586.71954418515
3927.86260413917,134.748069600385
3857.59488991866,6088.27093242289
4255.7555740282,2153.98000002338
4036.66147283699,5541.15163045297
3348.83967349351,2791.00699708802
4084.23568289371,6477.79588769275
3997.5489864524,6366.06442161789
4608.89267177405,5477.27300181893
4016.84385466619,2564.07770901053
2570.62587035481,1881.35803055959
4798.18222662039,6272.46287446987
4112.4266349988,5058.19553870162
3610.0276398289,5059.33217361883
3807.56510826798,4439.01366755165
4265.68218321425,5468.00951181472
4027.74980995476,5835.48341140651
3613.61241694828,6631.69617091189
3663.03440024973,2453.71058540604
3988.09104035481,5251.3097265645
2558.26533021265,923.174795351828
3284.67618577035,2655.9178526066
5285.87465778718,3862.11478446398
3953.00297703944,1354.12994535464
4289.26884497446,6128.84896810938
3877.9544924143,4357.85801903393
4577.61975429698,6259.50489812948
3993.94794895922,5765.92118533118
3966.5310879274,6354.7551579048
3989.60061715732,4854.16957106249
4149.8659769873,5365.65528380684
4224.4157075622,4141.27240470173
3277.00878029297,3282.88554608288
4455.69664556474,3609.78183284343
4670.44799680084,7012.63927884366
2819.65464868785,412.030141796614
4920.45385182758,6880.2779735925
3756.18176608939,4179.34967442825
4179.01436000318,3922.98141513846
3619.41092011198,5343.43424031749
4090.31064609011,2997.87455202018
3916.91190490246,6389.02461608762
8216.30760156388,2253.83325064367
3329.07781685296,131.394986023235
2821.93715493685,6902.72651320739
3954.4586217283,5390.66125198545
4452.15307294685,6287.40953906013
4222.85872274647,353.607112337727
3845.29970148293,4586.77620678891
3840.58793677325,3309.14189724147
5092.71663034753,5886.34782395165
5559.80506320053,5435.55833121524
3734.38002657816,1063.54920762722
4405.62697886301,4596.55135164796
4363.78033359442,3063.8560398221
2470.65357520759,1554.2913331325
4068.86133825468,6356.40302482161
4283.41616204577,8846.77055128326
3172.64490920647,584.344000531292
3890.14745234158,3461.67826084549
4895.17192586456,2067.82303101336
3814.18486282481,3193.1482616547
4663.82420322388,6877.26597563294
4005.07719672612,6237.34051724389
3275.63868289893,5459.93931933148
4590.61788191457,3814.77402473325
2955.07535461713,2486.33196524444
3953.62934707283,4296.25266023432
3458.74846196772,5316.04125424169
3796.2748977688,2579.13812166356
4917.1953955649,3226.67899171239
3539.18857553568,5853.95372881117
4066.35161643592,1211.59590559378
3855.77526839471,5394.35531546639
4495.22894673597,6825.32201362961
4391.09514444035,4610.30471871725
4936.06505095844,4279.14605101716
4290.43264327633,5820.13884002418
8213.39766127409,2156.36680649294
3722.47840319989,4202.19612083522
3268.08953658272,1308.49403228591
4325.16810529514,5549.05141226967
7751.56900953275,3916.78700855282
3339.53944899598,3406.43793072567
4079.30627823317,4614.39668899026
4397.11889138217,6733.25458533563
5584.28509879458,6317.75743763648
4305.27425318601,6523.3179469849
4219.25054654054,6454.15362770164
3351.3152697825,3134.27074208534
4813.28386329212,5346.73039700635
3492.24235730329,4939.92884470806
4394.59602231149,4782.67531934105
4229.5301236905,4977.15363824667
4033.26217389858,4183.49830730502
3391.4652954287,3140.91992949444
8859.29863778009,3569.26088261596
7397.46572464631,578.831289468681
4399.15419161576,6828.39067419293
5113.36149506878,6270.13251917644
4171.71437055131,1152.88879669095
4238.18787149978,4983.68928902063
3912.2831010098,1525.7618178533
3708.91171608667,5817.5247488567
4109.26198571961,4868.43459298662
2081.60876431963,1196.76288335248
4482.45957890105,6641.64172643748
3584.38926190064,6689.03914877197
3738.00784882726,4359.67671947252
3337.17452955905,6518.25975246121
4047.29752480545,4532.21773076285
4157.85629972703,5501.93772580923
4166.22321118839,6656.36089490219
3744.75884550838,4448.10674688933
3750.32226393015,3424.56721536964
3510.17889162091,1034.05357381116
4500.27988010525,5019.66369957927
4206.78396057811,6868.28664435804
2758.26858465932,708.294027681626
4334.33396482132,3428.1475307878
4287.32542899535,2844.54237483202
4776.98390954183,6873.57191215201
4210.22377996102,5028.58636825041
3611.05029496447,5168.44912567096
4082.71225275008,6439.60486990346
3962.16362294622,1937.11001553425
4365.0462481716,4748.69001988753
4090.62845111525,4524.54544507168
3455.67039564309,4618.94322865909
7640.83471763384,3469.86198996387
4242.82187104521,5994.21439302379
3990.8939049537,4427.13608637996
3776.00634829519,5042.39639792346
3988.26590702993,3725.09361433645
8483.73707799657,7428.0793410838
4763.96857446153,3716.28469372808
4127.04652983061,5028.75677891694
3009.79473927058,5636.57230089482
3736.24804545015,2635.2311393989
2821.76862195526,676.922872252495
4619.55643092608,5310.86973451049
3917.90816746026,4778.58334906804
3086.03445910623,191.011484788038
4147.2569286646,5209.14090942022
4344.09807938793,5095.42033224024
3987.37392762106,4436.11541765487
3849.77169143544,4695.26817877867
4700.79687344434,3687.6413246723
4066.90903810613,5752.05449305437
8572.36181140019,5354.63017882306
4310.77344622007,5618.72696355253
4530.42274601061,5278.87312330683
3331.24879561637,4446.74303870183
4102.46163792844,6986.49667574784
4177.69042467988,3886.09786578816
3646.83014719927,4854.16957106249
4181.13082756876,5593.32351143709
3749.60902189208,5083.25859233925
3606.26779621688,4902.98820989874
3773.76645324782,3090.6807084393
3195.07994549907,697.552817142613
4077.4559762874,5800.75938382786
4581.3094229211,5244.60366512401
3850.22842252367,4874.0040195099
2880.3352172844,620.943602579918
4524.73436612772,4428.10231063064
527.310334984792,1637.15203973985
4134.47626002755,4652.98519071637
3966.03844133105,5096.78446328299
4465.22510097652,2535.77558414306
5175.17211846632,6395.78776298712
4200.14711169813,5399.18601386453
4141.85587409999,6307.69855690337
4843.30991541115,5945.33909158378
4290.86981599043,7583.51416601223
4175.80141310504,6489.10515140584
3261.37016716607,3235.54478635215
3516.81753282593,5763.53459028924
5451.53593302689,3988.73582967009
3871.39934425437,4946.86240227409
4042.14782180393,3948.61278623469
3814.69239011161,4948.22611046159
4625.73862326069,6058.15010711684
2419.02190474925,2019.85707979264
3843.8271426981,7121.47207216649
4221.38867427912,3047.71586628325
4581.0187572916,6847.94096391103
3318.31033373702,3868.76418330071
5015.12206948776,4772.61601575269
3779.24534513262,5800.02023284747
2340.85061578222,4472.54439760934
4352.41903345131,3779.70875296628
4706.78020357453,3696.79106661373
4483.03466819808,5296.32055385705
3734.30286929987,4008.00196065889
4745.01031360719,6106.96874595309
1618.57552076417,1938.18977642007
3862.5133080029,1075.42710594035
1471.34344730834,2689.50545669567
4637.96534114824,4415.76973720786
3990.35786987409,1911.99029929286
3733.06436878731,2487.69588485956
4009.45125701993,4606.15608584049
4058.5200339192,1825.7197936477
3594.65458037863,3931.27910374724
3842.55315577397,6851.40753126642
4158.80351579847,5607.7585211725
4518.78116665402,4859.05735491964
8528.14218925937,7009.5701954251
4388.72712625643,4844.79233299551
4217.30599681433,6341.62677089788
8667.83516754182,3319.99680298635
3993.53026565461,5309.16478213467
1781.38075972041,317.973602397513
8801.9053375351,4976.98322758014
3851.87376242271,5308.4827166133
4560.59356830855,4206.34475371198
3620.01398999954,4273.00830703528
7498.06504215264,1406.41515154628
4467.28715664714,2762.25009139709
4138.82113869306,7402.10757150976
3032.07258983217,1714.49998242768
4051.49328504902,6219.83642408991
3518.11867886933,3186.7832329749
4515.81014998227,3942.30420873102
4702.82671257627,5298.99173048354
4929.97014240647,6803.95302347292
3333.54315694172,4645.54040115075
4642.66133424667,5191.69347887
3931.33447841114,6073.32426783264
4336.66044888827,5129.17855842347
3266.16987448296,6383.45518956435
3943.31990762984,4285.96586052042
4718.58311411513,5444.25350376084
3725.87595592858,4433.61465169491
3762.3708087937,1459.09815881619
4322.3221014636,1640.39142811113
5088.19625186016,4713.51100005779
3864.29872956271,3597.90382881649
3805.51224200978,725.798173692511
4387.74347418292,5285.80668087286
4443.37650866025,4806.48798999869
4466.82688775344,6015.4125496587
4885.08229758833,3893.25849662448
8861.38471208496,882.426454712623
4252.72877931856,5307.91439915469
3536.33058811142,3972.08421270402
4337.76248655406,6294.17226310438
3975.09831849683,6018.87953986934
4505.01006372638,5110.19658616397
4421.31339898884,4414.29185810234
3961.05501468475,2902.62450367248
4234.57751641142,5615.14664813437
4434.2466086964,6476.48884210901
3471.95035895451,4366.66693964231
3013.9391487652,4258.7437079664
4491.60628286646,4902.30614437737
4428.21740363854,4984.54176520854
3698.42709428836,3827.56116755186
3777.35108913013,6277.06607674247
4234.1230633819,3857.11367539931
3820.73404703078,4597.91548269072
2974.13579231884,4363.08662422415
5620.86250110068,8384.16013997892
3335.51195485089,7232.6347979275
8095.96280079567,2796.80370830921
3209.87726046699,3447.98176780758
3243.04436172784,2588.62910779331
4039.44107155936,4842.8603073494
3290.56895914294,1368.05372309046
4930.27948315802,1552.75689713703
4681.93613322136,5264.55186163419
3928.13935646578,4998.80636427742
3962.6984813125,3494.86795814248
2599.03192416592,636.686027897416
3356.51184449749,4520.79471898699
2939.45798617738,1498.31206345992
3797.12086972681,217.551915390574
4355.00773124266,5601.39328106508
3585.90418172154,3982.42767502168
3114.10234577556,925.561813249018
3594.00507038004,6160.33350160294
3812.78239416941,4298.52593006874
4634.76221251567,4987.72417383462
3294.75439706554,4028.12014498035
4672.71830408466,4509.03046302282
4290.30757710573,5807.2379491428
7401.37427611949,2544.81178944935
3875.77031528003,4601.49579810888
4347.63759824859,4831.49395817731
3904.13727875948,510.23539335784
5024.16629105229,5809.85246316553
4255.53990840167,6347.4236935467
1644.2509700895,1270.70092128869
3303.06997544988,5901.2944885419
4071.56996844191,2672.34218487475
4984.51887705966,7905.86349024869
4190.29432224555,6075.37004154151
2491.37210611161,6501.66522095415
5132.73439192597,4058.52512901571
4245.97775378572,5375.65792479144
4043.0333492562,5224.94005019838
4130.85058732743,3250.66207303656
3923.94588817896,6008.70648821822
3690.14158603745,5671.23966586971
4353.72110937994,6088.72550181873
4680.05412488181,5633.21905874695
4078.29837383104,5250.74140910589
4097.47906704057,6294.11560050062
4792.95710893302,3824.66249479982
3917.35917271803,1096.227461497
2994.86431374384,565.021206938727
4061.30904889139,5315.87084357516
3454.69797499939,6164.88004127178
3385.51944551932,2772.30918355782
4200.34950465414,5467.72535308542
4561.50483249082,7039.40686200185
4216.67053522035,1143.56832694155
3014.64080012661,1296.72988203555
3042.04821949295,3095.28412213952
4056.02043194108,5762.90918737162
3169.87682603721,3009.1271531295
3500.78910620574,6473.98807614905
3601.72151805111,6368.79268370339
4263.09346966337,5231.8165223054
3391.59031966467,1400.39094419955
4417.63522503101,4805.06719635218
8260.70108325281,5086.61141163186
4033.93117615634,7329.47626201586
3868.33814848723,4349.21950909209
2792.33946362924,4000.32967496773
3792.7862955123,1272.91742280553
3983.37620193475,544.845937158256
4359.08205425879,3810.05707439788
3950.83082530208,1741.21090298211
3512.52924226716,2577.26275862121
4833.08822163622,4951.06769775461
3114.89537602797,4536.53719716139
4106.93460373645,5248.07065533465
3089.48663482509,4470.83944523352
4221.80882242578,5341.27471854585
2730.76526813848,1847.77042647052
3679.45011984831,3223.09867629422
4198.26009058273,6643.68750014635
4036.72378208574,5367.70148037097
2566.63966763968,2137.21463499453
3900.29123082622,6579.69512344955
3423.17465545691,5543.53864835016
3660.52696913007,1142.43169202434
4250.60959540796,4317.8487236613
2794.3228385983,1071.05108265186
3907.25360127472,4057.50224216127
4508.63112627373,5941.81543876938
4019.58966297198,4665.94274420151
4226.21715653355,4416.67887599953
4024.02826688184,4612.7483992182
4030.70789548091,4755.85065072385
3519.13622176114,4823.36668023505
4161.53991107595,6319.40572740853
4081.67344189669,5187.8856673263
4168.59729456034,5014.88966378488
7765.42940222514,4229.64576951478
3160.27323943384,3335.28450033729
4192.80797066271,5936.41642291263
3519.33597296241,6791.10921805055
4517.00144382074,7100.10350486505
8968.61534338305,2933.02948770784
3820.14603085401,3662.35119776438
4698.79056013471,5086.2705902988
3729.12203248433,3938.89430397939
4922.6841516916,6443.58309211369
6760.16846348285,891.746924462031
3530.20118054256,1068.26626367641
4465.98600898976,6841.68947186638
4245.49441650156,4818.76347796246
2532.72293066336,2958.66064737644
2960.93412739409,869.184689641274
3352.65881317988,883.960943565
4412.0289197901,7756.96431609422
7475.16390306904,4518.29395302703
3921.6623698217,5084.50855246398
4578.87394725887,5363.7799207645
2856.36803309491,732.277003291988
3616.79300053519,6089.35090473634
3632.5163932725,1906.30712470681
4615.51376088809,7280.77179409763
4046.90625321867,6353.33436425829
2529.0883243329,6871.01448358829
4431.27530710934,4412.87106445583
4706.83616973841,5608.09976536082
4819.64117951883,6510.18998283323
2942.58461560073,7529.92149138159
4156.99301536658,6071.73306351959
4363.60373970548,4874.62899957226
3868.33759960563,2058.44579294638
3903.96885932565,4925.2663388471
4128.10531425436,5892.54265339254
4375.03482303809,4178.83801957341
4259.10880231202,4185.08951161806
5152.89433134594,5277.67982578586
4686.71522062008,2155.68495239919
4505.61252530611,6064.57200982802
4050.29699405274,2924.9592952246
4422.02480857109,3750.72456257743
4595.72007532553,7071.23263968372
4373.37637743375,5220.22309986301
3941.95513305537,4250.73017808692
4188.96751535567,5811.44366747858
3597.18880800862,4759.71512487131
3518.24157234487,5276.25903213935
4183.0148537447,3759.59014578957
3758.14624686192,4635.70859368794
4453.16327379119,5076.38169737698
3008.70718613682,1180.62260409982
4051.69733301831,3562.55482117547
4069.38217682154,4228.90704138964
4234.34654561755,5095.47741769925
4142.43195531653,6104.07007320106
3432.18079818135,4672.02382557964
3567.20261810112,1156.07131103085
3271.19429795824,4112.40196237565
3843.23055775019,5648.50696752552
3087.39708451494,1687.27761844603
4294.36820340907,5044.49925709135
4018.83474580293,4454.07408020468
3992.91680856514,6713.19264076267
4480.59775141089,5095.07951090718
4737.28549410908,5402.14134922032
3933.92777452123,3465.88376775364
3033.91690199887,1980.13152029406
4281.55524871763,5322.3494088901
3998.5588409093,2423.58976009999
4038.09345881485,4483.96783224045
4124.65558963008,5360.59751213841
4873.83096583781,6586.91283974488
3928.18339321225,2455.92698120908
4018.53800562691,5122.41541152397
3556.19766357519,5115.19769522864
3846.59039603316,1405.73319173872
8970.04100614589,470.850972333762
4149.9717688968,4895.42967227035
4862.88468888574,6985.58753695617
8868.70871767308,4021.24367287334
3443.56492253294,3848.98682031231
7668.06116701661,4311.36973549111
4298.58172453602,6424.48779464667
3656.36835348701,4563.75934971541
3904.45625063705,2638.58417011915
3789.24650656206,5346.55998633982
4471.21946085947,5719.20582851806
2943.12542175451,3940.31509762591
4293.5628299215,2794.70106056895
4604.14507417679,5350.93611534213
7991.89462043366,1242.79659749948
4229.31632965313,6678.92318257985
3992.79006355745,5872.8219530079
3093.73474044532,2410.85927988514
4538.92274318275,5176.2351594249
4173.80046302117,4799.38402176613
5120.60403230123,5806.32881035113
3986.06409608405,4802.85058912152
4213.02513023751,5366.90566678682
3101.48444177294,4572.0570383242
4194.9564965645,2913.70669411528
4061.11237673293,6832.65305513246
3998.66375226966,4997.72681481922
4130.61536606281,4617.46534955357
3164.53442447709,2087.42998333523
4216.42573518337,7733.37914156212
4129.65019811557,4972.83417184813
4236.14114421899,7230.36152809308
4189.0342841082,5580.649693826
3561.77370879595,3078.06397628722
3020.06149025573,992.680041681962
1924.34452054242,2419.04322043115
4239.66715818586,5261.31236754909
4172.30437342612,7764.35244305608
4246.37793557533,4597.74507202418
4382.21012623924,90.7034599513969
4027.72145556009,2719.85356669964
7779.50260718473,2283.32888445974
3534.95778967774,3863.76307423604
2906.21944812822,2083.62217179152
4171.3188733195,8050.33029565234
4607.90028018194,5360.76792280494
3795.97375353407,4667.02271651496
4078.51960177599,4657.92963717729
3413.63799127445,4571.14747667728
3136.52605475696,890.269256784133
2313.80531397033,1885.16584210329
3978.01835537776,5116.67557433416
3604.5764632465,3393.48016581291
8917.3313280251,3395.24199222011
3720.98948667071,6541.50410566025
4167.1591202675,2728.03729581802
2497.16103210181,2229.62288462158
3999.85871318958,5713.97722332785
4308.796276792,3261.23282005213
7861.21627036038,4570.18167528185
4286.41719505225,6700.12133921476
5264.02854500945,5717.50087614225
4827.61516083705,6410.56401691085
4567.1364917016,5056.09267953374
3967.27581461586,4514.0886575465
4049.08045302832,5113.095258916
3439.06440063037,5150.88836991322
3669.61389059211,3351.36779984476
3814.49076550212,4783.01614067411
1697.29455840247,3679.28697345975
3903.94259738449,4553.87087964884
3885.11047119462,433.569357620665
3788.51827595922,8928.03994786375
4441.41761898082,696.643519780227
4044.08868008592,5659.98706476039
3786.46395507856,1093.38587420398
3336.44248248413,1864.64953956213
2014.28157386797,5693.63154288084
4266.05751036466,5327.46426601755
4137.42979291839,5150.20630439185
4722.84979496999,6623.45556776212
4193.27107593801,2530.66072701561
3401.24377370159,6753.03194832402
4517.30135782205,4992.27071350346
2950.62864568418,5357.69883938637
3798.2628189589,4700.43969850988
3958.70625086349,2986.79236157738
2902.07513902639,6419.42960012298
4146.65156092309,6485.52483598768
2032.92646210693,6182.38455728101
3582.77434753798,5364.46198628587
4478.69102979787,5513.4178230441
3756.0805162994,2658.36153310755
4221.55919705864,5449.25503568076
1050.45928274388,2376.87398043162
3287.58253174699,1461.08726992131
8208.09523236248,644.926631047186
4073.65988861681,1886.81392044772
3312.60914440818,7396.99271438232
4251.55973896469,4150.5925573097
4408.30764999235,5354.45934530128
4574.23108221666,3274.92910166241
4278.84290546659,6570.60204411187
4336.96540615925,4425.31738594138
2654.67420334291,2455.75635911492
4135.9774660943,4580.86595893257
4118.58226680439,1295.65012114973
3689.602572506,4590.07278633302
3384.37944487389,6000.63629573498
3791.02734429669,1954.04579122962
5007.01033089543,5649.1890330469
4568.53460534295,4651.67814513263
4264.34811721703,6649.71191892072
4328.6468728301,5925.56172859538
2214.52395026862,193.455257788574
7931.53440094299,405.664980974549
4125.8445289037,6607.14477212911
4214.87060315058,5774.27553654372
3918.42979228568,7362.89366686603
4017.275901028,6220.17766827823
7671.13766195339,206.753883677082
4374.47540208649,5620.48900138735
3361.16217334393,1515.92990467667
3171.82405774641,3739.81278280117
3922.37818104892,5558.42865033665
8234.10907997473,2865.8542795297
7719.91820739169,2075.21115797522
4886.99339033599,5482.95617640498
4264.2447596414,6867.77498950319
4573.58219204548,5140.48782213655
1752.63859579681,1099.80788262897
7816.43809751971,298.082491346344
4165.05786663441,6649.48442279517
4322.2029630462,4594.61932600186
4265.01291541474,5845.59937759863
3425.32715244912,6390.67290585968
4697.80204563193,7663.41943154996
3997.81100149529,5584.05959857763
3400.65039728666,4204.98062266923
3446.60549238969,5952.72721854564
2972.75405127789,842.587411435806
4064.00784957072,4003.56916905283
3604.29733955278,3848.70266158301
4003.63029756599,3416.89492967847
4640.36269079801,3593.35728914765
3488.10725250576,6444.03766150952
3886.28030313896,6816.39934495846
3985.80036061412,4929.75579305693
4036.08665229446,4480.67167555159
4177.62893804658,4827.57239857083
4236.77818513357,6135.4412814871
3950.36631911425,2247.24072583833
3569.09361497777,5785.98312990413
3720.68518791065,1536.27569083749
4580.8886831764,363.26850913401
3794.16527148776,6789.63133894502
2436.16294264067,855.658712983717
4701.56223450307,5455.27903159987
4341.56162386574,5393.84408346679
4186.59046462313,3906.15938750586
4396.48548258318,6355.60763409271
3556.65254893775,614.066971902181
7940.68984229725,1207.21988230529
3845.72298590216,1320.31505656765
4331.82231199772,6260.64153304669
4100.5206833598,5161.79972683424
4163.21546033479,3995.10106977751
3476.67503522072,5813.54652664647
3793.84712195724,6863.91051535573
3638.92940452897,2065.26560244964
4042.85647590025,3878.70973882629
3926.77583881523,3994.07818292307
4267.40885116667,5765.52370139436
4177.07172368151,5293.36521850126
3920.2410617302,5346.95789313189
4315.16460805797,5740.46064775673
3920.00841495572,2785.09632637643
5020.97305057463,7233.25977798986
3805.14947295821,5422.71452579287
2864.5031694008,5230.28198059612
4511.07171980596,5522.05633298594
4704.52339509452,4226.69043415898
4236.11928211687,4421.56665985668
8274.40363139089,3425.36281752616
4233.95237386548,5568.09004713294
3786.62180108415,3599.15421179647
3951.79897842507,6647.04074229422
4362.72025744173,5657.42963619667
4584.10000900664,6110.09449197542
4781.04393301961,1646.5860461244
4447.31890202499,5004.83078305178
3575.39400240506,5321.4969327022
4195.34824837757,5598.09712437622
4743.69495188204,6366.86023520204
3403.60288090366,6037.40651987776
3883.83135581045,4958.68332084202
7889.76747945548,1346.40078563209
4291.22878306247,4929.5853823904
4241.93430020386,5814.91023483397
2705.26232696521,1506.38215022935
3448.52392360153,5600.48414227341
2488.96238163106,7460.13261489121
4390.38027382493,5661.06661421859
4306.54530231546,2857.95470914062
4754.19270967757,3764.53459225048
4225.44197624839,1392.09357273221
8878.92923105948,4344.27548548643
3733.56960237567,4944.53204698066
2638.95386120214,1584.2985160896
4337.97204461102,5328.08966893516
3746.9989873224,2504.06334309633
2700.19063763469,1224.26940606343
4800.61274407513,6416.5313502262
4008.6401500329,3285.7271333759
5028.34994353114,6989.56575916641
4290.20014118038,6292.52439618757
3576.40070193937,2477.92074000051
3792.7655743956,6009.50230180236
4603.68227220871,3786.01690761469
4166.36222622382,4859.73899758576
3490.27053219004,4850.9871624364
3789.43601899862,5265.63141109239
2733.64686275872,2728.49207664148
2466.69942610708,574.227928625363
4526.47225169506,6025.81309743537
4172.51870785991,5763.07959803815
2885.64118460039,5200.1044926863
4494.59523752061,5171.6319571523
4060.19834183814,4351.72027505205
4446.96559999423,6655.50841871428
3929.27907695158,4969.4242670965
2188.50850541259,1545.48241252413
3865.71506712969,5454.08573407891
4641.02569984577,4767.61490668802
4323.47591520212,3621.71649947413
4062.71966597478,2472.80588287307
4074.11177402317,1087.75957364931
4549.69984596175,5428.17020425337
2991.88682874147,7299.86709156465
3929.97228431818,3824.5491695923
3165.56066722131,3792.72339191043
4511.9536903987,5768.02404449907
4010.67856024641,4515.73652446331
4050.89484770629,6189.71559878386
3819.16309160126,5611.56633271621
4292.29700710979,4377.35122329303
3669.97015392576,996.82878027254
4035.17377013037,2905.75024969481
4908.71177586659,3530.33113670153
3615.172488524,6315.143346469
4418.06460156793,5723.07030266552
3237.88755630915,4233.16942232918
4907.34841629578,7040.71433044084
3321.01555583864,1835.55160111051
4332.5637131828,6927.56207071947
4865.14317651585,6026.72223622704
3586.93857115724,5383.50062114913
3642.70103003816,5066.37947924763
4692.09745418961,6851.63502739196
4619.34376548589,9026.30135988813
4404.93952744608,6322.13356663879
3834.73666992683,4850.87341437363
4537.40363171401,3463.44008725269
3253.01945380193,4603.65531988052
3824.72019077688,4545.00487358145
1945.21421760713,147.364709252876
3902.7539681948,4393.03703886367
3823.36885711309,2809.47731449267
4657.49066478136,5949.20356573124
3226.19911696531,5149.63798693324
4636.80463400074,6021.83487522514
4190.0451803045,4612.57798855167
3328.72495018838,3697.30272146858
4525.68656307438,5596.22176133388
3372.18756733312,2853.12401074248
3843.36242998791,4751.24744845125
4184.53321118537,5538.99210868132
3291.51327259207,5605.25817806779
4485.33836188315,7074.92670316465
3349.2210560641,1797.01976198815
5156.42283800433,5996.77182158752
3745.66732683368,2590.50447083565
3176.54901672517,1578.33118277425
2713.73935652219,3892.91767529141
4927.24535443105,6207.27677739685
8367.22716266254,3605.00779704905
3879.83619581299,4114.04982929246
3321.3849005757,5280.91931987096
4654.05942162649,813.091724762833
4638.19471391479,2272.7014748404
4085.4057915889,4844.16735293314
3245.28623854192,155.662146791353
3586.01876137977,3244.35370696052
3790.42245565906,3679.7986283146
4582.70391180131,5339.91058750309
2445.69529279481,3208.37929640188
2387.8102262774,2312.25641224483
4196.53482649249,4416.11055854093
3849.99584043176,3681.95815008625
3723.32436564479,5882.82417113725
4615.00589987519,7316.68911919725
4402.67064722872,2007.52450636986
3456.54433534489,3765.38706843839
3685.01917431795,6322.58813603462
5063.4190897824,5154.97991733098
2892.41501920562,5188.62439545143
4005.79480395239,6245.75195391545
4740.162917478,5796.43991742931
3908.69485562472,3565.22557494671
3749.76806053944,5405.43750590918
4415.5442122058,6456.6543936616
4133.26892537398,5355.99388701056
4402.79889303026,4535.23015157765
7736.42823298207,1752.63412618559
3394.82409288507,4068.7548432706
5187.02620679335,4249.19563637764
3064.24055631108,4286.30710470873
3267.96430814098,6559.97442306491
8776.61902135482,1202.50282625611
4152.45692368966,3135.69153573185
3816.29633922726,4830.58439653039
2522.43416654786,6409.42738199364
4026.43897149855,5363.15494070213
4356.63650203192,5626.05842791063
3640.56745156849,1060.02566052664
2777.17943866606,1098.44396301385
3930.29139075591,4983.5188783541
3721.07283638676,5832.01684405112
4117.94036488159,4523.23839948794
8784.07762671549,1846.63379155331
3839.09080940139,3903.09030408729
3712.49906691985,4176.84890846829
4391.41888785736,6913.52454492088
4407.43485532435,5749.72413776094
4635.03326801054,5706.53201090697
4515.88275215881,6541.27660953471
4519.58917773574,6284.2837930378
3775.3732178624,3912.35421694675
4276.03130943924,386.967352443522
4717.77420664595,5655.72468382085
3782.75238680535,5245.22906804163
4331.46462610033,3090.28280164722
4655.07902617243,6483.42197681979
5132.73462540595,3524.2500553234
2687.52953878853,7122.0403896251
3970.17500616397,5439.82071215477
4079.47515011455,6381.69315172952
4541.02408587328,3054.2515170572
8485.66431286486,4271.30335465947
3516.36173607779,2346.81002915695
4278.36931630328,3576.87608284811
4243.74863984594,2565.15746989635
4274.99945063954,6334.97779491641
4345.05523545771,3247.99089641007
4203.22298176949,2824.59438974946
4043.38514627651,5520.86303546497
3917.34461422809,5489.60557524171
3394.04231138868,5586.27620580829
3760.95964733989,2941.44050152414
3695.05191410762,7533.84305098806
4138.1380945619,5525.52290034133
3925.199283038,3387.74011719547
4118.51886868652,5469.20280933569
3933.21722937564,4703.50878192844
3830.86696759339,5767.45572704046
3776.96664186913,4723.74071431268
4536.37893425638,5528.3078250306
3928.63264137897,35.1220177855342
4217.95277133818,5787.00601675857
7173.26281126234,3932.35865320544
3981.54959537382,5110.9353142891
4337.78493603841,3176.09873789655
4594.05137718853,5551.66550343716
4682.83052275134,6043.48760125588
5511.46129730115,5411.68899795383
2760.75503353819,2213.0281416869
4654.43544520992,5787.11976482134
4751.26227900577,3148.76283727976
4332.7550173548,6323.89560447361
8608.39262364424,3997.43100221569
4137.67209350328,5486.0248369683
2299.82775642361,348.378586432872
4004.49711660807,795.246598848166
4051.74308493572,4195.83088072779
4500.01810647983,6788.49470402782
3293.14666712556,5454.54030347474
2909.59276351673,3535.10496106828
4317.96347146798,4251.58265427483
4123.30371659273,5852.7604312902
3699.42405637308,4419.69087395909
4310.96473145607,5730.91299902322
4594.3288918231,6115.77766656147
4016.58826277984,4392.6391320716
3453.84839390615,5040.29353875557
3890.66735013487,5204.48062168861
3926.18165294906,6637.03810130963
2729.89302110938,376.964949315005
4010.3188395621,6121.34709308475
4513.84301786864,5811.72782620788
4380.20427631035,5324.39560545423
3305.54594161304,6985.985020893
3882.52839601258,2652.73523255288
4410.5833496381,1899.82834796424
3752.85277065281,4703.39503386567
4536.30126142744,4753.80487701497
3516.13244147887,1708.6463971751
4228.26029161103,6807.76083501662
4436.95081246922,4880.53967028385
8783.39542336854,426.294899436214
8183.38536234051,3369.55395852012
3815.65871014419,5499.72154143382
4591.89698793671,4992.04364023317
3779.19386020194,2709.96488520544
3719.04964528736,5572.522838739
4374.19448265757,3705.48666201459
1960.44150787972,1412.43935889302
3781.25563294091,4370.87265797808
3851.47712468467,6035.58781943918
3739.05024263371,5799.96357024371
4440.97930055307,6594.13013318496
3661.89517446329,2547.2554699503
3860.65659437276,6415.22388178721
4323.90891376877,4113.08360504178
4493.30389681146,5237.27262362116
4142.26355798509,3153.08188082306
4026.32309233147,6532.58143698911
2989.75891610778,6349.29905658905
4156.72535366211,2151.70673018896
4378.14393481461,5606.33772752599
3589.37036776012,5585.87829901622
4627.70728161408,4620.93233976421
4176.82149753654,4455.15405251813
3332.75108164363,2549.75623591026
2607.97791161174,1967.17396680892
2836.96885317422,1712.34046065603
3314.12731157948,2107.26422035501
4574.14772014543,5480.28499977849
4135.60431727222,6486.09315344628
3480.57619995525,4001.69338315523
4711.43547912229,6726.94600783196
4048.1446034446,5019.72036218303
4108.87355934263,7081.74651266791
4454.17784713467,4986.30338018811
2571.89420683888,1082.41743182395
3398.99154108242,3573.46617809648
3616.44874297355,5350.99277794589
3760.49169171028,4843.25779128622
3507.26667745803,7008.26314984136
2513.84656904956,2432.17118458282
4466.1257215629,5886.29116134789
8545.38683830582,5677.60490597714
3761.65167491073,7208.53796854055
3778.05787385069,2068.67550720127
4559.78034896163,5739.09693956923
4443.54166174206,5051.31906659461
4712.2602899733,4230.15700151437
4122.76014291732,6178.06509088246
4898.988243487,4250.16186062831
3751.14552676413,5170.04032998401
3494.87175080327,3998.5676371329
8597.85235742223,8561.64517487491
4164.3963854601,4358.14217776323
3803.53566082121,5594.80096768736
3337.26109668464,5079.10953660723
4681.01302805635,6139.76074788564
3684.06761901185,2106.46861819849
4222.15575656729,2596.13077139032
8516.10320029281,444.822064443804
4345.27422009501,6516.38438941887
4238.05977813544,4094.7841211589
4704.23990396283,6571.22702417424
4322.79568545749,2837.09737383877
3533.00842959044,4362.40455870277
3610.55709233791,4752.66824209776
4185.43842164755,5529.67195607335
4345.40458058542,4187.93109891108
4451.83216060352,5457.66604949707
3865.15704354819,3412.51880067617
4323.8834001909,3251.51454922447
4446.20438726362,7000.30670542089
4368.46467469896,5630.43455691294
3784.66871868512,6394.70779067367
3868.40164514456,3627.74049539324
4832.10482179287,5454.08573407891
3836.76970234804,6826.96988054641
7677.4035443581,1948.30574261219
4974.54548295302,5963.58233571814
8250.54947930357,4127.8598589655
3834.33022474575,5421.69163893843
3923.74259799628,4312.90427720039
3882.46071242677,4951.06769775461
3996.8405699967,6114.47062097773
3660.87564905295,5332.29496441569
3335.68250388135,4447.25427070142
2604.29468636326,3111.19701098046
3253.13973277226,3840.12081424492
3766.79145082379,5572.29576546871
7583.78044317877,2243.88769511809
1880.85046273956,155.434822450756
2674.82147730078,675.558952637368
3145.61318504082,1141.40869945609
4662.87857300298,5422.94159906316
5063.09635887221,5548.02852541523
3980.34932723307,6112.02651762153
4688.20042261439,4369.84977112364
4452.62451051266,6905.68184856318
4151.58436210752,3627.22926339365
4295.08734178498,4527.61452849025
4721.13549996745,5247.33150435426
4554.19263877639,5465.84956718782
3736.97806307797,772.911701582233
2809.62115390768,3487.42316857686
3370.65298463103,2316.23463445506
4727.90965189582,6653.69014113095
4218.08998866292,6391.58204465135
4226.04469030593,2062.36714112523
3275.43152088216,4554.66627037774
4089.58346793354,4426.96567571343
3635.82819143923,6265.24515817454
3786.80692040727,4380.81821350367
4040.62228394466,5541.94744403711
4123.02338388996,5482.16036282083
4453.91080738712,6006.49030384281
5060.27055688605,6117.36887087451
3800.21241216044,5407.54036507707
4285.39670819887,1160.16317559005
4013.62517359665,5061.37837018296
4290.69242885334,2198.76333119039
3207.01666868726,4756.47605364147
4037.72472357812,5406.0629088268
7961.16839879823,1023.53970082697
4172.81147658413,4748.12170242892
3998.29532754066,5091.27169936348
8037.0155102346,449.652762841945
4173.70712041515,6462.05340951835
4806.81456212202,6850.72546574505
3723.84693621853,4483.85408417767
4050.11207283893,2236.49956815622
3671.43681881237,4110.58326193707
4655.82208701726,5054.67188588722
3415.62336670428,1672.72864922022
3555.29618923863,4954.25052923595
3067.80361958549,491.935592333526
4387.61189613442,5680.84440006224
3248.78815354814,5397.02649209288
2288.47051272857,653.906015178999
3885.97824392283,3910.47843104915
4176.87300430371,4800.46357122433
3941.44696097372,7020.99363005621
4906.27745354101,6412.09813576488
3273.70606019731,4890.42814035042
4547.11832325516,961.536223807654
3961.69040187115,435.103820044589
3840.47258228502,5960.05868290374
3967.70176545482,6585.20788736907
4655.05971751881,5353.77770263515
2508.30066847862,4230.49824570269
4288.57565413059,5747.6217014483
3951.86183419309,4825.46953940294
2929.74430072919,85.0771197540541
4068.27371143095,1101.28555030687
3358.95468491494,4542.73160374703
3208.97790115225,3943.95249850308
2927.805768884,4898.61208089644
4082.54214163523,5627.87712834921
4534.35160951476,4696.63188696617
2447.3696017564,2216.21076174061
7941.2908342992,3986.6329705022
3948.04756300435,5982.56388512239
2898.46467655408,902.715366842053
4296.12597176593,5644.92665210736
3854.68412190899,4132.00891469752
4372.22613579081,6589.98150030819
3450.51254984335,2011.50272858009
3761.21528007337,5192.94386184998
3230.40127819263,1160.95888346038
4233.13826385635,4641.33468281497
7805.03967551968,7985.48544276763
7649.24244866984,4395.08281257255
1526.14517816925,1870.44625078332
4119.34038918948,5950.79519289954
7934.93751904252,2883.52899477783
3319.58181062446,4528.35325661538
4385.59490545814,5149.18341753741
8790.06316050028,5033.87163604439
3901.41104554419,6759.34010297244
3791.34006776377,4292.3877632316
3515.87223406653,3128.47381943652
8470.0985389569,139.067271714401
3605.8081518699,798.429166044972
3811.48646813728,1949.32884089425
3152.41773267908,1266.15438161985
4121.94640529021,4883.60833084717
4916.2343079398,6891.36016403529
4946.45702917347,6151.41125578704
8049.60177824868,421.350532260662
4927.0838537359,6099.06896413639
2238.08034167957,1912.38820608494
3528.22756767852,5536.94633497244
4318.62497144753,4480.84208621812
4156.11939805731,4113.14069050079
4245.1078392436,1960.63831603496
5058.13739109386,4527.50078042748
3634.15194933155,5398.16312701009
4865.04602660568,5639.64138431339
4144.69459626991,3336.98945271311
3687.39651999161,3886.55243518399
4623.0086956274,4590.75442899914
3495.72077170314,5883.79039538792
4320.90940918878,6999.90879862882
4401.05888713599,6212.16413839875
3675.42836436973,6836.97252153101
4327.46342744254,5219.14312754957
8317.04089655483,807.976920492296
3855.21215052142,5723.29737593582
4283.60687487603,4058.9801212668
4099.39112750525,4459.13227472836
3719.13955163982,5652.03062033992
3790.34233933429,4749.71290674197
4389.66639357141,3551.81345206574
3715.71346627992,6298.26423337738
4541.16780470993,5605.8264955264
4350.41575800736,4701.29217469778
4325.77186540302,5607.13354111014
3849.15295945766,5830.88020913391
4417.3507633177,3900.64662358634
4190.72792216174,4800.34982316156
3336.0373983323,4011.01395861845
4500.77002317344,2352.72048844091
8209.79793970441,7529.46734484101
4542.36568278402,5847.13391930791
4288.15491751489,5512.0541148566
4036.27202713813,4520.62430832046
3519.77128839569,6631.52576024536
1562.32219972594,1394.36684256662
3749.09895656008,2412.33694756304
3811.39250266339,6118.73300191727
4308.13887939431,6472.28312377323
4751.35324738944,2866.19531229039
4069.48276787355,1502.06300097224
4142.64818126435,2301.40150649995
3319.18709913491,6792.87083303012
3876.68295678194,3053.11488213999
4182.69092422403,6564.91886952582
4244.30078637902,6839.70036076126
1601.01680336296,1599.87037216985
4336.03584264323,4668.3297620987
4225.59027986721,5131.56557632066
3928.75479170813,5972.44791893028
4124.75967181872,3508.73507327454
3926.02471718946,5754.27067742978
4247.85186829936,5600.76830100271
4383.423819654,6178.5767457373
3249.7613634046,69.7893827604295
4724.99706587642,6334.18198133226
4448.49590690303,2364.9961878323
3299.9835309002,5334.22741291704
4454.67576286077,7578.57014240656
4282.2761413346,5946.19156777169
4539.30312156083,5996.14684152515
3800.08918160134,3711.11275114162
3894.86894223532,4431.62554058979
4242.78874173415,6581.17257969982
4436.8201411614,5814.45566543813
4708.15780808613,5823.32124865027
3562.75947637034,5332.86328187429
4250.2665534044,5698.97347327858
3553.61831823606,4686.175099441
4234.85453709233,4874.23109278019
4349.10886018416,5183.05496892816
4266.78485372935,6181.87290242616
4437.56467233049,1796.849139894
4117.25971213115,5578.49017205435
3730.02116082427,1943.98669906889
4527.94842685834,6528.94445896719
3197.92879486969,5242.61455401889
8344.76310701594,8457.52975474271
3614.87417136387,1830.77777674376
4136.22424631835,2093.34044261919
2960.74754945792,3224.86050270143
3201.23672485,1998.31767896941
5069.06747633303,3320.3944983508
4106.47495606061,6139.8174104894
3504.95709974604,5905.78436560698
3546.36693580484,1127.54179575165
3654.41833034097,8105.05875948968
3842.68146059637,4422.58954671112
3891.58491223456,4816.71770425358
4215.85364306982,6063.26496424428
4655.01422482412,4319.72408670365
4052.79777221241,6407.15411215922
2414.21690964388,6082.58775783685
3181.46863383368,1382.26165955558
4222.56192160695,6405.05125299133
4466.31591322198,5993.9873197535
8109.79841286026,5377.19204364547
4606.36585810228,4918.33278128107
4637.54766398404,7915.58239535923
3517.16839237499,4465.95208423162
4348.82925817125,5737.27823913065
3919.888451109,1040.24819182442
4025.57294887857,4282.0447237692
4923.61707635685,9066.99356649264
7598.09485095152,1633.23058584719
4205.77347185171,3183.31645419189
4387.36154519053,2712.40856570639
4514.61807593951,6680.68522041468
4319.66295347106,6462.79213764348
4672.48640150449,5354.11852396821
4408.91290189499,5768.59236195767
4518.94332185323,5526.60287265478
3779.19697822098,4855.07913270941
3134.75545865611,1805.03308044001
4196.44201246111,4593.70976435494
4866.59532432455,5927.72125036703
4787.78446241503,5087.00931842394
3093.62488393514,3724.97986627368
3966.14996139822,2463.54239286886
3958.38243973805,105.991203552135
3845.49286779879,3032.08713617161
4204.92117652705,5983.87093070613
4940.87081035233,7704.33828856951
4370.70071442473,4452.99453074648
2079.77446137054,5798.88359793026
4640.07199608191,4379.90865185675
4154.98959002979,5155.77573091513
3688.54386337345,5708.23696328279
4423.82831851007,6768.03527551804
2139.16644306742,5496.53870995249
3931.48154099619,2963.1503130139
4484.31804691654,6295.3659834806
3951.777681763,4577.56980224371
3643.84404091747,5828.60693929949
3910.48952710189,7167.619111521
4188.11987113338,7101.7517946371
4264.24092688539,6557.41699450119
3751.69104546433,6377.60160431177
3827.56961216464,732.617983195769
3947.80995572425,1396.98103944792
4361.72585366521,711.760753607734
3772.68393540886,5108.32122312162
3480.41188430515,2727.01440896359
4027.88447055661,6517.74852046162
4742.99918803176,7201.03651637117
4618.85718397226,7188.93101621868
4488.01395443782,5213.06204617144
3677.78334361253,2043.10122156405
4404.42700624153,5214.7103359435
2474.57293075521,1028.42727325649
3571.90267080511,2435.80858545999
4792.83285441156,7073.50590951814
4300.63232365658,3960.83161159469
4074.5855122757,7136.7033183413
2900.78550378774,1558.49694575446
3094.17053500028,4586.32163739308
4696.96217419643,6809.35203932966
3572.40412923821,1341.74060361429
3708.56335839041,2004.00085355546
4298.83984080111,2671.77386741615
4033.31115700178,6395.44651879881
7823.94889366086,1735.24356966676
4477.675650098,3271.74669303632
3604.37780280559,4600.24541512889
4375.19898297924,4399.34519351208
3503.34297424716,6256.6066482327
4445.42557203563,5646.00620156556
4488.85061370348,2566.97617033494
4104.56594002889,4827.79989469637
4011.61139256261,5025.51728483185
4915.92140510373,7291.00150835252
2773.77638091213,600.427352895665
3500.91151795926,5736.1982668172
3300.97647801434,1095.37498530909
4078.65728765026,3547.77856725174
8252.76824942879,6575.60315317654
4303.749768586,3910.42176844539
7979.70900385086,2629.71837547939
3776.31654890842,2051.17120261966
4453.77160625086,4725.5027521475
3547.47042958646,3764.13668545841
4393.80224824125,5245.74030004122
3881.95285491364,364.064137718984
4083.21687658274,6661.19159330033
4501.39960876356,4409.06367576738
4343.79457694479,5701.41715377953
4159.00495881131,5570.36331696735
3944.54978912876,5166.23294129555
4278.77886160958,3992.25948248449
3554.8779512369,2686.20908857918
9163.38991225534,1643.63081648242
4237.18845475996,3237.59077148865
4669.62580301026,4297.04805096321
5514.3484927351,6387.60382244111
8366.19230443578,3926.78922668216
4539.18376420379,4609.67973865489
3892.59729525219,2656.71345476312
7997.21409212844,8982.93924522288
4130.15543553917,5933.006518161
8608.95801104911,699.314590692907
4698.73682899008,4291.76278316924
3933.15049577817,4448.33424301487
3453.81370135524,6550.1426156021
8242.62365487791,1470.80554074898
3894.51575382421,4776.93548215124
3206.68614129996,5392.19579369474
3880.31908005741,1706.08896861138
4476.57324421294,1767.01257903106
4475.81904935156,7411.93895611732
4339.32007275282,3286.23878823075
3930.88568023032,4561.71357600654
4154.63482266604,5862.99014554509
4433.1075740217,5306.83442684124
3853.30152294119,5138.27163776115
4671.17052002148,4679.58236320803
8829.7216488269,5209.19757202398
3990.63870687546,5787.85849294648
4260.71330158935,4537.90090534889
4143.01728072464,5008.86566786577
3999.3574968914,6302.24245558762
4426.9779451423,5551.77925149993
2609.27768780184,4578.25144490984
3908.79172970282,5524.15919215383
2924.32839158574,961.081654411821
4354.87646369085,4988.17874323046
4528.22589250847,5468.74823993986
3603.31676332008,3634.44697968898
3834.30147752666,6252.06010856386
4016.16796778389,4280.51018205991
4153.60509500946,5320.18988711845
3627.18328269811,3470.14614869317
4558.24379111247,5797.51988974276
4051.13739480187,4773.63890260713
3692.80847630518,6082.36068456655
2586.99316063377,145.546088099651
4594.34754358458,6836.80168800923
4876.22998465919,5758.76055449486
4351.29636129239,6513.59988758486
4331.87946360102,5282.11261739193
3597.83513458503,2839.76855046526
4495.79350124009,1682.27640366755
4404.15247988742,5778.19709615019
1402.36887353646,4379.11326112785
3435.78087456513,6873.45816408924
4099.58888430111,5472.78312475385
4069.55343388651,6658.91832346591
3464.50085307016,2044.0672343871
2797.4433124755,433.114708939472
4900.03692158624,5013.69636626392
4205.15104970748,4955.78464808998
4523.55530001854,4727.60518846014
3784.01354800516,1051.95557375721
3416.7194529429,5459.59807514317
4093.03441081266,5586.78786066313
3446.66425812604,6234.55601540988
4902.5997013665,7054.06979071806
8825.60058436596,1043.94225530536
9218.04237212026,2056.51355587265
4084.51632543654,3724.07030462676
4382.49286205259,6013.13927982428
3959.81817219743,6120.04004750101
4180.94633688808,5280.06684368305
4035.67677773319,1989.56563239242
4115.1146760731,4908.95554321409
4172.12002109006,5424.53322623145
8094.64204196247,1199.60447064551
3753.93482033796,4504.65433402051
3856.9720032246,5863.61512560745
4192.79028935183,3285.1588159173
2406.39470165625,1085.54317784628
3410.99405066327,2935.41629417741
4229.4108215723,4327.51012045758
4252.29031883285,5044.44217163234
3149.16820123721,6660.2257919049
4620.20004627291,4428.78395329676
3526.4752040995,2707.40745664172
3183.05640330899,1149.70617663724
4081.34425117723,6353.39102686205
3734.72826976777,3921.84478022125
4181.64984078431,4645.42665308798
3953.81800207876,3891.61062970767
4240.30460917067,6875.61810871614
4271.8111323209,3471.62381637107
4008.4314072254,4788.13099780155
3996.37295020391,5844.06483588934
4201.49018733357,6237.6246759732
3993.45259232611,5545.35734878874
3642.383360179,3739.35821340534
4146.64325024566,3393.65078790706
3727.15704317198,5028.5292827914
3605.28245885888,2426.77216872607
4127.55421000394,4577.62646484747
4166.84115459988,5814.7964867712
4257.00579043354,6507.63255426951
4792.9302006089,6293.20646170895
3530.89019920696,2503.8929324298
4250.17469807605,3535.3322457662
3747.64345641333,4285.56795372834
4054.78819149678,2760.37451692712
4590.30993652587,5607.53144790221
3698.64647429591,5330.64709749888
3982.75673405456,4383.20523140086
3819.413820956,4248.05900146043
3582.54180730528,3107.44607346814
4322.53652436255,4040.45271840313
4516.28694318611,3779.93624909182
4861.21969617447,6022.74401401681
3644.58418987269,4736.69826779782
3924.46105836806,6735.35702164826
3622.54340981622,5400.20890071897
3288.85876504361,5597.92671370969
3386.39472943701,5273.2470341798
3982.21808845637,5943.34998047866
3990.70916580471,4311.02891415804
3735.36851985892,4365.47364212134
4711.49247771803,6609.8159487556
4385.886918449,6967.06013409251
3969.34594210644,5920.84477826001
4049.5548165714,5555.87122177293
4686.66419141211,4666.73855778566
3037.92423118567,6287.86410845596
3787.99726602021,4950.10147350393
1700.60173478313,872.765057916341
4184.29066921776,3823.29878661232
4212.4425177454,2630.8550103966
3999.66970339622,186.180786389897
4964.53301537556,1551.16558711017
2917.55952409721,3411.26862912381
3959.8931320495,5326.1572204338
3823.29301797364,4173.43900371666
2989.54026251816,4446.62929063906
3739.14844002983,4806.20383126939
3764.6186569025,3485.03615067967
4444.33173855244,4788.9268113857
1963.78974040349,7214.10781791908
4255.22350770594,4384.91018377667
4093.21068910672,5707.10032836558
3975.17299960427,2075.43844267314
4150.61897362706,378.442590564449
3926.26817335945,6428.52267946066
42.5985276078504,1366.40564474603
4112.76585269744,5999.84090500608
3640.16457428253,5753.75944543019
3728.2624529183,4924.07261847088
3854.81350715032,5308.82353794636
4616.92362842674,7584.36664220013
3167.66094724129,3212.1302339142
4888.5866343944,5799.1110940558
3936.63716738206,5798.37236593067
3886.35801125057,4180.08840255339
3200.94769279101,967.787715852308
4563.97380882008,4938.62179912432
4907.97384435392,7354.31139667269
4205.00279116691,5444.02643049055
3014.30110137578,78.4278068098005
3804.31951141931,5511.20163866869
3495.18477691629,5860.37563152235
3806.04674476431,1545.36877017517
3970.81983856098,1144.36403481188
4279.74402134269,4396.50360621906
4355.25104460136,5448.11840076356
3897.61355473997,5634.75360045623
4411.40032763071,6967.51470348834
4639.78635175635,7064.12867145116
3981.43786426233,2798.33825001849
3883.15471848466,5228.63411367932
3544.0648053013,1076.27958212826
3816.17650864791,5945.85074643862
3952.71483930256,5416.63344441475
3820.69060969936,4727.66227391915
4570.99551498621,7094.76115161206
4652.98576100262,4527.27370715718
4047.09967406925,3195.87631231258
4331.65786617401,4621.27316109727
3970.90896069288,6952.51137629432
4328.73362923104,4206.23100564921
2033.4723244051,2145.62564881084
4192.43103252438,6207.16302933408
5061.61049090793,3814.31945533741
4600.99113128136,4286.87542216734
3731.52738895935,4604.39404800566
2265.56344385857,831.448399818532
3814.92353971358,2275.54306213343
4372.34561645418,5369.40643274678
3762.81082821367,1511.61075541957
2924.05962196291,4404.63046130606
4656.84582826411,6890.96268009847
3846.53469301204,2830.3344383669
5002.96974232533,7599.19955872762
5886.59214814831,3461.73513487687
4162.31274247725,5459.25725381011
4252.94815955715,4527.04621103164
4330.95978743431,5420.27084529192
3707.7760201276,6594.41429191426
3268.36352388672,3278.39588044543
4376.36737028906,6558.38321875187
4325.60256128591,3678.49158273086
3455.71066522721,5726.65061808369
3638.61399682871,1293.71777836218
3357.4937265283,741.199619106227
3194.51301026339,3809.77291566858
4680.79552223895,4094.32912890782
4279.76419657668,6113.61814478982
3687.66211219787,5529.33071188504
4380.44369928869,4698.05268061269
4178.6768119619,3052.48969065
4116.99116141769,4542.90243726882
4004.44069843788,6364.81446149316
2497.67383242329,612.418840700846
3822.20178542369,5432.83049198498
1014.79251329386,1629.08195297042
3714.79527961806,2689.73274139358
3699.14737373909,5908.96677423307
4426.99864171058,3776.01468948535
3954.73678420368,2953.94348561345
2950.49244134411,408.790726996876
4179.74878811257,4330.18087422882
3836.80615234805,3097.95508733839
4445.17175880784,5804.96467930838
3932.05167647951,6081.96277777448
3780.96380356526,5677.20699918506
3253.45879508502,2545.26635884518
3238.54919872071,2944.16855218202
4478.31593187892,4106.37754360129
8257.34920228757,2634.32178917961
4486.82779143179,2873.46969118948
3604.60825756508,614.407951805963
4194.09718373155,4705.55455563732
3880.17393931073,2892.84935881343
3882.55685779526,4834.90386292893
2786.43881278542,8614.21453979586
4067.63119066113,5677.54782051813
4787.85526336767,5892.65597860006
3867.25566752163,6218.92728529825
2443.79360902174,3492.70843637084
4646.42994576326,6768.66067843566
4329.44595460869,3938.21266131327
4536.22374782755,3468.44119631736
3584.04810981824,2418.98634639976
3499.62314427211,6220.29099348575
3429.07129594615,1463.64469848503
5109.28369656302,6813.55775766544
3694.66946252512,6030.70045843727
3411.17719420971,2677.17288327289
3179.37516670399,4141.84072216033
3662.63386318614,2631.7074865845
3690.47620523235,7115.73223497668
3947.18294776519,5007.1040528862
1492.85989111851,2924.61826246391
3032.2460346519,5535.24138259663
3930.61336624779,3441.50299106501
4501.63595452244,7148.80797278328
4462.24856057466,2260.02786865694
2877.67733403291,662.08979715429
4660.35636682682,4668.15935143217
3970.63187374868,5506.37094027055
3497.94684313668,5586.21954320453
4227.59019980824,4218.90440040505
4750.29563990549,4959.6495450927
4230.27423586355,4208.6180235464
4435.75160671467,5338.09188706451
3466.92684530459,3728.67392975461
4248.8820796042,2145.96668157152
4212.31930686368,5886.4044865554
3954.22885177231,5186.40821107603
1158.53685720575,2621.2504876317
7983.46304879767,2885.68851654948
3920.56943744707,6280.36223343133
4054.20133314663,5125.37074687977
1860.23826110242,942.270304246475
8295.85406445489,981.938883999856
2643.9335183512,772.400205298108
3953.32121577771,4582.22966712007
4280.31135770655,6408.57490580573
4058.43296469203,5691.41493565019
3865.72259754402,3239.86404132307
4171.46934372693,6443.81058823923
3867.64830587093,6401.58426278069
4436.6979354948,5259.37991904774
4073.24208693793,5321.72442882774
4573.80677262534,4902.59030310667
3152.91349386492,5130.88351079928
4088.09740444003,4963.11611244808
3807.5368722939,4218.16567227991
3893.57822634592,1074.06308061141
5247.57747584017,7271.33704771639
3217.76118278248,6276.83858061693
3877.50310294582,4442.31024709576
4202.73387953041,5477.50007508922
4391.82316033936,5414.41683718409
4186.43964980906,3665.76110251601
4136.52710364902,756.487316457172
4642.56164294063,6545.36857980772
4154.47216249315,4827.23157723777
3438.4417710844,3723.10450323134
3655.43948164942,5220.56392119608
4432.7384537314,5461.13261685245
4723.66656458125,5294.4451908147
3676.73705331479,6467.62283604162
3336.60195883369,2562.25921999957
3555.22642843357,3077.77981755792
4133.82747440897,7055.54724696833
3617.11180150591,817.467800908234
8982.69691775484,0
4316.53261321194,6866.97959877429
3958.55913869811,4961.41116007227
3664.3514050418,6928.41454690738
3743.61705880676,5554.79124945948
3894.75895557221,3818.97932021377
3372.74750562915,5972.56166699305
4425.4946680307,5283.13550424637
3275.5418871596,2191.7731110206
3946.73996954058,4406.22208847435
3767.40667095866,3951.28396286118
4661.77167877151,5052.00113211598
2202.16227806552,2541.06085193703
4313.06357499406,5572.522838739
4375.17867921669,4323.87271958041
3269.55108772154,5662.54449332411
9493.29121636631,1795.59896834164
3528.69780120742,6508.25753433187
3859.1618199142,5915.21826627772
3395.31154148015,4412.30274699722
3509.25728751955,1773.5481240912
3867.79039109007,4815.41023581459
4398.6681060499,2644.32421873658
3734.77575860843,5620.14775719904
5030.92587885327,6739.44899192127
4279.58318322169,6292.4106481248
3971.64915454558,4428.1589732344
3428.26239556628,4795.17830343035
8342.45099951998,3684.06100925413
3975.64548076091,6391.63870725511
8057.80097398587,3797.26993157927
4091.40181024945,4610.87303617586
2756.59658794301,1988.82690426729
4014.28370662634,4451.40332643344
4843.40931782762,6089.80547413218
4152.19637383216,5237.78385562075
4816.08066427618,4084.38357338223
5559.64344494816,5442.20773005196
4414.3705815967,5949.60147252331
3080.95573800933,6425.45359604209
3735.00135069113,6011.20725417818
4313.28232576268,5750.46328874133
3564.80463371137,5328.88505966406
4052.28645027963,4754.03195028526
3184.35510113971,3063.5718810928
3713.51858893381,4123.93872221428
3884.81965649607,2705.36147150522
4038.81786330094,2491.78785513257
8244.10833266579,3568.86297582388
4101.16461645813,1330.43112847358
4180.37074041027,5929.31245468007
3571.86574263846,5032.67833852342
3475.63704920131,5901.2944885419
4345.92180626419,4982.43890604065
3874.12895676779,3890.07608799839
4521.99304381925,5602.302842712
4040.8304797953,5400.15223811521
4236.87408868399,4680.83274618801
3341.03268809799,3092.4425348465
4561.56383462952,5632.08242382974
4050.75300980768,5662.03283846927
3207.02795688634,6490.18512371929
4003.52892703965,1563.15712777226
3279.91356693379,4787.39226967642
3650.93157246158,2247.29759986972
4395.62097091412,4014.87843276591
3741.01942363388,4505.90471700049
3470.67148680849,5554.50709073018
4047.95756971684,2624.26248559126
3601.01835524306,5776.26464764884
3331.09675624324,4478.00049892509
3823.07152145979,5827.41321892327
4066.02082543325,5892.14474660046
4414.49719024964,5367.81480557849
3659.99391751378,4936.12103316435
4096.22026428397,2626.30847072776
3530.71126372363,5829.34566742463
4943.53503652777,4183.95287670085
4503.57984419084,4795.63287282619
4642.64968205348,5883.39248859585
7135.42375477171,3.58040007179939
5117.95418389283,7206.71969095722
4289.31590193444,3772.43437406719
3815.58110334614,4545.28903231076
3486.79010260461,1772.97980663259
4415.10585012846,5529.78528128087
8103.91250402728,1281.55582703356
3688.30077825104,6017.62915688936
3846.32357632072,3267.93888149262
3883.80859377688,8212.7549178953
4354.07365999132,7115.2772427256
4084.3086094017,4534.09351666044
3613.89215041105,4216.40405730034
4200.964284731,309.903489199634
4380.6343092353,3795.22373501514
6149.31199393091,462.042051725387
3847.31676905002,831.789379722313
2592.69642614636,3652.34897963503
3916.47061936235,4323.70230891388
3840.84001432686,4752.78199016053
2919.05952453842,7233.54393671916
4667.47037110085,4651.28023834056
4515.43062257748,5263.69938544628
3959.18772823554,5826.16283594329
4486.09324975524,4259.93700548737
4390.85363865209,5099.51230251325
4477.85881939899,5629.24083653672
3987.05694555236,3895.13385966682
3829.42059944418,2736.67580575987
3434.89501924488,5098.20525692951
2514.52726250607,3420.64586719079
3891.54292104145,2575.8419649747
4453.52880835896,4638.03852612612
2197.30653148809,5450.5620812645
3775.79496529906,2301.34463246856
3850.73321219759,1169.76780406876
3984.77793252834,2363.97308955024
4191.46518313164,3410.01824614383
3457.04682669551,1843.22388680168
4222.88610532329,4968.11722151276
4121.99184486365,4886.16575941089
4460.07692406547,4892.24684078901
3644.08639328526,6319.57613807506
3727.47927852589,4629.40001618427
3880.92787397675,1778.89047734418
3852.75817880013,4851.83963862431
8433.54949233444,6890.05311845155
3792.07131979051,5163.84592339836
2273.25694134528,916.525502228914
5271.51057349123,5184.02119317884
4191.42794924513,5341.3313811496
7300.70573029357,1524.17050782644
2769.58980222904,3116.88018556651
4809.6463086635,6377.54451885276
3353.63038359671,5690.16455267021
3029.6897754065,1014.95806491651
5471.53426993979,7016.6175010539
3475.49213490808,5821.44588560792
1015.54452919579,660.725824682257
4078.13132387018,4123.2566566929
4035.34267223147,4583.87795689213
4108.08298502444,4693.39281573633
3710.22710006989,1453.86965933979
4652.28407092524,6208.18591618852
2546.69329989532,2509.06466358863
3555.3083996513,3001.0002980425
3565.70242124721,4121.21088298403
3374.44453967361,4627.46799053817
4409.06662408263,5806.04465162183
4215.3587896995,6137.60080325874
4409.05507358348,3995.04440717375
4531.77823035917,5829.7435742167
4716.62521896963,5463.69004541618
4701.85350820825,5422.08912287525
4069.5999043856,3732.53840390208
3570.98898855269,5173.2798240691
4374.78375563892,6845.38353534731
4585.11876265721,2820.729915602
3241.32806171133,4271.473765326
4254.27507778785,4880.48258482484
3743.03188258538,2425.06721635026
1856.51211993038,2540.3221238119
4057.62098209351,3198.60415154283
4874.76926285183,3551.52929333644
4478.53542491323,6683.81096643701
4652.43398511964,6979.96102497389
3790.05661505036,4681.79897043869
4056.60048574274,5653.79223531949
3942.73208820459,5306.77776423748
2428.39595322545,4316.59834068132
4489.5639284961,6784.8577260059
3097.07626279566,4299.54881692318
4156.70415526372,4351.43611632275
4678.26928518896,5920.787692801
3786.63237718241,6133.39550777822
4470.51837534379,6754.5094045743
4345.51383998972,5463.80379347895
3669.90297291251,3873.42447103232
3870.28433282739,6353.9026817169
4881.2591342463,7816.63764924773
3328.09682447063,1837.71133430978
4684.32128785001,4926.17547763877
4657.86698591195,3873.25363751053
4504.99685599898,5224.94005019838
4563.97348812949,6227.05414038525
4303.39279543474,5224.14423661424
3839.14904616582,3766.12579656352
2123.24106909424,774.162031705308
3295.59122052304,4637.29979800098
8063.58688258288,4516.41858998468
4782.40339706828,4220.38227951057
4236.52162050601,4685.20887519032
3759.81482448606,4117.40307144033
4096.67168412448,4323.92938218417
4043.16593227188,6317.81452309549
3878.44407760909,6096.39778750989
3977.73407390773,4115.12980160591
4075.93456472805,6169.99489839922
6205.62765069745,1477.90950898154
4572.00564459792,5834.51718715583
4071.06238602297,4545.57319104006
3417.4619205234,7984.46213305794
4648.77110322637,4841.38242824388
3741.1931442077,5859.06858593861
4456.29254824185,5265.34725236309
3522.35226149464,1449.94831116094
4448.89156018848,5923.40220682373
4755.79701123417,6472.39687183601
8279.52558231648,886.234160542513
3668.92907339042,5332.57912314499
3041.17785210081,2189.21568245688
4177.88511702121,3528.56931029433
4684.22492942465,4263.85856509384
4012.2474763403,4806.88547393551
4161.01713604062,4221.0639221767
4136.38431429489,5978.13109351633
5258.99551804931,4083.41777198681
8543.27851817201,2369.20169474045
8608.48246542381,1638.57283338636
4390.89366908829,3546.81234300107
5012.1928051114,4292.84275548269
3864.21795867729,1299.85562805788
3987.71829064428,6471.2602369188
3643.03256383213,4653.89475236329
3887.93480624524,1765.64855370212
3939.84474292007,2815.67193250594
4554.36388164332,4565.52138755024
4004.88451498829,5351.67484346726
4066.58055099022,6509.28042118631
4363.56032335001,5265.63141109239
4094.91113470526,1783.94846044024
2316.82895224107,2861.93293135085
3593.11920544982,5073.14220329188
4501.17808910755,6090.60128771632
2942.53998041421,1046.04511447324
2592.82882736086,4931.40408282899
3812.98399099566,4681.96938110522
2251.74359826531,387.535669902127
8242.41036239402,791.722998890672
4599.9840208698,5013.41220753461
4913.18354715917,5453.68782728683
4115.67516590808,5512.0541148566
4300.0078194536,4133.60011901056
4795.72706650859,5103.94509411931
2215.66531653016,1502.63131843085
4338.66694157136,5786.32395123719
3883.48785210717,6592.65267693469
4354.27128993669,5633.27614420596
4069.16289273585,5708.18030067903
4534.8927111975,5996.03309346238
3934.45479089848,4772.27519441963
4231.7440586239,3603.92824759085
4621.10818005508,4799.66818049543
4531.5395168506,1897.83923685913
7160.03326544617,658.793587608526
4037.31475829311,5420.10001177014
4673.77718927756,4494.70877849493
4826.03979438668,4583.36630203728
4449.3306710709,6197.84245387086
3578.98889604563,3835.9155187644
2417.11479302564,4376.72624323066
3201.31393419367,1442.84434292838
3978.73982224107,6149.64921795222
3716.29642177786,111.390219408881
3410.96320571305,1909.6034928233
4910.05788399974,5287.90954004075
4244.30875993036,5774.6734433358
4478.17240135382,4863.14890233739
3404.77890104313,2653.47417210565
4017.86216641229,5931.01740705589
3665.29419717887,1827.7657787842
4284.51834235362,6854.53327728875
3313.41109406503,2809.42044046129
4792.02348144583,5207.49261964817
2248.61465724434,2137.72607842175
4733.45683190859,6484.8427704663
3998.99489095614,3407.06291078804
3537.37556804806,6057.52512705447
4531.56009376474,5528.53532115614
6556.0011223064,3106.19569048816
3433.42808509857,3284.70424652146
3245.70032593119,3480.14857825014
3862.64044127008,3677.29786235464
2711.19128832254,1038.08867005278
4205.66697326729,4088.93011305107
4436.54732169223,5797.00823488791
3967.88447969518,5075.07465179324
3723.11582824037,5195.33045689192
4040.66601445176,4919.07150940621
3715.289306262,3959.69497667748
4456.57816788017,4767.50115862525
3746.5118668936,3463.83799404476
3653.23172359589,2222.63266445179
7254.09057713024,1319.86038145801
4367.74585000665,2155.28704560712
6673.26885107945,3090.22613904346
4128.42095664856,2651.48506100053
4449.99003626832,6643.17626814676
3658.28287981923,885.950001813211
4447.28856538587,4935.78021183129
4474.45831747548,4771.87728762756
4535.84466959548,5765.69411206089
4849.19732027723,5916.07074246563
3219.49961549217,2355.39166506741
3849.50671321329,1524.68205696748
3620.85421933265,6329.91960039272
4366.76403154178,4141.49947797202
4464.22803924525,5468.06617441848
3834.06425296066,5736.14160421344
4177.8674576963,4921.34477924063
4633.70747521518,5256.31125848442
3182.05224121397,5743.245572446
3062.30255434304,6004.89867667451
3254.91107833733,1726.26423839185
3814.28518349756,5422.20287093802
4062.50677984162,6049.96658942608
3486.46151940407,401.459447637945
3920.2384736704,6836.80168800923
4575.23296285084,7011.04807453062
3600.90109372689,5784.39150273584
4311.54995496761,5022.73278299783
4211.9974914305,4943.56582272998
3890.21353282668,5974.4370300354
3273.24447284557,2135.96425201455
4244.59337014465,6097.93232921918
4107.12148099171,6191.53429922244
7588.24595261226,1705.46377712139
3140.1428940031,2667.17045371592
1887.16431561407,327.634999193795
3736.01428618122,5560.41776144177
3358.23625316766,1988.03130211076
4849.50754197214,5927.32334357495
3696.86865461306,2621.93255315308
4201.77414039959,5463.40588668687
2860.58749485486,257.675130610921
4540.87758857046,6847.82721584826
3986.55600004898,2276.79323368578
4109.04372946688,2327.82826832507
4330.97310614721,5124.34786002533
4424.90822551541,5508.13255525012
4590.38188413142,8319.03028265441
4104.06831344787,3571.1362456583
3495.67054010508,1126.17787613653
4336.21713938412,5288.7053536249
4422.041174769,6506.21176062299
3853.28293816811,3910.64926457093
4452.56440753372,5827.5836295898
4035.22483088946,2369.03128407392
4609.38759187258,5830.5389649456
6903.63607796531,2237.01101158344
2848.70341289473,937.837406926595
8186.3868362227,871.742118204996
3482.26280374995,2672.39905890614
3829.70823867787,5235.28351251604
4446.34599740248,6314.85918773969
3817.95767997472,5064.0491239542
3685.81138275338,5122.75665571228
3330.30744748812,5418.73630358263
3790.14811339622,4186.73780139011
4711.56509992376,3149.04699600906
3575.42688782459,2452.11916966538
4385.77401898626,5816.89934593908
4240.62608384284,5061.8329395788
4388.67537460171,3268.79135768053
3498.05116395249,3087.21392965628
4448.16579287993,6837.25668026031
3622.1066018308,5920.16271273863
3780.33303903369,5843.89442522281
3522.73366661381,5502.73353939338
3627.79492705819,5135.54379853089
3873.08687649515,2885.23394715365
2525.94279398555,2516.16863182119
5478.18021412142,6663.52194859376
3692.86667622443,3454.6880406757
3948.24511408951,4392.24122527952
3221.50213904296,2780.09521731175
4194.42377225783,5673.39918764136
4266.42980651079,2761.96593266778
4256.57892458422,5578.77433078366
4326.57393785742,4527.78493915678
3598.70441672434,4253.51510277618
4068.20583818352,5961.19531782095
4159.73996451218,5136.1121159895
3773.82970388553,1538.09428556226
3680.74654916303,1871.1283163047
4526.29388437281,4125.70033719385
4095.66677169352,6290.81944381176
4868.47020908686,4065.57243464451
3093.6169246999,2792.25716864037
4115.41288906947,5041.60058433931
4192.31440324238,5449.02753955522
3445.36689655854,3800.9639950602
3720.63204928656,3553.34799377502
4680.31174937427,7261.61898831634
3555.19623099865,5883.44957405486
4255.81757217669,4118.59636896129
3794.28941146437,5103.20636599418
3777.44136154479,4069.55065685475
8121.36899411413,717.443928193783
3803.1320778098,8014.46963315648
2719.11674300916,3144.95502573606
4826.03671139767,5710.28315984692
3862.54309171137,4015.95840507936
3881.80422395713,8851.3170909521
4131.12663055935,6393.5144931527
3919.56138805072,6521.49924654631
3975.57324442575,5440.84359900921
4342.35209545346,5637.48143968649
5093.70176157248,6212.61870779458
3582.13946100957,4058.86637320403
4016.11519090649,1487.45726342886
4944.52307036742,4242.48957493715
8482.46277849837,6214.15324950387
3331.24455102859,3930.88119695517
4181.35470598698,4374.62338406277
2061.86159416952,2060.32115598872
3994.74563065624,6416.47426476719
8907.82827512857,648.734336877076
4679.82303206295,6101.34223397081
4163.42142751256,4141.44281536826
4727.61235662072,5618.10198349016
4150.27948965617,5864.86550858743
2244.43322377266,451.471357566718
3882.77461971986,5412.14356734967
4086.40257700073,6655.79257744359
3437.41828982154,3326.81661248961
4213.94890647124,4316.99624747339
3737.57522846951,4979.76772941416
4562.4207342819,4329.72630483299
4250.18380659489,2942.29297771205
4263.37607640519,6621.06854986493
3445.39603280655,3071.81248424257
3241.75202652519,1545.82344528481
4233.36732399227,5659.36166184277
3792.12123946968,4854.85163658386
4264.20874189236,4929.35788626486
4298.15332728816,4618.31782574148
3067.44838719301,523.193052556793
3766.6283926826,5299.50338533839
4761.51502788436,4945.8390925644
4151.77336436831,4669.29598634938
4383.5277111551,6271.7808089485
3406.45582406358,5691.24452498365
4757.15389512421,6125.49572596151
4348.18580155607,6116.51639468661
8520.92860175224,2012.52561543453
4194.47428908087,6239.89794580761
1874.54851789654,4605.92858971494
3506.58627089265,2737.35765985362
4174.4063028627,177.428700170227
5174.43052246397,6337.93270741695
4306.28998475976,5889.41690737021
8758.77907124775,1442.84434292838
8280.73468566895,4669.80764120423
4028.39078274555,6721.71740264175
4511.65838148499,4982.38224343689
4031.82496080183,4754.88442647317
2858.45610500365,1190.73867600575
3845.08081517244,2434.44445441724
3452.55493668446,5204.36687362584
3742.03311313345,5433.91046429843
3808.44275560906,4739.48319248708
4239.98022828411,6043.20344252658
2391.17311759283,916.923303307174
3778.86800826316,4562.73646286098
4202.19653979618,2489.79874402745
3062.37970732227,1625.67204821879
3061.23043415289,3086.64561219768
4548.31638258098,5578.03560265852
5273.38253117889,6446.36801680296
3119.10745355654,2120.33552190292
3307.8213455392,4646.56328800519
7208.24418064184,6670.73966488909
4207.29636834149,7329.1354406828
5313.75052801454,7320.09902394888
3975.57099300834,4782.10700188244
5178.45123076152,6986.95124514368
3152.72346844081,7032.075820499
2114.03714704318,2956.15988141648
4231.57432827491,2784.13031355337
3994.17256917846,4891.67852333041
3622.8919135361,6868.9116244204
4740.34655479178,5897.7708357275
3226.75845870373,2914.95686566763
3649.44738935318,5501.02858701756
4045.67356228862,5628.84335259989
4283.02194208336,4653.21268684192
4218.75034439444,5346.04833148498
3239.1352602316,3022.76677213602
3832.41727905618,6311.16512425876
3700.04442630484,3723.21782843886
3380.71975833329,5503.47226751851
4218.77402665313,1819.92287099888
4644.36643653065,6291.8423306662
4324.82301239126,6232.73731497129
4997.79212459422,2146.59187306151
3837.90687520731,3771.69564594205
3954.77570233935,5479.71668231988
4185.07470939901,5610.25928713247
4469.68346640295,5782.62988775626
4338.18320360995,7071.9147052051
4166.76857369136,4415.42849301955
4224.26118544701,2323.96358274998
2995.65601211348,4340.5814220055
2344.85439843515,347.526110244965
4006.05421955788,5083.54275106855
6934.35313713063,3509.13276863899
3736.58492193714,5560.70192017107
3140.81704086897,4832.91475182382
6645.99918663964,1100.54671646792
2802.69534680303,5098.7164889291
3135.37582916846,2596.86971094308
5036.00818173078,4856.55658895968
4126.28595251863,5244.37659185372
5365.48993083461,7044.12423519247
3993.47951399392,370.088318637268
8778.45659698069,3129.04213689512
4129.32351825709,3816.81979844212
3974.77495367087,4740.10817254945
4133.86667602288,3908.94431219512
2977.87815703645,262.335339057171
4848.26681155927,6121.29043048099
8114.79052748579,2977.07409074972
4343.46980425069,5577.97894005476
4173.96106599587,2368.46296661532
3710.70345579089,5598.15420983523
4339.38555890339,6189.31769199178
3850.08795153674,6616.74950632163
8148.05399017478,2923.31121688017
3693.09971915382,1675.22930946637
3047.38645375076,2827.26556637595
4379.94827978702,4535.79846903626
3595.96899144654,4008.17237132542
3710.67664139808,4625.76303816235
4051.36650077882,4570.46583401115
4270.85322293207,5553.48420387574
4567.23708704902,354.1185821934
2625.34605361131,1948.24908000843
3681.32662717434,1439.09340541606
3346.0764501308,6428.92058625274
4223.60938990255,3951.28396286118
4197.48801574145,5179.64506417653
3511.11743642809,4098.30735111805
3857.50736029483,4533.46811374283
4305.66200994504,6060.70753568056
4214.06632268844,4904.63607681555
2641.02392175963,376.112473127098
2155.43889810082,1363.33666704128
4170.13317337179,5613.44169575855
4152.21213841653,4905.43189039969
3609.20050748568,4758.2943312248
3746.67649682303,4155.36659310408
4565.56913058579,4913.6158309457
4051.72340518515,4978.46068383042
8330.31432338969,2653.87186747009
4465.39122157488,4605.58776838188
3894.66941450935,5100.81934809699
3597.33434726835,727.67364244867
3255.16265600793,2034.74687035151
9192.97112018832,573.886948721582
4022.13698645006,6320.76985845129
4348.61884197749,6327.76007862107
3936.36629865291,3840.23456230769
2910.20566684743,2690.92625034218
2949.45411102332,5146.22808218161
4619.56616230421,6975.75530663811
4729.77504010799,4978.00611443458
4311.13216639738,3578.12646582809
4521.87216961556,4663.38531563779
4730.94514591781,6627.83169676443
3758.49218428339,4526.59164163581
4123.49040457601,3705.42957655558
4874.76450492711,5310.1305835301
3744.03888467776,6038.4294067322
3843.71272155805,5565.87343990228
7745.07443093708,152.877393887034
3667.08791433871,5049.78452488532
4734.23107259975,5671.58048720278
3797.7207249453,4993.74859260899
4773.99076416711,4926.51629897183
4189.80851306169,4960.5020212806
3676.74939760392,6430.39804250301
3500.57230046154,844.917502444704
4330.11196290576,6248.763951875
4742.59672296052,5972.22042280474
2989.21769871208,1234.38547796936
4077.19990629597,2700.24661437777
3406.12883470868,6117.59636700005
4163.43631643423,5115.19769522864
4274.01111083531,6405.33541172063
4592.25513629053,1894.54308017027
7848.19864554354,817.524622082713
4038.70943904789,5482.16036282083
3832.47201681745,3396.4355011687
5323.98946029859,7290.88733743449
4011.92029579685,4339.84227102511
3786.420954596,3584.60545399829
3251.09438815524,5032.39417979412
8213.2838725003,2328.11242705438
3748.55459974598,3442.86691068014
4373.56159803764,4725.44566668849
7275.67852577568,472.783262264399
4321.84887723617,5075.87046537739
3870.23155554301,5209.02716135745
4112.89747896098,627.024631101134
4405.3970183665,4544.77780031116
3216.81675845475,331.442731452139
3416.08930385006,1225.00823990238
3827.10984730811,7018.20870536694
4493.0324532043,5818.49055025213
4582.67422434512,5681.63979079113
4408.65096897642,4133.82719228085
4445.44664580699,4631.4462127484
4731.058331648,4674.58125414336
3409.74071379716,3896.72548683512
3983.23463262895,5525.92080713341
3602.41536403754,3024.24443981392
4208.65971229702,4852.6350293532
3740.37464655044,4384.73935025489
4529.92467801358,5318.93950413847
4070.65290304246,5917.94610550797
4719.83452086347,5084.11106852716
4029.69018012975,4880.88049161691
4034.7887114449,3534.02520018246
3993.30328969596,5887.88236566093
3591.25187707734,5110.13992356021
4707.96105797987,4954.13678117318
4626.12715363911,6488.59391940624
4015.40866288097,5003.18249327973
2921.80812609219,982.791360187763
3625.93592842938,6192.10261668105
7623.66163699655,733.811492144364
4233.6597324777,6638.06141101932
4129.21355234915,4869.57122790383
4052.74046601881,4287.784560959
4332.75857625616,3930.14246883003
4424.5164156566,6569.18125046536
2866.18473137226,6038.37274412844
4653.78931784114,6364.01864790901
3857.94310590284,3580.22932499598
3870.03586160016,1935.91650658565
3843.97642632057,3884.10875468304
4051.42989998933,5918.96941521766
4431.66993733208,5606.45147558876
4181.08751821822,6193.52341032756
4508.64265915863,5471.02150977428
4286.0434170029,3107.44607346814
3488.970975096,3381.14780381776
4104.57750201172,4574.10281203307
3974.86903621937,6521.49924654631
4936.59879371867,6226.94039232248
3684.31418405355,5202.43442512448
2452.35825694158,4750.05372807503
4556.27035534537,4748.06461696991
3561.30850337162,1292.18334236671
2612.00509162772,1401.58445314814
3581.15822234931,3605.57611450766
3963.42844766236,3053.9673583279
3388.49380996663,3979.92690906171
4442.17932513796,5014.03718759698
5367.59841674355,5778.99248687909
5032.65991920894,9492.72000559142
3874.66987141754,6168.11953535687
2585.67670098757,3559.76989648621
3493.72864392897,3823.58294534162
3067.54672724408,42.6238069176954
4327.81075129003,5028.30220952111
4170.21284852699,3809.94332633511
4121.15538658776,5170.04032998401
4313.05622032335,5415.21265076823
4072.12050199807,5797.51988974276
3922.09273994891,2130.73564682434
6016.04323021051,2963.94591517042
4062.79084053096,5355.36890694819
4868.83834680014,6843.90565624179
4426.60526468337,4344.55964421573
4631.67982562772,1204.03726225158
5216.13774793499,8407.40364746746
2794.56687967155,3077.72315495416
4090.09446154039,6110.20824003819
4488.96495292177,4838.48417834709
3876.56882483883,3643.08506677557
4170.95219389338,5544.27737647529
2917.01655376372,4749.25833734613
4225.22985406028,5819.96842935765
5152.36061192471,5230.33906605513
3951.19846561794,6426.19274702248
4268.56006971306,5763.47750483023
3842.92309562038,6598.56334764628
4334.0852912095,6131.9176286727
4912.08620759624,4571.71579413588
3578.55950071705,5559.05363039902
4844.65082580775,7161.93593693495
4560.93032200284,4016.75379580826
3524.28613962238,4253.85592410925
4133.53430017492,1508.14397663655
4269.81467462783,5607.7585211725
4919.77862130544,5077.74582841973
3548.26468998825,4478.2846576544
3838.19612954044,4840.92785884804
4020.61225853537,5885.32493709721
3881.80141272146,3932.69989739375
1560.6233580329,976.198835382422
4347.85597052351,5943.91829793727
4748.9866539355,5209.76588948258
3297.56478877196,4771.36563277271
3572.08104453256,2457.40464888698
3511.88769241106,2117.20977588059
4086.49615447805,5455.90401166224
3243.38415566642,1171.75691517387
4904.72457167516,4931.29033476621
3828.25507241,3864.89970915325
3396.31038925958,5540.07208099477
3956.41084912117,6438.86614177832
3618.9249024119,3758.6810069979
2917.77256718848,2344.02531589531
4151.2857470822,6682.27642472772
4110.5561223636,5105.25213970305
3190.00779151853,4025.05148441704
3559.93837883179,1167.43766020295
4677.12821981863,6123.56370031541
2976.90467948466,7699.73508629692
4494.2696135766,7805.83961753424
4540.84632286315,4352.00443378135
4522.65874816619,6061.27585313916
1790.48653365172,1409.82505629791
3255.56275635482,3031.97359953647
4000.77122308489,5860.26188345958
7881.8647387419,2676.49102917914
4432.79025477524,4894.6338586862
3848.09394912849,1795.31480961234
4378.12576292637,4561.31566921446
3459.79368506403,7166.19831787449
4771.97108317424,3437.29748415686
4252.60575482523,6446.59509007325
4424.86454413639,6346.85537608809
4349.82790543533,4999.54509240255
4092.97855789522,5820.59340942001
4848.02474749919,8146.26177523853
4544.62253375463,6103.38843053493
4160.59321821884,6529.56943902955
3355.83939033625,2219.39317036669
7996.70751541734,3869.44624882208
5029.57483111354,6066.67486899591
4736.77843996379,6380.7273503341
4301.29980336201,1727.62815800698
4191.45245046271,6484.95651852907
3454.88595537952,4770.00192458521
3970.36405548682,4600.24541512889
1565.46965310193,1014.61713786963
3274.54512908459,1880.56242840306
4326.72780005171,5173.22316146534
3628.47286314584,4126.26865465246
4350.20893305385,6500.69899670348
3887.04519340946,4559.21281004658
3892.08819518379,6660.62327584173
3886.93911992067,523.079357350928
3693.65513991403,948.976471400775
4456.20780388869,5643.79001719015
2601.45063522284,4676.34329197818
4384.67907987083,3848.30475479093
3879.05767017266,5584.23043209941
5068.28108274422,6381.0115090634
3819.25146503125,6614.64664715375
4049.53378227566,5753.70235997117
4007.32193054196,348.890082716998
3422.62209112641,4377.80621554411
3356.7052666998,2952.63644002971
3918.005980584,6187.15817022014
4598.92534357668,4938.79220979085
1968.16322901778,2843.91718334203
2545.32520233425,999.670367565564
4034.4159760947,3576.70567218158
3087.18967911771,60.1848137457396
3842.32485321142,2058.50266697776
4144.40878023502,5063.1966477663
3983.04323090111,3504.58622897015
4498.39959730752,3365.40532564335
3899.72687948691,4338.13731864929
3998.03365949256,4882.1308745969
3785.58466820796,3825.51497098773
4336.90809243945,5435.78582734078
4340.65774515819,3986.29214916914
4418.60341675982,4982.09808470759
3355.57389009618,6528.88737350818
3452.21443460553,713.579348332507
3762.30549927974,4880.99423967969
4132.34995570791,5256.25417302541
3547.22465712837,4346.037100466
3647.20151539844,5360.48376407564
4446.29829816975,6305.99360452756
3697.40440524978,1209.49315213971
3902.68678148249,4859.56858691923
4411.87387594404,4236.40849355903
4493.62298283318,6596.11924429008
5001.84359906687,5299.90086927521
3718.84905438406,4242.48957493715
7441.76477455743,3162.97077374488
4545.10130383018,5499.32363464175
3378.4853305073,4318.70119984921
4839.78207097189,4937.88264814393
5002.79492445973,6161.47013652015
2588.68568081597,333.090836225021
4410.68883444278,6194.31922391171
3748.984696231,3374.27112028311
3790.72827573384,6044.11258131825
3920.74363681434,4123.99538481804
3938.13274458552,3972.31170882956
4555.66321226825,5100.08061997185
4663.38911482136,4826.77658498668
4018.53935500477,4279.25979907993
3395.69030742282,6528.71696284164
4460.18518087492,5008.751919803
2527.71540495898,3535.78681516203
3788.04377500323,3905.53440744349
4515.84868114905,6709.32816661521
4083.13446935735,7003.71661017252
3428.49020205048,6172.60941242195
4073.72483165976,6123.73411098194
4394.25566006014,2478.09136209467
4428.99290463239,7030.08670939388
3963.8306125841,3851.99881827186
3514.04237547189,4297.90052715112
3072.71993568797,1020.41395480464
4032.7796768869,5285.35211147703
4328.79645697995,5089.33925086212
3896.74388471273,1877.94812580796
4848.24844501331,5719.43290178835
3589.88229164784,6648.23403981519
4099.43508488754,705.11146048482
7839.41653347542,3624.61474937092
3948.55121357092,5675.67245747578
3897.92712188733,5684.87928487623
4370.73378444319,5691.52868371296
3847.16474054391,4503.46103649954
4034.99294965098,4649.80278209029
4005.30921001052,5905.55686948144
3820.95398204476,1376.23745220884
3272.63128264421,3440.59364084572
4717.46093617945,5019.89119570481
4858.44876024712,5357.18760738678
3996.31355768838,5386.45595650493
1242.98763106156,676.35455479389
4419.80638490861,5739.09693956923
7691.71809960937,621.000476611304
3778.20421969949,3330.22651724124
4180.08579499438,5023.6419217895
5643.74902434741,282.226450108341
4519.83869655474,6309.85807867502
4132.42126634452,1777.98112712489
3795.49035305323,4099.55773409803
7725.2457919918,1107.48016832014
1550.05898518881,822.980459113939
3989.90722962352,6700.97381540267
3633.99267319597,1288.88707996404
3430.36001088187,4895.14551354105
4390.57126562933,6744.73425971524
4730.25431412604,4775.17344431641
3574.67343131668,5589.28820376785
4274.24891337012,3201.84364562793
3883.50728041923,5275.00864915937
3950.14233034891,4248.22983498221
3777.56257970104,3650.58694180021
3679.71150414498,4941.34963835457
7410.44916467144,8666.04559944692
3811.13037848529,5125.48449494254
3700.26971452822,5132.70221123787
5046.98121575108,5057.79763190955
1033.14580768527,1708.02120568511
2587.84773134962,1897.44133006705
3941.34625375282,5819.79801869112
3424.67259154337,1821.40053867678
4936.17476148392,4502.32440158233
4820.42858878395,7067.25441747349
4711.92946615688,5929.31245468007
3626.7530930933,3248.95712066074
3751.86578142741,5769.72899687488
2950.73386024642,840.996154265856
4563.80754410515,5842.53071703531
2182.7157718535,1031.09834416917
3683.11458809214,1139.41958835097
3719.00596825899,5795.70118930417
7689.59423545665,139.180940491812
3880.24461124797,2086.17960035524
2103.16561081635,1902.61306122588
3972.4004972428,5119.06259223135
4667.40245360908,5936.41642291263
3311.98041215106,222.4962693519
4794.76230995211,5425.72652375242
2993.55729671875,4669.80764120423
4381.06413832297,5606.22397946322
4291.13564783409,5044.32884642482
4091.56734734366,6860.84185479241
4092.41720052749,6295.42264608436
3987.27985758163,4540.11751257955
3055.98316578848,2103.22912411339
3998.01246469974,5420.78207729151
4428.17164018396,2502.81317154398
3392.24571719423,2618.29515227591
3997.7664094046,6923.35677523894
3169.09447927951,277.679910439502
3539.82525238788,5401.62969436548
5232.0057573492,6619.64775621842
2018.54279497926,830.880082359927
3857.01547166298,4439.86614373956
4210.48013784245,4808.81792243687
4442.80148188828,6671.36464495146
3892.84153979405,4540.00376451678
3951.00370818664,5071.49433637508
3800.60842472134,3634.10573550067
3190.2917679429,1281.83998576287
4296.78404422185,5903.51109577256
4167.30993226681,4922.2539180323
4053.63862919224,6513.08823273001
4270.71735024232,6326.05512624526
3999.61498374627,5280.12350628681
4395.01136963673,7095.50030259245
4662.08189245906,4908.10306702619
3618.68828143538,5107.24125080817
3447.07882310507,1141.63608986782
4319.50216205521,6523.94292704726
4178.80781984048,5687.66420956549
2353.41841608012,3729.58306854628
3368.93500723521,4341.945130193
4164.1015951646,6830.55019596457
3305.40394338669,4559.21281004658
8293.18762100736,3505.72286388736
3263.37664213911,2527.4781069619
3784.11675173535,5430.72763281709
4178.12739318971,5318.42827213888
4266.81869386446,5383.50062114913
4743.46778894635,7029.68880260181
4068.58335721305,2910.58094809295
3947.98629409442,3292.26278414986
2870.61195961004,5335.76195462633
4220.54962343127,5870.94658996555
3929.42854803383,4563.75934971541
1086.52061167593,2247.18406323457
4223.15326829069,5240.45503224725
4207.02359083725,6301.90163425455
4161.15486876871,2740.99506073079
4262.36248159727,6359.98376309502
3620.30958448455,4738.28989496611
4451.43864643475,4444.86767565948
4041.98153844074,2200.86619035828
4341.85451801469,7033.38286608274
8375.13576201306,2288.89852241064
3052.09234095076,265.404237476566
4084.13767774178,3455.93821222805
3307.89775723238,1650.22334128776
2391.55922163356,1704.61130093348
3878.24670828532,6544.80026234911
4098.33604487169,5112.18569726908
3889.9239853748,4832.51684503174
3629.13532649099,5967.84471665768
4717.37393731992,4997.78347742298
3832.53656656995,5948.97649246095
3639.1945774397,3839.60958224533
4400.63459098605,7288.78490112186
4195.95356128448,4678.78697247913
4466.65540752237,6008.30858142614
4521.79897423033,5410.9502698287
3303.77557724284,2446.89077590279
4287.89481645902,2419.27050512907
3233.31721343334,1192.27311200122
8788.32743380079,3338.75127912031
3603.8731364425,3997.31767700817
2479.41838824158,535.127719187494
3720.2469238505,7500.7106505777
4241.57158549353,6279.96432663926
3096.40097133312,2497.41415568723
3225.43359076605,2114.14090388965
4589.5809719123,5642.82379293947
3977.4708643923,6554.29124847886
7594.05421329023,314.791035200707
4336.46754820542,4289.88742012689
3777.04591988624,4295.28643598364
4016.65146728616,6334.52280266532
3989.51387563657,5406.97204761846
4106.7654974164,5607.41769983944
3995.45089627127,5740.97230261158
4223.9659054626,5830.02773294601
3252.53107591282,2934.05237456228
4096.69756670634,6457.96143924534
4530.89644939574,7017.75413597111
4170.65501897431,6196.53540828712
4016.25670928168,5997.45388710889
3903.13343423511,5231.2482048468
4037.51040528308,5617.87448736462
3866.97182158627,2110.67412510664
4308.40462960006,4761.98839470573
3802.54361900215,3445.0835179108
3886.73277368757,7491.33341251072
4399.76331286945,3334.14786542009
4348.55199627175,1597.31294360613
8869.0685051382,4819.78636481689
4826.44223869204,1364.58694430744
8567.86761282776,4448.61840174417
3800.29608691515,2495.14088585281
2902.353572505,3506.06389664805
3782.98630495653,2874.60632610669
3641.4800812712,5300.86709352589
3705.96738441958,4721.12662314519
4449.62786688398,6789.57467634127
4327.79213491973,3937.53059579189
3689.29162665244,1565.88507271633
4782.81249984152,5661.00995161483
4205.79352046081,5307.40274429984
3930.95283047589,6116.34598402007
4004.65887884265,4817.79725371178
4399.68616300982,6016.94709136799
5941.7892407847,2232.00990251877
3887.53159725452,5297.4005261705
3093.29447841424,199.422591103925
4716.29062882275,5510.68998381385
4777.91512560497,4908.61429902578
4167.09287006669,4183.55496990878
6749.35468347361,1781.10687314722
4800.05011729557,8065.27653738735
4254.13597682265,2796.40601294476
4008.26086433342,8496.91364719772
4715.16289510661,9262.778930982
4166.79295841211,7208.14048460373
4569.32155857898,5288.76201622866
4409.40492972392,5624.80804493065
3569.71074888468,4044.14678188406
4414.76400352488,2451.55085220677
4315.23398310327,5597.01757491802
5211.2406114026,6645.16537925188
4073.02550330167,6144.81851955408
7739.86813785827,1687.22074441465
8291.77869287398,363.723157815203
5138.91800676004,6017.96997822243
4356.23433750504,5432.77382938122
3456.26398359564,6758.48762678453
7326.6324723797,4143.43192647338
4082.89646826129,5149.35382820394
3221.41693925754,3559.76989648621
4744.68597593145,6687.73210318823
3939.55003592409,3795.90580053652
4111.09246904711,6050.0799146336
3799.17521521432,3601.31373356812
4432.12397580681,5033.35998118954
3724.24414503359,3567.84008896945
4043.93458679518,4920.54896565648
4300.43046477471,6405.73331851271
3634.85041479538,359.68811443049
4417.63552700578,5648.90487431759
3125.27994471608,73.7107705819573
7804.37293172599,2331.40858374323
4573.91826687836,5900.10119102093
3939.25944345125,2726.84378686943
3486.27537594643,5827.81112571535
2920.68142120132,2267.35933301504
3822.18288955629,4588.70865529027
4397.37991228738,4694.24529192424
4783.13980618077,6106.45709109825
8287.04296993109,2017.92463129128
3784.52418800705,6147.88760297264
3695.04432841181,4268.91633676227
8519.09845847296,2865.51324676901
4306.46352307811,5038.92983056807
4169.5492838862,6938.70134662128
3853.53502800897,5672.09214205762
3898.1063243622,5122.81331831604
4396.27977239801,5433.00090265151
4052.78676058515,4087.4526568008
3400.1092660366,4722.49033133269
4257.60257494579,4678.95738314566
4228.78929427053,2529.06931127494
8285.56654249218,2191.54561489506
3363.21516904183,1818.67269944652
3977.46388249382,5852.02128030981
3650.98735250269,5114.06106031143
4231.8941343045,5226.30375838588
3962.3430714086,5268.64340905195
3663.88619798155,4018.74290691337
2891.02300545341,2001.50029902312
3828.76174642739,5913.79747263121
3582.7155785889,5139.74909401142
4025.66197089084,4257.54998759018
4960.62739475162,1620.38667471101
4066.05870270815,1798.49742966605
4173.19416550031,6385.21680454392
4330.78630798895,2642.73280299591
3923.14299834413,5135.20255434258
3955.94231149577,2237.23850770899
3804.89943728048,5262.164843737
4150.14115383819,5851.56671091398
2850.14848281328,2670.92139122824
3996.04524489389,2565.27121795912
4036.20832023813,4180.31589867893
4626.67501361088,4704.36125811635
7782.26876070767,1419.99789652142
4596.99972230985,6234.84017413918
4072.20273931618,6048.03414092472
3850.18410793639,5823.09417537998
4047.62149465911,2642.90342509007
2725.85644673222,1697.45045866954
3645.50162689886,6453.35823697274
4292.90094953331,5139.40827267836
4245.90204932634,6791.56378744638
3322.67395973614,5301.4354109845
3186.6170348523,3177.51953154307
4529.0055410438,9189.01098657089
4078.01596163661,4778.12877967221
2717.66655653447,4325.9755787483
4729.60817756867,6677.38864087057
4003.99228290594,3752.48617755701
2584.56543539705,510.860531990924
4060.01172114295,4421.56665985668
4015.15392125661,6374.41877283043
4553.68254243126,3929.57415137143
2189.63145129246,1007.45629560569
2334.75077942622,6635.50398245559
3864.10708803725,1840.89374293587
4120.18599331163,4300.28754504831
1014.66451740227,1450.85755566642
4378.15811888685,3952.07935359008
4228.46443326634,5220.73433186261
4257.76416847583,5853.5558220191
3449.85397235964,1698.24616653987
4300.01612045217,4760.68134912199
3471.11488893856,1216.14244526262
3737.73072984007,3383.42107365218
3785.15086340568,6704.15664688401
3938.08802773006,4065.17452785244
4277.61251527067,4532.27481622186
8043.50993241822,2885.12019909088
3563.75087505753,2021.90285350151
4248.5272682048,5711.24938409759
4666.25491693153,5705.67953471907
3904.23944636891,5088.43011207045
4213.9731928325,6204.49185270758
3865.89833420101,2944.73686964063
3627.11746098016,2999.69304103114
4976.34986517377,6598.73375831281
4440.36438847569,5600.08623548134
1816.54263075637,2805.2715961569
4426.0000944676,4561.94107213208
4758.72878811633,4591.83440131259
4818.40142109101,6164.19839860565
3542.94012590226,1733.59549132233
4576.43134368109,7174.55309194228
4559.64756429538,7237.86382597296
3741.70125416221,5326.1572204338
3768.47921920729,4567.45341319635
1832.14263493285,1762.52280767979
3864.5550962422,4444.01519947158
3912.17781897256,7111.81067537021
3351.61608981156,4634.23071458241
4150.86167709728,6025.75601197636
2013.3860988348,470.680508810324
3731.09719893712,1197.10381039936
3568.54334405623,4625.81970076611
4362.0004584495,5868.61623467212
4289.44719900893,5863.61512560745
4669.17737569703,2904.72715141274
3497.30904305207,5114.00439770767
3712.82539720647,5733.58417564971
2465.77628255411,3600.57500544298
3686.72475883799,2446.72015380863
4470.53163626896,4352.00443378135
4593.41453336014,8721.85403559772
3751.40244328623,3918.94653032446
4442.40270494062,5302.0037284431
4721.2375944815,5334.68198231288
7525.1116222851,467.327425233174
2435.25514304144,4453.22160401677
4515.06123381467,5446.01554159567
4231.16805535417,6294.74058056298
2609.30976496966,2507.58699591073
4671.89638888864,6525.81871294486
4924.95628688677,6534.11597869839
3429.14189071069,4370.30434051948
2072.09196442788,2100.16025212245
4541.37489865113,6339.2968384597
3583.68601702609,4928.61915813972
4216.51752984151,4921.96975930299
7137.19221217117,108.662287679042
4611.78663578729,4594.90348473116
4550.49289122002,4433.50132648739
2943.31007571539,1851.86239674352
2812.43677174596,1645.39264288962
2604.1136198513,3950.14732794397
3768.68993337196,4092.11294453241
4579.63784708439,1989.62250642381
4435.55110691181,3446.16327879662
3896.4097099284,3920.31066136722
4360.29707916968,5259.66407777704
4346.65887258524,6302.81077304622
3781.56886388765,6630.27537726538
3361.6507653308,4681.45814910563
4751.43127578731,5740.63105842326
3246.05234776562,1896.36156918123
4284.90817926282,3662.40786036814
2602.56602844328,2604.14408984217
4912.99020411041,5871.79906615346
4117.37822045952,4594.96014733492
4551.32920761736,5104.45674897416
3791.04948946598,7864.31965316677
4483.80788171444,6557.13283577189
3863.84858959808,5010.79811636713
4448.35158781827,4489.65100682649
3603.93561140511,4125.87074786039
3508.64332205156,1309.34650847382
5026.57878028589,6990.75905668738
7867.10412682848,2097.31866482942
3296.1401132034,92.9767297858163
3335.02668922079,3892.34935783281
4605.06806245992,6562.41810356586
4078.7410753249,6347.53744160947
4562.08986574821,3885.75662159984
3915.84316939684,4391.04792775855
3865.65125696131,2624.54664432056
4036.21791668475,5758.93096516139
3479.55796734193,5511.25830127245
3890.33439968474,5603.09823344089
4524.17595730517,6412.83728674527
4115.53011243275,4830.12982713455
4155.25762693856,6835.77880115479
8667.95085203249,523.306694905751
3734.93766080296,2229.85038074712
3842.48025297715,2525.48899585679
4411.67727091787,4419.80462202186
3795.8485614363,6430.79594929508
4245.98509949754,6218.1314717141
4443.15157754978,1830.20945928515
3777.48712816971,4763.97750581085
2907.59364347119,977.221827950673
3608.40868855652,6172.49566435918
2772.24791959659,185.669303319997
4298.37232467696,4891.56477526763
4024.95332108005,8063.74241853331
3536.31248655908,5124.85909202492
3811.86759924465,2534.63894922585
3954.53119674038,5404.35795645098
4849.66628482372,5595.76719193804
3962.18928187643,7048.15912000647
4163.6451089954,2597.32428033891
4341.85739026488,6053.43315678147
4086.52188634134,5564.33932104824
4740.74983128073,6062.52623611915
4949.47380170719,7187.45355996841
3706.27222023291,4476.69345334135
4423.30382453409,3458.95042161523
4431.38546719023,5277.6231631821
3982.72324289843,2730.1970290173
3706.01113868625,3093.35188506579
3977.26288701591,3486.57069238895
8066.01688455124,5565.13471177714
3565.43259748767,3335.22762630591
3619.34823611216,1984.56452332775
4175.1804923408,4025.3923057501
4079.63512607146,4777.44671415083
4365.6508247474,5249.09354218909
3938.46843820674,6457.05230045368
3790.21891411262,5208.85675069092
4842.22568067989,4672.08091103865
3673.00519800414,6025.58560130983
3653.70528779413,3352.39089812683
5121.5560804179,4668.27309949494
4590.53636504454,6811.05699170548
3916.45995344927,5657.20214007112
3380.60819337546,839.007043160739
4090.81654495849,5380.09071639751
3837.40462803941,1128.39427193956
3844.91758620218,3294.70667607843
4171.97692248234,4159.11731918877
4495.70072812264,6414.76931239137
3713.63307166424,3365.29157758058
4478.32688021165,5131.56557632066
4363.35785676898,5730.23093350185
4918.95953476353,5391.4570655696
1506.81487171489,1162.49331945585
4000.57771023611,2203.19612279646
3462.56342943678,3853.36252645937
4246.24562761249,5905.78436560698
4359.40476481732,3111.3105476156
2055.2046822354,1634.935538223
4099.44706343769,5321.83817689051
4052.12472363634,3330.85170873123
2389.73125069614,1380.38619079942
3393.04513620932,1833.90352276608
3434.56112957843,2882.96067731923
7848.9393340239,1155.84402633294
4302.37348270049,5835.42674880275
4155.87706067393,4269.99630907572
4042.07763072905,6115.72058110246
3831.81333875528,5757.16935018182
3698.80553183867,1704.21349985522
4459.5783127785,3568.01049963598
3332.6960345556,4908.44388835925
2564.98031257594,1716.20493480349
4445.9512634758,6575.375657051
4477.71631553778,6171.81359883781
3540.51337972387,141.34054154882
3278.02130815063,3666.89773743322
4188.7671399615,4403.09634245203
4434.05326231204,1266.49541438054
3753.33257430107,6780.70909312913
3469.14299282733,6341.22928696106
4565.38042156546,6724.61607539378
4259.48178152266,5112.07194920631
3992.26578596603,6531.21772880161
3691.64268582131,3251.28726452655
1790.70254204651,585.707920146418
4083.46038166862,4765.73954364567
7948.04047324638,8442.92348863026
3556.61908811406,2522.64740856376
4037.89522990857,6310.76721746669
4728.6332245812,4493.40173291119
4498.78535466906,4661.79411132475
8907.75276751996,1138.33982746514
4618.99574629485,3480.14857825014
3365.08631217262,5350.48112309104
2104.40519003069,59.3891719465384
3889.11458709232,5306.32319484165
3703.7224210631,4640.82345081538
3300.67357658059,5040.1797906928
4074.56337768523,3641.66427312906
4452.5232869883,5111.2194730184
3918.64229770807,657.713773865795
4111.69900989557,3511.91748190063
4094.80090103504,7865.79710941705
3413.18938239996,1647.89319742196
4143.19444471563,1920.40152453679
3852.75337430276,1859.193649674
4674.22076547352,6237.68176143221
3341.89399688222,1098.04616193559
4314.57083053479,2657.90696371171
4389.61634324041,8161.37969620583
4362.5048660008,6695.74563306771
3522.6091528434,3409.96137211245
4254.16633358015,5335.76195462633
3246.91415333208,194.591892705784
3877.01220052195,4557.84910185907
1937.64094320788,2054.29694864199
4406.22372377135,5269.7233813654
2352.70328785877,1664.99959521149
3928.07985148768,6542.12908572262
3002.64942420067,2142.72718748643
4151.92757830882,3146.09166065327
3987.42068934569,5966.42392301117
4698.83784450397,5797.86071107582
1431.07920274265,6689.94871041889
4606.19298854718,5548.48309481107
3953.29734116923,1031.55301927882
4196.56327240339,3585.85583697827
3804.59340889087,6528.2053079868
3699.61261824494,5088.99842952906
3787.96015419631,7407.44907905224
4143.89238975631,6127.48483706663
4177.82348829593,7017.75413597111
4713.41647061735,5922.03807578098
4047.04328435113,4620.0798635763
4665.25372891546,4647.64326031864
3511.67164455302,2830.84588179411
6564.92340083849,3425.30594349478
8999.00642693048,1188.06760509307
3493.39070460832,2865.62699483178
3319.64287554217,4829.10694028011
3654.59340327173,6767.63779158122
4556.39062291092,4497.72119930973
3794.08605106561,3356.65327906636
4736.86906782133,5999.21550208847
3922.07890075147,6286.78413614251
4596.95096841454,6217.90439844381
3635.89262271172,1854.07879254655
4655.52152075036,4919.35566813551
4725.54465837203,5241.42125649792
4026.15968237318,6108.44620220337
3899.61685069694,3701.33760628257
4134.57520504289,3763.11379860397
3302.70974462302,4753.86153961873
3873.1571062264,2767.02391576384
8484.1886273644,3876.55021705464
4224.403112011,1464.44040635536
4259.8252713005,6377.88576304107
2421.97109669209,5776.83296510744
4554.04503216375,5501.02858701756
4284.49750076894,3281.74891116567
4005.68637151998,529.501365775925
4484.24701579064,5617.81782476086
3694.91453533545,5681.7535388539
3518.22861402849,3778.51545544531
4824.17402310554,6786.96058517378
4740.45708726024,5551.94966216646
3165.25884024751,3833.92640765928
4019.71714244411,6306.22067779785
4251.80815763762,3015.60592987207
3377.65794378663,3148.87637391491
3663.84658660532,4189.86354741244
3318.917414642,2006.72890421334
4155.00025797481,6337.36438995834
4345.2136749645,4995.1693862555
4030.18381158001,5983.58677197683
4489.78186160349,9274.08777183984
3892.38653122682,3930.76744889239
3603.09539010642,6875.61810871614
3120.36765636695,4218.96148586406
3318.59318960627,1826.74268050214
5292.4037438303,2610.96389934543
4433.99185263456,3185.305565297
4214.9138850945,2049.46625024385
3824.71353705767,5073.25595135465
4091.29449659343,7104.99086586695
4575.78285354947,5591.05024160267
5046.92536739082,6213.01661458666
4119.23014804132,966.423796237181
2541.8007971999,1880.90346116375
5362.82800696513,5443.11686884363
3792.78047645616,5507.16633099945
3856.79493086063,5214.88074661003
4396.87857426518,5891.17852234979
3627.87931820025,1384.30764469208
3648.87730217153,4608.77017700797
4484.82613508339,2717.46654880245
1488.34258767838,2896.14572692991
7651.39464205167,2184.83955345457
3654.50549700518,5039.1002412346
3899.55708803767,2680.92382078521
3877.00652499559,4802.28227166292
3982.44394215577,5205.78766727235
4880.38657700573,5431.97801579708
458.439058201836,4974.31205095365
4355.88162163294,1730.81077806069
4136.13756617661,4032.95084337849
4775.24905658329,4784.0394503838
4437.68455729401,5228.06579622071
2368.43827970298,6709.49857728174
4205.03126438615,3858.53446904582
3874.82609855476,6053.14899805217
4635.90084336754,9335.92104962025
3792.85220028628,6376.00997714347
4481.62679905071,6602.31407373097
4121.25289939206,4808.02210885272
3854.49509495222,4799.04277757782
4301.60450400404,4395.42405676086
4392.34159516362,3123.75686910115
3758.26755697293,6232.33940817922
3977.22853512745,2747.18967874406
4082.62601488183,6087.98677369359
4210.72229734543,6230.57779319965
8749.25034162131,2181.82755549501
4262.38230114973,5952.61347048287
3780.55850743536,5967.50347246937
3575.33750270924,4950.95394969184
5086.81027569712,6111.45820016292
4096.82051583897,6087.93011108983
4081.22183038933,80.075924796909
4143.37242603477,6756.78267440872
4142.6479905317,6788.15388269475
3920.63033149341,3030.04115103511
5027.39189553369,6707.9073729687
3958.9642395461,5141.96570124208
2267.02527580185,642.312381308985
2607.21710086956,1266.38177203158
8285.44333693552,5953.86385346285
8661.56298337234,3254.29926248611
3377.47883866313,23.3010149769092
4307.88230717475,5151.68376064212
2464.9096782986,1779.57233143793
4138.56173117864,7033.66702481204
2656.01020045354,3434.34214880107
8422.9571863318,2036.79285548801
3195.73479939804,2803.22582244802
3844.13292851831,5915.10451821495
4698.71938060317,6194.43254911923
3070.11368335356,936.757646040771
3593.71456152267,4520.34014959116
4346.69608651257,5959.09245865306
4076.19121746028,4647.35910158934
4423.24077093455,6057.4113789917
7352.5509271562,721.137991674714
5041.62874167647,4757.83976182897
3411.0770256451,138.214795526493
4202.823635461,4186.16948393151
3846.60045621835,4810.46621220893
4870.11052355215,5161.11808416811
2879.79070618476,3943.83875044031
4641.39615492638,5685.10678100177
3926.0331535908,6726.3210277696
4849.16512839124,6788.6655375496
4515.6814099397,6851.91918612127
4194.27173304586,5837.75668124093
4056.06659405917,4496.35706826698
3739.18689495053,2251.50310677787
4004.28695840752,2634.03763045031
4588.8723918867,5362.30246451422
3526.88987222584,227.611126479344
4661.18469228271,5704.54289980186
4352.80027701852,5246.53611362537
4569.98235980689,5237.61344495422
4479.21508668973,6253.42423960661
3903.29288010767,4345.63919367393
4631.16278034184,5924.82300047024
3964.187818432,5011.76391776256
4586.49869205132,6476.26134598347
3887.56508720893,976.653510492068
3993.82786220326,4821.49131719271
3748.29596180787,4801.99811293361
3760.59403376465,4761.70423597643
4403.53920358648,4809.67039862478
3870.81114814996,4725.27525602196
3928.46994934429,2726.90066090082
8336.56462114686,4696.34772823687
3923.65370867471,4275.11116620317
4541.1167929786,5894.87258583072
4177.3995954066,4806.14674581038
2666.58589546412,963.695851293115
3848.21623736085,1295.30908838904
4516.91797868065,6426.76106448109
3440.31279777696,4075.12008337802
3245.53702541979,6975.81239209712
4034.2828515119,4992.2140508997
3475.73956274849,2476.27266165608
3921.78336327342,6059.11633136752
4360.22453923483,4907.76182283787
4525.61968071669,6502.34728647553
4201.36877264426,3188.60172198586
2100.36931628372,2163.86868151758
3869.27371243412,4513.69075075443
4614.66719824768,4822.17338271408
4067.58347548543,4780.00414271456
2370.93628647827,1431.25060334455
4028.11752331793,5335.30738523049
2208.39409068619,1064.00388273687
4298.62667503103,2579.25186972633
3989.6647264441,2886.48433013363
3689.09835911678,4079.72370850587
3952.39690125784,4296.02516410878
4131.62074068248,3841.48494528768
3759.24351866929,4196.6833569157
3847.48402945116,5421.86204960496
3946.80762813154,3373.98696155381
3628.67174118893,3250.66207303656
7395.95621921609,1178.91765172401
4068.93094545981,5874.35649471718
4079.4272198596,4523.97712761308
2965.55921341699,4431.79637411157
7979.58862845585,1883.74504845678
2957.88942110979,5955.7392165052
4796.16239027205,6101.45598203358
3919.3984161375,853.499138355162
4260.39727217467,4637.52729412652
1488.19209082394,911.6380355132
4382.82803475342,6078.77994629314
3476.27102378151,4550.91554429305
4409.10561805922,6121.06293435544
3058.56897228541,4113.42484923009
1734.14108042176,1803.32812806419
4289.99052692291,5651.63271354785
4351.72807587271,6275.0203030336
3865.58609395326,5505.0068092278
4612.88970459776,2379.37453496396
4281.19755639215,3720.03541981277
4153.53538771404,6108.16204347406
3390.66822133763,3659.16878913829
3928.37683525159,4985.56465206298
4519.72834266242,5055.12687813831
7383.98882580428,1483.8199682655
4924.9863255994,4872.69697392616
4361.28308833578,5325.19099618313
1713.32059894239,98.3757456425623
4052.55546016825,3082.89467468536
3896.82610256616,5351.27693667519
3772.4705675665,4205.03770812824
3770.47986234711,4811.14785487505
4198.31643182707,3235.31750165423
4463.92071847714,6920.11728115385
3828.09042729635,4916.40033277972
4394.6058609695,4873.03779525922
3496.49417617724,5682.03769758321
3835.73680527218,6281.61261641131
4319.63902931106,5048.02290990575
4092.35308273279,7048.6136894023
4511.65508658865,6200.62737856012
5385.53453345825,6188.46521580388
3835.18934563805,2894.83846991854
4345.32524408415,6778.15166456541
8007.19673419533,68.5390856729214
3477.49635217053,1393.45749234733
4062.12738837554,4162.75472006594
3009.57091828557,2061.06009554149
4173.04458646609,6605.83772654537
4172.65165305579,5039.83896935974
3869.77762252044,3645.07417788069
3608.03108712023,5376.2829048538
4496.09436521876,7890.34893105508
4672.45490865426,6897.27083474688
4151.60639159547,5982.73429578893
4721.38020757814,7072.99467751855
3811.1811331877,6574.97817311418
1687.79260258749,2325.27083976135
3906.34672202204,4800.34982316156
4768.84668320044,3578.52437262017
4246.87233614773,5570.24956890458
4568.47143833003,4752.78199016053
7720.81532734328,6461.88299885182
3950.45863470068,4574.50071882515
8705.97664757831,3089.94198031416
3935.02796985721,5062.00335024533
4376.11388707808,1705.63429350173
4803.03069034047,7218.37019885862
4503.56507078455,3176.21248595933
4937.05319920593,4112.45862497941
8431.89721219555,202.491502737546
4179.45963190749,2457.17715276143
4895.98560408437,6025.4151906433
4570.66388016425,6447.56131432392
5052.18456618166,4713.62474812056
3994.19197061406,5340.42224235794
3669.61470446609,2694.16553299965
4287.58044748307,5775.98048891954
3560.53516450365,4912.47919602849
4712.42197419313,5251.0255678352
1956.03671341873,1614.53298374461
3754.74597462874,6676.25200595336
4450.02475265332,4285.22713239528
3623.9180467735,5744.38220736321
5261.27773109161,6923.24302717617
4096.18577417312,5396.3444265715
6569.17367323324,3353.98210243987
4182.96934797848,4341.26306467162
3219.95004236812,3673.66088433272
4328.02818995146,5089.90756832072
4302.21008328253,6364.13239597178
3628.22162125143,996.715137923582
8458.90858932551,4816.66061879457
3984.25861647141,4985.11008266714
2414.55346025906,2055.7177422885
3984.78963896008,3311.81307386797
4674.09272143087,5306.43652004917
4369.35157742011,2275.59993616481
3871.46927522094,5724.14985212372
4231.71026618882,5048.93204869742
4096.5383566262,5577.01271580408
4211.88135997829,4385.98973323487
4542.94477172945,5836.16547692789
4168.49004742894,2195.35342643876
4199.63054309048,5197.26290539328
4250.2812174661,6157.20775558061
2624.66484096707,2575.61468027678
4580.85186730424,5052.45570151182
2212.9937438064,156.51462297926
3204.88015135951,6270.07585657268
4396.14676691956,5189.24979836905
5328.13533810697,4159.91313277292
4100.0822380867,5453.5174166203
4496.8690299918,1138.85127089236
4352.23611087775,7167.27829018794
4659.9446915928,4751.64535524332
3999.72840512062,1803.15750597003
2908.78615267668,3183.71436098396
4622.56021765076,6700.46258340308
3946.65739665262,6293.60394564577
7779.26546800266,2302.14023462508
3487.99651069349,4916.96865023832
3563.64367730558,708.805523965752
4118.63132643506,5564.73680498507
3644.94479821133,2928.7671067683
3394.28219110196,3588.07202135368
3786.43058331557,6246.71775531087
5030.06891555271,6870.73032485899
3942.62804877234,6786.16477158964
4860.23697861333,4550.85888168929
3443.16699473731,3735.49373925787
4296.94799786331,5545.81191818458
4553.88466317019,6376.74912812386
4165.47063211787,5580.47928315947
3955.42202337152,4901.90823758529
3545.37339846396,3258.33435872772
4438.77526486768,7148.97880630507
4013.97267243487,3983.67805800166
3853.49090292044,1864.13809613491
4233.80474600021,4427.93147710886
3903.19939735671,5202.71858385378
4054.56928419394,5761.31798305858
3165.5307938542,6044.39674004755
3914.31533394439,6039.22522031635
3577.05294281493,6223.13258077877
4640.73634644782,6345.83248923366
3181.02881390647,986.485423668695
3219.39946265687,2397.10612424348
3296.82003211884,1148.39902533969
2188.85308295753,4883.60833084717
4596.49332816358,6086.73639071361
3880.9341705754,4835.01718813645
4274.39402899349,4884.51789249409
3552.90886276298,4280.79434078922
3772.6594475716,2016.39030100962
2422.23363788378,730.742567296517
4081.57560762822,6754.45274197054
1936.65358016335,2455.92698120908
8256.56009750494,151.683924581119
8995.23473302967,2949.28340930946
3764.2396075707,5224.37173273978
4354.14286502736,4925.49341211739
4018.04662766084,5129.00814775694
4827.27018758927,3270.21215132704
3712.32795153749,5798.5427765972
3872.01883997567,5452.38078170309
2590.17592348152,3688.43713825644
4710.46215499803,5029.72300316762
3814.33882857897,6521.21508781701
3643.66251349008,4382.75023914977
4623.41091352405,6100.66016844943
3001.60490507832,2292.53571186019
4526.73407733488,4922.42475155408
3393.66117577285,669.762082845455
4127.31824814928,3294.59292801566
3695.00234365992,4595.30096866798
7595.20481300399,4735.33455961032
4796.70117973431,4939.30344179044
3928.53401253767,7018.20870536694
3951.79655078995,3752.65701107879
4791.9748702833,6420.8503937695
2406.59875139341,1595.89214995961
3387.22486299505,5133.78176069607
8571.86099487308,2733.77734443546
4313.99749984587,6136.12334700847
3931.34076645152,1834.92640962052
4184.36010993507,3843.58780445556
8519.32955426633,4715.50011116291
3613.01505604848,5393.73033540402
4274.58968789045,5913.11540710983
4281.36064746936,5619.46611453291
7992.74230507935,67.8002716553126
3975.6506947142,6650.28023637932
3795.48204975251,6157.71941043546
4012.46065191023,5474.9426465255
2913.04254419954,4973.2320786402
3608.45179565266,930.449279964732
3424.11273016705,4717.37547420525
4435.90571337369,4759.71512487131
3768.79220120454,5394.80988486222
3034.1207212689,320.133203454521
3991.89867468128,5391.68413883989
4727.1747263584,5559.84944398317
3846.82915212336,3153.65019828166
3721.35598746537,5731.70881260737
3049.83338500461,2563.33898088539
2938.65165111426,2325.21396572997
4208.64362999404,4473.79478058932
3362.08627483048,4907.08018017175
4809.68101715457,5097.75068753367
3415.29662563209,6230.52070774063
3882.12388114037,6570.14747471604
4355.80615751568,4012.20725613942
3538.68264160391,1769.39949121443
3128.27620576387,4191.96640658033
3953.10732061397,5434.5354443608
4033.04131573908,4536.08262776556
8395.27570925,5546.49398370595
3879.59840161556,5907.09141119072
4037.58059835102,4398.37896926141
4717.3562239789,6470.23735006436
4293.21366411964,4687.93671442057
2858.35528086498,3855.74954435656
3557.8937515098,1851.52136398283
4270.39606268062,7288.15992105949
4601.22802592164,5743.47264571629
3913.27148669085,4680.26442872941
3594.06925376843,1710.18083317057
3825.15604927705,5357.35801805331
4187.87504891799,5664.3631937627
3838.75818504902,4016.41297447519
4488.70257925723,2896.03197886714
4163.03717617562,5655.78134642461
4131.46409241119,5765.18245720604
4008.25920729069,786.380857065312
4727.37995547952,4911.11506498574
5009.0363994881,5745.40509421764
3576.88136407531,949.203756098692
4534.10177770152,3830.40275484488
4658.10251472345,6249.33226933361
4525.71690477793,6634.70816887145
3205.1804759699,3172.23426374909
1796.86121915676,1885.73415956189
3731.17408106698,3439.45700592851
3298.1800349481,5031.59836620997
4627.96566334586,4628.37712932983
3963.69998215842,6528.03489732027
4129.18439080385,5240.34128418447
3362.30503572304,5699.65553879996
3895.25240212071,4428.84103875578
5337.01533056601,3380.9771817236
4248.41459857236,2769.69509239033
8977.14286566449,1818.04750795653
5070.39821706801,5164.52798891974
4165.33444541234,6746.61004561284
4245.76445846507,4409.1770009749
3555.86285914504,5792.3479471563
4050.37414895663,5281.82845866263
3460.67943573859,2306.74364832531
3690.71534921937,2905.1819322362
3747.7719228186,3999.19304005052
3872.14281302783,4436.91123123902
8634.5270515549,948.351279910785
4622.87529879368,3613.47589632436
4511.47089422446,6189.60185072109
4983.4095044191,6856.9769577897
3279.95764443782,6161.86804331222
2609.41431286369,4359.39256074321
4707.06911838331,8625.29673023865
4392.92427821022,4987.55376316809
3648.98373272488,4916.74157696803
3879.39998419157,6996.15807254412
4012.91776274106,4896.79338045785
3561.92998368277,3249.01399469213
3469.10167946666,6083.72439275405
4900.85572506153,6012.96886915775
3376.92702663052,3463.61049791922
4264.21874512981,5413.22353966312
4220.09231221135,4379.62449312745
3447.26558300608,5647.88198746316
3566.67030875508,5650.43941602688
3973.33866519838,362.927502801775
4033.46936195966,3838.98417932771
3568.02474313278,2834.48328267129
4085.17605371597,6560.03108566867
4076.49058979113,3610.6909716351
3756.30913929691,5896.46379014376
1447.93503765896,1382.94361936314
1595.46711964132,4898.78249156297
4447.57976323408,3292.09237348333
3990.86175831867,6264.56309265317
3423.86101973867,21.7665575083205
7890.23468599778,1175.33723059203
4470.10787282255,2971.95923362227
4552.57898121025,4364.62116593343
8778.91903116903,7392.04784506615
4429.27076775516,4496.01624693392
4367.54172648504,5847.53182609999
3586.57715675124,3425.36281752616
4529.77114277539,4335.75072360735
3808.62356110648,4241.75084681201
5281.02073826391,6499.27820305696
3744.12683456798,702.156177985931
3405.36763081598,292.79714426701
3914.19650326251,6166.75582716937
3799.68481809894,5586.95827132967
2472.95537767515,5271.99665119981
4938.45151648365,6337.30772735459
3893.86880519223,5168.96078052581
4313.49766446976,5218.91563142402
4060.80067534224,6268.31381873786
3498.85692122279,2983.55286749229
4195.03154007289,5879.86883578145
3834.73950820452,4405.93792974505
3389.88772464273,2149.94490378176
4206.91905328597,5059.38925907784
3822.71342764099,4346.20751113253
4307.34794855457,5735.06163189999
4208.18110008813,2790.49534223317
4415.22328236879,5417.25842447711
2638.05939868881,1618.3406895745
2740.92858897772,5564.395983652
4697.75526351002,4274.9974181404
4089.36678680478,5532.57020597013
4231.37016139034,7440.29816644381
3497.37764696306,6333.67032647741
8070.33876272179,1375.83965113058
3402.74653789497,3209.00448789188
4121.92976372538,1438.29780325954
4210.4918260373,4800.2931605578
4191.94535953595,4743.23391857177
3960.20478736146,6062.52623611915
7948.39931852851,1381.52282571663
4211.32069490014,5432.77382938122
4455.48856596389,5788.25639973855
4716.72807196712,5927.38042903396
3235.42355180132,3810.34123312718
3861.19973853484,4827.4019879043
4477.77070074601,4640.25513335678
3845.26390761186,5930.39242699352
3830.7070204516,5434.93335115287
4167.39442653271,3484.58158128384
4217.51251098335,6123.10870806432
6728.09882072285,3025.43794876251
4235.75663097971,5515.00902735714
2114.15303393565,2407.27896446698
3157.80508993926,269.496128464211
4164.10890166477,6718.59165661942
2577.34672908728,5638.1068426041
4374.11058896576,4889.91690835083
3635.14448639653,3403.59634343265
3876.38360616041,2292.93361865226
4569.79757249871,5292.85398650166
4737.64599874062,6254.21963033551
3715.64079709446,3838.92751672395
3971.72050065548,6632.94655389187
3807.70941441419,5901.80614339675
4647.76830279676,6481.60369923645
3696.27723447927,611.793702067762
3759.5872687568,1462.62170591678
2659.9966124634,4712.37436514058
4082.97676428824,6486.03649084252
3997.83304746226,6190.05684297217
3572.89387543212,5740.91521715257
3561.13595778098,5363.21160330589
4343.99631200143,6487.7981058221
3988.3850523266,7414.15556334798
3249.50700290272,380.545344018525
4212.53474764517,8547.15307968049
4056.74227753842,4205.20811879477
4284.67250800018,5969.20842484518
3371.09204940041,7999.63587091849
4263.25389293188,7325.10055586881
4005.93586574188,5361.05208153424
4046.37846975256,4161.04976769013
3772.32931470928,4634.17405197865
3434.77142423376,4840.87119624428
3481.61899796333,4334.55700323113
3234.19011026738,1986.89466719356
4282.30534627899,5377.41953977101
4438.6880136053,7229.28155577963
8162.33925816139,2615.90834580634
3913.77008453623,4881.39214647176
3578.95533879201,5452.55119236962
3951.2406631858,6183.40744413545
4419.81631526368,6308.60769569504
4174.04778353858,7706.32739967463
3698.61303868322,4963.51401924016
4809.99682970468,4271.36001726322
4070.89906194411,1352.93643640604
3902.1697321937,5574.05738044829
4020.95402306685,5993.24816877311
4050.2888367018,5216.75610965237
3722.41749548795,4337.3419279204
3837.60429058438,2459.79145535654
3552.28132255834,2755.31653383106
3446.25721065971,4768.23988675038
3418.15473925781,4083.19027586126
3870.61930870988,4293.63814621158
3485.40138904437,2867.10466250968
3877.33498858125,5996.43100025445
3914.69820967516,4870.36661863272
4012.03206285861,3943.78208783655
3469.98966398246,5137.13500284394
3855.97822684509,5238.46592114213
4040.29534615311,5389.58170252726
3698.85200468216,2137.72607842175
8791.96416860018,5910.78547467165
3785.70827415991,7447.40213467637
4233.74341164491,5588.09490624688
4477.10256800365,4533.12729240976
4307.49168717595,5419.70252783331
3755.35910385997,6977.3469338064
4173.65947117653,4595.01680993868
3924.71513332866,3009.86588125464
3612.25846141881,4920.8902098448
3896.14584836499,3101.59248821556
3478.64414399746,1759.96537911607
3806.9362017124,7101.06930626048
4144.51254497274,3112.73134126211
2681.58106146038,875.890803938668
4618.10552851778,5397.93563088455
4808.48352872485,6091.68083717452
9078.91147207249,4990.05452912806
2477.18550113623,4299.49173146416
3923.83997381355,6249.61642806291
2412.53269095526,1530.53564222006
3789.88350227646,5765.63702660188
3917.02005538169,2365.45075722814
4322.79236707747,5783.31195327764
3695.16920215443,4260.90322973805
3861.19456417095,6620.10232561425
4390.43735770758,5607.01979304737
3793.66640317342,6628.7408355561
4798.46211416543,5389.52461706824
4283.91833301728,4689.30084546332
8912.40093205682,3347.73061039522
3690.49768338822,6147.43303357681
4078.26514642027,5262.33525440353
4743.28515720604,6797.8719420948
3108.98163907071,1050.47790607931
6744.57458131608,217.267756661272
2417.84898161744,200.445557243723
3559.45008243753,2281.51039544878
5149.40985041873,5025.51728483185
3890.12488083715,5668.73889990975
3953.15964653265,2492.81074198701
4515.61299890286,5487.33230540729
3944.44766304191,5241.81916329
4082.02286592395,4261.01697780082
4071.08241595209,3914.62748678117
3912.06702934716,3680.93526323181
3550.3676471327,5465.39499779199
4835.34403654413,5600.48414227341
3190.6650411906,314.279538916582
3791.21251884454,7837.15458607177
4738.49175541756,5351.33359927895
4545.5760337064,6801.85016430503
4469.95149803659,5683.34474316695
4030.92317481435,4457.19982622701
4910.36225015944,7319.01905163543
3927.69106521112,6131.80430346518
3631.32699366576,5253.12842700308
3923.03057317741,5976.42614114051
2245.47386159637,2073.79036432871
4249.49527733342,6894.42924745386
3707.54620771536,7525.31828910899
4033.41727510793,2175.86022217966
4225.07988191961,5186.86278047186
4287.30618958527,6254.73128519035
3754.44446747562,4000.1592643012
4683.27653278312,5084.79271119328
4030.2249364116,1336.79626286719
4618.33128426084,5208.5155065026
4560.73641658208,6099.52353353222
4545.86413384099,5773.08223902275
4179.35913826988,5391.68413883989
2989.20303225417,2249.1163003083
4667.54473909181,4895.48633487411
3853.62183198193,4975.44868587086
3208.66520773088,5803.1459788698
4206.92820087418,5766.03493339395
4012.24123694976,4951.18144581738
4410.36746419313,3510.8377210148
3511.88161122011,2760.7155496878
3968.33333187197,7318.50739678059
3367.72075382715,4456.74525683117
9034.24442234798,725.684531343553
3835.34725311844,1791.50699806864
4155.26462635594,5784.05068140277
4593.27742001541,5772.0022667093
8071.80827764186,139.521933609821
1624.46765133084,7033.7236874158
4602.25228823744,6988.03121745713
4006.06407661413,6146.0122399303
2732.91585924987,1624.36489692124
3719.44362320717,4116.03894039757
4066.45586158641,2498.32350590652
4095.77278610414,5400.20890071897
3977.90392776078,4592.9710362298
4749.55570911087,5620.09109459528
3104.4098116832,4164.45967244176
4456.36640374539,7870.85530394073
3828.13344390566,3232.70319905912
3148.32236177059,2648.30244094682
4331.40283542884,5493.29963872264
3986.35405408508,2113.28842770175
8207.18284172738,2137.49879372384
4495.43346384214,2821.52551775852
5616.17412785218,6480.92163371508
4053.36091857561,4185.54408101389
4864.37313980768,6359.52877084393
8373.93766503384,1823.44652381328
2931.34127828278,1227.11099335646
3286.84010154873,1424.9991112999
1405.4321586337,1091.22635243233
3642.370787446,2552.37032707774
4514.99461168618,6247.34315822849
4087.12194649521,3540.50397692503
3485.66007281933,2265.93853936853
4079.50192247944,5280.63516114166
4259.00144691066,4181.05462680407
3766.75035798169,4929.13081299457
4289.70000513028,6454.26737576441
4328.28657874451,6708.41902782354
2470.94569746638,867.991233549586
5490.6046199137,5022.39153880952
4061.94658029954,3443.09440680568
3675.89164285224,4059.5484387254
5184.08813020688,4397.35608240697
4980.08678240794,5504.66598789474
4207.72621094442,907.205138193319
3102.821928067,2770.604231182
3779.81291171689,469.998496145854
1822.35346075712,4701.06510142749
4583.83897186476,6059.00258330474
4481.61260740158,5846.33810572376
4021.95688882551,1078.89377900955
3877.56917843002,3761.23843556162
3972.44965260626,3009.52505992158
4792.68559513275,5961.08156975818
4186.86950094194,5597.81296564692
4062.13148449866,3864.72887563146
3393.37467522075,482.501480235161
8499.06469167297,3249.92334491142
5120.33759360596,5457.49563883054
4003.88264853563,6335.03445752017
3298.02390069742,1662.72632537707
3916.18624749269,2607.61086862518
5702.40379656691,426.692726942928
8258.94544681082,2474.51083524888
3985.15996362423,4849.56636878989
4053.00252327862,3969.86760547336
3390.61691975301,4012.88932166079
3986.3031271437,3962.7636372408
4229.93685673487,6148.85382722332
3964.8141726536,1214.7785256475
3522.84057903553,13.639618180627
4742.08312697633,5319.84906578539
3608.57479856358,8719.75159928508
4177.57014040436,5732.27713006598
4140.305230829,4536.99176655723
5236.53316234253,5319.96281384816
4132.17685176793,4309.09646565669
3882.8019681999,4863.26265040016
4441.80179070155,5777.62877869159
3835.32106567925,5549.79014039481
3831.98269028271,2112.72011024314
4302.64200724562,4686.80007950336
3230.7231341144,5139.52202074113
4383.13848471403,4927.42586061875
4921.62796088958,4662.8740836382
4052.57817982789,4888.49611470432
3316.30395891694,1030.47315267918
4360.05254631897,3158.02632728397
4584.08952479314,6894.88381684969
3647.17188617632,1874.59509508771
4213.27024448315,4968.11722151276
4244.77592600107,3829.37986799044
3814.25707902086,5264.04020677935
4303.38561999966,5569.22668205014
4124.43895247427,4676.74077591501
3804.45848408331,4808.7041743741
3851.19495885669,4868.94582498621
4403.21537172438,5449.88001574313
7267.56701800275,3731.79967577694
4572.96645366745,6355.60763409271
4346.67824421235,4076.99544642037
4291.08954221357,2681.15110548313
2835.51317843067,1770.99080124129
3461.66011861791,5586.21954320453
3831.16952738167,2240.02322097063
4541.39937892265,2737.58515597916
4472.61663004566,4963.40027117739
3984.83007695964,5938.80344080982
4271.37107512789,6150.6154422029
3726.98573337203,1629.47975404868
4579.26538193787,7729.45842766615
3690.2766626723,5104.05884218208
4154.86588890827,4706.8049386173
8801.46708850202,1338.55808927439
4036.33550626919,5400.43639684451
4769.71297327455,4176.84890846829
3892.73796286952,2270.3713309746
4315.50344631619,4839.16624386847
3324.07300340804,5146.85306224398
4005.23836965375,6252.2876046894
3582.94233174687,4993.0094416286
4656.84441069862,5736.53951100551
4806.33768276936,4909.75093394299
3865.22732674261,5608.55433475665
4109.61448700915,5692.09700117156
4422.99951270862,7764.80743530717
5301.70215607917,6856.86363258218
2050.0570189806,1203.1280177461
4913.28384968393,5190.72725461932
8169.64737837797,3204.34420016027
4174.11343790641,1768.60388905791
4365.47265636654,5600.99579712826
3160.00079947097,4833.25557315688
3222.07133974556,3342.89991199707
3576.09753105707,5057.96846543133
4491.39744928864,6813.27359893614
4663.6978083349,5150.37671505838
9548.09026509153,5884.4724609093
8438.72436552307,4879.63010863693
2809.10786146121,3232.58966242398
4301.29861824421,6266.43845569551
4506.45491061667,6166.18750971077
3433.57055045511,3208.37929640188
4286.22303603753,4763.01170441542
3940.24483189983,7142.55648073863
3011.3805025181,1922.16313951636
4262.84537678119,6002.56874423634
4184.70889960645,4248.40024564874
8171.26740215362,5857.53404422933
5003.60833356692,6085.65684125541
4201.49272009416,6418.179217143
4573.26549604875,5832.18725471765
3832.71209094831,5521.31760486081
3976.55586334419,5775.46925691994
4319.8274862267,5062.28750897463
5294.8171678491,4605.24652419357
3817.99974200379,4557.79201640006
3348.23980853196,1214.94904202784
4060.03515979685,4032.4396113789
4046.0497064692,4372.40719968737
3541.64267445727,5301.60582165103
3266.83249970277,4302.6745629455
2755.63069999871,1248.65018275206
3973.49300054638,5230.39572865889
3600.63928940126,5523.02255723662
4676.62237997478,7108.62826674412
3683.19546848286,6119.52839264616
4066.47837055656,6061.33293859818
4662.3156410007,3185.64659805769
3408.41525052482,5296.94595677467
4396.64471788076,3801.07732026772
4431.25930614787,5087.97554267462
3123.51969239677,1440.45732503119
3769.06753844166,2424.89680568373
4764.55828058118,5398.90185513522
3810.88935792341,590.652313750424
4546.76359690245,7116.64137376835
2192.13120561707,3115.45939191999
3243.77869862738,1021.77787441977
2369.73096356721,3987.88335348218
9205.75970687817,3808.8066914179
3637.31290218836,5437.66119038313
3917.93481441941,3902.06741723285
3702.10705447586,5941.92918683215
4090.1030313285,4974.42579901642
3356.41925743077,2717.75070753175
3865.33809594324,2921.66313853574
3729.85007118385,4447.6521774935
3140.96017934341,2511.22418536028
3454.76853596823,1264.79046200472
3864.64083615718,6365.38277895176
3939.90710086012,5952.55680787911
3986.02781046842,5367.70148037097
4033.96737841932,5295.86598446122
3210.5795238509,6297.35509458572
4389.7644117488,5218.12024069513
2094.36346961958,1672.50136452231
3272.7197767213,5084.90645925605
3458.73023012425,6653.12182367234
4054.8239516555,758.590122768154
3834.23830255322,6874.93604319476
3698.39386919709,5277.11150832726
4327.99169652804,2873.29928052295
4059.10667924061,7856.70403007937
3576.78351931852,5688.28918962786
2981.31566446851,7639.32260216302
4287.74508917699,4317.62122753576
4761.89382018185,5016.36754289041
3970.13713898431,3787.38103865744
3621.55306049712,4309.15312826045
4469.80855255919,5812.92112372885
3814.79184107046,5807.86335206042
4490.97015701153,4781.3111882983
4015.8959429142,4201.68446598037
4009.24386652734,5998.07886717126
3882.63652850268,4481.01249688465
4862.70523110929,7287.1366113498
3964.08848340249,4863.83096785877
4369.77492860545,5027.50639593696
3291.22499456905,1878.28915856865
1442.20078329529,187.942573154417
4184.1651121315,2367.09883557257
3643.39498928823,5470.50985491943
4575.58125107207,5849.00928235026
4150.82867696097,6274.62239624152
3583.73630366503,5321.44027009844
4232.64425819199,4264.14272382314
4049.7689772424,4305.51615023853
4609.61804947975,4705.27039690802
3101.30632371053,3583.29840841455
4457.12473258978,7513.49779339631
2394.27656816156,500.971797639818
2066.65392845624,1486.71842958991
3009.10769223714,6372.03175493324
3942.41794209737,2796.97433040337
4252.11546421501,4465.21335610649
4003.03499051577,4765.22788879083
3974.67762907117,5999.84090500608
4730.92760454949,3724.35446335607
4170.78510250862,6813.84191639474
3878.20606544181,5635.83357276968
4784.23205916961,8580.68380973818
4232.57489076454,5511.31496387621
4040.97591741418,1796.33769646678
3484.4922529062,6198.3541087257
4429.42046706429,5743.87055250836
3809.57728585249,5733.58417564971
4305.36904625572,4037.6111311101
4517.77428949951,6571.85242709185
4980.03676677419,5478.52338479891
4698.38530262093,4722.94532358378
3867.58656128387,5270.5758575533
4203.99221945862,2355.84623446324
8999.00919254183,1618.22704722555
3112.69354464338,1982.74582288916
4543.53726075983,6336.39858856292
3747.96183167711,5646.11994962833
3164.27297033553,4419.00923129296
4451.48017485409,3842.39408407934
4071.17667746038,5585.36706701662
1359.03620521267,1993.65760266543
3542.10906048516,3480.14857825014
8422.11742935445,2558.16724972656
3087.61186633923,863.330998674882
3481.78629900335,4099.84189282733
4196.47330485619,6769.74022789386
3853.15177414648,757.396666676465
4403.36219610227,4707.42991867967
4631.1110627827,5947.95360560651
3791.17452500297,4170.93866061195
7898.65202272573,994.214477677433
4412.17146992546,5820.47966135724
4104.86294852669,5480.62582111155
8476.04732230662,5470.68026558597
1144.15201485512,1110.20811326421
8577.52502145131,1238.30682614821
3991.37179708744,4938.39430299877
3915.94910733644,2550.09705724332
2385.94604015004,1275.19069263995
4386.97619694537,3715.43221754017
3550.00822075099,4390.08170350788
4552.96357905356,4691.9149366308
4250.51708779191,3764.13668545841
3781.97130251306,5674.25166382927
3982.87391005843,4229.87284278507
4053.0433551481,3014.86720174694
4755.81964065523,6558.66737748117
3931.89895275404,6180.67960490519
4465.0845941918,2218.88172693947
8252.44036648503,2058.33204488361
3688.98150273096,6761.32921407755
4117.88654550656,2379.77244175603
2911.03113216983,4023.63069077053
3532.20000476385,6574.92108765517
3545.63547780793,1719.04652209652
3835.51407385667,5153.61620914348
2929.236677121,4296.99138835945
4970.42101113765,6764.51204555889
3727.85584781434,4680.15068066663
4260.55231966251,4050.79618072079
3929.43492286764,6196.42166022435
4245.1532792153,4684.81096839824
4098.14104639185,4569.78376848978
3756.95193375879,6523.54544311044
4499.35582233567,5897.7708357275
4615.55478835828,6064.28785109872
4026.1555595229,5223.57591915563
3460.40524526698,4776.42382729639
4329.80331548059,6584.98039124352
1771.57164064013,2071.40334643152
2144.6480059047,1429.77304138047
4922.70549929119,2553.27967729704
3739.94714985281,5412.37106347521
3405.91287571678,2747.64424813989
4169.96022721413,4458.7914533953
4060.54042011286,3823.81001861191
4147.75216392855,6470.69191946019
3673.76884973643,2901.99931218249
3166.55261443729,5169.92700477649
8455.00145286125,2120.90383936153
3731.55636566972,4710.78316082754
5059.46010104395,1219.15454893599
1970.81949019576,660.157507223652
4203.7102520502,5141.39738378347
8485.78526745475,4719.64874403967
4486.85323788175,5054.33106455416
2850.08244227944,2965.82127821276
3987.35240971742,3201.95718226307
4439.79193682148,3663.31742201506
3831.79699003563,1588.33361233122
3760.22093342303,3578.80853134947
4358.57506181189,6624.7059507421
4794.75070395329,4277.78234282966
4740.12166726321,5705.56620951155
3951.8064225239,5291.66026612544
4633.38564919757,2482.41061706559
4155.4051187196,5093.54496919789
5164.88990375774,8644.5061986237
8721.54938355878,684.59515794366
3142.46384975068,3199.85453452281
8079.8013597112,7413.30308716008
3908.39304361131,5091.21503675972
8184.88990648975,3692.58577113321
4629.68809256267,4581.66134966147
8720.64826421768,3559.65614842344
5011.38267907489,8947.98772151868
3650.8091381004,4015.33300216174
4653.82347858588,6463.24670703932
4388.27882056323,7901.60110930915
4261.64074614504,5745.1775980921
3670.24318920159,2333.34082081696
3622.07918376872,2514.34993138261
3363.76911188352,4421.1116676056
3951.76622478584,3441.8440238257
4324.545383176,6020.92531357822
4329.66741806713,1366.00773795396
4159.31512993417,4553.359224794
4733.28795077683,3310.33540619007
3921.04415561585,2822.15070924851
4118.77264996302,5747.56461598929
4585.31264372976,5683.62890189625
4239.17850565991,4826.94741850847
3945.39534735348,5392.76411115334
8480.94281844074,4861.38728735782
3913.33091928408,6142.71566038619
3804.62210882302,5086.95265582018
2032.2022914534,2303.10645887576
3348.19459311296,2285.03383683555
2756.92002987264,5338.26229773104
3894.67797324536,2731.39032653827
3992.59250140938,4243.17164045852
4353.17128263463,5644.98331471112
2844.35729596213,704.48626899483
3933.65908848149,5635.20816985207
7304.70058694684,2205.81042539156
3323.68793871931,3540.73126162294
4271.33646266573,3084.65650109256
4602.68226221789,4273.12205509805
4594.13977227208,4665.71567093122
3994.37205383071,6622.43268090768
3836.55516044571,4895.65674554064
4126.49870052526,6693.52902583705
3780.01525119286,3202.52549972168
4453.10093164333,5272.90578999148
4135.56608154796,2221.95059893042
4143.99084140358,3353.01608961682
4569.85788559442,4017.89043072547
4375.24321138401,4732.66338298382
4192.97953557743,4244.47868604227
3588.84929220372,1171.3590083818
3304.73021402917,6832.42598186217
3914.71943425919,5544.61862066361
3946.95178290483,6324.4068364732
8633.27070397069,1105.77521594433
1529.3594192334,1323.09976982929
3974.14883650949,5613.04378896648
3945.2295797302,5712.67017774411
3580.4040981352,5503.30185685198
1959.79644681972,944.543574080895
3768.32715296314,5338.14897252352
1960.12969997983,2383.52337926835
3033.29251854708,3234.46502546632
3488.77306447075,642.937519942069
3532.47151176007,5074.39258627186
3038.02502697725,2425.35137507956
3754.39166359583,5657.08839200835
7861.87916131201,3584.37795787275
4441.83629655981,5624.92179299342
4513.58111861627,7303.22033371252
5081.21968310175,4788.87014878194
4287.13319076843,1564.63468973635
3479.83993985724,5021.14115582954
4215.05258424466,4381.04528677396
3323.13633423367,2687.6298822257
2563.95002142048,4594.05100854325
3507.95225483225,543.538785860702
3886.19676195265,2187.39698201829
4186.30643196945,3479.69400885431
3714.0390046088,8920.65182090189
4094.58936399539,5321.72442882774
4908.601526273,6617.26073832123
4224.88497347207,6199.03617424708
4452.22941811074,4637.24313539722
3688.84414513867,4342.74094377714
3494.74603906095,3968.39014922309
3220.12674331817,4216.06281311202
4346.52941978341,7183.98699261302
4296.50655068415,6469.21404035467
4642.96158978314,5968.12887538698
4548.83149698267,6468.98696708438
1348.3602460343,1019.05003518951
4072.91417042814,4473.51062186002
4152.6724924069,714.034023442154
8512.64645566945,2183.41875980806
4191.34873145091,4876.10687867778
4543.37317614259,6315.31375713553
8372.81207247649,3322.66776818522
7958.76309536486,3905.42065938072
4171.89898877193,4663.38531563779
3736.90961089817,654.531206668989
4240.82536992442,7085.04309221202
4117.8113189874,4427.36315965025
4653.59862747426,4746.24633938658
4187.99888101047,3879.10764561837
4015.11650538783,4319.43992797434
4271.63766218036,4539.83335385025
4262.41524669773,4230.15700151437
2893.82266894299,916.241343499611
4017.86709717834,3955.94382773754
3372.4153147895,3038.73653500834
4454.04553784604,6555.37122079231
2976.35419672704,4959.25163830062
3162.9673505249,5065.58366566349
4412.73035525015,5633.21905874695
4044.36994793513,6079.06410502244
3699.0057967908,5278.19148064071
4521.79715818277,2634.6628219403
3971.37076252847,4214.75576752828
2437.2478514236,5492.78798386779
4744.74293536308,8187.29480317611
4495.10964141992,3098.40986816185
3875.27744300063,3695.48402102999
4986.33219722025,6202.44607899871
4460.1800059484,4445.83347705491
4451.92895435623,4971.81128499369
4794.94450239586,3240.94380220889
4131.14199608098,5907.83013931586
4564.55271440641,4777.10589281777
1255.8700538724,1168.34701042224
3948.71848324764,6347.4236935467
4197.38088500759,3956.17132386308
3764.45525591477,2561.86131320749
4011.82609910809,1793.49610917375
3147.60910233795,1035.19020872837
4512.39061373155,1330.9425719008
1651.52016448553,6556.22369698022
3845.2948408211,6975.64198143059
2439.91330971379,4103.59304176728
4357.1374253983,3504.13165957432
4255.96205322331,4144.45481332781
4517.8442705147,4973.97080676534
4817.91638415855,6899.48744197754
3864.9027921708,5569.17001944639
3865.88281822917,4131.3835117799
5032.35384597635,4698.90515680059
4857.10062528362,5680.50315587392
1010.54748747732,1223.13277114622
4269.33646887268,4641.10760954468
3509.67086427526,4824.84455934058
8871.41079836044,1751.66800764872
5383.18867096049,5743.92763796737
4238.05764640901,5260.91446075702
3884.24089579533,6082.13318844101
3771.9955687109,1687.22074441465
3102.89596905925,4368.14481874783
3555.27657301967,1472.11269204653
4556.58612529301,5308.88062340537
3803.5231224153,4719.76249210244
3507.51279722311,5163.90258600212
4837.48558451428,4727.94643264845
3447.57314208443,4753.00906343083
3901.55253806625,5993.93023429449
4235.26374049167,6075.25671633399
4121.76507616926,5162.48179235561
2051.31788450449,1819.29767950889
4237.36380054526,5612.93046375896
3132.00942884734,1621.92111070648
4539.82867467163,4682.42395050105
7862.34757778828,6077.58664877217
5703.73168642838,6093.32912694658
4708.14257053646,6039.73687517119
4313.28014529864,3071.92623230534
3836.08214071461,2964.85526538971
3741.45192517942,3800.45234020536
4443.85503217083,5509.49668629288
4046.17949598555,4591.89106391635
4466.61946770763,5606.1106542557
4085.00124218719,4340.92224333856
4385.58885601919,7082.14441945999
5587.41851974588,7412.22311484663
4271.08246646515,4422.07789185628
4737.92175726105,4830.01607907178
3508.04586023417,4897.70294210477
4174.06950172417,6475.18137367002
3903.47029320147,4468.11160600327
3988.48477987147,2056.2860597471
4057.04386854825,2925.98239350667
4364.80252740926,4869.40039438205
4706.8771326158,4276.07739045385
3309.98575016089,4630.25249237218
8473.44373117136,982.620843807419
4098.0425929931,5238.92049053796
4008.50471007622,4855.81786083454
4553.43698690394,5575.42151149104
3625.28021406981,5131.05392146581
4365.32201116063,6303.32242790107
1749.75788764951,1289.68278783438
4763.79526417882,4459.75725479073
4010.88073530513,4045.22675419751
3399.67758785123,5013.12804880531
2318.05613783359,2984.57575434672
3615.89498080384,5927.72125036703
4093.28236012924,3857.6249073989
3424.71756863424,5173.33690952812
3081.08816931011,5886.17741328511
3411.26662383084,4602.17786363025
4155.4345594093,6094.18160313449
3917.19694052683,3624.16017997508
4078.50349740843,6810.6590849134
4605.15364876172,4951.01103515085
1627.87766673782,2162.9024572669
3208.8285745275,5060.58255659881
4212.32116377821,6815.48978331154
3744.94503126045,6441.36648488303
3431.35679349212,3600.40459477645
3738.56725245946,4350.01532267623
7546.49553081778,1679.66220678625
4338.84094541235,6237.3976027029
3969.45679277432,5815.87645908465
3924.53674195382,7244.39947674692
3874.08672065447,3976.80116303939
2938.24616499907,5390.09293452685
3849.57878943814,3855.91995502309
4281.61691495257,935.507368774603
3553.68318695396,1476.5454836526
4030.01714553657,1423.80570806512
3833.69278063081,6247.57023149878
4291.08886414602,5367.53064684919
4029.51317527171,4941.46338641734
4022.13771993586,4515.96402058885
4273.96157863578,4547.78979827072
4985.01889777568,6172.32525369265
7608.65349773923,4406.61957241118
1317.73992075396,1394.76464364489
3629.03111508045,5082.40611615134
4418.60656825407,5337.01233760631
4016.86651503612,4918.04862255177
4912.0490835628,6740.47187877571
3055.62015222594,1037.06567748453
8011.40335359652,2625.22870984193
4407.38290151656,3198.149582147
3977.69415689,1792.01844149586
4501.11121301103,6268.02966000855
9217.45849894975,6093.04496821728
3635.33563197254,6864.93340221017
4660.62049714792,5019.94785830857
3478.43136331041,5212.20956998353
4232.76221309368,5121.67668339883
3345.96381539516,5349.40157363284
6821.42215555136,940.678994219619
3999.57573963274,2514.9751228726
4427.6915008739,2785.66464383503
9064.20199252718,3048.51146843977
4021.96492050223,5306.66401617471
4194.98105600759,1612.88490540019
4149.02558123426,6657.38420461188
7583.48455512934,7987.30372035096
3684.19867047264,2708.14618476686
4629.64764274751,6124.074932315
4367.50979795968,6571.28410963325
4952.65528031398,6605.66731587884
4483.92841092633,6884.93826132411
4366.04682767225,6643.00543462498
3397.10707188049,4667.42062330704
4363.70397962449,3502.08567443782
4823.6969622739,4882.81294011827
4302.08010332123,6068.89147622657
4697.28070916878,4557.90576446283
2988.41307169453,2417.33826805533
3625.51377811443,4661.56703805446
4828.10086550334,5231.98693297193
3998.20547646798,4767.78531735455
4030.55304625041,7138.18077459157
2952.62216021666,2752.41807250665
4357.92296119378,5343.37715485848
4695.28173487458,3335.05721563938
4176.77884170978,4849.73677945642
3735.96845726457,5668.17058245115
4329.47030860397,5650.38233056787
4379.56899823753,6360.04042569878
3620.78039045664,5436.63830352869
4558.96835041257,5202.09360379142
2981.75312058985,399.186177803526
4376.74618473271,5211.13002052534
4640.4933996859,3132.22475694884
4727.79710247993,6830.60728142358
3056.35453739266,1631.35522280484
3916.10102908763,5054.16065388763
4268.45892476901,3801.47522705979
4121.28217982742,5698.51890388275
4219.18596381463,3608.87269405176
2477.28153106018,520.749266342029
4522.85208033649,5965.17354003119
7328.50735164838,6954.50048739944
4324.84794292,6130.61058308895
3726.84316886149,2265.02918914924
3758.91925060882,2736.78934239501
4720.85304649957,4220.38227951057
3942.62190087354,4671.62591878756
4067.55905056413,6321.50858657642
4453.4628836852,2876.99334400388
4054.09429534239,6617.0903276547
3472.19002071466,4605.92858971494
3909.46252323705,5712.78350295163
7801.56949607434,479.148449514917
2335.66873557187,1410.56389013686
1848.03733736954,308.028046871929
4329.73879436611,2774.58245339224
4061.45139494917,3207.24266148467
3348.52463529079,3440.76426293988
3858.59000537846,3263.6196265217
4272.95206020484,4920.03773365689
4214.10198953183,4287.89830902178
4340.32870482044,3868.30961390487
5057.82624388829,6496.03870897187
4746.74646694073,5373.10049622772
3705.71967060184,3732.08383450624
4336.71281768734,4118.93761314961
1227.41678349013,1349.0150882272
3946.51719222153,4557.11037373394
4518.46622826571,4051.42116078315
4208.58140999493,5645.77912829527
3862.9385514862,5296.66179804537
3422.12083158443,2293.84275744393
3771.11587295749,2654.89496575216
4281.71772265936,6766.61448187153
3934.747707115,4330.52211841714
4371.48162401222,6603.50737125194
7167.12462301001,3355.346022055
8675.60337508082,2626.02431199846
4038.96197145882,4341.20640206786
3766.12855707708,5176.57598075796
4347.46672135086,4606.21274844425
8706.17548561924,1587.36738808054
4806.76262034801,3831.93729655416
4130.45472297856,5981.20017693489
4086.2129471418,3533.40000869247
4495.32007774798,6610.38426621421
3406.60237437206,3304.53848354125
4383.04187804273,5796.26950676278
3331.16896676419,4747.72379563685
2941.20469514471,1110.60591434247
3594.67184825936,3482.30831144942
4222.47966539273,5202.15026639518
1398.49166352045,2273.32666633039
3829.59128986597,4656.73633965632
3949.36677987781,4850.64591824809
3842.74822408455,1760.7610869864
8131.67515041504,1682.27640366755
4257.96375684768,4979.36982262208
8932.29447316262,3634.33323162621
4429.14325585091,6292.75146945786
5152.0715417636,4840.35954138944
4592.04749473963,5975.40325428607
5087.47761441529,5054.16065388763
5038.52053203773,2234.39692041596
3647.54459551878,5461.47386104077
4449.71862311112,348.435407607351
2942.59263582116,7978.21064101329
3834.81853602621,5324.67976418353
4815.66785268359,5115.31144329141
4645.41347068016,5726.59395547993
4257.62443697345,4673.61502989268
4181.2705863321,6136.86207513361
3904.59341392755,1410.62065845444
4291.55706426757,5231.07779418027
4028.77862398077,6837.02918413477
3174.46385163764,2726.90066090082
3669.23842677676,5378.38576402169
3868.17736805558,5164.3004927942
3998.73067893729,254.549384588595
3839.5330435337,5161.3451574384
3706.78915155744,7125.33696916921
4405.76372462354,4613.37380213582
3615.83698224295,4638.60684358472
4238.6648659748,7072.31261199717
3621.26598486325,4849.96427558196
3500.34961833842,2612.89613641916
3855.11196249895,5654.58804890364
3785.78749434962,3522.03365952037
4464.5826320116,5078.6549672114
3890.13498065866,4980.10897360247
4179.35040420909,5787.1764274251
4395.18474585978,6400.44762786348
2447.66783318427,1730.92442040965
4142.24176860569,5705.11121726046
4490.75609647608,6807.30626562079
2561.69101600201,2781.85704371895
5593.29968442682,7188.36269876008
7892.9451212556,1109.46927942526
3287.28991890053,2813.39866267152
8148.70039942369,3081.18972230955
3687.96769223846,6060.59378761779
4337.39935807638,1972.45923460289
3770.55379495624,3476.11348200852
4161.72375088534,5843.66735195252
3483.43027240295,1196.76288335248
2377.95075670892,7540.66286049132
1280.32027890112,1138.11254276723
2816.77068920727,3731.40176898487
4019.48209422916,5825.31035975538
3131.60654586814,278.93018770567
3674.55461792742,5091.72626875931
2648.15017357132,2201.49117042064
3988.11761301378,5530.35359873947
3787.79707820953,5063.70830262114
3931.46481088891,6155.7869619341
2561.27324337158,6422.95325293738
2914.62677014703,71.9489838174373
3634.79473332753,2775.0372342157
3934.47645251027,3050.72807567043
3617.16686150516,6524.96623675695
4291.87957439018,3972.88002628816
3907.43576406838,6582.7071214091
4267.65424412376,5580.3655350967
4602.31990113788,5236.87471682909
4797.45391265522,3469.40742056804
3590.4028267356,935.279978362873
4883.05667636979,5682.15144564598
3889.13292422534,4882.9833507848
8838.8741893212,6882.4379182194
4116.35070395789,6642.60795068816
4033.93502983127,5761.14757239205
3387.41907026563,6494.04959786675
4760.23167759501,2176.54207627341
4070.83616354014,5429.9322420882
4378.59061795978,7210.64125056369
4080.92439216378,4488.79853063859
4116.52531808218,6642.72127589567
2505.8125313448,5104.79757030722
4789.7140933755,5894.30426837211
4101.57171806596,5972.22042280474
4085.15851412607,5348.03744259009
4935.53310141945,5017.33376714109
4062.03222676884,5138.27163776115
3786.60723191263,2766.22831360732
4212.65367915102,5581.61591807668
3389.2560170345,4990.73617179418
3936.18180513336,4706.35036922147
4270.49918844916,2848.4070604071
3846.59214369262,4964.02525123975
3867.90287291858,5378.61283729198
2654.05392257823,1770.19509337095
2437.07048934535,2260.65306014693
2826.53799005099,3123.64312103838
3863.41067449006,4240.55754929104
4440.48357529385,6647.94988108589
4362.55961648926,6357.93756653089
2412.57552245249,1056.89991450431
3924.5016556342,4493.4588183702
1984.16492165263,214.198845027651
8040.52005429939,1826.11748901215
3201.94208982003,5892.14474660046
4992.61484097749,3986.23548656538
4374.34771822924,7131.41762769208
4276.4616449726,7288.38657147453
4536.87888828984,5668.34141597293
4767.55598295599,3383.0231668601
4421.82798643133,4594.39182987632
3994.99065524325,5502.10855933101
4118.21215717942,2070.26671151431
3995.79331827248,5433.17131331805
3745.63133047317,4381.72735229533
4053.24761456184,5894.07677224657
4550.24173278413,4983.29138222856
3552.50315544866,6868.9116244204
3785.24357756613,2642.27823360008
4089.00698317997,7739.85812973232
3869.87860610122,5989.09953589635
7309.44687531087,410.154699468909
3917.25898017108,4948.79442792019
3702.25854635532,2839.02982234013
8349.40504157581,899.191819741466
3929.92344174932,6860.5006106041
4381.54811829907,6143.3410633038
3765.39143963788,123.609044768885
2378.25143280289,6028.08636726979
4122.74296313478,4614.56709965679
8010.63660912351,2577.77420204843
4066.34299049481,2297.25266219556
4027.77497746701,4061.82170855982
7951.26615293008,1488.87805707537
4565.5403193252,6766.33032314223
4299.24757110845,5543.87989253847
3163.44318212956,1707.1687294972
4407.0512401591,6849.4184201613
3629.85265142913,2279.23712561436
5121.37016542168,7151.53623486879
3369.24651630809,4760.4542758517
4744.23795491272,6488.19601261417
4271.97895621385,5093.60163180166
4327.22270035937,6780.70909312913
4323.09516990001,6163.06176368844
2422.582887,5724.77525504134
4306.57183404466,2826.35621615666
7986.78620273346,5488.69601359479
3722.11091220286,4440.77570538648
4494.81960272544,5980.1768672252
3269.94376146758,3976.97157370592
4158.35554742457,2467.52061507909
2209.39109282713,3214.06247098793
4156.65655363775,6230.40738253312
4161.8840774758,4871.95782294577
2849.36309287615,5005.85366990622
3161.42211129796,3687.41382854675
3264.91292721501,2861.81918328808
4919.64428875803,5879.86883578145
5222.66491345511,4480.84208621812
3673.59421782771,6931.71070359623
3762.27382545091,5586.73077520412
3990.81610854936,5419.53169431153
3417.01064815394,1747.6329114071
3709.84406065996,2070.8919030043
4359.16222490656,6817.19473568736
4116.19631123366,5758.24889964001
3595.00696244631,5965.68477203078
3466.93978574986,1350.37900784232
8776.82197955592,4083.47443459057
3700.00522087087,3991.69116502588
3845.9924451338,4932.31322162065
3435.40291918815,4201.91196210591
2857.48332183719,4730.73093448247
8397.79860115182,1451.59638950537
4330.03562224714,4158.66274979293
4636.01520115605,6266.72261442481
4286.42633012606,6669.31887124258
7894.56666056085,2174.32568047038
3628.10173002989,4708.45322838936
7868.44094908677,795.644399926427
4238.21417303435,5966.5943336777
4073.98341145156,1687.78906187325
4156.65876636014,3480.26232631291
4220.90460224154,6343.615882003
3053.0653343794,3341.59286641333
4268.01770112665,5373.38465495702
4242.4021503095,5216.69944704861
4030.87355716507,6447.78881044947
1237.71557267142,4897.47544597923
8195.62853562341,1467.96395345595
4400.76209353588,6135.89585088293
4826.88613278323,7953.77299029328
4114.1073294801,5646.74535254595
3924.77571957259,5335.13655170871
4092.8153789039,5481.87620409153
3322.02308578449,1755.2484287807
3682.5067329614,4505.05224081258
4389.57368857259,5886.80239334748
3951.92552736213,7003.83035823529
4306.59806951131,4014.53761143285
3087.95398873106,4258.17539050779
4062.1846642789,4682.70810923036
3912.05875424708,7425.52191252008
4229.58687912746,6926.02752901019
3413.43502318285,3326.98702315614
4169.45392779302,6037.0656985447
4461.37702234057,5817.41100079393
4950.70844173021,3450.42565973616
4186.84814842855,5916.1844905284
3850.38866452381,3807.84046716722
4572.79500185076,6423.06700100016
4164.71333850947,5402.8234147417
3730.03599995877,1763.26164151874
4630.23236630189,7161.76594912368
4518.36552476433,5547.2897972901
4925.88691652602,4381.72735229533
4198.67426842761,5418.22464872779
5142.35821381822,3132.39516761537
3593.27114706021,2862.21709008015
4253.0635749075,5163.78883793935
4713.31776021746,5082.12195742204
2813.88863938443,2680.18509266007
3995.93773254663,5806.89712780974
3546.02572979809,4351.77693765581
4604.29485079292,4711.4081408899
3695.61861672185,5556.4962018353
3159.56120965699,4532.27481622186
3910.38237213655,5875.49312963439
3662.85965534436,2588.23120100123
3365.41413746412,699.939729325991
4092.3533797929,6526.78451434029
3944.73173421624,3029.13201224344
4062.99628382887,4560.06528623448
3379.87322270549,6675.96784722406
3500.32894422142,6174.03020606847
3622.61744662739,4742.26811717635
3818.35047234072,2615.62418707704
4227.60279396278,3464.63359620128
4739.78135399999,6671.70546628452
4169.91803535688,4158.26484300086
3906.79915350845,3774.4234851723
4396.34812203072,6284.05629691226
4278.64203625766,1748.14446054814
4296.50945177327,4351.54986438552
3911.37730278349,3849.04348291607
4007.1715939001,7081.86026073068
4497.96071597416,5544.3344619343
3499.75887989537,4562.96395898652
4731.72928303022,6002.45499617356
4411.78958561478,5617.4770034278
3387.21415519646,2308.61901136765
4158.51990186751,4796.2582757438
2411.51699099522,5658.33877498833
3302.84892491443,3222.87139159631
3881.85033354048,4665.99982966052
3871.45570817551,6865.67255319055
3120.19062485647,6055.19477176104
2949.64386527647,2871.93536090782
4170.91345941517,5068.02734616444
3652.65984956046,4239.81839831066
1238.32158722327,3284.07905503147
2335.24696221523,3726.05941573188
3847.70677127463,2185.86244030901
4181.9593066478,5295.41141506538
4854.49242187565,6737.06197402408
2721.89042202558,1720.63783212338
3352.68612810865,1254.21971498915
3242.07832430885,4081.93989288128
4239.64599729155,3846.20189562304
3460.28343605552,1770.87715889233
3220.82555444983,2107.26422035501
3980.69080633087,5537.51465243105
4771.35005141954,5391.85497236168
4116.79722516056,5189.47687163934
4181.04649371399,5419.98668656262
4103.73994929639,5714.77261405674
4001.54818783091,2157.04887201432
3606.4197933508,3230.65721392262
2996.00982269849,6160.84515645778
4877.39367073913,3611.82760655231
4102.14350501358,2879.38036190107
3760.42295077095,6215.85820187968
4764.99449566864,6211.48207287737
7940.14189456602,2357.43743877628
2589.97957405938,407.369933350364
4174.64626701232,6714.04511695058
1831.48540607643,4633.20782772798
4102.24868328962,6795.25785092731
4298.30500931209,1360.0404046386
4412.59859851448,6039.50937904565
4308.50540240688,5304.95906379889
2795.62941305099,2562.77066342679
4930.05828252596,5292.51274231335
4235.95052376897,5219.37062367511
3737.43013798949,3581.19554924666
3686.3373834836,4950.61312835878
4792.92792489502,4880.53967028385
5251.30631710771,6138.56702750942
4203.22380167511,4964.30940996905
5089.66570248946,5035.2924296909
3553.74815596033,2898.98731422294
4138.14850554419,7660.80534038248
3948.48145050732,3888.08697689327
3840.56207311112,6383.68226283464
4024.51738187837,5436.24039673661
7135.05548072272,2884.49521902851
4287.1491102806,6522.01090140116
3999.10892556658,5172.7115066105
4137.09896399725,6506.66633001883
4696.52845151747,4536.42344909862
2827.8877422237,794.621460215082
4063.91198954022,6280.81680282716
5021.96186392004,5334.45490904259
4062.95078267665,4540.11751257955
4540.73164989025,5234.14687759883
3864.87861944504,3803.46433816491
4221.88955171832,6553.21127616541
1397.98743677367,3030.72321655649
4380.59608618441,5665.95439807574
3744.17708481578,2895.46366140854
5114.29635627236,4642.07383379536
3539.67441303164,3085.79313600977
3997.91457516882,3898.77126054399
4248.92102666499,5641.45966189672
8338.03853141884,5602.92782277436
1466.50630164408,753.702603195534
4201.68668153662,4358.14217776323
3780.21891046535,5456.41566651708
3105.70486953476,2664.55636254844
4150.93293656716,3157.57175788814
4025.45581878487,4364.96198726649
3971.13984608977,1335.77327029894
5092.64737010865,4658.72545076143
3993.80290355596,5184.02119317884
3363.91159328419,5475.28389071382
4190.00402895092,5858.27277235447
3185.30696203003,2901.3741206925
4079.05830386973,5805.64674482976
4983.45040963862,4054.54690680548
4142.4761616139,6222.96217011224
3298.55303534451,5006.76280869789
5243.6196285034,5870.94658996555
3967.03970313502,4988.23582868947
4239.1843665234,4282.27179703949
3462.43795511134,7115.95973110223
2565.59939899066,560.019992160242
3436.55385402875,3066.29993175068
4836.67252918897,6732.34502368871
3932.91312595146,4264.82436648927
3615.6123089045,4577.62646484747
4042.46234743106,3184.28267844256
4683.27956036677,4491.46970726508
4113.94015673133,5039.83896935974
4478.4745378516,4641.61884154428
3955.75384250749,3798.17907037094
1974.00585402577,941.247311678224
4174.77988600287,5135.8279572602
4841.51977243116,5407.31286895153
3981.40574307076,148.44450978138
3854.3924292322,3543.28869018667
4251.053418714,5603.43947762921
4351.7954861842,4187.64694018178
3935.72805886434,5781.20909410975
4324.04467345426,5288.30744683282
4531.93906526953,928.232884161699
1754.92934671818,2104.42263306199
4161.8588029315,6133.90673977781
1747.43451013836,1041.55534312198
7891.45414957312,7181.94121890415
4723.76711109971,4940.66757283319
3738.34985774494,3665.07903699463
2418.11868794189,4043.35139115516
3666.93049493823,4316.93916201438
4490.78015679578,1832.19857039027
3997.75392834313,7875.85683586066
3920.61078836634,4854.96538464663
4217.91343265836,5209.19757202398
3537.49863848691,3356.53953100359
4134.47746187106,6293.71769370854
4347.91068593374,5164.41424085697
3819.74711623079,4420.94125693907
3891.33911999364,6105.49086684757
4311.11569531684,6088.44134308942
3860.54419418858,3373.24802200105
4431.04719794746,6440.34359802859
3710.66721255243,5507.50757518776
3619.01511863205,2320.72430009251
3471.07330703717,1482.45604865037
3983.98413325189,6200.62737856012
3744.20692177304,5934.48439726652
3209.50914993846,1500.58533329434
1495.61185409327,1724.67292836499
4114.49665182108,4518.29395302703
4408.45879913639,6897.66874153896
4773.54106221905,5540.01499553576
4743.60392915169,5876.74308975912
2892.95427295599,3043.68077004163
3299.51069682907,4257.77748371572
4825.0256036507,5167.93789367137
3615.33518216063,3993.680276131
4120.33199565746,4628.77503612191
3089.61478649853,4842.2919898908
3308.99981888225,5283.30633776815
4745.34841765869,3397.17422929384
4000.72095227437,5033.07582246024
4149.90441901828,3764.76208837602
4222.89576664231,7191.43178217865
3834.25923254648,3937.24643706259
4014.2635317142,5005.79658444721
3942.52109217238,6173.68896188015
3153.87193351146,3803.57808622768
1212.98623520073,425.499270851239
3284.13720887915,6713.19264076267
3936.86919776536,6882.32417015662
4066.15781230632,4438.84325688512
3247.43823534322,3719.41043975041
7944.83542124025,7701.21254254719
4264.09821162222,3794.31459622347
4240.75803448507,5434.76294048634
4016.63375022623,1615.49910228148
3901.17219437044,3648.19992390302
4693.78368462801,5680.73065199946
4506.78179494681,4845.01982912105
3573.65392207072,5684.48137808416
4691.49693383109,5054.84271940901
3784.30986701785,2137.49879372384
3680.55762485786,1995.58983973916
3899.50412809945,4077.56376387897
4542.22816609514,5879.69842511492
3501.28559761336,5286.09083960216
1645.22992815854,2726.33234344221
4308.37862810001,2029.63201322406
3987.45615359694,1081.05340649501
4838.1661323331,4345.24128688185
4407.06854642523,5305.8115399868
4103.28026034104,3588.41326554199
4255.05555255404,2910.46720003018
4654.39044553838,5466.75912883474
4090.57690004298,4741.98395844704
3876.15091675847,5170.15407804678
3680.77642139226,5613.9533506134
3431.65335320857,4409.51824516321
3630.87935368756,2791.97300991107
4168.52627628932,4334.78449935668
3772.91121256975,2821.2982330606
3893.22178819718,3635.75402527272
2600.78606177526,4255.7883726106
4786.38924451375,6481.66036184021
4498.85618531604,6347.48077900571
3700.21105088253,6891.81515628638
3381.77598955381,1636.6973646302
2761.53213377566,1092.30611331815
3831.97650306155,5620.71607465764
1976.03898094984,582.070730696872
4372.82456510272,5612.13465017481
4463.83628237706,6185.16905911502
7694.21969181324,4611.89592303029
2931.50152067908,715.000141979019
3516.91501766727,1193.86442202808
4159.1230134378,287.113969680961
4034.65198413363,3332.55666110704
3956.17327231346,3357.16472249358
4363.8285473582,5012.33223522116
3704.40706526484,2960.36559975226
2385.2911804531,2042.41915604267
4063.99869416454,5088.08929073739
4117.34922132432,3269.35967513913
4150.99646409069,5764.84163587298
2763.53746815454,3826.99285009325
4504.0330696493,6656.19048423566
3703.21565705071,2342.71805888394
5057.05531228015,6275.0203030336
4468.70963106046,5051.71697338668
2864.10714260922,958.637868197057
4411.01538606599,4885.59744195228
2552.9570740665,2310.83561859831
3916.35140430161,6182.32747182199
3692.61178262889,3166.32380446513
8911.3540062001,414.871729089638
1867.09442549306,2698.54166200196
4510.08201397102,5287.22747451937
4006.47125305548,4853.9424977922
4074.16534305194,6426.5902309593
4480.05769381909,3558.34910283969
5334.69710489795,4757.04437110007
4447.83444389149,6755.53229142873
2708.73249053891,537.969306480518
2337.55056535938,1739.84698336698
3073.84228585402,4586.60579612238
3931.55051226287,5140.43115953279
3985.24452697374,5313.31341501144
4287.25413093401,6507.40505814396
4164.54093879119,2391.30920159466
3829.37232793549,1635.2196969523
3986.88407897849,1924.60703144494
4516.02586727051,5099.22814378394
4033.37308681458,6360.09708830254
3694.86529718922,500.630817736036
4617.29215582976,5954.31842285868
8511.26546396335,4040.33897034036
4016.54434524168,5284.78379401842
4048.44323738503,6741.83600981846
3197.67610642466,7739.23314966995
3591.98380336157,6060.6508730768
3865.20042756143,3794.42834428624
4062.81502639585,5000.28424338294
3793.96176759742,6026.04017070566
4756.49137448847,6703.98623621748
3219.29767976323,4852.01004929084
5043.08955004386,4561.03151048516
3823.27690596257,6784.8577260059
3703.01843578248,4946.1232512937
4112.57577498375,4610.75928811308
3505.12607599001,6016.03795257632
3744.78898627959,3142.96591463094
4069.08732791546,5149.52423887047
3313.76075099797,5315.92750617892
4117.21459754136,4940.66757283319
3454.65836016988,4111.89030752081
4218.89855698573,4638.20893679265
3905.05380673302,6458.58684216296
4616.00703993669,4655.59970473911
4401.53396744763,5537.0029975762
3978.43791759784,4276.70237051621
4472.19400874563,6462.16715758112
4757.27878531215,1062.86724781966
4076.74984451346,4362.40455870277
2278.00307225706,1721.20614958198
3943.41190225037,5062.00335024533
5054.02129559358,7105.61584592931
4153.25840009313,5155.94614158166
2867.02419568917,6135.10046015403
3634.15730049368,1779.34504674002
4448.73438647464,7067.3115029325
3321.75585305318,4979.54065614386
4457.22230318253,6424.82861597973
4118.24839523481,4698.05268061269
4404.82105862365,4946.23699935647
4422.81753213863,1174.93942951377
3952.45177556149,6128.45106131731
4206.61287832072,2319.13288435184
3994.03344515076,3871.09411573889
4235.22928658331,5552.68881314685
4259.1374929342,4690.5512284433
3347.1563764417,5269.95087749094
4373.11861011172,6180.05420198758
3627.21937733015,756.430495282693
2496.51661491545,1025.92661301035
4588.5525038731,4786.48313088475
3922.14206764969,4597.2900797731
4054.25982033239,5072.17640189645
4702.11652008105,3540.10607013295
3728.63717885086,4926.17547763877
3799.07574975834,3982.0297682296
3517.22213329153,6931.5402929297
4386.94711646623,4423.32827483626
3554.02893174477,5548.71059093661
4344.58463642175,7168.58575862693
1749.79772777318,8323.00850486464
3813.63363246225,5708.52112201209
3796.52819378388,3740.72234444809
8753.86318365409,5229.20243113792
4293.16355850321,6430.85261189884
3600.39404428393,2429.15918662327
3733.63018176349,6374.58918349696
4225.10430870101,5786.55144736274
1623.84104276488,950.851940156934
3802.92010148236,4032.78043271196
4131.6680279398,5713.465568473
3348.6823577017,925.163906456945
4520.30197964149,4166.22128742133
9338.36123291141,3194.9100880619
4156.65214113248,5130.94017340304
4086.86519805933,6739.56273998404
3760.20118073559,4305.45906477951
3673.62114378847,308.596364330533
4022.26647792394,2362.83645463303
4182.79345179709,4729.48097435774
2118.01795836329,2094.36332947363
3766.62749366122,6153.11620816286
3519.01539329869,5266.31347661377
3649.68286382205,4719.08042658107
4051.20110014152,3952.30684971562
3289.8394276263,4736.35744646475
3688.57227150276,6506.15467516398
5194.58356080204,4789.60887690708
3723.76307576506,1734.39109347885
4180.63934752681,3552.1542733988
8638.17289893069,2380.85220264185
3575.04888723533,8486.91142906838
4260.9751775703,5709.71484238831
4570.68878045526,6181.19083690479
4567.36631849027,4458.96186406183
3025.40050794101,998.988407758001
3686.94548895364,2234.96523787457
4122.62171142567,2776.06012107013
3404.00675335942,5720.00121924696
8393.51778553128,662.08979715429
3864.08052952013,1149.47889193932
3447.1776166632,4338.25106671206
3275.31800057308,3187.18092833935
3072.03179490048,7828.51565327467
4197.2778834525,4673.27420855962
3872.18776869018,6270.24626723921
4629.5294370579,5258.9253496519
3912.34867564015,4895.20217614481
773.481000103989,1847.71355243913
4026.07562561769,2923.82266030739
3881.21812055799,4501.8698321865
3455.44541727633,1149.08098514725
8183.5402653383,1776.95802884283
4922.24610579495,6483.02449288297
3921.87770344576,3660.8166560551
4130.31366634189,1404.99435789977
4192.54033379524,4807.45379139412
3753.95250014742,6090.31712898702
3616.09227928486,4510.8491634614
4209.60169259698,3754.41862605836
3485.99112585137,1466.82731853874
4492.73201705477,5156.40071097749
4381.49742670508,3480.09170421876
3227.05269074303,6276.27026315832
4623.47272999273,4221.46182896877
3967.52002144259,3396.37862713732
4575.81000787007,6072.5855397075
2673.11732920577,3411.60945045687
4860.0540826041,4605.30360965258
4124.73673096507,4384.39852892183
3873.30484977126,3431.6711836022
3882.00023923338,5425.44236502312
4579.12193242391,5199.99074462353
4726.47520613908,6469.95319133505
3978.38828255296,5295.24100439885
3320.04317140076,1293.60413601322
4773.32281773216,5434.70585502733
4117.40890169362,3432.63719642525
4374.01672140868,4950.89728708808
4395.88737321391,6493.19712167884
4280.7624820768,4783.35738486242
4177.52393840889,4755.22567066148
3858.22515098399,4160.87935702359
8347.92763980076,1080.59873138537
3592.55088688937,6077.1887419801
4012.13498443363,3988.84957773286
2791.6329722846,2863.41059902875
3834.56624923733,5674.93372935065
2010.3111239755,5129.97394915236
3518.99553033216,3789.48389782533
3940.11155200751,5407.76786120261
2592.39112596219,4017.20878805934
3861.37118235649,4158.89024591848
3617.41987128251,6220.57515221505
4447.54243216218,6560.88356185658
3701.42535950452,612.816694636013
4782.0686664932,6961.66111823576
3816.11779331796,6286.89788420528
4350.79894055522,6521.61299460908
3736.95210109322,1238.02266741891
4210.19070608865,1583.33239755273
4053.77555279571,1809.57962010885
3504.19044951196,4802.16852360014
3698.48021318627,5028.07471339557
4169.77213023366,4935.66646376852
1948.47182710516,2309.58523561833
4693.8560340836,5346.44623827705
3987.15432817112,5113.77690158213
3764.05428608762,4301.99249742413
4432.76738945082,5292.17192098029
2315.97020666794,65.0723465325868
8361.06120686646,867.650200788898
4727.27564261737,6500.98315543278
4189.78765472204,4388.83132052789
3514.90395539501,1304.7432004874
4265.15284614365,4595.18764346046
3267.77516030771,3114.15213490863
4875.6270204537,3726.62773319049
8259.09771478514,1251.54864407647
8010.71453106884,7336.40939672664
3986.28687010203,4534.32058993073
2692.79550500355,2286.17047175276
4943.87629656131,5378.95408148029
3954.59043044118,812.125606225967
3714.46170170885,5401.40262109519
3767.62062812814,2864.0924531225
4214.39130188782,6010.92309544888
3202.63190170656,942.270304246475
4464.21899506325,5189.98852649419
3777.96438424556,4633.26491318699
4693.65292476463,5904.42023456423
4466.59624051022,5046.9429375923
2668.08329959758,4846.15646403826
3640.45039221036,6638.40223235238
3386.6574763686,6635.21982372629
2914.12705600898,3501.06278758338
3856.83326140599,3306.01615121915
8135.22479510153,4100.06938895288
7914.96582012791,2569.36318823213
3489.77068700681,5610.37303519524
4981.09605117522,4339.72894581759
3813.69600923072,1802.93022127212
4498.02322368345,5660.61204482275
3855.6990978809,5982.39347445586
3836.42122849274,1119.58535133119
4535.45468984108,5496.19788861942
4439.08637533989,5625.66052111856
3745.25563011323,1387.94483414163
4043.10919847934,3619.49989224347
3749.27083095948,4363.14328682791
3875.39311278581,5510.34916248078
4104.25026374075,3492.82218443361
3858.12961617064,3740.09694153047
4762.83151261306,5947.04404395959
4817.30189399047,5327.57801408032
3704.05461856974,5465.79290458406
3866.16191476335,3456.67715178081
4871.6922388206,4543.35700666465
4380.43261510632,5078.88246333694
4081.93624867871,5472.61271408732
1536.26721332861,1732.74301513442
4343.80680088906,6481.54661377744
3912.34697568679,6349.46989011083
3871.54995895553,8502.37017136873
4499.09807184588,4991.58864798209
3669.21053471561,4132.00891469752
3163.45776671578,4573.47783197071
4665.09096967371,4390.25211417441
4060.44802131639,5889.98522482882
4163.63887653382,6822.36667827381
1862.12080230878,2742.87042377314
4355.38237518232,1353.61850192742
3662.42649351382,4550.57472295998
4181.1452035685,4732.83379365035
3945.58605064147,5981.54099826796
4604.00683661053,6217.8473129848
5159.17196167093,6334.86404685363
3935.67945059692,4049.77329386635
3947.28143434817,5736.65283621303
4789.29451124376,4108.87830956125
3974.98193698087,4909.41011260993
4600.52897878503,5355.31182148918
3496.37252918576,2143.86382240364
3968.00087204836,1615.84013504217
4784.72790582052,6438.97988984109
3863.6794508272,6500.5852486407
3876.04473286484,6936.93930878645
4194.89105751027,3849.72554843745
4011.63751556203,5670.89884453665
4677.53076358762,2725.25258255639
4108.15271126553,6268.71172552993
4721.3561000465,8826.19695185547
4500.38213958409,4983.00722349925
3287.75859599773,2903.19282113109
8197.92311753858,2815.10361504734
4775.40117831249,8431.38715164688
4054.35724254299,6252.68508862622
3518.13769142916,2968.43558080787
3968.31544553954,5531.14941232362
4033.11020296695,5182.03208207372
4672.79034052348,6370.32680255743
4039.19173831383,5961.87738334233
4295.6236499561,5521.71551165288
4003.8232782309,6123.39286679362
4054.50654314849,6723.6498511431
3698.32123437196,4728.85557144012
3681.77031022424,5658.96417790595
4089.39419820295,3468.49807034874
3963.90681582614,6302.92452110899
4344.93585256911,6124.41617650331
4202.38394670544,6171.18861877544
8555.98193934446,6480.92163371508
3982.55248041861,6400.44762786348
3464.97225720865,6617.60198250954
3471.42556324542,750.747320696645
8899.83951017082,2802.94166371872
5510.61966357974,8775.61669803963
4027.48463284298,5058.47969743093
8780.39071589728,7380.56817068654
3772.9340663628,4191.45475172549
4262.7880476522,5094.45410798956
4587.87200363976,5539.27626741062
4194.81132169508,4437.13830450931
4133.61504964791,6058.71842457544
3811.28204610065,3393.87807260498
4254.1850286369,6159.99268026988
4091.39510096542,5727.73059039714
4559.56366399569,5504.77931310226
4359.53158914816,4829.84566840525
4301.50075395802,5657.65670946696
3811.91453719027,5921.01518892654
4573.38950722244,3233.55567524703
4442.362002604,6107.87788474476
4658.62211655422,3686.22053102578
3221.00035484053,1267.29101653706
4073.0988821877,5442.6622994478
4309.25955841909,2026.16523444105
4242.00943327193,5543.42490028738
3828.52537805107,3408.02913503871
4221.53084296701,4721.75160320756
3897.10578113432,3915.82078430214
5091.58358949323,7092.37455657012
4202.30130870539,4897.53210858299
4442.28356259248,5687.15255471065
3665.36116783239,5412.03024214215
4735.28419764731,7080.26905641764
3097.02868891538,249.150368731849
3714.49983405857,6344.46835819091
2467.43808073608,1143.51155862397
2039.1119784464,4141.04490857619
4072.80802083081,5788.19931427954
4677.36218166831,4467.37287787813
4542.61306946247,6187.27191828291
4911.18684357957,4986.98544570949
3586.19147890367,5523.4204640287
4141.4245915245,6512.97448466724
5017.58971291293,5218.17690329889
3882.28925442152,5916.98030411255
8629.79163339621,2518.04399486354
3986.3952197469,5670.89884453665
3361.27178111146,3745.83720157553
4212.18342929008,2794.64418653756
4114.09133238296,5188.96563963975
3645.75125556855,468.179901421081
4670.35448081122,5989.15662135536
7293.54238896777,2962.07055212807
3749.77667304337,5241.02334970585
3726.33070496058,1863.96747404075
3954.59016580016,6455.68816941092
4251.73180762433,2120.96071339291
4464.2924213188,1054.62664466989
3876.56436662433,4253.17385858787
4482.39743725308,4869.74163857036
3190.42916756578,1871.07144227331
3379.40023679766,4260.90322973805
4322.24344798226,6216.19944606799
3482.91916024193,3835.40386390955
3835.21071623824,4952.03392200529
3995.83233615675,6767.58070612221
4102.86062481669,8143.36352534175
7965.31378200917,578.092508486639
3555.2507587626,4029.25677989756
4185.64293916544,1875.2202865777
4608.25707539318,6020.64115484892
4112.09527064039,4431.17097119395
4138.54828302631,297.570995062218
2396.24075737645,2792.99610819313
3700.86977907967,4053.29694668075
4263.2001847119,2101.01272831036
4289.09058994733,6525.81871294486
4289.53945712864,5726.42312195814
4528.94207866246,5823.66249283858
3907.51220236893,5358.32424230399
7720.96475587586,1184.65770034144
3862.69419162183,4225.95170603385
4637.35390561797,4380.81821350367
3752.36109352,6160.39058706195
3566.48700256058,3684.4018305872
4124.03529160065,5638.27725327063
4380.63155990437,4789.72262496985
2504.36399640661,4470.27112777492
3659.89313652396,2592.09588657632
4105.62365720842,4550.1197307089
3318.52217490191,1992.06618692476
2935.03325211565,3681.33317002388
4468.10959038752,5854.52204626977
7933.39281228199,3149.89947219697
4827.14127774913,5501.82440060171
4149.14834645874,4724.99109729266
4069.44418276567,5222.78052842674
3964.45903372777,9456.91600569932
3790.61044835732,6339.75140785554
4425.79973594303,2495.93648800933
4489.08899741504,3779.25418357045
3953.35483382317,4829.95941646802
3901.7032093137,6343.95712619131
3058.45997275792,2611.53221680403
4041.64435980499,1192.67091307948
4544.8533117348,6059.34382749306
4376.21924530781,5680.33274520739
3628.84613833397,2367.95131176047
4567.47883331809,6629.08165688916
4370.67490017062,6240.01169387039
3606.11377532355,5930.44908959728
3567.55125063162,4147.92180353845
4344.19327511921,4243.39913658407
3839.20268137145,4699.70097038474
4835.25239568752,6417.8950584137
4123.88343718165,4527.27370715718
3956.55647733406,6475.0680484625
4198.75426130505,4557.451195067
3769.41541714695,4304.37951532132
3415.63210483828,5666.0110606795
4411.84499516343,2895.46366140854
4259.09647362864,4516.64608611022
4230.8393166618,4915.66160465458
4515.7006594034,4697.20020442478
3298.78305699544,1358.39232629418
8695.38249648243,2943.42961262926
3054.36992139611,5684.76553681346
4173.10907250162,5925.44798053261
4112.10971734108,3385.46684736105
4301.64405658733,5829.91398488323
4435.51021860096,1736.77811137604
4593.16945407073,5695.73397919348
4132.46116156113,4043.805960551
4011.86077889193,4089.89633730175
4105.35509412465,5082.7469374844
5220.69117939208,5771.49103470971
3985.55868667943,5198.56995097702
3075.98521744157,8234.97680709515
4496.85077325654,6750.07661296823
4256.30255949443,3906.27313556863
3618.03825894632,5666.40896747157
4861.98470479892,3432.23950106081
7989.24005019373,1884.42690255053
4514.94784512244,5297.1163674412
4286.81831355412,5976.71029986981
4396.32737505019,5864.4109391916
3472.51321224807,4452.99453074648
3732.47597864372,2178.41765074339
4757.12967891533,5899.9307803544
4253.17116647011,666.295356919347
3619.18032538961,1760.64744463744
4406.41611170412,3298.28699149659
2801.57912454968,4942.88418006385
3513.43747139297,4686.40217271129
3879.58024205521,5778.42416942048
4245.61768027748,4626.04719689166
3171.1651226757,4841.66658697318
4229.04266575025,6023.42607953818
4104.17059886848,6474.21557227459
7301.00654743319,4169.23370823614
6382.24291329345,5511.42871193898
3691.94643547909,5272.22414732536
1833.48886217501,3204.57148485818
3240.22628773187,1327.98734225882
3875.27090624009,5249.6618596477
3359.77470539366,3530.55842139944
4374.22942663705,4680.49192485495
1245.65591626474,4973.06166797367
3895.63739725616,5690.67620752505
3803.45307409775,5290.3532205417
3881.32110682321,4854.39706718803
3997.81720498581,3589.15199366713
3105.28655066146,1396.29907964036
7100.30815032656,131.96330348184
3654.39126720799,1860.9554760812
3561.93264473466,2500.0851208861
5196.37615600707,5128.78065163139
4147.63793481552,5582.35464620182
3973.380756418,6428.52267946066
4274.08303973497,5473.23769414969
3635.31951703526,4788.07433519779
3516.23599893682,4058.01389701612
3400.3752434206,1076.56374085756
3987.8755725646,4555.97373881673
2838.44215890822,3462.13304166895
8283.79586944883,3403.76675409918
3994.20295572148,5524.55709894591
3824.19803542639,5700.39426692509
4954.75208942492,3200.13869325211
4618.13121127939,4726.41189093917
2008.34886389192,2756.68045344618
3828.04021910485,5928.06249455534
5026.15585333339,6093.27204148757
4606.51007255018,5569.17001944639
3241.84525496239,4693.10865700703
3249.63652563019,3789.3134871588
4100.92926933854,5066.26573118486
3570.04062959672,6766.27366053847
3627.13681378982,4764.20500193639
4159.27547484421,2826.64037488596
3409.40002580459,908.341773110529
3551.24133946818,4766.36452370804
4498.77109673865,4935.15480891368
4627.33383836933,4987.15585637602
3684.7885804984,4842.2919898908
3753.72245646076,4035.11078800539
2335.2184992895,1063.20828058035
4491.81118016436,5951.47683556566
4174.9257649448,4552.05217921025
3982.77765158453,5100.64893743046
3428.65834665802,96.9549519960502
4644.46023080752,6644.1991550012
4397.50932628336,3608.75894598899
4083.64418120941,5745.23468355111
3160.86145011521,1824.98085409494
3769.41753250064,5429.70474596266
3912.17397017636,2273.15604423624
5599.52747424262,3522.60197697898
4167.93089702592,5649.4731917762
4143.93805586101,2523.04531535583
3890.16477268767,5568.88586071708
5025.2089750774,4465.38376677302
3889.20416514027,2224.28074279622
2034.19270559069,1862.31939569632
2838.68482549248,1833.27833127609
3532.96308300058,2358.34678899558
4262.30833564567,4740.67649000805
3284.00108926216,2621.534646361
8184.97041704653,2490.08290275675
4413.72308052695,5387.99007535896
4520.84104929977,5435.21750988217
4104.5494559981,5257.84537733845
4267.25830282129,6495.92496090909
4279.55063847011,4731.01509321177
4121.10970447556,3111.0263888863
5222.40818170689,5433.85337883942
4071.15269389426,6282.80591393228
4126.70348682787,5636.79979702036
8436.3174322527,5683.97014608456
4257.70377849488,4494.70877849493
3265.71742058771,1593.95991288588
4294.76535358478,5064.56077880905
4344.92549434305,2654.724343658
3664.48275827977,2580.67266337284
4205.68836465191,6507.3483955402
3760.62403871609,4638.60684358472
3733.39503669712,4465.78167356509
3619.76502037378,6371.35011226712
3443.55287314314,6456.14273880676
4079.19457146634,2209.95926969595
3374.39780768153,3906.55729429793
4435.71237066563,6441.08232615373
4736.49562056102,5616.56744178088
4463.14107040284,4371.89554483252
3473.20558429704,4685.37928585685
3929.64413924657,5540.75414651614
3366.96264960498,3483.21745024108
4884.74739823205,2785.89213996057
4054.41067612605,5634.07153493486
3531.81973058261,3168.76748496608
8279.71078059557,2019.23188830265
4229.79902765485,6357.08509034298
3472.36451002309,3746.23468551235
4308.75027276702,5507.90505912458
4371.77522540859,6277.12273934623
4318.33337574322,4039.71399027799
4554.61176992911,6550.7109330607
3721.66965589573,4511.18998479447
4233.66217755394,3100.34210523558
3274.65050741562,959.149311624277
3619.72945716726,3521.29471996761
4285.76791189147,7215.75610769114
4095.04637435398,4306.08446769713
3961.47302584471,4572.6253557828
2988.7465622803,1065.82247746164
5357.55749798661,6278.60061845176
3818.14386276879,2678.87783564871
4736.39741858466,4294.94519179533
3708.81085725597,3624.33059064161
4002.64124331516,4933.9044259337
4119.95497243027,5688.91416969022
3933.28507028038,7037.87274314782
4301.34892729327,2157.33303074362
3636.58183546216,3147.79661302908
3764.71903175547,4134.11135101016
3614.61127539214,4685.37928585685
2448.19999551406,3074.59740893183
4665.43502072758,4607.23563529868
3684.5926066725,4997.1014119016
3366.15180678522,655.610967554813
3943.0971307,3039.64588522763
4343.4374436996,5835.59715946928
3447.35047784197,4397.64024113627
4533.0388940531,6755.64603949151
3610.06660524041,2670.01204100895
3418.13638112898,1658.40707040615
8118.25265670311,6930.57406867903
3645.04122511504,4351.2086201972
3693.83459957538,5827.81112571535
3544.83975901645,4955.50048936068
4861.06679191294,5946.13490516792
4545.31613379259,2079.47353891476
5121.89386937145,5314.33630186587
4075.14904044816,5952.21598654605
3698.67923752368,5695.16566173488
4155.33735536411,5110.59449295604
4329.47039638015,2432.28493264559
3741.68717069432,3106.99150407231
4834.25488725954,5992.33902998145
7586.47526147518,603.723615298336
4119.17015057016,5631.00287437154
3819.34574341739,4216.68821602964
4472.22636977539,4513.69075075443
4337.61789346566,1413.57599381023
4309.75288167448,5849.86175853816
3846.1079072024,4608.37227021589
7156.63805648035,1108.67367726873
4176.58481755256,5487.72978934411
3924.19181185721,5230.85029805472
4224.40472589191,5522.79506111108
3977.2279290928,4634.9698655628
7380.73421013757,1613.33958050983
5056.00691265713,5263.86979611282
4303.00899836456,6612.60045058962
4749.04445487184,3492.82218443361
4589.6358895405,5248.97979412632
3069.97277843887,4430.20474694328
4682.29934334087,4235.27185864182
4163.21777144636,5544.78903133014
7489.9729524741,3322.32694685215
4177.08353422886,5199.76367135324
4489.45143166438,6860.67102127063
8353.10161411645,1947.79429918497
3895.59861811329,4689.18709740055
3026.77277604358,2994.74880599785
2245.54496083848,254.435715811183
2481.10735623908,2699.79204498194
4219.09973067449,4807.39712879036
4123.92939225383,4399.51560417862
3839.25990419298,6385.84220746154
8203.54351920307,2136.19153671247
4614.19487132246,4957.31918979926
3282.99042847885,1442.90111124595
3304.49741007185,4706.35036922147
4061.25471909909,5337.40982154313
4115.96861645946,3147.62620236255
5521.72640499035,6472.05562764769
4289.50960140355,6764.85286689196
4359.21502860072,4601.0978913168
3677.09317663681,5948.01026821027
4087.73387354431,2673.19466106266
3467.68520308659,4404.74420936883
4176.09889878254,4650.88275440374
590.480897106713,1689.26672955115
8623.7181326842,859.23913411569
4061.75068822276,3805.11262793697
8475.27115314864,2633.07140619963
3591.03607851042,5566.61259088266
3290.29868721072,824.287610411492
3736.18514257809,6197.21747380849
3375.93565048646,4353.82313421994
4016.90997276105,4811.20494033406
4208.25309763405,5655.89509448738
3873.57005612285,3004.80789815858
3023.81068119879,6201.13903341497
3583.22828082211,411.177665608707
3327.60239203036,4594.39182987632
3824.25490182913,5339.05811131519
4160.05989794353,4831.209799448
5034.86188020166,5484.88820205109
3795.04434337791,4284.88631106222
3282.23098165647,3555.62126360944
3643.24807454836,6648.97276794033
3548.40444046711,4006.12659761655
3995.73255856844,6642.21004389608
7919.18866023701,1221.99613622901
4456.97860221083,4291.36487637717
7054.74991432592,768.081003184092
3695.28043937167,4322.05401914183
4052.71449599325,5084.67938598576
3474.83517572025,1515.81626232772
3950.22940828692,5752.16824111714
4335.09332454607,3392.11624619778
4690.62439519191,3351.19738917823
4903.49090735948,4397.69732659528
3952.04007131183,4895.82715620717
2367.60736665129,5011.47975903326
3886.53614119663,5472.04439662872
4648.80546289904,7370.79260297223
3659.24747865012,6919.8897850283
2034.46714113555,4713.45433745403
3974.0143793732,4310.97182869903
4116.57405900428,4984.31426908299
4282.30326284792,3616.14707295086
3778.71229622448,5213.63036363005
3322.83711210738,2849.77098002223
4199.39058760979,6400.33430265596
4320.53341865969,3763.45504279228
7014.71445351298,1030.58679502814
3943.48712637823,5361.27915480453
3898.35365828674,6766.444071205
3212.08099916482,1019.78876331465
4260.14329906108,6244.671981602
4235.50545673188,4002.3754486766
2416.05748898017,338.830858414001
4551.0975283161,6725.46855158169
3475.07873844942,3172.68883314493
3566.37982062011,7406.48327765682
4411.27497219274,6371.2930268081
8124.61243807724,4539.83335385025
5122.75282778187,5721.0241061014
4525.41545118257,5340.53556756546
4538.63547499095,4997.38557063091
3826.25808502101,4019.19789916446
5147.8344878655,7152.27454013867
4549.73290351849,6323.78185641084
3649.1202678885,4387.63802300693
4340.19612854683,6642.94877202122
3544.00535423479,7359.25626598886
5079.65759722748,4211.00504144359
3938.01269702983,3850.23678043704
5028.35092935073,6424.31696112488
4598.44266773845,6405.61957044994
4310.59280255983,3406.0400239336
4721.33702126578,6976.03946536741
4269.31091559169,5262.39191700729
3887.15165935844,3548.06272598105
3696.88040453186,3465.71335708711
4294.42313979006,4983.46179289509
4035.37231716825,3532.6610691397
3631.1937597452,5427.31772806547
4067.65837287047,5218.63147269472
4496.68307023125,5738.01696725578
3922.04888296202,258.470759195896
3642.15199220342,6141.92026965729
3573.64817376965,5828.03862184089
3684.18402741704,1261.9488747117
4603.99268641475,3032.144010203
3648.60300851051,1032.4622637843
4506.25640402582,6178.69049380008
4495.67776009648,5258.30036958954
2496.77028878186,1531.50186647073
3970.68068368143,3436.04710117688
3813.97911831212,5950.51103417023
3683.30813952336,241.705394167053
4161.54637463809,7004.34201309013
4194.31663468279,5632.19617189251
3147.05671762011,3124.26831252837
4149.8090622948,6014.10550407496
4123.61693983912,5609.40681094456
4136.41085058463,5220.05226634123
2679.11429133002,634.924254347123
4550.33929001323,800.475098324568
3904.19853687973,6175.62141038151
2378.58750307096,1165.90322420748
3904.69434650123,6045.07880556893
4405.65146718986,2488.88939380816
3859.65172248501,5302.85620463101
4327.78136800281,5243.97868506165
4358.82599189762,5534.84347580455
4022.95362381392,3219.12045408399
2605.7373679616,3875.47024474119
4130.23902118646,3454.51741858154
4491.42014245779,6903.5789893953
8309.14116893265,3736.00497125747
4915.8158370088,6281.10096155647
4749.52816179071,5576.16023961617
3877.29032579369,5658.33877498833
3919.19048394065,6835.09673563341
2908.7183902812,7302.99283758698
3766.30592643656,4764.14833933263
4671.86246767908,6480.75122304855
3973.26641804922,5439.59363888448
3687.61879690518,5942.49750429075
3868.24969574846,7314.01836542601
3665.91461588229,5574.90985663619
4035.39404816299,3772.37728860818
4466.90011561268,6896.07753722591
4342.74769040107,5112.12903466532
3228.64069740005,5487.67312674035
3344.50774262844,4566.65802246745
3659.38293439981,2460.30289878376
3975.09823114763,5572.8069974683
4087.81002280442,5246.76318689566
3475.30827176282,6015.18547638841
3487.01913270034,2742.18835825176
4076.80605812853,5848.83887168373
4349.68140142267,4740.96064873735
2783.22056594882,190.556836106844
2678.32316945665,1936.14379128357
5104.4153735784,4132.97471609295
4515.80432344566,5341.3313811496
4223.37992915038,6991.32737414598
3453.60171588444,5150.37671505838
3443.76421954387,502.847266395977
3665.58426279926,6759.73800976451
3822.10667431534,5006.76280869789
2680.34282265541,1864.47891746797
4532.75263608902,5353.94811330168
2471.07884441454,1183.23690669493
2579.37972191266,5195.95585980954
3814.32308174424,4965.3893822825
3664.0303479,5064.84493753835
4282.48361745111,4020.61869281097
4774.80147758079,5372.7592520394
3882.81666685398,5254.89046483791
4329.54630273815,5637.5385251455
3165.45521435323,2928.36919997623
3144.31724117687,4191.28434105895
4648.88920184241,6158.79938274891
3519.21779432208,2463.71280353539
3484.12112712183,2874.49278947154
8777.7600114078,2218.59756821017
3763.1456381784,3765.1599951681
3541.7234185773,4201.002400459
3336.94489116164,507.734785968597
4584.53009703345,7120.05127851998
3884.23223596324,3265.32457889751
3793.57850533178,4639.06141298056
3875.30438753105,2211.66422207177
4177.50621636113,951.874827011372
4259.57501659945,3224.12156314866
3779.5056243105,5935.73478024651
4575.54340101962,5671.80798332832
4685.55789216475,5013.35554493085
4073.91016432677,6199.20658491361
4686.79192511869,5293.42230396027
4247.88011450258,2297.99160174832
4182.83848734245,4256.24294200644
4567.33247428639,8086.19095814821
3744.93448295477,5551.26801950033
2709.07086964535,2934.67756605227
8685.930513183,2723.32034548265
4724.67672990922,5285.4658595398
4198.01866817453,5485.62735303147
5130.27246617308,5574.73944596966
4651.4111430293,5696.81395150693
8309.96815420834,2206.37874285017
4325.27300138864,1971.32259968568
3504.08572371486,4056.87726209891
3490.89473684415,6003.13706169494
3634.01838331245,4301.76500129858
4734.34356793937,8311.18800915196
3845.65084160384,5123.83620517048
3298.13961439662,2756.39629471688
8651.06068273847,1942.85006415168
4244.99712943899,7690.01702689687
4613.11577788338,5071.89224316715
2934.12150653406,99.6828771187759
4743.70901556672,5138.15788969837
3920.80023191871,5045.29464782024
3785.89245778805,7213.53950046048
4054.41955003258,5297.85509556633
3942.26048354181,3940.88341508451
3703.48369236258,1941.883839901
3784.14906354471,2428.59086916466
3985.71545968581,4927.19836449321
4234.88586079184,4492.43550866051
2003.60786174535,1223.98524733413
4054.25910788283,5284.10172849705
4360.33613274096,4810.06830541685
1605.70049832478,760.23825396949
3283.54034270996,4337.910245379
5197.92693294702,5793.48458207351
4613.12903158166,6769.79731335287
3689.5494896989,1357.08517499662
3605.46124657348,8269.07585461144
4226.77616173133,835.312979679807
4230.43929852678,5311.32430390632
4094.17629390438,6569.69248246495
3805.60842503065,4980.39313233177
4664.22676959333,4759.94262099686
4187.23985357044,5698.0072490279
3841.63698066623,2655.17912448146
4519.47092332451,5701.47423923854
2631.42073601914,5003.8645588011
4482.5569151465,7173.75727835814
4443.95603616087,7313.1658892381
4258.85994723604,5768.13779256184
3759.65955160658,5499.43738270452
4227.93898664379,2362.21147457067
4528.08700167402,6321.05401718059
4121.53954020248,3985.89424237706
3619.62027423134,4279.54395780923
4471.8032713595,5695.27940979765
4698.01718922828,5894.64508970517
9067.24411576483,6226.14500159358
3836.25068705444,6281.66927901507
8280.26953294613,2195.58071113668
4350.85019538207,8798.12190025829
4378.96957045706,3181.27046905538
3738.70136391364,3642.28967604668
4581.92901383352,6362.14328486667
4036.42021362404,5785.13065371622
3660.98136941304,5408.73366259804
4217.19377263334,4923.22014228297
3951.29732459777,5463.0079798948
4904.28430605883,6709.83982147006
3877.16444184635,6233.64645376296
5060.77071752022,4403.49382638885
3899.74789974986,4432.762175507
4014.32656123646,5196.75125053843
3942.10024648391,3775.5030346305
9008.38030068341,2985.08740920157
4819.09843318599,4140.13576978452
3842.22963894914,5063.7649652249
4238.75682955171,1874.53822105633
3495.98717943459,5511.37204933522
4380.45321488148,6717.9100139533
3999.23696927292,3379.89742083777
4487.7413697347,3766.75119948114
3978.14095849785,3939.23554816771
4147.07401733103,5168.84703246304
2693.10310283565,1123.0521301142
3847.6864381289,6485.80899471698
2252.27633469433,2017.92463129128
4590.3601052725,4116.60725785618
3268.03075904285,4442.7648164916
4533.52019183218,6152.94537464107
3548.74655519641,6220.46182700753
3946.66893256696,6838.05207098921
3721.44447581266,3254.07197778819
4324.80252972627,4804.3851308308
3656.94156627469,5439.82071215477
2503.0895616278,1886.07498089496
4193.06815233413,4711.29481568238
3762.60740295623,3626.37678720574
795.759301089476,2283.72679125181
4069.13183003694,5868.33207594282
4462.96172282329,3431.15974017498
4582.58662260403,4750.90620426294
5262.82538424254,3841.76910401698
3791.79138657689,1170.39288984493
3704.15665200422,4783.12988873688
4297.02345314023,6510.41705610352
3239.99248965652,2002.7506820031
6025.75578265071,1455.74512809595
3974.97252133014,634.071778159215
4258.3364624389,5549.61972972828
3779.69703567719,6898.00956287202
3724.91830981903,4987.26960443879
3713.02144563394,5506.71176160361
4160.96183460501,4573.36408390794
3848.4672777845,5450.10751186867
3455.2509975194,4862.3535116085
4166.4944951364,2105.04782455198
4361.19294569398,4584.10545301767
3990.63476135625,4931.46074543274
4199.55698832309,4869.57122790383
2305.63891843457,4349.5607532804
4087.75381503109,5176.12141136213
4446.52838423243,2625.45599453985
2375.91253226952,1358.61961099209
4010.79736447511,5374.06629762314
2807.15059445626,3898.77126054399
4372.56299334504,4928.10792614013
4139.61457329722,5356.61928992818
4522.6142069577,5425.27195435659
4477.77172430329,6858.79565822828
4189.11637829382,2029.34785449476
4737.12379483238,5004.43287625971
3781.41424772832,6042.74887313075
3649.04197780649,1555.25745166937
3844.82754254318,4956.9783684662
4407.53248873146,7023.72146928646
4395.31274403914,4645.71081181728
3193.49733129528,5105.42297322484
4313.01478665473,4956.35296554859
3571.25399734847,6495.81163570158
4300.2767095182,5561.55439635898
3061.93175400242,3561.47484886202
4559.9933240936,4198.50205735429
3946.43418502436,5386.39887104592
4062.87704888563,5444.59474794915
4282.70653156456,1436.19494409165
2007.39543757082,4546.42566722797
5283.20697702624,7098.22771896745
4149.50259725952,2861.36461389224
5185.86449875789,6665.28356357334
3012.7687465973,1994.39633079056
4259.19566888927,6579.41096472025
3983.16150598814,6042.01014500561
4614.90976979773,5411.63233535007
4177.60060015348,3346.48043884286
3973.32409194834,5901.57864727121
3867.82009194981,2241.72817334644
3378.38079129882,4527.15995909441
4631.62739421599,7351.69730550521
4059.83541353428,1304.4590417581
4409.37306331822,5273.2470341798
7860.45393034348,2236.55644218761
3572.27625886934,5693.63154288084
3971.81675262896,3434.62630753037
3171.99351922505,5216.58569898584
4405.21333845114,6044.9083949024
3128.9830973026,2021.6755688036
3629.78668471643,2268.43909390087
3804.20993211454,5718.86458432975
3103.97969091159,5582.63880493112
4798.93198793649,6690.00537302265
4358.17453337345,6442.27604652995
4206.49731658095,6069.80061501824
3942.65947603601,6480.40997886023
3770.63144743391,3866.14966927797
4512.67498908011,5105.25213970305
3592.46423457603,4202.82110089758
3526.55588763481,6643.28959335428
3973.70360767114,5030.85963808483
4073.78599973243,5335.98902789662
5032.47309589522,5957.8991611321
3664.97451710499,3951.3972880687
3660.8414348453,6333.55700126989
8760.98808329436,3322.7246422166
4993.64471445017,7724.79771707929
3857.32880927051,1200.91151622925
4080.8456800571,4553.70046898231
3678.29725253403,6551.16550245654
3845.17660461558,3263.10818309448
4023.18644909791,738.073873083901
4292.82777075806,6068.66398010103
4536.10265034912,4850.64591824809
4062.42710406335,6478.59127842165
4038.83015395073,6039.73687517119
4251.29011501074,3423.43058045243
4130.32045036583,4749.03084122059
8145.49112967042,544.845937158256
3858.64629864612,5922.15182384375
3393.07058369149,5911.12629600472
4294.70405958996,2615.34002834774
8918.41567282103,1641.357546648
4395.73750217166,6460.9734372049
3529.46736379668,7038.78188193949
4358.73788305539,4755.79398812009
3882.20847445507,5677.15033658131
2956.85666229792,4869.34373177829
3963.94793904518,5210.95918700355
4693.26746658566,3501.8583897399
4198.40259399564,5333.65909545844
3474.99308031724,4234.98769991251
8755.1295078876,8430.25051672967
3512.51721144429,5646.85867775347
3586.37308231664,351.902159961913
4554.6918995101,6115.09560104009
3388.78495182509,1988.59961956937
4843.12740953234,3850.29386589605
4124.69355405547,5096.15906036538
4218.42100985203,4230.66865636922
3986.73903171177,5642.76713033571
3996.99165107372,5920.16271273863
2849.33411868812,945.1118915395
3316.93077168991,5013.24179686808
8858.82947278053,2495.7660773428
4454.27256092443,5897.94166924929
4106.2142894184,5552.34756895853
4208.32697468665,6443.75350278022
4159.20790925205,5549.96055106134
4098.07045296313,3692.0174536746
4306.26413000913,4410.59779462141
1955.36596739777,2146.70540969666
3872.40569330966,5559.84944398317
4261.03362771943,5488.12769613618
4551.2442224683,4477.83008825856
3875.27993962069,4878.26640044943
3958.34982950187,3622.17106886997
4051.47397517133,5307.40274429984
3133.0891393723,4501.41526279066
4480.79866612106,6024.44896639262
4700.50902158385,6935.51851513994
4271.29900342286,5116.90264760445
4736.99161464727,6209.49296177226
3573.15649611809,540.697198567678
4233.25284076213,1002.28467016067
4694.93204665918,6643.34667881329
4317.72073607768,5534.10474767942
7479.85568265027,7620.45480082154
4354.83479493161,5246.93402041744
7153.13218955187,7290.14903216461
3632.16761050047,7039.52061006462
2852.81906587293,734.209293222625
4090.77755571808,6684.26553583284
3947.32089480561,4488.40062384651
4053.1400164256,2241.67129931505
4206.5759318651,835.938118312891
4423.60396757707,4455.43821124743
3191.03136788466,3269.98486662912
3753.34854681075,6294.22934856339
4166.26372604913,7313.10838092384
4599.07508232379,5702.49712609298
4097.96356581323,7245.1377820168
3678.8300323612,2692.85848741591
4748.84433210145,5455.05153547433
4367.87147506992,5815.25147902228
4208.45948705499,6706.8278235105
3558.8689093055,6103.50175574245
4125.14690693717,2378.80621750535
4279.71625418595,739.437792699027
3865.52779606576,2712.23815503986
3921.92587579525,6153.85493628799
3941.31914926935,3776.69675500672
3050.01938824314,1868.85504647028
3159.57877267857,5107.24125080817
4395.76294975884,5235.85182997465
4833.06509402909,6277.57773159732
3413.73931141508,3875.92481413703
4526.11182635358,4782.90281546659
3563.18894873133,4552.96131800192
3818.25586602425,6273.31535065778
4384.31571804179,5070.75560824994
3562.35681868689,4949.53315604533
4701.64127907666,5056.14976499275
4625.65194318266,2071.4602204629
4395.68869129024,5900.44201235399
3521.88425721698,5052.00113211598
3542.28729425408,6481.03538177785
4490.1728800724,5184.3620145119
7963.87418380428,4958.62623538301
4151.34634438418,6430.96635996161
4191.47992590651,6222.79175944571
3699.62699754205,4629.51376424704
4415.61869800391,6240.637096788
2018.27580729208,6481.66036184021
4202.62135601939,3655.81554699042
4463.54695899471,5655.72468382085
4331.4586109533,5455.50652772542
3896.137033932,2019.34542493779
3030.00710783005,2464.05383629608
4006.75768466903,5586.33286841205
3801.90081900891,5546.77814243525
3501.72658701345,6441.1960742165
3047.3081794782,1374.02105640581
3509.76651766165,6475.80677658763
4437.8628369825,6841.34822767807
2867.71979455462,3859.84151462956
3882.21389065877,5036.65656073365
3886.1536993168,784.732725863977
4330.84535519287,6282.23759647368
7836.49489766604,3369.55395852012
3797.32058634966,3371.59994365662
3889.80196933997,4429.18186008884
4400.7157483457,6541.56076826401
4250.54889441727,5014.83300118112
3474.37935322877,2763.3867263143
3341.28069679462,2096.12515588083
3189.14912200062,4649.34821269445
4499.50212129866,5207.77677837747
3364.35397797236,5256.36792108818
4663.19183822098,5971.1975359503
3587.68370765237,5251.42347462727
3353.46830414726,454.653924763524
4893.97908056739,5372.64550397663
3979.71629652255,5022.44862426853
4095.1389259813,1232.56688324459
3698.49966346055,6774.00260883339
3969.91358378448,5192.7730283282
4385.01224653871,6645.10829379286
2638.02011240028,849.748200842845
3968.86959045197,6770.30854535246
3402.21654617823,467.270604058695
3487.20531988778,4450.83500897483
4238.56429195634,4112.34487691664
4796.02465790723,2263.04007804412
4034.01386930102,5552.68881314685
4054.75481299143,4769.20611100106
3651.59980819907,4603.25741308845
4443.12483251941,4916.40033277972
4881.61317259071,7021.61861011857
1022.24436348039,1314.91604071091
3377.62232857068,3989.19039906592
4211.51684671737,5136.62334798909
1244.78271689332,1407.26762773419
3974.5775880305,1592.65276158833
4087.48654787729,5110.9353142891
3566.97757056467,4716.18217668428
4261.01020291922,2609.14541033447
3221.41276679121,4087.50931940456
3745.32661492585,5782.06157029766
3748.03822839587,6705.46369246775
4784.44058767063,5280.97598247472
3702.52868124246,1416.53122345221
7760.21967963805,7876.48181592302
2907.17970987269,1581.22964409866
3948.67306817948,4781.084115028
4384.04447128345,3172.51842247839
3532.42681849974,6413.63267747416
3787.49171044704,4217.36985869576
4163.3979793479,4190.48852747481
8493.45082405884,4944.07747758482
3436.26584463321,6370.66804674574
3873.35252861355,4368.37189201812
3654.2233910139,4483.1720186563
3783.78952575384,1621.69382600856
8562.5171858589,201.582192160933
3899.95923503357,4551.25636562611
3789.96933084895,6040.70267656662
3431.01475019905,5712.04477482649
3982.15425139391,6677.44572632958
4788.73854542568,9125.53026472894
4252.86978740558,2282.53328230322
4573.93088273849,6513.77029825139
4058.63030066666,6061.2191905354
4242.13289816204,6455.11985195232
3591.56825565019,2596.07410878656
3751.80026231999,4555.63249462841
8459.69010014528,2415.23540888745
4066.07922219427,5964.88938130188
4089.34303868281,3238.44324767656
3746.94376930302,6679.1506787054
3399.55488751843,3047.8864883774
5126.16439093596,4739.76735121638
3543.4056186767,6313.55214215595
3739.16515696439,4102.11516266175
3774.98768217189,4483.11535605254
4154.00365860133,5587.46950332926
3072.02213543052,3484.35408515829
3455.91766368599,6844.47397370039
3375.68056565236,471.078309888585
4045.40779220508,5559.79278137941
4584.74231554031,2810.61394940988
4109.50548540929,6541.67451632678
1876.48740700106,2878.12997892109
3667.82784182411,2761.68177393848
3531.27052751424,5600.65455293994
4729.66780496572,6256.890806962
3149.30237707916,1871.63975973192
4358.60475250533,4621.4435717638
3981.59366868222,6200.34321983082
4349.61929214935,2488.94626783954
4151.91763866487,6616.40826213332
2366.39420052613,5501.25608314311
3770.4317700853,3757.48770947693
4503.04231586146,4964.87772742766
5109.88570542811,2234.05588765527
4279.55684679332,4978.23318770487
3001.6838107525,912.092604909033
4489.70127722666,5513.07700171104
3843.21356032553,5292.00151031375
3447.54072515193,3076.41589794279
5048.73172926696,4832.0051901769
3789.35293097228,6723.76359920587
2572.78761219806,1690.5738808487
3035.63444335913,3100.96729672557
4273.17768243311,7726.2185107258
4622.01908365052,5064.56077880905
3228.02723681695,1529.39900730285
3448.60106996058,6889.42813838919
4325.89515994906,5981.25683953865
4129.65423074973,1731.83366491513
4361.11011032156,3580.91139051736
4228.11016254001,5134.12300488438
3569.64941216645,6053.37649417771
4023.84842658221,5260.51655396495
3534.24332743815,5440.04820828032
4112.42619306535,4924.6980213885
4445.8222522866,4496.24332020421
4635.09015982577,5466.58871816821
4106.48957188918,2221.4391555032
1960.95369772161,44.8970767521148
4603.79789680684,4659.00960949074
1322.54976665815,1670.22809468789
4414.65603323309,5387.02427396353
2318.57389421946,590.083996291819
3592.14030476447,2536.23015353889
4411.63447078454,5499.77820403758
4106.6310952784,6033.03039087545
3159.65721526484,1920.85609393262
3526.80435795581,1400.95926165815
4023.87022407642,3821.13926484067
4264.36233425018,6743.93886898635
2885.49052844054,4769.77442845967
4548.43316747006,4824.95830740335
4500.20542356823,5192.60261766167
4416.38111926951,5792.00712582324
3949.78109169384,5834.91509394791
4266.09101911999,5116.90264760445
2347.71810126377,2509.06466358863
3244.24684480852,3242.30772182402
3902.4433082356,5426.29484121103
1235.40429686414,935.791527503906
4080.89803698638,5595.5396958125
4765.4711018665,6789.68842440404
4499.57408625015,6689.20998229375
5139.07621992798,6254.27671579452
3674.04626513216,5315.92750617892
3993.12249418323,5409.69988684872
1880.01744242251,1892.04231421031
4568.79966605764,7001.55708840087
4325.20436927751,5998.70427008887
3187.60854971901,5923.91343882332
4282.50715126009,3078.85978987137
3472.95410244832,2959.79728229365
4381.49931307156,6658.63416473661
3647.83377281169,5972.95957378512
3976.5072504003,4946.18033675271
7471.40084929426,4007.71780192959
4398.58500280822,5926.64170090883
2703.33406436811,1451.25535674468
4227.50274578837,4313.18843592969
5672.34165621728,5250.62808389837
3632.85640633735,5528.3078250306
3671.64618097299,5542.51576149572
4308.07809063104,4105.18424608032
4135.14338008973,6043.65801192241
3690.45841432466,4379.68157858646
3725.15940690808,5141.51113184624
8048.07640543174,1571.11357219273
4553.08882857217,2083.39488709361
3766.6488731945,5979.83604589214
3082.3267182512,3143.70464275608
4730.59132863179,5142.53401870068
3572.2868917186,5852.41918710189
4455.13349871065,5854.408298207
4190.5397356005,3273.90621480797
4256.36044525898,5438.74116269657
4301.83020523821,4724.76360116711
3401.18637430674,5273.07662351326
4108.97473145677,4153.37748199896
4587.65432664894,7366.36023422142
3976.04082756047,4689.52791873361
3597.30946128005,6279.05518784759
3720.74248939363,4684.18598833588
3601.25896394089,452.039675025323
4333.0103251594,6322.13356663879
3339.24543302867,2619.2045024952
6519.26964422243,7470.0781704168
4252.98809369201,6659.6574744463
2942.07171111334,3589.5499004592
3411.44419023057,4609.85014932142
3633.71975450947,5543.87989253847
3974.33290015144,5649.30278110967
4314.64136216966,2726.16193277568
4258.18453020631,1564.57792141877
4905.44472186904,5114.23189383321
4460.20485806742,6735.0162003152
4935.33202320911,6085.08852379681
3861.17686140635,5382.53439689846
4120.42119493744,3907.86433988167
4622.09273640383,5787.11976482134
4096.46302230057,3657.74799549178
4244.14323596398,4895.65674554064
3827.57777832906,5816.67227266879
4277.72261889088,3109.15102584395
3996.62351101667,5133.32719130023
5149.38347174584,3938.43973458356
2446.3966920323,2960.53601041879
3684.08839527132,2680.69653608729
4110.37425628405,4926.23214024253
3873.52541416939,4063.92414487246
4081.47123511713,5901.97655406328
3687.1988282061,4006.52408155337
3789.01132562167,4639.68681589817
4108.16104786068,4403.66465991063
3745.70661457657,3232.64632502774
4686.93270194873,6852.60125164264
3582.61371965538,4282.49929316503
1589.19184540541,1329.86281101498
4695.51750550074,6491.09426251095
4374.45109327251,6828.44775965194
4462.53653770074,4966.58267980347
3374.43124836478,5307.51649236262
3228.51135948559,3476.62513686337
4331.09302631065,5319.73531772262
4162.16941443693,3319.65577022566
4087.36596371631,6081.11030158657
3873.3895791182,5657.37255073765
4144.55809782843,6729.61718445846
4247.25099961607,3695.65443169652
3910.99665587837,4940.15591797835
3196.75900986164,971.368136984281
7231.98233126713,2812.3189017857
4570.51846033479,5887.20030013955
4184.18061749497,2371.53183860626
4171.15829149615,6263.48312033972
9319.84397025643,2782.87993057339
4041.33788852566,4271.70126145154
3772.46437775192,2381.64780479838
3376.03917293074,5317.34829982543
3938.53721914877,4263.80147963483
4380.51616310721,2008.14969785985
4148.46226428262,2953.20475748831
4677.36018167817,8165.92623587467
2343.22880398406,1082.47420014153
4759.72298486039,7101.86511984462
4003.65906290483,6467.28201470856
4521.42103995434,6296.33220773128
3976.25463559282,5396.11735330121
4224.88264691434,7430.63676964752
3312.0199482698,2806.69238980341
4162.05684104297,8221.05302935933
3802.02007674779,3257.99332596704
4098.45807256509,3706.50954886903
4282.77695149367,4637.64061933404
4907.32236739559,5886.29116134789
8036.64705556544,3074.93823026489
4273.04600280315,6003.13706169494
3971.36161133227,5755.1802390767
4668.63948952148,3731.40176898487
3860.84926876645,5087.12306648671
4352.13736366751,2250.82125268412
3374.85800000746,2743.04083443967
3529.18058521099,7312.3134130502
2748.08192908134,167.312654692752
4544.44642665756,2454.56306159395
3886.45543718191,1350.32223952475
4032.66644106842,6310.31264807086
2501.07644992838,609.065809980602
4772.91918287406,5538.31004315994
7539.30088071623,614.237488282525
4044.80604669415,6624.53511722032
3801.84886118761,6750.58826782307
8713.94835301215,615.089964470432
3683.29682802206,3274.13349950589
4321.09174329095,3426.27216774546
3993.97905305765,6005.0695101963
3752.93208186818,4225.78129536732
4196.51613259138,6802.47556722265
3304.90473574566,3875.58399280397
4605.07742280439,2928.31232594484
4233.40416118253,3976.40325624731
3618.10255266227,4613.43046473958
4234.42032984718,4715.89801795498
4283.49439419326,5373.95297241562
3970.91705280129,5301.4354109845
4564.52494871532,4519.26017727771
4309.39999148353,5377.02163297894
8027.41280083128,3606.48567615457
2970.58700360318,2442.91255369255
3854.75742536448,3064.02666191626
7528.29220915517,1063.83336635653
2712.22806776646,891.235375320998
7500.05800280374,540.810893773542
4856.51987735855,6949.32854481298
3439.44069367055,4315.80252709717
5269.14055348977,6091.16960517493
4092.86480961837,5134.63423688398
3582.91419701999,6770.13813468593
4014.0473844435,5774.38928460649
7026.11079020081,7817.03597889505
3594.07660918259,5322.86106374495
3995.83077366144,6067.75484130936
3444.04484594827,5761.60214178788
4678.33889014271,6380.49985420855
2375.68909957246,1930.40374266613
4290.35846118062,4928.61915813972
3984.2250425237,1696.4275718151
3136.19810093644,2913.87710478181
3843.21095632454,2124.25687008177
4309.93233920401,1958.70607896123
4046.59507531884,6056.04724794895
3515.50234119645,3452.58518150781
4432.6518978887,6233.70353922197
3697.13398061381,3480.035041615
4088.45311508342,4204.8102120027
4078.25123202158,6248.93436254153
3705.24400078876,2917.45763162759
3243.18956160374,6458.70016737048
4563.95466623594,4289.94408273065
4667.39268476035,5148.16010782772
3903.31677936367,4817.17227364941
4712.00453598102,5157.99233814578
3825.32076759216,6484.8427704663
7817.58503443524,3385.41018475729
4283.59049570589,5740.97230261158
4534.41680120289,4527.21662169817
4213.2165918604,5139.97659013696
4905.08947123884,5411.29109116176
3505.47167091388,6312.92673923834
4249.14652591132,4466.57706429399
4293.82475106559,2803.05520035386
3570.81664806177,2931.15391323787
3909.5265133518,2563.45251752054
3730.84766772924,5269.55297069886
4475.7695906018,5395.7761091129
4212.92567276381,4530.74027451257
4666.98104903949,5978.07443091257
3913.45585669909,6430.00013571093
4061.92019992633,5900.89658174983
4883.05994263999,5472.21480729525
3863.06391662473,4314.83630284649
4352.28373109618,7063.84451272186
4227.07109821089,5297.4005261705
3904.49808287516,1769.45636524582
4117.8967264155,592.641424855541
4288.13084488977,6474.27223487835
4247.34394824209,4148.77427972636
2382.04276938226,3007.081167993
3246.35021031453,8153.08158474179
651.793392260913,97.921096961369
4350.58806430407,4062.50335122595
4203.13245368289,4236.57932708081
4210.78731127958,5264.77893490448
5031.09450053047,2013.32142901868
4270.89428321155,1253.4808811502
3673.80002529044,4969.14010836719
4446.36620594968,4038.12278596495
4374.61011987613,6822.59375154411
7668.28706777878,2153.24106047062
7801.13650781632,2260.1984907511
4517.47711215801,7303.84531377488
3716.38660328016,1823.0486170212
4070.82942553606,6148.79674176431
4439.08222282167,6537.81004217932
3705.61473923307,2789.3020447122
4169.95771060684,3886.04078032914
2359.12594573258,4428.727290693
4342.73220359796,5281.9422067254
3389.39271487774,6446.59509007325
4523.67525857148,2902.8517883704
4455.15071922562,7545.20940016016
3966.1785771235,4271.18960659669
4205.85298454919,6231.82817617963
4416.71793599761,3721.00164406345
3862.20071194867,4129.4514861338
4661.40872670786,8167.97200958354
3569.04381280253,1660.22566513092
3798.1007718863,5042.11223919416
4876.37468425037,6942.67956883151
3503.07937812352,52.6261935284291
4926.47929745308,5003.92122140486
7402.00167324456,2347.60563131347
2836.23990451543,3643.71046969319
3840.86133274592,792.689170284444
4130.99615135465,5039.49814802668
2681.73975260996,877.766272694826
4438.32732825661,6547.35769091283
4058.11506171595,6378.62449116621
3067.1885845754,3759.02182833096
4027.57739164224,5537.06008303521
3564.49828404457,2195.63758516806
4076.10434383991,5331.49957368679
8582.88025288688,1275.47485136926
4261.91931345774,6095.54531132199
3834.44989704354,5121.44918727329
4146.11909422174,6209.32255110572
5049.34817598254,2943.77064538995
4028.44370160774,5574.17112851106
2842.6445341405,2869.20731024994
3910.54952612794,1588.56089702914
4063.95617322122,5916.4686492577
2748.53933106732,2673.99026321918
5330.21279409984,3090.16926501208
4076.54680965642,4758.35141668381
3549.37366396063,3549.31268610578
4575.63340451029,3768.45615185695
4411.24665484397,5485.57026757246
2987.66717088458,6746.15505336175
2919.40220284815,1818.84311011305
2437.57401991686,2827.83388383456
3755.34418862965,4221.348080906
4007.44507266867,4910.8875688602
4926.80317537802,6243.70575735132
3863.88602061002,5945.56658770932
4815.57324986379,4948.96483858672
4792.04686617344,3852.51005027146
4202.28454411954,7345.33248825304
3697.14822466635,3852.39672506394
3938.83917645448,5102.58138593181
4280.6428609538,8760.89710671967
4401.67918926848,8113.92518841232
5048.88257674625,5717.67128680878
4031.01185858882,6336.34150310391
7786.94223651844,864.694971146915
4873.02852325448,6445.51554061505
4210.41029695412,3350.7428197824
4263.09738056621,5732.61795139904
2683.87586394433,444.19692581072
3792.67120855716,4237.26096974693
8266.45304754385,561.156627077452
3343.58167881771,6118.9034125838
4231.33124970023,4838.93874774293
4399.73429821608,4616.15830396983
4141.61270179281,4251.29849554552
3115.7895680946,3774.36639971329
3113.49788661999,4131.95182923851
7998.24098057103,4825.69703552848
4509.03147451149,5714.14763399438
4026.63404332305,6718.36458334913
4540.42600515834,7585.90076105416
4177.49342631403,2892.6789481469
3683.33636823897,380.829502747827
6449.60688694518,4581.66134966147
4143.41105413868,6263.31270967318
4199.8716472499,4229.07745205618
8917.55112420641,1695.97289670545
4240.42663113917,5415.09890270546
1927.59606435708,1600.55243769122
4115.02973080442,8746.68917025455
3241.34163118872,4431.79637411157
4298.0824070626,6029.05216866522
4242.32324156628,6648.85944273281
4481.78582271611,5549.50598166551
4053.76002973034,4920.32189238619
4547.34758458807,6701.54213286127
3916.82470062906,6203.01439645731
3202.57081390581,4453.96075499716
4634.45073490909,4464.30379445957
4872.06011548069,4228.22497586827
4212.5562811491,6723.82026180964
4455.13852024477,5214.82408400627
5039.37341152139,5207.947189044
2098.65061572401,122.529244240381
3392.99840898473,3281.52162646775
4275.09657050736,6425.51068150111
4250.05817231835,2599.4271395068
3868.06648895489,3953.67055790312
4055.30715480813,2158.92423505666
4239.19325486885,4637.24313539722
3407.10640453552,5982.16597833032
3485.74971077867,4682.9356053559
3766.42536101513,4652.07605192471
4054.42700378109,5432.94424004776
3785.50783036234,5284.21547655982
3988.09150163928,1166.9829850933
4505.58976232515,5817.46766339769
2644.56074693927,2521.73805834447
3700.92288968857,4260.56198554973
3685.07148195303,5254.5492206496
4299.3826721396,6751.49740661474
4153.29356651128,4249.93478735802
4068.69760383638,6206.765122542
4521.6335848114,3418.77029272082
4132.47811620451,8218.26810467007
4550.77920238668,3263.50608988655
3310.95285107725,2434.33091778209
3484.19398499126,6803.61220213986
2191.905124047,4224.8717337204
4449.25854068207,5640.03886825021
3728.98960301259,1457.67736516968
4293.82550940173,5454.71071414127
3663.55841413362,5064.44703074628
4825.97248389163,6299.4579537536
3693.5233881525,5620.03443199152
3728.95899609032,4760.05636905963
4690.55322235315,7233.88560376273
4092.31500858508,5244.94490931232
4142.84373728696,5629.18417393295
5355.3853139881,6813.38734699891
4453.45870790539,3815.91065965046
4315.44945874219,5739.43776090229
4540.32538467131,5620.54566399111
5093.97557897267,5018.58372726582
3683.02894293384,2042.07812328198
3926.81540176176,2732.58383548686
3875.67586468628,4910.37633686061
7658.96173883552,1562.36141990193
3398.70678545404,1520.13551729864
3446.63315401326,1376.69212731849
4368.73322275817,5286.14792506118
3295.0589070802,1189.31788235924
7855.90641296729,804.1691618055
4586.06209159644,7219.16601244276
4726.80591731454,6070.19852181031
4277.48289104765,5493.29963872264
3829.78255156803,4405.99459234881
3702.3027316692,2491.73098110118
4311.90818776713,2494.06112496699
4232.41007947956,4739.48319248708
4079.02592022463,5253.07176439932
4797.87191425243,3645.98373952761
5048.82127238757,4554.60960777398
3678.49125631291,4658.61170269866
3872.90438907166,2865.8542795297
1183.63548299351,1425.22650171163
4893.93703215437,3826.08328844633
4009.15539996931,5767.22865377017
4042.862451372,5344.96878202678
4283.12330229234,4556.25789754603
3536.18435642867,6617.77239317607
4357.66164764571,5060.92337793188
4412.13751106931,5165.66462383695
4641.49849383326,4370.02018179018
4251.19781882836,2705.87291493244
3547.91428191236,3870.52579828028
3820.93783423628,2655.97472663798
4184.42935984239,4797.62198393131
4194.97368583224,4928.10792614013
4288.89403756628,5319.28074832679
3968.22846718633,4381.72735229533
4092.05037124441,5152.08166743419
4313.46654763646,4024.93773635427
3741.39464961005,1271.8375562059
4010.42534843861,5530.92191619808
4494.62787448069,4474.36309804792
2120.06480085544,1029.84806690301
4775.28219024433,7146.36471513758
4057.33815240571,4314.15466018037
4333.84675525801,2963.37759771181
4371.90468007791,1767.75141287
5485.89595808441,7034.68991166648
3756.72081728939,2174.72358726245
7681.45173768075,1890.79214265795
3768.18744865856,3857.73865546167
4196.18220184923,4528.12618334509
4287.07373834087,5367.5877323082
3084.70764445218,92.9199020042239
3855.89622398376,6080.82614285727
4263.20590521706,4869.17332111176
3754.57736154671,3151.60442457279
4698.94701317612,5159.24229827051
8770.61657443139,3371.48640702147
3050.85990560268,641.005230011432
4756.75676310757,6912.04708867061
3363.9627902619,3112.67467865836
4820.65584422572,6489.67346886444
4615.10476424162,6909.83048143995
3718.11838754029,6403.85753261511
7456.68366785552,620.886781405439
4049.94592896569,2985.37156793087
4071.49417038717,4030.56424833656
4090.53780439773,6055.42226788658
4859.91192125901,7061.11667349161
4132.05618461079,3479.69400885431
3698.94276871632,3478.50049990571
3607.57000149389,5073.48344748019
4426.17585592831,6538.60585576347
4246.82673214282,3797.4403422458
3478.40578971853,6686.93671245933
4916.73018628241,5400.77721817757
3886.87603344827,2609.5999797303
3464.52242933447,5522.34049171525
4070.32118495338,3799.03154655884
3375.44940739009,968.867582451944
4094.20448058284,6577.64892688542
2554.45179036014,4398.89062411625
3479.03029824524,4177.4172259269
3987.975698134,5188.39732218114
3902.06344177927,5271.71249247051
3942.8119289697,5000.85256084155
3620.21199612535,6471.37398498157
3483.71487951385,3602.67786461087
4089.66067281557,5321.38360749467
7733.6358941799,2923.02705815087
4133.52425559118,4818.76347796246
4054.55113910904,6507.80296493604
3192.50310101677,6278.25937426344
4408.25089041476,6654.48553185984
2683.26997525096,2565.15746989635
4288.0738465926,5669.76220961944
3492.0591135366,6778.49248589847
4706.8242654491,5395.15112905053
5339.64069283276,2313.39304716203
4175.10796863436,4573.47783197071
8402.43831428631,2487.01381933819
4230.83974981584,4472.65814567211
3671.50339272736,3062.54899423836
2980.17239558536,3107.78710622883
3575.54464733531,2447.06118656932
3000.88246648888,3218.66588468816
4081.85654537026,4844.67858493274
3278.81262318158,2372.49785142931
4111.89282073363,4648.72280977684
3560.96027872876,1371.97507126931
4620.20285557158,6138.28286878012
3117.40672066909,2350.27680793996
4191.88467874481,5398.73144446869
9059.61821838194,967.389914774047
4687.60066219032,6015.1283909294
4279.40924574557,4956.6942097369
3912.31758525177,5915.84366919534
2424.09713046297,5978.64274837117
3472.90193109975,4950.55646575502
4175.10315526453,5364.12074209756
3854.01322293342,4806.82881133175
4316.99751497273,5457.60896403805
3859.61084811418,4413.43938191443
4114.84583676966,6013.13927982428
7143.06850055642,605.88318992689
4386.66493228508,5632.70782674736
4645.79530134134,5789.96135211437
4196.18413818122,6687.845851251
7678.74686621375,223.860241823933
4833.58389772216,6237.28385464013
8789.02439368092,2574.42117132819
4460.36913956103,4256.35669006921
3673.11708306837,1770.53612613164
4009.11413021903,4942.25877714624
3688.68472355499,4039.88440094452
3581.11682510228,5888.45068311953
4263.42300142212,3132.56578970952
931.179214060269,2644.21047067381
4239.76548842474,6423.12366360392
3773.6681021054,5057.34306251372
3372.35663296977,1496.43659470377
3626.88510303579,5377.41953977101
8166.81296150597,5065.07243366389
4112.60274205076,5638.22059066687
4326.30473516655,4028.74554789797
4683.97787144548,5100.47852676392
3281.90389677085,5569.68125144598
3830.82950270625,4932.99528714203
3843.54931120946,5003.46665200903
3646.80701114868,5772.45683610513
3150.96607366792,6588.95861345376
4093.48604579313,5817.41100079393
4351.71606064983,6501.26731416208
3807.59674603004,5361.05208153424
4607.68305976534,6733.53874406493
3064.24363186817,5606.50813819252
4114.56347694939,3221.22331325188
4319.18417724063,5509.26919016734
4176.2865851652,3772.15021533789
4349.54494904932,5664.59026703299
4454.03679111494,5512.39493618966
5299.26258929288,7466.21327341409
3915.13488267217,6299.57127896112
4122.4090783141,4630.70748462327
3824.16650386955,6182.72537861407
4626.79927606414,5747.73502665583
3934.26957579656,2736.95996448917
3833.56420497471,1852.82840956657
4461.91379712371,5994.4985517531
4598.76562777475,3094.37477192023
5469.18858326587,5738.18737792231
3300.91104405336,6749.56495811338
3828.44070401032,4943.45249752246
4082.51819649375,3854.49916137658
4670.59463183392,2952.46581793555
3609.38869108124,5784.16442946555
3164.11280248041,5583.71877724457
3196.5576924596,5061.26462212019
4256.90684926682,5421.23664668734
4508.62860114738,5622.42102703346
3658.01568995044,4779.89039465178
3801.76926339048,3860.92148694301
3548.41657283396,4719.47833337314
4433.68164222617,3781.47036794585
3673.54286990903,2894.61118522063
4277.71507833639,4965.55979294903
3583.60306556024,4346.037100466
3972.60643303137,3097.38676987978
4504.81369280554,6080.88280546103
4766.19223728709,4960.44493582159
3970.38073155249,3661.83954290953
4418.9249999734,6022.34610722473
8706.62602990528,10.7411998024536
2227.9364357126,1709.10096657093
3636.73157880946,3838.52960993188
4556.14021159044,6043.08969446381
4528.87648542437,6110.83322010056
2440.5092596687,2617.84058288007
4073.26198375409,6244.44448547645
4701.56929882819,4977.66487024627
4239.33996712547,5621.34147757526
4627.62264525562,2880.57365942204
4825.54169932967,6051.15988694705
4263.37214922387,4314.77964024273
3379.52988861867,3043.56723340648
3678.77532278585,6299.40086829459
4518.36158514863,4758.97639674618
3890.69199618595,4428.10231063064
3677.26314841164,5491.70801155434
3870.64576756973,2378.35164810952
3828.64472852931,6076.05210706289
4156.79749773208,5444.93556928222
4152.40256065262,3984.01887933472
4247.94510815366,5724.5477589158
4267.56249399838,6698.92804169379
4229.81941724328,5702.66753675951
4158.07557360955,5250.45725037659
4137.96902682959,5896.6912862693
3502.56005237728,1534.85489719098
4152.12325987897,4528.23950855261
4870.86771508612,2165.51675986201
4015.36407484128,5009.26357465785
4249.8911596904,5129.46271715277
3534.84963986151,4244.59243410504
4421.30884041042,3411.49591382173
3976.4761902635,7295.54804802136
4594.52643736638,6630.67328405745
3335.77021819499,3731.2880209221
8745.82490086104,1306.16399413392
3623.34147345883,4167.30125973478
3719.25151135212,3942.75920098211
3668.83601313303,5149.694649537
3996.49706797214,4747.95129176239
7860.10856938156,1670.05757830754
4450.6858990969,4291.13780310687
7012.98692226919,2540.77669320773
8572.88403537333,2010.13880896497
4954.94459092698,5693.80195354738
2322.84148981872,3178.59950385652
4069.64433787858,4651.28023834056
3052.31242901908,6056.95680959587
3314.63888984107,4928.78956880625
4377.18638796014,6354.58474723827
3385.61714046313,4142.69319834824
4596.13934428929,7160.97013553953
3685.63609978727,5785.69897117483
4804.05534993351,5096.72737782398
4233.46847368208,6784.80064054688
4328.51142534133,4863.83096785877
3723.22355712921,2623.06918807029
4579.56467824728,4827.4019879043
3428.0534089909,4504.08601656191
4252.11739625791,5757.51017151488
4650.49661214777,5029.95007643791
3733.4009121181,5936.87141516372
4320.31428874639,4330.74919168743
4264.34244545692,6569.18125046536
4406.67586180972,4192.47763857992
3418.39051302715,4894.9180174155
3504.62487578068,3268.3367882847
3909.68434313046,3437.86580161547
4303.60012488652,4133.48637094779
3970.22848222357,1313.09744598613
4178.97395242069,2784.3007242199
3007.07855950991,3686.95925915092
4225.0408919451,2728.03729581802
3997.74978227039,5291.03528606308
3758.1751742638,292.285647982884
4360.29689048453,4123.2566566929
4494.77443138233,8444.34428227677
4050.81622016676,5428.90893237851
3705.21821998086,2102.6039326234
3549.91005174217,5761.48839372511
4747.54894894269,3967.99224243101
4578.93256555963,5076.49544543975
4691.56464421916,5835.14259007345
4710.90510449156,5635.43566597761
4519.64786749853,2709.16928304892
3559.36658138045,5860.94394898096
3241.28880480749,2848.91850383432
8098.98960774429,1684.60654753335
3308.03710207664,5674.64957062134
3618.43215129046,4996.36268377647
4010.93943762487,3693.3811618621
3589.53098902187,3663.60158074436
4109.11021389767,2077.65483847617
3350.77089398841,70.6986867299291
4066.7224543879,5062.1170983081
3908.81415341353,5532.00188851153
3419.46676693413,479.091575483532
3426.42136495793,7034.74699712549
4478.56780772444,5713.69306459854
3366.9515416897,4929.41497172387
1828.2654327696,1695.85925435649
4324.14753958125,6413.5760148704
3954.40802444186,6787.58556523615
3705.0859055321,2616.41978923356
3834.79653570963,873.162911851508
4263.95747358182,5180.78169909374
2949.11097307244,4891.33770199734
3938.79228739227,4690.5512284433
4003.44912034675,6005.58074219589
3708.27475371815,4564.38475263303
1473.3957319663,5778.82207621256
3968.59140737167,5141.05613959516
4354.97677725146,6962.11568763159
3872.78090989833,5617.4770034278
4409.67191307334,5369.69059147609
4576.33030748144,5933.006518161
3577.64695318399,4228.79329332687
4415.52103251886,1339.52420781126
4429.86265024538,1397.15155582826
4334.54228111206,6450.57331228348
3715.122601029,4997.55598129744
4090.51434581564,4012.20725613942
4200.02367857914,4662.53283944988
3827.29038512935,6707.1119822398
4820.41768332663,6372.82756851739
4191.06322486346,6135.10046015403
4555.02438524236,3738.73323334297
3680.77456332291,4128.99649388271
3819.44244651366,5417.59966866543
8704.88775107991,4400.42516582553
3704.59112994027,4115.75478166827
4300.88400015679,3639.73224748296
4022.67358205161,3759.93138997788
6441.11683477995,4445.49265572185
4161.92572465722,2789.0178859829
3610.07352865652,1441.42354928187
3932.88250054674,6323.8385190146
4177.04972286674,5242.44414335236
4508.52549788473,5511.485797398
4012.37311379823,5331.89748047887
4076.20628386096,4530.74027451257
3911.55809573949,6145.21642634615
3084.46962153321,1563.83908757983
4876.05961389885,7264.17641688006
3996.14593646281,5004.43287625971
3785.25084005897,2127.49636416687
2269.15173024398,1892.83812779445
3989.85101669202,5274.8949010966
4536.22204107822,5611.39592204967
4050.91700729503,1828.50450690934
4223.49875920195,5059.4459216816
3921.61642014976,6233.41938049267
3990.65033314918,5728.24182239673
4656.8522238904,4351.03820953067
4318.21214235438,3118.64201197371
5066.72675446002,4149.62675591427
8113.72059183792,2855.45415460828
4237.77424504736,4991.58864798209
3005.60467665288,5327.46426601755
3361.20247193909,435.444826376824
3912.45624917104,4372.69135841667
4446.50239207579,4647.52951225587
4280.69868096361,5184.3620145119
3940.41558572404,2271.8489986525
4197.07611882862,3519.76038968595
4334.10323452004,1623.85345349402
4799.66653759331,6938.41718789197
7348.41194553366,1026.83596322964
4075.99618497151,4290.7398963148
3881.57826079769,4043.35139115516
4212.15188076865,4686.23176204476
4156.56380994013,6163.63008114705
3900.20451589069,5723.92277885343
4237.20224359054,5084.67938598576
3179.01382472616,4231.06656316129
3105.08683983955,6133.62258104851
4529.84328729088,6435.45623702669
7269.53388821764,1411.58688270511
4931.62610964796,7321.91730153222
4147.09425173616,4345.7529417367
7482.92095300147,4171.62030327807
3862.13212498099,5872.19655009028
4620.93704058179,6138.90827169774
4528.82348796212,5175.21227257046
3272.31268049247,5575.08026730272
4466.48889033998,3818.41100275517
3438.70232127521,5343.71839904679
2212.09518536792,578.831289468681
3618.98661745418,4657.98629978105
4311.69814794943,6326.79385437039
4820.01283183049,4707.20284540938
7996.30873402283,3486.62735499271
3928.74212587005,3598.64297979688
4333.74336708311,5913.96788329774
4508.81359780478,6644.99454573009
3273.38561758786,2782.70951990686
4555.27343305721,5836.22213953165
4217.08776062196,5525.29582707104
4165.01414107014,6222.05303132057
3654.22913384993,5248.07065533465
4865.65950764226,4196.00129139432
4039.03134312655,5703.80417167672
3848.54591421401,5581.72966613945
3794.370905942,5789.90426665535
4301.95543079923,5729.03763598088
4161.26004607621,5813.43277858369
4176.86745098658,1487.34351536609
3563.08040849996,6625.10343467892
9239.67236306604,2604.42824857147
4094.64711194859,2108.51460333499
3808.85055601796,2450.75525005025
3807.786553218,2965.36670881693
8961.60129263178,2284.29510871042
3534.62401709246,5523.24963050691
4267.92934336391,5661.91909040649
4088.33955698765,4585.07125441309
3594.21121507013,203.400813314159
4538.58312266839,6866.63835458598
3284.88818875525,2106.24133350057
4202.26744362864,6496.32286770117
4313.87014093414,5454.93821026681
2773.07306832036,1772.97980663259
4473.98741466888,5344.45712717193
2591.4920459897,1802.1346191156
4765.62095985931,5082.7469374844
4585.45893057852,5927.5508397005
4252.08685658249,3841.99617728727
4139.45636495188,3232.70319905912
4339.48410909598,5246.59277622913
3717.08645991416,5505.80262281195
2244.02136003649,2173.58695234524
3592.68667945006,3095.90931362951
4123.46330123879,6849.53216822408
3749.64334297139,5806.9537904135
4182.2186699059,5880.15299451075
3893.15722594879,5075.47255858531
3495.14618280903,644.0173336848
3918.72167503716,4274.65659680733
8041.88545958787,3873.48113363608
8331.74250126763,5935.27978799542
8493.25298797492,1597.4266916689
8324.91061771338,1788.26771541116
4542.82987268256,4271.53085078501
3693.39923397668,5519.44224181846
4423.67585979626,5907.54598058655
2223.47083225582,1084.91798635629
3619.88359066504,798.14500731567
3332.67673654249,1822.4802995626
8668.7637455986,819.570554362309
2363.58343585449,1056.72939812396
4510.63070926451,5239.54589345558
4100.10527266979,3399.04980376381
3660.03988592658,2486.90028270304
3467.86783209712,1170.39288984493
4464.93500272209,5958.41039313169
4191.1014800583,4615.47623844845
4049.89658773361,8746.46251983951
4571.41873367345,5668.56848924322
3183.79767798836,2978.55175842761
5007.17351944057,7161.87927433119
4014.8187339968,3769.13821737833
3470.5745002647,3914.05916932256
4720.07756876505,6249.38893193737
3977.66443062994,2683.82228210962
2677.30633097449,4044.60135127989
1694.26548706321,3433.54654664455
4273.02219408502,1051.27361394965
3673.21794219429,6166.073761648
3287.78302890261,2866.76362974899
8111.60928848075,913.854431316233
4616.5605214514,6146.63721999266
3356.77894005993,8190.93220405328
3591.33460955603,4702.2017363447
3781.93973411286,4390.76376902925
3948.43616324429,4685.15221258656
3855.98389677272,4933.27944587133
3320.42586621761,769.160816926823
4608.79964483027,3834.49472511789
8738.16404257384,7220.75679390055
4354.88887606859,6731.83379168912
4305.86079943458,4622.12563728518
4505.05433160179,7060.49169342924
3249.00461741202,1585.26463462647
3992.53143086309,5503.52935297753
8775.73973299205,6663.23778986446
4710.33779380752,5884.41537545029
4313.99846359085,6338.55811033457
4239.24385015397,1055.70651126953
4842.13582013571,5741.71103073671
4209.22810875325,2375.73734551441
4403.77834461777,6178.5767457373
3836.21398265007,3348.63996061451
4255.47583487763,4675.71788906057
3761.99592351505,3960.54745286539
4298.52351391557,4614.68084771956
4164.02152439996,4040.33897034036
4171.00971797369,3100.96729672557
7135.73527662082,1073.8357959135
4015.76290065909,6016.7200180977
4349.5390124283,6549.68804620626
3529.58443988796,125.257162755994
3912.7923569259,5560.5881721083
3633.16345974074,1274.33821645205
3475.36127350534,1917.27577851446
4620.86603597951,4703.50878192844
4204.4161075669,3959.92204994777
4075.69007612932,6085.82725192194
4111.79343849686,5542.62950955849
3520.50642297961,6075.19963087498
4299.53025433864,2866.87737781176
1960.30064206303,2343.1728397074
4306.83799871942,3792.78005451419
4070.69556635682,4703.62252999122
7746.83099252209,6459.26848482908
2491.08223065804,1525.13662636331
4374.17929361418,4101.71725586968
3601.09863709396,5823.15083798374
1533.11448091599,9.49090106316732
4353.69665675037,5899.6466216251
4854.11455824943,6648.12029175242
3192.38693043161,4585.3554131424
4542.54515341433,4314.83630284649
2717.00913767408,1522.80658821132
4471.54906587985,3723.84323135647
4344.56813548205,2470.64636110142
5170.04580992102,4586.54913351862
4082.19768983141,5652.76934846506
3407.32026426766,4964.99147549043
4443.03262405836,6301.10582067041
2542.67630888608,53.080848816736
3887.19371287066,3501.11945018714
4404.73871599632,4426.90859025442
3731.62226429127,4384.45519152559
3635.8055166232,5321.2698594319
3832.09213372605,5403.27798413753
4103.20723263842,4920.15148171966
3758.067519263,5421.69163893843
8648.60435591413,2167.56274499851
4733.63007740373,6332.02245956061
3956.14372017989,6345.66207856713
4014.66544173218,7662.45363015454
4372.74419551983,3498.50535901966
3194.55696820667,2262.64217125205
4124.111519249,3196.04672297911
8790.55564035039,1272.34910534693
4086.80160279241,5558.03074354458
3997.15165816537,5671.29632847347
4227.71742181812,6087.87302563082
3808.86043516455,4841.89408309872
3941.3280968976,5009.60439599091
5204.47748408877,5031.93918754303
3304.87545280483,1659.94150640162
4422.907076989,4278.06650155896
3588.87754399738,1902.78368332004
4190.103112665,4921.79934863646
4191.07490821851,6720.29660899523
3621.59726498254,1841.00749099864
3736.09700133408,273.758509403747
3776.36034285253,5391.39998011059
5668.80633804248,3750.21290772259
2452.0941420522,642.198686103121
4079.98196613501,4462.59884208375
4013.0690503099,4999.60217786157
4200.22035306489,2335.44367998485
4500.21175699038,5915.10451821495
4530.63738950106,4217.48360675854
3374.8506019495,3994.70316298544
3668.63388094969,5861.00103443997
2622.11126313822,3152.51356336445
2872.61545872076,3189.28378750724
2827.00403231297,902.772240873439
4375.61430013126,5479.77334492364
4742.658013691,5281.77179605887
4723.03801173033,2242.12586871089
8645.81948798076,2585.95793116681
7696.14856612323,2049.3527136087
3979.025998577,5396.62858530081
3933.9251283242,6579.75178605331
3732.30789092744,1553.83665802285
4051.45008155638,6535.8209310742
2551.12739668123,2342.83180694672
4279.64175573165,6101.51264463734
4439.99972655938,5746.82588786416
4784.01385232133,5206.75389152303
3979.42896635704,4533.07020695075
3580.34682641995,4065.34493851897
4005.91302471397,6163.97090248011
4113.25779724808,7360.39290090607
3688.07963570253,4954.25052923595
3596.12378337438,6384.76223514809
2520.58887953744,1255.41322393774
3198.08334226038,2817.66104361106
3437.62587083099,6478.30711969234
8194.589697469,2512.58810497541
4412.60638105933,4580.52471474426
4331.63280789313,6257.51578702436
1597.45727235787,4023.68735337429
3816.87661367066,979.324581404748
3955.58632967391,4200.2070097301
3354.97464333242,3936.28021281191
3787.4233675438,5687.03880664788
4058.27372975771,2863.86516842458
3385.17021448751,187.374255695812
4365.76458896922,4787.05144834336
4057.9114834527,4780.57246017316
3696.06186366763,4672.36506976795
4078.90570545081,5527.85325563476
4012.04639339983,6123.33620418986
3856.45468604627,4840.92785884804
3469.08963317952,3122.56336015255
4426.62298136586,4782.50490867452
4075.48581839941,4946.46449548201
4277.85520904512,4751.19036299224
3930.52173557163,4981.70017791551
3986.53045373362,3586.93538643647
4532.21434579847,4357.00554284602
3841.33151730206,4371.38388997768
3939.40036153984,4680.60567291772
3183.81671868419,2235.81771406247
4213.74436733688,552.972845102161
4238.80720502027,4873.43570205129
2510.7472876577,7496.44826963817
3582.73752853494,1084.97486038768
3050.93575603264,2252.63974169508
4210.88321271687,6733.25458533563
4910.37962648509,6045.98836721585
1978.94547860561,462.667243215377
3350.84874353704,5795.47369317863
3217.71184944105,5348.54909744494
3599.69163647408,4946.1232512937
3903.39568395455,1840.83708033211
3805.55421494262,3102.16080567417
3891.84123248542,2144.20485516432
4194.6135470676,4735.84579160991
4729.15906783949,4893.78138249829
4557.88946180293,6439.15030050762
1041.7190262998,1825.09460215771
4007.1525092332,3690.65332263185
4309.03624251223,5244.14909572818
4972.23724939567,4455.15405251813
8556.08291993868,4919.75357492759
4863.45229724678,6324.74808066152
4081.00119285899,4141.49947797202
4688.19730309963,4166.73294227617
3943.46047593694,2889.61007615596
2604.53943748128,5181.06585782304
3965.99869397011,3568.63547969834
3702.32792358773,4957.88750725787
3720.26475098384,2940.19032997179
3314.69019163354,734.152472048146
1853.64345530132,1902.72680928865
4729.55426663307,5609.34972548555
4081.45652549529,5049.78452488532
4068.08278614687,3048.79562716907
4387.98985491213,4584.61668501726
8066.2396398852,1538.20792791122
4381.58406803191,5989.55410529218
1414.95838244305,1227.62243678368
4333.75756578464,5843.72401455628
3528.84900754018,6792.01835684222
3130.77028211775,5489.94639657477
4621.30629144503,4728.23059137776
3650.03313459803,6199.43408103915
3026.71784705529,1205.45805589809
3684.25687737748,5207.4359570444
4095.76300507275,5773.08223902275
3091.12715602354,3504.07478554293
3525.42878393006,5364.80280761893
4576.65688592606,5106.27544941274
3869.725015408,5665.84065001297
3594.46769400228,1812.5916180684
3976.88407857877,5756.94185405627
5515.49537805245,6099.694367054
4171.67293468745,4940.66757283319
3888.216165489,10000
7902.30060164768,1870.73040951263
3451.92974846909,753.929887893451
4275.73895076207,3818.92265761001
3508.57176496481,3322.49735751869
4579.58911062895,6445.91302455187
3956.76773512585,4723.17239685407
3563.56079413278,5948.74899633541
7942.20215807183,1550.8246600633
4082.99624147651,3940.20177241839
4396.48137223847,4697.93935540517
3784.45525710021,5064.61744141281
4943.61462091819,7725.08187580859
5271.15254322128,7410.63233338883
4730.73677972602,5429.59099789989
3919.64000420226,7529.75150357031
3619.26660308539,3716.56885245738
4465.05065090557,5292.17192098029
3002.51570235881,5081.21239577512
7649.77142296012,1367.59904798081
2495.73933393717,6135.83918827917
4043.50159620794,6644.1991550012
3458.42332216185,1608.4520080803
4059.86679119138,4422.9874535032
3852.73858301804,1746.89407756816
4519.69964059743,3682.52646754485
3894.93638277531,3603.35993013225
4775.26426090191,5128.78065163139
4342.5702002335,2339.47877622647
8541.51074666752,5301.94706583934
4346.09688593943,5779.5608043377
4745.14345806486,5561.78189248452
4213.61237564306,5894.87258583072
4836.59980709268,4965.16188615696
4797.65211189042,6334.01157066573
3936.48859418521,6159.0264560192
5025.13306676605,4443.50354461673
2735.08869674918,5031.71211427274
8214.18109095218,1913.01339757493
3961.99702391856,4581.60468705771
4875.85918974235,6162.72051950013
3085.37015646461,2107.26422035501
3604.0971381992,5477.04550569339
4651.14402595122,3515.32738665226
4220.97733732418,5849.46385174609
4023.23255124118,1535.82101572784
4480.9177905578,6594.30096670674
1501.5718932406,3068.80048628301
4408.43483281418,4982.49556864441
4704.34339034099,6931.48363032594
4596.77123180868,6671.08048622216
4121.7743378458,6333.15909447782
3915.89698416516,5148.72842528632
4670.82932969026,6636.0722999142
3781.031743664,5793.37125686599
4055.86153292432,1236.77239015274
4583.50013725763,3578.86519395323
4248.64514405726,6057.695537721
3768.71327360998,6959.50159646411
4178.72581505046,4752.09992463916
4381.50342931566,5426.23817860727
2861.97397064366,6853.28289430877
2987.49357344472,2709.28281968407
4612.8799007744,6447.33381819838
3692.36493511,4471.29443748461
3810.26952817682,3674.11545372855
5115.24108962404,6553.60918295749
3566.41930803425,6004.72826600798
8017.53584268609,1580.14977749902
4679.68805912297,6152.49080524524
3812.00479864031,5292.17192098029
4385.69898308217,5915.27535173673
8521.21145316499,2447.45909336139
4698.69129956711,4837.63170215919
3846.94376845714,5998.98842881817
4296.08046160642,5299.73045860868
4182.12758323245,5782.45947708973
3605.14661747388,5635.66316210315
3672.30839206713,4894.52011062343
3889.64322680346,6584.80998057699
4366.79909443134,4130.19021425893
5040.78817059179,4959.47871157091
4550.31317692304,8495.32286573993
8494.76265958576,2083.67904582291
3806.22151821262,5219.37062367511
4284.94140327575,5198.45620291425
3899.32021024338,5513.81572983617
3858.71140289318,5943.5774766042
3393.3349559426,3224.91737673281
4526.72961322865,4871.10534675786
8941.33811338008,1362.4274225358
3169.54484674286,2527.7622656912
4215.16023665505,5962.786522134
4360.28482959041,5490.74221015892
3601.74516743515,4997.44265608992
3583.88383586462,4736.01662513169
3510.15735012819,6506.32550868577
5126.58713542193,4870.08245990342
2241.04021009907,1266.8932154588
3829.38564864841,1960.92247476426
4356.87767750514,3265.77935972097
4139.24105298426,5728.81013985533
3738.38475660956,5194.98963555886
4621.07074929925,5027.22223720766
3859.42332758962,6373.85045537183
4447.34040706272,6252.91258475177
2363.69054922977,1465.06549213154
3611.41611666141,415.553715325655
3447.87527104275,4048.06834149053
4388.05207389491,5464.82668033339
4015.10070723185,5448.51588470038
4787.20438877688,6406.69911990813
4599.96602856127,5090.41922317557
4712.12435356287,4051.30783557563
3856.43692800539,6970.0154694483
4157.61665165468,4490.38973495163
4663.87096761644,5795.3032825121
4416.50605223273,5830.65271300837
2797.1724437021,1021.15278864359
3953.87588819789,7110.61737784924
4886.14320173466,5662.82865205341
3693.71487592818,4242.20541620785
4924.35065346357,6972.51623540826
4181.5434283013,7590.10647938994
3945.62967340887,5700.84883632093
3833.2417289893,3129.66732838511
3551.18452749443,3140.1812013693
3744.03287810265,3949.23776629705
4805.94633708148,4148.03512874597
2667.99107669143,1426.41990494641
4010.33571363213,4087.28224613427
4135.60687445124,1328.49878568604
4320.06267489807,6397.89019929976
3223.79288682536,1742.80221300896
7536.88740960492,1006.26289237091
3677.13130535914,5455.90401166224
3931.49397868741,5589.85652122645
3025.15270901539,1686.14098352882
4172.47227663136,1539.96975431842
3149.44580957727,1849.70266354425
3951.66628991749,1036.32684364558
3534.33238028713,2885.29082118503
3589.48481986164,6744.50718644495
3852.51487944538,6173.29147794333
4021.84747203555,5466.02040070961
4478.07273241012,1097.7051291749
3957.43604376049,6493.93584980398
3589.98484202556,1357.65349245523
3675.82432929281,7250.65096879157
3758.93816796469,1281.27166830426
4509.53775349986,5009.83189211645
4474.6739076864,5754.72566968087
4634.36957303757,5888.16652439023
4994.44084505319,5483.29699773804
3985.51682288395,1548.7786749268
3924.70450268193,5052.85360830389
4225.71844845074,6539.68540522167
4600.36436937329,7304.52695644101
4399.00996145294,4431.62554058979
3522.61600507954,1696.02966502302
4410.16748236234,5675.04747741342
3754.61481958521,6374.36211022667
4502.25495612959,7067.3115029325
4207.07210803133,5406.51747822263
4370.79303507643,4170.48366836087
4217.42112807033,2108.00294848015
3805.77496429331,3831.99395915792
3441.24430663926,1091.90831223989
3834.6192846972,4124.16579548457
4364.98095230521,5391.68413883989
3879.02109016543,6892.32638828597
3453.01104022695,2352.83423650369
3368.8443268902,4596.4946890442
4048.49191492811,5918.62817102935
3251.51019420785,5926.64170090883
4541.85279979153,4905.48855300345
2675.81599439745,3162.11829755698
4327.12525261861,4263.57440636454
4205.61654403093,3362.84789707963
3633.92508167518,3862.91059804813
3956.88772536683,2167.27858626921
1595.61549028161,1682.61743642824
4305.80725823915,4231.6348806199
7806.2222774682,5445.95845613665
7693.8158190951,7910.41002991753
3194.95890194255,3494.64067344457
3290.85694133409,5713.29515780647
3105.45644863371,6380.32944354202
3746.33008695779,3638.42520189922
3300.8085054041,275.463461779562
3832.22637974601,4804.04388664249
3041.71880026197,5699.20096940412
4991.03257007572,4178.38345017757
4452.48118233941,3479.23922803085
4189.96637786799,7821.92333989695
3726.22588311879,5802.12309201536
4568.97110489782,5898.56664931165
4874.6838053142,4932.76779101648
4818.9509091625,5351.73150607102
5161.9995629575,3219.46148684468
4196.23712273678,4343.76383063158
3765.46643900714,320.133203454521
4383.6156772229,5959.60411350791
3823.28430550455,2144.37526583085
3541.81765523369,3897.74837368955
3628.32789677687,3199.34309109559
3572.10123123175,5035.91740975326
4172.23677747104,2989.74748550555
4551.95813354286,6014.5600734708
5227.50382053272,5418.73630358263
3479.78439305688,4719.59208143591
3620.29339681986,1956.14865039751
4414.57271004608,3439.96866078336
4083.99331893243,6271.89455701127
4498.65851935725,5575.81899542786
4103.73173039794,2614.94212155566
2670.99119116797,798.713324774274
2256.84420161936,1660.73721427195
4387.46175719876,5424.93071016828
8834.11100929257,1405.22164259769
4695.81982106218,3540.67438759156
5407.63472322879,6212.61870779458
2500.08774711575,1538.49208664052
4284.26915035602,5164.47090346073
4646.41247508372,6812.42112274823
4518.34552017508,5351.27693667519
3987.82192703549,4399.11812024179
8593.48179311077,6475.6363659211
2782.72166387968,5448.34547403385
4801.86971180173,4687.0275756289
3534.76973236029,7032.58705249859
4627.02119627863,1413.46224574746
4763.94336496251,5364.3482382231
4026.3345961205,5352.81147838447
4396.33642243054,5790.01801471812
4012.97315783857,2965.02567605624
4594.42580158946,5083.65607627607
5447.58759065379,4306.93694388504
4013.90506711597,2185.86244030901
4347.11370138569,4801.37313287125
3790.86077224175,6215.40363248385
4307.95403554167,6817.4222318129
4683.35211304767,7033.09870735344
8564.089487241,2301.91294992717
4578.35584088428,4970.67465007648
4062.03111412515,7126.58692929393
2827.21222893403,5889.98522482882
4198.72079583015,5847.36141543345
4454.18118848075,1972.62985669705
4154.09555708022,5923.45886942749
3808.16054697396,6424.48779464667
4128.75963329781,5483.18324967527
3900.30337415687,5196.46709180913
4091.23512125514,2821.86655051921
4027.92354046012,5151.39960191282
3420.15536537347,1938.81496791006
3996.98415449464,3409.73408741453
4918.1237239511,5525.57998580034
4194.6200855312,5572.06826934317
3809.63407492716,4916.91198763456
4450.32476022517,7229.56571450893
4118.84319089343,4499.19865556001
3865.10864627599,6791.05213259154
3222.99229178008,688.971234089061
4452.98219618373,5500.00570016313
1436.36598397052,2008.66114128707
4502.84200539791,5121.10836594023
3983.62820352694,8673.03539676146
4050.94382740778,3111.53804374115
4036.14898698334,4659.80500021963
1806.39588433442,391.854872016142
4329.03865306939,5378.95408148029
2999.95083332405,570.249706415129
3702.5680024685,5168.44912567096
4070.34941196683,4799.78150570295
4399.49405675079,3153.47978761513
4055.31471056948,2581.52513956075
4135.41039262806,3540.56085095641
4162.73151135655,5077.68874296072
4414.67221472767,4030.33675221101
3957.71353379776,5095.42033224024
4218.92851020606,4757.04437110007
4951.82067211275,5839.40497101299
4370.17887006772,4208.78843421293
4418.09302167174,6109.01451966197
4851.59768443988,5714.14763399438
4231.67268441617,3745.04138799138
4760.47562180909,6614.02124423613
8524.29652621253,5817.58141146046
8273.76537447494,2361.69981971582
4376.52093439538,5931.75655803627
3975.62143760759,3811.07996125232
3845.8067422944,2987.3038050046
3629.63922656723,4356.32347732465
4091.61553124806,6190.90931916008
4018.74440684733,6185.96487269917
4342.2584953989,7071.40347320551
4407.76022712959,6574.46651825933
3077.64533283373,112.413185548679
4453.72685182412,6054.62645430244
4324.49143360154,6426.36315768901
4542.43897297673,4069.0390019999
4403.14228005528,5888.73484184884
3795.06663765279,3831.93729655416
4481.37520569623,5055.86560626344
3264.15494930152,4418.32716577159
4336.24327964575,1441.65083397978
7529.05463229324,770.581610573335
4361.26941055978,5574.51194984412
4353.74861195594,5375.26001799936
4894.23432010614,5017.1629336193
3689.47131795265,5410.83652176593
3842.2299138495,5068.59566362304
4363.0391285272,3924.00472484815
4012.88238550023,6317.75743763648
4432.15385086483,4544.49364158186
3201.51149544108,4601.15497677581
1412.54796150723,2571.57958403516
2338.59909607342,1281.66946938252
4669.8039350567,5488.92350972033
3701.28455229528,2312.25641224483
4771.08930679711,6501.38106222485
3385.86656123416,4013.23056584911
4100.76234724225,5516.42982100365
4239.1396664458,5115.99350881279
3764.98853057427,3030.21177312927
4249.11613679906,6610.38426621421
7872.69114138364,778.822213723105
5458.97933162606,1037.52035259417
4231.98736474174,3649.84821367507
3711.52601564521,5938.51928208052
3758.17108961141,6369.9293186206
4809.94580680063,3575.96694405644
3570.30080184797,2480.591916627
3055.03791562148,4224.36050172081
3795.21135560208,5453.40366855753
4280.70598960641,5153.95703047654
8290.85876716454,3178.14472303306
3885.97895224433,6049.85284136331
3678.77413358098,3805.05554247795
4300.27168728825,5386.74011523423
3059.47439419157,5325.8730617045
4003.88001603825,6388.22880250348
7885.15752005886,5952.50014527535
3863.24309049575,5137.13500284394
4053.09417550381,4800.34982316156
4946.07635822679,5002.15960642529
3789.06264117244,4024.36941889566
2143.07426039858,5578.94474145019
3907.50240809199,2128.29196632339
3975.18304407109,6835.60839048826
4388.88217730473,5401.80052788726
3394.6901329428,3564.88475361365
3952.26142695534,7404.15334521864
4544.70068754116,7097.77357242687
3583.7523584953,1016.60624897475
3983.49826576528,7758.15845932569
3166.90762352257,4183.04373790918
3407.39367185358,1220.2911838532
4895.24936263929,3056.41125025648
4011.6974221177,5607.24728917291
8702.99112092512,1215.85828653332
3909.2794958845,4345.86668979947
3509.45048751534,5621.39814017902
5162.77626006056,3776.81050306949
3473.85792949665,4198.67246802082
3398.59698656211,1516.95289724493
4507.77890731041,4836.49506724198
4133.84333676769,6885.79073751201
7355.0488865852,3398.25399017966
3826.95742069288,4399.6864377004
8813.74302858151,7293.55893691624
3767.95683721608,4450.15294345346
4032.01046437526,6411.75731443182
3478.06435022764,2569.36318823213
4314.33091165073,5606.16731685946
4248.26897819235,4293.01316614922
3698.37652602917,5622.30770182594
3785.18645230853,5288.53452010311
7163.58853138868,3223.72386778422
4393.04824511061,3824.32167346676
4914.7442274896,6780.25410087804
3828.39204918559,2560.9519629882
4225.50767923601,2719.00109051173
3957.34931996496,3535.0480870369
2530.77168158596,4426.90859025442
4264.24116915852,5825.82201461023
4774.79889016097,6604.64400616915
8388.09872053449,3267.37056403402
4097.64677316328,3925.99383595327
4937.9587239311,6847.14515032689
2613.48071423816,3135.29362893978
3932.23180740517,6257.00455502477
4356.66683415533,7047.42039188133
3794.70968197222,4576.9443993261
3681.8673441169,6613.45292677752
3741.74243544745,4609.11142119628
4404.49373240837,4091.2604683445
3886.23073306292,4513.74741335819
4128.82613456221,2130.05379273059
7165.79082678282,260.914545410659
4179.41871476174,5246.25195489607
3643.56831394122,4412.53024312277
3688.48028486625,4815.29691060707
8895.67877529876,1884.59752464468
3614.04645556926,5473.52185287899
3576.58478009576,6421.36204862434
3172.95160739491,1230.23673937878
3815.02567516337,5267.10929019791
7025.02901129982,895.043081150888
4547.39780154584,6287.06829487182
4410.35410000698,5493.29963872264
4432.997220907,2584.19610475961
4908.64171272112,5457.26814270499
2212.63333080522,4539.20837378789
8325.63862234143,3427.8633720585
3999.83378383841,2112.09491875315
4360.70566945066,4919.12817200997
5026.48727906917,6430.73928669132
3980.52231884623,4117.23266077379
4059.19044057339,6303.89074535967
4264.94801455662,7612.49835640107
3851.36390461354,6120.04004750101
3966.41417419287,5056.26351305552
3945.29400731819,1849.53225287772
4210.019600346,6346.3441440885
3613.30524984716,3575.7394479309
4000.36378294024,4417.53135218744
4096.18921042053,3432.63719642525
4759.6186626011,4925.60716018017
3283.80177199692,4676.22954391541
4196.41319421833,6684.0380397073
3604.12312340498,1141.97701691469
3211.95436784749,2787.71062897153
4037.88515054729,4022.83487718638
4757.47992298287,5799.79315957718
4364.42920174062,4567.05592925952
3868.11939767497,3911.10383396677
4586.38356222226,5145.26185793093
4383.23564984865,5004.37579080069
3918.46553939885,4724.70693856335
3492.47478595285,4163.66385885761
4130.02182039715,6333.78407454018
4411.1926335251,6964.67311619532
2843.4062945603,2518.89647105144
6988.50224876623,1358.16504159626
4446.49953646914,4083.47443459057
3997.7105024819,3768.45615185695
4040.01880113154,5829.57274069492
3603.6825414128,2609.82726442822
2739.76723180124,2917.51429423135
3989.68337029409,6338.04645547972
3628.98088296386,5796.26950676278
2929.54073621977,5009.14982659508
4314.05587759589,6980.87016376555
2041.57136210206,1411.13220759547
4284.22198856595,6651.53019650405
4645.69510838489,3954.06846469519
3652.18501237546,4639.80056396094
4001.52249061602,4877.18642813598
3952.03877374283,6308.9485170281
4698.21248022953,2080.09873040475
3800.41895007711,6104.80922418145
3303.49198251402,6252.85592214801
8099.46904739084,3008.95674246297
1859.11581835746,1556.73511934726
4233.37979773965,2039.12299935381
2742.52034886563,2941.8952823476
3582.40431175618,1960.80872670149
2113.33464742096,3981.461450771
4391.5052804951,5721.53576095624
3420.7041511189,3891.89478843697
3652.64414109229,4195.09215260266
4342.18877190969,5272.90578999148
8841.0635951666,1954.15953929239
7666.68613321196,3705.88414595141
3919.44175258913,5549.39223360274
3021.23903785937,1729.9014278414
3563.98480572962,4372.91843168696
4590.77071103471,6560.94064731559
4358.51174103766,5595.65344387527
8703.72432443468,224.655870408908
3568.98861441999,2727.29856769289
4712.78656467315,6568.27168881844
4569.21103221665,6103.89966253453
4355.75965088307,2878.357263619
3876.56594213986,5591.33440033197
3995.62237251478,5764.21623295536
4693.66745512187,5013.58261820114
8011.75271339249,733.64097576402
3615.33634912543,5876.85683782189
3985.29319607915,4224.01925753249
2969.62950654349,6846.63391832729
4781.10046126677,5012.04807649186
4349.56993139123,5794.84871311627
3659.15338713554,7389.43375389867
4065.41150406173,5128.32608223556
7885.14342194651,2240.70507506438
3573.61090787917,1953.13644101033
3841.94715730633,5455.33569420363
3640.87616587214,4831.26646205176
3102.78551205371,2480.76232729353
2814.78308531567,3629.50253322807
4124.7542354657,4942.54293587554
4462.67084765306,5760.46550687067
3705.59227146077,4334.84116196043
4105.43801929235,4904.01109675318
4370.15432811158,5180.38379230166
4917.86237512971,5310.86973451049
3750.33184965118,5978.35858964187
4387.25182037332,6173.29147794333
3913.36594588688,4520.05599086185
5007.0395942257,5835.99506626136
3840.23442068605,4630.25249237218
3901.197387396,6238.1929934318
4201.64221062847,6126.40528760843
4381.75921836269,6488.42350873971
4112.79057856657,2394.77598037767
3660.52516592454,309.164681789138
4082.74712915244,4247.3773587943
4130.67834369522,5188.85189157698
3626.9738356943,3667.69355101737
4145.91191321138,5609.86138034039
4025.39122739623,5555.53040043987
4550.30439058132,5192.65970312068
4262.8377415365,5751.6565862623
4323.29175226137,6713.93179174306
3237.63926504951,3059.08221545534
3686.10161406977,2460.35977281515
3949.74074838182,4308.98271759392
3791.77094989761,5350.70861921658
4308.86842217497,5844.51982814043
8263.08368170226,172.427511820195
3299.58877691826,1601.74584092601
4948.21362918703,4076.02964502494
3932.97975473671,2701.8946927222
4633.2480485045,7154.09366343251
3469.38018238777,4955.04591996485
4331.0850159008,7975.65321244956
2795.21419084056,3054.87670854719
2274.6289660274,639.072940080794
3029.7345427419,3040.27086529
3020.46192711153,5029.83675123039
4006.77240731752,6623.17140903282
3306.38070780256,1647.72268104161
3799.85879493266,5383.67103181567
4297.20711382894,4718.1712877894
2336.118297225,4431.90969931909
4787.5081845996,7204.90141337388
4219.51598338543,4269.82589840919
4758.79814213556,3519.07832416457
3768.65898277584,2972.69796174741
3427.02284018876,3922.58393120164
3439.08579779804,5870.15077638141
4001.23610656788,6756.32810501288
3076.38463217183,3396.03759437663
4340.35116256523,5464.03128960449
3997.60700461784,5602.18909464923
3540.65773692168,4580.07014534842
4331.16437826232,6849.19134689101
4420.68428135147,5546.60773176872
4000.12497668097,3468.61181841152
8272.85345967121,2739.57426708428
4289.218032409,6426.30607223
3940.77731443281,597.131143349901
4334.72949352057,6646.98365683521
4332.89836730216,2536.23015353889
4030.73074956193,5958.4674785907
3548.84753030903,2623.80791619542
4154.93779313814,5590.87940808089
3803.21170988036,3368.98564106151
4720.00185616611,7123.40452066785
4281.23933478368,5600.88204906549
4497.79446931839,6366.57607647273
4864.72118144118,4267.49554311576
4107.70475132028,4923.67471167881
4432.82574261325,5769.16067941628
4279.60252857912,4395.99237421947
3820.41524134359,6061.78750799401
4134.46066831293,4911.91087856989
3952.58621077061,2008.37698255777
2738.05198381046,1406.52879389524
4444.12763465121,5608.38392409012
4111.12681249366,2182.33899892223
4385.37350500032,6111.0607162261
4151.38771146579,5730.62884029392
4404.52310983101,4737.09617458989
4533.4160455613,5388.16090888074
3059.21108861741,5273.30369678356
3596.93415294404,6259.90280492156
4597.74219089292,5359.63128788773
3632.44998879478,6408.34740968019
3764.10116671965,2138.06711118244
3325.64074873076,2504.06334309633
3413.31171800862,3023.10780489671
3730.23192341318,4589.33363535263
3608.92009659147,4553.30256219024
8191.19898761962,5621.34147757526
3882.38484704884,6482.05826863229
4131.11495089267,2203.1394601927
4414.89732627548,6444.37890569784
4039.58433984403,1694.60887137651
4310.00142339188,2661.71477525542
4174.61611241171,5487.84353740688
3666.1002141466,6149.93337668152
3868.41390653676,6440.45734609136
4156.45563625936,5486.93439861522
5058.88961812721,3060.90091589393
2623.57545212494,1216.48347802331
3230.99760577867,791.268376637932
4086.19465597173,3590.17488052156
4064.09201536216,6756.49851567941
4593.40473405953,5755.7485565353
1680.08081138936,2832.55083416993
3950.26937973402,6439.43445923692
2262.92320293068,2703.25861233733
8498.05920838926,1555.31432570075
3760.0213462444,1838.73422116422
3796.70393388161,3350.91323044893
4081.96385587398,5000.3409059867
3896.39966517684,5426.4085892738
3788.86978335256,6730.07175385429
4534.43418362346,6392.54826890203
3569.52821059374,4841.66658697318
4246.31167041718,6357.76715586436
3508.74124751253,4117.23266077379
4160.63638672494,5833.26680417585
5072.54511590651,5933.006518161
3794.36271644749,3542.66349869668
2945.82211751197,725.627710169073
4817.77948898757,6365.89401095136
5213.47458185297,6571.62493096631
4028.56393562927,5352.1294128631
4614.95649197367,4525.11376253028
3994.48470261189,2655.74744194006
4333.06785568539,7311.46093686229
3913.1990593221,5319.05325220124
4442.09806942677,1413.12131870058
3941.86836624725,7090.8966774646
7377.49982196,5224.20132207325
2324.72167468773,4042.27141884171
2808.21974972146,6123.62036291917
8391.78547593857,1381.35230933629
4307.23154775806,4821.71881331825
4398.88395322878,4755.28233326524
3338.17356389545,4410.59779462141
3117.59355106747,1163.5163120241
4343.33903428585,5991.71404991908
3680.14264787758,3407.40394354872
4479.38114357434,5383.0460517533
4009.4059069003,3859.04570104541
3334.68606235652,6379.1357231658
4188.45773141589,5188.39732218114
3937.38394822876,2560.49739359237
4288.81592455436,3010.09337738018
4397.13865580213,4636.84522860515
4537.52484816642,4982.21140991511
4590.20819816359,6534.22972676116
3681.91604671826,8465.71369528872
3565.132928693,1562.87296904296
4727.34384986614,6134.02048784058
3769.64527516939,5206.46973279373
4187.74779715223,4511.58789158654
4047.56972563678,5804.39636184978
4514.34875479042,5481.64913082124
7851.69690568963,6926.99375326086
2019.82154450105,322.576963240831
3689.17603678897,582.980028059259
4136.28475254022,4545.40278037353
4467.60070364848,3397.6290101173
3531.16080731053,5361.62039899285
2126.33407893667,1767.06934734863
4571.90255443719,6556.10994891745
4088.9882629612,5806.10131422559
3325.29020987456,1689.7214046608
3550.12069138695,2985.59885262879
3971.16532173242,5229.99782186682
856.425593558481,184.646337180199
4403.98170296851,5382.64814496123
8389.69393872993,3427.8633720585
3241.01874009333,3300.38985066448
4361.1297167262,6108.95785705821
7752.66598054652,7912.00165708582
3907.04555998724,3742.7114555532
4218.01288682081,5232.61233588955
2696.97508167559,6764.62537076641
2783.58266056068,3168.54020026816
3957.4656554348,5717.38712807948
3858.56842091796,4397.41316786598
4413.53296909219,1370.72479400314
3641.46120675596,5188.4539847849
4828.69661276779,5664.76067769952
4468.76582385268,2068.73238123265
5036.1754620646,2876.42502654527
3846.64339295953,6147.83051751363
3276.58869351685,3945.60078827513
3583.73923609531,1881.07387183028
3745.52467925525,4646.6203734642
4199.54242057606,5571.38620382179
4805.66022270372,5941.92918683215
4678.24700577781,3988.67916706633
3700.4933445702,2239.96634693924
3761.982800772,5945.33909158378
4231.40452637265,6366.29191774343
3692.64938482459,4461.00763777071
4179.85643695896,6216.02861254621
3921.93441237337,6641.58464097846
3626.82815887312,3370.52018277079
3817.01076402717,6420.96414183227
3044.33736420544,3535.50265643273
4954.12627230484,6720.63785318355
3341.09226451369,2004.228349681
3758.52622499036,4378.0332888144
4403.26928123762,4446.79970130559
4200.98688759345,2337.26216899581
2309.36540049258,3834.09681832581
3526.01451006717,2006.89931487987
3868.02787049392,4535.17306611864
3625.42504638091,5653.96264598603
2579.75029110527,4838.82499968016
4281.17608347949,6251.03722170942
3693.57514748291,2814.59217162012
4601.08040981938,6441.70772907134
3594.66924965407,6058.20719257585
3209.15332320763,3320.84927917426
3575.07488592136,5927.89166103356
4185.95525071946,6584.29832572215
3255.25720590446,754.441384177576
4595.48850253293,5931.41531384796
3850.61152884048,5877.48224073951
3748.5453905685,4238.22719399761
4326.4716291483,4594.22141920978
4336.87975406862,5526.31871392548
4205.490163082,7491.04925378142
4473.19929652828,5639.35722558408
4125.50394176028,5143.27274682582
4402.29877715821,4164.57342050453
4219.08598370001,5481.25122402917
1842.46595187742,551.949905390816
4188.63679652834,5327.74842474685
3707.37180615919,2091.63549024338
4916.61131550025,5527.00077944686
4221.24037718628,6374.87334222626
4059.07127028554,6567.87420488162
5769.47425593686,6518.65765925329
3860.19462246646,6591.11813522541
3475.1149226783,67.5729407076025
4808.74832134646,6090.82836098662
4773.84401897148,6944.89575320692
4130.53775441847,5399.47017259383
3872.37549784617,2545.20969624142
3524.47097078972,7520.65842423263
4219.89502217499,5267.62052219751
3638.84600812038,4892.58808497732
3835.53104456015,6367.31480459787
4225.5928592533,4461.51929262555
4421.25105290631,6035.81531556472
4196.26153540027,5884.52912351306
3455.83692718698,4506.98468931394
3437.43258923478,7119.02796881029
3828.08927127222,5631.51410637114
9083.1930823235,627.195094624572
5035.92082538087,5290.01239920864
4194.53762971763,6862.71721783476
8435.78722666474,1239.89813617507
4579.83618969074,7837.04041515374
8041.38614008024,1696.48434013267
4334.40420742241,5643.96042785668
4124.31472272942,4393.88951505158
3970.38422827359,1905.56839658168
3581.99332382721,3506.29118134597
2795.48681662799,4907.81890829688
4094.15257489585,5004.03496946763
4412.1146862813,5688.85750708646
4394.78452630811,5303.65201821515
4058.10791274656,1140.38581260165
5143.79915165135,6678.75277191332
3529.05447259446,2904.6136147776
4094.98204431701,5981.14309147588
3897.35079512307,1472.39685077583
3803.52213525513,2175.51918941898
3535.34315160328,3970.49300839097
4606.70485686508,5019.8341102458
3187.76269840738,58.9913510469376
4025.90314813254,7975.3123911165
3512.62868451071,4981.87058858204
3977.83807625141,6732.23127562594
3693.63028708373,90.5897977810985
3840.46606299792,3993.680276131
4554.3045064948,4249.25272183665
2168.22739228917,4688.50503187918
4296.17580014841,6240.12544193316
3809.09304561433,5143.61356815888
4535.04995965226,1257.06130228217
4704.95763783065,1130.09922431537
3126.99668161279,2755.20299719591
4050.53589391331,4471.74900688044
4572.6306348468,4515.90735798509
3859.4357639722,4474.19268738139
4357.92255938255,5756.31687399391
3318.82723151752,5626.74049343201
4173.13516214788,4392.9232908009
3738.50018271469,1574.75076164228
4129.39674172843,6904.71562431251
3845.49236029218,8401.66381027765
3725.70661743327,1062.24216204348
3164.99529539377,4722.88823812477
4385.49227825565,4689.75541485916
3812.39710285563,3448.26592653689
2276.06164691167,186.805938237207
4338.64678521278,6589.24277218306
3968.13051218849,5763.81874901854
4558.710064019,1043.88548698778
3716.94573304778,6376.00997714347
4325.06290521166,5947.72610948097
4169.11197587751,6121.68791441781
4061.3123603703,5189.07896484727
2994.3230892248,2126.01869648897
3940.77513985455,6060.42337695126
4088.48003334204,4636.049415021
3824.76311645201,4134.3388471357
4011.90586580491,4318.41704111991
4090.38028399012,8634.50398049436
4445.56227541418,5778.19709615019
4670.55384848385,5886.46157201442
4919.32940056018,5192.54595505791
4043.59900259545,5267.16595280167
3906.06805617379,5243.06912341473
7929.89303130686,678.343665899007
4129.77674128749,5196.12627047607
3162.84577273452,1350.26536549336
3587.86360303654,321.838155830335
3514.1578073372,4906.45477725413
3730.56030398908,5078.31414587834
3806.53626406056,5140.7153182621
2919.35416976715,3408.71120056009
4539.75751311933,5915.9003317991
3567.05102351646,522.738377447146
4203.51177634012,7066.06111995252
3450.49206771687,3191.04561391444
3717.59386783236,6285.70458668432
8153.14296062311,3514.92969128781
4185.92690153082,2089.93053786756
4556.45607334061,3534.47976957829
3926.62016225041,5785.98312990413
5225.67945203307,5427.82938292031
3691.69083538021,4295.74100537947
4738.61734518579,6848.96385076547
4473.68128460734,4216.06281311202
3997.22855344521,5354.06186136445
4531.13533523652,4617.29493888704
4048.16469724638,5137.1916654477
4474.08845499542,4787.96058713502
4187.41051289822,5055.9222688672
4603.93241079224,5736.99408040134
3426.25823621588,4167.64208106784
4229.37684773594,2832.3804235034
4114.30890729432,5242.84205014444
4725.2632843533,4844.28110099591
4462.29726603076,1830.26633331654
6031.63454406964,4480.72833815535
4408.12395824966,5108.66204445468
3597.45534417316,2058.27517085222
3872.30299642762,6397.03772311185
2749.96868459255,5777.40128256605
3489.05578419653,2323.28172865623
4507.30517116156,2490.36706148606
3564.61762682305,4047.10211723986
3562.79805095541,4040.62312906966
4215.90885592664,4920.94687244856
3926.41878645127,6489.10515140584
3802.47257010288,3911.5584033626
4162.27769793713,6025.6993493726
4269.90144176845,2679.95759653453
3797.25164611319,4266.64306692785
4527.28484424842,3518.33959603944
4642.04089713523,4615.13541711539
4727.99898710781,4580.58180020327
4372.13705923173,5987.73582770885
3695.88265452629,4583.82129428837
4955.25929615155,1919.88986968194
4253.59355703857,6440.00277669553
3791.55148763061,654.417511463125
4285.81822266431,968.981224800903
7987.89827278399,857.363665359531
3948.17448120843,4549.21059191723
4136.83010886354,5428.17020425337
1596.46496394416,1064.11752508583
4037.39682633495,4082.39446227712
3331.87064985969,6605.04191296122
4798.83355189966,5559.73569592039
4278.58841936377,5510.00791829247
4682.6265962151,3642.40342410945
4162.37352221439,6830.15271202775
4609.97060709151,5902.31737539634
7976.51345122974,5207.20846091886
4546.0059124382,5034.32620544022
3997.31144894085,5308.70978988359
4389.85398094824,5310.30141705188
4303.46381157808,4913.50208288293
4321.12994724269,6057.18388286616
3106.61480233266,1003.87587447371
1196.91869753736,3767.60367566905
4653.24226134525,2704.96356471314
3859.82484672044,4806.54465260245
3591.06037838406,3737.70992363328
3823.51489103621,7019.856995139
3638.62361335945,3575.7394479309
3885.1495366263,5212.15290737978
3992.7497001611,5747.67836405206
2578.14169072821,77.0070131632884
4434.16364995732,5986.76960345817
4263.8526675692,5829.40233002839
8796.71194819677,840.314141601386
4076.99969747906,4996.19227310994
3380.51663759129,1480.52370586283
4026.83668552949,6770.70645214453
4691.18951382137,6078.15496623078
4175.83562000572,4150.30839858039
4086.04933681339,6349.98112211042
3648.45295978508,4983.29138222856
4372.87068215484,6507.97337560257
4207.31365502039,5663.11281078271
3996.05723811872,5682.15144564598
4454.42762262756,5389.75211319379
4126.95190635046,5452.09662297379
4448.8659907852,1938.6443458159
4418.60765395416,4262.09652725902
3682.27129259634,4964.48024349084
3984.01616086523,2921.03794704575
4468.13814169072,6045.81753369406
3411.50320042328,6262.80147767359
3963.98760202657,4733.97042856756
4165.1170780042,5429.53433529613
4299.75785972923,5408.33617866122
8164.07064295715,2518.7829344163
2779.38901551316,4883.77916436895
4033.19590657728,3977.71072468631
3034.36905234384,4721.92201387409
4248.80240040377,6009.55896440612
3502.07969209665,2717.18239007315
3962.49829360681,5841.84865151394
1974.09626226184,1265.87022289055
3905.22155539811,4760.4542758517
8795.79184959941,1780.19752292792
3670.16096739593,5060.35506047327
4350.72482856723,6389.47918548346
4314.78028681128,7002.57997525531
5010.16946268773,3574.94405720201
3742.76524178895,5213.17579423421
3973.72576456739,5132.98636996717
4805.85489699349,3114.72045236723
4083.77851636416,1835.04015768329
9280.85249056025,4152.92291260313
4056.23661311014,7142.15899680181
4951.70709962798,6077.30249004287
3562.23316478464,5271.08751240815
4107.78159430068,5552.177158292
3462.24864853547,5235.16976445327
4747.31143621712,3567.95383703222
4469.27692252057,2800.49777179014
6926.73842296309,2221.78018826388
4716.12546593976,5371.73636518496
4227.21931335132,2746.33720255615
3786.64803032236,5246.19486943705
2891.40554583813,1996.95375935429
8387.03846656003,8054.25185525882
3039.14648337671,1887.04120514563
4609.20478526565,6159.5947734778
4342.42337890166,7388.18379377394
4271.4252659609,6452.3353501183
4043.18393415826,5622.648523159
4026.72114020506,3544.14116637457
4594.56626343249,2576.18299773539
3672.58503757397,839.689002968302
4499.89520964601,6507.3483955402
4419.44666361025,4526.70538969858
4400.98557985936,5554.45042812642
2271.47598393792,774.616653958048
6154.45996363633,5519.66931508875
5702.89764437213,7756.22601082434
4380.36328152704,4619.90945290977
4076.69735397188,4582.22966712007
3877.66606978092,6144.81851955408
4498.21045343204,6353.05020552899
3564.6699327141,7253.89004002142
3989.62325449487,6316.96204690758
3775.27483983142,5082.4627787551
3199.90816190855,4774.20722006574
3909.13644135968,4194.86465647711
4593.37885602198,4030.67757354407
4380.24308689112,6102.25179561772
5093.87444330918,6493.59502847092
3383.82870839809,1703.75882474557
4162.45393895069,5430.10265275473
3675.78819613011,6039.11147225358
4090.55488643877,6210.45918602293
4762.50220123964,6710.69229765796
2920.62055326037,3876.09522480356
3122.62254179755,2862.84228157014
3963.67849578096,4471.35110008837
4029.41360819899,5184.3620145119
3821.52652410919,948.976471400775
3925.89917281475,5637.59518774926
3803.9249157658,5531.20607492738
3364.22086754095,2748.61047239057
2199.86198308112,1959.38793305498
3760.56752984409,4735.50497027685
3898.33745226938,5201.75278245836
5578.998610323,6052.58068059356
4751.24244764443,4037.09989911051
4560.77224571648,5926.01629799121
3146.51787541795,5588.66322370548
4099.09040840977,7023.89187995299
4001.62001776777,6379.47696735411
4347.2549265812,2994.40777323716
2403.96879720368,2218.65444224156
2288.2226348192,999.72724159695
4310.72009201683,1041.72585950232
3774.52506425923,2712.57918780055
3777.96989027388,5597.35839625108
8568.97006012842,4139.56745232591
3896.26414661453,3996.12395663195
7934.99870191963,2818.05873897551
3453.30441257638,4126.66656144453
4005.45064166619,3945.25954408682
4521.7908010055,5698.51890388275
3876.99173489851,5382.02274204361
4068.59606935817,5368.44020849611
3835.0937821146,6401.30010405139
4817.95055707593,6922.2768029255
1667.12400318588,1824.46941066772
3710.06560846037,5723.24071333206
4706.79376064567,4806.77214872799
4140.78452555065,6043.88550804796
4172.27487404646,6555.029976604
2933.16439195235,893.053970045771
2980.78761352185,363.666336640724
4040.94156408099,5131.73598698719
5118.49093747502,3771.75230854581
3630.64763025741,1574.4098345954
1442.68921901794,2447.40221933001
3222.43008120847,5148.21719328673
7536.64327376804,2561.2361217175
4423.48804451054,4230.83906703575
3725.24052944316,6561.45187931518
2891.81557088592,1481.14889735282
8483.06840393275,6494.56125272159
2929.86346564299,4053.06945055521
4175.34154729903,4692.14243275635
8179.83197949075,1319.68986507766
3985.16930786683,4233.79440239155
4335.30354935802,1610.72527791472
4363.37085416261,4911.68338244435
3212.44561349546,4163.49344819108
4580.29120637667,6699.7805178817
3989.40119624281,5354.23227203099
2045.02662716967,2102.26311129034
4868.65530390582,5226.19043317836
4026.90210143521,6664.60149805196
4608.40220318679,5228.52036561654
4098.90645018337,4214.13078746592
3428.96883746764,46.1473771431794
4677.56860828378,5114.34521904073
2967.82409153926,4148.43303553805
3216.25136792142,5430.10265275473
3364.89169579686,2238.14764650065
4621.43475739559,4380.76112804466
4868.39232697247,6046.61334727821
4220.34520177479,5509.04169404179
4484.53193682875,4726.52563900194
3942.06281383962,5228.23620688724
8326.34215767917,3217.87007110401
3378.38450242968,3473.10148404897
4966.83365620987,5985.51922047819
5067.33136517629,5412.48481153798
2849.60117362874,3228.72497684889
4213.92067396594,6205.85598375034
3525.99550613154,2445.24248613073
3860.16155199425,5706.75950703252
4501.3076788772,8020.60695428311
4330.33902870923,5726.59395547993
8795.48983274113,2247.75238069318
4316.10684034644,5171.57487169329
4476.03831520332,6948.41940602132
3963.32964470784,5000.85256084155
4123.76386969747,5702.44046348922
3924.03852679247,3757.26021335139
4657.30565213488,6450.17540549141
5061.53886010716,1357.71036648661
3864.69284639749,4709.07820845172
4054.15207322553,3317.72353315193
4646.21275711195,7295.14971837403
2195.43662948411,5678.28697149851
4833.61522453639,5623.10309255483
7133.31040656013,3410.52968957105
3959.87766032453,5272.67871672119
3839.79110992882,1027.68843941755
1881.72309195911,1655.16768203486
4215.96950497731,4366.55319157953
4325.47340400821,4947.37363427368
4377.39000545202,5834.80134588514
3197.26153316461,1935.80275852288
4437.77373140345,6199.54740624667
4158.24053844838,6784.40315661006
3097.54432443328,2745.37097830547
4378.53138238928,5184.98741742951
3747.28556803242,627.877107289041
1916.44043362091,131.508654800647
3435.96022301302,6252.23051923039
4524.61356944536,5767.96738189531
3953.44888525568,7872.50359371279
3507.3708677459,1598.39281020576
4706.39649695101,5332.18163920817
4967.84814027034,5883.10832986655
4136.00627822353,4529.03532213676
4242.01082762491,4048.75040701191
4023.02957712977,5467.72535308542
4132.5948564836,2321.12199545696
3823.91368575378,5942.44084168699
4622.58810665453,5667.60226499254
4123.4244025403,5482.55826961291
3759.36680476001,5251.42347462727
3698.4447863893,4848.77055520574
7883.9517850274,2848.69121913641
5049.60331002868,6458.75725282949
4249.8708160345,3318.00769188123
3937.98527273877,3491.57180145363
4622.21483975127,2580.04747188285
4735.00571865922,5331.55623629055
4601.71054594339,5433.79671623566
3736.89077359559,4800.74772995363
3495.7332516711,630.377714678284
4384.84685088563,5034.49661610675
2881.48350002069,2454.16515480188
4382.71129212807,4755.56649199455
3889.20581221061,6750.36077169753
4679.06149073593,5638.73182266647
4110.21107590625,3042.6010091558
3487.35394921174,5297.57093683703
1959.80880072478,1447.61816729514
5057.62327219926,5433.22839877706
4233.93235010311,3767.71742373182
5109.8208843259,6863.56969402267
3719.14706485358,1613.79414990567
4415.11533814026,5465.56540845852
2718.8338523391,6215.68779121315
3119.48825548435,1627.43376891218
4509.27981034198,3799.54320141369
3365.89875994401,685.561329337432
2878.57845715993,8469.06609172608
4134.6727501235,6496.4932783677
3967.93495839315,4056.5360179106
4418.35018939894,5376.85122231241
4222.10833085804,5955.2279845056
4350.7559528094,3075.96132854696
3664.97569066773,4721.01287508242
3355.20592455541,2565.04393326121
2032.96024722086,2415.06499822092
3496.04469182865,3516.74818029877
3271.33103825958,1911.81988862633
3848.35022887491,5075.47255858531
3290.69028472198,1057.69562237464
3988.89002241346,3269.98486662912
3774.10454778311,5898.62331191541
3947.88599423708,4684.69722033547
4345.11912496582,3073.06286722255
3490.42841929581,2252.24204633063
2552.36216370671,1692.39247557348
4524.96998724003,5871.05991517307
3307.75091379395,3154.16185313651
4788.65645569563,4244.42202343851
7303.42474325781,5144.01147495095
3706.19048986699,5350.59487115381
4229.36752355699,4223.90550946972
3705.98837815806,5458.46144022596
4259.86881399058,4627.3542424754
4378.98862763751,5251.5938852938
3887.23904253998,5378.04451983338
3745.95689480365,3814.31945533741
3813.15669851824,4299.71922758971
3985.62489387432,1889.25760094867
4867.23080525077,5387.76300208867
9284.96205809117,2461.78056646166
4552.00948868658,5965.11645457217
3945.92977914903,6208.41341231406
6748.37690688355,2067.19783952337
4057.18465077476,7498.89152728386
4356.50871433649,2845.56547311408
3992.4552162093,5750.34954067856
4812.75148077715,3923.208911264
4522.08733080198,6349.86737404765
3688.63526224366,6753.48651771986
3903.50184594515,7007.97899111206
4501.44436378385,5523.4204640287
3138.18806104461,70.8691832889331
4511.58372063539,5679.76442774879
4960.6633847794,5067.00445931
3288.38111694691,1798.6109663012
4775.17171733128,7085.09975481578
4660.62776216986,4253.34469210965
3856.81527256223,5674.9903919544
4129.51498466534,4281.24891018505
4112.55296046996,6018.70912920281
2493.95077649781,1430.62551756838
4469.16220486575,4721.86535127033
4429.35785083393,6473.30601062767
3461.43764615874,5129.0648103607
4616.00582091382,6631.46867478635
3562.70393472516,1861.58066757119
9144.67802756345,3771.24065369097
4065.06353079476,4088.58929171801
4213.56364147751,4251.6964023376
4159.70672268245,3081.18972230955
4404.75403392392,6289.51239822802
3136.81609671056,1985.07596675497
4787.46714021538,6048.26163705026
4210.33631984581,5348.889918778
4946.52802391492,2795.21250399617
4518.64107826534,6137.43039259221
3647.82433702219,3933.32487745612
4442.49504989503,4669.52348247493
4449.14638122449,5174.07563765325
2818.31248590002,4278.40732289203
3580.471665436,5109.34410997606
6662.03029262542,2591.58423172148
3880.22483025422,3328.18053210473
4231.83451146119,2766.79663106592
4745.23869558954,6614.07832969514
4277.29290400143,4091.88544840687
3250.36626790154,2893.2472656055
3769.914098257,2579.30874375771
4272.20622972047,5250.00268098076
3389.26109192473,5151.17252864253
4334.50419280066,4286.25001924972
3926.36712810691,6174.08686867223
2083.10966560879,3170.41556331051
4821.65073431363,2238.9434600848
4435.7050162294,4743.23391857177
3603.62019311647,5660.49829675998
3449.14164683369,5988.07664904191
3659.83056427361,666.352178093826
3427.81875017043,4389.62713411204
4587.09571266368,5013.35554493085
5270.47037650504,7149.83128249297
4067.95557042711,6087.7597004233
8144.11280943656,3951.45437352771
4635.29644706823,6065.822392808
4377.04490874562,4277.72525737065
3609.55959712595,3204.45794822304
4302.92129506795,4302.6745629455
3760.44188054254,5384.23934927427
2502.17320931292,2532.19505729727
5235.33441471155,4984.03011035369
2744.85429362285,6520.24886356633
3421.42417600549,550.244953015002
3872.06455563838,5344.91169656776
4175.81827479398,5772.85474289721
4340.63394166769,3979.18818093658
4460.60827346928,8253.33295358179
3407.106834191,5619.57943974043
4382.23670867954,6367.7693739937
4587.94561427707,6767.75111678874
4138.49528820562,4657.02049838562
4454.10012285722,5289.2736710835
4173.53301289758,6889.48480099295
3878.29933564263,3573.12535676342
4419.63053345168,4466.29290556468
4515.22839785776,5767.17156831116
4378.83361087319,6769.91106141564
4723.87238721236,5025.57437029086
2647.83132590921,3566.64636859322
3353.97251214091,486.650218825739
4316.44479401642,6842.37153738776
2009.53871597668,175.041774772623
4210.79996710718,5413.28020226688
4943.54155761642,6339.80849331455
4610.6505983799,5970.91337722099
4425.019452677,5035.69033648297
2262.09040585751,6737.57362887892
3688.66311973186,5390.49084131892
4669.37742441496,5934.48439726652
4542.15992512257,5290.97862345932
4098.15990203559,597.813103157464
3945.67616981814,5069.16398108165
4004.48717839094,6385.33055260669
3813.57745920359,5748.30334411443
2718.09730210874,4187.53319211901
4467.1019807572,4690.49414298429
3593.7708096355,3932.07449447614
3975.58715482241,2053.50134648547
2324.79076075317,1761.84084787223
2802.42839626921,2556.80333011144
3774.08291135123,1167.21037550503
4549.68349007256,6271.83747155226
3484.53581038344,4761.19300397684
4446.76728185127,4855.8745234383
3901.58133138058,5269.04131584402
4217.26718515775,4689.52791873361
3326.42041177495,3178.94032518958
4340.21990437537,4253.45801731717
3257.00938925223,979.097296706832
3532.27508361449,4590.24319699955
3561.85896933197,5166.80125875416
2063.65929552037,4653.55350817498
4061.92532596809,5037.73611019185
4374.11209738947,4394.91240190602
3483.06077601658,7154.77530609863
3249.25830547566,2092.4310923999
3892.47598207238,4891.73560878942
7955.27909987461,2905.63650163204
3382.15172697213,2355.05063230672
3881.43890697152,5183.22537959469
3602.46804812072,4181.05462680407
4387.49665885915,5151.74084610113
3923.3949268863,5142.02236384584
3907.72810715033,3991.97532375519
3978.5139650673,6590.37940710027
3733.00665741382,4877.64099753182
3236.27230031423,6119.1875713131
4221.31266916293,5314.50671253241
4142.15337243989,6863.91051535573
4212.53189670098,5913.2291551726
4191.9347002222,5237.15887555839
4086.09375428801,3846.88396114442
4662.58617848743,5581.10468607709
4060.88386084056,3818.29767754765
4562.73025159801,5730.40134416838
3907.43357146842,5858.78442720931
4938.63516242449,6151.01334899497
3779.10903833771,3351.36779984476
3742.17025810038,6182.6116305513
3822.8810459344,6216.93817419313
3348.25543552495,5756.43062205668
4775.32214744069,5009.09316399132
3956.01955817746,868.389034627846
3838.17005574347,6794.68953346871
3900.20612960177,4409.00659030837
4170.86365674875,3301.75377027961
3630.55530015857,2698.65541006473
4078.49268820291,5859.18233400138
3247.08522858677,5059.90049107744
4616.61312363473,3839.60958224533
2903.86971149108,2285.2613329611
1344.59994871835,2762.87528288708
3741.90638149967,2893.41767627203
2743.06536036663,2979.06320185483
7471.40198787709,1337.59186502371
2624.33732562114,1340.31980996778
4366.92656613402,5814.68316156368
4531.5541377276,4529.48989153259
7486.40669202178,6203.46896585315
3813.8033910997,5927.32334357495
3084.72904957032,4044.48802607237
4285.59708432226,3864.3880542984
4300.95765314257,5833.32388963486
7151.24321957962,586.560396334326
3613.04097438811,5169.1878537961
3244.11081486225,1702.96322258905
3831.7926370946,6106.11626976519
3896.39160524989,1792.5300963507
3562.93710150534,5627.8200428902
4181.82302259257,4518.46478654881
3768.20849069522,2532.93399685003
4020.93341327964,4387.92218173623
4167.93992014918,3539.53775267435
3750.54831205128,6604.87150229469
2828.68329774141,4919.18525746898
4524.11288757946,5598.04046177246
4292.6165861236,6676.08159528683
4031.3923761607,6405.73331851271
3296.35813350454,4377.86287814787
4512.85518291486,4738.00573623681
2985.71888556336,4320.23531870324
4252.72539410279,5772.62766962692
3121.04474799085,1949.10155619633
4322.76004842362,1506.89369937038
4637.65795150805,4763.75043254056
4180.43551258007,4878.15265238666
3667.58555085409,8629.95744082552
3336.10883208885,2395.40117186766
3699.64204811208,4864.51303338015
4495.47156822179,3315.45026331751
4034.64047639145,3055.95646943302
3565.05241775963,4130.98560498783
4781.56282591685,5433.34214683983
4390.63091121763,4427.47690771302
4533.07116816358,5432.14842646361
3883.45059517187,5845.14480820279
4684.0419750562,3808.12462589652
3934.32279752514,5309.27810734219
3247.02593290647,2874.72007416946
3400.95930660788,5551.72258889617
4408.26053285205,4698.56433546753
4480.74432016098,939.54235930241
2911.27887352826,3300.95816812309
4814.2874735333,7153.12701632658
4276.27371172594,4551.02929235582
1466.62791692525,2038.78196659313
4738.05802960445,5667.31810626324
4066.70837313955,4688.67544254571
4428.90511490396,6931.31321965941
4820.3248135331,6527.80782404998
3925.00323430878,3693.55199538389
3126.22737775594,412.598459255219
4001.57648918688,5893.56554024698
4139.41820688524,3713.49976903881
4524.90646341749,3364.60972348683
2133.49304949834,1864.59266553074
4032.84089823131,2100.67169554967
9065.97766641443,4952.8863981932
4785.96075406814,7110.16238559815
4427.80949928653,5259.43700450675
3960.11772340662,1358.33545226279
3721.77382003316,6885.90448557479
4098.85965901043,2089.24847234619
3693.12553399297,4108.87830956125
3726.75743940475,5054.5585606797
3118.76984317937,1458.52984135759
5305.59095229499,1573.89828545437
3484.47345338779,5012.95763813878
3907.54468535837,5619.35236647014
4453.42529279391,5653.33766592366
3213.88788689291,4012.15059353566
4954.41995422613,7088.68007023394
7414.20320524513,1645.22212650928
4795.75040846867,5262.78982379936
3791.2521481656,5108.88954058023
3797.18512988102,1918.98073089028
4355.07273792685,5071.89224316715
4715.28121163802,4811.43201360435
4662.84161447952,4605.18986158981
4386.78923368672,4554.04129031537
3847.1281337322,1744.39352303582
5663.34672989778,5440.50277767615
4021.56362440114,4839.50706520153
3927.53883354007,3583.12757489276
5042.34623066853,5711.87436415996
4134.82651219528,4183.15748597195
3754.22277548672,4836.94963663781
3838.7356917909,4543.18659599812
4574.00172604455,6613.96458163237
3877.28535636388,2002.40964924242
4689.33119470089,4433.89881042421
8608.81261858716,1237.11342291343
2684.77581045818,2684.61788426614
3997.41228898432,6204.88975949966
2934.83192045752,481.876341602077
4712.41787889232,5071.66474704161
4348.89123467349,7270.99622638332
5334.91892832261,5691.07411431712
4375.68436828665,6365.72360028483
3585.29115400868,2276.96385577994
3737.66742719458,4777.61712481736
4427.9753336241,4999.54509240255
4592.73282205321,6226.99747778149
4250.13623922711,6999.68172535852
4101.71745093379,6608.79306190117
4067.90411665442,2300.60590434343
4376.22304726633,3118.98283330677
3829.1079026296,900.328454658676
3871.43957013596,5571.38620382179
5257.10409699209,4828.36821215498
3947.27137505657,3458.43897818801
4093.66431226402,4691.28995656844
4582.22759396221,4365.92821151717
4385.05298394337,3586.36706897786
3961.20456654648,2957.01235760439
3270.4279858452,3325.62310354101
3647.14553763598,2985.31469389949
3914.74117259243,4655.77011540564
4437.38686171076,6635.16273826728
4071.81931208079,6658.91832346591
3718.60919200902,534.729865252327
3660.23382846347,5674.08125316274
3448.11010087743,1932.9045086261
3928.09085575342,4985.22383072991
4246.82417650108,4144.85272011989
2553.05788608381,1370.66802568557
3634.50299415265,1464.32665829259
4500.96186064314,4327.28262433204
3820.9984179999,1399.65221607441
3382.46990219875,3019.12958268647
3546.36453768456,2217.74509202226
4425.21443360045,6578.21724434402
4222.99739014321,5305.58404386126
4737.27723599393,4638.94808777304
4042.26511275537,7319.24654776097
3406.6315571908,6557.81490129326
3882.23738367452,4682.76519468937
3670.51290132397,1210.57291302553
4351.80466778368,7484.39943208944
7762.24425244363,1104.29765398024
4124.88093676047,5597.07423752178
3697.06979357295,3126.14367557071
4627.5791748685,5700.22385625856
3767.50425841108,5974.94868489024
4015.47536159614,5576.33065028271
3626.57639183986,687.720903965987
4383.55363604927,6799.57689447061
4394.71396619088,5426.80649606587
4516.71477098168,3245.20618314843
3732.02675320393,3768.96738385655
4443.1865463971,7965.65099432022
4420.10463710767,4371.55472349946
3816.68239949889,2391.47982368881
4364.0140085396,6557.81490129326
4657.44166036562,5360.93833347147
4058.27588271971,5885.43868515998
4345.62177498289,5464.25836287478
3650.65577295923,4095.2953531585
4422.30683398315,5817.63807406422
1278.99585577725,731.708685833383
3405.5915306198,1372.6002627593
3393.49266814417,3168.25604153886
3701.35108454368,4397.75398919904
4452.1326369925,3479.01194333293
3749.08207197207,3314.88194585891
3852.21149111816,5687.09589210689
8648.82533376378,1987.91755404799
3401.70248745431,1157.83313743805
4444.01797185191,5888.96191511913
4245.10949289031,5506.25719220778
3888.9834332503,3835.00595711748
3976.15577490709,3666.84107482946
3604.72913402285,5143.44315749235
4032.37861992931,4098.59150984735
2106.28528086053,1239.04565998716
4274.80546474036,6510.13289737422
3573.46559565424,4881.44880907552
4338.31760307378,3903.54529633837
4381.36030185087,4732.89087910936
3703.97905743697,1043.03301079988
4071.61415094428,3270.26902535843
4889.62077136155,3253.84469309027
4164.37914362895,6443.63975471745
3854.53255972434,4247.093200065
3718.6691493369,848.952598686323
4092.4322101504,4928.33499941042
4285.62107703244,3717.08008445698
2165.44398740232,2057.53644272709
4364.61760297203,6409.99569945224
4221.84464312182,6878.63010667569
8621.3135211295,4743.91598409315
1711.83668779623,288.477942152994
5254.8492265865,5269.60963330262
4500.9650128638,5125.20033621323
2975.23367681375,1368.56516651768
4061.90048121783,5660.38497155246
4250.76589379212,7631.13950732751
4298.40017763393,1161.41355857003
2817.945178954,350.708677441771
3621.99726400735,2283.32888445974
4667.66011746323,5062.6854157667
3646.92990812767,4246.69529327293
4126.14215031207,4524.88668925999
6392.46126447134,5760.29509620414
1841.10847976909,3131.65643949023
3575.61369601586,5918.68525648836
4031.45886741655,4856.44284089691
3742.96106222253,5533.59309282457
2966.64416121932,5782.40239163072
4117.33344005924,5081.8944612965
3294.73948316209,1931.7109996775
3200.49695919947,1835.43806447537
3992.7948460208,5288.47785749936
1548.32930800385,2116.41417372407
3809.16751281162,5744.21179669668
4497.3068325958,7269.97376238414
3811.15950947752,3484.01326382523
3816.3375566513,4418.83839777118
3994.44846410104,4529.83113572091
3428.2589765209,3988.16751221148
3895.58170413992,6113.90230351912
4506.97405463513,6643.46042687606
3972.83981916255,4620.53443297214
4527.55042863711,5028.47262018764
3375.46645153068,3626.26303914297
8499.35984180572,3458.66626288593
4576.51715132928,4372.63427295766
3797.54357383895,6096.85277976098
4403.68446839874,5034.26954283646
7936.67965343629,3192.40953352956
4014.12346516688,2862.61499687223
4437.24847652495,4838.08627155502
4362.52352607229,6066.67486899591
4153.31526215802,5089.96465377974
4366.1426439489,5561.27023762968
3790.35443174366,5224.31464728077
4016.87246071282,7532.64975346709
8463.73957990954,3635.52652914718
4100.79617406873,889.58729697657
3995.16211504219,5807.86335206042
4416.15563946948,3029.58658163928
4137.65114868988,5796.66741355485
3836.7685302678,4966.24185847041
4621.91101688081,3266.06351845028
4306.94183347715,7291.28566708182
2615.84364125284,2766.22831360732
4272.57479607779,4515.96402058885
3629.38794213368,6261.15318790154
4411.96464180784,6699.7805178817
4647.3037609917,5297.4005261705
3489.58073941028,1704.44078455314
3275.46903930418,5626.39924924369
3390.51307514176,3880.01678441003
4149.58420621692,5202.94607997933
3569.83962456327,4864.79719210945
4454.42411866452,3784.70986203095
4323.03360532028,6774.45760108448
4492.35026799403,4760.96550785129
7776.85900197217,875.493002860407
3759.69391982041,5323.08855987049
4496.25324392003,3509.53067543106
3282.90872759504,147.648867982179
3958.35705808509,5172.65484400674
3812.29157766616,5643.10795166877
4844.87323420082,4476.86386400789
4241.30302215169,4447.53842943072
4394.6161366812,3718.61462616626
4200.38817784973,7564.93052340005
3316.5262625826,4544.20948285256
3751.35536432982,3694.12031284249
4434.90568063981,3916.33243915698
4185.89740287218,5920.21937534239
3748.34309762452,5031.99627300204
3966.37969093766,2952.35228130041
4514.69655508054,5391.00249617377
1271.98401772112,2831.75523201341
3832.47165911721,5527.85325563476
2672.12752129085,474.658731020558
3184.15594709406,4959.02414217508
5031.21769182506,8492.87876238373
4248.40491395819,6325.94137818249
4991.3357285297,7405.74412667643
4062.26312065847,6086.11141065125
4424.71698279653,5940.39464512286
3315.96716254106,2926.7211216318
4432.83576719229,6968.36717967625
4263.51975257494,6619.47734555189
3734.54050467769,1353.84578662534
3362.45915446591,4458.507294666
3723.52172625918,2801.52087007221
9091.35886340213,491.594559572838
3976.49140292704,6642.89210941746
3336.84161253493,6616.12410340402
3580.12866962504,4986.58753891741
4191.94150380319,6289.73947149831
4367.83152885477,1706.6004120386
3771.37346813847,4279.94186460131
3323.9290334526,3725.49109827328
3633.34732843473,3241.91002645957
3555.16989368613,4093.07916878309
3587.94081383467,6783.89150175522
3898.10990757918,1239.61397744576
3443.31813419149,2950.07901146599
4083.5510983677,2551.68847298399
3803.37821990672,6361.29080867876
4786.32947418398,5096.27280842815
4764.11288348358,5066.09532051833
3477.80363201329,5097.69360207466
4328.60969842621,3953.32973657006
4604.2907223439,6837.02918413477
4389.43541594745,4304.038271133
3320.5729205247,6484.0473797374
4341.01721666973,4677.08202010332
4438.14673172784,5972.10709759722
3550.88724696494,2851.24864770013
3720.48397716625,2877.16375467041
4171.74830654934,5062.23084637087
4357.21839875989,3678.77574146016
4263.49848812647,4804.15763470526
8958.98169191985,4924.92509465879
3516.22057189325,2668.07980393521
3662.57178897488,6289.05740597693
3793.11301627866,5012.21891001364
4201.57420746286,6064.00369236942
3934.87491839883,4453.84700693439
4025.95556087097,5869.35496279726
4422.07845862125,7043.32842160833
4091.47319008612,786.665015794615
4302.55073693509,6708.87359721938
2815.65886031238,4405.88084428604
3838.12620535874,6010.58185126056
7239.4310549224,694.938567404412
4338.39046040761,6477.90963575552
4704.84534703215,4998.18138421505
3469.57833815519,1578.1606663939
4855.20406049645,3956.85338938446
3580.94358693834,3667.57980295459
3455.4947716493,902.601724493095
3393.98663880808,4749.20125188712
3877.1250127459,4746.87131944894
3847.46366077233,7257.0724486475
3565.08980909333,1393.62800872768
4282.18667060289,5831.84601052934
3939.34956679602,2757.87396239478
3736.92161494892,7588.28820180661
3642.92845486399,6513.82696085515
4244.87878561113,5603.49614023297
3111.04161932267,552.5750440239
4454.062655622,6196.36499762059
8589.87532480246,6919.8897850283
8321.75476967875,8718.72828957539
2689.54424098675,4300.74211444415
2930.15489578203,187.942573154417
4664.03611736751,4860.08024177408
3703.96377010079,4526.64830423957
4421.92258677134,4754.03195028526
4312.40935554076,4935.66646376852
4073.83842903537,4782.78906740382
3570.09870027115,6254.73128519035
2594.35744924624,5233.57856014023
3602.05467205054,4059.88926005846
4608.22396007696,5668.85264797252
3740.05703496059,6980.01768757765
3885.77534209778,6568.27168881844
4887.68640119838,7150.68375868088
4156.20929755221,3828.8682131356
3778.55967419703,6266.89302509134
3660.56854708898,5081.61030256719
4672.86091972129,4631.33246468563
4243.7328379457,5151.51334997559
4268.21646563325,6104.18382126383
3661.92711881703,6152.94537464107
3944.53582689788,6982.00679868276
3842.61776899329,2510.31483514099
4203.35060058338,5311.60846263562
4367.57196718219,5137.13500284394
4140.95182496889,7297.87798045953
4153.77439582719,3711.85147926676
2374.49726358561,1345.37789877765
3649.3397200461,2964.57110666041
4292.67058486637,3641.55094792154
3941.14113857954,4448.67506434793
3309.84514031372,5494.03836684778
4271.75099850304,5796.89448682514
3932.39695086841,2590.39093420051
3373.80481171845,3879.44846695143
3614.70271813829,4917.76446382247
4113.48749008051,4443.38979655396
4066.412582342,5017.50417780762
4178.93911180525,1676.70687143046
3816.67556180499,5107.24125080817
4201.7587695084,4003.05751419798
3915.81271762744,1158.74238194353
4724.72167150775,2604.14408984217
3627.77184101522,4281.93097570643
3983.77122567339,5179.24715738445
3868.20929149246,4860.64855923268
4314.6866277549,4293.41107294129
3932.19294133941,2106.46861819849
3973.81960805459,1980.58630111752
8943.04602824917,765.921428555538
3916.99775107812,3079.54164396512
4003.98650500854,6826.34490048405
4233.31870126793,5354.28893463474
4063.70443662538,4186.56739072358
3576.05400983669,3375.86232459615
4132.25456755608,5312.06303203146
3669.90770418207,1495.24319146898
4276.63814156808,4670.94427612144
4785.27666936518,5466.47497010544
3798.01973268664,7065.32239182738
4765.10074978484,4298.69634073527
4365.0302227258,4252.2647197962
4050.6610772089,5317.29163722167
5021.27405194216,7660.40785644566
4332.33993260143,5055.41103686761
3717.5340354134,4477.48884407025
2419.41495995397,2159.77671124457
4244.4759015281,5433.17131331805
8668.39323286525,3566.36220986392
4347.63807392437,4546.82357402004
3862.11397440978,4199.07037481289
4251.03368616971,7449.504570989
4460.32217701998,5415.09890270546
3811.71693330247,6262.40357088152
8424.7057833293,3093.9202025244
3687.48063698664,5131.11058406957
8039.02194113262,3215.71054933236
4098.77859045431,6192.72759674341
4261.65903967723,4342.00221565201
4304.8473559332,4786.88103767682
3304.44268620569,5497.05036480733
7781.05626040213,3789.42681236632
4619.99800369923,5582.29798359806
4297.94786653983,7050.48905244465
3710.55031033767,3940.20177241839
4009.51916297208,4142.4657022227
7698.32508481571,5695.90481271526
2161.06882225561,2037.24742488384
8430.85621508653,395.548935497074
2397.81112530366,3645.07417788069
2455.77838156748,4093.98830757475
8612.27662019304,5302.23122456864
4355.33643470994,6784.97147406867
4580.76368207226,7066.68610001488
4164.37333106866,2129.08756847991
3986.28420408501,2520.71517149003
3731.16529352054,5802.29350268189
4052.17820211077,5760.86341366275
4726.11842914328,4776.992144755
4379.32986840438,2246.44512368181
4193.7366008222,4400.31141776276
4353.00500855197,317.348463764429
4206.56459931612,5047.62500311368
4000.62439352559,7340.61511506242
4250.00240582885,5741.42687200741
4885.88460940251,6351.51566381971
3841.30952160539,4976.52823532906
4395.80373570683,7666.43185236477
4679.48279864229,5267.67760765652
4245.18604852086,3526.23916642852
4534.73959216878,5938.23512335122
4193.93674909843,3930.65370082962
4574.25061529117,6397.2652192374
4070.90532243301,6493.59502847092
3771.52447643356,896.293464130869
4077.92537249687,5380.54528579334
4136.00030945747,5080.75782637929
3981.6667452032,5625.14928911896
4488.25338638906,5043.47637023691
8130.43773552772,7770.49060989322
4205.73227333999,5478.12547800684
8543.28963601856,1171.47275644457
4590.73960194152,6035.70156750195
3286.42817914819,751.940776788334
4701.71990017912,5727.38934620882
4430.99875333912,3038.45237627904
8832.24188844416,3433.88757940523
3491.06078384107,4898.66874350019
3936.37845240553,5880.60798676184
4068.99946238771,5441.2985912603
3835.49287064566,5551.8929995627
4325.38161184303,4241.75084681201
4322.85624176905,4430.88681246465
3858.410969412,4698.90515680059
4889.62432765784,8239.92083070081
3831.37154403091,3977.36948049799
3918.04513852612,5607.01979304737
3790.1293151083,4483.34242932283
4134.37350944665,4443.0489752209
4309.4924290902,5074.56299693839
3721.58233496379,6721.71740264175
937.798759793073,2764.29607653359
4276.30480106416,6391.3545485258
4127.38258463349,6529.05778417471
4904.53314914498,5760.18134814137
3333.55115654573,3747.59881655511
4720.44220367495,4816.8310294611
4240.93806599517,6918.69648750734
4180.10712337639,5047.73875117645
5249.60275594423,7408.01739651085
3495.9813381848,2313.7338684951
3726.56213117971,5432.77382938122
4612.7434843552,3918.26446480309
7562.5302165792,5387.30843269284
7686.35665737686,3230.37305519332
8699.89654634445,4959.76287030021
4162.07661476261,4641.10760954468
3969.41000099565,3638.14104316991
4155.51434827428,5797.63363780553
2333.70316238275,7355.22138117486
4125.34840434628,3467.30456140015
3211.294497959,2887.05264759223
8541.34088060635,2284.40885677319
4179.90487869787,5256.82249048401
4524.68747571644,4507.325510647
4047.98816470548,4454.64239766329
3896.36240181578,3688.66421152673
4356.09852296198,5837.18836378233
4137.1497073893,5576.21690221993
3668.98327282834,4781.42493636107
3290.69172640308,3123.87040573629
5903.03241062531,5523.19296790315
4195.13163470145,6775.02591854308
3385.09883215109,5639.12972945854
3690.41982939256,1917.44618918099
3697.60173143625,5795.3032825121
1707.14995091463,1632.77601645135
4398.49253462995,3816.47897710906
2990.42290432236,2474.39729861374
3841.88005734039,2629.20693205217
3008.14369195699,4607.69062754977
4014.48696201679,6010.18436732374
3937.21215971439,6856.80654712317
4907.59465854156,4892.98556891415
3966.74655053358,2941.6111236183
3828.79840964158,4915.77535271735
4473.19806557948,6261.83525342291
3633.18410529045,5053.9902432211
3623.46665768862,4868.20709686108
4710.73308253317,6508.1437862691
3088.6586501833,4882.18753720065
4202.62948844209,5392.5366150278
3672.25451155485,3369.55395852012
3752.88489826677,4975.56243393363
4194.39459626567,6366.51941386897
8527.91080412548,2045.43136542985
4009.73722453949,4921.91309669923
4384.09715745057,5750.17913001203
3551.56495988773,4520.56722286145
3774.02850530152,6350.54943956903
4083.34876309536,5652.42852713199
4107.18915487297,3548.17605118857
4217.74406106042,3793.80294136863
3985.75641648251,4248.05900146043
3995.14174009599,6606.29229594121
1947.95041226059,1141.12454072678
3670.56183948444,6062.81039484845
3749.91725153995,3706.3391382025
3180.37377324816,4356.26681472089
4423.25888804461,4740.44941673776
4667.34041796192,6037.0656985447
4749.98373526058,6382.31855464714
3611.40483833419,1680.85561002104
4374.27088851995,4753.1228114936
3259.30139251668,1060.25305093837
3794.88887628809,5095.64782836578
4139.74168300398,687.777777997372
7888.74496655867,572.295638694725
4166.09382118803,4581.71843512048
3507.17060378959,3371.03162619801
2933.23194198653,5260.28948069466
4524.6780424422,110.139915714259
3866.11165321142,4244.47868604227
3685.60381702094,5131.67890152818
5143.20634169422,5587.07201939244
3802.0162287223,6084.46312087919
4468.33412510735,6269.50753911408
3946.88308474926,4101.54684520315
4363.74373968523,4873.66277532158
4102.73611199013,4696.97313115449
8231.88462225182,3071.58519954465
4173.86296893377,6452.051191389
3806.70364516149,750.519983141822
4174.1267855599,3613.1350749913
3641.71526856955,2933.37052046853
723.953473090437,578.319846041462
4003.83580881425,3691.22164009046
4035.53417222906,4827.28823984153
4019.49536629462,4044.43094061336
3542.42348775817,1580.77496898901
4295.88025553569,7261.56232571258
4351.74969767349,5145.37560599371
4131.07166778649,4374.33922533347
3352.66646513599,3843.87196318487
4333.55549233713,4367.51941583021
4399.33644469301,2932.85886561368
3709.19006739324,5262.50566507006
3030.87128210959,5244.31950639471
4196.52578308282,4639.2889091061
4191.97475100195,5233.86271886953
3727.06351449495,5968.5263593238
4205.38244058381,4138.26040674217
7816.31654807226,6758.317216118
4039.29365060634,8137.1120332971
4474.3210712842,6730.18550191706
4627.3974126167,2278.95296688506
4194.08165280002,1362.9957399944
4363.47826047459,6519.90804223327
3563.81634892347,7488.32099169591
4248.18717779963,5670.21677901528
4035.85464220113,6019.73201605725
3460.16581636836,2529.63762873355
3873.840095453,5247.61566308357
4780.36618137603,5817.41100079393
3742.20837740545,5586.44661647482
3361.16908665398,3039.02069373764
4390.2852701661,6593.33474245607
3783.30476109726,5610.60010846553
4552.70563523625,3616.20373555462
4224.09654796754,5496.3116366822
4234.63750861479,4502.04024285303
1516.60537844489,6350.49277696527
8643.50766454838,3772.03646727511
4674.41811475188,3851.60091147979
4608.06412432114,395.32159794225
4587.45948533927,5440.50277767615
8738.04664084841,3796.01954859929
4674.49297612249,7265.08555567173
3956.56302900203,6180.45210877965
3435.47995610886,4376.44208450136
3485.84264074639,4442.02608836646
4317.4438540453,2793.9052469848
4439.66314869776,6780.42493439983
4161.41439840851,5134.17966748814
3746.40103906269,5102.12639368073
8834.52318274227,1831.74400099443
2152.93703893181,1767.35350607793
4532.7204435118,5057.34306251372
3984.8401231736,5053.25109224071
3686.22741026004,5058.82094161924
3747.37095429614,5456.98398397569
4143.34863450088,3508.73507327454
4705.97368878295,6002.85290296564
3834.23754842968,4860.53481116991
4295.75372633276,1685.91369883091
4019.28404108627,5000.00008465364
3632.91248181155,3295.27499353704
3958.90481977744,5673.56959830789
3546.57891223787,3090.51029777277
3871.05383265844,2048.84127018148
3937.43667695583,2312.14266418205
4453.9244125176,5236.19265130771
4244.2640317794,5912.20626831817
4688.23554141058,5314.27963926211
4385.84877891714,5991.60030185631
4746.48245284271,5133.72509809231
4154.37031516731,5892.71306405907
3092.97148338275,4308.86896953114
4959.06861805442,6713.81804368029
3908.48951684652,4959.6495450927
3886.66135873012,5207.54928225193
3801.34722590645,5959.2628693196
4685.69098655752,5645.55163216972
4250.49844600671,1360.72247015998
3741.65491348228,6904.4314655832
4106.10010173493,5059.90049107744
4521.2640642083,4916.11617405041
3472.11231826053,5618.10198349016
4983.12360795364,5997.79470844195
4093.65506826848,4695.1544307159
9062.81717086127,239.318481983675
4019.86066552652,1952.56812355172
4362.46627686892,5093.48830659413
4820.05825266087,7016.6175010539
4297.58679778,5295.07017087707
4344.71094068364,5549.90388845758
4405.55942844984,5299.21922660909
4216.53985539925,5529.1603012185
4449.76402229228,5392.47995242404
3356.54526718676,1667.04547463418
4407.47192030305,6622.03477411561
4797.58352023639,6658.69125019562
4078.03381291362,6901.19239435336
4302.89009286059,3519.13519819596
4737.66150670002,6387.71757050388
4074.1699244957,2907.17104334132
3392.82234433635,4600.47291125444
2346.38481705955,1126.2346444541
3647.75392173736,6179.31547386244
4807.14760632277,6351.28816769416
3593.2170193268,3204.91251761887
4280.15388362519,4708.68030165965
4260.68763346415,5605.54233679709
4219.21351145417,6742.68848600637
5705.56502369202,909.819335074614
4059.10374277552,6455.63150680716
4004.4537282767,3974.86913739328
5316.39615948764,3913.43376640495
3358.85592674927,3451.56229465337
3865.4925746359,5725.28648704093
4503.28096768108,5677.20699918506
3879.4922056649,5083.25859233925
3970.12100010271,5785.30106438275
4128.57111252606,3819.49097506862
4582.76012934362,4247.49068400182
3763.86724991885,4018.57249624684
4393.09612346999,5443.79893436501
3344.19850244709,6297.69591591878
4952.24351658973,7428.87515466795
4694.62597708638,6837.59750159337
2940.29905179251,1957.39882194986
7723.16996361211,2411.42759734374
3879.15916944918,2261.050966939
4035.09688245719,5832.86932023903
3766.5234433272,5318.54202020165
3822.46725868798,1847.14523498052
3882.57860627489,5004.26246559318
3790.87798719963,3658.82754494998
3951.34262674879,5360.93833347147
4466.42458825334,5003.06874521695
3872.31580991097,4612.80548467721
3655.39080350713,6815.60353137432
3647.62432276414,4583.30963943352
4156.36072283395,4891.05354326804
3868.36431528058,5924.25468301164
3777.66324541442,3881.55132611932
3865.36927918234,5516.3731583999
4543.64419922051,6343.04756454439
3593.42422007903,6174.71227158984
4437.66652602163,3427.06776990198
3045.30117571405,1689.03944485323
4445.63587679511,7098.96686994784
3436.66479701193,3124.60934528906
3600.94252634919,5961.13823236194
4140.84806624351,5463.34922408311
4378.88188671199,4319.26951730781
4090.22850604498,6866.46794391945
4412.61693607551,5521.03344613151
3065.71720937972,890.894448274123
3645.17931875923,6466.65661179095
4687.02839727342,5337.86481379422
3732.35322645274,4437.47954869762
3959.05352562259,5862.8193120233
4638.39116053308,5296.20680579428
8388.16935957135,1592.08444412972
3498.14393923796,2840.67790068455
4199.61478524882,986.599066017653
4534.48828009756,5698.17808254968
4037.92390171739,4454.81323118507
2412.82415478917,1195.2283416432
3566.73893608668,3917.86655801101
4498.63991241788,7188.87435361492
3737.23061068776,3966.34437551421
3682.38941324687,5048.30706863505
7367.22549193447,4745.2801151359
8379.99263372301,2634.83323260683
3435.44085956284,3667.46605489182
7600.52460917313,4241.23919195717
3507.04346888324,1788.43812607769
4006.28629142513,5561.38398569245
4249.50222636478,5877.76639946881
4239.49735402099,5629.07042587018
5090.72067220514,5057.45681057649
8090.17931346174,4151.21796022731
3057.83619874207,4356.03931859535
2522.86960733062,6365.78026288859
3959.63697069275,2267.01830025435
4186.88992382005,4473.34021119348
3389.93171988193,1081.50808160466
3513.77968246991,6413.68976293318
4236.82746489789,4152.52500581105
6449.41777855635,4722.54741679171
3360.00668550042,6105.83211103588
3396.03122900276,3966.74185945103
3819.83640998029,1189.88619981784
8412.44000833477,2867.84339063482
8151.63108784341,2460.41664684653
4388.81019375431,4234.98769991251
4093.63208434252,5183.85078251231
4052.74616333378,4163.095541399
3347.10609838575,4192.76179730923
2826.15287143578,3793.12087584725
4157.8443150969,5876.51601648883
3972.63986014853,4495.78875080838
4373.5608833421,4498.23243130933
4043.97121271288,6155.2757299345
3642.21880963852,1796.11041176886
3633.83655790324,7842.32610580297
4308.59025751415,4746.6438233234
4476.42205023651,7021.5048620558
4211.93116869287,5170.66573290162
1617.53453996598,3590.79986058393
2486.725576924,974.039207896961
8634.83301425782,1696.48434013267
2454.78858181129,2645.74501238309
3822.51985119563,3949.7494211519
3827.55834030831,3195.59215358328
3750.16158344559,3610.23640223927
4847.52975613801,6180.85001557172
4143.57688825923,5010.45687217882
4078.14892324852,4539.60585772471
4945.99272728089,5754.8960803474
4141.36154025303,4987.32626704255
3644.64505604297,1740.75633358627
3853.19260881463,4284.65881493668
3974.59962866953,3769.53570131515
4138.81064985644,2344.82091805183
3955.03006437494,3400.41372337893
4539.31311666211,7098.62604861478
2778.93234564582,837.13157440458
3976.41153166016,5265.1201790928
7761.47138945843,3676.61579683326
8668.3363473549,4506.24596118881
4208.55354083093,5238.2955104756
3272.69787512782,8504.98426253621
5341.8294510353,4978.11986249735
2417.35581721622,5933.40442495308
3152.83916388779,1549.40386641679
3612.28420843274,4924.52718786672
5223.48573996437,5135.65712373841
7890.32829991914,3585.06002339412
3576.26735560614,1459.15503284758
5050.54302698256,5973.98246063956
4043.94669965448,4924.86843205503
3837.34342428283,5602.92782277436
4007.32271548309,6065.19741274564
4439.22117841119,6723.76359920587
3859.2139093446,5803.31681239158
4648.24272993849,5669.47805089014
3439.94712475537,6002.62540684009
4418.03908204336,6407.60868155505
8946.89248290753,1836.23366663189
4044.6517098191,4044.94259546821
4306.75417114262,4662.41951424237
3901.74667529416,4808.02210885272
7996.68748891771,2910.29678936365
3698.10799423251,7612.61168160859
4085.07656984642,6755.81645015804
3672.22867729542,6285.19293182947
4282.46943165494,7174.3822584205
4123.17844758883,3415.98557945918
4402.13621275247,3432.52365979011
3892.37805136135,5142.87484003374
3567.09937152316,3850.18011783328
4830.2107509286,5214.19868108865
4225.50791742289,2439.38890087815
4017.7085272137,5379.40865087613
4720.63457857639,7979.17644240871
4811.32385234158,3205.42396104609
3719.16254376259,3788.40392551188
3063.42199230031,2944.56624754647
4166.3121729615,5127.18944731835
3955.68335169723,4745.22302967689
4819.77129381855,5399.07226580176
3159.46711939036,2528.6716159105
4103.25906482499,5005.00119371831
3686.53103482823,2640.34599652635
3893.99346502129,8135.40708092128
4079.67065968338,5091.49919548902
3900.12140929546,6007.79734942655
3951.85669877329,1168.91532788085
3393.67580115489,4342.2292889223
5248.49885137484,7092.60120698516
4071.39572600246,5664.30610830368
3236.71291327512,5989.49744268842
8531.97662461936,7590.22065030796
3898.88587218981,3851.54424887603
4101.00440134718,6102.70636501356
4431.45529073403,5576.72855707478
5078.99882667294,7062.19664580506
4277.40706452065,3232.98735778842
3670.35607260507,5433.22839877706
7762.5546830683,1636.29956355194
4269.74550500213,5108.71912991369
4077.59095640525,6369.13350503646
3742.37225259113,4796.20119028479
4324.84469415141,4040.16855967383
7725.70640161358,3038.16821754974
3737.31325975352,4626.21760755819
3129.62553761917,2979.63151931344
7159.10044495863,2582.66177447796
4204.72856340761,5677.20699918506
4572.84008358921,4630.53665110148
3965.17566869676,4471.40776269213
4330.74902140247,7074.35838570605
4159.89675188923,3859.89817723332
3675.70077704615,4560.34944496378
4059.69172507537,4684.24265093964
3199.04699342442,631.627991944452
4729.47495648131,6347.48077900571
3873.74035516147,4675.26331966473
4068.9932344868,5368.49687109987
8870.17564515799,563.48671808635
4451.99152670323,4866.04757508943
5095.07643295514,5955.56880583866
5065.32133717848,5424.93071016828
3968.41115589964,6227.73620590662
4684.02795614863,5567.6354777371
2763.68645473823,1617.4882133866
4150.69057986274,3724.46821141884
4006.43931802312,4161.1635157529
3694.25342631594,4439.86614373956
4616.5034929757,3343.18407072638
3978.86954018663,2442.17361413979
4792.13975583722,3847.73643733233
4347.54812106526,5987.90623837538
2456.34076246993,3694.40447157179
3131.50071914524,1388.00170817301
4847.73516930875,4631.33246468563
2033.90553944047,5133.55468742578
3714.59432789965,5524.50001348689
3216.56759101797,4608.08811148659
4275.70578864406,7160.11765935162
3515.91893642909,236.761053419954
4040.60935402525,4233.45358105848
8445.32120568256,3686.90259654716
4337.19976158736,4273.34912836834
4366.97996644413,3064.36769467694
4332.99130217789,4628.15005605954
4049.99723668192,3872.28783611511
4037.37982468051,3057.94558053813
5186.12436587188,6564.29346660821
4102.36806553332,4015.39008762076
3583.79700383167,2651.76921972983
4233.22143970189,4529.37614346982
3303.42627598185,4210.83420792181
4261.46159851557,5244.94490931232
3879.25903787558,2470.4190764035
4715.07147044202,5486.08192242731
4306.80741200295,6819.24093225149
4089.20159293953,3267.76847082609
4320.02660204664,6432.38715360812
3942.61940643028,1412.32561083025
4033.91697165492,3227.70208999445
4267.88423671958,5208.17468516954
4800.87510889748,6682.61724606078
3531.61169406586,831.334757469574
3587.48090259418,5877.36849267674
7411.34126014733,1777.92425309351
4301.42896928775,3757.71478274722
2894.17595235597,5383.0460517533
7720.83070811775,1937.96249172215
2885.03500492355,1548.43764216611
4901.84815892691,6919.26480496594
4278.69099175929,3094.14748722231
3741.92173282361,4181.11128940783
3255.35258678339,114.629620994393
4919.25578515365,7909.38756591834
4173.44588139175,4984.31426908299
4355.60938653098,5488.58226553202
4344.54990298232,6322.41772536809
3936.97642295218,5818.37722504461
3515.99367376586,4716.69383153913
4727.0341652752,5296.60471258635
2601.32628392245,2229.05456716298
4905.02633306825,7299.46876191732
4437.97509449072,3665.93151318254
4150.45556759873,6775.4234024799
3899.22143593015,5233.97604407705
4750.08930001416,6863.22844983435
3821.81191608796,5168.44912567096
3977.22926680421,3918.66237159516
3970.42623417688,2572.77309298376
4112.21280238753,7139.146575987
3299.67915668096,4304.72033665438
5025.9206428302,4284.82922560321
4586.35815048484,4869.17332111176
3810.24961876601,5539.21960480686
4319.17927234874,5484.54738071802
3358.0017402207,2398.01547446277
4450.9673797946,5157.65109395747
3708.26950520316,5140.14700080349
4650.11413390607,3798.63363976677
2638.664119289,5961.42239109124
4336.64848296006,3789.71097109562
3963.35312139886,3061.46923335253
3863.21015458482,4897.70294210477
3899.73204191729,5365.99652799516
4111.85388453995,4041.07812132075
8791.12732106793,841.678114073419
4706.32079625267,5291.88776225098
3655.52030186494,799.395284581838
4951.61325099778,4715.84135535122
4356.81161767528,5165.15296898211
3133.81257293486,5208.74300262815
3092.93199848048,4425.60154467068
4796.85475349477,785.016884593279
4445.41841042784,4114.44773608453
4802.14761266004,6060.30962888849
3836.45270257324,365.939606475143
4517.57152979589,1856.01102962028
3514.55114054111,6399.02683421697
3512.54699325334,4162.64097200317
4499.96075759999,5030.80255262582
4055.35078727972,5546.94855310178
4319.99095528964,4714.47722430847
4098.04506730056,5009.32023726161
3132.93833227171,2717.29613813592
2908.36208159669,1424.54443619025
3343.96613644492,2866.25218632177
4121.08152011145,5827.98153638188
2483.73271331462,2974.51666218599
8012.88633460833,2157.1057460457
2813.72091530052,221.359634434691
4145.01742594535,2424.66952098581
4176.20405194774,4843.76944614107
3845.3832418531,2549.47207718096
4188.82005449431,5213.17579423421
1494.44480229726,2072.59685538011
3460.11075166831,5070.30061599886
3509.80898359303,5182.65706213608
4199.16148470567,6538.94667709653
3870.17000980096,5901.12407787537
3708.72606215781,6040.70267656662
4644.3166320614,6278.03230099315
3675.6961834324,7081.86026073068
3650.56777454037,5433.39880944359
3738.08852656274,5917.77569484144
3438.43005882079,4526.47789357304
3842.02629178667,7991.67942649802
4021.70905393646,3896.72548683512
3647.32182797711,7786.97181619276
2249.18426305353,3694.74529290486
4109.21153491751,1762.57968171117
3865.39839885482,5128.66690356862
4474.16287731237,4627.01342114233
3923.37291518648,6885.22242005341
4139.20234440996,4637.58395673028
4169.61397372513,7589.70899545312
4354.47509886335,6586.7420062231
5021.12631530619,3598.30173560856
4008.99145198831,4761.87506949821
3757.20313895985,4319.43992797434
4131.65183436885,5337.40982154313
3246.6590330325,3370.52018277079
4132.00914077988,4571.26122474005
3196.24326986631,3029.70032970205
4160.46225470022,6222.39385265364
3924.0697172273,673.626662706731
7952.0789528809,1352.14083424952
2074.11576970363,2199.78621804483
3174.22888903534,4245.84281708502
3961.16999112615,5232.44192522302
8531.95094346365,4989.37246360668
4048.76934039568,5392.76411115334
3681.88549913972,3813.01198689842
4256.67895875434,6070.99433539446
3998.2648358433,6455.29026261885
3989.26207526318,4352.45900317718
4914.59662907348,3751.69078682811
8316.21066523122,7824.8782523975
3667.23264980135,4277.61150930788
4581.63773211011,5245.11531997886
3764.59052450384,3022.31220274019
4237.18057892467,6449.49376282528
3673.33702671235,4506.13221312603
6886.04414155524,2053.33093581894
3394.57048842524,5083.71316173508
4116.06798595167,4862.9218290671
3965.05793096811,2026.10857183729
4406.14993930952,4077.45043867145
4016.51430831136,4401.0501458879
4298.47454290768,4395.48071936462
3734.62695404377,1376.23745220884
4098.46272540182,3245.26305717981
4788.91583235358,6528.7736254454
4391.5905141147,6044.56757356933
4883.66756079816,7717.46625272118
4170.72994555447,4213.16456321524
3671.94337039196,6825.71949756643
4429.32817096754,5604.57611254642
3416.63765557251,7508.49626147639
3798.50969929263,7078.39369337529
4531.73996174656,4675.37706772751
4650.08619899077,5737.78947113024
4276.2587575209,6495.81163570158
3278.13538864362,5950.28353804469
4179.88354951796,5467.21369823058
3965.20630688752,4554.60960777398
3962.15991310296,5496.76620607803
3652.86320027603,4303.92494592548
2644.12299368624,1053.26272505476
3967.68487750818,6888.17775540921
4377.55792871438,6043.20344252658
4280.36004517829,4528.80782601122
4557.03554902035,5767.34197897769
3696.58134533165,617.704214208633
3959.85008000693,6366.00775901413
4324.15757474071,6570.09038925703
3128.66362395314,1921.70857012053
3871.89105073888,6196.70581895365
3052.75407236987,5605.31484067155
4072.43232388894,7186.88524250981
3985.51822785205,4800.69106734987
3460.51753017514,5054.5585606797
3953.1897480651,5246.19486943705
3746.81764768908,3217.58591237471
4017.37047280957,5608.21309056834
4553.645419487,5392.42328982028
3952.5035015245,6447.22049299086
4698.64682646601,5443.91268242778
4514.28730150869,4892.64474758108
907.992951944414,2457.17715276143
3907.50715608869,4525.90957611443
4525.9392721709,7004.05785436083
3712.58574157844,4877.5276723243
4198.16345250788,4148.66053166359
3678.18934733972,3660.64624538857
4808.96241797314,5419.47503170777
3820.2036079141,1472.62413547375
4322.64021826446,6607.54267892119
4275.02359852296,3344.43445370636
4279.88750913347,6559.91776046115
3945.46773519123,5789.10887592646
2512.90047033761,2115.39107544201
3372.94390999862,5518.41893210877
2181.71391280405,4670.26221060006
4444.54532209767,4225.89462057484
4512.6491443822,7154.88947701666
3795.8935209871,3531.35402355596
8770.06807335394,2999.86366312529
4560.30836682638,6965.01436038363
3757.69361622463,4302.73122554926
5003.954451488,7208.08382199997
4082.13533552264,2413.70086717816
3444.94671396331,2817.32001085037
4404.92681411236,3052.09199528555
4043.35990369404,6146.5805573889
4394.79027303158,4456.51818356088
4045.25137830094,4881.61921974205
3931.7624706932,4740.22192061222
4520.2717488861,5592.52769785294
4476.63661050843,5172.54109594397
301.791559412848,1820.26390375957
3404.10870763817,1404.53968279013
3546.2647734472,2281.05561462532
4286.73308914112,1280.81699319462
3240.52477774114,190.840994836146
4053.65650336048,7102.20594117769
3695.35706101677,5014.43509438905
4424.64147127826,4069.60731945851
4658.99183907133,6264.39268198663
3613.82652004351,3563.91852936297
4210.75876518747,4724.76360116711
4307.48924376176,5315.13211545002
4329.87861618,6988.76994558226
4531.87922664847,6301.27623133694
3710.48916110298,2551.85888365052
3790.59574491468,6294.28601116715
3309.88448238611,3992.03198635895
4311.84874287201,5390.71833744447
3945.00764646593,4327.22596172828
4090.15212784916,5332.97702993706
4598.15827773678,6955.58003685764
4463.68442596226,1602.42780073357
3728.95571723864,5367.3035735789
4449.20371663524,4088.58929171801
3378.44367247718,4068.58443260407
8458.6434566439,2729.51496349592
4022.12717189629,6875.9589300492
4366.83645940042,5363.60951009797
3685.18967797899,3856.94326473278
4549.29240380218,2931.66556809271
3516.81329311313,5515.52068221199
4364.70906126634,4492.26509799398
4629.25118204299,6566.73756996441
2573.69067096377,1455.11993660596
4394.88775587394,6035.01950198057
3864.74950158618,5418.2817341868
4229.85015368523,6527.29616919513
4354.65272836582,5195.84211174677
4368.3620992642,2815.38777377664
3442.67976171018,5052.00113211598
3498.05251023145,6948.36274341756
3908.64247268287,6535.5367723449
3824.3887763319,4127.2915415069
8043.09680684951,727.446304893846
4564.99408656148,3030.83696461926
1308.85408054425,158.674224036268
3828.1914783291,5797.63363780553
4943.90747028058,6535.13886555283
5045.73798156176,5181.35001655234
4294.31619807053,6376.12372520625
4510.5993327403,6701.71296638306
3953.14696685009,4171.62030327807
3755.3127374236,3531.58130825388
4077.95049494707,6194.2621384527
3764.45172269198,4016.81088126727
4437.45377961259,5381.45442458501
4159.01168057997,936.757646040771
3709.82641670969,5911.97877219262
4759.08182604924,4412.18942178971
4351.72063446203,5487.16147188551
4569.0361203866,2859.26175472436
4808.06724765164,5655.61093575808
4200.6070373299,4216.11989857104
4939.62736880623,6731.54963295981
4763.08098570133,5606.84938238084
4748.58812662918,4652.18979998748
2969.12727597825,2070.607744275
3938.98673364511,6602.99613925235
3919.54150290005,6251.09388431318
8098.85648728442,1024.05114425419
3872.25455844275,1453.13082550084
4322.7358825468,5059.67341780715
3879.21315939721,3360.23359448452
4020.73671717964,3957.02380005099
3924.28529349952,6136.86207513361
4569.69084394174,3929.9720581635
3824.64801000097,6710.74896026172
8767.16171808278,5149.52423887047
4049.77588680465,5361.62039899285
4451.3261365521,4692.76741281871
4982.8196303145,4242.48957493715
9064.98774059154,6672.3875318059
1052.97621189737,2560.15636083168
4845.75266696747,7214.16448052284
4630.88526438275,7155.45779447526
3663.67840636128,1179.37232683365
4222.11794159287,6589.24277218306
3871.69092876575,5886.34782395165
2180.95609359439,1471.20334182724
4287.58047247523,5916.80947059076
4245.41910899046,4103.42220824549
4528.36942913326,5845.37230432834
3369.54869435034,6261.72150536014
3654.78338672023,3559.65614842344
3731.88350628761,5076.89335223182
4321.62002393165,6472.96518929461
3104.22412222505,5240.68252837279
4223.87021273033,5079.05287400347
1451.69640103891,3656.2134537825
4008.44860007485,5319.45115899332
4287.71146277927,6955.86419558694
3646.01881412633,5305.41363319473
3818.8962952381,5337.46690700214
4072.04731402201,4629.17294291398
4766.13126559014,4562.16814540237
4313.94251227935,5737.16449106788
2597.03535515343,19.2091289445988
3565.81225650515,282.681098789534
3966.54412240203,3845.6902407682
4104.12263116121,4945.21411250203
7818.24880124926,814.398876060387
8407.50104646329,2516.90735994633
8433.46896858257,855.317733079935
3820.66995993818,5817.06975660562
3722.22887634245,5236.19265130771
4222.49123730798,4082.2811370696
3545.97714604899,4369.0539575395
4754.63716867441,6915.57074148501
4520.07164057314,5707.44157255389
8519.10951694627,3402.85740387989
3606.64435887782,4917.36655703039
4419.06180453632,6576.79645069751
3258.04652760782,3332.8974824401
4580.77160279306,250.684831155772
4301.12010079451,5064.50411620529
3810.96627650293,6414.25808039178
4901.27999877568,3763.73920152158
4484.4580361039,5351.61775800825
3988.5998453126,5392.02538302821
3238.32449938419,3717.87589804112
3865.42928352596,4544.60738964463
9637.5725322712,2559.4742953103
4024.64460036488,4579.78598661912
3101.86925826468,3045.5563445116
3814.90771714182,6677.95695832917
3926.78426188291,6299.9691857532
3252.3444057372,399.015661423182
3473.72327759217,5199.19535389464
4265.28100214773,4418.27008031258
3921.28605885422,3249.52543811935
2858.83645241808,1141.86337456573
3796.60944960877,6347.02578675463
3851.67683096812,4760.79509718476
4231.89427349032,6350.77693569457
3373.36867060106,1140.66997133095
4227.85502044982,6201.3094440815
2965.73959919798,1356.85789029871
5084.91541846758,3136.99858131559
3298.80832423964,1045.81772406151
4142.07025526206,4205.89018431615
5463.09304661397,4990.90700531596
3856.74928989262,6181.36124757132
3346.39781278078,5276.71360153518
4296.8866393617,3184.4530891091
5770.25160166075,1193.92129605946
4518.82443517874,6374.36211022667
4002.00739791955,162.197797565308
4589.69761562176,7508.26876535084
9296.51200190461,3813.52364175327
4467.0471429228,5666.74978880463
4560.78221314561,4703.50878192844
4230.48014015279,3884.56332407887
4137.00662406363,8148.81920380226
3029.04614385302,759.272082575717
2392.45889425663,553.200182656984
3890.37732183952,5996.54474831722
3876.91710776707,5356.10763507333
4953.14201483306,5776.43505831537
1627.46286797007,4845.87230530896
4334.48262459224,2857.84096107784
3971.94859389255,4299.66256498595
5194.60577695485,7728.9467728113
4562.93312175359,3827.61783015562
4025.659161577,6086.45223198431
3586.6682317675,8116.36844605802
3925.83996522381,6120.38086883407
7766.47665654812,7547.93766224566
4687.79412538854,4309.15312826045
7653.59687532411,1496.09566765689
4212.09874369873,4520.73805638323
4367.51670045829,5216.98360577792
4674.27264181512,5078.54121914863
8277.88883209983,1537.18504105678
3196.56612186013,3136.0892310963
3979.90424072023,5478.58004740267
4593.46168806561,6353.05020552899
3153.49698436919,1111.06058945211
3093.11525656151,4037.0428136515
4026.37553463662,6670.51216876355
3262.75943430233,4157.58320033474
4105.70325650875,4312.16554907525
4045.98386880777,5873.50401852928
3800.53269804603,3670.98970770622
3369.14074204687,3757.88519341375
4027.65901738401,3553.91631123363
3997.35220982815,4424.46490975347
3136.68538893599,4578.36519297261
4411.11825646653,3018.4475171651
4878.28381757193,5377.13538104171
4431.54713500152,6062.35582545261
4524.75655300344,6315.93916005314
3950.84800668377,3892.51976849934
3709.44998134333,5914.02496875675
4422.98410855182,4910.14884073506
3062.54803741653,7070.49391155859
4371.52047807097,5416.86094054029
4215.80649004904,5656.46341194599
3322.40177736459,5287.34122258214
4228.37728180327,3996.06729402819
3164.6480643408,4487.71855832514
3932.05914105538,6068.26607330895
3754.88078735583,4552.62049666886
4768.99946315068,4585.01459180934
4157.68756263855,5042.16890179792
3740.46517710142,6122.08582120988
3702.90622740555,5343.32049225472
3625.6435188362,5461.53052364453
4466.87520487695,7154.09366343251
4277.646953921,5813.88734797953
7706.67874796552,2483.5472519828
8604.18809622774,2564.81664856329
4385.72648044317,5042.73721925652
4225.34806448781,7951.49972045886
8001.49231221421,820.593546930561
4063.31064741922,2098.39842571525
4183.47591992731,5480.45541044502
3729.55304180619,4970.22008068064
4837.12410540329,6731.72004362634
3810.63286457214,3478.95506930155
4257.0940916608,5937.32598455955
4641.6111227664,4188.21525764039
3288.10811300719,955.512122174731
4500.25178380971,2913.08150262529
3963.50588593774,5344.62753783846
4964.46783592418,3531.69505631665
3505.74898392519,4940.9517315625
4591.73635331514,5035.8607471495
3916.0010869703,5408.50658932775
3908.95992735484,4723.11573425031
3765.31467824284,3982.59808568821
3985.50045238967,5911.18338146373
4410.9186210118,6002.1141748405
4372.48280547837,5321.7810914315
3637.46190437193,3979.35859160311
3626.18487269141,1700.00788723326
3433.25308513964,752.338630723501
3930.36643709455,6684.09512516631
3973.58529615879,6227.79286851038
3182.46411361122,21.1414089645665
4210.65026898497,4849.96427558196
3501.72930805213,2550.04039463956
2910.58043746136,5930.96074445213
4543.31083190557,4965.95769974111
8269.58724922133,4500.05113174791
4593.51721075426,7197.11495676469
4741.85416605326,4882.52878138897
2927.31856788277,6036.7815398154
3633.38867523243,4089.78258923898
3895.05612215637,4860.76230729545
3805.89899802382,3486.62735499271
3905.0429966054,5223.91716334395
3874.22410555366,5889.01900057814
3499.01532526495,3279.13481999819
3873.56171399474,5777.11712383675
4199.22688745878,4365.13239793302
5133.16265623972,6877.15222757017
8212.13602765489,7783.84607017043
4486.13633611521,5272.67871672119
4285.5085338333,5872.59445688236
4913.61737557207,5906.97766312795
4935.54368031284,5142.53401870068
4274.89582894209,6387.14925304528
4952.85343734818,5994.72604787864
1701.00753911172,4384.56893958836
7159.12823024466,966.878471346828
3808.73730311033,5102.18347913974
3894.99891964196,5542.34535082919
4025.18596176531,3715.3184694774
4266.75124264747,5790.9842389688
3810.65505416281,5668.11391984739
4556.94359823506,5264.49477617518
4119.60074692978,4147.46681128737
8066.35429632909,2408.58601005072
4527.74475306064,3511.06500571272
4533.11969999449,3920.53773463751
3126.82679617908,6600.15455195932
3948.34714298549,5075.75671731461
4201.0231549058,5745.29134615487
4374.48642723323,3599.72252925508
3441.51149313973,5230.33906605513
4085.19233385624,5768.7627726242
4978.54746015298,5728.52598112603
4450.17914740448,6287.92077105972
4723.78939586759,7852.04416520301
5178.41531195753,6083.9518888796
4331.93574198561,6795.25785092731
3132.19544191842,589.913479911475
3912.94047565759,2141.02223511061
4005.41191618159,5384.06893860774
4672.37302375297,5363.72325816074
4621.63866860738,4545.45986583254
4132.01691132025,4830.07316453079
3637.71888636967,5377.53328783378
4477.96224040245,4356.43722538742
3842.71221199227,49.3867853358043
2246.2774539679,1466.88408685631
4184.95130178661,6273.59950938708
4037.41273616115,2907.17104334132
3591.73760528479,3746.7463403672
4161.97425961034,4408.15411412046
3881.64037278814,5223.4055084891
2772.79387037989,3317.04146763055
4578.15746719312,6324.63433259875
4831.76681160982,5771.71810798
3339.56329891758,2944.28208881717
4217.96387036875,4720.55830568659
7845.95644717868,3064.82226407278
2999.62983823432,4792.62087486663
4412.50932758717,4079.15539104727
3904.20457140941,5537.91255922312
3888.7458814908,5208.2313477733
3372.63608774848,1649.42763341743
2969.76416583466,1844.13323702097
4157.55401040221,4462.76967560554
4756.97770245645,4931.91531482858
3750.38881095241,4912.42211056948
4397.12746646666,5030.405068689
4473.64962908337,4707.31659347215
3849.45458597401,4553.70046898231
3699.86367426534,2136.47569544177
4544.14508534619,2501.39237789746
4316.3560308712,5605.31484067155
4408.67880539357,3525.95500769922
4024.02728956834,5859.63690339722
3575.64765048116,2496.50480546794
4434.35896876391,5650.21191990133
2702.29117240485,2943.25920196273
4220.73863492877,2419.15675706629
3781.25569690162,3827.44741948909
2984.12363403967,533.138608082377
4368.78332197624,5268.58674644819
3322.41248052752,4289.26201720928
4006.53259713386,6416.19010603789
3476.98667346886,5854.74954239532
3542.670336416,4792.50712680386
3434.56343356674,4469.93030644186
3631.624581025,6463.7016992904
4417.56052325314,5675.21788807995
4244.77810955353,3017.42463031066
3805.14314644038,4750.1674761378
4727.18954910011,6022.91442468334
4147.69457310803,212.664382603727
3676.32801346073,6627.94502197195
8270.09806099604,5365.99652799516
4163.41118709635,5428.68185910822
7931.12776904452,783.993892025028
3643.88035052978,6040.70267656662
4084.86513127853,4252.71928919204
8279.13651216534,3432.01221636289
4353.84107751965,5883.84705799168
3735.75091256,4274.31535261902
4685.3616654157,5066.89071124723
3872.3391312487,5626.4563347027
3924.2489482104,6807.24918016178
3701.54386145646,7143.18146080099
3829.49185066988,4775.05969625364
3527.65631465874,2637.90210459777
4279.50558505737,5382.98896629429
8367.55296632522,546.494068359591
5751.7754742154,3705.94123141042
3159.11105390124,4116.77766852271
4875.56533352806,3200.02494518934
4079.44616399072,4461.57595522931
3672.73473150693,5103.20636599418
3146.82346720437,8446.39090169615
4361.75372636177,3869.2754153003
4117.23292725674,5928.17581976286
4109.34704786829,4766.25077564527
4280.57947448223,6924.77756888546
4229.32201824008,5521.71551165288
4075.79562768969,4592.63021489674
3992.93328476036,4422.81661998141
8724.95374631845,2216.21076174061
2966.18408730634,3174.79169231281
4231.98340787803,6742.063505944
4709.89581692447,4959.19455284161
3171.1648678664,282.396940060232
3948.3670503764,6153.74118822522
3577.25019532752,5515.40693414922
4357.77362800454,7106.69581824277
3474.89674038071,2309.18732882626
2797.56839785045,3591.76608483461
3935.47330756654,6120.43795429308
2117.82356338883,1644.71068308206
3431.38455516564,1751.89529234664
4027.32389783207,4430.43224306882
3527.79116301906,2354.99375827533
3429.31610341,2101.97895256103
4257.90841273718,5505.23430535334
3959.00870698319,3884.22250274581
3608.07746613015,6018.59538114004
3775.28948596275,5900.66950847954
8189.1777315544,6388.74045735832
3303.16266139862,7063.56035399256
4053.43203533161,5208.2313477733
3625.36999864369,4510.22418339904
4016.95697214769,3633.93532483414
4354.8074978788,5230.62322478443
3564.76577064835,5373.66881368632
3857.14194639099,4369.67893760186
8067.62171925187,4403.43716378509
4024.8190968014,6492.74255228301
1668.73562809328,158.219575355074
3856.72191434577,4198.72913062458
4002.16003854164,5591.05024160267
3219.7662152925,5349.62864690313
4935.30092969038,7628.97956270061
3497.17921867195,5732.22004460696
3534.29242125613,5610.54344586177
3399.39410208203,1635.10605460335
4528.1639322829,6100.60350584567
4765.49776059526,6893.46302320318
4158.15911822556,4596.89259583628
3780.35666365782,4390.59335836272
3711.88400635342,5664.19236024091
3447.83719270267,6313.26798342665
4690.7248354982,5476.13636690172
4484.88235741612,5570.64747569666
3044.89639110075,6288.26201524804
3881.91827952789,5013.35554493085
4459.00566482193,6543.03864736954
4325.27900491187,6948.19190989577
4387.08833016792,2997.76080395741
3474.43628813296,4160.02688083569
3304.75071808633,5426.97690673241
6964.30473348144,3695.19986230069
8355.20236995634,3494.01548195458
3738.45664463295,3075.90445451557
4310.22737582462,5644.81290404459
8177.85991266627,1462.73545397955
3769.05677909709,3105.74112109233
4424.23363371805,5217.83608196582
4421.778747496,5333.4315993329
4304.46130643416,6115.20934910286
4150.60063344312,4892.75849564386
4227.70319218885,6182.78204121783
3808.43985462427,2955.64843798926
3381.24389803567,4336.60319979526
7785.90936209393,4886.62075166197
4731.30306714743,4638.89100231402
4291.57133841525,3826.82243942672
3337.08914029346,936.473487311469
4238.7230934466,6317.81452309549
4668.71961352811,5766.8307469781
4389.24239299934,4533.29770307629
4054.79278587237,5808.20417339348
3679.53207029563,6367.42855266064
4585.3484614188,6932.27902105484
2527.85817949649,5454.42655541197
3346.61564523237,5029.04093764624
3056.74173184151,4120.01716260781
3901.77624798071,7129.42851658696
4148.08821342912,6034.22411125167
3577.13166048614,3321.47447066425
2996.09499528641,5743.245572446
4178.65131866437,5777.85585196188
3753.85006570736,6136.06668440471
4572.40652454626,5683.62890189625
3830.71979793828,6199.88865043498
4468.83441125893,4850.36175951878
3618.24538240809,3165.52820230861
3776.35306307321,4774.54846425405
4241.04507475225,5049.72786228156
8229.69576065193,3804.08974108253
3290.35152132279,5335.47779589703
4584.65486488374,6036.89528787817
3958.57183705843,2993.27113831995
2588.07395554879,1769.57000759478
4360.0934971948,3475.0337211227
3967.95230904889,5386.62636717146
4229.17141600252,6104.2975693266
4154.9819315424,3372.62304193868
4510.64254955965,3192.23912286303
2322.62165951947,273.247013119622
4383.20526753658,3902.863230817
4250.36020325784,2629.88899757354
4680.48802428033,6175.90556911081
8286.82093839467,316.268650021699
4794.65269678049,4222.88262261528
3308.28685625,3222.3030741377
4302.85135051834,6988.03121745713
3254.26594263111,2093.17003195266
3726.51026132704,4888.72318797461
7631.73629358568,3013.67369279834
8310.78188939211,2073.44933156802
3869.72626323765,3235.20375359146
9558.23314237167,1326.22551585162
3980.8689986703,3335.5686590666
4625.80706222756,4742.0406210508
4273.20573522199,4820.6388410048
4122.46071438682,3121.08569247466
3413.53917555824,6680.74188301844
7511.86336550467,1172.66615967935
4253.45985097595,5924.19759755263
3012.49144864414,3655.87220959418
4224.61765458962,6184.94198584473
3918.46518168163,4950.89728708808
2980.19021556052,2702.00844078497
3814.74434649533,2559.81532807099
3769.93504990883,5371.50886905942
2385.72189835549,413.337266665715
3994.79154490512,1336.56897816928
4133.68790970551,3322.55423155007
3385.29545852929,5609.80471773663
4150.867958615,5380.03363093849
4394.46531027095,4679.80985933357
3850.87381763765,4405.31252682744
3543.97939956444,4092.68126199101
3676.68883771525,3125.46182147696
4382.16466133551,4524.43211986416
4268.98715303199,5885.43868515998
4316.05740807848,6851.52127932919
5173.34538962468,5260.06198456911
3709.69379286882,2753.4980448201
4871.24854176731,5418.67921812362
3792.62888514854,9202.99142691047
3079.10869782869,2905.29546887135
3613.66438012643,6979.39270751528
8648.53298555624,6201.19569601873
4522.34971060333,4886.73407686949
8377.91554677902,2411.99591480235
3851.26153960737,5406.9153850147
3920.32162174088,5094.45410798956
4201.47933859294,7017.1858185125
4044.65433912469,5089.39633632113
4385.09362298279,3366.59883459195
2212.11589063315,3363.87078393407
3457.23944397406,5964.60522257258
3919.84063391132,4772.72976381546
4812.67948635593,6361.40455674153
3116.05559710827,1459.60970795722
3889.35745313106,3399.33396249311
4201.31573055679,6908.46677325245
4474.45227779828,5261.02820881979
4560.10485128259,6761.10214080726
3839.37331442904,4727.03687100153
3486.1328910454,3887.63240749744
4441.47858264946,5336.27318662592
3383.63823797138,5223.6896672184
3718.24125339767,5737.78947113024
4635.22814283111,6434.66042344254
4204.00348064329,4302.6745629455
4621.36845025558,3183.2595801605
8906.13751006053,3418.59988205429
3447.8051163823,5171.46112363052
4737.00784425046,5124.51827069186
3969.95762260805,1374.41885748407
3507.51485300695,6517.86226852439
6710.01119635571,2325.61187252204
4387.06218000396,6120.43795429308
3778.84850219604,1622.31891178474
4580.11123119775,3791.07510213838
4040.21125866204,5615.77205105198
3925.23623990423,6079.91658121035
3931.96680682982,4386.61513615249
2707.07376839893,5587.46950332926
7325.15863315383,65.867988331788
4134.63186750953,5316.09791684545
3368.58121520691,1199.66123896308
5241.20686469182,3782.77783638485
3678.5878732188,6427.8976993983
3783.59667452928,3341.08142298611
3982.2881249974,6163.57299568804
3623.34499701316,400.095475165912
4595.70508555585,6836.74502540547
4000.61823407931,1769.00169013617
3780.15118794627,5354.68684142682
3624.18282543608,5424.13531943938
4391.42290846228,2428.87502789396
7736.91658796167,180.838604921856
3761.27083149231,4514.8840482754
3904.83325409257,6260.58487044293
4374.64336942165,5680.61690393669
4260.77402912824,5627.87712834921
4777.65271897505,6507.97337560257
4596.04640931446,5109.68535416437
3924.67383290339,4373.4300865418
4487.4211397931,6649.76858152447
1931.85030583617,388.501788438992
2111.42189038784,933.347741289142
3928.42027863428,6115.89141462424
4649.78957087605,6373.33922337223
4121.95250698143,5889.81439130703
4530.44520399906,4543.75491345673
4198.97836955403,4662.98783170097
4363.91145521856,5290.3532205417
3983.03221073619,5412.42772607897
3699.95663096406,1204.09413628296
3645.08949912442,2055.54733162197
4066.23336585402,5673.79709443344
3756.36629161242,2784.92591570989
4478.7633509099,6004.785351467
3679.21657637834,5052.45570151182
7518.06242790977,3680.19653510667
3240.16552352982,4135.87338884498
3610.30917575741,1170.16560514702
4151.06288729383,4381.61360423256
4263.78505553103,3612.62342013646
3918.99965322638,4412.75773924831
8162.96141172034,1647.38175399474
4359.82047275994,4132.74764282266
4010.22466904879,7078.73451470836
4102.19730242754,4913.10417609086
3547.03808103602,5440.38902961338
4191.80698633523,4910.43299946436
3936.90683678204,2889.04175869735
3039.4750366829,6583.27543886771
3311.03533725397,5526.77328332131
3951.94476506354,2798.28137598711
4175.17551634825,4258.7437079664
3813.31418449609,5033.24665598202
3373.11058169324,5088.08929073739
4340.30540700058,4968.96969770066
5128.37717730107,6862.77388043852
4039.87971541852,3990.83868883798
4534.18272789548,6388.22880250348
4856.53400452017,6149.81962861875
3608.7386349047,6631.41201218259
3593.75396539832,5711.13563603482
4323.38092453892,5667.94350918086
4392.82278850718,7068.56188591248
3049.26332417452,1620.50031705997
4861.07400058689,918.685129714375
4257.52009734514,5031.03004875136
2263.21889270265,1745.30287325511
4521.21892877813,6859.30731308313
4535.62629052978,4252.15097173343
4847.09158129713,5015.57172930626
4471.78108364062,2630.11628227146
3741.12845737125,6546.22105599562
4246.59095725254,994.328225740204
5047.70777476273,6999.96588408783
2796.52632247039,2997.07873843603
4714.51510868489,7002.52331265155
4640.73959370748,5158.78772887468
3979.7183543641,5333.9999167915
4246.11061978996,4431.90969931909
3822.74592349235,3729.64015400529
4151.83111048379,4453.67659626786
4083.05260400498,6493.31086974161
4147.44132664721,4401.44805267997
3849.71158576525,4853.14668420805
4115.08631077085,6552.18838931097
3695.3749185264,6865.50171966877
3571.27385736835,4173.60941438319
3089.65716195432,2654.66746962662
3521.66357204073,2087.20269863731
4118.62681051136,2110.67412510664
3992.62337366311,4681.96938110522
5204.69220404719,4365.8144634544
4606.86718150747,6771.44518026967
3475.1608389936,4267.38179505299
2806.77560726641,8751.51986865269
3149.85011993446,4920.26480692718
3788.14473685787,4203.61691448173
3491.06105922499,4384.45519152559
4505.82597665588,3847.73643733233
3890.79893024691,5406.46039276362
4594.72502790498,5297.96884362911
8605.52274096727,858.55712145122
7944.10446888889,3596.48303516998
4120.74551319305,2175.86022217966
3034.58206248478,4447.70926295251
3511.1549025491,6182.15706115546
2509.16442642378,4615.19207971915
4410.40906518039,5524.10210669482
4506.77973764177,5355.19849628166
3847.0728602877,3528.62618432571
4239.74691081153,4696.63188696617
4516.14530253633,5835.71090753205
3533.46248878663,6789.80217246681
2590.0381287516,1428.80681712979
4498.51754044585,5143.32940942958
4549.9937650927,6337.19397929181
4043.48254159461,6147.60344424334
3499.56923833006,4804.15763470526
4122.93467127864,6667.55683340776
4319.07529774242,5591.95938039434
4582.13981169806,8724.07064282838
4449.91055380575,4826.26535298709
5290.42909484963,7274.40613113495
3284.48317320403,978.756263946143
3568.36021097806,2923.36809091156
3420.73412586082,5445.10597994875
4170.01872828209,5453.46033116129
3816.49328417257,1116.00493019921
3060.84843201191,2984.63262837811
2802.95135042079,5554.39376552266
3317.73721670449,4030.28008960725
4926.01313018378,5290.46696860447
3351.45454602265,1378.68123842361
4640.40597292254,1010.69568397697
3439.34838961305,5154.75284406069
3617.60401674511,2451.38044154024
4206.0739694288,6652.95099015056
3929.92826571747,5179.07674671792
4289.48907428827,6093.61328567588
3775.42468220076,4687.99379987958
4479.3163933032,1520.2491596476
8377.8267006792,3804.60097308212
3581.25652692735,2171.54096720874
4116.66589784715,6952.6251243571
3971.65230546733,5131.62223892442
4567.05489261568,5568.430868466
4004.86773685786,6312.41550723874
3781.33026909902,4579.61557595259
4021.51828131886,4933.79110072618
4137.87540849995,3220.88228049119
4223.28789414304,6400.67512398902
3389.47221536543,7109.0824132847
4904.62279815177,7455.13108297129
3926.37853881177,4389.62713411204
4526.68121350043,6865.61546773154
4259.44235853673,4777.84462094291
4191.04256021546,4856.04493410483
3853.57286749342,5162.36804429284
9770.08099982795,1914.66147591935
3619.00237465437,5635.09484464455
2438.52198715782,996.430979194279
3619.22534946633,1614.19205669774
3425.4025142721,981.995652317428
3944.03726188282,1292.29698471567
5045.51971661364,7066.28861607806
4012.00514364974,5215.73322279794
3036.12730477697,1038.60011348
3325.4397891669,6488.53683394723
5338.91549312027,5962.16154207163
4365.26404874264,5324.85017485006
5006.79378051003,4198.44497189527
7248.59074170276,826.958681324172
4163.6564949445,6175.28058904845
5173.32460616751,8193.2054738877
3726.16701466774,4718.68294264424
6352.05612545818,5676.75242978923
3999.70224953277,4934.13192205924
3726.29790701769,483.581293977891
3167.32748537754,5092.35167167693
3515.33630463776,4456.29068743534
4353.56037598472,3887.91656622674
3245.81216775661,6265.41556884107
4111.93086653053,5551.6088408334
4224.30315901168,6349.52655271459
3793.88369902557,5399.41350999007
2460.31428926601,4758.23766862104
3974.2975922796,6030.75712104103
4230.38646468569,5983.132202581
4425.99716549514,5961.25198042471
3619.04428944697,3643.76713229695
3402.11647048453,4766.76243050011
3480.39982438277,6518.37350052399
4644.65948337974,716.193650927614
4676.49047892412,6745.24591457009
4112.07340084151,6199.49074364291
3893.81865977424,5735.80036002512
4364.57935200664,6755.30521815844
4751.32013684283,5886.06366522234
3755.38176780735,4304.94783277992
3956.00035683161,5418.73630358263
4548.42142961906,6378.11283631136
3971.48269671383,5965.79852009355
4582.12335632874,6930.34699540873
4162.15257064883,6900.51032883198
3780.21216102694,5905.84102821074
7618.20109468748,924.254661951465
3820.46560527779,4185.3170077436
3390.88423496701,2164.55053561133
3767.42080299899,8576.4780914024
3770.82634402218,5002.84167194666
3257.92206860982,3244.75161375259
3747.810770446,4961.41116007227
1136.35762926878,1195.45573205493
3455.98903859216,4659.40709342756
3870.33156391596,2792.02988394245
4057.8795515941,4750.96328972195
4355.91272395018,6359.24461211463
804.562036351132,1718.08040355965
4473.26067696899,4206.57182698227
2255.04039605231,3207.69723088051
5027.16053111632,5744.78011415528
4512.47778716789,4690.66455365082
4398.06185632286,6241.60289818343
3549.26088610504,5892.99722278837
1740.61318450179,1520.47644434551
4617.66679160748,5942.15668295769
3113.06988788981,4906.0002078583
4711.59429539824,3121.14256650604
5044.79295446989,4331.03335041673
3482.48822208842,4919.92398559412
4772.99841791518,5301.88998038033
3770.49347686459,7470.3623291461
3903.06829352143,4017.77710551795
3920.0220914563,5958.29664506892
4225.46300402729,5991.42989118978
4174.4361776705,6617.82905577983
4103.62502047528,5394.18490479985
4882.82307004581,2127.78052289617
3914.60768577523,6216.88108873412
3925.84241969776,5315.30252611655
3822.45020008187,1653.86053073731
4164.39380222331,5211.98249671324
3622.55671846318,5515.74817833753
4932.16864552338,4185.71491453568
3308.28409989255,3940.88341508451
3739.94149063209,5471.07817237804
3795.60547292601,5434.93335115287
4271.40196788609,5536.83258690967
3944.30214012262,4645.36999048422
3559.49659209825,4084.27024817471
3461.14664187458,4172.92777171707
4678.9745849436,6066.73195445492
4152.29620722251,5582.35464620182
3918.46370180751,3141.20408822374
4220.9023858157,6875.90226744544
4880.43124500776,5838.89331615814
4108.451999958,5819.57052256558
3596.92066586608,2749.91751797431
3811.86634136028,4208.16345415057
8720.03148580835,1960.29728327427
3406.1601859272,5057.96846543133
4178.01722840132,4156.10532122921
7041.17908955586,2353.00464717022
3836.76620134122,6995.87391381482
4189.79754450425,5964.49147450981
4213.72390721109,4944.98661637649
4189.77144054308,5204.9918536882
3201.10347259938,3959.92204994777
3700.2201859965,4472.03316560974
4011.39965362451,5507.16633099945
4433.23608957311,4433.89881042421
4372.34541741742,4660.99872059585
3498.09147590767,3636.26525727232
3690.61479238211,5503.75642624782
2992.58563703004,5197.26290539328
4062.86469618727,3996.12395663195
3395.29701897792,2050.03456770245
4383.81017347812,5013.98052499322
4203.64894584175,4436.79748317624
3125.39700258421,5009.03607853231
3302.49945982088,3206.44705932815
8970.92107955963,1061.67384458488
3791.67816378052,3887.9732288305
3191.23813773955,1096.5116202263
4230.41701895769,6562.87267296169
3712.55171322418,5510.68998381385
4167.46960561491,5093.26081046859
4647.24862746213,6031.04127977034
5022.5193309945,6640.22093279096
4120.27416182117,6331.9653741016
3403.20203231325,770.354273018512
3678.98073840305,6681.0827043515
4283.78111716786,5305.98195065333
3742.09979404046,4735.67538094338
4285.41625599816,5585.59414028691
3794.02037808672,6991.61153287529
4593.36610390867,5617.30616990601
4081.23547919182,3604.83738638252
4533.15811293849,5123.43829837841
4908.23419694005,5288.19369877005
3756.12113485494,4955.44382675692
3622.68351387787,3939.1784627087
4713.90538645076,3720.94455860444
4045.50429830268,5151.79750870489
8737.95757219924,1722.51330087953
7567.16976570007,1551.27922945913
4148.80975632201,3826.48119523841
3561.03160240225,3812.84157623189
4172.96650162515,4947.71487846199
4139.33662483856,6076.33626579219
4741.03314751905,6718.98956341149
4019.28238598601,3404.5623562557
3170.55671076968,1756.95338115651
8574.93234390611,2911.37655024947
3353.51245858569,5554.05252133435
4786.54179442935,4695.32484138243
4533.60484839318,7086.06597906646
4309.84663221873,6795.42826159384
4555.8676540623,5169.07452858858
1981.88974286556,1011.66190822765
4046.92143462949,5079.56452885832
4635.0252487346,4713.51100005779
2551.46372964669,4185.3170077436
3714.36668035227,4332.51122952226
4132.94786034539,4671.68300424657
3588.40353075098,5036.71322333741
4667.48306686584,4665.88608159775
3934.93846630907,6531.55855013467
4324.41168136801,6094.23826573824
4201.96112840716,4186.22614653527
4433.59367004147,3368.58794569706
4228.61206364412,3298.45761359075
4405.9764071248,3920.08316524167
3491.24838224377,4180.25881321992
4722.43515624997,7407.67657517779
3551.3059082543,6034.50826998098
3972.34186417223,5189.36312357657
4299.93764336835,6250.01433485498
8051.66261694543,6915.17283469293
4594.59283317905,4952.03392200529
4740.63905996359,6716.318386785
3737.54856337824,6097.13693849028
4026.86553602608,4594.73265120938
4271.04378686741,1753.4866023735
4865.62916636107,4375.817104439
3930.93589730395,3641.0392930667
4453.17318290644,8179.16752523386
3356.46146664317,5109.11703670577
3541.23296998041,6094.46576186379
3706.32957982871,4446.34513190975
4909.64754209267,4953.68221177734
4584.55220695467,4376.72624323066
4137.95346895745,4790.17719436568
7596.51411830799,762.568344978388
4470.03464575295,3072.38080170117
3817.54692766904,2457.74547022004
4607.86114295463,5672.03547945386
4696.87367614382,5614.74874134229
3740.37080235929,5995.52143860753
3631.63480022196,6148.34217236848
3939.55491119423,1866.24074387517
3476.26030819864,5805.47633416323
4443.33943495108,3392.85497432291
4362.81433088637,6034.22411125167
2941.0979593034,640.607428933171
3573.8337114779,7435.29663452388
3666.16442775527,4707.20284540938
3728.46297866889,6067.01611318422
4609.21893495306,5408.79074805705
3769.4413604287,3960.09288346956
4087.20142083809,5740.74480648604
3666.91365268915,8312.66546540223
3918.9630907818,3916.04828042768
4245.3234454025,5011.87766582533
8397.50134437455,3565.39640846849
4218.43872023579,4947.77154106575
3414.66558290314,2330.72651822186
4789.15505129287,6848.39553330687
2698.12970107899,3845.86107428998
3951.90690689903,5253.24217506585
4022.59048341894,4998.57929100713
5063.70115474419,7735.7099197108
4009.22238811181,6221.3709657992
4227.28518263332,5069.16398108165
3815.36341756838,4628.15005605954
3904.47005231907,6287.92077105972
3811.6308325796,7482.80865063165
4050.10605680147,5216.86985771515
3332.97475986731,4625.59262749582
4059.22554023209,2494.51569436282
4033.76028218341,4403.77798511815
9555.77253256705,628.956921031772
3335.06159319539,3911.33090723706
3257.64175212967,4016.01506768312
3486.2457905191,4822.85544823546
4159.67636588625,6875.9589300492
3311.34368528062,5144.63687786857
3964.58232146949,4120.98338685848
4164.70254566692,5434.87626569386
3176.77042657505,537.798790100174
4327.50472806611,4794.21207917968
4405.16311210493,6016.7200180977
3380.11414138803,3507.48469029456
4090.47828125296,7633.92358630627
3118.21039949096,1845.61090469887
4136.20903655334,5735.91410808789
8038.7864622665,2329.30572457534
3077.01315188937,2369.88376026183
4054.46527911918,5329.1125557896
4027.1348728739,4929.64204499416
4289.18767817898,5349.11741490354
3371.38658608069,4077.67751194175
2955.19956576387,4909.63760873547
3651.52834320183,3510.44002565036
4501.01128869698,5723.69528272789
4604.54098900193,6636.52686931003
4509.0611080855,3003.04607175138
3937.00151124812,4124.90494646496
4076.13779895027,5095.53408030301
7673.04728407204,3271.68981900494
3699.54966960359,4674.12668474752
4480.60943397989,6468.47531222953
4405.31076776182,6221.59846192474
3938.1825789777,3369.66770658289
2242.88345677324,1965.29860376657
3516.2226250158,3824.43542152953
4228.03606942787,5275.23614528491
7978.43332060424,93.3177229038242
4083.96522704749,5221.70055611329
3647.81427681783,5557.0645192939
3638.26515867086,6492.06048676163
3649.83437927891,6248.1956344164
3322.72351527289,5478.86420613198
7549.31427138125,2232.57821997738
8950.71616042982,3471.33965764177
3821.52957178218,6938.47385049573
3759.96936896753,4093.81789690822
4623.37774652519,6973.70953292923
3389.99700993194,2317.08711064297
3106.8628570082,2798.28137598711
3862.18211653109,4990.90700531596
4453.48767259547,3671.04637030998
4349.60534286638,7049.52325104922
4642.11119964677,6084.2360476089
8534.42394584331,2033.04191797569
4671.17662274987,6424.03280239558
3300.06524439126,3791.13176474214
3622.72374251756,5765.92118533118
4447.07375950297,5314.79087126171
3770.97023231698,5749.72413776094
4955.88679763958,7004.91033054874
3982.50624328136,4900.99909879363
4591.11317608268,5997.62429777542
4111.47275010478,6277.63439420108
4346.91923300979,6424.88527858349
2933.63547046034,237.556682004929
3722.41035855133,4037.49738304733
8174.61297745195,1551.84754691774
4121.41629074128,4453.05119335024
4560.52244863488,6804.9192477236
4163.90303346375,2994.74880599785
3679.28480719709,5051.77363599044
4324.11226933901,6011.71848617777
4506.36715424177,2142.72718748643
5251.73909932396,5384.58017060733
3609.00127419834,5374.63461508175
3480.17714045272,3591.14110477224
2221.23757624225,2751.11102692291
4157.71629004342,4296.53681896362
3685.91809356202,5364.00741689004
4567.13586463381,8205.59428705898
8316.20480351042,1766.04646049419
4123.38816391767,1588.21986426845
3538.02866906088,3111.82220247045
1720.76300715232,2659.49816802476
3448.27170352438,1563.27077012122
4898.60080131864,6904.4314655832
3967.67466533565,4717.14840093496
4138.76018296783,4392.75288013437
4077.62966343476,4461.74636589584
3621.03345827514,2705.87291493244
3910.53054681202,5148.3309413495
4870.68382247319,4188.89732316176
4481.50859808937,3547.60773372996
4152.81775170985,5175.15518711145
3590.5423088859,399.129330200594
3631.80326285311,5743.87055250836
4295.12174011725,3569.82920007456
2882.38618639384,1431.53476207386
3454.55360648158,5715.73883830742
4184.95892221924,3804.54431047836
4130.81751947668,5030.405068689
4333.41213288805,5450.84623999381
3673.25072828108,4208.22011675433
3777.42598043355,3361.37022940173
3917.98012324203,4179.57674769854
2798.51302060644,646.517888217136
4836.55222901728,4632.69659572838
3467.27396546032,2478.31864679258
4167.64031901931,5644.07417591945
3865.63097575907,5720.39912603903
4124.99081210371,5281.77179605887
3701.14292543723,5817.808907586
8107.29587212969,5647.37033260831
3972.04820352892,4863.37639846293
3997.79061658536,5630.32080885017
3671.9928005442,5181.35001655234
4701.77144608509,6055.82017467866
4279.99179216034,3641.09595567046
3410.2549385057,5186.63528434632
3364.68472918075,4045.4538274678
2865.0226010142,2245.76326958806
4428.70676915171,6091.28293038245
4046.39975929326,6477.17048477514
4142.33340701142,5298.99173048354
3315.18039977787,6950.80642391851
4053.06363961622,6457.10896305743
3816.95000104083,7085.27016548231
4853.6249038623,4851.66922795778
3320.25417865733,2791.51844051524
7313.48720851904,6550.36968887239
3514.3897741137,2366.13282274951
4018.8155839485,6303.43617596384
4528.72533629642,3900.81703425287
4062.47250907458,6062.63998418192
3791.91181538017,1024.39217701487
3348.40999743697,698.518935679479
4252.99573771712,5634.98109658178
3079.47174146295,2539.46964762399
4385.27270561239,5524.61376154966
4396.8196572647,4468.22535406604
4574.61477621767,6876.2430887785
4163.48553290829,4198.44497189527
3041.24063154564,1571.4544992396
3657.73612389169,4644.11960750424
3998.27898829451,5631.00287437154
4626.5377302387,6047.74998219542
3599.93216023326,5124.23411196256
4732.30209705288,4819.84345027591
4096.00363999638,4849.33887266435
3197.40876845816,3102.10393164278
4638.24857858876,6139.98782115593
3911.84176662551,5421.69163893843
3883.18937568291,5314.56379799142
3961.91737935613,6684.09512516631
7828.2439167721,2990.31580296416
3959.98856175622,6927.1641639274
4851.49285068407,6974.22118778408
3265.3611844245,4607.00856202839
3460.85205177878,4311.0855767618
3415.34178409638,272.224046979824
3662.71086814275,6741.21102975609
3004.09462741196,3577.16024157741
2879.62290233623,5717.38712807948
3972.62006453846,5403.78963899238
4518.56139121615,6659.14581959145
5072.76663726783,6273.144517136
2840.37097113081,832.755551116086
4601.18568160933,4538.52630826651
3710.55493279935,6861.75099358408
3749.19709769453,4380.07948537853
4962.7065435999,4475.72722909067
4383.77234916492,2587.26518817818
4689.25411804731,5275.52030401422
3867.51043289444,5688.8008444827
3990.62552038307,6936.71223551616
4274.95514931756,4752.89531536805
8322.05553996655,2027.92706084825
3682.95535597464,2074.4155558187
4394.92409684704,6607.65642698396
5344.56450880794,2543.33412177145
4503.86303922033,5713.465568473
4368.32642830633,4825.29912873641
4498.4543537358,5292.96773456443
4121.72125514535,5497.10702741109
4204.27426649639,1484.84296083375
4552.02662929825,3281.86265922844
4623.88025410618,7038.83854454325
4036.4685730508,5805.41924870422
4210.49801521368,4299.94672371525
3705.37888134517,4261.92611659248
3921.00011691765,6925.00464215575
3910.67007695361,5722.04741581109
4046.90335956252,4688.84627606749
2798.72784111756,123.893203498188
4275.72892824743,6221.76887259127
4002.71856489484,6206.59471187547
4313.53299776955,5465.50874585476
3146.37008206706,6586.40118489004
5475.98504462675,5140.20366340725
4322.18616468656,5977.90359739078
3799.32261734776,6415.16721918345
3894.34072275019,5278.36189130724
3862.29945151178,7128.74687392084
4548.09820726158,2417.79283745117
1658.91105476149,236.135888358416
4864.87765739078,4168.38123204823
3755.02675402392,5433.85337883942
4226.01007307721,1675.28607778395
3963.74951849941,7120.10794112374
3402.58200035855,2537.13950375818
3001.21763027696,1775.93514198839
4565.34032140586,6015.29922445118
4454.89767030565,3766.58078881461
4121.82796566327,3004.12604406483
4178.9769256306,5301.37874838074
3781.25786241135,749.326527050133
3866.26002270973,6463.92877256069
8727.39224727335,3828.8682131356
3598.89177338515,2324.81605893789
4294.6196536762,5509.49668629288
3828.23122136131,5588.20865430965
4510.44275378955,6688.86873810544
4407.03838153693,5600.88204906549
4082.54361898136,5972.50458153404
4825.46770949386,4879.00512857457
4571.44334168867,4299.94672371525
3937.48644621441,5757.68058218141
4200.00051986293,6498.42572686906
4352.61750062732,2909.61472384227
3050.74036786647,1583.73019863099
3763.55612436509,4743.74557342662
2582.80378461968,4724.82068662613
3842.05484113078,5342.80883739988
4129.02544472665,6837.37000546783
3357.31493502666,2431.54620452046
3462.20956531683,3208.66345513119
3962.751496614,4744.82554574007
3382.71660427445,2526.39834607608
3894.02735593541,5270.63252015706
4459.30621684465,6340.03556658484
4256.24447743597,5792.46169521908
4668.93297546471,4974.19830289088
2859.26764844533,5930.84699638935
3874.49226419137,3330.11276917847
4090.52487305212,5861.6826771061
4255.82067413024,4614.51043705303
8007.01917833472,2954.73908776997
1963.22222848989,5129.23522102723
3801.60890979182,3490.71932526572
4744.61185951581,4508.00757616838
4486.8280159914,5656.29300127946
3532.63677776376,3647.91576517372
4492.57960560225,4711.74938507821
3193.66694074082,4820.80925167133
3845.96844899103,5082.63318942163
3923.07937470078,2004.56917101406
4475.73306437031,5788.02890361301
4115.32462325474,5423.68075004355
4177.31849802931,3982.59808568821
3872.2042169093,4729.42388889872
3390.97235180614,5483.69490453012
3914.3367071365,3477.53427565504
2232.88907421734,2089.70325316965
3460.17770695401,888.621178439704
4032.95361062126,2598.40404122474
3554.29362853606,4608.42935567491
7554.4056377295,2135.68009328525
4217.02268560026,2723.09306078474
3780.86433424678,6035.47449423166
4208.00783069908,2056.74084057056
6378.71356579717,5724.71816958233
3435.58207747447,390.43407836963
3355.70113860313,6207.10636673032
4504.38426117363,4084.04275204917
4017.81930877888,5935.27978799542
4417.87254100143,5161.85681229325
3646.10309702419,4170.93866061195
4512.66514206445,6561.67937544072
2490.65361220021,7844.08772078254
3926.21914621745,4845.41773591312
3977.75505106674,5161.74306423048
4743.27988459656,5041.03226688071
7875.11724186658,1590.60688216564
4064.4972002814,1084.69070165837
2768.65751028465,2117.60768267267
4460.10877403906,6014.95798026287
2560.22691176584,1528.20560406806
4582.18192406175,5195.67170108023
3710.7396743071,4987.09919377226
4217.13554846655,4607.63354209076
4067.22761502103,1620.44354874239
4012.48424398282,5460.10972999802
3735.30778915923,5703.00878094782
8207.93036670319,3228.83872491166
4663.44329662593,4061.65087503804
4356.71361855456,6376.29413587278
3992.34730833371,3657.35008869971
4757.37845863182,7153.58200857766
3408.37201108454,1017.9134002723
4971.63057664235,5449.76626768036
4136.5489182158,5180.8383616975
4006.06824466313,3302.20833967544
8045.81019798048,738.358031813203
4084.59332329009,5519.32849375569
8774.15535827995,1983.82558377499
4197.68243092352,4132.74764282266
2648.23680130514,1444.89022235107
3286.08313439802,2193.19390466711
4879.66050757329,2606.3604856452
4224.65105127231,5161.79972683424
4454.93527753948,2327.1462028037
4069.38333158627,6086.16807325501
3220.08459508939,5355.31182148918
4303.47722829887,5948.4648376061
3913.55262425385,6098.8418908661
8556.93622139762,2906.3754411848
3452.0523227444,5435.33125794495
4711.28966304412,6019.73201605725
3484.16197332062,3661.89662836855
3825.49284125608,6067.52734518382
4068.50369594276,5108.83287797647
4279.58004180261,6156.46902745547
3886.59293120839,5984.38258556098
4306.16123640193,3827.84532628116
3089.25235346491,6536.33258592905
1547.3622185919,3706.79370759833
3632.72440332189,5814.85357223021
4504.23633050046,1694.38158667859
4253.78690948547,1494.73164232795
4122.7210480484,7138.35076240285
3964.27402891617,4481.01249688465
4480.71755254751,5604.80318581671
3633.25911930761,1816.45609221586
3529.03344537395,4354.27770361577
3381.40947277647,3430.42080062222
3061.77129323179,2171.93866257319
4361.70792842022,2527.64851762843
3558.53338135711,4973.06166797367
3797.97388938174,3727.70770550394
4465.02914305061,5064.39036814252
4121.22068373064,3975.20995872634
4615.23106766309,2258.89123373973
3589.9990992172,5108.26456051786
4622.85010094402,4370.30434051948
4406.40304784178,3232.36216629843
3857.52062642925,2650.97340614568
3304.99238368653,3479.1256913957
3688.41002840399,4761.47716270614
4147.96826557814,7020.53906066037
4404.7013704061,6166.41458298106
4935.42495567015,4081.08741669337
4244.97463310426,4787.67642840572
4219.36125258979,4832.5735076355
2536.54477126841,3470.48718145386
3955.32378797329,1665.90883971697
3594.83776325903,3204.68523292095
9329.44960984509,2371.3612165121
3973.22004510947,1649.48450744881
4887.62167609503,3511.23562780688
4526.35332872305,5707.21407642835
3437.12152774165,3086.98664495837
4272.94544051322,4359.84713013905
3117.24479883536,6082.30359910754
3696.09691836898,325.645888088679
3847.2208275997,4207.70846189948
4133.05141189942,4147.01224189154
4808.94796194559,4541.36789555953
3591.33919458123,4956.9783684662
8156.66050938039,3062.83315296766
3946.66740651087,4689.47125612985
5609.05536251279,3789.42681236632
3988.83760445085,5848.78220907997
4847.37022734194,8468.72527039302
4220.30066559696,4529.88779832467
5057.8900491074,6793.89371988456
3809.76292038556,5771.4339492507
3424.67941934817,3598.13132494203
4055.45111105639,6341.91092962718
4050.82090734943,5315.98459163793
3944.30861304435,2048.61377405594
4185.74488697236,3848.81598679053
3373.39679840636,1716.37545118384
4187.73703889578,4441.62818157439
6876.82232251564,2094.98852096362
3520.96657492914,6705.86159925982
3959.76866098328,4364.84823920372
4071.64747281681,4291.59237250271
2384.01293260889,707.100571589937
4557.77676272736,5359.80169855426
4020.6174954356,4944.81620570996
4121.49270870466,5000.625064716
3744.2507785114,3026.57458367972
3694.54616977498,2293.55859871463
4399.47484565064,6456.59773105784
4796.81492028208,4678.44572829082
903.842757769515,1873.62887083704
3757.61121156011,3071.41478887812
2390.46967474008,1493.02668995214
9243.95154604389,2753.44117078871
4357.81110445327,6049.7957559043
3586.52763433765,6364.58696536762
4226.48702791112,5547.74436668593
4208.03149677183,5587.52658878827
2990.89902234516,870.548662113307
3546.75707662826,5903.11318898049
8049.51244131046,4151.33170829008
2340.09571897358,1461.93974610921
3799.76181681997,1006.26289237091
1364.68073130437,892.25836788925
3202.31304538683,1908.75101663539
2610.00324713453,3847.2818679365
4462.08793985741,2114.8227579834
4472.1848590361,4329.783390292
3593.20645843261,1494.16332486935
3836.01697882986,6789.46092827849
4107.96013558886,4512.89493717028
3992.84460624288,5035.12201902437
3825.30708509046,6128.39439871355
4149.30538805181,3245.77450060703
4762.44219356105,6256.77705889923
3772.07511804455,5506.31385481154
4045.83880898139,4061.42380176775
4131.13623220589,3342.16118387194
4147.08736250234,6012.51429976192
1994.75430224325,239.261634380743
3206.72176975168,2398.58379192137
3982.47357283652,5390.15001998586
4048.64326873794,5008.4677610737
4915.47173109855,2556.91686674658
4606.42415415957,4370.58849924878
4309.50816482969,5653.33766592366
4227.51075115881,6045.87461915307
3460.70211492513,4469.47573704602
9870.77893044136,5030.00716189692
4205.6822368814,6318.04159636578
4214.35392356526,618.55669039654
4100.24193518067,4322.90649532973
8013.32856385718,1515.36158721807
3410.16555915719,2796.91745637198
3873.8591631093,5364.3482382231
4428.38970119986,4483.05827059353
7294.66425336254,2203.48028152576
4176.00814504983,6819.07052158496
4410.47990791861,1723.4794194164
2765.33220826931,2718.03486626105
3181.32283422218,2682.28774040033
4338.78046780076,6059.45715270058
4655.78315938611,4652.41687325777
4637.18199660179,5948.40817500234
4855.54426440351,5355.25515888542
3835.95020402428,5076.09753864768
4225.30792903009,4833.88055321924
4391.54084770393,2459.28001192932
3601.16664224899,4313.92716405483
4304.8047117934,4518.9760185484
3961.46475887965,6801.28184684642
4457.81505689236,6464.89499681137
4885.26449322875,5718.18251880837
3638.21255831932,861.057728840463
2933.88335652858,2111.18556853386
3566.76290887949,6283.31756878713
4595.7904639892,5060.35506047327
4034.56463906455,4674.29709541405
3959.32764761772,5157.87859008301
4158.13295542218,4068.18652581199
4244.43170907959,5667.14769559671
3914.44514450854,6153.28661882939
4311.64552013771,5498.92572784968
4094.93256078703,2843.63302461272
5643.65760326294,7640.85756672755
5070.16578971862,6950.80642391851
3445.97973732079,4927.82376741082
4167.03701563516,4653.66725623775
3991.6026410169,3165.18716954792
4246.89445417426,5350.65195661283
3465.30060669376,3534.25248488037
4376.59976011907,4389.62713411204
4287.73257716989,6297.92341204432
3731.23940527185,6330.54458045509
3670.10089043201,4836.43798178296
3179.65738927979,4560.46319302656
3593.83811413263,3589.60656306296
4387.99859086578,5742.39309625809
3985.26753315541,4365.70071539163
4082.32454140085,4982.43890604065
3965.62114774915,4077.16627994215
4100.06466153189,6338.38769966803
3274.47453359253,3013.78744086111
4128.54975500083,1914.71834995074
4214.6471333322,5402.5392560124
3314.06047948115,2582.37761574865
3792.76943342406,5449.36836088828
4108.13179515591,3628.87713031045
913.49846308676,784.334871928809
3476.26143624683,4818.13849790009
3963.24279141315,5661.06661421859
4071.05843028146,3995.83979790265
4071.58505062383,4267.60929117853
5337.10003919542,8491.57213965524
3179.83192638862,2612.78259978401
3572.64867511949,5464.25836287478
4412.88852426173,6893.00845380735
3983.9958375225,4789.66553951084
4161.28028632076,5434.13753756872
3098.63149959627,4549.89265743861
3162.16164572206,613.612349649441
2872.6274174815,5881.34671488697
3675.09681436233,3095.79556556674
4180.36853469208,7561.57728125218
8631.93781537431,1129.53090685677
4400.38902202088,5141.73820511654
4461.4026392237,8079.54198216673
4288.29289986487,1495.64099254724
7915.23678355776,1204.49193736122
3844.03254061604,2209.16345611181
3613.26192675204,1438.24092922816
4326.1804840638,5509.49668629288
4012.0042257658,5189.42020903558
4606.69107452535,5715.22760630783
3556.69112027572,4524.03421307209
3485.89325592499,6590.32274449651
4576.49210379421,6557.81490129326
4539.3900698771,5923.62928009402
4069.30037190575,4257.72039825671
3888.08764467293,4172.64361298777
3612.55102062479,3856.5453579407
3796.09101672361,4805.01011089317
4611.63213801574,4914.9795391332
2881.32669140122,3069.93712120022
4324.68200374072,6422.49868354155
3879.31792156915,3700.59887815744
4376.05900548138,5880.89214549114
3600.11548800031,1383.0572617121
3958.13503666191,5739.09693956923
3853.93660844884,1870.16209205402
4984.5496571736,4598.82462148238
3710.64219556859,3359.09695956731
4340.06746086106,6899.08953518547
4658.75847415768,6609.47470456729
4036.15113848709,4194.92131908087
4551.82341239185,6807.13585495426
4353.49966251348,3969.41303607752
4409.98941791868,6165.39169612662
2780.92125884544,2427.51110827884
4107.0011916997,5962.44570080093
3677.17483794057,2505.0864413784
3419.89844684839,4235.04478537153
4724.78347629842,4192.93220797576
4308.49433006813,5280.74890920443
4446.63033138939,4182.02085105475
4221.5823665332,6926.99375326086
3615.43266009362,4709.98734724339
2837.67183355477,862.933197596621
3263.04920036617,5487.38896801105
4048.41709249551,2493.54947011214
4216.7523695687,4614.62376226055
3682.35827912714,5715.56842764089
3738.09788701502,3910.42176844539
4334.85757925314,3333.86370669078
2624.79696980675,1582.99136479205
4075.74850641282,5309.90351025981
3667.8936475175,7394.49194842236
4132.8664875054,5356.90344865748
4475.51190789429,2775.94658443499
4020.12663366592,5222.09846290536
4478.2599401903,5513.58823371063
3769.79991238581,5903.45401031355
2297.73810703201,733.129479479895
3316.25137053516,4880.53967028385
3830.27884177199,5705.11121726046
3853.00933989228,5941.87252422839
3238.05750391871,4912.36544796572
4523.43204301765,6357.31258646853
4669.0270005912,4555.63249462841
3806.2377276527,4400.93639782513
3397.06559434209,5636.45855283205
2302.2539437257,1524.96621569678
4474.11848593322,3462.92864382547
4481.70762096394,4497.77786191349
3863.82213612805,4201.8548766469
3659.72130535351,2584.13944215585
4646.3638274748,6005.29658346659
4600.24850546826,6124.30242844054
4203.48610241606,5567.18090834127
2972.6881613563,2224.73552361968
3863.88397419912,6477.68213962998
4639.98261366092,6756.66892634594
4547.58368355569,602.018662922521
3900.97623105327,5535.07097193009
6517.99472885334,3817.55852656726
4815.18980724774,7522.24920569042
2733.12415903996,2474.17001391582
3435.54442837961,8250.1505449557
2016.37524438117,1684.32238880405
2629.57947765175,647.313543230564
3806.52684286405,5564.05516231894
2179.41980109778,7048.329530673
4237.4673862892,6134.81630142473
4143.65297312483,6046.84084340375
3750.26930300444,3020.4935023016
3761.92981921193,2031.05280687058
3568.08431777439,6793.89371988456
4024.55900785855,5756.77144338974
4359.79563404463,5124.4616080881
4920.94411798639,5226.47459190767
4561.80089110795,4804.44179343456
4978.17288654717,6523.09045085936
2187.50083891225,1988.82690426729
4525.44319848376,6520.30594902534
5034.23700508783,6086.62306550609
4386.86066016073,4026.01770866772
4158.93617322452,5822.58252052513
3957.4027244546,5742.16560013255
4256.94520439724,4590.07278633302
3074.34450788262,1462.84909632851
4225.84295746094,6616.18118886303
3650.04828729662,3761.40884622815
4813.75480823646,5517.96436271294
4128.36445312398,5533.36601955428
3463.78095294312,4973.40248930673
8600.33508711729,2280.65791926087
3125.40483469991,5360.71083734593
3636.39042302281,3850.52093916634
4065.84720225857,5081.83779869274
4235.36406865999,4783.52779552895
5415.47938512293,3800.9639950602
4354.15569892702,4641.56217894052
4446.12434026635,5371.05429966359
8498.23496037049,7744.97298685976
4155.6106800948,2854.94271118106
4727.9594276097,5878.10722080187
1727.51958556308,486.366060096436
3871.04113228107,5160.09477445842
1851.90478751764,1422.72584146548
3541.06421129613,6026.09725616468
3480.52841532898,939.030915875191
3604.63380938843,3149.16053264421
3520.91272270388,3486.4000702948
4151.94468296828,6509.11001051978
3978.44860959646,2889.21216936388
5079.34825929999,5222.55303230119
4106.62917765155,6661.93074428072
3810.17868473601,4937.25766808156
7824.45221816764,87.520886147478
4301.97997896152,5543.70905901669
3280.50787899616,3062.54899423836
4765.41155096132,4474.93141550653
4510.13304862581,5354.63017882306
4210.71226216572,2087.14582460592
4071.01773758154,3614.32837251227
4792.21151739591,5297.17303004496
4410.28397204642,5100.53518936768
4259.13088732285,4053.75151607658
3890.81176556058,6061.16210507639
3788.0760169624,5230.90738351374
4345.79811905306,4787.79017646849
4143.30302315346,4635.99275241724
4262.26707416455,5408.33617866122
3910.50561567528,5898.73705997818
4103.61428784154,3993.62361352724
4820.85504936513,6157.88982110199
4345.16296365053,5418.11090066502
4581.917586703,4618.20450053396
4073.32856275519,1233.02145264042
4258.88183747133,6759.90842043104
4631.45716574534,5961.30906588372
3570.2656574591,4353.93688228271
4710.94800498615,5525.75039646687
4488.59984437896,5914.87744494466
2912.49000312153,1377.8287622357
3747.16368387138,4244.36493797949
4313.69921896344,1540.99274688667
3875.09335090087,4048.46624828261
4897.9930830074,6363.39366784665
4135.60803922329,3943.78208783655
4482.97497804961,3026.23355091903
2780.49680083134,8334.82984628782
2249.05959423174,4025.33564314634
3589.51252031836,4798.98611497406
4389.17561657883,2044.12410841849
4504.44830841817,6427.15854841791
4849.67695490869,5189.59061970211
4625.71551844987,7218.65435758792
1288.23091993029,334.22747114223
3714.46879089521,332.636187543827
7920.26202748152,1883.57442636262
4505.88552212201,7164.66419902046
4686.58476832706,6889.76895972225
3679.29646276919,6652.8943275468
4776.91255348795,6739.96064677611
3953.5061656343,6799.17941053379
4557.17718334975,6722.91112301797
4196.38814197377,5622.13686830415
3225.35435386783,7084.81559608648
1796.83259729547,2969.06077229786
5045.18948254776,7045.48794337997
3875.45347819827,4400.59557649207
4388.31128376682,4413.61021543622
222.898268659804,1252.96943772298
3626.5010539278,3670.13723151832
3758.37866003831,5811.21617135303
4502.66081432033,5344.11630583887
4076.12389196479,5357.86925005291
3381.3809489876,2849.48682129293
3699.70520840012,1137.54422530862
4040.63522554281,5019.94785830857
4364.88521246963,5255.91335169235
3662.41513195521,3909.39888159095
4328.72084405415,5506.59801354084
4614.16284508234,6177.32636275732
3704.94992152771,5148.55801461979
4579.10432277825,2750.59958349569
3180.54134956047,5560.8723308376
3414.27995656416,4436.11541765487
4249.86354892985,5604.00779508781
3844.66978333449,3917.92364347003
4370.75061650955,6506.66633001883
2911.81447817287,5413.56436099618
3722.94962850713,5118.49427477275
3863.08640689542,4004.59205590726
8095.52267414206,355.368885888021
4435.28969281557,5543.4819857464
4763.2383188109,6495.24331824297
3501.72159200396,5055.01313007554
3811.73289741281,4296.70722963015
3773.26867409741,4577.5127167847
3153.08149907107,2076.00676013174
4429.39191906889,4798.64487078574
3952.38029398089,4885.88160068159
3234.73366739855,6594.81219870634
3773.37646465861,3534.76392830759
4048.34930301359,2886.42745610224
3723.62312433335,5284.72713141466
3847.29943268392,6462.05340951835
2667.59780894523,2493.1517747477
4141.90679272495,5768.64944741668
3368.88499080288,880.380522433027
4406.92404655202,4237.94303526831
3845.41408812374,6693.18820450399
4603.01207228849,6745.35966263286
4477.97283538352,4552.2796753358
4025.13152462369,4444.12852467909
5006.62822593996,6641.35756770817
3990.51163888637,3738.78989594673
3565.83961458274,2624.4899817168
4433.24193673135,4924.01595586712
4329.63504093452,5944.6570260624
3393.95129777288,5626.39924924369
4358.52664811491,4266.92722565716
4321.98433735239,41.714499644639
3777.6069608073,6168.57410475271
3928.10607567188,949.487914827994
4472.04672934817,6536.95756599141
3580.04365778084,303.424686028611
4248.68913819805,5848.72512362095
4415.47771328645,4821.03674779687
8216.76143673116,6084.97477573404
3568.95408536067,5237.67010755798
3362.26171512166,2355.05063230672
4570.57635365957,4533.75227247213
4525.17100491796,5670.67134841111
4140.728351473,4636.27691114654
4416.11586814088,5328.48757572724
4733.3320584655,7262.64229802603
4312.18013691855,7032.70080056136
4670.75062587717,6942.6224833725
3929.6797925354,6325.77096751596
4460.4650897958,2513.83848795539
4379.00259226264,5853.0445900195
2969.79613989451,4608.20185954936
3851.89820469659,5729.03763598088
3953.35940074264,2513.61120325747
3954.25447145298,6647.15449035699
3444.78681494972,5786.77852063303
3939.54325319817,3629.50253322807
4017.81395535333,1668.23898358277
3523.04774651642,5975.91448628567
4060.98355751015,6666.81810528262
9047.39495948876,7517.81683693961
4363.22348953323,5333.31827412538
3834.83589526725,4556.42830821256
4514.94082157307,3689.17586638158
4379.42420899158,6680.68522041468
4296.53137025975,3971.68630591194
4330.74511912558,6221.54137646573
2172.79236601744,6713.19264076267
3807.91281282636,2059.12764704013
4952.31896908924,4715.2159524336
4172.29001640922,5207.49261964817
4117.93169340039,6005.41033152936
4832.80846750502,4063.8674822687
4174.45068201347,6209.03839237642
4448.35133300705,6441.1960742165
3754.51488990484,5087.57763588254
3637.63726714788,5468.97531321015
4067.89004167453,5699.20096940412
2802.81249032114,1069.23238221327
4295.68069833382,4772.6731012117
4135.96246879592,5445.73138286636
4060.69058990669,7135.39584990231
4381.68109743144,5471.47607917011
4020.243173083,8222.87130694267
2986.76404124137,2253.26493318507
3716.68995136533,7172.39314731538
2266.42192179154,3158.42423407604
3433.41486076919,4911.96754117365
3332.14905306858,836.222277042194
5090.84153667435,3371.31578492732
3869.95754660238,2556.17813862145
5043.23807558433,4798.30404945268
4693.75311753045,6341.34261216858
3260.25105066751,4965.27563421973
3109.37099435777,7622.9555667815
2794.60411337989,2330.49923352394
4041.31250677274,5740.97230261158
3804.11985296431,6280.93055088994
4680.54950570063,4755.16858520247
4155.63677712416,2432.34180667698
4105.1379272945,4794.04166851314
4907.43376291261,6570.7724547784
4586.06000753052,5872.31029815305
3595.83825849909,2475.19290077026
3933.04857435996,4210.43672398499
4952.98573261011,5933.97274241168
5116.66212880395,7286.39746036941
3655.44857996484,1852.08968144144
4600.16845072742,5479.03461679851
3799.29801110826,5430.2164008175
4997.47213429316,7791.12087192478
3282.62605705419,4086.71392867566
4280.5144419931,6029.05216866522
4043.19455636149,3893.82681408308
4421.60844226105,5328.26007960169
4436.54202601756,5024.77855670671
4284.26514371111,4931.06283864067
3699.50516627501,6747.63293246728
3115.58708806854,4998.18138421505
4697.38635627166,4637.12938733445
3411.78282685531,1762.29552298187
2440.21993296052,131.224496071344
4292.33784817457,6065.87947826701
3790.98755844567,3696.96190013552
4693.66961980219,5868.61623467212
3609.91199307457,5610.65719392454
2606.28854022303,2508.78050485933
4688.07259348591,6685.62924402034
3528.29800821359,4407.8132927874
3326.67075739154,1736.94852204257
4150.09854515219,4084.55440690402
3691.45006910874,6091.79458523729
3947.26867315513,5108.03706439232
4122.76224896407,6219.09769596478
4619.19223395029,5909.1371848996
3838.93984904399,3215.59680126959
3987.30167302767,614.407951805963
2040.53936479642,3798.2357329747
5401.63746490617,8157.34396568133
3397.11547072017,5315.75709551239
4222.84077735068,5497.90284099524
4275.84394523886,5843.55360388975
4674.62026882671,6440.85525288344
4368.22244294573,3524.47734002132
3532.40339770159,6724.95689672685
4344.6885729116,4571.14747667728
2881.94838355352,1896.24803254608
4017.63756880431,6129.70144429729
4575.47265326665,4887.8707117867
2856.88168503543,3418.65675608568
4527.73719981492,7327.71464703629
4369.78174170927,3723.38866196064
3396.46343560208,1468.4186285656
4049.50978704503,4677.82074822846
4215.72672215363,5704.20207846879
4099.5729482107,5259.60741517328
4039.90049091359,7340.38761893687
4725.90112339821,5045.92005073786
4734.50891596112,4208.3338648171
4021.49134062549,5822.18461373306
3827.79970997751,2090.6692659927
3642.05206256576,4620.3069368466
2949.36502939482,3526.86435791851
3611.06463221366,4562.16814540237
3988.99359412226,1614.98765885426
4881.91272991088,5571.21579315526
4069.23439657412,5656.34966388322
4020.93285718355,4491.41262180607
4835.99448315625,5777.96960002465
7169.85933013664,1117.08479679885
4254.75276314264,5442.37814071849
3620.90134808608,5795.64452670041
4369.56951158936,5465.1679245217
3778.68830121319,3814.48986600395
3632.93758746789,6098.10273988571
4618.33920360454,4772.3889424824
8292.2624788443,2289.23955517133
4333.55454365518,3567.95383703222
4128.90582126874,4267.04097371993
4174.53550910813,5796.38325482555
3544.00492908024,6659.88454771659
3938.79312222896,5505.17721989433
3951.27919669153,4584.90084374656
4824.15124648451,6357.59674519783
4061.49752556825,1992.40721968545
4340.48812285047,3276.40676934031
4510.4294546486,7047.98870933994
4085.97193622888,5201.69569699935
8510.49469660691,3922.52684574262
4194.77126920311,4567.73757192565
4103.51909111688,6338.55811033457
4141.76632356241,1623.68293711368
4552.15921773213,6512.00868327181
3911.16881171001,4933.79110072618
3732.22595655031,3157.85591661744
4181.01721063905,5915.16160367396
3842.33642817301,5902.14696472981
5005.60774432139,3717.30758058252
3900.92499659153,5156.1736377072
3271.65238872747,4973.57332282851
4606.87991988331,5378.49951208446
4136.38441527882,7163.58422670701
2996.9849120773,4304.72033665438
2879.90454347252,957.78539200915
3831.88110919945,5401.00471430311
3340.87137923553,5119.34675096066
4129.69230537927,4511.36081831625
3462.15912589581,4704.41792072011
3529.53856640621,4703.05421253261
3978.37244883018,4826.77658498668
5270.37121256297,6357.53965973882
4185.99004542132,4792.22296807456
3516.95975971334,5078.3708084821
3924.70523615582,6535.8209310742
4179.49575659053,4820.80925167133
4610.14419683628,5036.54281267088
3854.14820980839,6036.55404368985
4373.49258018876,7209.50461564648
4398.69994679735,4829.44776161318
3409.9190886439,2393.18477606463
4093.86963798426,4335.92113427389
4878.79273160754,6420.33873891465
4541.64142125163,6901.53321568642
3903.7627629697,2145.4552381443
4086.30396892738,4003.85332778213
4243.76904687838,5748.7012509065
4290.53253838691,6287.01163226806
4321.81730467601,1396.98103944792
3930.58207602969,5032.79166373094
3769.4398276836,7193.30756807624
1553.84197883176,3251.17351646378
3989.06649834544,4473.16980052695
4992.59845220666,6700.29217273655
5056.79735687104,5374.52128987423
4465.83093320907,5478.86420613198
3423.93223232892,4037.72487917288
4267.15559704653,1001.31844590999
5320.27609308002,6435.28582636016
4257.45525501133,4945.49827123133
3696.76146001791,5811.95489947817
3698.83626148772,5715.56842764089
3411.09413900433,4805.80592447732
7655.15481020796,2665.12468000704
4604.71131305516,6574.97817311418
4219.97720100918,6535.76426847045
3348.93971161449,4162.92513073247
3630.42022967471,5122.92706637881
4384.33276317666,6063.77661909913
6165.90720836917,219.938840788179
4621.56314419256,6188.92020805496
3813.76919810832,5353.66395457238
4057.70607318879,4935.15480891368
4335.1955978897,5520.35138061013
3965.88319643964,3206.50372193191
4838.83058381714,7537.36712665771
2837.96539761016,3118.69867457747
3639.47040449894,4613.65796086512
4643.79504900611,6068.4935694345
9135.78146874515,6514.96359577236
3957.61330948415,6054.28563296938
4116.96437879835,5505.34763056086
7627.44069385727,3383.76189498524
3802.48046359273,3604.26906892391
3944.63923157979,2032.47360051709
4232.41783852826,2185.2941228504
3216.13069759868,1197.38796912866
4063.68567723701,5793.03001267768
4340.78588234421,6518.48724858676
3856.54252102123,4203.73023968925
4613.63483249345,6757.63515059662
3590.40131148021,2609.315821001
4541.42142647582,4869.91204923689
3819.8117620454,1485.46815232374
8531.82222704053,101.899312564489
4483.17168832046,5589.06113049755
3721.97008492394,6186.58985276153
3387.87337193929,7086.29305233675
3344.36020268938,3418.31572332499
3985.31462303011,3257.65229320635
4959.93039338633,6582.30921461703
4713.26787880654,5253.81049252446
4470.23763728393,5875.83395096746
4396.31046702647,3815.79691158769
3914.18958067408,2210.41383909179
3920.71682150925,2420.69129877558
3502.51693336583,6372.08884039225
3365.84734504716,742.677233927219
3853.75260163125,5662.71490399064
6850.41990974419,2040.25963427102
4494.8303697814,2042.19187134476
4533.21689109325,5974.83493682747
5107.63684411039,6321.84940790948
3420.60035359025,6883.11956088552
3132.45700541917,4489.36684809719
4438.78508039823,4636.56106987584
4073.30117870281,5127.30319538112
4106.8466610402,1568.66978597797
3915.9520752188,4142.35195415993
4794.00717753872,3100.45585329835
4076.26168494275,4184.40744609668
8329.94384673764,2823.51462886364
4871.93523944737,6744.67759711148
2508.09182501674,1096.45485190873
3940.49381391776,6438.69573111179
4026.23944892622,4803.19141045458
3527.2918975887,4974.88036841225
4521.70816319753,1055.93379596744
4209.6246472707,4966.18519586665
2554.77075558815,24.3808171571914
3179.8376500385,1156.2418274112
4365.33986753413,2707.80515200617
4194.82982909946,6412.60979061973
3821.99208327058,6440.74150482066
4324.38739224969,5024.49439797741
4042.62990027352,5859.18233400138
4323.65033869572,3719.75126108347
4370.25775189429,5404.64211518029
4020.7909402598,2383.06859844489
3241.58350337261,4588.65199268651
4469.64727084612,5320.9857007026
4388.66632842585,6454.83569322302
4232.81108285556,5676.2978603934
4138.73467509098,4218.16567227991
4617.15029726707,6464.27001674901
4157.29173171101,6894.77006878692
4451.55537586435,3079.93955075719
3995.19150249549,4585.86706799724
3771.60780004619,4945.55493383509
4719.96587879804,6323.72477095183
4112.46433147432,4673.67211535169
4022.16975718756,4048.06834149053
3630.62221666334,4824.27624188197
4245.15569706261,5444.93556928222
4597.43340389303,6973.31162613716
6886.12766614436,465.906631586662
7087.99810828765,934.370733857393
3917.6301740055,3318.68954597498
4501.8317856206,7270.3145837172
4147.59125533092,5041.03226688071
4539.03963547983,7292.99061945763
3969.3522650845,3478.21634117641
3602.22837505068,2434.21716971932
4324.24074975569,6455.80191747369
3962.12478587318,3914.34332805187
4040.79819001143,6254.56087452382
3797.60234587893,4726.2981428764
3670.52360947933,4467.60037400368
7894.51030025441,1039.11155690721
2906.20508003419,1444.77658000211
4478.276909381,5764.72788781021
4296.73990406054,4339.5581122958
3769.52954622484,2686.15242597542
3832.91743706127,4551.19970302235
4107.84700758632,2952.18165920625
4238.75965634205,7110.44654432746
3934.29492167649,3319.59889619428
3479.96415034921,3251.4008011617
4128.85903062945,4244.59243410504
3537.64022288354,4851.15757310293
1449.34469196255,206.697049288376
1725.73432430357,1337.81925543544
4124.67218416739,4006.92198834544
3446.47968541022,3452.64205553919
3856.29138022413,4222.03014642737
4148.58634504149,5956.25087136004
3842.04512985151,3901.78325850355
3522.73987662001,779.674689911012
4022.90510153236,4129.96271813339
4404.89042571776,4974.14164028712
4140.49553483599,5928.4033158884
3953.85341729856,6199.32033297638
3292.07992325936,1888.12096603146
9027.77329743451,1305.25464391462
3059.66243234517,4559.61071683865
3423.49987233278,4582.79798457868
4385.26359976957,7442.40060275644
4167.22932304081,5296.66179804537
4422.03771353047,4828.02696796666
4042.1884384625,5854.74954239532
3983.12021943604,6296.4455329388
3924.07959707845,5093.14706240582
4554.65713853674,3675.42249931229
2749.7474010041,1121.51758840492
3790.46948193246,2974.34604009184
4479.26464390729,6518.31683792023
4091.71081213152,335.818781169086
2429.48960130027,3765.50081650116
4793.69623664723,4193.61427349713
8149.79318281683,1434.43322339827
3424.32925641428,2818.9680891948
8384.25258844245,2610.05454912614
3434.54362566925,3203.15069121167
4443.449933966,4511.75830225307
4853.45582217819,7047.93162388092
3281.86041837166,5159.64020506259
5160.80885348384,5639.81179497992
2811.86212740808,959.945019494611
3322.80225829234,4254.02633477578
3409.31464032839,5644.86956664835
5104.04750888223,6322.98604282669
4286.66445477506,5550.01763652035
3069.02378313915,1257.45910336043
4326.21305567552,5865.20632992049
8583.36195686769,1091.39676309886
4082.05431855076,3934.68900849887
4040.00473856683,4408.72243157906
3906.33934562698,2332.54521866044
3744.81507043541,776.435301539727
3777.92893587219,3461.0530693555
4334.01633960193,2338.51255197579
4313.66047310882,6264.84725138247
4452.10102911935,5641.11884056366
8262.10805389383,6071.73306351959
4247.18176682341,4696.57522436241
3654.64214672292,7759.52174465794
4623.91452507529,1656.13380057173
3309.70926914967,4090.91922415619
3600.18809560693,1566.51015849251
3919.02967433643,6228.1341126987
2774.76347645768,3762.03424914577
4367.96951654787,3925.02761170259
3768.44475114215,1168.91532788085
5122.34798072876,3656.15636832349
4262.80121240881,1428.23849967119
4121.56661838239,4010.38897855608
3694.66180216569,6622.48934351144
4367.56913241843,4309.55103505252
4013.36618918118,6135.55502954987
4407.72732402154,3687.75507273507
3611.25712883945,2860.96670710017
4145.71908488236,4757.83976182897
3793.99787980284,4329.55589416646
2545.10065028288,2050.94391792174
3652.92476934822,2643.64215321521
4213.51493759159,8994.36225699874
4948.06516676972,5479.71668231988
3377.38321731745,5069.27772914442
3616.40694058061,5471.53274177387
4312.25070682101,5486.93439861522
3987.13266591394,5856.73865350043
4063.2422572525,5124.63201875463
3910.8286259492,86.4979134005662
4320.23891632738,5480.51249590403
4450.4098475869,3263.56275249031
3788.02988019182,6078.32537689731
8331.06392728739,1514.28182633225
4315.33970147893,693.801932487202
3650.84164519307,4868.32084492385
3726.21766322544,1939.04225260798
4425.95444733081,7034.68991166648
3014.22485591811,4414.51935422788
7667.51939549056,1791.27971337072
4019.0299638839,4206.96973377435
4642.22898901329,5233.46481207746
3905.22942551186,4457.48398495631
4217.03737725976,5417.65633126918
4081.28675012149,5828.09528444465
4004.83947545541,6023.08483534987
2589.05163368104,2400.00458556789
4376.39749985797,5709.48734626277
4976.98033920822,5320.01947645192
3720.50913071299,345.593820314327
4472.68918178468,5141.79529057555
3854.06962989047,5662.88531465717
3393.93955929745,5288.4211948956
3629.1799501329,5789.22220113398
2429.61571720639,1539.74246962051
4615.8923480784,6837.37000546783
3619.61131051902,5168.27871500443
2953.84971474284,353.948092241509
4065.3164701234,6094.57950992656
3555.76558357411,4692.82449827772
2672.72297643567,1128.5647883199
4378.45782429362,5321.61068076497
4119.74144544446,6074.34715468708
3653.54746432026,3857.45449673237
4472.51072640643,3542.03830720668
4122.76439410843,4924.35677720018
3872.35762256141,5325.47515491243
4153.36266977838,5474.26100385938
3686.74949581847,3249.46856408796
3413.74320691643,4636.95897666792
3144.69992469689,1399.08389861581
4218.58566544654,6199.54740624667
4113.90586012039,7009.34312215481
3342.6901042257,1958.08088747124
4038.7364244417,3930.88119695517
4184.30566076262,4237.65887653901
4695.48259528866,6927.78956684501
3833.86152342107,1500.01701583574
3961.23188190554,5051.0349078653
3564.91307003711,1837.71133430978
4357.71028366793,5173.79147892395
3659.96414351394,541.095052502845
4090.95619227091,4432.30760611117
3528.59764251285,5464.37211093755
4564.53956248542,6799.69064253338
4270.23436912465,2818.39977173619
4111.94400960834,5435.89957540355
5222.09355113695,4302.84497361203
3829.9765456782,4129.28065261201
3848.70507368568,3464.40631150336
3763.88001839968,4250.33227129484
2764.49219690287,772.798059233275
3876.80393410956,4640.141385294
3424.21851714787,4369.6222749981
3809.23697920632,3568.97672388665
3542.13453291968,5200.95696887421
3979.53513366849,2234.79461578041
8249.9579375987,5181.23626848957
3227.44026812382,2688.53923244499
3531.29785392869,4600.98414325403
4078.3676463586,5604.29195381711
4399.45015495212,4953.90928504764
4134.46518841105,6648.23403981519
4235.61508042482,5186.29446301325
4576.32000124989,5107.86665372579
4305.29738151993,3363.75724729892
4343.28883288593,5553.65461454227
3507.85762443385,22.6758664331552
4167.88148246382,8140.01028319388
4593.38958850021,3073.23327788908
3938.90007458778,4963.40027117739
3835.76026992983,2886.93889952946
8482.05431574127,1956.20552442889
2728.36737262895,134.86172516357
4045.40738620612,6192.95509286896
5755.6638153454,5842.24655830601
3772.86929791182,2786.85815278363
4420.70630930641,3980.60897458309
3977.51590633337,6473.59016935697
4182.96231993663,5142.30652257514
4137.04329956393,4450.20960605722
3289.96552419306,5362.47287518076
3838.65147825489,4351.83402311482
4362.96414494476,7736.22072885514
4065.57739991409,8548.11972678642
4573.08741502104,4846.15646403826
4114.48734858646,5872.08322488276
3577.719884881,6055.59267855312
4193.27987543349,5321.61068076497
3301.58911092876,416.974508972167
4021.98039699263,5745.51884228042
3720.24395630345,3062.89002699905
3828.72618449162,4195.20547781018
4320.57787801265,5110.70824101881
4989.22643948022,7224.56502829951
4269.51331981862,6080.08741473214
3940.05227098444,1695.00677816858
3632.93814927997,5726.08230062508
4167.09163923272,4952.26141813083
3655.01285370059,6073.77883722847
4947.18343356146,6259.8461423178
4111.17097516277,3070.96000805466
3968.01835126327,5085.92934611049
4781.69370808957,6525.19331002724
4186.10475097054,6062.92414291122
3339.75185550259,933.97282706532
4354.0361816181,5266.93845667613
8174.17653386714,1653.91740476869
3103.79719003671,2185.35099688179
4294.45816358091,5492.61757320126
8380.81657990495,960.45646292183
4435.74917592834,4664.74944668054
4513.75023088928,5789.50635986328
4347.34406656277,5405.26709524265
4488.55969095693,3507.48469029456
3863.70804661095,5964.71897063535
3511.00027852423,1905.79568127959
3825.31969278221,5050.52325301046
6857.95382032266,1578.1606663939
3818.42225811512,3806.53342158348
2939.11480911383,9348.48069631331
3014.34682999297,982.734486156377
4131.79132819119,4406.10834041158
4259.03774161443,4265.10852521857
2763.01303972352,2959.6266601995
4247.30728972022,5288.25036137381
3421.51239573774,700.508046784596
4003.92625694068,5022.67569753882
4358.33301002882,4217.42694415478
4092.64908217289,5490.51471403338
3848.72069673027,4678.6165618126
4090.62691164458,3902.29491335839
3895.58501794649,2641.25534674564
4595.76706374227,6376.12372520625
2738.2388321938,5722.89989199899
3307.20915067118,5178.16760792626
3799.80250859115,5157.02611389511
3815.79740616361,5591.27731487296
4038.2207606896,6802.36181915987
4234.51031839206,5123.32497317089
4538.91089689181,6025.24477997677
4293.05752406777,6431.25051869091
3966.97830655253,6614.76039521652
3559.33378179832,3079.71226605927
3735.89653597955,4955.04591996485
3991.75960192821,4370.64516185254
4408.59130678577,5456.24525585055
4054.90078263487,5573.37531492691
3986.09218597937,4718.05753972663
2659.73660222535,847.588626214291
3431.91564107268,3398.36773824243
4694.86223407137,3635.18570781412
3608.88971330038,4719.64874403967
4249.30320768086,6339.12642779317
4162.6423721202,1790.82514397489
4362.50331828494,8272.71240977811
4751.32268033915,6934.72312441104
3844.43025430943,3744.52973313654
4166.97787408287,5499.20988657898
4046.34342447565,4631.55996081117
3952.10690893516,5481.9899521543
3687.83026533532,3979.35859160311
3061.01883526101,1051.89869972582
5046.10484519219,8204.51431474553
4100.14074875196,6836.6312773427
4512.53349275091,6892.2126402232
4134.36673303017,4865.70633090111
5252.05268773863,4031.70088325377
4301.7008373904,4943.50916012622
7614.00023366549,7514.29276126995
3728.21573047322,2764.18232847082
5151.85648531493,6875.22020192406
2721.43024829265,3818.92265761001
2911.2315074251,545.8688768696
4145.64860251383,1732.11782364443
7503.82816346935,816.956304624108
4220.19045906136,5874.12899859164
3944.65996413549,5156.62820710303
7662.28115859253,5301.88998038033
5012.95017076585,4935.95062249782
3674.00792809923,4257.66373565295
3537.28963059661,5590.14067995575
4642.93774231229,5304.95906379889
8218.07134913464,1103.2177873806
4190.1496398417,5664.647352492
3406.00797011616,4681.68522237592
4326.76144438015,3300.3329766331
4759.5180111488,3029.07513821206
4040.01772926775,4349.16284648833
4059.49006189622,6342.02467768995
5104.81579399129,6734.61829352313
5160.99439241952,7882.84663317519
3941.75667020647,5039.15690383836
4817.22783159722,7949.39728414622
2320.83232548352,849.407220939064
7734.68895320933,321.383507149142
4569.22197670792,5966.48058561493
3561.67754418399,4534.88890738934
3653.9912025387,3016.6856907579
7976.63782098875,5355.6530656775
4038.81319904768,5461.13261685245
3421.27560069006,3420.07754973219
4566.48042867856,5137.07791738492
3732.37860501404,3965.54856193006
4480.34762235839,4626.10385949542
4009.39203314142,3320.3944983508
4243.88345122317,6759.05594424313
3473.51219282697,1325.77094645578
3438.04935008912,4622.52354407725
3080.01536140409,1447.78868367548
3867.53324261486,8605.12146045818
4404.94807149295,6600.94994268822
3889.01993935311,5135.99836792673
4430.85566493666,3259.30037155078
3861.60586347646,3900.87411971188
4164.64277148567,3534.42289554691
4166.02612050402,3951.22687740217
4345.08895863253,6335.14820558294
3099.08574972617,6961.83152890229
3872.26271275103,6828.90232904777
2944.86723058211,3273.11061265145
3861.95856949099,5725.68439383301
3445.93397826512,4140.36284305481
3779.11957478446,5393.90074607055
4264.91994176913,5877.1409965512
4079.25846291444,5806.44255841391
3917.72380585295,4482.3766279274
3036.55311312325,5540.12874359853
3665.9260326093,5687.32296537718
5276.37581485356,5422.54411512634
3826.88850271614,5244.48991706124
3615.67911512168,5683.57223929249
8860.76760890266,619.011365506187
3540.17371926803,5995.57852406655
3950.49863289802,5685.2771916683
4243.17230251887,5659.07750311347
2775.64545219122,314.961525152598
4292.30712937866,4513.23618135859
4140.14376147187,4238.90925951899
3704.30649902961,4414.86017556095
3996.72440163844,1306.27763648287
3921.79150742049,3319.88305492358
4355.96557543873,3889.56443314354
5049.65832432962,5849.86175853816
3599.91290738531,5946.75988523029
2083.94237884693,648.791158051555
3123.71024844296,5301.83331777657
4174.75732191939,5791.21131223909
3858.3818266675,4867.58211679871
8783.85319632954,5416.57678181099
3535.05724549259,4585.3554131424
3549.33966153212,3390.92273724918
3187.44020234972,4883.66541630618
4344.34491381761,5319.11033766026
2695.5489976191,2565.55537668843
3822.21479116429,6543.20905803607
4053.090017053,5774.21887393996
5021.97828223923,5832.30100278043
4308.36821137511,6665.51105969888
4417.52993327925,3332.72707177357
3194.3419987942,2301.85607589578
3312.29687936094,1356.2895728401
4274.93988473936,4649.68903402752
3690.69291402395,4908.27347769272
4285.34610268562,7593.23222541227
4638.17242965947,6244.78572966477
4519.16508039721,981.256924192293
4137.25113981266,5498.41449585008
2188.62151804007,5709.6577569293
3041.58787488955,1283.20390537799
4319.75619967261,5124.80242942116
3949.05191618443,6183.80535092752
2949.2300612837,2626.36534475914
4004.04748106754,2091.46507957685
8763.42696645606,2587.7766316054
3711.87593793029,5444.87890667846
4146.66996618642,4791.59798801219
3914.02738289032,4185.71491453568
4418.5660540992,5337.92147639798
4133.17859740351,4728.51475010706
4381.59219809448,2891.71272389622
3327.52101625469,4863.83096785877
3540.50597662081,2523.27260005375
4118.52745579886,3923.77722872261
4531.69684926813,5094.79535217788
3752.44462933961,2118.0622520685
7901.11599628721,1279.62348424602
4091.73078709861,604.74655500968
4187.94848522109,6783.94816435898
4991.59882742139,3689.51668771464
4352.87430344728,5732.1633820032
3736.99209731199,6751.04283721891
4459.54499216562,4063.41291287286
4133.37989391523,2677.7412007315
4287.28008483943,6357.9946519899
4334.91302920977,3630.86624141557
4425.28718202708,5540.29915426506
8401.65235987168,1404.19875574325
3863.8854814452,2530.20594619215
4522.09728602897,6913.63829298365
4014.54868813574,6227.28163651079
3780.7907666729,4907.19350537927
4075.90555803519,4239.7617357069
3359.31970396435,2722.75202802405
4481.73920893312,3794.59875495278
4448.58624454638,6780.53825960735
4204.11924071062,5219.02937948679
4355.53124695037,6157.49191430991
3257.01789008237,4234.53313051668
3941.34097565994,3708.89656676622
3793.54546240847,4459.53018152044
4199.70578788606,6496.37995316018
4764.31998159675,5893.39512958045
4541.10967222533,4818.7068153587
4613.06551219858,4405.65377101575
3785.77097430151,3091.41943656443
3870.74342456836,5590.14067995575
6716.49556147984,1402.72108806535
4517.61650532935,5889.24607384843
3502.9370430552,2468.42996529838
3169.37737394599,2199.50205931552
3981.00542183129,5063.4808064956
3944.37848527566,6306.67524719368
3668.77104225059,1201.9345087975
4542.33449598432,5117.6984611886
4261.35335073897,4345.80960434046
2147.74895920347,5014.77633857737
4141.61695225708,4434.86503467489
2767.884145028,993.134716791609
3509.75310522734,3883.82459595374
4564.42438389268,6819.41134291802
4241.67793848834,4544.60738964463
3936.60790067761,5509.6100115004
3541.85092415443,3435.08108835383
3430.18184170798,4154.00246206132
4461.80325100906,2078.16628190339
3166.86354984354,3718.2738048332
2845.06901541614,4296.42307090085
3915.97704260071,3901.04453037841
4269.79223112758,4092.3400178027
4198.63449220692,5017.39042974485
4698.26999102441,7386.47884139813
4173.96306337968,5667.03394753394
2753.83435326323,2122.38150703942
4056.88329642439,4112.40196237565
8405.60309752687,3160.29959711839
4101.07738588634,5029.26843377179
4717.39972701299,5074.56299693839
4184.54473004817,2424.7263950172
4358.39397482017,9198.27489943035
2439.68958453629,4369.56561239434
4662.28314282904,5024.83521931047
8552.02333199622,2504.91581928424
3780.79624064673,3812.27325877329
3925.65917769638,4130.87227978031
4014.35451988239,5152.08166743419
4409.57895468464,4389.79754477857
3684.04143449369,3712.64729285091
3498.46231334172,3884.4495760161
4699.96507237853,4006.58116701238
4268.54468507104,5428.28395231615
4079.8005384415,4740.56316480053
4657.53545694668,4673.72877795545
9106.32954224267,6692.79029771191
4607.70084460816,5867.30918908838
4004.68431801853,5339.62642877379
5782.04235360123,3650.92818598852
3851.0295980188,3116.36874213929
1718.2853959256,1035.87216853593
3702.03471672418,3057.206852413
3047.00811352313,5579.68389243057
3058.13810862443,477.954940566322
7415.99714007257,7163.81172283255
253.09597499742,5954.43217092145
7506.78123510906,4542.10662368467
4196.0911309707,4770.79731531411
4475.55155549768,4783.07322613312
2634.68812816085,2558.33766039309
4200.03787324943,607.588142302705
4241.91152963188,5809.56830443623
3432.20908450078,5651.74646161062
3702.11207886494,3747.71256461788
3031.34857592044,1023.76698552488
3948.64214313824,4628.15005605954
2259.07225252203,994.555510438121
3815.23334383837,5105.70713195414
3840.02627542801,5725.45732056272
2263.30022306582,3038.96381970626
3989.43290222498,1560.14502409889
4145.45617603156,2550.38121597263
4127.24789228913,6722.68362689243
3774.18267849432,4435.83125892557
4737.62111530631,4210.32297592222
3653.70662556756,6254.90169585688
4194.28865548165,4992.04364023317
4502.59410156478,4417.36094152091
8117.72533538659,703.520150457964
4552.54319676981,6002.79624036188
3985.46115602641,3012.93496467321
3892.53039231451,449.766405190903
3785.82822959176,1181.87288136599
4585.82973925095,6526.04578621515
2614.11100697557,3612.62342013646
7886.97650180227,2738.03972537499
2504.02954541571,4440.20738792787
4028.30876825169,3437.58164288617
3471.9835391251,5549.90388845758
4796.90064988084,6558.5536294184
4300.27604057893,4982.66640216619
2119.8158888382,680.730630939291
4318.71366877308,5918.34401230005
4907.41799472695,4155.76449989615
2918.09062721008,4398.94728672001
3450.24043103024,3583.41173362207
7821.45928234846,1356.85789029871
3796.70192287085,1848.05458519982
4597.07318064357,6982.80261226691
3503.2884231345,4618.82948059632
3391.37110661926,2979.91567804274
3100.1740210722,369.122173671949
3823.28628952484,3421.32772128454
8228.4877395097,5555.18915625156
4060.26424676452,3085.33856661394
8753.1467400414,5751.88408238784
3838.04004818578,3980.32481585379
5884.79670810429,4193.27345216407
3515.47260315289,5900.38534975024
3300.64431107115,2977.24450141625
3888.54888434838,9315.29078758869
3866.20475802457,3779.25418357045
3598.9669564018,1665.62468098766
3951.83134622981,4212.99415254871
4049.99599159655,4888.09820791225
3824.62564089753,3031.74610341093
4551.35650112193,5340.13808362864
4557.00771691285,5454.14239668267
3985.95511159832,4177.81513271897
3899.73732746304,6842.71235872082
3733.15259743034,4465.04294543995
4318.85803004515,6220.29099348575
4198.89919698129,4800.97522607917
3608.23936343156,4949.3627453788
3428.00120792085,4583.9917049549
4406.55908350025,7124.4844929813
2783.99925047985,3534.36602151552
4171.01756697743,1599.98412023262
4540.11977581126,4944.36163631412
4335.77029974325,4932.14281095412
4511.55818538456,4947.88528912853
4319.30207696898,6195.1146146406
4819.48842403542,6191.5909618262
3535.61974136179,4939.13303112391
4154.32183883485,6505.81385383092
4117.55762877312,6172.95023375501
827.947424638816,5498.35741039107
4387.31043160852,3130.23564584372
4519.04378228215,6544.74359974535
4753.17497697719,6492.1742348244
3913.3520834196,4974.53912422394
3721.02625221713,5576.16023961617
4030.78672027569,6693.69943650358
3964.82378172829,4188.66982703622
3534.57411066116,6071.39181933128
3879.03984821096,670.671380207842
3986.64674446737,6477.51172896345
4062.5741248038,6300.2533444825
4289.52042613541,3954.86427827934
3755.58138710379,6216.93817419313
3260.43447637154,2450.52796535233
3918.70701034497,4149.68341851803
3776.03221413803,6024.22147026708
4768.84017032636,6231.54401745033
3811.30805404516,6022.85776207958
3985.59620718609,4062.73084735149
3440.34537262977,7308.2776825257
4894.5623287228,6131.63346994339
9032.93942493989,7155.57111968278
3987.06068275538,7504.68887278794
4072.06573312559,4148.20596226776
2610.5802674735,3250.66207303656
3470.26923793552,789.392907881774
8625.49833696772,2333.62497954627
3250.29560169621,2039.63444278103
3607.53340240468,5554.84833491849
2798.06300375461,1651.30310217358
3570.99736909665,2795.61019936061
3971.05678053789,5908.91011162931
3975.71365547923,5248.12731793841
2617.76971387278,1781.61831657444
4704.03136079388,6797.92902755381
4285.85490763751,6736.94864881656
4581.09890319503,6399.48182646806
3413.8896038353,3824.09417734122
4576.18745596568,6431.81883614952
3234.2907397708,5603.26906696268
4402.33266499292,5423.96490877285
4111.82087954113,767.114884647227
3178.11553350673,2227.06545605786
3670.06971330816,2967.69685268274
5037.89276187624,6554.63206981192
4316.19104824309,5596.50592006318
3642.43214611419,7573.68193569416
3941.08417516576,5917.94610550797
4047.01471575671,4736.92576392336
5023.64028279114,6536.38924853281
4194.67960692681,6157.20775558061
3682.65713127417,4128.37151382035
2626.45004217843,1521.44256288238
4369.75382810566,6202.90064839454
4412.01741870774,6038.08858539914
4821.62846577646,2865.8542795297
4271.98442403443,5627.59296961991
3822.94738645083,4878.55055917874
3380.98326099072,753.645729164148
4140.76112988715,3045.66988114674
4387.59314353244,6214.43740823317
4964.4127872777,2617.27226542147
4943.15751942061,2314.92737744369
4229.53965424005,5101.50141361836
4396.36233874211,6481.14870698537
3879.36036929932,3347.16229293661
7677.89137043686,6673.01293472351
4591.16156321294,5206.07182600165
4551.03827414771,3790.79094340907
3817.89971464316,3745.43929478346
4339.27594433678,5325.3047442459
4888.33697846629,820.65036810504
3732.12192244173,4242.20541620785
4023.4507684365,2864.60410797734
3846.66423837365,4418.04300704228
9042.63454383748,3522.60197697898
3658.75819698497,4426.45402085859
4775.08270409339,6501.43772482861
4807.37168434703,9239.93206171979
4365.77859512427,4114.04982929246
2983.53119512851,1809.067965254
3986.12983730836,6166.9262378359
4519.31359394965,4566.60093700844
3797.04400487327,7463.71250745412
4152.05390042448,6200.34321983082
2461.24165775474,2298.38929711277
3893.19688653168,6809.86369418451
4570.55667676572,5218.57481009096
4712.5376564416,4001.40922442593
4109.08487584594,5315.87084357516
3436.33573284884,2827.49285107387
4141.76450355026,4030.45050027378
3540.6548588192,4601.77995683818
4581.19709181388,5780.18620725531
2483.93974897016,4073.41513100221
4605.21397372303,6238.1929934318
4305.82155751293,4081.14450215239
4441.04041139023,6118.67591645825
3519.60224127352,4516.02068319261
4470.75147492753,4131.83808117574
8982.51290133016,2183.93020323528
4764.27816055137,5840.25744720089
4429.34008267203,5938.74677820606
3850.11456342566,4999.48842979879
8736.68477257344,443.571734320729
4169.05789771671,6219.15435856854
3528.65227262881,2042.07812328198
3712.05867565304,1798.55409226981
3475.96013001174,4847.7476683513
4220.14676249046,5595.65344387527
4268.2503568134,5541.77703337058
4247.36321156167,4763.52293641501
4789.9313187883,5579.39973370127
4258.51109371955,5681.29896945807
3974.02772456943,4165.14173796313
8535.51184760093,2002.7506820031
4077.4073614586,6425.51068150111
4000.5779751034,3931.96116926862
2150.45071304413,537.62827371983
3703.81780015381,2284.80655213764
556.311119624512,2387.84242281164
4952.01165147332,4363.76868974552
4247.93258780588,1472.79465185409
7988.85735236211,753.191106911408
7372.29056339969,1663.74931794532
4390.93860285873,4671.2850974545
5055.34669978675,6887.66610055436
4542.44257938452,4884.17664830577
3693.95821149283,5383.89852794121
3889.56733981524,5680.21899714462
3537.6585237074,5900.83991914607
4299.34299782417,3022.48261340672
4022.1399584277,5029.49550704208
3532.36056224699,6235.18099547224
3009.77941018145,3377.11270757614
4651.47730459549,4921.85643409547
3720.60217415822,3361.1998187352
4789.29169578009,7027.07471143433
4172.07707920416,5180.27004423889
4921.4424805291,5677.88906470644
3781.65419420575,6373.79379276807
4655.35937164404,5109.17369930953
3994.54116488494,2053.38780985032
4351.3958923068,5283.70382170497
3806.17113958886,5311.83553590591
3774.55380643821,4466.86122302329
8424.35116194302,3534.47976957829
4128.75045143073,6618.39737323844
3244.55558498083,1901.41955227729
6773.01439452097,3963.90027215801
3729.89370901793,4604.73529219397
4542.06032651962,6462.96254831001
2108.17945036412,1558.32642937412
4233.29901997723,3823.92376667468
2423.29652090917,4688.78919060848
4444.62359318207,5475.11348004728
3124.37426107885,4887.35947978711
4598.88663752108,3790.9613540756
3880.71775420355,6121.17668241821
3987.23481354424,1351.17471571266
3564.74676176836,2976.90346865556
3901.03430116283,4608.82726246698
2349.71907241627,4648.15449231823
4690.99312222057,5126.84820313004
4594.06910961242,3925.25468497288
4844.17649267934,1963.02533393215
3563.99006954848,2434.27404375071
3999.18702131443,2885.97267527878
3661.56717861269,2087.71414206453
3833.88196396807,3761.920501083
3695.22315328258,4691.28995656844
3877.08574335615,6012.62804782469
4965.87817365919,5140.60157019933
4002.43805665727,3463.04218046061
4294.39351641374,5324.7935122463
3984.1812219082,5018.64081272483
3176.81130675493,4831.03896592622
4488.30943510402,2848.74788174017
2332.73311720137,1657.61146824962
3610.29023281749,1035.30385107733
3645.77626836984,3329.54445171986
3977.38351270739,1544.17526122657
4581.228457073,2951.4998051125
4058.08782614252,4533.52519920184
4460.29989543009,1509.90580304375
3754.01019852774,4895.82715620717
4631.34901115898,5007.04696742719
4115.43958092151,5149.58090147423
3514.62926652547,5487.67312674035
3150.13793980397,5584.34375730693
2080.75236895748,2726.9575349322
4004.37587280141,5731.3109058153
4163.38912723555,5449.59585701383
3763.72991358382,4479.53504063438
3479.97185495765,6011.71848617777
4312.19054264454,5357.98299811568
8736.45326394805,3760.89761422856
3092.05352386296,4432.08053284087
3582.73640414355,3817.5018639635
5009.85936629581,5028.35887212487
4101.17204735808,5907.60306604557
4559.27536825305,4771.30897016895
4004.67618771343,5274.66782782631
3708.17533428022,4322.50858853766
4092.90940605731,4674.86541287266
3195.55929461033,913.456630237973
4205.33715967681,4244.30827537573
4144.60364133037,5523.64753729899
4104.8881672896,6534.91179228254
3990.57978362444,4805.57842835177
3998.88288389316,2000.19325343938
3629.86451029044,5080.64407831652
8750.67049704313,2571.97727939961
4094.80503889615,6643.51708947982
4848.83101259394,2165.51675986201
4269.85244420608,4943.79331885552
4018.39482265457,9327.62378386672
3888.26254077911,2862.27396411154
4907.08809234129,4477.94341346608
4549.09372484383,1624.93321437985
3022.04275766608,2127.21220543756
4414.92044565926,3666.49983064114
3923.60829676216,5323.48604380731
8585.58527968696,3104.60448617512
3786.78095835341,4099.72814476456
4608.17336097608,2423.30560137069
3582.002835163,6052.97858738563
3720.71598036851,5065.81116178903
9265.56252800361,6873.68566021478
4961.03694080886,6935.74601126548
3670.09480589099,2721.89955183614
3723.53110667924,1939.26953730589
4093.67546834409,2924.10681903669
4490.97494045908,5246.87693495843
4623.57548486226,4717.94379166386
4430.06549714806,5371.1113851226
4222.77506002414,6540.93578820165
5076.8282308286,6152.43414264148
4034.70799618319,4421.3958263349
3623.07705159396,5681.41271752084
4368.36435167467,5926.07338345022
4523.13572536733,5490.4009659706
4753.87695325391,6860.2164518748
1896.7885174158,1520.41967602794
3894.82392144561,6414.82639785039
3538.22032106059,6209.94795402334
4289.44336938255,7700.92838381788
3865.74570071609,2407.73353386281
2559.46372361876,313.199725173851
4288.47644878435,4531.30859197118
4225.9853998867,6471.43064758533
4568.55984001742,5754.95274295116
4184.9733296169,4319.15576924504
4787.99961585049,6039.33896837912
4141.27499788163,6236.09055711916
3931.51847565629,6602.93905379334
2809.38108934184,3825.17414965467
4605.23115307819,6450.23249095042
4486.2639329161,5938.17846074746
3941.43717420453,5252.56010954448
4282.16090706594,5141.16988765793
4045.46818304375,2678.87783564871
2017.91365201067,3252.36702541237
3673.90255622058,6601.4049349393
4209.37591287733,5333.94325418774
5103.08628945894,6175.16684098568
4802.73037785331,7601.5294911658
3633.30284025398,5914.53620075634
4271.02444823672,7081.34902873109
8239.48203813399,1664.31763540392
3958.81430138279,4687.48214502474
4347.77158159764,6284.85211049641
4887.47601127708,6710.12398019936
2804.42702226424,3347.44645166591
4088.97183462891,4911.39922371504
3794.21239440126,6097.98941467819
3709.97643191628,6813.27359893614
3813.25154576029,6011.88931969956
4147.59212917317,4265.50643201064
3563.92091025582,3325.50935547824
3961.70675264973,6915.45699342224
3648.57636680618,2200.07037677413
4120.05621066903,5107.58249499649
4276.35000971011,1998.09039427149
4145.14671300769,7274.46279373871
3722.88649704722,6218.35896783964
3688.60250124984,6089.80547413218
2978.33018658842,1058.37758218221
4343.645630355,3617.16995980529
1678.24540588018,3172.63217054117
4148.30330003319,5606.84938238084
4311.76934298002,5364.17782755657
4347.72763532739,1691.53999938557
3917.05932649375,4011.18436928498
3771.5813134584,2002.97796670102
3852.2381013747,5984.49633362375
3949.77452842548,3243.44435674123
3192.96463386459,5820.25258808695
4596.83241039802,6650.90521644169
3581.18989181493,6107.87788474476
4640.04571266651,2319.53079114392
4416.25208936741,6659.6574744463
4028.33000950366,1809.57962010885
3512.40995894,4453.96075499716
4505.26289582653,6930.11949928319
4058.00704219494,5366.56484545376
3379.10113417307,5701.13299505023
3715.3764685223,4828.25446409221
3908.96985015609,5820.19550262794
4232.2914220837,4785.85772796713
7542.17554577381,1863.45603061353
4383.01293950874,5855.20411179115
3370.23863950988,6527.63699052819
4310.49865628997,5308.02814721746
3662.37059607803,3627.96799151879
4462.35300181088,6369.58807443229
4146.51763851502,5622.87601928454
1727.85832820862,749.212884701174
4075.19382685158,3645.86999146484
2625.59276597137,3026.17667688765
4160.74427079027,3117.44850302511
3927.71128057607,3992.31614508825
3397.77607050668,3458.21148206247
4122.25280876357,5947.8965201475
4106.72108416584,3405.92627587083
4211.77708357557,3796.01954859929
4344.49169930492,5633.84446166457
4206.42362852374,5532.79770209568
3547.46586065237,2195.69445919945
3462.04390461917,4775.74176177502
4007.28624186465,1126.40516083444
4180.11330482722,2838.57504151667
8965.97445284289,2230.58910887226
4286.23943120914,5964.94604390564
4409.27384581606,5682.03769758321
2205.02355116557,2446.2655844128
4009.40740205032,5125.20033621323
3981.80763516967,4650.31443694513
3534.21436508621,4735.39122221408
3973.05427458554,1978.54031598101
3886.91188871119,4135.13466071985
4635.67213323278,6297.07093585641
3783.17818095417,6006.54696644657
3430.48411615145,1620.72770747169
3638.95741566928,5515.57734481575
4807.42457863065,5183.33912765746
4234.12292666033,5358.60840103329
3142.91426844802,3195.81943828119
4644.29593087933,3533.74104145316
4612.60333401945,6580.94550642953
4305.47821249461,5546.66439437248
3043.38652226823,6441.99188780065
4043.52741035053,4459.81434024974
2975.75709041812,2533.95688370447
4528.72311904961,6067.86858937213
4776.06140200538,6802.13432303433
4016.40325898622,5232.1006810347
2772.86084547692,5504.77931310226
1935.35627570659,458.063829515153
3746.44389400257,4707.88491093075
3595.34905123841,3604.72363831975
4545.02967892515,4615.93123069954
4206.50943095783,4477.54592952926
4521.27771106834,3246.91113552424
2286.14177814772,4740.56316480053
5176.80485633287,5137.53290963601
8346.56857091534,3211.16400966352
2431.37765856797,754.61190055792
3950.50238293864,5089.5100843839
7967.31480060381,3744.52973313654
2597.49114588974,2726.3892174736
3120.792739459,1532.1838262783
3853.02193669927,6576.45562936445
3730.69522117825,2330.10153815949
4201.88283727728,5297.79843296258
1379.99584997984,3737.99408236258
4353.16341069543,4921.4585273034
4063.82360540674,6159.93601766612
5474.75543105197,6871.58280104689
8777.73228566788,5940.73588931118
4067.00017543315,5114.62937777003
3998.8761632138,3661.83954290953
3599.43660228087,6294.17226310438
2110.69316517235,1494.10655655177
2390.30540002814,3677.46827302117
4668.78041246832,7601.87115820936
4237.00825025912,7139.54490563433
3895.8341842427,4816.60395619081
4805.16667216559,5484.20655938496
3773.754924028,4245.78573162601
3783.33884308021,6372.71382045462
4370.99293519869,4777.04880735876
6912.80647846228,2092.09005963921
4060.35235165935,5161.23140937563
3402.03163145421,6456.6543936616
4179.90800631254,5905.95477627351
3809.61736544996,2460.01874005446
3080.17036626576,4724.13862110475
4979.054837296,4827.23157723777
4508.872875535,3755.95316776765
4370.53130522908,6200.34321983082
4639.11488723844,6518.65765925329
3783.88718443173,5499.94861470411
4029.02565457458,4924.58427332573
4117.44724519816,1712.90877811464
3513.40646326221,301.26505854315
3557.24556628456,4678.6165618126
4448.16203663865,6852.31709291334
3867.76562612792,3941.67922866866
2417.52086170559,1054.56987635232
3782.7648094374,103.604264940304
4396.88831917619,5176.86013948726
4241.11157621342,6662.49906173932
4402.95424831376,6865.16089833571
4462.22185289352,3317.04146763055
4161.29056294277,5558.76947166972
4487.5038974433,3811.64827871092
3355.59618429726,5539.56042613992
4328.47407400388,1602.31415838461
3964.71936813505,5820.08217742042
3333.27330244207,5938.12137528845
4271.63425924596,7889.72395099271
5014.2296224752,4951.40894194293
4857.21740718792,2085.04296543804
4015.61101163866,3254.81070591332
3986.05416310774,3184.33934104632
4233.64557294368,4881.79005326383
3622.70262939571,2647.73412348821
3312.69543742798,3243.04666137678
3644.89277988822,2573.39807304612
4201.2574496697,4469.53239964978
4264.0309394221,6551.39299858208
3855.75623184681,2897.16861378435
3436.83161511916,1690.0055633901
3910.72592516755,2023.21011051288
3743.65712048757,6447.84547305323
3567.05965588508,3861.54646700538
4322.04751266469,5258.98201225566
4179.57951499652,5513.53157110687
4017.2802180041,4711.18106761961
2994.04740417514,1026.32441408861
3986.01549659803,6035.58781943918
3594.3506887414,4175.0302080297
3707.95952427255,4709.64652591033
4121.3203049389,5177.76970113418
3985.04515547024,3739.1878027388
4593.75930173102,4461.63304068833
3869.71069086284,5546.09607691388
3065.41131198754,4992.83903096207
4134.95649342464,6769.6835652901
4172.14207621076,5899.13496677025
4012.44555513268,6185.05531105225
2261.99299891587,1334.75027773069
3491.46595651919,5494.20877751431
2998.86421391878,5304.90240119514
3982.37870033377,4821.60506525548
3454.05365373629,6577.19435748959
4374.33994207496,7216.60858387904
5151.42188367856,6813.55775766544
7883.2975113766,732.674857227155
3995.21024754747,1326.16874753404
3946.71919246586,4104.04761116311
3559.89276898843,1944.04336167265
2433.39818591917,2622.27337448614
2546.31203624821,3824.71958025883
4146.99326333182,5983.07553997724
4256.07002714689,5619.52277713667
4424.70191774648,3895.36135579236
4000.47063291533,5036.03115781603
4295.08192349891,5218.06315523611
3817.49785380117,4847.80433095506
3883.09060657741,4072.10808541847
4050.67698713622,5020.80033449648
3293.31611194886,872.821931947727
4258.33076154208,5145.77351278578
3330.13493082145,7771.11558995558
2970.20089550825,2488.4346129847
4412.61218375002,3123.35896230908
4130.67690211371,7326.6913373266
3883.04158958002,3502.54024383365
3437.78388812418,1552.01806329808
4338.15899932701,6307.35731271506
4276.32620845536,5592.52769785294
4114.82992595961,6346.91246154711
4305.79488725194,4694.69986132007
3603.31235334799,4749.31499994989
2872.05443230179,5415.21265076823
3714.77611962102,5330.98791883195
2773.86506305931,2600.50690039262
4156.91711039546,3472.36275592383
3873.03502081428,3970.89091518305
4306.24508941971,4733.45919656797
4336.1621302238,6252.62842602246
4174.03604591518,3968.39014922309
4375.11117787233,5408.50658932775
3556.64253895998,5177.48554240488
3407.65357051423,4027.04059552215
4285.11702008653,5527.90991823852
4188.07064954848,6097.47775982334
3883.51045574356,6799.008577012
3643.23355699946,4868.43459298662
3740.8529109774,4976.4715727253
3398.55462822308,6719.04664887051
4143.87195183432,4113.08360504178
4752.75986020555,5985.97378987402
3940.51856733364,5577.92185459575
4270.86733056633,9600.7569853301
3784.07225207451,3711.96522732953
5025.35180159738,5984.09842683168
4337.99684985543,6124.3590910443
4261.98802063626,6737.68737694169
4257.79197748498,5805.76049289253
3905.29933190703,5693.97236421391
3614.59051860955,4534.1501792642
4109.43599807977,6689.72121429334
4055.763996652,2966.84437649483
4381.11551251031,6353.10686813275
3664.92663376105,3150.01300883212
3817.89225902216,6744.90509323703
8098.53281212459,8396.15146921339
3400.79598688172,3122.33607545464
3395.66070450909,6465.00874487414
3671.73953747885,6618.68153196774
4056.27387011773,5456.75648785015
3824.97594042242,3823.18503854955
3527.12505838745,5627.02465216131
4706.72145087125,6412.32563189042
4435.6948347105,4640.25513335678
4198.15039898219,6075.76794833359
4032.10730921583,4202.76443829382
3763.18788527222,6239.95503126663
3511.77492738658,5293.5927146268
3555.54186019199,2653.36042404287
4355.37453902266,6036.09947429402
4482.89380798328,6826.00365629573
4201.32310135998,2525.37524779401
3793.277801562,4515.67986185954
4237.79658899471,6677.95695832917
3850.04187509213,2435.06964590723
3819.67823505434,201.184377868446
5100.30005964096,7087.42968725396
3736.83441896956,5989.26994656288
2411.44904423028,3237.30661275935
3021.42296501126,4649.06405396515
3724.68915973739,3545.90278135415
5116.79776799721,4547.67605020795
3607.08994138152,5865.83173283811
4209.17673233562,6582.82086947188
4730.63878097211,5168.9036950668
3748.31225860538,5808.09042533071
8330.66394586955,3075.7907064528
3376.4346166989,3985.32592491846
4898.10550115916,6026.89264689357
3336.65102361715,4541.36789555953
4120.64157977083,994.498636406735
4638.60838620909,6552.92711743611
5174.35953692122,6898.12331093479
3184.55283663242,3531.18361288943
3764.09411015863,6325.42972332764
4233.20943720002,3989.47455779522
1324.05813583631,4092.68126199101
7030.37391123869,897.486867365652
4421.07131445494,6486.37731217558
3570.47550996721,1281.27166830426
4013.34720387953,1409.82505629791
4014.81821885239,4319.95115997394
2861.8579558734,2971.22029406951
4553.98937939538,6234.10144601405
4722.37732528686,4980.90436433137
4125.37821996775,6335.94359631183
4609.39676261734,3314.54091309822
3917.82863076255,3392.627689625
4578.76213999981,1852.71487293143
3762.3994199675,5218.12024069513
4173.91282030958,2755.60069256036
3796.4263025685,6493.14045907508
3255.84964926886,961.820382536957
3816.01069139718,4791.71173607497
3362.4517436373,4269.31424355435
4665.27373905105,3925.59592916119
4808.03156890805,1218.35894677947
3745.90212920464,5017.44709234861
3752.14617095635,2068.50488510711
3398.49575171625,952.897819579623
4139.9899409332,1615.32869161495
3802.62548357643,5108.09372699608
3530.64202628512,4380.36364410783
7280.86692865125,3136.03235706491
4172.2929694031,3473.10148404897
4843.73591381046,4990.73617179418
3922.87296639796,3098.40986816185
4573.55339243553,2566.2374422098
5212.07560237552,6671.64880368076
4620.01894060723,5103.83134605654
3654.30362708488,4094.72703569989
2441.72478640213,2412.50756965719
3855.25882166779,580.877221748277
4140.72573452423,5021.42531455884
4085.90501402,4573.47783197071
4503.98088647678,6350.09487017319
3098.04734360225,165.948695434946
3862.96808419928,5010.05896538674
4537.0146998564,5041.65766979832
3667.07363042763,4232.03278741197
4260.73640050791,5931.9269687028
4030.9977056964,1425.16962768024
3622.70178479553,5917.71903223768
8647.16164717118,1738.08515695978
4273.39083752795,6002.51208163258
3801.4003230847,5628.67251907811
8677.6253725553,3040.21420268624
3596.32446776317,5555.13249364779
7918.79530260607,1712.90877811464
3967.05708161428,6249.78683872944
3964.82074795269,5302.11747650587
4300.05160488804,5763.3070941637
3510.2695024479,4244.81993023058
3273.58505094976,1309.6875412345
4022.23185271764,3288.966627461
3411.15403522719,4638.72059164749
4860.48484913157,6174.93934486013
3873.45989601448,4356.43722538742
3824.90890029093,3295.38853017218
4891.16845734699,2885.57497991434
2714.42586029339,2304.07247169881
3835.82699825463,4699.81471844751
4601.11897225349,5530.24027353195
4210.39918277047,4516.81649677676
4158.79939811807,5646.40410835763
4746.25818568511,4956.58046167413
3757.65207347995,6187.27191828291
4552.64674416475,5659.98706476039
4515.69749715001,1872.15120315914
4165.88780350338,4846.04271597549
3470.13517350436,3467.41830946292
4019.36025697412,5516.42982100365
3434.39647212018,4227.59957295065
4186.84225290023,5248.58188733425
3793.16299196158,5274.49741715978
3951.61817879606,5694.14277488044
3426.67116482109,6216.4836047973
8930.76539583478,2209.61823693527
3331.47489854278,2978.49488439623
4711.81051717559,5407.36995441054
4580.3546910855,2123.97271135247
4429.17002118622,6393.68490381924
3925.31143766024,6333.15909447782
4116.84532238443,5439.02532142588
4405.91451901771,7134.08838146332
4240.59717769209,5388.10382342173
4043.76480361337,6281.78302707784
3810.58850729214,2705.92978896382
3939.01313495725,6005.46699413312
4125.64249319031,4992.15696544069
3541.61284839314,998.022289221135
4545.85585987202,6058.54801390891
9188.69842180485,460.337099349572
3805.13473079024,5320.07613905568
4057.16926589504,5764.10290774785
3947.89008084311,4441.74192963716
3803.57683432985,3810.51164379371
3826.35530309984,6654.65594252638
4502.55821790183,5471.19192044081
3262.06266594255,6782.52737071246
3459.74235901948,3172.8025812077
4418.76544412618,5209.99338560813
3604.24326027193,2365.96220065536
4160.36754655333,4433.61465169491
4684.96474622854,2662.33975531778
4521.92386731791,6571.17036157048
4046.78076106691,5360.99499607523
1304.94884758499,4741.18814486289
4610.86130486332,4895.20217614481
3645.75816911994,5079.16662206624
3546.08031452656,1451.36910480745
4785.71896275212,6157.60566237268
4220.08245478135,7004.45533829765
8173.76818844619,1890.11007713658
4656.21557628988,6917.90067392319
3940.12024840518,6406.69911990813
4028.73227791846,4959.87661836299
4195.8853668258,4508.57589362698
3878.60588514873,5435.1037618194
4000.64175284787,4926.97129122292
4200.64433609669,2815.38777377664
3767.35167981716,5263.75604805004
3599.80304783742,4548.35811572932
3903.73493778697,6190.28391624246
4211.92206103405,2302.59501544854
4517.16349353266,5270.46210949053
5190.20209679633,6182.21372375922
3778.9168756774,2018.09525338544
3628.85620998138,1376.35120027161
2816.3028878401,3280.72602431123
4672.36271467239,2328.85115517951
4457.69058596344,5387.76300208867
4160.52290255643,6023.99439699679
4063.6951743152,5707.95280455349
4074.67841062118,3952.76141911145
4914.46127981437,4405.48293749397
4112.9119965562,7371.19093261956
4548.39303224384,5183.62328638676
3664.49926964479,1706.94144479929
4856.702704072,6000.52297052746
4382.67584611961,7127.26857196006
4466.72755577494,4545.34611776977
1695.59543506954,1803.95310812656
4394.76396543302,5311.38096651008
3190.27698225116,4592.28897070843
3939.50519341066,5054.16065388763
4547.81889725037,5367.3035735789
4496.90972166903,6844.47397370039
3962.06620588551,5428.0564561906
3606.83254861213,4411.56401887209
4732.25362050033,7973.49326782266
3384.6719573354,2119.36929765224
3800.64965935815,288.762100882296
4070.71689971182,4672.42173237171
3277.81332690302,5125.42740948353
3917.46947024232,5305.47071865374
4584.22324065563,4945.0437018355
3609.79895881796,4778.81084519359
3800.1456060081,5129.86062394485
3388.64272251603,1912.27445802216
4711.72808836722,7709.22564957141
8699.63902141937,5064.67452687182
3933.25248971901,377.703756725501
4129.11192260544,3487.08213581617
4498.64124237177,3867.28630419518
4089.01040937868,4935.95062249782
2624.26702430722,576.785357189085
2416.11273958545,3550.7905652113
4621.90184065002,6748.76956738449
3829.79875834849,1641.86909578903
3715.9728850317,1856.46581044374
4452.80870313175,5209.53839335704
4065.47691644893,6489.84430238622
4266.08199369182,3217.13134297887
2899.50799871384,5423.85116071008
3427.276579433,5222.09846290536
4394.6993894519,6619.36359748912
4731.97713211519,8197.69450524227
4348.85265508894,3054.76296048442
4094.62342275855,5099.56896511701
5197.94532840221,4753.46363282666
5225.25382607634,6336.56899922945
5024.15106282815,5567.18090834127
4117.19504262882,4891.3943646011
3314.14658890195,3820.85510611137
4095.5127438301,2456.38155060491
3544.81842527318,6303.4928385676
3862.69889780268,4407.01747920325
3935.6570583221,3718.72837422903
4699.18176038617,4389.34297538274
3536.29593980658,613.271316888753
5144.66038414791,6692.79029771191
4482.83961611463,5725.22982443717
3863.88319725547,1017.57236751162
5091.65267099593,6940.23546547531
3945.18927867782,5102.58138593181
3333.65604194468,4573.13658778239
4470.19165438445,1863.79706337422
9175.29534634221,646.972563326783
4010.73697386208,5195.84211174677
3734.46524931593,2415.34915695022
3863.92620033993,5874.12899859164
4153.0608515788,2492.92449004978
4216.52785522183,5074.67674500116
3926.73730117088,6034.73534325127
2306.10940760243,924.425178331809
4585.45103836955,6866.24087064916
3621.87558018027,6235.57890226432
4377.6519434425,6659.42997832076
3607.86006874421,4817.34268431594
2618.84740344823,2955.36427925996
4146.36986199876,7330.04457947447
3395.41632209545,4390.30919963342
4407.73053096323,3599.83627731785
3754.81771596758,3314.82507182752
3032.17638893133,2429.21606065465
6701.67899819152,962.445574026947
4216.28789637323,4123.71122608874
2653.20579032013,5230.67988738819
8356.68873335553,2870.28728256339
4418.03542318809,6373.9642034346
4528.4888638652,5584.51459082872
3652.91217726725,6182.44121988477
4509.18685497556,5094.56785605233
5030.90868561794,4568.8175442391
4395.28210078116,5017.67458847415
3779.12894441488,2303.39061760506
3871.46814623127,1928.7556643217
3450.61560233925,5651.00773348548
3342.38038318857,1753.99804580072
3874.37886884507,2892.39478941759
3852.04365206963,354.06176101892
3735.65901905732,6231.14611065825
3830.41825000514,5651.121058693
4432.13337707607,4186.05573586874
3850.66811972362,5568.60170198778
3615.45471736128,4908.78513254756
3389.40093676005,4228.56579720133
3584.17878315292,2547.93753547168
1337.39179510955,4708.05532159728
3401.53642590605,5168.84703246304
4003.8576062548,5000.17049532017
3114.26417924451,474.488214640214
4500.90933378918,6339.52433458525
3947.26714454678,4554.78001844051
3774.96488809853,5374.12338308215
4495.81759653873,5206.2993221272
3101.99110838255,1614.47621542704
2388.16580892833,624.694540092235
3917.52755328426,3942.7021155231
4240.97990936671,6290.25112635316
7292.54932728283,776.207963984904
3149.58677821819,1251.37812769612
2975.90166052948,7649.95064606523
2374.63464678044,4421.05500500184
4317.24475076936,5258.81160158913
4955.037166,2302.367519323
6209.01290184333,1643.63081648242
8933.28701767709,6746.55296015383
4184.81274387979,6001.14795058982
3673.13685179621,3878.48224270075
2482.74775012819,2352.2090450137
4041.00861997269,4289.65992400135
2097.73747798908,2905.86378632995
4224.27758918986,5405.94916076403
3509.67230677126,809.170376583985
3435.63179029575,5763.76166355953
3493.48737124061,4717.03465287219
4392.79874144891,5904.47732002324
4493.41104198269,6948.02149922924
3798.33653132294,4343.02510250645
3872.7753868116,6267.00677315412
3633.21810174127,5967.56055792838
3855.69375639076,5997.79470844195
8532.28600901735,712.158554685995
6618.23637080389,2477.52304463606
4700.53701479658,6373.62338210154
3633.86193660701,5049.84118748908
2385.19810512408,600.654690450488
4270.97760799626,4792.05255740803
3139.96766785936,443.855893050032
4530.17045201376,4786.59687894752
4044.36412669984,6102.53595434703
3837.60815266,6911.36502314923
3839.5106315352,5560.47442404553
4264.57785025004,5821.10506427486
3949.93711407718,4472.14691367252
2647.62465043655,3384.27354984008
5317.22357586306,5216.074044131
8031.33768039204,1201.53670771924
4521.59289048636,5867.87750654699
4451.19160935098,3752.37285234949
3397.47341816255,5418.16798612403
3169.99235027206,1539.91288028704
4269.48728324177,6309.40350927919
4751.64603169401,5540.41290232783
3635.28593819629,3998.17015319608
3303.88088949312,2146.87603179082
3566.59793005534,3598.41548367134
4096.34647961799,5258.6411909226
4804.23151916066,3873.65154430261
3894.84736507799,4427.98856256787
4396.26558248071,4652.92852811261
3250.48135202116,1149.36514387655
3300.91585916481,2598.34737862098
4478.71906870314,4587.74243103959
9412.68059349022,2172.39344339665
3460.62190645423,1545.08461144587
4408.99919968847,5510.74664641761
4971.6850176976,7820.73004237599
3110.26985410465,5272.45122059565
2763.4223337631,2309.52836158695
2217.03166150204,3912.46754215427
4593.56408177298,4391.95706655022
4056.83626861883,5478.86420613198
3719.67563761712,4636.049415021
3579.39236451979,2574.13701259888
1718.10182667443,1378.90862883534
3668.04380589295,3303.28831198889
5249.49923255041,3698.78017771885
3945.94689973957,5078.9391259407
3802.67549343668,5201.58194893657
4079.73657134077,5711.41979476413
2818.6499892492,5616.73785244741
4457.26228019836,7411.71145999178
4939.41419955247,5010.62728284535
2961.39847709437,2510.25817253723
3634.1108408364,4245.04700350087
3947.95988209671,7233.54393671916
3193.00112624235,4750.90620426294
3800.93523435249,5098.88732245088
3130.53937012903,3131.37228076093
4234.78943468716,4128.48526188312
8367.77159627911,2942.57713644135
4135.73154569193,1647.49539634369
1916.56931206427,3313.85884757684
4515.77431778424,3621.48900334859
4186.16758936275,6100.66016844943
3813.23716515485,4687.70964115028
8401.44271745014,3451.22126189268
4341.36155961752,6666.36353588679
4513.46806547537,5436.80871419522
4459.00516840521,4573.4207465117
7651.80029176587,806.442431639919
4737.41692951587,4018.34542297655
4225.36705295476,4477.48884407025
4196.83360003206,5774.6734433358
1351.46185184293,3029.52970760789
3927.15011942363,4112.97027983426
3480.95229894371,1879.08476072517
4016.79713188226,2898.53253339948
4460.55240266334,2623.06918807029
4419.95252475571,4353.42522742786
3349.77598693965,3917.98030607379
3570.9810098829,1177.15593103062
8727.73522496655,333.204505002432
3806.15799780421,6571.0566135077
3489.98228465475,5397.59480955148
4712.17101808209,5427.14731739894
3331.08727728515,1003.98962253649
4929.55903333308,2684.44747359961
1970.8356351237,1945.6916514447
4429.64920287458,4549.55141325029
1182.82590194526,2801.29337394666
4199.91808835242,3442.69650001361
2988.68928273599,2284.23823467903
3391.4648247807,2445.58351889142
4213.68892709654,1782.86869955442
4340.00349416689,7437.74073788008
4836.20159428039,6878.45969600916
3882.82168253603,5335.70486916732
3808.09815703385,4832.5735076355
4075.08589265044,5526.48912459201
4309.58881959299,5215.05115727656
4077.59456182402,5895.44090328932
4019.21958756144,5065.6407511225
4132.00365357359,5818.83179444044
3905.52221662953,1761.67033149188
3803.02076279969,4314.3250708469
3591.79599838864,3568.40840642805
3383.66399839668,5862.30808002371
3610.52099570991,6381.52274106299
4398.91654842937,5298.25300235841
3598.87456282348,3100.11482053766
4435.43393077589,6082.81525396239
3629.78659177516,4226.17877930414
4590.80731180172,6188.97687065872
3865.54280081221,4841.83699763971
4033.65851132383,5514.55445796131
5307.73067715825,6747.68959507104
4385.936145454,5581.16134868085
3860.14562616982,5476.02261883895
4261.31225596269,2175.46231538759
4309.3464546024,1268.08672440739
4387.6941380196,1465.40652489223
4884.05308092836,5395.37820232082
4762.29524666668,5752.16824111714
4331.49330819862,4908.04598156717
4766.69420780227,4593.76684981395
3796.58971248674,4655.77011540564
3976.92249204942,4269.71215034642
3595.31616877977,4575.35319501305
4225.14972351716,4846.44062276756
8032.41234011883,1628.45676148043
4175.1819763735,5151.28585385005
4024.38872903233,810.022852771892
3926.41199143759,4171.56364067432
3111.2822961413,4060.74173624637
7864.18993585073,554.677797477975
4203.75624718553,5516.3731583999
4133.12135319831,6157.15109297685
9079.55017131376,3310.67643895076
3722.80900128343,4611.21385750892
4325.6925600761,4998.18138421505
4681.44430454526,4801.14563674571
7510.31591467693,1189.26100832785
4516.68814113148,6891.7014082236
3452.26146674945,5728.01474912644
4148.20213949324,4908.84179515132
4442.73976388723,5810.81826456096
4568.86639819107,5465.7362419803
4986.08592895489,9053.46727269364
3682.60661415406,4758.80598607964
4007.31116283703,4713.45433745403
4150.99087299325,4892.41725145554
4411.38383501481,5874.07233598788
3926.25397536565,5476.36344017201
3701.55422156955,4069.66440491752
2676.89285886698,2118.57369549572
3940.67377543411,5358.66506363705
4367.32991808318,4379.62449312745
3848.45003484538,6347.02578675463
3975.2558620419,3055.10399324511
4157.34870506461,5804.68052057908
4113.47350821079,5452.03953751478
3811.04631140976,5898.73705997818
3978.24916585528,1302.81085769986
4561.62383540469,4631.38912728939
8473.37841482809,313.313393951263
5133.81935011032,5812.12573299995
4237.5653893549,6231.03236259548
4750.34247313881,2962.01367809669
7965.78569262185,4407.47204859908
4549.09172054846,5083.20150688024
4805.85737610913,4273.69037255666
3631.75697869927,4044.31719255059
4068.64022644157,7473.43141256467
8215.55199211368,3569.37463067873
4102.11259155607,5118.43718931374
3425.12298234044,2013.5487137166
5123.94885860501,4688.95960127501
3745.14363355914,5254.49255804584
4218.78176282807,4963.40027117739
4276.82172088635,5248.35481406395
4704.86858006234,4798.64487078574
4554.66472894992,5364.23449016033
4452.61412742519,6703.13376002957
3070.98372853954,2243.09209296157
4015.99583955125,4491.98093926467
3870.98377819883,5084.33814179745
3979.34347406889,5091.44211003001
3687.64504837099,6003.93287527909
3325.58036541261,4535.28681418141
3963.33384054512,1015.46961405754
4222.89167531567,4014.31011530731
3824.01873781532,6797.53112076173
4122.54247629714,5649.92776117203
4071.55739262038,4996.30602117271
2360.36307655956,8047.9428548999
4271.68586379074,4132.52014669711
4506.34846502202,5378.61283729198
2954.42477414057,4848.71389260198
4115.9037861542,5253.69674446169
4294.65927657644,5545.07319005944
4640.89300719583,6370.66804674574
3914.10987901079,6136.18000961223
4314.50824430375,4514.54322694234
4357.89261272101,6690.17578368918
4143.44811276314,5591.50481099851
3704.32468067875,3279.41897872749
3749.45504694907,4717.65963293455
4076.48654100824,3245.6040899405
4745.46972664649,5746.25757040555
5193.9244763365,7039.80476879393
3958.08134590897,3570.34043207416
4554.42101649931,5284.21547655982
8820.71813942779,1107.25288362222
4428.41878475473,5666.5793781381
3297.22234492295,4334.1024338353
4325.4196365196,5539.16251934785
3458.29731473309,4065.85659337382
4054.08952151389,4826.03785686155
3578.12178727965,4810.18205347962
4363.31754725862,3849.27097904161
4200.71843946193,3452.0168640492
9311.3538428329,1835.15390574606
7256.47667160168,519.726273773778
4232.58888604817,7554.70080914516
4249.60364539585,4900.71494006432
4293.72066106756,6955.18255292082
4076.74236068115,5641.0621779599
4055.76722620458,5481.64913082124
4161.30514031967,3550.73347975229
4758.50621417507,7256.5041311889
3970.356627884,4041.81684944588
4559.58690847799,6339.63765979276
4135.32418714013,6133.05426358991
8519.96216953771,900.896772117281
3702.65575413283,4174.06440663428
3532.98124744921,1199.60447064551
3905.35425883395,4368.59938814366
3681.84039015843,2094.70436223432
4027.44269985283,1570.20422197344
8104.45435824073,28.8136946557318
3043.71356220641,4592.51646683397
5048.67262006864,5599.91582481481
3916.97358004487,6282.12427126616
4294.3105768949,6521.95381594215
4172.93487905177,5749.32665382412
3682.19882387632,4994.94189012996
5914.19537909058,488.411992376032
1637.47217834353,2380.05660048533
4017.72571667684,420.213897343452
5149.05527090582,4244.6490967088
4383.79947258014,5419.81585304083
4952.84631124338,5233.23731595191
3207.3843376917,1483.42216718724
3348.33365745194,4042.83973630032
4163.75769039225,4570.57915921867
4396.66724698949,4731.92465485869
3230.02899835328,3127.84862794653
4267.64041156473,4436.05875505111
3869.37916039142,2234.8514898118
4018.22629566898,3739.30155080158
3456.86708433707,5695.67731658972
4729.04174699212,5223.97382594771
3666.91858368123,3461.56472421034
4110.36157259152,2858.52302659922
2594.34978433497,1135.21408144282
4060.75347715925,4094.84078376266
3837.00015121073,6911.70626733755
3849.45470274022,6692.16489479429
8032.43071627959,1365.72357922465
3782.67488428083,3628.47964637363
3184.35269010238,1511.04243796096
4229.27916004948,4855.36329143871
2967.3932930112,967.958232232652
4393.56519937503,5860.26188345958
4036.94196716449,4732.37922425452
3533.86331529385,6783.32318429661
3687.906351499,1102.59270160443
4388.97323026262,5279.32811555792
1411.46588292033,3839.26833805702
3653.45209015114,2547.14193331515
4863.33200849561,4069.66440491752
3716.137858363,3261.97154817727
3227.74401028899,3157.57175788814
4026.13531085389,5244.66075058302
4087.22907347138,5482.72868027944
4477.96753969349,5992.62318871075
4292.47729279166,4067.33404962409
4206.28906273477,3671.61468776859
3945.05138103062,4658.21379590659
4052.80985802787,3694.17697544625
2181.90508808761,129.349053743639
3534.88659420423,1010.24111458114
4642.00823114091,5689.53957260784
4186.25805568209,5121.96084212814
4036.46277506731,3009.92275528602
4214.21496643826,4317.22332074368
3529.65250869395,2427.90880364328
3606.83621427763,4761.47716270614
3602.6405843155,3526.75060985574
4670.45441255707,4374.7937947293
4275.91803832638,6077.70039683495
4151.55971333047,5244.66075058302
2919.27927862359,3707.24827699416
4850.10139495902,4172.30236879945
3698.1354469646,4914.4112216746
8145.49293405104,1040.98702566337
4286.36558778166,4748.34877569921
3373.71352863431,5504.66598789474
4035.43102690527,4204.5260532734
9245.83614479671,3185.0214065677
4299.76940775014,5055.58144753414
4142.35366546946,6404.93750492856
3869.76940145598,7952.0113753137
4648.44662949649,4824.10583121544
4107.64777244,914.593265155183
5002.99304161179,4649.00696850614
3718.34545216223,5779.16332040087
3018.03429978708,1661.87384918916
3676.64404925364,319.849044725219
2992.66651803702,3586.08291024856
3978.99540962402,3343.18407072638
4797.58070342575,6058.26385517961
4148.25625639651,6792.98458109289
3304.5759058918,3026.74499434625
4117.96930344761,5637.65227320827
3670.01067806285,5181.46376461511
4501.17407483544,5296.09348058676
4188.94720840473,6108.1053808703
4652.76522093588,6044.62423617309
7408.38045196768,7487.41185290425
3603.51215586806,2616.02188244149
8473.83084961009,1332.704398308
3658.43859839564,3096.02285026466
3362.81722351596,588.492686264963
3692.88394902075,5630.43455691294
3911.51639704738,4947.65779300298
2923.26335746165,1648.00683977091
3977.82762811476,6316.39372944898
4158.02511960122,6324.17976320291
4687.81496817727,5577.35353713714
3897.1659797534,4814.27360089738
3994.7339983612,2528.6716159105
3834.27331247395,3032.54191699507
3860.11099298497,6084.34979567167
3968.46853463379,2579.53602845563
4420.42531316431,5545.1298526632
4243.01986746186,1290.70567468881
3374.30031488123,4834.79011486616
4737.48045431965,6658.12293273702
3701.2246938053,2591.86839045078
3804.51188650776,5562.06605121383
3712.73117224755,1047.52267643733
4190.51479486248,5495.00459109845
4136.62225277887,5564.56639431854
4169.94715558598,3998.96554392498
3482.5890434544,3737.99408236258
3699.70273951091,5548.99474966591
3694.62866276466,3275.38388248587
3323.28628457571,1784.11887110677
4462.66969078687,5139.57868334489
3463.16002488077,6913.46788231712
3556.34167381067,1202.84385901679
3370.58528672532,2153.86625196061
4258.76006998883,3297.15035657939
2717.81523992528,3911.95631015468
8160.19528856076,1967.74228426752
3750.91186805613,4643.32379392009
3968.48810370078,5053.42192576249
4102.92723597934,6597.25587920729
3385.91507019093,4603.20075048469
4085.08541178938,4647.35910158934
4425.35493473026,6399.25433034251
3728.86881362913,2473.77210712374
2662.54325184075,1461.88297779164
3827.42025459621,2419.66820049351
7682.84946717699,1659.31642062544
3506.96995751206,14.037440732006
7795.46636076147,3960.94535965746
2354.42442528954,1559.40619025994
3920.91037423061,5431.63719446401
3944.22351040932,4705.78205176286
3916.41557776388,2777.87882150872
4403.74414296317,3991.52075435935
4133.74092423008,5748.81499896927
8509.29092243426,2713.14750525915
8710.95780017497,1055.64963723814
4104.63230077857,4570.80665534421
3512.21241452418,4531.64941330424
4530.45623242996,6435.05833023462
3330.5091490523,4170.88157515294
4142.86859594533,4855.19245791692
4137.99718453536,4403.43716378509
4423.88278012203,5522.90880917385
4010.27129721652,6792.64375975983
4070.63558350527,5862.59223875301
4625.73332066775,6760.47673788965
4588.34429195739,7139.82906436363
4230.4598380007,6240.80750745453
3801.35509062718,6064.11744043219
4933.98023130681,6498.19823074351
4235.93897709074,5429.6480833589
3892.44285447326,6203.18480712384
4253.09286921945,6052.06902573872
4006.29859863407,5249.20729025186
3185.56032884185,6700.12133921476
3951.09064925901,6166.24417231453
4243.17432305261,3017.65191500858
4501.37113962627,6171.58652556752
7266.77397550646,1486.71842958991
3486.56596383499,5247.78649660535
3896.64010273281,4894.17928929037
4315.52319074291,2643.3579944859
3761.64313773851,3953.95471663242
4163.94675151536,2032.87150730916
4535.61460714706,5028.64303085417
3681.38791128462,4800.2931605578
4195.29383604664,2812.77347118153
5558.0610229229,7292.64895241407
3345.68909935762,4233.33983299571
4056.28097189304,5287.51163324868
3914.15383105661,6259.16407679642
4622.33855084351,4960.33118775882
3340.13325373342,6446.14052067741
4551.82324119426,6670.85299009661
4065.32658971252,2958.60377334506
7941.28147515073,3720.09208241653
2916.85137090727,8274.47487046819
882.415765408174,1690.85803957801
5087.71213826134,4798.24738684892
3592.96786776773,6078.72328368938
3877.86634878964,4472.65814567211
2745.23246535002,2013.03727028938
2965.81684271112,891.917335128562
4316.11043799494,5564.90763850685
4364.17346588774,6518.54391119052
4283.8151944823,5544.56153520459
4180.81666767998,2688.02778901777
3006.99719155311,3242.93291331401
4168.84421327525,2487.01381933819
3558.84811364383,6694.72232335802
1970.79046641256,1686.82294333639
3589.7774792703,1374.9304066251
4354.67688651247,7822.77581608486
3226.8751498986,4950.27230702572
4255.72528327699,6378.11283631136
4383.62747908315,4554.72335583675
3850.60993388675,3397.23110332522
4397.26668418183,6437.50201073557
2929.84952377934,2267.70015434811
4276.12473809061,6637.66350422724
8491.93454508233,3399.84540592033
3058.08183274539,4216.00615050826
4443.75788179674,5450.50499580549
4428.84136285648,4803.36224397636
4215.7565811658,5326.83928595518
4163.99105807582,6093.84035894617
4187.55059991457,4509.03046302282
3906.02137142571,2602.60975956051
3873.42258811255,5870.09411377765
4530.85692466512,6455.40401068162
2826.08206417164,1387.37651668302
4490.85630924671,5007.1040528862
4391.96106300027,4770.85440077312
3759.0737173067,5577.80810653298
4741.59475872464,6011.09350611541
4488.44031165117,6486.15023890529
4215.34399992106,5268.41633578165
4014.61789615339,5484.31988459248
4768.77428097878,3827.33367142631
4240.59171625873,4954.76176123554
4164.71905783859,4173.49608917567
3296.81373064904,4815.41023581459
2988.45254871517,1002.56882888997
4695.21947396144,4827.00408111223
6112.53296143446,4247.71818012736
9083.69086074875,1660.39618151126
3597.22758498319,2614.60108879497
4506.05503738124,5626.4563347027
3687.88219462107,6887.49568988783
3125.37148105806,4607.40646882047
2960.63354931486,578.376667215941
3793.56329572041,3758.45351087236
4922.6420089061,4981.81392597828
4501.4355346566,7111.41319143339
7757.92616314444,1019.05003518951
4318.42284105679,2017.07215510337
8672.95047589583,1782.98223618956
4689.55201211178,6330.8858246434
4155.13852680609,6282.46509259922
4347.44967176786,5369.29268468401
4158.72088772453,6501.60813549514
8719.38795433888,509.496559518891
2567.80367236888,864.183474862789
1799.85916229263,2461.89431452443
7960.61198806764,4359.33589813945
2684.48122717268,1958.36504620054
3912.8021352023,4413.55312997721
4219.11005032668,5059.67341780715
3813.16343277903,1759.2834193085
3869.0320591828,8032.42829570629
3024.89280086926,2445.0720754642
4213.98318249447,6703.41791875887
3011.41436369247,747.223773596057
3158.98154699152,81.0988975438202
4055.78148898136,3867.05923092489
3878.30068518288,4369.6222749981
4729.78962144503,5412.88271833005
4184.46685364943,5488.92350972033
4908.90028034532,4794.38248984621
4263.65662059824,3934.06360558125
3861.95008381292,7418.24711076574
4971.75721491149,4481.35331821771
4593.78203673356,5923.45886942749
3712.096592575,4874.79941023879
3754.10885484021,2724.40010636848
3742.75525149279,5405.55125397195
4378.17192814027,5740.11982642367
4624.4804016724,6681.65102181011
3417.16498755316,3291.41030796195
4079.51388934453,685.163475402265
4143.40853290957,3864.3880542984
3964.00965708601,5942.55458974976
3751.85223473936,5380.8861071264
3406.78429768609,2047.76129786803
3089.42824416613,1986.89466719356
4276.05364554801,5073.14220329188
4221.73840548963,4188.44275376593
4001.07157020702,5873.39027046651
4014.52106526283,5650.72357475618
7677.03413272795,6119.81255137546
3007.50174288678,844.519701366443
4047.81311743882,8917.86689621263
3688.74144061591,6233.98769795128
3194.61795233098,6521.84049073463
4024.72153412985,4084.2131627157
4502.49788201642,5587.52658878827
3519.30915622256,2326.52101131371
3397.63218007308,3959.01291115611
3543.11709041929,2518.55543829076
4597.37759260134,5897.4866769982
4078.80537772437,6713.93179174306
4468.74109825003,3848.19100672816
4176.0892504889,4645.14249435868
667.667494941975,7247.35438924746
3980.23213327119,4553.47297285677
3460.33536589905,2197.05837881457
3818.32435697441,3912.07005821745
4151.24953752189,4919.98064819788
3347.69413294584,3075.73404384904
4369.56403763986,5288.87576429143
4738.08660576236,7287.07994874604
3800.79279056006,4280.68059272644
8766.20766801253,2991.62305997552
4463.47773061127,4821.88922398478
3048.21971331847,595.823992052347
3369.65585441849,3976.40325624731
1423.31190892393,414.019252901731
4485.67462202547,4837.74545022196
4254.75537051376,4807.45379139412
4429.43405382133,4784.8348411127
3463.93345762695,2034.00814222637
3857.19841094687,6393.91197708953
3351.18819935142,3962.7636372408
3723.20260818341,4578.93351043121
3772.21794399806,5824.34455835996
4040.88133443528,6839.98451949056
3647.84400752016,6134.75921596572
4056.55310632793,1337.19406394545
4516.10302082293,6482.96740742396
4275.71304279909,4910.26258879783
1852.93054863653,660.328023603996
3702.82191687115,110.708233172864
4010.03740650327,5223.97382594771
4162.45382072616,5152.3658261635
4437.03464365087,3707.07786632763
2367.20074866586,6540.36747074304
4191.75506654656,5539.78792226546
3967.8265134998,4845.58814657965
4066.15988291957,2642.10782293355
1907.7328202782,6079.40534921076
3863.42797512618,3044.13555086509
4056.07388425873,1792.64363298585
4496.70070574498,3778.06046319422
4642.42105714639,4200.83198979246
4296.00522655159,4602.80284369262
3294.86793726358,1203.24166009505
4254.76047008382,3843.07614960072
4997.7689806582,4297.73011648459
3041.52947637147,1349.41288930546
4349.08629395531,5684.4247154804
5186.91581515281,5880.55090130283
2825.67791346622,2370.56561435558
2791.37671531116,4702.54255767777
2545.56617073384,1783.20952088748
3999.03315925297,715.909492198312
2493.2636191783,379.181397974945
3857.20481469678,4916.34367017596
3794.41894916099,5182.42998886579
4399.45316811572,6924.72048342645
4041.22946806895,5005.00119371831
4230.09765989346,5212.039159317
4915.12117263007,5282.45386158024
4350.66759483819,4614.11253026095
4891.07436776525,6082.13318844101
4558.13648233348,4662.41951424237
4234.23182382972,5515.57734481575
4165.04567782224,5958.4674785907
4146.32661308664,3573.63701161827
3904.98093148746,5711.59020543066
2816.8655228068,5875.66354030092
4021.67594649049,6293.43353497924
4064.49883735068,6436.5928719439
3806.74862725426,3068.80048628301
3496.94162910171,4130.41728752922
3387.46656595186,4100.75145447425
4559.44194953467,8065.16321217983
3724.92584425136,2137.61233035898
4492.64089122252,6095.48864871823
4378.37370655525,1141.86337456573
4998.85710812148,5659.87331669762
3402.6667826056,5207.60636771094
4718.93666448393,5459.59807514317
1736.28495617508,1928.58525365517
3120.73968648371,2314.98425147508
4567.2184323742,6000.80712925676
5268.36192029671,5467.09995016781
8702.76080406282,5301.15125225519
3604.16531801855,4722.66116485448
3022.0448493882,6268.42756680063
3957.80746977513,6206.14014247964
3096.38884478738,2454.84722032325
4734.74545395955,6756.04394628358
4011.41610686312,6544.62985168258
3222.76742450194,1907.04606425958
5272.20308759323,6676.42283947514
3968.92307113966,5312.34719076076
4410.07188634489,4925.2663388471
3913.14018658187,4427.93147710886
4053.34323780013,5938.23512335122
2442.95580991097,1808.04507839956
4939.54424441193,1507.97346025621
2983.13353745932,5835.42674880275
2907.5674589668,977.335470299631
3820.31807874821,4647.6999229224
3943.78269144259,3559.71323388245
3720.51183230467,5343.60465098402
3476.58539434387,5026.8814158746
3701.41221798799,4774.49137879504
4046.95374680292,6753.94108711569
4326.73445379383,2086.97520251177
3961.51891397609,4384.05770758877
4634.28376919436,5809.62496703999
3705.39516556614,5901.06741527161
4121.3006196004,5359.06297042913
5077.80267409407,6486.83188157142
4673.99653755634,4479.98961003021
3836.16820098569,698.518935679479
3424.51317066093,4544.15239739355
3542.02991187946,1603.62130968216
3087.83365838347,4136.78252763665
4716.71916657781,6887.72318601337
3488.71517295869,4633.20782772798
4093.20407828217,6314.46128094762
4346.32181444874,6391.97995144342
3656.83241999497,4321.94027107905
4017.9567133551,6127.82608125494
4483.90312995287,3981.34770270823
4270.27605547887,2705.81604090105
3174.60417531655,5583.0937971822
4177.96007980992,3422.29394553522
3993.33523288703,6412.38229449418
4528.18284417042,4457.71148108185
4126.28533499889,2523.44301072028
3254.49252305323,4491.35595920231
3996.98246490193,4614.62376226055
5080.30560450863,6994.56686823108
3891.01430006415,3930.76744889239
4283.50134731895,3471.33965764177
5389.26811107985,6284.39754110057
4476.00781608124,6550.4267743314
3437.29892730385,6377.99908824859
3872.18294108359,4868.43459298662
4337.7336877369,4447.48176682696
4738.63161631986,7154.37782216181
4238.79927472179,3394.44639006358
8916.70361424138,3240.6027694482
3654.79666213374,3461.56472421034
4419.54945495114,4519.99890540284
8685.72230831551,2809.42044046129
3746.10601058871,4539.43544705818
4410.62492150659,3499.75553057201
3990.24530639771,6500.64233409972
4010.08487109969,6454.15362770164
4730.5158312739,4531.53608809672
3380.99048350362,2094.13604477571
3511.48785688421,932.211106371932
8071.42901881056,382.818613852944
3899.30775987885,3830.57316551141
4128.83027834958,3588.46992814575
4307.82563309526,7242.1262069125
3002.40676247151,1978.42656791824
4162.17004088241,4674.12668474752
3923.03686247214,2896.37301162783
4941.71688924452,4788.6426526564
3911.55350842294,860.716748936681
4724.3705225428,4685.09512712755
9061.71585055471,3660.64624538857
4139.16459487833,4794.43957530522
4673.23823972059,5526.03455519618
3917.43569009127,3953.95471663242
3289.24092055378,1843.33763486445
1914.26119887951,4485.33154042795
3577.36162627869,5959.49036544514
4008.09607168943,5092.80624107276
7950.63662423399,42.1691549329456
3642.01093218133,4660.94163513684
3710.3823052598,4023.68735337429
4386.75413930702,2009.51361747498
4194.43724991528,3254.24238845472
3702.19995134396,3931.6199250803
4693.81730413817,4654.69014309219
4052.29498284397,4728.34433944053
3598.87972507136,5926.18670865774
1893.42881492121,3221.90516734563
2663.42752790358,514.043099187729
9135.46163631451,4259.14119190322
5184.95964498921,5871.40115936139
4650.97036199524,4726.46855354293
3584.16049967984,3609.95224350996
4498.80449687178,5587.29909266273
4428.75686658861,2672.22864823961
4547.62033167471,3436.84291476103
4557.19789026902,5561.55439635898
8152.86793219534,3121.93816866256
3012.18075234191,5104.34300091139
4355.11556709153,5236.42014743325
4322.61112026966,3430.47767465361
4066.48262250566,4298.98049946457
4421.11437744156,5925.95963538745
4701.72302278689,5550.52886851994
2200.11750754332,1671.19421322475
7207.07179969303,5484.09281132219
7637.71889942279,1904.03385487239
4972.97132140775,5167.42623881652
4515.35592839788,1878.40269520379
7860.05128079284,1914.54772785658
3983.89805523312,3954.01180209143
2425.52018990295,2494.97026375865
1577.88770329596,2555.60982116284
5293.75201278146,4917.70737836346
3606.19341765127,2167.10796417505
3237.16080363037,3593.01646781459
3593.82978894911,2994.69193196647
3995.15944641494,5040.40728681834
3717.46116888319,4031.30297646169
4473.39079179591,3057.32038904814
3961.97159690401,2781.17497819758
4127.77423383429,520.976603896852
3403.74193040408,4864.34262271361
3620.25548895937,4068.18652581199
5155.95340705093,4161.4476744822
4070.90017289622,6160.56099772848
4015.09597759942,5734.60706250415
4055.26961770106,5735.51620129582
3606.14431972689,4123.76831154775
4562.60186330501,5283.41966297567
4291.92936688476,5731.14049514876
3785.78877752832,4296.53681896362
4214.48015526011,6204.03728331175
2227.40453874409,269.666618416102
2262.97146584931,4306.59569969672
4311.60105147318,4478.45506832093
7910.87909809532,791.950336445496
4244.01553699539,5711.24938409759
3545.40080513192,6469.83944327228
3803.33764399195,5043.93093963274
3977.3874028362,4811.09119227129
3599.61580016826,3150.35404159281
4506.22088355739,3321.81529199731
4695.0862198754,4235.95392416319
3877.03304105696,3442.58275195084
3629.8066669464,5320.87195263983
4485.93664535858,6321.11067978435
4723.03202607144,6590.89106195511
4091.68415743531,5309.0510340719
2569.29211813984,1760.30641187676
2381.76050316604,1741.72245212314
7947.17574898928,1726.43464905838
4159.59149192466,4528.01243528232
3183.39281067893,3204.62835888957
4437.6507576893,6176.30347590288
4751.59504102456,6620.27273628078
6144.26305197113,2032.75775924639
4036.93760151616,5434.8196030901
4319.78205415812,5358.83547430358
4035.45313729595,1446.19737364862
4629.37955764365,4254.65173769339
4204.57582696937,5667.88642372184
4430.30492645052,5123.55204644118
4283.91348124884,5810.7616019572
2850.066740459,5623.04642995107
4177.81806314997,6798.04277561658
3404.7786313561,2455.47220038562
3508.7285845726,2479.96672513701
4124.91525943253,6578.3309924068
4430.82056536833,6648.23403981519
4134.0703232671,6116.74389081215
3581.85236034216,6699.55302175616
3515.41997114446,313.256572776784
8135.62237183882,2434.67195054278
4494.2142732714,4687.99379987958
8391.42361848052,6569.57915725743
4212.84985766385,5141.73820511654
4441.36566449854,4676.22954391541
3986.15729460422,5892.20140920423
4200.1014877299,6145.10267828338
3793.18139779085,2722.46786929475
4440.44738606367,4397.58357853251
4399.80218510462,5543.14074155808
3429.13349139233,1832.59647718234
4035.86233873337,4068.81192872961
4990.0757683452,5478.58004740267
3867.65089783119,3994.07818292307
3785.10855266294,4582.45716324561
3325.84643833266,3253.21950160028
3721.94733063777,5103.09261793141
3804.66326576403,3920.25357590821
3833.86423219955,5204.02605229278
8259.41256894893,5625.49011045202
4270.54657623101,6339.580997189
2880.39495962347,3006.28556583648
3420.9837647923,5112.18569726908
4233.37411237133,1539.85611196946
8001.08962902189,3288.6824687317
1640.771784038,929.312645047523
3674.9948610962,3003.15981981415
5032.89447150769,5567.12382288226
3558.7479389772,4016.18547834965
3868.78585719382,2829.4250881476
4465.71194103134,5948.12401627304
2522.70809101508,2154.15041068991
4385.31062760243,4085.86145248776
4268.40850678703,6463.7016992904
4640.20941083903,6050.6482320922
4368.01497108731,2821.92342455059
4661.04338576228,6114.01562872664
4233.32589523037,5050.86449719877
4263.16060739349,4103.7063669748
4328.43846014661,3810.22748506441
1917.69655892462,527.455433496329
3875.94902570787,4888.66652537085
3185.69604400476,2396.19677402418
3694.49537535405,6759.28344036868
3945.52933530966,5569.17001944639
4435.27602328942,6018.14081174421
7913.73358687002,2085.83856759456
2520.92554504647,6013.02595461676
7722.06664937282,2597.09699564099
3658.37555273019,528.25103565285
4106.55634205921,4898.1575115006
4404.07515192323,410.609348150102
4395.17691543808,5662.14658653204
3382.02410097038,4975.50534847462
4309.78602172695,4662.8740836382
7927.97487607056,2282.41974566807
5300.28938231242,1813.04618746423
3972.87910797088,6323.09979088946
3816.66062611402,3695.42735842623
7995.52203685617,657.315919930628
2225.5994232584,947.328287342533
4861.25599017816,2967.63997865135
3744.16623682775,5058.19553870162
4542.55350750785,6646.81324616868
3337.39942350977,6500.98315543278
3969.04211156502,5807.74960399765
4360.24743889612,4387.80843367346
2184.13561365906,1153.00243903991
3938.28666582809,5679.82109035255
3584.57161567677,3042.3168504265
3490.14825495761,5962.44570080093
4189.70447881064,2578.45626756981
8926.19420604752,4055.7406271817
4372.71605117194,5059.38925907784
4743.80320206143,6021.77778976613
4958.80078721063,3406.0400239336
4369.76614745403,4473.51062186002
4384.44633270808,6254.50378906481
4369.47848684915,4280.05561266408
8253.77302640119,189.761194307643
3583.26112072269,5181.46376461511
3800.95211362772,5246.82027235467
3023.75347985486,2492.46970922632
1955.22930381656,2929.78999362274
3970.17910049229,6714.32927567988
3266.63080043686,3565.05516428018
4028.56587931598,4366.49652897577
8552.55048907878,2306.45948959601
1471.39393959642,47.7954951302881
4559.73349866414,5575.42151149104
8485.19361697472,2569.53359889866
4044.38548269775,6448.35712790807
4246.3950378335,4014.65135949562
3954.04687291723,6942.1112513729
4102.32745938533,3892.69017916587
3774.13348095286,4784.15277559132
3956.11349620293,6661.93074428072
3723.85070905454,5182.77081019885
3966.35394584113,3496.8570692476
3767.68081125254,5130.25810788167
2673.02665401032,2164.60740964271
4376.06194052464,4953.79553698486
4469.61668339884,5878.50512759395
4175.72876335651,3757.60103468445
3599.87254458204,1357.08517499662
1954.10630303,2046.22696758638
4059.63157366063,3108.98061517742
2808.26393923975,445.958699361014
3463.45731147985,5989.21328395912
3719.11886790265,3848.58891352024
4352.43630184701,6331.79496343507
3918.8632209438,5531.49023365668
4598.14904257789,5298.82131981701
4023.79197575547,5481.25122402917
3345.94057387195,4893.61097183176
4484.68085030903,6493.76543913745
3657.03382198307,5048.87538609365
3757.39723606478,4590.07278633302
1902.99516610805,1662.72632537707
7884.29996983427,2182.22525085946
4385.01605529418,2082.37200023917
3135.00080219096,3419.85005360664
3023.58478552684,4651.7918931954
3916.36124402908,5579.0018269092
4741.94871203478,3339.83104000613
4205.72842325105,4971.30005299409
3946.68263374862,5849.63468526787
3666.5766724295,6039.90728583772
4043.44904842143,4823.65083896436
3192.22100174602,5306.0956987161
3159.80180596554,498.982686534701
4128.12263493933,4625.59262749582
4168.33118424159,6347.25328288017
3944.70399750609,3913.37710380119
3445.64763149243,2830.6185970962
3749.36560755032,4548.47186379209
3774.06679893366,5635.71982470691
3857.82531730803,4059.8325974547
4701.72968363348,7420.4637179964
4599.43884982574,6472.33978637699
3288.80910561516,4932.48363228718
4447.50096299025,5434.76294048634
8594.50023492754,963.12753383451
4202.303103941,4733.23170044243
4170.70949410572,4667.87519270287
3926.74923288724,7089.87379061016
4345.03019702181,6798.38359694964
3776.36442384143,4903.55652735735
3619.75622496457,1785.08509535745
3324.61621010627,6659.31623025799
3840.77120114054,4067.84570447893
4222.40846482675,5671.12591780694
4187.98078184954,5824.91287581856
8285.46881669602,2811.63683626432
4719.61732398341,3602.33704327781
3006.6672229344,5501.36940835063
8129.65748546238,3995.10106977751
3528.03960448339,6074.17674402054
3154.24412991589,3033.9058366102
3954.87199437205,4712.60186126612
3561.52984984324,5305.18655992444
3801.09558204035,3626.20637653921
4274.05580452589,6691.59657733569
9304.92259094284,3079.88267672581
4338.73432933257,6283.48797945366
3672.3510874225,4555.34833589911
4780.07564031527,5606.50813819252
4030.54689781291,988.076733695551
3280.41069003076,1403.63043828465
4090.42906915638,5068.99357041512
4090.6841163023,4490.33307234787
5895.91916450019,3430.30726398707
4189.97892746267,5936.35976030887
4973.8616279927,3938.83764137563
2208.35718721235,3554.54129129599
3829.37610988106,4177.13306719759
3524.2030380798,2754.86196443522
3593.34116810392,3700.88303688674
3516.69328708485,313.881711409868
4829.50297764909,6655.11093477746
4339.22980097362,6032.46207341685
1355.91671318651,3229.8616117661
2103.84032909793,4649.12071656891
2747.76608973426,1984.16661653568
2347.15057317038,1363.84821618231
3523.54880737294,4982.09808470759
3410.77899905726,2545.15282221004
2797.99803899127,3069.31192971023
4537.71045079791,5962.27486727915
4979.51197777246,2040.94148836477
3804.77292758596,6033.31454960476
2414.4813795622,2206.20833218364
4175.05938552569,3194.05761187399
3622.05589709104,1699.95111891568
4392.3051545425,5158.90147693745
3504.80766391061,4353.25481676133
5031.58371331073,4607.17897269492
3708.02571631779,8170.24527941796
4221.79162787364,4372.46386229113
4708.66077858745,5257.90246279746
4190.03401275724,4557.50785767076
7970.02657690459,1821.40053867678
4162.88222294022,4174.1777318418
4386.40015897533,4945.0437018355
2772.66580829292,4327.45303499857
3170.72012919356,5252.44636148171
4458.97065565826,4294.32021173296
4582.83318239508,2752.53182056942
4010.08072912021,4075.74548629564
8272.52030624085,2046.39737825291
3335.14221895881,461.530608298167
4120.47040426996,5902.82903025119
4274.46155732514,3491.40139078709
6847.11091131677,420.668572453098
2822.48287065501,2502.81317154398
3528.46121700339,1974.84625250008
3589.59938981489,1355.89177176184
3953.76749046564,4562.56605219444
4468.34274346958,6280.36223343133
3626.40195814923,3557.72412277733
3859.81317048148,4229.36161078548
4646.76938475684,5499.20988657898
4865.84478922243,7139.65823084185
4130.4816979656,7533.55889225876
4762.6600208846,6043.37385319311
4213.91934590278,4268.06386057437
4782.91084573612,6612.08921859002
3331.63694517033,5004.37579080069
4639.76686684923,6722.51321622589
3346.1202036785,973.414122120783
2933.37335122365,700.67856316494
4502.09723162287,5978.35858964187
3382.47573828423,1127.59866978304
1928.47835719921,532.058794339647
3684.83470211769,5174.35979638255
3599.23086363547,5597.24464818831
4010.27933412718,4332.56789212602
3746.80781268497,5780.52702858837
3941.58818765111,4659.00960949074
4379.62700939522,3042.37372445789
3873.14725418666,6277.17982480524
3886.86291358389,6432.61464973367
3928.25529230949,2264.23358699272
4610.15652207682,4537.10551462
2427.17757572502,1759.39706165746
4270.97112687767,2866.08156422761
4029.08920857054,930.335637615774
3002.61178682505,2824.2535684164
4540.84931184679,5627.8200428902
4418.84997251405,6967.28763021805
3752.11106250789,4180.54297194922
3691.0876814504,4571.03415146976
4375.44853961705,5160.20852252119
3759.60166914078,2767.02391576384
4686.11516717507,1005.29666812023
4190.09924792797,3777.9471379867
3316.57273204433,4259.42535063252
4100.02710271234,5185.78280815841
3822.83682391538,4459.41643345767
4188.82168934254,4604.0532266726
3086.03697096144,1454.49485082978
8442.27303254507,1772.12733044469
3691.94676645866,4397.07192367766
4094.66846021624,3650.64402725922
3997.79946237576,6553.9504271458
3534.41544939077,2668.76186945659
3089.19392761951,126.6211220138
4251.38132101444,3118.52826391093
3645.3188552963,5473.06728348316
3805.55011020198,5349.96989109145
4360.14348388908,6215.57404315038
4035.25094177987,4009.47941690916
3409.03393633609,6721.20617064215
3477.47891555368,1218.87039020669
2724.65802456325,2660.63480294197
4204.99650149324,6358.73338011504
4860.70565174672,6370.55429868297
3915.14998674229,5387.99007535896
9088.677604657,1989.50875836104
4511.0536031949,4886.73407686949
4283.42266291944,6020.47074418239
3616.68384841506,5193.56884191235
4084.96884570758,6325.08890199458
2771.82839954274,3517.20296112223
3981.20880829752,4689.86916292193
3425.3459175102,3927.07338541146
3233.11451453634,2388.69489899955
3180.99612764071,4200.14992427109
3793.01872080808,3977.53989116452
3825.53273702269,6480.29623079746
2460.23122383498,3693.60865798765
4456.1380390756,6032.51915887586
4127.47424839338,4686.40217271129
4001.43280526851,5610.31594973622
3601.75025840299,1822.7644582919
3795.58062221838,5585.87829901622
4152.11709663478,6979.27895945251
4149.25694653944,4873.32195398852
3497.68003325291,3799.03154655884
3219.13394137011,3474.69268836201
4288.36590448723,5857.53404422933
3270.40301414471,1843.90595232305
5113.57612241375,3111.65158037629
3574.51836114981,5729.83302670977
3986.54540431065,6480.523726923
4142.64526650255,6254.61753712758
4068.31701811078,2606.19007497867
2820.44103388601,877.766272694826
4176.41488450221,6236.8292852443
4450.91138789377,6416.41760216343
9322.28641383389,894.531637723669
3796.40952747213,5858.21610975071
4264.9893361214,6186.1352833657
3331.45602596079,4448.05008428557
3628.22510151028,981.086407811949
619.326322408085,5153.2183023514
4185.78245962618,4787.73351386473
4451.37074582278,4775.34385498295
4300.73459849894,3288.85287939823
4355.27618006662,1152.83192265957
3833.20479752369,1933.41595205331
4680.87888108318,4403.15300505579
3843.07848855174,4327.68053112412
4316.23685285676,3902.52198662868
4107.24351186454,6523.54544311044
4285.14045511493,5569.90874757152
4132.91068149818,6629.42290107747
4658.36144757771,5411.63233535007
3363.0622324327,4859.79608304478
3587.31087878501,6663.23778986446
3829.88391300777,6642.49420262538
4144.96117875263,7040.43017171154
4553.68582928026,5590.9364935399
4164.16777974699,4914.01331488253
4823.45647890628,4833.19891055312
4110.79709891851,5993.75982362796
4882.54582348316,7397.61769444468
4423.94146681798,5552.7454757506
3318.20050333647,2406.76752103976
4559.95057612338,6802.02099782681
4362.78289749225,2716.84156874008
4614.71407413371,5659.47540990554
4147.09606051629,4591.03858772845
4756.7755410522,3657.8613206993
4200.19474026962,5269.60963330262
8473.00350826053,5869.18455213073
4485.08804892941,4971.64087432716
4269.18975712469,6802.70264049294
3649.29677472164,7182.22537763345
3847.11007366733,5727.73059039714
3404.80499510004,241.932731721876
4128.4717623502,6287.97785651874
4147.76205106475,4353.25481676133
4390.36926409358,5217.15401644445
7977.60148863204,2790.21118350387
4552.90656743311,5995.29436533724
4311.11003012759,5033.07582246024
1855.3505748479,2565.49850265704
4142.02407410723,5821.73004433722
2006.65784728794,178.281176358134
4202.93527421611,2283.27222185598
4505.71526183016,3234.40815143494
4627.91249252111,4540.11751257955
8681.36681401698,1670.56912744858
3741.54492343865,4207.08348183712
3154.88295903098,4511.87205031584
2762.1317564591,2499.97158425095
3374.71548953967,3234.80605822701
4242.80053793076,6057.18388286616
3519.04978168804,3736.57328871607
3954.85789988017,5207.83344098123
4654.45770407453,5288.07995070728
7849.15173786915,946.362168805668
4743.92119995641,5663.68112824132
4071.48974410927,4577.5127167847
8107.90166092707,3191.38664667513
1887.19338968235,3606.99690815417
4433.71662154009,4649.68903402752
2660.96485758213,3444.00354559735
3753.57028781067,4145.76185891155
3474.37747201359,226.07666405542
2767.32567133926,3842.90573893419
4114.74391149025,4829.39109900942
3900.04462022106,3905.98897683932
3828.26378014224,4230.66865636922
4635.37672835729,4625.76303816235
7948.46269933994,848.043248467031
4498.82403122717,6975.81239209712
2441.81810001267,2159.26526781735
3262.54521306008,2357.66493490183
4172.56916492527,6695.972706338
4227.56069707132,4518.35103848604
3998.42104738228,4421.85081858599
4641.35289135488,6533.20683990672
3831.96784792,6269.62128717685
5020.45717427863,5102.46763786904
2888.27110087777,4480.27376875951
3825.74438449194,4761.5338253099
7688.99444021876,1429.943452047
5075.04652418877,5356.90344865748
7869.55449919311,560.304150889545
4668.41656373026,2843.57636200896
3767.2469316662,5930.50617505629
3841.05685024564,3634.38989422997
4504.63929496925,5609.63388421485
3746.26273679272,4640.48220662707
4417.0999675746,3712.93145158021
4457.38721549961,6876.01559265296
4354.62860617948,5266.02931788446
5401.56598201769,5410.38195237009
3073.46484862335,2395.17388716975
5098.21247493057,7090.8966774646
4090.60604288092,4671.22843485074
3429.00009905745,7219.56349637959
2822.85636470691,6132.14512479824
4627.60997947937,6795.48534705286
3674.74317644085,3830.68691357418
4093.48620226739,4238.90925951899
3785.69172231489,5582.01382486875
3585.90802542165,4394.45783251018
3782.79268486122,5709.43068365901
5191.20667165579,3685.70887617094
3824.87761099234,5961.53613915401
3369.68250952374,1243.3080409267
4835.93150642889,2061.2873802394
4235.43365943038,2347.66250534486
8569.84696650797,490.685262210452
3381.11102578737,5584.74166409901
4735.61530502188,6728.42388693749
3951.38103969622,6609.07722063047
3493.28705599403,4847.00894022617
2555.76388758697,354.232250970811
4044.042417972,5636.06064603997
3823.99417365561,5578.09226526228
3580.4176466191,155.718981180059
3555.77880082075,4522.89757815488
5350.95649484607,4522.10176457073
3100.03991084026,2235.4198072704
4059.44942833702,3888.71195695564
3289.59603996952,6816.11518622916
3800.58066819835,4443.44688201297
4452.29411276155,5474.54516258868
4214.33128072292,3715.37513208116
5527.58975557683,4148.60344620458
4584.38483261616,5938.00805008093
4006.71530930531,5638.902233333
3961.03961264399,3915.47996296908
3077.10097070609,3262.71027630241
4216.09516569244,4399.74310030416
2509.81063031952,956.02356560195
8187.13757571284,3269.70070789982
3615.82053733857,2600.67731105916
3658.1040601673,5726.36645935438
3996.60009984959,1490.75342011772
5071.30834404498,5164.24383019044
3904.53312453797,4892.92890631039
3110.63782092714,805.476313103053
4085.42135434446,5736.99408040134
4274.30651531435,4560.4065304228
4249.99023230977,6618.17029996815
4299.24536021709,6133.62258104851
4440.4904460297,6197.89953932987
3926.33969443351,6222.45093811265
2928.08316571837,476.136345841549
4856.93710212009,4511.24707025348
3844.36777095235,1039.67987436582
2750.46308851484,7217.12023873389
2878.90510465192,7968.49258161324
3649.22072927444,3495.89105642455
3574.04414645832,4913.10417609086
3568.5716773483,5416.17887501891
4187.33892570231,4365.13239793302
4119.57812709197,7057.0247032186
1711.52912668879,744.439007477512
3799.36303144595,2149.26283826038
4069.77669186134,6273.76992005361
4490.21574333959,7515.31607097964
3645.26556488652,5862.93306008607
4127.05725764338,5941.53128004007
3965.1542050987,4373.20259041626
4561.54896901308,4154.34370624964
3032.33301832974,2871.4239174806
4218.80685472267,5273.8153516384
3243.44248394928,4928.44874747319
3348.04644622148,4071.14186116779
3985.8050985869,7743.72302673503
3935.57707329967,3741.34732451045
4959.919474931,5548.42643220731
3836.82124561844,4332.45414406324
3896.03188097984,2164.60740964271
4510.77074112782,6941.8270926436
6206.06116004888,3324.99791205102
2955.85836983782,3867.79795905003
2822.27505594773,4826.43576365362
3940.41608151087,4641.61884154428
5047.19238597591,8669.28467067677
4525.14814230555,4175.59852548831
3119.40230658286,3046.57923136604
3308.76382830549,2742.47251698106
4118.61382596629,4887.98445984947
4201.52403699691,7427.34019010341
4694.36070933771,6371.91842972572
4703.0064702746,7264.06309167255
4120.75809176807,241.932731721876
4204.93782808161,6264.2222713201
3843.79938285969,3091.02174119999
4373.08348675921,3025.26732666836
2277.91520318189,544.050282144827
3685.74128280646,3874.04945109468
3841.68069252255,3012.48018384975
7815.56290045102,1046.89759066115
3869.3916124002,175.269099113219
4259.35381869583,5889.98522482882
4738.16450367035,4786.71020415504
3945.92211000547,4216.97237475894
4119.03456828136,5356.67595253193
4185.75081794628,6855.84032287249
3353.52454416776,6337.87604481319
2620.07318861751,2003.6600322224
5117.84685061782,7088.33924890088
3509.88998316786,4463.22424500137
3983.29527508979,2976.22161456181
4805.91636957728,6362.19994747043
3001.18393900697,3128.36007137375
4403.31197533077,2789.98389880595
3923.69574453469,5500.23277343342
3849.48724536136,3420.75940382594
3062.13222695599,3297.49138934007
3499.4781270128,7008.83146729996
4121.11817408414,4957.54668592481
4751.95277151815,5248.24106600118
3436.57440675465,6337.25106475083
4264.24757143994,6622.43268090768
2685.38682794885,1284.39741432659
3899.24498799934,4718.1712877894
3355.470280418,2505.88204353492
4258.39170502385,4875.59522382294
4669.62123842776,5064.21995747599
3893.03729855084,6442.84436398855
3509.24313724606,4762.95461895641
3494.68476831309,4822.11672011033
3008.60449099737,7001.61375100463
3181.71832145051,2108.62813997014
4450.65349959057,3042.88516788511
3431.43725088575,4898.72582895921
1634.04458213848,3231.96447093399
4387.13147604881,4155.42325570784
3764.50435398406,307.402908238845
6919.65074348208,1471.48750055654
3778.02006541798,6520.81718102494
3759.58472272815,1674.43360159604
4842.97487741561,7035.3153145841
4196.87088275819,5950.28353804469
4068.40636168823,6479.89874686064
3750.44460486777,4374.90754279208
3325.68523151314,1403.28940552396
5217.86933883926,6731.43588489704
4027.35347496228,5755.86230459807
4120.29223655261,4133.54303355155
4725.09540963773,4852.01004929084
4398.44921413918,7070.66432222512
4060.13073776456,5705.90703084461
4338.35170787954,6416.87217155926
4765.36237963483,4722.43366872894
3638.19097544713,5974.4370300354
4236.36136003705,6914.20661044226
3834.86323835764,2240.87569715853
3873.6781883483,7215.52861156559
4020.75325583505,4740.96064873735
3350.12928153038,2515.77072502912
3520.04432139401,6083.72439275405
4269.67027220961,3952.59100844492
2493.27604415895,2078.33690399755
3881.28257035144,6205.9126463541
4433.29474574529,6954.15924321113
3964.02334044165,4201.40030725107
4629.41100369038,6489.73055432345
4336.84066531461,5313.42716307421
4882.90740554871,5746.4850665311
8463.64183328907,1410.73440651721
3933.8883430602,3454.46075597778
2169.74150187096,67.4592785373041
4167.14979003351,5050.1824316774
4076.5517080717,5202.26401445795
4137.59479590308,6025.58560130983
3899.23277298551,6010.63893671957
3851.50010173901,4587.45827231029
4350.29723602719,4793.07544426247
4203.02098630645,5824.96953842232
4867.20795638952,6849.70257889061
3838.18330536912,2416.25829574188
7397.89394709858,1389.13834309022
5029.50064569776,4846.83852955964
4618.47717952502,4563.13436965305
4387.26278714691,5189.64728230587
4831.23014068422,6773.88928362587
3630.80044968362,4890.8260471425
2402.77526274623,2555.15525176701
4106.78601784308,6140.55613861454
8035.70578092605,1946.20309487192
2391.9305815938,2321.40615418626
4132.55159018926,3885.24538960025
3814.68399519592,5499.20988657898
3345.0135544747,4201.62780337661
4141.17167099458,4169.97243636127
4773.99395691894,6736.60740462824
3817.45490378023,3334.03411735731
4480.0949758888,4249.47979510694
4037.25076191512,4754.88442647317
3612.13112657271,4443.6172926795
3690.47368754076,5520.29471800637
3658.34518788485,6202.9573109983
3040.08851654511,4077.56376387897
9022.78972046416,3606.94024555041
4114.18763606938,5088.37344946669
4747.43048819411,6508.03046106158
3936.592154617,2635.51529812821
3723.22601765399,5396.40151203051
4360.14122931738,5978.8131590377
4348.93773236958,7115.2772427256
3653.97532809878,3246.11553336772
3974.26278432828,5318.14411340958
4413.16988876066,5343.43424031749
3534.07783395227,2094.81811029709
3898.71173346128,5278.9868713696
4250.64346866491,4445.83347705491
4122.69887362021,4139.28329359661
4397.4150912208,5123.60913190019
3793.53702474249,6540.87912559789
9060.67273015937,2787.99478770083
4240.18503365284,5521.65842619387
3883.44927765633,2810.95477074295
3848.57365173443,4843.20112868246
4131.66583699129,1203.35530244401
3443.15683840667,628.956921031772
4806.18063400773,7935.75766513971
3302.6970777413,6311.6196936546
3578.14733535676,40.2368749129778
3022.90816609204,1082.07639906327
3921.91663107375,5949.43106185678
4471.40595682645,4848.54348193545
4679.0906079897,5510.74664641761
3546.94933026484,3707.70284639
3610.98558947165,5190.78391722308
4068.80518241339,6583.67334565978
4375.27794023203,6462.96254831001
3578.29601347444,6980.58600503625
4143.48168741017,4543.64116539395
4447.08879315635,6252.91258475177
3198.63606861436,6279.16893591036
3974.5445569889,4834.05138674103
3994.65332090204,4636.44732181307
3262.42858022937,1164.08462948271
4808.89626417715,6422.10077674948
3792.45092859637,5520.06722188083
4134.09940321767,6549.80137141378
4004.61188674923,4960.33118775882
3909.42016763886,4505.79096893772
4136.65457816357,4788.9268113857
2932.4849001859,3484.69511791898
3146.51586752624,3962.36615330397
5181.17852465464,5665.78398740921
3987.44846434894,5885.94991715957
6609.62023675655,4311.14223936556
2987.07523452191,2173.30279361594
3232.20876270288,1176.92854061889
3443.3278535844,3498.3347369255
3548.22646777791,4907.98931896341
3495.43254201701,5049.04579676019
4050.92041772077,4138.08957322039
8030.68873594604,4335.01157262697
3543.62445514817,5972.84582572235
3811.99443283844,5291.94442485474
4218.96847196924,4680.88983164702
3979.25940194293,8173.99600550265
3915.54851198537,5887.37071080608
4204.00344873232,1736.83487969361
3837.67167101945,4234.70354118321
4601.86668594137,5129.51937975653
4473.71595103413,5269.38256003233
3350.61074198727,6748.14416446687
2839.17752906793,635.037896696081
4205.96116158665,6325.65721945319
3690.09576826927,3864.6722130277
4480.43131437582,255.856509457695
4241.50148778674,3164.3915673914
4043.24879063554,3773.8551677137
3656.29234544884,3744.18891180348
3566.46714965422,2805.04431145898
4435.38433925228,5118.77843350205
3741.79243521244,4561.99773473584
3071.17254374312,2858.69343726575
2876.91360953206,2740.54027990733
8429.58679525902,2207.85641052807
3812.88709146015,2913.13837665667
3854.14288600369,6682.50349799801
4957.04970641222,6634.70816887145
4214.96847610075,2935.41629417741
3682.08316103102,1549.23335003644
4107.04017388644,2567.31720309563
4686.23639223067,6378.56740570719
8281.42533508843,4844.84941845452
4735.48235156371,6839.81410882403
3766.19922697661,5473.2947796087
4318.49062401065,4034.65579575431
4163.98675799134,6102.25179561772
2401.10379846844,1010.75255800836
3382.60266443101,3387.68345459171
3427.67303602667,546.948690612331
3762.42103154137,4851.83963862431
4213.8327148684,5582.46839426459
3756.6983496895,4418.44091383436
4110.77392126122,2578.00148674635
4916.5268374887,5806.78337974697
3635.48977098524,5578.03560265852
4316.56959513372,2833.80121714991
4354.91358351569,6318.9511580127
3759.64392840496,877.027438855877
3776.04568031478,4843.71278353731
4025.27088469613,3741.97230457282
5114.48868572275,3769.47903871139
3802.71969631528,2262.58529722066
3800.41326248908,4143.65942259892
1887.98303917095,3130.97437396886
3365.92738241317,4345.07087621532
4285.38633913117,2634.60594790891
3543.42866276871,2326.17997855302
3686.77141383086,7025.0285148702
4471.6001606859,5418.5658929161
3715.4394755859,4576.83065126333
3469.38343901471,5536.26426945106
3887.1826281306,5205.33309787652
5050.91376582117,6962.05902502783
3805.0909615934,6151.29750772427
2364.35103248427,3863.47891550673
3613.29329491255,5588.49281303895
5125.07233772112,4846.55437083033
4579.28480424697,5762.62502864232
3404.10423075992,3296.01372166218
4074.37076836347,4214.13078746592
3257.89813692802,5379.29490281336
3919.27661854656,6753.94108711569
4611.87145960892,3329.77173641778
8604.50812238484,2098.0007303508
3882.87395753417,3111.70845440768
9231.59136853469,1427.32925516571
3812.67389263608,6045.81753369406
4618.48832044938,6439.77528056999
3868.7355110648,855.147216699591
4572.76694066067,4154.05954752034
3754.087932688,5163.39135400253
4201.74489243383,4597.17675456558
4621.85600835696,6502.11979034999
3119.65421161322,2724.85467576431
4490.6483685142,4883.15376145133
3567.62742841967,2045.88593482569
3563.82867129445,5947.1011294186
3621.92235984048,5166.51710002486
3406.78826100525,5667.37519172225
2744.84468186106,2013.8328724459
3597.53249440397,4513.57700269166
3419.00074705556,5357.07385932401
4147.98856987267,4835.75633911684
3868.22453554976,2931.83597875925
3874.01628817898,6103.10427180563
4472.89665871824,4623.77392705724
3937.30898592467,5610.14553906969
4268.5243050704,5268.24592511512
3857.77808486111,1682.27640366755
4177.28027556307,5654.75845957017
2346.07680347583,5012.04807649186
2744.13161100899,2669.3301869152
4087.48925793834,5528.47823569713
4397.66209625147,4621.38690916005
4448.45466739534,4581.77509772424
9309.74131385068,1159.14028873561
4650.81430289997,6637.77725229001
4374.04826143898,4168.72205338129
4339.02993640305,7296.68468293856
4684.11947267894,3800.3956776016
4080.14147741639,5923.68636555303
4748.43305142754,6104.69547611867
3219.80958242247,1930.40374266613
2118.62948926289,324.736590726292
3363.27913119972,1916.02539553448
5074.85935689757,7883.6991093631
3938.62846229226,5198.28579224772
4021.81221457355,5896.57753820653
4096.16473599655,5081.38280644165
3572.32429942036,3928.49417905798
8587.15430707696,2849.88451665738
4063.3871947649,4693.79029967315
3242.66577155164,815.194531073815
4177.89153228475,7547.42600739082
4275.41097536066,6446.70883813602
2646.8070250165,4433.21716775808
4058.92072322341,6365.38277895176
4799.33437988484,4721.35369641549
4877.49473592973,3178.20159706444
8291.29576496312,4853.54459100012
2832.13412941668,2130.67898422058
4237.64239456219,6068.32315876797
2831.84502258014,1931.76787370889
4359.24377700812,4832.68725569827
8624.7212282377,1505.87070680213
3605.04672648902,4483.79742157392
2668.81052468022,9624.85381471705
3591.43136907182,788.654126899731
3558.90517329209,5774.38928460649
4323.89492176632,4739.53985509084
3757.65950426237,5235.85182997465
4087.59962347559,2139.99934825617
4480.17093343161,4247.03611460599
3821.83576566599,6501.15356609931
4164.77728373496,5238.35217307936
4477.34290618596,6314.97293580247
4316.64376469539,6440.68484221691
4489.40412970985,6541.50410566025
3952.21512231788,5121.62002079507
3408.76948669152,3529.25116438808
5090.98286121446,5379.69280960543
4180.78899415389,3163.02743634864
4468.82029582864,6145.50058507545
4338.04282897791,6507.51880620673
4235.27633285779,4400.7659871586
4140.76197375802,6562.0772822328
1493.86279758733,5879.81217317769
4288.20350344039,1600.32504727949
4449.01865029484,4682.42395050105
3713.72284701295,3913.43376640495
3865.02680031509,4233.16942232918
3728.28969081751,3618.98866024388
3979.93911844402,4548.07395700002
3525.60727628175,4480.33043136327
4127.24565954734,4770.62690464758
4126.48050310924,5415.0422401017
4734.49303265881,3627.91132891503
3580.71248154177,3768.68322512724
3510.45082715573,5127.24610992211
4755.19553217898,8759.36298786564
4286.73931372416,5657.94086819626
3650.31128226971,6183.91867613504
3736.61434005413,977.847019440664
4116.6117920567,3867.05923092489
3277.11807326821,1131.1789852012
4243.51512674157,5474.99973198451
3863.49301092451,7063.21953265949
3748.20964973407,3789.37014976256
3814.67721706002,5573.43240038592
3710.50292013339,6395.38985619505
4039.38825569341,5491.70801155434
4595.75822997121,6186.76026342806
4056.15008730208,7049.46616559021
6767.83612204121,443.855893050032
3464.13966153422,2369.08794667768
3975.08540770907,5280.18059174582
4778.2951697818,5936.35976030887
4203.07742815045,6212.84620392012
4559.09913392545,5607.87226923527
3983.11763329409,4947.31697166992
4355.77488042093,5416.74719247752
4669.82576946545,5381.90941683609
8491.48439824878,3996.35145275749
3392.79343514096,909.535176345312
7899.42440473593,2990.08851826624
2782.47897079657,4085.12272436262
3571.93051593787,6504.05223885135
4079.79881961398,6060.25296628473
4014.60774800706,5988.30414516745
2582.87136320339,2827.83388383456
4668.53373609569,6180.62251944618
3490.18968696043,6390.5020723379
1688.05609814003,6441.70772907134
5302.20932370708,4408.72243157906
3618.21086210535,5666.18147134603
4084.98648360145,6782.30029744217
3813.88479069911,2659.55504205614
4090.54964247026,5623.50099934691
3797.32304507874,4956.80795779967
1791.26963548465,614.351130631483
4588.45008604494,5213.40329035976
3101.82986614706,3328.74884956334
4023.36222946539,3557.38287858902
7733.59527488526,3513.16786488061
3244.56306412555,3113.64069148141
4758.48074302909,5376.73747424964
4075.76674096507,7173.98477448368
4317.24751554761,5056.60433438858
2829.28514725659,1577.19454785704
4053.06598310901,7760.77255049318
5439.84209774947,6519.73763156674
4014.68058072067,5070.58477472816
4821.26271646959,5626.51299730646
4101.6234754993,5714.82969951576
4095.22310372369,718.807900665816
4181.67065200878,4791.37049188665
4164.2298781101,4945.10036443926
3788.10504726979,1704.61130093348
3325.48720063488,2957.35339036508
4269.87888055593,4658.49795463589
4049.4918577754,5332.46579793747
7734.18714702113,6045.30630169447
4665.59944487483,6268.93922165547
4002.72282372376,5143.38649488859
4516.21655641919,5966.99224046977
4395.36117945079,3549.36977156479
3850.36873993514,6976.43737215949
4135.11148888331,2323.56588738554
7629.80300638645,4605.53068292287
4171.28786089362,6778.49248589847
4728.48946342724,7082.82648498136
4467.31763695959,5571.89785867664
3857.78474274115,4394.96906450978
3989.74338484961,5274.04242490869
3883.98397841106,4253.11719598411
3586.44304413114,3877.45935584631
5118.14750594323,2841.41662880969
4994.79861037651,6183.35035867643
4426.49711209246,3324.71375332172
4014.23322506706,7168.98324256375
4770.28697372115,3959.06957375987
4720.20782188449,7327.37382570323
4142.81737475213,5626.9675667023
3429.38620766228,970.97033590602
3919.81409699176,4561.65691340278
4844.28256626653,5809.56830443623
8952.8325641894,1050.59165414208
4549.84093344523,5398.78810707245
1384.11721375774,178.622169476142
4138.88014179048,3927.98294705838
4334.98980768833,4602.12077817124
4178.29095464744,6380.04528481272
3605.51233511029,3388.13802398754
8118.19848801287,6304.91363221411
3154.31377263252,2929.44896086205
4349.85228006176,5429.07976590029
3870.96077851118,1199.49072258274
4692.09889458495,5820.25258808695
2496.26953048319,1384.98960449964
4625.48736208446,5263.64229998727
4257.64688841181,5744.8934393628
4982.78814495183,7547.76682872388
4026.54137679133,6946.03238812413
3964.6421096422,6340.60388404344
3947.14867298151,5839.80245494981
4003.07105031005,5617.41991796879
4670.11635400982,4317.2804062027
3125.43794032016,1037.97492199001
2654.90029754856,3619.04532284764
2563.67367655777,2193.64847406294
8199.09986960091,3743.56393174111
4501.68640456226,5961.08156975818
4956.18715811445,6330.8858246434
1993.32777074825,3233.83983397633
4337.06298092114,5877.53890334327
4362.53929136415,2224.22386876484
4705.98151547584,4103.08138691243
3875.31832242416,3019.64102611369
2789.92859852506,2791.51844051524
3867.56975427661,3833.58516347097
3999.63391122731,6253.99255706522
7969.93501093044,1829.01595033656
4192.22046674381,3785.33526494857
4326.07194281149,6265.52931690384
4744.94420037314,2570.67023381587
4176.64728674481,6115.60725589494
4356.60649012562,4946.97572748161
4656.62942420924,5649.64360244273
3897.69282002131,5335.76195462633
2444.6084418827,6125.77988469081
4628.33236311794,4728.85557144012
4442.18588824576,4993.40734842067
4255.95215978463,6000.40922246469
4196.76221075894,4718.11462518564
8827.96308569741,4087.90722619663
4054.77048606997,5296.60471258635
3333.97481236034,1057.240947265
4653.35590541036,5683.00392183388
4410.97646379099,4436.2858283214
4365.72915352399,4355.41433853298
4089.86317665257,4416.7926240623
4302.90745910455,6172.60941242195
3730.57951346488,5482.72868027944
4726.41684633927,6191.25014049314
5005.5155518655,4721.63785514479
4082.16516686596,4746.9279820527
7043.01343578992,4111.09449393666
4525.62540837008,5451.69871618171
3903.38987216357,5337.35315893937
3625.53734343986,5718.92166978876
3639.17825339803,3337.38735950518
4289.40496943898,5863.95594694051
3077.85781560338,4498.00535803904
3996.56670654412,6109.69658518335
3720.68548222241,5040.52103488111
3894.0582867685,4992.49820962901
3836.63411801091,5358.55131557428
4056.59368049794,4956.63712427789
3906.73327352275,3101.4218661214
3813.44350909425,3434.22861216592
4001.88737342286,4802.16852360014
3837.96202446674,6742.80223406914
3497.28542924205,3637.40189218953
4289.90551822417,4207.31097796266
3811.72335852543,4900.37369587601
3527.51016788445,4592.74354010426
1290.05832158706,933.575025987059
3844.99654494889,4781.99325381967
4322.48906478171,5456.24525585055
4198.78980147654,5340.08099816962
3977.36374757116,5729.49220537671
4012.75474470378,792.745991458924
4957.98608993625,3561.75900759132
5035.99139840318,7258.89157194134
4186.02574101184,5543.36823768363
3710.87860105482,5399.18601386453
4013.6770316737,6211.65290639916
3766.64036614079,5464.99709099992
4005.60263366666,4131.21310111337
3774.42546800235,4305.28865411298
3646.09282104082,5538.87836061855
3816.76035128531,3770.04735617
4566.51649233009,6199.77490237221
3804.1157033329,4709.98734724339
3700.0911068289,667.147833107254
4590.92451349195,3729.35599527599
3897.46587077545,2167.50587096712
4253.60526619656,4694.01779579869
3755.59167829297,6207.21969193784
4497.57973307531,5575.7623328241
3271.01864584964,867.309220885116
4489.60204578735,3408.59745249732
4139.63896225602,3490.2078818385
4189.0786081397,5187.08985374215
8226.46744077384,3032.88273832814
4926.41658591535,6982.63220160038
4680.72005064095,7198.76324653675
7746.65601210233,4875.42481315641
3449.18178335849,7406.42661505306
2150.37864215271,1669.71665126067
3470.08957220526,3262.25570690657
5389.29743863977,8806.13585299302
3879.34381738999,1665.11323756044
4225.68723678346,1981.66606200334
3354.77297686971,4807.22671812383
4898.97983624127,5032.22334627233
3704.6713088264,4051.19408751286
4347.09037382589,5148.6151000788
4301.24466442043,5173.16607600633
2754.54255051278,5385.37598419148
8101.00852654753,2209.56136290388
3915.82715534025,5154.58243339416
4084.89754583547,5732.73169946181
3461.58443491286,3979.07443287381
4118.23584377861,5864.52426439912
8250.09299610657,1887.66639663563
4115.15560388863,4281.36265824782
3836.20839711363,963.525334912771
4259.35682856193,2919.90131212854
7848.51046007274,130.031026765429
3893.52028217968,5706.75950703252
4147.32250621986,5472.72646215009
3984.09863191033,3729.29890981698
8475.15246791626,3607.11065621694
4286.99631425969,2294.240664236
3443.55295125729,4038.40694469425
5014.38103324122,3944.23665723238
4689.22791125698,3908.14849861097
4210.00799281915,2145.22774201876
5731.10007841243,8469.57774658093
3110.38212668988,1228.70230338331
3640.32582010911,2749.91751797431
3684.8969061114,4039.25942088216
5211.18733756104,6240.3529380587
4484.19194655337,4523.80671694654
4381.34674094459,4741.92687298803
3814.66682489722,4495.56125468283
3829.75451561165,5870.77575644377
4110.46735536675,5669.02305863905
4346.87680336418,5596.27842393764
6907.59240418097,1092.19247096919
4266.54284319359,2363.40477209163
3451.13971478915,5191.57973080723
6879.60322832294,751.997650819719
4188.3251856893,5833.66471096793
9417.17068167066,2867.84339063482
4902.42851783202,5997.79470844195
4436.32365739352,6868.6274656911
3343.82519433253,3709.74904295412
3784.5821044758,1832.82376188026
4687.82964136437,3494.81129553872
8683.83482400672,701.246880623545
3990.44830833387,5618.95445967807
4168.84057693675,6141.40861480245
4285.82292997807,6055.08144655352
4775.06603364512,5282.34011351747
8408.21445847922,1997.91998360496
3261.76212428439,6639.53886726959
4596.52011786269,4350.58364013484
4508.98134527012,7318.22323805128
1054.92051719739,2538.04885397748
7675.63576620471,4262.55109665485
4426.49544484413,5954.54591898422
4429.43813153231,5053.42192576249
4347.43074166235,4718.11462518564
3785.83935638864,3694.34738611278
3622.87624432076,5311.55137717661
3974.35680364538,6280.36223343133
4252.17451457191,6694.72232335802
4233.51247959544,4605.41735771535
4693.40247229618,6606.17854787843
3972.43713531349,6353.9026817169
2966.08435052188,772.798059233275
3072.26169419012,1753.60024472246
4347.75989681002,7198.81990914051
3340.17025525957,3498.3347369255
4163.73963677803,4595.07389539769
4619.77645210605,5101.67182428489
4637.99087420424,4604.0532266726
3359.41520215069,1922.44729824567
3838.04188358884,2362.3818852372
4304.83643188996,4890.0306564136
4810.99473245198,7001.21626706781
4262.62643492581,4166.3350354841
4501.48236874882,7088.73715569295
3934.06174666788,5027.05182654113
4271.12322457551,4914.01331488253
3729.00109904442,2607.5539945938
4448.60837780386,6441.7643916751
4271.78504422691,5967.38972440659
3859.46134162792,6793.95080534357
4224.31101603214,6516.89604427371
4958.79573118376,5567.52172967433
4702.476792891,5600.88204906549
4834.45145886166,6619.64775621842
3565.34129360594,3335.00034160799
3295.92284440613,2014.57160057104
3536.16952558945,4801.08897414195
4044.30147336934,3742.99561428251
4514.08299747072,6184.43033098988
4403.60061883358,5034.95160835784
2829.65458167662,3996.69227409056
4709.0311365561,5014.26468372252
8908.26674686784,3814.31945533741
3809.0002931805,7094.07950894594
4126.84488785946,4167.18751167201
4295.97429091806,6233.3056324299
3846.45043894633,5126.79154052628
3604.65225582698,4988.63373548154
3709.16622589739,5528.02366630129
4109.6259428429,1575.77375421053
4673.61440588722,5820.82090554556
4032.98355892548,3773.22976479608
4518.93972006549,6112.7085831429
4941.9873530207,6459.72347708017
4438.87637234033,2652.6783585215
4125.04672440442,2933.08636173923
8549.35041827318,2038.38405980105
3467.5737967056,1776.73074414491
4247.06072858827,5526.60287265478
3719.96761308066,5982.67763318517
4110.38949569772,3767.48992760628
4808.88263061376,4848.94096587227
4790.94558055361,6630.44578793191
3911.5971264879,2853.06713671109
4136.03884153144,4582.79798457868
3020.17347709651,637.765841640147
4341.32662878094,1549.91530984401
4254.51896229515,4020.56160735196
3857.06592573925,3220.2570890012
3279.47589574313,4025.05148441704
4995.47321525941,5715.96633443296
4569.16576293905,6151.97957324565
4566.37813025323,5371.16804772636
4732.8986413138,5125.88240173461
3820.52713579603,5015.5150667025
3791.79070120415,1183.69158180457
3920.98231362792,5467.21369823058
4067.816172679,6210.40252341917
1861.85486387206,793.030150188226
3027.71569006693,3921.61770695096
4236.58444598176,6321.50858657642
3674.32275363732,4933.50694199687
3342.3712727591,4412.92814991484
4556.59948426151,5785.30106438275
3857.19550987443,154.411843096731
4336.92633135811,6662.49906173932
4114.00276283115,9797.16732988183
4062.08679014717,5403.78963899238
4092.78061811085,5092.06751294762
2771.33499798166,2436.71772425166
4614.60747660401,4652.30354805025
3178.72685106962,6050.93239082151
7835.27627610496,1223.87160498517
4207.44320423587,4258.28871571531
3284.51765829303,392.991506933352
3660.1429401495,4071.71017862639
4275.59333456544,7132.0992703582
4557.19727085058,4785.28941050853
3596.9846994308,4139.68120038868
2470.92481305986,1135.72552487004
3449.34046914997,5623.10309255483
4558.1303485826,6376.12372520625
3583.91242766924,4849.45262072712
3830.27203896814,3718.21671937418
3518.60312030814,338.148872177985
2763.1601526668,1797.98577481121
4130.1386041158,3980.09731972824
4125.50283136801,6230.12322380381
3732.15555209469,1095.09082657979
1656.77608659055,3854.66999489836
4475.97966337405,5874.35649471718
4873.487668837,3792.89380257696
4556.10771761798,5927.5508397005
2655.68729955005,3479.1256913957
4767.91094753643,4872.07157100854
4695.93110017799,3825.68580450951
3863.80885791523,2578.91083696564
4303.32771120157,5095.02242544817
4596.92473012774,5295.97973252399
3919.91769851699,1551.73390456878
4250.97447176048,7615.16911017231
2570.22975375458,3605.97402129973
3260.89865632513,5232.21442909748
3402.50791173477,6287.01163226806
3754.09980492134,2621.42089829823
3780.38906054527,2227.34961478716
4300.97660466445,6037.17944660747
4062.55249987581,5468.63449187709
3674.23586583974,5841.1099233888
2886.82077105541,1184.43030992971
3088.48856207779,2900.01020107737
3982.85356787614,2046.28384161776
3952.13993733549,8157.51479920311
4564.21389057767,5487.90062286589
4156.07276203207,6516.04356808581
3984.19605643886,7490.25344019727
3858.05265158917,4652.53062132054
4400.38414059132,6416.30385410066
3534.34127146515,982.1094003802
4549.66491980051,7240.64790495172
4766.75283498165,4816.43354552428
2556.21792825926,1512.86103268573
4001.01508428092,6674.49039097378
3863.01580969455,4441.96900290745
2926.23143705127,906.182145625068
3979.00058033005,4238.96592212275
3370.072870258,548.994622891927
3746.20935437376,4741.64271425873
8235.97047999867,2903.24969516247
2017.99267219331,3106.25256451955
3927.16658148865,428.227189366852
3983.04074544097,3997.9993196743
4458.65218582062,5775.46925691994
4252.55607672011,6035.70156750195
5149.6962786976,5367.70148037097
8718.22406140682,2932.17701151993
4466.58921337839,6098.78480540708
4354.37595817131,4976.24407659976
4891.13743876614,6288.54617397734
3887.31058737577,2761.68177393848
3338.51784349216,3731.45843158863
3911.26219276914,5785.35772698652
3630.15238076524,4943.73665625176
2982.63317651439,5295.41141506538
4191.9466536652,5481.08081336264
3523.12633720868,4269.88256101295
3782.01709594507,6108.55995026614
4259.83808396155,3485.77487880481
4217.78581460687,5763.93207422606
4423.11866534101,5387.9334127552
3794.65520164512,3010.15003998394
3852.76915028677,4039.60024221522
3987.58954527393,1586.96958700228
4410.58698726479,7084.24727862787
3651.09312816633,4731.35633740008
4607.4737825898,5588.77697176825
4292.74610649007,4260.27782682043
7824.73083346288,2511.79250281888
4099.43208502446,6961.20654883993
4037.87978887422,7651.20060618996
5144.11444702868,6346.57121735879
3933.67371831154,4621.10275043074
2994.7700099661,5249.37770091839
4070.96448038213,5536.66217624314
3331.73479835586,2746.4507391913
4572.74319537314,5708.23696328279
5201.63383865889,7637.73182070523
4867.76115440563,6478.08004642205
3727.10036886561,492.049234682485
2960.11458518524,5404.86918845058
5641.36232855996,6864.82007700265
4344.67443231114,125.086672804103
2441.8989627358,2697.29127902198
3726.29547219877,4727.09395646055
3573.55546765204,1266.49541438054
4286.10065126238,5600.59789033618
3441.68464851649,7151.30873874325
4039.21327327745,5428.73852171198
4012.19538747161,5059.61633234814
4366.46146104077,5635.71982470691
3495.36578774572,6431.08010802438
4176.48140618478,2992.07762937136
3383.50434591759,6827.93610479709
4073.61850175079,4988.406239356
3441.01578523688,4799.95233922474
5036.37127038455,3789.5976458881
4630.77618742528,6857.5452752483
3691.16026480977,7152.04788972363
4102.00146927591,5283.30633776815
3981.90425585134,5996.82890704653
3652.05324241477,6375.55540774764
4142.13906520076,3883.42668916166
3636.07746509618,2210.92528251901
3998.68318463553,4771.13855950242
3778.02307395488,4908.33014029648
4803.30356187222,4993.5777590872
3880.4328913959,6837.59750159337
4410.99002540123,4569.21545103117
8997.55963569643,308.14171564934
4272.57020786289,4541.197484893
4136.84317022245,3735.32332859134
2230.42704268993,5389.86586125656
4199.65768421833,289.61455064175
3894.76278334583,4236.5222416218
4182.47767845452,4929.8695411197
3930.47454670838,5284.55629789288
8293.89060676022,2860.11423091226
4133.14714001384,6220.57515221505
4554.13016052008,5045.92005073786
4978.52931277115,6861.29642418825
3446.56216100766,4716.86424220566
3976.48970159159,6022.23235916196
4277.57061103708,5325.0205855166
3393.04200639414,5244.54700252025
4297.87094205031,5184.13494124161
3911.11377362831,3811.13662385608
3750.99697701813,5496.53870995249
4408.40870018991,4903.78360062764
3510.54683189247,2404.43737717395
3952.69944225974,1381.86385847732
3917.83094563161,282.794767566946
3654.53103090223,6833.50553132037
3716.85126586112,4869.17332111176
8493.59325189281,2855.79518736897
3301.22817104822,4352.85690996926
3799.71268647289,421.975697322199
4020.13915761796,5873.1061117372
4441.90032329887,6072.0172222489
2258.8269506478,2030.65511150613
3178.48198238106,4550.9722068968
4417.94215381694,2087.71414206453
3992.1496346875,1843.22388680168
4352.58910033891,4390.02504090412
8748.549241397,3743.05227688627
3930.60995336128,3451.56229465337
4382.89342262523,5439.25239469617
4170.19781500249,3874.90192728259
4285.36719013609,3468.27078565083
3697.18131571322,3232.30550369467
4089.65841475241,6614.1349922989
4100.5186045191,5914.59328621536
3653.02993891958,1005.18302577127
8212.73129300399,3857.28408606584
3661.24681455381,5792.57544328185
3060.28066490911,4816.8310294611
4214.5578389092,5781.15243150599
4103.18936284069,3300.56026133101
3579.77737262178,6877.49347175848
3955.89012753167,6639.82302599889
3088.44097433799,4005.10328790686
3824.29792419997,5375.31668060312
3671.56145248013,5760.80632820374
3418.78309896528,4379.73824119022
1793.20677397813,1489.10534177329
4254.66325051209,7131.07680635901
4239.11545636314,4966.24185847041
3075.95733252351,4753.6911289522
3382.31363073282,5582.86630105666
4640.11520884592,3791.75716765975
3317.62810405552,5328.31674220545
3833.91818245175,7660.52118165318
3941.77697947484,5318.08702795057
4454.69579984778,3781.52745340486
3492.63715104179,4234.87437470499
4202.56559908527,4454.30157633022
4174.83123495051,5243.63744087333
8411.46235474574,5040.74810815141
4386.2443822112,5762.62502864232
3687.55137868445,2449.50486707027
4507.99144646825,4376.49874710512
4544.59056672653,4958.73998344578
3244.00436138819,4488.91227870136
8620.09106533973,3035.78119965254
4021.95857259062,4151.33170829008
3923.03709800262,1106.45717575189
4136.91237446944,5721.59242356
4304.99897051033,6342.76340581509
3231.35289919853,4971.30005299409
4195.59666791581,6271.09874342712
4142.80382560328,4646.73369867172
4028.19568736224,4770.62690464758
4430.59367348272,6393.79865188201
3244.06848009108,277.56624166209
4093.28750707977,4015.84465701659
3924.27044336202,4498.23243130933
4050.9733324778,4316.37084455578
3788.61956763341,6089.1234086108
4534.59905026007,5271.82624053328
3776.31233356854,6133.45217038198
4883.09936795773,5535.12763453386
3713.63147728651,5815.99020714742
3415.39354530196,5077.17751096113
4032.21898910221,4938.84887239461
3978.89826766789,6444.37890569784
3978.4507778727,6381.2956677927
8338.13930227689,2790.26805753525
4074.05763171541,5220.166014404
1692.3577653309,1696.65485651301
4176.29055975297,5288.59160556213
4114.21242178278,4682.36728789729
4970.60663590094,3149.27428070698
3319.48004422469,4976.52823532906
3261.84667748991,2259.2891405318
3982.42158423828,6659.03207152868
4193.59314261537,3206.276437234
4249.20233382076,6145.04601567962
3694.60894430227,1771.16131762163
4012.27797675219,173.791471078001
4056.32553895452,7012.18470944783
3768.7884267028,4676.74077591501
4240.23687705843,4017.32211326686
3842.99040834139,5121.67668339883
3940.31325897684,5814.39900283437
4538.80995958312,5332.57912314499
3986.0856520439,4839.56372780529
4104.76020307356,2802.82791565595
4444.00176680546,8216.61981489801
4997.36923915013,3730.71970346349
4676.97806213795,5474.48807712967
3950.44548052426,452.494350134969
4266.22333298466,6472.1127131067
4630.3357131206,4811.26160293782
4529.56298950562,4728.85557144012
4210.66673107219,758.646943942633
4439.98005339819,4238.85259691523
4389.88869046007,6902.10153314502
3929.67823404949,5802.52099880743
4826.08203797652,2152.95690174131
6473.38261768284,4317.73497559853
3575.81265419793,4030.22300414824
3968.7568592767,5743.07516177947
2869.07651741481,3077.95043965207
3322.65065570794,1510.92868989819
1981.84026777591,3846.03148495651
2997.93846201683,2688.93713923706
3205.57880831902,3720.26291593831
2385.15758381235,2080.09873040475
3723.78650057317,5113.49274285282
4335.12652336197,6825.03785490031
3739.79939562177,5463.57629735341
3667.24282541064,5817.06975660562
3609.08409207403,1079.12116942128
3451.84957042869,3529.81948184668
3817.67713377614,2745.54160039963
3661.75357217744,4239.13675564453
4055.66102274682,5153.90036787278
3595.05029745297,2697.06399432406
1106.58378628054,3073.29015192046
8063.50756709727,369.576822353142
4938.92277855426,5839.97328847159
3575.1724794672,3680.76485256528
7739.41132802282,6441.93480234163
3654.09913577512,6322.81563216016
4257.21306179747,3759.47682058205
4522.26255530304,6445.51554061505
3447.57102422401,3215.19910590514
4512.51149526261,4895.20217614481
3783.82132206976,4642.47131773218
4279.17461257912,2055.26317289267
4188.13430310332,5776.09423698231
4304.99130963558,5891.12185974603
4427.2873220491,6396.86731244532
4901.08121661564,7867.90039144019
3349.74863702953,3951.3972880687
3822.04314087582,5423.453253918
2909.03298939181,2105.21823521851
8142.64410535099,6541.44744305649
4211.53899412964,1635.95853079125
3992.33249970852,5951.9884904205
4003.10583147386,5000.45465404947
5022.48052018722,4922.93598355367
3635.59030281794,5574.28487657383
3322.36146681515,5326.49846462212
4640.92721829788,6908.06886646037
1591.80346828508,4136.78252763665
4113.65085526994,6535.8209310742
8087.29029918576,1089.63504240547
8165.70376362891,4127.51903763244
4206.84823995395,3420.0206757008
5250.48446547995,1776.95802884283
3306.92769865927,2587.4924728761
3795.80423300858,4806.26049387315
4536.23109542013,6560.65648858629
1651.11399382097,7773.44552239376
3586.16746653484,6661.3053413631
3224.75564553913,5405.43750590918
3254.64361158954,3644.50586042209
4816.20766559693,5067.5727767686
3829.51484463084,8963.04813417171
3458.49024221885,3513.33827554714
3322.23163340662,1237.56799230926
3702.82509974087,4685.77719264892
4427.46295106492,7009.51353282134
3924.48262389472,5562.29312448412
4413.05517407896,4152.01335095621
3723.14663440232,4147.58055935014
1804.0205312901,1453.98330168875
4031.17647389727,4128.93983127895
3290.14622605737,3995.49897656959
4469.67385979656,6535.76426847045
3623.61963394748,3816.19481837976
3402.28796445845,4778.18544227597
3699.30862819586,2336.46656683929
4052.74605635513,5307.34608169609
4269.52452756345,5384.01185314873
3943.53066570796,4250.73017808692
4154.08118341144,5633.95820972734
3307.20776344219,6362.99576105457
4771.70926718812,5722.33157454039
4275.18118306841,6586.11702616073
4638.83226034264,3538.06008499645
8179.09970012795,4351.43611632275
3883.59107417791,5270.97376434538
3844.64380152068,1288.88707996404
4208.61202475339,4856.49992635592
3136.17354027902,6701.37172219474
4190.61511449352,1906.6481574675
3765.94919869874,5966.42392301117
4142.1484112539,4516.64608611022
4410.42669795635,5416.74719247752
4371.93349074294,2811.57996223294
3950.55447085001,4902.70405116944
2222.32044017721,3459.80289780314
5298.02705010601,6000.46588506845
3859.51181444037,8040.04391879369
4641.54914588848,4251.86681300413
4169.59389731046,5818.66138377391
3589.76384344568,4803.30515851735
3225.24088374174,6272.29204094809
4113.88693000714,5773.65055648136
3688.24448286181,5337.2394108766
3919.46005499648,1477.56847622085
3829.22135177094,6274.05407878292
3630.03158348658,7019.45908834692
3774.61267230559,5116.78932239693
3978.43430136349,3385.41018475729
4683.65400781209,5292.74023843889
5173.66015293049,6398.51560221738
9119.89571484889,1441.08251652118
1948.14718935542,1091.45363713025
2914.08841932287,3260.26659580146
3674.34714565134,6735.41410710727
3597.01347311191,7155.400286161
4014.08575132563,7984.97378791278
3750.99927539399,5696.47313017387
3597.98349002604,5959.94493484097
3172.18151965747,796.610571320199
3826.64531269999,5925.61839119914
4430.88137504611,6432.21674294159
3635.40240682527,4207.08348183712
4398.83780829264,6694.09734329565
2258.8656359674,2518.10086889492
4009.15078826696,4510.79250085764
4902.84171304595,4649.17780202792
2769.65687207837,2265.31334787854
4213.32279541994,4211.17545211012
3974.84560898604,5150.83128445421
5070.64321528046,7072.31261199717
4273.39582017435,6364.35946924207
3975.5756038326,5125.14325075422
4880.86122452948,6992.12318773013
4356.69074944472,6406.18788790854
4162.02787251302,4511.18998479447
4352.06487922054,4511.81538771208
4502.20380798982,7714.39801501312
4475.99445094195,7435.06998410884
4493.07476072248,4795.06455536758
3648.34687008038,4727.32102973084
3334.99293626592,4285.34088045805
4510.99171584856,4920.54896565648
4161.15451671694,4415.31516781203
1652.5199035459,579.285964578327
3583.81178954863,5814.73982416744
3627.67904561694,5887.65486953539
4636.13469642442,3803.69183429045
4285.67436263805,6074.57465081262
4369.38531365603,5708.80528074139
3617.15349598477,8453.32403640693
4421.3514668737,5570.13582084181
4690.30414813681,4687.48214502474
3917.52043274333,5732.10629654419
2977.03566151108,1050.08010500105
4384.23428310048,6842.76902132458
2184.17891059982,1950.63588647799
4703.0124055453,5184.58951063744
3244.03816609657,4452.19871716233
3825.92189159246,4411.96192566416
4500.08278892537,5361.22249220077
4498.7726165465,4509.37170721113
3652.52419387196,4887.92779724571
4361.38339855987,692.267443634826
8444.08394611083,4882.4150333262
4729.87640225257,5923.97052428234
2840.22909477083,1761.61356317431
3029.5666747555,3340.96767492334
3937.29182723912,5019.09538212066
8774.86209821588,1014.78765424998
4154.9792094131,6319.80363420061
3540.6301629399,5248.80938345979
4198.15144011709,5610.20220167345
4466.25360368697,4827.79989469637
3914.07322261572,5581.33175934738
2419.07538618129,2238.71596395926
4187.05927038823,6206.59471187547
4090.55453492119,3848.53182806122
4512.97074607623,6340.94512823176
1476.38023950129,1936.54169807564
3270.52245866519,5463.17881341658
908.759018786724,1365.32577814639
4188.15293117454,3887.00700457982
4702.3222599365,4434.75128661212
6237.90507212661,864.467633592092
3884.8355109303,4362.80246549484
4365.79218405887,4476.18179848651
3680.65590001787,3811.42078258538
4052.09323217824,5092.40833428069
3945.90402025381,5222.04137744635
3951.05217424088,5568.03338452918
3679.46597254446,5475.79512271341
3974.25724243305,5017.10627101554
3863.31583076582,6548.15350449698
4139.41639209254,6872.1511185055
3911.47986695789,3829.60694126073
3921.57547975317,5734.77747317068
3769.37500018525,2770.26340984894
4971.73804700182,6510.303730896
3775.81299859449,4300.28754504831
3622.94176257871,4341.77471952646
2439.47149254909,2733.60693376893
4127.9861863346,1651.07581747567
4799.20677275837,8944.35032064151
4126.9098970151,3692.0174536746
4329.26378614026,3790.84760601283
3874.72150860874,4828.36821215498
4940.6214300099,7280.03264311724
3304.10836530685,5091.10128869694
4127.0822235357,7997.07844235476
7904.40600213379,7647.90487235635
3600.59152754316,4127.34862696591
4760.25035257566,5021.88030680993
4978.25480137466,6555.88245279191
2742.65982005713,1259.67560487728
4574.78731950351,6600.60912135516
3715.43418399837,5782.34572902696
4061.84500925422,5734.72081056692
4400.06655038911,6503.8247427258
4151.15973149339,5264.89268296725
4535.67502822595,5224.42839534354
4482.27552034521,6115.6639184987
4334.37449831446,5241.76207783099
4668.61417461249,6986.78083447714
3890.01834767215,2504.46124988841
4547.78082356598,4093.13583138685
1632.63887024374,558.087702229604
1968.34140429912,5193.51217930859
4232.18788590668,5037.90652085838
3190.54629138273,2082.20137814501
7593.03743440905,1822.30988889607
3498.75642361954,5840.59826853395
3232.8221685738,4883.55166824341
4186.63308120681,4475.3293222986
3707.68384080998,1261.83523236274
4043.87758666878,4016.01506768312
5004.97292506512,5436.92246225799
5302.540798843,6595.32385356118
3663.50859896091,5426.52233733657
4359.98147029462,5915.10451821495
2219.93993140817,1397.15155582826
3868.78549186206,5250.57099843936
2606.4586456112,5030.80255262582
4582.18040840567,6058.77551003445
8414.43769532987,1303.94749261707
3563.18734430445,2983.04142406507
3482.7955788685,2064.35625223034
3986.93941546294,4280.79434078922
4158.69825963896,2598.97235868334
3823.88872675793,4214.13078746592
7946.87570418621,1376.40796858919
4659.25819317698,5213.51661556728
4263.54392042404,3868.42293911239
4224.35729201705,5466.8157914385
4172.06771095056,5808.71582824833
4496.66935567095,5248.35481406395
4532.61126474539,6296.50261839781
4117.01096525194,3663.60158074436
4381.6094566014,5313.31341501144
4552.23274135548,5473.69268640077
5092.33965034923,5606.9060449846
4153.47471760111,4065.45868658174
4607.72800105997,5788.02890361301
3657.93469184136,3669.79598733
2383.48994577045,1806.73803281582
8957.25719831269,3712.13563799606
3828.27618573734,4943.67957079275
4100.36142763219,5026.76766781183
3893.91925208458,4566.94218119675
3550.17099203978,956.02356560195
3937.47459600563,5904.2498238977
4102.64489707495,3784.48278876066
3973.36826331697,3505.43870515806
3977.84616454895,3343.35469282053
3852.46215446397,4387.58093754791
4015.69383192615,5336.78484148077
4459.68330477099,6189.31769199178
4937.96031743009,4345.86668979947
4456.23144521987,5791.32506030187
3982.84392469742,3741.46107257322
2142.58972299731,6423.86239172905
4152.01812097909,6180.28169811312
4502.51294800543,6956.88750529663
4297.5501827403,5942.21334556145
3826.75351710548,6648.0069665449
3601.48952890582,5544.3344619343
4082.79383609127,6367.4852152644
5063.46598983557,1116.85740638712
4169.95884595334,3486.57069238895
4120.9387714044,3736.11871932024
3915.87386870788,5280.06684368305
3652.29034394091,741.711062533446
2536.33762217893,519.498989075861
3647.28251491385,4884.00623763924
3985.88397249987,6665.62480776165
4354.39052171751,5709.71484238831
1819.0179241469,4487.94605445068
5669.12644053687,4033.91706762917
8585.15981032098,1566.05548338286
4961.22587404802,3172.97299187423
4165.69723006773,5352.29982352963
3922.53550567968,6839.41620203196
4042.48065398677,5212.77788744214
4522.62660227638,2354.88001021256
3962.24739661114,5932.55194876517
4309.92666471701,5201.80944506212
3886.61574868665,4118.48262089852
4142.00861757093,5956.53503008934
4839.91787950951,5952.61347048287
4188.2412351552,4744.65471221828
4802.58525435994,6373.9642034346
3457.18884372511,6729.21927766638
4773.70048562709,6775.93505733475
4480.13874316307,3365.06429288266
5156.25668781042,3142.90904059956
4132.46382581758,5388.04716081797
4500.80859800319,4503.00646710371
4045.29561794359,2792.37091670314
4548.52158663277,6042.12347021313
3513.42636294947,4828.42487475874
3522.49893237957,4992.27071350346
4549.85931484034,3080.56474224718
3172.52915151556,1478.76198516944
4194.18983327211,5189.59061970211
2875.43553205778,956.02356560195
3613.74604345004,3510.49668825412
4606.37728074953,4949.59024150434
4197.78929074216,5871.05991517307
2619.27585946176,1783.32326895025
4370.63498972297,6206.08305702063
3812.65420188844,2824.87854847876
7789.38881257957,1235.01056374554
6426.07888221009,443.571734320729
3721.37042834918,4585.29875053864
3723.98546042167,1833.44895337025
3584.64588996454,3434.96734029106
4011.02442732049,3664.05615014019
4313.04402988538,5939.2013476019
4306.24981431244,5603.3823921702
3755.29676382211,4710.15818076517
4206.84391233323,3900.70370904535
3781.23033837509,938.689883114502
3035.49863387549,1222.10977857797
4540.71461193414,5060.12798720298
3950.2258691986,5327.52135147656
7769.77562153968,1451.76690588571
4737.74571588501,6585.32121257659
5342.17101056224,7358.80127373777
5104.64527645045,6334.06823326949
3856.40222254801,4443.3331339502
4039.80989280061,3805.96510412487
3101.33244602601,7335.50025793497
7918.92659311112,1138.51034384549
3509.95234920399,6651.07562710822
3508.72896246249,5018.01540980721
3777.23952031585,4306.42528903019
3673.40315097846,4690.38039492152
3412.02849772168,5434.93335115287
8315.09727658455,871.060105540527
8097.19005261985,2638.30001138985
2033.41538129329,5238.92049053796
5330.87674907392,5559.45153719109
4292.47084654777,5414.36017458033
3708.96795930573,3110.85597821977
3981.04981384437,3920.93564142958
7202.60452903846,2830.39131239828
4711.90786735661,5524.72750961244
3355.86936400059,1542.52718288214
3535.1431005534,2673.42194576057
3384.60642370159,3620.12529516109
4319.54555954085,4772.21810896062
4196.61061125381,5439.706964092
4194.21678475155,5645.21081083666
4027.68552649424,4911.62671984059
3771.79983349248,4606.78106590285
2959.84430152049,7372.32756753677
4638.3242731178,5152.9341436221
4646.01319252694,4753.63446634844
3481.04310990015,191.466146683457
5181.26438819172,4915.14994979974
4973.43000438107,6479.3870920058
3237.13631488143,1140.44258091922
4243.78941097572,5505.63178929016
3793.96861307518,699.371411867386
3917.98203961346,6263.48312033972
3060.80914531508,38.0772672488567
4079.30512436194,3600.40459477645
3886.61272590808,5589.40195183062
4858.61048022216,5243.7511889361
3791.03943826659,5368.38312303709
4192.99298007702,6807.13585495426
4193.57993798944,1393.62800872768
4050.68820267338,5897.88458379027
2410.14921750289,2688.59610647637
4022.08166283875,4599.39293894099
8204.50442014834,3322.09945072661
4239.63680243803,6436.36537581836
4088.26803970378,2658.02071177448
4598.2585647393,4543.35700666465
3974.34031605018,5648.84778885858
4854.17060470535,4608.37227021589
7923.80978698347,947.669320103221
3701.10618194212,2400.40228093234
4570.28976362472,5481.81954148777
4437.79770154098,2772.0818988599
4311.61003020013,5014.37843178529
3056.10202644152,6152.03623584941
3089.98187544952,5612.24839823758
6409.49826954509,12.6166470854939
4407.98359216507,2522.13596513654
4019.09177771315,5091.21503675972
4062.55752928576,2455.41553778186
4179.29569391142,2192.79599787504
5114.19611261494,1722.05862576989
3982.81079279886,3405.69899117291
4542.16563885073,3857.73865546167
4346.11468134022,5797.46280428375
4026.22633188001,2979.29048655275
3781.14871135213,3508.507577149
1496.48141048553,1322.53145237069
4182.32300853318,5947.66944687721
4552.9778955647,3954.46637148727
4547.85109410938,8168.25616831285
8103.18139239092,2259.34601456319
4362.76428280835,4570.01084176007
4080.90676319913,6597.5971233956
4669.56742214548,5680.21899714462
3493.60890623244,2709.62385244475
3992.84496243549,5767.34197897769
4598.83756485547,2656.37242200243
4164.20805568138,6049.45493457123
4063.58542705091,5101.72890974391
3904.85809549967,3419.56589487734
2635.49265910256,816.501629514462
4080.69570365268,5042.28264986069
3592.78867931125,1133.16809630632
3854.85051718708,4374.96462825109
2730.33145502736,1881.13074586167
3416.81593086676,5445.04931734499
4867.21849790468,5969.03801417865
4506.84238174766,6342.2521738155
3214.12011819135,5501.25608314311
3989.48459812367,5489.09392038686
8715.85418261433,1289.79643018333
4251.01392126916,5050.4665904067
4097.89603609727,6042.01014500561
4076.97631616529,6680.17356555983
4927.28018914257,4636.56106987584
3520.52651874506,5130.42894140345
3814.46530944222,5244.77407579054
4330.42640210404,6833.90343811244
4190.15449374119,4616.32871463636
3362.58999304281,4747.21214078201
5068.89449027728,3556.58748786012
3298.3956564783,4951.40894194293
3967.58977864486,4989.59953687697
4180.73222130809,3536.18472195411
3875.50156644333,1916.93474575377
3813.56369096826,3968.73097055615
4871.60054922613,7339.02433360462
3184.16625983903,4914.58163234113
3545.20234751407,2864.14932715388
3717.3471509075,5856.90906416697
3779.56058091497,4306.31154096742
4909.15513533723,6055.47893049034
4767.16597232438,4753.80487701497
4392.03707737697,4092.39710326171
4196.61173925473,5927.09627030466
3459.28628191527,3787.66519738675
3967.45190996492,3553.46174183779
1844.1070532488,3828.18614761422
3893.31466973098,3864.21764363187
4311.22190785266,5695.22274719389
3797.95991737514,4754.14569834803
4555.34900321902,6301.78788619178
4612.88277025005,5100.5922748267
4086.24945725164,4588.8790659568
4119.9465678335,4750.50872032611
3439.50517499264,6344.98001304575
3970.17025094416,6442.84436398855
4607.20880071459,4815.12607708528
4097.62130211187,6523.37460958866
4603.15647948839,3862.96726065189
4558.54454705641,6698.47347229796
4222.01748652219,4807.68128751966
4007.81449468812,3578.06980322433
1601.6271946501,3796.92868739096
4255.7572701341,4526.59164163581
3338.84133103797,573.943769896061
3858.29435839274,5557.57617414875
3706.87788114297,5640.26636437575
4333.98161194851,5513.47490850311
4315.17808365114,2977.86969290624
4496.67861197981,5432.88715458874
4410.4240351989,6447.04965946908
3704.41253061738,5893.90636158004
3630.1835180734,6052.18277380149
3871.1622681388,5069.78938399926
4161.37386030541,3045.44259644883
3974.96485193361,5389.69502773478
4022.67530097225,6695.6885476087
3978.7266514407,5648.05239812969
3884.73655950053,3346.93500823869
4507.03967881262,4916.17325950943
4270.87730164728,1772.92314402883
4248.60429323633,4906.39811465037
2508.98249798995,1732.5157304365
3929.01868474943,5253.07176439932
3204.10076436248,6020.35699611962
3189.65850636488,451.641873947062
3063.69408575955,4758.74932347589
4453.73971527653,4521.07887771629
4158.70871997514,4576.60357799303
8386.79829587258,1838.10902967423
3209.77215950078,4255.5042138813
1635.35371458852,3482.87662890802
4316.25240599467,5943.69122466697
4129.40635912747,5415.72430562308
4423.2656267773,4248.4569082525
4310.71053262191,5916.07074246563
8819.08388846815,4022.20989712401
3998.81957398868,6409.08613780533
4727.76832611746,4229.02036659716
4298.15192447837,3179.84967540887
4122.37818598325,2545.83467630379
4442.04694803877,610.770762356417
3226.1916423305,1561.33853304749
3666.39960411985,5376.68081164588
3843.14584482132,6418.34962780953
2769.90646760435,1238.47734252855
3477.42255455548,2629.20693205217
4611.28176109449,5315.13211545002
3964.03722526971,6973.823280992
3876.12276211905,1497.17542854272
4663.80785220124,6951.3176559181
3142.50587461387,4133.77052967709
3493.41907929619,3455.02907343638
3718.94740204138,4372.80468362419
3392.60347200614,5741.99518946602
3888.8109320236,4930.55160664108
4145.33700085351,4201.8548766469
4458.95680601418,5652.37144167298
2643.39511867363,4849.45262072712
4347.38566324255,5016.19713222388
4239.53534732098,5943.23623241589
8426.44793712737,2255.82236174879
3972.88683191681,3653.94018394808
4282.81785498303,6313.32464603041
4171.99395413381,4951.52226715045
3775.01450558396,2413.53045651163
3255.83025751953,4507.95091356462
4055.31588471033,4647.07494286003
3894.171753219,5682.94683637487
3707.54597438701,5002.33001709182
3487.08779433542,4216.97237475894
4009.98325631647,5561.95230315105
4490.77390783345,5947.44195075166
3730.37532086812,5612.81671569619
4283.34676583331,5117.01639566722
4417.6269826031,4873.03779525922
4589.64174471979,5647.88198746316
4420.71890235192,2128.97403184476
4114.41843152021,5317.97370274305
3624.47992799305,6074.74506147915
1217.64596309677,1279.33932551672
3932.04004277829,6277.236487409
7515.15698104232,4575.06903628375
4155.80757989942,3858.36405837929
3369.0426124701,6691.88073606499
4268.64250259448,4410.48446941389
3825.6015054215,4621.95522661865
3669.11806967295,6049.90950396707
3624.25790887157,4736.18703579822
3128.71489374748,4105.18424608032
3734.71205192084,5109.40119543507
3465.74148008882,5640.26636437575
3648.19655670093,2812.48931245223
4106.71296502037,3058.9686788202
3059.69825909823,5830.02773294601
3753.49169936883,4523.12465142517
4292.90082355408,6456.88188978714
3887.85786743974,1492.68576290526
3520.36064251951,3842.67824280864
4507.27857526541,5453.11950982823
3700.13712144757,6685.97048820865
3480.48391118413,2610.85036271028
8216.6250170397,4071.36935729333
1648.78030367951,6727.23016656126
3494.02985601411,4527.33036976094
4060.88742506759,6752.12238667711
4270.15016446545,3907.52351854861
4528.84776346822,3767.20576887697
3576.7509742749,675.558952637368
3740.42392940636,4982.32515797788
4224.63603183566,5329.90836937375
1833.94726662213,690.051047831792
8440.37591519948,357.357996993138
4205.00974514454,3261.23282005213
3347.57888814958,1075.48387425792
4816.88463178667,4396.21944748976
3769.7532088358,2727.29856769289
8196.72885731687,2112.72011024314
4385.62974881505,6541.04953626442
1562.03543708938,1948.58990134149
3670.12949294733,6169.48366639963
8517.54948618858,7055.26308823903
4301.06951986741,5352.18607546686
4840.74451550249,4637.98186352236
3870.55790197089,6751.5540692185
3008.88290990531,3300.78754602893
5417.06478348337,4673.50170468516
2818.71491381886,4624.9672245782
4094.03032822935,2978.66529506276
3610.89800713825,6570.99995090395
4978.73227443158,7289.52320639174
4420.62412549141,3124.4387231949
3963.62505163256,5196.46709180913
4389.46775357279,4002.48919673938
4013.44456716801,4984.93967200061
2359.30510964952,2415.74685231467
4243.66756302401,7321.8039763247
4283.55956865669,6972.28873928272
7844.54697369665,1503.6543109991
4669.54909423533,4737.83490271503
4055.89811032726,7053.04648100837
5795.46876671279,6426.87438968861
4065.47896983502,6783.77775369245
2858.38327317715,3797.83824903787
4059.47210881318,4072.10808541847
8498.0716098926,2204.10547301575
4220.20853712612,3737.59659842576
4556.74475056056,5367.81480557849
2964.46034554862,2481.27398214838
3977.61557150644,4398.37896926141
4262.02847665137,4397.58357853251
4510.03488931749,5210.56170306673
3365.69726641109,2064.24250416757
4418.96302927277,5543.93655514223
5001.35415778361,4399.91351097069
3561.62953231958,3976.46034170632
4424.37971097112,3520.21495908178
4139.15979042721,1755.2484287807
7932.1516271433,5861.91017323164
3579.53301960771,5656.29300127946
4333.99727218964,5134.69132234299
4456.9001381601,5630.71871564224
3626.34850832633,5907.88722477487
8652.7805264143,1560.9975002868
4106.55907597058,5455.61985293294
4019.08276698685,3538.96943521574
3667.50593897789,5461.01886878968
4799.00919435952,6560.65648858629
6883.3915490394,875.152022956625
3873.53107117974,3667.18189616252
4446.39163575305,4194.63716035157
2762.29115781421,2362.26813717443
3917.86513621775,3880.01678441003
4177.33010543398,2838.23400875598
3810.43128091856,4846.78144410062
3017.36141881442,1905.05695315446
3878.577737542,4746.24633938658
3513.33142806737,2695.5296640424
4344.17030060311,2996.85145373811
4410.52323045193,4271.36001726322
4505.18042653886,5854.63579433255
3800.859745508,5943.91829793727
8367.23557757758,1364.01862684884
8728.8599259122,2152.16129958479
3681.32766714148,4950.89728708808
3424.02670390548,6890.39436263986
4166.55228318109,2497.35728165585
3812.55109414671,4168.72205338129
3771.87210577284,5478.92086873573
3911.9674627493,4925.43674951363
4583.99976504925,4150.0813253101
4260.49278554252,3938.04182779149
8034.39528096034,5326.1572204338
4334.02304196423,3066.12930965652
4596.63905506578,6886.30239236686
4527.57047035079,4248.51399371151
4218.19825758724,4165.93712869203
3704.72657204498,2293.72922080878
4191.96113087924,5665.95439807574
3921.72440456916,3351.19738917823
3709.41081043497,3230.37305519332
3838.30670239428,5497.10702741109
4373.6049788937,6342.19508835649
4941.46326730593,2951.89750047695
3967.55273285922,6534.57054809422
3041.47251935379,6221.20055513267
4330.08887897755,5043.53303284067
4060.77775333138,3685.99303490024
2530.51323457662,6072.35804358196
3985.48246556961,5409.64322424496
4269.167345006,6961.54737017299
2247.81845161524,3463.15592852338
3007.46553150123,1165.73270782714
4169.80013651891,4299.83297565248
5513.5506986017,117.471208287417
4687.82657601779,4806.65840066522
4441.85055494046,5771.77519343901
4984.82855441909,2465.30421927606
4526.43995725681,5775.92382631577
4817.40289555381,6077.41623810564
3059.44942155351,1846.97482431399
9034.81472781635,2393.63934546046
3987.32718624699,3171.66594629049
4271.5090274692,6439.88902863276
7426.52102368059,1536.8440082961
3674.10810692353,3718.50087810349
3972.58216548277,6413.97392166248
4109.71515485114,1402.94837276327
2831.52781371684,1161.29981050726
3824.404364628,6062.52623611915
3633.50042179516,4935.32521958021
4524.14513026041,5089.2259256546
2455.95915157895,2930.92662853995
4450.07263969832,7046.73832635995
5278.58147622374,5633.95820972734
3554.58351748806,6451.4828739304
2886.74434838299,400.209143943324
4791.17910454641,5711.41979476413
3850.91972497182,5463.74713087519
4054.5539643247,4235.84017610042
8372.51391436483,1544.23213525796
3449.61039892505,4910.6034101309
4511.73644398164,3950.71564540258
3232.76469740897,6601.57534560583
3859.27651248455,5042.16890179792
4373.52347018371,7058.27508619858
4417.74726687695,5547.63061862316
3747.24620342288,2272.53085274625
5572.36242269752,7262.58563542227
4300.02252404873,5056.71808245135
6935.42860736192,4925.55049757641
4177.9844807416,1453.2444678498
3963.527961243,4554.15503837814
4034.13144978082,4840.47328945221
3795.39338428908,4880.31217415831
3926.17388197813,5500.1194482259
3581.62299768035,6773.71845010409
4416.98933521455,4991.9298921704
4394.48000329197,4669.46639701591
4334.67296619931,6647.83613302312
4253.74198728521,4378.20369948093
4527.63672692056,4966.69642786624
4106.62826634407,4674.29709541405
4614.02790278155,5700.67842565439
3726.82591939498,3720.66039987514
3829.70118013471,4400.14100709623
3883.48066932741,6705.29328180122
8158.66984089299,4673.10379789309
3311.95956483106,882.710613441926
4735.19923939187,5156.91236583233
4883.43392201728,7923.48133146544
4062.08308818599,2666.43172559079
3043.84206106398,2409.60910833278
3993.84835417702,4682.6514466266
4372.50013233758,4166.67627967241
2786.23643373821,515.975389118367
2781.3811422968,2958.7173099802
4422.53615543501,6979.50645557805
4879.44554043996,6461.2575959342
4647.86843780922,6457.27937372397
4859.95715933905,4222.59846388598
4132.51162025263,5178.96299865515
7032.61686140069,3464.74713283643
2830.76154878244,4386.33097742318
3640.66870114446,6590.03858576721
3786.38810708389,2034.00814222637
3701.16652160341,6040.24810717078
4115.32409183606,4919.63982686481
3980.96360243253,3328.40781680265
3345.63656771787,2692.57432868661
4948.75602335854,6408.40407228395
3850.41668727556,6354.07309238343
3962.49060556919,6506.15467516398
4127.10150387347,5390.77500004823
4258.16571010021,6825.49242429614
4454.2625910709,1629.138721288
4665.79173095423,5394.58281159193
3627.77151386764,5473.63560094176
3677.05706325132,3304.36807287472
4067.56239497939,3753.73656053699
4836.7273944147,7071.1193144762
4231.39909269366,6999.45422923298
4678.70907448989,5726.82102875022
1856.55145496067,4250.21894608733
3143.99998789607,3715.6026282067
3814.63407670282,6021.26655776653
4392.42518200029,4277.61150930788
3611.7730000756,3717.53465385281
4809.0131398711,5238.8638279342
4538.21234205426,5849.46385174609
4044.70624766424,4501.01735599859
4709.25378013547,6415.73553664205
2717.11314558257,3342.95678602846
4396.74327137822,5918.28734969629
3460.78712662311,3495.83418239316
4393.06899810298,5630.26414624641
4381.62330071337,6209.26588850196
3703.62498240103,1391.8094140029
3651.19129319984,4587.5153577693
3816.2794033227,4896.45255912479
3631.74458091794,4110.01494447846
4223.69142973401,5076.49544543975
4023.74027901565,6749.39454744685
4262.07159829335,1235.18108012588
3257.42371468296,2931.32453533203
3831.60510580721,1331.5108893594
2949.64403351755,996.374105162894
7179.36849282987,3368.47419763429
3801.04450911912,5105.53629843236
3827.49017507706,6884.3699438655
4466.84317654941,4763.18211508195
2621.42706153957,4793.58709911731
3763.6113838617,5956.87585142241
4504.25735207185,5376.11249418727
4030.43954121587,4277.89566803718
4255.80373054673,4532.33147882562
4426.00471949271,7364.3711231163
4436.32082545034,6402.26632830207
4536.77222056889,2265.59750660784
4765.48712496392,3338.01233956755
4387.98322585119,1853.16944232726
2633.94825835149,1996.95375935429
4831.65807517738,6992.80483039626
4277.35316698349,4894.69052128996
4051.34023170151,5081.32614383789
4963.87390299313,6682.39017279049
3245.17572472205,1551.22246114156
3961.47745820515,4943.33874945969
5105.22647110669,5134.86173300952
3237.21021098889,3227.41793126515
3029.95540439693,5092.52208234346
4355.45147479741,3981.34770270823
4167.23787543623,6335.83027110431
4644.18456919849,5213.80077429658
4343.40343409082,5283.93131783052
3826.48561623244,6493.08337361607
3990.84026605027,3641.49386246253
4047.13259246799,2487.12756740096
4233.36004740745,5209.82255208634
4497.10090674818,6254.44712646105
3596.60040335354,5605.25817806779
4072.97754915649,6077.64331137593
4278.68933889702,5771.4339492507
4274.72329253252,5519.66931508875
3556.03831961611,5057.68430670203
4915.59475745776,6609.92969681838
4267.59899206707,5196.35376660161
4224.43804688772,4677.65033756192
4641.67081328062,5429.3639246296
4093.37104702768,3296.92307188147
4160.29667380856,5561.83855508828
8236.84329854119,6746.04172815423
3679.42364758929,6097.19360109404
2511.76578686731,752.281809549022
5128.11608130873,3508.16675581594
3179.39447259449,76.2681991456791
4569.788321559,5167.5399868793
9043.22804026799,3001.79590019903
3399.29576337465,1781.33415784513
3283.14652571802,3828.01573694769
2393.06158487245,3431.15974017498
4623.96712998926,4391.38874909162
4262.03664159829,4665.82941899399
4297.45239687889,5953.46594667078
3600.70856505307,5580.649693826
3687.63808168197,5964.26397838427
3408.06316909031,4942.31586260525
4112.40671614419,6465.86122106205
3540.38215939844,3258.16373663357
3656.62241857568,3896.6684013761
4717.11570641955,6486.83188157142
4185.68066496039,7484.34276948568
4033.53160417841,3578.80853134947
4039.6759413555,5149.35382820394
3718.31360576121,5988.58830389676
5221.39767122479,6182.95287473961
3348.10128689354,5721.25160222694
3238.47888052561,849.236757415626
3621.10547945718,218.74538469649
3699.62846941682,5130.59935206998
3925.98822869608,4717.48922226802
7415.20064647147,1094.01106569397
3660.81883936388,5510.68998381385
3963.4818306485,5422.43036706357
3794.52532505158,5032.67833852342
2801.4465430799,1886.5866357498
3476.93672656384,5593.55058470738
4196.82336353925,2259.40288859458
4048.64856086758,3102.72912313277
4614.50589554675,5750.06538194926
2995.15673675487,1957.11466322056
3891.1808394453,6358.39213592672
4061.14315065265,5517.39604525433
9777.8824817481,2784.52800891782
4063.79752413865,6839.01829523989
4241.90488539964,5452.60785497338
4367.15365519871,6689.60746623057
3430.59411604391,5576.72855707478
4404.60089936304,4045.85173425987
3979.02922152646,4893.89513056107
8594.63905983978,5699.5988761962
3261.53141116865,3224.0649005449
2161.08773225647,3597.9609142755
4572.120060003,6399.76598519736
3614.90468691046,6326.39594757832
4271.60538004783,5001.13671957085
4717.33901677002,5564.22557298547
3647.4583146387,2111.07203189871
3696.6954291112,6031.38252395865
3681.39974222273,4141.27240470173
4290.87104570662,5237.72719301699
3847.20276033269,6106.34334303548
4030.94149072607,3568.06716223974
3182.51316229051,482.785638964463
4242.50171258152,2880.34637472412
4340.63613205626,5882.42626434517
3285.05124229187,1545.53928655551
4270.89131674865,6973.14121547063
3499.45429247739,3262.71027630241
3546.42155794792,700.110245706335
3713.05101636264,3032.93961235952
4360.26734632059,6773.71845010409
4948.67638143196,5359.80169855426
3866.34822787805,6495.29998084673
3529.18855703403,6049.22743844569
3704.43930851403,6448.5275385746
4163.06578665702,2525.09108906471
3990.37837670479,6675.28620455793
4828.32101916654,7176.88302438046
4322.3827190345,5516.3731583999
3923.2209648739,4246.29738648085
2900.38049527987,5654.0763940488
8293.82802097354,393.673493169368
4360.9473363227,6162.60677143736
1891.58030485964,2418.19074424324
3959.00261688335,1843.56491956236
4125.42337579529,5353.72061717614
4082.86656649568,4136.04379951151
4032.92808546804,6025.58560130983
4493.58995912795,3391.1500219471
3669.44013561145,4532.55897495116
3930.08605709625,5698.68931454928
4069.41685931003,4492.60634218229
4647.85188968765,5205.90141533512
2004.16847507164,203.798627606647
4172.89851807857,6314.68877707316
4747.83502627835,5332.46579793747
4251.16669066879,2125.67766372828
4468.22666670931,3954.80719282033
3496.49438483579,7994.80517252034
4260.82201297501,5939.94007572703
4540.04255319042,3857.11367539931
4514.1054180902,4641.27802021121
4041.56997932602,4691.51702983873
4173.90116745496,5387.76300208867
3508.39993468233,3721.39955085552
5349.79102907355,7021.44819945204
4238.73716489276,4943.90706691829
4343.75087445227,5083.03109621371
3344.57902021577,1799.34990585396
3205.53330628818,3939.86052823007
4508.9062198295,5298.30966496217
2566.07849849951,1627.66115932391
4406.7375856528,5341.61553987891
3587.73722463567,2289.86453523369
4004.13155148216,5563.65725552687
3648.59034964156,5763.64791549676
3997.62813329649,6490.07137565652
3981.47051027633,6290.53528508246
3382.55163323715,719.603555679244
4209.36932148562,6037.52026794053
3751.00503258003,2318.56456689324
4390.72118253167,5812.92112372885
4151.96207743312,4659.6345895531
4448.09768767218,5447.26592457565
3732.33304675234,2262.8127933462
3726.81094453303,5460.84845812315
4121.79651799414,5617.4770034278
1714.28713258763,362.018205439388
4378.59700099786,4408.55202091253
4120.31703609306,4770.96814883589
4189.53266432096,5093.77246532344
3056.51489025763,2680.18509266007
4469.18342266686,3808.8066914179
2052.56177730236,1294.96805562835
3374.24994366781,6776.84419612642
4773.7335552424,5055.75185820067
4534.55534223701,6437.89991752764
3538.32337571415,4570.69290728144
4713.48258720288,5947.49861335543
3617.49991113559,4979.02900128902
4060.58404992471,885.836359464252
3580.06763628392,6148.74007916055
4537.26771567525,4771.8206250238
3067.60658350003,5048.47747930158
3492.94574805263,6634.87857953798
4475.55635005877,7005.59197321486
4082.69049248977,5011.76391776256
4449.16538800899,5182.31624080302
598.24561693329,475.227048479163
3780.6760789809,5553.08629708367
4113.00206809722,1890.73526862657
2339.07924664567,743.870690018908
4478.78208583534,2853.80607626385
4625.8110884201,4938.73512433184
4132.16603082843,1698.01877612814
8456.16784161853,4522.10176457073
3333.16177713633,6822.25293021104
4121.78280502475,6667.32976013747
4449.85357985127,5174.13230025701
4285.35488059025,6023.48274214194
3827.1363934118,6162.32261270805
3728.70306457541,5250.85515716866
4569.37434301729,5962.84318473776
8426.31848995335,3532.26337377526
5296.26970999912,7604.03025712576
3405.82725973944,1115.94816188164
3387.48732102123,5489.71890044923
4897.71321824822,4080.06452983894
3512.05747019196,4192.53472403893
3599.15177247432,7253.89004002142
2795.40420585431,3180.81589965955
7111.79721544094,1515.81626232772
3585.61419194244,773.82099894462
4430.52109034803,5922.26557190652
3591.94058755739,4608.42935567491
8140.0933855572,3150.41091562419
4070.92986354761,5350.87902988312
3603.51529082584,4449.47087793208
3407.35788181008,147.478378030288
2432.99362592696,2471.78299601863
3626.05384575685,7242.92117478614
3797.57740048835,1509.73528666341
8634.4168885685,7511.33784876941
3986.67902937282,6384.64848708532
3716.19388169599,5715.96633443296
3250.09911355825,4013.4576391194
3236.23795123367,5159.29938372953
5514.92338024804,5021.53906262161
4332.28514533868,2762.81840885569
3923.2267011378,868.161697073023
4017.64489880115,3231.85072287121
3353.28192022779,3401.49348426476
771.475697162421,4678.10490695776
3839.51804471669,2490.31018745467
4309.66136976475,7203.59394493489
3693.6522412963,3133.02035910536
4028.22616449403,5795.0191237828
5028.22168537914,7153.35451245212
4283.5409633517,6960.69489398508
4113.08650106111,4258.7437079664
4302.30518404518,3739.75612019741
7987.43713216257,1083.15615994909
4389.80227318355,5756.20312593114
4037.13930918406,4267.89344990784
4178.61940476615,3984.13262739749
3435.84151471629,4857.74988648065
4001.72173599809,2106.63902886502
3765.06397322448,2207.28809306946
3823.31114381265,3742.76811815696
4312.71558669075,5527.68284496823
4895.25728316192,6674.49039097378
3997.76155112087,6627.77461130542
4158.4108120696,2585.95793116681
3606.73537835667,4918.73068807315
4465.86677210424,4753.29322216013
1566.07274928019,2443.19671242185
3959.7365894107,6887.72318601337
3435.49590063278,5601.05245973202
4363.9029581517,3826.93576463424
3392.05445351004,1641.9258641066
3482.28090361616,1991.27058476824
4227.7910389185,6028.08636726979
4115.21310090242,1869.42336392888
5172.6562570008,4276.98652924551
4017.05173226161,6140.72654928107
3613.6516996091,1472.62413547375
4809.50281236993,4905.03398360762
4874.27683755872,5191.52306820347
3852.90893351563,4977.3240489132
3105.35558684904,5536.37801751384
4028.68685883918,4815.63773194013
8138.73380742537,637.652146434282
4832.82569289264,5582.5254797236
3483.98264174417,4736.52785713128
3643.34611317541,4716.52299801734
4218.23052938393,4939.41718985321
4638.9604854269,4166.10796221381
4075.03404131694,4300.06004892277
3208.47931217827,5541.49287464128
4109.11255615998,6386.86509431598
4297.55719920561,5316.83706782584
3867.57661505405,6385.67137393976
4023.78074641756,4248.22983498221
4439.49461441852,5036.59947527464
4217.68702867212,5109.45785803883
4001.3475427147,4742.09728365456
4511.76949636247,6558.89445075146
4749.59892743648,5606.84938238084
7815.37442772521,399.924985214022
5773.2756989439,3740.38110025977
4569.99344511276,4972.4366879113
7999.48796600162,5447.89090463801
2568.24059101547,725.911868898376
3913.694804406,4866.61589254803
4542.71926705404,6790.54090059194
3874.93283990262,5359.06297042913
3660.68651252958,3244.46745502329
3811.84782865653,5078.3708084821
4565.5769316725,7530.20565011089
3795.52588221723,4163.3797001283
3783.09336822423,4579.38807982705
2083.76737653692,1253.42411283262
4678.53536575943,6325.03223939082
4324.53513403388,6256.3224895034
3477.73142187299,1636.24268952056
3320.66192127327,2980.54086953273
3579.1104612747,4712.94268259918
3906.4195266752,2158.46966566083
3859.99019205425,5531.71772978223
3172.74953184662,2796.91745637198
4291.53056304152,6537.12797665795
4348.17922068889,2919.90131212854
3106.86041752781,2372.44118882555
4413.57719034603,318.712409808009
4196.78539744482,4553.70046898231
3937.31990641061,4427.5906557758
3926.46300168414,6152.09289845317
3937.8404621254,2650.91674354192
4448.45975659691,3922.69725640916
3741.60945313299,3417.80427989777
5013.8529474139,7558.33736431183
3596.47315714228,6369.0768424327
3701.67547843676,5921.92432771821
5021.01145478052,5310.52849032217
4461.95454067646,4586.66288158139
4259.0289420578,3879.8463737435
3831.1116472916,6292.4106481248
3332.65144613765,2551.00640746262
4011.85151951083,5921.58350638515
3384.16776545205,1322.70196875103
4062.78174375024,2179.09950483714
4261.50758960688,4534.03643120143
2856.91376149421,1498.42570580888
3102.22230888478,4033.2350021078
4786.62614643342,6823.21915446172
2720.25160309782,2898.13483803503
4634.93756482592,2591.24341038842
2287.11115069268,2229.50934798644
4435.60713141374,6181.58874369686
4226.8449981988,3467.191024765
3466.1424530915,5837.75668124093
3964.69160645715,5020.51617576717
4411.48405078063,5857.30697095904
4563.65538929762,6174.71227158984
3902.50244480585,5495.06125370221
4124.89275543357,5151.85417130865
4363.06150650909,3931.67701053931
3551.26009980889,4099.27357536873
3413.62494907232,5837.70001863717
2686.33477335829,5571.21579315526
4281.61048807908,3579.37684880807
4860.41728012334,1547.18736489994
4584.87050571707,6486.03649084252
4176.4757090646,4448.16383234834
4120.48211818974,4644.29001817077
4308.74469792114,5974.26661936886
4309.91083119287,875.833982764188
4578.09575454314,6706.31616865566
3906.15957084111,5712.21518549302
4029.24945706703,2217.74509202226
4670.96379468472,5439.87779761378
2388.74972142297,4841.78033503595
3091.01459156925,5586.90118587066
3304.20038808581,3616.03332488809
4017.78459972416,3392.40040492708
4292.846179368,3839.15458999424
4095.89292154285,6640.10718472819
4018.60427901895,5609.34972548555
4102.56266904155,4463.16715954236
3973.45117943428,5414.01935324726
6567.76012008762,4903.38611669082
4258.03004535103,5313.42716307421
4763.85899314699,7099.13685775912
3685.34580556768,4060.059670725
4505.17488113551,6753.37276965709
3411.59207879805,4141.9544702231
3946.89987576894,5936.58725643441
8308.77111671582,582.354889426175
3028.18056039926,1381.06815060698
4589.96281843559,3258.95955021772
3521.61858570504,4809.15874376993
4689.05419198009,3598.81339046341
4392.7192657481,5664.02194957438
3408.7841157115,1197.61535954039
3093.48230085065,1934.95028233497
3963.47558920168,4821.88922398478
3104.7507892175,2843.51948797758
4296.19975021224,6534.51388549046
4048.76499916629,4238.05678333108
2258.83312394381,2996.96520180088
3988.4661970951,708.294027681626
4803.06197579175,4587.17411358098
3743.05232249546,4094.89744636642
4805.11877858632,7036.73610823061
4534.780203619,5060.52589399505
4251.72194738813,5102.18347913974
4000.08257687012,2912.91109195875
3784.56800669854,5444.99265474123
3947.25269581817,2359.7107086107
4512.34208103322,5213.91452235935
7817.91557700889,3648.25700936203
4358.4966957849,4699.4734742592
4180.72500475889,4435.09253080043
3815.82696521455,5389.80877579755
4096.55471980496,143.727480160651
3552.12448981467,5115.65268747972
4909.61021978146,6216.54026740106
2984.9699115193,4230.78240443199
3977.66233065056,4125.98449592316
4721.69120499312,1394.1394521549
4152.63802301748,5110.53783035228
4112.88251898572,4071.65351602264
4257.7423282148,5204.36687362584
4024.47499081115,667.602508216901
4430.94437177811,4462.25802075069
4221.96003344983,6930.28990994972
3007.0534737891,976.767152841027
4137.54446746488,5326.32763110034
4322.43571681623,2711.72671161264
2857.76802624219,5846.50893924555
3316.38058329302,4845.01982912105
4367.47304325889,2778.44713896732
4105.08986211299,4138.20332128316
3705.64706055161,5364.0640794938
3892.05900528528,7364.03030178324
4633.67514345263,4252.20805719244
3949.62139567025,3963.10488142911
4058.06999954561,5097.18237007507
3875.60920191916,6071.90347418613
3633.24310438255,3279.58938939402
3458.95537870684,5349.4582362366
4214.72882004151,6090.26004352801
4796.49339058352,7229.73654803071
4215.20317519652,3902.863230817
4501.42889350312,5718.35335233016
4363.28545894607,6856.01115639427
4444.71493580648,5408.39284126498
3503.60942299048,4491.35595920231
3871.42933724267,7101.97844505214
4820.32850371233,6517.06645494024
4008.28709812956,4711.35147828614
4477.82139181528,6539.5716571589
4071.31427644885,5235.90849257841
4591.79387961607,6821.57086468967
3662.80350439269,5288.81867883242
3565.31496318024,5698.40515581997
3009.09823779138,605.996885132755
4373.39033575037,4566.37386373815
3814.00784743133,6472.6239451063
3535.67071715872,4868.49125559038
7572.78371320646,2780.89081946827
4178.26633025138,5008.63817174023
4666.91318741301,2667.05691708078
3600.4873078499,5574.85319403243
3839.13344484055,4176.16684294691
4445.24184495643,4798.81570430753
8734.39833584706,3484.80886598175
4236.62155051041,6124.6432497736
4163.92137762157,5273.5311929091
3828.62461117004,5032.3370943351
4051.43005560233,5495.51582309805
3823.02004544139,3393.82119857359
7869.63078447493,6104.69547611867
4581.13636786056,5717.95544553808
3471.69977600731,2373.06616888792
4138.95043086029,5900.10119102093
3198.45512003293,2961.21807594017
4354.85106316466,4264.65395582274
4600.31676261236,5384.4097599408
3971.66785984069,5865.66089931633
3924.85501132894,3635.92443593925
3830.13657056378,4457.08650101949
4861.15234388247,6111.57194822569
3515.3171024194,308.028046871929
3238.96712326914,5354.85725209335
4748.21200699824,6087.13429750568
4965.3880501745,4159.62897404361
3633.45235613264,3702.75839992908
2844.59390470255,4544.43655612285
4653.64236323164,6211.42541027361
3866.91803259731,5889.01900057814
4468.83981475177,3244.92202441913
1756.67973382007,2116.41417372407
3387.04454120751,6787.0739103813
3825.69482189177,4227.65665840966
3683.33531648597,2451.49397817538
7640.7061200518,1219.7228663946
4486.76951718953,5334.68198231288
4535.63172727703,1703.30414963593
3071.55532625506,3434.68318156176
3527.45323541409,4755.11192259871
3937.8871109683,6045.7608710903
3610.13225335625,4548.35811572932
2099.32041475778,1538.54896067191
1447.5195223548,5003.69414813457
4585.13776112062,5323.99769866216
2339.75000794049,1365.38265217778
4302.18795090469,4590.86817706192
4367.02964955409,5990.4636669391
3716.31016930871,4556.82621500464
4400.02437841273,5692.38115990086
4429.26042325144,5200.84322081144
4260.75494115044,1063.15140654896
2498.60514071374,555.132472587622
3452.97795064484,2023.4373952108
4140.1840541281,3820.4571993193
4775.49050339741,6698.01890290213
3371.45635986788,5200.33198881184
4329.72901378917,6454.83569322302
4581.13821375251,5324.05436126592
5012.03281744451,5082.34903069233
4376.85291500121,7189.15851234423
2466.65066907502,6477.90963575552
4900.3062381681,3829.60694126073
4020.3187625086,2773.67331460057
3858.66046069397,3492.02637084946
4748.15434685709,6625.55842693001
3458.99584008776,5930.50617505629
4630.90386087333,5662.03283846927
3831.41261179856,6034.56493258474
4774.05754176808,5070.98268152023
3974.80010051246,5270.40544688677
4168.90049745861,6089.00966054803
3832.29886914287,5411.8027460166
4764.39895529419,5907.31890731626
4314.56244880014,6204.43519010382
4475.94803029269,6842.42819999151
4181.00469656126,799.338463407358
3851.85176955758,4521.6471951749
3170.22557659272,5140.09033819973
4476.11522028409,5484.54738071802
7959.94762039523,304.390804565476
2409.32232800269,340.592631964295
3582.18998401472,2533.44544027725
4100.4507242238,5242.1033220193
4051.72582551321,5947.21445462612
3435.743846698,4618.20450053396
3966.83091949331,5399.35642453106
3889.38237843573,4752.09992463916
4017.0149827168,4406.61957241118
3816.44673890243,4230.15700151437
4627.73722692984,3957.47836944682
7758.8884745498,3647.91576517372
4626.48753420041,4873.43570205129
3707.96376109748,6665.51105969888
4385.67872319653,6084.46312087919
4053.939004566,5606.9060449846
4041.4750085785,3667.97770974667
3875.56181753628,6509.67832797838
9284.72260599309,7562.88390398067
4047.22892582292,3781.47036794585
3591.76941983939,4347.40123150875
3640.54712579307,3293.17213436915
4260.44763365598,6709.95356953283
3726.24122974643,2284.57926743972
4195.00016732298,6089.97588479871
4180.1526699947,5790.01801471812
4244.92447163443,403.903207424256
2585.95809606434,1174.5985024669
3862.06373584082,914.024947696578
7924.58429675343,3304.70910563541
4390.72172634052,5561.09982696315
4262.59795248841,5136.3962747188
2970.5739121971,4158.03776973057
2966.61412213744,779.39053118171
3869.88949712042,5639.07306685478
2702.14163645709,1522.52242948202
4480.84393995474,5542.57242409948
2350.57695043478,2397.16299827486
3855.08441552628,4251.01433681622
3514.9870702741,481.592182872774
4120.85569560099,4577.5127167847
3690.86457125555,4021.75532772818
4654.99046702121,5161.51556810493
4636.75473549965,6522.74962952629
3440.2920378179,4512.89493717028
3952.53800940828,4799.27027370336
3944.44893575618,3069.99399523161
4044.7045477458,5138.0441416356
3986.58240010591,5792.23462194878
4588.93608375923,4732.60672038006
4913.22936920212,5959.0357960493
3593.95965563147,6421.98702868671
3637.61541443279,6294.28601116715
3822.49924393804,5749.61081255342
8737.00796663381,2740.3698692408
4523.46187894449,3523.34070510411
4476.7219494995,7195.75082572194
3649.98454055417,4981.0747749979
3725.36867840311,2029.85929792198
4430.16663854266,3915.42287751006
4917.38691890007,6537.41213538725
3608.92902567434,6512.12200847933
3988.43192135741,4760.85175978852
7913.75096302424,3438.83202586615
3741.26467593129,1452.39199166189
3975.99515816928,6098.55773213679
8450.44222857181,673.342503977428
4491.89879500171,5092.46499688445
3631.64019497639,6397.94728475877
2533.20810154107,2273.04250760109
8558.88504537823,886.404676922857
4032.78064946981,5390.20668258962
3654.14173545794,6039.22522031635
3327.75936503474,6388.45629862902
3643.55803888068,5533.02477536597
4121.42588177566,3631.20748560389
4894.05595236954,6729.78759512499
3165.25811039203,5854.57870887353
4531.1881404999,6010.5251886568
3890.65737519972,3562.27066244617
4665.45964578834,4450.09585799445
4484.47291636461,5550.87011270826
4217.31847463603,4570.46583401115
3470.91489785636,6214.6078188997
3141.98122390373,470.566813604459
4502.19631130245,4446.5726280353
4703.84131771374,6704.3837201543
3511.92925259075,4511.07665958695
3856.88449913803,6554.06375235332
4149.78102192582,4963.45693378115
3187.51495493459,2654.09915216801
3727.61649473216,5625.26261432648
4305.78077562323,5694.14277488044
3389.94327848763,4653.78100430052
4478.19316923485,5956.19420875628
2348.09421499279,2006.67203018195
3744.69342262288,4657.81588911451
3336.84076620203,965.287161319971
4063.58547820479,5847.70223676652
3701.91244694317,4205.83309885714
3935.08914470162,4582.00259384978
3908.83971987535,6296.33220773128
7017.47496195183,2354.8233476088
3339.27174812943,1499.96024751817
4850.88525466787,4892.87224370663
4455.73423403385,5906.23893500281
3904.33980356412,3875.98189959604
3882.23008684807,3158.02632728397
3082.08078199103,2869.3779323441
3367.21632774754,5659.58915796831
4363.74100757065,4937.14392001879
3524.61955278732,979.040422675446
3070.99511938513,4326.94180299898
3859.467318936,5330.59001203987
4356.57248848796,3073.68805871254
3578.21631724437,1353.61850192742
3339.20732281191,5804.05554051672
4250.10666252714,6811.11407716449
8435.00325489459,5270.5758575533
4861.2537387198,2042.24874537614
7293.14988629419,2146.53499903013
3987.60424180578,5601.73452525339
4150.09710017492,5136.6804334481
3875.4369926316,5686.0725823972
4007.37182675128,4375.98751510553
3922.88441258565,2733.66359637269
4874.52833603214,6549.46055008072
3000.82839184169,43.8741073087601
4471.12360672798,7053.04648100837
4892.6516197435,4386.72846136001
4364.95064956405,3309.53980403355
4508.13945705385,5495.28874982776
3267.41144394681,6011.88931969956
4967.38719113721,6954.78464612874
4381.01883142588,5320.9857007026
4781.18720115703,6328.21464801691
2750.95682390351,4415.14433429025
3379.32776329048,7774.24133597791
4070.23183386432,3392.68456365638
7050.59897904096,1134.36160525491
3979.26269139064,5703.29293967713
8666.48552391304,2227.40648881855
4026.99575210061,3919.116940991
3762.37620531098,5439.1386466334
3965.88924032381,2781.23185222896
4007.25874092207,5065.07243366389
3921.25453111739,4086.99808740497
3939.1447111124,5152.30916355974
8898.16705387065,1632.37810965928
3760.68543869075,2661.31686846334
4121.96703329215,5048.47747930158
4110.46440279605,6260.98277723501
4318.45120566729,6430.1138837737
3610.62197833687,1994.62361548848
4478.27503334888,771.831887839503
4125.72553066887,6744.90509323703
3904.90752570558,6764.79620428819
4302.16000482285,5533.42268215804
4264.4031792944,3690.36916390255
3734.84026966047,5183.33912765746
4132.88961327611,5695.22274719389
4510.37826406132,6876.41349944503
3784.24948087487,1886.81392044772
3362.12462585889,413.394087840194
4333.63354155698,5350.08363915422
3830.48592325013,5510.74664641761
4373.61933603511,6637.20893483141
8897.87386040643,5591.78896972781
4239.87347062757,4904.12484481595
8804.51465375359,4125.13201973525
4729.46846623597,4867.46836873594
4748.90883708891,6283.31756878713
2974.52502612503,1699.83747656673
4260.88070384166,1158.34458086527
3568.60588748477,6177.04220402802
4383.06921978898,3677.58202108394
4268.24126364249,4990.16785433557
3966.96910856083,1882.04009608096
4308.73994368619,6033.03039087545
4159.72270483596,7523.66999933693
2961.39811174434,2918.70780317995
5215.2060221514,5045.86296527885
3781.27649587536,5265.6884965514
3797.69107334337,4523.23839948794
2296.85708598055,5359.23338109566
4116.77819227245,4102.28557332828
4157.5697506012,6322.24731470156
8491.11776199977,1174.71214481585
4061.67577659446,4887.52989045364
4392.87186746929,4080.1211924427
4410.16569284973,4326.14598941483
3625.99687255825,1707.96433165372
3663.57599090045,20.9140813204133
3673.83634642028,7317.37076186338
4754.13508971282,4648.72280977684
4222.37826514791,4615.13541711539
3499.3127194549,5838.72290549161
4426.77736357911,2884.09731223644
3801.38146165183,6221.59846192474
4779.86443198536,6750.9857517599
4587.73167636448,3679.62821764807
3614.4027274984,6022.34610722473
4034.2142154783,6149.93337668152
4549.37306982381,5406.57414082639
9035.52790844428,5697.89392382038
4264.4241609945,6608.84972450493
4778.45655388572,6128.11023998424
3651.2281249026,4137.63500382456
3364.58030082016,4409.12033837114
3979.27108896617,5252.95801633655
4407.50150215215,4139.85161105522
4868.84568512457,7085.89556839993
8606.95489729404,4721.86535127033
3666.39386310695,2919.38986870132
8643.28236249378,2299.69655412413
3000.94103369252,2103.797441572
2597.14638969675,3268.79135768053
4214.14882834283,6343.84337812854
2788.80146285195,1073.38112080385
3405.98194485512,5909.02385969208
4436.4143178855,2209.7886476018
3534.58690230808,3318.68954597498
4447.52177346783,4798.24738684892
4941.44058298167,7345.9574683154
3072.6792350201,3088.57784927141
4799.67386395971,4936.85976128949
4727.48412730757,4641.96008573259
2606.2677375774,1485.2976359434
3739.60370116171,501.994790208069
3455.908440241,4721.35369641549
3155.53356036125,5298.08259169188
3681.92055529554,6433.29671525504
3584.04453589223,4726.69604966847
2016.69313808265,316.666477528413
4535.35745652051,6476.7159153793
4288.70505219373,4961.5815707388
4096.43578015125,5813.65985185398
1821.64440472461,2696.77983559476
3831.11680250128,5404.41461905474
4265.37326471484,5562.06605121383
3815.08759265474,478.977933134573
3665.63202213616,4281.81722764365
4366.35832811998,5660.44163415622
3899.57404135863,3936.90519287428
3572.86416405711,5284.44297268536
3653.54768171353,3439.85491272059
4030.26503463308,3296.86619785008
3976.37902542516,4105.12716062131
3598.3929967053,4462.59884208375
4309.18710534266,4022.83487718638
3708.42249441275,3579.88850366292
3891.27872079938,2848.06602764642
9338.9916227602,3845.17900876861
3788.26249982556,6045.13589102794
2475.96255294999,1263.82434346786
4294.55245586272,5258.47078025607
3670.00318045474,2273.83810975761
4200.83801297016,7037.2473402302
4891.62477469452,6141.92026965729
4101.49321777816,3839.38208611979
3944.93757444109,5649.81401310926
3757.97442424822,5596.05135066734
2215.89183390004,3709.74904295412
4048.87489736196,4746.13259132381
4588.77885474326,5402.08468661656
3652.65674490681,4369.79268566463
1763.32986543393,585.992078875721
3453.17112568678,3661.95329097231
4985.12146378092,6056.04724794895
4524.57070133794,2685.07245366197
4532.09816469456,4842.5761486201
4298.99589167043,4815.06941448152
2945.74925505305,893.736035567147
4310.43982977468,4993.46443387968
3998.03433146357,2738.72179089637
4529.35158836413,6381.86398525131
4693.64220536205,7091.57874298598
4199.76750229197,5097.01153655328
2663.76949859864,4202.93484896035
2126.7061547899,1792.07531552724
7481.71780793091,526.943937212203
3989.5564621362,3484.06992642899
4113.34670368206,4668.3297620987
3588.13668831978,5037.90652085838
4730.50375201069,5831.39144113351
3958.74706611823,4711.91979574475
4052.15925139198,2573.17078834821
4336.56681158566,4243.79662052089
3507.63967572989,6876.35683684127
4583.54893902341,6253.82172354343
4188.55686112912,5377.02163297894
3408.78899649023,4090.29424409382
3344.76887743054,1864.64953956213
2714.20906728469,5616.56744178088
3940.8008061135,4969.48135255551
4305.8279230303,4556.42830821256
4013.23978689889,3036.97470860114
3461.21073968231,5141.22697311694
4279.75177368363,6627.09254578404
3834.20396354057,4465.15627064747
4806.67914626913,4445.60640378462
3579.56826504767,5238.35217307936
3503.72022927118,4481.41040367672
3300.64725710913,5206.46973279373
4951.12731943119,7325.49803980563
3489.74894461643,4959.81995575923
7590.79567143006,3737.93741975882
2283.29742800156,5257.61830406816
3919.94405606502,5704.71373332364
2511.36041928759,1142.14753329503
3190.82019303119,3722.30868964719
4378.77134522379,7283.84003180569
3411.91688192189,5813.43277858369
3970.46215982848,6007.85401203031
3572.19324483369,2466.09982143258
4429.26844733114,3327.38492994821
4591.33097945637,5261.8806850077
2845.33211336714,5259.66407777704
4702.22055368783,5971.82293886791
3448.2945191586,6968.36717967625
4535.65360806993,5807.69251853864
3848.95565506966,5924.879663074
3783.15024468532,5165.03922091933
4259.65193469987,1866.35449193794
4425.01205434421,5689.5962352116
8761.24655855169,667.375170662078
2650.32660802329,3263.79024861586
3901.49962593991,4990.56576112765
4079.88367999728,4045.28341680127
4464.12756124427,5286.88665318631
4030.50185634142,6639.59552987335
3621.29819506289,5593.66433277015
4869.43517727648,5740.2902370902
4402.95411186208,6169.54032900339
3781.88579648296,7474.28388875258
3657.57234242376,430.38679042386
4260.19769543464,4185.14659707707
4238.93279086137,4019.82287922682
4653.39807401093,6390.89997912997
3279.10236722149,5623.21684061761
3622.82804932856,5270.46210949053
3836.99249188146,5233.23731595191
2804.40032500159,4968.11722151276
4312.11658970066,3962.7636372408
4391.83516950931,7299.35543670981
3725.02598637409,4528.6945008037
5094.37305681056,2845.56547311408
4748.62516580309,5323.37271859979
3917.89301701876,5378.04451983338
4009.104875943,4274.82700747386
3695.0165993478,3862.51269125605
4125.14692881414,3751.46329070257
4642.55245461522,5649.70026504649
4413.68844391331,5533.13852342874
4198.94029938884,4681.17399037632
3991.07399409258,4852.6350293532
3933.68046675605,4712.09020641128
4557.91799989063,6459.49598095462
3988.30372473631,9092.56785212986
4991.82900458011,4776.59423796293
4473.04206916758,2912.7404698646
3674.8778619042,2273.09917020485
3376.59629714915,6634.13985141284
4048.63922943933,6815.66061683333
3788.69582791426,2777.3673780815
4131.44977082124,3370.52018277079
4104.27524356091,6978.36982066084
4207.95772239412,5899.24871483303
3514.27283873543,2555.38253646493
3344.0493492703,3064.59497937486
4950.61061131065,6399.25433034251
3373.40927979632,3902.80614535799
4054.43214699467,5658.85042984318
4187.92992803735,4614.33960353124
7400.42588808358,2830.56172306481
4335.84034329514,5457.04064657945
2730.42310061912,3537.03719814201
3474.38659709596,5389.58170252726
2807.067525174,1607.65640592378
4184.43307618221,5799.62274891065
4176.89170218653,6408.68823101325
4139.5291555628,5871.40115936139
4109.22349600484,3491.34451675571
974.165182595243,2622.89856597613
4565.14208485158,2868.12754936412
4472.62235632101,6852.82832491293
3802.6607731061,3739.6990347384
3590.91315636216,4781.8795057569
4110.73685254195,5818.83179444044
3388.26927539461,1676.19542800324
4116.36296895153,6589.98150030819
2568.70474609657,3580.85430505835
4381.77599617737,2941.49737555553
4064.09535507772,3024.92629390767
3486.92437797578,5184.87366936674
3774.33401809537,3097.61426600533
4561.41753689494,5460.33722612356
4302.8277286536,6281.55595380755
3472.54061597874,3264.07440734516
4372.14814562297,3751.40662809881
4215.93650858466,6680.96937914398
4619.13578168511,5797.63363780553
4087.94756613235,6964.38895746601
8721.74125693257,2226.49713859925
4081.78744246074,4899.57830514711
4923.87627185376,6461.59884012251
3649.98393079254,4290.00116818966
4158.35540874597,4125.35951586079
3941.55236859852,4142.23862895241
3363.61702657896,1746.89407756816
3711.34845629003,6295.3659834806
4150.49215860713,4786.08522409268
3807.24953012416,2753.66845548663
4234.00193603649,4223.5080255329
3464.51647398942,4637.75436739681
4066.58587890382,5982.10931572656
3788.76769024184,4696.12065496658
3622.34007389701,6630.10496659885
4410.51504959098,6037.29277181499
4282.42713428075,3337.38735950518
3648.78443493366,6048.43204771679
3994.62494680557,4231.23697382782
3132.68167979816,620.432159152699
4114.67574801227,6430.45512796202
3055.97742425592,6062.86705745221
4196.97929615547,5946.98738135583
4263.25448655966,4254.42424156785
4075.18546278284,527.512254670808
3733.34772035812,5257.04998660956
3353.2957201821,6078.26871429355
3941.49756733637,6448.01588371976
4102.59427701062,3273.62205607867
4256.6398284486,6029.67757158284
4376.88626704049,5651.97353488091
4740.72323375612,7579.25178507269
4154.16887154059,4590.24319699955
4744.80548805753,4777.50379960984
3567.35215750456,6634.36734753838
4113.81205299694,6777.69667231432
4174.42294124154,4995.05563819273
4427.14695052602,5643.61960652362
4352.60222347781,3950.99980413188
4128.59417127099,3282.60138735358
4180.8155164902,4948.79442792019
3344.17133270468,1025.64245428104
2613.84556986442,1338.16018248232
3920.78390181353,1888.74615752145
3762.0751588741,2234.05588765527
3956.16038121696,4818.25182310761
3777.83927668994,4619.05697672187
3906.97449922032,4595.58512739728
4206.96582028431,5473.52185287899
2580.50331206045,1992.52096774822
3775.35721733641,4876.78852134391
3966.41841155918,5556.09871789847
5393.6774673877,4786.48313088475
4557.94112703892,4593.53935368841
3553.93933758646,5401.23221042866
2978.17064644713,2130.79252085572
4092.18052566816,5696.24563404833
3370.3007370317,1490.01469199258
4868.86296155937,4615.07875451163
4342.85215094935,5976.02823434844
4177.40890958175,5419.87293849984
3718.40469069906,5030.57547935553
4796.84324390248,5758.4197331618
3784.65175132017,6089.69172606941
4363.36089420993,5575.02360469897
4884.54450090124,4539.20837378789
3044.68208030169,4447.70926295251
4070.3398723926,4706.8049386173
3858.49567236933,938.178439687283
3834.88462662199,5738.92610604745
4857.41502569527,4307.5619239474
3803.84928576782,5115.19769522864
3692.31224916384,5968.5263593238
3565.45346764264,4884.51789249409
4344.50264122308,2952.9774727904
3734.66275716703,5223.74632982216
3844.94930972557,5904.02232777216
3423.02490854414,2230.47536080949
3944.38272403425,4891.90601945595
4205.30176533182,6522.80629213005
2593.90478534654,1673.4107147416
3871.66489302121,5295.12725633608
4518.74434363077,5529.89902934364
2614.25106960158,1995.93087249985
4265.48976237376,7669.10260613601
5131.77856350324,6439.832366029
3946.01136584573,4869.74163857036
3545.04418636593,4842.46240055733
4769.95915590014,6502.00604228722
8565.48801026776,5644.75624144083
1885.43517398983,951.363383584153
4581.9429580659,4487.60481026237
4247.60411788226,4428.55688002647
3326.71917003573,6719.50121826634
4492.88665016858,5287.05706385284
3829.03180963225,3515.66841941295
1569.31019724525,2134.94136516012
3491.76072588282,1261.66471598239
4039.11812556891,3740.43818571879
4766.44608092491,5946.19156777169
3714.2288258959,1356.85789029871
4354.85898739944,1190.73867600575
3938.84073290376,5161.17474677187
3839.02695183345,5326.72553789241
3541.4778265257,4667.7614446401
3979.57069211102,4274.71325941109
4826.69509014662,5608.32683863111
3111.34219010868,4689.9829109847
4694.39037683893,5254.94712744167
4684.01722920545,6656.19048423566
3953.91734397622,3748.96294759786
3657.66371167416,5095.19325896995
4737.32565109108,6336.68274729222
3624.10872425784,3916.61659788629
4106.778726637,1634.42409479578
3112.98170989991,6219.77976148615
4341.37699207905,6477.79588769275
4248.04977374365,3763.8525267291
2910.80145176729,2526.79604144053
3055.93116220771,3750.21290772259
5173.61214912148,6974.44826105437
3697.69065056852,6128.28065065078
8099.57461674856,4615.41957584469
4893.42305939094,4901.3970055857
2986.53158569473,2488.03691762025
3851.35965659496,4504.25685008369
3122.16648664297,501.142314020162
3984.16516690728,5340.87681175377
4346.99625594851,2449.95964789373
3976.64807900622,6743.25680346497
3507.38240186121,3784.36904069789
4014.33472399808,4039.9981490073
4291.07887910824,5829.34566742463
4158.03942372319,5269.89379203193
3731.44685177037,909.023732918092
7800.73349619605,1002.51195485859
4282.22039020102,5816.61518720978
4689.06105758271,4592.9710362298
4896.70722687221,6347.36703094294
3988.45098533393,5090.8737925714
4612.42811171339,4120.41506939988
3515.98158766576,7004.11451696459
3745.37665546302,6077.70039683495
3559.9576200522,4499.42615168555
8568.53294160642,4291.13780310687
4370.10830542239,4162.18640260734
3870.7363963558,2434.67195054278
4100.52715275486,5650.72357475618
4226.83323311963,1719.78535593547
3857.1486145014,1270.87143766903
4509.92538491725,5986.76960345817
4812.44877855324,6852.03293418404
3116.93139091382,2324.75939633413
4317.02033246786,5002.10252096628
4259.65670562166,4688.16421054611
4620.85135459763,6048.77286904986
3731.9622778591,4409.97281455905
4196.89678419103,4554.49585971121
3248.66552663157,896.236590099484
3514.20674568874,5231.93027036817
3610.54753897461,3648.0865986955
4660.434769329,3267.48431209679
4782.35834866965,5053.30817769972
3194.94859218634,4202.19612083522
4214.20996693554,4149.56967045526
4417.65999201527,5538.13963249341
4128.71117338568,1783.15285828372
4320.75018360802,5041.03226688071
3968.51374873499,4028.74554789797
4318.95574870639,5706.92991769905
2338.20059393228,2420.91858347349
3931.53447897315,6764.28454943335
4834.26659801306,3596.08555123316
2375.49493305889,248.979878779958
3661.9151452944,6317.87118569925
3960.28072357311,4083.1336132575
3727.5937052362,5852.02128030981
4238.85781172873,5532.9110273032
3925.32658440409,6559.51985366908
5022.90268554917,6164.25506120941
3867.37716003672,1202.16189920923
4823.22487809585,6552.98420289512
4059.28158666159,4602.85992915163
3140.05423492913,821.957519402594
4305.52708520347,3241.85315242818
3725.63947731586,5033.41706664855
1770.79075184127,444.424210508637
2927.75083559406,640.607428933171
4635.92210025408,5138.49871103144
4610.96708604588,6312.75632857181
3741.02340909405,5097.86401274119
4248.80341462102,7317.99658763625
4069.36090632893,6643.85791081288
3102.52234694863,4942.48627327178
4020.67955189682,6226.08791613457
3177.95355386237,3140.01057927515
3793.06974130089,4952.65890206765
4021.70807800591,4941.63379708387
4562.44717707613,8234.63514005159
4097.16581943066,6346.00289990019
3652.91950668603,2664.3288664229
4195.53436036837,5520.23763254736
4640.74048933282,6639.59552987335
3714.48174014048,3479.7508828857
3452.48580113025,4756.02106139038
3264.52605985842,2186.54450583038
4050.81178432174,5376.68081164588
3902.36466283635,2990.82724639138
3675.41016001177,5888.62109378607
3380.56651318467,6501.32397676584
4058.90992082637,1671.0805708758
8464.44658099042,4811.20494033406
3282.18709212519,6586.34452228628
4045.52289561736,5723.86569339442
7437.59486644782,210.447947158013
4961.40380880544,4110.86742066637
4818.97925645723,1233.47612775007
4326.86671132065,6915.22949729669
4736.10021197973,4417.02012018785
4609.07973484347,4659.80500021963
3660.17523137914,4109.90119641569
2297.58341629969,1077.35934301408
2478.8901160949,2382.04571159045
4620.44875674872,3923.94763938914
2283.5259528369,2326.35060064717
4722.72606614679,6009.6727124689
3990.49826730354,5605.42858873432
4276.11631081996,6551.2221650603
4578.25167723115,6723.53610308033
4347.42781666676,5502.10855933101
3637.22603260134,6580.14969284538
3777.7326805517,4449.92544732792
4403.73787585771,5574.11404305205
3262.26759291769,1229.61154788879
3907.06971737418,1311.61977830824
4267.77075380278,4655.14471248802
3640.129556793,6535.76426847045
3677.00625607538,6318.26909249132
4551.4418394266,5850.48716145578
4101.14582554676,4399.85684836693
3240.02363446198,3308.7439904494
2934.41887445023,2500.0851208861
4490.05947470495,7172.79147696271
3483.5819381895,5494.89084303568
3844.36649304936,4865.59300569359
4017.32267937993,6676.70699820444
4493.50429573454,4407.13122726602
3749.80931591977,632.42364695788
3250.23551682971,420.611724850166
4708.22330588883,4746.70090878241
4093.74750450052,4105.29799414309
4233.82892519993,2054.80860349683
4138.61444804756,4132.69055736364
3966.81819980487,5003.01208261319
2982.36506577975,3815.45609025462
3039.6885019596,1874.48134702494
4100.32675081095,4988.86080875183
3518.196459832,7529.52400744477
4292.26297393787,4870.36661863272
3689.48552809168,2074.52909245385
4529.87365714025,5414.87182943517
2941.68206424427,1199.14979553586
4628.05457133722,5617.59032863532
3537.87567321783,4477.60259213302
3883.94552381426,4530.39945317951
4100.48564897262,5989.49744268842
4262.98598909434,6195.28502530713
3723.12023827262,4395.13989803156
4777.57910202368,5339.79683944032
4659.37868307627,3179.79280137749
4420.38285492663,4727.43477779361
4119.32289097758,6425.96525089694
4023.82384712812,5976.88071053634
2263.59997450538,1569.29497746796
7098.34427984486,2968.71973953717
4315.43649842519,4680.32151418842
4218.91161019867,4930.09703724524
4684.3870764848,6331.28373143547
8370.69627906569,2639.60705697359
4486.36213848863,4636.95897666792
4471.03030292417,5916.58239732047
4151.66319159243,4620.47777036838
3910.37110099945,6390.95706458898
4268.17683457886,3655.70179892765
5124.41030004128,4478.62547898746
3664.58664449964,2618.40890033868
8368.21306238437,5447.60674590871
3888.97368137781,6826.96988054641
3885.20513218418,1965.01444503727
2638.29332681046,4684.29973639865
2249.27242503004,1529.17172260493
3938.33994495679,4912.64960669503
3954.02243077276,5353.72061717614
3665.17798365283,2805.44221825105
3442.25836616191,2327.48723556438
2255.92992137993,1421.98700762653
8809.04846347983,820.138871820914
8489.67525267319,6789.2338550082
4188.73879995505,5634.24236845664
1240.86413710939,2317.65542810157
4413.61325656926,5109.62826870536
3583.43029945974,5749.43997903164
2470.90821427698,834.4605034919
3956.08931316487,6554.97331400024
3907.62199024479,6503.71099466303
4307.94327089919,4651.73523059164
3437.99155058983,4674.12668474752
3843.4718581381,7867.38873658534
2816.41690522379,617.590571859675
3811.90886610482,4234.64687857945
3608.879013612,3100.17169456905
3851.09404519503,5680.78731460323
4965.78767938768,6180.9637636345
2384.15157484166,735.630086869137
3690.57309653911,5362.58662324353
2250.10476223164,3895.70217712543
3886.48792968351,4045.96548232265
4618.60950165605,4976.24407659976
4804.35095614359,6587.87864114031
4406.91213623032,6124.074932315
4760.15973057825,4117.74389277339
3137.28224901044,6297.58216785601
4375.45709945763,7410.85898380387
3821.6288714444,1225.63332567856
2438.40540386208,1736.38020458397
4803.85896601256,6695.29064081662
4277.79700860159,6022.4598552875
3800.86663613404,1833.8466487347
4126.31904767849,5168.84703246304
4835.35052463745,3281.74891116567
3906.26445345086,4984.71217587507
4012.37927915658,7361.69952363455
5123.77872162052,6797.47445815797
3870.14530163471,3745.26888411693
3867.6586280654,4572.51160772003
4152.66455790962,1686.99345971673
4431.48268248134,4630.65039916425
4292.38707634249,634.071778159215
4220.6924101733,6393.96906254854
4675.00158814497,6371.52052293365
7649.18959866915,1207.73132573251
2680.04132195502,2040.94148836477
1699.71492498033,141.567879103643
3085.51528663344,3866.88882025836
3967.3728704163,5099.96687190908
4357.00623055863,6321.56524918018
4409.92240728332,6821.11629529383
4622.63113481932,4324.55478510179
2879.3124535757,1167.32401785399
4154.90258520089,2118.46015886058
4345.48241733663,3546.35777360523
8731.94368454112,561.383964632275
3809.14898323881,2475.13602673887
4133.90925138159,4895.94090426994
3992.78719615989,5640.83468183435
4175.4775820268,6771.10435893661
3886.09223979091,3744.81389186584
4630.61696731135,5432.48967065192
4443.38505486501,6560.08817112768
3121.31092308143,602.700622730084
3504.53357454517,6103.84299993077
4813.5243092588,6105.43420424381
2168.20693202545,532.74075414721
4319.86532243635,6309.57391994572
1308.68005375927,367.985538754739
3259.9398608057,3056.75207158954
3342.26969111992,6677.04781953751
3476.70681124198,4629.79792297635
3806.0144433338,7838.06372486343
3147.50512930447,955.739406872648
4673.6125253452,6476.03384985792
4262.76766119384,3961.62700232359
2467.66263807814,2575.10302542194
3789.60566988922,3303.45872265542
8674.91798333253,986.428549637309
4033.14201827345,3011.11626423462
3663.94303297511,4444.24227274187
4443.84049113488,4656.79300226008
4358.96976505955,7938.37175630719
3547.68025084642,3482.02415272011
3171.72540704765,1129.30362215885
2387.39753718049,3900.64662358634
4110.44989462759,3865.41094115284
3394.59747644807,4489.87808009678
4457.90401504676,7062.65121520089
1697.41136869532,1926.76655321659
3686.50481555324,1249.50265893996
4599.87889562674,5280.91931987096
4062.35085608921,4080.63284729754
3422.70293218483,4884.85871382715
1093.85508150975,811.898268671144
4279.01081761841,5847.64557416276
3171.95657065214,1111.28787415003
4213.06956669649,5509.6100115004
3941.29895848179,5278.87312330683
3544.29427103959,4115.9251923348
3463.1268313968,5506.31385481154
3743.89054754092,2675.63855299123
4662.37330285136,6381.46607845923
4251.4935544599,6449.6070880328
4500.13342604172,6561.22480604489
2211.60041926432,2175.80334814828
4205.09466429515,4054.26274807618
3833.10711659038,2758.32874321824
4880.7858921028,6558.66737748117
4500.79005837599,5342.07010927474
4928.58842756662,5586.8445232669
3755.98049189206,6521.04467715048
3190.80835676462,4413.38271931067
4249.09191917176,6475.0680484625
4360.82525112485,6058.20719257585
4214.8509736499,5123.94995323325
4229.88291588707,5568.09004713294
3483.54978964013,1832.0848223275
4576.28774906301,4362.80246549484
3493.35572696321,3469.80532736011
3536.36959675844,4796.82659320241
4164.40023998239,4747.04173011547
4207.4851959041,5270.97376434538
4540.94092629424,6217.27899552619
4884.16137751185,6376.00997714347
4288.74877588694,6637.66350422724
4687.42117296365,5287.62538131145
4308.22407550396,3358.52864210871
4128.01452916489,5406.00582336779
3753.06346537003,3847.05437181095
4172.40925328813,87.1798930294695
4301.13898803894,5931.75655803627
4394.94404048896,4581.71843512048
4560.48694019807,2712.35169167501
4545.17540648071,6472.6239451063
4493.8734925762,4367.34900516368
7300.82817382877,5787.74474488371
4583.09789833651,7488.54848782146
4818.71666519088,5182.7141475951
8475.502529521,2648.75701034265
4377.59851623401,5297.62759944079
4286.96392748331,2754.63467973731
2381.05797328164,3736.80078484161
4226.98359869587,4129.28065261201
4450.28092711635,5485.00195011386
4049.37384909571,7618.97734457127
8608.81691760366,1260.35756468484
8519.06863299099,25.4037899041028
3695.90367988714,4660.71456186655
3318.74222877591,4603.08700242192
8021.5915493224,1561.79310244332
3679.74911143803,2401.87994861023
4217.65697355637,5393.27576600819
4273.74814743375,5058.65010809746
4306.54405577094,5243.01246081097
4404.46146381682,6300.31042994151
4440.13644216838,2988.55397655696
4386.30751767533,4087.05475000873
3868.36214319572,5853.10125262326
3845.71563417502,3795.16707241138
4489.28812913279,5738.58528471439
5110.69401341363,6790.88172192501
3959.55163697355,5533.36601955428
3650.26648078382,5692.38115990086
4423.21843795746,6704.83871240538
2643.62618602825,574.62578256053
4083.18394459214,1105.26377251711
5250.66145522401,4589.04947662333
4265.38352680591,1925.68679233076
6615.16953894239,369.690491130554
4287.12424488593,5171.74528235982
3824.74406769878,301.20823736867
4351.22751726715,7018.15204276318
5067.40056835849,5059.04801488953
3991.64922279329,5378.66992275099
4464.97835884588,5789.62010792605
4956.82050090516,5812.92112372885
3641.77068023927,2958.26274058437
4538.85343731162,4698.90515680059
9196.36758638066,3701.96300920019
3868.40768632957,3733.67503881929
3944.06394727329,4754.31610901457
4389.56195200048,4724.99109729266
4421.5914309456,5505.17721989433
4206.62390603136,4915.77535271735
2863.84912067832,5074.3359236681
3635.03017295617,1685.85682479952
3231.12961679882,6814.80814064542
3599.80573344255,3877.00478645048
7563.19760955786,3857.39783412861
2918.60451735658,3860.864401484
3359.55821845081,4007.20614707475
4070.68499377166,3140.91992949444
4257.54356783344,5800.87270903538
4356.79310241385,1898.5213023805
4257.44190079443,5783.25486781863
8199.32688924836,2087.37310930384
4424.558614103,5071.38058831231
4607.10667881068,4447.82258816003
4087.76739731543,5514.38404729478
4534.56163301246,6380.84067554161
4519.43522138981,6068.55023203826
8657.73603926272,2123.40439389386
8022.16498006749,987.394668174175
3879.99382341387,6382.0910585216
3800.83132759444,4455.83611803951
4705.89379327078,5634.46944172693
4324.12782205924,5784.10734400653
3522.81343246195,2255.70882511364
3617.42046481184,833.38068974917
4061.11112171845,4856.27243023037
2711.97168929793,5069.84604660302
4353.43118739735,5604.91693387948
4143.05475754606,5598.43836856453
4268.84972138654,5998.24970069304
8747.67422945186,2464.11071032746
4740.57504503294,3142.85216656817
2633.29411414076,3619.49989224347
4034.4937561556,3005.37621561719
4022.64180343664,4131.0993530506
2874.56964294569,3731.5721796514
4436.04430286111,6322.41772536809
3581.59199064824,1327.93046822743
4479.18850299489,6466.88410791649
4405.21262262141,5409.18865484912
4006.06954152843,3453.72181642502
4895.98360787216,5641.45966189672
3796.82459779145,1983.08685564985
4249.68912336498,3061.63964401907
4375.20204180445,4298.12802327666
4819.42397505377,4628.2067186633
4810.14086486395,5217.89274456958
4792.85913540669,6507.51880620673
2858.03722125736,5192.71636572444
3022.38347342458,3488.33230736853
3955.40586189071,2915.41164649109
4853.46125273772,3519.64664162318
3783.65735765112,4466.634149753
4023.04329861493,6540.08331201374
3597.80073923039,5527.79617017575
2923.36099309967,1507.4051427976
3835.4762712048,4243.17164045852
4753.15133109565,6507.23464747743
3755.90854141879,5368.83811528818
3805.99752584472,3297.03681994424
4161.33553612728,5273.87201424216
3961.33596903158,2450.52796535233
3866.7494231907,6327.30550922524
3711.76384963399,1317.24618457671
3970.4290021557,3024.017155116
4366.92343665191,5117.07348112624
3794.55278881057,5007.16071548996
3732.03703601628,612.58935708119
4011.15744525748,6097.5344224271
4927.03865639031,4930.153699849
3501.17393197858,4259.93700548737
3897.97744049402,6525.98912361139
4866.38453716202,6913.29747165059
4469.2286931458,5688.63001096092
4143.05600894237,5890.32604616188
9446.77453524732,3282.03306989497
3675.18722525437,5113.43608024906
3786.55175689624,5959.31995477861
3861.22890920553,2429.8979147484
4470.19370468175,5542.17494016265
4105.06371679302,4156.61697608406
4017.63334182345,5678.68445543534
4375.44376362509,5167.59664948305
4415.45970313305,8489.18469890279
4642.57878610372,6573.50029400866
4249.30394767108,5908.96677423307
5054.07801426064,3103.58159932068
4229.43661168039,5436.80871419522
2728.87469287139,1164.08462948271
4189.89333112574,4534.4343379935
3810.38707872296,4510.05334987726
2534.02881076117,5332.636208604
4441.48625000028,4339.21729096274
8728.14106400734,5276.20236953559
3647.81446959109,4901.05576139739
7749.35694479739,2957.75129715715
4027.3942152885,5668.39807857669
2648.40096329516,3873.76529236538
4050.19901367738,6347.02578675463
3831.24429795478,965.741836429618
3962.02044972994,5249.37770091839
4854.06419255511,5925.33423246984
4350.62879917048,5540.98121978643
3468.20995949155,5547.51687056039
4131.98470638497,2270.42820500598
3551.25780912834,2803.90767654177
4072.89560862105,7017.69747336735
7879.1946785165,1076.96154193582
3471.48039403337,2525.09108906471
4409.37241133007,6319.06490607547
3477.31342644437,4468.16869146228
5563.44538087206,7649.60982473217
3772.48052178418,5401.11846236588
3548.73948629427,4577.45605418094
4258.24396630471,4819.21804735829
3795.66296243624,913.854431316233
4646.41435266409,6723.70651374686
4565.87027437723,4708.39614293035
8423.38802958152,2973.15274257087
5003.38030233215,6589.35652024583
3110.06464335095,5459.02975768457
3674.32877019464,4440.60529471995
3782.33612413804,5536.09385878453
3917.05651936253,5348.71950811147
2470.83523646654,634.526400411955
3648.32625542669,4309.26687632322
4120.93595891893,5254.3221473793
4410.78785296031,5126.27988567143
3251.92431837472,4056.5360179106
3734.76791177668,5580.59303122224
3419.01728907909,4812.68239658433
3724.83299099322,4513.29284396235
4603.92798651735,4951.97725940153
3325.71375378637,5364.57573434864
5148.81101314752,3986.69005596121
4173.46918555984,5749.26956836511
3954.84772587548,1372.94129551998
4023.95363438552,4512.15620904515
3971.647401816,5429.6480833589
2402.83753282653,1528.94443790701
4451.7357560176,6837.76791225991
3839.23137104194,7059.12756238649
3861.6569883464,6494.8454114509
4383.88727390484,3922.41309767985
4936.29249625953,6828.56108485946
4519.94786336445,4817.17227364941
4326.74872163807,4545.17570710324
4496.50853828521,4167.41500779755
4044.81771018635,4644.7445875666
3915.78316846687,1582.36627901587
3173.36707939598,115.368441619115
2495.43505257259,8244.75152909895
8759.30839315357,637.140650150156
3894.30931535564,1643.74445883138
8024.91794024398,2048.61377405594
2660.47398875452,3142.05656441165
3923.1317684528,4685.89094071169
3927.70518144409,4251.4122436083
4513.03083040177,4802.85058912152
4290.88678475236,6443.07143725884
3052.0672139767,6580.37718897093
3327.59603913273,4572.85242905309
3845.95789030395,5691.24452498365
4218.73411658506,5228.0087107617
4293.09982264138,5552.00674762547
3451.85007597513,3814.03529660811
4608.72505776842,6918.07108458972
4050.27415100072,5892.03099853769
4175.98361776951,5382.19357556539
4013.83600124457,5819.68427062835
8959.65642763478,1156.07131103085
3731.67120625426,8935.08640778205
3750.09067655035,4674.97916093543
4509.67482138437,5755.80521913906
3887.08584127512,6204.60560077036
3216.05191396735,2912.22902643738
4616.8712983074,6058.60467651267
4229.91361833798,5695.05233652736
3748.31860650847,6419.48626272674
4849.0928141985,6870.38950352592
2719.42944717668,4124.10913288081
4039.96580538024,3263.44921585517
4028.25005834744,2228.31583903784
8244.64220957167,2485.08158226446
3532.4184873708,2148.23995140594
3890.40090681786,6134.47505723642
1369.96808498059,3273.45164541214
1892.88242364013,7557.71238424946
4100.9550761235,6162.03845397875
5091.01743075403,6235.23808093126
4547.58255565719,5799.22484211857
4817.51331946206,5863.04680814885
4032.07178038081,5378.38576402169
3896.74057127867,5259.55032971427
4583.29550900036,6764.62537076641
4031.93484190061,4075.5179901701
3785.77396785019,3909.17138546541
4592.28917214809,4144.11399199475
4980.32715950457,3076.81380473486
4640.38434459483,6451.82369526346
3788.49408911397,4970.39049134718
3418.6683809932,3157.85591661744
4641.92543669887,5067.2886180393
2174.65299038374,3236.51101060282
4183.93919486197,4692.48325408941
3608.77479268627,2389.09280579162
5513.37917890837,3380.35199023361
3974.65763998889,2707.86202603755
4096.1224992281,6707.85071036494
4631.24661579689,6320.8831836588
4368.68463046284,4867.29795806941
3936.03800210943,4774.20722006574
3956.92356903468,4945.3278605648
4000.42248242902,5015.57172930626
2783.12293123373,2722.18371056544
4461.76316143797,6956.31918783803
4520.77797078978,134.86172516357
3921.25361821869,2405.7444227577
5257.97033936076,7915.9232166923
3728.7010379206,3080.28058351788
3603.30819177919,5210.44795500396
4200.77359164907,3398.02670548174
4278.13232630502,6784.34607115105
3773.3949198537,6770.08147208217
2503.16549762485,3296.92307188147
2893.85148635264,5411.34817662077
8410.5566695879,1308.72142269764
4067.95194650254,6200.62737856012
7569.70044574801,5510.63332121009
3600.81585065423,5823.94665156788
5026.27136628727,6812.13696401893
4378.96200106881,5908.45554223347
2949.73692378233,2492.35617259117
5262.83550247817,4920.37855498995
1966.68681818244,1313.04057195475
5225.77335394704,4143.94358132822
4456.31728517571,6211.42541027361
4567.2007049391,9023.63060611689
2953.52063110543,959.092543306704
3706.52548090289,2816.06962787039
3902.51849272301,5266.7680460096
5112.83212738535,5695.84772725625
3666.33067041089,2365.73491595744
2470.17342259699,4333.76161250224
8053.54394349379,4293.41107294129
3745.28494331527,2943.88439345272
4088.11079535689,4847.23601349646
4359.97701959514,4509.9966872735
4495.49416592626,1485.41127829236
3690.08006994371,5558.20115421111
3910.64203462518,3380.46573829638
4142.4590903318,7303.27699631628
3490.90318775126,4510.96291152418
3972.9368307458,3928.49417905798
4063.86518128629,4626.61551435026
3319.93768330017,4850.13468624849
3509.88960505678,3023.33508959462
4315.75256603099,6275.5886204922
3770.97154667389,3693.21075119557
2947.78066284971,5662.14658653204
4205.48477912616,5145.8868379933
4244.72077695169,5834.97175655167
5156.30989308587,6201.65026541456
3597.31049297539,2679.61677520147
2722.54124913095,2148.46723610386
3474.14875426796,4903.44277929458
7867.4843014947,5174.07563765325
4182.96705248069,7034.97407039578
3703.36018465725,6618.34071063468
3862.52818535407,4357.4034496381
4280.63502551807,3468.04350095291
7965.05266654627,1895.79325172262
1565.40389422752,3005.54683771134
8020.30954243481,1024.56269339522
3363.92758520676,2561.97506127027
3949.62419131121,1005.80821726126
4123.31980812084,2253.09452251854
3929.11253696178,6777.2991883775
3788.65780178898,5570.19290630082
3673.7779137763,5063.1966477663
3051.38905052512,4377.86287814787
4953.55272258745,6649.48442279517
4351.306220741,4044.65843673891
3657.60587237292,5493.47004938917
3309.52142650138,3126.25742363349
3743.23304203535,6626.46756572168
4212.69837398766,2176.3147915755
4185.85541848487,6584.92372863976
4377.2277403367,5249.77560771047
9196.62121904972,1148.11486661039
4114.73896743699,4513.23618135859
3869.70367784407,4184.35078349292
3967.04496710561,5298.764234358
4738.68416899498,5489.71890044923
4643.17652280646,7612.83917773413
2864.6410714254,2679.16199437801
4243.13452590885,2277.81633196785
2877.74756916121,4071.71017862639
4785.86212403186,5304.84531573612
3748.48172070267,5334.11366485427
4415.4106433692,4218.05192421714
4317.4966180214,5336.9552521473
4195.28511864894,5466.5316327092
3997.77589117844,5137.81706836531
4261.45742590614,3743.45018367834
4828.12699048691,6721.83115070452
4218.99897793935,5642.19881287711
8392.21440076382,5351.56109540449
4121.3390155447,3825.11748705091
3342.28291309378,5360.42667861663
3052.53621590129,2680.24175526383
4640.91908569833,7209.10628599916
5118.53734259167,5402.99382540823
8323.1146497143,5966.878492407
3791.62738753196,4378.54494366925
1353.96963548529,2453.88099607258
3810.80141108233,3113.01549999142
9014.99084740957,659.248209861266
3406.53994965288,1483.8199682655
4196.964722731,6507.29131008119
3341.71381500925,3110.57181949047
3711.96405514793,1421.93023930896
1583.47671482713,413.621425395017
3996.82642976688,3569.31754521972
3173.75510630034,6289.68280889455
4088.38314253582,4195.03506714364
4259.18975751209,5954.659667047
3978.99669965842,5101.1605922853
1812.58407773556,1131.06534285224
3705.35091397844,3773.96891577647
6699.57760585045,2294.75210766322
3203.79319567289,220.166178343002
2670.06163096676,3353.58440707542
4439.1670633435,89.5668250341873
8262.09043342518,6171.2452813792
3662.10445978042,4679.01404574943
4493.11587480521,7238.77296476463
4830.43236915408,4475.27265969484
4478.27480798496,5553.20004514644
3163.79048240339,7891.14474463923
4246.10473886582,3346.13940608217
4762.80357145042,3260.60762856214
4508.86104964432,6587.594482411
3439.90307122982,788.199451790085
2845.33942212368,2883.92690156991
3237.76281883129,5583.3208704525
4385.55191603204,5773.76430454413
4209.83347415352,7051.79652088364
4226.0009738398,5862.47849069024
4243.50839324956,3928.43751645422
3931.10121913662,6269.79169784338
4917.42344605837,5587.58325139203
8682.5647076538,2886.25683400809
1734.15369267467,2731.50407460104
4083.43499989664,2873.41302858572
4013.85857166374,4712.65852386988
6753.18849832751,3306.75487934428
4001.26610933549,4634.9698655628
3964.21052314115,4543.29992120564
3757.80582114504,5815.13773095951
4352.8446227397,6467.90699477093
3533.73235535471,1410.90481718374
3369.60833618645,891.576408081686
4792.22273784471,4142.69319834824
4633.17690742112,5427.26106546171
4865.76830070011,4933.96151139271
3958.08737867431,5069.44813981095
3538.39124793369,3849.15723097884
3827.2916323524,8041.35054152218
3957.52612261368,3048.73896456531
2359.3454225837,6503.93849078857
4958.42774953192,5708.18030067903
3372.36231773301,5643.22169973155
3651.99709194836,4138.20332128316
3796.94239340488,5572.522838739
3866.32747866664,4902.1923963146
3569.42543503584,5545.64150751804
4120.01576402252,4954.13678117318
8968.75082037131,1426.59042132676
4717.01753398725,5906.23893500281
4352.41316470087,5359.91544661703
3917.97222757734,2839.42751770457
4682.93275536368,6129.24687490145
4659.14090080504,6267.85924934202
4201.54254211114,5521.48801552734
4236.43068627031,6363.16617172111
3879.78003412639,4816.5468707318
7117.97177712404,2180.86133124434
1776.05600791219,339.399175872606
4202.27853057108,4912.93376542433
3918.97980265032,4825.07163261087
1489.21020877674,2450.01652192511
3848.9242616303,6749.56495811338
4021.41152237505,4267.438880512
4217.92319271688,3889.67818120632
4021.39663770379,7067.87982039111
3707.40022718218,2754.86196443522
3140.72888280534,5523.64753729899
3598.17949422018,4101.03561320356
2645.74974072649,1036.26996961419
4124.29170094067,4079.6099604431
4442.77140133673,4479.30754450884
3563.31894270137,3928.32376839144
3809.03161502522,4924.24302913741
4325.8293755036,5961.53613915401
3996.39310658453,5336.84150408453
4281.80231243727,3271.57607094217
9152.20589769686,1732.68614110303
4265.54018098216,3659.11170367928
4749.0990698156,6779.00414075332
5147.45462767048,7314.30252415532
4208.41544658739,2787.99478770083
4569.50250141313,4116.15268846034
4139.94768403011,3597.50634487967
4669.41080793274,5204.82144302167
4388.05473357361,4971.47046366063
3438.85207083144,2740.54027990733
4026.67877574684,6048.60245838333
4849.08641816208,3014.01472555903
3898.97836464996,591.959412191071
4517.53417444326,5747.67836405206
5114.04200483942,7982.30218843104
3285.79277269425,1105.03638210538
4265.46457807454,5035.80408454574
3746.11447970343,4914.35455907084
3401.79605013603,4980.33604687276
4235.30614062619,2393.29831269977
8631.7616607568,2896.31613759644
4199.2939689521,4553.13215152371
3864.43937938926,6230.3502970741
4216.24109327427,2490.53747215259
4087.66190768949,3086.87289689559
3753.02569507829,6490.52594505235
4254.85383864247,3781.24329467556
4339.79818569543,2329.58988330465
3940.73664692675,4448.44799107764
4279.21466309332,6969.04924519762
4788.27615706031,5730.91299902322
4087.16880045557,6439.09321504861
4825.72379988286,4074.32469264913
4747.17523985913,1331.62453170836
4557.96667736508,3642.74424544251
4338.26664291843,4519.60142146602
3460.44587872519,5820.08217742042
4207.18419575715,6759.34010297244
4099.83379732469,5463.57629735341
3075.85449990291,976.142067064849
3603.516078858,390.320409592219
3728.43440019555,2662.56725144332
3804.27565384094,3891.72395491519
4998.96475288146,6436.70662000667
3920.7744078901,2252.52620505993
4635.86816966373,5300.6400202556
5097.23516865598,5695.39315786042
3946.05320276067,3806.36301091695
3533.63869834569,6553.43877229096
4678.25845072501,6096.39778750989
8438.19127898471,2251.04853738203
3932.40447027796,5246.64986168814
4559.5329040306,4942.42918781277
3939.57204975157,4445.72015184739
3478.77209003719,5618.67030094877
4270.80924901258,5925.10715919955
8184.63643108855,5482.2741108836
2631.48082932457,858.159320372959
3843.02587532868,3932.64281193474
4023.52529572906,6765.25077368403
3017.48940408838,1138.11254276723
4062.80235322083,2287.02294794067
3623.65235634021,3899.79414739843
4319.16599494476,4826.43576365362
8237.54424895701,2031.33696559988
3314.18589216847,3825.6287190505
4674.45311402619,6060.3667143475
3838.46541276648,4376.61249516789
4095.16590202208,5142.53401870068
3915.89966030904,5981.71140893449
4367.50565020906,4889.85982289182
4571.91654250844,7244.51280195444
4366.63831252336,6602.65489506403
3522.37041649049,9553.8707949952
4972.31378556332,5690.96036625435
3250.64562359834,4298.98049946457
4138.20694809324,4592.85728816703
4051.58368516035,4271.01919593016
4110.98069913388,4939.01928306114
4486.13392204344,2965.65086754623
3944.91821242045,3429.79560913223
2872.51679622054,4769.49026973037
3885.53448897978,4413.83728870651
4204.80908287568,5988.41747037497
4087.76830822114,2925.58448671459
3382.3152326817,5080.81448898305
5146.57353610381,5880.60798676184
4262.72065140931,5590.14067995575
4127.55560263516,5010.74103090812
4706.42695958992,3801.53231251881
4735.10653279029,5618.61363834501
4492.24924914061,3159.44712093048
8517.00132578849,1009.10447966393
3760.8875948948,5421.86204960496
3707.8386713793,5863.78553627398
4073.45305129976,5349.00366684077
3914.63615756028,5883.67664732515
3703.65619145749,4894.86135481174
3401.78514948693,8215.31234645902
2431.55426516277,580.138440766235
5345.8743636757,3463.55383531546
4216.20508568623,6415.11055657969
3091.87355126463,3488.4460554313
4488.76416506221,5939.99716118604
4162.40505011391,5189.30646097281
3828.95960604392,3710.43068562025
4469.97230759867,5102.29722720251
4385.84273691388,6069.63020435171
3578.35828698715,2882.90380328784
3708.68612743818,4918.38944388483
4960.45923319857,4688.67544254571
3163.92721684627,946.930486264273
3957.65961363255,3890.30316126868
4865.25130825205,8044.19212881521
3999.04717133381,6187.32858088667
4224.32323824151,6185.90778724015
4038.8171848283,5443.57186109472
4618.34409754631,5785.24397892374
3798.80962854142,4361.7795786404
4058.18137867508,5442.88979557334
7398.48718624455,1473.0788105834
4249.58818691109,5952.84096660841
3981.38014761156,6967.68553701012
4514.71817450421,4445.20849699255
4500.40497919357,3032.76920169299
4612.28623026343,7383.3530953758
3718.77210840048,3493.84507128804
4006.89736528083,3539.31046797643
4216.60353772208,5523.13630529939
3977.33847541243,2935.98461163601
4663.10489080508,6579.86553411608
4324.28613743708,4688.73252800472
4514.73593677419,6608.6793138384
8051.69100736303,2411.08677601068
4341.52633682901,4328.41925924925
4195.5808896304,5324.16810932869
3672.77708509186,6841.85988253291
8858.64976601683,8676.50196411685
4400.0877257877,5482.38785894638
3421.72167761344,4242.37582687438
4046.71557558492,474.033592387474
3721.28608119845,6273.37201326154
3897.38318787252,4169.34703344366
3941.87417215506,5049.04579676019
3717.8835145816,5453.57407922406
4284.25740586282,3321.13343790356
4610.49937928798,4535.85513164002
3422.591420214,3299.36675238242
4373.4171066153,6323.61144574431
3801.7342835824,2865.62699483178
4145.772441077,4968.57179090859
2167.97470109255,1260.58484938276
3567.92219527765,6403.51671128205
3674.40812570873,2100.27400018522
3150.81246131232,4177.07640459383
4162.05251669872,4709.24861911825
4072.59072552252,2700.18974034639
4355.98874332153,6714.6705198682
4476.92509907688,2776.74218659151
4110.1380775083,5096.67071522022
3929.14102653113,5470.39610685666
4849.86853380133,6842.76902132458
4875.84964255678,5025.17646349878
4234.61998140594,3192.8641029254
4473.56630887153,5703.97458234325
4253.8436083093,4870.99202155034
8197.23664970043,412.427969303328
4672.54699241208,6868.45705502457
4387.69652252071,3467.81621625499
4702.6138310178,5426.23817860727
4243.39496296485,1973.19817415565
3649.82640102297,6307.35731271506
3994.06723662816,5629.63874332879
2476.54138213722,238.977475651441
4164.88521525869,6231.03236259548
1824.4408325442,724.206916522561
3753.39331265934,2476.2157876247
4312.26664056016,5201.97985572865
4110.15800403592,7391.65036112933
3483.25176367015,5522.45423977802
4258.99891803075,3355.57351818054
8670.95110639054,1239.55710341438
3652.83703376932,4813.36446210571
4430.80398685896,6182.32747182199
3658.42990172759,5456.07484518402
3365.36411620079,8226.11037817252
4326.07198727115,4506.64344512563
3819.59925533983,1093.44274823536
4526.83479843278,2737.81244067708
3474.53715357233,5253.29883766961
4452.48195221599,6433.6375365881
4152.75595212244,3247.19529425354
4667.36746483873,6894.03134066178
4603.91717612789,5380.99985518917
3652.12617373331,5953.97760152562
3715.08753833429,4782.10700188244
3917.89542652119,4731.98131746245
4315.49655755856,6709.38525207422
4565.60334316097,5467.15703562682
3448.86530135116,3869.2754153003
4020.85042706809,5632.53741608083
3815.49629637596,3717.30758058252
4025.82223056534,4893.78138249829
4248.43167252011,6725.07064478962
4039.18275001971,2646.65436260239
4607.3898885321,2594.48269304589
4740.55815253307,5841.28033405533
2470.26603399812,719.035238220639
4354.43560648135,220.393489469372
3870.27913007743,4975.22118974532
3815.16382995124,1993.31656990474
3322.72282433233,5316.55290909653
7918.25465853219,4666.9660539112
2734.13007584896,1836.51782536119
4049.56811635587,763.932317450421
3271.00806438565,6861.46683485478
4756.37130423391,5079.10953660723
3863.40659621211,4402.35719147164
4347.60797997376,4061.87837116358
3654.72142373051,1030.81418543987
4282.83783808965,2804.24870930246
5393.15117691098,6236.99969591083
4391.56751390227,6709.32816661521
4490.62684031854,7554.52997562338
4612.00541032319,3753.73656053699
4512.30860948044,7339.42181754145
3897.81992443969,7392.04784506615
2640.99829283804,2194.89885704293
4974.2823693732,4446.34513190975
4393.58111043532,4700.26928784335
3832.14212687771,5906.69350439865
3716.92275700545,5292.34233164682
4175.1724637973,6160.67474579125
3545.58325166663,3831.93729655416
4640.85061665222,6142.14734292758
4536.52756729185,6857.261116519
3652.43288980131,2935.64379030295
3545.86253183978,4304.09535659201
1889.17851285053,4405.48293749397
8422.05431742409,385.944359875271
4343.47567128145,3979.30192899935
4505.09899938812,3563.40729736338
4656.13442846355,5910.04674654652
1895.00835894671,837.245216753539
4627.11270864893,4790.57510115776
4030.46865273593,5297.1163674412
3765.71025813102,3610.63430903134
3756.4026079535,3829.89109999004
3430.62816866331,3386.37619758034
8607.09792647244,2537.25325182096
3314.35096983744,1853.68088575448
3595.93817196506,1044.05600336813
3468.4892035576,4386.50138808972
3944.0852392701,4872.35572973784
4793.59258975145,5460.16639260178
3937.32708559345,3801.36147899702
2813.05450139993,894.588511755055
3530.36036340186,7363.34781340661
3627.27386520896,2608.91791420893
1189.00332431732,2286.17047175276
3763.21383481131,6609.02013517146
4102.73083775662,4014.59427403661
3537.81771404928,4585.18500247587
3979.38304733774,1771.55901298608
3719.22528401014,2952.92059875901
4458.75967483509,2516.16863182119
4287.51067496064,5998.70427008887
4003.31063192635,4930.83576537038
1190.48088022284,2657.50905691964
6972.02678766709,705.452440388602
3133.49256068518,4115.18646420966
2620.80223491498,3850.46427656258
3377.33925180523,3067.32281860511
3730.83571563637,4868.20709686108
3829.69543244306,5012.95763813878
4386.61771174744,3730.71970346349
3461.1029059961,1350.60639825405
3995.83688157124,4231.69154322366
4360.33155815657,5418.85005164541
4552.44110654431,3515.66841941295
4497.06407478571,1750.19033997083
4119.69195391169,6492.85630034578
3250.70572538945,199.649915444521
3411.02794977643,2696.72296156337
3671.53029849787,4572.22744899073
4121.32745773164,3716.3980189356
7609.3796952512,703.861130361746
4276.9974311779,4479.47795517537
4472.42541515462,5732.04963394043
4359.56493457846,5835.42674880275
3901.05921940345,3741.06316578115
3606.57963243267,52.1147071549734
3570.087086135,5628.38836034881
3998.11258036993,6496.2091196384
3745.45839790659,4406.39249914089
3896.08595336566,5374.97585927006
3977.09949130913,1346.34401731452
4043.9394486967,5628.55919387059
4575.44499350318,7644.83578893779
6415.63121311307,3499.64199393686
3983.51454084594,6708.70318655285
4147.96133366747,4799.66818049543
4545.93199331807,4969.4242670965
4068.41553847722,5057.00224118065
4980.90969705236,5943.23623241589
4413.16129694935,6033.99661512613
4294.64960992019,5698.46224127899
4281.76492787742,5617.98823542739
4230.92957004896,1091.16947840094
4649.77065368916,7111.12903270408
4160.7233296809,6996.72639000273
2806.67445528513,3075.56342175488
3446.27124519057,548.653642988145
4847.16358996225,5407.88118641013
2106.22210339992,4783.01614067411
3299.92578071007,1053.1490827058
4635.07628405931,5894.92924843448
4619.94513446718,5304.67490506959
3769.76642195761,4221.51891442778
4632.92537821449,4841.15535497359
2049.35864076741,6487.7981058221
4417.16669828314,5522.05633298594
4367.17693246163,4294.5477078585
4337.29371789436,6170.90446004614
4272.27559062983,5377.13538104171
4639.67109360705,6801.05477357613
3360.18415784427,5098.7164889291
3562.74703142705,5277.6231631821
2900.19335900473,6785.25563279797
4116.89914772478,4318.3599556609
4370.01216731764,4816.37646006526
3304.82370080346,2581.18410680006
5605.26078209643,5921.81100251069
4002.01239656565,4513.06577069206
4153.6763556006,5498.92572784968
5243.71996124329,4999.82925113186
4302.64472461858,4569.21545103117
4038.01068148846,5751.372427533
2996.42139288249,5661.1236996776
8309.18869934377,1544.45941995588
7150.32774241052,4951.46560454669
4207.78536227487,5123.77954256672
3402.77762504065,5594.28931283252
3141.80093126846,1367.99684905907
3997.46134815757,6588.21988532862
4713.3810158348,5549.39223360274
4265.08578394531,6750.4745197603
3748.70197223128,4864.79719210945
3366.12598096653,4862.69433294156
3923.51799759921,5061.37837018296
3716.02615461447,4864.34262271361
3439.86553801417,1485.75231105305
3721.73812518913,4984.31426908299
4521.7195220188,5293.99062141887
3624.20404921999,4961.97947753087
2249.12100440413,4766.59201983358
2620.9735384599,1912.44508011632
4214.52431189117,4579.67223855635
4154.87346348324,6842.65569611706
5340.45142765044,6234.72642607641
3515.28100909735,3982.59808568821
3906.52458643229,4454.9836418516
3331.84396631337,3875.52690734495
3767.83244684843,5450.95998805658
3902.05843507015,6223.98505696668
4730.29740709381,6091.05585711216
4113.73703950703,3644.50586042209
3026.80436361445,8034.01907716408
3619.69778943628,5541.15163045297
4469.81161666099,5306.77776423748
3802.89382523559,4964.36649542807
3740.33681629733,2772.76396438128
3007.72031608383,2489.05980447469
4254.32193555411,6457.05230045368
3631.15126925312,5034.15579477369
3720.08863725546,5221.13223865468
3608.08200668119,6294.85432862575
3751.27584854345,5199.30867910216
3964.72106119828,4576.4331673265
4982.00433859677,6100.60350584567
3367.42352485949,3594.26685079457
8353.46698099595,629.638880839335
3921.7182906636,4533.24104047254
3658.19088018058,6339.35350106346
3716.14963278751,6372.77090591363
4116.51311882388,5105.59338389137
3604.43014398247,5922.15182384375
4135.84168015229,5000.73881277878
4055.50677994332,4108.59415083195
3871.38618305755,2307.82340921113
4380.87068842011,7217.00606781586
4614.05553395917,5183.85078251231
3759.8603697433,4826.09494232056
4285.95135878501,6344.35503298339
2341.54688760414,4064.94745458215
4591.96187556427,5407.14245828499
4181.17329723787,2075.89301206897
3166.5920815076,2148.97867953108
3391.3991756806,7280.99844451267
4309.93551459288,6246.88858883265
5001.61638420694,4522.04510196697
4280.09908045647,3295.95684763079
4485.58031420637,5272.28080992912
3993.32415175056,6280.81680282716
4099.17268871237,4853.54459100012
4213.3989280399,5672.37630078692
3230.53434527718,1517.46434067214
3742.68350776282,110.480908832268
3930.40924858837,4779.37916265219
5327.11258807858,3483.33119830386
3210.41691069863,6930.63115413804
4130.8397975426,5072.46056062576
3698.04796254361,5152.02500483043
3973.30510863062,1162.37967710689
4551.4472220822,4910.77424365268
3568.30775333023,997.510740080103
4111.18045566253,3432.35303769595
4704.50059363773,5052.34195344904
3717.13813954005,4296.99138835945
5156.71568259292,5609.34972548555
8865.5052035963,4785.97147602991
3918.98307034659,4441.28693738607
4241.06105452042,5122.8699809198
3762.05291934744,3242.47834391818
3600.22194167564,3044.76074235508
3883.29484577156,3982.42767502168
3469.76781148834,1381.57969974802
3964.10870091823,5640.09595370922
3220.42852149075,1063.49243930965
3769.71924156865,732.959015956457
4179.68826466253,1626.35400802636
4680.02329876148,4358.76758068085
3283.63877940366,351.276994900375
3870.02630154608,5307.00483750777
2500.40210553283,2292.87674462087
3795.80973647832,5637.36811447897
3904.87594151883,5178.16760792626
4579.58165720101,5295.01350827331
3960.8165329074,3108.98061517742
3578.35750050841,5733.92499698278
3714.65059710387,1841.80309315516
3435.931245165,5149.24008014117
4323.9186299468,3847.79309993609
4610.19704242727,4922.87932094991
2848.82481749994,3579.09269007877
3679.2774186836,3896.3842426468
3977.34661820831,3086.47520153115
2455.14817340851,4535.91179424378
4423.67327419691,5288.19369877005
4115.87994076288,5553.82544806405
4403.51908403632,5449.08420215898
3854.36661946121,5628.95667780741
3808.02310289666,7025.14226293297
4448.53530264152,6109.29867839127
4079.47405595484,5787.80140748747
4437.05308698387,3993.05529606864
4175.98895897554,3482.64913278248
3624.53213724203,1474.95427933955
4116.68444887458,7273.83781367635
4902.45534992126,5406.3470675561
4664.61498565044,6506.38217128952
2636.34485332933,3255.72005613262
4007.23561517828,4358.93799134738
7761.77743276096,6722.45655362213
2744.51578453434,3513.7930563706
4524.92636818859,4945.3278605648
4706.43714360617,6555.20038727053
8451.43286702866,5124.00661583701
4173.41054321091,5118.03928252166
4662.22529576172,6866.35419585668
3844.93119053295,4888.60986276709
4739.7542572468,5095.47741769925
2340.85263687341,3131.42915479231
4406.71695159895,1873.23117547259
1454.92809504696,1235.69262926692
3494.23421294284,6603.05280185611
2555.18673551,2455.98385524046
3757.71093651338,3565.05516428018
4424.89091963418,3009.46818589019
3325.41175458837,4004.19414911519
3636.3569730356,5393.27576600819
3522.64593000215,3122.22232739187
2643.52106272089,5269.04131584402
4352.13303036469,5068.53900101928
3994.23596488369,3668.65935241279
4349.07564099215,3642.51674931697
8011.27215051139,6332.30661828991
3832.66067297719,5217.94983002859
4412.65382727295,5710.22607438791
3727.31048771274,4707.20284540938
3758.08846530449,2310.09667904555
7938.24106943198,3918.09405413656
4538.84387085047,5735.118717359
2311.65884026506,4380.76112804466
3763.29190327445,4484.30865357351
3916.95221823003,5318.31452407611
4326.9255064431,2730.4811877466
3817.66133197908,2400.06124817165
4141.15054269634,2556.57604541352
3881.25028961367,4134.73675392777
3428.08873054248,5293.64937723056
4352.84916706301,6518.77140731606
2573.54733999714,174.587112877203
4422.2373769282,3993.1119586724
3392.3872967324,1871.92391846122
3843.66081054316,5275.06573461838
2876.9073294499,3948.38529010914
3823.52434015967,4914.6953804039
3613.28839298699,5427.09065479518
3255.93137965223,3221.05269115772
4322.69449186023,6690.45994241848
4896.39456601064,6206.14014247964
3813.57767585999,5119.68757229372
3440.22278977372,2937.68956401182
3754.84763734582,4201.17281112553
5046.07249061819,526.375619753598
1776.75431281492,1131.34950158154
4619.95754837708,6477.0000741086
3184.35241931063,6771.38851766591
3905.81063044887,6036.32697041956
4879.2623147157,5017.22001907832
2550.50432360373,1252.06008750369
3707.7234883226,2574.70533005749
4097.12342541955,6235.57890226432
8844.78792055533,3256.23149955984
4606.03055147817,5755.52106040976
3438.16833744883,1165.27803271749
4888.85084700169,4556.59871887909
4127.04200324603,6167.4374698355
2610.06158530792,1483.8199682655
4269.30206787925,4271.36001726322
4076.71783018244,4116.60725785618
4161.6797166572,6070.48268053961
4069.6785059785,2748.09902896335
3498.21533018193,5514.89570214962
3969.07187404511,5921.86766511445
3089.0476112293,1329.46500993671
4287.85821752084,5941.75877616562
3768.72595192526,6525.47746875655
4243.03564843722,5234.31728826536
4184.32756318859,5391.28665490307
3788.53493510074,7270.5987424465
3829.68134781839,4998.40845748534
4889.05101219421,2777.42404068526
4877.23873704679,1245.12663565147
3865.38406308824,7120.1646037275
4500.56362199984,5838.77956809537
3909.83414091732,3492.70843637084
4177.95676938118,6661.24867875934
7134.45453764813,2158.52653969222
3960.43527700065,5636.45855283205
3952.10287117294,4092.73792459477
3315.71535388645,6163.68674375081
8641.27939406864,2145.73939687361
3752.61598780249,5745.97341167625
4109.87160961572,6003.477883028
3919.41894057751,6865.67255319055
3624.96658043859,6027.3472162894
3605.76564700374,6515.07734383513
4251.34964125323,3822.33256236164
4580.55582958592,5504.15433303989
4243.29984193264,5864.4109391916
5175.91222034488,6451.42578847139
3825.75427396668,5986.76960345817
4392.64437067879,4950.49938029601
3797.62157963133,5298.99173048354
2064.58966677553,3906.50020883892
4394.15099255112,6154.02534695453
0,67.2319541967077
7586.16278291585,710.965098594306
3746.61822977364,737.789714354598
4882.35166143039,4334.15909643906
3956.38278365938,6307.13023944477
4720.344231923,5038.2477650467
4191.39043134422,6776.33296412682
4395.61757290982,4887.41614239087
3802.1447236048,223.63290426911
4790.7167248098,5255.68585556681
3793.2548355265,5839.12081228368
4417.80072544887,3682.75396367039
3469.15522468796,2447.62950402792
2993.20902070322,4421.33916373114
3503.80023091778,4981.24560851968
4220.30626289928,3749.41751699369
2167.46353324091,1052.75117591373
4205.77078303927,5385.54639485801
3885.72510723088,7297.53715912647
4218.48487272921,2507.58699591073
4193.74102263581,6500.47150057793
3588.07040576706,2094.36332947363
4040.19498105288,4421.62332246044
4422.05779551769,6264.96099944524
3762.07444346621,6067.69775585035
4901.52317417552,4592.00481197912
4072.04895381931,5144.40938174303
4216.71328351631,2817.4904215169
3863.97774344972,5783.42570134041
3913.35847262654,4457.71148108185
4712.08382518328,6988.48578685296
3984.38620710315,6098.8418908661
5091.21148645803,5028.64303085417
3633.11252422336,4945.15744989827
4389.85031277679,2760.37451692712
3738.67332128041,1972.00466520706
4228.86500652288,5407.14245828499
4333.26775614536,1791.50699806864
4517.82800825514,4712.88601999542
4191.97009151754,5572.92074553108
3786.45773744122,3900.98786777465
5128.7861622953,4946.63490614854
3938.08736200803,3087.32767771905
4217.8417250248,5340.59265302447
3926.06574899623,4192.02306918409
3851.98480711455,4736.81201586059
3756.30676117188,3040.49836141554
4031.58487639918,6111.0607162261
4439.25623220909,3756.97605462209
3767.29221581354,5263.2443931952
4339.15869009663,6723.53610308033
4002.65528109079,4112.11780364635
3567.53918667354,2890.97399577108
4339.04155983645,3417.690531835
4177.9772105965,6315.59791586483
3390.66505286814,5596.50592006318
4284.55641732999,4143.82983326545
4008.61221666541,5689.5962352116
3271.45069934075,1328.78294441534
3206.5466819833,1612.99854774914
4910.73716080747,7143.63645305208
3136.74155655403,738.755832891464
3265.44756033396,1094.29522442327
3540.20408588515,2366.1896967809
2595.67559182687,3466.67958133778
4041.13558940072,4450.77792351582
3961.16715289112,5705.0545546567
3477.13031677004,1576.34207166913
4191.24484674829,4702.14465088569
4508.70558556028,6184.37366838612
4397.23252315461,5414.81474397616
2270.30180625655,929.25587672995
3560.92188733967,5727.50309427159
3952.31383084123,5722.27448908138
4319.06489308799,4302.84497361203
4183.73726268148,6709.89648407382
4489.35191954244,4151.04754956078
3687.27309694279,6893.17886447388
4140.70328497622,5455.90401166224
4503.9271746323,4558.47408192144
4492.02998792327,5130.03103461138
1415.55747810006,3521.33513697358
6825.27343928363,7978.43814953635
7851.51462738202,6484.2491565556
1492.92691585109,3927.36231492329
1258.03659527008,8982.60644000254
8592.52430717668,7316.63188654917
1837.43800442877,8720.89597794083
7299.91958116405,7348.37377709388
1047.62814882216,3214.34177058684
1786.94778773613,9394.47719118403
3566.94578123685,9140.78706912609
8084.08750254244,7443.67559668544
1265.90033453906,3425.38590178608
2267.89947041306,8747.90540965793
1791.79453501426,8346.78275792479
8469.59910272863,6961.31857623307
1642.2274627936,9019.21967688877
1475.40134079653,8865.66630326131
8245.29378351644,5618.31791122488
7797.58157543384,7451.80595864211
1131.12523811732,3679.85678309133
7794.48923639549,8142.71990868401
1393.55648717893,3491.01394336577
7247.5289129401,7982.55676520801
7972.47792713771,8334.33635108645
1114.80185603423,8899.16750535706
1081.57787042478,9155.9847464096
7667.18713635466,7053.145368602
1198.00480859053,8537.06156686618
5849.35307779756,7225.88693099093
7245.31137104246,7977.67740625069
1927.94878283327,4391.0272117302
7442.76559818323,8401.34163767853
1850.84194363105,9109.06960177621
1701.3531964393,8630.20787298794
1297.2079353141,8724.05805631653
6334.73244650814,7140.7227721521
921.684232970693,3587.2876237727
1779.47828890969,4282.23707527735
7177.96214391299,7880.26338431046
1713.54961759717,9171.46563346123
1389.20389893793,3934.52021910772
7492.64067342788,8178.59775712241
2157.07320389949,8852.60189320833
2038.90058574803,9113.70303212543
1619.18964725333,3678.10718016242
1102.42879597787,9221.28771034078
7442.77644125354,6331.64844316592
1531.81411237794,9192.60130263074
7054.46695102716,7824.2189623806
1087.35417550867,3442.27817113822
1371.7913165523,8831.96965424129
1699.86963860874,9110.98028799491
8872.94233595658,7186.70987000262
7029.83467164872,7419.10711718825
1587.13374818152,9132.9553075136
7870.23893320849,7481.90114995261
6177.34290943559,7767.73374299591
1182.77864147607,9262.91156019206
1825.06495385809,3880.1532111805
1292.31403736953,3422.0092048022
1105.18138620194,8722.79970346526
2364.19271736009,8371.45923468407
7474.02752404102,7705.90292044728
7477.04517489238,7611.87046394021
7772.32928870933,5690.95387719919
6422.87685420991,7631.80677271883
7095.99154858402,7499.96535339259
1286.91558293254,3680.88272392482
1923.89451211081,7660.91718278272
7767.76773882321,7809.70359015991
1762.29396258927,8880.05493976389
1189.02392956827,3426.40581185043
2089.85264467814,8285.0651107311
1570.43074125188,9048.94473621591
1516.48315105087,9045.47007471572
4513.82414451186,9007.73036099102
744.194025719064,3408.60249630976
1084.14415931102,3507.75989127236
5106.15723919888,3550.71235660845
1351.66110495555,3611.5615688854
7861.28714789366,7082.4490272613
7159.98111415754,6942.13542981421
1128.464287832,3376.45226480402
1838.09962410309,9005.78519702681
1116.34585986583,8819.83358355269
1851.41689353644,3948.13192662115
7538.27730230535,7797.80676372791
6674.29312046541,7428.75148968324
7384.90228993536,7903.10724641939
983.587775634233,8663.67638910701
924.227570536447,8946.91864917093
7640.45069764625,8045.89892891287
7674.41478082057,7547.64662384311
6404.20820058233,7500.46606618034
1509.19506884721,8871.74776897083
1000.27443340376,9107.44351428493
6822.7577059118,7442.08322610544
7312.45664219367,7536.41895463205
6875.48441693834,7417.80862952808
1456.45395129151,8760.61592693428
1702.6244314934,8710.82407257794
7339.97255459804,7486.35474652524
7435.67010439695,7403.1252538592
7667.60984191966,7531.19797873933
2515.64201970259,3433.66075477851
1631.29853038607,9480.15636899667
1140.27579063734,9222.24198519026
2062.65940782461,8779.44673558017
1931.20247693583,8931.51038600955
1347.47856915391,3788.9487069184
2660.51890229576,8841.87959290782
1356.5176012767,3357.01722747145
6547.26577136642,8203.62945307666
7624.90002904432,7546.13977886791
7990.29414618914,7432.93517054152
1518.98646134401,8917.54283221386
7160.70101855844,8242.656001891
7672.86920217185,8663.74086758746
1276.8100232374,9194.73016779311
7780.23782098999,7622.68116354915
1458.16218730817,4031.71612639586
1068.51329920837,3045.0790886485
1548.87386424897,3880.31652153944
1055.06473995098,3786.87790823906
1407.53112691701,9113.4773700179
7686.23042968179,7871.01949482587
1695.46090652302,3679.30259894054
1381.50146717126,3494.78002226347
6750.11514199877,7449.51440087847
7619.26314032764,7615.90667208844
6132.55131783225,8201.94945622839
7441.91447692007,7898.7169134115
3571.31081983701,9323.60658019184
1912.08948573757,9367.9754325918
950.872510690995,3471.25449056055
1028.39473849992,3584.39485088398
1628.40464799401,8910.07811587426
7481.06981546552,8004.83013836216
7126.77944702193,8150.10031539747
8452.96616406194,8526.91139003331
1609.0096105608,8958.78541023332
1425.81118805937,3516.90275180719
1397.63185638116,9298.71367378384
1540.93707173476,9014.8587784139
1381.74753426778,3832.87830813973
8209.34168724601,8057.9439432311
7844.15580984208,7713.64870946236
7580.1255785279,7537.31970370337
7725.11755253999,8120.1896013824
7697.93681093936,7654.59349918491
4160.28368648893,8981.7316330302
9269.95102674052,7667.50954335712
7324.30033984353,7132.98659281188
1025.80886555367,3240.49953997079
1333.27213265285,8949.29371402143
1675.97970382525,4442.99979786902
1706.45022567624,9228.45683899715
6927.11954009447,7681.3510079233
8048.85780802461,7359.1783907336
1069.67352946793,3457.53687379718
1059.0839187255,9115.33269692704
2887.76375644329,8635.36842919413
1461.99079323299,9216.77979224289
6805.54201051081,7974.98718836849
777.252322591188,3092.59100345724
1397.67807770028,8834.38495382654
1360.19458409835,8998.25101178861
1383.76100110914,3276.57578746316
7587.3828526164,7724.44419689392
7890.04668247154,7194.86658386514
1884.04928994218,8481.27563868587
7746.53437354588,6554.05562731781
7119.71522440832,7715.67002806943
7613.25918281652,7731.98833631877
1301.54925051456,3618.62436334282
7738.74637699737,7673.23888587524
7661.53088391987,8173.5894694863
732.520810658019,2969.82301642701
8587.64399100393,7760.13352310381
1425.44045967976,3553.57210944737
1291.43355799035,9033.29997228555
1027.80009468373,3681.00572206615
8517.47720268608,8504.56432563588
1127.06888051036,4052.94667955907
755.914583225241,8677.260057901
1853.68420514946,9190.222715321
6572.89577919314,8938.46384756843
7448.68358347563,7188.99224626207
650.577611434942,3242.5358977013
2846.16308126662,8639.46338989639
1088.1695569133,7948.20891412446
1326.22235093404,8951.65452922581
7301.04337897012,9013.77165366439
7726.09999162717,7086.9741971842
1964.88897428871,9337.54436740085
7602.52066805442,8406.10532961869
1273.73832736979,8959.60740227185
1285.38536823658,3617.9800694715
1047.13109485762,3604.59962463483
2025.76004140024,4335.88485878306
7730.62570158035,7733.80500745246
7535.06990212772,7498.88307838567
8270.0093809034,7957.23980964737
6432.448928666,7883.56788506707
2292.71525666706,9204.71824822689
1772.22148004767,9258.93193042052
1266.51560060996,3451.41694475984
723.660794221599,9236.1504248653
7416.4944747392,7996.94502703185
1478.35936141462,8582.61614103275
2312.05961658168,4016.36824657583
2833.75125387811,9380.44828725806
8504.67147249625,7132.25142075355
7638.85358941273,7975.83704332777
1387.01556864168,3862.23504112136
1551.33731935566,3795.28749950288
8527.56978918259,7499.69739989153
1130.94881860524,3440.3701389773
1110.56724284367,3538.81204326166
1350.46260712071,7904.38344372218
6916.89960553536,7375.3099789487
7945.25246080752,7486.49575141887
1473.26278590839,3486.72200439924
1872.71091182444,8331.21012340863
7715.44410955125,6432.85762614968
7353.14260336355,7343.89107055564
7196.32335795634,8155.54716679021
6762.48259949512,7837.5611950944
1182.38576294699,8816.35455245602
7529.20204857018,7334.71941109666
7660.217436702,7746.1381153659
1468.82924121595,3766.33895563566
7030.32668794531,7382.95963725506
9521.91304115684,8434.27198304568
965.678913965834,8867.05825873726
3514.83991089983,3867.07990062647
890.731377128521,8658.30774189163
1240.59900169798,3120.97262220074
7742.26738126933,7409.07788278062
1078.82236210475,3215.48261952521
2218.92427305578,8078.59059373929
7652.99345173994,8228.82166029627
7431.9333601715,6859.78471986751
7793.09019682531,7233.65738317521
6220.15436575082,7528.33359411316
1339.81019096259,9016.46360797483
717.677276453151,8945.25724923726
958.87539637433,3182.32846235968
8313.41692368021,6326.85500174977
6616.52407356716,9323.75123574547
1059.85284174761,3875.58277039563
2089.31666923704,8276.54521957433
1433.69871183934,4100.02022516089
2779.17140003592,9074.1930938501
6048.06050452226,7453.02587555464
817.165545923782,3284.6028799996
1386.82781936978,8884.3343766485
1384.18197186247,8381.94326031161
2324.25878759779,5819.3926021319
2108.38450939138,3488.57475914869
994.276679155803,3401.29921402302
1210.2180023778,8933.45861223184
1559.16904970501,4244.76548644329
1415.41161027986,3812.9014335564
8227.17169059832,7335.59809057846
3988.98901304959,9894.09437714475
1149.12507672932,7198.4120677372
1016.59178477971,3514.95518646638
3747.8794565481,6410.10876123982
1191.59013113225,8908.04969942794
6682.02508014815,7457.24472754844
986.047915044854,3186.90668900882
1644.09873082998,8631.94983737213
8357.00578917833,5842.4941580921
6719.67578288476,7423.80943802216
7236.24826925927,7596.94745182941
2102.25329990133,8861.2888132411
7717.00992985113,7818.23227243168
7013.51021066903,8146.08834938405
537.944195326095,3235.30028650552
1237.08619794318,9067.00632319135
1445.54683106575,9243.89397005677
1642.36611789498,8886.34428199314
7679.27390311322,8533.67356969863
4056.42202272192,8916.0786209821
7456.94207055531,8183.34385969439
7435.20587937508,7756.26050788882
7562.76143075885,7986.88008271355
1497.2885077945,4175.90485948078
1267.60953604727,3343.13281583912
7817.36149713704,7616.66511905349
1806.43189955798,8400.0445801762
694.933666842598,3027.61342535461
2043.33900229116,9150.98626604231
7974.30155840663,6654.04779744758
1861.06711418715,3618.23125164406
8470.60963982749,6653.46937834552
2469.78586001044,8401.49676766439
2580.72679278574,8985.20796340989
1676.57853000897,3688.14950222527
1235.57907107212,8844.79173191822
7885.28534807325,7367.04592273031
8663.80700502865,7679.2625481296
8267.96454108517,7457.53116588222
8578.80010263883,7226.30199200256
1280.21752719899,3371.70207349113
1126.93590894813,9406.442637963
960.086424392636,3368.30935582265
1332.17470014608,3277.66452311288
7495.86982280137,7697.26821322423
8050.24556400592,7786.55029435053
7286.66449977235,7150.09531551137
6967.24986620713,8159.99908907657
1028.00247406733,3206.75308153641
7893.43798107066,6236.18373987137
7547.01650654298,7362.68780117846
7890.57823887536,7521.53609557682
8963.99005029855,7516.59585341573
7140.48617773488,7718.28707089336
2058.71922255492,8598.76984430238
3378.30675870586,5811.12093226236
1470.52220821322,3839.74792981896
964.577552738119,3364.5405748176
1919.70040838311,9284.94431423042
1101.41830166494,3246.89489040202
7966.43869885694,7517.94627647743
8647.97691514203,7913.47806499509
1602.23358280123,8457.01884918322
1488.68234250557,3656.11771889772
2422.63112546019,8655.85581664911
8773.16820777316,5243.68401622484
1684.59464282488,3503.89619975873
1447.99441079067,9119.47957913615
1000.88000716521,8807.28628577152
7534.44442768192,7566.28647076345
1028.28309922188,3430.62135243968
1084.4210077059,9412.21404853044
7078.2406847394,8061.66850551574
9340.13749651876,8107.16117802401
1084.5117598395,8647.58372852792
7626.62380088051,8092.89163210649
7984.96928231083,7894.47943910069
1040.06353488794,3788.00415843898
7250.65132798219,7683.0659024418
7058.5990576929,7772.91674133742
1322.04416939116,8848.79396820575
1344.47926254789,8959.94859039298
1714.35206734473,3593.57917615726
1811.58331224619,9060.98361862768
8546.73832452689,6484.28109237097
7053.11480806884,8122.16859744755
1453.13897196453,9013.05958236425
8184.51851068049,8271.91652459525
1275.36684483535,4650.1763947797
1764.81235428847,4372.64635894437
1387.88578254786,8110.20112570291
7854.07992840911,7705.49118270182
8432.70201827272,7992.56474964014
5923.87003519624,7904.35865207459
8095.64524506642,7434.70300453049
1261.54374532591,9119.70969831148
1358.57619134892,9164.71945866636
1979.22206064164,7689.56576275725
1034.6556682557,8024.07746444959
1537.43703576713,9274.24145234393
6594.61868874822,7998.96043150339
6696.25307401396,7958.14993385834
1809.43398751581,3811.74681422592
1058.30346212468,3126.71229782076
3484.37071040136,3355.60996403592
7265.00736754014,6309.61714671018
1436.41650711988,3867.06059431814
1228.09911828323,3624.50165564348
1744.12836582354,9045.72032249659
1717.17045907394,8599.65505427277
7708.55516436142,8329.33828184054
7196.19736448914,6946.84079250734
1468.98963900536,3730.24409944587
997.816762388574,8938.69213106563
1265.91056315546,9135.19901254362
7882.08026966785,8434.62680823792
1384.99865086909,3472.94103659801
2151.8827030745,9155.57034632906
1693.37061124875,7830.83142221378
7273.70966468973,7667.11122037485
1621.89415061057,7780.50450730065
8281.44092746104,8069.18793381493
7410.77345351783,7069.55706625539
7482.61222697982,7354.81076675176
8164.62385221841,7744.76777039042
8240.15570301592,7826.74205820167
7931.65928223413,7325.79266057057
8541.9572913329,7568.87016881959
4755.46859543769,7736.228329358
1917.91622075053,3722.74265845894
1548.65261495981,8106.56312253113
1012.8717157635,3571.83997034751
1599.04805913671,3278.08785985653
7916.95807746035,7117.59130114658
850.448064232259,3488.08215865767
1238.89510078267,3341.22283015254
4513.15167663586,8989.56878132942
8559.7556906941,7787.67053134771
8639.58552006939,7327.48210583052
7980.46384431159,8290.07692454144
1366.69324673441,8978.4302211468
1222.35668204454,9242.57593061232
7434.17499625756,7972.24018519528
8791.55723672769,7193.89542538918
3792.46176066325,9179.98389231033
1242.96536486789,3252.67026721389
8763.0501732848,6922.59587195225
1005.52008844557,8944.23958280149
7444.57743455528,7443.84385973154
1918.19936406067,8930.23264839752
1146.85121981053,9292.05584590127
1304.36835061573,4350.60134177327
1953.61710166935,8945.60032329735
3260.05095484966,9207.00034369341
1659.34743704831,9292.68215861182
1983.3434492319,9218.38097328415
1205.12061631181,9074.9231788272
7969.50748913573,5899.66710024629
1396.60677633784,3350.00702657698
1280.75753235023,3218.87368543348
900.407642526026,3520.83901419034
7357.18104280964,7701.96547429562
1376.1135631136,8699.15833673789
7398.39718176433,7933.05068907569
639.662123881253,8953.18020522451
8988.14445442552,7568.68400540519
7329.50650678447,8056.93471641107
6789.98500399504,7628.51872755526
1122.39948050205,3464.44006138801
7476.54949673552,7536.22262515408
1800.25335052134,3756.10476686814
1934.51126536049,3686.60245645363
1516.4491870949,3747.30493073334
7866.85050149836,7615.26102408166
1626.0768698746,3752.87009119709
771.414858454685,3374.02352343113
7276.66120790397,7347.93535926654
1941.82449460937,8433.82570375844
969.693946816323,3137.51715004012
7633.76092165137,7278.23978619117
1491.91680222674,9386.34804091081
2094.998402436,7025.37644811999
7640.11583828535,7738.68301134878
6900.0325239215,8139.40457033777
1586.52204427303,8634.48874491724
1219.79558467539,3656.74266525265
7391.62679099588,7713.26241654602
1323.14951043598,3223.50406038289
1664.3058455296,8413.56959253834
2236.13636437316,8957.35687916127
1641.71737575343,3767.49039241507
2126.0733872873,8700.64035038255
831.668104432005,3262.85685971282
1800.95633533257,3989.72749517078
6750.59541562929,8095.74713653711
1461.42705747732,3694.42057772152
925.663534255913,3395.58528435817
7144.21435228202,7965.72501206482
1580.19174364603,8865.17119486751
1685.60323085256,3634.43529353425
1180.54000168778,3796.90219638916
7711.26854221407,7931.23606829083
1078.10775713051,3161.08831811408
2258.64755180342,7950.08736451303
1180.23321694458,9343.64325335151
1327.97522856205,9078.30648947264
2026.28168680814,8977.17534495577
7655.88623109754,6896.33118125546
6839.7123947231,8155.64544912709
1093.54740834414,8776.12271318629
6857.76470388439,7382.41382053038
1124.04233862911,8205.31645062719
1540.85002488832,3754.99571287636
1542.97800992951,3438.22052518672
1389.19508442503,8481.01592496779
6944.17666977951,5961.83094808904
2149.6833329643,9253.80755317252
1307.99332833383,8430.00694967367
1322.04467284783,8776.6935934048
1077.71219570937,8403.50065340929
1470.13005204958,8637.80901674078
7601.93665319765,8110.02147837108
6916.97086277759,6087.79992643574
4217.59950878306,9063.24438775325
1973.94097967406,9000.23289236728
1254.56754392973,9240.74004141704
7828.56608094492,7774.64428587941
1483.09061995121,3615.50093248819
3138.10204696597,6917.38608291491
3243.13657131681,9264.56327586233
618.230245900677,2873.68393321545
1377.76167849241,8516.46662208652
1326.32182189477,3690.40620953819
1260.32464703888,8735.2188567645
1357.71010198737,4018.92839881873
697.218122742834,3370.01428675861
1540.89804386434,8909.52002371363
1410.35441049445,9016.74591692505
7773.1063859611,7828.17637608784
7395.74363569919,6416.49124050425
1184.4248894838,8192.98752255426
1456.07903981205,3553.00741227099
1754.56242083049,5033.13073859704
6855.93127939155,7235.22877562881
1227.19005922093,9154.4144675535
7282.66108519098,7269.13479295307
1381.55912364737,9090.70991204711
8572.88263829056,7473.7696042259
8503.91073341326,7881.25822934844
1839.09481787747,9115.20530479743
7003.13855669769,7310.7589332454
6719.52220076766,7228.69041023536
2022.85703470359,8957.94891458848
789.462352087011,3376.88247636507
7506.34038456233,7826.44962197354
3938.38150791515,8338.16586766785
7779.91019717374,7977.09199146703
981.819325573487,9168.11190147533
5948.62837369002,7312.34591106428
7484.99934040655,8199.02515303277
1398.93713787331,3424.33843171977
963.55453853254,8996.97368208352
987.166909108424,3389.37426742536
6944.61152617622,6374.13389679508
1707.97980380813,8641.21923062823
7125.7042223986,7549.46449349554
8486.5471218696,6493.76870780962
8807.87833845537,7838.93182141129
2010.68073607615,8912.9831061438
7125.89944729547,7800.32844348408
6660.30404430493,7541.42937587614
8543.31250384765,8083.65440094468
7677.42151176042,7158.05904206092
7601.78123467193,7464.45926106337
3699.61121826264,8884.54633709767
8385.12293694902,6467.45787014712
7540.00575846783,7594.87495508088
1294.12621589717,3610.89304408158
1393.6852454995,3802.35262661088
7431.83885011171,7950.51337014139
1971.23271694763,3946.73863347732
8861.99270459139,7274.71395873082
1786.52202192204,3551.92609444083
1050.42706817994,8953.40481867859
3110.63765551833,9157.88001031697
6763.67946951896,8023.90881308566
1721.76346487672,4509.41533351548
1726.28501282602,9250.57829404613
1763.78752902828,8819.78316125661
8855.42057021132,6533.41410435329
7594.71829750362,7606.02988791124
7533.5981264313,9195.89262800676
7274.51476299917,7722.97923847599
8499.46026658085,7450.30788610524
7130.78662841785,7261.90974033813
6738.09409804493,6638.68584953515
1182.52796643986,7942.27837683019
2383.32806083289,7806.46069928885
7670.38823384903,8027.82855201724
6807.66249109617,7848.93135640071
2475.51938048211,6486.59518105105
8128.36666667975,7948.39841029325
1327.61566212,7850.67428440328
1189.33424914974,3303.78509093966
7202.45757320025,7430.90442818298
1425.04970178457,3460.95553260658
1736.88980053417,3517.1650216494
1820.926529844,8701.37780621076
7021.31066252635,7557.36847340233
7969.89210170741,7547.31545212112
7131.39585545538,7681.6412364662
7496.87787294528,7967.24066477319
896.01300819183,8698.02768858051
884.190820222292,3224.79565253679
8003.58792665127,7658.5857408379
1672.56794643954,8960.29768874173
1042.16826095202,3272.42497754146
7335.23372725797,6971.45676011272
1832.53592199811,3707.74719216696
6976.95740380779,7940.38292518753
1014.65999061245,2986.97872007316
7518.13647014938,7610.33379992478
1055.74678867657,3546.29257390948
1703.01266797213,8721.28507963898
1086.18535662159,3267.06444209268
7653.96907662956,7253.5520858589
1710.21185416972,9586.33340726049
1338.62009988548,8951.91097168964
2165.14523833041,7881.36164509783
1706.23991178418,3789.73623048456
7639.37595517733,7961.5019345742
7774.03744948766,8231.63350505962
7401.10271188751,7017.64732105409
2218.95569554838,8733.06261791878
7799.57526513566,8117.98471336166
7829.47851113475,7810.24979801346
7277.58099849935,7746.33774392911
7746.36947642977,6975.78591750398
1056.43092627587,3636.89466162141
1640.96920512073,9190.05805509109
1948.76924156151,3242.41494074239
7070.66312899339,7776.98627462659
5815.22438853876,7769.37047076237
878.175990288933,3394.0279522161
1529.03490642973,3722.12508914316
1379.72685540794,9261.2488501511
7409.68069640801,7956.89984653359
1239.99055054173,9151.17091796415
6927.24424710816,6869.87617419739
7485.00376366364,7766.44874783892
749.271415913417,3468.19564125442
1713.80600865392,3879.20693374013
1491.28697919858,3801.73773845252
7850.5273458739,4897.78741485756
796.401577641524,8923.98781715352
1051.4975127617,3242.94156822776
1288.71046638769,8991.45484746551
5433.23766727087,7421.63106975772
7695.17010565171,7207.28031044169
1098.30933866004,3305.84368101646
6676.74351573,8883.4029592185
1832.42609427935,8488.60585996735
941.539750708817,8303.68640498595
1658.8124111756,7738.32143311893
1464.6049509114,3785.21143490058
1106.13269103866,9173.16252300109
1215.97534029815,8820.08998410322
6586.6684744177,7105.22117006854
1248.52035815161,7723.53893976742
8051.6398066183,7724.48282869959
8158.63090422901,8623.21017923162
9089.52099517932,7413.85647859202
7717.46857725187,7277.91231226664
1118.71944053123,3688.45061878757
1582.43787270592,8876.6081939693
7183.96501748535,8160.74449401947
8496.17296034917,8091.21385429383
7188.45670519401,7526.64105791716
1521.57089068591,9091.13512134313
7262.08262733599,7608.5856286631
7812.41653763791,7192.90825460142
882.764091514662,3062.11529484129
867.216672774928,8271.82879860675
7225.78979037609,9283.58422726379
938.746932314426,3267.26256404555
7669.87451789123,7154.2314734536
1256.77717145895,7340.56506237177
7256.7918310031,5430.47496761707
1305.86687354842,8779.20113899823
1090.81098509202,3110.7218761349
7728.04149015211,7403.60673050672
8114.33976687569,7931.85344630644
1415.78601276873,8970.20506774194
1240.57030545621,3419.81667017337
2264.07781205924,9691.64744364686
1150.77809775983,3541.29278573598
7927.26061517357,7473.66212123673
1532.61699445894,4186.41555240189
1619.53706326972,7973.94398571174
2615.2888947976,7556.06735911285
1633.54466528005,3950.7885258036
1275.41911432544,8429.61026341083
7662.41776556693,7591.95238789037
7934.41106559366,7496.46873450936
1113.85242560462,3496.6313929509
1658.7871140215,9361.4880677749
1667.71350609589,3351.05995575719
7491.06991745212,7743.86856652248
7096.49720341545,7609.98614388429
1526.88537190675,7722.67692849856
7286.42138202437,5598.38681483513
1109.71231123575,3380.27259618974
1224.35340789971,8875.67911305729
7038.85894014836,7952.1423455123
2182.26248473209,8248.1793331909
7516.77944440925,7017.71612752763
7217.43630171658,7912.22340557601
2868.72853765567,7783.26696949672
1904.74125949264,8983.62093373797
7918.22721212127,7191.00626888977
2004.21544574085,8990.21489623236
8791.65257980047,7506.9552353847
7667.05846031606,7377.55440441225
6825.18498852698,8038.49421946443
3961.39605220098,8901.2638590495
1848.59782524993,9047.49490080813
921.919106319858,2718.25873988606
1366.06751429382,3568.99376753242
6816.49476498656,8283.11616387287
1885.97027704216,9151.70523095051
1270.26553945126,3665.64259447042
7460.13562211543,8055.54146039685
985.93902078693,3394.63542500297
3588.7513399519,6529.13196521515
7364.75361530277,7715.47436984415
8089.61209288246,7429.7971030023
1142.78946570413,3259.92909986667
3355.13923984034,6623.36441869772
914.617104386829,3328.93866179871
8529.09326115519,7305.99670168163
1310.83065969904,3632.05940605548
1851.45903549014,8601.57238278934
1393.97866737807,3593.74091495169
1350.86069171836,8984.09676277171
1948.64293373237,9187.48596021383
1475.93117371793,3573.35978252205
1066.85682608684,8252.87017042002
7515.98213622539,7316.04799963717
2227.20336227129,8000.40127964024
1212.74617335397,3768.78252454814
1200.60341201106,3353.22731086459
503.123925775479,3208.18829416826
736.045225313594,8619.64942069436
8983.06343208441,7216.12026739183
7051.53299853984,6831.19697556373
7140.20923787527,7589.53253783727
1668.69421907402,3845.5065041633
1501.91188075922,3394.87492069743
2408.1272841243,9334.23370660592
1568.30826193764,9217.9790512625
7072.70873418907,7142.22909188232
8007.24791548938,7383.18443216452
7508.30971889543,7219.2955127132
6696.91035095171,8003.95125709737
1971.53372022406,8527.79124700329
6604.20169757572,7113.18971861526
1323.45004083013,9102.2403610509
6690.26446926392,7400.98634858795
1845.14434040992,7998.22479016416
6241.10532676412,8372.91166170118
1517.7027149267,7693.6763226346
7390.98187612545,7439.31819264884
1404.84992875416,9155.64823088123
773.396378123852,9146.50737662659
7506.90379282528,7201.2420802818
7656.49982755002,7337.93505962041
7386.11473068223,7927.2129316345
1506.04247231442,8696.80088346093
6252.29747182964,7315.34545911793
1936.6040206578,9142.19017772851
1664.62714454334,9320.29995262147
6394.9072520892,6518.9180690207
973.375596669895,3661.25134406442
7503.32744942211,7021.15282918015
1269.28718866922,3887.77310382587
6859.76413195892,7800.0686392952
1323.68419087905,8988.80143524051
1955.8961931768,3774.20072114658
7446.4322016042,7608.29841353976
1618.91865838839,4073.68491320347
1008.71598780173,9010.69441516741
995.119715303714,3178.90249536306
1875.27154808996,8623.60921443377
1774.49165559873,8983.36821780015
3279.32921463625,8578.45257708152
8387.61373851631,7629.32417857768
7715.02460068098,7523.87207212791
976.284935925995,3274.16665539277
6668.25634300653,8203.82593564276
1550.32231695895,8537.53679357613
1217.75944976288,3406.58803682488
2076.62469111329,5412.30867330212
2161.4579282888,6786.39261455141
719.66189600299,3023.60540108696
7394.01102955666,7927.27490531727
7629.50274895924,7743.51082023741
1630.92128027393,8903.5366531805
807.624512620126,3410.13072585734
8440.96610173161,7951.05517922044
2429.25081427254,3963.53236171643
7932.51285866774,7998.75021848893
7616.86920940389,7870.31580069756
1536.97907904736,8578.63556880196
7712.32793576783,7935.83542645733
7671.6976301353,7905.2418151973
1044.23509528465,8867.55399585917
1171.81210422086,3519.64315783422
1747.25900787214,3813.83210183787
854.255095676013,3259.93191295631
8722.07050576103,7610.90419473433
1672.20283822768,9025.49259432661
7300.80255490864,7915.9290329322
6189.50856324343,7224.10585892999
1704.56286066841,8901.62524670452
951.469339223323,3481.1422523029
8499.2427694381,5459.41798887235
1349.49357116774,9266.56441940056
1146.91805304756,3592.68501470404
1399.27975684934,8940.98281915888
7478.47654510908,7312.80578795784
7288.85392605464,7143.97199668273
7812.26993662154,7992.82606189184
7150.99925071168,7605.03831537492
1258.27221615384,3826.60034401214
1515.45950641062,3435.63534531255
7508.33887298102,7262.72168724379
681.884206134614,8374.54868030129
7466.96467016121,7419.9357689512
1075.71708694291,3420.39660289616
7270.63810900116,7727.57482466268
1849.36793011056,9180.10175000397
1228.78779690017,8977.67731454494
833.343964027438,3245.56368989972
1002.08923890301,3668.34928110903
7352.8250900184,8738.39208030583
708.14015353645,8430.47887418516
7340.52292283624,8117.7915354668
7357.61525735425,5931.57488508804
1518.83688317945,7274.8643308088
7964.07897354992,7346.74593642098
1747.61491997433,9154.97842727379
1167.95779875199,9369.49882366764
1494.39506690116,3664.4807968239
7731.16862896017,7276.76369211531
2010.71804012826,9073.72265615011
8110.14752301806,7974.34829173544
1435.45111046449,9194.59337124839
981.575135956936,3929.16199386192
6999.54959827097,9025.89149568704
1219.15848731394,3360.59300166844
1348.57743645756,8361.33381503108
8104.48090272084,8034.37526357056
7911.20365793879,7999.63240664363
1699.42003904782,8948.99211160805
7212.66396939498,7481.90628434006
8454.09554159331,7572.70359810156
6888.1023839808,7692.48558883022
1257.33238127227,8358.09348918998
3772.34643830929,9219.21616876472
8005.53699997738,7889.567090462
1319.67353870115,3040.52805052208
7943.63438998827,7525.57166918987
8595.26306178219,7462.77555329583
8412.71731588327,7386.35920280136
7843.37954466878,8628.41437522782
1886.18728392198,9105.28547616262
1149.2124717171,9117.53001114988
1426.27150937879,3549.30304642983
1830.70416258924,8369.54783493444
8009.88129939329,7202.62183956998
1753.82883746258,3797.42902390256
7452.89461479543,7839.07515406896
6225.22976718661,8978.16767486845
1625.88210384087,8383.61171879505
704.051430966569,8815.02042563537
7114.56923381417,8334.33347990622
895.218288926863,8917.59754445694
7271.18311027682,7481.81550629215
702.10522264718,3389.6982937668
7186.04276453496,5355.26903829531
7511.21094092949,7798.2878483865
1353.58631928625,9064.89165273008
1437.98781575013,3457.75540983721
1574.24417222533,3654.11745510319
1714.58328718132,9010.05800097726
998.403074917671,3554.32359080152
8100.9673241234,7257.34158764975
1201.80509302778,3682.75898298633
884.785251221727,8942.09510185085
1838.38935320094,9313.27126911358
7619.88774615866,8261.38129254799
1590.42537154032,8145.63174639069
7941.6102940863,7378.64198250802
1439.98464750811,3438.06074632463
6964.87384861612,7669.60596372715
1323.47934751951,8988.03805006566
7622.73398421678,8153.76443108544
7109.8465421982,8061.85868560598
1724.16480304258,4537.19608403211
9169.01355050003,7703.51446629847
975.9726239001,3488.1747947966
1036.59587825029,3250.51785198103
1055.48092606321,3509.52407272928
1460.42643204152,7884.69856296043
7690.29829968387,7896.47559919369
3039.64271877275,3311.74720033784
1464.30240359714,3676.52033027277
1039.121524224,8081.70556142692
2129.19245983183,8572.36504520753
1460.6608213253,3628.14817082423
7685.64488719379,6718.12022923197
1860.32709996802,8854.70444089947
7098.77824774311,8231.25233092881
7510.11069346993,8020.90854295869
8089.88714636262,7898.1910382287
975.242729890252,8905.71672848518
7219.58417803841,7838.09119088452
1451.40920578446,9088.68118655176
7894.00535629255,8067.03459658943
1961.50622865743,9094.69449313643
2281.52547464229,9087.88635530587
924.119009284396,8774.12921219107
7733.13589448748,7293.48270244318
1721.37671624474,3954.02514854261
1453.59884608286,8497.5340017892
1794.42761257639,8659.30209010688
1645.72575683694,7934.9353199609
2308.87131575434,8912.16897935133
1479.01916333016,8917.19147274257
7595.57193219993,8123.6424590721
2045.36190766017,8269.33840319841
1240.79098784411,7337.26758672996
1376.73315706106,3436.45664717295
3521.12251760736,9063.69339553475
7480.03736381782,6383.35704410473
2501.92769688417,9152.44685964087
8092.12642403898,7608.7762230034
8750.92861812026,8332.33949918112
1495.6454007183,9151.65701512153
1932.68052781573,8982.57431462396
1787.26382360331,9896.03443241918
7986.79557607465,8366.03277406453
1812.7767274984,8589.40284219652
2027.5230283463,3648.05951767902
1495.54037082365,9036.13964206053
1872.83473732655,3475.37555700355
2034.53377191398,8343.49567564274
778.369607129964,3348.760585715
1485.0944289538,9007.93061991922
1332.97101059592,7511.94909707793
1248.98864500071,3293.65745204048
7085.54594952406,7672.72773553958
7691.91268979842,7449.59032989101
6574.69155192316,7208.90766114766
1755.35444075969,9291.1924563983
7940.07785927666,8691.03926071213
1338.27627584047,9017.20185409202
1572.49037390514,4073.15221369903
8575.61821395853,7717.05449853097
633.443445003925,3398.25153196302
8627.65750481968,7706.2175200803
1230.1428146203,3457.10230995922
7613.57684486543,7361.12274907108
996.78392242962,3332.50474507021
1324.0933073921,3804.78167765726
7885.66623848703,7683.99125748646
5707.61309803248,6717.19171019294
7650.89192056212,7533.27054950313
1196.85987454562,2986.14889926393
7192.57216349917,7525.75003830702
6981.60438141639,7568.13914163126
1007.37840814287,8862.3263111228
2199.68494816115,9338.81053676899
7456.53539621689,7982.88855127102
853.407973448815,3328.85511804353
7145.00102249524,7443.50244861483
1062.31538036758,9117.65435811614
1254.96110360835,3618.89017114817
7711.61414482539,8062.71659933385
2160.82967056389,4866.15189967325
1075.0928866617,3550.44368500903
1003.771892106,3310.25495925693
7243.37839203856,6801.55162771469
8133.17747119183,7802.59680326311
1228.0489018166,3813.6483480998
7795.06842509433,7378.35233241861
1202.11028342829,8748.40975039312
6300.92994073668,7984.91059450078
7796.88952200068,7390.98274903575
1467.81351209228,9073.94890566857
7615.50123838288,8081.83490046874
6438.5396677354,7665.07437313358
7320.95540338026,7672.47929805973
1137.06885048073,3524.95448335474
1008.2611072788,8292.19453576015
7307.79846973293,7923.25016514934
2029.18909880992,7114.11224988104
1573.70545791114,3379.3274726631
536.331964848313,2986.21778711694
1419.54788112679,9002.37338698165
6749.61877150565,9533.38968582927
1342.85835166066,3968.05488877627
1924.41474114453,9272.01991878561
1150.95797524933,3387.10841242557
1164.27737193969,9188.44310050936
5382.12814271036,4123.0601433223
6581.86746798915,7548.5917640644
1163.42711172298,3690.46094507493
1700.07893130663,9442.57517236604
7427.8577149512,7955.33884453612
7237.58030956246,6949.94655814508
7470.01501982334,9262.5124262743
1760.81352378075,9054.33077874871
1474.76860122325,9064.11299065673
1992.37358555259,8989.16859930972
1336.10492771292,3809.39864206184
6882.91436599193,7640.92527332047
1300.06606571165,6357.79542283065
3280.61698359347,3310.82888321939
6463.36264057216,7373.96700450949
5903.94739435091,7497.65703505294
812.159429594096,8857.66659597356
8146.29035401731,7076.33807281756
1264.66608623716,4085.85648089911
6965.92118698873,7357.30005852328
2208.5082847847,9166.84033941917
1673.797551075,9174.34535456536
1330.29125622885,3461.05158253296
8796.66049609992,7705.66616053981
1401.61543534381,9050.82859425278
8833.53900061369,6261.43849884879
6996.50721546338,7894.1003268116
696.493198069116,3072.05636619902
2608.85807296934,8363.73205450725
7319.49711720565,6740.81516783323
1422.1703337655,3509.82815864516
7163.96012752482,7937.18072064371
7564.57284245103,7659.18129983453
1985.4810691318,3758.23870268226
1528.50340791173,3551.80035394396
1182.49071258151,9022.04546264471
753.745777572023,8107.01835536382
1026.35875819253,4215.89255148569
1543.6426729458,8948.63460586114
1888.83737599545,8371.28154893037
7201.78170792138,6635.84996005381
772.668553923415,3249.04811417206
1136.85332087072,9251.44747513942
959.321860584214,8935.89136697539
1832.66304217647,9216.52149203302
2364.82535693429,8579.95615450607
8046.23755029615,8434.88520697666
2197.55428919526,8470.93943456826
1084.83863056638,3268.81421971096
1004.08099481991,8866.01266259929
1983.08999639988,7919.36346477082
7520.58136732124,7287.6686786903
7266.49350798611,7761.314558359
1793.95985056553,7791.43767893649
7090.29951230102,7715.8152819214
8596.66126714628,7482.95796007444
7371.59680229801,7822.14276465182
1225.12789925867,3625.37820450477
1738.67523787081,9179.94662279637
7376.12520978965,7991.14393128996
1078.28015504743,3426.21901008804
7944.67404716161,6842.77625939214
2081.43553845655,9085.51064388465
1834.88885800747,9163.6372450028
6729.11390844869,7537.20119549099
8378.74566775867,7975.99053057664
1814.72885086713,9105.40781042071
1356.22526529837,3699.02836339142
1423.24429888431,8986.30776763834
7765.32386841631,8510.77201291
7227.47497106407,7931.0116095736
6932.68851235215,8208.90351752993
6223.32314687883,7900.70275586954
6742.65106027132,7592.59549323842
9012.06662264078,6839.70833573339
1493.22732984392,3501.39264690716
8364.89472546886,7401.42831790755
8033.39682494295,7415.24951408021
7913.48467694065,7033.7307804096
1639.87677393588,3863.65538976096
1333.79993641888,3406.06581913156
1516.13974893998,9245.4430478729
2191.92549291373,8986.27308390468
7156.2306860372,7822.82322058296
7449.04502679421,6956.15680898071
1113.10356807865,3500.89525136323
7811.42353996406,7777.23840403403
1520.12904266741,8285.11868416069
3696.68512686939,8486.69889290564
7077.36897581838,7540.8192029386
7443.13230968652,8248.01754742808
3890.42257685654,7484.13784220336
7323.33951812641,7839.64203678957
1165.81998433936,3626.22675062512
2617.11535573137,8417.09697795273
910.929227301818,3144.39450937695
8557.50066979582,7822.18088598665
852.489463519661,6062.58148694151
864.894028096483,3449.80749084425
2101.76999474076,8253.97677640061
1542.00573107938,8187.56623269641
7727.45810804579,7833.42431707508
1001.33305862867,3043.36557114539
741.658679626664,8650.31329513595
6756.48807809899,7565.09603528213
7973.44649174066,7772.52145955635
1802.39079611013,9232.71587640542
7646.48498746216,8452.32313711963
1169.48584757365,8593.39186376678
6963.91188523617,7624.85142458837
1384.31542286717,8896.28866070886
7572.52203812417,7812.13104728896
1193.79834933819,3573.95248935054
1201.07165698574,8854.77627146855
1062.94731843765,3199.30663952832
3415.28816530805,9259.85946093258
8130.57212645677,8148.40497651061
1392.52238062776,3378.288017324
1144.39720003129,3622.16253282613
7050.86322594236,8074.0107998699
1570.12386523737,4120.02896956068
1337.46785539217,3408.58932216252
7298.50021260788,7212.40582173089
7192.53777527531,7930.3322379096
728.758400638866,3300.4111827663
1144.34188336392,3422.85270690544
8472.45238820751,4343.49732536138
3467.65668414012,8859.04608280497
1520.39208964532,9082.51365296607
8024.34794184755,8050.00741944513
1662.79815316513,9119.34629477014
1602.12583468028,3659.86588811489
747.963231256594,9154.10538935371
1158.555933214,7826.21147775425
2540.84113960855,9201.10985556328
1704.91360616134,8966.9642059591
1116.09443667358,8692.52609861744
1299.73702336442,8624.15279677371
1335.57712376618,9138.87587844525
7747.27773829556,5777.429723299
1251.29039442946,8730.12881845572
1497.26143266076,8664.37090416992
1016.38421504882,3613.10839740092
7833.94402216019,7358.09014530869
7735.73596092137,7040.65484898357
8913.78024551424,7675.56765781561
6869.71172600743,7546.17167042844
7457.20713704072,7410.93900097808
2323.91773319382,9095.57139319415
6745.96424767504,7550.35227307884
8123.63344204374,8446.69921527204
7389.98124599916,7056.25962266156
7460.72979220584,7171.58354175533
1748.57153746051,3408.96646472714
7319.31296920409,8246.77570917198
7869.00672700254,7802.60200131023
1189.5539940003,3163.04689814073
1331.40129959769,3651.55660057558
2036.63338037883,9118.52020656612
7191.12475176136,8202.46344480138
7473.04670851588,7426.86931948625
1540.17454372242,8905.30465629502
1317.91431726893,9287.16637537001
830.380051560062,3339.76797187075
7523.09419275362,8140.53621955488
2032.44391664714,9194.26206806954
1363.24161641305,8445.08947469547
1219.39811007091,8191.62593631698
1013.72485336645,3411.49327815932
7280.07113035514,8181.79041962447
7305.60788955127,8015.88940625623
1278.08065455147,8080.04475522798
967.05199629881,8933.40067773304
1513.52122634974,3650.74872640403
7571.99656431575,8225.07953092968
869.476367000148,3010.97570672761
986.58068733863,3485.8884598908
7484.23130844011,7068.17181572079
7103.43726689978,7967.23003292726
7570.81901619433,7067.26551533672
8733.00449872952,8309.82774612911
6530.75776152651,8553.64022060516
1424.0541885547,3600.41348235792
6631.29212108498,8111.76730090646
7291.38799863296,8042.8436957063
1425.28409615537,9351.38877421153
1229.24336887614,3305.77093126485
1305.58624786373,8219.80265551142
8524.21689392527,7365.06816546043
1378.2971532798,4488.46567286168
757.960865232322,3320.0490744055
1708.07857337235,9120.38303435237
1477.19477600521,8783.8773159129
7178.63944394864,6701.14183313777
1490.36185873457,3575.97267853723
7254.71342102126,7957.6723251286
7412.77189151746,8527.15739153499
8070.32997175218,5347.73128323996
7679.40446065585,8222.89645206353
7922.23669657763,7069.93829673112
1594.64547894989,9269.75929222229
1302.96060043379,8817.92564861144
699.26162325926,3343.17949383655
7841.99425140571,7587.95329789092
1018.49183357709,9134.70850408854
2257.53253718207,9228.05333678493
8357.72917281518,7506.20416860697
7518.74317816416,7805.98972287212
1270.35218979786,3858.21453250717
1688.85444729357,4460.40183127317
6158.58078495771,9086.54530576986
7477.13578210996,8421.76737386739
7448.53582318772,7037.17826248897
1664.77124350197,8863.1573773947
7211.47653652983,7974.16017362136
1118.9060023303,8802.95418153325
961.109560056127,3375.56017105356
1568.64500078973,3626.76492645419
7676.35230566981,7261.29552964608
1294.64475032911,8802.8574607744
1591.02759699607,3731.40175194069
7167.89279125353,7093.24269555033
1865.15603996989,9043.45510860582
986.382976559033,3253.61681904292
2223.76552219091,8752.59250461676
6801.32267825723,6758.47957420561
1699.99133047792,8509.75381408536
8076.01024650934,8005.97562287499
2404.28134032591,9242.8572083406
1468.73982772832,3762.14390554005
8937.5617513147,6999.08873853966
1486.55358292942,7586.69677539547
4244.53522320909,3870.17521404916
7683.02228062412,7523.14585028365
6877.6316688254,6856.41068014513
1186.3863190556,8964.75761980201
7997.29177947942,7793.81520098606
1770.21447097191,9534.16476317411
1980.2061934853,9249.40360223179
1463.62037783114,8951.78521440224
1295.13661097277,3413.55690861487
7371.62099739821,7967.2949781887
1231.62020446832,3822.94659937262
1903.11028522807,3568.46281630933
5862.06673852057,7031.83798489239
7425.72852175609,7698.38444057134
2051.06467455893,8834.13624328316
8263.02385799829,8157.63716047436
1227.05710449681,8951.70890865608
1704.84487042565,9030.01502025306
1433.93960899372,8811.20999136471
7727.27584005183,7258.49786712807
1337.54624566724,9255.96161688056
1589.66312806248,9130.53289535421
7618.90947886652,6904.53376980168
1973.79870904633,8762.12839318763
7377.14292587247,7973.12673181937
6908.32455519038,8164.91291403314
810.890899373171,3196.88398805634
6031.35155042032,7202.88796251692
7274.94628560901,7426.85623662886
6864.69478723323,8568.24979994938
1297.96686308631,3545.82525787027
1311.67849626333,8935.34725566244
1137.60293154748,4242.38739399371
1627.59458123302,9212.00232183799
1326.86966962329,8943.23443200004
7310.86235280406,7452.59977035803
1916.50531776542,8856.74367339178
8148.36534604973,7437.37475606135
7128.13836229901,7162.77658672163
1882.95039326219,8429.8446572833
7002.32772963724,6493.59776910514
2139.07965038993,3689.75436104926
1084.12931793364,3750.89774549839
1518.05573997091,8166.75824428295
2318.4615897271,8336.36398350534
1170.17080032075,3152.43525042634
853.33213053006,8531.00715443601
6894.65486206845,6841.41538353215
6729.63813903221,8421.93549032106
887.071132689302,3736.38702510934
1100.95603629886,3479.1334543201
875.730910852923,3480.8203239522
7604.28476615091,7674.40045159884
1428.88099559906,3718.7841981205
7268.89673232561,8062.37013336974
1285.43408995075,3526.65369071454
1927.67713148582,9097.44485721387
1472.40845018866,9327.87424536437
1073.95689981872,3379.30394028556
7244.49277819814,7936.66656631446
7153.83497778245,7649.19435712998
1877.26655746044,8400.58691642726
1024.43264160222,3688.24385013856
829.615873693652,9020.03938095566
7750.98929411363,7061.83946290529
8786.26043606197,8122.6696573572
7633.83089069731,8030.46966664958
7893.09811816194,7513.75421256234
8235.95715597477,4719.7141854555
7081.27664292142,7105.37018067407
1909.54301152237,8916.42947781097
1415.22990407172,3955.94629304911
1856.68759278339,9153.45496525026
788.434623290625,3384.07070821503
492.252002743239,3341.50122901673
7034.09480112591,6624.85909799102
1722.34683718205,3846.60486506149
1510.25138144165,3742.92396905604
1572.64970801773,3877.55133963453
1393.62450019938,4078.50583429765
1174.39838760011,3552.65633509582
1693.21470029333,3440.25416180603
1252.22935103513,3777.00407758017
1559.94393537058,8681.55872230994
6997.26237598251,7190.46085413497
8651.11978015707,6918.70614559062
1783.56320326621,9052.55652255348
2705.79358356445,9248.5468304309
1592.62660324067,3931.79795248362
1593.80636864499,9008.85880289967
418.602016863911,2771.93744638275
1835.89620191557,8635.27218357005
7910.97197302303,8271.55483921297
1830.44247281368,9015.729326661
1739.03629063816,3699.48480247142
7805.37269653498,7945.44776495076
1135.24684404908,3316.6140164733
1061.08157512194,3472.06582326501
1639.74754048713,4100.57333244067
868.391906208603,3205.89530730852
1440.48894825989,7998.69883943279
1567.76670620477,8825.72756481033
1338.50485642553,9039.98482800388
8514.27665490029,4784.80086509613
6599.85001234001,8312.89493469106
1507.09765633286,8670.94336921213
1915.75452660396,8619.62193951673
1472.64757609059,9195.13159519222
7716.5160659742,7258.97981337244
2418.63965359826,9480.81973919183
8623.00412134956,7835.31848525678
1210.60068838517,9016.37209110621
1506.17778940766,3808.40689566239
7594.76879863792,7046.17666437826
7564.9201098487,7708.96638762707
8079.15950538793,6036.48176559777
1106.37197749471,3462.60333778503
1520.79055656673,3718.20674463984
1800.74103756838,9109.03617093612
7297.6830754696,7631.42683910469
908.47465613954,3106.27536335175
8474.58674705368,8223.08558115371
2860.01390465035,3633.45946667927
1653.87409464056,7692.19373942034
1000.4637717027,3277.95204635393
1450.89787339663,9110.7893675851
7501.96449593883,7983.27135906336
1738.20785473374,9400.92058655389
1130.06233094075,8874.72263881764
1822.04984681274,3885.57754399574
1326.58549799817,3524.87861888571
7338.47252418229,8400.98933230465
1383.43720912812,8308.46750861163
4823.27669014575,6547.02224199974
2153.70269889951,8711.00817224529
1707.76057700147,9073.85548766321
7875.07264164981,7597.72634572705
1381.68260594103,3622.57483060025
1635.44546880609,9180.45123508468
7678.63811085208,8532.2112447388
8301.10327138707,7636.79821960337
8451.37234061915,7967.03415963756
1695.50165832654,9023.54296534711
8157.0218909587,7218.99137421322
1644.33341646248,8732.67629767528
1306.41739798602,4309.65460119141
1405.04599755071,3707.64805563858
1380.27862298438,9187.30786876757
6417.35073593263,7981.49244872038
825.143199274284,3102.77925250967
1090.08444366028,9103.89473098136
7826.01776092483,7939.19932251576
1065.89473037812,8698.64967040071
1614.47719171778,8750.42338656829
8204.5667938098,6918.38919340735
5816.21377081802,7555.98484552599
6268.17448113155,7324.00632928704
1593.91823290366,4019.48735075124
979.964956059212,3138.6033147511
2530.38632073038,3291.32869584681
6515.87343909241,8209.64802431238
1851.27902989063,8795.61905435178
7258.64142453591,8368.46555965563
1481.60785677511,3621.46995701123
1118.2770037484,3323.47367670037
1636.85283082351,9035.48880107425
1254.1411118823,8905.65859143842
1089.37519644025,9007.71030091012
7697.39984587204,8125.02713695878
1497.86836870041,3736.23585519318
6769.03395000848,7593.87513322418
8394.07630640207,7547.9643084406
1061.83430906508,9018.42046620616
1736.47538474624,3286.91150811453
8576.86648440415,7638.01412849974
7897.68108707727,7883.56791212415
7812.33574708335,8196.15749148677
7512.44996378143,7970.7462372755
1550.05309937123,3884.37643133952
1569.02898730492,9035.4778123492
7095.38325989457,7680.26089791756
7608.65329462349,6721.72781828357
1494.40150699249,3553.11109186666
1577.63530838225,9135.68738849853
7407.48337318953,7275.50139571744
1157.53579142301,3479.42116750483
6915.0990277168,7241.16591359128
7570.76856286698,7839.16512278974
1707.03147952039,3666.2775269792
7309.4368871646,8195.57247829317
1115.47199372604,8968.92584307848
911.062160900513,3336.97758747621
1504.58076463102,8561.95057035044
1550.56445839845,9146.48095716361
5144.69651205046,9057.08036670263
1668.13746929913,3410.16890116413
1189.48191901448,9267.33098536555
1221.8025398686,3792.86771024739
7472.59193273966,7904.52556925646
8955.6934079159,7373.27839448057
1585.60206492801,4024.20120839289
6572.43491133693,5259.55370807017
8221.50787704214,8360.33076445786
1674.94463361285,3349.49018419389
1643.14027674717,3683.02364632211
1559.63466439355,9134.36475071711
1197.67385918101,3126.67570407261
7155.87201693343,7672.0355196067
2719.7411007425,9333.12617541599
3504.24685906643,3182.65385113682
1598.76292177277,9390.08099369917
757.119142406809,3341.17350608906
1131.09190890458,9028.14399992915
1199.03481701358,3686.52740502488
2182.41394460707,8004.89868823107
527.805352461117,3195.98285748099
989.156079555004,8799.36506619313
995.984484012,9061.0915066762
6892.04810354247,6754.56067669903
7541.35602144923,6978.34728776624
925.756477453493,3767.9865909171
7140.9751623302,8000.12649378289
8446.84882067209,7763.08986804587
8400.84573058651,4612.06853744407
1078.89801546042,3223.85040941764
7716.8651919747,8099.4738952167
8174.91813616949,7894.68019929506
1621.29878851046,3869.21862738019
1442.77509363798,3565.98773822769
7009.38545253786,8396.39539479715
7334.25630300685,8007.02638492673
1072.946791158,8783.93867200229
7053.31724015131,7671.09120386058
958.013167822379,3156.00498376653
3446.88812455838,9011.92090127336
7722.9237273677,7900.17160114236
509.074230679014,9248.76575537068
1830.03405477014,8998.40312249851
7218.73970512588,7291.80980614556
1954.09841257459,8259.13174556356
7495.56898233029,7916.59769330181
6869.14951308979,7252.10571881422
1666.46330826869,8283.27490604733
8907.04920007105,7817.55422708259
1104.87771230163,9146.4034740982
1240.73144319552,3205.38458800339
1466.05197971406,8798.80319865603
1666.24762575148,3829.13817495686
1179.78647769454,8240.18521734232
7931.6635896833,7498.06818329494
1764.71161517558,8948.55863511125
940.628149647371,3365.38051506745
1473.18414212959,9091.78580573449
7331.44028152108,7559.71454530739
1402.85473253576,8952.37261146199
7169.59827479039,6575.7853672538
6987.86543526991,7549.66502158128
1123.94811568326,7705.45129842533
2903.42257757978,5488.57483945201
6667.79971258391,7602.62203345572
1559.96021925932,8926.08332798968
8640.011727493,6059.49875095133
1773.740313141,9153.14001684901
1590.69503343285,8866.66097311591
6935.58089414565,7214.18612339502
7989.86098199109,4845.09032793828
6877.09372368719,6932.7753143408
2071.7624873992,9033.45142797429
1731.94246999747,8908.29817659874
6739.3310596786,8242.55170575682
1386.93180221776,3687.17551106666
8521.49856313841,8208.45489511856
1683.0009738934,9192.35965549023
7326.7726431732,7939.71809730812
8067.00256685169,6830.3057886656
7777.12830409373,7320.93462964132
7447.02010291542,7697.75524915302
2535.98612041307,8493.51810741495
1338.70161247849,4143.6226650395
1867.23673405218,8283.33926275138
1095.34932430627,3608.13731268966
1582.00903558683,9183.79232887815
7198.44589477321,8142.05576345107
1365.24731837479,8660.03474032614
8183.53896316497,8038.44770979026
8062.25134147066,7262.66537310715
961.076172069516,3510.08608679376
1216.93799949789,3508.76203723742
1977.00653965569,8880.82990102199
1363.93862513714,9081.68138777319
1775.25999630196,7914.27438894376
7806.50796151701,8517.60243130236
1268.41351816318,3687.11237931502
7989.6700448258,7169.75252484315
4326.0642876675,4632.30321022218
7892.15987009347,7666.1349016253
7662.43209158943,7696.56251846542
8049.96751252393,6436.70352038625
1573.20910744867,8362.06734163278
7386.80726337741,7698.52307908614
1517.10423687361,3844.1893747494
1544.28198496366,8748.96925196667
8431.53268222707,7373.6537267469
4172.20374300031,8397.28739604343
7276.18612950985,7282.15560798395
1677.2586590572,9233.42402956886
6924.47723876014,7164.15550724768
1793.1224158003,3833.4947512821
7133.02263088862,6981.59309600104
1558.35103998859,3098.69327624173
7679.53973964849,7816.85948865733
1446.94336795869,9247.53557870079
1822.15721346545,9245.42540887325
1736.80166368948,3607.37663046179
1547.44570936263,8685.31968377537
6396.81021667321,7369.96251379193
1146.26877339162,3329.03515515304
1473.11783468602,3813.02892693074
1990.83123794869,8964.81276969732
1150.28973720689,9169.17549361261
8517.62500205843,6983.92363198409
6844.44436451193,5410.90840026699
1713.47072449024,9421.41820640692
8001.50952517559,8206.68855896182
1394.48499636962,8540.97206582719
7300.15073417836,7678.05590083085
1877.20432453265,8371.07073179891
6552.74095364752,8011.84545091903
7006.13767325809,8371.90915275932
1499.64518538176,3542.74048145246
7674.64025063392,8029.90289858447
1629.84954331878,3543.19693590131
8685.11099381567,7114.89099803166
710.958463253581,3048.78768874614
1228.27150244125,3431.27912045472
3517.07920317888,3494.75042424799
7690.43004665519,6975.0214385221
7431.4530072691,8453.49833347048
7101.06939269375,6300.87954217584
7668.54629613948,8001.29033565436
6303.05711721443,7110.96632098352
1148.93741959456,9096.24570771772
1686.37210202471,7868.22250325432
6850.24650591216,7797.02214344154
1688.67738698404,8766.9678374663
7504.86641960378,8172.05695930712
2612.29229709664,8736.49693591531
1410.36483078573,3938.79645152092
1713.96741686965,3510.54183789987
1358.07861468814,9024.42975487688
1435.31672853121,9293.33875698619
6349.30471279269,7320.063262289
8469.77284666568,7303.05820407925
7619.13404704938,8085.45474316956
7450.7379975558,7810.43815648698
1155.42107932955,3676.77511381411
6942.77990109831,7223.76135058661
1980.69804560627,9548.10761074447
1316.34774051852,3472.59110140998
6804.02424330842,8022.91509505427
8158.06975928296,7510.51373389796
6800.00439171841,7846.641167646
1231.79978915844,3828.78942028024
7782.96212129862,8278.40868297356
7960.92736068785,7085.72943375708
2054.93594182163,3959.87592451523
8001.64184644605,7559.67438594513
1410.45115545085,3679.31230423931
7213.19085456538,8231.11487999767
1741.02445164617,8890.874909632
7370.34763056873,7528.03872289168
1474.23488638907,3643.09527527489
1523.34010425972,9131.78564690979
544.129401781547,8884.08882456464
7063.49202609288,7625.22518851746
1126.9287213616,3816.6835868061
7364.79385524275,7549.26850545377
7655.27945594996,7141.92196638435
7893.73899428643,8147.29063437875
7007.45764519122,7887.11637531751
1645.60081325073,8764.42891703961
6774.36028729193,7985.61813819461
1077.31296898445,8749.24467788588
1239.66307690392,4021.50740627291
1660.34713700503,9346.52604791774
7008.90845148077,7812.93456984587
1188.96893400274,3212.73859219995
907.316709354801,8365.15559896723
8006.85798241697,8126.04635069083
7972.50209514939,6075.3345175353
1089.34125973041,3753.35399767893
6385.70087778536,7334.75628536472
1690.74748428993,3795.02673527802
2008.23726612715,9473.33329299919
1199.3061785635,3419.12189183551
8271.32873134845,5686.3451058177
940.944776870131,3467.0007781389
7243.5679110354,8363.76003773103
1577.35969655388,8091.6160894822
1759.35266386073,3852.96811005235
7854.69474593587,8005.19837320482
1325.34449806752,3513.65998247368
7482.25580434299,7953.32534231417
6784.92097536619,8268.45557570719
7410.62803892232,7903.10800080821
7191.0366638854,7942.24275950422
1332.96807814758,4724.33869118385
6281.87341065839,6848.45401912167
1624.21750394588,3582.54563870533
939.372897773024,3451.60635040736
763.607796842123,3613.60028784807
2010.1698470887,7564.49604061531
1534.18487431296,9180.14332730407
1061.77346074528,8444.48204115095
2502.89161892399,8092.82902426687
7131.46088470894,7360.77687532541
7324.5471266103,7796.51629552587
7388.05493957823,7974.55250000791
1473.9001054537,8225.8956766602
7223.92175818676,6590.09143983682
1819.6928734331,9277.69995806529
1088.63813855608,3445.18025523454
4025.4533993229,6804.02794252406
6224.43906380717,7638.52516260807
1370.91879517404,6375.76486535052
974.648171254729,3271.46771415355
6796.40491078152,7279.1761558524
7377.1009487516,6930.60325071521
2244.20717664576,8888.83225746969
7705.13192958511,8198.88500449654
7978.47182297299,7307.66093611896
6680.28949144815,7192.31191959385
1761.22075464094,8938.6686806755
6530.25829774292,7254.03159104826
6987.48447732922,8483.86250857378
7275.52731921192,6713.67041156181
1166.78317624103,7467.87790843795
7233.7345775168,7155.93839684244
8094.33079817153,8173.65053896259
1271.63161759904,3485.68825791686
8943.18868481521,5691.12916428352
1668.57415718564,9028.07683703633
1446.24730434916,3483.65978676529
7474.32764717486,8299.9769988158
869.725980141994,3174.36592588532
1411.70580527489,9127.21073911332
7573.62544782124,6547.29692606615
6874.35264747472,7330.5493867002
1745.85185610923,8659.59774774869
2163.15682054568,8884.47524818719
6472.66754666994,8037.72033256423
2140.16742424078,3730.30271277735
7512.79697101972,7766.64683666714
1625.02152440882,3951.47208613058
7815.23275087865,7156.34714182544
974.463616586239,9248.50558925854
7524.4426260793,7673.89501739474
8224.42649610923,7409.22197625083
1737.13162812646,3487.53621289113
1305.21410526238,8758.60896735482
6776.37970810105,6906.17548083438
9229.31645161798,8059.99554953913
7554.18429214704,8022.70723827961
1175.65022554361,8116.91441982971
1124.00871144341,3441.35773241505
1165.30810161027,8953.8533586203
4305.55040042156,4086.96554618217
6489.07559258969,7366.74251432847
7842.35949757605,7689.02436305907
7506.29097441848,6662.27303494981
1336.98191922454,3792.4856391496
1801.43106634696,9529.19125364561
7839.96531329442,8359.90527106376
1019.21097426288,9059.05675312429
7355.21972183587,5974.10238005776
7215.82641770322,7284.89049872433
6878.12745082625,8122.57449352572
1518.05866572669,8727.17637328966
7842.56432484833,8307.12849073964
8123.16943032655,7651.29731250564
1376.35307290077,8980.0028286471
6695.59311170801,7780.76012820348
1438.60302577914,9185.49599096244
753.734894736561,3218.34041957749
1314.98151746012,3321.03051283625
7367.35322072588,8600.28003048803
1378.26471589276,3200.1965223655
1336.15645393849,9108.57251701096
6814.58108573765,7022.6032390952
8851.17519678109,6225.28909910609
1535.25098177811,9040.29030719403
1877.00696767275,8118.93956880219
1305.03045262487,3751.06795804969
1409.78040681817,3702.61957543421
1260.36221851608,8793.00082467876
7597.86566355957,7841.05789271106
1898.26400444784,9071.43052429439
7757.45262921439,8081.52340751442
6251.44307566466,7421.49679309144
7352.19098626549,7548.05349138258
8177.70285594818,6982.2531074151
2386.96907011754,8680.81375814963
1895.27485287177,8086.03183660938
8273.65795393668,7350.85432759517
1645.81913484425,3616.09931647185
836.73174505894,9247.96954043853
1286.11783017809,3830.25643817091
7752.00678536147,7723.00254368597
7158.66703136825,7941.60986516432
7023.75328459759,8099.04460947293
905.567980585687,8836.69972207987
6977.63991035036,7710.4457720947
7559.66145224817,6927.31557389471
6416.15550058664,7096.71664541278
8377.63494378781,6492.71677305116
6682.4777027209,8252.02822322641
1961.02045648322,4168.39767692682
7292.16744520592,8444.2175580152
6527.83839089516,7677.0554921621
1180.42111786939,9174.82651588312
1615.83415849262,9286.99159915117
1848.04026252276,8923.06872564754
2053.93790715539,8977.46690909408
1780.95527536471,3461.12144695356
7853.16280921431,7587.89231866323
2073.39174495796,9408.15576616825
1248.32430182892,3387.98642482415
1334.89500050895,3393.35214802545
8022.80023425769,7682.72017919731
1493.71042399414,3876.09984232255
7204.46467248935,7458.92514239571
1114.6663668688,8752.37742731013
1967.33431216931,6234.92352191476
871.359774508009,3492.61316151626
8662.72526746952,7784.00747785099
8221.20753749943,7797.27683471601
7192.09046973,7884.78595140423
1415.51723758914,3630.36421604826
1595.62372201078,3702.56813845602
8789.85748940814,5921.53465942526
1496.21379965421,8572.55146714613
8698.72999708919,6801.4020993274
1769.2185019506,8990.43741327462
1961.48193532812,7769.07032801712
7912.45811610986,7098.59937701733
6080.87080474548,7641.137299004
6933.56896841199,7800.74492539895
793.555227541997,3461.23655523976
7476.66519404226,7379.83744052358
1235.89118624255,3333.07231466833
3791.26739186378,7312.59624339425
1383.74666618773,3606.21832452474
7124.58272035478,7934.25532518475
7480.51993861354,6908.32581140496
7839.45920721621,7669.5475319101
1384.04404382289,3774.03179241797
7321.42828265288,7860.39102150638
8065.90909568944,7190.54240041355
1108.28392559163,7432.01230204145
7726.60472996148,6958.65561911143
7293.10784097438,6968.47748947732
7522.75842061815,7690.34040968757
2203.68037554018,8673.21485844907
945.491707110492,3336.10391765556
1841.16397787869,8972.9101916302
7414.62069171801,7168.8697571039
8169.70852135713,8709.25386210416
1469.91779639075,9239.14277185771
1051.71046790494,9032.62491620803
7424.34864315567,7701.62653949304
1163.85002960299,8907.12433966052
1909.57540358103,3960.87623773571
6498.70880240359,6220.95732336599
983.421214754417,3172.15278749505
1665.06651948619,9250.66890351859
7513.28520880171,7670.59087147786
6860.3184398217,5299.44692426279
1593.69163979679,8974.43326992183
7529.77608096153,8410.62773258474
1340.95386815564,3798.34552886235
6724.70052280989,7642.9026778283
1292.67127289782,9155.10821531536
1875.31147720911,9140.60218086925
7168.94867248202,8143.90144710737
1199.65422592411,3378.23579382572
2307.10690472623,8361.60826187103
1379.92746180062,6907.07794576597
1162.58719161351,3580.83809055633
7981.53675963669,7222.05202635864
1690.20387585345,4539.45137331819
1368.08711075359,3637.39835725593
7636.29318074622,8239.36358448205
2228.40172110225,8513.99331040536
1478.29796218166,8882.15841322142
7840.47614476803,7749.61376875262
8121.53526778927,6724.68792672006
7680.36144596934,7977.57978389418
1160.95843225037,3133.88138202612
7478.56506576656,6958.31578671445
1617.8744451532,7966.84169230527
7799.75323538962,7625.67483748973
1259.21069943615,3703.48991579428
6671.0320220824,6310.36216285641
995.978630047414,9153.75988909805
7597.72935989193,7295.72721038755
1145.63412056711,3213.57115499296
7471.05922065361,8298.59939758102
7428.66304393285,8028.90088729606
7292.67106111735,8337.32154766505
1469.2545520045,8358.17628772775
2028.31503493977,8934.6491991464
1802.24272414799,9043.25012765182
5389.1103883036,3607.31554692148
7261.65579995146,7511.81597167514
6912.45109362504,8139.86094858486
1684.61010371053,8750.43474742592
1046.640551013,3426.69939351807
7033.77940204981,6993.74428770476
1551.73715829244,3721.06875371398
1115.56043207436,9069.4473680484
7835.1249364637,7902.19759211952
7469.98924274914,7000.62059324768
7619.15559020211,7526.28137261364
8259.42363081553,8025.35385973026
2733.37055765732,3865.80331624566
2063.3120755757,9426.49404630555
1325.35373362388,3536.6556884761
1446.3623663695,8821.31495714401
1128.33909481211,9239.16603460429
7543.49382956498,8157.02541019442
1402.07871221753,9171.58490283577
1772.02852758144,8734.08073262066
717.593628949436,9080.85441472138
7108.56714858512,8546.74231546878
1454.98787031566,8436.88635000246
1053.91567922046,8850.64001509512
1884.1427584508,8834.40724179606
1755.92175396126,7005.44933998314
6943.67714480788,7907.29770117018
7223.02811917073,7663.03668286129
1714.85236946316,3958.63929379967
4217.85019125348,9012.87065079254
871.96907110326,3435.20343012627
1227.02463546067,8788.05884112357
7454.94703769642,7040.34289790378
1684.82052815216,9044.06266245948
2415.18377978565,9347.48695233704
1095.60370241234,3348.37931427027
6107.60860011535,7645.50165909101
1306.88025872249,3236.13447580534
1490.96292699287,3734.09299499856
855.93659510756,3247.67616114072
8143.70711829073,7649.8653537247
1082.34020650051,3435.42844497774
1539.45141251423,3575.51687736637
1477.751894581,3834.43609082186
1358.31486736242,3368.44133362996
2134.86525227371,8963.41355586188
7022.09440797933,6074.97233478719
1894.2673769721,9206.46930707932
7768.35868875846,7419.59744344594
6257.31997931251,3603.93013813073
7176.37041733672,7830.94587382545
1024.52825103918,3604.0614895336
7117.00229269291,7388.52887719236
8566.74123810398,5981.04366370157
7150.06085041051,7853.37202192473
2490.61172124256,8221.68798171797
8252.74559909448,6821.71147595459
944.198782020393,3458.08609726403
7511.32870336332,7149.39849551929
1188.95779383755,3156.19968730617
8025.33282596022,7769.57293568045
7805.95630921381,6873.32840301438
7559.02597859916,7829.7472199336
1499.62001751242,9000.36643840724
8671.29212113706,7276.41973080274
8370.96589438872,4779.0271052569
1768.50050283648,8258.31884814224
8250.82244825748,7158.23919735687
1319.51107526201,3667.8310325758
7932.03761920405,7930.8091122619
1776.20143280788,8942.00987687272
7424.82630298211,7716.24217355332
2007.03824247829,4714.82809753692
7401.09959958445,7361.74281444766
1540.06758548037,8924.55873416599
7707.76649426238,7195.09949219882
3312.1082171715,8820.69197531686
7441.70241035002,8137.09501346091
1283.99458660198,3631.94149136531
8039.07150946856,6532.92034677654
1362.25021678077,8538.17572921898
1305.2790807386,8352.37082482781
7473.77775501865,7771.35680651866
1817.07446642437,4003.16019500844
1065.18617102024,8916.0090844502
1351.72712765836,9371.62395431755
1196.37720281832,7960.15940430445
8552.09079301301,7040.87444677546
2149.35730654583,4967.75277531664
1269.17303857438,3747.70934964092
1742.52365227362,9090.34600016641
6970.51360795849,6883.77144156227
6480.04343426424,8322.426767341
7127.18527959506,7328.54935112711
8030.58543158421,7859.0856214846
1363.28331417238,3523.2654267551
1124.53692913159,9211.75495459567
2054.37688003824,3610.63213490434
2008.06667381655,4058.93681040319
948.008017121887,9159.8375015624
7551.54425823879,7686.31283488457
1423.18665880231,3137.43547500368
1294.16107896075,3610.45322254286
7495.94938093137,8078.4245815339
6996.46149647717,6810.12269370437
1477.06590039099,4614.60624121465
1324.85502787016,3358.57759392673
7824.98820399214,7577.54530138381
666.966957759681,3112.02183824102
7491.306987198,7217.41251353685
6531.72032265375,7750.41163113824
4053.47642218471,3424.46280073576
1192.0976300927,9024.20143329816
7612.31219146351,7881.47823138225
1039.82540952044,8854.5539997096
7364.53531616731,7423.17205304086
1299.2166803573,3800.28931076736
1502.39958346634,9145.08153337268
7979.74563622669,7083.50953235039
6029.69357258784,4267.48480611632
7790.34792075149,7102.56414323491
1413.93813849386,3980.39864058485
7569.59975554626,7200.39875796497
1703.95392409826,3680.76844438368
910.963793568194,3063.64678624529
6585.999728679,7006.27838303275
3302.97707993715,4167.5709937228
5736.09404420744,7295.91813461721
7733.90606786421,7524.33820312568
1424.54133640462,8712.00137883115
8791.04886981012,8276.20701961529
6811.02373087462,6948.08770094137
4743.25318482874,3533.93141181332
4048.75715707526,8402.14157608591
2307.38941544933,9391.47393486966
8728.55550127314,7941.53415985777
1088.98943147885,8021.94838841163
7295.66118103981,7276.7874959575
1216.06735505558,6692.35975731234
6820.5800097432,7409.67610602501
1491.38428496526,9294.26235168111
1582.03902562564,3768.90787998052
7563.92688249824,7639.60879710676
1486.47202158642,8729.18480379447
1656.62046478865,8695.44672847022
7906.27744228194,7887.97044132826
1109.46752762439,8527.16281070067
1244.89443463193,3593.54409245891
7293.69866552344,8120.45100524705
2728.67475994613,3510.13692273014
7333.99396414546,7504.49014622955
7416.38469329626,8434.1848379135
1498.81358451641,9258.65393476766
7260.13023724494,7687.6861798038
913.913088403364,8491.26388062393
1678.37257289766,9242.53914671997
1217.42254231062,3914.88251213076
1282.55224234156,9158.29372523163
7640.03735431789,8005.15407582656
8407.40553086795,7263.93720850143
6904.30408674587,7385.32566600972
1799.78166905168,9280.27388922802
7919.22610058831,7372.56720076308
2125.60978789919,8685.65690381468
1462.90542039647,9173.96770003757
6514.16344277759,3485.92885395798
1327.16424743731,9237.87302614431
8190.66188530906,7486.41325936192
1048.80548652019,8957.39838675307
910.709133296347,3035.11393394167
1514.15628925641,3662.83641159005
1485.67396575795,3736.90500445987
6730.20403809372,7764.65643246653
7223.17923619185,7940.56633534486
798.149767944502,2926.86014884705
2576.74176509176,9303.13388392358
2521.62341150805,9012.43602981487
1615.41429518682,9250.64761447964
1425.21006601675,3774.01199538696
6758.01746984294,7566.29437000161
1709.64424590801,8528.65756840148
1518.06356700115,3617.88157227349
7647.30774833773,8238.30476069815
8915.33645050232,7465.48007757327
1164.42311464913,3100.17296793598
6717.873223065,6798.73693548241
1252.76844978233,9006.7991383705
1208.34885761069,8724.50452132073
8253.82920380978,6385.54759067491
7715.36795834495,8681.98899273706
1253.25011497957,3247.72106367418
1340.8026336665,9012.72696372966
1040.51769006524,3417.69324244886
7852.49718109213,7405.96819044587
1262.99024770109,3297.33829478046
7386.94425964103,8211.62598246803
978.437268436342,3458.06792266811
1882.1578202365,4770.71076358804
1767.27467888078,8959.68060567745
4210.69159862322,9189.51473813495
1550.12280373384,3856.6070301125
7618.47352925486,8040.9356838126
1642.19293595261,3821.46730698389
7420.72040448735,7174.18416943745
7964.35155533446,8012.15718918986
2593.82296486668,8645.68473606295
1274.69411227216,3517.91296714232
1185.40693858519,3158.68600948774
7564.70910589586,6512.24725556842
1300.76812611593,8676.94111626692
1419.37981783463,9370.71935858897
7093.26950714184,7827.77579721659
1167.23523185817,8931.5728700598
1036.22377230263,3029.34576568473
963.038096895145,3300.4139946441
7433.13114651731,7711.60329047768
1210.7142347379,3619.73886957389
9124.06615879334,7249.02994533832
6804.24686794904,6911.88567077446
1489.58315541976,3532.19336892829
1912.60329939397,8773.34163493463
7071.6209567498,6987.56096613179
6856.43828805585,7978.69695027349
1016.73495565678,3718.6562214743
1184.03024189162,9258.57885817048
1110.44048595927,8940.68412017282
2046.2198547884,7851.82374128458
877.728540775496,3307.54254979137
6832.8645454221,8353.26655775096
1771.47898791184,8458.09506754598
8844.91893717248,7385.82909374249
2614.94306125207,8804.1881209174
8009.27146458693,7478.66540288445
7559.2226440413,6451.71623403884
1556.5711556272,9153.75584437392
1374.99402666899,8262.32033389071
8629.17518351661,7281.59237575907
1511.80150427933,3420.15525691535
1808.20146205285,3170.91110105232
1284.7217860841,3468.29456045339
7392.83550998805,7861.46288214416
1996.48870962241,9097.04253305742
1670.06269843024,3777.68573402155
1035.62812423623,3393.74542348971
7863.57152284887,7483.84821338804
7450.37033206628,7548.50655366333
7020.31556562782,5907.82067972101
7667.46314611946,7701.03954230038
2203.94624535236,9292.74854365634
4607.66846358394,8405.65593795063
7729.82063320091,6865.09492183295
1280.54280365619,3914.01669973388
9042.8553573445,5469.94324582764
1157.49912260867,3656.19381008839
804.369906035748,3259.15752198989
1574.14689383449,3370.435639865
1184.88489759672,8861.74145528431
2884.76101540072,3855.47838330517
7775.65636086271,7788.41383328867
7088.19606925823,7103.92957839618
2371.74271778356,8924.16594852918
1573.3320328998,3802.62247520383
1282.70187330354,9084.73337466037
1373.06081024003,3500.31794259364
1554.04329061866,3781.69900129452
1796.03160911353,8929.02083396497
1840.22461616705,3899.72610870663
1516.84785551621,3762.83461254628
7140.82178015974,7855.55648820035
8615.91662135421,4233.59535058744
5759.57880299843,8221.82183674
824.140691475589,3295.23494033552
1778.27694974656,7934.94488037151
2419.17071901521,3424.7646795126
6625.84053496096,7819.70457492887
6662.4382660169,7317.6824213498
8289.70010801853,6400.7748139414
1402.38009782547,4185.1093063091
1685.9245998892,9060.27200912083
1366.37749139087,3904.16612706487
1163.63870416433,8867.54550624307
7733.00704336802,7603.18778792753
2046.7796861651,4387.13777038577
7589.99489681773,7727.55875153323
7597.35279246928,7537.67716473105
7255.95583701041,7720.29071316591
988.267373820664,3487.93192221697
7447.20140908651,7882.68890998528
879.189566424504,3321.61269469288
7315.15341781128,7570.88713213483
2296.67537469335,9201.67277872643
1604.40665426489,3501.27852086497
7529.50430338304,6927.22543072418
1942.18011444708,8749.87958470369
1532.61805458537,3745.74225458113
6649.13631665099,5300.41901946364
3967.16622615448,3895.7351953846
1840.49666247162,9064.27344780742
1507.06113802826,3886.84478393523
6960.95263390852,8416.48729204283
1030.4001926733,3494.57810816759
7048.80184217748,8208.37869619697
1080.9648275885,3377.11044680318
6895.1099068486,5018.19202075825
7655.13246222325,8108.31339462257
7549.11231793593,6987.28805767072
1499.85354378857,3915.42119612788
1330.10433186595,3850.00478268631
1504.55476210674,8977.37396867617
1641.84297269743,3458.09516720292
1738.26234267987,9211.58847484436
5617.31466294033,8549.6431847549
1296.90199267501,3552.94143746642
1396.07527606315,3281.22666131915
1219.42822763918,3563.90237261238
7780.13034437033,7414.65629413298
1521.22422677974,8828.70760069237
8016.36076476873,7387.74681778082
1159.57231617764,9109.71483434395
1654.53449511769,9222.41282466171
1240.05341764072,9411.28579009776
1224.40158669638,3350.1718737013
1466.07332490493,8807.24638386322
2454.20842219506,9178.10300352615
910.552988805716,8914.48990765654
4170.37918256907,8267.95897336915
4567.29517472946,8978.2676383387
1657.70621036039,9086.39193147718
1603.46432989982,8803.73845009833
8524.4910341608,6849.84466212635
985.465506838402,3345.86485955433
8300.96552116951,6942.08068216246
7068.07717196089,7378.46738527891
7661.4915884971,7307.27708024194
8048.04898464499,8734.24335372358
1441.19089867933,9068.65408778089
2225.0702215712,8842.91345607441
8243.2716424402,7314.7061168648
857.124072819039,8833.07229545596
9084.38034116803,7296.92495355473
2820.28519181592,3857.35334800321
2412.60006919269,9031.79402470084
1674.05928497354,9336.40210579684
8780.74168311287,6032.04078793565
877.096176769712,9054.56176477876
7792.85314891227,7930.84942553558
8280.55069838472,7878.13817762
1391.75966521304,3731.8411581491
2407.02477642084,8750.2328721609
1809.83777592002,8507.8067826125
1653.42048887205,5136.96130133365
1641.32840807359,3564.13599438163
7833.57609845015,7316.67956923219
8727.94955156178,7474.96521872661
1532.63530455354,9726.63472058169
1419.03367049776,9076.05169786
1449.54592747716,3902.66620091743
1951.94462262648,8420.70943446066
1125.76929741773,4816.38673169933
8952.00460997069,7686.4817435485
1270.2403494569,3774.09046772948
1394.06629754482,9200.55342771284
1670.93930881414,7635.1920110773
6970.07958154356,7839.13267480666
1714.65364756238,7935.29459778452
1499.06313588064,3647.50459740041
7844.73187335888,8324.80301404024
1643.71862734833,9344.64640375465
7215.31875894652,7867.86722505713
3652.39475330965,9133.33948387012
811.804106015592,3259.00329646176
2880.47314702176,7975.44930661202
9989.08363651295,7863.32603943731
1365.99661886028,3845.35382908001
969.64910869059,3216.44822065615
7290.16876939762,7086.81180443511
1311.86807634488,6048.07940816562
961.389323458503,9092.47326930381
7290.92311564981,7153.59801202015
8937.22437219589,7461.30089603876
6860.68907466865,7761.35526792928
755.527661846589,3056.03971552989
1004.30779196326,3083.73529228735
1129.17173655534,3229.50898136773
1519.90240546636,3697.59889946446
7744.11064062236,7410.80791943378
1126.34595346043,3657.41821815999
2729.83252119844,7455.58469922967
1785.24811722966,3916.52443831349
2122.87769829284,8878.18935350819
1790.94691588662,9299.18449748774
1377.67311578134,9575.92710155582
1769.96894270115,9209.86788148872
1438.9995978519,8870.95196244078
2546.80535077724,9203.27333225607
7952.37912185257,8101.13937527276
1633.71408664864,8984.04703528307
1481.05726171794,9088.19583030871
7327.17513526705,7387.12025933356
7900.80688089743,8099.95937745276
7898.27145961658,7142.29810620848
7739.06475321791,6329.71614751524
1311.27446766936,7878.31147802525
1530.61928110012,3548.10449765112
1298.31328150789,9081.71690378804
6975.12962059106,6906.32671715714
2196.37265033014,4220.21091260533
1353.22176749197,3609.18298387016
7836.33120704888,8327.50927280901
701.617906780056,3317.40638906153
873.223320410108,3093.06147291951
1661.83386964545,4110.2811336394
8595.45315672319,5573.84596568367
7280.95676081463,7585.71164338304
1327.48208746986,9086.57169580319
1237.09600995527,3908.54035986906
7856.306835607,7689.38455454786
4990.35012349271,7775.49959259111
820.673044346984,3768.07830619944
7894.17381293691,7331.2794223213
1469.28815464065,7427.20553657086
1189.4827041147,3150.96693827267
1944.05260719098,9419.48198839419
1548.16069442668,9209.56105069949
1803.53421268391,4102.61280076785
6353.07622130429,7829.04848179126
1572.172188437,8895.1530061383
7131.27926601804,6921.72012851685
8237.78462224953,7359.40625746534
8412.24879938038,7166.03393940353
1128.50122376008,3755.63519412289
1967.58164289966,8867.69792942988
9169.52277127643,7242.27512649781
2470.69488718987,6953.4728400417
7529.77141004535,7938.45519965099
7627.51826818578,7450.56732914274
7293.68421873488,6846.93815638512
2564.62991270478,9786.43229641636
1285.4903439464,8767.30544263824
7130.82893528683,7731.08422861551
1370.82430218244,3671.1270543645
2368.49180638056,8104.11477446153
1104.09463746643,3468.64712528121
1849.63412243215,7722.65136574585
973.104850416675,8487.86605252155
6741.34457743341,8416.30401723439
7472.62773267646,8039.34627691855
1961.12028607932,8054.51224387592
5992.65438541084,7530.07643551244
1223.09543113518,3381.02812123445
7303.32686922866,7797.6765814078
8024.92026686118,7616.52520461044
1298.47194011713,3459.40757307469
2143.9877048668,8127.66041367551
1872.60714807057,3379.66500878603
1558.71629290257,3766.81426834014
1544.71310937083,8612.57139123425
6875.95836126153,8603.14765424347
1094.71889895824,3256.99968303272
1590.13016963233,3423.41625186255
7294.79380983053,8471.95728534761
1094.73835457559,3826.65044592386
7561.87755461379,8270.2162721345
1716.26659516889,8463.73441638408
1472.69516194062,9207.11585036368
1720.20896424939,3459.11546915095
2486.80857850113,8014.3505621689
7624.29069209907,7575.87219058204
7056.64520890871,8164.27313798027
1450.72415489386,9237.13270806707
7909.19164624262,8094.63919961055
7434.07330370521,7377.65526067651
1709.2284551484,4744.45800607285
8039.16761858543,7566.97034143563
7257.09178010225,7353.84491857024
1575.12259311328,7998.39602314777
1095.14650620248,3079.07248121683
2246.87549867508,8554.62915532661
1575.64004248108,7228.2666268349
726.416333207073,3149.61490092072
1760.06500012659,9150.91493520103
1916.38691538234,3615.28122549713
612.826912430496,3312.37359270163
1499.60051960418,8700.22529070867
7474.1518605905,5109.59207902995
7390.64884826273,7738.08030273913
1334.07702597545,9223.57171788272
8094.24996875321,8281.37683289942
6877.42338246114,7468.04334011513
1499.81316711405,8028.55247192465
7534.64993821525,8634.33746403869
1013.60721023063,3669.41396238613
1265.14621005594,3401.67282819189
1442.45954826105,9200.09920521572
1552.76735782946,9319.5717193692
8305.48013024698,6083.59480751375
1742.26873262558,8746.98970910291
1340.00437244629,3681.16379240572
6057.44753185613,9057.02723158633
7769.56624540709,6972.54061549966
968.832544304007,9008.91306068001
7435.9598229281,7617.20771562622
1214.91120173374,3532.72278036664
1890.70753178134,8183.06125018424
1075.15152096094,9059.08677028288
6640.56022393947,8175.79037736808
1122.16592296444,8965.24066152729
6827.67361672139,7840.46517016514
1562.25680432443,8870.32941213321
1631.07048099031,3886.54463477526
5181.51558443617,9143.95701162868
1844.89659938885,9318.79159873761
5831.98624657762,7834.78696779004
8359.61632381104,7574.72943593597
6865.37972996458,7460.58202832328
1536.04404664775,3494.98359836396
6547.70305023302,8328.59786919064
5256.25091528124,8843.93851820947
1154.04087859309,3201.51901158301
1732.17815497618,8821.11685461918
1742.76073958714,8873.92758373734
2054.6504099215,8822.60567800111
985.031787753399,3171.04143081547
3133.34335888474,9111.19173035836
7938.46628801309,7607.11637487933
8309.35750542964,8208.95064627717
1650.15790055919,3819.49825597157
7722.47042610769,8041.5169471694
1155.8615535675,3386.75211659599
7825.60348891363,8098.40076637553
7688.33223782078,8174.06030217459
7943.0219118134,7849.52268176983
1309.28750736609,3698.61684646508
1165.06915415795,3287.90343006195
2434.18028316217,8611.4534536124
1212.23279775426,8842.42741483209
1837.3091560369,3821.10922839125
750.702060275893,3392.32561516692
945.503466694137,3381.23233696471
7119.11408170114,8294.94583908032
6735.92475675924,7055.65092752183
4248.44727012209,3834.84816382723
8206.83022195463,7886.97642040903
8521.1567549527,7929.79065424007
7801.01920439559,8246.18376630725
2058.1174743621,8788.62948657766
5300.05046568302,8561.09666077446
5818.94926959251,3479.51247265011
1242.9392586515,3727.35419591473
1278.58849532331,3340.43818155238
6674.64281889121,7217.89900286379
1970.10110539632,3482.91286120256
427.00597272248,9135.27465478505
1440.67770830022,8956.77888560677
4733.83373411885,3369.26104018795
1134.58395832773,9030.17659951085
2848.08169807777,8956.30611722519
1173.69531262743,9078.68159548023
8100.85334720127,7064.59559485573
1712.71615575858,9169.37749038506
2030.15112902709,9278.52724688867
1573.10479006662,7784.23316824837
871.221796781211,3353.40721195383
1419.99673343119,9135.57101142028
1467.00450639422,3833.82098435529
1916.96517873458,8901.28610384482
1325.8395251875,3812.2662749852
2189.61564271768,8180.72131236086
7879.33532751339,7311.80959373455
1090.31928256381,3364.33270662525
1095.11428626668,3680.58687185023
7650.17971248479,7773.74596446022
7039.98213609842,7654.78590709448
7829.86260092465,7231.70451252551
1130.19769035896,8710.78316332419
1537.07720283215,9225.46502691983
1735.79163005542,4197.26815009967
6875.49895708122,8547.0858183973
7661.03803343217,7856.70898660509
2606.52529602015,1993.20257258166
7480.68294867985,7806.32224093287
7534.78436438549,7767.07204268003
1726.9237753194,8974.27658098596
1319.98886181158,8975.84648781809
1158.18268807633,3783.05508158721
1508.58625837951,3717.41087073109
1172.2309104287,9033.54713568734
7553.805505752,6784.20278999837
7882.84420662509,7547.26407667917
1987.94412247436,8644.01316544366
1238.24792402305,3362.81379691118
1604.56408929695,4070.0814434622
1733.70722572375,9138.11630479442
7294.45782357597,7003.70204904138
1753.61659505199,8979.92046570232
7810.29189978678,4948.14715171414
1382.46209758255,3776.47324588613
7047.70821435728,7698.61396465607
8958.39338028281,8121.26969288556
7731.87734108889,7831.04460414629
6788.31192545032,8039.20394915455
630.412138718568,3115.12392985735
1938.62178134642,8391.3048546318
7459.73830119641,8236.85162805069
1882.02984685407,8796.51883925642
7702.84878502208,7121.35775730769
1383.94288507567,3212.27984222449
8883.68585364017,8140.88511501574
7598.74844391706,8230.74670817458
1396.42874442125,8901.90314939216
8458.34854636884,8239.38392715299
7614.91765404348,5202.73826702948
6929.04579791736,7699.7223284038
1606.16398871935,8735.58360631343
1990.21860443585,7936.27540201005
7472.85432841631,7828.72105523951
1523.94451421199,9155.49305428771
7604.12805950948,7706.40903439214
1995.7848026151,8121.0705823206
1104.38429107822,3579.04647854017
607.635201869074,8624.16786795194
894.933757336784,3270.03397248196
1990.05979483318,4578.17002266415
1702.42211802488,8741.22830174979
7724.69347893707,7680.0726452159
2258.48339590714,8954.01626376419
1381.24594555763,9002.97749711774
719.732906235732,3258.01977568717
1154.1044068746,9183.0578807642
7310.04805697795,7612.90983756258
1462.3704728778,9028.05798341103
627.776356177599,8530.2624806223
1756.07150998199,9090.01466943375
7259.25896352415,8643.71236442822
793.552136760174,3368.88124945774
2145.49785922807,8645.98087140016
1503.33676516333,8181.05949401926
1393.8854279871,8818.18026614792
6732.26206312823,7540.79009738228
5757.99285891056,4003.69704481862
7871.16764667565,6865.18954927135
1582.93315627243,8491.16669649516
6777.33802620366,7412.09593441972
1167.01736502167,3346.0349210928
7587.36122373319,7655.19679180367
1107.37724623506,9003.34274496471
7355.48802743697,8026.03001683007
7237.32907647594,7043.46610170471
7795.82413964967,7839.0983856229
7303.65380716349,7365.10894613185
2072.69491355741,3825.47002749004
7826.23274347985,7939.2905684349
1563.00622424805,3226.78157682226
6765.11762489441,8069.35924875012
7339.72155328328,8404.61846814926
6792.50613853657,7095.82959971595
1827.51666504754,8512.17574537941
1703.24420959753,9020.44350121553
1390.58669242438,3519.02562208557
8378.27253253005,6488.17957333912
950.058360457993,3282.02370278715
1081.64695443907,9155.74368265051
843.147546302383,3195.51848561908
7684.65088940134,6981.25282780385
7980.84715713601,7602.07357205103
6684.85486394643,5017.55665843124
6839.82720325094,8458.26515954972
7289.58215428334,7232.66427109814
1337.66181519207,8507.80639843873
1570.25909699582,8991.94702779914
4023.9756871562,5011.26702708363
1423.16168929503,8897.10509241589
1170.27847299364,3710.21683862911
816.035203523422,8722.77113897865
7155.70464842336,7608.96266071427
1747.71192695035,8461.28524168282
7663.92007722921,7636.07268470452
7486.05486186666,7639.95636658047
6444.19602164404,8243.2066266993
1356.68018072902,3588.89771280954
815.757211872375,3623.78582838957
1403.07535039921,3552.3527532963
1267.88750349132,3605.29643378613
8361.12129817819,7717.95729173505
7740.98846620949,7498.86057974854
1674.75760576007,8864.2711486347
1537.44443828034,8952.3444817332
7282.39917917779,8208.95547399739
8522.41416308578,7142.181249661
1508.93105035353,3538.20488479872
7320.14725741108,6757.48551817504
7386.88830274244,7778.82580998567
7295.7763766634,7082.07696119151
1436.33872529887,3521.47358445329
3560.79037752098,3092.89957984978
1272.31635514653,9157.91925101145
1283.42147530932,8812.18047305752
1571.31796176004,3665.08202036705
7582.68712217126,7811.30923236437
1320.03459958085,8944.20118476892
7173.05392369599,7919.25219080353
6473.8544597707,7784.49588310799
1056.75919604101,8876.11439606073
1197.87464726609,9151.40295078899
7856.66362155782,7180.50270152008
7263.43189436875,7629.91037019683
7007.99822439404,7305.07208598306
6987.75981131531,7324.19224683435
1278.83696762106,3317.00600052663
1236.30317862029,8565.71632203722
1326.51649110657,7910.85080629157
1051.47585728018,3577.49693880004
1216.3739684869,9004.85487920157
1337.13854310019,8282.34153486405
7904.44288126868,7331.47016258695
7238.12461052151,6898.84769595523
8726.51381655005,6516.73534269084
2394.35346927294,8385.79017555522
7156.78194819251,8339.5411901675
1383.07700455635,3594.50520052401
6137.48487372194,7513.13695720107
1929.87310264806,4158.08495787297
6557.92849544926,7653.65791482921
1373.57082262075,3361.57923440403
1723.13373303873,9009.87891693165
1629.43488739725,3505.24726866802
7234.7430043309,7562.43954500365
8345.92980944656,7635.87073428784
1545.87209898926,9150.43330229751
1523.19027805992,9286.61810983802
7587.37898270108,8017.59818919402
1386.23911257565,8774.33048261757
4825.00688913034,8598.63889306008
2191.10816121844,7577.25546532922
1841.38214773791,9137.36153865686
1231.86562501007,9009.92129957846
7796.91076765633,6489.49115061666
1668.42800057052,9237.24133846734
956.789102988166,3670.54300892789
1230.08681216297,3806.63036780934
1692.63250613425,8927.1460680333
1387.81757896144,8306.74511809901
1762.33843243385,8920.23202940508
1022.97634126801,3291.87216929555
7931.38201615699,7451.17324280154
8455.67273382773,7606.10796492977
7063.5566145841,7460.53805832391
7152.60748692423,7463.66029678666
1471.52185795278,8867.99403052505
3046.02814491884,7948.75060175802
2104.1376856536,9414.17802184544
1678.27717012318,9111.55215361682
1875.70462218544,9286.2662024913
491.315383387233,2912.09462309018
1436.44710013099,3460.60071104742
7099.11630786435,7712.42760538526
1741.85455324984,9091.02873212758
938.534749618149,3250.4815002902
7940.38731926482,7496.43757511264
6497.21478860971,7366.93695128625
8651.1280356669,7389.43100774916
665.728477161801,3215.22777466168
3944.65299609021,7932.42503404124
7517.51983303237,7747.85713849805
6318.20551743384,9120.19126439774
2043.31256831284,8509.41032964942
8449.23905568573,6384.15481971703
7770.71544861671,8288.9777534525
1415.64469558373,8732.70310653089
7580.90006003147,8730.46634794162
7386.50209157745,7252.90803757539
1928.04882221343,8832.50959684671
1506.89326767471,8102.74567876213
7995.23737179699,7566.98387844617
1220.89034252892,3484.11902432328
1828.84761545787,8874.12757012148
1252.98102184072,9330.455460978
1684.693135475,8039.92449917779
8139.67906015802,6385.31890979447
1683.10439367828,8901.45928247021
8255.94970675398,7529.61784813758
1388.06036570471,8866.20598731336
1586.960833423,8898.80437159926
1743.41437085089,3377.48199267608
1526.19141654139,8768.60134167166
1254.26902825406,9168.99829688125
7601.21949332016,7908.52960922526
8389.58073824697,7224.92549641909
2377.55476734123,3755.77063411616
1835.83133709069,9334.92072449576
1559.61932186902,3935.76361671614
7637.0114852818,7482.84597419514
1032.67430857834,9147.80480283742
1739.71039214321,8672.58762608917
911.046726086556,9135.02993568675
1066.17861170038,3707.48195949742
7244.79410986137,7858.73784016159
1362.23639794577,8751.83832212581
958.619677667378,3445.04724232876
940.329152048075,8913.31660504264
6367.87329678129,6979.12791775121
1694.62583437471,9373.85814154576
1369.81471914809,3648.22392542283
1558.45484262223,4097.12976797936
7423.91022069059,7469.9524029273
7562.01419251728,8115.68248873564
7354.66764029658,7498.55238198263
9277.49435178075,7535.46524605084
8193.49939607564,6747.58827778459
1715.73822910321,9581.4993044308
747.006188449647,2330.70964185393
1511.22515184347,8392.09600459049
8972.24231748972,7341.47149968334
8141.53723775741,7869.3518393375
7441.99964905305,6968.94018381424
1480.36567575401,3958.91542020288
7692.2412486969,7326.13716631875
7381.62200187627,7589.63750191728
9073.67979805891,6942.14508229694
2077.05404370368,8649.13770897453
1345.877706164,3558.61541853297
907.023569309991,3293.77077626948
7070.76291635701,7197.99784183027
1526.41290756851,3453.00142116602
7353.18293738634,8120.57180314554
5911.67013888647,8083.1396715944
1382.09253252803,3596.17984988363
6327.79453594136,7622.36696217067
6963.44805431738,7971.0801386274
1221.85751576258,3788.85830332009
1533.92782877622,8423.76243590404
7024.17749564595,6858.52344281414
5596.96055661743,8959.47825376152
1452.56702092859,8870.16804223693
1809.97888536105,8991.07914441178
1813.81047315075,8887.87205385809
7526.88605056576,7205.94672243683
6620.69397112124,6897.04645946574
1182.03339216339,3150.16150618478
1577.7504813556,3623.10959212948
7759.58861312873,8010.35908366237
786.697728676757,3310.36102241907
1062.18477764773,8721.60695529384
7575.94334398152,7570.61544410648
2108.00647289946,9056.0951117732
1205.22483424677,3925.7800721093
1969.36306605637,9295.30022481571
1177.65891666226,3574.47721393696
3735.9286178185,9270.67158524176
7805.60830606013,7426.49291909453
1190.62475963249,3724.49955182478
1407.98195841202,9328.0534787662
3755.39320902297,8359.7531430226
1378.59236826236,3656.97177919978
1542.1374590673,8826.67630321639
2153.43900908134,9368.39665731481
3187.8583698492,8558.70819495606
2058.15282843718,3992.7742482936
1253.33850402146,3597.10571068219
1407.86725254237,8597.9044427211
2829.62621329851,7943.66864498098
8348.65256286702,7834.04301389211
1503.06271426367,9042.22428211699
1308.72167519081,3521.84358351488
7396.6537852344,7196.07680841343
7916.9244764645,7804.79088205453
1341.35423713163,3601.03006443022
6835.42050103331,7409.68949434106
1358.40664131775,9171.58986221499
7193.15961145694,7280.7686280279
7734.78543691751,7775.46908344317
3036.29149073143,9204.90773311443
885.147127129775,7524.90547077538
1151.82258817853,3497.45948018747
7395.23689970993,7507.00382313617
1331.04839246221,4789.66683575147
7809.46511511129,7386.75390088722
1791.11219618441,9199.20483017872
2369.71170935908,8569.83496959198
1073.0799547199,7846.67668150197
1049.19191528231,3485.98541317563
1422.3506615471,3826.91645526324
3246.06514271962,7735.91367637468
1952.96084005022,9203.36115328601
1165.77841185908,8291.7130242733
2455.55265077607,9068.67936296701
2356.71144241045,3873.54194428306
1306.13530508544,3851.68628576797
1828.09407190709,9403.60755967061
7773.39448456078,8482.52978755362
2044.31447924397,8985.75970567009
7508.49859462202,7412.97929039099
7293.7328651982,7420.28781760927
1720.51899710496,8854.0864865602
1721.02118262426,8173.11219909222
1323.81565095543,4648.01378152261
2593.55533939792,8341.20726656069
1071.69161584175,3410.57363198929
1181.43438255462,3241.69529310338
7683.13767793985,7627.84813334477
7972.70883042396,7525.18360451254
8463.08341556362,6675.91231080418
1775.49194078763,8139.15773944402
1813.43840305461,8631.63486416839
8006.15995653255,7315.09182625814
1276.34095037183,8970.42686195343
7641.27721635515,7909.09086079269
7903.73859799562,8396.14371610329
1921.11648583914,8214.64557314956
1181.92509600857,3549.74328228853
1604.8263866007,9281.01579173857
1645.74002195443,3757.34685787373
8315.79081889506,7383.87495601697
846.462967718557,3150.7597323121
8059.59986710159,7032.04321044893
7849.51882964706,7783.88166858217
7028.37549415041,7093.42176314946
1786.61834336943,3925.16459762947
1984.46092096479,4208.69325796847
2481.08705474851,8869.23674913781
1905.37167592034,7494.07176756349
1178.9741544863,8125.03399530404
1672.59152433045,5091.71866307793
8579.35123012515,7377.67508775342
1930.83589588339,7752.08801706513
6434.17619777775,7589.27384802876
8204.03229114333,7712.45049744428
1452.70339898174,9100.4130877138
6449.36396279564,8281.92967966213
7943.50013102602,8194.48246600623
1482.2441145728,8941.78839536716
942.282011369643,3542.73915519819
8554.712080147,8084.16061391216
1221.85835838677,3254.33965273423
1485.69832805954,9270.20297981899
8101.77404311667,7799.06963777603
953.254875023797,3200.05468268925
1615.37607367848,3507.76179436344
7634.45361981022,7572.43675491623
5938.2783215695,4261.49472087051
7618.40059441094,7485.98644921828
7336.43179741213,8094.72809644534
1599.03914229402,8724.72342559811
7109.72980112012,7046.78960450358
1279.61088415209,8124.89125864663
7804.57014151582,7320.58762130761
7359.16359966753,6908.47192666379
7208.15112686239,7221.15405825614
1526.27102235789,3709.68659062475
7951.44360698344,6995.0083927657
7322.11881688592,7812.73705992611
1099.28576552083,3691.33073664499
1491.63493745021,3242.68294266586
3104.90731569953,4138.05921176175
1442.37805135524,3682.05331278349
7579.01203493662,7875.26891955028
7859.26501726143,7762.46738991643
1573.39107335716,9026.96910871116
7092.42202529811,7020.8358610784
2569.69699711721,9298.83983875236
1099.15181004065,9098.626475033
1075.97210683547,9198.05436379433
3327.42123112799,8857.36667466462
2441.84350814407,8230.95885580736
6432.53195411137,4100.95788173201
8782.05876401643,7103.0572739267
1467.77592709008,7831.3542685992
1382.51219689996,7771.82137759557
2098.2424817724,9032.34573485132
1083.34157902989,3451.80386150827
1025.31306936518,3848.7066528075
1082.7981531461,3265.81829803694
7981.04851287103,7457.22370755498
7938.7615016261,8415.85207985676
7952.15312086765,7641.66525918407
7292.98218193781,7526.20130268757
7401.91381751646,7337.20991210591
8038.97789921624,8190.57061736772
6153.41665547512,8000.01941119271
7538.99101904194,7096.98842249557
1684.51416828348,9094.04827247738
6034.80468585929,6839.62603365431
7246.56133836112,8185.37500292218
6826.81925419708,7196.49555400108
7345.06917585684,7082.22398621381
2309.65221191162,8379.70158521766
7511.54972246593,7958.24166333318
7357.47837056789,7973.28698263907
7545.64428995617,7920.17008959498
964.927546961297,8737.51626164548
7356.28419563382,8058.69354987997
7101.58910325505,8050.17991234887
8216.42768334955,7677.43987330925
8352.83442956039,7122.6006380277
7677.98338553754,7765.22196954711
1409.52566623054,8976.35636905212
1268.68191171513,9272.43880124274
6173.43691285133,7353.93231368315
1283.61632853938,8634.95956144391
8322.45241579992,6849.65091388723
1716.33976553264,4154.28837839456
1442.1027024273,8641.57418091051
1046.213411023,3858.41490783927
1070.74014609055,3378.36578090063
1296.92647060161,9203.93371725675
1566.07807936455,3853.65583730254
954.69315496359,3518.30688214839
1858.21920021316,7528.85927478797
748.993788709603,8983.35815131022
8159.67154223986,7249.99056126916
6915.35573912356,7313.69088875191
5455.68832693314,9086.14858987177
1858.90118014751,4151.97288927016
8870.17843887756,7075.68600000893
1708.03971965788,4192.91448453526
2199.55716829381,7750.68795136528
1052.50709259148,3697.95519003487
3899.7710390624,4225.92573142166
1818.02544214935,8853.11111399466
7028.16567507657,7863.12211230193
1368.65570016313,3911.88040054179
7906.43975266942,8534.88123655139
6540.50381615892,6965.92701344762
1569.02726874218,8019.89439590648
1253.1216066881,3174.25656148309
6629.81640034652,7296.25593815557
7619.52020586218,6869.46604250007
8104.88304398453,7844.40896510567
808.397184139373,3244.78827441903
669.043933933082,3727.91957147168
7302.08301737071,7562.3506218314
1324.50583916772,9281.62102609178
714.844725367805,3403.94481557367
8156.43978784518,6695.44628576993
2754.76612252748,3951.16672157978
8011.16869803939,8033.68527505708
7907.46381989061,7995.45413953935
1597.77997955846,4258.50570491833
946.227013182478,3161.65014924011
1180.68912356682,8897.00690333545
1356.84664189548,3717.1574468957
7407.14809998287,8084.2553455858
663.714438748671,3451.96383154948
1638.4387226053,9145.62204997104
7268.30282352741,9074.07103716598
1256.66725026292,8929.10613147542
1707.64669325037,7442.01713447159
1323.12395495092,9006.60983597762
2016.8309276523,8665.22346651091
1225.23579817565,3803.98016866769
1219.52014471757,3480.3151748266
1801.269718233,3537.26495026413
5722.73661000227,7484.04384407611
1023.76385470013,3464.52024416017
7359.69868112673,7553.53054358147
6628.76294717684,8041.61518198087
7743.95843872979,7247.5962106422
6751.57196049662,7838.05861028832
699.088636053891,3101.00514716123
1976.30285832346,8739.30281584986
7893.93885214562,6368.31875672847
8044.56067062033,7305.78693309942
1967.46672877257,4097.18929261273
1432.69973325664,3579.40971375241
5198.79847401297,8138.97289864485
1745.93059680076,3623.86952414708
7286.53680034596,7849.64440829543
1293.09181376886,9351.52150015805
4001.12479869459,8945.46172072644
1689.67224336443,9196.50619891832
1923.09866451772,8276.52875163463
6442.5886715628,7457.00373788537
1127.97046975243,3623.29453676706
8400.90835800006,5713.83871032274
1512.37164262988,3775.74565267876
2268.52789099707,8658.22562527486
1604.44676484079,3519.47793600208
1647.8415930198,9072.88541153885
1764.08762820314,8843.90167133203
1023.24358112455,3612.33218482002
1881.6907473284,3908.41764131499
7873.44470876056,7267.19309676359
1490.4311429334,4421.52767549648
1188.75774264065,9059.2788721331
1106.46498636897,3768.80293376769
1271.1839459796,8885.7293871275
1679.61429793695,8834.66351087006
1644.05640327373,9171.51329050079
7417.99817832467,8445.99157381231
640.211689857401,9068.25774548453
1476.57129129704,9364.89249873572
1496.85939383855,7581.05975106843
1846.288628683,8469.99991245897
7338.1211057201,7098.24056505335
890.320642782566,3677.46500365094
1108.81670925835,3202.09251510594
1210.52297748462,3140.26966111877
1491.61335094252,9313.3945059128
1593.79236622196,9151.34765225373
1831.31587747002,8823.62481473815
3386.42122564047,8780.73837973177
1618.69058647578,9096.62272345173
7185.1471074769,7505.28635609909
1546.90804579773,3784.38495463916
1188.75754999793,8814.50977531327
7525.24170989415,7087.30013418564
7024.48669798718,7682.0372503405
1461.92843093342,3354.81175303992
1264.53462866849,9177.90496593781
8031.36317239853,7478.70598189281
7762.77221150741,7821.89064457948
7603.66590160997,8027.64661145649
7792.81169037495,8200.96952488813
1050.2004725187,3406.06841698522
462.70047823796,3238.49625275538
1789.73367767238,9194.76074662344
7815.42373870531,6711.92973146876
9081.68881774896,7415.60962575142
2039.58550713186,9488.66033522882
6069.557763715,7543.32833477095
1418.30722782614,3588.83665774288
1728.66628126794,3741.64800538123
8237.36018025166,6368.01661696654
1909.4455195104,9127.06196901131
2294.65781147074,8208.02228293054
7327.207588959,7460.88825133598
1584.67261687731,8836.42914490009
706.008875836616,3357.62896965829
1595.47993124867,3938.28149055794
2545.39733256785,9067.82147041949
1037.11965096623,3169.10704490443
689.967393875496,9280.80208138469
1484.22860748778,3746.98554616744
7418.11955615366,7699.50370357301
830.830461630927,8768.38594816842
7201.98304659846,7324.26805645278
1602.90879535978,9047.89202796876
5192.95318623679,6928.43725621985
1536.0328486569,3264.41139074757
7482.74878257065,7481.38189456095
1339.56211309011,3696.48825152351
7778.86623014164,7275.21522788315
1279.15896769194,9167.42772425993
936.270467548358,9038.77410038291
1236.1563011084,3384.8172222527
1521.81223024274,3579.75646985404
735.790224658453,8754.76391552592
2218.18353380428,8544.77241356699
1583.76881360974,4246.24852296086
7554.28454143853,7133.42771796725
1918.08522551272,3924.47862050046
7606.47955755597,7091.06584296454
954.501496927332,3433.34793315981
1093.15491837531,3320.88020425551
1012.94356304982,3140.5958431343
1870.0997993611,9206.13716444112
1033.22339098635,2844.91091199223
1092.83118938379,3278.42063882079
7517.74936349913,8309.38939874694
7587.42475875686,7375.47940610687
1304.09440610824,8902.96815778689
8847.53031700117,7145.41124300461
7702.86513031233,8011.48658526664
688.611850327937,3734.99586647125
1172.69426834825,9129.64624093213
1607.63569906598,3753.28807269932
1113.60335477484,9127.44793050517
7260.59483999132,7486.25924564736
1955.95673828543,9103.95155022687
7907.41629612333,8077.14509252802
1239.6651399663,8849.54691520415
8088.68968811594,7654.31415389125
6917.84716098628,7467.42100864882
1584.15820217455,3595.02642185066
992.266354293908,3183.76045136227
1410.57077831874,3632.17206792584
7989.77136405388,7247.28100712002
8835.64516874173,7789.48652181103
7356.12866317588,7408.66385466703
7149.45174672565,7548.46328290815
7454.80408590103,7014.37211090169
1086.95117181438,9119.35516100585
1144.83928072285,8175.06915495375
1491.34194251507,8897.64023792385
1096.72890537164,8674.57154550247
1630.82756864234,3875.38853085338
8993.38482350926,8134.04376604977
8225.82499620933,7139.37392515288
2172.8101153829,8133.7579744326
8208.30425556275,7056.76979583826
776.92722520833,3307.95658133536
1444.61543066699,3489.06040373429
1071.59114135997,4019.73100574191
1358.89969067505,3577.11127738764
2383.83107408498,8504.29087296674
1641.36082574172,9209.62380762454
993.374172938836,3368.00760095384
1094.07556976411,3620.72588819441
1528.40600561738,9138.0543239256
8010.7676435719,7467.58435995135
1688.39126411563,3636.11110045432
9049.77535612375,7745.27226766684
7563.98976260606,8151.09786999096
1641.20120415567,8690.80209909938
8403.4892481516,7915.10692433506
5995.00059332826,7687.90176341419
1786.84189651506,3733.75116119796
7606.46966967921,7571.47356710702
1571.60990345437,3722.3504854641
1929.94486642786,3791.70361489681
1362.13026740011,9274.23363586634
1632.93867041424,8645.44683630053
7694.08524828476,8260.51347734386
721.801569462521,3187.77539419256
1206.77825857993,2085.79144930026
7975.73419786836,7480.28318243533
1271.16290454648,3324.32308200615
7416.81500738656,7854.11207603244
8348.6760947059,7800.77653888567
1014.90958620711,3391.54261176728
1299.48858975434,3288.50496605973
7752.45318657893,7522.50388717187
8531.70895170912,7949.62637825066
1188.88703979187,9154.17771272685
6797.19999332071,6939.16070539213
1281.13292993252,8974.63481994103
1300.2482420671,3334.96289395887
1160.90947435223,8707.22185309209
1367.4068130585,3565.93844446691
1628.97600243684,3593.13000548023
7420.52602161987,5628.31715471329
1266.31609741856,9200.00937848469
1630.76878417074,8522.33260932687
945.511308834555,3358.71528244833
1160.48777650859,9103.93532785941
7934.89516311244,6825.38905221981
8796.62736117957,7319.31089118917
6440.4265250973,4166.50606241823
7485.66914436448,7224.57247456829
907.268165772003,3038.75075589516
1154.16226581151,3356.03773183098
7845.37225490563,7647.84439654827
1543.66811752771,9116.07138083448
7200.05569900193,6328.87593986337
2155.24356340119,4822.84231342853
1287.12294126928,8197.98584820727
1470.52222628518,4005.52930598758
1420.76037906137,3614.05676758453
8640.45248134737,6975.52696447641
1355.60548198742,9261.63179150252
2663.81834033235,9597.6798133213
7556.10608641065,7373.65207026586
1051.5045818732,3483.94039697268
2257.30894215995,9571.14530676719
1161.26242246429,9240.59267710677
1345.7041078145,9104.74554017656
1399.94938568815,4291.15793401006
1167.14171990571,3561.52870749591
7720.7360538364,7937.83085079675
1386.23999283621,3674.6096584887
7138.1807279135,7058.90136547368
6878.73706645837,6645.88415912947
1904.56316120684,3884.42062219891
1718.5656126837,8882.36046766119
1508.08357726572,8888.47974430431
7835.67832642086,8479.81781682113
1590.36298928817,3780.73203175136
1118.23297381161,3729.27922031768
1969.6198810125,9022.96673214508
659.242529469466,3269.14808154952
1672.52080218157,9299.5941134821
7201.55707950147,8049.58271275593
7634.75249771093,8378.07672008383
1543.12742948756,8570.83958182976
7357.86454682562,7756.64181107073
5855.83338297168,6866.15631627692
7127.72349987418,8125.66829666717
1117.37592805165,3712.94852735747
7126.06767928319,7491.43423096648
1210.00979772445,8513.53972206742
8363.79209617073,7245.89509804787
793.265871835403,3038.86093849257
1564.75452140074,8881.51113272525
8675.20257802971,7264.80305218203
1330.46480302675,3592.79202539121
1223.05113218668,3532.83494684115
7137.02628758693,6919.11115042101
7352.90749409682,7653.89447162763
1747.11557413872,8893.52468500552
1500.63387705344,3888.5657665093
1839.8746343562,3817.63983349584
7434.36987345024,8030.40700392359
1344.69324884643,3777.4655319011
1180.09651032585,3500.81792093888
7591.60828839077,7041.98399320437
7507.28103045449,7884.19053487315
1384.30741573602,3662.19012139185
1558.77679482089,9054.05009398836
7616.74492401278,8090.67447268793
1229.01850935695,3578.61702170538
7568.74280686743,7461.60709792048
2229.98048792724,8872.40791586069
6816.49000754136,7339.71826454082
1683.45808139321,3743.75719553925
7929.29462111402,6680.06205780097
7098.20059742796,8142.46916665482
852.082795876834,8934.12861308754
2005.57912972102,9216.94725165719
1624.80948942841,9509.19261859068
7285.56122515327,7035.93717712746
6604.04948595379,7287.06043140617
7416.35808348496,7021.77487264085
8367.01115406505,7327.7640332987
1267.65204614331,3378.09926180914
1485.11807440781,3591.19391897376
7839.865590826,7615.01319489801
911.173077104325,2919.14540563902
7435.30310177446,7322.37789995963
862.196726743606,9364.73673734133
1971.36370692362,8210.63585195836
1225.34884787876,3520.43699260765
2417.66139139427,8913.64788101204
3241.06428400273,9037.98155156746
7630.7068105424,8056.81744955368
1264.32769063369,9195.73841368781
2383.87378719244,3886.07174994483
7857.82508628563,8085.23237987898
1558.68571237266,8863.13207786439
1128.57269046413,3261.83956436156
7320.38969115967,7546.04364682728
1223.88741099685,9539.70920409217
7170.71420334882,8280.20780813155
6792.40651180779,7479.08633491533
1179.45857298099,3664.04410402426
4846.34349277079,8484.46115460866
1763.922646397,8915.65799209719
8193.79824225239,7744.10644565672
7474.98189449035,7810.61348717922
1233.99904853774,9050.8723283253
1636.01815919202,3667.07386007175
8508.81747421059,7225.27939676298
7913.82460903574,7284.56220904678
1471.20935641274,3721.65830999689
1300.43164635691,3327.79758501436
1705.30091940909,9018.14889813864
989.596123483536,3413.71694865428
1597.5363911464,9191.83997765402
1680.95716126703,8513.49371642225
1440.65140767162,3470.6094283457
5714.32808909076,9514.24383280939
1998.98061118542,8751.48582632848
1617.97532108701,8846.84768360312
1441.01719625138,8940.88592454341
7145.0751129187,7947.95182268409
7686.96390844942,8597.53179045416
8516.90510294423,6978.6254848713
1179.01251214775,3245.20298535438
8055.93296542195,7977.95730995106
1347.3783832299,9212.76436542866
1301.15436309089,9105.25448923429
2036.72774064329,3927.42839340518
1157.8510085963,3404.21836911916
1655.28056988316,9088.41290014662
8115.2441490078,7056.21985611655
1244.76431757218,9044.81050762811
1508.76593534411,9129.82263507922
7761.26214869097,7885.66750272286
7484.57013477424,8243.52179449714
959.608836233171,3095.14014258286
1020.35263553409,3345.5998851304
5809.07788249471,9240.49691408889
7560.6218657643,9010.14347105166
7486.13405279509,7596.37853517565
7584.74126190435,7774.78536330121
7502.80385565219,7576.78271978053
1197.71754781316,3452.13945077268
1690.26531861546,3439.99921703919
916.243727060311,3253.62093242085
6423.31222725323,7245.7624502664
1466.63099421405,9459.32616608293
8487.96136845735,8318.25134289427
1798.87959516872,8905.68313142514
7559.9754670181,7743.28057528033
1687.34188184029,9217.23292009949
6383.1274355481,7544.86654456719
7076.81371859402,7697.63677923194
1511.40040248335,8928.58907146955
851.309636865573,3338.08583538656
2810.33565420142,5660.40416636841
876.563239083145,3085.52853358479
7560.62766061471,7881.36116658544
2264.12748778713,9276.4979294238
8108.38826314319,7723.69909730111
1142.97719769736,3516.8193976667
1336.21524303203,8121.60521198374
1188.42883142607,2928.9144530037
1320.7840913632,3641.0785098698
7477.6670895448,7743.63160830259
731.676503638969,3517.37245896187
1699.97210112553,7470.6117373747
8665.61247970432,5921.20592155876
1557.62450733719,3735.04424018275
1408.8291522808,9160.69073819168
1169.94247868811,3925.64194807886
8496.83760509177,7692.45736744667
1326.11990739057,9194.17267291983
7873.64685895797,5193.40261995105
7622.9209599313,7382.81868826926
7519.81868681282,7515.15300771991
1322.99647935431,3921.92883199196
2337.3930789805,7988.20959189706
6813.48690750708,7724.52016686402
7131.70672491858,7689.39841353706
1319.49517035486,3560.14400236169
7971.79082308091,6987.00767937223
7531.39836155484,7913.16003911495
1013.41316285151,3116.07573960584
1395.65858342273,4065.00246728054
1814.90909600333,8715.11829969261
7415.46763190987,7696.71947565649
958.312003066299,3534.69834231388
2003.80113769799,9201.4452248556
7211.89040789746,7707.34280985838
7884.42690068619,5927.95552978849
1118.47662049373,8313.48968510701
918.05934123595,8719.21403500627
7194.09116060212,7138.17730540661
7124.4637840453,8375.65612921736
9025.59714999104,7237.24064242838
2056.71168021706,7443.116053036
7168.31465921891,7888.16198631745
1412.8423316221,3616.76753799933
1140.60621385142,8809.21336591978
1437.43464495173,3760.36196783211
1298.91110890381,3493.43680984927
2829.9773388784,3423.64118917597
1737.18812625733,3652.05220950827
1077.24393918364,3332.98276429923
2378.01521944992,8928.93336898467
7190.83159381929,7289.7090405607
5943.55344452375,6927.57670941188
1985.55319874332,8994.27075380617
1085.03922606427,9059.30573477366
2545.05609815243,8049.95519428375
7450.23631880959,7487.45451746333
7508.68444675704,8155.73613026236
1075.06867877526,3568.73309773337
1141.59272316954,3626.0302538142
1644.47283080416,9062.33003644765
1329.08496227801,3405.10263708031
1429.63965472509,9244.28063066959
882.205720660007,3662.4665044011
7686.40842909374,7719.55371724212
7611.38590997414,7780.7665076906
1346.6846703144,3819.39635347752
1643.24638585764,4031.30086218616
1614.98160671595,8821.29113354522
6970.7831307799,8061.12716892299
1240.42000711221,9050.38311347326
936.427475878847,3246.9150244435
737.437264047256,3375.36111739156
1464.26633737395,3144.28161374157
7225.43770952085,8385.62643672571
518.436586570025,3178.61715773216
847.952686703969,9015.12158451687
1510.8865746155,7874.05103132668
7400.51830731638,7847.54661558343
6714.62714801433,7892.68868004681
927.502611083335,3280.53595903181
1074.1119113728,8812.69395406469
1439.31309148212,7972.93630840076
8394.86870508879,6125.28131260329
7556.81666154552,7529.63526526587
7165.34850544653,8124.09060823797
753.094610276898,2842.09287845318
7230.94382917796,7851.34505203046
1511.45112502606,9212.95672035199
1425.55887736551,3825.55384012512
1817.91201389341,9168.15665147903
2067.66954798033,9096.51949243426
1334.70223216042,9357.0545761198
7443.74625918846,8308.1389838965
1337.90822924978,3717.36344958844
1000.32816733264,3584.91303787719
1607.14694312156,9038.87561893045
1503.32433719741,3527.15062290238
1366.1763019002,9087.26364929551
7683.61841048456,7071.99669386333
6431.00842130368,7913.55593559568
1825.7373653383,8026.83686303316
7741.4212939333,7399.28165234137
7185.90653005966,8201.32787538381
1591.43105820812,9159.28324212675
1424.16950845868,3430.76149649073
1833.6198170912,8761.63954852549
1147.75145479119,8822.89074585566
7959.35845525297,7395.30594539997
1176.2962396459,8991.54887381439
7294.15237832174,8280.64035698533
7037.12115332136,7710.64843336713
1250.68884283476,3539.89531035527
8084.14437096881,7829.85523160171
7026.86244333693,7784.5638330862
1371.15858509303,7739.57995763823
3328.38235279775,9131.0215331434
1059.8509107778,3323.5238952927
6737.11424196343,8981.41994368727
5609.19816566064,4593.70957262642
1112.4234185422,7917.26038739321
7889.97799593136,6935.18484954501
980.936283837872,3184.6814523939
7394.63826164046,7094.67703481313
1954.8840405226,8893.6635950969
2273.12412824198,8401.47417171968
7136.23869500029,7304.9082321045
1651.87473045551,9341.69202797839
1752.38949473819,8728.30067030328
646.288553908911,8828.12192560044
1741.42524986467,9095.41882438643
6417.82244739666,6769.63438107978
7319.64792936971,8352.64164155471
1644.05441174109,9089.91513350818
1668.73969440107,4026.210462742
7285.93884064492,8059.60214948299
7446.16559327462,7413.92854524913
6825.24196459318,7505.87628444406
8076.16156544298,8071.14364504417
1559.48682084528,4014.73076587302
1050.05342569294,3053.78660910812
8099.30189909126,7487.09519849578
1439.04963167021,8812.3271198133
8111.25492259709,8307.45408075071
1470.99572601222,3710.48622061459
8171.06600440191,7525.7974010364
1413.79562502422,4876.15695120871
8505.86519889398,7389.79855892944
1369.28520852835,5087.20341242466
1761.8749056532,6343.98291451516
1941.93944026997,9001.23466446726
1420.33388282923,9091.90323240458
6909.38710429345,7019.65004883393
1324.33345438854,3637.5247112411
2363.2938374424,9317.16064987893
1699.96500185935,8266.19170415955
7522.65294140221,6865.27045712749
7759.9707944504,9437.37992720858
1986.46405108464,3542.93662966428
7694.80175821437,7325.84429886935
7270.15620041023,7760.35953428095
783.244330239126,3409.57509407469
7504.8060296565,7276.82759298979
7233.5151656173,7472.27549653067
560.573235239496,8666.64068256768
1268.07463042797,3894.31264242372
7120.53328992903,7646.12999205938
1487.38733423595,3996.75036749516
8057.99272734933,6991.85729607183
8159.25848600377,7455.96806478349
1747.35506014125,3604.67734874059
7206.95758152831,7594.30707162311
1557.40714629239,9338.61352748783
2875.87856471972,4223.63674852626
7770.16733255036,7790.74532902263
1090.4045712689,3702.92879328812
1259.86850448756,3704.13124291234
1518.77120354062,3774.80660378867
1647.60743592232,3791.01574327
8115.38987338607,6807.86868701573
7257.92582152838,8024.87222485864
1272.96786521505,9205.99838269048
1479.01370943313,9494.44492157018
8099.1672655888,7867.16731525398
7037.37275213629,8339.57992803811
775.813376301912,3196.25906603612
7421.64838286369,7601.89440089915
648.523985515304,3273.87805072717
2394.90373812407,8945.32096272696
2478.65545644717,8851.20348996887
1231.77860670219,3788.05968702287
7687.15229461429,7100.06780167992
1114.55631614252,8982.38620276198
1382.49827030322,9407.08256427305
1210.49836571339,3360.66841701824
784.248153684698,3239.96582190952
7141.02867844225,7523.13743539184
2109.13633231372,9392.60724606159
6920.78535832745,7811.54436733608
7658.78439832803,7421.00318956785
5997.59483732607,5870.70144906047
4658.52464240206,4120.00368411071
1638.40906899375,8990.65886025885
1437.26251034314,9169.85125817898
1814.74591633868,4325.84508313334
8140.63015857861,7141.04173152447
1402.83353355514,3473.06531589036
1453.71881564232,3626.62625547138
7442.10707159789,8169.95484104813
1197.74300184746,9090.28974265651
1216.94210641927,9177.96344775783
7975.09956251307,7155.09663970112
1521.03970391818,9276.37165586316
1599.34268659266,3863.47609131164
1204.81915412461,3554.79525493042
2130.27076063492,8686.49916242001
7700.78875455581,6041.76531465478
1681.64964403871,8935.93119171882
7121.9581773354,7361.89013616666
1084.68647611938,8374.59588979735
7010.97676418351,7821.65887167374
7508.16488892024,7898.29483862778
1139.26750524093,3315.50059585461
6861.99951464172,7559.45567193066
7706.48665969381,7196.70429724706
1168.68728722732,3469.51006174725
7591.86410628378,7810.76706463809
1143.73840729554,8901.00121214306
1024.21494565147,3182.37694263803
1066.31755180719,8899.62081957262
1663.27369280698,3607.38139252318
1577.1919171185,3946.50775384526
1156.96195153732,3729.69655569437
2099.02814589964,4123.35071535037
1343.48213882246,9025.33448105732
7673.49596357916,8042.45335567051
7442.50083865846,7265.78442765012
757.479748433671,3348.23008091319
1797.36754534639,9153.77602268504
869.86093830245,3041.08005874489
1227.44203172547,3473.67048251895
8028.51357620867,7848.53605617353
8441.1076710572,8523.38509063079
2001.50049440366,5607.12232761596
6989.29914369309,6187.61351821468
1037.66069022365,3807.02091886114
8540.26889559008,7500.85304172228
6521.32951320574,7726.28477919367
7738.05148831616,7525.5694493229
7101.14551433384,7446.48478524558
7561.43391348792,7624.31413263859
2013.4583024013,8213.88548595203
6901.3774301928,7917.90939194491
7087.2491358169,7960.08857762513
2198.5961698724,8425.64593303449
1524.02088324823,4380.34172786134
7042.60196624484,7086.14691236707
7765.13601509498,8363.49336855569
7934.43784368572,8124.11072522815
1637.03505079638,3365.43559888351
1586.84775765467,9214.39301626699
8383.81713716085,7769.48608177261
8065.84732249179,7663.95429252031
1726.75029824489,9030.33235668312
7764.60802442606,8628.1565584675
685.977704720303,8974.7045053496
1472.93589652556,8563.53262047535
1283.06381699302,3041.24951280573
7400.85607592049,8157.52682731518
9014.4442203671,7819.05287079802
7420.04665663513,7647.76895849916
1015.360096653,3897.92761185587
1504.69301752041,3729.98284786987
1318.29870194522,8761.32242997041
1508.89052921195,9420.37417612526
7798.49826817296,7603.25776385029
8722.63697859066,6700.44304237436
1377.57423298454,4527.49061926715
1219.63604203038,9228.03050112736
1886.22678286134,8806.20444807357
1904.5274358944,3856.56337239848
1288.08080832937,8919.10464811527
1571.98520382013,9259.10945019185
7572.13556234944,6341.6767219892
1060.66077229089,3305.31800870571
1777.85532298842,3655.0807963462
1270.85105868059,3130.33824362441
7909.10011865663,8133.61019129356
1995.21978838388,8622.91745514582
6669.09546193148,7451.12568165391
1111.41251553603,3350.75977911238
1605.67398429054,9108.07059943652
8211.91595849016,8215.36565057776
7570.37731242435,8381.03379893133
798.216948110181,8988.6133225114
979.194838178256,3748.45353861012
1696.84554783706,3835.32910378192
7535.19589399948,8039.74111336313
2172.55893658885,4036.23062316527
1298.52495693281,3546.36651834333
7415.82627702368,8030.62706884664
3474.8960010407,5075.90243438012
6761.27901276362,7491.54771431331
1985.06243223252,3841.30996542071
7249.3776926946,7953.03465554638
958.746250083737,8795.15863998638
1595.20190796835,9315.99616209999
5989.01851135466,6517.8091301911
1316.84814696146,9217.70866402588
6799.00243771937,7860.94283581746
1579.93456311551,3675.08470803881
1237.98149687249,8900.87194749747
1752.61289212294,8545.29152616344
7539.23324935339,7807.12966016124
801.134076806503,3319.19039554925
7706.58227018022,7244.60966744849
1482.86535803504,8527.97084318386
1757.89092589299,9267.65332074025
6329.05396728735,6940.27263648065
6772.94503759787,7250.90453820001
7399.12425454282,7444.91103274298
861.673396252626,3393.88567005984
1094.97299951971,3524.87595593322
6504.94366716843,6781.69788180931
779.928281821494,2920.07286088256
7724.21799870616,8100.71980916817
1855.53144340822,3756.30762374784
7974.86850601132,7205.20660503235
811.288274091219,9078.70077054359
2015.33416064312,9145.2884811937
2905.90816653446,3979.96359770372
1431.94858545439,3890.34875231249
7467.01422031614,7918.99466873158
2054.26468466878,9285.94667448947
7843.24695519348,7876.3445442368
1124.87471830691,8849.38444765884
6222.26463679827,7272.5543582828
1908.05904455757,8482.24955029348
1476.75424525854,8129.94812528706
7374.54634920273,6892.94505814718
1675.23326811469,9319.7941692458
3248.46335506638,8686.24785593962
1296.43683246192,9381.20434883474
6913.23850235364,8158.3405235742
8604.30028138562,7598.08272569957
8925.73098613251,7732.97322314957
1315.70003210246,3607.06615399887
1803.24711946905,9199.67063339899
6803.15998618623,7661.03058552756
1446.93410183304,3242.31438947199
1344.95325993717,4105.46448012552
6838.43843937405,6762.0501209911
1407.07364515375,8121.43343956514
7691.98575204961,5725.33026247914
1836.20973235977,8837.55297427173
7708.95092631057,7862.05224212218
1496.59843209216,3511.70467166505
1944.92580507441,8994.34063292323
8332.30970093169,7251.64246290291
1874.98090480795,3404.89205328658
1722.26041709032,9207.64975970308
1506.7359582148,8871.16989984451
1723.00306366062,9165.93303185387
1501.38847869639,8331.90993234027
1462.41342019419,9409.44111603293
7989.42861632844,7431.59167502733
7542.16189132153,7717.74588168364
2445.7016838834,9150.49153527026
1203.33448992104,8525.46412465736
1350.68250409987,9248.69959684254
1672.03507460219,9210.04765716275
8346.86151544601,7977.18181503015
6962.78804056491,7972.00278438495
1500.31957305877,9151.54642334256
1321.37936904471,3623.03741922782
1585.50531712067,8489.67379984224
6349.15915711392,8934.60958639575
916.387442137321,9022.53984262133
7755.41985643959,7770.12901926145
7602.15201778457,7634.15717972128
7747.05437008139,7350.99311426439
2052.09917987244,8716.620307727
1192.32031761263,9185.32986787401
1630.53183291069,9529.53546635721
7408.68744597169,7314.08954551143
2148.68945765911,9254.39194477223
8120.87127391023,7523.84282451121
1521.05443513297,8925.76324700936
1474.60759526937,9173.07151756417
1993.22982119445,9089.86792957938
6486.60428883321,7864.82176742084
1317.64130209891,3364.81863914896
7561.27783481449,7604.07270163306
6921.47241071012,7930.03223439335
1390.55654797621,3304.85438700728
6955.06476414013,8102.63411307396
1051.47642062985,3448.15268112858
7137.6853838131,7899.39525376517
1915.03862390659,3891.20284116214
1907.42481092359,8256.29892083007
1211.96148055118,9302.34376266042
7826.00382978329,7434.74827949353
7029.66695967866,6960.41301266415
1791.32310790168,8923.48019120795
1549.64186055852,8710.10354444232
1482.76335652978,8860.47049077275
1096.3509616267,3383.62250658032
1492.77540945331,3740.01953506794
7967.79748198258,7579.70796541557
1545.81061722887,8345.29377314732
1431.56872372476,9042.38944085524
1682.82426787424,9024.24114526762
675.58257771139,8930.30185757414
1344.68352741005,8957.44600841025
1183.75428928072,3149.96311782558
7658.56890277625,6179.39214394418
7108.50301423651,8680.4546127907
1768.46336503936,8871.25121849329
1552.38875298012,8307.26048577378
6967.98122202021,6691.91808626049
8673.25014207852,7270.49382648077
6552.15689299366,7817.02547367246
7894.3597723406,5548.61399091566
747.290694680174,8831.05229491512
7116.98527879953,6858.75832158954
970.330792199093,3892.08297205392
8321.99685214195,7453.80440427893
1016.01367284457,3495.33555507252
7811.33183337805,7431.02111311321
7952.5400957731,7291.70315104301
1196.12403623996,3527.47496065803
6491.6510238833,7745.87895839291
7681.20701252168,8508.76152185915
1214.58320015029,7404.57938663499
3885.53201177434,8217.4073489319
1378.92327818663,9214.36157452906
2243.50543838189,4205.34285590496
7019.75577837147,7518.65105748479
1331.57955023061,9249.70692120915
8498.84761777888,7392.87074476339
8784.21794364909,7789.97659405427
3157.77916725439,8971.70499715777
1459.19817547801,3418.20987315427
1733.49794616044,3397.47214424095
4604.01924382996,4786.77618080971
9207.73573137207,8056.20911594143
2236.44866743615,7127.82733973627
8743.76017014326,7858.35625994165
911.694111856905,8457.01368156216
8645.3436933548,7914.00641193239
6057.17531038873,7781.48891941076
910.884860703905,3597.78912547666
1573.24874319791,3353.23004364291
1236.87529271361,9221.0995212932
7765.12273879121,8376.72235775526
6052.21249590051,6171.64139019782
6908.03425866557,7947.63102255075
8967.04979620407,6444.39588557744
1346.34842551292,8134.2514446031
6147.38837534479,7023.42187173466
6314.45232493841,7337.8521509431
2154.30501398751,8059.39797036403
7662.80114952012,8133.86569486177
1480.63727998642,9006.66588151286
1194.42303942312,3739.88555536551
1309.00846600437,3302.93364653371
8006.9931596731,7164.33388518137
6851.33100535133,7851.59592138604
1410.67208383622,8827.88858364563
8949.28138704748,6768.37411442116
1506.19830989347,7751.04188107318
7543.55219954612,7730.5990143652
1702.57992824109,3970.58809930021
7795.42557589377,4574.22871239721
1203.31601360086,9229.32901252515
1787.89785233707,3927.90971310917
1576.98977084764,3774.63498180743
1232.03932048604,4094.6266052207
1248.17073300131,8347.74746489006
6583.06875959479,5427.90282719457
1221.12888556095,9213.41871385966
6247.58380185039,7495.87199915496
1062.28540604929,3419.5583779509
7266.69502764242,6951.81897957729
1506.99489493699,9056.82741054146
7530.89882153568,6215.42142960103
7396.62100600806,7470.46915120036
883.406534422826,9239.94732284666
2408.63970727928,9145.35364127177
1348.9479181895,3762.87262077116
6774.07824147822,7032.91999329178
8544.20558500881,6508.76583087032
7609.57749578664,7913.63363149177
7319.06721029858,7521.077752997
8901.2188397949,5451.36965364092
1316.38804912442,8987.22543591748
4818.89093378842,7037.24434613106
1024.74893221191,8949.80627292024
7961.67130624012,7769.94803882572
3561.28043904605,1805.47456361759
1563.09144961288,3887.57832365831
1912.74769592798,8781.12474507815
1195.53956342995,8323.25031974295
1190.0392778456,3603.34065161297
6691.17692006046,7463.23879195792
1125.82205661907,8579.92890096808
8495.52279689884,8159.84583296211
7537.19890646337,7270.80912476338
7218.82632135291,8153.26566800668
1381.27134732304,8384.06268730763
7226.79659520802,7378.72754177037
1127.28719335824,3313.36771970924
8970.80830824823,7648.2979225291
1342.6819452323,3754.64790795352
1284.09825918624,3567.93057278088
7347.67868618756,7579.51344780453
6758.2868904179,7876.28801330607
1246.92718162124,6964.52298789646
1510.79088866859,8988.35726287152
963.489062108217,2981.46004895909
1377.606482323,3429.99762221807
1883.51117294264,9172.62906748128
1661.31346531549,8213.29949114704
1278.631451857,6216.77098748796
4048.04701420958,3985.9154293021
1616.23030677483,3725.81551500983
1237.57621496044,3792.42920225567
884.811816953338,3474.31448620968
1369.55730904647,7699.56317671801
6925.08384982916,7953.98313304407
1624.79449336813,9208.07429104667
8124.47669044365,7942.66154888518
8229.15572316221,8080.78032692025
8605.27866912911,7974.73752053
1485.96397395761,8922.40907434693
1555.64541464244,3593.11960645691
7670.76574234024,7684.18543700005
7709.70363701188,7734.09937051676
8043.78958156969,7018.89864327888
1435.27861011922,8325.21143398502
7055.91344560744,7530.88279134247
8320.09303800248,7730.75272249844
8006.34811275892,7832.84008153182
1344.62424060575,3714.58836909962
7674.74437421547,5932.24023445699
1255.98676419522,3432.43985698006
1442.86597381528,9221.51196647673
1924.58575904154,8182.91763799525
1100.92889414222,8611.06474538997
909.177876933542,3506.37851363348
1166.9680229228,3617.29418950012
7566.50393879745,7709.44066535709
7668.97037268083,8082.8201170596
1779.49211329198,7783.44526848507
1314.56841810476,3743.86581718551
1826.71506962635,3399.04305475826
1146.27077347994,8037.25655684029
2859.91684233147,8884.3707841031
7521.07944161182,7822.64410514184
1791.57675568355,3734.09329140485
1009.52289449346,3591.53255272182
1367.937461049,7688.10745703874
3173.60722958875,9506.12949896601
1191.94486568228,9032.40505890191
8463.2749215812,7804.78024985595
1042.76929912976,9239.96696211105
2304.36454372195,8927.46919236519
7057.94927459106,7605.7383510613
8219.73223926822,6731.20624360998
1601.02555831325,8917.41538448184
6840.56164936386,7695.39756605137
762.342171786282,3521.12216768649
716.390412734457,3509.5788055707
606.493726356367,3473.13653828863
1108.06487777277,8583.76824947239
7821.29522270829,7556.33353192511
1963.43533415069,8998.11120447506
4932.71491725232,8976.12412663906
1441.12035938449,9075.91500798954
2226.95753262859,9079.50833289807
8159.12586899732,7379.10446910049
1584.97860813053,9376.36363366678
7211.28946660555,8235.92202209368
1352.93907784993,3273.85249959095
1613.68785108966,9023.37310734548
1487.48946616469,9175.64942400479
6253.48186902346,7253.81326506571
839.408090474129,3245.19448315111
2052.02734539578,9167.19302906424
7086.31044203971,8464.59069310826
1892.68184851386,8768.87019813608
620.669646683815,2912.25083848229
985.279795804262,3202.78303823012
6713.91198444362,7285.13242861398
1425.61082899778,8333.45636603107
1953.58936379709,3959.75831936045
7251.86450964198,7602.24122361572
1694.14537301447,9198.24713187917
1904.72398623159,9214.76301013451
2052.37413285326,8850.8943288391
6926.72363216977,7278.83841611632
1223.69029962343,3400.95716642745
7392.8447523568,7409.26022281414
2605.24126897235,3240.76798870745
7779.93350741807,8221.21352701682
7765.92016847484,8143.09702541122
7819.5423939041,7587.37504478953
1215.6913994059,3540.66701616577
8584.16956280573,7672.78835600462
1470.43507995234,8478.86048742439
7283.0628340905,7329.31460703155
7879.20785475616,8114.47114313593
1340.84087102726,4272.67667063765
1424.84683065637,3680.19695541246
7559.06127617498,7592.78241972451
2033.27688436883,8437.7145163137
7109.69463024655,8172.83347560517
9234.64881312624,7482.71722580202
1357.05212948255,4001.53996395755
3347.91534207078,3536.82253817909
1051.30093231796,3608.19464645282
8345.77531999067,7884.1628192153
1124.96275000925,8208.7792609726
2010.63518581364,9247.93459757687
936.372663928605,3579.52436307622
7667.74657250117,7669.99739709948
6805.99110174053,7763.73772844057
6667.37079322507,7348.95550854891
1436.71324464333,8835.35767509369
1345.50032847085,9210.43358676305
7091.55750631571,8054.58506315999
1281.7641215929,8899.86155376081
1722.57132762242,8887.32251181767
8009.56470823676,7976.20124274783
1948.53143752503,4095.94776770809
1231.9184882604,3636.33715104833
1527.43051005458,3547.65376002725
6765.45081664617,6545.07103741555
7397.11358473316,7034.52668464097
1686.97812691525,3811.52481484471
1024.61574683449,8586.39020706053
1515.10315460236,9125.6659532106
6653.17088782833,6856.37000330428
1377.30241784465,9035.58689389162
1382.91215415472,3766.61067525206
3154.15527974088,9160.31787566638
1370.39275273938,8543.4420520471
968.962241602846,3373.18817156616
1163.9812419479,9051.60673738214
1758.44931543199,9157.10745938124
1887.18804507836,9366.54466611564
897.827551847106,9078.53376300661
7704.74789744641,7573.08462168617
7830.13077260706,7043.50100044783
8939.23496668633,7809.03621533482
8011.27117686706,7678.84604225763
7204.10941774811,8129.79845358447
6764.88860386644,7042.97174325056
1247.48804331665,8416.48274696364
3241.00068626808,8940.50473851908
7465.15508437172,7006.49172196735
7301.60624300098,8008.66054372309
7018.93116622957,4965.26329833152
421.740531903315,3082.73622053479
8364.57867383398,5931.37075065387
9312.3848447994,8090.98794315876
1294.27736522504,8726.24067761889
7351.97442100571,7966.8634808193
8262.03574453685,7693.99373343084
2071.92910053496,9045.82124143939
1757.38084521238,7924.11131318422
981.66445356022,3278.91056899322
1531.62169975581,9206.88096553272
1497.67235856897,8383.0431504911
1420.47208877248,8142.82316344396
7992.19528061323,8286.48756217093
1312.99227676241,9192.85721126384
7344.78067805444,6959.10917318712
1279.70117705182,3255.16141783165
1088.04706956261,8803.61076457641
9424.15915909799,7544.32443324679
1833.75854256227,9397.39975502817
1057.49399025675,8661.50374532943
1652.21714289797,8534.62533556347
834.436031627877,3372.2210744501
1605.10662624662,3626.39770841594
8636.51182863421,8234.90801965501
1746.62347648638,9223.31062085006
1478.62819890881,8714.31756101566
909.814746804516,3473.24788204932
1721.39778528169,3850.31426897993
2053.26953187068,8888.26611466448
8167.10457565503,7305.78219498063
750.146714035634,2929.30116499859
8392.69506256336,7138.41652393242
7821.05965878402,9404.71996494617
738.83749844135,3162.79255206435
1117.13814224108,8398.56516393279
7897.76900256242,8077.50647818357
7673.22502731484,6708.53145927655
7517.73552554139,7835.09809786464
7751.67358585126,7759.99884996445
1242.83037802029,3642.54792852068
7817.72383667032,7671.32792118724
1130.99450479809,3374.69571736753
1543.69693984603,8337.61069189335
7740.8287419901,7279.65123848458
1407.01182586979,4309.77540143604
1193.90094485747,9242.26764573236
1748.18516647555,3708.29953508951
1943.24324176254,3988.92768044313
981.892233548494,3822.12624773575
7643.57047591421,5999.11947343363
7746.62344138542,7743.22779647328
8036.94375983921,7563.94804340681
1634.44768275544,3496.13936445859
8830.47784694783,7723.75006170919
7462.41344868401,6809.38793032761
1866.34404495885,9125.22909179234
1730.40475881508,9140.10743405181
2023.56413210147,9081.21100246431
1879.93942709695,8614.26179842873
6996.29297298156,7929.79327012182
7294.52959240107,6988.46029369305
6700.04568609028,7199.84254896722
1243.64811136778,2870.53817192855
7343.87529722367,8086.35319586321
2070.32500419575,7404.8708318972
1241.19461869322,3165.67344732334
1273.82456425628,8636.01972631041
1231.22313536417,8413.20611390177
813.241946728259,3071.71105704905
7077.32365805076,6960.07490898601
765.787621511043,3254.03594109004
1036.62618115619,9086.25545532477
8343.41835373858,7683.4102808736
7990.47260724228,7148.6415036452
1234.59369197135,2767.49165714593
6976.62371830191,7593.37590608291
6866.63875272465,5836.34008590836
1036.56551800582,3637.67344733035
6461.20092365071,7651.30429915061
1413.57469825011,9163.17093164718
1396.73915656171,9091.06455011144
8482.97066938306,7618.57222576405
8579.18478348664,8076.69331718621
1326.27549386835,3731.16667792474
1267.96679163235,9207.05123214972
1106.54972684251,9219.07453693126
7611.62115262421,7083.55652183231
7508.20456196377,7857.08705946825
1079.50571432136,8936.6859826002
7167.55303052663,7817.7610884638
960.179739096446,3363.21929743459
1594.65483681666,9157.25843359031
1761.08292407933,7860.15841966901
1620.80662466054,3728.46827041258
786.540812689584,9058.63074161464
6157.20946990071,7594.36930628238
7255.85095143298,7617.94422971999
7430.14999515921,6619.48308303681
945.400128121237,3255.66661229747
3875.89261177199,8983.76551901533
2288.83798075703,9121.72763274353
1324.56961084145,8713.22166583106
3883.97713564168,3249.73455332072
1537.68435843465,7711.80948814923
8203.60776775672,6431.58269939504
1388.24730738794,3593.54483873585
8218.76801467808,6806.28565868117
7132.27498473368,7442.1424652372
6772.59648025009,7548.72017319577
2813.93307922417,8924.68961239775
7697.15676145822,8187.22830503137
714.332477933606,3053.42124287518
7796.49295346209,8625.76900549339
1491.66392877735,8330.588139551
6802.30199463756,6690.4972306844
8095.9819334083,5053.75990877554
1858.00933340823,7492.72108582368
2008.31802478215,9183.38633401288
867.512880929099,8824.83679498393
1329.46167001018,8433.87420944549
7816.09159641922,7854.39578278411
1944.37225957886,3803.60075771949
7037.17769733812,7086.10706245641
1286.74820190174,3640.18928779546
1491.81383575352,3841.48689543224
755.022257255472,2972.81883049637
1926.72607137123,8635.34565122087
8084.42010783724,6898.38869963241
1490.44781723175,9032.73077512345
1340.54509594876,3579.86291245918
7530.61398831521,7158.17493129662
7042.5667222368,6882.8083640724
8590.05641544989,6581.90270576466
1696.09160058126,9235.12116570196
1080.83886019919,9033.73604801112
1387.36360882662,7633.42394011516
952.1975012596,8604.34870429082
6756.08846554572,7366.24209310238
1515.31068117887,4253.10578293818
1445.76613775261,3451.78412677892
7734.06863170847,8169.15462336704
1325.38485981971,8998.06731559077
1461.95009794518,8874.01976586351
7527.37557939405,7632.74092577654
1656.32420375157,3586.74546896703
5686.26119888202,8514.10137751064
8296.14561989494,8517.51997621829
6685.33183388927,8575.58186727364
1342.93250639872,9178.60705577037
8159.2581703379,8064.31332454441
1531.71363034202,7901.44495248078
7763.63588810607,4798.03875506255
8681.43149667038,7619.74484596559
7246.81030609429,8659.76200856711
1395.69734406773,9157.78523500718
1575.48053814811,4025.55002247902
1291.15106217954,3628.16079814843
7772.60658637581,7759.2512266491
1073.53635267461,3150.42871494066
1356.95543617314,3471.45378225969
7498.12321270558,6916.45047618242
7539.22231055488,7357.42632304819
8279.14634521447,7022.91233021327
3494.05500543192,8727.3855289914
7292.48310351385,7666.18897600267
6628.84548866722,7778.60339947541
7157.00921327548,8083.77549134643
1082.16318964078,3283.97123866243
7063.19561145805,7740.48145657873
1225.81259296716,3595.68883931004
8153.00440606679,7511.46663191832
2748.93334946856,9207.59523083265
2062.50366550471,8762.8966453512
1815.22178053097,9008.35208222878
2012.84580277302,3224.07988741786
8832.52201070077,7384.52544978835
6125.17351418106,5455.79609068559
947.226838036727,8992.68938633073
8752.61702164149,7890.10260245306
6889.02594313203,7800.40156622369
1894.31140250609,7748.58830440904
7651.03883189811,5906.58872004896
8096.20241779278,7797.70606432536
1240.71321993326,9166.97410742039
7561.0394707422,8421.11136152712
1228.03368055518,4704.50987061588
2678.00538795339,9110.76251714716
1370.20090915555,3444.50442663064
7413.00008099417,8303.3742687207
2227.28610444158,9114.56048854389
9074.98136489016,7834.67031166923
761.615306374673,9121.05692407494
2196.31199665475,9240.55552460618
962.400617179768,3503.77686956739
1593.90404169176,9326.47635016599
1235.48018073321,8660.29837300778
1578.41346708383,3508.10614355963
7830.70967709513,7590.96672298436
1413.36046355823,3292.58412021317
1054.41621644464,8897.13315942554
7618.90020523062,7969.10631030474
7733.55912374698,7018.05797376649
1159.46652120577,3305.81375709338
8037.21332787238,7503.22057031085
1035.20953247849,8798.62777086399
1353.3384744413,9027.20212974967
8167.83463135555,7023.00365765614
6487.3608720103,7134.33954204896
1197.27870318884,9189.24288780961
3268.03137041082,8854.38679256695
1692.9096594508,9050.7892534185
1347.84097056679,3405.45102531597
4685.72845773097,9193.11183610276
7780.28781214054,8097.87763392118
7293.07393879442,6564.44450458109
1694.25784273269,8924.14827318911
6671.03357003271,7008.28172623292
2211.50933655106,8983.08625615163
1449.1360296285,3250.04976722288
1774.33466762731,4008.38497616089
7730.68213843809,7646.47978369623
7341.81367124705,8205.5150927159
1822.44263456285,3811.14331159213
1286.43179644372,8839.74453671797
1217.11846968174,3750.77057002774
1376.44685409069,9070.49048770805
8523.25205357924,7957.27012096073
7714.51131117352,6937.10778865456
1989.76774411657,8667.05271756941
7651.15418351576,7639.08100627684
8289.43359961359,7810.44188737132
1152.26782842895,3516.70600325159
1050.58890080194,8109.5964810483
1205.02245887726,9492.24696321766
5228.25629681777,3850.01576726991
6720.67711675731,6808.70514153674
1720.58653157843,8155.86842246738
6188.26435182012,7971.84217620337
7254.63056700944,7898.5729409142
8220.77918122663,8309.9521433315
2609.09673775414,8664.33873644196
1690.01015524546,9172.08539374151
1853.43018128258,9152.9192860582
7608.90656298697,7502.24635364118
1918.01126146247,8074.25888101817
1232.90873827461,9140.07215974759
5693.82426900049,7086.66468867329
1316.19448909338,3406.81145328972
8636.9596581392,6969.95951564069
7783.8240683732,7933.62587527426
7458.8599477526,7525.32142179567
1272.7721009489,8124.46141158441
2120.63478747871,8535.52424261259
1963.02756327103,3825.48018016795
8211.79544441573,7634.84422081223
1780.73767794211,8890.08396885638
1937.43676496047,9304.92618591917
1036.36950520713,3206.68496523153
2998.9182893748,8699.35459115123
1537.91707390375,8318.71055625269
865.741082425972,3035.63790455504
1125.26939504293,9113.58538014178
7513.03428630868,6998.07858086111
1155.90666684281,9107.21128621825
1341.15833594573,3684.8236241486
2430.86684597959,8156.55305073099
1339.38922620949,3635.26288757125
1514.99140672395,3700.22710946932
1945.25514763831,9040.5411121367
681.047691943144,3012.16916452306
1129.92342980306,9162.34131338014
1041.5797688796,8983.02778105414
7704.21543331576,7650.02052198658
1628.30422210518,8071.02114653887
1614.11981151021,3627.33433885608
6974.89602806257,7757.96590197801
1581.13096008692,3824.23889377735
2917.12144882759,3911.74334898548
1311.53736128952,3397.50422150592
1387.82111403278,3542.26006550469
1250.25655960435,3665.39435807226
1265.4003974587,3219.81672288757
7889.01752717575,7148.38967177864
2438.97293663481,9000.37547850628
6838.83483740649,7488.40829804681
647.85856414258,8829.61646834053
7971.39532684102,7404.13210872915
6785.88931285223,7328.34560523497
7205.08054523585,8229.03211955053
7706.33618810586,7725.73759404331
8308.86139701551,7126.02565978047
1147.80455378463,9105.13973066072
1949.09230595895,3978.15847896603
7846.28457708093,7221.86848008435
7583.28381325096,7841.14346486993
1580.90070538825,3798.23518257858
7670.42970918073,8330.49419218723
7236.20153831926,7592.97124353697
1011.66055526366,8952.83937303594
6842.0039666195,6454.45105705161
990.70109383916,8850.32032906517
7294.12821624657,7519.93779187284
1657.39636738777,9088.82000908302
7574.69988034268,6908.86059572837
1324.13411780659,9210.82719131805
1137.05869647056,3327.76296338558
8010.42216776705,4457.78887533529
8928.38849674161,8312.55876067519
6181.85451002748,7974.25747128799
956.503250607756,3549.15951691985
7867.0225201888,7249.73290719634
7738.88178381954,8398.335792645
6710.45108539656,7267.61979475144
1557.41664051988,3477.08034795656
1389.5499551997,9100.09092391805
6830.49529697758,4885.45114666813
1654.25574838081,9407.63073909927
8134.03714734636,6041.64783377543
1584.53610044423,8148.14715359309
7413.22663630553,8270.70470063496
6789.66951552191,8079.22748498854
1161.32467795635,3829.03537913158
7316.56687551844,7909.40324473167
1369.53255649144,8356.82217706565
1109.86622205016,3304.51682162861
8039.38776422992,7068.69395799156
1253.12344495909,9161.39627353581
1566.93125582283,3514.35495634788
7867.91580778351,7261.36166193675
7284.89473061077,7514.47555689338
7257.9658742713,7506.14258820228
1694.19172551143,3974.0110126132
6209.48849302503,7495.26328587881
1535.22297986223,8717.68509465659
7462.26776497944,7003.68838927254
6069.54216930497,8459.37538860995
1393.4578291681,3428.50686368068
1588.22791293742,9177.62347451622
8199.80069595554,7592.17551409644
1484.89363435199,9286.55714595138
1107.22514828683,3005.03600728559
1559.40727503811,3742.43600644941
1232.04322944831,3621.1715651195
7130.02048056566,9500.5026950532
7973.47704737021,5575.41112717033
1148.39709233143,4444.63168397481
1507.01072390283,8705.67158496281
3438.96233245736,9212.94943153322
5016.79221022166,7060.13602690834
8584.0435763568,6344.33968812706
7581.23466553736,8043.1475026399
1260.01318078731,3142.36319810009
7707.34993761285,7039.4903919075
7810.8781765322,7301.55049476289
1518.95812442286,3634.96036746915
1249.15208575074,9100.87420440336
1465.00680324172,3253.6080818014
7877.19753291537,7225.60110592946
7103.21884686101,6468.18800704962
7502.3004461498,7105.74718228019
6510.99143549843,6792.01020018972
6954.01679146559,5627.98315575172
1128.95615608033,8983.10591791691
1495.9509369257,8583.98206626498
1144.78727195179,4322.18534613031
1185.33958019044,3501.91315498386
7934.65727520562,7831.79864120594
1563.18216130595,8915.93929925835
1785.70794380532,7619.18133257714
1926.30270376678,9450.8477527325
1432.57267898645,8468.51589831982
1309.19169072132,3486.52471679802
7112.78286638745,7583.50150407352
7459.47604099199,7971.45319103479
8498.232953491,5787.2447799297
1147.70008466067,3727.60961983644
7349.5755055285,8455.37890869465
988.741272818549,8655.52920481216
915.163163121057,9032.68067649439
5655.0012494399,4129.09990869897
6722.29115781267,8166.92130565635
5357.71228147628,6177.94958325176
1588.48558657664,8997.68969917998
1715.24931732714,6981.68189104905
1888.8034620214,9347.9971207636
1559.39174969513,9051.58573212357
1680.25477314727,8921.79930130712
6139.13216724503,7505.51998364947
1788.14427222458,8430.98100909408
7726.55059132923,6302.88352545625
1583.06219158369,9067.21556426593
6706.8528126591,7443.98533107945
1610.26819596181,8818.19147503323
6950.20978183109,7240.40008266304
1899.66681990451,3750.90359598916
1018.96916729105,8696.53865842963
7599.45197053252,7945.91755069222
7106.81220132321,7791.22389860355
8294.54545820479,6972.09761007943
924.90256173491,3078.54699579553
4415.7718951452,7923.3088197337
1716.96165867517,7995.4384036905
8399.11796358566,7732.46039244288
1377.42843121558,4000.39042440089
1607.41970708088,8439.74253147976
7434.20432684556,7654.80845490013
5293.96444686891,7572.64729220273
7186.18049003865,7130.40250575705
1176.64118376003,9188.71477993376
1183.6204004358,3430.52224907616
7440.37068307641,7682.68992825799
1419.95195148048,3667.52302088735
1176.79261224244,9100.21822212027
1295.08410324419,3373.88860868852
7384.50009927129,6462.06844715673
1516.55052576092,8203.08815939732
1514.58285726296,3638.32771011477
1392.77458633809,3670.11615989113
1450.11213949463,3691.47453892421
8162.22938639281,7312.56053086007
6910.92112535241,7632.82790487076
9162.43452121278,5893.6718929679
7433.61983987443,7852.75858304491
1317.79526706163,3434.32903876505
1458.49930521488,8975.4645757405
1104.66972928165,9241.20537757657
1038.59202485052,3920.50924528162
1219.83048203639,3600.97217180681
1753.87220904098,4059.05107158343
7205.34570242546,7417.24637684418
1656.05140968472,4087.29286160324
7330.0969727716,7644.78336727888
1239.8205050472,3644.8652389158
1202.10036102497,3596.27288441133
1495.70798412459,9144.76021692435
8679.39450422952,7167.72368598714
1542.95320831634,9124.69683804945
963.010142403257,3337.43216483671
1569.18226250556,8147.3921445887
7331.45425381349,7234.90430564727
1448.80652898001,7328.49831794051
7292.0650442603,8329.42440864246
8195.98286444109,7391.09287569687
1781.61425552672,3990.55845415641
6700.73210290642,7077.09872274895
2557.19351085264,3303.68926928909
6726.32425171936,7232.03345268601
1550.95429451833,3631.02173957672
1781.17964644121,8797.16004471439
6473.32696872835,8219.12567274615
7794.52007308761,7747.38407287599
1011.35555385259,3426.29894731462
1118.4345172487,8897.76252949455
1817.50588489146,9211.37314700314
1827.89785242966,3525.44018113222
8318.28945454068,8105.08758714201
1931.31814002018,9009.42337670722
1209.94628874148,8768.91598183662
7415.32899286783,7665.92908305152
1862.09487793752,9449.3788017094
2119.1568267909,8120.39870034049
5920.76112700422,5278.220148574
2069.2261156933,8338.66566055666
8046.31446362578,7452.35258649977
2156.01933905228,8312.57016710838
915.617670533324,3313.26520096139
8580.76352202585,7325.8840267262
687.277491574257,9124.37347659137
7425.31157592652,7426.59468472256
942.055293386668,3617.51640655712
6942.35568430973,7880.62589464203
7002.35536784915,6522.81951034138
7932.22024770178,8769.677904989
1302.25141873479,3293.03337626571
7183.22955671545,7672.75504821019
7980.43058492572,4455.94559091062
7075.95900134223,6762.70252862612
1519.13536593146,3756.21920043919
7333.91339440331,6240.33711544879
1856.15459388913,3515.95876852173
7481.97643352076,6618.04680465631
1738.825600473,8091.0959717624
7876.37577550701,7777.0026514152
1440.76550703524,9649.32032155422
7932.62194159194,6896.6868511239
1123.92242420104,3360.46968700233
5648.20760760039,7464.39830714845
1540.13801158804,3743.60133376734
7154.23040428904,5535.03110315667
1694.15336499828,5452.55410493975
1596.55011860581,8564.13238118979
851.21467791429,3248.18268434602
7713.55088739085,8097.74173856036
7664.18759394264,7843.81080531763
1377.04073053437,3937.68637094725
1031.62611424625,3269.71774852083
8913.00415553069,7321.68645359588
1165.48570817129,8542.42760078966
7953.14330605924,7462.67971635497
736.883844491527,3251.81157696732
6629.78147272508,8280.43538977894
7466.83653640167,7444.04576823098
834.837154846044,3538.12810376799
1470.05520333831,8417.85406227004
1954.8243446009,3579.25060890923
1381.26616262031,3641.37341944242
8123.59531672062,8319.79238092113
1337.35685364227,8965.91575717813
1183.51715533404,3837.0488991634
1708.50876849552,3976.42497667539
1672.31101078544,8878.4054698076
1099.04016163208,3517.18778805135
7485.05796176631,7404.22748474981
7328.67224951283,7003.34913716622
5675.10723197475,7325.14500775037
7880.39031262126,7814.94692063359
7843.79672805925,6321.70837597822
667.575906514826,3236.65004695069
1522.87403151082,3354.16419584229
7227.79201897035,8194.73485198488
1373.54909730029,3964.60161172776
936.090081761247,9099.52588860389
1992.65185016706,8802.28290031358
2842.8818747776,8032.89464909544
7197.792090259,7950.82006111168
1428.50357612462,4227.83862894771
7887.60310786916,7453.15867002956
1535.71209812468,8844.4373887603
7297.00936742347,8044.37828525644
3852.02766842251,8106.76197516878
7122.93483148708,7979.30907488476
1457.32734755426,3635.73615582112
6920.54278753926,8019.82338879371
1185.11598136095,3612.34037162397
7032.16337947524,7859.23644324692
1176.25155263135,8945.12739118354
1976.11483748911,8557.57258007277
1527.95451706526,8726.35465979412
996.042138549605,8734.78475019574
1837.32506024793,8790.27550136168
1779.91377906473,3987.10282460594
8171.4139111104,7963.53016309534
1652.9552027657,3559.83924471289
7521.05022489453,7522.08234613011
8527.89068852534,6942.35998013483
1595.03869793652,8602.97716479364
7632.5878875838,8093.66978411271
1590.03383160628,8480.53450735307
1289.10050965178,9081.11654619522
2151.60724537592,8000.04530420053
960.12308819867,3636.06060672863
1264.52135846087,8851.18770425468
1491.22756044223,9071.92996886952
7483.77023966763,7589.48145547062
1535.30988595063,9264.14211042401
1856.5884370847,7046.97364150228
1236.07958494418,3488.25930402372
9060.42924037415,7654.95055266246
836.151288159473,2977.62253221247
8800.05409151813,6048.45262958559
1531.18525709672,3781.60417339835
7254.26112349578,8011.30826690518
7750.97613880669,7759.17856611471
1651.01530893091,3626.44393651997
7083.08175572337,7814.18623490435
7127.95607835075,7659.62710094367
6318.58204771772,7688.27819585963
1025.76489014071,8953.1156864693
1399.10107576765,8871.82635144393
7056.12942896454,7963.33113077356
9440.8853517709,8047.46309418568
6967.73915344467,7456.05441449958
1859.41234060346,3933.19122937487
1381.80890681826,3537.42865200929
6685.04478690412,8093.70819088148
7290.52298762864,7714.47134287091
7543.95973254398,8276.21646542604
1620.86578183377,9318.19225673746
8447.6151805079,7631.66232581668
1283.93083681059,8854.36028448098
1937.59221048162,9155.86418268334
1748.81101808647,9084.2284215787
1203.31329040306,9291.63128654105
1740.75455694392,8960.31365820352
8705.88054269022,7599.23302901241
1210.95147131639,9167.03664683158
1253.01388969763,3471.79315627168
7096.61694691795,9037.28405836491
1429.096591531,3773.41415524402
8028.39472703423,7114.5109599919
1328.12235666249,8640.66614593129
7925.20763043778,6351.2265759829
1852.3823686641,8606.74837172108
1084.85044705674,3119.48570998164
1661.95264971657,9157.97058953597
2003.53530218273,8865.11646964005
1489.79125588861,8990.30327048471
2071.92247667392,8986.76544203133
1479.70230421225,4824.8353122259
1721.07313387044,8923.89996482301
1573.29054127176,3844.85451120476
1046.85657663444,8833.61954322181
1451.29166712828,3588.37165962747
5937.25050914848,8275.41035056829
1817.6082576304,3537.5068081272
2204.45025593587,7981.28494483037
1990.47921900954,9120.57823444806
7425.46763352583,8009.7764499103
8503.14973122779,4993.65121794073
1425.33566371794,9224.21250003718
3624.03643787129,3373.67026762065
7349.17656847623,7606.69439616798
1654.14767368239,8657.92413044167
2274.2482754652,7900.09966242923
1966.80718723302,9239.33568326384
1435.06675610454,3725.46357104725
7086.88026205883,6919.87078780008
1047.82726980966,3399.48056118665
7798.19827459362,7579.8590903908
2036.71622653618,3819.67102690604
833.746033564127,3331.70984577968
7634.49786140984,7752.26513319128
1162.83661785623,8857.98604121445
6979.85631834468,7899.21447921508
8368.3905589388,7303.66669969129
3717.95400969947,6683.94787105758
1428.37233830109,9152.05046865867
8118.20931133451,6080.70480329075
7505.90776841109,7883.83918902512
1428.39374396571,9269.91582102313
1523.37454782372,7801.27067411094
1630.48439580414,9187.23816609428
996.299207421439,3122.33113366542
1239.83207965222,8922.44105898952
6553.9144265736,7485.12820604189
8409.45877876338,7049.27028683552
1991.04355528991,3442.03213665745
7726.02192538023,8002.2349257153
821.029459970872,8538.99954313088
995.470823402493,9096.96726434836
8498.11960941251,7397.30194013242
1101.73716115339,8971.97704055629
7891.54275484131,7935.65783650707
1947.97888563881,8587.18337104143
1776.4018246099,9091.16686215404
1366.15242229183,3589.23284340357
6264.13367332819,5870.48086566578
7030.05130970405,6709.38940336866
7059.06286625981,7792.18506398185
2079.78981337525,8170.47600177539
7386.38390190205,7874.60733551418
1347.51298494059,9043.42115449133
7455.41792750241,7540.81522864368
7599.09483934638,3968.52294551535
1582.51102307244,8422.51679619858
4929.17942261031,4274.51984513761
1927.85218373498,9009.08425754179
6719.23088338458,8242.82156547293
1359.63137586941,3725.65520554155
1088.14723534574,8903.83478723824
7028.29979658212,7490.42235974355
7971.50810917658,8104.93739123993
1887.16165299972,9155.94687241467
730.296218959367,3303.56198209902
6950.9948721892,7303.67116317626
1377.72533279996,8078.2385015504
5411.01638738,3875.03856623774
2127.65991957398,9062.54148722441
2182.49430086133,8888.3030788954
7169.72368694151,6636.68346547224
1732.23787064162,9168.7441850764
1129.48161928102,3597.43327987954
951.449491238211,3197.32748552337
1942.97138770065,9025.37281303383
725.879225198606,3330.87619883402
2473.18703281041,9318.81206549705
1841.78158993051,3739.1408692249
6456.10052242462,5326.0056772172
1261.24906842091,3523.91519126671
1767.4570145214,9377.70624483682
879.39411575238,8066.35880440194
1025.22880023345,3323.17985123243
1184.3880622014,9229.27858252802
7301.96192085003,7540.54586549495
760.088268475031,3230.31229760129
439.610997470154,3002.08323019615
1373.86560607588,8909.6100026587
1206.59192682732,3238.88783955326
1105.12323998515,3228.22400009039
1900.33556430438,8224.61547642365
3505.67632823926,6295.64290501383
1414.46671909061,9285.75144174582
2478.10894546069,3556.54729605735
8100.57125536032,6547.66458243532
1758.40118414764,3344.33001662772
543.04568162192,3736.86870405027
1386.7056521193,3242.86071678755
890.222267456239,8930.85588299116
1187.47003868504,3806.69756473303
6682.51772930987,7533.51880880588
7833.20634977357,7110.61103049262
7366.77344775133,6931.97583752127
1373.77920674073,3709.96712892274
8144.48407089457,7885.50829219284
1684.97540396078,3505.78872549908
1102.28031611691,9251.53587041037
674.338586818482,8873.72918613353
1913.19471658063,9274.01425793189
1998.80127665355,7882.27617226766
1292.38409132525,8764.83999141352
6779.73477495654,7703.7007480075
7086.73802534653,7302.15410721165
7875.85667059991,8057.3629702291
7089.63724754109,7276.04905393711
1872.86646576154,9210.59390049059
1380.36981078554,8211.63249467379
7954.68590701969,7015.83413444532
1159.7429947285,9139.42979896768
7967.15124258019,8510.92989599711
1508.78870167605,3835.04756667724
1183.58151325859,3475.90400982944
1520.95572291095,4520.46461932571
7322.22251381196,6805.10209966485
6982.32911953443,7714.82177506539
1703.59322766221,3790.66535002587
2137.81668180106,8065.67299758047
7508.68393141512,7208.56160451252
6832.81561797334,7607.4148007322
1628.24771782087,3859.04790234951
2000.10570662036,8988.1076007821
1425.47716306366,3911.82284195237
1239.35439809016,3279.46033771299
7921.09847624221,7916.57075832113
1220.50016001058,3541.29305686692
1831.88584109802,8030.55093533786
1497.02075880297,3852.37819900866
7932.64384012641,7646.08899543797
7309.39721891362,7645.73228743696
7600.24592818398,7747.49134822948
1923.976540104,9018.81268039659
8204.49858160421,7677.30231695291
7926.94713355863,8007.45542780883
1045.87727062338,3118.5512791702
8347.22711600985,7399.96240112271
7209.13508716437,8055.54191386836
6877.83332170704,7007.70116471557
927.010907077006,3372.18935560594
1654.46622169186,9344.0403454956
1246.90612777151,3919.83909804391
7658.16259210875,6765.58714100476
2590.89121923924,8703.46416525009
1992.89207493269,8957.22805327498
1425.46564385536,9172.65073932835
4403.27997769136,8337.672628825
8525.09100831312,6544.1867015016
4255.05953302642,8711.29485588603
1814.57562789977,7462.87386081123
1663.93492258898,8238.7426226931
2076.13344675063,2060.04489876211
7428.63827717016,7605.46451634776
1144.29335949178,9205.61916208593
6665.73807257422,7666.76542737913
1620.44002632988,8573.64661833396
1147.23179226244,3519.24137038563
1788.70159449652,8590.17286784448
8410.72036091956,7392.70503448301
7493.44397908707,8247.00250285021
7184.7604063002,7879.07766035128
1266.57299780756,8878.33745614936
4777.05385314697,7803.52951590151
1061.78647608824,8607.74304727379
7877.33411049823,8010.71921878297
1165.0370252909,9020.47398176288
7734.24930635506,6652.02789886944
7102.83243323014,6417.06379684697
1475.47000817657,8664.36246135609
1306.23689170075,8780.56744736487
6879.81453261432,7923.99992511882
6582.65905877204,7228.93928157707
7594.97255054579,7631.43716044461
1353.88451492832,8755.01894884398
7332.69400804181,7728.00654642863
1406.38618734844,9328.45811431592
8072.54704684521,8404.65047433193
7112.24661793882,8086.78548747
1167.66116813195,8723.79924761635
1676.30601637447,3416.8253061512
968.736254982658,3485.05933838678
2143.58856866185,3443.58038148692
579.073848800057,3154.76366854057
1542.58710857546,3645.60967339464
1597.32986012398,8789.27565883521
1306.51010537081,8729.72210768465
1240.22628565188,3503.70274704771
1724.90286515024,9028.45055399767
1089.26550873606,3521.24101394492
7596.45801306165,7686.75730537504
1281.62541410306,3636.03406245495
7562.43429260109,8144.80722765293
1246.37971245615,3413.37758769812
8430.41483136369,7243.538173465
1300.69165436765,7086.48554742473
1248.72773212369,3293.9051789915
7139.82235947294,8254.3433939247
6231.69438680481,7720.71893683783
6816.4966091593,7462.1401839438
1608.5368097158,3809.40606171028
3191.43918710743,9298.55766592555
7245.26765695107,7040.55935016781
912.379476537469,9147.49401397444
1035.31805061061,3468.35524254876
1902.48840319588,9377.28154017373
7458.72979927862,7984.57087900926
7604.5304263114,7965.03989848554
3080.07875622011,3527.59180417086
2034.89719513422,9134.78592831463
1510.24817982416,7830.6693075097
1265.34021510313,8726.6617162827
1454.94254670209,3595.25448674508
4561.43217212327,3377.26404914008
1781.81994296128,9230.29651515925
1412.46257012626,3669.82976592899
8249.82553093335,8064.8449083924
991.382954882588,3625.37710578583
1397.25227411097,8984.36267358529
606.405657383875,3114.19486790989
7872.16648777278,8095.24769793793
7777.26831282629,7789.42728627009
8127.31725794597,9166.02406086395
1130.03158620962,8884.42895042636
1428.58686967736,8993.42905184873
7415.96386060098,7985.96479821315
8302.85204891571,7529.18307161294
7557.51766391534,7594.51951078644
7432.56792702998,8616.24122828226
5924.06857653466,9149.42038640935
3237.72859476221,4932.19169785817
6797.05529559094,8049.74695398189
7519.34628173017,7708.66249280503
881.038806694817,2851.03351638115
7486.42288846561,7659.70931483113
1377.57881915057,3481.88344682235
6411.77080443818,7629.38206514954
7011.23680494568,7393.63230594907
1529.03249040566,8041.3765473077
3102.42599634661,8918.41759692615
6985.30586973423,7999.05134677625
1659.01746743275,3623.45685133591
7905.01398676595,6681.73654745327
1481.83507744253,9588.79919539958
8076.63107448001,7361.72459500726
7749.47779567883,7515.50170393351
7523.66178294169,7836.95767427781
1040.56091757319,3518.65208421695
7404.81366667554,8242.88678037803
547.961301577262,8657.63411721731
8836.1365706503,7886.68692150784
1252.40452574788,9001.49180358281
7044.13213715214,8129.48537018135
2628.01347909098,3328.86873640482
1304.42714642506,3583.02014968392
8191.86755808329,7525.05503601212
9172.80963380925,7114.67259958031
1874.87761045877,9284.2813730574
2049.11768246162,8754.91685995615
7882.50061785845,7449.16323811936
7687.98601826369,7925.64335111473
7254.88521687311,7011.45888252724
2366.78872037844,9466.83260855826
766.921537616998,9281.6525826414
967.196861315169,3261.45974572107
1729.4075966993,9078.84309711881
2658.39958359202,7718.63412488415
989.787051879582,8769.41236253486
7987.46650969326,7236.66913985899
7581.49069987156,7033.33829585739
7087.52452886907,7800.04074343507
6638.8539622993,7698.18403679219
1206.0205850941,3427.86560536221
1188.56751668982,9098.46609945858
822.621095134889,9039.14342907689
8955.31627115233,4060.10688713409
7333.2573829252,7150.24126547646
1155.13775263694,3284.30327960118
1170.11695797921,8807.00959958959
7127.83859081964,7368.01186236775
2184.21956982245,6628.83449798006
4330.25871295209,3720.68330103383
2789.49292811925,8589.76184474564
1372.33205823874,3804.77367193325
1293.43950625921,9034.81705906892
1313.88143936298,3419.84053181185
1341.25345195696,3390.88279655858
1446.1276100046,3589.55177012453
1221.86328506364,3549.84038549743
1833.05340521661,9068.26306441544
1327.8529887313,9230.13895314015
6675.91945605804,7789.66016296585
7480.499495964,7418.48365929821
7130.00036959831,4078.10913428676
5644.82672050514,9333.27195914733
8116.2662804222,7756.53210776757
7518.12238049957,7963.11124996433
7761.53573825209,7140.34767292801
935.833370861151,8743.14732131757
1054.70213917115,3581.07195514803
1388.96533330689,8103.49240593332
8025.99919465722,7925.65597239724
1973.46402196051,8316.25018572502
8643.73441787014,7896.57818319941
623.317875774044,2717.41302307421
1288.87288572215,8637.38552229273
6256.42514751854,7510.32904596481
1243.78050236598,8918.62954937118
7206.83744741423,8187.80243987701
7550.66276421368,7051.6030955816
7261.06282235911,6995.81259804915
1645.76398664861,3853.81901444179
1190.67969187525,9438.22505016913
1290.74988369777,3635.3561620377
4110.32973702763,3508.58620541133
1179.22842691033,9202.73775938161
2161.30112602818,8943.30349418827
1876.14300706547,7653.28269665383
1677.87510256568,8904.09098972018
7425.59001161042,7791.09359498987
1907.68737154912,9242.54561177951
7851.3695401686,8052.77832460953
7253.32694784833,6973.82354876105
1563.89133151116,8585.07035321136
1416.01001774565,9022.17916284017
6472.06548800029,7182.35059660998
7400.46219982551,7364.89723188962
7242.0131399263,8121.13749283647
1748.68103446945,7442.59036732196
805.806578494866,3301.61376260997
1313.1013116337,8928.37582982806
1219.31617550791,3318.49705592082
1186.61183249668,9199.60326949055
7340.00845054433,6499.798088049
1367.83908227935,9155.51170638199
1268.40940803855,8945.78655844974
700.107861332019,8847.88153740936
1657.84818836986,9056.2106260053
1647.96175655927,8549.76274511586
1640.93433015505,3357.1079577936
6744.67943509017,6704.93260120159
1442.292290541,3481.19200081638
1320.67185265794,3449.82993653934
6378.08229835457,7313.29092379148
892.975238182963,3284.44310663406
639.677428032679,3522.34620925765
2802.38563545064,4014.27024503764
1760.8700562182,8632.88996440311
6554.30403625472,7774.06205294537
8355.61892125065,7124.92318136979
6652.68075897693,7492.8902041811
1285.38357835425,3349.4941542803
1598.85634343984,9114.00051090561
6571.30591494008,7551.11436779401
797.063561021947,3203.87460620351
7286.34127536788,8011.87543838124
1588.5565824645,3855.78241307157
7067.91410898862,7209.38460141603
1989.39196181215,8934.5954228616
7696.40380936807,7336.07513506147
1772.17162298839,9415.49366834022
7836.23480667583,7920.81022149364
7874.21403413057,7753.11978055112
2235.34705420777,8983.75090865066
1592.26958130309,8764.89308534696
7918.7528097493,7181.71389734712
7872.30055072595,7218.73617325374
7761.88343340202,7771.8259940103
7880.15398228089,7638.12413760053
1223.70623136211,3621.16191964018
1113.04921908076,8997.57911834846
2003.24104460133,8687.74344081046
1241.46090232142,8223.67987200657
1249.31542262457,3495.80450891675
1172.52957568999,3352.9072634925
7289.93506005183,7862.12463711967
1754.90836339554,9041.13940783722
4972.80625701058,3486.32425274491
1590.08375768352,3758.08032838221
7631.56194701501,7567.23013859049
1380.0609035261,3913.61103947572
6134.91987146582,8195.5905063344
1780.7387984372,8755.04595210988
7640.97802725595,7546.2844507351
1014.02313368428,3333.48177116825
6797.70712879611,8113.79920089035
1536.80987108794,9186.04304750209
1355.18829071153,3688.61485901551
5810.11616986921,8991.12330712405
1453.86839989115,3519.87692402014
1427.31103605165,9272.28907619511
983.071333187472,3182.41479079566
6779.81799242789,7521.00303023088
1547.21214451392,3639.96367124699
1892.56208693573,3665.17783511008
1132.37293568477,9065.00547185011
7969.28449575062,8113.12401556351
1258.71596050805,5862.80149384382
1407.38973075936,3763.39894092237
1194.39031065928,3489.33114539007
6716.93009495,7630.60538045761
1056.26417487529,8869.44517307284
1655.88647490406,9080.63580150086
7303.45966554296,8111.89741173233
7633.67374843432,7014.7570155386
7927.75752703668,8376.32468080989
1780.98496285029,8755.80584772061
7889.43560071393,7114.7796008256
1111.22879134526,3539.51660663207
7369.81500816936,7742.72556588055
7166.88500350788,7693.85721091999
7361.73539277863,8171.31429993243
7287.17772369157,7681.23297788666
1230.4241123784,7870.76946150108
1797.33773361247,8801.22966022913
2058.53358449548,3859.93578247299
1984.70278937024,8907.76534842508
3118.28810751783,5332.37016686174
1200.14850110057,3226.17500079869
4050.69871520204,4230.11960282455
7524.63779264867,7149.81833611744
8757.27348169372,6539.84719800841
7586.48157286708,7345.35731229791
7099.74759437915,7806.91252490998
8885.99857211485,7716.68437824596
1451.7833412932,8932.86782657657
1007.95504912046,8246.91326183179
1426.87238325256,9059.55339734968
8147.34799098108,6886.37826343007
7520.46224629361,7764.77113293029
1923.93900801162,3665.10326797612
2739.22881576811,5197.92295304616
1272.54106585754,3603.96526995615
8347.2834096731,6900.75461167919
6975.19250154861,7341.90532541746
3446.47565391245,8944.55271592875
1884.86486449683,9192.22364848986
7677.05505531919,6152.26954173953
7282.84319111993,7186.8105530774
2347.42166087761,3722.0406706834
1476.37296748072,3706.04774645557
5370.20908129711,8426.60106410452
2208.8957248778,7691.1631892268
7045.30013881428,7957.12029128523
6957.50719836668,8128.53541779169
880.361491807343,8800.22191809902
7661.11644104292,9146.50454777993
8678.15175473521,6401.04545982049
1960.06213029577,8926.33357142489
1058.30462069195,9186.01362662742
1152.02668317573,9299.3885729335
2023.48001599195,4167.673532991
1669.47398441545,8117.02696007048
1798.2791178038,9104.13530817096
1141.59249310464,3436.08691416826
6929.23047047046,7790.31538719265
1476.27075455338,9070.33536083871
1628.79088911352,8272.44105338218
7651.72486804481,7955.55397392147
7827.28125956315,8030.32215064062
1477.64115148232,9068.59550916989
6604.59837518932,7725.79591048333
6481.21653955584,7035.97277678066
1247.05625081054,7905.16179515274
1955.63209017812,8667.92449146368
1469.2636638671,3548.32646875055
1992.49371302556,7957.78552219989
7089.25672926134,7909.7332850229
7386.26683035338,7533.07186291789
9311.24861158689,7569.71675253824
7780.19217056364,7693.37650780405
1639.26020094773,8949.63779706811
8473.9026303735,6248.82156645207
8513.89937995894,7748.32770353639
1471.96459960334,9128.38699609229
7267.65026572511,9675.01108835883
7375.55556845848,8278.52554019902
1553.15809677158,9008.38589464963
1265.20982812073,9133.88020826168
6820.78133972498,8190.88823840015
8307.65050062153,6129.94758531027
1633.38921298596,8764.77998557613
1224.59938053851,3561.63423268937
1394.11454339035,8783.48996174713
8873.19766164137,7328.17614909251
7610.78976057452,7058.49966758988
1403.77847896693,9048.82009048428
8022.79333062056,5425.26332222661
1081.90667297182,9102.31214793574
884.688582969953,8986.16734408425
1174.19161028525,9002.28963130447
960.650882823297,8820.20748876342
5115.57378631187,9105.10729753591
7629.92633904547,7280.84385981707
8530.97630964546,7730.1003399633
2423.64455659292,8364.38991793564
7637.82009927189,7654.05725484542
7758.23069501243,6853.76726465071
941.279636751292,3210.42389841545
8351.00503565291,6268.23218780931
7601.18274483559,7445.50066893645
7933.55216734083,8429.32443792197
7909.90452487063,7411.40787892188
966.860079059424,8182.01807374293
7632.02705162225,7268.24584695845
1279.86277147291,7125.65428101317
6822.20144214191,7045.58305687578
7516.01925138689,5973.92251995342
931.496967008475,9063.95170140018
1458.75255636113,9112.01877318766
1780.59932849102,8907.14543440095
7001.42145349473,6913.87267336373
8058.90571573828,7547.73421323984
1122.84727469589,3496.59665423694
8337.27688917266,7219.65731458847
8140.02647375392,7764.79003321335
7988.46238437779,8137.5776431126
7317.19943175449,7547.01066946681
1118.10564319113,8997.46858176681
1924.39717776175,9244.47386674496
1370.00484213423,3703.48236480082
7739.79063566869,7803.89177969676
1695.15165590803,8620.14367957392
1504.86585831644,9053.35903001265
7615.13934977764,8057.43594631238
7901.54772357769,7361.45188831548
7806.45668217751,7365.30179891033
7016.58623779503,7092.59545170139
1389.35395132847,8709.14691747233
1604.2580546312,3964.58699082206
1403.23990850513,3427.19302945497
1735.05493150477,8504.77331873456
7314.81511166351,7498.02900619818
1225.8617647322,3525.43123555784
744.877560342791,3063.32677319693
1400.73272053923,9152.09992138641
7763.24900123356,6775.17126246099
7364.34521741367,6705.27569092058
1419.71516098991,3853.18356405765
1376.60090550705,3852.08977551655
9231.59474159483,8150.66869997525
937.506598802623,3436.21021875236
8096.9393779525,7209.36394902936
1643.56109875489,8444.47682787671
1312.56480527656,3485.20221317578
1324.65273735464,9116.2676824606
6504.36715701629,6887.88489209436
7447.47902946395,7953.11595860721
1534.62914086289,3860.37879281161
1602.64516145825,9123.23224376511
2042.13578589064,3787.32851939521
3445.69055822736,8320.26175223051
984.383963828195,3337.18743460732
1513.10564475528,8559.86746120699
7749.27934220844,8436.11899545444
1666.47272276278,3949.75263898897
1489.12680991664,8637.10875802805
1050.76557178633,8644.78295142202
6123.55776334102,7558.96501583455
6003.00586082064,7697.44503639731
966.429378721343,3235.31669806112
1022.00779898783,3204.33026677156
1885.58299704077,3508.74330257573
6305.81296155537,8829.06782990636
838.986146070845,3236.06042318245
1423.43032295028,8904.34711384066
1514.80080141287,7283.93549464742
7845.54809108117,7938.4573666834
1161.4088372213,3771.11393236987
663.639578020128,3113.87882730129
8990.41847246315,6706.35645585212
1049.79182232112,8993.20377381181
7707.59394459501,8197.9000216513
8503.88272648391,7805.60664828902
6627.471109178,7597.17543814051
8021.01576850542,7713.83821874034
870.108347017606,7682.61349800117
2033.83780685798,9060.44592328239
3785.60147819778,8854.3141966777
7809.1379433899,8103.98558407009
1781.84611017412,3871.95769260937
1550.82164918617,3451.22407223775
7562.61115809895,7518.04159613105
8078.22992060016,7746.71375105514
7085.61565506017,6581.44565074015
1055.52901312748,9007.45551316722
1602.83957137914,4083.20026709289
7952.73284011623,7708.76615670639
2386.28673771151,3726.17849696103
8438.05442362599,8764.30274337357
1587.96967650137,8358.96310468797
8143.90468783581,7889.72754401136
1910.44957263155,9260.80438338818
696.229580181412,3380.24796882769
1446.06422682795,8448.78442882438
7063.02314566659,6329.15910118888
1019.38166716153,8670.72207171042
7431.43974703979,7423.7646614177
6798.65349631953,7244.62318504257
1239.13751828376,9276.96981234158
834.430399980639,3303.16495697767
7095.60986640716,7108.80902696317
1310.02355858298,3825.34199552726
7709.35352990587,8328.06163638353
6622.2780827465,8235.26365296763
6580.20501614093,8153.78693798085
1743.77096979653,3607.05546701422
1845.06692599754,3657.91806164588
918.618760379961,8907.5634960661
7408.18380096293,7309.82884747579
8788.03294663749,8214.15699646745
4574.18508510117,8525.26774682313
3313.23392025827,9129.5966624079
1507.10886509779,8921.60796435146
2222.15696234471,8158.02266257046
1452.12004603318,4209.13655374147
8679.98401820812,7338.42281415528
6838.04549337182,8578.60898664644
6926.77974426415,8341.30420342336
7410.93369684352,7885.65747799785
9027.17052816142,7186.90001428529
1711.54066174973,3750.59033576281
2111.87048796843,8377.37579291977
954.446696937729,3261.58051892129
1944.17411551609,7475.19051320443
1592.46053431456,9041.24538806655
7125.97168178483,7827.97053449521
1045.43435319494,8968.47762408848
8804.23488208449,8178.18922317125
902.896439140718,3570.77816634344
7360.87382155032,7499.39413668804
1019.48625878774,8708.43448837419
7496.54626992737,7745.81918249256
7769.54954467154,7128.96621181221
1108.80553104134,3282.06479659636
7491.34853825647,7765.02702901663
1233.00127085108,3959.68050379343
2248.24197558773,7483.86778096826
7086.48981601571,7042.58325891356
1499.3911280061,4027.37673544163
1119.7849568435,8044.29352611764
2000.37654383045,9078.73767268343
7311.33975698969,7425.2557621445
7620.96370082343,7958.82795613596
1363.45849515871,8988.33593740552
1304.97863011232,3575.43422170909
1402.48737318202,9104.25757053852
8283.93315670069,6785.11962779565
3639.79795887439,8474.63790716282
6514.96741305243,4841.70661007624
7777.35485255289,7655.12992581947
1566.68790291186,9044.81654007413
7957.61717818513,6002.84913315881
2504.61372524855,9276.9497380338
7134.19557791639,8583.74011651987
7160.7608569762,7373.3691698668
7943.82122176256,7695.78270897881
2016.13525329514,7798.72197154577
2706.53012308978,8706.22386469803
1761.74152716874,3683.76055627361
2033.42434074566,8251.01872676451
2072.1777616464,3548.82111279974
7556.81631916117,9412.06927962008
7573.41246261326,4557.1504593045
7875.06109559023,7641.98947954052
8346.65593458933,7346.63420932239
1426.50498160027,8593.50488396495
2212.4147933827,8514.61376835051
7979.27601754812,8981.82955104988
2302.571036491,8157.15529636981
6886.47148170378,7076.9821500003
1251.24534556167,8235.87930861077
1491.12787247994,3498.37725375029
7298.42933779913,7883.85173622238
758.806451459794,3431.45988201662
2339.53520419848,5537.1029666529
1976.91111202721,8283.79044700308
2619.98450396236,8890.24755994125
7033.72554193197,4044.17785347081
1649.9203557222,9185.3563815306
6956.31514854717,8145.13694709362
7833.20068848047,7543.26210635421
1910.44948366173,7299.42268390561
2169.2489362628,9254.9749357557
1387.11427174933,9040.14748091231
1485.16794530461,3400.43558879533
1051.46104318273,8593.72410868257
1090.23919219017,3154.18953319309
8844.21083404854,6988.99039473505
1317.2291697855,4163.33579095961
7413.72988931635,7211.12635946586
2125.72455430068,4171.67410527691
7861.38534433123,7956.40247282959
6980.61499275804,7231.79501527442
7870.43159864281,8258.26443653013
1409.09669950134,3589.21802472878
7114.66415809492,7768.30474960834
1623.31527840626,3982.72088788912
7134.15261823303,5113.57942894493
7643.93843954538,7818.59415219251
1310.21022529297,3633.64977693546
1466.21618167379,3685.46191815184
1327.45436795054,9180.5466710403
1523.44121005557,3651.4350658528
7566.54001215429,7326.28797555503
1243.35549427154,9022.86041859311
7404.59916770009,5325.69596522785
7691.84793553694,7801.50754945493
7882.16546028179,7960.73072879283
1963.67472399325,8972.02920738714
3029.59038507985,8785.59776494815
1531.60908809271,8938.34878941905
1254.42374361808,3565.54023340072
1241.53783458611,3504.12974325974
1240.99639887111,3448.69244853486
6869.78250916951,7557.38134600138
7931.49218131419,7905.96183832928
1674.29785397186,9031.90261724543
2051.08807939774,9232.60665952874
7441.46478109728,8174.95818972865
1636.96470698137,9220.40979106233
6953.20731536091,9369.1046703302
1170.97806218114,4529.03973917479
2404.40076990727,9294.64813757373
8049.70168970294,8690.82066047751
7715.68728205726,7651.64327403173
773.459040223219,8053.47135899809
1573.16538255289,9232.81925811221
8560.05072189066,6714.56064617864
2336.25414357815,9175.30854847306
944.893399904894,3243.83180390514
1725.66812864739,8437.99377493685
1412.17160258599,4128.76000936881
2006.6632909632,4720.1353040655
4367.5568227247,5224.11958608099
7200.98679868755,7950.71488127942
802.799221340461,3132.15325453533
1418.48036324808,3712.97082979782
1096.64856245241,3529.2821025379
1128.03597380984,2827.88069645683
1763.62304404563,8736.8182127454
7643.97663379159,7627.88453527788
1618.83569139476,9016.56799029064
6897.45746709444,6093.28778582538
1093.65369212182,9389.09255091536
893.3563466381,8974.4957693005
6748.25578470418,7894.55922095618
7496.49300022486,7880.69906143736
6716.93555697726,3597.12095744438
1504.99488601533,3867.04871366993
3856.80871756234,9017.17755331711
8143.91901752454,6981.03370468269
1349.21610656897,3639.16652301619
1143.99236108014,9005.63531510889
1376.54929147227,3981.82316753615
7537.62202302721,7233.09997804554
832.793665373408,3136.160952949
1315.03772230519,3781.59312688589
7537.45389809232,7258.81364977108
1505.58229825712,4044.47729579288
8707.8863688283,7225.25405931377
1400.39372530578,8517.48271914552
7045.63639317236,7373.71694389459
1860.58417099643,9009.6273477383
1873.12848869938,9176.42697672065
1770.92639582602,8274.03700483213
7790.31715841389,6563.98542213213
1954.05286843567,9183.26798599683
7854.54690294953,6092.02907354838
8192.53536577701,8016.29142323515
2328.53062417454,9080.51789349526
7045.38292692671,8438.97783335375
2589.15406292829,8785.64306754631
1191.96297448681,8927.97611571871
7417.17662504317,7510.73212205574
1141.31287945265,4149.91549767549
1135.68738360482,3236.5586659034
1781.40842586098,3660.89785787884
1340.0704677593,8925.58582546235
6551.85324891736,7594.67821042287
6774.35065993579,7627.26955070515
944.338950603018,3419.73042604182
5233.05183459954,4043.9561567776
7627.77369240909,6131.70665322647
1420.25002703368,3875.39920751616
9116.12490283223,6766.46312642073
1206.458875609,3392.73431283623
6643.50381301385,8133.04195190527
1296.30510133444,3235.24069437637
1503.72655495614,9025.1232038853
8443.97229362538,6997.65093069622
1715.95639992788,8481.33375952291
855.434058463362,8241.72713265334
7454.58968502697,7679.71871654974
7764.67603831425,7082.9527647704
8531.482003533,7201.26160793208
6890.76392194808,7694.12265614149
6583.22878442715,7753.7978989164
6384.7502992175,8208.59086605581
6986.05665898106,7635.81584255086
1088.26524148028,3056.23822216483
6677.60777213578,7832.06999332271
7902.68757182537,7301.33673254288
8032.5333855384,6992.21438340803
1186.10952118955,8975.89413996275
1408.64031254162,8804.63434452904
1977.41174497735,9168.08393328755
8092.623494822,7061.38116065688
984.326435184266,3080.9763063917
1125.49022249881,8908.3150066859
2008.36928094727,9170.35189516067
7856.27863836029,6379.54804108654
7267.16084784257,8826.57288402296
2384.67522257783,7498.95729587604
1158.70508422951,3314.34493167079
1761.32928823535,8763.83543321498
7590.61029727588,7866.42773868972
1088.96043776288,3303.77566491835
6238.88801750653,7407.7717844154
1543.13073216936,8174.78363739322
912.225075065066,8777.93190804131
1139.37750207451,3140.27919534011
7565.70965766873,8157.54203048233
1135.57946634469,4207.34282227597
1630.75096400832,9071.39985497902
2146.44805770986,7305.77468894208
6867.61457317745,8312.24594575215
1536.80615728166,8997.32522627616
1780.41063651876,3593.17120597455
1950.05845095508,8867.17923116162
7778.31720962175,7061.36072562512
6029.27728865021,7935.54043950681
1591.19424258443,3824.45625029956
1012.73382244725,8851.64809302957
7778.81528612472,8141.52996680861
1578.85133646292,3708.93927609875
1196.48507839191,3642.37811881266
1607.5689488396,4211.12226342726
1671.82174161921,3695.30905079922
1320.45957519388,9145.04840612542
1613.02709542284,9126.34459481619
1643.2595208051,3607.48076717103
8895.34167370001,6262.02680440093
7243.80632602614,7814.74453206214
1970.89576693261,3995.24278727977
7452.02376146907,7451.66019120251
7253.00421234906,7475.6711557645
6587.38251802195,4367.47320341089
1016.04518060847,8378.29111937378
5830.04431472121,8100.48049919427
1085.90267771812,8055.61543622308
1002.05981460306,8731.00791281684
1611.57999819514,9278.72844587344
1515.69724999972,9114.67768099396
1170.2030131466,3520.64260209905
7721.33988679705,8235.00416314533
7161.80342905691,8067.22185420162
7567.06375415001,8395.45873167254
1876.04733489253,9060.92838982527
1153.96539394368,3628.64659371619
6903.27971089933,7113.97008405264
7211.52042619207,7879.92600174823
8183.1292077142,7054.2036921736
4389.15108758966,3797.15646616803
7932.11286569195,7172.98644366403
2670.56134646468,5814.47613297195
3084.80073098169,9036.58713843043
7358.12065801967,6969.20470144446
1015.51923078352,3417.9438433396
1497.67965307297,4853.84800081468
1034.49891094077,3658.55962957539
1683.26059049993,3757.63841623267
9062.8313613054,7846.01637134767
1351.10050261559,3680.82456352815
7707.96026309678,7394.41126693556
7240.03558003103,7709.22195596378
1512.41974501199,3869.11287661814
1912.29372807948,9063.97602049581
2406.96531285609,7649.11479306991
1571.89670863747,8958.01515773907
1622.74213647922,3500.83109442125
7343.21040375343,7706.54005043736
6898.06526454242,8031.13599241593
1141.99192626595,3187.90991574067
5744.24280544781,8269.19616241928
8097.89259497968,7734.49687464704
1094.80773461348,3291.03849333829
1837.89913862187,9262.751462517
909.6676777918,3589.81446463666
8389.59167544474,6913.75093455333
2093.2876154037,8277.70811459457
3327.05039621608,9103.83940825565
6024.76334093028,6845.74833973207
7278.65479829243,7422.8287510858
1960.38993969171,8923.92415573388
1658.92256775396,3742.46014206957
7340.56869310484,8322.0729526284
7565.40202955878,7558.08978790348
1458.54554199736,3744.3407755012
7938.31702318307,7721.15955760219
8196.57373541687,7963.27179920089
768.489696791774,3170.24912086457
1670.22314567338,4205.21004124821
1573.15921446484,3982.88120811058
1727.62867369779,3629.11106455817
1748.04947615603,3993.4246184136
1794.63280225132,8974.07070305109
6239.47736217015,5688.10941657709
2064.34792968448,6890.70062410365
1895.97596296966,3582.16612711699
2188.41006545392,8202.56226736636
1115.14324765677,3726.22116397097
2174.5243313715,8108.91525756809
1121.14270441841,3580.65352679103
7220.33386159774,7626.14072621879
7160.02514003025,6572.25554247357
1799.2787799105,9124.73981821323
7286.87369194424,7026.22516332619
1147.9429517275,3202.30390597235
1381.86451510809,3821.39898394166
1447.13727205837,8881.60814768449
7514.8042176137,9385.74377287182
1721.08282217398,9022.81136729031
8135.13800998749,7497.81106139467
1248.04958558044,8558.9787148854
1177.6574369512,3613.72282893744
1335.68661664554,3698.09911790766
9010.65566829792,7984.62845528529
7123.38984622634,7235.04124308092
1752.32909891452,8943.67018180997
1503.46294635303,9055.19422864442
809.973486752766,3414.51206848015
7146.3508157286,7650.32434135949
7638.68607068372,7547.5040582833
7870.89430467171,7554.29164027171
1255.96086989491,3276.48432995702
1485.00613906364,3794.43004319569
2574.47400582443,8998.68383222345
1473.60453645325,8658.9487354041
2094.83239688991,8784.51027642814
1079.93734414633,3189.3010986242
2212.5743648033,7608.74688614843
1411.38708593808,8905.0769888469
7486.9880563892,7581.7061834534
1294.5656877064,9128.02481068315
6031.57364875049,6980.20445612887
6771.70034922702,7409.66906960243
1305.71883870347,3465.68307307969
1797.24444222078,8902.94256835001
7499.02243674568,8132.40867218917
2584.50522985967,6572.44584250601
2084.74633129454,4187.94356825334
1008.10431568004,3548.28761701455
1421.9363076545,3781.09402178198
1739.74692654724,9235.23909360031
8700.00842912907,8375.92931343283
1355.47584744562,3371.24968898638
2225.49794121878,3433.44397777523
8202.10762973869,7873.48737656675
1337.45614045509,8873.75308161075
7472.33722982109,8069.91274419117
1783.37474157566,3665.75554451821
2495.34512851147,6030.54847960119
8194.64684947164,7254.55169762461
5726.05696572552,7383.79038859722
8065.68189887316,7865.13233932654
1620.72598662283,9102.81491330966
1597.46427202833,8956.42040760627
2389.43934083816,9156.4727240347
7262.24342421861,8247.63565197691
8658.82426736173,8039.64383164124
2308.36491577236,8273.30050015546
7965.45191246023,6091.28603657847
1265.37301863037,3790.30759938049
5547.13419521557,7254.84020146762
7008.81980190613,6238.83024791308
8033.91158981528,7087.46041592039
1677.23281430161,3864.92619509194
1451.26346998168,8969.24761650773
1615.28065115029,9269.74585110033
7700.57138128766,7524.16259907125
1158.1990587476,9026.63475483291
2028.76466885983,9460.82180689078
7760.51250165112,7050.67593671453
1717.93976892375,3720.33693039366
6851.39974147045,7481.14449001575
1026.06602131552,3766.14825748343
835.987549930633,3276.08047969849
1084.73162345114,3235.32263060384
1691.61951056458,9147.98339730489
6804.34005476006,7234.24207678798
6716.23520908413,7821.02739444237
1925.61724910801,4151.03566715865
591.86276947987,3317.36098266789
7406.17761888382,7925.22873300189
1987.87065012937,8693.34556581407
1349.59515629754,3130.38909619108
2116.28859589213,8067.63958273732
7635.80456207057,7525.23865330471
6355.20359338664,8099.07041031804
1276.2371513409,3433.97460466591
8400.73787299053,6874.98672331625
7689.36243377774,7489.73399945955
8752.98691251601,7601.99391058628
1628.50658855657,8065.69638789983
1010.2808854646,8927.44716163086
7075.70276124436,7397.99973950727
7898.26017136749,7765.24043952657
1441.64075777599,3670.15063267727
940.5869114669,3402.69877860329
7255.54148609384,7120.67932714026
1622.21751815057,3961.57856919137
1467.93275953376,9106.19309314529
2183.12084267936,8139.75935931894
1783.72329983543,8677.14996787775
1427.12101720416,3859.54948081925
1136.1468392442,3689.26554220505
6717.00127703595,8299.6637337427
1723.20459835932,9072.53251764901
2231.04218225762,8121.59566053243
1736.03929785932,3770.0391267129
6864.69961792667,5618.39616499798
1361.32554092345,9092.58283789498
903.06610036834,8986.80951883497
1303.82189256367,9055.03749037465
187.691936965975,2955.53371383116
7574.92880681329,7576.5173354106
6797.53526187187,8025.50075240011
874.719880821194,9139.97229457494
7244.05581587204,7814.33288151226
1518.63696964434,7388.24615575068
1666.86487303907,9395.59060613423
855.173188478483,8664.06658052464
2330.64713685834,7576.68757086605
7023.79457864366,7386.27920511649
1388.81685133895,3542.33804310933
1283.14683266062,8582.54828630007
1299.0580731587,8041.92710597786
1508.6227295677,8959.61960918116
8080.87703014119,8392.03156072919
6977.96463615683,7272.25665620945
2113.77897710011,9499.4078137163
893.392565845844,3242.38882353323
1916.91668916566,3849.38498287079
1147.04932961208,3500.52732126215
2110.35095723395,8359.1998854233
7981.28723362413,8032.65544031055
7598.02400695806,7699.26330560196
7950.91817290833,6655.19356097308
2954.20192460421,8839.09010699902
2010.31076502942,7963.0241632598
1360.26446022281,3509.44923634922
3507.87501972159,3868.91364018022
1339.61341981851,8580.28701881115
1873.73795559707,8781.12931832073
1035.82688349019,3355.02217045608
1574.86343438849,9109.0611869525
6989.73289714381,6621.22423836529
1284.06851922187,7975.39032608886
1016.59318733488,3178.13212707368
1975.95435462968,8350.17537418364
1001.55825320115,3505.37073822546
916.851604842851,3939.3798429022
1253.26052492938,3740.23797221744
6911.4165833681,8175.86780527821
7939.47903322624,6489.92960660312
7438.63858580332,3705.84093346191
7538.40276821656,6542.31620789113
3568.68061556801,8862.76336542252
7188.37480509296,7440.75070808101
1517.33703543705,8902.85819030567
1310.65650862719,4153.44280023037
1637.71634390787,9080.41039010837
1859.49792687496,7605.03370769707
620.665789689121,3147.72985271121
722.6113008392,3025.74832224877
2228.76536027332,7691.43689731189
936.236848800283,8995.20981287881
7240.34486470966,7783.61710269353
771.576278700717,3189.48870241535
915.926847311707,3201.99218433158
8651.39531589459,6718.99206199527
7068.15963610745,8206.18746132423
7262.20057597611,8027.97023245051
1263.19329850757,3632.2239747396
1266.57639257952,9081.16794047591
7701.87377219849,7600.05545458157
2068.10128352694,3783.70527853262
1802.69466952673,8324.98799762019
1569.04772732789,3429.75425325082
822.676867082157,3357.98147312519
1758.95375229853,3494.20064484229
1366.14465858836,8749.61109615186
1269.59423545706,3802.3318130187
1249.34667861728,9354.65264741267
1516.39981391719,3452.9628940256
1614.22645944795,4773.74106626398
1541.75193779005,3661.22812831249
1123.29680752592,3097.01464398366
2519.80463346835,7810.87380863093
1334.68166942136,3704.77723161375
1264.76090002249,3825.41785482245
7378.83816602284,7560.64056704321
970.658792376377,9182.189194102
1540.5109808828,6530.56991557443
1003.55450629078,8048.31319418266
461.820786837959,8332.61704846804
838.014972463365,3489.72577288306
1934.617412204,7806.1859875891
2167.68057439817,8579.02185532023
7038.14982062917,7710.08550485394
1521.07097880737,8937.60106792463
1952.21486895162,8834.75013679745
7804.11954056154,6204.82545161438
1834.26241598556,4187.25893818331
5173.76253808082,9105.26204503319
1467.25082912523,8976.85346305817
1519.16196897484,9226.24303074444
1374.69017622378,3942.67272150785
8160.5054504413,6429.09571418562
7247.71400219614,7854.94770689118
1062.34221051799,8813.76907687594
2048.91268254619,8971.41646914631
1400.21456445568,3931.38739349462
926.698711848158,3258.26936874435
1632.01479503628,3668.05945531424
7755.04350935242,9263.54935963905
7871.73508903192,7552.32167292451
1947.23847440878,3935.10172727968
7893.48026862438,7140.28264325376
2243.26862728705,8979.8860132489
7883.62353519212,6982.48344928212
1469.67820817482,3896.72883580384
2290.85680814502,9015.56078103222
7113.59464637834,7155.70605193977
1396.63995719343,3931.32916021377
7599.85055069277,7254.5814548866
1493.00059759629,9257.40716023324
1693.74403279017,9049.76571924479
1742.01795086988,7880.33059358381
701.931895320964,7781.27838283262
1898.12670592559,8895.70047201885
1734.29601021397,7588.67792680015
627.172381392178,3394.88763282949
7502.70618166826,7402.82977515766
7744.28181449003,8294.44569189621
5993.0690084049,5160.49642723206
7856.22938658519,7330.60151040051
1996.90210713971,4373.8092804923
1670.08752579981,8195.8154847626
6890.26251468309,7530.45912605163
6518.9654960054,5562.30090200181
1092.87864098429,3354.83358920866
1834.15659209407,8826.52605461496
8631.62702352519,7243.51990727672
1930.17235910386,8712.873245146
6679.62715544791,7813.77392966137
3059.03679361368,8591.97701216627
6130.00942862505,7636.2064203364
7566.56588895205,5215.34701868243
1536.97406733396,3291.34965296428
1111.39164975973,2966.32550802201
1412.94961869565,9222.54362272835
803.679826662195,3210.29209573255
2835.38747459612,8833.25647168784
8290.95986357267,7545.00775295179
1315.82564549773,3530.38547374918
6729.07541757065,6077.83061623706
1147.790788587,3732.6923925014
1662.39502698543,8971.943769348
7362.42186911861,7605.60648801887
893.765080707856,8593.67916842167
6350.52532812803,7104.37204591154
7699.0772179597,8342.87124544967
1563.09093071999,4099.81098547724
600.432857233538,2981.90783688256
737.310652410939,8890.54962147599
1676.89704370395,8935.09770955036
1450.77867835693,8362.93710824988
1271.66812558886,3451.21659880859
2596.9260673291,8688.89936741041
7443.83159261903,7546.77954425193
1584.23181845379,3879.34079140558
6558.63632921491,7607.47489790823
1645.11027286607,3946.80395295346
7435.89662484008,8126.85392440409
1173.46039143152,9359.94997227448
7084.1197000148,7982.524188179
1451.68638767121,3493.83002629221
2445.0402314667,8790.91575316468
1730.18389138099,7253.62059371975
7509.49358380331,7026.22591635058
6211.33778418229,7491.75805138418
8319.32886052951,7657.75912594068
1060.40434476105,8236.58565342688
1422.57086519095,3807.2377443973
1061.68387985515,3307.99410354542
1788.27992632628,3637.42965458648
1747.19564073214,9047.42333446854
8285.85480436084,7595.34797288291
7709.55693481057,7824.90219470049
1799.24967336464,9076.90016272933
1640.40452014134,9501.82326824704
8127.61536608,7808.293864072
1911.99160763381,8935.37285458014
3281.25425922026,9019.44054273968
1197.79636687677,3587.39748125155
7675.14342319798,7875.35624492849
6384.29023402216,8108.73555612846
1158.19824040309,8028.83257408863
1963.20090390363,8827.4502400462
1401.33719447516,8896.38120928095
7309.39603090983,6993.51927397712
7076.48745068946,7537.87944163432
7380.50955673866,7336.85144283164
6736.88101112205,7337.945079443
7331.37960986165,7954.25609691235
6659.21123771549,7959.97296384914
1310.1597034027,8623.83685396589
1175.1721861573,9047.5661880356
8105.11620679162,7964.91605981084
7000.55126078953,6517.11476255604
1204.09940657038,3490.64055313052
1651.6349728757,9206.4618124684
1044.01643192248,3378.75053339306
819.102971935564,3031.09139806174
1807.10831980495,9330.11127817089
1699.2597394761,8886.22580552923
7691.32847994957,7549.99371687526
7965.91153697477,8131.91324903761
1022.63680189226,8682.3864296676
1130.74196792329,8977.77280832596
1766.27982928718,6542.67449363897
1257.08317560987,3609.65286824916
8355.06098356334,5401.02012604328
852.89370639847,8820.0467583299
7672.33693053129,7761.83510140875
7999.18550639379,8864.53378435769
987.584546336351,3077.0550988819
7974.04117785742,6614.35536576069
1805.94374311332,8486.32041542321
1725.24203977795,9237.01193445306
7992.06576701131,7551.53423723525
1415.14381478606,3441.58969107557
1426.56219350697,3712.13442749475
771.892587791956,3117.84406989665
831.315885481544,3520.64262431378
1514.12415605905,9136.28997280317
6981.13713168337,8452.1233734561
1169.65536266909,4005.05173155271
1625.22461382167,3739.20664547251
7739.33653608071,7388.72267870583
923.298990951733,8404.12614605973
1507.07332484378,4128.60968334454
1176.73841244679,9211.67171236801
1105.29302064547,9006.3884646809
2262.67071778077,8833.59273692936
701.066100188589,3079.15917563539
1654.55316470846,8858.09038339497
1896.07198507881,9133.93380484092
7452.41268914065,7536.14043339861
1471.00273661274,3539.14375429861
8668.05616985951,7777.61366827608
7942.23218391718,7794.39074137539
1503.62389211844,8745.17923221701
1973.7185322357,4174.93001315329
7284.38758986962,7160.24953855901
1712.08078959299,8812.88871223441
1552.69975986879,3561.57614246414
1331.70697082593,3743.60109834843
7836.93750086678,7480.10083187189
1933.57664302718,8642.54696465128
898.161351996071,8870.19930063574
5141.63643430722,4314.84923135043
7350.05720465263,7597.87094046934
7720.70914075586,7767.92711214215
7683.11689961653,7044.63109496649
1130.17566483323,3329.00029732588
8397.64249872703,6584.99973431161
1936.3065908671,9293.18977317647
878.465194538156,3625.13487751209
1706.64464005715,8764.17023145116
7625.78277436178,7975.3473515402
1396.00292800833,3851.02014669077
1200.68607266034,7975.16960325874
1162.82076904431,3278.26648588225
1237.71463362779,3660.27037343316
1888.15481931013,8525.52068962294
1178.521397888,3717.57097876231
8787.43991699925,7215.3459916597
7235.05644767107,7507.07543409635
8070.75774053032,6667.77640397255
859.244266668663,8759.00129749074
2110.31873794822,9085.11737462999
1243.73081390301,8879.78656345084
7948.13762065639,7780.07927592221
1077.13915283868,8942.46791679024
6992.66232022017,7377.36389829817
833.737952041578,3143.07051350977
1712.7123544874,4007.8236451779
1415.28372923772,3135.18487040508
7715.33236489408,8446.37394122547
2292.67792202031,8014.851627404
2004.44015666212,8400.32143581797
8083.12785255061,7920.31039734144
1579.52147743683,9447.61815210676
3330.76100992491,7958.95147398302
2028.88217296843,3680.25614527376
1177.61014686028,3515.23817030671
1641.94459913318,8138.53743271298
7465.94648725946,8657.83813259658
1725.3146903701,8625.90684414168
7860.46782108997,7402.28487792862
2408.63597694502,9253.60363842682
1144.38306175724,8670.16787453138
3521.3779782586,3576.92327568317
5160.35866330689,7445.57412189052
7019.91854917885,8277.94237730978
9089.4263238825,7441.24069029735
8864.32265146638,7643.5523140707
1342.22793751259,3599.66575841002
7847.90463646281,7705.34975575518
7892.15385110461,7538.11552335595
1440.73976407216,8827.57333291236
1586.53352286499,3617.3300046067
3465.65138712513,8351.76292001204
1082.44691760352,9287.71125657155
2299.84308652018,8402.75625551299
7026.87017478122,6441.09200685843
7651.23134543129,8143.87868713415
8588.78599608031,5607.82579564347
1176.00063684565,3498.31344130189
1081.93076538879,8800.81809409786
1055.97041209873,3077.16219322615
7712.344381438,7769.91461205346
1758.70666617498,9115.07969765782
7086.01052164678,7374.243715042
1447.32894099241,3285.12384514046
7287.37704186471,8390.19673944464
2269.47823428605,8698.92318332063
6985.71242863206,8556.3987490467
6112.65559895934,8073.46415689089
7317.42358391155,7967.67521734237
7347.29041664128,8038.15422633214
5649.0728734438,5389.00235024282
7811.19473070202,8247.31523657166
7707.2492433237,7665.28742181977
8924.87099464289,7705.07507239852
1760.87612619317,8323.29987000731
7725.12453937433,6590.77985259134
6820.88500308033,7827.50349413077
1231.67284074142,8537.94192033365
1086.62718527105,3226.9168399859
6875.40297286032,7683.70958369219
1625.46797111486,8973.2667853438
8458.65736701081,7835.34104964511
7810.1529763144,7711.11933180006
7788.56381393068,7977.8316444747
7004.26506814429,7497.65894355274
1221.82372708645,9395.90863843362
1308.81391767584,3306.28599314153
1634.57231990031,3885.78153439
1737.95683629007,8482.40524981872
1893.34541586495,8756.63224255413
8908.94506356119,7331.49834133949
7076.58503685529,7971.28230300736
2142.9198712194,8639.33580842412
1653.20461197303,3626.72137116436
7274.87666763237,7979.20785450721
7265.33252443835,8030.48912378041
1419.00816606217,9007.13096268553
1333.40355363572,8689.49871980478
1127.33015685246,3581.88031206467
1182.30087227361,3244.49865033748
7513.94438367511,8448.01202386572
7439.86657268069,7638.74942404643
1571.37595403698,9222.39734669938
2079.89592173058,8904.79226558298
1725.57034554924,3759.75271864355
1406.5152275381,3231.82604913541
1499.43218057876,4556.63218487703
1563.46057953435,3457.54126593948
1765.51210540506,9291.65137527988
2048.3428249098,9061.43655296465
8841.52528410104,7841.31630053316
1459.78725280502,5223.2746977529
2079.10468635224,9234.82786142546
5712.80493930401,7886.56513880878
8234.41816952871,7637.3275694193
3189.81434703487,4284.31347048803
8901.32324211994,7968.89615338169
6549.94148471957,6743.53146984011
3975.21305156797,8546.74665896756
7884.75777417817,7502.01789916106
2343.77291482493,8938.74846877584
7166.76427192855,6974.95463759757
996.02229465067,3267.48588408777
1998.49060663684,4290.88210136806
1387.83051318122,3524.71380215629
1766.99780994175,8699.62844544206
983.948627813561,3308.1478678989
7855.42221272281,7258.47750601567
1715.93857773841,9005.24570467397
8866.77102239671,7208.0195141956
7725.15818665079,7908.32884589735
7686.83118217004,7978.06581868522
7018.60414530407,7034.2674258165
7348.17579168346,7979.38222178048
1480.18801597316,9054.20235836538
1400.93688481698,8107.00995804814
7707.17502693052,6929.81801629345
7674.82895629712,7728.05182591197
1608.91754401841,8902.80398948942
1490.15707007841,3295.06288610211
1466.63076773907,3756.62170081051
8843.51620826608,7827.70399845949
1122.42881471923,9660.30345507891
1053.56534104754,3560.38082865343
1018.36979970367,3413.4176998341
969.56536208293,3508.90674859563
1080.2332385078,3256.26500062819
1671.61906916389,8992.26417681989
1368.42105219204,9262.55963429453
7008.23712951095,7172.21048948709
1636.64028063133,3639.92055449292
1333.12721221432,7320.26421381166
1517.51384642281,8928.51171728055
1231.82620264835,3279.05624607523
7159.91761142313,7361.24429992563
7227.49078792319,7031.46480680242
6858.3258005027,5290.82142100509
8676.77768183953,7277.45837481499
1305.14360050835,9070.89410930255
1465.25116200307,9123.12946510046
911.520907479685,5181.11171890003
974.553872662468,3429.92890497329
6510.00799158091,7366.51982018659
9122.35501449838,6913.90384771559
1126.25135940471,3430.77164963145
1286.02974409308,8751.64317479009
7112.97579011182,7447.4453494065
1513.31703208156,8986.38687460494
1675.8709620458,9228.06214839589
7445.06076389068,7883.00707021683
1409.2919531337,9257.30934823523
1228.27579969478,8420.35612980818
4157.42295848915,6257.57551852344
7945.47635167567,7562.05898440191
1759.29532280785,9150.28659746888
7759.40957253406,8177.41920937183
8794.0167123205,7792.68892210027
682.196463942632,3083.28911585089
8199.39232440978,8075.56380118077
1473.89898799603,8022.46505406652
7417.26829182933,8149.58765196884
5134.93369684693,8299.24763660654
1017.18341922073,3231.96339041209
6648.28772863447,7331.73544527302
807.048574573731,3279.28343263431
908.443749721919,3264.01543229044
7161.88715508118,8201.14607936686
7552.12502963466,7967.20141999128
1458.9271263123,3663.37979245793
6883.6441807995,7709.98413364544
1598.1027934473,2868.46493096398
7403.1140197286,7590.86229500659
1174.55651057807,9022.90919550175
1465.28455634962,8770.14067942007
2755.88330715236,8395.18336212431
1083.8493664946,3028.90528226534
7765.12108678647,7745.31180570714
8756.39712856164,7892.71319971252
1158.58008414051,3867.12641474921
7823.55036130095,7900.89870275674
889.542267223862,3357.32616045171
7367.50287822779,7627.76467094079
1404.554719897,3324.28564470978
1558.90083134019,9211.11210240448
7378.74377590977,7414.67165682345
997.142829682049,3099.04055571137
1413.96849787814,7528.88546878262
7714.03607778848,7696.32161442233
7025.94299114138,8143.86113826843
8003.35085303198,7824.07789372599
2224.91076925035,9166.5680574067
1853.19709342979,4201.55352214721
2761.55632773547,8875.3840145066
1114.20788500468,3696.24426018739
1358.49948003141,8997.79293371297
700.198988971269,3107.53382587203
2679.29050366943,7661.87878569482
2387.25082062981,9202.93666232666
6765.49663979054,7117.82714810262
1735.65066230968,8996.6484044153
6854.41340403797,4253.27630006713
8518.30457716018,6827.67430048701
1875.26726181534,9250.70168463979
1485.07810067221,8907.1602034502
2482.23808136426,4024.97371117041
1705.03361851839,9180.06347428403
7510.99525122117,8495.56684472079
7968.58193118715,8026.55528125374
1075.31824363675,3229.66329962415
1511.78698915707,8862.68929520355
9094.77875531706,6992.76643947123
1020.30775891959,3363.11798494901
1427.53473736576,3625.33273622389
1365.59532260967,3867.95518386905
7734.22420522913,6502.88229523304
1541.60793432238,3266.80989873805
3041.00499808286,8548.43076349453
1423.68784516524,9155.80098570752
1325.5900066672,3652.33764206091
7123.81166570972,7645.84383187825
7142.25890593164,6881.60501686017
1047.54451164779,8935.26458954795
1369.76132780652,3472.67755466677
1131.18621048434,8177.49681413876
6687.05248436105,8216.6382455029
1983.42277531195,8567.20355233964
1268.46380034572,8957.60954875473
1751.52739055128,8993.83375717945
1434.2162001837,3991.74492581767
790.252320696088,3052.15005731442
7488.64701943851,6901.821633003
2016.57644789929,8653.1967194409
1097.8072976694,8722.43674387899
1159.83396922611,3111.40755329507
8133.27440164085,7204.93405246243
1365.90864548377,9141.54104746837
1920.20019636491,8068.30529012734
8649.76184292194,7533.37980238142
7442.8276089102,8222.88859505539
8507.73707161457,7280.85262961813
1531.03795914989,3612.34323217003
1535.24941326987,8901.06319716588
7632.92866000922,7727.00101569718
1562.38233273581,8140.1095456713
1351.54588379554,8385.40307765029
7591.55066221296,7562.6261156194
7563.26676092801,7679.27465866181
8487.16241013943,7667.14665766775
1966.32640245896,9073.58636981127
8068.38132154506,7302.53500178281
1663.3744702585,8479.3559581031
7558.73796873665,7668.22475027902
1085.52762574673,3589.19877933996
1879.32736141448,9022.35913284552
8159.83708065311,7838.21963370079
1507.17110050199,3701.35740186074
1400.75073504097,8928.87531582356
1686.67678521685,8547.61685984537
965.261451755518,3606.73622706391
1164.67949724103,9108.90579261106
1106.51191914527,9011.93244242926
1098.30098723316,6141.63768390504
1946.51009208487,8925.24456805981
6308.54029906877,7315.96029313752
8123.20840787815,7312.61706347418
1618.12032168664,3493.58814324717
1435.53883850251,8306.93517735653
7430.13603251361,8105.51027710525
7327.25694965447,8305.07387999341
1759.09331723653,8848.04260957619
1225.5340756865,3156.22040293185
2118.95906416088,7440.87225627138
1094.68187619377,8988.58394859491
8367.27722709325,7721.88187956329
8709.01259354113,5868.20473305232
5922.61381711351,7498.63372083656
1294.76207970427,4316.56984727036
1382.00005088732,9410.1911605105
7713.85248185713,7804.58902716029
1223.23269165799,3682.31737687546
7161.29403052645,7368.91682229329
7958.96772526701,8533.32778617476
2647.02785568159,9056.27085221789
3047.63516236322,3805.58364422484
7206.66107773541,7804.33252544129
7255.4147511539,6863.19927390735
1519.09985119187,9234.70496793449
824.542752285698,4118.06464411183
2347.94800174278,8514.77396563898
1723.63600590808,9078.66473147328
1273.53261919877,3705.9166052581
2119.47999505114,9168.57663819929
6641.10552430311,7602.02436399376
1737.42232629765,3787.87738807251
2477.38139641153,8455.22062918042
1240.28945552303,3467.8537667169
2500.1860403847,8823.72814425947
7830.75095384429,7691.91738731874
1419.3919153432,9034.20473696056
1956.90753537536,7437.22202600377
2237.00966656622,9326.43719509736
1697.50538645376,8929.00657012707
1582.63197891661,9107.93815475413
6198.74782201973,7123.46777601515
1219.36246167913,8926.86323622948
6718.61397656779,6668.29554944849
7741.28918916022,7270.98238423571
7748.08066875794,7704.40208723362
1786.25222978741,9055.47965337675
1497.43755642667,8833.06978889168
1062.81452322962,9355.31057259617
8066.31488065507,7226.77339027833
6956.86386190246,7530.14123388944
1789.14662611218,9262.74185121343
1658.9271265955,8635.93273005707
8595.99864497907,7928.89009499967
1413.00584103809,8939.61612789487
6799.26554235128,6189.8765026789
7741.02172636759,7274.67064299309
1266.8799775353,3482.95110829516
6802.34224246752,7870.32065897788
6605.35822656889,6981.23719032423
7072.26750722929,8543.92345082028
1946.13388208606,9003.44070395395
6881.28704512019,9498.91147215465
1276.29473251998,8066.57121811536
2035.9493061526,9133.96207888479
1502.23864225396,4361.3649867668
6957.44396909841,8030.5769139491
7729.85851100038,6893.57577094063
1510.10713941672,3296.29064209606
1442.21451316808,3925.17746024241
7700.02006203045,7983.62287889111
7141.55389601641,8301.34296217613
7823.01754161222,5086.52016716274
1043.2213899603,3940.75744158107
7625.28315897881,7090.74135342163
1074.60250470993,3511.32473173088
843.22948422234,3158.43516660639
7104.69818957774,7366.10242485669
7546.3366337618,7301.8706225168
1581.22940375461,8951.90724258341
7091.32920071515,7657.34153902782
1186.18799986829,9120.78910734908
959.508600781253,3146.28000434019
1415.94083568006,3617.3037810825
1365.95404469002,8294.73008590267
1536.79745344408,3484.00450523416
1144.36057469279,3450.31005494576
7774.56369756754,7782.17322925168
1793.21694894988,3675.26720136457
1720.00286140289,3623.44643018599
1603.43306241818,8811.64337695069
799.494428471192,3399.87803179982
1218.50463535573,3847.88758705688
1848.20777084788,8606.39532634624
7697.22631420644,6378.1917955062
8376.5857765804,7507.2453054516
1272.89950297503,3450.68616420226
7220.38089013203,7491.62361908169
7422.40449626042,7229.53890692441
7203.4399500733,7298.84503091451
1643.9608619925,9298.21693415007
862.556860709948,9388.33806187581
1384.52007644775,9191.14891002471
1860.94710654988,8718.66628942824
7033.85699303849,7913.85403080838
7179.79949859145,7483.50878602722
7314.0522766697,7514.51336454468
6928.41038952812,7784.59551727391
1898.11416864603,4359.68842981622
6612.33662976221,7056.28005031212
2105.42424416205,3684.29446934915
1415.61814581584,8996.30278491498
1200.65151759289,3842.44055492705
7539.8119043743,7171.38671955287
7403.25391376696,8144.07330569625
6279.07743210519,7464.39430429753
306.987403898428,3011.96629047872
7999.21362220362,8021.73653437727
4126.48325525368,3423.19007383856
1049.5245286917,3758.69458587825
7222.30402202263,8220.87156489806
1493.19994842685,8992.86909636532
1782.81559897041,8220.5990806499
8554.89537679979,5975.9921131486
1019.95495354518,3281.55152434621
1601.12163798034,3871.64625627328
8502.62822725617,8237.95539601408
1654.25176701269,8088.8710239685
1588.68718940111,9266.81096983163
2575.51334915204,9289.66882538346
1801.49214681741,9283.6458642255
7478.4628821028,7206.25004072644
7336.5096814994,7272.44873690296
6842.11465203195,7031.01166987949
1429.61574256234,8927.07893070454
1253.75751951632,3494.24244162404
1569.66935215857,9085.91911023598
8334.79804814707,7357.65531710898
1467.35134658653,4326.42291401468
6685.78675893515,6847.47670313178
7265.98935397368,6293.77445867569
7690.36662140146,7051.14690544343
1354.16338935788,8853.17989019081
7162.40015480351,7623.83926493831
1072.08265411153,3221.6162148158
7554.37224863941,7229.89041448152
1402.70085999631,3555.89155922639
6586.90643445893,7791.40657349973
1864.1349102866,8433.46232878612
1106.01331921926,3666.07585618741
7220.16698136642,7322.37281274221
1506.31019948828,9077.36253350759
908.857955041759,2986.90702331267
1721.9672359614,8722.73716466354
1580.85813826384,9380.74713937784
1888.67302114648,9191.12618126431
2032.37995987736,8920.64281315361
1787.02050865613,9065.68094393754
1538.57676912118,8603.60390718232
820.842540771577,8887.68296654401
1806.96076951298,9010.86553395141
2039.57206943728,8997.47780399545
7471.19656537957,7378.71399711757
1223.13461382106,3167.85200422388
7417.28327048714,7938.53885418852
1122.93978414897,3284.48093971885
2179.88035936515,9126.52937673588
7697.30332179729,5676.765060335
1886.12838819086,9035.54105208996
7483.47833316416,7170.41173377886
1269.80482468273,3558.88737958042
1636.43279866027,3510.01410833651
1781.52623040994,8726.67038615108
1665.57612014982,9190.5203803156
1823.82851729452,9122.4111063884
7994.77549957486,7621.64109754945
6677.36411739259,7596.04282360434
6857.68641384368,4535.80640661942
7801.59652819835,7803.89467304451
8532.82861310642,7122.12756013407
8159.63721502988,7693.23789300733
1639.20679521355,8958.94712842783
8574.7029884402,7743.62950138317
1684.15190468078,8966.17867294971
1167.7340952907,8163.3727389584
7579.9323585544,7699.07851745075
7854.01310054224,6998.60193409483
6882.93598670519,6384.06430629528
1882.07845000081,9106.77241026029
6727.021438335,7776.32829648768
7865.67461721796,8216.17597424092
1895.54078093504,3548.76782172828
1465.66893318488,3561.18209912347
7610.7854223252,8198.76064194619
1680.24536801136,8256.0450491918
2089.28098291051,5393.65193275967
1615.29255300897,3773.36441251854
1595.232650469,9346.69469568811
6874.7378150631,7903.14936901927
7466.13007656532,8250.13300676894
7036.17407667039,8257.69801024848
7303.2385158212,7946.50088911037
7591.53953431318,8232.23011978884
6500.63224764834,7351.19804850593
1542.17020258787,3704.27013657771
1725.21178076169,4135.47311042613
8251.53566481101,7890.22257383502
7195.19170843558,7423.0455741236
8703.93027430958,8265.8240512792
1998.15721875464,8680.12887100151
8583.03167931473,8405.87726550629
7804.87580910706,7063.99380393369
7357.24403770408,7656.7274358114
2270.13375094491,9046.08374408054
1738.82147219368,9205.93390872697
1452.95916272578,9102.24167857088
1087.64071044018,3493.4460496227
7639.69313344855,8185.87972331831
1721.99844445247,8881.24180744494
7437.29603477607,7620.4199466888
1016.67949651902,9129.66949925978
647.677683265714,3196.67415733175
1480.80035737332,3958.57907786182
933.090581556104,9053.47470779802
1189.84975280101,3526.42161996023
1840.41656762131,3728.46953965246
1342.52939550845,8292.9346046477
1020.86454463602,3344.95966054622
7343.65208549023,7765.07721855645
1215.97659527971,9173.46255572373
8202.40556612354,7557.67808701839
1463.94961846425,8594.61117966579
8336.68645978736,8393.22816532329
1478.20565731874,8534.05421781722
7739.23495472268,8114.18011074529
6668.1325450771,7132.52842749314
1277.98751901619,3835.95562540474
1326.73965136934,3457.13499285808
6945.48576835426,8157.07937232932
1521.14401046789,9209.89903149734
7630.08408630621,7355.29587298357
1516.28484743102,3418.21162577865
6899.00556199297,6979.02839157608
1760.78954617173,4113.87587897336
7156.24802974255,7065.88352805598
1797.43461237286,8050.07746340561
7061.62821892527,7748.88331948583
1840.86181799091,8102.13816913646
7777.75140739149,7461.16806099129
8188.14732859543,8145.0550706273
1308.29406067151,9002.68448603913
6721.33877306229,7642.77426030541
1281.57579561208,5466.95097669912
1329.55344076709,9030.55019198443
1945.1230909966,3577.08974190116
7122.42319693021,6740.24062773238
8501.67581440978,7206.91293284196
3605.29700310252,7846.67821916592
1183.31665591283,8976.35683403865
1451.47044597648,3941.61477237712
7627.5635915429,7460.02657418215
1022.2215677342,3117.49794452979
1181.06054088987,8933.64965326032
3859.63533293434,4133.19518180598
6666.4632645404,7397.46093237057
1998.50719034015,9219.82662595895
2696.11560402926,8808.78042839115
8661.17562926249,6819.87034893722
1249.41134838558,3475.79663380314
4150.82693214431,8428.19066258371
1006.82634179864,8874.08505056842
1686.32751592948,9010.11790407289
819.671489123479,3525.57703060431
6779.78474697181,7973.97942387589
6731.68032048071,7660.1356977814
824.214416759353,3382.59695877188
609.400406153994,3111.96725606633
7942.54480353553,7541.43679538457
1149.26037060204,4405.45015176568
946.471025178967,4340.20978035227
1472.16177503832,8750.34718142871
979.78913739312,3514.82927528222
7365.6433542655,7844.6514363761
1244.19979848542,7415.53717405169
7488.33766099971,7706.78820334194
8433.3012834136,7429.19231993881
8183.13675491581,7652.07077953527
1690.3392084482,3483.57608716133
8592.69408157758,7939.755478542
1571.9208683629,8810.59176140668
1750.20954351162,9425.84950512805
7342.65851087654,7203.21184273194
7567.54124467199,6843.61972670879
1501.66783828578,3647.44444626696
1328.44885242646,8589.42429978561
1388.34142877204,9256.78716325066
1395.68298234598,9371.88673391146
1634.81163032811,9113.86098683556
1383.52017864751,8764.3056573798
1067.18368432725,3378.7965198522
1725.81099845394,4089.89265782423
7785.69103336543,4766.0745803817
2406.66380986414,8404.35756197116
2414.42908410084,8728.39220959322
1383.84373601658,3560.89497919715
1235.24026666046,3583.43686162008
7667.78374960673,7754.15332382763
7157.59968729118,7637.36679558619
1772.65899548059,8725.82929329203
7186.51986981425,7342.27523093877
1397.37509309774,3688.37170436438
7564.98251057743,7729.35482919299
3291.82326738489,9206.02696237744
7337.23539632306,7884.23041908724
1363.15573866937,9073.20579379667
7231.42786252643,7226.00585663185
1514.96804331081,9103.72226533648
8285.3735603151,7691.37933762071
1584.81059832236,8963.73890536178
8515.77425883811,7346.70550543409
1348.90013836086,3520.27671592507
8503.28919911595,9228.41527858284
4940.70021938362,8694.65939801717
934.333803991594,9154.43790987772
1389.64547728528,8958.06592514269
7346.87110346859,8464.32587619027
1561.39881842662,9347.13930518473
7026.48706990728,7387.2164509469
1060.43206444764,3404.9342016101
914.975683842852,3470.32577280781
1785.15430073143,3708.08692991608
6802.99939442931,8353.03784672543
7369.81612786327,8314.70599224594
7415.34250942407,7183.54897298521
1642.04031810389,7869.39576881796
1666.70413638605,9299.23954850249
1280.06586574626,8848.57106555168
1347.49178600416,3942.95949590557
1039.3807259696,3342.36602879621
1399.65018857288,9207.07159679514
2029.73772871747,5222.11795561061
1681.81607512717,8788.82591884635
1091.75384059504,3633.93537591232
1115.43432247339,9145.25136616504
7588.49926988584,7730.14572407638
1330.59928968866,3469.35203059512
1929.50404873644,7995.21883565863
2476.48904448564,9246.8240698901
1237.50757300897,3609.05500278744
1088.04607352778,3569.12584314207
7308.74381327319,8266.90783273381
1369.54584540748,3586.08347965552
1863.98154398524,8472.24507766075
1435.28393034248,9292.42242882434
7796.92490167211,7667.50023543934
1703.46127180821,9001.49056470519
6391.35606534585,7012.46565818293
1389.93425749704,3434.4537905027
1414.06803285573,3763.01103584746
8372.70755301769,6447.85966070782
1196.0431579281,3596.68338704146
7260.04194246991,7575.67287689017
1865.25547012152,9044.91397812274
908.074686729026,8256.35003719914
7147.94497077841,8294.29386119093
1620.8175574595,8989.67032430667
2912.11055697715,5611.17378022103
8998.53483181827,5447.62944667207
2043.88890404876,8994.46951526119
7628.78924539142,8003.52133233569
953.479062225105,3543.69429506401
6684.00329079689,7158.53085669843
2404.86933242079,9100.36508434314
1952.17153808903,9694.21382753596
1012.01949832342,3504.02484959583
1440.43302200571,3564.1369577298
8886.00200948246,7183.91848928645
2003.22086526509,9200.98529587054
479.222931745198,2921.24251725069
7473.11848444704,8343.21859092478
7355.21111538138,7337.36167407866
1183.09788220843,3685.40966382642
6994.16851172274,7520.12688617786
7516.12167611277,7783.16653743231
7812.89320558795,7224.43424489999
1359.93710369891,3546.48861839521
1734.2115294728,8578.93482370509
1359.17202563838,3705.48155582476
2534.53697057844,8799.0016037613
947.564224170647,3121.8433098372
1542.24975394252,8903.09700791596
1867.37625425254,9279.94021249733
8531.65820521584,7397.24741911021
1551.49509792471,8839.69770917194
7494.34221746791,5877.01683135437
1885.32027982043,8933.98925396594
7150.34838245765,7903.00397840285
2233.09983816819,9164.77154440576
1347.53807957127,3588.40664708219
7574.29167127739,8066.68631064837
2313.27628454839,4080.31362357327
1662.93288559258,5098.34860900466
1592.30788335675,8645.44459170062
7416.34968372398,7417.79168233392
2954.43561981873,5519.07406464627
6631.88086928036,8432.1097668196
8293.03888921523,7523.68010132475
1031.85651360943,3112.86097216396
7281.49272055538,8144.54191170392
8324.92452516969,6470.62795947823
6695.1239122421,7839.19006209529
7351.70258173922,8047.78715503629
1229.35609236876,3803.70834894109
861.386305629216,9145.70758422949
7408.38603975248,8054.39387663955
7302.77041140685,8159.68852063999
1226.90487001089,3798.15468205112
832.036124766757,3207.85356005666
1372.0380534161,9033.57652735638
7412.22781126383,7754.18469707262
9017.63472767598,7514.70102537693
7657.3886045696,7160.70893680915
6974.07965715116,8368.37599979527
1167.12132885006,3791.83661566396
2584.50630628486,7745.24188431072
1541.53842376258,7825.07365356506
1803.88665892079,8971.05817946828
1181.31852378747,3310.58776756316
8282.7237038741,7450.00947941639
5812.42580087191,8925.86791185189
6778.00506199219,7604.80278490427
8316.56376709209,7229.1344811153
6742.97372638446,7077.74170293607
1702.04725712651,2951.21827292214
1736.50301349083,9229.51928799652
981.741887578234,8984.78918392407
1498.36954162848,7380.18683624895
7561.75756853482,7199.96438350698
1596.49992631328,8286.57360492663
1117.72934548963,8609.77691650853
7601.3371482994,7142.03421428633
1696.51651166282,9441.13680544418
1411.42280424507,8524.45098970092
1752.54973497896,8517.44821619629
1598.33146415995,9172.38988990113
1786.41476593417,9100.59228592697
1379.39063059549,8348.65628917755
7709.93867644136,7943.91190675363
1289.90333568616,3387.98314122863
1581.50436015625,3823.57352525392
7318.83835529116,6605.27762516579
8972.44789231247,6528.72102878978
7099.82467430115,7734.56275932563
7604.58098487153,6435.07234910802
6247.83710490585,6834.57761753466
1452.98981215844,3388.48778226951
7419.26180140303,7361.42263878482
969.157222725756,3448.1501583963
1796.07494457006,8546.43977820504
1383.01621135745,7919.54381317027
1148.48973459828,8352.4718524264
1191.59290914811,3351.69404539119
1252.59037230484,3429.17697217298
938.062304998874,2977.11052333871
7298.8733474068,7497.36204293509
8658.09946257993,7332.69776841717
717.995666473857,8030.43716647562
1692.50607140568,3688.46343072632
5585.38201515851,7281.74122548812
1027.49564907354,8801.69072618861
1526.00113772049,8999.78658875477
9154.69510373478,7739.10395919389
7636.9657783867,8034.96811118235
1082.71540660953,3675.63711524305
1452.4261783056,4119.67712032044
7016.49405209494,8105.9547895736
7554.66045550177,7225.88811080786
8420.83545395673,6347.20549778728
8079.89204816615,7406.18570392857
701.912747195716,3064.14843778552
643.819666875717,9064.63005649356
1323.75600309286,9301.87856946498
7685.93769404432,7909.40330941495
6903.7737443614,7251.61944579457
915.655493139339,3571.58514886211
1575.74685280885,8991.7238558244
7803.0906674569,6922.69446165704
1235.19189415435,9097.50538154025
1012.90601714886,8741.81224633707
910.807345336436,9080.54976442804
8327.47457095884,6599.5194706264
823.747412764027,9052.60125637775
7807.34006932795,7901.94509194563
8100.92206288393,7022.22280711355
3113.32653263815,3585.20791618781
1557.91430928983,8877.18181324553
1347.68346427062,3608.75274673433
7475.82311313318,7837.202681703
1134.67506875229,3328.32761963411
7556.26508386955,8086.29921266163
1401.63010323875,9245.1873598497
1810.79025020458,8919.14165375937
7384.84488827466,7332.62284774847
1486.13025935792,3709.17879993996
7435.40656603047,7981.56012097983
8294.23304487488,8372.1534718865
6858.01208505559,7347.29831401598
3696.87352953122,6782.01518000905
2457.06630280236,8570.40930119434
1295.52404053695,9005.69251360847
5727.71489434586,8938.82406485421
8638.96183481932,7224.79696846857
1127.13085693291,3665.97329215049
1602.13675450379,8881.28261709452
7247.07749783911,7949.6380987031
6838.16343437116,8423.56080597007
1716.44517556873,5427.92399277029
7745.8961351409,8101.7705089626
1635.87379434769,8916.55457441236
1816.98529332905,9168.53592085177
8185.31213648404,8067.78229996105
2104.74494584638,3913.02681655315
6988.66676074438,7760.93177552269
6913.54930161902,7547.30898348661
8303.51521712361,6936.82560265873
782.593805060614,9113.34869744529
7587.75212895856,8067.71943411152
8180.27337974801,8481.25270443857
7229.05906390071,8422.84925151111
1818.52374876901,8390.57790323437
1636.38497518394,3795.14563046778
8951.62966924374,5790.53940438097
8359.49966733652,8162.59624759521
7832.29385131102,7826.31888963713
7713.39680315374,8061.68202644746
8199.1479000433,6646.70623890307
1251.07300479874,3694.60674100616
3215.0941170478,8378.45839447534
970.747582001411,7906.620646399
6753.00138033064,7868.16628087165
3271.36373473117,8602.70060446353
2330.76883214876,8926.64300089164
3087.11331440616,6072.13701091847
2002.63649809352,9225.16413869569
7905.62007937637,7186.8349716908
7545.54088501718,6745.44950547984
1401.78328937738,8600.97914783942
1302.35538318665,9135.45738562794
8704.31148401772,6890.77228039965
974.764888715781,8682.48684097706
8484.06733803099,7385.73004412754
1505.89964471636,3646.52113009215
7222.71849541829,8292.28087696749
2555.53302153501,8786.02357887179
1294.4124710151,3576.62796310342
7944.71313618053,8636.3527123142
961.390635503749,3196.78504652869
6806.15773844422,7998.30514574094
7332.08762870243,7824.5994758537
1771.66182603335,8963.79278572028
1809.96054844439,8568.5294439335
8280.88509552097,7241.74172143382
1458.02350735933,3772.83549154316
8312.99579133771,8385.90315362128
983.932768726492,9198.94222708015
7115.72397788703,8683.343798341
1535.62229636398,3710.77482464957
1543.74239202641,3704.45888831328
1652.72580959095,9124.53285597181
7289.45218150388,7679.02397684563
1581.21534318768,8640.42309591297
7424.24567377345,7804.78397278774
2337.34458580789,9109.83417820728
1062.20722851791,9235.43429131222
1188.40600364207,3659.15155223489
2226.53679968173,3758.65152510208
7559.33342092941,8115.63590333074
1481.29751791812,9056.23236033287
1103.61976619103,8815.98530369467
7287.09624480473,7860.0006018065
1970.76728398586,7612.85426201289
1426.22932125486,8915.12171657511
1600.57853323045,9051.78987991223
4763.93518379221,8243.09404862472
7418.31356745008,6851.00497344385
7889.97116919343,6565.60534184734
1602.5338498806,8190.10478899217
7124.7421100598,7233.73483368728
8364.06177090529,7947.08231128499
1215.00092263672,8884.76604918692
7422.95082341432,7200.03057900965
6533.50293027444,8340.04960487154
6797.23257811548,8386.31356248295
7826.17369569794,8105.24355278095
8263.37661410379,7884.64662900486
7150.49815108826,6059.74374624893
1048.96790604972,8102.25909005688
7659.84613996945,7419.47087556002
1681.34170166374,9015.52119454743
7511.20239448422,8371.33566803772
2035.93066828182,8512.3865276266
7486.50438787612,8237.68794830093
7340.7284200872,7954.07685271185
1143.17521708949,3568.48153487736
7697.71138697629,7448.59975151172
1842.85892858492,9059.38232665565
1922.77417410799,9207.79115256919
1034.07136527404,3727.55644314849
2319.1102829525,8811.79763963065
2205.77086236497,8889.65393936722
918.483926253118,3468.08426962512
1052.35456075823,8271.73865251012
1253.34094635087,3319.3159318969
6940.6356874937,7034.75449783868
7708.47830144698,7618.46608562893
1606.09093393408,3540.33326071784
7752.68714868275,8936.62823642752
8127.87022969488,7023.11459064406
725.628597416283,8840.81542106926
7310.53404125018,7878.39234956797
6868.5518896362,8090.22540894238
7279.58131516392,8165.76317133975
6976.59877035986,7214.98964800619
1083.53873301967,8855.41856311186
1027.5983134423,3374.02050813466
1436.33413407791,3878.39694103508
1423.35078395317,8843.49333096226
1402.22947243277,9203.02494313232
7464.99597865325,8739.96771372849
1295.33840883294,3371.75628429274
1589.53504041996,7951.01195544276
1997.66658819666,9083.32381886458
7074.27435186038,7871.72002493989
1768.29868668331,8856.99394845429
1650.2878265019,9346.01913560532
7395.04505939492,7179.31772297506
1194.36005371008,3564.2622033919
7891.20517577387,8021.76526037945
7862.43148367422,8648.28371894037
7338.78899731939,7897.91835269544
8270.52154711615,8689.12723878447
2193.4902405376,8314.5865290364
7483.30162560624,7895.99193318661
816.28467847791,3293.00254253739
7654.81416598111,7207.96890119123
7591.59945262116,7543.54337308357
1096.70414545802,8883.90250991907
1701.70226375043,8661.008118004
7547.86392787029,7619.68611577911
7373.09148523163,7213.44118412487
1133.04577816488,3714.93365942487
3454.66666592042,3340.76316969379
932.357004188077,3532.4732409632
935.181463393705,8406.53283106758
879.573824414234,9015.19411762097
1378.88775393727,3574.04187193328
2081.4641223772,8892.79088226691
1057.35338104747,9085.36833983381
5973.43529235398,7573.8072180151
1272.04821122005,7427.89842175613
1729.85160680869,8472.74581523599
7765.20449315786,7801.99220572404
1305.94456535573,8907.87811350028
1045.18601235311,3914.20114925098
1262.25835024058,9294.50043946382
3399.13234379278,3791.31875274415
1012.31335528137,3562.40038569277
1703.57399811062,3562.79506105952
1308.51459236995,3602.77929228241
4342.3204320117,5892.58991660921
7104.84452452213,7855.35898733354
4217.45173457948,8626.09486036169
8017.19279711102,7819.77972036758
7628.87657661459,7688.91432858822
7156.74806346051,7561.17401210243
1502.19689841924,8854.85013625421
2025.90051888372,7913.52371230096
7134.11575815116,8149.96382479906
1157.11129602453,3317.04780623451
7630.02673776393,7557.38803292231
1218.67587548751,3652.42396060161
7754.30471240136,8014.97043472528
1069.74320452601,8801.26099067244
7740.93406277477,5189.50011225709
6544.857146901,8020.82995173518
1061.52037574104,3345.04302342506
1255.9712789201,3682.13516635952
1675.43350913265,8676.45365107461
1064.48700737693,3593.15138744298
7792.1090388933,7543.99494025999
6666.7965346596,7898.3264448985
3679.99328347892,3620.37833476239
6822.5208165221,7823.41989662658
1860.84394712365,9054.32259159719
7699.76864522481,7886.50320387948
7477.63883117589,8100.66616457105
1569.28672400182,3753.92370078395
1082.79084089605,8938.20238629173
1433.27266831778,3410.70833289057
1668.37090148645,7998.36025786526
8433.61847286317,7651.62335127157
1623.71829286545,3901.80577278181
7942.79558231214,7352.38593745829
7394.88927387397,8730.24609870809
2892.53310552895,7905.74016282784
8083.14783168283,7779.52492666857
1355.91934837967,3749.90731859269
1991.46217470647,7964.02562925828
2138.92025976834,8054.35792120891
7247.46293789585,8161.7737351575
1637.0888017894,8245.95273561968
854.915313295898,3218.74249852704
7450.07402973559,8162.7656897681
1751.46612863712,4056.74349436945
2247.5116327705,3656.59247751051
8634.09000974313,6682.12650321608
7759.35410656988,6983.15727643286
7774.05669132876,5198.07351646255
1750.07828200603,8982.35001086728
7643.75250139248,7433.34758167722
1209.27374811991,3604.22249319569
1188.24053203715,3349.05443443038
8054.41613645457,7270.2940476417
8787.02086983828,7837.02072407199
1222.07721093576,3373.70106225335
1245.862729234,3342.37463123865
7395.08977731118,6394.69634796276
7160.01432005129,8137.48896795533
1338.79437515805,3850.72228006335
1809.91629706093,3825.93508022913
7338.4307076168,7657.15211731835
1912.62309450832,4267.31769579539
1700.74196893518,3696.51248357463
7905.42749539756,7498.39900539133
7292.0781475293,7779.8991225525
974.32513672389,3680.14146378418
8726.28002739931,7790.3748125996
7173.46592690564,7329.15545849405
6144.14694508193,7418.74241579094
1184.83288232495,4251.3072568312
7086.39054159234,6695.73659820881
1946.50649787294,8059.82871387291
8143.25999154697,7181.5380509053
6934.03184032348,6958.73899999443
7206.6265035245,5694.39987068278
1017.06537757939,3194.01806569586
7694.68972455855,7379.37037390327
8733.90637072024,7351.21650539336
1596.75267638704,9082.30527913815
7706.08347875699,6992.0567199249
1321.49328071783,8718.96347194239
765.58004030756,3406.36680862215
8868.52300139887,6478.14239459733
783.529694613398,3271.32458158588
7823.68327339252,7180.80473028375
1912.10963096841,9284.86719347263
830.853698266049,8618.25306671591
1147.99113670697,4733.30433203627
1399.37261228424,3758.89668349461
1321.35061887748,9083.77795778521
1577.5431760711,8760.62461479368
1409.00362766204,3645.41406936218
1154.18567342995,3779.18540094128
1434.04990152438,8017.01501442864
3909.78775199524,4219.16345869503
847.776879568371,3082.19384519132
1506.61490958761,8841.05336222564
4881.39789003698,7871.96310465898
1523.24856421343,4937.29336117132
8862.79290346538,7750.55443191783
7408.16590633525,8300.16225743921
7382.14604651882,8280.50287381144
2027.21582835158,8284.60299958584
7209.34199804904,7481.93518052549
974.603564290204,8237.05051710389
2303.29479650117,8916.96995035261
1529.15582753715,9036.70813964341
1050.63202030012,3633.70466785096
2333.33580705012,8879.02817753846
4675.8199025454,3951.35616909832
7308.69851711682,7628.99451853643
7246.35170431539,8154.22099189354
2044.38414380914,7722.57532928984
7707.6430097929,6917.98543989777
8124.0297252132,7688.57960336452
1097.76570463818,8909.84610488581
1807.01501897801,3470.05699508242
7694.70972697344,7899.23557612068
1500.85595446304,8921.23379492048
1718.24752822903,9136.82998017085
6959.14827461257,8062.33198352606
1220.77982208191,9014.21332084006
7158.3115121902,8237.36721131918
6746.03803687718,7890.27607709683
2004.25522100144,8798.67386333369
7432.24534935518,6471.55753250543
1423.39429378717,8484.15233108833
1584.74808620724,3673.5708100091
7225.06911944162,7185.95196438607
1493.97123133746,8671.53498404978
1832.81749548081,3838.15074742845
887.395554356752,3281.34099397859
8413.40994520012,7075.01405037436
1613.68836223751,9265.78432624847
1686.32236171239,9070.05382949149
1270.17061067643,8986.36214557591
1325.79758632516,9183.43125375085
6580.60261963174,7169.35064328761
1111.16753471741,5472.43200145563
1620.54296815747,3866.87306981824
7920.24266887535,7468.51149960904
5361.84453636973,9107.36145793832
7767.82996783749,8080.64880607037
1597.4155254518,8330.7599128384
8720.00260088443,6330.34662472028
1738.0965974378,9161.36384220189
7917.08304533275,7954.49806186425
1561.64925527685,9135.21870448648
1187.41801770742,8591.28776276655
8152.22067592241,8048.28932456571
1532.47710009511,9164.33977080431
3678.38554007032,4073.25431542406
7087.02252076537,7655.76647071541
7060.20525674813,7422.30103681973
1428.82674914549,3681.60559431303
936.201460453352,8768.45310737145
7016.03346172707,6959.65794107277
1248.08272526245,3539.71354990774
7635.00180712415,8186.59508672597
1017.90740697509,3189.94163872439
3006.71201516436,9904.47263237219
723.241941175268,3121.23232745096
8509.59025846961,6841.22874636323
1068.68563003021,3672.03693949023
1267.20198800542,9054.08713174434
6237.52409434105,7750.7345539927
7286.24175267396,5862.33286605165
2949.99455955882,9042.75441272574
1209.07110658656,4805.07391379612
1000.6342551902,8803.91222064444
1308.75478647864,3337.0573119477
1104.21470798003,3600.11733111763
1699.76099732053,8476.1342488578
1255.99966664779,3170.6592466743
9242.48147419423,8078.10064548646
7939.69011393855,7067.22754497944
7367.03131624281,7702.15570941459
7273.78352268742,7852.79865118139
1123.49777550553,8294.73199275282
2531.34849098955,8058.96026341448
5029.01911146236,6241.98246186211
7588.81971873073,7492.9586965652
1738.81631789761,8574.46208428457
1641.48779929016,3788.47597734238
1078.60057050113,3736.71288610006
7885.2653444646,7559.5723452611
7284.41319935687,8265.00397838642
2143.90881953896,8722.81263647663
7752.53821455339,6434.58480515719
7423.4754520867,8017.01726721756
2926.13951198992,8942.7755006764
1785.04799274465,8003.55843328835
8691.23687013128,5234.5532850381
7591.72823853542,7814.81581602906
7259.85228923432,9507.44233812105
1340.79508949711,3464.78850521804
2120.62392774825,9148.61099759902
1166.59355341769,3543.78468115818
1500.70005633225,9367.44287149281
1630.30625541986,9102.20338555047
7875.49867177291,9136.54124906508
1176.23606102837,9001.99813626409
1306.095550685,3755.18686962828
1729.00819068949,3877.39812284643
2116.91827875192,8248.68134860708
6827.66087845118,7612.82782919217
1368.16113191046,3686.72538704627
8515.71855955995,7381.18206738343
2173.85595881581,9006.4558042786
7374.96974675119,7025.60593446368
1915.72661820728,8876.2614178559
876.174484010336,3514.34960180049
6674.16146399108,7867.05120439209
1500.88001422413,3596.41252934158
1040.26206401519,8838.50245619962
2571.5919395032,8834.4473215744
2611.29974970521,8803.16836943817
603.752681929156,3297.0818073622
971.601756323394,3572.68645998492
1501.8058731854,3809.61700815915
1111.39632868325,3405.49191697692
2893.47955538302,9291.9713093673
7166.41764385079,6982.45995255207
7072.47339544493,8531.13403705748
2010.36532955288,8243.31259810436
8404.14646078267,7695.83127431796
7616.35576398319,8552.08653019612
894.628316028269,8386.7828540199
1435.12056355347,3843.83445501214
2366.11336145609,4165.36082978236
1763.21136198067,7773.71711769786
1388.36596078392,8758.83388542363
1308.67037034993,4024.86404119413
7444.46501346131,7947.98365119868
6400.33269689053,8027.39288277308
7270.75198361625,7964.61852463464
2198.76171811751,9031.72688517706
1391.18644268903,8998.38369561085
1070.78850756592,9162.12139557691
1636.79233096543,8909.13176980396
769.410643379576,2969.4449775581
1992.23859714205,3915.26301072627
1740.05425429475,8787.82769975057
1702.01905629562,3666.60166250437
1468.35704167845,4129.12650522987
1105.82738516113,3583.43583602199
7745.93054178448,7520.07003762552
1484.01546035034,3672.48905848174
1598.43466462956,3667.66974888541
1735.23484424407,8709.23359462423
1655.83855102018,7885.37229264202
1856.53749683789,9357.50065006868
2139.92337256616,8331.62213485073
799.925720629231,3240.90323465707
8363.171958369,7007.09046474794
1672.12554740127,9199.64432993549
955.309984156663,8299.53336344604
1502.64940533518,8180.19569849063
7734.8740980098,6974.03540947341
1472.78080234072,3847.47108955155
1202.33135077439,3310.96960089816
6762.76338404283,8777.0918191618
7625.11629392137,9237.71661441542
7471.28593789724,7542.46528106336
7623.50297511738,7789.47704187744
7899.61056867465,6799.95596925692
6366.57300966204,8113.09280801294
1614.10120135419,4547.08940930612
7900.86183646894,7220.44331310183
7408.55650818206,7489.66098039178
1133.704184296,3341.78967697523
1656.42610277219,6778.28378177455
6898.82847401092,8035.34451484915
8081.91963541618,7741.33417244922
1829.41766344383,8808.27745876296
1325.71999684889,9204.80806322493
6875.17039750841,6817.38439734584
7210.53388114821,7576.06992268578
997.34370491634,3634.59621941796
8268.10087682299,7667.2859733296
3987.91059897783,5262.02544156428
7452.74739203342,7769.1589232701
1534.53568370918,8083.65888331161
1808.20628122217,3061.82536676633
7466.18599489311,7719.91559442887
1183.65266138088,3631.49760594077
1720.71403107343,3611.10136196853
1302.54383984517,8842.82023339611
7780.30240473374,6114.05406677661
8183.15924664906,6925.53234682685
8441.24533195514,8254.85743623921
1266.5142104817,3423.68773561709
1033.40100836563,3190.92589829663
974.639404718922,9117.51583831035
7748.30601991204,7555.68167180982
1546.03411337232,8160.50349783555
8246.78397091045,8216.99110219665
7193.77883320075,7288.12448404224
1048.69131185192,3620.74852619313
1735.63399562443,3813.9494287944
1417.71606008122,3653.71703672061
2029.83302903872,9115.66865648482
1363.48728831616,9045.27665388374
7410.50149359853,7833.18983344663
1437.12272144286,8578.00940985958
989.391894702051,9300.23436849611
6803.8238280134,6664.40227149086
1014.383589961,8097.00967014078
1330.87735381349,3957.85765636021
3001.16293297881,3759.1156848667
7688.87129675344,7278.40891161535
1790.57910553087,8713.47544143805
6833.85026007101,7103.47930382857
7282.21836842101,7730.10101121362
8297.72225156094,7437.38934486549
1720.14897655486,9144.28411077951
1942.08885858893,3603.35379840167
1659.1963511927,3822.92611252603
1084.01906325175,3748.46823807434
1660.53280500857,3526.69069190724
1548.58324015401,3711.70144260578
1635.11105756243,9055.44754296436
2114.63887936824,3483.46574584913
1924.31692685317,7942.18278863452
952.447260851568,8826.48270291371
7687.03499451769,8014.94393837751
1477.39435941365,8986.49219832841
1392.59783992493,3560.34262489886
1338.84742800286,9085.31409670423
7758.51356890658,8466.12994849631
836.792002043798,3621.6381656119
1342.7253870764,3510.09395353066
993.349296648931,8780.32332096783
1531.70705116434,8637.82858812909
2330.79402874684,8661.28341857745
1259.85577016539,8179.61741142483
7672.60742014909,7363.87670901083
1179.75937386486,3423.95336629688
942.431395614076,3366.5769444612
695.080406077902,3002.74445675253
7113.36844421639,7442.86489831716
8352.78890429689,7241.60537175385
2265.6325170371,8802.44930568274
1577.74854039637,3852.84179465002
6921.54780973212,7098.1339701318
7468.55374879309,7767.37179727263
1257.05793790273,3567.38260173266
7082.78030222877,7327.57607688215
6653.26102210096,7549.73625862979
6747.26724378364,6975.30590781568
1378.77167281586,8903.27882650102
7610.34631634184,7493.0225890677
1449.39281257734,4020.09563562508
1231.91387774197,9248.66544727927
8872.73188613529,7859.58412909504
1952.831050935,3954.61939171859
1446.66726126107,9015.6979310544
2266.33022440243,9171.1239306133
1539.18071145209,3789.1633609937
6657.23428976259,7610.30994198096
872.395157175288,3206.24168763408
6818.16179860013,8196.3062290144
1575.30460353615,3646.20796429726
7079.4068470581,7391.9482978714
962.105689614099,3266.59324710055
7448.08365972071,9475.35308058752
7635.74631659186,8367.32060841382
1411.39910997205,9045.45042678975
7475.22099856815,7959.98087600304
8029.74773258054,7089.14015579222
1187.60558141514,3487.75535240277
7256.63203615635,7587.85845267861
1765.66969217235,3918.76796875355
1085.65349871818,3033.63744812098
1056.52035636694,8918.94739479146
1509.05778646977,8712.87057172891
1595.20655820223,7566.13914631506
2080.3994701087,8258.93578959258
6693.28188959342,7953.5408813424
1806.47598685746,8777.73943794332
3767.3751865625,3387.64079363468
2183.65152569545,3817.94803978668
7798.89110375088,6805.23611876636
1505.49043580091,3480.73630559973
1130.91380777128,3311.05138228719
1428.57033413204,9194.28644173151
1169.6777245293,9006.09999308774
1604.40036625574,8951.2063128888
1151.79977267721,9157.3427289937
8508.99740342153,8111.84000492022
1933.92151580875,3874.05779592658
1457.36688857683,3794.41376314297
6130.11807243569,6995.43940248679
932.602955201543,3202.72005090953
1251.52844891571,8828.24245150751
7128.07991420976,7582.41833245
1006.6895049006,8686.77642896521
7909.07445387912,7721.75196539924
1604.79069248482,9085.33076913382
1966.93628728267,4091.06007805199
8017.96313632952,6413.14765363201
1646.28480554213,9178.26667117418
874.147029707385,2101.36075548168
2371.89620781392,8948.44491213294
717.71316331344,3077.95270575199
972.447635144768,8958.47116849969
1121.98716739082,3632.66227603376
1956.12510508973,9320.17709237552
1672.60666890443,3756.79120303559
1293.606845566,3637.83438500148
8458.01982125674,7060.56315660995
1335.78783103076,4036.40271791896
7680.89066961511,7555.23862246327
8517.30077627357,7927.58916848764
1247.84611521421,9116.06157700436
7192.06706371233,7886.52496962004
7126.70574971563,7241.60221645434
1456.414024299,4079.287154015
7566.33299465041,7195.94840597419
1371.04516607474,3907.34807639906
7312.67046511201,7866.88504976331
803.963517808075,8367.32810353309
6831.07475808736,7555.51471741511
6173.48585393223,6958.18528194517
2094.91977767459,8280.4738964748
8139.20645407107,8150.9110719384
1415.63982327743,4726.04938011452
6963.40527783642,7097.07389712135
1653.54717196524,4244.88843130789
1584.66535934375,9298.14707555582
1403.84320682535,3230.73947277286
2215.97302837411,8785.90310390439
8300.01904190724,7236.02729614232
1556.82173467801,3651.22934263412
7549.09709651464,7408.23700724228
1589.4183254787,8663.90200191782
1834.28648217489,3672.16122779147
2202.93062212946,8931.37163985277
1646.97242467888,5300.84828987319
8029.55344757034,7874.13203946505
1307.05680405198,3537.64913729488
8084.76971903172,7448.77000795344
925.197210882672,3217.67697787743
942.55148440448,3466.57921356359
1172.6737130303,9168.18631957219
1484.68282294253,3914.41803251929
7761.84156129759,7303.81463103205
1517.17147299715,8923.62456618784
534.592144829023,3122.89109046621
1501.03851641132,9247.86213845557
1334.07969287311,8848.29703499409
1229.10367402547,3924.28427550317
1762.31296136694,9293.1692216554
5969.68618825072,6458.15354946479
1376.95531426765,4078.76582398337
6200.45432630301,7370.70610852616
8204.65850278909,7053.37517401285
1520.71927405397,8980.42448584849
1499.41277546906,3691.89947670245
1050.32983721853,3498.86986702687
1710.18926100467,3573.28571708557
1393.7020088477,9312.19444572263
8160.34305468924,7100.67388176581
8527.37199865254,7023.76887298734
6108.0398724331,8315.36339962617
7486.37420459853,8354.83983401162
1275.29264096189,8925.2510336615
440.164374617261,2930.52129285539
2661.02549593603,7695.99479057955
7314.38823986897,7621.81711619787
1468.09843788233,8517.15303682787
7247.57688252923,7650.93863879736
1866.86937679043,3722.29498791823
1586.59763769484,9268.3279631679
1494.92610805204,3252.27987811761
1004.12758618146,8386.5330245571
7613.9189382133,7798.11529699771
6354.42111270421,6661.17003206815
1395.46078695001,6864.41032450776
1218.96977835192,8989.10484719103
7716.97010432122,7096.43165573984
1303.98080355938,9118.76201553483
7110.84291053141,6952.38407198929
6811.44466401835,7774.15185828691
7306.94371699247,7159.60502950674
742.521966063766,3045.65421277092
823.868155222415,3197.36635431101
7356.32154182639,4818.15717628225
1514.44772791201,3482.73088221675
1842.12610184663,9181.72702561537
1292.5941884106,8982.71053426578
1661.10636899802,3456.66723804668
1798.57474864695,8729.02976869699
1680.22681847701,8805.94780687116
665.372794319647,3304.9430070275
1131.91621385983,8931.17213312751
860.353720773802,9102.90165991863
1309.69793653372,3530.85227589457
7300.14124537329,7497.16022951954
1550.32601507278,8947.37425636084
6652.04022791389,7567.02503272362
6153.85195210697,6778.58181896713
1095.80448603972,3634.58317594629
1846.08925803861,8475.66326207798
873.328492782129,3154.88121452508
7464.89471672784,8021.96172128493
1251.20647255919,3409.02031225028
1242.16215961262,8861.4968399791
966.326114141266,9198.39730678952
5272.67584084866,8014.87896805532
8426.16144013835,7237.43769682413
1456.09138826901,8856.51956438133
1178.3265886587,3908.39378176009
1383.01773455527,9204.46112383886
3097.23394848526,3322.28509718173
1354.22694751514,8867.25060732318
7708.37925623332,7301.29737443504
6109.65256836449,8978.31921147678
1406.13004191703,9100.98320285753
1569.74251745838,9083.49540471666
3656.81645319302,3081.21051817189
1751.02677421825,8764.61811127115
7404.29342050251,4525.00493421179
1871.34867747001,8759.68284324139
2038.61356985174,4052.09212306176
1291.88761796783,3629.4103185271
1344.62752170311,8225.5458865463
7537.36618185818,4545.78587079703
993.28716837899,3299.78820506065
2053.9021273946,3539.94643331664
2004.48763946439,9275.95937190996
1732.93808219072,9128.4045497023
901.044386199267,3518.30868253278
1976.06128144859,9206.61225651379
807.443851854549,3323.404571157
7641.60661572271,7381.2609750414
1148.43252608404,3666.20534951018
2173.29749141935,8745.49557035612
1073.68983534694,3540.71391942677
8782.83883216612,7367.75469305014
6918.27204471071,7358.0471282461
7285.78358710289,7619.41479031752
1683.75182811363,3532.14367911576
8419.61351763626,6115.81916647978
6942.67173560909,7460.71161716917
1620.88696299146,9334.76498578698
1138.81506012352,9103.31295006119
7693.62166250987,7679.58354423804
7889.22852095181,8151.59701070272
1197.45682257511,3676.62189175588
892.487313408528,8489.72861468785
1218.97860116242,3570.74706885045
1964.77397448158,9074.65430598759
6203.11730530064,7188.97787802218
907.64898295486,3372.42876783945
6737.97175221801,7336.88078170266
7126.23702672749,7689.12871686973
7991.99906760028,6918.66066394217
8072.19631287409,7251.02713757337
814.577633729824,3851.96170341601
1177.0320907577,8751.85270905475
8876.55355138339,7397.7073508291
6648.30477522307,7722.62599614257
1334.50907198243,3727.71306471851
1271.34607861244,8963.13915759942
8456.68075026757,8727.69049647361
8329.12936746701,6929.24979071108
2890.44765274843,8991.62416617801
1167.10870828667,8898.90081888906
7528.38455815204,6878.41402795567
6815.03211729932,6924.54133017307
8082.85513152154,8232.8212730699
7880.27610047483,7662.90840924202
6677.54796729241,6859.67732535183
1966.94377803818,8246.58573051238
1893.61957918188,9023.59070253327
2458.11354527524,7988.15075797927
1870.71544842407,8553.01522164179
7359.97058691065,7176.91732556879
7495.90533578176,7718.58386704751
1820.99128030087,9229.53891172732
7893.67382974244,7865.41348376545
6399.47301901951,7562.09047257256
2074.67483177304,8905.41357952972
2218.2355500089,8838.89405111249
1887.90149883883,9246.65397838728
1264.91553218004,3745.17349860466
7530.83174332553,7361.34925970668
655.187839634329,3256.66522222693
1434.93374129174,3647.84651692443
871.283465980645,8433.40420056858
1391.17685540702,7814.01666178757
1542.32036317215,8777.83696935083
7277.39131414816,7235.47268980162
864.316141754436,3332.83972185549
1491.2521510494,7993.36184902224
2056.29760913816,3649.52965107129
7407.82747106982,7725.35653039969
1639.94834883944,4145.45255564585
646.192910707001,8357.83280434378
7146.96382478992,6525.68322657207
1367.74812489371,4133.50395462321
8713.90452713407,6253.41335733118
4970.62671252854,9050.52266762854
761.632692574537,8221.87355182165
7494.0451798647,8251.16754510169
2703.95231825498,9049.48870586638
8020.80981015148,6292.67773869208
7510.38836228416,7866.22055784846
7593.81329982152,8184.61900112085
1899.09182174861,8495.73008545495
1035.5036498413,3556.61383307162
1456.71028847088,8160.28267582163
6362.67978444175,7427.82448634021
5196.0055902317,6755.27832508468
7695.06373559535,7584.33861289457
1204.55665358217,3499.08929373219
768.933145346591,3301.86899588189
1133.18458375014,8923.50744251342
3841.99037443845,8721.54852343205
7583.28035631514,8169.8705518895
1160.93638801503,8571.91955996628
2151.71862334723,8785.42724463092
7314.81990717466,7762.21851253979
7114.69870016872,7767.53282535729
2084.92764810284,8982.99706970739
7440.58543419667,7528.08430603876
8137.03849040625,7328.0523668812
5436.04742990897,7551.60221883888
1929.11474941787,4800.09266903219
3819.16452761964,8143.80030591252
2214.46094734073,9043.56085311657
1028.63479154073,9137.51862732363
8029.53783887539,7924.63042929663
8291.92220040666,6926.61251170995
7989.15157689047,7541.85642692743
3294.35914865046,5619.39383775595
925.440120819305,3455.25863543356
7918.94598224506,6499.30020291697
1633.98703300394,8753.48856513596
1622.18289009569,9179.10613186534
1325.79845934965,9089.80332399233
8054.08478317801,7731.99393429793
1762.51030475717,9184.51720165657
7256.72518554235,7476.50008831351
8022.34206661069,7997.09621187155
1439.22060512469,3945.30785033641
5930.94276214891,4293.02624786295
7068.36736923822,7354.35030251499
1423.9604459169,4103.46255402253
1276.77818900376,3422.53700696267
6806.10712342479,6207.11417303446
6885.48491596893,8569.70756733737
2773.8195967254,9156.22795466956
2018.9668230412,8205.20820499478
1531.84670049245,8291.42282313861
8480.82373067556,7396.55246878383
1446.08516075057,3587.97842998837
7250.87790786608,7329.69424901779
2405.24382092358,8671.05099940865
1538.34483813227,8886.72057364377
7386.07704320002,7988.26362611273
6916.69890223941,6446.99956874721
7736.36196667572,7839.5606713395
1399.34160037204,3758.3850484024
787.173888416755,3322.00057814996
7950.55931264834,7614.25440741854
8282.36835405139,7514.37084260582
951.866357116813,2933.63150250372
1815.6151655294,3822.34674946055
6360.59057252188,7457.20322851406
1460.51920852648,9108.58691345205
1046.59523078616,3814.51055603076
1322.04718299215,3003.54433132067
695.225374042882,8375.87892287926
1376.0412480686,3628.47836994948
1236.67478734811,3280.09883604645
1859.70820554832,8199.8272571174
7132.23720209647,6738.29286524954
1663.49876101345,4057.73315454177
7705.84507863262,7893.98594983859
5997.82947340479,7703.41984499387
7080.47763058774,7684.72658628348
2060.80153429883,8194.92931036482
1906.91405983553,8021.78538834916
7541.22137136441,8353.12585537524
7571.17999891212,8401.73452185137
2195.25641241287,9113.00811103018
944.268601741933,8977.37578386531
1417.87218907563,3597.16064952923
8004.19470589274,7268.39924235494
2046.11992647754,8445.15219443216
1133.67381151178,9209.34673739813
2077.76871156423,7466.99975548003
900.914045186294,3827.84495794627
972.187830999061,3168.58796794889
7842.90912457617,7184.71554108863
6682.69484283941,6559.3084664891
1547.73263656408,9157.05624593784
1249.43709198796,3820.70498295873
7531.43814220558,8061.67213797462
1440.35134425474,3538.65927354465
1535.84479030394,9050.86189945035
860.341669965522,9291.22985021383
2019.91859570646,4065.174607316
2600.90131114448,6220.71038740064
8067.43146089573,6489.89216334919
1682.79001870871,5089.69961617227
3879.66406987115,9071.3945209755
1525.58276175828,8899.93189402161
7147.75529841002,7884.2958313916
1368.08785657653,3380.7508212854
1319.10475555131,8912.94506990127
1850.56639633538,3734.69622318504
1448.60709065455,8561.17613400449
1600.39310209362,3735.23978812501
2858.24228373513,8873.8963663461
1179.52039406302,3829.30161218497
972.567202131061,3768.3461211168
8036.48361191669,8032.28713972096
6974.45471744838,7690.9805607317
2028.14124890886,8984.07053354241
7463.28571943116,7741.24437663069
1066.36703380677,8909.06136090296
7568.82127349376,7452.81735274439
1578.21792498908,9345.09606838682
4057.54050112878,3579.47529152502
7800.84320038428,6170.03580342154
7529.21470765873,7898.82901766778
7378.96362278322,8116.04980544422
1679.14444556489,8921.41681975968
1505.13328519449,3809.94393038662
1320.77739605553,9222.49678684462
7927.15379001901,7096.01484269472
1695.21099599803,8462.75702274361
1059.04782794346,3392.85202883169
1239.96273185853,8913.03434435445
1423.88094816937,3541.88666145111
1002.91436846442,3457.24895292641
1127.34426287153,3059.43312358711
7966.01217370682,5803.53087881287
1678.50160934534,3650.25838417421
1142.72704672825,3532.2647341773
1237.341743567,3455.93637382194
1382.63749689177,3602.22822621533
3244.87704377392,8725.30931815666
1795.41183667349,3801.77533866682
1651.39726790054,3821.54273498394
735.147955640388,3226.77104075789
7554.2088521663,8006.08742414576
8751.93420918474,7609.66373194778
1427.19509806328,8987.9175337159
948.813253127902,9026.9144304528
8651.80741274233,7729.4114738747
1073.99198775849,8379.98284681334
2242.44129062426,8308.48297982309
7976.88286444166,7236.8718991786
1792.26221508777,3846.18028557934
1111.91502220397,3592.845492377
8275.5718962459,6998.74282995359
1081.92097355779,3462.49402799328
6517.65482971314,5746.28976083151
1628.84290212827,9098.39620814885
1993.77188141065,7360.85888864116
2397.4022400905,9165.6181755404
1890.67886891778,8921.22304411566
824.12383000729,8197.57729552603
806.910200240817,8064.69986857463
1464.08973904593,9235.08561926167
8101.76678158476,7336.62145514894
1299.6665003287,8319.34416552071
7939.57316915097,8342.14795938217
7752.63732245514,7553.25417271128
1248.57834139444,9229.73465820236
8518.87720015881,7281.60831514261
1364.4160126858,8790.76698675562
1180.30377181017,3908.23809402966
994.883764126837,9228.08013452624
8750.40404940424,7199.29877021316
1440.54729840406,3357.40788468714
1460.15666236087,3375.2534653478
1014.63054807975,3131.00755000446
7507.14708936593,7646.27806492039
1507.53103927831,3719.813695191
1029.38816303438,8895.04100980436
1071.73362594813,3398.72518018838
1439.71253112515,8882.32174914137
1692.71089322456,9259.89335097807
7711.33466757564,7836.46616425619
1906.44410571931,8019.25887251176
7582.51500762477,7863.63699449999
5524.28247967909,9107.22780647986
1885.00792839244,8337.98382358147
1953.21992798072,3888.91481002811
1091.30574094217,9245.57107758048
1910.19937286669,8855.60921665051
1373.65611765964,8875.21584074385
1750.26664910293,8649.69570547954
1402.96024952005,9274.57598567555
1817.02451225078,8751.80991910089
7455.49817171448,7047.24120543393
7823.9017228316,7954.17959473463
1952.65582321237,7883.99083988611
7109.15072610651,6655.65543160293
3566.7950620296,6159.24419984153
8310.20305779418,7443.46668184907
1132.16557378353,3632.97636747614
2487.46413547637,4287.82648653689
3834.73365131195,4082.89113476363
3062.40383652671,9288.26698135802
915.391304646084,3343.09575935096
7155.91991732938,8059.38965289315
1542.34383477779,3617.11115478666
2512.14104657694,8726.26737572117
7671.38858538189,8075.656320223
2309.80438212974,8709.04941115655
1791.20525691937,8932.01630524627
1565.17646005484,8365.65526846733
1275.87490843168,3453.46280040237
7788.04361232715,7734.27871807066
964.868139700048,9023.5551380314
6844.7825541582,7633.77210598272
6876.44924756619,7411.34171556257
8124.3980961558,7661.91162744252
577.71469155544,3170.33780396677
7135.71180394143,6925.87619926977
3272.86559232649,9009.21772701852
7816.9868224631,6856.85701787075
6473.74531146163,7489.48201440797
1783.25401096998,8548.07457116029
1165.26803048802,9003.847795544
9064.40203049381,7771.06299017949
7256.07123850672,7038.19636500773
726.98723233285,6974.15655330879
6316.09154462151,8096.43061396061
2139.83201927157,3778.1086208539
7226.27730491629,6352.62582530837
1411.23992257522,3601.72363482199
1346.63291680555,8585.31669594088
1545.86040359331,9066.88591474528
1648.28774745506,9032.61222809202
7358.17321062966,7653.83533253078
1059.086803539,8806.41457345684
6288.4559996228,9124.91468525398
1557.36820065907,8778.36136670072
1755.38812255208,3668.81396623958
7546.19187183297,7738.7343447605
7028.89883507806,7809.2882480328
7691.92812980544,8355.65879867234
7987.09482031767,7563.45285639114
2270.17816350229,9553.61674695891
1772.6566275312,3581.31793233494
846.591572484189,3451.45616540398
1255.93946911541,3488.07339965008
1622.65113717228,9346.58813802883
8322.79993475605,7593.44330855571
1645.9513675548,3360.74727745159
1425.05629597093,8946.59573015259
1390.4212005049,4134.771597062
1354.33667974692,3687.48982249635
1252.30312259739,8802.4480799239
1304.98328812198,8780.87195801861
7405.50549537613,6887.56257239332
7109.14947755802,8114.95433643152
9063.63827241176,7861.00904438013
910.096987567748,8812.82559675249
9084.52149670745,7819.57595110882
1864.42655161556,3918.32941133406
7506.98967447693,8006.31966941573
1463.76782252167,3670.02755590968
7460.54679980229,7406.08530683547
7389.3462149766,8008.59553409367
1438.1504432672,8786.60002833238
2284.51305651631,8995.60297471976
1296.14661117211,3556.39675595729
6281.95014745323,7026.23086406524
1449.83209400217,4434.9577100416
1169.93988959331,9142.41998153931
1543.01388434723,8850.79831270908
7318.77049327292,8107.23613914876
1405.19644159327,9272.81708494686
6761.44632057533,7813.76269607261
1975.79231126652,9006.07192771438
6730.16528434532,7650.48501496513
7783.43444319896,7881.32701843329
1246.93301349996,9096.79154979704
1830.93054662678,3736.67544287713
1590.89388305793,9093.54485630612
5198.7560317198,3721.85603495212
6998.89506788777,7917.40862449192
6319.82208729185,4102.15379748525
1105.50189053947,9036.06121667842
1530.09966879458,4134.86610721622
1408.81078493694,8514.95664977844
2480.67406951005,9001.92289120955
1648.48459333819,3555.32222694816
7340.1198283019,8206.27205742856
1198.00246810751,3405.06407804185
1743.24838506687,3945.07967168921
6913.27802785612,8066.63064943221
1784.78925618396,3694.75599792186
1236.36835250949,3325.79538451479
8335.59386329957,7494.30183358993
1470.67659948049,9126.7626181389
8140.42531877464,7767.01035679654
1192.22833605923,3496.68375610113
7768.37587430127,7744.79565495923
7717.70620950777,6898.84320632286
7059.83608564439,7491.90602086593
1304.80546551432,8547.66016948973
7659.61055056619,8726.69119321924
2230.72771910242,8980.21176878907
1789.08794959137,8125.85918986202
1533.19295545172,7133.82710537888
1329.43626244514,3559.33050108615
1711.05333257655,3686.11842243604
7776.78162551855,7628.47841028141
1106.33904841983,3366.72840760335
7968.16784532702,6919.54801405599
939.162441194221,3341.80520670736
1830.80272563924,3469.53653189509
3581.03110041471,9136.51073138296
1625.5027774689,4180.81855339464
6353.30737075433,7509.39057096732
5019.90088092331,3361.23432637612
2794.98234633185,8223.84884283511
1630.17319617075,7761.78577183252
2455.48452691857,8198.19048589461
2141.23311214416,8368.24370513057
7744.27212847854,8155.70701513689
5935.31955157916,3936.12033152353
7412.64904946815,8300.13274615969
1259.90499483754,9125.69997194937
1826.31381873768,8597.72345902346
1595.27678577741,9072.25733141958
6917.70045530083,8019.37320678947
1761.96819437337,9199.74877635338
8508.3809480284,7864.74147850936
1019.40893517589,9119.76171160749
1465.84969452924,3625.66891953523
1044.50843156189,3271.27867289714
8782.55290323946,7587.42060784927
2064.30691560418,4152.64077759729
1783.68471953159,3495.52200353922
1570.0287281232,3747.01739772275
7060.08985204425,6578.70115574496
7905.9652249157,7536.35603968898
7980.67049220121,8406.81322937641
1662.18551905091,8826.87244959212
6510.35615247955,6024.71608627021
1822.23166964783,8507.02142085449
1503.52908016254,9033.44179317657
2011.7629698436,8491.84042147965
7453.41935032189,7150.0799136549
1604.54501847941,3940.02317777674
1712.95644790419,9438.99108672852
1629.148753675,9061.75977185849
1690.1988892863,8608.26399766999
1434.27068133031,8772.99513192429
1845.38729940725,8927.70426615144
7610.14045873756,7894.2289132154
1386.1220812413,9187.29042255449
2025.99684880527,8754.88249832983
1295.47087409762,9367.15264562126
1099.35461168718,9152.87930407591
1372.08071883182,9214.34738063553
1139.97729050462,3523.35785234219
1812.76454432696,8955.58977282573
1891.85235075749,3629.81910921337
1685.70964658318,3696.02182902942
7649.12895019859,7140.67145872164
7896.17359808744,7047.9620551817
1409.99281284728,8787.04174433987
7659.15673197721,8050.44326061439
1185.13997884742,9116.36509100677
1660.21793670928,3555.61587627114
3425.68892304972,3743.12527189394
5111.68168216141,5788.15307652352
7135.44481204485,6687.65723495719
7175.46134962452,7717.54108411439
7433.43035129518,7604.1196165007
1552.91156810476,3628.17898739974
8149.29991948844,8002.72643823272
6773.7101749293,7500.71723467117
1300.41107580233,3764.71576575847
7651.02853562011,8427.23900213663
755.767147312513,3149.52148558689
150.669143527259,2803.43715846533
1622.0429131814,3747.8693205685
1782.75155907532,3565.74591262602
1289.8387176656,9012.95059668147
1856.50278667538,3771.11103898505
7669.72896436113,7486.19216000268
1464.25990717082,8856.1377500446
2308.93845157611,8437.29013237629
1751.95510484924,8567.5784005893
7509.23775843301,6796.93713928698
7966.34529002233,7993.31146156505
1407.53245242828,8950.5076735808
1018.97627870357,9217.17480174986
1225.27855395922,9167.76408122642
7039.88632712765,7889.42572692787
7448.89000298135,8047.1159636085
1610.88232920663,8452.14667998611
7283.10705366577,8354.05293360731
7839.72140140651,8211.7118159749
7053.16984015395,6586.67385264519
1061.86979065817,3320.09400790155
1424.42551216974,9141.28844149797
898.146989975348,3245.21713695112
1641.62718670217,9145.22592407897
1556.48512528509,3827.87751838858
7345.94368878998,8522.04589418866
1275.03166192762,3077.82404112312
8378.41096953062,7946.35947300239
1420.73102266768,3912.59603051397
1022.57652215007,3321.46867373608
7986.13752501455,7376.1567877924
1024.0561847719,3093.75175950792
7765.9639570655,7089.59468581716
6427.89516876013,7600.64436432706
7591.41628163614,7218.30640951718
1258.32881318741,3672.56514111467
1210.40088052647,8192.23414407341
1295.25927059437,3254.19865296324
1848.82640027594,8564.90976823248
7536.03069858855,7239.06838311698
2005.39000882668,9020.80257993202
1260.45917447467,8758.91811345394
7543.7058655921,7849.256345089
7572.14634308164,7607.68365195359
7207.70730696708,7635.75290527388
1077.67112040843,3590.51166816538
7778.64950434362,6982.29705161889
932.4206818712,3508.60097787361
1902.53209909797,9581.07352745451
1770.31213355946,9064.50645601336
1553.91458810183,3240.26872390566
5887.81241979892,6078.96752155913
1353.26611134233,3348.32607198792
7027.97852354455,8486.33000896064
1027.85012076241,9232.73551823366
1422.22093278479,3549.35788732312
1796.76547363615,8852.30163013171
1336.97812122053,3683.56893241809
1334.5255051908,3502.28030010583
1652.57230144357,3898.75774023413
6858.6684390148,7849.90791485709
7219.79196926198,8156.7906452214
1021.16183218492,3312.27226800388
2072.79949153312,4149.40678419078
7644.26421899902,7364.93671357906
1598.151632677,9317.59361731404
7945.35815124389,6829.92215454081
1997.93089190763,3712.22674801766
6149.03658287812,9049.10399541899
7661.91743288854,8333.90682513338
8032.94356841881,7276.89893853716
7919.07650939528,7785.58735580522
1034.05570399126,8743.2701620132
788.516353453005,3347.34157057137
1774.09172777111,3457.71787169384
2137.42549645391,3974.25857988033
7380.10248890228,7672.3787797079
1012.31196634617,8967.65081537928
1212.16301942231,9184.45856087885
5954.14399496315,7369.7296913873
1045.42054915133,2929.60409966005
1515.50060532845,8782.85484770095
7440.7671573519,7972.82350759542
7335.02419837674,7495.96454205006
7878.10602000067,7417.32009238466
1317.65576515632,3255.48347395157
7443.18722274718,8137.35509706917
1344.42006073138,3650.38282502202
1677.9888749166,3718.45166185751
1085.84542563953,3581.40930038513
6596.10104127369,7187.70286437926
889.355747635087,9186.03586612793
830.508352556071,9114.59972100598
1448.42931224009,3854.01003297678
1906.02545963112,8850.33370042124
1313.06589740729,9054.01518288309
1822.41993760499,8414.28672332639
2110.46070911262,9267.97192430319
968.745693383755,3583.40965384635
7299.27808190145,6033.20528205266
1710.85325863541,3413.55098577324
6998.70548773335,7316.12041245015
1277.62821890085,3521.77322193067
1511.15716873516,3232.37562210706
8311.62603015518,7910.80807625301
6850.35040858257,8439.37207247227
2412.29422617374,8965.83595250436
1647.5707547125,8122.26981935369
1329.54532230742,3796.52200686744
5045.47963109205,8882.01744758798
1665.43216078339,9256.24263895249
6685.24339765438,8595.59008284276
2015.55357413036,8978.30549457783
1149.5060164417,3517.99141347051
7898.62445037786,7554.69458241589
1007.84854319724,9408.89252217694
665.277320456911,9025.90051770692
7309.17503769857,7616.15848133899
1613.33068000958,9171.21432896508
4232.20606494739,8743.33100685159
9332.97246980609,6271.23645068949
1647.72037125782,3668.29300049132
6981.49809420242,8226.05325986035
1287.04702205258,3481.25817046226
7763.44623792798,7647.31905064092
1134.65041120072,9012.63227459834
1441.23062298373,3327.01651321086
1020.26035734209,9238.66893583787
8055.71309792471,8308.64400603596
5911.4210428524,8179.70835082114
7789.0579628782,7411.32790289632
3347.06300340597,3383.13982553898
8053.48157323334,8064.46298626091
1666.02010857686,8033.89882004089
950.094728866192,3891.41409277581
7525.7556054163,8371.67934831263
7315.02402371889,7028.33225730043
1306.79753904187,3294.83520608197
7977.63491021404,7606.46513787891
2024.25378742002,7712.41237399906
2256.77886932033,3424.46304767872
6931.70128642274,7110.14543484863
5785.53036902639,3803.86797960429
999.821704468509,3572.46563867195
8305.78392155121,7822.7602957259
1788.15140176911,4172.69430205888
7111.2792522772,7656.2841956636
7676.87326125781,8386.71588753255
7929.33036698333,7797.59227433734
1234.37402207391,9021.39078049589
1344.42496607356,9422.46823309576
1857.9473472647,3411.68060884604
6942.35799535357,8013.76647899537
7411.48042461925,8126.13262328916
7084.25991865178,8234.53870762969
3168.41815419287,8520.15951975404
1262.26386551983,8786.93811465782
3910.08567431036,8229.66347411506
1296.14118349007,7760.43531712286
7803.85348763463,6549.60699945535
2022.60657029035,8659.17993743027
1479.34777692193,8805.51581657862
1215.17906966385,3309.24484956048
2164.45029988145,8917.73925055647
8808.08232404134,7434.70380782035
1493.32953346292,3894.67553009315
1016.68727650506,3457.19744584967
7746.44526861303,6926.18898296884
7492.2849883359,8235.01121206171
7111.06864392725,7351.92310512936
1349.9370105871,9308.34695783604
7710.30873176096,6471.73513531316
1683.73782607668,4469.1728829537
1302.93842378469,3648.60224578321
1648.11827191125,4682.54546359105
982.823900414679,9016.45241361344
1859.49696558131,3735.53930900337
6164.97182371839,7191.80625391164
923.07586921718,9395.55770174715
6520.24716311864,7074.9123907498
1077.8376651471,3601.90030751289
8558.43134126026,7012.54445471893
1787.9867575781,3580.89256901399
1410.03882214262,3524.04805239242
7158.88185813519,7196.04273642874
3885.81295315291,8675.37935765458
1697.9448237362,8146.84452466721
1618.54456392937,9027.42147670182
5133.86615911986,8601.59111589151
1505.67467283942,3683.91563460924
6897.94836399939,6992.95465863046
7442.78422202553,8417.95058272708
8095.04088674778,8369.89636132253
1614.65407635642,8731.83391380646
8486.67283932752,7537.60014810398
1696.50255480039,8564.02653110829
8544.73456676954,6959.1335941578
7284.2673154224,7259.11346487627
1251.67975437613,3641.02588063122
7221.09157941302,7258.66933131654
2190.6608439161,8999.07904863204
8655.38828338407,7394.59016390083
894.795788551323,3368.42687460778
1159.03128726691,9295.24477876296
1988.11992539065,8920.71460030126
1681.1611775288,9112.60118416936
1679.22067304982,8848.92693561927
7250.39798121875,7513.23626526728
1287.8402599441,3848.97638107692
8209.79418548297,9276.80475177829
1434.99916046917,3603.08244353091
1935.43431143922,9240.03846463736
7151.15150308927,6006.12079509941
7339.0422497643,7646.58846391324
1623.61103115522,3803.1190282232
7582.99531287336,7808.3432795131
7116.76855544457,7853.86991761254
1885.59908660298,8798.87671397502
7938.78203603335,7062.28636554757
1282.06493936779,8355.37326483135
1836.26566759952,9510.26096218268
1603.02185605456,9220.27216029674
512.81572842842,9048.50362397255
3979.76289843943,7640.70703759644
7232.14472354586,8216.23567701008
8804.79646348468,6836.84700231453
1836.55152134959,7910.80227114495
1343.83361965589,8844.31590386858
7615.48838053768,8294.30628357588
930.500280756015,3444.7934555815
7532.08902001789,7726.32185862665
7697.81637158452,7880.24242893789
2003.56184320946,3921.56367162863
1110.43091626612,3739.9424718152
1870.9012097923,9212.37330505799
1321.94775889239,8236.52620364163
7162.4285617023,8504.2347515595
7493.92885385328,7443.80507915308
1294.56210285061,3600.90156847497
1563.19505095162,3669.46241312901
2319.23676505248,8893.80643135659
1377.32408050245,9368.41560134532
1062.17482932002,3424.1157156237
7418.04904956105,7130.21706149398
8038.35425645015,7803.99951280511
1614.02560740612,4479.0241549408
7625.45228947068,7454.19049323699
1368.44949650025,3614.00978330792
972.093845678304,3665.52514503252
1789.48663356475,7977.45394662332
946.662985030965,3271.5232263391
982.74887428318,8551.85080760321
1697.86136493419,7919.05922211339
6774.29182526743,7966.24603507373
1105.68029693642,3599.16523796069
6469.64441950238,6864.41765200653
8196.7921431978,8053.23009362885
2100.52187321187,9515.84609595562
1363.65909663999,9065.28111423243
2737.8984898024,8324.63359671254
6586.86928837109,8024.51901883198
1944.042702055,7111.7929646695
1430.21592513601,8982.19889074135
1476.39822622562,3517.19081977721
1458.24646981925,9073.94971254022
7137.86358161878,7259.87480996574
829.799764389616,3324.83487060695
1139.54369232732,3317.2841601784
1814.63253592653,9151.53673202875
1304.75084268452,3133.63702177378
1910.9305562105,9062.0727200904
1417.96253459642,3603.16351825098
1229.86118269464,8957.33273822122
1276.25548794809,3831.98502810701
2289.32299848487,9186.68604252735
9056.1524849762,6010.54348016638
1537.59565154761,9105.3099988204
1009.03655226601,8975.09764603342
7230.06402597903,7772.35644910572
6566.46885561755,6190.27001367671
7126.73142420407,8255.16321752483
1491.59465986256,3392.07013716944
1573.77254592714,3606.34584586511
2040.81117744219,9318.52784616393
8679.26457029757,7532.21258351017
4970.36329665607,8788.33427504252
2378.7434367147,6168.85809947145
990.718849108376,3252.01824250026
1462.05414349343,9334.22317530635
1434.54307834517,3434.86075662225
1409.65705610756,8268.06747355044
6665.79949559387,7636.60263261598
7310.82211207744,7997.82819257982
6718.31799567937,6641.3126796603
1244.79979408747,3388.12592385695
8627.76614242322,7922.70352410179
1106.27237881444,9160.91452727002
2962.28849309615,9543.21785406617
8255.98451900507,7176.10632944511
6137.72142217132,7246.12020110794
7378.99773674722,5597.73104032851
8013.31833010758,7876.64549734043
2005.10520008401,9274.87840281278
7443.14158005959,7646.06900917731
1700.3758253136,8670.86121693852
7625.16539088161,7203.92680303065
2108.244526529,9440.0532204411
2766.07640236894,8798.00840771716
8029.48013891516,7663.22080031257
7761.3904149761,7798.24939295069
1485.65926876311,8837.03841289799
1211.69824992946,9043.51588802389
7743.97843182318,7512.8668270114
7555.78499932585,7470.06895893869
1518.92428396027,8936.5029190347
6758.13475646789,8040.56033674393
1773.51472678965,3466.37292819008
1679.23073281108,9303.86757422166
1625.40124806868,3558.9516717107
7828.9247455015,7980.90781417491
2277.51416654188,9059.79104263214
7634.09465668924,8154.07680475893
7410.88425874461,7569.378136782
7038.35511264219,8222.93269463012
1667.02605081107,9346.48123433504
1094.34797275038,9090.47619260503
6806.33343734914,7722.118187994
1705.03139795817,3842.49006357477
4204.48877498793,8293.56926015974
1542.0433344617,8650.07027827295
883.095065609057,8755.19748845831
1517.55410114449,4010.5385620854
7487.47776684708,8030.10709719144
7253.35960607082,7437.90574345296
1996.51424616966,8980.3415012501
6992.22864923997,7052.73276679034
1742.40520388472,9123.12065579835
1683.06748465319,9013.96019705049
1064.04201844219,8786.39119944154
1342.63692656927,9218.45937945594
7573.23616784094,7605.90361995625
1524.08116593501,8368.48799666545
1217.03041664655,3788.11177937964
1122.8807138439,3272.86499669734
1039.03917002323,9331.92086725093
1450.94463787423,8918.31639644383
2341.57334704737,3690.94598633108
1069.37381797798,3377.54561795436
1191.27031168603,3256.1319465483
1552.44166385054,3809.76564454186
1381.1350796298,9099.05691309254
1377.13388907468,8420.11876793156
6524.31965169032,7125.53516864941
986.36828925704,3218.77745632594
1943.12963103225,9173.03523170334
2197.85189213688,9125.38211859725
7412.19829813346,7337.66224771759
1789.85820655904,4003.88338100978
7274.35415545954,8469.17169096734
5238.57508194344,7505.74673410526
7157.01278685089,8296.22379828749
1173.60877816081,3523.43904398052
1487.769647879,8972.05026048093
1380.62280483698,8639.563521618
8202.49046720458,7213.00348008781
1486.84789826975,3649.18078202823
8592.85632151934,6029.15662476153
2041.83192817538,6063.78698842602
7477.23353238762,8017.70810039497
881.680856100714,8823.32261674217
8069.417570438,7731.42145483121
838.395191565517,3138.97333483535
8594.42631847354,4264.62454708049
622.062600624208,3280.52540263396
1701.77968364791,4030.10490015842
7207.52907485793,8520.17799326806
7653.86377558968,7454.1289767562
1668.61618680544,9086.07306197995
1741.51484434009,3492.08255257299
1313.55036267729,9063.27924147875
1493.27487555499,9150.94491268592
1150.21427237458,9061.76327280548
1358.35714327594,3753.63357525677
1476.45336891495,9034.53257940976
7297.3326389039,7574.90150215062
6641.71038233996,9288.3478996107
7079.63571370989,7941.79300279151
7622.35177149592,6519.54900629824
7025.38051258823,8332.02874136612
1470.26229924457,9063.9009685471
1017.25063288824,3199.55579000582
6316.17872197666,7930.03821912809
7260.32339193098,8143.96052884388
1377.01276422581,3897.72150917735
5296.9008444631,9371.91496442867
7270.79255167254,8325.25845557361
2283.06704155121,9085.70656261048
8109.78651935473,4364.81459383923
1791.38235221962,8496.06460039871
6263.29437385925,6965.68864091277
1307.78293208857,3652.78647163441
7701.96522290645,7320.4603682304
7237.84276071244,8312.83415368425
1767.22218649334,9083.68243870952
6814.16556433118,7977.88067338006
1818.50160930737,3324.35740234576
1429.44921065861,3799.80573311896
6578.62772171127,7233.26444947622
8030.20823318239,7446.91481772743
7814.31809423633,7660.56374714824
7064.58349694173,5140.43927160966
1918.07592511588,9019.45927363833
1052.02116591315,3522.77820821857
1423.17063228432,3693.54272582333
2402.92567632505,8089.10499261651
1549.17789690107,3719.74776483833
7698.52430290451,8085.63744677721
7294.65845299552,8340.25630338058
7650.63815579233,8524.73903488061
1232.74805046626,3320.41883270267
7470.89559235535,7579.92083936555
2095.72369863828,3795.16364036877
1481.553116833,9223.00120151085
6791.29903126811,7643.94145927992
7154.60831139456,8075.43238111605
7624.14923239777,7679.19918472001
1331.24940825944,3474.46442383924
7533.81737409385,5801.50962916908
1868.21499084116,3929.56610411982
1630.81403622307,5556.7615063542
705.531549044597,3281.5553091
6735.12199887567,8674.36661553023
1235.0892701761,8241.61966674136
7686.03359296303,5725.39933473005
7259.93862174446,8109.93179610553
1561.98228643234,4000.67461534533
1190.72404847184,8901.71092661077
7672.66443149551,7641.20785075322
1280.58076771461,9119.66430357887
1303.04504958532,3807.98023076421
1630.22025384637,9239.68074069747
1277.65989442421,3411.21206537964
1779.69687603467,8343.17072526389
1036.23829670385,8903.32579214509
1865.42899439414,8599.58939499795
1548.87399424536,8507.73891718258
7871.18912482339,6298.52465287409
7587.58738180963,7550.27263686724
3218.23405450711,7553.67599523565
2263.84220964785,9005.2572736138
7406.69770847277,8032.46155778564
1233.40597280503,3712.51886945635
1195.96843727199,8935.89599168686
1373.41405354206,3971.90695376676
2894.47806895431,6316.14096303058
1483.82266648284,3239.43174333697
1664.09686815379,3709.79457183861
8645.02212554727,6729.53495201937
6628.80281439607,7604.09271122878
932.534741568625,3280.40415327427
8559.337128069,6783.00124648356
1347.73498630499,9190.79285403551
2102.25421759824,8048.69897981141
1358.78826551421,9161.5237645681
1518.60473370031,3877.38729019652
1446.70521269808,9366.80778996984
7685.97925803864,7093.99819439925
7438.83515127092,7911.09779216494
1535.99902396189,9004.56506689889
2277.34650753155,3684.39457834729
1646.01118331873,3995.70235339771
1568.73680241457,3494.34445323969
1358.28443263217,4055.3569515146
8184.85532148562,6730.62523175541
975.435812182892,3226.35278512349
1907.45223186477,9087.42888608597
1362.53800791336,8470.77415171988
1532.78553525445,8562.28763166976
908.751096870795,9532.7619758262
1615.19850347692,3774.4272328081
798.879976729616,8250.12139840479
1193.13732164604,3408.75110918804
2052.65585821223,8963.05971781767
1592.26999387236,3719.40795647139
1095.48795002734,3851.59198593063
4416.74990480229,8480.51707583241
1099.84107500085,3497.5781942695
1216.48094784454,3836.37523111383
7425.17557812247,6794.16358101902
7873.70026529002,8014.14636317381
996.702012852308,3934.79323409552
1691.27242962656,3521.92764486806
7398.48564429511,8536.61093960055
8496.99474677346,6975.81333959776
7210.74465682978,6452.50918862409
1136.7917441597,8334.17128584262
1456.95936436451,3702.01761063485
7939.80723150417,7101.37301665297
8141.26547210209,8569.89635005928
7938.25842871945,7903.48036359881
7743.58649444817,7989.4171380285
7115.07945579602,7127.97016781343
6190.87860807729,7890.27272763523
1281.55328996256,3558.34477377281
1423.51298644958,4054.96652815562
6009.36283584129,6856.29464145677
1869.42848724276,4700.72626308916
709.214368784153,2690.35192818395
1132.39759853425,3572.23185020935
6885.94958898074,4589.6001456576
6904.03177274092,8429.35200228441
7387.58869745505,7515.78751452641
2611.54453432973,9296.97450208665
1360.62708020142,3177.16230867244
6720.81499854688,7117.43824697775
1986.23434286827,8289.28454326578
2098.6762168697,9113.19567172195
1199.23232222111,3225.28866615684
8182.40419155559,7626.07711624822
8868.82905364393,7302.85694640586
1133.14538243297,9066.10697453179
7414.81399301529,7886.02141092873
588.995540327642,8171.54276154777
1200.57760736604,3449.76265409072
2951.52195975602,3391.08242653655
1472.64403468576,8369.0727647525
7428.97602454585,7980.51788107906
2508.34634086231,9149.76301058024
1281.57163344765,3394.63037854424
1288.74447081202,3390.70382986286
1299.82996814722,3156.53711289468
6928.64200653693,7033.67284624689
2096.70472987661,6569.5516986152
1047.8527782515,3180.18498762775
1608.9937292659,8468.72603815659
748.257443229358,3177.57995665005
6975.70831081957,7556.40536643491
995.468549108399,8387.04816958666
7331.86581076118,7923.35947419605
1117.19260699772,3202.76011644787
1696.31456226133,8850.7701582603
1332.33068630914,3435.33686518256
7710.90719431186,8074.99898505602
1799.55810312548,8727.89735091181
7141.98600743474,8007.89064894823
7216.77858772616,7133.97211341625
1262.04132636523,9116.14587102082
7860.9532229958,7188.59019547272
1534.88610489904,9244.23872181846
1329.89848128835,3499.53275650827
7673.65425462662,6913.19942309253
1218.88111089335,3559.33530382117
6951.70346474989,8603.04262444082
2266.6433372231,8924.62208766621
1167.93679510823,8086.4238318866
1501.24105102403,4079.90785010159
9978.52913653907,8189.52410992866
2185.69642641824,3808.7418195245
6732.45023786605,7691.17316260525
679.298261936943,3230.70924538196
1022.98998445885,3504.92178220527
6618.15506424636,8300.82097342575
1837.15096359055,7724.9118425954
1293.91183126129,9024.4877737024
7405.16517670202,7855.99825872208
1528.48726281863,7404.09244568672
6376.40652468281,6659.16312473288
7669.71671845975,7519.14079495054
1424.28499668087,9153.25128157721
2235.21786700678,8899.64925811029
1257.27825648028,3562.85367466239
7321.02359411268,6937.48040511576
7082.48434663777,4138.58156102691
1007.31392575945,3352.68141109318
1331.40788707498,3808.07653972399
7387.70516405684,7237.79323730593
1222.22115381062,8791.5098067173
1099.88264843106,9021.65035619481
1397.92903345644,8780.96902174743
4713.53435186111,8876.95392414158
1840.56653180157,8749.92673486833
1050.16981462626,3692.8678350526
7402.87874968657,6932.15390934761
7163.61018591846,7548.33637252103
1615.03453310434,3724.7979560091
7420.2241116123,7561.71002985483
1481.82464513715,3616.59563928516
7488.69280055125,7676.95107138922
7742.09530089382,7311.45627985484
7090.57259900737,6819.14454810713
1336.68288051196,3323.66205814904
9121.33036824794,7724.47501976194
1470.65750479004,3881.04337987669
1777.01328290857,8839.99523957382
6977.19712766607,7513.07873254698
6875.47657707673,7660.31638910672
1055.19923315266,3425.34006301111
1489.26460476813,4284.96509501032
7325.45744803184,7570.68503549232
1178.66125021275,3394.64489271663
6609.73293901302,6321.28180483685
886.269018057906,3515.42727449102
1332.00277871074,3331.34913645722
2142.65075029887,8690.30119348003
1918.15966232619,8834.24038292412
2043.59267218333,3698.37595291305
8456.19038480777,7680.49274758598
8293.62834688185,7974.01163431451
3395.94644027015,8830.48304132
1944.20998989576,4253.54599764387
7365.77197380771,8129.31187312864
1697.26759584964,7821.69793363501
1489.44149086739,3392.02428653851
1355.84128078635,3606.51374718649
8763.66856392202,7093.52717287468
7192.0114887454,7527.15768734025
2336.96001840252,8995.85273519094
6909.17291638535,6995.42139302067
1923.55507208207,8252.90847367967
2217.46751925998,9032.22111358482
1808.05522242854,9345.11878837312
1796.37923255782,3901.07473353362
6220.46546235858,7693.71095073811
3515.06961614482,8918.01914475491
7794.46099578106,8739.70043435435
1073.8814004585,3143.86405099639
7515.71913169039,6499.00944080305
1222.00033159135,3663.50766064527
1026.87751530539,3257.98332234109
1900.34818176382,8170.08543910068
1221.77162063115,8772.56703299369
1099.60043834366,3499.77361988186
1502.0474934233,8969.53330499208
2158.33282249102,8926.37701089664
1486.74117399406,9243.33534154852
1336.98697303514,8925.02182412723
8234.59925730201,7707.44830192664
1528.50173356677,4391.69942665816
1437.08068001165,8082.0262812393
1188.21932837452,3398.81188595142
1203.02714025283,9256.47716292643
8721.46361114514,7520.98237925408
1018.36170056592,3178.60952604366
7966.41630310636,8209.00803464404
1038.38583818983,3472.0954489089
950.097459961975,3603.51735300859
6920.61599120541,6826.74372971606
7038.82568938639,7398.03160907792
6179.76722483139,7247.98564163032
8489.31809826802,8247.5360184546
845.263282880651,3142.03139448327
1846.28262982661,3986.38118741647
1288.85293000968,3751.44700910863
6918.64577745505,7160.79637355268
6443.69986643257,6748.17061570548
7876.58980330636,6626.88682710126
1893.68507455145,4364.18766333464
661.397213791523,3569.00380942775
889.313605712413,8520.11711837928
1916.14591796883,7648.48285237588
6369.20996396445,8033.5811826685
1591.99355838513,3866.15560665366
7887.36291993241,8167.23702622604
1222.19971873338,3206.28672877433
1158.90455114098,8879.59460373589
7371.92048301628,7549.59441180325
7552.50149250054,7021.9343740224
8001.1504023747,7441.47444635677
7355.51714443339,7341.8108349394
1934.51240495936,3921.05880701081
1661.18364809016,8954.76865463526
6637.97552488747,7457.69258762455
7837.17835048794,6986.30346017773
1310.22233883869,5494.49375024655
1656.0028759653,9103.06723322365
1208.67068956252,8813.98388554865
8366.43226892567,9144.50334888009
2033.06285894832,8462.13878529024
6608.35724383512,5706.34013536256
6941.09482421555,6779.76637860825
7312.549950283,7548.39435362294
1592.87597482258,8925.36759664248
7131.90477153869,7268.36348543413
2106.58480362801,8975.21005438148
1606.36025763017,9030.27182596624
8455.26036026846,7850.12174958042
1939.66592317911,8844.39098472617
7216.28508873447,8426.77237753184
2469.37943584193,8007.2144401997
7006.80857706658,6310.83896703198
1183.11180415768,3781.80723706475
1660.0926264903,9678.09689700079
1971.15540713269,3773.35904128589
1093.7184646315,4081.23073065818
1481.28151381917,3811.69743617728
1710.20045674484,8871.93174139623
1983.7689937829,8910.9486982347
1218.88546493785,3372.10701684158
1041.77512381667,3067.95188208047
8250.89143244449,6857.95059444933
7321.37281022191,7202.64113330373
942.762560598767,8012.33117989731
7583.5272481344,6440.15156637587
5928.49625424083,6731.30636179078
1887.54626425437,8565.61132893092
7291.03050948681,7177.82050993927
7738.37754006786,8043.86661827832
1797.08484656054,3573.66657553329
1317.30616981547,3395.25015189583
2039.46208238096,3800.12670067823
1268.13367337654,9052.54073055728
7072.55671070625,7969.60779459442
8375.34242266498,6650.85502457736
6933.17411514952,7405.85619345237
7041.84219743742,7807.42648046255
7913.0083274941,6914.67425203396
1412.45189489907,5708.79432540917
7293.44171808606,6860.75992395366
2983.20488159025,8961.41114629338
8566.20804303304,7880.97822751781
2050.52338535543,9037.61582539091
1804.66422834775,8034.96380698965
1660.78915042103,8198.74194518138
7190.51945185464,7843.05282997731
1524.39711814847,3735.89011559088
2303.3582736104,5176.48582703987
6942.60157841537,6744.32998107908
7098.17532475185,7924.09525224761
7301.77404231895,7378.88150920346
1253.88834083106,3717.38497902966
1526.27573127301,9278.30590862804
2015.6790134568,8050.93755447015
1171.92490274216,3406.97646690095
7380.32627550526,7879.57287323053
3371.18405422953,8356.72931857425
6153.52685087452,3991.89939928293
6704.00460666888,4266.09662789841
7942.06551321355,7700.24570545882
1747.93263805022,8816.45202176811
1578.10618500328,8873.63032643302
7294.2219808532,7607.3934841806
6820.94913617108,6957.59038837319
6511.60129717203,7413.92019269867
1159.91260032798,3511.74255537091
976.533896806129,9246.14608667736
7827.84031325886,7614.95981357359
1371.8763754726,9139.97883144122
6849.65477696276,7577.12998040158
1359.31556108594,3483.19442787199
1402.3674858359,3490.06725237232
1432.38470978559,8921.44551248421
7649.57116501808,6101.61675342898
8065.6296190764,7355.32500360186
893.770447395186,9028.34006553066
1160.6591692655,3560.23533297058
2568.50985228925,9218.07035167369
1142.43703355967,8574.28326872301
1021.27889055122,3353.01889347116
7888.7428224853,7902.18563436043
1730.32267577771,5974.88019425994
1084.25387084847,3405.94204254987
7968.28591293638,8240.63102075872
1127.64782757405,3080.24235594787
1429.32458866286,9210.81316188436
1377.91621837696,8069.39733317076
2681.1798906028,8792.81966124852
1212.75091893544,3294.12652421586
2010.36036830384,8338.39175031938
8280.76967365526,6683.50626409163
1250.5562686334,9015.85409793017
1549.43920774457,9086.36982982514
7934.31683948599,7633.01274353111
7844.81889551856,7251.67478974194
1539.44864578123,3681.43243623228
719.517324184764,3145.87463407661
7026.49574541825,7761.90360888912
1651.56660978565,7818.39223719423
7615.34523049178,8229.26995916794
8471.41293258939,7898.90463632436
6731.02343389283,8077.71839436955
6892.88097007191,6954.87457279836
7116.54895024234,4948.21134786018
6661.99497472618,7380.21893818663
876.409264484926,3493.16406516844
1069.53406755009,8250.4345347516
7536.67885335742,7443.70913362669
8048.84513356887,7699.05356008642
1997.36879485517,3291.92959514787
7824.30820868739,7876.47983358559
8730.73790816406,7733.1662175166
6987.58588191379,7965.11380332478
959.469984011124,9391.89063635759
1166.32584016856,3262.30107819128
7317.21487147203,7266.53812248533
8110.0296406896,8439.05716199785
3488.00819015537,3640.69419859612
7465.82458501893,7450.34257714151
1460.70276295084,3566.94089591354
7929.00749694371,6930.74084250253
932.592341042251,9235.6551490076
1433.22965584733,3491.45953718868
2909.9871218858,8886.15470903149
1194.79801957523,9284.63046523935
8135.19027513927,6372.93725234573
7520.51441845523,7244.10840971473
1633.76930583127,8956.81853700538
9389.98060804895,7407.00705614589
992.98898592882,3167.43936705223
1496.27129141475,3684.43411149074
7167.0209292669,7431.34472019472
1545.1072594539,9053.58305147348
7827.12799031153,8389.25525083976
8305.86830953721,7876.77184697444
8081.95291366869,7342.36262087212
8318.67362158802,7346.24038877338
2371.01050553741,8741.12201441383
7321.82494745559,7536.84734892961
1591.41240537581,8965.70619886955
1558.44396809751,5222.2314289071
6533.68919368782,6915.98829782365
1433.22893469159,8992.94604315977
1130.2559364767,3253.71846690359
1484.1721385323,9095.29084625633
8932.8727303911,7884.93921061044
6304.29274594357,7186.16303528072
8384.7188585092,7128.50838801998
2208.18518318734,8233.47891895817
7577.61560389885,8041.35285706943
1696.17513971014,9109.61238169511
1163.669213159,8951.38886169616
1084.66114361026,9469.44449492592
1925.66077452123,3619.7457858309
2317.52463091925,8885.41535285119
957.127792536204,3704.78945993453
1813.78500463826,3497.43381597919
1647.87345674782,9203.76157235454
7713.75488660521,7944.22608046671
1386.82264878332,9046.12511716563
1114.97142264331,3436.01226806596
1673.72910842641,3899.09888545736
7415.10172180166,7843.67935864055
1689.22972217866,8920.72297832973
1374.58448793728,8618.46638329577
1381.99362499331,3822.46646902245
1722.64812091172,9047.0946538709
1489.72127926639,9030.14357412621
1239.1094235736,7957.17395039752
1176.62219342059,3752.00270321764
1807.79596920802,9028.36088963019
1673.02799959605,3899.150265307
682.328796881569,3272.73224460424
728.163059432715,3235.25570744441
1397.00798950326,9559.94966728978
7723.75054603405,7929.05634705618
1688.56618263411,9072.08795654084
10000,7197.69626970529
1769.08675416147,7833.66419685102
1912.90708357715,8257.18459099938
811.765923341284,3243.01808175562
1565.83550397811,4407.68798744268
7455.79773931755,7706.27216519298
5178.6661134813,9756.77377146866
1826.01391572896,4162.25322661207
7761.12071175216,7079.93543113167
6308.1851014436,6893.67582018878
1420.20276093106,9311.71936095895
1490.23431270377,3646.42455926051
1112.13371896432,3207.46796881381
7636.57523651751,8226.25348276374
1720.68883974921,8505.73111497947
2970.65421287358,8571.12861231309
7202.36176217252,8228.39411540233
1642.08126822967,3742.1461094559
6984.27998265512,8333.46507618583
1545.79010343249,9052.29196745414
6593.04813046133,7325.12398237247
6480.64016745587,6172.29237896362
1114.69739007519,3238.67490819765
8389.23675354723,4571.56420368328
8609.58758110819,7412.9476699486
3322.42355158498,8931.31357791797
1285.8061166982,9294.81326597152
1511.89157303504,3298.24723022909
1487.31885068535,8320.09442154045
1586.22105335739,3660.64816676369
8555.79231245842,7838.1145789393
1260.48590711906,8113.62564764876
901.759180352677,3354.42746709881
1267.36009567029,3602.19729843298
7321.56055261676,7584.08481605854
2419.18632166143,8347.7278585704
7347.63090875708,8125.76424773028
1311.0565903184,3653.08811952852
1865.66265248039,9246.39065886707
938.14710473742,3591.55835482348
885.858886921231,3325.60693917731
1163.41969342262,3484.77390023717
1558.2080567821,4600.89597759021
7143.92654624419,7235.45364887506
1627.14925574272,9005.78326598868
755.267055751063,3062.37799916656
2866.36363839306,9013.34479832721
1237.13239575162,8922.83172541875
928.635929528505,3337.51178837048
1435.17400003894,3464.84525860891
7437.47921712094,8382.6656643371
7771.93705683939,7453.9379793961
8300.70736558646,7405.81036387313
6587.91216944806,7856.5744671412
6896.41307326134,7153.17570109526
7781.33180759039,7549.37510537592
943.467261918365,3266.15217045134
1228.81073562861,3815.93094797624
7969.20047269709,7271.41026781842
7492.02899897326,8199.65151388506
2014.35003419924,8278.84467074214
1916.63201238832,9017.70019742928
7523.27052479222,8532.78805177165
1638.36652945398,6399.36502934868
1328.44393329197,3403.96308418779
7822.44516244053,7565.09492078681
7666.67109219117,7090.59802350499
1226.33680195902,3701.49212289145
1470.74865080402,9037.58466600034
672.379158600868,3185.28862741329
6743.06109485601,5356.76585436695
1051.10317658759,9078.93665244276
1188.50131203169,9133.69187990858
1394.269177828,3759.24363135034
7657.58056438298,7981.4001513973
1554.06049803345,8273.93854452505
887.722836475144,3133.66537995695
7783.79044626882,8195.83308452905
2474.61390521786,6442.99587583689
1490.06799208266,8949.93745915159
1861.23723006946,9412.40157194296
1782.37908533621,8734.05364432246
1515.29797208512,3923.80172635175
8066.80152033158,7813.90311502189
7006.54771510663,8840.51605516352
7489.28450001106,7711.7080034117
1452.57911862321,3685.18884010918
2379.99652720833,3664.91674356066
2202.5087114673,4129.31849121408
1294.46951396778,8042.2300548899
7851.99823729555,7827.34842676593
1055.90303484925,3387.10399860769
8591.3237218799,7235.20497699755
1973.68635546379,9069.61122634273
1643.5039893951,3624.60533337681
840.20658269423,3297.48371347069
7663.01553189912,7449.40249543393
1681.64577064757,3494.85839892237
7581.36934032574,7903.95317788385
7177.93389425414,7689.99139660425
7030.57367433649,8030.10659492544
7738.67871484529,7167.66856106077
1201.38218890521,3193.28566348776
7486.43513638068,7446.40660609829
1172.35769804382,3227.26898845562
8695.43864602011,6775.37393879486
8245.7708578079,7819.25560448658
7934.32660932827,6370.03339991573
2583.05626348161,9082.76411530279
6923.00050968677,7862.32522699884
1286.81424736908,9091.57699512535
1617.9974712682,3620.89196218246
7132.0818502471,6805.32618283255
7258.98087323712,7144.87691087411
7626.40121096684,7757.79484730284
968.783097720576,3244.62949393012
6841.56538216311,7645.25968137746
2059.19784010341,3444.91379278897
7573.2832734299,8038.42998087702
6856.24733028249,7400.21191585676
1793.65441733752,9071.17858711241
7324.04844060388,7019.73755968863
7534.54496441636,7610.14708386679
1667.3240025162,3499.06311085443
9084.05834656975,7822.77979033311
1589.79816379964,7863.83570094063
1342.50439387991,3591.97219524844
1512.27646357141,9023.73307035025
965.591595565974,9026.22026647324
1503.18014602725,3857.02676861901
2016.70781519062,7709.26916773858
1623.1727729621,8887.2166158264
911.8441488024,8857.24304117478
978.446811528645,3137.69267981329
7815.27044422746,7046.52036094596
1140.23536406315,3214.03742087565
932.150903147917,9376.35821552423
1252.19189683669,3474.41668580992
8302.75525650461,7794.92273692804
7363.01957943279,7634.56890971336
2447.3053410444,8364.42997364472
7192.09219509856,7946.09065024916
2179.37226129773,4512.99035302184
4330.12990536094,8602.56782581196
7378.12249742172,7269.54246968674
1292.93472053751,9195.44496322667
7167.19224606648,6194.20352629448
5667.67144488451,8645.17578752409
2703.34530777995,8111.43698488042
6550.16596626672,7798.36055628696
2614.9780425847,8690.64205169339
1363.23477757751,9031.52245783316
1463.64507648619,8870.31164987266
6947.01355587206,7667.89726032569
7702.04636474117,7590.50577297763
1021.05562004821,9250.11989827389
4661.55763193757,3351.0756298298
7410.60706207398,7618.44653895973
1767.16240347629,4015.96436061686
6785.70309288712,8061.28189453702
1611.33398797238,3655.09762017399
3257.07483121723,8473.75168997717
1211.31232667478,3601.94155177851
1123.18537574597,3478.22202745644
1351.62699701904,3864.27409092103
7933.19895245058,7841.85785127477
933.498230426425,3443.61890077494
2456.95893635124,3857.39210470297
2053.92038544077,8671.45014346785
428.046116553185,3132.75114839132
2599.01432505606,8922.26881888626
7838.68623560325,7305.21481296788
8116.12561811422,7199.54538536135
6980.99867903612,8144.69239894917
1309.12818385202,3599.78285915502
1410.28049754029,9414.70540429764
7761.64636834639,7755.07187380616
1136.76865976547,3360.21691638645
1961.62667074263,8591.14235864867
1649.03383382143,9046.29491159838
1490.0067825677,8991.97030667951
1805.78747043489,8995.26285103388
932.613694358981,3455.70271000863
1530.15242282379,9093.47393072885
1503.67397526573,9109.72363322804
1530.85730776634,3920.32389274654
7213.15563946109,6456.33606149273
1652.70869411988,7905.12720170629
8093.94715786792,7696.4808326313
7298.30509221797,7370.99992091609
8278.22561284698,8546.87906701832
5791.81682509503,7326.19184789457
1265.88159404157,8929.14893516901
7726.55947855572,7318.99626484633
1715.56512355434,9268.6150416097
1312.72780456624,3204.22829611733
7010.00079376732,7232.30323157189
7404.27800370499,8387.94058414254
8379.56512904347,8013.99400495111
6268.04418835083,7864.64661323178
1426.12555962912,9172.61197156974
2438.31158684193,8714.94052311676
1145.97904719296,9346.13182507705
1699.27310624972,8839.14830363261
7494.83883905436,8200.42595392008
7609.25894443921,7926.57020582568
815.177919183302,3243.98511422847
7454.11374737378,7927.34366113889
1223.7521429311,3734.25003367579
7127.86408654711,8138.57179062097
1381.51323766476,3621.32594548621
1011.44756550762,8823.0853010575
1098.01211553829,3607.74892968024
1255.87330854088,3538.54680129557
7702.59165723995,7986.66370408487
7631.35939693681,7570.30736744146
1941.82902843851,3684.04233152304
2796.69815035966,8984.25646766588
1263.847923683,8521.25081908282
1828.52928204149,8776.25372225501
1798.51435002779,3913.26408579095
8279.76719486454,7948.99596400282
1014.12888286111,3433.55102618197
7570.82111390348,7462.37233488271
1554.97999783723,3549.25383298726
8688.33272429703,7696.92442499076
1624.51891929372,4016.34220388322
3020.69567104143,9014.6236791921
7133.20451733487,7710.93000154294
935.204275679466,3499.79328902564
1733.08990007276,3896.4321314347
1048.46110176069,3322.70817180072
2086.0513335195,6460.56828599929
3193.43094642992,5824.61437000516
7806.77558792841,5636.93565682223
1900.59162996358,3910.52270119875
6795.23179507444,7722.4506527744
2028.3343003154,3729.29774346923
6098.26112592576,7668.1924268321
1251.671697142,9010.43025529243
3096.52809732477,3736.36942166148
1715.09032273841,9089.04305451181
988.417956614914,3351.50852655695
7278.10694763858,7318.05791480182
8112.59325809493,7282.72384764516
994.435903054593,8025.75188781496
1527.3913943267,3602.96843283408
8344.4910801,7265.74501552985
1602.78851887394,8398.86723243485
1538.64566696121,8801.66789423599
1460.14430443346,3752.04213184402
1648.88220100899,3731.86712747204
8545.19266025987,7596.17984109524
8268.6416583935,6471.37437869927
1981.30887652493,8091.544624692
1012.89992947032,8473.25436744153
6769.02485071887,7686.4537668297
1537.35661818536,7660.89840960752
1823.21128314733,9131.63917994432
884.084281553011,3567.87310046228
1478.46442641577,8450.76636582877
7703.69743424042,6204.25738207205
8045.10660285247,7650.20574488709
7842.00861091668,8198.85394436998
7104.43800890876,7969.17242286082
1490.80828441657,3542.5519063073
909.599934669543,3173.47250102153
925.629575917489,3569.23257767025
1672.2048080138,9261.5542452492
8917.70668367229,7671.39819780178
7707.87668422607,8030.4430020126
7497.74527099034,7716.45277072328
1769.084135685,9011.69052453994
9055.40922046078,5746.67069024145
1461.69492718977,3904.9320230105
7018.79783652268,7591.69139253779
8589.95837544446,7660.73595633486
544.994951293843,3437.72095031434
1154.19543185165,8985.36256397732
1525.95839313134,9518.80681724871
7771.52812497314,7470.1368281879
1382.27193096858,3885.5276957234
2603.06856796579,9113.55680643836
3561.63422255461,3738.94414006218
914.540592117466,3422.29315951372
778.362833785604,9265.36670790915
7466.46099952216,7859.31161072334
6966.17301771998,7326.61095425017
7458.09086366919,7589.32353880899
8500.68804781525,7484.23034580476
7327.10414518772,7933.38885615548
7949.07550413853,7149.49712970607
7259.31294012822,7212.19813101858
1806.07124809023,9001.4922381784
7168.90424431567,8195.53200668488
1521.23745287276,4387.33363019067
1110.01868089661,8736.11260543418
663.115641569542,3114.82217579023
1381.30806843197,9122.61426835141
8840.77689483241,7330.74882956052
623.97752422469,8770.29199307471
7612.06793204914,7705.30849228413
1221.44408675493,9231.84858175686
1350.7367612174,9094.42337438017
1829.31696482026,7293.67065505981
1930.26932189969,3757.55020246019
1438.11233631759,9015.31541065423
8146.34505412712,5568.54676595269
5505.19610558419,3792.52148290397
6498.36146064219,7958.68544263745
6084.47752823457,7320.19362708172
7798.01743395868,7875.54762743301
8138.04488621995,7032.16792857372
7173.47869878209,7925.14317455857
1083.54845719303,3504.90104843337
1540.71785237359,3579.47976760978
7255.30252749254,7565.66910403193
4870.03041321131,9093.27575528383
916.959434900564,8947.36215749474
8510.35838510394,7834.31076618791
1206.62173311112,3844.57688363623
1510.20347550511,8890.39358149882
8075.07452190701,6329.23596602409
1966.22499493372,8756.90138724733
1484.87212849844,3488.91872773992
7703.89927805828,7936.68597276364
6975.7023479814,7575.97243443962
8883.76396100178,7589.05537892048
7609.51703039052,8300.73964060807
1113.10460461021,9338.28422742204
1041.937259759,7892.61346437873
1093.77086390713,3403.25368728646
687.497076395994,3111.75542359764
7096.58022074894,7377.29612159897
8063.30265136903,7491.16697997656
1544.12368229548,9436.19556745854
6757.62603232472,6986.1657450896
1383.16684956445,3557.98282271301
1005.1314393783,3243.41504784967
1170.06888451079,3170.41094211113
1837.83578911599,9023.16713109295
1933.30457606484,8848.88982305723
1592.74580371152,9244.33122315005
7926.40527509113,5450.625547715
1259.17959643968,3304.96524428702
8295.38578951844,7401.31287726962
1727.38292614054,3545.64636732851
3959.44757334497,8304.2905494258
7286.23020900027,7393.44889242073
2445.5870008505,3454.03229903486
7955.87224862542,7747.85148936398
1134.29015477261,7873.2374519996
1525.92773362973,9437.20412443377
7618.09104228856,7975.24893361485
6250.69159052706,7643.70510898964
1144.81478884267,3267.97605714055
1149.40005842538,3642.85632147533
7937.34241103057,6693.64951128427
718.397865158203,3416.19674541669
1201.51388733144,8886.16864449751
7627.9959507987,7511.40609565555
1646.29129558709,8404.19959542368
7696.57919946856,6997.61867511513
7721.06724751182,7906.93698312329
7407.96379863206,7594.08401057415
1642.48759987239,9022.99401229576
1717.58713889196,9079.94182480549
2048.65614756596,5386.5402829397
1523.63534099795,8167.19187938802
722.346502445608,7599.02102326819
2124.30293466627,7670.82399188566
3435.27263413913,9119.19500774122
1102.74240071726,4521.01267574666
8696.38526613792,8366.30063972614
1516.50793008086,3796.85271542416
1115.90311821712,3252.0989036418
1784.30355778155,4743.46294532631
7363.23516990903,7603.63259719353
7041.40526135871,8096.01339194426
1460.08165809672,3522.86060075158
1668.47313230883,9027.49615771942
1629.93940970753,9153.7997547762
1224.24491882871,3938.38955093337
7149.79687787023,8198.43581612995
7682.07720743437,7255.35082349821
5942.96799840666,9322.99480849249
1107.64828321554,9023.42343287096
1070.01455092701,2872.13260124442
1425.89258926862,8403.84344083336
260.427577250114,3146.98747208508
1012.06308239977,3883.73953064613
7434.53364712265,7381.27033219353
6398.87935392822,7870.6513921078
1756.30443332995,9249.57515461794
1635.82116995842,3860.35440186421
7077.99001428995,7404.5735653174
5775.03515553314,7147.97826415803
7078.34871878689,7759.70912022722
8522.76583325442,7159.12861294845
7804.97013708145,7008.52103510518
9011.05435884777,7337.75268276417
1902.13034851285,9043.86780320856
7775.181987283,7519.68937970329
1636.52290812581,8380.40003075304
7759.90790771452,7878.32243969327
6891.39182656502,6277.46156350464
1350.92569330303,3503.04966537472
1320.9506012456,3984.42627329816
1005.69712351838,9419.41144296634
843.980698657301,3516.04916968929
1584.41669848816,3486.24995966987
1459.99673340769,3555.45832275753
8213.65424564404,7757.28584609953
8191.68827883944,7385.49531653005
1820.29329204099,9312.26917414119
1366.50482785047,3661.51574414255
7987.78470934947,7529.91740175402
1007.20265980084,3410.2460539098
1469.2934642477,3946.38541563121
2431.6362495054,8133.57268746197
2340.91140999061,3675.2521422093
7294.58236886509,7142.16967760881
1514.35683065452,9244.51130682075
1753.83847076656,3943.38931018495
2627.85278374037,9219.6152729618
2244.62959501964,9001.04383073597
1175.76563463847,3452.21319860594
837.025886432299,3340.46011307901
994.925552677963,3324.60149223994
7447.80168363145,6575.66187970815
8010.67832552679,7503.91808129337
7743.11600031903,8313.24423384983
7006.55987310805,7035.56769005232
8368.84065499628,5805.24591419678
8982.57168930087,7219.87183246686
8687.34150331088,6653.73153337612
2613.45324828313,7766.28121277375
2089.32552341236,7956.24493426179
2531.82096977602,7664.75027092367
7768.24975826265,7207.78317419766
6415.48954497059,8069.376261591
7599.75373011019,8172.31294740714
1292.76738487952,9032.04734814676
1432.92987705509,9157.57426379579
5546.64906974696,7219.40816263259
6542.09557884453,6939.14487619389
7407.65960641767,7490.64977083888
1140.01302888054,3290.73340483531
1376.09268340435,9238.47437939217
1904.01607419385,8112.94074484483
1043.01643253157,3578.80912461038
1710.4618129873,8824.55359996352
8118.40629045066,5817.59856939747
1456.01112999915,8199.30250544348
1613.42467444801,9001.23079838065
1075.75003748352,3506.34951681696
7654.89595523925,7172.19549416027
1228.75419899497,9119.86259867658
1759.90368650456,9053.80032589452
1425.0150150652,8901.40490412549
1473.8438108002,3694.26334741815
1662.45479856756,3371.36213621281
1507.38663778071,8860.97156910598
6891.75858439043,6239.81407305165
7437.1959211267,7905.15056750506
8137.21782040984,7505.49665878935
962.788092266581,8930.20396857273
7640.19308912481,7168.57761725052
2335.59098394394,7868.65205968211
1210.94917775259,3666.59805956827
1108.40174628259,3367.08701000781
6604.60800782898,7093.55897479073
7237.19799242157,6924.50896802104
1231.67820934043,3612.42022661286
1892.66319865487,8581.09279419209
1917.02397463367,9608.78901285774
6301.80180067666,9133.97932051031
7505.17561052281,8424.64021926229
6843.39303972339,7661.41966854645
7951.12905363043,7566.56321982638
7148.22875879846,8143.53020716318
1274.40260841543,9058.11274998471
2192.67844945853,9049.86990174782
7546.31497843817,7586.99196491544
1224.60545909458,3691.70234200921
8131.03470691489,6116.70074221822
1770.84038190669,3727.28755554892
670.936291154605,3473.94517119092
1181.26040772006,8990.3437584141
7008.69706716622,7579.52801256016
6882.65484869586,7690.29829446583
7335.25060627997,7878.74858814575
1462.1679937948,3661.72167002392
1329.27397958486,9363.38769132274
1568.06103910036,9076.96147820976
1019.80455247988,3518.77966807225
7336.95622184353,7333.1418819816
7524.39343532217,7409.76620385743
7791.43848343632,6760.75564236171
3111.30908756883,4045.28877063973
1956.62400304362,3810.69791187524
1978.26951578312,7796.57987414562
6975.74388055138,7826.935992919
1911.72713340047,9008.59214261192
3029.01940167747,8797.43242043662
8706.80191025103,8100.60784511507
7520.6746399317,7918.99600557292
1572.36978239855,8627.65830585974
1347.11354987164,8416.99501916849
7623.89082504704,7519.51481921282
1338.51131664916,8786.34306688029
8242.86403727538,7960.55207429298
7522.76686593973,8022.42754123103
4857.7140638241,8916.56272875958
8375.16027903196,7078.466476126
1312.87785713802,4253.6865052519
1243.39007286986,9027.7741869698
1678.72564793655,8863.49773266201
7390.83491469607,8368.28578476536
2207.1202440494,8114.61664571087
1455.2355606083,3446.42151069888
2517.21295742252,8103.59861359296
1567.30179729864,9123.42831651401
7054.08955796873,7640.6872438934
8082.64256639732,8029.36288214015
1689.68338976491,9276.55317670587
1340.09288561687,3764.20751477135
6596.6252195198,7656.93539564344
7162.79023077834,7904.53787199637
7754.8844289622,8188.29350071279
979.157816810574,9144.73557891063
8148.76032790731,7386.46795724668
2184.96745648898,9017.68585436078
1469.62189143325,9014.14227831767
1865.11728484502,8943.12585153643
2655.63291159567,8772.16435927636
1906.52531133716,8776.69966450593
1721.79178310466,9228.20317411763
8060.03326755975,5643.31383257533
1781.09917453074,9304.55698959911
1634.68359034221,3465.89762924001
1286.89390427563,9158.80065579698
1516.9980512359,3532.82138349445
1270.75344786387,3798.74741353174
7617.91931852936,7776.66640275752
1452.85987961927,3450.73947171003
876.03614345411,9193.44438732323
1578.48063519372,7903.09268708814
869.151173250273,8669.70165002287
8441.79891149257,7208.38871906205
1925.5771859846,8339.08066676708
1642.03656265969,7815.75493537727
1974.62841924711,6240.10255622705
1676.41751885998,3937.81422489655
7289.76421884545,8391.86504374117
8631.21279823226,7657.99916967748
1259.78823321829,3996.20342944159
7219.96369015466,6806.92828399189
2037.04244661642,7688.94044913648
992.27917163588,3335.99146770239
7078.91545011251,7353.32183393576
1521.15758912583,7854.9678517084
7213.38887718443,5783.39551928188
9357.59676100392,8174.17132096326
1830.72239881426,4661.98033280144
7118.79120849048,8261.18446434442
1614.77223081473,8884.66006418915
2221.63606909974,9140.69879661255
1500.08242713595,3595.36069984778
1742.27278252397,8380.87149833078
832.444783754016,3224.65570455772
7999.1677201967,6376.86753000705
7367.70179488455,8004.84254941835
7406.78575797885,6929.09939279173
1303.8714779338,8741.93337989053
7308.5157931737,7347.29132491386
7093.05134468896,7217.74486467853
7012.42553532675,8642.07816415555
1529.83866351313,3573.15884400888
7483.73624865386,7817.23090416708
7794.18015736911,8082.27051746772
1502.37930233478,8189.40636592382
4043.70097855208,8420.60500011174
7195.68937873867,7814.58806715358
1213.9910994332,3446.14804994725
8050.08945749403,7655.84194045916
1019.64205195761,3389.88804441179
1051.95267776452,3435.73752198946
1506.81800420736,9118.65948425355
1742.58630063563,9205.23329067855
1444.43646568578,8558.56610546257
1223.66340139247,3432.94303849793
1934.6692685589,9064.36211681328
1418.26909043375,3058.38789528919
6941.08773383899,7978.33746963783
1531.75679919452,8972.86744778423
1659.35341966123,8491.68464605702
1202.8250484072,8974.17729421097
7575.07969840849,7804.23231479143
1959.63170268773,7838.05916313789
3103.52065162568,9227.90538123526
998.334797132919,3497.90283384548
2092.86268068258,9046.8415515061
1709.74835711636,9088.90017600345
8239.72320261885,5895.68548085301
1134.06579263896,8075.65229777382
7221.90881995712,7757.32290603706
7992.51841878235,8138.45198318135
7654.26814613225,7577.11684753199
1067.95167040366,3593.19088245435
1321.67360161065,8865.98667898336
1300.70764321909,8770.63192754514
6624.30500721935,8866.08165688821
1112.28967884908,8609.22413950238
1752.80239248296,8887.28487649026
1595.76005131672,6301.39395179688
1163.07885689537,3557.1983228397
7327.34668838312,7761.93039693483
3117.70412555848,8434.50435221368
1321.64624050364,3590.22676225614
7296.72860623464,7381.94220483729
1248.53359321642,3407.67853123185
7449.59786946359,7972.0019107781
8201.73197079222,7340.93943272583
2278.32383773238,8109.15030602868
7584.06816063032,7398.22499362074
6376.55435769158,7131.1082975188
1087.26612849881,8945.04229299462
1704.55497008322,8345.68375382512
7036.8093905559,7870.43235763332
7813.41025265923,7327.93849698772
685.76548012132,8591.4654408004
1028.57208905153,3581.66775192445
1429.27365874403,9071.97942663196
1587.38104477449,9074.53726191009
632.898714705982,2770.23081901421
1795.39158596818,8523.68641031927
7897.85912955763,6570.35618178051
1592.19882020941,7864.15302522471
7082.78146304548,8690.29937908456
7470.90162155635,7087.8117953932
1582.03361740038,3952.23489537532
7697.57025668913,7858.83947911827
1790.38511308757,9171.85988221608
7128.68199530894,7535.54525713114
1206.57235576723,3566.67934175558
982.048093873488,9146.99097478421
6642.99859498122,6565.51862544126
7512.74005715724,7228.82389003266
1404.49869057133,8795.57202738464
676.727787803484,2927.38589435771
1648.75187324751,9180.66920230748
1996.04714417273,9034.92761220402
910.923702763853,3256.27159387557
2229.88856206014,8292.03330128539
6258.77997969442,7444.0559208206
1804.86892316391,9037.81291430384
8006.40883602672,6948.91154911494
2464.11604412293,8992.92420240386
7951.27964752744,7768.52932740622
1321.89883524151,8882.01332710284
7831.04424948933,7757.18234459804
5142.55310761709,8834.0634835777
7081.30925057142,8968.04272135911
8155.11849429534,8314.80785550256
2409.96617895114,8615.13438505306
7336.48554004234,8360.26032004725
1600.02863062581,8792.96904578295
7129.44824107619,6824.93759099908
1218.01135363208,8928.98253614382
6825.39236237187,7593.97181807914
1528.4498419087,8736.7470108355
1777.45271121333,8123.61384460472
7130.46946737845,7572.87028633102
7640.17320953749,9431.33325610841
1450.91891896397,8467.59309293092
8755.28129604223,7306.37282332161
1658.99150827587,3233.19627598293
1100.58989127138,3534.88714377537
5963.00272877382,7246.77971367666
1797.98519850547,9085.56765523769
6883.13060064885,7757.9873390347
4551.79475981346,9105.50102881035
3832.15836550553,8217.46150190714
6963.61823919894,7881.68655993555
2695.52050000675,3734.52946211346
5258.3749510528,9710.39118257487
1065.55724980512,3239.72499641489
1676.23046328415,3720.88178608648
1377.29389386181,3510.33050672179
1156.9894276982,9249.22291039748
7707.70734678247,7279.18289354558
7296.80116687823,7029.60830763181
8151.05360772418,7512.82829666394
4461.87070228379,9071.18678556292
2297.98523241931,8350.66934014074
3578.82781313958,8425.36997059356
6665.13868080775,6802.83724663911
2724.01752470261,3673.48095674546
2237.70924912094,8634.24405316819
6714.89308008038,8051.33147031916
1444.3872720081,3612.42895301048
1368.241169378,8847.1510613222
6878.03356145473,8247.73698768632
874.175717895041,3108.35887016084
1961.61716844667,3731.72002996948
1200.57801353634,8852.29849279177
7434.40355788521,7743.19889905699
1675.37967226034,8822.08326538772
963.731498912347,3419.35472250172
7305.87729757951,7964.83527979264
1290.37209199873,3566.38914688932
6678.37555837455,6220.34664012754
6988.50506508578,8501.44042061589
8886.07287150118,6155.96822311088
7701.58686396036,7968.71152583379
1933.69089575001,8793.24028448419
7535.08236316416,7674.36457509915
1461.81374233487,8816.82133558294
3404.00945203332,3678.34880604949
6613.04866731084,7960.14109404278
1232.0896242965,8894.99914518619
1243.46906236072,3911.74193685185
932.898503491675,3684.17439658201
7286.2045136603,7907.97249965025
7809.73831360958,7617.07891893724
7273.77959383759,7737.87546970184
6123.08542238294,6464.35762598117
1189.20787057603,3703.21347547434
1456.37798938991,8866.08018608975
7220.1763491792,7340.27576306944
1431.4367866634,3415.39288607606
1505.17301963251,3597.3531539311
1606.0179586859,3523.55143099846
8178.65795104326,7674.44001108624
8094.72689411235,7529.08030703966
2724.26093078418,7749.62626587805
2012.6704060911,8816.368179854
7014.47995238062,6760.02095943582
1622.54221976937,3485.18133454728
1280.81431749061,8594.91040659301
1235.22510986358,9005.06788182587
1652.38331391532,8784.38571015397
1101.77973900192,3365.22535728664
1240.33850615618,9059.73065668705
2356.50661137102,8271.41200839363
1233.02184853813,9142.55437552508
1136.575898625,3688.86419141066
8003.22961342329,7908.99480329631
1272.27702230032,3640.36591800732
6110.23666530158,7705.82026074484
1414.66874209633,9200.06904120766
1855.20566162274,8766.93687327524
1527.24922657787,3611.01920560351
6813.4696503942,7831.8543526401
2015.44959913407,9196.65494311146
7978.62499782283,8287.38769578988
7687.25920914603,8113.71761450416
1439.03218169376,3829.37430344748
1834.5723397774,8528.56558178403
7469.04716288537,8130.8742950741
1524.25568562501,3839.96737861051
7714.83562168209,8075.55094290791
1130.79326001347,3685.58531626809
1577.71168898541,3961.15363536394
1004.05446119458,3422.92229329365
2066.86281563557,9058.74058539365
8578.24049958128,7706.16255012429
966.954309722101,3136.97818703889
1106.28500091076,3616.88967273274
1055.75167717897,3566.67140031294
1332.43628111722,8670.21773277262
1209.37254898324,3807.45366698712
1310.14099252978,3363.68560395984
1764.62450208538,4438.62680206589
1452.08986402614,9101.67977798365
1797.39531972311,8916.10324292007
7979.46031615528,5143.86706141449
8488.98874483405,6672.82076917639
8594.77801310742,7259.08115750996
1772.29066663052,3894.96546416305
7412.51677010698,7296.98185182528
7635.18997494403,8304.01956327842
7061.15155223048,7482.32751191777
1759.7113255729,9461.51494546456
767.420818205821,3151.97394624557
6232.93831699973,7758.84682270048
7737.66465962079,8105.43903067305
1184.11645508022,3850.87899103251
1079.59515391195,3433.4978282864
2081.50873347049,6017.96075048061
6237.65947365534,7691.06012269613
4652.4544010223,8352.5206572829
890.015124298851,2810.40807902206
8753.9922052633,7314.42823893495
6612.22163982768,8163.05972251628
1041.1598236271,3875.46021566922
8965.61045949438,8044.79945597006
1107.88488039921,3307.89549154649
7715.24228024575,7978.98263813315
7228.19231878111,7709.33270241676
1777.02816826829,4035.41824560695
7078.46685886553,7473.09517905747
1326.13735382039,8764.73864204226
1609.92368943022,3878.10285208562
7758.95691305544,6703.30022835101
7541.47582100453,7824.69579855599
1248.15141597883,3617.0704050973
7335.96413515584,8267.56515166184
1920.87003951762,3652.7098108865
1042.62106071517,9495.71268950497
1806.27420934203,9070.70043800302
1384.18230579982,8897.55269638796
2235.15430388681,8940.17416761566
1359.06791358489,8126.99458078078
941.018372235858,3380.90318094744
1470.51040449332,9268.16996625028
513.344710567536,3371.33295553503
1326.36655636415,3921.99904422029
8853.66247398336,4915.19137567042
2536.8946171692,8920.30107946721
8186.32878773018,7181.42826693857
1337.99480713583,3706.41561244755
1127.55946806569,3753.30365327786
7639.61912640047,7063.8070513782
7902.57641649508,7884.70349598591
6455.82223540928,7231.00455526906
7596.23345350074,8398.91503334337
8443.00310027018,7420.12346203663
2377.58880266336,7939.38480516617
1473.38453811504,9144.07515374526
1075.16667211613,3364.72600412802
1329.99206836697,3589.32018602961
8942.18283858229,8190.88320732649
2047.37547582248,9524.67038441293
2516.79975418508,7504.37777547826
7411.42308062726,7420.27292733699
1263.33966029428,9121.43841438369
1761.67220506681,8466.37022365165
8913.33768446106,7630.14264762944
6943.08781247409,6400.3979308847
1121.92967194987,3169.99592220537
7584.27026903137,7559.37433075652
7892.03194815774,4810.18427910372
1335.95637893636,3595.59894329639
853.432845167157,3403.95684047141
7567.05683333911,7459.86760142291
1783.83207055616,3765.3865988216
1304.03165635924,8693.93163730007
2000.88783417751,7994.63223757211
1219.78076001467,3605.39572570934
1174.68392156161,8850.45160830687
1326.37187448937,3471.11126316559
1342.91565697448,3903.3905145492
8221.79717884898,7301.78480394258
7976.65333606104,7607.75241724583
1743.34149083807,9034.65357495679
7243.17818333451,7472.2944895274
1612.33326445632,3911.5982788567
8519.3481720453,3911.09928768262
1020.9173495346,3704.0538688401
7848.77642816369,7278.9756499927
1526.45264342301,3850.02513850513
3161.79877175146,6669.25256497143
948.289785812938,3537.21061362275
1327.76316395137,3619.6596276906
6252.10037213945,7161.56988806645
1278.10668244331,3050.86337420769
1929.24717073052,4158.72263028149
1229.62620382,3518.84279288831
752.829054548718,3217.41877018972
1864.77893754658,8843.07288716102
8390.35177949263,7783.13594843535
7822.31499689278,7046.30425774348
1802.04657905979,8825.45724544757
1753.84342260978,8512.07812250777
7036.42035807986,6976.63308329958
7916.33305258004,8032.07872401135
1352.32046716124,3545.26191335889
1744.6484958399,8649.82052618946
1624.44318708897,3895.59219574569
7018.41473995292,6687.27512897296
7395.99507010396,7279.54520229468
3724.8777537375,9150.95219054513
1526.81309849989,8849.28157691348
830.882242576225,2891.02637183857
1340.501197602,8969.57254564705
1369.83084737268,3917.67679934126
6876.93486256861,6873.11964621758
7577.78847141983,7971.56830800834
8577.25003091167,7044.83013966274
1601.3026034869,3576.58693053667
1272.66731149171,8833.48092847369
9218.79506688569,7655.24861289897
8147.45608824821,7215.39736972927
1360.55980284403,8825.348328627
8420.5072975759,6787.22610283727
6831.89998587345,5872.84695670922
7165.59499006267,7127.83773699974
8488.38975574007,7313.26510852388
7442.14769719511,7730.12090843229
6906.79388779341,8053.31384785412
7588.21166663253,7805.36861637183
1515.31300727755,8897.62873264958
1309.58485936242,8878.64852359743
1127.12486523649,3495.00304707547
7872.51711212263,7498.49791106547
1533.14931439681,8979.13174898075
8629.54788686582,7275.04915325786
8197.1205149833,6616.8349151438
8125.96958821357,7632.99093400532
1105.65225959489,3490.91428041079
1372.6571675281,3939.6350567549
7396.84972505185,8232.84764413098
978.639939367142,3503.21564033957
1981.21770860584,8962.54578715928
1905.67340519477,8342.10654431039
968.305262260874,7253.73706631411
1380.57308240927,3527.03756657708
2112.65490381255,7709.18859443263
1960.87327199463,8575.84293531884
1551.84823334209,4586.59512373066
1961.75306284788,8594.63298983186
1728.8403631134,7833.09088508135
1361.92067625732,9005.01615033934
1885.22309721963,8978.27553151123
1954.20647547997,9217.95735830709
6422.98983941407,6946.73604788523
1624.64496813948,9221.39591449776
1312.77476372129,8926.62190979845
1558.84595691294,7434.53806605296
1220.45359382075,8653.52360334065
2913.92879218458,8426.77726719596
951.302828551266,3290.61369443362
2272.3290689296,9190.74147307325
1224.57597677305,3722.55124199786
6993.27751666538,8410.10736904014
8128.89599337822,7359.64323218668
840.947856031688,8420.73671038207
6619.45849008118,7724.19789065767
7224.64615167505,8038.56294290527
1199.1133821701,3546.80460661862
1340.38013122734,8994.05132625377
8748.11361901526,8038.2214311138
711.70204489977,8957.38820005832
7481.7563305109,8058.12912668101
8129.06436228455,8098.51676745775
1044.18144718771,8877.11739448952
8655.23110064059,6782.14151072255
1402.36104952895,3661.00568486706
2023.86548914193,3752.64854790398
1842.18933231672,3965.42278467629
6881.01162097255,7682.97108933736
8657.8828297468,7484.99791794293
8031.85391714876,7655.95759621803
1492.15305629748,3707.376052148
1265.60928576382,9299.79428827513
734.168952746129,2956.69515614055
2651.32540157916,8434.61346920951
1717.0214715182,7564.51793088193
1580.36779126389,8125.2141467395
1691.86642821438,8387.1501713969
8181.33028827139,7279.28522266983
1311.95438403466,8938.03149535788
1375.63145419634,3943.81990876292
1067.03333383934,3414.77822445813
701.378132333448,3069.20690442571
7133.67388065641,8354.54123407265
914.068282640188,9324.72591556443
8507.65560939686,7237.7469973169
1321.72796075245,3402.83168328153
1502.14782414406,3982.57511375699
7454.92099318025,7997.26893873495
6901.74605809306,6649.69982702135
7802.14260467174,5116.37653572114
2618.06378066343,8924.2885234584
1923.15673860933,8250.08394583086
1868.49103775001,9052.39327338639
2336.80399387924,9664.45646403459
1653.56426428204,9136.30379990556
1459.96034267085,8989.31004546522
7418.58674011302,7231.72237612521
7088.88193226558,6953.81611812471
4259.71615414996,8121.50843621013
8448.9205480672,7858.92063186022
2319.29526825273,8936.8247274834
6908.9814129482,8034.86702345993
8084.00515017565,7262.77875600007
7119.67374114114,8000.40422994864
7443.74659924986,6507.8803063277
7669.24329127778,8231.24590632509
1603.97986512245,8784.58692021807
668.751056207077,3253.67979396831
7476.15863957249,7445.04827002341
6890.3735749632,7592.1289738422
1661.15279796838,8405.70535087521
998.79744854277,3788.12137569337
1834.41364426853,3709.00302347068
7506.24060296718,7642.76908975782
7969.09044439651,8250.49716094199
6570.41102266811,7765.22251794371
7255.46506029555,7952.71076291181
7457.70017961722,6615.45414138101
981.778363652545,3511.58610249457
7407.75392440476,8002.23794439827
1593.2975675336,8899.21332630877
7592.61030641154,7538.38370701009
7716.74808681016,7514.155909188
1792.80678330414,3567.6902641139
1230.61909283842,3645.2764965705
1526.99713623676,3327.88346763606
1695.03971731383,8800.54429479783
6834.66904715074,7984.3102387379
1180.70164480627,3263.60878811037
1215.89249271671,8976.42299232811
8683.00672808227,7103.50119583798
8477.2910226089,7224.14077192651
1261.70495327619,3433.75530628793
2455.88135133348,3229.06079868331
9081.04269047426,4729.32690892752
1454.49495201328,8841.52265968766
958.219506995896,8615.73680784151
6785.40191419272,7390.6626745247
1557.77999338934,3786.28773712074
1916.23672070184,8850.59723715002
1319.45557127965,9068.87537543997
8537.63391223515,7450.27618214732
7236.26107355965,7293.64122679107
7654.91737324212,8249.88702090763
1845.42394921274,8913.87628180599
7096.32591033209,7342.92341162517
1843.20901926437,3641.26355292453
5104.48217354186,8925.73778307538
6849.03867096054,7499.37428705596
1126.82559169933,9147.31715577187
8493.56823822203,7508.41078788113
1605.20450299424,3917.36188799779
6583.99221978163,7536.20508661148
7600.97237891394,7055.53430234377
7015.08110794105,7251.97990214842
2519.83978977613,9364.15612524837
4943.49569956017,3968.79011057956
1458.60836612238,8687.21055086459
7490.92428397403,8073.44882404364
7312.18991870556,6928.66432209744
1598.01177649089,3703.98244151742
7512.27675565425,8190.30755299629
665.385409446483,3457.74366665609
1201.3027597042,9085.55567032221
509.3487659258,2923.62641842417
1613.40242103245,3593.54200073074
1302.76261223124,9337.3419052934
2753.48023419836,8790.39413400846
1731.41201537878,7968.28393197498
1870.98154012846,8990.40765827324
1572.00967506329,8688.89018607574
1219.15541394324,7990.37852271477
2275.13731464381,8772.14998630537
873.358022256384,3388.59997682572
1102.58376937569,3517.99814216843
1261.22562129279,8986.80035076021
815.814028114408,3237.39500135756
1191.75466443358,3185.13597147425
1039.22973515564,9118.30796101123
1353.89390911528,3480.90921869848
2139.65608204487,9278.39729865209
1854.90614019985,9191.25593792073
7770.75574171514,6469.19691290626
7766.65856806015,8353.07017645543
1060.14097310239,3560.05853964966
1638.78524915978,8824.47038348527
1570.62893393896,9426.48905789335
1739.48759700912,3816.223873771
1388.3429638339,9102.93190898034
1740.01949121321,8916.06137908508
2095.24111945866,4545.69862340189
7728.95189647166,8401.05172270664
7886.69399045453,8144.12721021515
1317.72379816234,8721.67751133324
7234.79020903357,7829.29273771986
1346.67582981004,8967.30866754837
6931.5461301397,7474.41854874492
7479.76681972751,7329.5837288994
1787.94300856048,8995.76007267413
1038.67024536129,3159.88062439816
1219.37914661006,4476.12626542704
1328.25502162204,8783.44810231466
7237.15732585458,8128.73809776658
8253.67176839151,5411.70771755507
7714.64292281101,8542.88276390938
1408.77165504608,9106.54581679217
1140.6662374795,8957.32710210007
7166.64166014144,7239.5606165572
1258.46897000737,3199.08878495289
1700.82373550791,9144.82946289035
9275.67176618504,8344.67070170413
1296.00871535377,9377.94393468949
2071.26174659952,3125.93416217583
3677.03342407386,8536.8673877746
1433.14940038475,8353.78146229873
7160.36550003737,5984.43921209313
7455.53916355199,7612.24073125333
7276.42011026647,8424.2777794548
8918.29537856492,7596.62446283227
7551.59633928088,7598.10324925003
1609.00979639049,5326.80931649054
1978.76118800699,8642.10538266124
937.464041609512,3197.62096820784
7317.81279397029,7422.28506618391
1298.77128970657,9154.62045978734
1136.59125710376,7997.98798931871
7796.475655496,7885.98593537911
688.443949842292,3389.11206771539
1556.27706004711,5875.49770004868
7660.09871154538,8288.5175178564
7922.61704202174,7705.58386158501
7031.56742174117,6887.48197412614
9228.27385484219,7000.57936860336
2181.58691303085,5293.85915742478
5401.59279923567,8059.42908552298
8594.77625141949,7635.94262023097
1412.33109267504,3336.31823061451
7201.43864297345,7061.46936463485
1719.8561450013,8312.76837602958
1543.81413728274,3894.59491418066
7384.88294964907,8171.38882297189
7546.85470616508,7799.96172691357
1553.35101881369,3757.65230116314
1550.04898087124,3824.74254735334
2736.0287952588,3291.48375331592
960.65933306903,8998.64951993022
2017.71859588042,9009.27732828245
7309.33466143437,8493.32563752071
1193.70306938938,9052.52497679948
7711.390053521,7036.99963026493
2150.52129355319,8606.79208074698
1258.84107804121,7941.80340943532
7318.93128246417,6698.93591013772
8474.47808547039,6708.0852793631
6779.60926019636,7159.34011811807
1586.41062256362,8654.78262820933
1139.73970053625,9246.06870424249
1439.41768105639,4013.19813886667
1844.35628650331,9215.43425004021
2497.70509474222,8646.70728336343
1347.54496132546,8935.65046059636
7496.2195362045,8163.21675804314
1364.35514054341,3834.43615392527
8111.67367883275,8674.33613217775
1205.51626533888,9080.90043864109
7741.85006418261,7639.64154345389
1219.01997929566,3259.405922751
1126.5974159034,3727.5574768518
8299.51623710737,7601.52802983841
1691.0811727281,8937.04485040474
1358.75625428449,3697.57662033329
1782.42495456253,8814.09556946855
7343.5656335163,7996.03861935068
1211.33085024694,3569.82773033904
811.920943763747,3522.9441443976
823.457514351535,3249.3235826941
7260.72459935445,8015.42198497835
7778.66284961997,6744.83672320133
6862.01986472607,7140.9334000648
784.178091303294,2953.98411617212
2683.26069029928,9048.34109666839
8084.28283582956,6611.0489847408
1437.8040881738,3579.94139527144
7638.56668039446,7146.63479860632
8460.32870695126,8816.05313289638
867.298943272315,2702.95709428643
2503.98658817015,9438.06428165707
1887.53173652335,8987.06650189915
1345.29322555712,3096.29218764958
1419.56191784874,8590.1597442221
1203.03063034342,3728.7964776132
7684.35303311015,7747.1048907069
7807.65627926251,6468.55999353947
1097.6540474047,2998.62392153423
7763.02398717022,8029.86047425861
1312.20635944556,8978.40347001152
1562.97027401986,9027.06870257725
6883.12874599912,6790.47532532674
1859.17191396243,5394.84061372891
1213.56654494284,3745.41059805233
2445.59131998648,4283.05577249107
1360.70451578239,8159.14280291568
6260.15872090818,7059.74518696689
7813.72473158698,7945.37044844856
7749.52712833775,7547.2331109246
978.384503816834,9323.37956343232
805.319420977196,2973.59839531444
8098.46215293489,7063.10694950337
6323.12032374048,7080.45031221267
1414.7934463665,8937.76724061063
1055.52385589789,8923.27069047423
7716.80111512806,8032.95395717841
5029.81133450751,3729.39463176298
1730.99139679216,9007.81700308789
1711.24376622501,3472.98630553594
8702.47289526428,7850.07760076237
2349.73729123376,8982.59095440613
1398.72886515038,3540.37847463183
1127.60981627115,6924.50974126884
1623.07910296986,3695.5033240603
4591.61190495816,8910.83591179612
1276.49604681209,3549.56533557685
2130.62316279654,8539.70448087788
9127.4374819457,7362.58496756898
894.679402250245,3134.10294795766
3107.69782455854,9549.7557704623
7771.41053103412,7837.70194955467
1652.32266798054,8021.31839853931
7878.64286070406,9184.46039796847
7653.97066156118,7824.57279650288
2149.33201089205,4153.63412490309
1843.47022370999,8321.58075121565
2298.53148094456,3342.6649234306
1057.92151721714,7543.0225002825
8893.20217225607,8671.0689744034
1318.27913513746,3910.15598367576
7563.00326430407,7199.80402903437
7222.7688714418,7567.14365249116
1954.7471398049,3567.3083283276
1876.97239872524,9256.41498921947
1853.25221692648,8890.42377740619
2125.58678322676,9096.73385231025
1169.23376107397,9537.13853625399
1593.77816848444,3773.76781766207
1044.84718261445,3282.73249211234
1291.45017380732,3479.39531707613
7578.86780770579,8166.87423005876
1483.67749274852,9029.26060257602
1099.70938881051,3356.78301441783
1321.05520798226,3703.57821952138
2104.0291769622,9003.67278035228
8091.66609872264,5711.79907386395
1501.98340915109,8873.0393568538
1983.90549296359,8954.79666419611
7544.82346540721,7469.76887659824
1403.6124114168,3664.97112784451
1622.92189277561,3869.1579248144
1443.1539622686,3276.59827151698
7037.90330677126,7399.84724530103
1858.82708378287,9005.55998790413
1924.59317072448,9225.14772919943
1243.60871884768,9207.43022890594
1297.11736131444,8841.58445362021
1191.74207708372,3334.75119895889
1356.51012046116,8958.61141943026
1013.30416526265,3278.21076315624
876.887737849,3663.77262954572
7740.98726618091,7574.51059577859
6487.35483449594,7949.37060544633
1384.15872449328,9217.41882795008
1052.25073734325,4498.435877265
1340.21911221783,9219.10961528677
7362.78279564823,8506.3482772698
1221.38046901465,8968.64388070939
1918.88089770778,9276.05183446714
8273.21123938205,7855.37242693741
8898.77708689102,7742.68372400985
948.948105412809,3354.69783136469
1925.34890790711,8142.30730994812
1393.13025793317,9035.32155840136
722.856837078838,9112.23127250018
8683.14301185597,8170.69120782522
8218.03380154991,7619.12859309498
5753.59143300536,8015.99941951921
7477.76152380272,7054.67453015738
1186.101513456,3466.82394080289
8996.88180112598,7325.2783565279
2085.09720182019,8512.82225432372
7634.58958929703,7581.5948972268
8026.14920345406,7089.93071740007
1377.16467956119,9021.94164216211
1782.86736420687,8754.60447454032
1862.76892232678,8786.37026473714
1254.45792654533,3501.10007037226
1998.94520297131,8072.14810346161
1485.27802289477,3651.21226928986
6642.13262021887,7145.44991906767
1637.51456639592,3562.27882463865
2065.78396607345,8439.7250480838
887.793170791843,9142.25332691441
1100.67472923202,9354.84841018037
1708.98801927256,8943.17219537942
7660.92182343841,6890.16867510439
1366.31882091467,8844.41752301056
1517.4105969693,9046.56681746608
2361.62409849957,9081.34676965643
2075.36487594423,9116.90534780248
687.989718532704,3165.43747722819
7078.35120951608,8085.70151146779
1306.39487305727,7859.33584924914
1512.49605150206,3440.20890571488
1433.80638885469,8061.10493565781
1303.41007420021,9109.96535427654
7779.13607490411,7359.81543971772
4150.8139115934,6581.47573612478
7397.37534919533,6937.04364667018
7377.70174532486,8086.41570238182
1649.76592579196,3843.16832734932
1770.9563329057,9316.26012096049
1097.32369889298,3394.55927655391
7618.24707146222,8314.15372986089
1741.37986669899,8561.49284653653
7458.31241481539,7807.66163708446
999.260098173506,3341.53768925164
8091.58100548691,7194.07311763068
1129.6868270346,3491.01279234781
1121.57791746808,3242.39048726118
1437.68885705873,3985.54923873048
3832.11259567024,3956.87026584486
1852.72103041565,8755.35537476306
7599.86357645201,5596.75100977017
1602.21394786098,3733.74975982923
2148.37966756946,8899.49831920083
7656.69202340027,7526.05996712553
7389.18314236114,7405.83130768998
8172.0919005756,7840.17993817837
2055.6653442103,9296.29967044519
8180.45310965547,7846.13860614156
2318.86911688217,9074.87729104941
1476.75709902306,8627.78862571226
7846.56586651747,7417.10052521402
1117.91304108075,8885.43749597215
1904.54871238563,7893.19644524341
8279.46052473601,6995.55474598158
1182.1392652934,8744.52051632699
1341.48323220693,9033.04272120282
7559.62168193512,7428.19551548445
7188.81127905985,7776.68117327513
763.232809944317,8212.56905251544
6560.30884051547,7150.85512987428
1328.18925320235,3795.95693920482
1025.59370281375,9046.02778064094
7772.57949879298,7459.51429636236
1544.29324014306,7829.18817838659
1003.34959690116,3654.17883163882
1436.48385492586,9125.31554390849
7452.55084039145,6790.8449019413
8490.57474014846,7226.05516279421
1285.53015130208,3429.82410293194
8740.3719098871,8187.68308004887
3056.19799426412,7971.93311329967
1184.88503750943,3655.88594575537
7010.20515474515,8593.08363279186
2029.76011436499,7961.7627818091
1207.43813656688,8928.64446227192
4781.32422937054,6861.85399386918
8431.84271711967,7319.3324365395
911.991139285441,9224.24134238886
8163.3761020387,6470.33531010864
1753.73862048598,4262.24091444699
6759.27342742103,7472.49216328855
1118.18507261045,3253.23034307019
1323.83415523867,3826.033583022
6525.76592609341,7104.77184587543
8160.80849465353,7437.06458258947
1675.13399183236,8648.37484291949
1224.98441268923,3463.1432526487
1147.44617461402,3597.46272352234
1159.21978968248,3295.76191691019
6790.04615373111,7180.61185430652
1228.89232279159,8901.35625179584
1515.8799156998,9077.22363916443
1102.6228064851,3168.30936351556
1116.48160001119,3338.80719898053
7669.9667634529,8300.53915670618
851.052518642927,3476.55318399138
1209.93255987472,3618.46109861562
8681.09732461355,5188.81985211948
1797.88662968483,3949.86134426436
6513.97072289456,7054.24309001674
1771.49960365548,9065.41765995918
1405.91505503502,4009.97863881597
1599.1012055744,8997.31019961946
7229.11559457896,8036.69949465547
7838.92810808296,7235.33410521286
6946.11167458614,7980.05761978292
1354.03048288169,8956.76849464777
7294.44609612106,7387.91207245632
2088.79983396976,8290.08108476196
2694.53584451692,8334.26422227538
7073.19055290058,7669.94993027596
7160.54827920718,7935.44521576785
1086.8647408976,8922.22822617064
8352.31585202676,6929.07717815029
8293.41791546295,6722.02206248253
729.916896200457,3241.69654672403
1866.70155279673,3857.46026739493
7097.47074103539,8462.28456053603
1386.33358211387,3773.23996635897
7840.25450364265,7361.65769208972
6461.51975362705,7614.77333478178
7711.53597928553,7945.59550668254
7249.92647721667,7940.47482488945
1069.10790165721,7696.37176626177
819.956306385737,3345.03406038242
8248.66129801944,7465.38993404944
2057.70814211587,8301.25195972856
2821.52830678407,9251.88675827707
1264.25848491115,9241.31337392015
7522.53574340743,7200.32233003058
1408.61628064883,7625.04608807408
1399.54571484491,3738.77756733597
7330.58553714047,7660.84882317132
6410.20326161265,8094.74354069746
1376.83072182369,9066.39596283644
1418.50308051035,9319.79446191582
1879.88249833866,9203.3726710529
1149.13218400786,8228.26219817077
2168.97135539164,8986.79975214437
7147.32584377968,6998.48344609568
1585.88405643621,3768.23112742856
1206.32597596713,8725.38900858976
1148.84070702935,3403.20056814964
6918.85596324705,7689.52805714117
1731.45139576556,9074.33499970291
1845.65832690685,3851.91076068874
1395.99820625536,3360.65213683962
1018.76458264475,8777.84940210584
1324.5588459756,3256.62799001687
1376.14706371469,9047.68027500679
1582.42768923132,8854.17437032567
7249.79910729603,7189.46762708626
1656.6488075011,8904.2130912017
5513.89058874517,6220.53262479201
2002.70310587952,7244.20606374093
9009.2360435073,8425.87109422441
2359.94661482346,8889.24754772725
1491.49173383972,3248.73727911172
1462.90646717744,3306.1408386967
1548.43140484588,8948.76633353183
7329.41964576862,7544.38792881733
8976.32047907294,6599.37635575971
2114.02980944678,8353.95974716948
1947.92181697409,8824.87262063502
7183.5410672251,7780.11537592719
7795.90813188878,7799.98068967327
6448.86207501907,6706.34450721509
1111.73808231616,8906.82930804416
864.472571838317,3145.10904916625
2088.87669023968,8267.25793300942
7008.59112657938,6882.26905579578
8356.5610795725,5943.09314873186
785.031017560072,9091.07911350716
1314.19800987766,7268.57533656413
7745.12864704662,7763.19096777536
1071.59871218652,3593.8668341499
8066.14623383475,7332.93080392437
1166.61969702378,9043.41800224495
7534.02648262131,8180.01680285203
6823.38586948178,7675.79260612652
1356.75145156574,8931.40996389334
9033.6366373938,7493.89569299791
1057.52164029953,3414.06831204488
1056.5832761783,9384.34627508436
5960.41493393518,5802.77171566068
2113.61993722045,8249.99313146264
1702.03768428025,9288.24340954829
2651.9813840801,9475.70907890248
1801.59311122495,8995.15263702741
1870.16732931256,9206.92426766662
1518.31746836291,9245.54726604526
1575.00575156391,8814.40719485858
1302.54398483442,8675.42945035411
7042.12987479097,8010.8596365999
1164.38590397906,8531.48753557712
1611.6479817506,3572.71164165482
1362.00144855028,8880.93922471433
1600.76961585045,3710.67487088664
1912.49654634307,3670.67824863357
1473.50694992852,9068.29686715354
496.470126863941,3142.11656713666
1186.54078560914,3283.14922926276
864.864228384811,3564.24490523807
7215.90968403899,7744.43937604385
7757.07738911595,7515.4693925901
1081.74149173074,9002.50490261852
7958.96758878042,7472.26971611781
8464.07813217774,7555.07276409553
2244.34205774687,8710.88469728566
1647.92541083963,9268.57731482632
7125.87653925817,7277.70078379667
1871.48677946885,4410.2358241532
1302.5341347871,3714.71605484835
1009.57275340117,3464.01156828935
6664.80274579254,7413.24355250123
8291.83750484256,7865.10919863503
1292.66648557067,3720.27917815896
1954.85654663907,9217.96391865725
1634.83666785155,3759.83329792575
1302.58377213378,9319.57656484827
2482.63169713778,8944.97932479383
1076.66347161785,9372.42461490977
963.152283650828,8752.83800330322
1585.57353098163,3639.05226815261
1990.81876792388,3325.34318167802
7121.30601764926,7520.91075112277
1076.57780706641,8675.343824131
1497.16717030858,9106.69036752947
868.613755679558,3222.50622186515
1803.36907697492,8535.57418615686
1785.29968190712,8899.84585262617
927.778146256368,9250.55116409498
1639.43775206865,3742.80260433344
1862.75314279081,9088.66881288493
7773.87700842183,8056.91494607571
7249.28547007736,7850.23220051679
6963.87443716942,7268.85645701471
7160.18674684025,6779.09041079176
1151.03981445896,3295.14476549214
7285.97752496369,7352.48269343972
1408.75835975849,8914.42961845326
7746.63815663466,7458.89334510281
1207.56890306912,3763.77362724313
1564.59905176465,8916.28084932599
870.081824641483,8741.95049755214
7752.82338234096,6891.20036673971
1489.61345756434,3684.52845724709
7735.81807191094,7962.33624172136
1670.25648774092,9129.12669699842
1716.02015053695,3476.47467210552
1152.71686670218,8939.36924096965
7465.15413883775,7269.82518760419
1936.30731771993,7985.65122729151
6490.52827672703,7543.35480767734
1039.22246264603,8837.25879740529
7705.75317015798,9597.19530931135
1706.44781329729,9313.29543041328
3795.23293695177,3718.37141452584
1141.29124403002,8818.14197159319
6846.53740144601,7792.10708610179
2380.58874650079,7215.06374033348
2502.56573608177,8030.0721866835
7532.13031131755,7219.45180404132
1867.57309199796,9058.6354891286
7998.35455684131,6309.06771510763
7771.8432717711,8401.32173519923
7946.12569185695,8044.81478628297
1310.74239139352,9460.40471304
2631.90536838321,8761.39622044041
1708.71525904274,3712.84068987913
6923.39425695282,8243.49447384208
1226.4369753314,3352.97042658747
1748.70604941535,8817.92087778366
1752.8348685265,3436.50050669803
7517.47156422249,8078.65473184686
8537.01877653842,5091.72344867021
7776.35564831784,7248.20741040222
7045.16481881012,8222.92681273652
1477.30229969381,8979.97313198796
2057.27824213312,3833.20450003573
1382.87880446006,4013.73744024313
1520.3596494812,3553.38900946706
1342.01273495943,3505.92742158588
1469.73411493011,9079.99438728518
7409.85943862379,7872.63491686024
996.820629898611,3601.38282516522
1260.91777424254,3334.06342559169
1018.39127209045,3147.76531764907
1268.28357302927,7765.51452488904
7765.89845373385,5562.23188767361
2358.72395511693,8592.85943063401
8128.17701502736,6287.41186784959
8412.87101513232,6663.10099944875
7440.49927448115,8034.06287647654
1300.5305600639,9269.19614122504
7684.85221278326,8103.70336337672
1284.93965251503,3356.76086298678
6890.7145709316,7591.96688337765
7364.05418318439,7027.89489679005
1870.05729097303,7785.27943904586
7490.23224625919,7321.58662981061
1257.23330179671,9099.94701840075
1620.57567318901,8917.42364210488
1437.39752542002,8868.99683994403
7147.02639796584,8193.9472650941
6350.99782719933,6356.12362579582
4422.76337066041,6040.65687092951
1754.73722524192,9157.18787262561
8301.59946739707,7198.83008311393
3435.27647201602,8929.6927020391
3507.17351378858,4217.98810331398
2018.54943270316,9027.64000992337
1027.70052316934,3665.69360472367
6587.60234766291,7673.55213072488
3004.28933163355,4048.45684997683
2888.90642729,9071.80950065205
1004.19801872951,8940.72915783944
8906.02914305902,7382.56328938918
1354.96024724124,3641.747646617
7707.49564540993,7893.41212132771
3611.16705928706,3366.33451968481
1977.96688550803,8943.81394382889
7142.24084472264,8314.07452161982
6499.47530459054,7246.57884593995
1533.45983557833,8372.51926179778
1311.87711914138,3557.59064151763
7663.25522967839,7641.56132566459
1480.28712517852,8861.68618370709
1904.86738843981,7926.04972338024
1199.54683957153,9023.62631316793
7505.03767149223,6831.38068070962
894.425591915467,3206.58611835973
1342.04560396636,8968.69971868169
6877.11383406714,7366.23751220402
1280.4769655442,3512.19378088295
1237.66738181568,3871.39256831768
4834.20717758073,9135.26905120149
1671.15454792787,7995.72024631633
7983.66117176081,8630.60272247701
7773.49640462753,6477.84163048003
1612.27889386312,9045.30838329835
1131.88492258384,3685.63562820286
7439.05779016521,7744.3316606976
1382.46420824774,3550.06889821871
1273.73124171895,8920.9275926395
1218.36911514176,3325.54882039808
1686.09862137335,3939.37893122881
740.402289828828,3202.74017693461
8590.54734881314,7186.24275206909
826.96717220802,9056.18565587192
1822.39573379557,3587.64352394461
1935.5924149941,9020.92701779353
1029.01067824492,3138.08388059168
1117.05836565451,3419.49300018885
7952.44589766675,7053.68340380701
7802.2968085433,7815.8885246498
1700.83944711271,8858.83697508689
1405.71206210816,9039.75558663583
1962.21667432678,3904.41724559083
1231.6052354221,3967.9987450527
1152.66323242564,3433.1597169783
7397.35236405682,6914.74084891764
1379.85403018036,3948.52030972878
7292.38568134109,7730.04387562339
7614.47325657484,6456.94420306805
6742.29979656422,8011.1145507895
1319.73012353321,3416.07667208666
7671.66149194568,7147.05938328472
6470.82678103813,8196.84657073031
8786.26179509168,7303.56906678986
1702.38279779016,3692.6416194096
4317.1880918589,6876.22003304342
1301.11225090615,3526.10229671744
1620.74380593683,8952.24493269755
1520.73608426303,3740.14070239675
1686.67615589335,3710.79384494924
1387.27041197271,3508.33870593568
7706.58310322939,6108.22838673971
6842.9528546152,6888.39699406475
6693.00426286779,6538.1148150606
771.9032069079,9080.10941623775
1743.04919457465,9107.4969921792
1814.84640416039,9106.65678181938
4923.79964303983,8885.49646298107
1274.10420533782,3445.02622540518
7469.11058737389,7192.6013261385
8488.53424529125,7591.02586920393
7309.14894631808,7862.74766799646
1497.22194146793,3700.15757567268
1992.19620910692,9205.27936303834
7283.93164881867,7211.60542646154
1799.82251087552,8438.70477897537
1819.31456605291,9418.90608266162
1570.01062424373,3887.61809831122
1451.75301067901,3320.03987684808
873.066048713037,3173.33057793743
7135.3759064002,7600.74900334841
2391.04553963082,8506.22816236588
1171.9581061118,3430.67820749755
7995.8271014204,7743.22086399631
794.573222885014,3472.19893548306
7694.1318170556,8043.51937624115
5675.77596921843,9189.02985383057
1496.2669743991,8978.19299723761
7941.64047157363,7166.90578618909
1159.71811065555,3152.40491536872
1563.90821167515,8901.89812383611
9101.07866650108,6397.18702982633
1022.10537408085,3332.32139137486
2006.67509071717,9305.34717281462
2279.18384985301,9047.49089450004
1794.56074303043,7445.10970666258
7385.85022757447,7281.14453302882
1733.14144346799,9022.54785666269
7083.36925636469,7412.7883202072
1478.03928634094,8738.61066430389
1804.73464930487,3859.54065128308
1065.83710044527,3603.87038313416
7944.01645493278,7527.9446950324
8678.61084274995,7324.84453898179
7438.34739979977,7779.3544115285
1564.53535830395,8354.89952125853
1234.03804733056,3366.68718071524
1737.85077696262,9089.93492929382
8136.131483984,6711.54938069508
856.86934776032,9147.39962645187
4023.36001603162,9124.43396056168
1611.34465371404,3685.93054325316
6607.6663790871,7542.23471436716
969.821396367438,3672.19784014295
5965.8683898158,3212.40997542835
2190.07632512409,5940.08005990932
1063.87945841031,8271.60890160974
7702.93465875359,7150.24010388321
1151.25938325635,3362.86382117529
1657.53918507793,3927.41459567048
1871.29214305318,9043.00087406552
3031.59042836755,5869.88655482569
1768.1373444163,8786.83430406381
7494.63495199582,7777.54260802788
7830.38391121453,6727.36414236199
2114.20501849239,3459.26131771867
7273.70486374374,8047.01695790142
7673.55820584924,6589.42107427787
1522.33114850583,8982.57794685573
1690.67064766795,9001.65734609125
8243.63515487982,7569.605373692
8348.24094776577,7499.07607017126
1516.04166438244,3739.37834788472
2314.44255682755,7980.95823328191
1887.04466133257,8929.33286847047
7245.02198419683,7653.05114504016
7410.18517198018,7492.39291207174
6780.1106281568,8027.2538961164
1078.43387041633,3104.41746746906
9102.72200183466,7657.71433887164
8342.39482580269,7548.2630766155
7434.49101266895,7990.43804556164
1540.58333639663,3306.12379021208
1464.50264082882,3750.27506623252
1090.28760129848,3490.0451306058
2214.58061526344,8322.34185809161
8453.32025546456,5877.17589673399
1284.69558809304,9001.33507583413
2517.55368095751,8431.21367049197
7069.5688716021,7980.79479548423
7374.59717463403,7819.96576311571
1622.99201614732,8774.07405150284
1066.57247301642,3648.72640106877
6946.22391274131,6862.05933111913
7471.88206480491,5315.75592909362
6559.14910632872,8044.6694779605
7351.06142348304,7319.87453536405
2740.538741724,9047.87322945444
7357.72409570842,7837.7391946064
7435.30292675205,7940.46743186981
1583.98737363062,8876.84300704113
943.19369227201,4334.75390504494
2030.69054204194,8872.69897225986
1238.74747525886,8937.18225212136
1396.29592256441,3533.08081627414
1114.78118167408,3274.87111608433
7130.98295749411,7787.86216905091
2506.01485251688,9241.4323762373
8658.71828012254,8105.32505990811
766.733613616391,3041.58492046024
1703.04452809191,8145.77135164723
1652.48515358757,4266.73888059779
1377.93201647056,3554.4492227138
7270.74423405549,8252.61553016121
6980.8614330763,8216.20655804464
1196.01737872593,8888.62748335463
2115.31342888128,9109.96355685456
7367.19563090043,7466.8906329296
1247.03231920089,9116.80667413444
6391.82540360704,4058.79373488812
994.46754168471,9087.11374984301
7080.11213384154,7895.86445878705
7526.654672307,7994.74378369121
3015.42883563228,8625.66812677123
7905.71229602964,8501.14848608571
1276.87709981021,8975.68926400467
2386.30797365624,8972.73934721545
2018.82555883141,3383.08586948267
8262.94820148674,7347.05152790155
931.81779607577,3113.59556358917
6597.07360437425,8039.23820002773
1404.69083042737,8564.34367727079
7622.18998874424,8169.94975685239
3343.14153370421,8872.32664742328
1850.50764079677,9312.33311086467
1114.00326413819,3297.74420343747
7665.55623903676,7619.38463906718
2008.76558946109,4193.49962694161
7623.06498938371,7616.60355958388
1813.9278925865,3761.66195534393
7851.38670641921,7081.97536995059
1813.44443208029,3831.00060450516
6974.88432223867,7189.99667728837
7324.72134526198,8132.16039151184
7823.78686373687,9155.80563686063
2340.74853094265,9426.36873821526
1854.80720732117,8086.95712039004
1568.52077748719,8779.97026338247
7493.56702960645,7201.78213101587
7632.66286935252,8099.72630526584
1887.22260126388,3962.49548364119
8145.27655882916,7280.67406961568
1325.24308566396,8730.27530690526
880.348991998984,3451.71547586464
547.44314361317,8837.30738276929
7503.43097334287,6716.05090375821
8056.40243900888,7394.96192654149
1590.19683212918,8857.82284167147
7035.43954024542,7803.52788214393
2136.14983606816,8535.5322690244
1209.92800341269,9001.76162156765
1449.41312906432,9303.17234517246
6512.71536976041,7612.73446028327
1829.87842886094,8983.26538368146
1596.82838905357,9009.6124355469
7737.35565233087,7808.31770939505
1499.34561643577,9289.45799216608
1476.29141512608,3840.41287137592
6120.53585544949,8003.08788862544
6706.59102261755,7589.65884396592
7991.29948183596,7721.4643034805
5968.19135350518,7358.13122967271
2062.91949340263,9150.89750403016
8212.67654219046,7769.2865012935
1533.46832025798,9716.09871764891
1133.09261897367,3401.80739725594
1309.05414798415,3129.66071878848
1168.06597799601,8977.11718522461
1360.33711438814,8884.74695677508
1453.86502991881,3329.7101785985
1537.28132334087,3792.43186104972
1516.28764576176,9005.33054718371
1729.71436244188,4146.36191670737
8138.59319013262,7950.58216636018
1440.4876962409,3324.76729911371
1322.7812527639,8367.38756482587
7671.10856702122,7049.4041508096
1534.51417085328,7985.06777657908
2189.7664257761,8753.48215655578
7014.83917003891,8738.64139288203
1448.4939478815,3528.65133654814
7994.90457270257,8192.93833097496
1393.40305109434,9266.39822682364
981.972854068582,8857.65526243342
1624.75881261178,9130.97308323152
6335.12222247764,6396.96588291116
4348.26880788439,4467.85351063258
1068.89137749703,9145.81696184787
7486.03823398909,8601.27080678973
4196.02290393263,8317.00733760133
6905.07141715608,5501.96855272808
2019.12678582713,8915.40186900887
1105.48366554458,3662.06959994947
1609.11570121651,8283.81513251078
6659.63605067192,6441.87469021424
6919.34281838028,7953.0706977664
7481.09987645739,7962.58467757362
1819.41355847653,8801.67194889897
7723.82536813474,8089.50911078354
1549.74013021963,9048.46619161795
2235.47464926829,9044.26815564003
1180.41792060985,3072.28177961405
1684.95519646186,9171.27131083566
1872.95673518972,9221.39032159591
8465.51433761157,6769.64300553823
7351.06813904248,7986.47649379765
1336.67217019613,3524.01192375516
8427.23164745201,5922.33285025094
1648.75783382985,3685.08517493321
7582.16115875138,7443.43817106687
7466.39045535998,7342.87816761651
7758.702661111,7371.48737604399
1529.00011551279,3909.25564133504
8001.53155549598,7717.63263784349
7605.16158054382,7002.89630621057
7337.82308492801,7757.49726151503
3583.38419341105,7267.65181586081
6800.45546652498,6831.81055378086
1738.04339091265,9149.73116634744
2797.81112579149,9054.0313682991
7427.81357150761,7810.8680007427
7398.64432738905,8153.05355639316
8474.32105874239,5249.02557891182
1765.63981731291,9134.93346134613
7290.57002431712,8248.37331375874
1447.08325254002,9031.22297152484
8428.13717373555,7534.87932514321
4140.54710917289,8137.86087641383
1129.80046843419,3489.47653783345
1466.20640343205,3640.08097116751
1329.10196425593,3799.38732356559
1234.25037382025,3542.90156944893
1027.25164600255,3235.76559547157
2237.39852824278,7478.04881431469
1010.1208954161,3409.54581215232
1892.02594924688,4155.53142682366
1892.84185924369,8935.10221855014
1785.02556390535,3666.67033363586
5855.85542533817,7484.90621761952
7745.44066389815,7521.3001777512
1590.32342397791,3763.06958718711
2127.181351441,3838.39828163538
1581.12269582484,8724.19065462195
668.207141556373,3680.3567529753
7322.87788110836,7958.29665690118
1033.12187731969,8509.88874142628
7513.86565406143,7630.01214975264
2082.53903057503,3570.43634733455
6824.8891972981,6503.91980802346
1262.31203566321,3913.54936169349
1567.22332396944,9170.10028379136
5415.14112932702,3779.56919593357
1517.80968886335,8361.41857541801
1899.45543089559,3685.20465192678
7295.30741442455,7595.46354257656
1767.19907297904,8928.47977328287
1750.51901884537,3926.23904742749
7285.63381870111,6855.62258481035
8170.5161207571,7703.19227463335
1091.1276638646,3398.77180581725
3013.82350103399,2897.62516334255
1402.96287652986,3608.16866349566
7308.30942100781,7306.75199736539
3537.50485788666,8932.36791494935
1743.75404752997,3851.20747001132
1770.17686099868,3576.75450382028
7145.18725393082,7791.02847360817
7149.58660312601,7486.00305939962
6857.81567456577,8020.93966457676
1056.01335288392,3184.55315459891
1350.4093914958,8951.553983063
1216.34624978526,3517.61627577718
1617.40379898546,3910.6461832706
7142.54233351937,6963.77708019475
1241.924433735,8786.15989031829
1310.94719679158,3706.67012662635
1118.42678606485,9159.68068965792
1400.53653954741,9288.7936982219
1744.84570107511,7722.59173982824
1611.87914513612,9137.03238119742
1164.57009440468,9163.26028600354
7079.57367178752,7818.70913818987
9228.55623605866,7651.46854612715
2525.2784268784,8711.67742075759
1195.16739098442,3545.23042971267
1545.84085212075,7857.49752496063
7621.71830682325,7999.94118899076
775.44344696344,9101.96604874083
1640.26199729289,8990.83799050644
7450.12259631613,7668.00172615419
7779.60894290199,7323.04166468795
6934.03775574542,8418.12119300307
1447.42019056361,9167.17517304855
8129.29796025992,6488.9857996194
1669.59064240791,3852.93751045838
6784.10384615891,7330.86491587032
7367.79481075853,6944.30711360846
1729.7925019132,3703.30773590832
1530.4272680837,9008.55911367946
1383.10738035852,3706.45181020453
1529.50073162795,9196.03262354964
3770.68401338813,5951.29679177717
8143.77913671867,7644.52772064964
1215.74021199676,2667.64581927699
7744.71671445416,6988.10972246664
1762.38692082286,8752.15320856286
7451.36390539373,8165.72539839494
7583.14456579759,7741.35288598037
1182.99703471974,8932.98195625505
848.291505269273,3092.00358889277
1634.22015359514,8692.55629992714
2122.64863611373,8798.08184379288
1435.92310352237,9225.3596891994
2884.44043549718,8243.1863204766
8248.83768630273,6908.25671674696
947.428749458979,9165.64295443972
7702.71446258115,7748.37408823534
8611.12713553566,7910.12862961457
6790.97035350231,5922.84878300578
7858.75470990151,8613.51098697938
1694.13829340167,8386.48200030889
7504.21716713537,8060.5666337663
968.827919669751,2909.08218460872
1358.27446027103,3593.3092169903
7196.55137802147,7472.64453399959
1281.82382299406,4059.26265190715
7576.15100826701,6766.26896767954
7001.44467370189,7584.8841560181
1441.75084697341,8637.37067938777
1027.3357591534,9222.93834578852
709.017187122995,8714.28697243612
6933.13256523628,7480.68033203796
1131.70159574814,9126.9302886132
2139.03835708568,9176.43690980956
759.721372708501,8759.1189062441
7935.13243687017,8220.91469169862
1559.48614343845,3352.16703688441
1274.26458839755,4147.05938167055
1592.59884265601,3543.17916372817
1680.27608958318,3842.14925485332
995.233127625059,9059.35270843923
8268.02763080281,5966.22213771688
7337.20246950888,7555.51104243897
1220.18181765857,3583.48861670654
6781.57035097126,7261.14977658337
1295.11062748314,8845.02644451464
1944.60704370734,9109.02345928605
1700.84428184096,3570.85985925911
1283.33550689098,3614.31359623683
959.299983770064,9106.90269511293
1517.79239229624,3614.46326391643
7516.50199715421,7878.0963855717
6997.09883650777,8084.00802070781
957.070187373694,9199.54979941852
1104.10076830027,3652.32799711208
7373.6737152281,8783.01791654445
7898.77827743359,6527.21363089998
1263.33300128946,3530.48817017631
3837.80556855715,9127.715864547
1425.72655408126,3720.65254452838
998.318835186613,8930.19988637079
6793.02937364568,6924.92963580561
1198.44988281179,9119.74274134063
1787.11448736776,8551.26635365328
7875.81970581707,7198.86928432942
1164.17036565511,8789.19968665311
1431.51880552732,3646.17071184027
2403.30614158122,9113.48679498117
1561.13189727937,8720.31151106095
3465.85855362124,8649.89188472341
7826.30150413262,8298.71491202265
7936.37561328779,7337.27117871858
1062.0717099279,9203.32277441139
1507.21896128209,3751.11114795654
7741.09140754228,7823.76603404421
7479.50459001177,6670.12316698789
2107.94587817146,3801.25860280493
7660.08564653428,8202.70931201419
1821.39471417774,6806.83017862021
1995.73768426449,3854.96512342667
6717.16602741989,7840.18461345253
6879.81403929569,6812.1042380294
1212.30294922704,8678.6590727281
7963.43064718955,8205.56978384303
2742.44095941663,7895.2770201053
7217.48989199513,7475.81069305671
1139.33639506657,9085.32451203636
1060.06325297134,3354.12567226559
8257.44822268777,7386.39372958587
7757.47199203078,8044.59669594301
605.036272287182,2991.01997566182
7343.13084025725,7227.49800395469
7861.921934183,7514.67875025817
7422.38155231785,7046.65860635725
1705.49329298739,7992.11322098743
2342.96002275937,8929.28532405041
1248.62410905935,3793.17606800986
2777.10850933363,8853.96167162199
7873.77740131091,8042.13014443616
830.395168149422,3389.87021436005
6633.90016337485,6805.19743829804
7599.73162587362,7848.4777635012
7901.42585827712,7733.59494885593
7589.14195634661,8047.63742480213
7948.16035843963,7401.8534132185
1199.55002675192,9067.21145352431
1688.41819379347,8838.85023998698
1133.62644716321,8875.24480518758
1295.8667356427,9114.06202245061
1642.43332490133,8985.99928562369
1750.03662737003,3703.82327888387
8040.721895656,8026.56281989093
6670.76569977456,6474.56297868338
1596.30283603775,9356.51296215659
8438.27052752173,7197.64888032857
1680.91206240328,9609.84511479255
2224.71727872134,8157.01998428924
1347.32379726405,3376.95040578986
1020.48716936931,3565.75757330057
5762.37495082181,7652.93340614631
606.386527047685,3439.48256437876
1158.92666831307,9204.31407765127
1628.16109909327,8549.73038316706
1443.69514685003,9065.59839211373
7246.53432978475,7654.01516697051
883.085198172727,3452.78579693278
1444.00834448072,8956.46063083173
1645.50373476327,9067.2219166795
6774.44816856996,6656.26047649547
1105.92507856793,3189.64710344359
7907.06995699368,5359.64825073826
1352.96478646593,8637.41568651849
8057.29624419094,7232.14094870666
1775.63637183265,3773.68714239328
3157.87142385712,4735.54983470524
1863.51749254746,4012.27954223163
6889.83545082853,6100.02891968106
6695.85667961525,6828.80581539317
1777.55244472118,6401.49428314099
1335.5500992461,9281.99464231251
7950.08425504404,7526.02432599929
7537.53448538751,4126.33087986072
1422.40618954452,8985.44713674568
1210.69162196583,3402.65170909178
1778.44831293525,8873.77892401969
1056.33820072998,3535.10062015702
2056.30785104642,8929.93300010443
8806.55411063057,7300.3534726074
8614.90652014319,6508.36976128545
2703.60366657012,8037.15243345086
7255.74027662751,7647.32527236649
1164.2010380593,9059.16664240998
2005.27861372861,9238.2961876918
1347.81370462916,3335.78477340549
7318.26286437296,7523.39108052948
1131.87638814159,9074.38811780417
7828.31396840941,6153.89002725142
8683.30880951245,8323.6544909814
8340.86190563297,8033.12508783131
1159.30807455382,9124.22496440969
8054.52792842753,8398.74853512321
6554.36208337334,7350.16504650161
1885.13188548965,8917.51833853644
7937.00132844489,7528.84137612479
8277.91633248517,7493.81601726306
1273.48800402532,3787.31378812098
962.961618017332,3353.79987933745
7982.12267558733,7238.33196200496
1708.64886417567,9173.84976062207
1675.0564227489,3816.60455487309
1472.57010068405,3798.17862990174
6574.99323296283,8136.04030111619
7055.35207551101,6640.09715316632
1284.382848994,3095.24774194879
6843.27449379376,8492.66998549949
5586.61425550963,4152.10113084113
1618.31901165007,8938.38995125926
1544.60972975151,4024.07153593541
7029.48870273983,6750.87412388066
7704.09112521952,7611.52183523869
2426.79211369759,4338.86230736016
7075.49294639307,7438.12370803961
1062.10655888153,8376.74334698283
1659.61748412151,8907.48527864328
1100.45592321061,3497.41019985102
7455.03832983165,7856.80126511391
8346.97022015028,7581.37691085414
5734.33712543221,9003.49146053682
1308.92600332552,3346.00046106412
1250.60607668239,9079.94037774354
7579.0897962434,7431.34680328297
7486.62915213531,7595.29522822161
6133.47900462943,6436.19291825113
3023.6538980936,8628.79710732034
812.549799580222,3404.08706463427
1518.50552885672,9144.44700980382
1445.37515266068,8951.78821416349
1402.32609413529,3460.49044766528
908.91565990229,3113.40131462384
8145.71106466323,7594.19584419712
1723.16784609529,3406.93230768589
1135.27954122901,3042.09792593009
1035.80167554272,3234.91241638376
8164.6037382251,7927.20341219396
7313.45984902743,7492.50797222387
4895.75601779656,3590.74995365814
1915.56730870423,8356.92885189676
1834.34819318504,8417.78519019542
917.573611969137,3250.57664978365
1560.7289524722,3246.78168929462
7943.93661606608,5399.39096766007
6868.09748453545,7621.19754913763
1594.50482685674,3653.43628946789
1493.62427452039,8998.61048148118
965.302749987534,9100.21886784496
1523.37378459279,3686.93630575568
7696.10222924928,8417.56379805936
1584.74661336573,3758.07200274684
1838.09036798369,9079.56942943499
1408.52459559552,3482.22585085614
7549.91986122384,7434.04027097831
1074.51570521345,9157.16043626498
7659.93110336065,7999.77354595223
1619.77509851756,3921.54662771395
1373.03567301026,8822.79143401373
7444.71373546612,8254.51941052209
8134.79830292454,6890.31054385788
1416.09742447374,3967.18377039733
1544.32281163386,3421.69802571232
8005.91226054909,7075.83621691385
1848.16857178968,9199.20058418139
1858.44761968902,8187.50142733652
7194.16848256786,7527.38723620282
6636.56401303604,7196.61888528388
7667.98373334265,7878.39828357769
1899.50098927151,3833.25936135223
9376.16589326222,7669.10204983512
1839.16452532695,3802.66814738747
1404.51199276929,9129.26326386405
1271.81709983721,8224.37497966581
7737.21485699629,8175.34298774196
1572.04956004883,8986.14840769645
7089.03339415061,9240.88827152406
1228.42094727192,8557.0487358091
7619.9815307538,7530.72126228496
1553.80688598204,9016.42599193892
8355.35962977964,6355.66153469684
6355.34800471898,6321.87001130908
1982.03028267772,7527.41985615974
7006.08871285489,6748.90321009466
1075.4854568161,3255.54022241637
1778.41735452462,3989.85785185082
846.287517943021,7917.1374754129
6838.90287062011,7440.01342180405
1521.99542764145,3939.65408282612
1304.68802297656,9010.63616708972
1683.28168150748,8432.81081142838
7423.97169554533,7790.76823507246
918.14293754262,3785.19131506736
1592.15448998779,3622.52503311074
7032.39847473759,6990.43442214005
1365.14321033118,8803.40110554987
1050.2514244653,3515.83603447251
1326.80270477252,8813.29636563134
6587.85486508456,7539.97512880494
1010.26066521375,8458.1479672258
1454.63991006811,8782.56888626561
2398.55280493943,8805.31139716591
1294.30843956486,8910.5353229859
7728.30551402706,7716.123207796
1771.30517779414,8189.51139473467
7750.21052661374,7802.65664032866
1020.46197737436,3357.94090044497
7841.65912504337,7837.6922047231
2127.30168312383,8614.80258766926
767.437810756085,3304.88337735063
7499.71311419214,6562.15017040661
7818.07150055688,7329.34332487253
1493.9500740889,8514.06845919227
7906.91459067614,8772.10342313245
1310.35441669348,4597.77729820741
1994.66275044558,8970.68433245424
1569.11284249964,8749.00281291947
7287.06188170583,7240.02228873011
1230.56323496323,3586.48120456277
2467.24502530864,8928.79415386781
7871.97087847258,7279.80684078034
1546.34732699865,3794.75969908364
7307.3161892976,7152.75247113585
7723.51373522663,8125.96464892473
1154.40780597373,3320.51166555214
7471.23860847712,8217.5041102523
1720.2361945007,4156.0395863935
7087.39274642259,7339.982269125
1722.92890409773,3605.94183183053
1351.31809141604,3775.99705441139
2034.67308967823,7916.93238030839
7678.30757033949,7206.83832156291
7491.11848722723,7719.48380848494
1060.07837021255,8962.14936032933
1674.46325437488,8753.90531535231
7403.76710195242,8098.50272171955
8204.48322673974,7084.70056227553
1050.05137495756,8803.21132039098
6930.96014336557,7216.7311811765
1771.17575207864,4099.73599331143
7532.33829756743,7003.35644482472
4017.17227025569,7963.7767635534
1167.1586223977,3860.22968411432
8995.07749162931,6866.34011140015
1874.68289800892,8934.30575404569
7498.2060687236,6911.15975294533
1082.62670586904,9035.80534113993
1140.04506523308,3104.61109495615
6472.6384636379,7933.07152741493
1668.49082522775,9096.38760696548
1518.08842479888,3624.29022390952
9111.44115930141,4659.01379586941
1701.82409586804,8141.9874104161
8013.43339357255,7554.7372070371
564.212634321113,2738.79348815651
1413.69832554963,3619.56130061897
1805.04086397909,3471.38667775658
8615.35060047338,4628.79784296942
1103.80636507489,3190.96932459348
1547.14935314155,3832.87404151411
1457.18961406658,3757.25621023573
1817.64073512311,9198.38528818107
1401.32322860372,3653.71786743063
7606.98639750107,7624.86821568732
2329.20572557007,8164.59535134362
1400.60124928734,9209.43245439792
1108.02589899647,3524.30216067258
7520.09842375858,8241.93859715964
1685.74256314507,9300.87270010852
1126.50420329538,8326.7329657063
2161.28642163766,8011.17970521023
2007.02350569818,9394.55238054409
1016.4136000173,3366.51771903652
8506.77320471279,6167.28657496989
1663.31795773745,9367.97012510161
1362.45130267728,3768.79496503409
2227.5275943552,9267.51060410283
1186.36138036576,8672.58141501361
1407.04568892055,3680.2942717169
7013.40966898263,7804.83277091051
795.201694680898,3017.48385751065
2843.67415352775,9102.05677049196
7805.18223073247,7403.22377168019
6665.07352598991,7369.0764927448
1115.5206793469,3572.68322559956
1209.08956455541,3348.63098261654
8601.78734651278,7766.90483561068
1509.40102833521,9065.95840326026
2646.85831549787,8712.76856241365
8250.03041115729,8104.36946437546
1118.79662180715,3400.96060431895
1630.94880859078,8998.79683300446
1235.30391271747,7878.93883427604
1180.82858493868,3519.73293462429
1168.71086436103,7989.95116387514
7139.43493367968,7140.52686335137
1297.60933267945,7887.58050844262
6248.13222391517,7726.80485198678
6741.31607885726,7719.0742331648
8356.79262346362,7816.12327164994
827.127317670342,9115.77220499599
1960.06979022203,3569.1384701087
7193.09398278868,7293.77892325096
8113.31647508409,7416.02640891037
1704.34585063957,4408.08035135546
1209.39413798445,8884.9645396926
1358.07008218286,3557.56558450384
669.289834123201,3313.48042294566
1077.53109756525,3213.27469900649
1059.84326153446,3432.73521481687
2137.95236385718,8801.41186611886
1621.30881305086,9055.78509580368
7477.68893569664,8192.46021585525
7098.13992156119,7584.83810435005
1364.14837623838,4772.15600598398
4482.48113925966,3538.84441854162
6078.14244875117,7451.87612139135
1646.81513665554,8744.77445646905
1940.16555252562,9222.91522436433
1145.32395285578,9287.51714099272
7997.4371004886,8200.26281317907
1286.45639282343,3768.28161103041
1311.7887950249,3846.32678280866
1848.56959242264,9175.50583056385
1215.16377098674,8891.13909468027
965.836447250153,3015.99863274777
1401.57918593791,8383.78340615232
8012.22327719002,7339.79098640743
6955.07510390748,7748.4582991211
1870.49153052575,9081.8083821385
1492.38097951116,3634.02626211428
5859.89924973199,8796.52283930032
8675.97835296672,7685.67330272858
7982.83467787925,7265.69709159499
1918.55009085087,9044.82921485097
7875.48265160381,7989.99244300985
1917.37825922864,8915.00954290591
7459.17652681989,6209.72082959478
1061.84270518887,3200.44898353902
8884.60849259781,6932.76560732297
1554.36876239004,8926.82879974638
1693.457741219,3340.86898935836
1197.01012949534,3457.63695249052
7596.03478181837,8609.47115655062
7709.48766254358,7656.92053106761
1873.13970978702,8950.27084089166
7208.57091276103,8612.09907200665
7755.44805589699,7706.8942779807
1491.11008724771,3417.85985712789
6289.3663862827,6986.64582619618
1504.66293723754,3924.58679078594
7430.9351717495,7363.17061967897
7541.87036130027,7853.3047296905
8802.15875068617,7962.81363914546
7350.91232530582,7684.76052051928
7194.12780222546,7632.64273514114
1448.51880544658,8693.39662868707
7465.62398127576,7917.04604774742
1280.68832972727,3465.7820800257
1266.00533473424,3258.64646585943
1226.3739026604,9202.47086439449
1317.90317815996,8473.86479321306
1386.29750480576,3629.60971476681
2222.26681449127,3462.08756234401
1469.20962554951,3699.39893721754
7896.40438084701,8104.36528215544
1729.6593831823,3891.73414057667
7210.85520006348,7815.66135879585
7546.23994049583,8212.40177437799
1449.4551015905,3942.59646862483
1029.14473730124,3275.10784055046
2072.46889827495,7009.84114571693
2091.32276287232,8685.92690285162
1155.46155549429,8805.78126913298
1183.64339032156,8702.37603736627
7531.73495209659,8010.00966366267
1469.5913807972,7894.74289272006
7851.82580907504,8155.596073741
8445.43285916795,6812.06237027144
7580.73151710769,7868.79638274383
1278.95277509932,8905.03942583193
8254.54695347798,7050.7329389049
1028.79535347314,3340.50519919468
7645.97215112587,8062.62494187328
7429.82414418944,8059.8092549058
8532.76720405651,7450.01003343485
817.137706778308,3536.58468111559
978.562857381568,3219.52206890624
1399.45391675398,3809.26848844521
7265.33189180147,7223.50422658495
7290.14944421298,7298.99662699394
1278.04577638684,9027.80266625824
7214.81444410469,7271.52262429431
7422.91516836183,6697.56382007974
7870.13144736483,7689.2724495993
2070.8242217687,7865.33268250198
6952.28302067683,7324.23012102235
6040.38855172383,3615.93721702212
1428.62931235363,7881.89752237085
8092.45909961344,5905.22767618848
1881.4294740539,8971.09823304943
1096.82558261025,3389.82353092948
1094.0968269029,9120.87401940216
1877.62622763957,8319.99832223478
1881.9531933473,7954.03708186563
7084.03522106486,7558.41261500276
8060.02904975395,8498.20485854006
1837.22142004286,8728.36911705647
8906.04486070605,6571.43545078961
7140.70901961097,7646.61380817555
3412.81674769322,8337.03166630863
8897.7028382894,6271.98574044284
1237.50108143588,3860.79041177777
1152.55718412555,3158.39357109633
7403.43073187476,7097.83876506895
7066.2253751903,6707.6222866136
1438.38238074052,3431.94768609307
950.102826338197,3216.62382254083
1310.10050630338,3238.52147235337
7261.45850483323,7683.85809519992
1113.07433493618,3213.57458944379
7392.04541347837,8011.95896095291
6802.64268295298,7833.44539362281
7389.68843251107,7017.57738650849
1274.62401225003,9450.228139456
1138.66850338445,3734.62914918247
1549.43171570332,9159.26913184344
1641.25359125217,8935.33635796075
7104.17877768871,6022.58614651896
1178.98427373418,9088.79490895684
1892.69756441991,3634.38525694463
1294.89168097443,8532.0765863135
1590.17478075338,9024.12275683216
1132.40431930867,9158.81254382185
1513.72769310748,3863.22971987754
832.296576922066,8862.95071356871
6749.93763513618,7243.96512441472
1741.26223383156,9102.84797880627
989.133758843087,3486.9055945165
1631.08043430038,9271.47759070151
1247.13730387786,3733.20383509142
1532.63547308454,3570.43912267307
1675.71894802262,8382.464898829
7061.98052365519,7640.2404676925
7549.03831623984,7037.13265758001
1224.21719700364,3488.27204268182
1211.23646101196,3667.85893033743
4644.53640531158,8642.04804089704
7343.02897609446,8047.03861723325
7868.33223447853,8121.37015659306
1064.75997665085,8827.283039933
923.749948098225,7808.73962859176
1770.07400299095,3684.81736807582
1512.88371760321,5084.46846197821
1464.41456943078,8952.36166922735
1318.17588473819,9216.52319305797
1561.09570729694,9305.09774088276
3931.66721996634,8807.0982769299
7895.2300935543,7826.25345485125
7700.37781135818,6993.85000157319
8186.2327146749,6319.214034706
2157.30495167426,9294.79017759997
6946.40012381776,8054.49269040162
965.207163980636,3258.69303134009
7538.63746475765,7830.23308229901
725.199684772663,3484.57092336615
1412.86951744313,3574.85739336751
7434.3266519278,6591.3068945153
2115.90956838492,8263.51187404286
7172.72247097963,7103.17520292398
1601.48217498522,8830.26124571286
678.930721802495,2933.74913005719
998.740960672668,8838.06865637039
4826.60985431908,3499.69114599306
1323.69273652485,7570.81450240353
1870.75913144643,8282.67940388996
1097.57793664771,3370.62149463973
7723.2292674879,6972.62776518496
3372.70282780268,8843.95966157088
7101.68129588962,6136.11281210056
1634.20137379687,8894.8773551735
2022.2456053159,8666.9161637581
1776.74954639987,9178.65299241493
1377.6271719763,3143.54386139027
7592.5499349526,7555.26808427087
1627.20437339482,9285.45631912658
1222.16044375596,3605.07861822806
7336.00346848373,7788.45568278235
7393.61359096084,9008.92273506439
7555.8344874778,7971.50245672561
1345.2664016461,8879.92576129922
6652.88539494784,7310.64327691926
1275.76184656789,9392.66058165094
1784.65379066253,3489.65389236745
2006.55832552696,9007.2114624678
1171.77541799656,3715.03530747848
2268.13908141942,8293.88277998876
1245.42520726653,9358.29260450942
1257.44965989455,3835.12423258292
7852.10267845841,6637.37354869036
1555.33253496459,8876.04792050021
1228.74022164065,3549.15378719812
1920.00719521723,8580.61427767466
7536.43048762878,7031.50270298891
1385.49642005885,8615.75578294674
1571.88432208476,9183.98573130183
1249.48401862359,3535.41170391878
3941.23941227604,3812.44056318336
7854.1087738839,7180.87257155862
7160.95866950111,7971.69827675172
7488.29281772885,7786.55949178562
7738.87161401019,7877.89056219815
1568.30540205565,8801.18413022868
1878.97946038186,8856.78422171651
7800.48930951747,4888.7325919579
1737.73528625897,8937.77394078582
1191.91837420359,3632.35504572023
7005.5774869575,6928.28882835196
6473.86944636624,7783.48428891226
7869.08872604868,6749.37087865344
1349.75463051671,3669.51210994911
1561.23691692493,3718.48511465216
971.272182264068,3230.49649600122
1524.06231914096,3859.90656028704
1878.74397557909,3847.32501035571
1234.84728673387,3795.75447980777
7741.74754145397,7445.35794416675
7993.65567654429,7554.73701364519
7461.55729151898,7577.94048634933
1711.82071313189,9263.46617693141
1967.87474696379,8167.40114200639
8504.16737236129,7966.30638489785
7973.09334172695,7541.22973678824
1124.2809714739,3245.24289454282
1406.57355408868,4724.917802416
1334.94474204731,3847.82774450305
7442.05919648314,7884.87962045712
7431.04277517655,7746.74358943938
7923.60107993557,6075.85348840711
1998.25044490943,9374.34969998732
1410.80902159482,9415.35637210824
7261.14115552558,8233.77406307357
7335.71446253718,7850.52942494444
1866.22537490075,9087.21820902334
7340.79420179786,7881.93621691555
1266.62056947526,3460.99818737552
1230.9417998357,4088.87024017998
7715.39964979357,7284.90811379025
1430.74794264272,8345.53347791917
8235.69343672646,7602.07423034974
7241.04594916333,6250.14508848022
2109.21506766032,4002.54922632789
1506.82733807083,3705.76646446559
2152.71382746646,8846.96790922198
1309.55454966127,3560.47020343006
1669.99805094155,3880.89923123586
1529.70034675136,8140.86455316338
8779.33038230875,7734.24762914151
8462.29106748395,7636.65916665455
1363.2593762559,3750.73811678744
906.763828971606,3165.9991900453
6566.34514831058,7498.56471128398
1457.0178035813,3516.13599689366
1448.09059904581,9178.39079422821
1713.05259716447,3610.71299181931
1558.86794497556,8951.24167482007
7324.54776915971,7591.30662992013
7839.2816982582,7595.90183410395
764.89452551547,3240.73394300063
7530.95210622812,7334.13157708375
8020.39812353859,7798.94983393506
1071.17838084818,3471.99244591152
8297.80104484838,7634.55275924269
7264.26796310272,8291.87585511451
783.784844910895,3510.40604703334
978.43907687429,3492.07230641771
1302.62010659945,3293.24622865641
8404.80263908862,7010.51573174541
1393.90692569069,3730.19359131553
2836.63909269103,3862.19610831993
1686.53479281813,9653.75214037873
1184.95602202307,9113.0113496141
1387.17331180118,3778.36531050797
7423.79022359414,7326.58204861387
1737.9055418846,8619.09053657727
7728.063305867,8035.94789973517
2371.93893958478,8996.513203111
1220.38171128912,3620.49174840941
4415.6947950578,4035.07911100536
7793.86726315872,8051.42204569454
1099.07997700006,3680.64801886209
1340.86735111595,3215.95940858812
2120.7631078552,8903.92181509847
6231.7236602604,6969.45985650703
5924.65984718049,5127.6308606374
1030.95013322312,3384.37583939568
7495.42076181342,6840.18569174876
6760.95441397437,6899.41460829105
6838.6955791941,7629.15079331715
4551.22268616799,8820.98915449828
1690.40306744418,9190.38504007497
2152.71163033,4645.99105323546
7621.89211158196,7655.72535060965
1819.34379062187,4061.3018324001
7866.72342668512,6917.34132807131
1872.91553397076,9099.81339953482
1514.16025143769,8364.71701586653
7828.13566260949,8110.01435464432
977.662320037294,2985.49168728996
7382.9407726883,7821.86907664804
8579.9723980228,7551.39725289111
5649.84363868464,7057.74947565898
904.807097805853,3279.10921573181
7046.59271032123,6291.8428428463
7377.70827033744,8032.65656881487
1496.1211461501,4286.77119915746
1937.41129757782,8997.27199785497
2785.86183674402,8353.40149803064
7224.86513739604,7324.27484672042
1464.74315745648,9061.84861432209
6890.84063265621,7988.64371825158
2186.05968383506,3760.99988962194
7774.28030068929,7553.7656580461
7500.82153215706,6471.58158297199
7609.69485425868,5295.95812177427
3921.23768606894,8485.69195581433
7216.37975978206,7654.74364612361
7805.5919843158,7923.3090168514
1259.48993037361,2926.35313229534
7843.40646061019,6768.34247430807
1365.68735316611,9247.54799893655
1384.29411682744,8047.68841618668
1221.94051792668,8548.92252414708
1798.11671410278,8832.10790664302
1311.58768389106,3751.27804274312
5247.0945492615,4124.67241596293
7671.7196046328,9306.37835308844
1309.19814344481,3962.31722243943
7921.38234496221,8568.21542164835
1093.05270973382,3352.04565621817
7386.89232431128,5995.90303655822
3262.40502938022,8593.22881619368
1052.58563754776,3599.66532302945
7081.89848315667,7130.57544000857
6754.08199423135,7998.96976857455
1235.96889884905,9224.89523685328
1356.3935489516,9043.93354376179
7462.16457242148,7166.85303122424
1450.04983259822,3828.12482017925
923.835225360713,3218.30385536799
937.907042933928,8977.73748360646
7996.0450817992,8163.82362983949
1060.27922533736,8560.73520029873
6860.76387655356,8948.80202311694
7442.17846614615,7251.00103878297
1476.09642825776,3840.75073541548
1169.32822027497,8244.39257739322
1348.55139296599,4098.18628333372
1836.50762460226,8667.26249898052
2494.51094008493,8637.63475919862
1301.72196566996,9012.90110129479
8196.46756814647,7604.00924508694
1387.02561180741,5343.53791261397
1584.7164648027,3281.48436637528
1211.63155579075,3419.61043566826
1889.35724729175,9010.89985606652
7504.69667779515,7605.82639116517
7211.0708403253,7738.51637700513
1492.31508630279,3467.30983133127
1381.86324548234,3891.85331088266
1991.69683225564,8916.28141271615
7380.21877807215,7134.59138090077
6594.01031537872,7129.53361245156
1194.73443159846,3297.14128088973
2010.95651335592,8889.65022924794
2048.23384412358,4118.89257964022
1914.72398945493,8886.58568009323
8151.54668197895,5117.03774924649
2595.02007561263,9537.18034736334
1000.88441101377,8900.28586078051
7840.93558039457,7431.0111257191
6982.31850598531,6750.3392368986
1426.34441735995,3723.18964378134
7050.92268233795,7099.92429921294
7526.82982795717,7737.10053157496
1227.47983925591,3084.09403721861
1363.62222096883,3978.10109482867
8599.78070301564,5837.61419669617
7596.53817721944,8497.15569464417
738.090626804591,3600.95102460897
1401.67399988183,3909.72956035338
7665.52190037664,7528.21864520786
1829.41955723061,8751.40450318288
909.458292676383,8526.04797195622
1421.29228068739,3669.21798059005
6532.14874005957,7943.06026261844
1435.38229671135,7944.94682018679
1576.31944827829,3968.16658637288
1675.19933966627,3976.634310195
1907.43896991518,6146.08867620054
760.475927713417,3229.42915096689
1231.56668010711,8977.12099869713
1250.30760902963,9136.82145680631
2097.87812173824,7828.52628698836
462.271224104866,7959.17070040286
674.154692630705,8906.79895944951
1157.57381748793,9018.68984284667
1549.69651350495,3289.83951075128
1167.90235102134,3404.59280256947
2499.34059696911,3656.35330120912
1622.50934714518,3771.4841367858
2823.27217389426,3627.70004255015
6709.84132807802,7584.18306881961
1601.84379074301,9212.67605495085
1561.42595121298,9190.963829125
7612.6337973234,7261.01438316796
1386.99369790394,3516.90330722088
7490.32337258358,7862.4250310959
2836.63781839047,9510.99099350438
1140.64049979621,3628.86709979856
770.026316561249,3054.6282435257
1643.24836749217,3830.84815491802
2047.50566720668,3965.03141887128
966.879127112205,3185.32043463134
2021.44111085549,9302.33773312329
7587.10578834521,7404.27661614938
6262.87054106388,6564.34285565859
8703.95145671471,6864.42639833113
1134.04743025179,3466.60636769418
1559.20198444007,3633.65320414575
6681.37512855681,6496.78362524945
7780.88110638219,6812.45294430902
1615.37156458508,9319.84633804631
1897.9091020235,9155.57450360132
7437.82165850588,8186.51893439122
3039.05873502611,3903.48173972558
7759.28573584662,8324.51736825618
7450.87724118757,8059.28113890945
7854.91653574246,8072.1110219163
828.116247888651,9080.55293192342
1544.77827001864,8839.07648990943
1549.69372973382,3170.02699691995
7462.87209150311,7789.91500140851
7458.48089041395,6546.48597264455
8012.62227049845,8028.74689971806
1714.41666175778,3619.44872295114
1411.85310846086,3754.61100797793
7372.36116207826,6026.76168919079
1546.37304075736,4627.62910404133
955.106194884095,9168.6609125691
7039.42349805139,7994.77305760267
1354.5009563417,8591.95440071824
6668.47104526587,8248.8510735615
6166.34641601801,8078.72764068003
7398.39545980866,7719.97025868506
7518.55881451578,8474.87488331522
1501.19784997163,8985.82140041493
1190.53955585434,7731.97304367281
1218.97268543867,3352.99661189461
6901.08994950562,7787.72045260809
2106.27420048536,3870.08380124579
1765.54408964615,3772.21259570218
8044.94433937272,7885.76526180437
1067.43588809394,8013.44201340244
1515.94888800143,9177.33467963468
7936.64193300759,8529.22704684663
1313.56522805654,8949.71871201364
6332.16369979158,8181.8222909298
901.383882740757,3277.0491328198
674.788167027504,8861.96727867305
7826.76103198376,6893.65304952711
8358.4279518824,7369.30471827066
7354.57817538363,7177.42825468605
7836.6875719628,8096.61009041994
7853.5335901907,7714.41421978217
1643.4040788683,3697.28695574452
1163.9707343823,9041.64159623289
1697.65360353013,8824.7181027036
1357.58446271446,3485.91362437422
6235.02962568668,7441.574856208
1623.19689342314,7902.82299381233
784.513935018811,3276.5559389426
5396.16456728689,4500.69264266368
1496.15614844215,8867.07358465584
1830.17085019199,3917.90450437983
7461.85834411734,6564.17605574615
8409.52269055794,7718.6329543446
1515.38627491254,9114.77803582857
7296.53565777338,7533.73878678706
7044.4749223965,7584.07487409241
1361.86671258211,9270.12348903602
7398.5028113151,7121.84985127461
7694.92199521274,7719.52952765528
1648.22817310214,3822.42546968531
1181.83241839267,9031.04265859235
7341.09265010323,4684.71497539143
7967.22809067496,7096.79637975852
7307.68297144955,7410.11221014306
934.045649372306,3109.26384413451
7081.32685252122,8431.09237381433
1164.86284634183,8383.1838130312
1274.45007542499,9420.91362686379
1060.74402214477,3452.123016695
8106.65459361459,6433.57375708648
7072.96525391372,7096.97614645539
8696.08256364311,6069.48341137602
860.192819473099,3245.25244220363
673.13204680418,3167.11866804033
821.629900220623,3700.65626331446
1096.83456556911,9165.48630741323
2920.28789611532,8766.97703100833
8395.89026496115,7834.08557518394
1536.17386179674,3603.9851992182
8320.14545113584,4990.56895188161
1539.77162940202,3564.05661836828
5647.36434226746,7764.31549592736
1551.95716356675,3209.54322708484
2451.86848155985,8413.42858884521
7173.714230668,7230.11055080684
7673.50728427906,7493.90722712316
8825.58814210659,9220.1929128429
7274.90112687892,8420.29879137304
8139.68029154292,5996.86385358944
2427.88573774425,8909.06255425278
3864.93066083126,8698.47445585127
2351.26713108927,3579.038438304
1973.01854168305,9012.17222996334
833.099464008554,3475.82746958016
1113.95532264854,8894.178825492
2327.5014864268,8895.56604354093
7832.40257547757,8212.87928630333
1389.26578226468,3472.18632574615
2079.12777098364,8783.55217553972
7634.80289960186,7865.8573208827
8340.83350108467,8090.97025833192
837.982560817975,9174.48142216167
1347.25861481949,9081.82913851884
1864.93829441788,8991.5241999459
1133.85144292343,3196.28169244474
7217.67111009262,7809.68415606582
1078.74343155745,3831.71090184537
1680.6615917053,4354.87013239424
2053.08240381781,8339.38721267434
1232.32996190011,3646.00893589357
8453.29886730222,7669.53681327199
1077.25281375056,3371.61183513799
8301.63125203168,7435.30364309976
1115.09025605267,3283.00428834208
693.596468483822,3456.54038458053
7595.54644851553,7654.63849468873
2030.71941078155,4049.43868029015
1301.39649582026,8728.93566020673
7888.40813913811,7734.87629118864
1764.5702957635,8433.75596173614
2222.17107526521,7577.86641357852
8830.92749571569,7171.19640413066
9047.08769007176,7426.9310632844
1563.5301950105,9044.54561806481
7676.05355997363,8351.08822743622
1357.64139560695,3402.92793931037
5790.46539584335,7214.12942515583
7840.6285253492,7988.6376870891
1447.62828974139,3909.55094029795
1478.59102044363,9270.4265724598
1089.21256422738,8795.82854280825
1380.26537899165,8804.27921982468
7443.72553902836,7252.52464095345
1380.63412728043,3910.91957530418
5491.73395566859,7373.77315844998
1232.09364464007,9018.76316038683
7315.36839016261,7867.85578457755
1860.78223946004,8419.1952738857
1411.31398031368,3648.98775751696
8064.1645291156,7396.98308971559
1190.19586080633,8863.89582162034
1716.54922094512,3544.90444969037
1461.53246482391,5012.49234054894
1382.02124168897,9122.60992605984
7902.31085591386,7488.05631914963
1217.70202611989,3865.56380037411
8165.25047079966,6913.2119573833
798.267559666521,2971.0409844414
6563.60332217008,7774.03186116169
8066.99552458351,5004.62363659666
8041.09283802984,8181.68757881751
8168.71594596052,6105.02057600305
7388.29063155303,7569.0604881009
7834.0312302949,7758.28547883487
1142.15292473412,9213.02094153585
7041.39657136254,7669.72897836354
1189.10382219678,3503.3902506539
6935.85556511865,6981.59974043079
7955.82332656642,5455.33448232778
8720.47873664823,6843.56455785807
7627.68827657238,7450.917361946
7361.42711238535,7842.97339753031
7096.47194557884,7161.91893245235
8801.94008416998,7184.52969563678
1376.25345256888,3548.16422669558
1770.65128851719,8055.26147832849
1686.942092267,9043.19064472629
1093.50456337184,3251.80620657059
7436.95660120307,7902.36231645621
1596.90213815622,8423.7355009222
7356.22946190518,7803.71601597143
7311.26099996255,7765.15185050824
974.076954729349,8542.31704285264
6795.51676350647,7575.66889948072
7788.89054703206,7441.93645627634
1869.7713734947,8745.65668363883
8051.29064784949,7733.06136438285
1603.60299842523,9018.67306522451
909.428551962303,3638.0011655171
1818.92710076967,9253.7111991122
1934.62538112829,8456.72461573766
4563.34968096576,7988.03660518366
6822.9403407668,7454.05607159984
876.385689894082,3154.35452034186
984.339041527182,3180.18815948736
1996.99547406905,9048.72278020185
7063.89002665412,7315.16267475967
696.132123248082,2981.25170160155
8350.33977668836,7738.75287489326
2219.50655922464,8125.92987866208
3862.10972556162,9459.79772032881
878.995118246936,3198.01950735725
1081.06521071246,8846.07595190571
4368.55238921322,7493.59167329946
1905.38777174244,9109.316119137
1634.89483656903,3626.51450861882
1473.46482347597,8926.14292552374
7695.20355932423,8350.89782423129
1463.1756800854,8900.41514624096
1105.78633369416,8910.83233117478
1646.64894368919,9190.53331196745
7969.19976287846,8049.52237647788
1220.25521988196,8955.45306816502
880.285644052965,3079.91079972332
6866.77908639875,7786.39924394544
7377.25209598353,6596.69229688438
6840.82498876622,7286.72188635795
1128.11111862844,3397.28797467906
8506.80319398789,6054.33616857501
7452.05541448103,7444.55309183335
1422.64221598071,3862.88736011244
7652.17672663526,7590.01967415797
6622.61589863091,6321.08769910192
8827.30601573291,7053.1026615231
1541.07416170282,3655.01266775955
998.834493376208,3452.96415060654
1695.46605671822,4163.43398177701
6851.91488484357,7234.76765736998
7751.11907199193,7817.61282228451
929.091020096015,9177.32526745165
1186.1540033171,8379.25607773615
1529.06633769942,3442.15544853288
1374.10771088136,8957.12826375552
1687.78201395513,3647.01423054218
729.579361968683,9020.72988650343
1756.01402748397,3720.29335058261
1929.94017613136,9033.21025118103
7862.79252008798,8315.25813876995
7733.31590809643,7253.77781831125
679.044203276725,2901.88841611141
1089.77277590133,3375.336451037
7185.33176062448,7480.45679585544
1786.92310949948,3749.49423621411
1969.09012176193,9058.20697707346
2269.78608850078,7807.45448649056
857.468580114387,3451.09978439104
7356.39999349954,8186.07391499221
6819.14894841833,7224.22525563443
2444.83575416025,8850.35205758876
1684.9917357648,8851.59120690594
1668.10633682762,9115.37405800771
3607.2079002343,9087.93792913616
7936.7610169963,7772.3371402213
1501.46202880637,8750.098881905
7752.89578344226,7414.68476810496
1931.20861577757,3808.81636374714
1984.10567473995,8944.7409643514
3574.41320938242,6725.05920379857
970.730210391312,8406.33131543243
895.697847595238,3362.82378411229
1388.45438856564,4623.51217822744
1887.99277880566,9356.49175908899
2211.57515021953,8337.07602663281
1183.62302071305,3495.81651335519
1209.21477375741,3541.39631995107
6641.57728820932,6979.2313826824
7421.58413073496,7719.19889025393
6567.62215427023,6990.56909085876
1522.24041263248,3539.74064378078
6777.49293731489,8060.03920097242
9357.38948311507,8153.59785499696
1248.90410269465,9495.54754842542
1123.71430723959,3567.19244807799
2171.46753703674,3745.53179064917
6522.78139005448,8041.89605091856
8477.65715382902,7644.40652639853
1154.09638142641,3583.97968469075
1382.61175370268,9214.89783587068
8214.51849017819,7568.70607080866
1551.67158318596,3549.96830462631
2251.69712471449,8927.63131363596
3295.14749978663,7247.47933269406
674.514216853243,8835.72878213023
8994.4996978858,7850.12047961361
7663.25230315213,7854.54956408468
7075.14994424881,7784.33815393608
6866.2720820726,7580.2300714272
1602.05602421083,8909.72296160886
2279.79312687863,9182.45552194159
2299.44369679833,8225.13236781504
8745.23741347842,5653.37468650348
7781.91014528516,7584.72752381428
1164.86679163472,3555.9121719606
678.42866881276,8599.37907113961
1907.57556353284,9107.33675567688
8593.91907222736,7664.74281298614
1501.82148064259,9122.84440445717
2611.20504734435,4295.78273502052
1530.97618331107,9390.7512834956
9289.43131277168,5434.25789296237
1847.09726773073,8984.50446989299
1766.89194024693,8916.40165760561
1869.03617976139,8566.44800534446
7778.78963126599,7097.60982444556
1992.59255681078,3237.83575451446
1195.1486578917,3900.88689046726
6519.69992899412,6926.52524550587
1061.19286484419,9117.43101228763
1482.01600535463,8827.14117235853
1314.48294234183,9551.53484162855
6124.24402822339,8111.90281223879
2020.62261960266,8965.14449169049
8405.87793677029,6545.17927474016
1652.37367588451,8864.78831572274
1222.95984420867,8916.69912156359
7982.2295324099,6732.55174256191
1487.04435875473,4303.07058054766
1109.21347178438,9080.19326191658
7761.86489233869,7118.22942692217
7383.82484792905,8342.16248430331
7530.35078680239,6946.43823863435
1873.33263193355,4926.51802047424
8868.58208580512,8147.62681909863
1490.71558047367,5749.0949429887
1120.28835134681,8694.53592982925
7684.37380612528,7554.17119031678
2045.73010128554,9195.80850689719
8228.3854553344,7153.2278705629
1342.2382834042,8925.19702551208
8171.30436038313,7695.63075781395
1810.20626564654,9168.76483680537
7531.23726794685,7316.83925350992
7950.54438508501,7636.98948227643
8474.84516139132,7171.53393476944
7111.99964200372,6164.55484097985
9005.39083835572,8312.82199134283
952.045471459127,9187.6909253555
1240.69286104698,8858.31694368295
7569.15316262592,5445.64327937388
8207.93458044927,7761.11071920672
6017.29017358566,7476.84378324347
1728.83594745594,9163.18078014835
947.043017946666,3389.09614672094
1203.58655055118,8846.99039748724
7749.59147185913,8089.99738973636
1719.62334647172,8973.39116055294
1439.83862895704,8727.81931451006
7352.62080858644,6785.34639969496
7115.82784311985,7465.67758418355
1336.20026218609,8829.9174540503
1184.77807992514,3385.87997905668
5942.99133185765,7911.08757798043
8204.97084880255,8170.17658867557
6234.07050707553,7778.82102641339
1926.71898662225,3979.72783423727
1675.76764853678,3706.77076313496
7562.69165656197,7803.21274248538
9001.01272444775,7539.50204361467
1625.92814628494,3407.67255193437
2246.48781687355,9113.34612217482
1814.90085204371,9090.3152095201
6872.73110570183,7713.19709484811
8081.07304082225,7825.38381746419
1035.72450118387,3432.30977100829
1448.99823557412,3195.32671553955
1423.87686613404,8129.44760835576
8773.05159896512,6745.43216703314
1474.54267876768,9244.37982174014
7358.02096126241,7324.53695371051
7702.33522743126,8739.75949053988
874.622756421718,3227.85272442281
4700.28236849224,7809.95219941811
1725.03716845333,3788.46489901808
8534.62783236847,5968.08727632795
1644.63329619153,9019.67003120128
8098.63047540987,8041.95251252935
7375.37862454595,7473.30404485852
1252.55004192732,8704.44510845573
7807.2765950062,7873.44373366605
7795.10603403204,8375.62127577505
7245.60049904276,6514.09929972084
1222.04821350305,9146.48911894176
7343.38185386027,7525.47284769001
7475.0627481823,7286.01469818744
781.579004819049,3129.72846882568
6232.8329133017,7019.87203198805
7506.81394203995,7317.85236349695
5717.08452623354,7797.13011066375
7597.49366132029,7723.19021974421
1030.64911086254,9137.6952234682
8357.20464250922,6492.07672729965
7999.57735445723,6692.76204812468
1588.93408764095,9398.59574576117
7780.05739213415,9037.23371989222
7434.26006423417,7538.18016773922
8673.78722494297,7159.43754154749
1015.94869046504,3479.14231785864
1553.41856255959,3872.81891980134
926.027466309274,7947.24563385773
992.654643196905,3591.49928942306
2385.39128031087,7632.10676526123
1871.10772189577,8820.27925041689
926.26541075112,3107.80075918422
1838.55237369407,3983.11990170563
5368.40438123946,7479.42454589467
8242.08923051017,7226.37803163086
1306.42065997902,9120.65636209183
6812.46252106392,8143.59651732539
1374.58703848612,3853.14505688481
8489.61259069221,6357.9001253977
6697.67525175066,7914.92165373825
8570.43652787116,7714.53469010165
996.944267775567,3638.25484666403
1497.07372247608,7645.84673133473
8022.10076575503,7871.47124550089
1921.44989834962,3906.22746547179
7788.40186975965,5999.93339298935
7448.75904169021,8386.67125689613
1348.01035157543,3784.43275358522
8631.13820889372,7832.23266578726
1612.45381576856,4115.05597061649
846.474848333842,9235.63623789456
6086.76275254115,7755.31057256633
1002.22408219662,3369.48381359497
2410.76764728887,8161.43101054353
6436.50755270251,8229.71491072592
1430.80790185414,3654.6549403151
8083.57748560526,7912.77537758285
1217.76781597204,3612.40782498789
8882.46704623695,7229.11730525062
1374.2919162604,8950.29643413651
7235.00164453299,7638.68124759903
7322.00397596207,7910.61607723536
1509.76634880024,8975.29084387434
1291.08213430493,9120.98312539545
7484.94773158909,9345.94762981925
1377.39303171841,9269.5419767598
7370.96234915237,6667.88155913121
1274.68254306321,8230.38177979053
2295.03577213787,8578.73256883003
1238.51887964107,3462.25479027802
958.425275255893,9091.85585017373
7338.39865749216,7010.71478584341
1108.26078802274,3428.04541421493
1546.19219697982,9052.68513823161
1123.63331289146,9220.47979617537
1098.9054838532,3790.5715003586
1188.65624255147,3571.99827708924
7485.02156797066,7781.09410118579
8685.51490136568,6983.94079740304
1020.15422794046,9020.17687061872
7556.50268730462,7587.54336599825
1611.87024702458,3865.05111017558
1507.01966065249,9086.05564488934
938.442946522653,3100.35857537619
1638.55454599343,4120.18457140501
893.353852022603,3378.58951771076
1500.35764893361,3606.9751207981
1631.1506190471,9106.66209284846
6748.21554782886,6999.94061798961
1515.3564911865,3764.43435034105
1394.29662511309,8448.85652175119
1178.84183742899,3786.90254869711
3515.80408288934,3544.61743710628
1992.74002699386,9267.92931765856
2227.86200006507,8999.60914803577
1852.32853310965,8320.91308302742
1342.86945805954,8941.86507721612
1316.81430504631,3326.63409071892
1258.94383830517,4061.16014451166
7327.00766156179,8183.7832399954
2087.13037309918,3945.31473514062
2663.34184064059,5532.16606899716
1323.30667853125,9173.60651588177
1494.2951838551,3437.60422657385
1584.97610189196,9196.47385579299
2431.27749552775,3916.24792531363
1850.14738971714,8870.71283888898
1228.26164149296,3856.94901325297
7631.05065994056,8443.85487739745
7617.67462441195,7967.98900856668
1575.60506871115,9223.73452781641
1574.84420530582,3623.28325706452
7014.6456249716,7708.37550901314
7877.87229809934,4457.86145946627
1329.92238909769,9238.04777591179
7966.60985920302,5545.91720001488
966.096547890386,3432.64097088712
2102.9462301557,7755.29959463922
7383.25378220497,7740.85981722929
6741.64588600823,5570.8243892816
6596.91986295307,7233.10767261202
1306.48540291937,3545.0044318901
1452.63215809139,8927.59384680747
1151.90358527477,3483.44045582216
8466.73172344875,7555.14533817215
2707.02291164622,8978.99328705641
1231.71562726043,9087.18711591194
8945.29013596816,7689.12302663547
7540.45690605884,5617.54004037594
1213.37513313321,8759.67563433019
1278.47254456558,9028.7818288984
3106.7708315035,8730.82719892226
6525.77317850708,5104.58465481595
1567.49480706621,8844.47627415407
1518.65898042797,3775.46496507117
1799.93392988715,9381.83867090295
1904.25943364779,8408.46683431981
1662.41141211347,3949.37122030924
1079.83819967022,3455.960092891
7622.651263467,8066.08491601435
2083.32267577333,8737.06832281983
6305.16344698706,7682.34488935556
6521.1620055769,7977.62939375005
1355.49180290485,3418.8918511074
7872.70548666854,7065.26894560812
2342.89841952192,8226.34709628719
1086.31436892757,9246.65212444737
1490.36796320549,9136.91401327169
7346.550980598,7936.62678173686
1398.73413292051,8226.15398492103
1842.39542378036,9190.34849883517
1735.51830865407,8954.58662230786
1666.14497843501,9053.30367938447
1773.72443931319,9216.22140657116
9440.05179538038,7542.63112344955
7405.57578019791,7136.1006527903
556.452941221443,3308.40152070763
7079.14453170987,6852.43293505762
1650.34809124129,3565.16636478276
6870.63413773194,8257.94380659587
8078.78466284589,6769.5749747626
1302.44834172552,3103.65530933548
6833.71631738624,7430.40249466214
1408.25710995493,3671.62704774312
7769.69455557542,6169.92661428297
1674.84031400535,9003.36094079992
6412.74793997115,4271.73227026752
1702.87300983351,8720.87684626277
7735.67967364219,7105.45881506295
6386.48145842738,8194.37533474739
7860.42516700845,7571.769384027
8304.00245022577,7936.2807428765
881.812124270731,2934.6584252285
7231.85316570848,7437.27240568556
1542.41740432883,8975.13418753449
7094.33348331159,7198.77275684946
7654.08156964645,8475.90848730846
8234.66209035468,7158.17033537905
7779.77743690407,7380.17926853924
5763.68037688075,7842.07674006253
7870.38860688789,7283.87168303621
1088.75790039121,8727.57790542612
2851.08753799134,8228.38486732842
6405.94383883417,7727.36158444767
875.619319215156,3605.27889533641
1918.62397056108,9152.88204096592
7820.23384866894,7819.43991925606
7644.21907594613,7454.58371191975
2409.32162553903,8468.62647832713
2364.61933424229,9052.53157728395
8163.99764897348,6924.14364948282
877.752278216611,3470.27960894626
2252.39614692175,8756.32689096984
8358.82308091863,7561.98543451505
1341.52477810218,7389.85633351572
885.968402281937,3474.61034748767
8114.87707906179,7102.94803543977
1620.83116516363,7901.87799594948
6856.77132753926,7924.54005148469
8381.26576323081,8092.46472653035
1549.92593940017,7089.04662660606
7408.38826855198,7854.38747773878
1917.16376124473,8289.89879570342
7357.65852455795,6279.60037251733
1019.43719127781,9003.45343391227
8924.65267094872,5563.66236138517
6959.82383480298,6879.97948625782
1492.83750381892,8426.21538450292
1536.56819396522,4117.57848141164
8811.89857849866,7073.41258058277
7212.9064422334,7424.53304683006
7550.00538451901,7717.75117634426
876.416242837054,3421.77383672843
1255.05318493284,8893.15413333566
6577.14745367415,8234.71798969712
1293.84654721926,8816.88094491675
7381.08669954766,7836.86548213491
1146.15237312611,9179.74685923081
8035.5560380772,7400.4861521568
7539.62341102487,8431.81859680489
2170.12840275282,9129.89867907897
1803.19207448533,9056.09838988677
1436.16497859975,9065.42141834348
7905.56878334069,8443.76643120009
2583.64525157344,4443.47205019012
1415.11216805135,5131.67995343957
7410.89147320125,6485.38441313556
2541.8547583936,4964.97561278564
1177.06854476829,3512.06015392171
1186.86519210362,8960.30074329293
8150.04986947198,7672.7124339215
6678.08128028284,8072.66614608835
6631.33292232111,7060.51757511967
7540.54174090336,8251.06112406588
6638.22963937857,8286.83380544411
6900.244446075,7900.39403657457
1250.35050037934,3601.74035708465
1365.14904271002,3389.19271606884
7471.15299798507,8444.80640274869
8401.72921714579,7193.20637021349
1161.10071201425,7901.99122219464
2078.39337670375,4856.40822580468
3368.69293867135,8965.67328152942
6540.50927118693,7057.88617728324
7017.85155754376,7943.70866965996
3787.45763591688,5243.4758702957
1413.13924467921,8967.99640110156
7535.02084610952,7459.53664096833
7477.55107122726,8505.47492032116
9024.52831196527,7894.13887464819
1736.22153950361,8525.85585006459
9034.82044179281,8261.42355728909
1052.05084566887,9237.03191816224
7237.46912087844,7510.47100962724
7020.2224193388,6883.10236807021
2214.5313719669,3752.09282816434
6900.42152692806,7531.45423421442
8195.20400375135,7024.9884141896
1776.34149763384,8920.50768906501
440.831473141788,2983.49149168761
2117.37326026796,3680.34306515741
1297.452910025,8724.50296660564
2014.07622601925,3568.11707131903
7320.26335320329,4578.32230567722
1515.68033436582,3397.30915053488
2058.5054715816,4027.15873234188
7022.62560669762,7464.73678874111
6678.99711316646,7277.5549953865
1424.51349846122,3421.61323257418
7359.5864014776,6578.18910349562
1063.33539740135,9299.87561869085
1864.76856928577,9159.500175451
1033.74051657216,9055.13011603343
1171.95292773094,8941.74405362372
2223.6790694946,7203.25322777011
1521.89879115676,3341.42648316766
6309.72929870107,8333.59447004246
1718.73513143741,8526.36355592714
1508.0772080229,8790.10341251695
1589.66773088711,8535.57033994882
5406.19234180497,8523.54675785793
1307.33067122804,3477.74678027222
2517.01022668058,8837.21640395036
7720.4939107105,6918.09246765364
1361.02965307688,8412.32056264018
8049.83833176108,8158.48085277341
7584.84187196004,7727.54969633008
1730.63987656455,8862.02376547993
2442.74300840255,3941.3214590162
2019.69459809013,8211.17376283264
1436.27432741041,3668.80180773019
7070.12912756395,7113.41521237595
1247.9941405785,9280.76153601603
6991.85807008508,7542.54789771904
7758.40141624098,7673.4905424772
6409.51796285162,7421.92971386937
1219.50002306136,8897.58567924159
4301.23841487028,3612.61651825622
1258.8038621086,9231.95785398161
7186.03054507911,7922.93792262834
2031.8506895071,8262.0866002145
7644.71130544471,7344.90234271298
3437.61723774194,9403.91251920256
7825.29803447224,5612.12257062062
1928.15285539739,3916.5837352359
1991.26046381452,9437.22659809776
7485.53486898612,7580.84052114915
2586.6415920754,8864.26419282262
1782.57792534937,9123.99001593592
1684.8537247404,7656.94512787952
1399.19848387677,8884.39774810932
1417.58013714204,9005.89029567143
2367.69113293568,8126.45653730022
1374.58445738228,3252.64123628212
964.85208710436,3253.96272485819
7515.51842982927,8007.77813995433
7716.89037936276,7609.95697425638
1753.76323672524,8067.95158055366
1007.177513054,9191.97190135536
1394.12901798542,3585.0229244185
7546.20745222054,7864.87614649453
6387.51627607603,7184.51239776392
1417.22683089179,9195.62247789153
1259.00359002189,3316.63973636672
764.689866648341,8174.26081965425
8091.40965607081,6923.51763648706
8150.72274126516,8476.86220641122
1435.48647878466,3635.62848886013
1421.21346245463,9276.24092448791
1223.18189754465,6339.48826837117
1586.39256968304,8945.69418977669
2372.40015323004,8277.66428778883
1315.63872591821,4718.67995785116
1634.55899824735,9181.34648971772
1545.79588316169,9096.15663543615
1702.94092920551,8754.11806804999
2336.78933878404,8674.91395207709
7762.0359798101,7201.83421006679
7383.15665061423,7246.85470396896
1881.445996017,7562.76028004511
3393.87806796006,8990.83881538243
963.107110571972,3579.37212106889
1636.64879048128,8975.77402034195
8674.00945839444,7341.127905416
6529.226547915,7666.85434237705
6753.17393974613,8129.51046372076
9086.88546975421,6316.51481010737
6837.98004045592,5233.00544310014
1854.21352450593,3734.57253530739
6838.08696106608,7359.09836767433
6177.32889025746,6996.70393933244
2206.62832672658,3662.91176268597
1880.03331525741,4163.60859906008
7466.64324057848,7172.19657077778
4517.0288511046,9665.12615884393
2221.62511152637,8691.54768638927
945.787818028926,8592.65393000849
1341.13438247116,3968.99207877283
7584.64764327915,7514.37626054466
9105.95073589011,9052.28030584755
6774.221140985,7497.9663320335
1915.29769481998,9147.32531828978
7239.17072401633,7969.49250632015
4288.7280443249,8114.20463816011
1290.20804761202,8580.99123346428
7925.588761719,8082.5153326611
1800.23127800431,3987.65350888683
7576.18537945893,7810.30659982106
2733.56956105484,8828.83707668017
1165.63536021031,7869.19195738336
1367.42823112473,3611.72115933123
1592.4558510366,3525.5604009388
8293.88009208216,7563.25150429775
1055.62004235834,3545.53638370181
8262.87482910609,7726.81459939737
1156.44749321015,4039.24668052492
7696.94334061847,7395.19847618389
1238.43728069991,9582.13500614606
3555.53049072805,3517.09436383202
993.02494909743,3345.39669147119
6500.64519350994,7741.31256271184
1775.22836622469,3947.65129216153
1824.34763658488,9121.08533294826
1071.71516135348,3432.51115355911
7410.02715272852,6264.94906519231
1414.50969509566,8969.90696124901
1425.28617169525,3662.5681649083
7927.23232855119,7890.4821645968
1050.87073878495,3567.81859181275
7405.5527477135,8241.13168441357
7365.00850248411,8370.40413026406
7354.46145532981,7252.91699081027
7711.22940569185,7601.08084071736
7043.53044013715,7789.6652966303
772.826360040372,3491.70979043439
7162.32241512365,8113.60074748312
927.425708362029,3151.48955199179
6909.58137125697,6996.61349592196
7263.40086458313,8395.00206568249
1380.15721623307,8914.94517264771
1510.81420523127,3773.1135564674
2157.87002643856,8396.57418724698
1600.9304024823,8471.10217711862
8927.53811514939,8499.46537372783
1080.04721125187,8781.62807713865
4601.12206118688,8488.86779413505
8865.88709812132,7749.04392958222
2083.8232914623,3897.2365714971
1899.82291162842,9173.98870083781
2245.21762666361,8563.21399394716
1330.51056184323,3723.9398192363
2351.55679158802,9315.42176997929
911.949995779798,3023.10449881332
6870.71447044872,7201.37004839825
7708.14365749967,8269.01960294157
1280.97546807764,8791.50466500472
7598.83906736332,7463.19884018618
6872.73303570498,7473.27172362696
7287.35974478852,8158.83228076321
1369.15168161534,8971.21835627912
7599.03579896441,7933.49893880505
7897.35416761008,7105.30975643007
1353.32452365105,8900.46519223582
1121.53977759629,3480.21110982159
7217.90442228966,7902.67608325317
1601.61820836089,7494.35007615685
1388.68844789889,8610.80683002746
7780.18895255817,7585.53708796298
2244.25921425896,8365.18586988774
7568.68196193473,7715.33067076208
950.214643089111,7272.04186923113
6773.57792610873,6364.277762406
8719.03518542248,7603.94901291957
7811.82351556953,7512.03101280116
1162.34652665415,3742.06064343813
6918.07140050863,7591.5297723972
1626.78402256661,8613.86391568901
7919.6696138534,7110.74170041247
1560.91519012815,8875.76433673079
1516.66354430225,3722.82859217282
1784.38558949486,8938.52675385671
1595.30746823146,8891.15569525406
7461.31713096915,6924.66945206516
1007.19612040948,8947.17647124064
8130.83296968883,6800.13347902552
6653.7477269286,5218.53145249377
7010.17281986954,7296.22500944076
1547.27616994794,8446.21915432152
1363.50131305251,8072.83602648321
1349.69377370012,8894.46744803557
1341.99116257824,3646.70680618873
7220.28745446866,7245.49274723403
7011.02383364464,7564.51054540501
981.785876225926,3371.48807035603
9237.12737357504,6375.93786211356
6626.26682762925,7412.56619308695
1733.79099479642,3743.37440965468
6411.33495336109,6871.55824764846
1199.67280287311,9172.88201191815
3622.87496433774,8746.3969549487
1495.19255518741,9057.66163707105
1245.75201964203,9210.37969334555
1380.60018300886,5116.68489651409
1902.66949717403,8497.9012151681
7983.12220063494,8036.02910889303
7173.53780127454,5475.61604325831
2867.62641051587,9025.61844563664
6908.10993548968,7965.76378457697
7352.01085250263,7121.38191358218
1276.1736623737,9198.00553115982
824.738604670805,3085.51541396639
7810.07512776085,7073.06139170839
1745.00027442378,3513.27553715558
972.719461669948,3191.60870885534
1845.97423284473,9378.73623098347
1373.17243719428,3200.11123461931
2843.18488906921,8258.95848918171
5689.40485503785,9065.38136637544
1334.03916918178,3477.99492387485
6902.32886906624,7408.0990081868
1555.84507993641,9993.8223849122
2061.25365328242,9818.14257513037
1224.92872748036,3588.39947612929
3536.53429722806,7971.32300644594
1646.9293168389,3805.51245836158
1905.31376961146,9208.61402606994
1233.7722924815,8918.39852844954
1921.50705421015,3638.82355343198
7418.62718100298,7848.95131442351
2038.69024497115,8312.30605390064
7848.91781698075,7237.59576380723
7577.54982820179,6784.49752888428
824.340952081841,7741.31691294569
7797.79531301837,7674.8632823625
1186.42009802821,3230.79040008083
1557.65974584285,9108.19994974621
7790.63690871244,8175.29565696656
1855.89355617222,3800.69823915661
1012.87808925258,3743.58812095176
1674.90343262915,3472.53989423317
7003.36487983333,7682.10084905241
1337.22384590494,8833.03746427962
1151.97059764711,3361.199960163
1480.06986079062,8726.07767372117
1267.29470245932,3047.94395035263
7152.79191425569,7420.85013792367
2049.84709570118,9148.73697707551
2123.79464984803,9000.75412702339
2199.75599562509,7299.60805008818
1710.71519785645,8060.7546870861
729.628411869819,3552.373796436
1101.19451047076,8317.67246418969
7684.23934089322,7913.91525464665
1899.89400838402,8522.55476601925
1413.72342518763,4285.79150853087
8155.23948904801,7818.15579909722
7188.7781103356,7294.06392251377
7041.62660829813,8168.58770245602
1297.98570412083,9125.882594366
7880.75190624781,7457.44685071041
2028.70774362051,9122.36370230018
7861.97604842823,7208.26635464651
1277.21740200255,8630.37677465003
7579.07967474077,7670.16917240663
1467.00511336146,3737.43735190248
2315.8093311593,8684.48865797051
6863.95032752184,8141.46866299089
742.116403373235,9255.29440632679
1540.34966302122,7479.10198749066
1670.30720982222,4720.85259758958
7533.68838286414,7248.5864028526
1640.49097257426,3667.88318754411
1850.51182539592,9527.60969412585
1490.60483058088,3702.63557873321
7699.9287395768,8039.51045066953
1971.73845104849,8026.19289266723
1142.17008501328,2891.94533406868
6959.12764168843,7414.96548153523
7624.7378514408,6952.70114625086
1326.07819512743,3549.82252025193
1498.67702541018,3867.06756497694
787.796442656854,3314.05374543741
7550.47623495264,6779.799537487
7707.09970146008,7910.35479920705
1346.83654920213,3236.97484435588
1590.95711787425,9233.21836185612
2356.41646651073,7755.13385757525
8552.81774918639,6968.27593568642
1076.18778774941,9128.66603883179
1642.54363540023,3938.30843894046
914.504972958949,3290.72977130083
8167.81583036266,6398.93403149182
7142.79070001345,8116.4009848249
7631.4932942748,7639.09564314384
7508.96143650154,7319.18274259683
3244.79069984404,8935.34430673929
1523.2275920554,9168.35636221715
902.549684366609,9029.76244980721
1034.70995761173,9089.65190890124
7665.46591262861,8142.43689054529
7177.7128086983,8030.72316821261
871.658823858615,3677.22854749596
934.586886607479,3298.89093020603
7205.44460389179,8002.01554692869
7229.7522651728,8206.40037700325
1471.58108427164,8799.38722497962
6789.64107551316,7641.17340381161
1944.15925200977,8503.01938928621
6950.26091012567,7705.20134429441
1728.07444162684,9045.77201653835
3302.52543226537,9204.68525000063
1758.25672234072,5728.87133667862
791.611804715254,3563.63710415896
1369.79329264946,3959.15385361463
8399.4344218267,7333.51692018559
6928.20619642989,7838.735137917
1392.55411564307,3690.80761787822
7999.24759675606,7375.64763310852
7771.98307132164,5917.2060163728
1928.9936865758,3622.54061689843
1314.47239848156,3011.92855985799
7934.72608144417,7649.04523038332
1440.3709464936,3424.73019738455
1550.40715464848,3818.53887326548
7911.16880468945,6811.54514600198
1397.54525743655,9046.93239326179
1417.90687076976,9336.20819858187
1657.00435789801,8999.96159775877
859.11188117156,8959.25879528845
1295.30383873461,8998.54347259745
1811.91260953036,9360.64110628141
7976.12905671311,6090.75334489899
8304.49945381003,7378.43198545533
1092.58595034571,3555.50387923418
997.910343952688,3463.17256365225
7081.78454884688,7126.32775968044
7582.81098975394,7405.59832513794
7080.92253877387,8148.6230472194
4677.35734906184,7622.30962881025
1707.94807724419,3583.63936704445
1022.05196068556,9331.51208689273
1850.94750552904,8969.13198609754
7633.89738176864,7168.5983133715
1022.94271300399,3150.38324567992
2525.1408813426,6099.28593295608
2033.5154644604,9031.99450711729
1459.78897864804,8988.822846145
1708.89534174012,4193.31686224295
1737.88510091983,8376.98612958103
1629.98523454458,3086.88042717077
952.760493009623,9285.98033233502
7146.60277061527,8988.65051371366
6767.75046715951,7338.68632601593
6795.18617656341,4199.92977180456
1162.67563225165,9056.58111446535
1174.58806002511,3262.71704925255
8557.3478153965,7779.20148317478
932.83308211367,9153.34438701961
7912.57956258724,7953.70465693382
1105.59466892857,3377.18278200755
1497.93633316101,8545.04667209454
1568.23331634168,8996.63402069161
1113.2409151507,8811.76611724039
7942.02191621304,7247.73640187513
6247.51332629961,7176.72121576581
1732.94499695094,9034.83440147922
7532.00266647617,8432.2023916687
7499.73006340188,7227.96167759465
1710.05770002587,8921.18372280507
8046.46071528255,7972.97577047626
1455.62935627729,8926.64319384253
7745.27606119391,7947.19062166541
1411.09114289555,8213.90024442046
8069.83647856769,7377.388464533
1093.85016716486,3284.86361833852
1860.27367705341,7923.51577724694
7378.0654748745,7624.06497702288
9217.05018627272,7697.83808764258
7015.11747035983,7849.3144254877
1582.89976767114,8722.135503637
7791.50106686618,7513.82459005654
1714.65787239915,4091.1933988128
735.503197717203,3319.66835646487
1817.2394383748,9432.23018603883
6303.78428703803,8789.10958548758
8025.46093591568,7781.44293448302
8690.36990295258,7502.98954336441
8735.7123168423,7291.43283171891
1907.38290111128,9022.22398042335
1661.47320258641,5651.8412839185
7438.86628954071,7176.0007432123
8774.48436374732,7138.39701853686
1336.91990854013,3446.39053862628
7911.18064366843,8422.13163716694
7419.29145610413,7982.68549860038
2509.1414286065,7881.17226385247
1175.44489931427,3325.42690987928
7014.04482531179,6093.48323287203
6583.18867771653,7250.91854586822
3468.35279819038,5696.59235214345
2035.27421733766,8788.3884993137
1676.64899124166,9143.8242165762
1521.77177615806,3608.66684514921
7404.82925412301,6857.40681107198
673.743387805266,3533.77555090801
7196.82899761343,7842.90240782363
1328.00089948244,9230.01693026394
1265.73801548799,5014.84286114513
7303.42206109812,7151.92688906445
1481.34371972137,9149.5256032059
1341.16755061671,4052.14114088331
6950.77911414482,6865.83212754395
7278.91238663113,8212.93438513085
867.062132357739,9258.76721568928
2084.0593868655,9049.71779529986
1462.34985954048,9198.21139520889
1758.74861622634,9315.41103153703
8647.31678133217,8180.62250079913
1449.41935716966,3474.60019735609
8225.83711426357,8089.49829445498
8013.36600100281,7783.31832711409
1486.82485011739,9227.39436629466
2225.89734481495,8558.02193043922
7236.51582254902,7462.03232224339
1102.8468184446,3484.680142633
2283.75653995365,5509.41574728732
7970.22557512932,8534.39933377239
2031.35602287068,8974.62531954297
7900.70565847674,8131.13096902393
7156.26589597387,7302.47187282882
8216.06637662299,7431.94859500455
1499.67084174864,9120.40868464109
7362.16044380406,7683.46826447254
7367.09563725702,7470.56995115933
963.164772491555,8630.59709695046
1721.28213026944,9077.84626046549
1589.1900195047,9311.78764091145
1168.24613422697,8848.36532881456
2308.33627062231,8250.14877193873
5652.33927389078,7297.0760450656
7349.48137193968,8073.76700450183
1550.4411726894,8008.63321395057
1073.70501678619,3171.90459905594
8843.30462478057,8508.72207980436
1285.5326068464,8848.8232172578
1644.47337132192,7296.78769413092
7294.2339717565,7223.41634455696
2328.80442333549,8698.23343070982
7298.7180387187,8040.81156422089
1674.37459140116,8701.00246746418
7609.50378287628,6157.73813059052
7381.7431417655,7334.75181239114
1716.53681884943,8713.3985935967
564.108151558517,3113.50902400161
3212.4243439158,7772.65938458684
872.031808076665,3007.36191170756
1741.38106815906,9035.83576777805
6947.63031808634,7076.07466473074
1431.79413614022,3855.47623023002
8889.311505011,7562.49529016023
1673.20403708764,8929.4588403837
7621.75653582473,7746.23160627164
820.459499388476,3330.08492399242
2419.0484483796,3996.74619207398
1788.0555856511,8146.68369507942
1330.14585478477,9166.09666824164
1037.30512610284,3410.83061815406
8291.39888046563,6397.10175627685
8080.19848351781,5890.68995609946
1860.43028233439,8941.5221602578
7582.0539705061,7364.95831044035
6655.70964126523,7361.96599405514
996.413512258963,3984.25030680864
1780.41895764384,8853.24822448563
7729.19987898502,7963.19519369618
771.868257766149,8271.16918125435
7487.32933818775,8243.63575131878
1477.54087350229,9099.62893589972
1647.1722109848,3488.72203772724
1163.26445470051,4438.90103931798
8934.85068587665,7430.38873519953
2319.37374604547,9056.10486509506
1458.78930015117,3798.74150233916
7977.29287729427,7876.12155956208
972.286194360561,9127.24132204106
7465.09247788797,7983.5893893533
1510.63984186292,3413.1752829736
1458.32115983075,3800.47815296271
1772.68201853157,3878.1018367193
1750.66366318571,9086.63183769129
8637.39837147743,5733.72676700112
7027.26546241618,7691.1106521025
1615.7760333104,3901.12472148271
1999.81894329115,9073.2828953308
7375.28672447454,7577.72918495108
1571.63756555452,3631.23014839495
7328.75111512578,8482.55082476852
2060.72249798655,8991.32093486164
7362.46268804498,7993.57087487714
976.868115306525,9058.16275760151
892.034950422293,3172.41812790845
1778.57740328562,9018.09743476265
1957.50733429204,3686.11020697203
4419.06178101193,7871.62974413938
7035.44709744932,8105.95091971404
1325.26750094186,3822.98015848686
1799.95098219114,3651.08678483466
1757.12257409576,8959.30644020779
7939.66807868473,7729.55160042392
8013.17973492039,8111.94976388607
1587.3013444335,8776.9330633281
1664.35992340109,8847.01193703366
1331.98120866899,9114.47721915935
7291.54840966048,7447.13478696593
6362.93441947243,8147.42074668878
1434.92980899231,3603.41955431011
6581.58291318529,6654.05804929206
1696.40545127773,4233.80327047608
856.451764311701,8831.70574043249
1648.05865222178,3600.95110601426
1556.5001880273,8327.67246954179
874.031452959546,3533.25384270906
3038.93590864834,4018.07630663543
1112.15148641738,3230.71536206483
2276.99652646259,6379.86382809477
810.106589125118,3570.49818867849
6678.88239572389,7176.29876180352
7024.63568325972,7507.35072348829
1265.35229978202,3308.031453468
1728.68725005232,9266.78975983556
1597.71592762539,9332.22230352345
7868.69347745601,7609.25188169112
1647.89010845491,8755.78490812049
6592.84577563237,7114.4468178787
1340.2667431214,8826.97787110307
7286.22094031221,7318.11845953715
623.397008663268,3040.23208963281
1719.96315603917,8065.51058525177
1279.09668041137,3634.95095832668
1824.41336260608,7683.29409304401
7038.77997535985,8082.7379134774
1084.82620017854,3331.25186179985
7859.80449537595,6111.06802771315
7204.3303085916,6030.5576463894
2375.95262514912,3287.55899395923
1540.4332228764,3824.73294606332
1965.26164923638,3343.70225338146
7169.55249368284,7665.76983761169
7048.81641073154,7828.89125950259
2021.07689447405,9115.06670473543
7758.63577636713,7770.24640214449
1813.51473557029,9188.72116989953
7878.58767745142,9322.20422201538
1721.52059811079,8281.80426057107
1697.82392428439,7881.86412831362
2349.34594696795,8738.52810677923
1502.17973385686,8824.15692747516
1024.02385925326,3143.62224329962
2146.87554150239,3650.04219906739
1801.80875527963,3473.02911349988
940.01117264944,3427.15219846999
7921.56161511284,7799.11310283717
1570.48211154902,9110.25587236063
7215.51686003653,7651.82585691466
7397.06388952006,7963.6603979907
8437.0910680425,7279.30384135677
2138.62306460685,8849.00451432364
2870.49137259595,8634.84506528082
1524.04563365791,3742.30066266164
1623.5504059709,9041.14919159302
1189.06137415478,3425.67016612975
1838.5827404375,9141.00721669221
2217.66155086155,7741.68301732262
1433.23195938952,3778.25936930987
8323.23251674398,5753.99949929693
939.052365136145,2843.9744088925
6829.46275274781,7405.6154914905
709.647134759047,3102.95126624957
1582.1489977464,3771.24248847424
4664.14522637424,9167.71009468887
6244.83416204452,7897.87285426496
6728.14340780733,7278.83879383109
1714.88860571365,8463.67450486977
7658.82272113471,7615.85919516905
7327.24329018134,7626.63653402808
2179.76748702284,9373.36423765127
1657.21114353441,8952.89798450745
2079.98148678645,8277.89007138139
2293.85669331709,9291.22363024889
6847.98306618265,6948.06150030905
1305.41487090031,8404.11714571591
1238.0555506524,8762.98292288896
4235.74723865279,9113.7464973372
7483.05669091107,7301.83207970378
1643.00558345922,3866.84929481995
3046.17403643325,8578.23733611499
1063.06907378112,9010.13745716474
1271.58211061792,8066.73043712143
7827.61623719621,5480.37408621889
1860.02412867209,3613.95166050355
6938.07914269935,7984.59110907901
1401.54132297952,3613.658187799
1731.59322153055,9005.7723623146
798.599715201149,3394.97373445023
7218.99387534376,5829.26820386713
1468.44418216018,9107.13662202459
1634.6771506815,8990.23449667853
2281.05133623917,3322.43175426247
1458.86724943839,3965.91312147242
1273.23814302224,3491.02420402672
1451.21527383498,9181.26959193088
4802.2285974254,8468.76190587986
840.074199953166,3041.6721503078
7285.85456363555,7620.92095853442
8456.81531319296,8063.16024561352
1827.32724664937,3756.52006140609
7850.15568946982,8542.40315920687
1254.25013814857,3467.99858159676
7656.05888849683,7236.64033030628
8646.0441272247,6054.18459529704
8205.95629695743,6190.89559489609
1454.2635389394,8880.02372489835
6688.8796334941,6755.69369882661
1552.06407673671,8784.1877019816
1430.44821688749,3784.35011816273
7534.58203946634,8113.6694238634
7079.20988224057,7411.78725573196
1436.18336530745,3841.19716656941
7080.66231511269,7631.06840976403
8463.95810739471,7612.8392042587
1703.2509648574,9183.45175667032
1789.95522206053,4004.97402158164
1955.91159220305,4038.43579616207
1306.14857670991,8824.02005176806
7984.22605410845,7740.0264933978
6576.45407413059,7677.78941430812
1873.07879064929,8665.83462253332
9051.53228207516,7468.24756563433
8552.41575525469,7408.33236472408
2046.21868563308,8834.14408440586
8535.42647214777,7533.10103735665
7597.94750933093,7662.8944701722
1826.55052893493,7788.63748986026
1365.015139169,8900.45496312349
1289.29026772173,3497.41939582105
1705.34045834296,3600.54498625216
8820.71017656347,7714.50777763622
1886.20653234916,9179.01544091101
1698.19386964544,9244.89769252308
820.109724920935,3422.26883925669
7218.75283688177,7260.61645929905
1539.40793323157,3564.75632798009
7344.21910896036,7439.44643180845
7082.24101354462,8163.68047822435
6935.56168177531,7000.06834554462
1308.8046932039,9016.55415240337
7513.94530612232,7902.68632070854
1155.04881585217,3597.69023453202
8190.31178809193,7288.09531111925
1470.50982719659,3841.32396059679
1791.5191679284,9329.29491991638
9083.77349223114,6907.09084573993
6959.76548252317,8055.13005354502
7126.77994118733,6737.41059320638
1515.74440134859,3788.00578643604
7555.95307139895,5783.33838972228
1457.48220522112,9350.54698612052
1508.29568461663,7964.57299756607
7208.10168573279,7294.34238610425
5769.87629768862,4760.36568207143
7833.01842815276,7009.60308605822
896.208513999622,3398.77236128486
783.951260386287,8880.37588875969
1401.1345969603,9220.69954401485
6727.10694052091,7980.10259207644
7473.4691191587,7625.01176651205
8233.68475547781,7595.26971770026
6313.70331769633,7538.94208784192
1581.40471478836,9016.8381992709
7426.90788398228,7057.9091117106
1076.37159020577,9169.56758651322
1020.07129010037,3636.80908123807
544.233161729022,3431.61677470778
1532.55182296762,3347.97764682029
1140.9905951194,3228.34617942678
1539.69049955607,3538.91932442018
1737.25396062299,3549.85525452134
7677.65937504355,7947.50255341909
1339.70783961183,8853.29426336099
1055.6606203861,8770.39209223906
5602.24380154856,8988.17216570731
1704.63705203715,9157.88910325566
2300.79139957844,8329.14598169607
1508.4548996387,3996.71215896583
1508.2932167021,9152.34033056131
1391.86834333894,8721.27798733305
1108.98180963646,3130.63707972876
7366.72287893411,8112.04948986859
7212.61680348226,7306.86647454606
7346.69915005969,7726.93039586147
7102.23487659592,7699.51182928991
1220.42240453918,3736.26142580587
773.657777031323,3313.30999746371
956.087735554601,8386.17821078146
786.567911522945,3252.78324553645
8399.56941686061,4856.85244623007
6177.36115168143,7402.71054947923
1831.8017262441,8844.74120856942
1409.51447153471,3593.28636513664
7519.89619714169,7459.7655150228
6985.42374094632,7336.62255357905
7182.73752603515,8307.67978457777
1432.51433051742,8512.24142234516
6522.58356021898,4995.66380636945
3047.36191837759,8432.66700165393
8209.20417259938,5097.77481812337
1869.90932193009,9126.62967327736
1409.68491420136,3996.10139883909
6806.19384211603,6823.56886320386
497.544664997846,3011.72317008883
8108.50566372037,6788.32642086062
769.377434172701,3015.95663967164
1545.85615518392,9240.8540106159
1215.64681433329,8913.04794631236
1081.79592474775,9279.34453412323
1551.93518422618,8791.77252838396
7503.39504320735,8379.05274623878
7721.42543604182,3925.52727497322
7718.00436810917,7185.99542485729
7530.49551857934,8453.3952928999
7352.4684291425,7674.17737961934
8012.52608694936,8199.38437373469
1628.30289710694,8917.70053325316
8345.90440498755,7678.24659744988
6731.80935988466,7825.03326774386
7406.20012704669,7939.42572193563
1781.74943624306,3746.16624536273
1496.95816598266,9046.93967102201
7733.69519261507,7435.93060352644
929.733147760679,3248.58747198764
1605.74202276367,8934.05194531428
1187.86157088911,9308.57378165525
1445.79472110842,9060.04230001869
8044.1489184533,8105.06113801747
1052.90118852074,3269.55174558635
2154.00653334549,9240.96476986538
8054.9601412577,6834.95355761136
870.154180740116,3294.63136988547
2421.62836234483,3352.77716185628
6620.98635452341,7356.90385940901
5882.54698442078,8106.6860261162
832.209634916607,8852.65940773137
2077.7479175271,9072.23322693574
2763.60555455687,3862.33617412582
6356.39020014595,7136.10912255084
1148.27860059945,8958.13203012189
1678.24962798703,3907.46298748274
1997.74177715608,9547.60703816401
3891.53199067009,8501.07383531156
912.170087172111,3068.62640321023
7974.20060806335,8099.38601692671
1211.20356863474,3548.65524523048
2266.11469822029,7927.02045583994
1337.76303144237,8003.17628967338
6270.47948567809,7229.04164473578
1373.14899074569,3547.97602352848
7172.43500827595,8122.21411797201
7506.97662678295,8664.45676515788
1335.7339725789,3208.38979661697
1579.97837215305,3677.64737993534
1554.00994034755,8969.19757758565
1115.84568738284,3553.7970572503
3800.1749580453,5300.93315812408
1577.82511959033,7652.81797027396
1175.55493292901,3638.5076932561
7372.75079251274,7409.7811570645
3462.30062526146,8945.12214121836
2043.86007851095,3627.34582489789
6133.93960684595,7577.50948997259
1274.41751695971,8766.18086123886
1014.59941703636,9142.93095403739
7747.71291664407,8420.63425492893
1042.16437820125,3365.75056912765
1547.58291294622,9216.3795697029
1593.69684682202,3931.37235042531
1244.20578435808,3621.44184309229
1249.10710286114,3612.80638797365
2710.59554994509,9327.80746655193
1405.030210581,8571.03121514666
1523.48158680334,3846.64942979802
1725.39848283682,8827.82939500829
6493.06508491076,6453.41706836817
9072.92676638284,7116.85520737715
1234.46058418317,9023.7527779737
1932.21386455698,9267.97678287485
5853.93968462306,7800.92668604389
834.197004992675,8265.791091137
7707.45659370576,6522.54268924007
7041.53121261726,7509.74885061362
1341.59022397638,3734.56240114008
8180.32571801349,8122.81534893331
7375.84339445383,7331.65495609443
1205.38764811288,3758.36564386752
1014.70693893708,8915.77448150656
7779.15385961268,8288.92257188494
5516.41755982113,9498.39850822186
925.966420677895,8890.34098961534
6560.050628574,7644.11867994443
1356.88259849336,3256.97816259257
1699.12616715467,3994.67298762601
6823.1205145649,7353.15024452051
1292.62089877447,3535.55645579713
2190.9872070562,8478.86755737888
8526.32567744656,7637.54496089514
1223.87464486869,8839.12181945685
7452.34059785685,7758.32629935944
1332.65381310739,8116.71819609749
7139.82442012757,8025.0463690716
1650.00896219051,3939.44865981017
2094.14528355025,8456.66366153502
2000.64189539734,9377.14383823681
6713.52454685772,7888.07864801321
1330.97491425797,3376.92548271799
2315.19489709102,8326.26988317471
709.94582778017,3535.03980649655
1398.15534110681,9181.48185086171
2100.01535939323,8790.1633515489
7252.58346995704,6973.23846957703
6666.01679506713,8006.48607620393
7971.36133480819,8256.7282790839
1756.64690299475,8977.32305977616
1299.63817577295,3726.5993163454
1960.24868723016,9004.05371387685
1635.95170222706,9043.5370445046
7428.79031396669,8340.64208667593
7325.92219461204,8397.90663104901
1352.29477194695,9184.1313508997
1520.37536969852,8955.15560546998
1118.15746332878,8689.57889281048
1448.97568193092,3923.678311593
1820.89063263244,8669.93304432789
1193.81008927805,3329.68449597635
1488.50857211361,8835.00554433414
7811.73686274662,7837.82302323206
1654.83247612832,9172.87087338142
7273.04995006103,7509.47516374146
2112.53490639089,8791.04235615393
1312.13950999207,8962.72950012206
2094.2256925929,7783.92865431995
2201.86494333212,3619.46795788242
1809.90655082754,3926.52579450459
7219.69941282112,7381.56255936172
1850.91804600296,9387.5165298023
2092.89897857132,9311.03458807617
7753.59889174921,8266.91489084615
9001.23014137273,7861.95989642615
2321.07145508585,8245.98800702957
6966.61810253689,7420.84220975308
1044.03432392214,3355.82577602338
1256.39719949239,4036.5877156839
1476.1432439401,9246.09856661979
1173.39926020543,3275.76353969983
7451.27686887689,7438.99136658336
7174.80977859803,7710.19858735381
8082.61027303621,7683.95333459222
7280.06282851095,8202.79019880965
1998.49053087923,9105.21515851954
2069.73578086089,3670.41305634218
6937.50083494328,8093.53583643146
1304.62445295192,9037.8754964904
1469.27596711541,8725.62351781346
1207.31964957666,8603.60005691245
3999.44546849881,8762.51657841015
7386.57387328581,8172.29774145088
1266.0124629444,8960.59183548716
1203.68875504476,3552.8538701236
6902.36677549905,7022.02420542447
2756.1950674973,8983.01969835113
1414.29222700325,3532.10859036283
1644.18072334172,4172.93156913034
5610.97680936101,9031.21186214058
884.823236528359,8904.48370654728
1527.12027964863,3091.55408624084
1629.29902513477,9224.47122596036
7491.49973756724,7997.3875854813
7343.56942888937,7194.38048095735
3347.06239524274,6730.76468522939
6997.71380467739,7595.12869751418
1386.2419212444,9009.94110952961
1319.29715449266,3556.52887469826
1492.54665458093,8815.70698470183
7391.98381129722,7585.46617296266
963.576190880111,3614.43125640519
4079.29922874619,9084.8107284791
1460.63452076091,3445.48845989123
1321.87076928557,3779.26631618674
1609.52778645163,9189.88013574652
7750.05947560115,7482.25871155848
990.448816079834,3870.20309248297
1697.84831986326,8263.65042315227
1942.93061398206,8981.73345586957
1695.57932458465,8672.35409932937
1886.14423122237,7171.35098206089
1530.80578674568,4037.69419173784
8661.63528646429,7834.07846665743
1867.39547555387,8684.732117315
1912.87038106018,3708.01751903742
8415.60598878091,7592.23494234092
1883.59436876237,4034.35343316023
8260.8266790597,6202.43598754228
712.957196138716,3302.97436852303
1210.36991067837,3725.86373422964
1134.83710798975,3931.23584234584
805.40966369719,3139.77818170026
1714.62943263271,3958.83408271197
1488.57649163453,3888.63459972009
1103.06976901289,3605.7586663621
7706.94599941025,7540.65280195382
7699.12466999588,6942.56001595477
1925.89057601331,8455.66132052152
4042.90217665869,8839.98566160719
1502.08405189051,8974.21918556191
6901.40061963737,7578.00379784438
2676.89549250322,8556.4922266165
646.161455761396,3503.0705650566
763.03443639671,7888.50966968962
1521.81741706527,9113.06438555011
7124.65748973502,7316.89781162592
1463.78729898208,3527.77060968748
744.589966648647,3227.84714522363
2006.38771633219,3899.63551328845
1851.42115441145,8892.14894378897
1865.99034103594,8646.56520689844
1068.17019080422,3510.64974427902
1304.23429475926,3713.95428986802
7589.37361190493,7538.35460672261
7755.78986337208,8125.62987540651
7072.79523218359,6949.6770620147
1475.07884371891,9253.15537429181
6590.32109959402,7062.16043853979
9178.03202279857,6381.92464590814
7275.37060798603,7312.00117635002
7390.06068769666,7178.77478628795
7226.95588068219,7784.9981349071
1213.18907755454,3675.15918281314
6812.8180737594,7169.24370462774
7445.77144487976,6268.64110361254
1195.34238871827,8225.29088611361
7861.36957221788,7538.90327778858
7345.33567843121,7551.20141057813
3180.84262548489,7433.03070332913
7681.56305180138,6463.5651714693
968.882572928124,3906.39059492897
1360.85561794741,3568.51440083237
1609.95582120599,9839.74118311577
1064.72797971111,3181.79933477135
6788.20343322521,7030.1747448541
3076.86670734362,4654.78472741181
1036.79040550354,8336.80928976976
1581.41399793825,9023.01049171482
8694.77676154655,7132.28171909639
5557.63389450976,8304.38581861489
7041.1365819951,7525.71824974447
7614.19425910275,7703.31543658467
7339.36184890368,7156.79961972372
1168.12262651938,3518.6832786599
7201.54241292341,7246.98403645686
6609.09492027211,8063.75217305397
7850.78368763607,7331.83154943409
1291.12136356872,8984.48009067548
1495.91512670561,3684.47376092654
2725.10505220785,7722.7893148958
6753.64756663845,7823.63383960442
1977.50220771373,7474.65282887105
6962.3294018765,8266.9427387336
7218.71276665139,7235.7861421421
1154.49262876429,3798.57342622574
2765.78556421277,8445.97879426262
7901.37265500108,8572.86023679575
7684.77180359458,7137.35846912277
7438.13705821764,8087.62748463434
8190.9996215759,7186.94922118425
1747.99513275618,8282.3724337806
2521.09693136891,8139.15793026857
8452.64719098727,7763.52449565707
7875.40628184394,7724.94436846721
930.563509993434,3278.8694032055
7063.22393303983,7819.22620815582
1304.23367409421,3357.17289521016
1873.96015078292,3707.43860816143
1551.00442532205,8239.56131758963
1051.17556235796,3306.45257460678
1594.56762107924,8903.60601180685
7511.22807677153,6990.49893813041
7930.23787158551,7324.22311899471
782.917567688823,8187.57860626503
1188.49879642703,3662.93251603608
1437.95510255186,3699.3474835002
7314.22450814397,7824.65231665425
8135.25460611888,7539.85052733685
7398.73776587672,7684.14894708698
3038.77342280323,8975.39008581571
1186.20275555448,3503.61011295572
7216.05944821993,7630.41169033863
1367.14314970096,8563.16647946503
6860.35256886651,3736.28943390518
1200.93595827074,7882.88425383528
8616.29361506632,7419.91341597543
2434.65652825937,3687.13977603939
1939.94585897491,9114.2508608485
1900.44164164636,3543.05497698307
2310.47690515814,8938.53590778745
8058.7855273349,7857.00606947614
6426.57376728124,8264.83077831388
8521.04112653861,8147.33343493966
2025.35417440399,6396.30132830825
997.933979696257,3310.72496988813
1604.83572582849,3748.84927922099
1472.63160596972,3834.76129306527
1664.77251376263,9212.76759352125
1198.91814252293,9081.33792034516
7675.2832342307,7471.48264783724
7439.14130204806,6728.44717456163
1585.58803847911,8944.80409839453
7478.87769060108,8346.53951817735
1775.93583962968,3845.0608839952
873.863234376868,3474.78758429042
1422.10945870912,3110.66832079511
1515.64685139886,3754.68531396489
8078.61279856118,6803.78628601712
8817.73916132945,8516.91723559048
866.89355217102,4058.35066542359
7134.86842406855,6124.19616888893
1528.43653282011,3860.46618599537
2643.22033398249,4331.64280270423
1085.87427047054,3295.69500826127
2392.17079025295,4696.92535928497
7594.71124489382,7363.09463732765
1463.80244961908,8760.48436878338
1001.43039408389,7433.41508560518
1541.76626588937,9213.13782959328
7921.95775925338,8035.31591690939
6804.17313213898,8190.295900483
1880.39623419937,8422.42289490088
1562.60735609639,3718.83042048741
2356.63004377374,8972.80610599913
7875.20540293994,7343.0701361526
7852.37809018374,7855.01839800393
6790.2249782739,7867.82780372823
1275.76059401962,3484.16029959732
7658.71375653327,7735.76439984186
7953.97695518586,7821.72986364579
2233.69357010827,4030.60377687936
1656.32556751389,4036.21903471429
1085.62920084689,9107.60265572232
8506.0912511352,8094.0803227381
1143.16639450807,3266.36341639209
838.390079685123,3547.42006806649
7573.10308611605,7793.97831070317
4442.9575649476,8952.5622417411
1278.97658259299,8986.57766157179
7643.7775652251,8259.46348790002
7251.34020292304,7950.78276836239
6266.16905219268,7705.16220217788
7126.78414641114,7626.93583066404
1170.66871967902,9003.04039880691
1661.0982585587,8791.41372103758
1138.98899966277,3798.99866836361
1214.34630941349,8797.71760099148
1166.74667633901,3261.96467268366
2576.38674928178,6084.99224026899
5140.4241106346,9510.06884227629
6817.18894525039,7207.34492771722
1007.3527807672,3301.54584089494
1073.36367184264,8350.57621629016
8532.40118845717,7270.90507099884
7166.18092020916,7912.21139636161
1442.27537152255,8074.10679980779
777.212885216109,3035.89373782832
2333.16696410962,3633.30192545881
815.300099869047,3342.64631347045
1571.34967752713,3368.67617993603
1784.59566773308,3503.88925753526
8194.9408943012,7081.98910451447
1750.57805013726,8823.26574744662
7790.48910059065,7725.3587187781
8855.69980790585,7876.36158745619
7120.23114509268,7906.84316630283
1255.00439032739,9186.32749494331
1075.13015444257,9221.31577145395
1336.11016069735,3448.65292255228
1362.10688622817,8027.33440653152
8533.76541378478,5128.74129067487
2676.27040882623,9367.09681682977
1249.67455921285,9042.53498711275
1234.40866677206,3566.64818633034
6250.75665475244,7805.79081948257
2255.37293460305,8567.59076321305
7701.11028358161,7900.59340450108
8509.50483777364,8113.98037911168
7039.89503112721,7368.68210996453
1653.54510339374,8896.73457010579
1600.84208741111,3525.81940784821
7109.8590420671,7554.40046490487
6714.38220409131,8035.14690528664
7535.47365086372,7379.6345681293
1445.15698206887,9103.50244613813
1629.05743953248,4192.96927654255
1672.30894878154,8262.73240511555
6740.83931118273,7212.64959264203
960.734673173134,2920.15583909734
7646.91286183158,7110.45446163583
6990.7223589707,7825.81313590711
948.024341157421,8931.78795408752
1308.55496129706,8820.51756733116
8294.98722972756,6677.45106284977
1048.73942653635,3682.89146231144
1794.03415183616,3969.50321557407
1449.82256170788,3810.51022381916
8226.33681489608,5452.99362785942
7298.12124157118,8055.82036829207
8078.17212416009,6354.19574797844
1621.36095842169,4043.0982334
2345.56096204461,8298.10509450623
8642.78874412356,7314.66508693617
7875.6673028207,8069.94844816091
8178.60030059667,6923.38079894512
1837.55937087501,3842.69466891329
751.041023830738,9433.95500613633
836.679169106905,3432.50603094408
2439.58602610869,5518.21977717172
7200.99755353685,8199.37588119158
1102.48065382553,3576.75075626126
6783.73409441936,7212.91535236164
919.144748663833,3340.06793365594
1723.26047355785,3550.66181063708
2233.06128101443,3966.15101253815
1526.13408184829,9171.77332597376
3607.35824301052,6735.73177102236
1034.16010650059,3421.31438426222
1442.15494949657,9291.03247579578
8080.84014540073,5962.61169874621
1892.16296187522,3755.85441453597
1823.94318678722,3613.8133196929
8197.52332063842,7356.79870459166
1066.11639946837,9244.2884600047
1539.60821872233,9181.59906702687
1563.64156869458,3594.03778105713
7499.77531217822,6793.84245341107
7499.89645075176,6863.46115921113
912.619682187937,3018.10804822278
6980.09217433506,8355.00692290872
1412.45730587474,3686.54321624109
6712.02875809882,8101.34688004898
2162.59606447854,9103.05975712865
7006.54941751674,7765.11189291975
7030.6291837072,8314.67227761366
1832.12834214102,9028.83613348724
1569.45495688228,7717.91856769937
1154.36199274477,9193.57725794252
744.123446972142,3156.57475482759
8200.62586696126,7281.33132448116
7803.64117732456,8463.18055712865
1438.43533792768,9217.17554134418
1241.56803980944,3581.36934755301
1093.04993153019,3557.79203076955
8979.0633031127,7816.37857831324
1248.03121311999,3632.02185343241
6605.55456439177,8067.97239112894
7159.19565461435,7803.33046364302
6453.45996198363,7172.09289521265
1374.39907538394,8870.01862614314
1555.88541987602,3635.05048563911
1400.53608016204,9224.56191197947
8314.21023336859,7720.16575381885
923.233556646072,3257.30676486524
1395.09610687839,3677.62787951862
7810.44709194523,7543.64901948843
1439.36272549611,9210.98431429596
7194.03239109269,7547.74214966104
748.400808380488,3446.59636695319
1433.22920782137,3857.50190699477
8458.44715559668,6968.90358183642
1417.97058362488,7972.4303901577
1842.64428559232,3855.41267994131
7842.57622515404,4318.26982138525
3926.07690909832,9132.07725181062
8265.037862799,6896.51083981691
7430.89355611357,7963.16249909411
8830.83808751686,7492.87143178428
3098.09523128781,4231.49210608283
797.150939284586,9117.22612731211
774.143658369771,3254.09770010555
1510.33528367264,8852.37398323704
2320.15239910432,9287.26721126895
1283.71751126834,8235.27836071591
942.525772718421,3207.70278133567
7907.97720562245,8216.56900929661
1524.89287402386,8995.03239570714
7346.20958246825,7935.85371692249
1111.44480627856,8877.95852344349
1577.50025939573,8409.11964346528
1523.18847605473,7562.86131163822
7815.70193847288,6865.35255602454
1374.27439399723,3719.99789494774
1568.49020287744,9081.51438677606
1602.3444346006,8854.78899237627
2780.54449718503,9055.96449836822
1644.83336353809,8666.53875231356
6571.41025657982,6501.90959546262
1237.59159461357,3774.98749360841
7366.29212954823,6914.66662534565
1937.51794922977,8853.67854687826
1412.38827628443,8531.86018168973
1500.55557769586,8780.16780100837
1062.24018777413,3599.83304794605
2041.63728600106,8516.11260779011
491.438346517372,3378.5023528497
1363.01409384606,3939.86649220874
1140.61814637372,5060.6185004698
1713.38348232262,8851.96328681763
991.977881985511,3524.88458432254
2065.29967255209,8386.07691031372
7854.27468564047,7439.69985085603
2206.87788210014,3422.046904135
1548.72780697779,3727.82091990494
2659.37995910523,8730.01941768773
1617.13347298848,9063.57149779206
7611.1761633226,8206.05834944212
6768.75601314806,8318.92424716442
1370.55453069909,9191.91313615719
7813.26978309317,8229.47552093132
739.579558358022,3299.75638527326
996.488978788405,3861.66756457229
6400.5234126539,7535.8333194137
1394.04361241003,8935.56351443178
2420.84818534199,8089.39057087025
1870.84977620577,9011.28575972286
1799.37233156565,9116.19633866327
7811.29704514879,7889.0942159494
3261.91757273204,3946.56939353212
1334.110036791,3633.47925584173
7316.15518762841,7759.56881075632
2114.13033763588,8499.89312804126
9353.97059383255,8013.85737061312
7850.32444820658,7211.32636870557
1630.32749899927,8803.07064958217
1363.11588646394,3913.38772401984
1566.12039835255,3905.39663332569
917.745662031768,8801.97254714379
1656.63004997604,3827.59022346376
1056.5803926283,3129.78070986071
959.224624613235,3494.93518963868
1271.36461892304,7114.23720671696
1385.91429393846,3411.65495998655
2087.97715130815,8791.41740264583
8309.21804940699,7432.42353361727
732.409959922822,3506.04155620137
1427.20276459295,3622.87151290302
7014.15749766596,7515.19873053721
7269.19127329974,7710.36142415989
1254.9287693774,8766.7862192803
1527.25408558574,8895.69821581261
8525.34154737333,7554.00074072317
8470.6982666605,7969.07121485979
1615.45966507933,3653.85536010038
7694.50059283777,7461.05885092682
6719.02506254884,9040.21480517565
1938.28863927481,8613.01927921229
1152.88630201988,7626.97341835476
8161.52997969612,7653.47037422711
6651.6194647688,7109.59776292179
1644.98038437703,4106.34939886218
7120.46124654652,6009.44904277813
7235.96055364396,8410.36332071064
1203.54641218867,3286.66938807706
5323.79554946812,9096.47671150391
1236.49309284649,8847.7348676528
1388.00367787969,3490.00829577639
8411.4576133658,8016.11828067858
7046.10764293121,7940.85428268742
1101.55756363527,9271.50878782781
6850.78979613621,7728.57222613644
7441.50955075294,6869.27467690475
1250.93294794964,6810.45003356668
1411.57841904989,3821.68045772704
775.911520715269,3347.29049688718
1116.19912192577,3443.35490994397
792.047152127105,3190.31208830589
1048.85813252191,8768.15853271097
1537.82392202639,8886.09294806805
1909.10070133731,8692.36452738923
6663.4509990723,7411.00311255201
7784.96809629326,8035.93761124214
4869.56142886722,3340.99176054727
7178.6596752197,7149.18909687322
7466.21495419214,8310.00372730634
2139.55950091416,7568.8779271677
7436.61735952819,7549.58275887138
7776.41940985975,7640.97311838814
805.11845815056,3354.15893200934
9081.78325845293,7624.23394901718
7409.56552826248,7516.39966864924
1370.26970418534,8441.49528619484
1157.01135307314,3424.39022227568
2342.92783827835,4376.28437663287
7546.36080993466,5949.10802917567
5215.89962566084,6511.45042858088
1748.90083630152,9468.33585803164
7771.15746714483,7693.5270534999
7067.20885735188,7294.89551908844
8094.87786081606,7601.42903397226
7154.76979335666,6502.41168477996
948.99575983058,3006.90278385379
2013.58347374021,8835.09482420998
7977.07301282886,7313.09955255722
862.140780636041,9093.83508778239
7368.01653113783,7578.44785393844
1867.72078200168,3995.19028543614
8275.48584898295,8016.3834503821
1029.51084090621,9155.15232414036
7260.46274430565,7670.11369382079
1219.66117555885,8606.85280476287
7013.33316245077,7506.28738282794
1971.66443672044,9002.17334331074
7467.70081014148,7148.04766158168
5917.25003566768,3497.68597247859
7256.7356048585,8063.23300087641
8931.78776265393,7930.3158771605
7725.73852435196,7464.28230159901
7273.51171410465,7708.10943776509
8046.33539821075,6239.76203127455
7454.06120446388,9650.56764934981
2518.19205287257,9105.07621545694
1800.61618955511,8311.00394914403
1988.52073290502,8973.83702417942
6487.9908475208,7861.70916369302
1355.47935949739,3599.45101316396
1645.1198511795,9025.59328670421
737.749334401218,3390.39649621688
1042.89771202492,9269.11207867436
1502.40824803428,9171.95524361497
1049.59862795411,3355.19619508097
7606.35479343467,7426.05539866585
1836.97879036874,9090.45331604961
1580.60224649157,3318.85420224956
6917.35310908764,8124.49998623514
1213.38449142141,3476.8180105476
8434.26987171802,7904.20158137965
1710.89047992093,8823.54474493158
8144.33457922922,5138.34691815383
7066.72435498434,7327.70760479595
7828.63338436183,8367.4814098909
2033.94974178899,3526.78141477463
2307.15833880116,3742.38139915869
693.658076821683,3448.02902350144
1464.44690409022,3514.59825012248
895.33597808961,3596.55218383904
1515.31593152943,3398.65135196162
1496.34161768297,3644.60091732262
1311.0352417438,8041.4033372825
8606.21503913477,7052.30404097578
1352.79351474964,9157.05290834714
8244.90180510865,6555.03285992738
916.065382129849,8908.41298765222
1294.54098872486,9001.48238915618
7390.96897017372,7570.51425405024
1295.60258800661,3516.49801188576
6943.15081384658,7355.92213942308
1352.74368950522,8266.87509497361
1579.68219222428,3793.2599307907
1478.37153103068,9298.81477650685
7142.00972417797,8129.24611432369
1705.7620313846,3869.16364103382
6969.15945123116,6504.58553262664
1165.67869932171,8287.61530310929
7135.1611004145,6933.45195123025
1657.75556202684,4058.42082178544
1321.20368820019,9146.13639431003
1625.3394432853,8786.66587811895
7230.63707989065,6749.73997163422
8097.07068168868,7296.02724689476
572.156377032584,3314.09426805303
1149.03523458989,4031.71821828322
4144.47042943318,3560.35890069982
7297.30005176862,8265.84578999653
842.446559883348,3128.06623673562
1522.916430326,3686.65016778089
8232.63693153598,6812.62490902234
7215.59106005065,7891.3029294323
8124.48485411851,7924.85229238139
1839.00932870452,9146.08782657718
1558.61496402399,3969.70626499609
1312.81455404097,9469.10118029932
6976.61663084808,7607.49375323191
7392.15869355208,8154.17746494279
1942.14099188021,8738.07798931619
969.347960780687,3026.23028231812
8106.00939467222,6943.29543361232
8827.15623950585,7445.38947391861
1140.31549398137,8800.11681235155
1619.36252033411,8662.54239067661
1512.5031519266,3607.48545834149
840.298447601332,3204.06544416955
1364.08068030798,9023.71078074141
7602.8850397737,7546.91620800712
7616.7432596042,8075.21417409773
1642.81085074343,9074.62982025054
817.093690021654,3319.90225504547
7850.9122569834,7808.00324849435
8038.23970977811,7957.59019975748
1450.97210032121,3764.5716136112
1153.24879294317,3470.89860969602
7089.3386280686,8011.63703662104
7886.35065562545,7568.78884410444
1030.76664409012,9246.53554629369
2702.92910942072,8300.58396049292
2435.74017697558,8938.07127662881
1417.87013564495,9009.0559720307
816.076257926659,3174.56279825543
7508.91059006567,7045.95228996709
1261.83326232073,3444.34147420519
2952.6000284374,6737.84773998727
1285.82459204706,9093.75971856088
1675.77523183168,9244.12583886507
1795.44929185325,8173.16786149795
6611.54547629493,9074.69842455354
1235.17261336271,9028.07185523992
5658.1960059726,4110.15275381809
6434.71756925598,5609.85069820989
8485.60632468014,7152.1689709598
8324.7963780256,5585.00136655643
1520.34360169661,8531.67952219247
1620.58154348097,3612.65045415035
892.092254316305,3535.24840419905
7334.22256751681,7192.96147792304
1839.04238132642,3985.26327774593
1363.04155898452,8642.95461520368
7025.44749815139,7663.53978376316
1524.05524347891,9118.97282350334
706.43531240335,3363.84594283286
932.642532850751,3202.31912453009
7785.74510415784,7550.85862937532
1402.81138386132,3342.28235924448
7410.8123170626,7638.9329796274
1075.85258381152,9069.16657623923
1201.21643201416,3654.6923157347
6250.81651923459,7287.05188217204
6675.81523986305,7454.4261668287
8562.41106918729,7890.61191484176
7408.88347743804,8400.22091645992
6555.96153988286,6928.99165886135
8815.75784558836,7878.20382179388
7409.39757055975,8115.88649431236
1214.0481845804,3627.02918556961
1428.49061568293,3493.58185500678
7204.35359505362,7724.91403718105
7715.2979331257,7749.95678753514
1775.38815233637,3856.65393076961
7921.47969774417,8374.74983660396
1017.24688542707,3405.57049779033
1157.59284675147,3406.88386961901
8095.87840025249,5763.67644267748
1388.97045424693,9092.21686569114
7972.41966068445,7612.08314413917
7999.22363261895,5868.16286849443
7936.92332127382,8422.79726829067
1203.9418899036,8715.63559213337
1495.30342951372,9123.54750060955
1106.16216177844,3092.21916165421
5036.51829221746,8736.17572250132
7273.73968829997,7877.60757505126
1663.10287948551,8986.79329466419
1497.62555406454,8651.33832245087
8644.26583628579,7972.20671536557
1590.34319236261,3671.95162737621
1553.53879603309,3785.16601733493
6440.75775206934,7757.16818180269
7859.21203698253,6119.71852737217
1677.71479403555,4002.86694210494
7789.27025637697,7682.52349850766
1677.41529673744,3557.37077162063
1500.53909334567,3614.66788672272
1593.21361979145,3820.65429248099
1500.03669218273,3897.59596573495
1891.92101121367,9532.57249576014
1534.70465131602,9093.12023390179
1516.90230900537,3458.71247077264
1278.10290975564,3250.28451208707
6493.34571335602,7689.89524338915
7704.99597203147,7638.47068244184
8123.06720947421,7420.93660739861
7686.87489908894,7648.2177900806
2532.78382228514,8928.63178712497
1517.34595166403,4196.64024466745
1662.52179862793,8875.78492255491
7086.19478731097,7162.30494533576
6956.00773794467,7401.08377151307
1284.8524917015,3429.19324475372
1674.73054432171,3817.40992283701
1884.58666612947,8824.68334909229
7404.83727930973,6848.07465995499
1384.59051589607,3786.33810895053
1261.28204429498,8887.83759027483
991.578364752306,3235.39936920233
7531.45355487981,7626.48141589914
884.023726775868,3703.18758843067
7700.94482850575,6763.0502006931
6933.87825607289,7471.67379310752
2200.67855284335,8710.11857181499
1290.87636428181,3543.34709205915
1580.81723073489,8580.23869840971
1291.30204760691,8446.03196058716
8065.12585329962,7613.55090641942
3150.88501869712,4001.16182950373
7582.21746771165,7525.25445610998
7899.1575632863,6246.16853032731
8755.14673482548,5519.40187333201
6946.03503943233,7924.69806288598
1014.52995526218,3244.56915616492
1152.29606467149,3323.7389342237
2208.11561866783,9186.89989570954
1893.16124397005,4113.36347973578
7657.63533248716,6451.77922639971
7196.98457178681,7417.60846302295
756.246799834221,3460.12563462739
6969.41390625676,8259.56405414294
7695.7615465956,7432.83606232654
6689.35867977009,8246.00315243364
7575.56196055597,7674.44757977597
6845.00672647517,7414.79619426472
7443.23243524541,8133.58038426933
982.97464643286,3273.69543156708
8367.86830505576,7606.35178616325
2381.55220414578,7435.9305377814
1427.91547914794,8113.97410677002
6953.09718577544,7212.21307301111
7589.43892547267,8219.85221724229
1297.42360452857,8940.84758399376
871.933969514396,3063.55616424417
2284.59899771726,9140.7308015535
2316.7049031355,9011.12764770236
2464.28135730964,9074.4354517406
1608.72317680335,8594.66405722724
7219.90229486772,7121.90468411085
1857.57143114295,3929.51652637625
1665.77818482896,9303.77973565208
6844.86738655344,8111.80517993016
1964.4629452263,9203.35257699435
901.540669262143,8133.67569105704
7510.03767150165,7686.70041381802
1513.73132101555,8457.73322503222
1323.49622767332,8602.97529714275
7200.40407620581,7677.25161291152
1467.27036355931,9216.14176479786
7870.11911949626,7448.52146137863
1214.6193105576,3760.85317604635
7220.96060375899,8934.48087796411
7198.06267930315,7601.36674597305
7136.80168426846,6665.25682917708
2498.20446887676,8027.90478358157
1565.80580807914,4615.9763664712
7097.89232190979,5446.69153897657
1518.34422809117,3619.69320281589
1169.08848786373,3763.11233564581
1772.04273045704,3938.60935810747
1114.17282742408,3570.55004325233
722.282597048149,3538.79333826603
6220.07808329264,8270.95285720802
7797.08620626832,7545.65332518196
1427.01168113732,4048.50523721935
8073.26976453322,8142.14048833497
1211.98659107425,3385.03558401891
7978.10506668251,7603.97887130883
7964.99919638082,7477.40516361622
7548.23198892461,7816.70405561633
1235.48378430011,3861.50079587987
7385.82635084563,7808.53378846891
1537.56130224006,9172.90954937653
1082.36669443177,3305.68126478663
5913.3305810748,5147.01083997655
7528.7187846559,5997.57179507097
1995.44034332913,7867.20653496751
2203.31885574158,3630.1180757217
8393.90335688609,6814.71091857172
1190.30562484271,3192.88338758937
1697.09266668471,9596.90266253092
7189.20673827786,7431.47168031908
1250.5256108049,3521.8243823946
1600.17978679687,3956.63512005572
7980.86103660085,8123.99878075187
8149.97114021274,7961.73924814677
7936.93790035787,7499.40782971909
1083.58790833094,9001.1387636833
1342.26566997545,9181.13723199359
6872.11111477437,7549.21500824752
2119.95393694421,8998.92298720462
2020.45171433574,3745.21241861032
1398.52525548504,9048.18374094254
1697.93535687181,8405.26673271845
7709.39823886306,4731.92285075649
7263.43774734097,8007.93067409464
1397.99853258895,8246.4478205179
1819.25306363568,8826.68604472055
7524.68360184245,7853.07323875896
7504.73418046978,7024.66997548772
8609.78386563054,7054.70822412964
1113.56233501525,6063.29804803623
7877.86234239138,4996.10832044835
7523.05706639049,6998.6533879255
7996.38366364424,7671.42862339259
7280.20520656637,6403.40753334492
7059.49136055399,7726.62078266779
2141.55328447301,9128.46608607705
1293.41187393495,3261.64099150044
6971.30464480487,8477.36283646268
7425.13019070213,8648.57107583439
7711.73974341927,7656.73081109399
7672.79258698241,7927.90219687645
913.5076645927,3107.51790966823
1420.3346658641,3565.29098675496
1253.57277521968,3231.84329007873
7733.00165059491,7928.72049540712
7696.786808649,8058.23248063308
1678.73981667548,3289.57064074678
1277.2427965359,3341.05345569918
4834.15688228915,8589.12272369048
8781.76652525626,7806.74709605621
831.50725423485,3155.60855752351
1113.58489742316,8991.34224177666
1547.61088672428,9163.33941372863
1228.39459701307,9005.74680626546
8020.08168725114,7670.50329051374
1309.14861161134,9247.33861565088
1041.46980798031,3286.70973085334
1038.10710551779,3244.07451610793
7095.62317169435,7894.79219084602
7985.77534770057,7785.6504472051
7184.48576936231,7904.66204526073
1551.88223491744,9161.05566450543
1433.60115529597,9092.25547800963
1239.86270380504,9194.73582368207
1168.18490035797,8928.12451967822
751.691271005018,9175.59021915444
936.66200870984,3583.36872477077
1594.46608156778,9379.07775349665
7975.79797014709,7013.87954130766
1172.79438625784,3396.5014257429
4608.56148685812,3729.07061278653
8330.97444192062,7644.28682117361
1170.51826697562,3562.02799269947
7643.2435587851,7302.99527545886
1322.7172922173,8871.08701305395
1609.7034789149,8557.49289799938
1279.09150825358,3828.38951701755
1412.91055360582,8903.32444456037
7509.00456139545,6993.89828008013
1047.43410361161,3340.73307505314
1761.23789661851,8923.59727622023
819.823551467658,2668.83293250388
900.117888160048,3313.5401980602
6326.16139780816,7474.97495855444
8539.9884251837,7205.83057976708
1635.83488314699,9222.27251745385
6822.37418790611,7197.28235868692
836.483304711718,3272.12054351366
6472.17711269853,6937.65520134706
1998.35120972679,8538.56406519388
8415.63354269796,4728.09471705305
4552.33057005155,3960.83474659514
1492.56400951766,3694.96481066242
7626.59254625916,8165.63526328033
1791.17619383019,3201.604079667
1299.7278422181,3593.17935429879
1228.5020368949,3319.20009323634
7880.88273789507,7970.74277350807
7694.28304041526,7677.56837659308
1127.84038480073,3389.52966623622
1186.45872971801,3254.88396923637
1737.5539336918,3457.29786078272
7882.9009348418,8467.49386145729
7582.43915290868,7406.9881444785
7366.40579511368,7681.59336306676
7706.92812827047,7600.25942507254
7120.95027048614,7390.19479886739
7540.4806161272,6852.10526997042
8021.02249482902,5852.15778891452
1638.1139414237,8672.42771680719
7608.67202591172,7432.24845154722
910.95865952189,3080.17014572781
6987.67172164785,6858.84475864097
2449.99627491802,3676.18350554582
1467.3207554285,3881.03017347676
7309.5867311051,7895.16775168306
991.931040920484,3049.35687037106
1095.08650122214,3791.05674313501
1250.96566391139,3700.5463397186
1990.94530136488,8625.45993367801
1523.18021929031,8477.13777074084
1076.35025776026,2518.56599045802
1842.83207072503,8843.10702125445
1489.77687933492,9158.23400398746
672.911800275406,2991.83845949161
7958.69155197217,8387.29617977404
7048.26802058838,7927.53123064778
1773.41245908859,9369.81076610378
7305.68752974352,8183.829022322
966.504602698374,3394.26988198751
831.730876301639,8792.1283456234
7491.98844652848,7559.82569439779
7498.06918981368,6948.00493638263
758.54338387716,3471.33138840184
6896.72579379716,6821.44644074102
1226.48333333957,9108.873923377
7739.89455705612,7247.04096824528
895.560996389974,3501.39713529451
1833.38550310497,8681.83822578896
1335.18839008999,3627.72345903302
1069.48990278701,3593.36161939427
2112.37310613778,8549.44247879846
832.473432128382,2942.01201156686
6741.81175139811,7195.46930856493
1673.18713499519,4487.41572985248
7637.5335635587,8215.28400620349
6802.66796665443,6704.7335983532
2093.25905745793,3739.37850124048
1790.81024674733,4378.48449018611
962.33801653598,3266.34261811845
1276.84774472404,8953.81416647778
1267.31454069264,3590.69556079994
8679.30853857482,7768.79004048899
2079.64392083523,9054.66968608583
7685.69614242559,7424.44748682902
1593.68029728341,8989.9158059123
8046.07346991474,7462.90800344184
2526.72132562343,4389.64994525489
2665.89280100005,3768.31486346221
1274.8728693944,8876.45557011851
1978.2110407634,8681.37184000921
1453.39101630592,8946.97790025753
7274.27204045779,5980.71020320409
2525.0868574827,9029.40354105568
2073.33009856267,8796.79994192125
1172.32813769484,3267.25822677839
1389.40796643634,8538.5837671047
1989.38034116249,8651.08523815349
2805.02515737236,8971.54039185085
1554.52593977542,8222.02167026564
1058.50075687186,8561.03506984114
1369.09872388336,4319.25134802848
3200.50390785081,8380.62934614769
8695.18606173839,7257.77200782148
886.527272484955,7678.88560469572
1530.87880369134,3516.39339427159
7407.64927398605,7792.47339987579
1502.37424942834,3534.37253029992
1223.32284432439,8235.14743322167
1860.80449333225,8946.47232786502
7584.37955951483,8337.99875036672
6655.13061060751,6318.89266343305
7885.8495625059,7562.6203756296
3954.04035823396,3381.37465070309
1256.86809046152,3436.7076400851
8955.1937774416,6643.97307987382
1458.24604007026,9049.58474538917
7387.9384907217,7182.36268654009
990.577840868294,3211.95336475965
1053.69372561895,3422.70434603302
7078.70048590926,7163.79024177003
1514.5187155221,9080.59736203762
7257.04164785198,8102.3525908266
7728.0363784602,7321.15827406928
904.810604128357,3404.98403145654
925.222134508208,3229.24447530181
902.250260641408,3298.02739769527
7559.62677269157,8316.39795433135
800.864251256017,8888.31631958327
1757.53440845441,7615.67536473677
7172.69789072141,7545.27851172352
6512.11790002455,7679.48139593774
1792.20040340778,8469.42697520532
7565.44918147714,8156.45621782653
7224.31737419228,7413.29738163079
7933.47645997745,5850.57568124194
1260.67731193506,9041.17075688949
1605.7583705924,3381.90720213845
6750.13955449806,7187.23121230371
1620.91229989943,4057.78472537665
1959.50091498352,7211.02977483589
8179.45412802871,6873.84932060533
1116.27100246585,3425.86481549075
7696.83581874268,7462.23561593507
7601.938211271,8283.05968757352
906.52396776691,3070.28511109271
1741.970084624,8935.0170134818
1840.36092770812,3643.06854917383
7800.40961716622,7458.65532025729
7875.52241180254,7784.1236541374
7100.37627319785,8336.33815208151
1455.89726732819,3758.04685597284
1590.91374661083,3788.29482765212
1544.22374253215,3680.54233682667
1437.84014315011,3906.502504576
7961.26614767133,8486.60669623748
1410.26670111988,8232.92822516582
7271.68787630025,8181.2791702576
7496.28645275295,7982.84162600168
1406.6979867733,3209.79547501509
8107.55369311308,7621.88483099634
1481.70127605123,3531.80945997009
1955.48443117086,3539.08658298287
1745.26478108705,9278.46800573483
6966.58084090555,6307.05527531617
1483.42265188585,3654.86986778998
7294.91800138908,6696.57969874124
1049.19656161456,9051.04316524915
1157.15319419519,9033.65726199207
1758.62978968772,8890.24947123296
1460.15540332211,3505.45890099479
3034.49016123825,7999.32706459604
1449.16373112233,9215.70484282155
1164.37908814034,3215.22157797229
1228.19009856654,9105.13671869136
1352.58237360307,8899.18038804959
2565.12433653653,8135.40323301991
968.556608568302,3539.50012976492
9672.61167955252,7032.97356699232
7526.04006728677,8430.52038105868
7972.90865998994,7734.89029865502
2099.17472698728,8714.77754887535
1235.77576999429,3525.85910008848
8442.26014757049,7128.53781026074
1546.06437088382,3873.75441212714
7656.109244609,7927.58611793448
1732.66103738236,3954.55830557275
1216.7033077371,3445.41604123594
1710.5042812588,9079.92863706401
5197.35410224407,6954.1182965637
7991.28770888358,6542.45366312605
857.874324574449,3246.26758302517
4427.74340771781,4683.20890078703
1685.74465134148,8910.99486730111
8731.29346671976,7123.99116968876
5140.56539842291,6773.16728647773
7999.28142149641,6975.47578745879
1514.98952104804,8997.19456118696
2202.66221721171,9286.82349545497
6920.99675429843,7841.74673508753
6741.14272993013,4999.36924327107
1242.19266552084,3989.22603408683
7743.39027316321,7784.03907767364
7524.55710269449,7213.20712822777
6739.15132658245,7166.08454025375
1295.61956582758,8746.81170662071
7895.64090197679,5400.71378996332
843.598052376438,3560.79518524743
1704.87641668239,3376.03438951936
1282.10542742311,8445.30413281322
1341.89964295564,8751.44236853268
7957.02123626399,6885.54710288834
1380.23488756029,3753.53049174201
1510.22638648553,9066.13748277363
1665.55062772109,8449.07933357099
7257.73136538111,7166.27302044127
6917.92249084468,4925.80670520273
7044.65501544654,6244.75197352771
1771.78094233139,5652.13143287046
1342.89354320637,8931.05518516126
8375.84206085417,7297.9200730647
2047.62690821762,8588.06320016775
1265.63729334789,6675.42741149623
1206.14867686933,9118.29781378426
1722.76442650766,4160.02255331284
908.726944176484,9181.1673497794
1495.36778159475,3338.65400735443
7195.81437373406,7865.31241319353
1557.4902632072,3743.36022077844
2725.72012740259,3973.52689719322
1599.08996226749,7377.35654946759
1862.30449896986,9196.84001418577
863.742998196152,3966.38071061071
7755.96380623266,6992.26381465017
1844.95995651566,8546.05622214038
1675.64499725934,9281.4699552709
898.851608269387,9012.61474111221
1445.62231430683,9203.13906471033
1311.88362720461,3443.23399536152
7112.87713124948,7668.54722822769
1547.70174320351,3717.7272833748
6897.96778805455,7632.48312351988
681.557508698162,3375.08361811633
7570.90665165443,7817.01587438826
8042.76952154505,7295.71001104888
8697.59538960205,6273.02093026041
7791.23822150988,6252.72203232734
2656.08460892199,7431.99551748218
1354.22010662944,8594.77881594365
7230.56627270012,7809.16897105946
3089.07833904244,3842.41669517274
1631.60568303812,8975.93835308369
8913.3282693825,7510.96955592994
7406.06011095031,9126.86920057526
8351.42311161848,7179.17626109633
6158.63073613762,8404.96038767039
842.808506486544,3093.76776781026
4092.84949057303,9166.05749462903
6704.87895391495,8190.89351915532
7964.47855040459,7255.787046159
1813.74715254038,3648.9100503382
1215.41981159566,3195.7207472926
7837.19198941581,7749.00307882581
1352.7398187431,3715.89090819597
1347.54062960181,3389.91123555486
8680.1258921177,7723.62790744935
1524.32831241154,3850.3048664218
1378.21599066721,9037.51424523503
7041.87280565429,7253.45052932157
1339.00231943243,3561.899413782
1171.93380309168,9190.86290058647
7660.96302249554,7480.95964914452
7466.89499491151,6808.71397359969
6741.64506070147,8051.83124813056
1103.56309634123,3467.51306243883
1715.2311113635,3800.20879931763
7688.71640888947,7494.4406364203
8107.52862761534,8573.64594613384
1365.72411397264,4131.61785414233
1271.7843880582,9086.34129776843
1481.65692418128,3765.65954605071
1265.79515863892,3878.62378387947
1357.0507754885,8927.71599712303
2243.27460007087,9131.27895109911
7138.93559015975,7574.41889988722
7335.03605777629,7322.69961239551
898.81153765558,9252.51854988276
8050.28401666528,5813.84563237204
1311.45145806272,8762.1435543716
1507.48641579362,8243.51706999574
8485.76035601177,6231.70451938925
1368.67602894344,8995.92415891288
1929.00659596796,3803.17315053136
964.691233851546,3330.55613682884
1030.94145679296,8681.13384908806
7528.3048274159,7984.5226217591
932.157986053286,3377.0027470253
1453.9110736025,9436.30709658809
831.024557220722,7631.10741832617
1492.64304157474,8742.71969000694
1117.53932973578,8909.37419842723
1810.12633364218,3746.7384043142
6878.65684113531,7951.55799216736
1754.4451442849,3514.09416322323
1034.38666283479,3913.75210379325
7816.02189243572,6603.76355733357
7462.79429783432,8038.85483501833
7501.93888385544,8041.50175455475
7411.5003255657,6446.99136177604
6790.25902255565,8229.5227213816
1083.24765473023,3598.66002363709
2084.66169806757,8482.4183017198
1178.37062508039,3719.90993834266
3026.21198662873,8669.45636278656
1222.26415428713,9301.28689949168
7668.21017616643,7517.64996895409
1506.19764954323,3829.90352420975
6728.54960553448,7077.88778986569
8242.19407192276,6501.8894963305
7768.25274279197,8050.46101863429
7075.02221382608,7525.4085080643
8242.88991475856,5008.97290275353
6077.57844136705,8071.14754874688
1271.17646704115,8785.82834283165
1192.89782223779,3299.22201926914
1390.67458820006,3211.13677620706
8010.76619701994,7336.38833689079
3011.84111300551,9564.19177629098
1192.04255657257,8195.36933328871
1829.61190494321,3985.42401665773
1691.10865833843,9261.80101620298
1815.63903335582,8781.06726540784
7516.31631751337,6742.6629783484
1647.1183505108,9041.01641747657
764.923116589033,3484.48693541516
1833.36627265878,8089.21221569921
1112.30392509584,9426.74604322467
1199.92334149398,3601.30848908474
7158.34465461092,6854.69407917797
8106.83781579391,6951.07874155257
994.146317990957,9001.54053532962
3199.04859007641,4800.07433054999
923.036247044325,3708.58917865422
7723.41574280214,7835.24251052157
8523.57043229309,9146.24382952078
6722.35356850692,8432.88269896339
953.605983631697,8974.01312176169
1271.14569409376,3787.29100356111
7164.32822689462,8247.0288303488
7057.89735907412,7236.8604850865
7059.70261500903,6447.33483803189
6707.98784311677,7455.22212785212
7730.5211099476,7284.33886388088
1368.53460392007,8922.08699262975
5892.65183029669,7639.78192446482
1152.53455251599,8769.26534249636
1453.15720145575,8373.54110805276
6895.27365850819,7776.22688425639
807.543846205198,8193.9340975943
8516.41009879172,7308.72397264711
1994.51160495776,8644.34547653987
1453.05465012823,8792.30185519597
6726.86757814004,7572.33682709132
1846.90157639776,3675.13628967528
2343.65037699628,9122.4985275167
8207.96194777802,7328.39297410329
7125.97200518779,7754.85331939803
2331.52538740576,9377.94488051519
3194.99104085374,8551.36471564699
1300.14816925487,8766.45582107017
1885.85140319643,9097.13939720836
597.499996208147,3417.77839148808
2083.00674668484,8068.39781703013
1969.76181510874,3730.89118346183
1478.03701638455,3892.49391162755
1054.86296252076,9078.44454610861
1216.27363572788,4372.42608909683
1428.46620498129,4282.44626711489
6496.835515737,7144.85059434207
7763.56918708448,7693.78463524891
7782.49430432862,7281.64865264868
7578.03297917958,8093.88022155404
1342.69861204307,3610.56840121748
2084.42507018394,9035.39581883214
6977.24982562957,7505.84899447533
781.744862244739,3240.11170485734
943.845082689299,3615.97951042925
1736.20157802654,9232.25674116981
1657.09526736907,7331.93385277631
1854.99622176841,7336.78369040055
1428.0980442481,3451.69561791602
962.142544150059,8858.22907033257
1614.92242112916,3456.42165783696
3099.38152776786,3293.8828662744
6489.27011518803,7930.31742374052
2152.02028928723,8219.93184483739
8333.33759853626,7219.96873509357
656.768721623366,9210.67860398939
1506.54438072518,4078.45788307025
1557.4143888912,8517.45940147637
7802.66213320146,7731.8164244496
1331.27733249884,3642.51330658995
2026.08921570077,7378.66949627674
7666.93416400181,6644.41865825077
1580.59693204462,3622.86987397271
1672.51016329752,9005.98199401508
1684.38588445906,3649.00936666112
7122.2476489782,7380.20911545124
1649.17870717957,3532.63905824019
6778.17327922946,8449.46182099152
1067.43434433011,8119.03207399441
1204.96127962899,3696.25704269034
7285.55497840492,7650.15801461918
1196.67763597028,8129.75900482428
1700.01632752756,3977.1411949044
7784.33653436105,8484.30160046895
912.263259089823,9030.29775024791
9181.14001874143,7229.83659180667
2539.06005335291,8896.32010691315
7149.77303572746,7531.20675648233
7579.86860582325,8025.85916986659
1133.58926771876,3411.17594142617
1369.73702720548,3412.22893162364
7714.56361408888,7675.00379627053
8744.57194119649,7117.08279744788
8320.80668481208,7394.75541920252
7456.31077765502,7791.48885796619
1204.45495647197,2998.40134593443
7668.51724808356,7700.14759846478
1295.56267315405,7507.65198998109
7125.33801459695,7861.86046689397
7357.0730012174,7720.68351409079
1860.67479116697,9139.00490225848
2552.31300347765,3927.30337134938
1457.42755945702,8743.18594615323
857.405114827955,3142.80509880703
8451.68582720643,7705.7551552544
2080.81481253597,9040.64611108746
1643.54685550512,3559.33176147171
1463.7162659337,8867.69942629988
8900.29813955048,7158.50423210728
7866.4244260652,7864.59181716768
1587.21272943345,5458.75873209343
7542.62170491258,8088.92048987267
7519.53158603576,7391.86906767976
7648.59807723538,7513.29883667805
1729.73701931889,4243.72114469958
1408.79901882316,8868.30241198006
2357.71466359777,7889.1922565651
7282.28437811087,7600.98213636697
8577.36966965869,7112.82679758668
1153.90005055411,3776.32287908321
1533.76924534764,4181.0275411694
888.224432731825,8931.58736661638
1461.38152663621,3725.18546345758
1191.48092864011,8944.95609594438
8248.53412692579,8360.91088111664
4213.51285672739,8342.4744578388
997.841940162521,9060.15715854795
1924.88599743668,8794.29611698558
1286.9425539271,3542.86800221253
1317.9167207353,9081.40268078391
6291.74205231203,7706.46530485196
1052.83599231726,3543.08469382837
934.930902279623,8303.0970209212
7668.13360043075,7591.24685135544
8482.2271173616,7759.78310632362
1678.91786253996,8527.05901506627
1054.15059076805,9144.77714142922
7077.43857364484,7523.15356563386
1072.68305219437,3447.45012299173
1768.40369856697,3470.39060796376
7153.11397524981,7055.67965349354
1450.47430347488,3597.67814990384
993.760955436971,3183.49258511478
6998.04346837776,7401.31966630915
2069.69874747245,9229.02180981691
1504.28141205046,8917.86564057921
7271.99807671396,7690.51440041937
890.837929147493,9013.59849863657
6516.36279266222,5467.67021016714
1930.89416894857,9020.91773961895
1297.39220254438,3399.18325244902
1750.3134333125,7937.34310064025
1281.85668684457,3766.92923372681
1228.98772775932,3709.11489395741
1091.06637532553,3920.11991282576
7494.88257773911,8004.94088279509
2396.66537764549,9233.05788862532
7257.07971982256,6887.14932959773
7518.1146957886,8176.63717441645
1449.94537376586,9018.09647210843
948.438586909882,3481.20166819968
7670.13047786371,7442.36851444939
7775.09549573443,9223.48638150911
1344.75991301955,3535.48240125639
6717.02954960095,7631.76928064898
1475.90804757895,8486.30193212732
6873.44025670239,7284.4943071743
1706.97069837963,8504.43644892905
7821.12017479368,6302.55786689592
1336.96074473056,7790.26889215065
7317.21859362527,7956.80712783543
8368.52073959619,7540.55841292337
1289.64928021941,3710.06714381198
8080.32501661119,8116.94931057653
1461.31021824133,3583.09170812504
1661.07158594348,3707.65499515959
1265.17711658559,8859.37093336906
1846.31488035933,9113.70961301798
1861.71544436855,8907.70110043153
7618.91403691241,7846.23743546999
729.169033998199,9197.50287391111
1680.46954742361,3744.61087289723
7219.26279137911,7819.05222889212
8056.459187504,6528.8648864582
1472.27561710059,8536.9694635831
1835.03271596652,9092.39888093443
3937.07406849012,3723.3830902344
7068.14925178705,7521.64812604418
2893.14574958818,9581.2683244331
2314.66213796526,8973.47159338292
1344.97237900113,9429.53712415982
1762.36402211448,4074.8432095006
1548.20515736709,7714.03717998658
927.963205699435,8977.56017569532
945.647735191284,3693.66541655834
7210.6398429295,7913.93855495241
5387.89790101339,7692.71498903221
8570.08613511035,7634.11872146934
8522.37855493082,6951.80284806274
796.897506125847,3019.86823613054
1000.65556394488,3596.13434817623
7726.84695587006,7174.04650117056
1388.78958905429,8833.38509326185
7804.68756692463,7442.61384392071
7466.55556520608,7801.87471712157
1686.56938448382,3532.3582752401
1525.9340286318,9072.37534191788
825.55513811292,3450.71045320155
1624.53609849481,7466.02350493725
1227.28539694152,3259.10731699474
3640.08277284989,8818.68195756649
1247.78804692825,9095.81852378647
1365.21143917921,3441.654352383
7975.34118730339,8016.41809595066
1970.61863294231,9102.22142792178
1029.64936699495,3368.9914096046
1171.21712605369,3558.07552830097
7391.43257800124,7443.8167763428
1318.36912615855,3546.98967447003
906.150832508919,3539.54146873819
1883.51172932565,8992.15106845111
1922.7639320955,8344.62535804013
842.689689166631,8755.27789623809
9041.89434906472,8464.91962188864
7063.42307174528,7544.08675170361
7026.78560315547,7841.71265385083
4504.4260757862,9269.84676982127
2030.12290309668,8453.4042670654
2553.75355522415,8632.27283455345
1239.99788739281,3692.56773831106
1523.53951343895,7761.76161639558
1415.26413565354,8032.9096552169
6742.64744754936,7371.56134665533
790.105236267501,3345.88976626039
1671.48841305423,4625.60788868967
7319.47983418324,6907.65104323359
8127.64404840301,6875.39815896643
1504.49356339487,9104.29247065078
1718.08967152434,3744.95563707594
1484.49758829265,9023.93097726125
7484.78807717784,7360.4710918167
1322.73584502177,3785.08545648188
1722.33119418637,3153.01145262832
965.117829157747,3373.68919827226
8832.15410090358,7893.31031156657
1460.54186173884,3401.47491584733
2166.5773938362,8976.14774223449
1747.06016174559,8017.05833252463
6895.98336524749,8833.73513668687
7787.67804756694,7756.67332050605
7798.98553294997,7935.18799025978
2160.64164963274,8836.64689256032
5939.09984228437,7520.10564883821
7678.57751222128,7035.10761331997
1796.70945964692,8519.90545158012
1098.84925630997,3851.27937761916
7313.07749256485,7393.63664843432
7308.11981312816,7671.0781678911
708.850419252284,3283.22533320507
2317.3410591342,8961.33281580649
7638.34078964403,6993.04265576055
1009.22072867681,3477.24504447428
6071.78630850219,6448.39600929203
1616.12188873456,3971.58034297833
7447.90694398353,7082.06724003625
1992.35254763598,8567.94373022953
7706.72678633022,8546.82281410289
1354.18180210109,3427.10654142724
2057.13529269455,8898.75855866342
6339.04755513285,5851.02065706067
1974.27823327143,9089.46686387684
1292.41453187984,6952.90700184172
1114.85568309482,3446.6571993794
1268.0787811357,3562.31563654812
993.853868334147,9237.48099428428
945.645485072534,3528.01408192795
2192.27962406857,9024.82647792382
1042.53137122295,8962.16921873994
877.910767892044,3174.72913671314
1684.16710940335,9333.90257872574
6731.39813193067,7724.8532614991
7251.41851921004,7866.28337873456
1769.79810329447,9057.16419679183
9013.06737110107,6814.56969645839
1495.88351222501,9340.55106057531
5000.73211461673,4141.49944013112
2300.38189380352,8447.29354606798
1630.17420880885,3226.12283509742
5973.34127846663,4491.66243019427
7623.68613797283,7911.3079830583
8145.81952942167,8052.12740673759
8035.00492997082,7680.67878196468
7127.50904094765,7815.86273974586
2747.65850042436,9197.83743016623
1351.23386730865,8564.72179967555
1150.52767675963,8810.45932482973
1644.17646924663,8624.91912123238
1340.93910778814,3786.33881347708
879.047820394464,3411.38785314501
1223.05970476499,3558.34122393308
7720.350870828,6395.43809805027
795.058056259133,3275.76021591731
1804.41894236584,9104.32660048296
1293.82685032267,8919.08452447296
1605.1380845426,8901.73375149805
1088.84240936336,3424.756788418
7461.99773902997,7388.48743162928
1528.75840650025,8998.39993315307
8506.07202733948,8019.4433150243
8227.86135645224,7616.86423193482
1839.41978889385,3938.48069290786
1041.99559187312,8908.17239074018
8993.59017924672,7675.72830009901
1453.7783409269,9129.8347968424
1651.43346597027,8925.46206367273
1240.49610456345,3421.80767754401
1185.52880902069,9289.5924062529
4457.38850935495,8584.11463935987
7396.86299992786,8809.90011216826
1980.68302597772,4335.27602917063
8122.12978286971,7265.69972993937
1132.38476774302,9219.72762425963
8162.23795607523,6812.4091993042
7583.02665789139,7822.99409961995
1211.18397524174,3260.35744291565
8973.85971753866,7769.62982173808
7255.99934732135,7130.33550051724
1822.76777467216,9201.90446010737
6537.62899668864,6808.00973539361
1191.55257880567,3665.02020094911
7339.79283516961,6600.28595886082
1285.97160027963,9031.22048121165
8414.07649906254,7366.65742716173
1857.59883724505,9004.17523070777
7651.38462351673,8399.49429861273
1180.19657768325,3377.15306496036
1235.88109182334,3514.86264593374
9078.12293505888,7706.4910902018
1343.60715706824,9109.42022807693
1479.75101486856,9180.56529134865
7347.61257786543,8450.53950420679
1437.34141766011,3794.38161966288
2035.68087361911,8623.05484590498
8139.95009539179,7641.87280307303
1529.48133843745,4353.22186912744
1570.72162854766,8807.25000987363
7422.3483828738,7701.29930341313
1108.22824935981,3266.56779866484
1014.57089909044,9156.0829775839
1621.12889186681,8338.04663537168
1732.32016560048,9108.60322394441
1205.95353247024,3809.1838755569
1528.66338526379,3874.75282009016
970.252797651338,8848.56059087484
7974.80837751423,7514.85647233642
1147.15106355699,7702.99964549856
6912.33088517162,8077.7426076212
5983.07991807779,7551.88011713916
6896.28186702253,7018.86372708885
893.293354091491,9015.98225216615
2020.39163649488,8293.63416633063
1560.76970955889,8917.139491803
3024.88842408561,3398.12039424209
1448.65361276887,3484.42545601511
7319.46581131977,7164.64153031495
8166.00292526332,6880.36929299328
870.658249332382,3230.47653261303
8108.61473541974,7167.53443037155
5350.0123732289,8978.26888817816
1302.25682972837,4084.07447213973
893.299183430126,3458.05803117908
7655.87720491466,7416.22167874398
745.998498064068,3195.1201949724
7559.63660205188,7708.77783826693
7440.24474321165,7833.81947935002
2075.52444514113,8703.11743572475
1751.61183904255,8468.58261630469
1580.85308688773,3482.03852916221
769.132637878012,8830.90920175556
1669.51546920369,4043.44047553764
7185.58824063174,7656.09386445993
7795.786915885,7741.22908398292
7473.33094069845,8681.41359991551
1947.81710294268,4539.61498352693
1747.00623227993,9204.29036699203
8145.68258892323,7845.31654228056
2021.83105086264,9032.47540583777
2075.69197373758,8886.23059465298
1321.9235182019,9091.66169269984
2265.13540614582,8863.17228228574
1341.80314260847,3513.90351106056
2069.20620645586,4049.59694761003
1013.53959328339,9038.24912358795
7664.75824064511,5788.51985744341
1066.76866120914,3592.51690352312
7218.59921462516,6745.60343716862
3270.70681002171,3977.58487285398
962.988999543886,3713.11777398176
1369.53104717676,8924.43112459329
1207.97553052879,9325.99798561417
8711.20671726465,8004.67104471505
975.535560623547,3480.61591103175
6941.18194586319,7373.99414095681
1120.49267249061,3949.02337815268
8193.02092268279,7368.15953806563
1462.6358819736,4618.83156857019
1078.86923119795,3424.81497630954
7556.0938028825,8079.65905190549
7831.52664536927,7264.70309546173
9637.27919301938,5728.54789406448
2045.6647095703,8513.36672595144
8350.95448600792,7513.3464178582
6700.02654545874,9160.25638771898
2049.44124381281,3638.85341798595
1896.61914122987,9074.3311672807
1553.94258622129,3749.51934009084
8071.08912077921,7463.30992535434
6792.73418164498,7478.18112542978
1000.5184347017,3557.15349489199
1293.78980314368,9232.69892389647
2178.82088055374,9438.56378051591
9497.13020905963,8626.55623282064
8280.23228480238,6106.66381176429
1408.83665260883,9195.70473833718
7340.99682910469,7821.57297367237
7505.76094680601,7279.22180638252
7113.87423918063,7603.57463279006
8302.00617816484,7816.25871120133
1151.68198816974,3886.47989542354
7583.37348088971,8764.09894279368
1344.65805853857,7945.07373801837
6143.47017535874,7631.16100670095
7674.6354784015,7061.4049323643
7565.67110029847,7504.30187125677
6549.59870145083,7832.48837825088
7703.4745784706,7405.04943118759
8564.51351752159,6010.75043951861
8447.67255494148,7787.29550558333
1508.3128447043,8699.76690902501
1013.16028620653,3337.61313199033
1322.13770479198,3236.04968467841
2171.47693909917,4120.08682615663
861.173091439212,3078.89040579444
1393.55199833513,9043.65361912084
6529.23213969978,7408.25061833898
7411.4267700885,8037.00322849295
7617.31980817025,7089.77782232777
1698.63098685694,3897.30667852195
1648.30727141708,4105.93953678716
1151.92035740576,9158.93640080767
1260.63245120939,3073.2732981296
1959.7694656786,3980.0620292146
1362.44357969586,9124.37991121006
1446.86734458015,9314.70358180355
7385.78510156841,7788.27606067675
1652.1270029505,8712.05765307458
7337.90483218617,7339.43874489401
1930.84461373708,8852.78602879039
932.001500449984,3277.36648651861
7642.84348943994,8054.24666446698
7120.76084354815,7571.03021745409
1501.9543086027,3714.42006726948
1141.4404137896,9007.09436589671
1225.70423612422,3630.64484460527
903.825514566001,3458.40065714408
8021.31766574879,7600.79408280055
8233.80808737514,8063.6498817811
8048.2920912624,7112.73631653904
1939.68719900381,7844.75012463906
1541.31946640556,3659.25331779173
1573.87651661022,9198.64665744344
1950.97872743914,9094.25006325389
865.06008919643,3658.61754991677
7430.91778108954,8342.35371038849
1344.26915061948,3769.81852181294
7724.96366727785,7989.01934404277
9392.02363299984,6714.50514684889
1386.38683118818,4705.49868866715
6382.79088379862,8142.8035090054
7397.6371792224,7670.95842249497
1302.70396012392,8746.23029936486
8787.93332902653,7480.49984019069
1194.4244249839,3371.96426958424
1495.48785562017,8827.27413407567
2039.18249474949,8976.39318193798
1053.8573786186,9109.07736133831
1304.80966294087,3550.76711478838
2169.77350362348,9038.1065299784
685.181044443014,9092.77695559416
7936.88900295392,5241.8500312451
2710.1916191071,9051.23926978618
4093.48528517358,8561.10625860189
1088.54294797985,8978.35322826298
8099.96181597657,7677.69255076222
1098.50293055614,3425.32153211737
1080.5975338989,3237.95544201145
1457.31826953145,3276.33139776262
1446.2717493818,3603.44817730896
1477.32122102866,3720.52841703595
1628.26919573881,5582.39850385454
1352.12832839975,3236.36465176861
1074.52534361008,8993.91412629452
1646.75450614892,3573.15158071282
7610.30745983595,7668.18481883534
7581.16506977461,7991.57658702734
1503.22098221562,8254.54165917855
6456.59161840584,7726.90053072018
7366.66669326539,7843.45753181316
7057.54038334285,7874.65897040658
7553.4075672908,8044.6783427234
1334.473686102,3431.13803528589
1169.93253982279,3572.26191069713
1388.45988555367,3756.2559555165
1083.28433287269,3670.14759034845
1426.52320293976,3295.98668148315
1156.97157950327,3388.43371751786
946.99712481791,3652.9607839247
1405.48254213642,3170.32255757808
7420.92668924188,7326.57153360325
1914.1141721672,7684.24367776289
1554.58050164766,9169.26376828804
868.692162717076,3009.76107431374
802.403005251355,3125.27554151244
1164.19445375202,3472.35731725962
1594.17774567563,3838.07742260683
1762.59228427968,8988.11074337309
7979.65952331815,5872.57042346899
2115.4821320236,9076.13363665806
1154.1397910042,9065.13782048598
7348.02177530393,7822.78769524169
1325.68175385364,3615.38766826381
1634.65771593914,7535.2725245151
7550.80430523619,7506.7532617748
7347.46631606545,7497.80412205078
7326.48322809543,7673.00871189648
6664.21336214371,7553.06990793297
7978.98408171832,7236.15853560564
7075.16851313449,8098.94965666619
8139.02540941533,7680.41624063572
1113.90905682996,3096.16525364246
1565.02901221913,7993.9576501679
1674.96589260659,3796.80465250891
987.126011192411,3345.62930286218
1052.55348213123,3579.429793335
8702.9697661926,7536.25150037101
933.707954450809,8655.19896813353
1657.65272883698,8959.38757464598
2018.61010923281,6491.7677627182
8183.08610689863,7583.55116958503
821.277885485207,3501.71336070593
683.003228453659,3435.99251533177
7583.20096253112,7787.25749969164
1396.93163417974,9305.89247402525
7063.6548747816,6089.36913887939
1721.3452968791,8172.85124339387
2090.48155990567,9011.90429491502
7712.37228150843,8285.75031831268
1367.96801487951,3104.64402439716
1141.09180733413,3343.85676537121
7297.39392069273,7942.59686829387
8334.90602761579,6079.28234153483
1649.47092241975,8869.9358050329
1287.52805459564,3385.93766428616
8969.28117027848,7776.34178590278
7933.50754663708,7709.249762306
6945.06947316553,7866.82201284365
1664.283835043,9111.73392114113
4612.11222778469,3902.92942588721
1774.9260134106,8959.01545436468
1053.93893108657,3651.88011320599
7212.96958024731,7241.60415171578
7428.09758794345,7896.15732037075
6802.14865915821,7841.8483868922
8664.26702948612,7264.52079206624
8105.08303518568,7873.0606655272
3165.33841714554,8804.450938911
8435.08158895337,7873.86332119865
7284.02567508656,8274.74222223885
1282.51659114131,3508.55056923728
2255.35990866079,8584.72024816565
827.106103706276,9027.85575746648
1627.00667703024,8574.7481798688
1370.43695299579,9226.05537018166
2081.39430913405,8873.69961700833
7526.44070705973,7997.19348892629
1588.03614448281,3635.06440862975
2932.43124621501,8423.86226818316
7954.63352603855,8123.56957364662
1673.46686732191,8488.386870725
1594.86160801273,7554.70587940486
1255.72566113596,3469.30520682486
6769.74040986195,6616.18720273932
960.025704392809,3644.3287968638
7200.18083212785,7435.11969108663
1355.47000411351,3569.55305830693
8044.45649470427,6750.96535945314
2199.05484992916,9262.90453395008
2250.60867849127,3485.9989239727
7387.09360565594,7441.48457800077
1717.890084275,8763.45999558112
8068.31694959342,8472.78590418891
1848.15852215645,9438.57299125555
1640.56772909067,8971.09625101347
2341.65087398924,8781.15800190795
7511.55020468176,7548.31829107224
1774.97170165121,8986.69881697446
2137.81233210086,8977.69476839062
972.080905411745,3235.69367666968
1712.58883823386,3768.03120257171
6226.67749931611,7825.20158169967
1440.32715717549,3641.18323679268
1776.37045931002,8909.17144662377
6586.78843229585,8423.49551519879
8628.93929916488,7566.84315829266
2147.55009190398,8824.58553872197
8022.73952253773,7799.74445476115
869.473627235436,3290.87482671416
7359.51018933883,7927.52365770826
7603.37727903291,7927.08163565987
7310.70306548203,7443.8340308261
7581.19578609034,8189.34515117484
7338.85337895565,8112.9464705855
1083.14172400537,8815.26425912642
1201.98572224263,3423.8043526469
1950.82717014273,7329.76864148734
1845.22830879272,8946.61425053812
6861.69496238759,7810.2487145543
2025.97386990361,6166.50499652598
1896.07382643216,3540.61878595301
7347.75305101188,5635.83936854882
2847.44804314952,9260.47489482729
8228.8995130361,7328.5786991671
7374.36894356544,5980.15632642681
8148.32868046101,6990.57537512896
4672.67238582424,2779.47310374404
1801.11525345034,3528.97686829912
782.673583563935,8786.10166110064
1453.94821383508,8479.83111595101
1777.01920975865,5473.62370002817
6498.19902859404,7472.666617494
1920.30935000645,3541.20787922222
2028.33071081409,8945.84739249742
1468.09768739567,8546.27991627482
1201.79335418071,3780.59788116344
7462.22869638594,7528.38622288458
1898.37645225583,9018.59519719999
1426.14552051075,3743.66745561398
656.56079091499,3153.94757235367
2297.7519018425,9213.72935118302
1449.50475418491,8278.81237137892
1293.13474580705,3604.35427264767
734.151596875013,3051.62672173517
7382.77276423159,8309.0113192937
1540.59923674812,3903.59094892624
1250.17316265027,3159.6455476705
6988.13054578749,7622.85188313551
1465.93312170749,3775.90335377335
7882.06514683355,7595.23919787147
8134.77829707271,6837.84015454223
2563.20538959009,9047.5865375173
1582.73834035007,8685.37138449063
2043.82579919311,9004.59809947098
1504.00446352365,8140.69672512083
1767.76096366903,8310.700132633
6734.33420856556,7743.05146455594
2296.52442549029,8783.89164264843
7402.69171261347,7253.76056073891
1669.81149662898,3638.21054821324
6539.61392068558,7230.39300478976
1724.56838583953,7875.84498890846
7144.45717877299,7661.4294452901
2143.84179416813,4407.67559446987
1506.55554082515,3641.32174934019
7811.20619441559,7763.21008253161
6673.69455367658,7834.49967158505
1371.33087755153,3495.19307072421
1175.97480969123,8840.75709329931
1661.47712778783,9256.80691814182
1778.70856451126,3606.48790993387
7388.42236834311,7728.95672347873
1323.82349218235,9315.66687159657
7502.92462044053,7091.83994704949
1313.35109379105,3476.97420177388
1562.10963187776,8919.40604001687
1691.02749144759,8919.13882310504
1385.98641221889,3696.80454911658
1425.33745489053,3361.33087270084
1123.62543226894,8336.98692131268
7784.85401034832,6970.93666415901
715.122387204741,3538.80140367132
992.113680240626,8858.62822092984
6830.92123560002,7541.26838276222
1539.60580993372,9441.09196358424
7473.47785395938,7863.76912486833
890.020269391867,3533.01120289224
7555.84341289034,8065.86903709867
2416.24249836145,8924.86618405153
7811.65288815569,7428.44491377376
1985.91787972626,7367.01901732381
1600.88836617177,3840.19055889442
1504.36726212604,3364.65980832168
1492.39782706926,4039.54455633146
1500.73385267863,9293.68613262104
2048.18158144061,3829.83537388619
961.466061429626,3268.11588360725
884.286430427645,3225.58459015614
993.849907915937,3535.27182893153
7435.10394204587,7629.21561570097
1593.18289701251,9284.42295673194
741.509144809083,3106.46786611451
2099.23259677132,8494.73827679533
7523.27610051552,7580.6362505526
7317.40880346283,8010.13638677627
2950.59338577402,7842.58353518727
2121.48884636111,8997.20847280784
9062.05838709935,7325.64067667379
7499.71043385645,6037.27697702391
2091.0898258903,8845.60528752676
8167.74205371448,7373.94875032899
1446.23777975752,9111.3120712128
7835.45412225741,7480.89013274874
1507.9572832349,3416.87541839969
1149.29879930984,3802.81004102083
7180.22268943218,8517.1817150255
8241.90239500595,7333.92401045451
1463.58862546094,3691.94327602453
1640.52158472572,3430.45990740528
6673.52476298499,7320.60266549942
7345.17847935563,7156.60039420728
8108.69058178543,7635.1400480938
7337.42637107438,7493.3847574502
1323.03823074866,8935.96075157409
8128.97856684185,7315.30798010035
6270.27464883931,7349.7108978436
1790.34544282832,8921.0289811878
1910.37518406501,8891.85104585928
1691.60696310718,9071.4264504008
1162.08009938874,8753.19048746097
7086.90095164023,6905.06538035251
6439.32743455268,6974.73289632113
1677.71516005146,8800.18274600226
1733.30896911071,8944.88493999947
1836.05410666316,9274.27839414546
7310.33840046723,7420.36070727016
1726.8211499884,9101.535127561
7800.52181924536,6870.20407892503
6672.77668132246,7858.26478822876
7481.83496699982,7603.02957460068
775.120540251372,3455.35921955962
1230.13681230922,3796.1542599275
1270.19921044376,8900.14983490589
1553.26227791328,9133.43677334979
1035.91591821886,3441.74027027003
1769.10536015782,8620.10060704036
1148.87574238635,8840.56589835984
876.47012644097,3427.38139683257
1147.15365284654,7976.76654949391
7944.50268699529,6663.78100055174
7928.51015773622,8264.697073816
2020.23297428083,8650.39299002048
2065.02115760071,8637.23099966625
7142.03220443432,7153.84607516636
1940.33250173526,9289.15081837661
3145.11063939825,8157.61687567201
6722.30767709689,6804.35727064832
1597.82270869938,9137.85810630534
1211.63397303704,9184.10589654331
1376.06018043405,9142.87816044249
2024.41496817808,8835.4213833561
2274.04686295332,9115.6553898263
1717.51455301587,3732.52868261001
8363.01175403236,7812.41429530513
1689.76469191106,4080.56838317694
1390.28329526982,3565.19960830505
895.837359736743,3272.08124678679
8737.65632110876,7468.18116009956
1529.14990259779,3749.8874254599
1624.00576679827,3629.61223818747
7210.81444604154,7756.71348263228
8106.56350878028,7489.92425625127
2502.64382661433,3934.74146559404
9339.78924764796,7110.07065747305
2022.84367191508,9060.38544776976
1863.0133340028,8259.47083946957
7019.21913515526,7880.33600431252
1119.20278870208,3568.35471541593
8205.00251933715,7510.70240957519
6931.64451905687,7508.33684085117
5601.63748582387,4557.72349481628
1027.97824143731,4098.30093738611
7901.89646597585,8163.2067574513
6428.59424862402,6894.64566750076
8075.02349800507,8061.08937030062
1478.12048782983,9202.15837239204
7115.08813004119,7374.27572110165
1572.01986875348,3429.30023862101
1362.7608851126,8758.82922509379
971.252393372537,3345.6651462766
1620.86640867932,8811.4524972353
2223.52641727439,3388.44761070497
797.935307930777,3333.19659646471
7508.55381964767,7678.74880831966
7590.18857837603,7311.63084915143
6979.6255640712,7875.57026168967
847.700044862414,3205.68834219844
7563.9762184571,8595.7258182313
3194.51287288714,8226.5416281035
1123.39133440269,3077.95748946668
1918.96487501382,3761.43779261795
7970.41936845863,7407.01561916775
9221.71234347101,7283.59707240034
7517.90616008697,7526.5679895804
6926.73819615014,7321.58251704774
8834.93697757882,7034.48310497142
983.778265789832,3434.04181217194
1315.27272522207,3521.44092067665
1370.63884045182,8747.51580177406
8195.11362689329,5844.12955789841
1511.1394722327,9259.3445437742
1215.0611043448,3444.65017658677
1352.24373243328,3326.57013865833
1961.62255870718,3794.73483948689
1302.03462241904,3626.98175725625
6435.67513238246,7698.99357751403
1679.75434123254,3610.37000938266
1522.25134489679,8866.10089304318
1076.85988516938,9064.16343501904
7290.41770518717,7575.08673764683
7264.98766075748,8325.00170581459
1629.79011820762,3741.33733386485
1806.70415991026,8139.95791728058
1720.35038091857,3858.6059910361
7576.99187678807,8180.22785108882
1050.25377116803,3367.03308052772
6675.41220396799,7573.36913782605
8558.29055865634,7629.46461491757
1860.05718565577,9086.20001300591
1676.71092900635,8360.62522240993
7968.83728299863,7081.12265339384
6726.95640134311,7339.0154263923
1969.10394899648,3556.40621469612
886.479477462235,8491.81893735053
1194.08775953804,8827.54605189547
1268.95226265896,3345.17286133055
1268.09233616601,9157.39599411174
2275.23505791503,9074.67886395466
5932.45361573271,7904.63541543166
8039.700429128,8379.65283327239
7873.70788321126,7524.77554048523
1615.44388734542,8893.45608341113
7840.73593312614,7846.62147361268
7656.78184101297,7538.32830917068
1120.46741280497,3526.48888713855
1658.6116382065,8766.34656106349
7225.25164042019,6204.36809491598
1892.0134346762,9310.50751816862
1551.71478133204,9088.34817045586
1198.20858385271,3500.61377282615
1457.56207825168,3853.46943853482
1138.32121221747,3666.9279068639
7457.84100590979,8545.95201101786
8117.83236593403,8271.93504879641
7737.19837035338,8255.64601453165
1444.22990053689,8975.24592971814
7558.41984955384,7992.52899941394
1274.62846017015,3819.27492057471
8836.67676368104,7843.37782972528
1995.03772473016,8648.15629402321
6186.70124529622,6936.03542069876
1241.84170495615,9081.39623711867
1627.40981492638,8576.23400716549
7061.26764803985,7284.36836976849
7608.70575069199,7730.19581860954
838.716954812983,3441.25500619124
1228.87496504556,8198.78428351606
1484.44977267977,8961.03555789231
7481.0109244359,7321.75731967981
1626.48011168265,9159.7047997998
2122.03112648089,8922.90805796591
790.562400287789,6581.05923926697
1472.49105680246,3808.12179492179
1414.21531558371,4091.55924308886
1404.63736219302,9060.74898128242
8062.12400125323,8457.91627080139
1616.29229123909,8767.59668583411
1816.94836633718,9112.79658977504
1436.2050376827,3638.75036823216
6524.56005056133,5933.54802521006
896.11813201233,9003.30517582803
774.526435533832,9037.48669120842
1376.82131500863,3557.55070138501
1341.62339962432,3847.41076004408
1291.57765268919,8220.23113665087
2180.56878834795,3706.20344631768
1575.8708887061,8695.09894210599
1385.42115275569,9130.75323050386
7446.59507200348,7070.72435069077
1427.52016658253,9169.41878430004
7325.79129476838,7774.19644071183
8047.9911226442,8286.18532609399
4166.16958009117,9252.36033249276
6274.18043371592,7011.27667039118
7729.80338260011,7914.6085139765
1857.46738828775,9046.71110381976
8579.71232091846,9151.33160939736
7638.29547060328,8566.50310086771
1807.83657364622,8025.98644369849
546.486320092172,3023.62051959008
1959.65907336014,3924.91781001697
1225.73852545724,3282.47015961826
2028.95095276348,9424.64637414984
606.744898471234,9120.76187851223
7216.72983911361,8414.05709155504
7833.16177115751,7097.62790663567
2833.89698329225,8603.79785185399
7700.16141851949,7811.16784005476
6361.94598208656,8023.88397687698
7185.27522627882,7629.03319913884
1237.78559903152,3526.05241022674
6811.7042211995,7027.70812372896
6689.73790995026,7490.10333375372
8547.14020235787,7544.09560556248
7358.85530204452,7407.50265029253
7141.93666096859,7489.23817667427
782.340024690705,3020.12848823953
1099.2343327491,9133.65497128188
9301.77547519652,8217.668319159
8423.1863844055,5954.99045822006
8941.37432538129,7952.6523766094
1515.45035796886,8555.44375998502
8150.79608194002,7551.30823010481
974.586541676127,8969.12790364623
2010.32403791732,9098.80528148851
1231.44990266794,9203.36405422737
896.302192411886,3022.84257805403
1106.15609433192,8791.81249260684
7550.56313921744,7400.43340199938
1292.57019701213,9061.74860377241
7135.45434000693,7823.14711391082
1006.04323577546,8062.17235456603
6928.23777179649,8059.32881973787
1661.15421288615,8774.44485818808
1787.61766176707,7486.7015085668
1450.97547632422,8769.31374200565
8224.73885301737,7904.72362925688
1378.44863271222,4426.00724717227
1383.56694399298,9071.00701539321
2010.15189632573,8812.40523643745
1332.72355438064,9271.30413180262
1753.0071514825,8342.88965397328
774.216781938513,3131.60995621634
844.562834586656,3199.09048056556
1135.77743996924,3168.03419525639
1685.69507639039,8607.2402970062
5198.6545213106,7397.46074922814
1246.18395611123,3595.00627753953
7197.30755208394,7768.72573043663
8596.82543158396,6752.56243581299
1207.78717473594,3226.75381881727
7769.0785364305,8356.94765040648
8774.54869454087,7437.60222432897
8024.59201579446,8029.12364535518
1925.92770898701,3794.47850793744
7331.96005248975,7054.18581652308
1726.64087429651,3676.37910880826
7845.99353535991,7324.50052998491
1601.30586214332,3940.03766873559
9142.70992743342,7771.29398900299
1553.31515848127,9237.75913866615
1228.33112420126,3867.02971439193
1704.307958235,3932.22033550854
7915.19795221542,7504.00807522176
6880.3340995008,8096.92057234548
1194.12157785351,8086.80730882201
929.938456912355,3306.19273601486
703.640473221593,8753.45512180839
7619.97574493233,7952.36633693073
7470.57536706113,7140.97307122037
928.53659957762,3199.32150855681
1079.50330418599,3429.13530351911
1144.15356563873,3527.68307522983
7929.69889196968,7278.72223346122
4381.12920288584,3697.41118659996
1744.01427201184,9041.27325962752
2292.25628104124,9142.24350009446
7575.72637128887,7839.19031805326
8493.6242078316,6673.53671761442
7316.20981245437,8410.17348246277
7579.06187877025,7831.22181170335
1374.40628334045,3652.73882786341
1519.52246255514,8887.56489285929
1485.46789442873,8814.55811129067
7646.77202886003,8408.48800465615
7642.78335832337,8001.83818155427
1301.32414491285,3332.20445771943
1116.43892892948,2848.32957071644
7466.95477134574,8038.15401315363
4555.35780728581,3970.37910124124
1751.67098991539,5411.85871638418
7055.64683953192,7443.43275158726
922.05844482799,9100.82243790864
1570.50184315103,3281.05826067888
1505.60769047258,4355.04237003915
1275.03568596052,3651.88901758233
1502.88763331478,3664.8639666962
1379.13466301789,3691.97458002138
7798.15345400527,7348.62945803362
6576.39410716475,7148.59057275698
1637.95715454147,3797.88075898767
1447.9869899573,8673.06782434888
6965.53460336055,7883.61374943797
7951.30327720324,7308.51216786953
7340.94722983472,7968.96091212551
1039.04260742535,9195.62273715823
8254.31619609127,7291.34949682716
7036.13387637053,6755.37660776327
888.822246818519,3473.45303524367
6211.66079606524,6772.06243967552
7645.14442928259,7633.68678919007
7923.79058164117,5721.11043010333
2278.7641498022,9319.13015079115
947.413266008226,3571.46831954623
1327.65951197381,3686.62404891175
1452.55307404389,3599.97363255156
1856.6996596854,4529.97802937166
1132.50058141175,3513.85810400154
8228.37299503614,7564.33522105811
1451.29634000782,3653.47134232164
6942.54616083416,7718.89787692026
969.546930549233,9147.73620867073
7919.54333387478,7763.46967460525
1737.66488865825,9086.44809851662
7953.61401812347,7341.84523723349
7685.86140868823,7424.83870994162
1191.44765342497,3173.00339385638
7487.17625377878,6492.59065973222
7597.68608468181,8120.82394299596
1854.3723298533,8700.71769740892
2087.04110030369,8398.72272470313
7020.88972901199,6703.52170022855
6654.0181793954,7995.41877633338
1392.24995546125,8928.00248832759
2085.78604214083,8502.76275590189
7343.2494219441,7581.79364892074
2061.36366572792,3759.58546388046
7069.70877821759,7383.79268782402
7865.09341474973,7375.91206885441
7636.44313773666,7217.69858556873
8241.48899553415,7531.29893099063
3148.72450486182,8195.81253770055
1545.35014220005,3906.01459625807
1541.40554354875,3765.95568468769
3274.61528838224,7338.7430822634
1166.21726660277,8922.14066724108
7305.99455641164,7410.28276346405
926.008863418617,3550.19013414184
1856.47194727264,9388.82308924621
1602.12170808635,8870.62865020791
1138.12487369708,3671.87640327191
7323.69834134136,7556.58780692438
1724.81216029768,4004.59114983407
1204.60587360842,9027.69855128167
781.242600969128,3097.80138985486
1368.87806024757,9238.53059208152
875.338527436791,3397.84990761463
1484.7678826379,4139.63878783469
1407.76543873669,3994.78669022304
7630.28751958339,8133.2393308684
1297.78964703639,8926.40670627366
8141.86517493019,8252.21252524572
1709.95085444168,3843.51417878065
1260.71462443861,3138.960219009
7135.50805535494,6981.46685932424
960.163980829042,3681.50152734392
1234.8640774305,9296.59822500621
898.565074931986,2962.36313809005
8121.56278322133,7959.6457925111
6948.78532439046,7672.26661706524
4111.2166419343,8068.82005835315
1027.29598294208,8575.94380633138
1374.97329605238,9093.02963674634
1371.43048374218,9069.50985648749
7519.21362153787,8164.12299091159
6826.55616595272,6981.87546451947
2654.38855613319,8312.16821182581
1889.70909794622,8684.62566767862
1880.09814800112,4265.77351802217
1964.81020456419,8634.54182527433
7010.59939434531,7846.60432409812
2372.07862702469,9307.08120316321
1413.77132527062,3669.70487040201
1771.97577809937,3700.59251812064
1254.81209001943,8232.48976300081
6630.74393484217,7574.84413839413
6381.49462631716,7530.90233068691
2078.79607037536,8443.11842118639
1040.87661984706,3744.51063593766
7015.70028064401,8393.5813527966
983.991926602633,3616.33034072833
2810.3334015773,8292.92076619078
1750.15353341546,9066.29506430142
2348.98114254389,8123.91255278385
1374.67751123223,9081.22066774803
1146.8489493617,4038.65067837795
1621.14895740997,3692.90635797887
7131.60960433609,7291.57683625652
929.709494504679,8753.19216684675
1352.8069963822,8581.39234662328
1395.16442170482,7506.32258688519
8006.23464406444,8592.54591052074
1632.49745844852,3701.7382361452
1220.447755762,3596.07154212322
1436.32505770353,3554.07525428234
1317.7062885784,8681.48151679371
1022.63123052121,3190.67014753142
1405.66600856683,3415.82896404418
7859.49210747783,8540.9652333564
7834.68892067872,7574.09053455689
1393.64368369181,8903.24561285338
1121.21986092183,3722.44764531862
1620.39534888965,3560.37603787183
6993.17801025844,7339.38872873496
1704.06989014401,8875.32334502955
1229.05831753143,3662.07324248398
7293.03593424584,7693.73456694203
1600.08287159315,8683.09328638768
1208.68502490477,8759.08082044115
1455.40443769241,9197.40142081659
1613.96323196946,9282.35551267204
7581.03800147033,7448.93384427555
8371.87739908467,7598.42449969408
7434.92171066672,7811.19626210983
3216.98118491837,7114.72840909839
1699.71740126178,9144.59294089979
1583.98350111033,3855.66136426883
1170.79544790535,7933.20695843562
895.620170900285,8352.19818499919
1238.3262935043,3744.97491687061
9288.53235816056,7461.77535828004
1226.79617623879,7918.01366477372
7728.49463723401,8621.01847496679
1362.09945040986,3410.39316019746
1096.97679949683,3328.09933685926
7058.77880672716,7311.25705789721
935.497713598974,3341.15658436415
512.3403435491,3095.06919337889
2737.90102749563,9078.44312691107
6230.88849998863,8053.57848215443
1590.35998580818,8228.47143026085
9082.579919923,7352.92105271611
7709.53308226103,7565.82072046171
7970.45935784658,7801.1953447438
1851.56822142373,8304.29186237422
6970.6645838307,6631.47487280317
3820.10526310396,8998.55833183582
2028.05243747289,8216.4904096036
8679.8323588396,7817.6853001733
8488.60794149495,5392.43119839873
6813.5633795959,7151.33825046484
874.770880956065,3158.83799658797
2878.57603350131,4091.48798813959
1591.21368488086,9035.04297705262
6559.53587624191,8039.46231564636
7709.97495959524,7889.25377539527
7528.57942798216,7514.19760221983
7726.92936531574,7704.41462406529
1569.50734192438,9038.24855619869
1342.57751497152,8942.29065057913
8792.60047097523,7604.26977375824
1877.87585356913,3380.49534314787
7539.60805840488,6475.72208388748
1536.28975493882,3645.4724351543
1355.79835291575,3801.12011264808
1043.78389349608,8915.82046045558
1196.53186063444,9049.41786465664
6873.11275467007,7861.90440194348
6466.6215709838,9078.07582135137
1240.35308975589,8465.91935130457
7353.40424434744,7470.2317259467
8206.21995356362,7713.6609871393
1936.37882438872,3128.27195431837
1455.76041546766,3617.85534914007
1599.71556271278,8869.94435332525
1594.62507355031,8927.93872650736
1199.17799823326,9085.39370383838
7476.419930678,7554.79523516399
1000.54254615815,3152.36669110003
1044.80937738564,9006.87699636006
7363.22817375127,7114.68184149578
1776.93384130121,3894.66486323523
775.690391360211,3552.87152303794
8049.01850262434,7934.9029765606
1628.80195847007,8649.54941171613
8099.13498088072,6998.93041214823
7805.63333800305,8206.03655499861
988.911129083115,3376.4442662654
1285.15135302114,8921.078024322
1931.02362610174,9021.37120156159
7336.39770351593,7339.0246462594
1426.81090520853,9054.41619820255
1178.38682481052,3595.03523783011
7484.70261672993,7555.55562339573
1770.99537281305,9305.2271910242
7133.33471943732,8097.98756302787
6834.42964761436,7867.10092615122
1382.5528483433,4091.86615239057
7448.89095248122,8362.492842538
1912.19957483492,5031.62894653598
6788.81878370166,7758.55739652517
9096.65608532017,7859.32259370248
7305.01506906323,7264.20680839288
1486.82815101208,3923.84530412311
1997.79713921694,4153.44118467523
8958.0821986184,6922.17943415176
1051.42659143747,3526.74960621022
1778.15522067369,3709.20183613249
6914.06061020681,7500.09454397232
7189.75072344537,7486.21832560816
7614.1851185424,7651.79136874745
2266.92406946177,8429.79819335695
1145.52782432341,3364.51754882312
1297.45916746479,3654.19217885867
7694.68524281709,7358.77221815169
2140.28082675275,3599.41218051324
1239.78040815392,9012.40093692352
1538.31117458892,3790.09877517117
6958.90966527989,7429.561987841
7678.33504074233,4152.53712535586
7409.68415319828,8036.94801459433
7246.80445696882,7349.45335923211
1297.13398385693,9101.80716110123
1701.19060053004,3769.94410291784
7244.56900647404,6761.60951521551
1101.97642262698,3331.55412610835
1407.33603777164,7903.0093852701
5966.90643564056,7848.48748465193
1311.07565945288,3601.71595637878
1507.33679610846,9302.13611923538
929.231074479379,3661.86865794672
7274.9545564652,8149.59266636641
1273.91178643187,8841.03462654553
7150.47788232025,7739.37394882142
1295.66151154504,9341.76010664616
7515.10899241992,7548.040522091
7497.79629994688,7150.50629685156
8552.27637697765,7435.11792509539
925.688871502034,9318.6059474501
1605.33072309082,9122.19368359938
8563.8273727716,8114.67414021037
1501.68411734059,9034.69951938758
8200.809034969,8962.71586152302
7623.35073739662,6799.72150274354
963.761869801126,3276.74071908204
1435.6092677678,8587.51965186762
1743.29615187498,9055.59922695456
854.33990345867,3147.4622932692
7392.17152986355,7850.49067471994
1439.52371317738,3347.16769473353
8844.29549695298,7349.1851693132
1458.54965978785,8835.3554356798
8000.20024189193,8902.34136196318
746.69946338101,3304.65056453524
8430.00077432319,7957.41584173592
1643.53395048463,8392.54846257806
775.848831282123,3326.30844380559
2955.70865743822,3895.11491936384
1168.4062411646,3506.4026049951
1114.47050548234,3666.78003732514
2591.02593322418,8469.01877701381
8163.1685131197,7245.44303555239
3867.95569255995,8248.59624885822
1278.90876865618,3745.92077327896
1845.35961530466,3913.80659777737
7938.94802633075,7690.99336649074
1531.22636155079,7682.57625089353
2131.23768641608,9091.78512200465
7954.46772759268,7589.45752473303
7273.77392891627,6213.47962627295
1637.46859941753,8837.22120872302
1211.87444404472,8278.24249182471
6795.99778192238,9431.35943569389
2081.38460487891,9168.66337517979
8661.74160305201,7478.20281898009
951.200000621329,9095.65587263453
973.130992278124,8033.87975585066
2798.7725763818,3681.87235915344
1786.3441546501,3878.28978728326
1022.0553331956,3678.93224628993
1275.93450596081,8894.27908970081
6680.88813962797,7869.24093365696
1600.57912885409,8410.50642160267
6959.22413733626,4417.80296323773
7589.28387509403,8467.52771947043
1969.42565224065,9527.29626195746
1138.66442137144,3286.75912640989
1641.63964744947,9121.65261835424
8003.02994147695,7286.36818604562
1486.0547824215,8799.78948458357
7438.06467060819,7613.40624309297
6499.79914534132,6040.7529313929
1624.26303518488,9216.30408325071
1235.57224897928,3317.53012429305
1449.17393751652,3849.55736604729
6604.82957056947,7752.71327082747
1614.63582045154,8901.1377315704
7270.23222300312,6889.08474091393
7466.52255555131,7774.85159892291
633.169749729692,2952.47962138419
6540.61123754466,7974.47912709878
898.003963477311,9015.89394846806
3244.87220938623,8754.31447248785
1419.50351608343,3558.85851247157
1811.17868013872,8928.44148199693
1090.89570602252,9076.43899518727
6944.82758926947,8128.88523868576
8508.91828243488,7599.40975571235
7077.59783093891,7029.13279067003
1089.55636705279,9150.30132226245
655.814527433103,3431.30742600365
1607.01440047686,8174.71024750267
697.292118735039,9056.64730873821
8238.7792072035,7429.59408641303
6385.22726497474,5663.01236286215
7573.01830286195,6564.12859153081
6801.31318020968,7388.61997200742
790.209238652706,3601.59875424347
1357.58914524206,9037.22955224156
1731.86174299088,3934.96918539417
7237.87305603989,7744.21797109384
1213.6197343141,3919.61001124233
6475.71259476581,6900.59300344256
7265.04424496639,8005.26598245193
8153.7835411422,6358.21967209861
1897.42633533499,9250.96747108952
1360.33438115502,8901.8994709598
2024.23879795426,9204.52062418788
7459.52969664697,7670.42539767784
1565.52064494804,8966.41630210513
1501.64876033398,7980.90356794477
1697.16191316179,9356.39985462386
8207.43930739597,7280.18825368798
7850.94578175546,8456.81450374851
2923.64519003759,9141.57704400123
6618.02837355061,7725.42199817786
7698.23103634736,6313.01798545095
1550.44406480055,3949.02403608124
1432.05899634702,3369.53290957628
8107.02632274375,6847.41007171269
8291.98501619986,7715.47992570249
1344.50886932945,8399.49479748741
1591.45643861337,3544.94091246646
7896.31254577024,7803.63233753056
7852.80325909413,7331.33704287713
4741.20361648771,3982.57989280317
6312.48264508018,7434.82465256221
1676.30977604761,3605.55419890389
7876.63954186466,6574.60163764901
1425.54832185761,3327.509018076
6721.19176913887,7262.95137005274
1222.40357345843,3791.39149504481
7915.43625956136,7635.32203309257
839.868693244888,9127.80697558966
1710.22081329817,3806.3251217871
1196.03286031611,3501.88761822379
6931.77484405165,7641.57211660702
1115.44141839297,3722.80510276908
1872.19232273604,3809.36863932941
4468.24748267378,9053.04494363508
7114.50681975023,7956.10727569968
1462.71347992509,3618.34381978678
1164.5038742728,3423.09040382261
7266.85321615443,8331.56414479772
8032.89644715459,6968.81099496064
1436.35821251492,8583.12138370719
1017.48869032247,3781.75915792201
6282.18820366286,7139.77487608415
1254.6113197165,8733.45811138673
2348.17670997297,9243.09669686698
7446.03087350167,8429.05763428256
1435.10686774319,8672.99961157436
7890.41324435451,7474.81539440836
724.586836002002,9170.98208634729
2572.82943828393,8957.98148045439
1810.23261867871,9203.2666272756
7592.29375934289,7613.09543765838
1489.67658884699,3381.87747609271
6713.93769464225,7083.58099741121
6963.00722851254,6186.61783531122
7795.91382155049,7410.88329146539
1120.88243603033,9095.87927902196
1565.83068247893,3768.23657101484
983.861147935377,3541.86810828826
2298.58209808757,8867.45261311733
7448.89309431666,7560.01733040768
7117.83921933495,7174.76327872561
1047.49794462841,8281.7430270741
2189.66794546139,8830.34967332799
1333.3733455012,3879.2231457353
8123.28742708908,7367.1589220793
7346.65502618619,7498.89673065068
1538.56289144673,3479.50596786477
1434.07456006357,9251.46769425415
1668.0783412514,3855.5181320128
7659.84911000899,7679.2851839819
2356.75419496117,3902.72739186964
1002.14588169892,9110.94326638111
1334.54729293592,3676.83489453435
7877.17045148035,6251.10327716105
7417.84437674087,7796.06231448118
594.692754142981,3432.79217481194
1693.18172010269,3815.62529560494
8262.41809678922,6938.74028151584
1465.17632456088,8866.82910102419
2079.08306307653,9233.12107848098
1682.70235805838,9038.32601791458
1363.74518701408,3339.45477973864
6496.3951444821,7711.70100389179
7251.46505262821,8384.59906431394
8549.16114061168,7325.08843757258
1065.73997691203,8972.42932116357
1060.71810560776,9139.63864813551
8192.87430850967,7138.76006810531
7598.01903876122,7612.1932772321
6644.18479340452,6883.58938022368
1523.59904314311,4124.21376201823
8555.1527980779,7612.80063133128
1209.31871237225,8993.58761914531
7319.98061662096,5769.23962610446
1725.17855575688,8848.5998418082
898.073838376214,3352.38791236865
1733.91025909662,3995.37359264674
2066.36085489501,4270.94801004434
6784.44289771685,7814.04131967856
952.991229624715,3336.23753559112
1494.20539603333,8435.93902820554
7906.69108549324,8254.13835568179
6012.86356631494,6770.20746779035
1026.48733582488,3247.93284027765
1307.22176638345,3228.33885819701
1388.35364254159,9204.43529375048
1811.40522148721,7268.42480398805
1139.12612188227,3589.4635238002
2252.77974264924,8917.50533778013
7410.48956097928,8227.18937636927
1635.7602726738,9368.93379724672
7664.54051645687,5361.60723698086
7355.21183828303,8267.89598386005
4806.21822404043,3510.84681841357
8377.93001038325,6427.23285244817
7473.55942402786,8082.32578228816
8165.30494276006,8375.31545559192
1100.48518395691,8956.39116303846
1772.88725196802,9069.02038770925
7625.89040055315,7542.16923228243
2141.13697837877,7998.76985934906
2331.10757818274,8890.39727560496
9179.02455075358,7496.03917905445
7191.90566478122,6313.80907790649
7046.52950956208,7576.82039302558
2596.17005690444,5835.83582488405
7424.4234264025,7011.83972690488
1105.67401292088,3495.24779592889
6736.28218245371,7656.82771308493
7756.12504938736,7847.76002477354
1029.19128039227,9307.32950626625
1063.73888266168,3447.36299399288
1526.99738655177,9145.34004550124
2273.28508248092,8744.66390273697
6758.52231547208,6922.71404785844
8473.40839046566,7819.79810017824
7983.71850979878,7226.61908307666
913.837085915396,9111.37795282103
1013.00732739143,3409.68491716631
2375.48188449611,4053.90057830322
841.361897669322,3355.81812381704
1220.22322139032,8126.90024211988
7477.02548736407,6594.97932264419
1988.73400572088,8205.51118403276
8802.79992906221,5536.95499509353
1552.60622738172,9571.43955433518
974.245097891227,3311.84104896247
1240.1968351309,3157.46158587602
7689.78341572227,8460.55164771717
8310.83900685959,4502.43863183331
8473.3351474386,7887.48447239331
1409.91442472346,3585.21437095223
1609.43158970733,6044.02361045179
1511.94159616487,3348.16871707739
7222.77509633497,8083.36240083674
1102.81694370238,8971.33770548265
7372.95552890849,8240.54257481644
1416.39387285035,9048.1891057984
3020.51929480273,3381.4079792332
1476.87039356733,3652.36766391651
1391.71395408793,9174.5482192527
8386.68483634139,7427.66107183895
1848.06505922135,3742.95980705537
311.540378780471,2721.84403347781
2230.07253048095,8357.785712444
1287.25639234915,9074.54771824664
756.14852197677,3186.26026223797
1895.80794459904,8891.59630772733
6919.32281298151,6864.95367334741
4819.83076170108,4270.18737234541
1490.79238516473,9180.68936183785
1338.60002035177,9407.0998747159
1253.38109459666,8923.67858260361
1067.66492711349,3468.96836266927
5615.00418564399,9502.99116076103
1252.77215411469,8970.91295705131
6950.12547481521,8026.82453674498
1296.20726700986,3469.14323260873
1768.02392831385,3609.0309755931
7968.2464446822,7322.74155411855
1684.7039893969,3935.53818912266
1171.02521259561,3189.49616160635
1279.64902301633,9145.65278072681
1534.37459966876,4054.08579034986
1752.28044837268,8139.41477973148
1294.20265067794,3379.5398535834
2155.98957578613,6734.48743083052
1162.6436758562,8685.26708549072
7638.89009719186,8019.95197224645
7546.76786984141,7879.63884605135
1476.46564185343,9152.66186348372
2240.75174019509,8624.82255821008
1628.99307804444,9242.35032514854
8369.22582676799,7220.09758597948
1231.66519153226,3360.07620940448
1581.38614474398,8922.63348923552
1221.58652569302,3297.16748651627
2184.8812599006,9125.45518318397
5972.2064171756,5515.27520522414
6386.63830498292,8170.57223379956
1059.36923418793,8576.518892352
1403.78091063044,3699.58219113951
1249.72604815146,8863.04165872774
6924.45498111183,7424.79758191576
933.670275334051,3320.93602210667
7939.77434151531,7819.91709496312
1705.79750683321,3841.95020986237
7362.08493750406,8126.34001590924
1527.44014947124,3647.78065692961
1547.94863894765,9441.61738845464
1204.41896949778,3458.93818656259
1796.37317269811,8547.00918275127
6813.91783344042,7897.91200926918
1006.06756884102,3519.31203479586
1360.33901673808,8804.2924662431
7150.86732812205,7298.72043834365
2179.48395582126,8743.79301226854
7789.42660431144,7159.58132711397
6872.02682685964,8218.578706856
1865.39580007321,7331.22676684983
1641.93630071322,8760.58605700597
1907.03801114119,7970.83691732722
862.593085836608,3189.61562543063
7507.08508664812,7567.43121743745
610.965380457438,9270.95741904882
1281.46497667552,8964.11208845457
7369.73791968804,7632.58659274213
5828.08704286358,7761.38713183028
1163.91042564815,9045.65528528194
6743.21777559917,7393.25356088845
1433.13607753125,9038.3514195709
2768.52297651976,8252.8339172615
6141.83331865369,7278.44936087006
5784.67682168814,6601.39626103528
908.024207907564,8329.16422781251
2463.97095994854,8649.1561877398
7672.52606144093,7590.70774778608
2132.98572005891,9106.32125428096
1157.77419118061,8865.95388168655
2073.84754020219,9143.96161143527
1994.684376605,3727.66930431396
2040.65294089835,8534.72557395782
1128.46457174842,3474.0048365019
7816.45387964643,6818.26031700419
6698.64616052927,7422.61427394431
6470.10600606204,6706.08910572838
8177.72735656573,7418.37005017375
1277.77184121631,9167.17880654504
673.4774753737,3068.39662706998
1751.37252021773,8610.18945844037
1739.82854125804,8390.1358453813
1515.08761626233,7985.98713460782
1296.73190823488,8986.12965348811
7080.41663868757,8152.96680437742
7844.96770102794,7771.64352656993
1228.1893105904,9278.31058914923
2291.13072826312,8938.29433096625
1623.72017498639,9033.86800395214
7490.90713504296,7496.04086937172
1067.85385655398,3672.50166204214
8115.93686691268,7514.60377386645
7242.49023125735,7321.08630904105
1673.41258923233,9112.48013044354
6821.15053935327,7322.28098461676
1407.90147174625,8931.02344954981
7041.1749029849,6722.11349771133
1269.3625059158,8800.45026941613
891.736413522797,3388.59236689768
8248.2630463091,5644.11445539612
1274.29755303427,8960.89387906442
1368.27744561717,3771.20347610409
1818.34763506319,3167.43711874329
1450.32940727447,9122.04131844754
1467.3177679973,3546.15733420097
1625.28019169975,9081.23743899511
1519.66071966938,8202.37129441496
1485.38870670361,7421.46434246724
1072.88869459606,3293.23323511955
6503.30913867908,7777.72388253592
832.086874978784,3010.51558609247
1494.36361350839,3794.18811164281
1020.90124955929,3448.07493960263
2956.91693188029,8976.35762609958
9314.84488443188,7408.88847671234
1978.00534611333,7918.18369770722
1355.64868685737,7993.70718225152
2288.04107357626,8988.79163695342
1317.87047570728,3807.77102125988
1799.34157322469,8187.08442295368
1358.95862115035,3860.5306129504
1468.30496040587,9180.9337256745
7367.75409100969,7245.37097808481
2371.97996681476,8773.73826303274
884.458170266435,3237.79973276358
1149.47330844825,8919.003485568
1576.32097008325,9002.6963091881
7160.64061512007,7457.66203878437
7411.58703003483,6957.31930340858
704.164169453241,3296.48380053376
1736.68710403937,9151.859503713
1346.45342197628,3234.65703796573
1658.46625886197,9027.74319464671
549.278063062466,3494.31321018438
1180.79574781915,3480.58066546229
1377.88952159239,3578.65768104729
7670.97375510948,8010.75761734524
1346.62548104939,8689.54470526959
1894.05728455309,4650.49683254348
1584.34195102362,9021.10154933683
7759.59725667319,8212.92739086772
2096.72264068292,3228.04270688273
7746.9316535588,7565.38360419747
8657.83513117534,7686.60403872515
1929.09868850681,9085.24256962409
7741.5704315317,8722.94076966689
879.581205458781,3615.09655607271
1293.3854352128,8764.04791814486
852.038118190413,3434.72759445146
8164.29255251309,6828.59285896127
8376.04241314856,7273.11628038346
2156.27693754038,8817.81453603715
4907.05823713896,3656.52283544941
1385.29826995818,3737.14948337266
1466.99279873767,3812.02648135126
1512.93900756667,3369.37308052035
8393.46644401103,8193.63624596118
6837.44510785608,8610.66853710755
8228.61875611001,7420.59458000499
7925.51811165435,7403.51697133304
1017.25813695419,9338.02971787804
7963.03235532435,7694.52687578671
1091.82419608559,9127.6925026215
6739.27439758992,7923.85383653338
751.111979890813,8515.81852307356
1866.77877003254,3560.97991924437
5898.71256147546,7932.19587924633
1277.02987078508,3220.82498575623
906.859677431314,3434.98193005306
1638.6440886183,4103.80053163379
7494.24282199247,7893.23110989405
6087.75514345195,7097.08794826407
1521.70384833956,9030.17237340388
1334.33711752057,4462.78357738869
1402.06251639088,4227.78726152146
8235.15471216983,7022.66202773746
7345.90070815139,8351.85809499865
1399.73441965914,3700.79861010895
1232.28148427823,9112.22274758261
7228.63980560439,7754.19718769244
8225.81350632839,5356.05237293803
1556.29666937974,8883.46165005049
1215.3657315148,3812.04873234275
2197.95045370347,8881.29778422647
2771.40801268746,8420.94626417111
6487.31484672559,7188.57527740032
7873.84404334932,7049.79389843365
1927.61574731996,8836.11034266329
1891.29574311833,8039.24729916212
7532.02194426648,8024.53855019716
2412.25054909521,4047.51350378255
7144.2747188023,7856.80257608695
1030.66489363072,3300.17956235818
2060.68281995047,3985.26265534306
1613.52700761163,8963.4147751396
1330.31674929176,3282.57831896676
1427.19073150107,9157.73897956624
8019.16556716225,7933.39250639127
2020.21968622665,9205.35264411114
1283.32413472135,3599.57510522036
8494.12680885777,8263.00295082834
2213.46380281413,9021.63834292125
2268.56941299734,8494.55078812309
7935.57236065963,5922.81828113304
3285.10826609973,8791.68294768685
3125.36029510899,9270.77215329216
1218.85346680903,9145.91813120515
1696.75688592498,8411.78580489433
7120.32015032004,7507.26656431265
1849.70222799131,8943.11096593358
687.674820294071,8880.07258922019
821.329343620162,8997.93372699816
2257.8713499503,8282.38468957838
6468.19618457118,7694.7771069786
2225.16980056301,3787.30892773763
7760.1284781938,7085.08455484186
7379.3878435024,7101.6569322977
7242.9124912405,8169.85950703105
1697.19857878176,3828.93066667827
1531.91115244451,3644.4524428165
6910.4032005886,7156.96248849802
7718.25658958006,7749.01911452926
5437.40076985239,8880.66979289965
1560.96772667032,3516.04157252733
8716.66867554169,6865.13814371645
2071.5325228259,9031.5145555771
7523.66676383544,7742.88921738343
1248.54327290693,3640.03019386703
1090.41337329407,3192.64648413732
7054.2842914469,6295.76048030214
1457.54401403812,9271.3096264134
1170.33599379621,8978.48150583823
1323.64634402816,8830.43304380421
5769.170411204,7948.0388747568
7279.34293087973,7762.40710751702
7265.90589944917,8377.79658547191
1264.36735016587,3455.95548725801
7222.36320586863,7341.43638893709
1880.62099667853,3789.97155155866
7585.89653761764,7275.44402325718
2008.80083847003,4293.20951530949
1091.42101132138,3023.5600608681
7514.46098577254,7578.10888314323
7060.45438175019,7387.86788025372
2225.4855070343,8706.86954838545
1774.57131877812,3832.65946752985
1630.29379881423,3979.92565089324
8433.26488287123,7696.92786578743
995.288186832868,3805.65009885306
7463.91973627974,7414.59967266221
7500.06506764265,7303.08639592718
1217.52325700336,3655.38782038139
1486.74216052905,8902.58334129937
1675.24135839656,3706.77452626835
8401.76036140053,6269.7679725467
2135.53344415191,3515.0409413693
6684.6316092734,7930.72724981362
1572.26434477147,3669.99986959912
7235.63132233381,7682.53795067633
7831.54517822378,8060.05193471859
532.307913137116,3496.13208084928
1922.26813369003,8874.21591158428
1472.91278586744,3667.90960701767
1229.87079422747,8939.44754557794
8809.86373796918,7514.63584188325
4472.5286065715,9181.20037902044
7231.09116573138,7700.18807103111
7878.36881603487,7327.84082599405
7140.80124696295,7148.54658239034
6886.54972093854,7136.221750432
1523.69199889849,3617.66744892309
846.67967505213,3121.18990037257
6089.49740142007,6010.02096821841
7317.54418443596,7518.79132631036
877.39884550368,8851.97937140397
7740.14541584115,7618.23946086883
7108.61986495367,7719.44762123035
6716.66514196566,7968.08865075342
6781.30419540919,7922.86614239926
1554.976178662,8803.51318798328
1066.16420925349,8841.33269865395
1563.45909303561,3691.04904721153
8074.66141256557,7421.52930524919
1349.88761972358,7999.66934654633
8606.20697798703,7668.33703309571
795.084399940327,8304.25866509261
1487.0518907294,3731.7958008857
1265.15639176457,9028.85652944964
8330.92577685538,7234.40422130402
1202.41907632755,3646.57588508525
1470.68195969531,8960.46091194344
8011.88414711873,7775.16176920275
6859.86064607588,7839.43274491893
1652.26828038869,3662.33268903624
8968.56466683926,7870.54016113078
1896.49777692382,8854.57978724516
1060.12085895225,3140.066500573
1567.0307258378,8074.75353212837
1185.11416074594,3410.06259886216
1390.31740412418,9034.22899203701
8821.65088806103,6778.69786377968
1106.017006352,8981.10723083459
929.466403410987,3270.10028101174
8548.57885568871,7447.76429446439
8601.95884584018,7875.38243269285
1487.8856100966,3546.32380670791
1208.77804585314,3760.78870936966
1248.94682715113,3698.57234266015
1152.78948529315,9002.57327073628
1287.76152070378,3237.54464651916
833.334839503316,2825.37875950309
2048.56888383735,9156.25391377386
1987.2156832926,3842.48897651358
1347.0334517353,3620.76304294636
7196.14117448591,7370.68774720268
7303.2741677103,8190.18146568169
8592.54940035156,7602.65257185345
6498.33514531509,7492.73098146867
1569.38984935921,3756.40273187709
8963.47387763352,8326.10859064455
699.351706847194,3175.14252138332
8483.70715313429,7421.39407656054
8911.87730297345,7300.51946617416
1449.46739562477,9222.98531886956
7830.46369516999,7149.52473470615
6745.20697925157,8261.92188947827
1233.2934478383,3517.11606727117
833.163047552358,3326.88136703842
1569.25146635967,9259.36348330926
1278.36962561649,8845.80480069894
1597.78526019001,3639.33456111184
1666.52528335211,9064.2191781851
1184.61045048922,3262.00360974576
1798.238777537,9274.30029353298
6810.82686683258,7787.73789042055
1434.19372414074,8846.94127868594
6289.08694207598,8222.68097012215
8178.62384186477,7384.77191907231
1456.97562827877,8758.85861823253
1885.36362943977,9118.8718052173
7738.21435822292,8154.72202382414
1806.82991969784,8956.45906449571
1504.77196881148,9009.83516019628
1713.50491999111,3509.68363806821
7430.79037033284,8147.78896836229
6991.22711246708,7346.54778015187
7000.78091483847,7231.21681338209
6286.42332966001,7140.40810848689
7272.82724489305,8292.05174572924
2117.69146828142,9073.72329273008
2066.9800418573,8196.21074626916
1028.58662824904,8968.33302777833
7947.48992295497,7646.68737249105
8781.556992143,6991.77258548898
1609.01663385783,3355.13275329545
7683.38816438698,7800.96206842372
1771.81996992878,9054.37809088784
6728.79218756624,6568.09591756113
4188.68752997517,3568.14538647758
8068.25690438506,6189.81818886342
1507.5816703244,8856.70074480831
5071.60527529981,8934.83885503433
9396.59247894301,7950.46967270459
8332.1258087708,6029.86898956805
7172.5091854234,7047.02667569606
1406.31597140733,9178.93149600883
1070.78505717507,9238.94128852965
1671.64966730183,3670.93918919559
821.824439621574,9040.94761314546
1721.14300714743,8883.32610043971
2072.09049624432,9334.87519452405
7366.30330882594,8074.75495423808
1061.53864028236,9192.53913964804
1789.1619975081,8286.68044705965
1439.32327126834,3636.84979265542
933.452098509723,9371.56661831537
1403.17739990091,8933.94688879558
3950.76289379822,8113.0512804545
1508.75876442097,8975.59347333892
1411.77358009642,3829.20943473109
1518.65570366811,8293.14002301952
1121.38810838047,9019.63459915659
7942.61325480053,7827.74663820345
1608.0161916085,9210.82124239022
7379.44387065991,7829.53833201547
1729.73187603579,8843.64604298974
3105.55448147806,8363.15119236576
2284.3229605798,5398.61637054259
1162.19122540271,3508.97094120567
1808.10703596453,9022.59880011756
6822.64760132852,7432.80679452982
1038.82380092288,3631.89729625994
7583.64557568389,7482.25144981086
1131.6883699345,3346.84551647035
1607.20770101386,3622.53181089437
7518.0358084428,7615.84790720677
1531.84956393775,9005.5232647969
1746.65166411107,3670.14100137185
1504.7407565025,3597.95620837571
2691.20339974121,9046.81130591792
1333.422346411,3639.98597214261
1395.92805152862,3319.26724141097
7654.6814407103,5547.50623284244
8451.98094927767,7867.95708129126
4272.83626628976,6157.56608409675
7953.63719162693,7216.29872815434
646.931027218287,8901.79913905848
754.67140489248,8785.07865196248
1360.73995226587,3701.27392251542
2035.99401642254,9327.43774088808
7338.63815895883,7460.42734393735
2058.11063060214,3711.37787218304
1719.26021631934,4495.15525838985
907.318745621568,3370.19181004392
7504.55729549412,6748.80852644839
8198.12341695488,8410.98759046145
1023.87171222901,3236.35365356743
1165.44597536171,9032.80516991158
871.494410264495,3434.57911394641
4302.3844970003,8858.53697116207
894.163328628505,3387.15126803834
1895.04290551621,8370.96039427424
7727.08276406692,7051.51132305091
7544.63892169661,7849.12066467895
8371.77563300975,8745.16355354574
1639.90732232302,9231.37473809677
1012.96444074912,9190.89047629122
7435.80244559021,7791.75433907416
1712.72514315787,8868.13953574032
1336.21563318344,8807.85863261197
1219.19079371891,3486.90754412418
7775.02123708246,7419.49269642725
7698.53293968545,7828.37474129774
7240.2563662069,7703.54278063481
1346.95324032144,4201.64751587415
1159.55828246365,3782.52529060131
4380.1071329772,9050.95883634511
7358.30277499635,7494.97606359294
7163.9896865284,7601.46937425439
5760.80259671903,3948.76409789779
1855.57893415497,3516.68179234326
977.800832639813,3505.34809850115
7460.46474548481,8021.93767880776
1678.84972515012,9318.72174929145
1472.01751864799,3686.28849073702
1192.06898685399,3801.64167082603
7723.10254626105,8242.23398855171
1579.71024536132,3715.77288233637
963.939488485553,3301.16833032846
6119.6539320206,7661.34597127792
1511.25616157851,8822.6633135494
7530.51150079893,6898.92562528403
1941.78323291833,8816.93417999638
7055.51556881554,7016.87642419179
1295.03502445833,3358.20823350959
699.642162258411,3291.1745648484
1168.78297058227,7683.80919726847
2173.38268893433,8199.78138662092
1500.27031801951,8885.57759988121
1029.10137551787,3456.94685545067
1276.21670528964,3817.76505751074
3321.53616760232,7729.81731834065
1113.40877582642,3479.70887806516
874.901510142951,3401.07403347658
6256.36056504168,7654.3916069633
1636.23927374933,7732.50985754627
1129.68756490885,3674.64010119669
1558.27491261842,3702.11806030188
8715.39244089811,5819.59979457968
2020.6831121657,8946.6303484494
1206.10518029008,3786.25437296918
7641.19962340888,7428.79104856435
1225.92272463866,3653.43635431959
1429.10629203429,3754.95945840043
7471.49875366001,7755.23697797178
7385.84502757907,8002.00738087821
7431.71276565668,8059.3283970356
1053.89252199626,9033.26719676609
975.79139210843,8923.22210205059
1174.81937751612,3410.01923212074
8325.07887766721,5501.19132076357
6324.85954648008,7345.46028972588
1509.18601413742,8460.36052544007
1766.13336522412,8790.7372831987
7303.78741068793,8434.91202928246
1306.29040395291,3519.48336758107
2115.80951593844,8730.96157549626
6801.56572171996,6208.49756058999
7379.47026226449,8025.36501008544
7087.71437600688,7903.18611807876
1698.49906659318,9183.05783368651
1263.72184799901,3678.15173414912
8052.49982616183,7505.21355263135
7141.5728296025,8265.85618896789
1514.10503620312,9307.9039602562
2512.59771527437,8920.16407489481
1207.13675769986,3423.59365785573
1287.88268474502,3436.92555223871
1418.1648606674,8560.52954966693
1741.65901512146,8988.63102899961
2479.60401723492,9233.1398102423
7307.12194306768,6647.7360294274
8035.641040688,8032.70520757708
1284.07284629812,3844.97062984021
1331.66197126011,9306.16921540463
7253.4058507197,7478.93071197159
7173.5541473525,7936.70663191027
7168.58631322176,7731.06689840669
1365.12854047562,3583.12562714142
4052.34360320428,8778.26244337053
7551.16513224319,7122.11451569969
1639.49974656868,8298.35248513332
1037.02438264711,3425.82103346165
1400.45418075719,8712.3532142311
7410.36634607461,7880.68816875147
1717.60962165462,3907.99670548825
7263.28537680285,7805.1216804927
7554.86587844315,7891.06819411722
1191.30750647834,8541.91528712627
7210.47730685682,7934.1136789357
1462.29001941508,5220.41313417351
1446.17103474528,3768.43744395922
7873.38583368972,8234.27275475355
8355.86345216856,7645.07696604533
1917.98661814832,8244.49596407615
1677.32520050147,8811.31467267155
8004.4574294109,7515.51328601915
2048.45846854564,8510.74021707653
8000.46863489988,8629.47408036076
1528.10259269526,8838.65170877471
505.179219795292,2952.60560849105
7128.92282944729,7802.70724884156
7102.51516251032,8253.42608876156
1888.72020134353,9126.52912546024
4298.63198461181,4137.08614050543
1200.83717590436,3820.35090554539
7435.108157704,7666.04564287949
1415.80380441892,2668.8937598193
1649.72997144078,4118.65920555727
1401.0936018862,3759.06742109054
1360.40255255882,4829.38764665955
884.154669483707,3402.4415089131
1414.18958197845,3749.50178757539
7307.34096019782,7477.10492779687
941.856068158312,3301.30361311233
7429.12985973491,8420.21906690882
1149.54799733575,3634.08300817209
2100.8366727683,8455.27123948981
1264.08792388606,4082.37623160816
1057.62426702981,8765.02724866032
2874.80872915194,8980.45899245094
936.832630580129,3547.26668786838
8326.93030690818,7745.40745307652
1621.65880783275,5508.23713841053
1562.57186124875,3637.92032622382
1503.68531318042,9023.94882306618
929.910185823949,9238.96072562238
730.094452468734,8673.83350294415
1947.62871746119,9524.75270946284
1576.54667497761,3706.32609352586
7734.25910286053,7291.72333650851
648.444776635025,9248.51768169193
7909.74474568858,7135.86738248256
8082.14216534582,7210.45666249896
7253.67486560439,8434.55910295603
7261.37532299197,7593.16281690246
7175.50906975617,7453.32091655788
1124.76438574311,8192.88484495471
7812.11327533594,8280.11966444418
8500.40451984778,7531.36266887723
1767.22958465449,8894.98042465111
7139.7611351917,7508.55458100075
1569.62498611298,3872.14396184722
7250.77858016812,8530.07202757767
1617.31302665075,3645.97464878617
1630.69326595249,9082.17037243136
6833.99915921497,6669.82080642885
6478.20477988676,8076.08208767942
4359.00623000424,8336.3417748747
7775.00079419633,8077.3260149009
8106.87597388163,8023.3212574424
787.120014240224,3265.31977102995
2213.83670325498,9352.27308585114
2291.84236144936,8755.17182496062
872.639332517852,3126.13308563346
1086.05610152553,3573.54218164741
4901.07773560156,8821.04275797614
7301.64576704496,7693.55529743138
1285.35978047869,7222.85846775873
4265.90416968713,9305.11433258296
7400.65564578243,7660.85446781707
8804.68631592878,7655.32363579998
1308.24149664804,3609.30453801379
836.489589573983,3219.46713671334
8092.33388874214,7036.72996857616
1144.19349551718,3272.08312581088
2223.87271116989,9058.23785128287
1200.74400556981,8931.68170399709
1392.95949850048,7780.67163073629
2099.66162315727,5278.55543160049
8788.21178805738,6827.72936658584
992.733430952317,9242.42678320771
1500.56511632317,3629.50859488847
7948.26018738815,8395.57916243544
1580.64386566416,8943.73027399126
898.62976029691,9175.84062114002
1424.80949910005,3892.65824946171
7441.0438009855,7693.11060837272
6137.34647095477,7287.79262067584
7218.46974976506,7974.77058786992
986.166832330278,3180.92308931878
1325.44707458907,3850.56327743439
7005.61980211623,7392.77950335646
1081.97762265786,9045.70802105965
7912.37862229983,8107.41199930317
1598.17886680498,3832.6119078457
2564.38327973458,8754.29323358608
1134.37951044604,3484.17542030531
1894.78259059607,3386.52116885493
854.003261389127,8726.00111914511
7071.00672822501,7525.97566230868
1581.84753700887,9169.88562428384
7005.09841827245,7901.58818936337
1786.59594863901,8375.9573008822
1365.48136938576,8914.81813290393
1278.5773940183,3530.2758987194
8287.58355146146,7761.44264946993
1114.17645290503,3902.56646875297
2582.54828501689,8897.91005118433
1211.80981608934,3458.10333035685
7004.5413047773,7579.10488237104
7679.61293055256,6801.59517319863
7298.3400097114,7962.64253494325
1641.40140163596,3720.96353020225
767.403303765813,3126.85894354239
1017.5820759747,9019.93456384875
1220.51062657405,3225.5946144036
1493.03768246827,3756.10039236073
1466.33039402473,3524.89274408579
7436.89860359675,8042.42667439308
1399.16662498278,8523.94405960943
7631.38586529923,6720.28523051028
7501.97284177446,8013.54049353854
1197.09637803325,9004.58099517185
1904.98095032177,7991.70070918085
2063.54674533895,9181.43421402131
6874.88298596126,6806.16639913492
785.829359721378,3530.29945542234
7210.44047230169,7231.72170146167
2521.13791192866,9137.16723649366
8670.42466166551,7065.62464700064
1384.56386801662,3073.29559935023
8222.99178727331,6033.50973968408
7969.6099016946,7238.5592937886
8346.39610691429,7190.14879081657
8545.69234166986,6788.40503350964
1758.85232950211,7837.88955308774
7918.35883223721,7356.31675724693
1010.48671346511,9023.26067578928
7430.21061547015,8566.47993899626
6289.55563829375,7633.35490496287
7464.19967498493,7931.08274193877
1416.64168797117,3474.31916186686
1451.61241240399,3625.29096317297
4299.70517959712,4511.41641387314
4558.97523556358,8856.92174964342
1077.70756883237,3513.53099460993
1414.48747662292,9320.47774837835
1219.20138349195,3598.89337134128
7410.5940264475,7791.87200005119
1089.77920923272,3531.06147064776
8040.80352968657,7326.11434728281
1542.90091939825,8662.81433298044
7686.74018423559,6185.81113311803
7368.49507912833,6780.27513531122
1383.69971519136,9121.11055801782
7702.82106599595,7582.0296530989
8158.03572681097,7893.78266128766
1079.48574189,3357.81574584194
2850.16243800537,3758.9935118738
7554.71173459196,5353.07351348715
1032.36043924812,3372.98549928965
8654.6498164532,7641.6033717785
7171.58073255896,7879.96305857724
6757.68282504883,7656.5155179068
7443.66431570504,7259.89880205987
1638.76313488119,8556.59096377879
1065.19987424319,9238.62724824864
7785.48361737923,7261.59224530531
863.188538736134,9072.39216748428
7738.26308382745,7388.30623423145
1199.83162700004,9161.43592072745
2295.37408235669,8725.75508854484
7233.95129637955,7458.03576955975
1493.72901585255,3725.36255742318
7433.37142296383,8165.53111657913
1394.87415066414,3654.90044090125
1779.41710405526,9606.48505818439
7352.58074427958,7796.35406553566
1225.27853075888,3721.82347914755
1949.48349149615,9242.14398070871
1560.92043306878,9109.09082857204
8261.27054832217,7421.31426573039
6709.08897409374,7461.90981013724
943.82570314171,3367.17899823659
7476.65115716189,7502.03770551167
2919.04847838579,9265.63323460932
1022.87761518911,3411.52174622416
1733.22490860388,9155.8561078054
967.118644951736,3327.18932315369
1254.51600258237,8767.03203336292
7923.96845506226,7709.30746659636
7712.83180710457,8016.64510179703
1490.02866624455,3636.41030549159
7145.34386664282,7602.08812567785
1765.42676625143,9258.51313463945
5356.09746756177,7173.82286122867
1106.16475221345,3663.04233055134
7926.85966656543,7668.82353823966
1612.63037188016,3658.49801529679
8125.62105892797,8202.19836224855
7362.07271274381,7620.94218550311
1455.96209753083,3390.73831889145
1282.47753563879,9189.74100449972
1555.86378812361,8018.56742806427
1244.33178384895,3539.83319664335
1460.12768385117,3811.85878611863
652.094572881655,8881.68356890531
3020.81316213432,4127.41407062674
1816.28778521004,8852.77741579527
954.531763084041,3160.49278464576
7354.93070626213,7259.48254928732
984.405969391456,9192.54073538678
1771.06747848454,3896.40381067444
1294.81726449081,8877.17569241417
2228.90133226505,8539.89063928985
2483.42991696924,9131.15136415813
2365.8635262925,8824.50755870942
7675.53952011891,7515.39672961332
1270.74871522713,3374.99748409723
1622.96908601025,4060.87337855567
7905.30961463051,7645.58274361776
2250.16678839724,8417.55108922311
1130.10712206878,9261.45500852197
1385.08226850908,9020.26701867083
1021.1051466823,8573.27377140635
8621.7776781106,7557.2631252697
758.812500101792,3500.32959547378
6474.05621817796,7590.28140543799
8635.4204732914,7354.19951451301
7467.86864663565,6690.4792502924
1580.83071407228,3577.00753751371
1069.64742990912,3520.50238289989
8014.92963019587,7842.04763941178
1914.76437739586,8728.98505413701
2462.88055335778,4239.17269245924
6879.72710097111,7737.18465798797
847.403588987973,8754.50720716594
8370.83342308041,7330.46850688643
1256.91439525717,5159.86393628486
8069.03340996917,7593.79949359058
978.713081936065,9101.06786073843
1858.11478829759,7703.18323319844
1244.42140446227,8940.07151733899
7697.6184007241,7304.72987112128
7840.26166491111,5331.8890236815
1202.09249962292,3301.71123781984
7063.95895548925,7022.14792328861
7336.69822452116,7866.97490581238
8932.6149161248,6366.77917581423
7816.26953523266,7835.82717748906
2408.28525833796,3900.40813734851
685.916811168129,3110.04889077934
875.783785133698,8770.61881040363
2463.77849871748,3964.43365583191
1685.72981640787,8726.38810117093
1003.7039945977,3555.52398906924
1812.38847802653,9044.07111161486
7593.71412060327,7775.99940115147
1500.03872962333,3659.1244576763
8074.36617103448,7915.93771682221
7898.87419216982,7521.52096483781
7697.79498735443,6830.40470162671
660.10388945554,9229.146115037
8201.05135550141,6956.86411065149
8062.09292597423,5167.50683040601
2454.52016299032,4082.24398747845
1318.55442602958,3659.6022602025
1670.95866435935,4217.05040299817
1696.9078013772,9119.29269325011
889.460459509606,3585.22011848079
1629.41326875176,8991.40206645218
7387.42368272726,8182.21428745742
1528.30323622602,8804.34168461106
2646.03749909961,3857.90743283075
1262.07528579802,3467.24101736499
7257.11505412095,7792.06219510359
945.212776800893,9028.43832060692
7327.96607386728,6262.1584544274
7180.54212528921,8170.65879482045
6260.21194520053,7326.88899880492
959.564009501297,3355.59745417753
1204.64317661259,9068.65464699243
1304.65235605392,3563.91759327298
1334.66669635759,9108.64118794147
1410.02020582072,8875.89900366219
1333.4989891732,9128.0033360921
1757.31505024008,8703.22075090463
7512.25957218462,7895.13187418645
1638.00721380926,9213.201655837
7297.3225518944,7825.06744880705
1543.18338393028,4152.16978111347
1608.51821803522,3656.90428636008
8395.64405904504,7723.38814707846
1546.39487550488,8262.54952348046
1425.17766314063,3822.45086501012
947.289914187903,3279.32849886689
1561.66295586261,3556.41132504463
7025.03221238988,5853.43063722074
1428.22320527625,3920.67791344685
7424.64531834346,8089.03419811707
6835.80123565699,6721.94524577704
1792.96176646988,9031.18755884144
7870.87064415677,7869.35675646993
2620.81040355691,9107.80135523461
1699.57894659371,3699.71402568113
8110.08112783287,7142.24757523014
1173.92160012328,3172.72552189683
8067.01270676196,7155.39319954827
6911.06134547911,5261.12302650464
1207.56103792085,3660.54079437263
1112.22278789878,8892.92860708218
6575.42997538329,7826.3136253001
5704.33924085007,6906.70966634228
7613.59744804069,5400.23544062064
7093.8062578514,7984.94950405769
7541.50970867941,7949.38908248642
1492.15181976883,2728.32081772342
8680.67501270267,7781.55640289465
7614.42952053798,8011.97022437461
1770.14096749895,8902.27481682574
1212.32814792848,3647.74415452658
1753.59486626597,8975.73641455968
8078.18224978555,7817.28691834735
7117.08682486174,7022.01878342479
1541.62414608948,3702.4258799561
6840.93157850398,7525.75497229344
7857.38836907356,7277.49370615205
1294.35392039986,9049.48567179501
8000.611329181,7343.11414813447
1396.42320903723,3696.86123828451
7595.93065356249,8441.70325708849
1043.42303692568,3239.98867990357
952.096991788488,3103.88879293495
1776.46007205578,8414.33156062333
1469.81023621812,9005.34766380973
1454.58062065842,8794.71333679166
703.476722593543,3300.24889327647
3009.5844727472,8592.07893454434
807.070689875972,3225.56574546278
7810.91310689929,8339.03140578319
1449.01174607817,7752.33908346
7322.23963268311,8027.82152887724
2192.11854409707,8711.09644626456
1636.53334622523,8549.65736392896
7506.84750775305,8053.03719296915
978.501807449103,8682.07251164341
8288.21766318789,6958.21600589883
1747.71689220301,8715.03124399186
1889.61686504316,8995.84396495338
1476.6106497856,8835.58021586265
393.212454617389,2945.44973629169
1778.94947753945,9007.93688393206
1307.05889825224,8944.3488044927
1814.98262068131,8473.77209765196
940.631279710589,3484.84437566659
1309.65269382538,3773.69808065906
1874.16791662181,9147.42126884173
1420.9675902834,3693.78532082612
2101.09944146006,7911.49714819149
7690.45149175702,9238.52714340426
916.600060591649,3372.20216558822
7279.28385771406,8162.18702963423
7115.82538751986,7033.80845145453
7704.45667334217,6098.26110966769
2516.64446088787,7693.87831773452
7522.27772720241,7602.02310727259
1445.78071864978,3802.61586840261
2329.12399166231,8992.89285979439
7449.95004401761,7479.1673903915
1449.53794668683,8886.8182984211
1633.00936695611,8894.64792226747
7910.36908410111,7220.31212952056
662.579922909729,3321.71274529162
7160.79489191603,8111.00732511404
1163.0933220788,3502.80593003213
1241.21115078583,8427.2302168914
735.701707715417,8732.57571052449
1917.31642141311,8646.16452850074
7842.165789581,7368.45441314549
6613.23130889121,7049.96064343018
6321.27986610223,8125.66439866307
8218.92910036268,8039.76903510619
4657.47975623159,9062.55669172589
7096.69778091118,6309.87739736688
997.633554476217,3401.407182685
1465.90928228891,8984.63646478419
6960.18529588461,6080.88526695091
1643.95909787189,4351.03608600517
1115.26157021817,8884.40538935418
7478.14676354425,6618.1367667434
1639.00128825552,3847.20781468626
1090.23092101262,3772.12351890834
1118.82854948819,3402.10750562566
1046.13390046464,9105.81907150075
7636.73002427549,7706.00326407682
7621.82665754704,8482.91470987703
1259.48123725797,3548.24042709967
6438.28081545363,8077.98544041151
789.537155387355,3220.55088324238
1809.49623645362,8748.31927745385
7745.31415745218,7585.06817330575
8123.26877201646,7623.25961971078
1717.3331588941,8934.76596897118
1484.73608364551,3539.19535704367
1638.28559793065,8624.72182592995
1813.85710185333,9540.96380567921
7649.64400964846,7775.99826971403
1059.49735076404,8339.98427594427
6982.77755962559,7322.43578375544
7517.40221339052,7856.21194812875
1021.30053651145,8016.93131466216
2704.11673170666,9474.26692305887
1153.70835525577,9045.53944532199
7741.37316794438,8400.13544077391
7786.76600197295,7275.87283866433
1133.36109047661,3718.38428749
1536.82337737054,9330.34862307892
8099.71452918809,7118.57035392405
1214.43212235305,9239.4168400022
1395.33213206087,9027.10957089003
915.168627523849,9230.39664609851
1399.27519229066,8588.45528973128
7656.17011531491,8153.5825786562
6595.83982479017,6863.0411405995
1091.01930467935,3232.70241273293
1300.7971142554,3273.10065417533
8878.89936489017,7245.4671495458
1326.94416679887,3648.28204648347
8105.3654375541,7751.84512991648
6860.47595334426,7932.73543721431
1470.60976919741,8602.70366647458
7407.4168807424,7755.99620335896
1743.61965314844,8783.05353390214
1729.96143040005,7602.62494585555
565.882219535388,8941.60026741121
1369.34676300307,8905.38548010294
1066.92247434732,3497.03191802446
7890.00032099523,7800.57951265182
7530.93319177322,7891.4268398876
1755.46213972063,9101.03102798798
7612.25330342825,7357.89731475453
5944.5880466965,6809.45686566513
1480.36526767043,3729.786965136
1347.57930508153,8960.32476718584
1329.19781089524,8653.4389136784
3316.8768009588,9057.89882047397
6736.01106238596,8248.62406324193
7348.22105713052,7639.97408077843
7362.08925551469,5044.07700392671
976.193681819013,3701.38891934191
6735.58146827256,2967.76345881503
8638.52547538535,6846.06834803215
1277.78153188867,8658.7276477629
1479.38196301176,8772.34658542054
9918.77652907956,7307.99298390655
6710.24646943323,7999.25631392506
1257.01648867443,3680.79185706622
2216.83177798744,3739.40364440247
1278.48286711421,3878.90898581266
1887.04040801346,4231.48053929299
6896.11812943687,7643.4611266123
1712.30947427922,4262.74398896769
6781.68292636009,6158.2497645434
7437.40246370787,7834.78119700277
6850.03914212474,7093.72198315623
1155.18953514327,9241.67763775721
1339.49046170969,8726.27816617089
1344.76972417233,8862.31436487241
7622.90261551034,7803.21151649906
1029.46711514714,3618.23940364448
1433.732428027,7858.76510320799
738.185702998221,2975.0802106839
865.910548268415,9153.00941451567
1017.88983390083,8686.90218883435
1217.30659261604,3304.68340697691
7356.35066927164,7320.95385602752
6453.56664668979,7496.57483294749
4881.21505656623,9046.77418947156
7479.99937473741,6985.68589175555
1239.76798518531,8917.49870660153
2730.01799567724,3580.75252608971
1891.59325872588,7796.88579068147
1677.30466953425,9116.58250765884
1298.62534400848,3651.56673522026
8381.67322832187,8217.65551871977
7930.01314178859,7967.95015716402
7402.7306393981,7051.8689628082
4510.47838366757,9176.20101416468
7949.39159314096,8113.98117165714
8522.33706741779,8230.19235423531
7865.1873959535,8063.91557569119
1558.84459294693,3763.70064880676
6552.99808251436,7985.27757877902
971.289730699007,3356.26759001875
1118.11919824373,9022.95980704258
947.391231551613,3827.64216533798
1722.6677755259,8631.97090363578
1003.26632471385,3372.39495082607
1696.94072005088,8776.30225862626
1444.30484471492,9085.43647397845
7346.13233797345,7266.86557054983
1006.89126549725,3499.99342128771
1629.15727951602,3971.05244493304
1398.35766431524,9099.34417578838
6869.98078669505,8270.95885065509
1292.1814686004,7451.19977031199
6149.55656877114,7535.54886602683
1643.20240077955,3621.24655903341
869.047535501848,3242.93970806823
1781.51906392301,9365.80465668411
7525.74110428096,7444.36918342867
8054.83263114677,8242.4411187004
1556.72998874106,3422.29081834127
1299.98605150983,9193.36959954009
6660.32581127789,7337.11799177592
2214.30009298543,4826.01310949299
1582.49739064715,8299.60035908669
7787.13873424629,5696.19669991272
3646.88499350309,8202.95948189999
818.391097459621,9012.71302426894
7936.58785934082,7017.16740940551
1279.91725033177,9022.17464102057
1335.11690256117,3444.16543546913
1319.43686036422,3702.53793334451
6718.33829724404,7981.8556981816
1891.39863535866,3807.76406641303
1714.7143132661,3720.23423062018
7337.80159021537,8031.50849324733
7596.50916119125,8068.95452475143
7230.50510931318,8582.67683306849
8118.09916651658,7519.09790221396
7176.75784351446,7381.30663749714
2932.88490349906,8507.68645480144
6833.77059113989,7717.92060491758
1152.44865951375,3543.67303819131
2514.43338893286,8063.02019077266
1725.75634967963,8841.00310614825
7160.95814640128,7186.55977245613
1709.03523632025,9325.77455226152
9111.18451365963,7684.00306442157
2391.94899129776,8667.22347164304
1915.04924809335,8883.1072865881
1935.43408863687,8527.38364511536
979.996299426185,3583.28564635446
1769.26034510711,8899.12005804466
1779.04276061339,3787.48447635101
752.003630099868,3161.30115566252
1378.68999677687,3404.53020725297
7167.73398783714,7395.28881071617
942.723668941015,9017.1950190215
1656.12961182223,8408.76626222538
7725.1436511009,7865.13221900132
1029.72823437426,9217.27498060018
7787.54969978066,7595.27174696539
1143.0421582538,9045.74031580397
1425.3875641553,9034.15984831249
1359.60631449643,8750.45593720852
6881.34572544913,7292.07982794123
1413.31526556715,3626.06628267763
879.963077271189,8919.14457661486
1008.21356732439,3362.13932886115
8233.06773464345,6292.98444942433
1725.8580330235,4064.55396043972
8061.8145111035,7456.79749764759
1523.04985635643,3566.03519717135
5388.86842227227,9032.99706469737
1310.26473268042,4041.50720911741
1623.85953857135,3924.55809728236
8151.82127272592,7114.09938080668
7217.80179775389,8142.81945888818
1637.00295951182,3538.18349543787
6110.28547359228,6112.56207166905
1075.21138751722,8570.09553143952
1372.36288799825,3207.0633644121
8503.17792786557,6813.77056773147
3066.77191490679,8618.66241692167
8350.43777485456,5930.48861889587
7986.8490944302,6758.2093988966
1129.55723922729,8413.03367466769
7323.09059275346,7204.10645949283
7057.21602964379,7893.95744812958
7430.97427898621,5530.11010612984
1726.79648492951,9143.22096981341
1625.24820820439,3689.65842611701
841.8646354149,3531.86290891866
1950.90265664698,8496.57522126227
1734.73043872914,8985.10067856052
871.599998468476,3463.93530032387
2376.16090992941,8562.58884449693
1317.86398995195,3690.68506664278
7656.10020374045,6551.35434825911
733.585496689239,3435.82652302575
7303.44109650748,7815.95791214159
6666.15306450192,7447.92791518463
7269.99439372314,7597.00464941852
7779.53878601495,7881.43625668887
7390.78798562836,7701.9506296116
6848.77482103364,6376.76405482444
1198.14003233229,8730.67533390846
7171.62819508955,7519.82170131624
5933.21322556517,7562.68926717285
2132.43856596435,3379.42096056904
988.853997967644,3164.22094315364
7098.96294524071,7283.36670695231
767.612815569739,2971.55398494442
7918.3624171167,6478.83539058197
7712.66137762681,7980.07513238035
1593.78836080996,9152.36459063609
1832.48365932008,3769.35162657812
1479.62196370581,3777.37419944599
1448.56559472552,3945.1567421215
7339.49800469467,8215.49257865692
2352.7423973575,9307.8907786007
6969.90805183952,7477.92441974568
7803.08202021684,7627.83074493224
7543.69078863152,7425.30663207199
1855.69804218141,3880.11299856855
3615.34687720685,8514.23288638511
8472.22472843134,7308.24619542741
1549.10984059295,9079.83977312132
1118.28557880548,3375.7217184539
6570.17263900381,6721.2052683925
1783.17531456875,8884.49598558167
1407.41542391642,8941.2671090216
7735.55651252313,7940.22642532723
1938.16272393787,9005.7179228406
2219.04256594811,8977.17250647827
9212.05243991412,8118.24638942298
7262.84514003818,7301.52713479005
3048.80639784501,8742.86082157944
6844.21006636591,7843.74694485158
1215.65084802936,8742.45698259415
7071.82101740414,7200.78270722105
1785.58916685572,3678.2695769958
1779.53928178306,8754.31013785587
1898.41094913477,3635.8271584909
3843.12285269756,9017.2221288042
1637.13833250137,3927.05857514924
3365.27927503557,6118.48374759885
1797.09762628703,9148.20843951867
1199.39629810592,3356.22034851342
7313.83348421085,6605.98677345711
1643.04406468376,9311.2386198222
1869.34792249469,8867.60736794906
2039.23591192229,4019.68949640597
2046.65206672039,9176.20970710756
2416.53721365246,8388.14083198651
8352.94015804307,5049.0268151504
707.797588175102,3467.62273101219
7299.4852688442,7953.14653232058
7474.76143743958,8161.67698193211
1360.52196265684,9152.83902093869
1608.04423103261,3615.96237673909
1460.34965152868,3962.83465738052
1548.67403819499,3786.48543985081
1707.09848886099,9083.3680054682
1584.52566488578,3689.38497988535
7350.37306462575,7921.33586053617
6433.59651699361,7101.86064592382
6658.92830124277,6581.80935270056
7775.59655293265,7498.69691533611
1087.93809659173,3754.09957112774
1120.73149219088,8829.4151917916
7630.53965847959,7835.06031921986
1901.96416633251,8964.58209635336
1445.61676026033,7254.23547049494
7227.95251979649,7029.77390111599
1492.13171238159,3735.32554246543
7443.45620830363,7531.99486471625
7573.27728700205,6654.55118626515
7687.38320365676,6980.13904816975
1422.15958674158,8313.20809655537
5567.13192954857,7857.01729277574
8336.11994266716,6362.47240092846
1597.94688920225,8357.32397070488
986.421402429567,8954.74836092971
1735.32876719956,9326.30780012174
844.573279672089,3332.07568330557
961.480050212722,3539.82689838791
7178.99718933164,8039.16008401906
1507.72253595966,4340.89321123987
1942.16260527534,4658.9119806446
1460.30220621606,9105.69801492656
7192.59351249762,7346.75636455664
7561.43647755232,7670.86078087377
7719.12476334196,7661.43176091042
7471.12810687246,8402.19151518986
8492.32460792962,6359.2378582137
7546.41828959441,8654.13820883081
1266.88219243576,3391.80696638471
6631.4078183291,8068.10196527819
1508.74519585224,3457.22755388425
1096.34469774027,3416.91989608994
1271.52137385551,3418.14955928293
1531.15208981962,3507.63065429839
1472.95842090427,3651.11706847081
1614.807587864,3834.97266688542
3014.95683866613,8679.4404670278
1590.97042455113,9232.91354692655
1146.27823842479,9339.47614925291
8027.54568067387,7983.9061682066
7989.6451651364,8073.40912361296
1508.8102160606,7919.94039258426
6672.10797846799,7146.96176519506
988.381024256626,2989.735230766
2162.83219776304,8745.46976865352
2085.16824165651,3784.13123136011
1025.25220806209,3530.30707005872
1159.21424633425,3409.7795138767
1314.04962982549,7676.49715127554
1208.73408698817,7118.3246462418
7707.48211219279,7594.6778816204
2032.79829747077,4212.31979783464
7575.86088925665,7865.85130722002
7401.96078003555,7516.39145196111
1937.81344415274,8939.62906038265
1460.59136790158,9161.4827400189
1283.75395873973,9061.49850567325
1751.82538273977,8986.30793548514
1465.75802055273,8692.63454404065
1670.58670824329,3847.22364568314
3149.34050446115,4537.05649684962
2670.23053703498,3593.95347495926
1697.45043965464,8680.81617553274
7468.90712488939,7016.34197262956
1619.18407992547,8472.66959992314
2890.69309475785,8248.54116801729
1754.73544799181,9060.41613548457
2029.23152552834,8862.39084622555
2356.98802090629,9167.73552066897
1477.24453722617,8633.22596687619
1430.56344306059,8711.45969187334
1013.38867949351,3236.125112766
1723.38260395549,9094.37209062052
1191.33291516312,9066.40521436985
1270.65600472262,9053.64030066598
1246.19503154918,9305.32217314225
7339.53644891979,7518.81785398894
7815.71183892589,7443.53047834415
1253.92492674832,9120.41494401081
1941.63273553934,3908.29370184903
1447.81507567645,3413.11730814312
1667.69363746918,9010.47378389327
7945.3521060505,7091.88690008594
2002.50968777463,9326.14007749607
1497.86580892597,3730.25141647341
8096.678734941,7205.79187236893
986.92177514443,3550.95134946672
1171.48853179144,3646.97612160595
978.079684177208,8855.26424753775
2137.27348196265,7460.46363073343
1516.61591880195,3281.6140008936
1465.88300460166,8764.80843742346
7540.29494630732,6873.43808347968
1728.60938928462,8546.20101147386
1582.13357033471,9000.21836562378
6913.38708732833,7658.3221013197
2317.91889879157,8828.96246995831
7582.3799706295,8030.33085518906
691.09487464701,3137.26536642918
6815.41236928152,7147.6845836138
7079.61416912455,7259.03846324344
7985.20467234563,6927.15821436077
8673.6338758509,6459.86820890808
1471.8182423074,9223.94773691765
6671.77427511496,7180.25542467328
1755.775416896,9215.96282204089
2803.06026123248,9014.09423909082
8054.51340133445,5452.74748632971
6895.49254703196,7852.10905289793
1409.01223665097,3479.13541024047
6866.18490411727,6681.80494638243
7773.33820191466,7905.18671784445
8398.97828069595,6710.20493578184
1107.3811543708,3225.80584001283
1140.18258621793,8970.70751190885
6551.94092315413,8004.93196116001
2130.84256605845,9095.04681365218
1233.24275398375,8978.62644672246
1235.5555563147,3332.21628652799
8104.79897544757,7316.70245740519
1064.1118777459,9031.66277833986
7365.88204598353,7283.08695505135
1772.83230003975,8368.18802440537
1183.5314506357,9349.45034249355
1405.93343994596,3514.03951492806
7396.50815817285,7701.66416662566
8180.06266732847,7454.45463865447
1604.04764849147,3843.70909554066
8318.65177629004,7187.71281110908
5412.7896377355,8682.84217705859
8519.6721295769,7178.9147098258
3223.27128384138,8763.66297938789
8195.51691966608,8403.04634056332
612.726684284639,8831.95536629566
7635.69836757114,6805.37498848539
7944.46034026014,7919.49704454082
7197.27200759934,7663.16415667183
1657.61921271056,9188.88263067921
1616.7319185496,8839.89840983859
1595.83925480315,8307.6468880181
1190.88332681157,3313.20088366644
7697.49268167696,7867.52987499717
1594.29167690091,8824.63751937754
1969.29158245914,9061.45983602367
1325.52693149475,8927.25230798249
1166.19343639739,3477.10716125447
7491.93207849416,7522.16686342115
1844.80828534189,9138.24015686221
3252.22319858492,7973.82098579168
7523.78141339935,8443.76409316492
8844.96697861544,7511.03146615738
1424.38922692254,3628.81222347886
4083.39631558892,3967.00088057193
1787.06455089879,7302.38689622967
8106.12717158427,9010.94486632524
1824.59031112182,7521.83048503455
1517.86192744845,9329.39995994498
6688.19459119596,6955.197435804
1556.26207352563,9177.40302000804
1459.19784946565,3712.25565781869
7491.02940116393,7315.52131350176
1619.3562946604,8976.67425963886
1436.42564397722,3644.34607127031
1624.76296280089,8876.70102662226
1848.82424320877,8846.70111431715
8021.89776275947,7665.13280798332
1236.89760404952,3461.43195460567
7446.48199074344,7320.28340337847
4448.09640719806,9002.32317606035
1515.02493336814,8930.51487294942
2188.10996731881,7926.89016474229
893.539656285211,3243.54330721985
8578.04020085991,7593.3208219763
7450.37229000091,7773.35675680742
1660.83180176298,9438.67126263196
1420.23480603646,3537.13885142783
1962.46891765534,9273.53233584858
1686.52854368339,3510.68974223695
7430.31435972553,7306.34652635697
7046.47051023482,7602.46497007597
7139.53473508359,7410.73064382875
1311.11777785582,8862.52886196865
1108.90271272803,8396.31630870772
1089.90556706104,3254.47763458084
7564.04589376768,6756.91923477664
1735.6729956363,9069.89010880039
969.279378603869,3309.86274597136
7766.02556378714,7948.68970510535
1962.36353756637,9357.74169752596
8993.24221979549,8042.12555895451
1032.62185018889,3689.03989317785
8028.94009932825,7525.84173420592
7998.67551531746,5158.38159476344
6642.02494024796,7304.89487303507
3351.05833674507,4135.18360189023
2445.42459401749,8904.46514527943
8387.23046297771,6640.17191003368
1697.17086902027,8888.22487769684
1493.97738402749,8731.84229352058
1668.67583142964,9377.51441456242
7717.39144403294,7869.55326131637
1164.97996231902,9018.21499085491
3096.6316769871,3333.19839210657
1568.09835835414,8856.88034673065
7360.87691592848,6874.50681814046
1301.29251332694,3652.21114617669
7480.99565932588,7391.63372186364
1343.27193088363,8336.08676423694
6808.86282367786,7701.51867098375
1750.77516041451,8152.33844588052
1905.86196833125,3566.15389567393
7622.20927489573,8131.72969796609
7898.54624247425,7205.71650396138
2176.84139949508,8845.09292130973
7344.62680431996,7151.16974578188
6835.13860401461,6763.7686915855
1287.86287873435,3585.91457571547
1760.48426804125,8949.64363784899
8161.94374515733,7479.94810637744
2805.44828049488,3617.63763869874
7405.61947432075,7632.04015692353
8818.86926133223,7112.63604956952
7172.05407063767,7644.61271098379
1398.96882112525,9215.59188441392
7514.93815305881,7252.80819294869
1817.8052939939,7883.11425558021
8854.43987076518,7947.36373247181
1673.18368705541,9324.24985806701
1067.69953579192,9236.76033866051
7409.28432436006,8293.73114528305
1116.05569364667,8852.42827388193
851.995501109318,3169.51145466485
1734.45913009403,8395.4081529334
1999.51669225308,3917.2528490291
1697.57509327659,3835.75080095801
1003.29464775464,3340.96806048106
1227.07211350598,3127.76444098772
2762.57638965075,9230.64613331088
4583.26203885831,3807.31652851062
1432.66101518189,8254.06237810421
1062.23826098267,8920.66719093599
1171.92685300252,9271.96496675362
5057.17557117954,8964.28178410461
1862.97205601404,8710.92078879951
7994.01174418487,7650.61788706702
6911.25359578399,8196.57730460463
1884.94029595895,9200.38392179518
1377.93047978456,8947.17756904941
8008.46652246306,6418.37049448674
8390.93909748607,7191.92997216846
1043.20879139009,8876.38408384803
1287.83180799924,3403.21260567258
1122.80991202034,3414.0801458463
6931.93428940756,7135.83673765046
7696.5771882737,8157.79343557907
6746.55889028898,7596.83673994966
1639.0314113593,3366.68584888255
6942.77177248882,7516.98503434259
1625.27247016847,9159.05382851858
1114.79741827258,8808.87220415492
1951.03473856422,3974.20068979245
8506.05520384348,7179.9110679215
1351.21427485783,9098.55024123238
6021.71006925559,4308.83091605393
1235.38929296043,3392.51076694209
2935.32303896198,9015.88771039266
2706.08853569488,5844.34384344164
1550.49068360594,9055.97312326341
7668.69133880571,7439.25040894264
1209.27830155825,3121.06842812541
6936.33919677085,8468.67874266231
7594.31033970835,5832.72496021926
1319.69932778882,8897.2453428465
7748.55499218385,7768.49392770118
1613.77938373822,8804.85673924611
7076.96766344789,7078.44204044782
1900.45905241308,9199.96646325785
1606.04483473853,3707.49121301865
8131.14112040774,7368.33651344621
7388.57218380033,7734.55319048123
6344.45190803089,7845.02225973903
7784.03749447262,8068.88184507436
984.636796304331,3653.33561043839
1555.38359701921,9024.67708378336
7911.84718142739,7571.62449459162
1517.00830244799,3637.2633889347
1616.64117020713,3586.06157209886
6722.14259584428,7855.45346035399
3380.85331032928,5292.74425566712
1570.83634026466,9446.58767787311
7897.59524423061,6941.52835404392
875.706784168743,8260.70577000844
7613.54073851497,7402.33642251162
1911.18455664324,4035.86114052508
7301.94759708335,8084.35353596637
1922.32584240472,9186.89847066402
1540.67323978535,3793.79808341684
7113.12274838258,6296.13664370139
7541.3754198404,7765.12436371524
999.201010142942,8896.87744003321
7870.21619303807,7484.47095799521
948.742284471596,3327.5194186449
1162.01844056948,3411.05290214759
1640.9140144232,9204.9009174783
7696.54939004575,5853.22033589916
7500.22125872926,8000.99650729608
7633.7322761111,8064.78252524537
8416.64123253148,6591.09127758292
7001.25987244359,7397.3788157784
1955.64476515247,9061.80770144285
805.716413580112,3588.81169577319
7757.3480480555,7774.5427214031
1149.15170749693,9035.99761617407
2109.845934336,9092.04490286522
1478.05039640239,9124.69708624266
4439.18289003862,5515.4588649025
1099.39662981392,3585.84837315428
7600.50661963249,7787.55679235481
8575.29986190949,7232.61390725226
6966.70111421333,8369.04454954868
7320.27689195365,7625.00022383337
1400.79466919783,8008.07288092495
1002.80105380033,9139.73800742706
1938.78207809017,8744.86907348007
814.140512765444,8493.94210588704
1370.03514469721,3345.27209937235
8175.63995463536,6531.65494696316
1500.54669590237,3708.27453110261
1198.33337246016,3425.06380889911
6707.12488756522,7959.00451798468
7435.88811574025,7794.54601773027
7538.46213243181,6363.13240109078
1051.99971808162,8905.10564195652
1388.98529402047,8960.64280625471
1406.96519002962,4028.56405614471
1519.07481905926,9057.60002605384
1420.74763566448,8980.63017887423
1478.71883367217,8932.21284671137
1876.62487743957,8935.83111567217
1432.63029410438,3741.77651491065
6953.20140075194,7985.86303864673
7068.65211553693,7366.26545145072
7635.74613567979,7939.35291541601
1505.60122831305,3452.62067193538
8572.56614923829,5742.94024468269
580.958800600891,9088.19747774765
7573.05875620945,8228.55540948303
1518.44049071117,8996.53493642241
1356.61522646163,3716.60708617184
1928.6453173636,3351.69179767413
7619.66249407696,7057.26273783547
1601.81667313953,8800.25294856211
1253.6050575069,3304.73288285776
1229.24046437785,9146.21053051239
6614.35450331107,6930.07318980972
6955.19367774447,8036.26464274644
1297.39083751723,8387.71622118609
850.872381569739,3479.26340343327
7372.4193317319,7952.48256852664
1618.24199009951,8960.31575806092
1699.33945733703,9341.09698451608
981.971271441002,9248.36328111326
981.312957444953,3561.09333664972
7296.01407546334,8325.61112147997
7231.87633540264,7447.23601612856
1154.43051042753,9066.34658917443
1311.00973108381,3777.28219370865
2266.51561592951,3944.32212088551
1870.38604634805,9070.82617050269
6902.97114975077,7668.80368958968
723.186240997657,3666.25329500227
1394.00719379852,8452.3049045356
8252.18016940262,7221.57409106671
1452.64355305479,4077.65582638529
7395.84270473304,7380.32237158112
1119.77318698837,9002.73180945071
1171.36480366125,3738.11562341156
1582.69048398183,3580.51921928643
7871.32548908157,7263.89256518768
7737.87108351678,8011.22784445136
1423.61277660571,9137.94664066069
6504.56344327543,7221.35741612552
1339.14822829827,9114.24959281872
1449.88354074635,3901.40262780535
7576.74624718118,8573.38088674407
1293.61048877623,3420.4211880283
7777.26426222648,7937.31466488689
7634.47422869502,8135.20994012473
7569.07638391986,6829.89857850399
3952.17193607092,8941.28080828344
8200.08113071168,7080.40105886394
2088.13243455443,8976.15063795528
2062.62638317531,8325.11612065124
1331.68740340906,3605.69676761954
997.48532107296,3667.29045018961
6573.61968659345,8300.50524007786
4349.78788939521,4044.68088950842
1509.89524842476,8922.11456887613
755.142439363227,3235.43764264914
6786.56871977268,6545.98401215082
7804.69778856688,8014.54450415818
7253.59872927667,8084.19932843138
1761.67423841387,8108.6527142502
6975.61390321001,7190.33562710903
7777.6407694466,6940.42210933599
1695.30101378089,3676.23352134601
7604.91003991327,8022.81833428208
1341.91435009089,8543.03358764096
8109.42358559348,7664.55773626672
1973.58042763711,3893.90913213992
7648.49233940586,7874.18836893473
2638.68846537215,8872.50326258314
6925.51523792112,7077.18035424042
7696.93999264115,7323.83628190476
1762.33496574011,4090.04290270341
1425.47887347683,6089.22834511373
7667.04788151982,7435.85725752716
7713.65714291472,7328.00983109257
1592.33436525485,9354.38668173039
1460.65338953049,3811.15025830264
8386.94841907502,7402.35285116957
7367.37749819046,8114.58268050883
7273.28558010075,7821.01907730397
6379.5945434399,7484.59510243493
7593.88254122928,7974.05674539317
1786.6918330339,3748.40700759064
1574.02936096986,7705.91911603038
8941.4279010249,7759.051034195
1017.75854750663,9440.57329391641
5273.54331849266,7288.71582641059
2363.48029511449,8102.84111630323
7778.07524196468,8873.30984318381
1024.09748691595,3412.45035503868
2037.50477230094,3423.6419741321
1561.94955489144,3885.46857872454
7802.98283014897,7706.14252728872
8062.51685113308,7773.55441795769
7769.3722476235,6809.51085190752
7436.05635853721,6840.54756837328
906.842502863735,3113.94690162241
1274.5477405189,8903.38351177489
8501.84771593629,6904.5149050528
1079.63877109378,3446.74611586301
7854.3000366668,8105.44236492166
6794.00374926033,7568.79398102447
3050.35521462692,8753.51604625246
2112.86321236168,9427.40196002573
987.560774432091,8117.13715630743
1341.57843211665,8384.2073847622
7404.48469002966,7788.37823056944
1523.01780878241,5306.77146316404
1146.82241489468,3215.51132936083
7256.96721921575,7658.21505352076
2362.62340973834,8687.25089756738
1896.27330858337,8075.3567027174
1207.32233381842,8910.34913226646
1896.61766872373,8940.42010409614
7043.88427626109,6901.11438525026
1207.9582186675,8918.2098288663
1164.6805277017,3033.87519676056
7654.37247076298,7605.28049532938
1479.42118140402,3744.41949957198
7395.4610507892,6999.56796725106
1468.97767864914,8953.54327726367
1396.97835747495,7831.73149619206
1234.64720699812,3171.09386792912
7759.26674675036,7862.97783693572
7126.52357968453,7920.37459837053
1239.23034841188,7321.76513961995
6923.36859423033,6996.89471337535
6734.68443632252,7474.26239508381
1275.85392169592,3818.22942987793
989.63241150275,3560.68379582086
1408.99295854224,8934.69360995935
7366.37245175041,7707.56415945403
1640.2533680245,3823.23391212917
2035.05354634422,9347.26535250471
7163.24203748862,7549.15398893895
1618.85312879949,4039.99457009931
948.602395798807,8944.58937870371
799.452563674608,3093.33919882596
7322.43986385257,8087.47411257958
7999.49001263205,8390.420357934
1454.69347417659,7425.16936878718
1514.67486401231,3735.50113625383
1055.16264918753,3679.1524485439
1536.99498127999,4053.26209157454
1620.87043462525,8989.12285167239
3009.55064899112,8642.70257826784
7380.43371787231,6957.71335126189
7012.62047421858,7416.97410752376
1702.09356145425,3920.02275815514
8636.64459870654,7016.63584308613
7582.41511583395,8004.71634018462
1056.28982968155,3578.89250250986
1485.69642767751,3797.64200338814
8781.15361553871,7561.01194542265
8259.11417424212,6032.19702713786
961.001190352448,9018.39478272411
1477.6070115955,8282.0896034235
1016.55090838574,3232.806712423
1023.12240565417,3293.72247714899
6969.80702791172,6787.86271888782
4849.20891835924,6846.47964156339
1507.02710937959,3958.76728348526
1283.04413340219,7685.44469645447
8139.55867406181,7425.87017157875
7887.74501001025,7560.88705234802
2715.63663068408,6828.3563392598
982.371154908166,3415.4431409785
1167.26159453174,8855.9968339101
1622.19029283871,8950.19543402937
1823.9018272795,8995.66210468795
857.94213539771,8288.4245802332
6968.78952346476,7305.31410960373
2334.66550548915,9002.68308430623
1663.88318150371,8788.84636851664
7945.98410450208,7394.12986517157
1587.34955156633,3657.600877429
1088.96725301187,9130.89891573669
1479.16837772048,3625.56288248271
7629.67302532394,8003.25389266404
1803.52928645211,9086.23541553365
1029.68454362017,8884.57880869732
1270.42154411113,8460.0628147228
1265.6927791878,8047.46202266741
1297.35967709739,8273.01181522336
6916.98084921854,7930.92348178263
1421.67776505061,9109.82311524401
2057.61596443787,9124.16006580882
1117.4881662475,8960.9710696259
1158.75363844884,3273.7376585195
1740.189985568,3801.2985173358
1004.87282109777,3220.99507909819
8984.66199564451,4886.93460658601
1549.59315430605,3513.43303964976
1109.09948900995,8942.78975867713
1428.59529259299,3647.97756885012
1098.17046081914,3488.69371459247
1205.37464259235,8646.76613187667
7299.35891979254,7219.19655033979
8546.16615376865,8166.45296593141
1608.49727869254,8955.49599644996
1537.97199181375,9073.25937028976
1238.11541014214,8713.64313708987
1303.35547658505,9098.30485873953
994.783338378873,9014.03832960445
1531.50387053218,8625.99206241521
1381.093581632,8322.24747437402
1530.75558923427,3802.08869647239
1121.46130530448,7733.14467590197
7297.79675446044,7139.53535589602
1253.64953877562,3369.55293340027
2189.04899091524,9239.41228672058
9109.27170447099,7698.8413433839
1489.50023292665,8955.11800517174
7572.62804982564,6889.37652944297
1609.70109978223,8624.39302638401
1866.5153912371,9044.28066480564
1281.38627159479,3808.58169342125
7933.3384604141,7193.21078051623
7580.97605210206,8390.96172755744
8692.36051043338,8070.58418495649
1165.50326158245,9311.46623597697
7183.06796393204,7132.59224802872
3247.06363652403,8743.22857379084
7502.57266016458,7461.89984006827
1527.09573904119,9071.07125583498
6849.30336172369,8305.04876159625
1613.08445924812,3459.17963693762
1519.66657551726,9222.27542008162
1687.54890963273,3567.0900998626
1194.91099659015,9162.70724874819
7751.72853335877,8062.07282935842
1173.79789355526,9376.35292354157
8064.72295500676,6945.13617729043
7833.05058991606,7297.93508241111
1254.78785251061,8949.72169039431
1319.07814811765,3598.3876714447
1970.23931449852,8799.57139183303
1697.04985175107,8293.68892640016
6760.10849744786,6789.9213325656
1433.95837211973,3411.32871425398
8222.0417912219,7950.56978903192
1340.61964281108,3895.72790062908
1614.43101642778,9288.54933161073
3256.06815944491,7301.03342977641
1928.83828406645,8666.72970750574
1475.52963775003,3789.25154625866
8746.47921435394,8184.09774334101
7556.77843885642,6969.28172475479
8686.19954561517,7441.90469785405
7771.14002957636,8005.61015623105
1584.8855050563,9353.82646474891
531.686965323377,3090.2827820703
2543.82722710837,8735.0017076531
7472.77697876448,7700.26753081086
2057.01757083516,9352.10241761448
8244.84678566395,7411.18745819919
985.57934508487,8611.17373479444
6885.15651842974,6841.91898186878
1939.71030591722,3547.69424275083
1316.95741639995,3507.17937681966
1423.39636592803,9135.2526499818
1094.86373184844,3270.40828400417
7456.81638302706,7837.30128053885
2307.56542125879,5647.45530747942
8543.24212111181,8219.33450514493
7254.5953795096,7566.03966136145
1591.02859759494,8835.1560107621
1615.27035768428,4733.39601113745
7542.53211833449,7795.54285716331
1482.07680845947,3955.35784701825
2146.58014364096,8434.98416194247
1044.92363021502,3325.03837168937
6962.74271950339,7998.043811837
1823.21267075563,9203.61904965773
7122.85706473565,8041.53409648045
7855.26412278351,7087.78442551285
8452.91775285294,7030.59583351489
1169.19343736297,8982.53090078703
7131.83937141808,7453.94325255948
1135.19348160031,3520.13782091502
1358.94727736148,3877.56703905778
1397.81470440603,3804.43374276763
8379.56427292874,7203.92534571948
1659.38809055468,9233.55471548474
6614.88708464238,6592.22291942912
6500.84674775872,8246.36999422205
2187.19148869988,3941.45559570369
8292.40651209673,7783.4333122261
3614.06803937105,7703.926597012
1427.19905041797,9161.47630317313
6797.61803417694,7127.50614970278
8043.82241232137,8473.69450594733
5602.50650604368,7883.63632913074
2137.38696746052,8466.90150169813
8308.72525843912,7219.2152874681
1323.10195313356,8649.3968800744
2049.28356347747,8808.90479637169
7874.06965521769,8052.3446527554
1033.66423353079,3522.39652465336
1628.26029288611,3915.55674465271
1494.3294155376,4126.07687708489
8762.89960909562,6792.60902840774
1522.01424803212,3933.87934478536
8077.72810082489,8598.74155610314
5886.31535093847,9200.78510627166
1200.61352156085,4806.24856334809
756.754710315719,7721.96635615992
1779.63235904032,2805.08891384852
1855.8085385012,8324.79191645148
996.303243979376,3532.31385596822
8756.667197003,7446.36750363674
638.116157817715,3097.86780863764
7514.85963847514,7481.67306041462
5919.52870755838,7448.9068930276
7505.99849041494,7868.88633137191
1676.00281575837,8685.77915238961
1771.2052892749,9182.47406673932
7835.55591150488,7803.83868567254
1252.35412655455,3554.91499810482
6113.63167497178,7745.79304707211
1633.25015140545,9191.4905469426
1847.36482844753,8193.57833555998
1529.64996781969,3513.73132623785
7470.32060925445,5599.67956261116
1702.11321741412,3598.74586008611
8076.70117414297,7900.8205422579
7291.29148511067,7470.17901351901
6847.26889907381,7706.74511118756
2340.02801405799,3484.80521506718
1274.87367225667,8605.66204811264
7649.74129372266,7373.96752721882
8202.60826418022,7078.27229140465
986.220898787625,3591.61926035274
1163.12381361069,9031.51675640298
7894.47067974823,7379.04038947973
1012.59488358116,9037.74025399029
1309.45911704903,3408.72833949064
6245.71176935695,7065.98349529827
1130.75812364062,3448.89845398965
1182.19881072872,4183.33999987953
6246.83866124517,7061.16321756426
1909.910625906,9041.98891374404
3027.45353329416,8621.97615365486
7209.20761902295,8020.88568655126
7122.85109698275,7713.88828838184
7577.29093224301,8034.74194229368
1383.14080775045,3567.89479259431
1889.6018728322,8430.71272380185
7469.89675626516,8057.13672506881
6267.79480345524,7115.9934139318
921.903692126905,2776.36188317226
1112.77538050996,3735.79115913018
1032.51437604144,3599.43917388791
7234.00110312534,7871.46279605289
5381.72826991947,7864.91403379581
1788.24503029984,8967.15642316711
1966.41448035992,3896.31949515414
7255.99140029553,7177.73804111372
1302.68151087218,3442.47893361079
2247.72217714765,9087.88074183555
988.248851364123,2989.96683401475
754.225525399996,3034.92930354138
1853.70896737592,8776.3066635993
1719.69646450164,8602.47220053441
945.423059751115,2985.33881969682
1170.44568745546,3484.8545132114
7079.20941250707,7756.7500612434
1411.53877330571,3811.46221039409
6619.92934795569,8001.03466644023
2450.97785448465,8339.83620798261
7653.46978761226,8269.22138910842
834.27947743347,3227.33742087982
7824.07272943441,7801.67519348847
1274.49496821357,3392.28175144096
1229.02642459318,9174.16208924746
930.805867796278,8976.13765848885
7892.05425191612,7074.13127697787
8576.94736337997,7416.35034159433
1455.79032082964,8973.77895612895
3623.90567104686,8389.18601348719
8510.97496940866,7069.9066812918
1388.66268517623,8391.614457382
1165.52947191056,9387.61246390792
1926.00685376199,8638.98505911135
7185.26568205661,7986.40574297257
7022.42823302229,7371.2018623093
1978.12594534191,8251.51922027235
944.164882439473,8862.40713352178
1176.85491541059,3776.77440314165
920.409970926644,8908.56995020689
2736.66979710762,4599.63887301369
8742.44491829961,8119.31720252527
7451.54181521199,7156.19173846759
3076.3641819768,9043.00532801097
7765.35930607972,8174.22548112343
7956.59587174139,8219.03876308705
1988.75141828939,8910.17665669929
2231.12807907863,8187.58247902318
7668.88125393513,7912.83598164892
7232.9260092438,8140.28656277272
7840.47354242639,7715.08619823004
1586.25824096309,8176.25109525107
1231.1298087462,8933.95276599506
7780.37363899244,7418.0548729183
7089.78523476033,6741.68516667788
2055.0078428647,4831.78273836472
1561.48316578063,3456.51800516527
7137.86573325568,6036.08148293153
8823.6996546959,7449.33994991282
7636.77594272421,7182.71332956321
7378.56564132336,5853.20445743266
8500.55345522308,7269.27880651448
8150.08039672131,7567.68571928436
7375.92815855429,7790.23845438066
1765.85055387132,3556.35985717789
2102.78262093088,8999.55531086865
6249.48448555114,7402.35682152725
7680.51491046912,6625.937109902
1256.19371963635,8134.69251641723
1189.51051463346,3726.21994117707
1905.4658627281,9173.9079192343
1443.02235030256,8872.36777105755
7288.10823772703,6118.08456649426
1888.75253116868,9007.42704733068
7774.85593960478,7660.12294246173
7111.9761809709,7899.66269454935
920.410677086639,8291.84372494313
7528.06601595326,7508.04547339573
1876.1597695351,8848.59420168501
1128.33738837848,3083.42876415767
8335.15752152118,7873.96623268744
869.330963674483,3399.80651782411
1505.3202706856,3762.7285241386
2167.45217931205,3694.36901550396
2257.37322970824,9246.8206452452
1396.4575484669,4103.5336715318
2249.27116271566,3684.04065426171
6891.92407698751,7437.2173066488
1101.24418789002,9010.73850721876
1624.81164285851,3646.80157768568
748.574892275071,3123.14954498641
1516.17767031241,8548.18984174377
7719.46550869278,5730.03420383803
8108.00768654778,7396.83004363915
7577.24719436196,7048.44308686158
606.312706271803,2939.38528161731
9012.16840094266,7371.10922189082
1622.02150368669,8981.41458668272
8117.28989938475,7791.26557820224
7485.08336090328,7890.84104606126
815.201564713495,3106.24429442301
1048.09989266425,3415.4098436973
1654.81860108921,9124.76469556009
1766.32036728735,8842.40793612546
1387.07912061395,8717.3296904607
5789.98873606475,9245.91358513594
7429.30841403354,8276.88312425476
5978.95743456954,8420.37676449442
8845.43935599561,7379.66782209666
992.123949461152,3203.51992195268
2388.7737625296,9537.20650740643
6905.91974261741,8056.92170431321
1009.5521664336,9421.39040287942
685.098823250894,9000.51625518096
7385.12328646532,7813.19589516755
1106.26533391566,8415.21200569341
7981.95935619614,7857.96009312905
1089.88257599105,3461.74927344851
7562.05917245483,6395.49544613758
1989.36886758343,9018.29125920602
1361.56738033096,9354.24077217693
731.845954754615,3556.24385705933
1079.83614603357,3333.95594342316
9071.51525118263,6375.16148192075
1434.72308503928,3169.93792031223
1681.78419959404,3297.31646861304
932.59638289257,3366.60576705197
854.340687896983,3503.06111911508
1917.59739145915,9087.31171802558
1067.62640396469,3282.01779281231
7518.28399167401,8167.03714411363
7750.448507527,7484.55322695695
1748.63637280743,3425.62486542337
7527.86989372786,7723.0532093354
1987.05475487672,9042.58967285636
2375.12266905154,9195.96989432501
7365.10864430116,7633.04086026265
817.627139942225,3313.63079088298
1861.61920456539,9206.42643158025
5808.01093950671,7953.37855477199
1314.18693965119,3677.22355253549
8612.98196650826,7550.20096404549
9265.48736955049,6733.60064452209
1382.74325098874,7916.66133302843
8207.20321800707,7249.03466554174
1298.89007075089,3784.68425607837
6375.27860519612,8080.90504696323
1060.14163937251,9028.84522912838
8464.64505993086,7554.35821374403
1010.6668881222,3196.74366879779
8477.1496304502,8547.3229721913
7617.66397837449,6506.48657304263
1152.0937720283,3362.13847725582
1539.4733798391,3767.51790233872
6794.25155180191,7808.72563900762
1209.01804689395,3462.19841157772
879.392989418004,3396.26741433321
1076.71090906694,3135.33929920075
1741.55315657473,5173.60424884056
1846.83321254991,9195.15888567988
977.824309986744,3072.23309983219
7714.22211390521,8129.48848260853
925.717448782216,3050.12826646846
1898.95349038533,7910.3148605618
7781.07571698366,7712.11869285219
5475.37323958388,7833.13435492702
7154.67345353964,6919.3775760297
1161.4704649017,9081.64407830994
8672.59997932923,7450.91638433111
1094.40240586915,3261.85832153486
7924.59938281634,7934.79949054544
1565.8487393674,8054.30051452656
1042.74860184462,3554.00519060332
8484.68639906735,6734.03465548287
858.296649062697,3042.50527181365
1997.89223545922,6159.17312206538
1176.72385565825,8992.2037793253
1880.42244508227,8596.75201674583
1336.59085587778,3414.15855448855
646.14981846649,8872.96543902896
1899.08822287661,9175.95821136952
1158.81846057643,8977.41501496344
917.015997063947,2957.6700059248
1327.87214075178,3901.05007735961
2283.723733512,8181.95376006646
7021.6306498621,8383.78724212233
1476.89774685397,8393.05697414501
8167.50301746616,7130.62034226786
8141.91282156463,8274.81817814995
6727.73894810236,6374.45212537626
7569.0021545216,7618.41704486214
7717.5789254827,4053.57603709263
1267.55767966453,7226.18799505855
6864.99288516307,8143.64598195813
1771.04989387737,8480.91522703675
945.955300454941,3375.97430083717
1668.51325469263,8550.74349928377
770.757670229634,3125.32489442589
1938.81892485642,9056.44170682396
1701.20210836929,9032.07327923529
7210.07807230027,6239.96553820732
7130.6958256987,6944.98498129398
1466.45604804051,8949.95653173161
1746.39203981474,4066.65880892619
8032.70955925852,7308.9725888976
1279.94774696182,3302.87888348101
6623.86775130142,7208.14497083323
1211.26391706755,3546.56380676437
1358.61758434235,3971.85908469924
6900.09635189035,5496.86938451575
2080.31715672869,3701.92281726432
8332.39288064829,6780.7823220395
7158.04084851051,7292.79113689135
7388.22529298658,8279.41796393589
1561.2804013287,9190.34257553333
1347.61111983774,3805.28217982654
1248.08840089208,3639.33450845314
6709.19152941411,8084.15791800863
7091.89170714542,8057.20004561049
2193.4823024523,8907.75269989242
1925.73909545045,9212.14033370603
7136.13893469849,6823.68238117165
8731.26637846132,7364.64614416973
1397.39972540428,9035.37795777214
1788.8670725507,8782.49903838364
7214.97603307164,8063.4568320296
1587.6337907701,8329.60860714639
1657.02353815724,3902.5210919163
1994.50433583414,8844.86601723965
8475.29687380587,7973.89032388264
1306.42321413786,8939.54185925562
2113.17861125598,8863.59446371034
1033.63187795844,3619.5897037398
1186.52613771574,9277.5759889831
7693.4597149343,7995.76549690833
6294.62639624773,8376.24591670649
2338.6455668197,9261.09380516449
1565.77192270611,3707.49468013636
1473.1213760605,8552.77177537051
1780.4899507959,9170.89680049239
1303.84997836258,9090.10661585905
7154.02889696101,7515.26154534066
7860.96568385135,6910.78006681778
7406.20362168002,4752.88803976934
1245.62947982938,8781.41060966157
7929.34703913196,7280.25767145449
7534.29822853116,7168.22988084108
976.716392233688,9165.78948567694
1329.89638124376,3711.94185821115
7020.48694713352,7292.38529219029
1108.96442270067,3361.23010751778
1283.26129803583,3071.40441352608
3331.37851513249,4059.94817942598
6643.7128201259,7159.37832177262
1864.9206100336,5010.80107100961
1629.83570368119,3558.77114142011
6603.92381900338,8193.11202940123
1126.37118107212,3629.15294145043
1625.84939121911,8935.7605876062
1205.82342631398,3408.34545941479
6739.07415083299,7774.51359931081
8474.57127198395,5653.24651372343
1818.90499329626,9234.55749817802
9836.28270502899,5778.22259564211
7341.33169451424,6997.73317036187
7260.26904967199,7489.96391951936
2421.48366976465,8583.15471426219
1278.76273238889,3593.01903893197
547.797189640209,8045.96655987024
7638.16080023843,6237.75385446729
1395.27528612025,8732.8563250446
1556.18360821722,9005.13923767006
725.209308449046,8936.73082340116
1149.07155059937,8445.85290851972
1236.0703678325,9020.70467004002
1497.8660298125,8742.62028010165
1703.58456968068,4437.75732277124
7843.27811702177,8082.54392930413
1525.83893202045,3813.42740061604
1533.37207017961,3801.37621820058
5281.18366707319,8928.04798264151
8612.53088790475,7649.08108232777
1732.42546258854,3720.53689066211
5900.95288339916,7131.38104110118
7858.17682343626,6711.14733912668
4811.76784954308,4020.78423065208
8245.33107561082,5006.5266147895
666.368456442527,3261.28976606704
1035.2623581524,3224.17468087459
1563.97502490151,9146.18235220418
1106.05377891902,3629.09258472724
2643.11932621794,8185.64382574368
1728.95240138949,7879.32237140137
1871.28958339723,3673.55845967069
1298.38087355686,8371.87653144165
1272.49501017276,8797.73532668213
1114.03122753764,3674.97632671539
7672.80923506241,7345.63530099514
8756.88905989964,7623.18510126124
2289.27728598049,7422.10854910366
1545.20584195705,3804.15857706867
6175.01696244455,7117.69009099434
1207.29152697938,3308.23613482817
1666.99009545833,3792.01464059812
1313.6054632863,3411.14002255439
7616.03246288099,6824.64913124041
7988.13479439724,7639.65100776094
1249.43501509169,3707.3713304112
7070.91612471652,7392.16043318536
1150.78194091083,9197.86922363794
1685.04948198326,9112.27499919885
1757.92651258454,8878.56680052096
1338.13412768912,7642.86660186716
7684.33982293005,7691.73288977715
1267.15760010447,3247.4456186947
7868.12036341311,7705.40469096159
8466.7058526161,7897.60056664765
1821.24419525847,9129.5147005621
1675.69245733771,4002.49365913923
1624.93789880211,3585.20474770483
588.151048861173,8872.38495315152
8373.36634375041,7683.05653766795
1764.38931687467,9168.18796148244
1368.69881777164,3396.94947971423
1281.90130442203,8989.89932835402
7780.49766344071,8291.70439408228
1520.95544231983,3649.32945812751
7574.3662781484,7131.99056136471
7953.53080910288,6770.88896906756
1346.38250113526,5127.23733743503
7647.98378305017,7520.65789013601
1289.13142807969,8924.33538096389
1159.57057986802,3528.25133892262
1840.29872606072,4050.51463604251
7253.1524991082,7430.74713699488
1846.98785863414,8003.16478187253
6664.25484366113,8248.01748039567
1257.68884063393,9176.17782273552
8106.42822902399,4025.95358261795
1487.79419898498,3495.85454297945
1623.44179944022,9024.25363249128
7150.51550680716,6692.08568764088
1143.32214029767,3497.72269093335
8812.50484938629,7084.77708852655
7953.60675676371,7550.31779528451
2020.61897204194,9076.92167137833
1104.09358704948,3506.08642400633
968.677263804297,3244.69572943597
7223.29694276418,7048.20836929007
1834.56310913006,4104.45479654701
7213.57188217505,7319.44271063655
7293.1154281546,7224.40761024794
7376.48727426979,7637.48098213678
885.716356133525,3310.70729162127
1874.82608160496,3850.83355496406
8235.35978040804,7158.56105589399
1575.21786348132,8694.38528785995
3211.33418480184,9077.30304171409
8014.45251391243,7196.76604401369
835.611170669868,3205.6925103664
1054.82693862977,8753.17511582935
1195.25703006555,9454.70704555898
1409.56707007014,9024.78399518743
2016.16475702189,8553.73728183743
7461.17023086441,7344.04693566032
1304.45271977368,8947.78679422054
7860.13605229229,7751.26452631088
1203.02804996191,3386.38675479275
1578.60261552477,7753.22660110492
7090.17491429653,8328.97038432662
7346.9257450933,7941.617042174
1299.45812979368,3812.7800088254
6674.24586900636,7668.1764581244
1439.89092126738,9013.79300237715
2164.86690974845,3974.85941678385
8321.90716067974,6704.86581814554
6724.73373804005,7378.9104857403
811.089861542784,3242.24919159326
677.912140081403,8926.72408336983
6987.46654113854,6971.79932238533
8385.31588127879,7077.18981636776
2196.60227968619,8633.12654552727
801.910183612361,3399.44442181487
4020.91937727549,4016.90938379136
7033.41942583077,7888.93295243144
7700.37265795884,7350.65209436512
1578.75995518196,3832.52907328758
7851.4227644924,8032.52978498855
1714.90881863265,8734.34433735109
1340.74086737582,4327.30254113818
1202.75888630492,3425.15399811084
7527.17241321356,7489.50379974648
1399.15937228997,9048.75894638674
1728.18407257414,9445.1790909114
7254.28955832293,6776.04554940309
6935.03120338846,8401.68171677648
1383.45741370563,3735.17257098787
8795.48948425625,7066.32202304482
1591.23483709518,9333.13836746913
8537.13741202367,6412.68606419686
7988.99875294711,6509.94288787207
2300.37630744598,8552.42509889103
8277.38440592418,7606.37791566737
1280.46980384207,9391.58627296798
7671.96784556051,7361.5381278391
6246.6850705312,7764.54149290873
1904.27628236579,7962.52782133705
7456.42356241622,6697.75277174866
7470.81605200413,7273.47887616423
1324.82088884917,8222.92323017125
7635.47166038812,7855.0412251712
1563.12895301456,9404.79247981728
6738.83070416614,7105.18816152243
2675.69598753413,8689.22033707068
798.167099704568,3477.35931683674
7828.84878963432,7976.74021701205
1438.57162448062,3453.06836304435
1268.74855816139,8198.44481567302
1334.01840949717,9150.51412879671
1326.45638964474,3670.49220337705
7958.61967109535,8119.85259964513
7926.39826563699,7129.98461776274
2404.67294299551,4133.62524340002
7132.44675684686,8084.49310423843
1049.09939078858,3266.89911517649
1283.33008592769,8947.16404309432
6631.59561802237,7684.08875649946
6920.63172719999,8629.29402865838
964.45790169856,8858.18334425155
1264.8471869316,8497.14265810203
3311.97758025836,9127.23664065422
1741.43990801622,9405.36998095642
1647.38454670567,3446.50439052365
7856.31011468101,7736.89207709618
7399.47129111106,7838.95606081674
8614.52818079623,7495.55841711987
759.30121267877,3031.10943398892
1763.79785461659,8726.74802037652
812.203201543618,7472.41060950543
1694.05355288412,9044.15872628586
1035.32787818644,3728.39792688522
1237.81453725856,3823.56650735075
7302.8812606635,7664.37303878079
1393.23952783144,3634.92714240259
2097.87330890367,8304.86585224814
1187.03368931308,8972.61644047867
8569.67741103799,7418.87502090097
1416.28915858774,3778.48054102215
7292.59462155383,7231.07674900536
1543.04696677052,9068.90485491969
1556.01998030374,3758.72462155983
1787.33799147136,3568.85864012289
7563.37149940982,8462.47913591436
8759.48507588299,6529.90581504538
1836.6998479826,9473.19177649455
1697.68274542968,8892.71101536779
7712.98387899015,8109.22654765081
7379.54865465522,5335.10647450964
2563.03080411176,3751.71066394791
1601.94599279574,9058.96211034572
1336.46989473027,9190.22730623391
1807.99532338908,9332.9855607901
1254.75059495784,3257.79393879667
7625.36905222495,8098.22151314469
826.711771015548,3161.06308724698
1378.03209271153,8497.17357453355
7979.32544960326,6642.47787372803
2091.33057984985,8850.54393239387
1379.81633100273,9171.30171839038
1331.78966421557,3360.55006304413
7274.25241580819,7494.61081127413
910.676345791679,3348.65011095499
1939.97409051165,7862.32820777522
6855.6249838722,8116.95201394516
7970.96312088929,7647.77409096837
7684.09387604505,8257.82468227947
7399.3689610884,7841.073853464
1162.09388057046,9103.94098219391
1116.19321988834,7842.28619750019
1169.59942874485,3488.16352312722
2208.28845041693,4131.12895783409
8187.07528958011,7489.234993795
1419.69214753443,3846.85625401291
2803.93681688241,8613.01983073271
7234.81178433212,7980.14981299363
7527.38146790209,7749.18180570592
8421.69454183401,6685.17894334886
1294.41159709875,3546.11949119618
8645.84132580538,7580.60734788559
1157.96276302995,8892.78669452463
7075.83650873449,7252.50906150028
1997.30323949854,3517.22274856849
1567.15690519888,8999.64060832424
7583.16505809051,6857.30097400844
898.27215034451,3349.27882038005
7116.91674970101,7316.19227367229
1388.08036349863,3710.10373010984
4840.43406656229,8779.79149070871
1659.99027322613,8907.74573031146
7080.19138290287,7260.01848108033
6935.03566289212,8112.23272619716
7737.54368261874,7251.22549087521
1781.83967933854,3739.23778268335
7586.02762922957,7725.31061603607
8087.9743076992,5213.56814699079
1515.86279721473,4317.05482004607
1264.79904056559,3462.55291360351
7798.03997885898,7672.35841969677
1409.25084784593,8854.2933247348
7353.13372883259,7464.23480609791
2448.38558648703,8812.91793470124
7818.32029100321,7612.23512497021
7440.59902796652,7383.42478204045
7252.51273022866,7843.93225461572
5005.06884652784,5474.46638608993
1437.31944026421,3685.13225627519
8352.0190013114,7581.07470266226
1036.54282376643,9254.85273062766
1825.81139421362,9015.74625744282
6248.56521743067,8059.03609884284
7482.70295864113,7833.34050672412
7707.58079365564,6819.10179058453
1020.22047848824,3333.88828327097
6477.853355202,7316.28752488101
1551.88074227003,8484.29761775748
1169.06015401688,3545.98884053855
8920.21457693661,7601.68983819633
7219.14988754879,7746.45159256697
1385.28604579136,8932.94713693187
2584.40528264675,8516.16090107835
8821.72216182158,7332.2032466941
1344.08851017384,8916.26961324985
640.501347366275,2913.76686583737
2093.81136135629,8570.11846181178
1084.62894093186,3690.23828653358
1664.55951098415,9131.7891935985
1070.96307194843,9000.66827740009
2131.27495236585,8980.54769631316
7704.55134779704,8156.75543080327
1952.49076664211,8981.33541933372
1160.33917201303,3421.12489335424
7574.19590743358,7872.2119777893
1886.94759420173,8667.62938918875
1702.01512769472,8976.4712106164
1735.78245550504,8772.86652354733
1364.34612147183,3603.60163693186
7878.78458994063,8245.87280851719
922.467834351164,3431.73707936181
1613.48032618596,9373.70135341655
525.805406081125,3365.1498891846
474.770383357832,3072.63048414248
1805.16963868054,3567.2637899382
1057.41735723539,3591.83547709459
6249.2693267297,7866.44767985766
1401.50557883553,3983.58924667735
1834.98891323283,8136.85836498208
1999.39218811482,8910.80615579799
2011.34746415674,3602.20041875959
4434.71285096238,6955.74714290539
7856.7585458448,7824.49257096802
8539.92798637127,7618.84465127683
8067.8474095426,7370.91558621582
1612.6395510407,7387.03659833406
7581.12290671255,5870.33614335163
1271.55374272389,8959.16629691827
7758.87948617471,8465.07128186312
1602.08500713435,3769.53510742699
1953.51768670664,8112.67447798965
1612.02577282476,3500.20177903473
7220.58743610708,6430.3405296272
7947.89897538518,7415.93803541226
1253.99583413359,9171.13382428584
1830.85823793323,3742.79883630669
6973.68251524456,7268.53966283548
1078.23085381495,8989.40801861336
1697.84215219701,3981.42066034593
3294.01956736032,8754.34662607018
926.296622230105,3705.81650757998
7478.94118046245,7953.86717766715
7466.87911714402,7952.66524594696
1592.1309314379,3712.09062988603
641.789124358165,8932.04660437716
8079.76751261183,7097.21571414349
6966.6554559806,7838.63866811024
7735.97224680683,7366.13387917298
1322.64084897591,3677.58667062008
1704.56257209376,3630.52775882875
1093.36872013492,8864.23105682333
1651.74535625035,8139.01554820469
2252.71498697496,8959.66007065203
7048.53169439428,6451.27634126215
1631.21602379873,4069.60951368706
5503.95222952156,3570.92744092112
1275.93123946434,3775.12686713507
1730.17920924906,9004.70417850392
1281.19530524468,3780.86538920408
8453.12815225368,7802.01234456732
8310.18903675266,5673.91722936454
7212.16111363831,8112.23180404186
7950.02746189184,8545.48733358315
7389.4884332372,7727.62283991409
1506.10395428881,9070.66532304919
785.273941893778,3315.97583059443
2349.07263658828,7768.05795949562
8062.0857787479,7427.65546652394
7684.25072332758,7157.9482095668
8338.66169911107,7240.20993867742
8100.51121116091,6688.73024870862
1049.62654419397,3214.62566014458
951.006263344905,3787.51468196531
1697.78665474556,3575.47753609234
1038.9745721283,3542.86947527796
1827.31054559976,9020.74909925376
1166.30051619284,4423.89223837783
7936.76956724731,8329.03320372995
8107.45093959965,7490.75617266809
1185.31951210796,8876.26487696836
2267.66718968149,9387.61351007255
1291.25005190919,8942.51275299955
7619.65956716198,7501.81745110112
7479.82923646826,7511.10498675311
7969.22514393196,7018.2106512941
7194.79120125518,7400.01397846002
1024.49039812371,9050.41641954054
664.817540635177,8637.78043823943
2287.6975365478,9642.09225907777
8008.22614638895,5214.08566912554
967.225415341119,3090.09453213943
8377.62847376856,7570.0951727488
1160.48924772743,6720.99090495692
7898.42008320714,7604.72608644818
3969.6379665794,7399.24370851513
8698.32807168843,7155.71592895164
1067.69656224357,3401.61684260883
9126.37574139579,7064.42440792377
1222.18887832719,3830.69256869174
1537.29455727153,9228.44365177599
1630.67996702766,9124.62073668909
6271.52214088223,6971.09773604661
8109.61365109367,7461.88566476916
7321.3713787258,7727.55490710954
8638.89627223952,7251.9191670231
7828.08487101839,7947.99989457513
1854.70378494912,8992.40223239206
5234.73025527053,8958.0602252689
7545.29876835287,7642.08536410621
1348.10653495785,3589.3943627252
6354.46346217391,7784.07327816584
1329.07186467595,8213.53954850329
3621.43898484372,8913.31540788559
7076.39097690512,7695.41616200976
1720.01913036743,3462.07283918293
1158.64217865688,9244.63865010458
6847.30241126533,7107.51526749606
952.845038517766,3393.37205760447
1467.70276495051,3712.89244222796
7521.3931040718,7188.47585192457
1675.81152531319,7788.31353125046
1320.22559397703,9223.73767136129
7528.21770493591,4755.23722324462
2692.94273372354,8520.46470085786
7496.96880012105,7261.83361318016
1196.55036720917,3554.29479797852
1887.5941968649,9202.8977261808
7994.2415937638,7641.75056780795
7517.10763167827,7960.79491334789
6120.16361854752,7238.35258847081
7464.46154134341,7074.07945670571
1723.82457079584,8894.92140796385
6506.76784202417,4699.97028769041
1358.76920386468,3635.70035124027
1591.18147659854,3413.83506163339
7136.13094706016,6883.82430252099
7015.36899958236,8223.9957953219
3904.94646105313,7621.72424519762
1478.92608295523,3129.65264856525
7735.89370686221,7468.37957889296
8820.03854598271,8020.70279322062
6951.72595807429,7748.0043352328
7120.98421001514,7781.38747231938
853.6792436575,3565.76146181989
8816.93772955076,7605.95251866221
1784.34144315249,8828.04166324364
2175.96668381196,9460.7825403286
7300.76422970071,3868.48069305259
7661.43834234799,6790.93198602685
1109.72074411446,3725.39587368028
1765.56461220702,8468.59626593262
1679.71108004264,9279.12127539027
1363.64096552587,8239.63530970063
7594.83472511184,8124.99442856312
1587.7582224886,3616.83473452818
7893.36158936828,8141.71316099785
1106.34332865097,9174.68610602643
7090.33403843456,7920.7800015857
1589.58730166947,8671.33994948066
914.906520045227,9053.06107155942
1270.91692504621,8261.81112129322
6901.56534193769,8233.02075177322
1791.97390470758,9171.3502673464
1920.08917095095,7822.30512611655
1948.65787378235,3930.35091268042
1352.44511514579,8211.15842003004
7166.64843176002,7789.59948843223
6099.07837186141,8859.88048156654
684.92915416477,1168.98338542962
3252.64736233369,7622.12568728035
1052.26409908241,8739.40205101623
2137.10813802408,3847.34315605028
8060.34750168337,7780.19089213427
1620.71275236522,3516.61203407485
7634.05302861739,7597.82494834512
1537.14618288594,8903.9857468851
1810.57189742567,3886.57871646786
1261.69259341245,3534.99172314319
7862.64773498035,7768.34730981992
1689.34943428524,9207.2760221832
7419.23770335711,6638.838731774
1340.77637356007,9072.7316133105
1351.55321487654,8104.21211278958
1898.41052367391,9441.76023152002
1210.09720670972,9222.06342284356
1415.6700335139,4031.83956060366
6875.93623956225,7968.50998011559
1681.3546978654,8908.39406826756
8057.76087292255,7992.94781220054
6739.0102660255,6705.56458641727
2264.7526800391,8734.19174719005
7983.93876897222,6527.3631455393
694.135772135577,8750.89157646048
777.963762364083,8154.96478698717
977.144537270003,3266.6161508316
1760.50316009942,8771.48811249132
1202.75287779824,9136.14261515149
6796.22777475222,6445.06521173967
7569.45923486877,7693.30274209601
7606.6636953278,8015.07613638367
8381.53191242164,9288.91341746278
8776.12465394457,7327.05504250668
1139.89853032809,8913.177220875
9065.54195944154,8075.93886963945
1208.68546190971,8962.64580091811
1589.24715076745,3502.38327595668
7640.35459201241,8044.99748101069
1899.40897957291,8738.85035046629
1257.69488831557,3537.03979214369
8203.56546484855,6910.08032329479
1028.39630635119,3139.24096237412
6898.84933831307,6717.06969830094
7675.20540081501,7717.03719066216
1485.13471123113,3743.1620293102
7669.90371555154,7784.72953569606
1665.64300794954,8710.47442616299
1737.16809551377,9343.75676603267
2362.9499839182,8163.12980648738
7858.07052715185,7282.22512680785
6738.05917634877,7269.19883220697
2476.11482414309,7521.86869020088
1003.84625417165,8215.82386208544
7900.86619075806,8295.06776553342
7316.42963279053,8166.98370553868
6917.37725506151,7707.13448294469
6725.15251928275,7662.40314746569
7452.22651175036,7432.27781558236
2018.40242104255,7291.76360045436
1167.1575710811,3373.52612901539
1132.22163817293,8087.78306943122
7193.46735073666,7302.11267768603
774.880808608891,8937.34240007724
925.744412669772,7883.20051188692
2161.37554048434,9101.50638662705
7513.05987090669,7818.91740178793
7648.97359217001,8098.64374912863
1825.22382766837,9314.84470084392
7404.26944749655,7381.30158773862
1829.19137256817,3814.72173074762
2077.60652227819,3584.379370421
1092.32255467184,8746.57702294577
8013.49726572754,7110.08413633019
1320.46896277171,8935.6675865364
8616.97014538555,6634.99319537495
2673.91063940634,8251.5600656007
1314.4749425226,3587.29124962588
1672.98797127116,3729.34683692367
1148.49842381917,8242.491484417
1847.18846185165,7801.25147725126
997.087780076118,3335.30605522523
1813.83751499339,7880.49859868436
7757.86742706868,7005.41255021979
1491.84441751241,7621.82948389443
1198.60954845069,9211.97014244456
1982.96667911943,3438.14112169313
888.627932523919,3329.81228634596
1699.5854322708,8360.95052022648
1798.03264365267,9000.99720827335
7127.91819542604,7902.41565500551
7239.2485696054,7858.06754805746
1424.76626158173,3493.13514673473
9095.21400267726,8144.76320360064
1618.73204436276,9033.9094132474
6425.7262526445,6253.14150440516
6270.72664363111,5443.54140641059
1416.82216659747,3569.56290264271
1372.22059652785,9385.79799412734
829.187879687469,3189.30592021271
7088.46151720516,6724.88024463517
1256.51452964722,3820.13365830835
7565.75162299185,8246.29549031552
7969.63945001573,7431.54282683641
6723.40523823766,6331.6125814918
1343.96728939012,3438.48202189196
971.412608467112,3281.36802336352
8793.23187911234,7611.73086676243
7367.62479378419,7176.66739669627
2464.98984768318,9020.71135280791
1127.72556396776,3412.22613279096
2167.44446178488,2887.63837396072
1138.63623674836,3343.96227024632
8127.23210412856,6983.82110216319
2094.49063547188,3953.01477193332
1013.05139761095,3279.01108081251
1495.2455321511,8588.52207267506
1116.12797967527,8077.6006485936
1470.67878144756,8711.02633104318
6864.62444411984,7417.37012654561
7254.45944463988,7268.64423376179
1482.97343115814,3649.19318859979
7131.36206021858,7378.8772132017
2769.36670234021,8001.20883969184
1306.35105709609,3816.27265940712
1808.53981900378,9182.11116188248
7930.35538996752,7795.65100523875
1524.91723544588,3708.00841014099
1247.29897516902,9028.20547994364
6356.8329259239,7321.6436380729
1436.03623395848,9163.23510830161
3116.39309968875,3161.0867947028
7974.13800756421,7568.53094956085
7674.12627408098,7724.37652476613
7877.90261100952,5275.25178349735
1807.4170656636,7972.4087473869
1487.55779857625,8579.04284590551
1376.99276617042,9406.66648899673
8367.22845175069,7820.80903181788
998.664638564968,3562.5727341261
1235.32412073626,3284.62980139619
7346.57041222889,7908.53006859847
7636.40928984312,7395.69953936493
1885.45664276124,9388.92465147306
7350.55566868512,7822.69254457695
1557.56482046833,3870.30389860092
7046.70490841882,7570.10947260086
1627.55118394225,8989.17103999821
1334.79847822289,8926.60234346399
955.888141901697,3326.28191570858
1936.01294128424,3707.0351973868
1488.45930690789,9431.11979639486
7192.01398192415,6886.31527152316
1397.45286763904,8995.65548967571
1646.31329151735,7893.06340176926
7003.54254757603,7760.83121198372
6755.58326355374,7832.52888825027
824.357474201768,9073.25363944992
981.170255327972,8999.36524482988
1572.35343627098,3695.65046770696
4256.96297892258,8436.32435246972
6439.21767348081,7851.26046321903
678.383805393906,7929.08191473874
2367.70412695056,8954.37231520197
1878.69155039966,8806.37480233237
8449.42850383479,7740.38806248212
7239.44979979189,8582.57113622597
1401.87554376616,9329.95065249532
7771.7667402355,7925.98382936969
1514.16549297634,3664.23976785945
1102.43461354841,3155.91478789999
7744.98914725138,7963.29306967
1725.97634773603,8208.21312987231
8245.33642017691,7244.86667868306
4885.05201165642,8945.22674190206
7597.62250589666,8728.61230031367
1151.82509690644,3723.3999937985
1622.15502228554,3630.66725764978
1614.4679992743,9180.08899464305
644.433870657926,3368.05180687017
1305.96641635809,3399.53078829771
7882.82565202711,7310.78306466402
1701.99924856166,8986.03047070107
1180.32508619923,9304.94728043677
6906.99017157746,7884.16561812903
7228.86535505191,4839.65873742452
7403.34902397211,7993.43845895914
6700.8476756813,7793.76478982577
1154.09770276001,8855.07814428397
6675.84263694049,6557.35279969472
7706.44546183583,7948.52422901387
1279.76966983734,3547.2767313724
8368.28268418686,7614.59123283373
1912.27100862415,9244.19780422926
2170.50806820706,4093.17692222509
8125.57598639838,8105.41059225721
7354.00427301446,6996.48031267912
1070.81644825332,3291.30038036001
7370.67554938432,6400.3040399939
1169.89249402655,9183.04530444021
1605.01667013273,8829.16291912581
1527.83281820912,5547.02746960135
8803.50568073615,8022.30533686038
1575.90293140042,8898.79014006441
1478.60042887133,9142.21810603486
7431.28840790266,6929.28842983713
7078.43770968971,7765.42702133898
7761.68976443523,7509.84442441717
2135.54489252862,9262.82984278299
8234.17576611149,7650.60557098557
1442.78043448111,8991.41504408188
1707.00231220959,8829.97982806144
1897.79506129033,9003.08617541215
6579.19612563615,8022.09340499318
1485.64923689368,3546.70111694428
1530.90756418485,8528.99084448002
1578.23674305568,9182.01077928052
1281.89678240251,8434.69506356573
8066.24376549695,7246.27552003411
7800.59180435468,7640.5732105649
1673.11639209435,8541.08025270477
1086.15290519192,9364.20263083213
6958.08115200264,8447.22977389052
1238.09451197036,8992.03870817404
8433.8634797211,7794.35067582594
5657.1040886962,8709.28379655977
7802.42487208226,8045.76624823884
1638.34849204555,9342.55988387957
7418.83045206448,8270.51332172194
7586.08872050919,7997.60844050165
567.416995250162,3414.28088394164
1800.26729978474,3641.12805693048
1335.00807760089,3529.61300602623
626.189622130821,2622.96355290637
1487.80160956598,3809.36962646971
1197.43385945523,8227.60840011978
1691.83782055069,4606.08658989036
1222.61675902394,3423.87515838528
936.551216522177,9075.14876021237
1805.04447381255,8957.64053734852
7954.40951907605,7809.06484976317
1095.21364282408,3735.77620890348
8738.44222032014,8195.73054699567
1719.84221677861,3985.38184594688
1152.98142892516,8818.04951197094
2225.88406245414,5753.19293761258
7248.12226557678,7466.29505139445
3331.45486322707,4707.72445745351
1381.13477561198,8755.13648170548
7498.17635159242,6948.84630105055
2045.20837809111,9192.9827901723
1126.86305372324,3701.77597415234
8518.63300656572,6949.03070148524
1564.11728826255,3458.9045858573
1286.73894689978,9218.65837052555
8549.76251208019,7152.43664174129
3330.92376840624,9139.04053994044
7099.94599873485,7142.52105042065
1363.28612463263,9077.82650512006
7461.80781201548,7432.25721941097
1024.84995187335,3451.92464840533
1166.82652054864,3241.7929563985
7177.0061098693,7413.76574760137
1173.25046306318,9277.43857464276
7602.60694780992,7229.2022571485
1525.47478826528,8431.75329960247
7630.82866631136,6690.10979169969
7641.7636923445,7826.59301814111
2861.92862247092,5858.68852431466
1014.00796664682,3397.8455869202
1751.85392881378,8004.16572590742
2098.21044989163,9163.61157343841
932.880121014964,3554.47682224918
1346.17872614848,9651.0880283433
1545.95899895761,8868.97786333908
7676.91493658885,8353.77556309046
7217.79922976016,7334.89254319906
3785.63604190468,4797.27049608602
8080.69456148995,7523.12094405749
7816.25173541813,7634.92899801194
1098.82246302119,3278.22164560117
1156.85452517602,3471.08698503837
7746.73688917107,8263.99100939404
6838.89093618453,8191.39547945454
7189.80190275096,7218.59867318476
9524.02020335304,7380.53104686186
7387.73184092592,7161.57998602161
7031.85181609602,7114.09617042301
7217.34454638168,7007.53659638871
6765.29733341214,6684.79071587785
1465.3720336176,3759.14246511734
2065.25397217774,9006.40542290712
1149.41614477022,9146.07905300041
1246.06420768987,3150.17276424598
1916.94523666261,8654.4370002468
7994.54665277617,7090.01873145211
7800.28244934197,7470.21244725497
2107.54925638269,9105.10998535694
4882.51789356796,8873.2275592364
1462.68384977984,8824.09183777643
5246.56123327049,8025.92499317909
792.755546680595,3194.69938857758
1381.42049979366,3731.94033189639
8726.24679129159,7360.56590902471
1157.41613218567,3172.71747471965
8892.03544701531,7304.71105537601
1320.81408076893,9165.31504261149
1194.38126249796,3808.77318420578
7779.60483015321,8131.44321557807
7392.72471665511,7589.29105492926
1342.68359818367,9143.0531098556
7461.05751939364,7667.89735597647
1252.57514092371,8846.01549742762
7609.94177692212,7967.68171637514
6948.08881933543,7245.28678782702
7222.05228996364,8137.81688918896
7333.05977334291,7409.98415992494
2141.53948302302,3821.04411044508
1330.07222977662,9037.02171942535
2085.8410546319,9092.63724253025
1330.18619856422,3300.00116426139
971.380467400399,3088.30235597949
1476.64600818304,8861.39117917441
7566.83573773479,8083.52242011732
7911.48784743814,7404.4912047084
1692.05050259187,3421.41016185645
2394.15762451831,6643.57688328879
1565.35693848375,8707.98445884343
7576.37747882841,7570.91343611756
7465.24151200903,7834.9740554823
1197.53644339984,3473.72929758599
7460.14120945607,7614.02669722902
1736.04621074717,8728.85287590242
7038.56118432077,6851.11599142512
1389.81145279384,3769.77224874922
7995.51110138145,5686.17080497155
8823.95069292062,8040.37089434575
7345.04351328196,7879.00584298366
1361.41936629739,8832.52890057041
1365.54039684883,9145.71370285249
7624.19810441589,7639.21325573356
7785.78804131507,8143.29724789723
1730.54480738789,9031.04622268951
8445.28477172475,7628.85264530591
7406.2421133895,7826.98748528711
1371.64131133673,8952.48942752064
7987.40680845674,8067.64019551379
1734.05835170401,3887.31244633542
807.688767288195,3162.81174737613
1517.48425830775,8741.21298226899
1648.82457363443,8546.91937479076
8154.4908328004,7420.14409180302
1075.86031458186,3606.770200914
1530.63620233094,8934.3389458411
1475.8189850706,8868.1416995306
1800.80395724676,3897.80170233962
1035.91768118694,3083.14671679691
1235.85657736799,8720.7702339841
6665.39593201657,7360.43555902147
1387.93462295561,7933.93595313687
8062.88299061936,7799.86393929308
6733.74844187366,7384.79013049775
7368.81023663023,6738.64419028415
7864.36287646396,7783.41502450812
914.845661842592,2977.09550173624
599.279769701182,3099.60379305464
824.314602851215,3142.49457190102
1426.1850104948,3665.94124577184
2399.34679247564,8322.62566392781
1581.19375628936,9290.18568533435
1134.02031109663,8788.66160066395
1793.07726157325,3802.64402595471
7939.01750005535,8403.87062109572
2547.3851465668,9024.63543819726
1295.58368871714,3288.49924482038
6554.29646837457,8243.7742429721
1602.32982156009,8553.96899445562
7079.9280219666,5961.65327480525
8456.36777516226,7332.66114798019
1257.84209825934,9023.28504530392
1737.95326948833,9034.45066210435
2005.14837960157,9103.03761870017
1689.32964749195,3730.92244127468
6865.7736610845,7250.96902979707
1131.11318202073,9222.0819335889
1068.58216689909,3445.64748306444
8652.4175757761,7728.55341790728
7546.15001735565,7867.45948900791
7673.69807322113,6949.16860128671
1746.01781279897,3617.38196377781
6671.34517957619,6584.94622929484
970.64643524471,3078.01102087175
409.545264105693,3147.24693786953
1493.01454137229,3549.45223691935
6689.40714884077,8005.97472184517
1612.61456880702,3882.87232823593
1363.55488379495,3698.97248771917
1398.14787722243,8722.23559721708
1412.7130720717,8602.91124412816
2226.82709325953,8949.77240298503
2433.50611734641,9059.64080663571
7872.65981576228,7490.71308953138
1891.99114632317,8154.32136316913
6889.47784347353,7768.58117664717
7063.88484953209,7493.2486401894
7030.34811920387,7824.30122149883
1440.89340397339,3821.35610565895
1431.38428955869,7902.55993249291
4290.31552109878,9013.56798198357
7536.28269385213,7415.73319038369
1716.89127286882,3711.14884433265
7540.18620434364,7996.48846781337
1154.05955061811,3849.56149172047
2659.30284714507,5729.88680206091
7442.27333894555,6938.37251225259
1347.86225621981,3496.43093225176
1407.92494356765,9174.99342990138
1151.92197209729,3562.97871650606
1024.88197902844,3557.88303319758
7766.80325698132,8147.77714223077
7772.72404577848,7330.88322548418
7502.1606238709,7932.5605451212
1661.77884358848,3512.72300768196
1025.10933238601,3433.31036487083
930.955696075596,3285.8238727444
7212.93873208138,6986.86113570094
1255.65643740242,3225.62606092058
1229.01984139733,3464.39320461391
7273.14690999031,7923.79905914184
7871.80779457538,7570.06661854915
1825.06027118976,3592.04577211691
940.661151301584,3353.50508421416
7023.49795088614,8459.76417267025
7429.51204622093,9394.97301094018
1534.83021994419,3386.32799732504
1792.08586061571,3599.48979469386
6907.470047156,7774.77550494941
8765.90895635666,7757.49236763729
1238.24345978126,8901.63968591594
7072.23429679661,8935.61887316941
7876.74634570894,7490.9016574937
1368.14288486848,9045.41707032671
809.700035371778,3237.76076065513
1020.65720141996,3627.40796976364
3126.34474064773,3882.86274049774
7636.87623567682,7774.19004568705
7589.28337575767,8081.91547694635
1525.12542206343,3680.05833784938
2315.55202063651,7990.13984125348
1840.48095099982,8874.40682005432
2127.94395379805,5092.23026001315
7113.37399793938,6315.88686660079
1632.76917300804,8434.76290528326
1364.18169080727,8539.39339486564
7078.98631144921,7532.87302277794
1200.44187603748,3749.69891706594
1601.34028343062,3612.99705606396
852.103722299211,3084.09367422859
1170.31026682744,3285.27893907933
5483.71408914728,3151.66845154883
2676.45848335347,8792.86642596409
8395.14662448354,7535.03959479437
7520.95857954341,8039.06183700632
1425.91826024443,3723.54999243142
1037.64936413812,8716.87804848241
7481.77174156314,7859.16636821124
1766.56421283,3616.95772997458
7691.57173874127,7430.00282372658
1073.69672396714,3564.09124352727
1328.31393205772,3625.89168412062
1682.12077379469,8808.11932374473
7929.13145246851,5409.04875041241
9988.00952347118,7146.5039597278
7020.37956233605,7711.59726989903
1499.077434135,3918.13068042472
7557.80481122722,7195.62511304982
1211.25859509836,3905.93693264696
1054.21905426135,3458.0028778739
6935.11957987371,6281.74194017817
1144.95333053562,3591.79768293807
7887.70505643938,7417.98600060333
1751.83276586925,9131.3555236086
7022.61623439305,5789.86234239675
839.466833980178,3252.70948409984
1514.80709378334,3455.97161399922
1463.44554041621,3505.01750332228
894.017204048866,8057.50623007771
1599.17459050009,4128.54728404063
1408.0659048966,7491.69625698412
7272.71141672583,7103.28859251582
1164.86297920376,4006.43040633878
1395.92152335537,9005.47650480708
6586.89629443205,7896.76470478908
971.023672353182,3297.36035176449
8003.14603078535,7436.53281858565
1638.74260472493,3340.54964989433
1168.77320088025,8869.42234493009
6548.45911949313,7740.02141566333
8682.61538404355,7575.1070841357
1768.70142602491,3913.86851206877
2700.64626598687,3406.58681851412
1214.22372898928,3507.17544061192
6859.8872614808,4252.50733568022
1743.68355852456,9016.36350847812
1405.0272401297,3706.01118857768
5141.43898928477,8815.34821815649
1378.77809457494,3466.55905141212
1817.15654751744,5091.90470319586
7548.7071132168,7555.77857100982
7745.61029804055,6502.61631941463
1415.01582092102,7954.40188836268
2047.07730561694,9181.60714932724
1456.71148666211,3323.87611039662
1866.8488174185,5669.92722810746
1979.92099253414,8040.83881035764
2674.29991656791,8799.43885887095
7822.71599553265,7461.62549905401
834.225376313806,9100.41468511581
8115.48425679865,6707.10487296746
1911.72024799565,4436.71858550462
1875.60987148256,3948.45249028691
1056.22380591501,3026.01523968072
1757.11103360268,3891.00700424396
7296.22183182301,8734.42147983515
2103.22979716152,7923.30822125209
876.437204889716,3488.08167793239
1153.40757043582,9229.92831177821
6576.28874086293,6831.18080744202
1036.51438953252,9337.97182525615
972.723688734002,3254.14430118487
7240.73174298166,8325.31088461865
6851.66890230237,7698.25306165485
1726.50345421437,9039.64625382577
1585.01467803618,8864.27470706194
7546.28412971893,8226.53339966426
7644.27601282357,7345.06658308572
1046.67166855849,3200.57735091045
6733.79820094858,6868.46814336025
641.154987782503,8741.77283318469
1743.10605664222,9096.02014559747
8665.88102183751,7843.64251538937
1291.6631436737,9133.34908292053
881.704989110843,3218.8039649818
1734.42628918966,5770.53945980974
1028.09226452174,3602.86509800152
699.51850301954,3301.15836010198
1595.62381642494,3567.294663434
8079.43743877562,8223.55985962679
1084.18301203689,8675.52007393938
1943.7377849443,8715.00337862125
2053.27946347247,3935.45007292291
2067.87172023553,8956.04943178618
1125.00702316488,3434.9539131116
8365.06047188358,7115.79554999299
939.818776151791,3559.44984273424
6453.01272170242,7366.54278044979
3042.87941288277,7001.58379009111
1424.47008625132,3780.62596400792
8006.20670975969,3672.6912392975
1300.75360011542,3446.88904416373
7452.33763723853,8085.59699300069
8727.76088396612,7466.95938691382
1671.70940138822,3211.69759069734
1063.35644259463,3738.03126562659
1433.09891464429,3976.93741365099
1114.32901648801,8638.93908158007
1724.4513244072,7990.03363800049
8867.42756746436,5394.76043103198
2004.39340506255,9172.3650972126
5448.93784664022,3944.06545893229
6874.40262631595,7786.17590180292
1508.29316391539,3829.54631970715
6568.07719550332,7024.22235454206
7461.1140056041,7242.09079195352
7715.76620181208,7341.50816606884
7660.27256305198,7596.67002841771
8001.86856083379,7838.53483050384
1014.77398723778,8983.91932044566
6854.8292952816,7915.6840081991
8720.41598866266,7708.58122284216
6859.17246823704,8017.82583101127
1210.00024275431,8437.8993714184
7906.30715579446,7938.8343373244
7536.04884189766,7706.26966125301
3153.87748316678,9031.74959592738
7424.69297654713,7218.80583317716
5991.86987435874,7066.99203123417
1710.04372896528,8856.08766626492
1234.58691557471,3991.41454907355
761.358853395026,2951.8036139872
8882.94561566756,7582.33066270984
1603.4698062731,8757.41361095191
1555.18316536065,9024.29504269863
1315.36903671683,8854.76972456946
1627.29780302526,8791.39545107151
6945.95241050904,7350.39271923009
6374.04184914762,5960.04902583185
6744.45788677138,7642.52390691561
1527.4870043933,9246.2581986401
7413.53191402703,8178.50948357104
8945.39423901811,7755.31605007781
1617.96463962601,3887.8735312676
1167.26681878459,8671.74109956232
1100.9050880904,3198.90551207427
8112.28458398217,7918.13717299273
1082.60061655305,8773.01186799627
7911.62708801953,7407.94877225689
6830.14918374934,6652.8013522462
1260.32789964526,5182.22572586383
3107.92783998546,4795.60953985991
7864.28127539891,7393.92873709685
1175.64712261302,3667.1916380099
7272.07321969755,8426.07754563296
2239.52072751246,7969.14889127938
7537.41012126853,8442.27565558675
7650.21070880516,7770.12283131838
1908.90112941686,8342.53028088765
1771.02442164461,4791.74477146045
1738.43656107043,9366.06799180693
1177.15483856665,3693.76055889313
1585.2533799263,8608.40670284493
1485.89951055424,9237.83766245683
7503.87277189753,7789.54473289295
6792.31897378513,8276.14168212543
2032.6551009926,8429.04419296739
1079.91993052445,3991.02134547704
1889.37742306146,3482.24167573389
7651.05764460487,7220.74656978616
1566.4815691806,3028.15858103419
7028.46844385397,7313.8527020436
1718.70474832035,3615.46922741982
7595.03350961177,6473.63219810393
1706.97012707172,3386.36986502018
7407.05792317407,8461.03144194719
1282.36732465852,8299.43678821816
6369.73405522606,7640.96193133008
1592.00031918273,3487.1816701929
1257.06545444915,9346.56282900921
1714.56294604662,3723.50916047297
2907.30748637085,9215.78375085341
750.790679457724,8872.40349512917
8914.95899863834,7392.2243548739
1480.76495096136,9006.32447643112
1592.23932911096,9067.87701347613
1121.10060880934,9003.56022372475
7268.89685920721,7581.96352637375
1477.54037030214,3867.70250045445
7704.16874278965,7468.77200591292
1345.00547769061,3648.83942976328
7505.32512431342,7392.59713130832
2047.76143906791,8708.02344433565
2463.27761981435,5169.20633301857
8040.34804337472,7971.95397907928
1191.61922625604,8160.96920108133
8347.55923448157,6898.34962802117
7525.86391427497,5966.45704840633
2044.88082508149,9090.1351106825
1212.51850882102,8261.1013296668
1360.24462791023,3496.22355645068
6676.24813909223,8356.53483474078
1480.540350087,8852.19237157684
1715.18353689716,9071.17663096638
7418.85522179868,6774.17578326246
1014.00968193494,8818.16217727295
7393.94319716675,7287.02854392983
1408.72235016701,3675.02108697121
7431.54247294707,7865.524671062
1618.03581443173,8439.14291534884
1618.36908170529,8022.35206518035
1485.52272105751,8297.66676720938
7036.36622479627,7100.22012394048
7250.62574405373,7271.50137406738
8852.59937758894,6136.7157192463
1491.78512342768,8505.29097893437
7223.89397092203,7449.02263430564
822.081281214499,3610.74290401803
1686.72771309078,4105.22312717982
1683.3147574144,8981.4765715907
2474.73065282933,8421.89058518572
1627.00729418858,3589.02746773693
1245.20254420355,3356.59776329498
893.685180770459,7006.53487373608
1525.00864983073,8843.07728707878
1681.23071751756,9213.01762071469
7119.81067152361,7941.33005984811
1303.9230677159,3426.53553279356
1599.66028146417,8416.96003909699
8397.29941201143,7258.41128429582
1379.15283502572,8656.77954473704
1664.21079580888,5867.16701225758
1278.1244943486,9017.48673813732
7011.81077783358,6276.93394478734
6351.77510979409,7419.46403273685
7047.40093843209,7644.12595331947
1110.1031181374,8574.75834681879
2010.5192126409,7009.52083629679
1214.45992649157,8368.84885140193
6761.58805514494,6969.3803460077
1428.65345455961,3329.42675071281
6722.84485340826,7271.98167294033
1701.8838323436,3757.41030411676
8095.13108024893,8217.89498497624
7594.36807953979,7438.14269711556
994.625508129066,3175.56553158066
2139.45280614119,8900.27206125407
7452.35051865232,8335.00403391665
7492.50645443533,7833.21897433193
1530.10336336928,9257.52730391361
1606.44511762605,9435.71758420664
9037.20704285475,7478.32511482952
7615.76011902456,7561.57993911271
6694.08008261053,6785.89930342933
8235.37960353341,5936.77308767936
1824.25759088569,9072.53938170567
944.193045439373,9141.67075985659
5019.83292744424,8564.29667162691
1710.2704002597,8518.73309468057
8350.54605788733,8180.81736646683
8557.20604153347,7447.56534346383
7504.09164956997,8170.76226399943
1484.06365053482,3497.43392834435
1631.53870535188,3828.40734719363
7588.04391728341,6960.34521974307
1717.87880720528,3903.70472289363
4031.27063887378,8662.44927754975
1195.07904052749,8781.92817459409
8817.54146494293,7665.14988616301
1643.71897790001,8264.34440611692
8378.05631688083,7166.31687904616
1438.23725809812,9086.70145284371
1895.82751339253,9251.62986585676
1173.15043035689,9169.03010799791
1668.95599003849,7926.25727653181
4245.25366774343,3376.45981705688
6909.75237162454,7070.31219638399
1628.57021013869,3850.33082053855
7702.2047394276,7159.90162209004
7553.55738545915,7638.25025522756
1702.36614272907,8521.49260270592
1326.18829877165,9066.2634767301
1533.47271995754,9219.97697126155
7270.49400481519,8325.90373113982
1197.6995997246,3639.94789555635
7297.79128740115,8042.9601969166
2048.55445779839,8290.28357821517
2467.96104627837,8535.23512176215
1749.60240102554,4131.76621298151
7343.07711897883,7973.24702187399
7148.26026604288,7438.49793367188
3376.91271891708,3368.35811250574
1238.65752099411,3630.3379374583
1348.1631081655,3670.34644432801
1182.53279016362,3552.80021583164
930.225481634221,3455.33290367816
7705.86283390995,7454.567521809
1331.00429557308,9218.80060262685
7435.09385818195,7609.46821976972
8784.05239740978,7336.0663575989
6808.52633598441,7568.21763192096
1322.04214826879,9003.39270419969
7825.83430644154,7693.74170630882
8387.83561432762,7617.28470804717
8067.38727628603,9118.58909379223
1149.78949950532,8826.75240163325
7914.33060019303,7582.3184339619
2460.0612881038,8865.96367627577
6241.80737493012,7635.69927415108
7361.78345939222,8344.6834727902
1536.14341446979,3855.51011362698
1986.14121650784,8994.48077328126
1050.3865071252,8660.57335241349
7809.25546638232,8352.94934355558
8807.69850984369,7113.1382940821
3283.40484117394,8426.71064036497
1100.00773810753,8426.23053180488
7859.16249545907,8304.08178883423
2697.43567062874,7364.17883519166
1388.76583335608,3287.75243560077
8256.76198454122,7638.8238578621
1089.09309990887,3665.04763351293
8021.6484456423,7314.51783513823
8096.79547397148,8567.39375899839
7430.22518092162,7575.84476704236
7515.82138789214,7407.83309841857
1293.26923815525,9206.81792092128
1425.11844393019,8167.39337804618
1029.41608754907,9156.51499078068
1179.59934463345,3852.04986308669
7388.6918264344,7489.42456392422
951.062568985231,3503.86919928692
8386.69657303407,7115.08094707872
1042.19865517323,8843.71746537953
7431.33362590195,6843.89828933884
1411.92020195637,9172.97114726213
7879.95356543865,7225.47461367231
7141.48228211042,7702.5661808258
7648.65688543667,7698.33089324776
7543.13510579886,7824.22582545831
990.905523479741,8766.31347280116
5920.79818849519,7828.60386235975
1585.55317841566,8602.77604647359
6852.37838769402,7556.21561961625
5380.89779527338,7005.07356693609
1729.35845848214,9074.4130083464
948.585694291931,3131.8902067725
7156.94011829819,7246.54243660896
6259.37480869474,7132.96228697952
1386.97386892492,8976.93985932989
7106.60420264404,7388.44495494908
1453.14338792436,3601.15717284557
680.158453730168,3291.40255421817
1050.30659879715,8324.05115022719
7892.77115027972,7867.21017762661
1836.78909465531,8612.05153845371
1215.0261101945,3375.86524508791
1350.30567698135,8825.0994512169
7084.44746797618,7372.30288822081
5803.34658984175,3640.51042964948
1205.05339046974,9310.72298011482
4210.6925014653,8303.41519161236
7751.41523286886,8104.53603346332
7615.77148761234,7898.55473800792
1238.11277852044,3535.34103203734
1108.66161483637,3644.61255858373
2018.45357717933,4254.29714679209
1609.6201006486,8042.14014442368
1852.45860722011,3823.35220460623
8704.61175296336,7290.60973220243
6856.79848881076,7398.01397688727
7306.10464740402,8371.63888991427
964.677567903917,3728.18834804194
7131.12485635076,7883.05354388691
8044.02660360706,7646.36155474117
1329.18754784036,3660.53921374343
6798.49314156466,7559.55470274689
1211.22862741433,9385.66274991375
1702.43288054293,8154.84618829748
7066.68412693086,7949.36162123858
7772.66018608699,7245.74192704127
8018.32997895095,8348.14488510882
7252.76293220338,8811.00613110243
7325.0949243151,7988.71659403168
1667.44603704616,8736.31144374656
1338.68361494666,7470.56944198036
8000.44775185791,7289.05234959195
7013.33170288556,7560.16753382376
1509.53614512011,8960.20301838054
676.444049643166,8749.08999735843
1924.54562359269,9269.8715096805
544.932061701165,3118.42895046838
7428.34652987696,7181.90639246316
7427.54226283816,6422.72449004485
6669.98168103865,3658.54038240778
1421.20858178057,3574.68953994676
7137.85807926801,8195.43954784348
1826.52369947653,3657.61880112647
800.044587253489,9132.58020902176
967.736116139782,3246.92683291744
1253.84371940116,8924.60759291448
1145.65945541202,3623.64005991592
2267.96456268777,8966.27321942336
1700.88481718137,8796.29548552793
6955.20637312571,7911.8639157772
2532.10297802289,7569.24307694504
919.414341671864,3307.85246660865
1733.8111024132,8902.36183338024
7712.92017936425,8062.22255699106
7805.83483256209,7088.8470729846
7974.79220989512,6630.45646347676
8176.0041888537,7586.31028125587
1692.26920007,8254.11130886138
7680.975086623,7961.74602105342
6395.86428305555,8466.25733978071
1370.60527279597,8119.13875251619
1696.42887883562,4197.9849157228
1538.30390438009,9523.29155081078
1699.84464554105,3906.64120121292
1537.76894825224,8976.45299643637
1306.43818725671,3384.24228718509
3499.34636111608,8292.53005427884
1467.92411760603,8820.92012542685
1850.04828411876,4358.4480694855
2328.59820732627,7718.53874935267
1394.78370553572,3619.41630591063
6762.75276233743,7105.93926533162
1056.14808087261,3463.28280410639
1296.81325845564,3812.50385454021
7294.31587995779,6876.87900622889
1070.22253886659,8365.12401010525
1153.28044079067,9046.99856679649
7385.82112710305,7713.26989037301
517.967927869904,3257.03598329413
6904.47691462369,7935.95955091457
1676.69598672768,8263.38424363468
1364.03876022915,9229.2654425723
2181.89152758671,8568.84884217003
1663.49549914552,8771.78812503039
1437.52016596213,8956.03558516387
1261.361324804,7925.51068849172
1762.22189008514,3884.96720612976
1050.19232288057,3444.05356203811
910.197377138044,8824.7940559679
6617.11770034456,7247.47947275745
2770.47639094503,9441.43695605831
1078.26037132009,3433.12283109915
1518.12399904129,3738.33624497409
7032.03627077778,7318.47084091451
7473.25304254101,7803.84650475736
8322.9899446871,7086.51738881516
684.356467367708,3036.73219181032
1888.3275056831,8892.68661363445
1607.81336670699,3830.83727235005
1397.19629293161,9253.08845741559
7001.67040391789,8443.5217179961
1559.82812111298,8874.82177963038
2264.15000544122,8638.30826269083
6684.39591965956,5800.82138392664
7830.95996476222,7677.84624544386
7099.23998113064,7807.42765195127
8531.43262469886,7583.41677088193
1909.97514740481,3976.7302090497
1900.53269867965,8721.46546970857
7630.03633591225,6917.8744654216
7541.02391672249,8269.71578745678
8410.09535683281,7154.02851538421
1027.98501462926,9047.13358509208
6839.81652999762,7003.35615428634
1498.60780894292,3387.25614253395
1445.165657813,3684.67795937667
6638.26995915546,7283.34694065176
1590.45503652858,3826.41165093971
1772.64107307054,6783.82702582481
6741.7330900176,8816.71945945542
1483.79273799574,8969.85353684644
2165.25461790969,9408.8038794159
1363.53008190316,3616.20929730272
957.142080227603,9188.86521883109
1074.56374185717,9066.75973897652
7135.68804305907,8143.61444361192
6596.73877908758,7222.07064330017
7854.61128179527,7773.48352344572
2145.67128348286,8382.45352553806
1266.83446697345,8998.4189875561
7042.81364691899,8634.98546358322
7149.07912957558,8224.84699164831
2640.48361151208,5259.82009284396
1555.69722638222,7979.72297120067
1680.26978425402,3779.16665454493
1684.93533608802,9082.21528651311
830.572327226334,3089.0000836114
6253.55848383934,7293.43433123178
1549.07412535134,9251.43183166138
1959.29061043354,9439.64181420765
1312.26969227999,3795.97623737402
1531.97220693795,3522.07620920945
8529.60382008022,7491.00444692945
1106.83472151364,3276.63651281301
1591.84236634929,9239.35546372087
1515.10763569544,8811.82079858443
7765.32643256159,7960.11605271245
966.500696208072,8782.21923183803
669.487298395681,3015.74087221149
7015.03074442215,7143.26136715958
7369.97881544874,7287.0768059238
5925.7809649651,7701.13045803382
1706.91844520897,8371.17834736252
6443.8757369363,7276.91750033739
7228.49977451755,5954.51457029226
563.10806144384,8559.56379604607
1190.77961779246,3501.3561217861
8097.58774968941,7236.37947991923
2060.26159554502,2936.62070109932
7677.53980499382,8198.07553414596
1136.84963397402,3688.10833121971
8032.46836168946,8396.56245971544
6706.79252345146,9114.2228617824
7708.08774949834,7249.18841821125
588.521476333805,3104.92845810667
1383.69815399906,9128.15958589787
845.286765153167,8936.71258522741
8498.36759033408,7777.81779626006
8514.83787822398,6078.28935131719
1780.76184340994,9090.28362793511
1885.45774431962,8856.63817377237
7784.13167059336,8110.26042551976
1779.36109230972,8160.69947469349
1321.98511148629,3740.91190976023
1749.44810692341,8695.851453625
1694.74125256288,3732.83606208966
874.902531408193,3067.7514841493
7263.16098931777,8177.18447871115
7995.76093426768,6925.14072368246
1584.80741217394,9081.61512010656
8052.2486034538,6811.94896569825
7652.36448163123,7830.14896727782
873.487784670412,3293.18301713664
1897.65579635437,8020.55887845452
1182.78355613031,8917.48925632888
4308.17581735375,8507.58521427506
1023.94744386001,3419.83227824686
1427.60691451777,8899.62195554029
7834.12431257353,7934.99026849803
7184.70636283741,8117.75966381272
1468.75814154614,8874.80193188864
6723.87617888671,8051.39868504217
8027.54260089734,5940.4801853415
2265.05022616363,3519.50812416354
8589.84125667424,6156.40742345624
1434.02545398004,8858.71511113595
3808.39129442718,8547.63082710742
6694.65897128561,8116.31187510562
991.155761012352,3325.53348070854
6320.96403166432,7548.26797659914
8615.11208588357,7536.92443498122
6941.98906977977,7122.29435054437
2776.77233354418,4096.41930412609
8470.13990915972,6880.84899752284
1673.873163235,8879.23169957586
6603.46058041526,7664.65059955977
3066.1926076678,9083.02792143348
7000.88735964204,7636.66156844161
1614.04570495433,9311.41275767141
1757.58549939048,8734.15786844513
1032.29268830767,9266.00311065562
7592.73184633584,7733.63126590309
757.756393337046,3015.19648616355
1799.76326110178,8549.59039202661
2275.98436665391,8870.9194238463
6699.39379860242,5652.75713595047
8004.37392288186,7299.18115388014
7898.14560870542,7216.97342725152
1802.92228383589,3636.99475481083
8321.33488167565,6950.23783017905
1208.24966922741,8011.4192995383
1947.04117359741,9332.76042968298
1520.67390838405,8855.79032923813
1116.93931352189,9059.92504856245
7106.60786495286,7874.2439937705
7025.79409705612,6877.24847493131
1732.59941564727,3766.35942687096
1397.67190666168,9236.904227561
1306.35991241673,3477.53711899821
1000.04024932269,3312.83258487809
7279.58061613461,7687.75838344885
8394.62699096909,7209.90183771994
2519.99203142067,9158.4224816564
8085.74767412558,7798.95277258246
1466.29850562522,9098.22354220313
1929.06905089863,9127.45662610522
1427.71245892276,3612.39709163914
1367.24746517284,9078.67696887798
1491.66461483205,3564.24337809481
1534.43310367839,3825.9165964341
1429.35364335314,8327.26000974244
2512.38295484664,8868.17141251734
1202.7984444575,3711.25909112216
8622.13434326893,7495.92971368399
2082.7318791062,8901.31647538182
1549.90918757287,3793.39221090462
1642.28887018282,3999.93077866763
6374.9053691571,7363.52991892621
2451.8512997546,8282.13908510709
1896.52836335938,7502.26658138582
874.167039668284,3064.95626384294
1403.81984362626,3546.90272486415
7243.45902350501,7750.84510717647
7754.45850112266,7952.16952781441
7284.59047693239,7297.96228768707
4572.68060933147,8227.57390956568
988.245275059155,3528.34199678616
6823.50129069616,8289.41584423669
7773.2006205399,7363.71701861907
1600.77721770538,9085.80737379743
960.722797199419,7787.79170308464
1024.88640237256,3326.00082617654
2227.3522295151,6410.02484540801
6768.03264565953,8103.08663729545
7333.47751895673,7687.17572270129
1738.97450385576,8965.17569732617
3718.78829955375,5738.92964364987
1024.44986913406,3215.2336898681
999.4929461227,3642.0375996875
1477.5246433343,3697.05606512448
7440.8541377225,7941.47068165907
1947.81945226891,9582.64753349792
1805.73313453247,8706.55615592512
7787.27240031644,8026.64622816183
7376.7545503751,7294.28309963594
1754.14298828761,8565.07144664093
1336.72007068562,3175.38578663277
1072.04137635397,3426.18099598101
7505.42718943715,6273.74298968093
7646.34113322795,7910.45201369489
1791.34301781875,8529.08967746751
1253.41883258558,3194.44209726642
1710.04422548424,3911.40908364892
1436.97067288028,9044.52080072839
7147.12567898648,7333.76587369214
1670.9556992899,3924.66005990996
1929.13300601542,9025.519418944
1285.24468762158,3488.62213683389
1404.3733890484,8214.37226295486
859.463802485929,3555.30815384732
1941.82880416824,9069.88289022639
757.667977214475,3260.77719637773
7828.65685631527,7206.36663161183
8678.77674856965,7883.07604687883
9127.09710213326,7921.80246537567
7200.91581475132,7757.40489449239
7309.40411474586,7404.47549519324
7810.70473398561,7191.78598982313
6989.74394594755,7475.23532034045
713.479746580349,2967.63747719981
7520.45128450389,7651.10697342714
6342.43256803736,7411.76562686317
1523.56813421722,8824.28098453133
1319.44188317636,3709.5664732045
7168.03540193014,7471.24450585535
1505.50289718851,9154.08772936511
7624.21855600426,7651.6867890165
1610.5991513711,3714.07912107585
2370.22629823092,3556.03530690077
7270.00930221413,8386.58571315404
1112.55866799117,9157.88350160306
1241.14246570248,3289.98448517233
1662.52480007285,3624.15573960377
1746.83174609833,3910.39679734966
1421.12495382484,8609.60363364613
7553.5111212026,7807.57475799245
1286.45416267704,9245.7861247891
1514.38632568535,7954.19441541693
1086.80275966786,8793.45826371547
1232.27020589298,3593.30403367698
1216.69768165983,3875.11873900782
1509.71349083175,3612.80842521411
3468.00200851486,9059.03784659406
1229.49454237514,9338.55029867039
1273.14416953334,9172.27288122932
7401.65895608062,7241.37552193457
1380.55771170334,4955.83490273827
1604.09960626024,9339.18190772846
1758.61723781656,8670.90829472659
1600.91462971358,8138.63424367336
7892.48823300569,6588.57071288399
1984.50459289776,7227.03679468708
7192.36629211743,7621.45895555958
7411.06172445794,7730.26184092137
1493.32386582837,9230.08966423041
1653.03693687213,3602.21279527322
3299.29618742641,9134.53150935802
7023.0627255835,6574.16768478451
7870.72728571816,5404.01112737569
8774.37284858476,7180.37431374901
870.464834318069,3239.92879874559
1042.25036497233,3184.2194972382
1850.38543804887,9022.51365610229
6578.5563445882,6653.96507035766
574.28809934214,8067.78903687365
1617.11974990345,4295.79260341578
7784.22567619157,7717.31741517205
2833.99815753408,2963.86914463358
7560.64611444097,8008.94771050487
1180.3356606293,3311.83099659916
1526.48230014719,9216.48929965484
8905.34735502088,6878.98657144658
6890.02920162867,8330.48762264227
1941.687806136,9277.64054746767
968.282087206517,3371.55200681765
1429.90298202111,3672.52248186689
4702.10163034872,4474.686157306
7358.33988343687,7100.8515966565
3725.50210887046,8581.88932351954
2073.54083990471,8675.79935838029
8804.12145895079,7139.95637769717
1180.62487804521,3432.85523617253
8198.73282967946,5011.49223602297
717.119188711924,3278.69603449328
6961.97562883768,7540.83462834671
1533.92022204101,3553.85108718799
8119.94343312181,7970.07393281193
1499.61151678397,8892.59328954488
7683.89343643989,7901.06244715889
7339.73772986014,6676.32618133583
492.973578002172,9010.09866341532
7515.6251797305,7673.31238319934
2024.8927115443,9247.85521090308
6342.90974624018,7661.23921744859
1383.12878675846,8688.93774313984
1395.06457647458,3481.7916745993
1231.23396410186,3565.43458438764
1534.78499205098,4449.53273508417
6736.89533002909,7662.99474314843
7512.73338642784,7527.94171842824
7176.42624497856,7377.84474680349
8161.25624772392,7448.7473970707
1949.5523297148,3493.14213571321
1301.27361054674,9314.89289764469
7185.79496966174,7445.40840968052
1171.22262860777,9065.09826897228
1480.35242630795,8467.03198095982
8814.82763533563,6186.10750609869
1062.54334378252,3365.98186673079
6389.01204231927,6751.27092685121
1797.24472288082,3915.10964021265
7679.06185188554,7299.70493973729
7056.07508746272,7890.6946905489
7181.14912839717,6802.37371789396
2151.51320352214,4184.06366455079
1459.6601026689,9113.12060113487
1742.18090706956,8688.09843495695
1295.87996354314,9067.23432084172
1402.83690454418,3430.35078715447
7525.49771985008,7067.93029707014
985.655484240411,9104.74784067143
1388.77317907873,3850.92374454881
7634.45939292535,7732.29838959172
1021.21481717815,3564.28904317035
1466.73979399762,8891.6055222724
1069.5078453221,7628.09587817067
1645.42932424717,9151.79344173562
7790.23797413714,8366.95166716824
7888.33771814375,7886.27782484024
1732.32984135529,4168.92563637428
8107.24827262514,7942.83570343994
1934.03663975135,3669.82043001541
6819.37634403423,7185.92307709361
1679.07169576914,7891.39286068363
1448.11425810256,7835.69560690493
7104.16135955944,7646.68666294751
1663.05544191225,8975.00680718594
7488.29625900385,7666.15359803565
7106.53331492938,7159.58027954664
7434.29830234533,7922.5729526489
7699.48037714416,7388.66373463397
672.680141108403,3082.63900938318
2387.47396366886,8758.43417396041
1438.66724689075,3628.51848203558
8385.06724571711,7664.88922947396
7590.00095730264,7244.59358322677
1071.41897901919,3851.79195124033
1310.27519824255,9082.41125281218
980.261247244489,3226.31134052185
792.201108280441,3358.6389125253
6785.31626507925,7805.31698162457
1422.35238302101,3646.34304094149
1410.51476890459,3476.44970295041
7464.40167767478,7800.03608635723
7339.08324342224,7891.97060974984
1930.86482135374,8834.29683629394
1472.3045611076,8826.49811783632
1275.73168131562,3333.31706828431
7500.55860228013,7886.44976826775
7824.46742043545,5439.31150253076
1299.76160692047,9154.86986526013
854.531243443742,3504.51773894092
1334.62703916099,8938.26600082325
1165.97107914048,7843.32225603806
7166.67383187465,7128.15700553314
8102.38955605486,8226.5179881941
914.690425112799,8992.09445679267
566.071690557581,2901.26157638128
7858.68071148062,7711.52707119306
7959.07962833172,6313.492042703
7208.29287777228,6927.24907477565
7404.04744078403,7316.47988500793
6698.61477946532,7472.60724906826
1596.33087658447,8334.0203764995
6580.45757679479,7013.13098141644
1341.35207824534,3541.90802639797
7487.98777835609,6681.97955526228
7711.39508523579,7574.82627453174
7757.00350789247,8367.7697505332
2659.25014894521,8418.15564125375
6960.85270341852,8981.870624634
1400.34958874681,8636.4445432413
1261.57616822266,3494.00363009854
6457.13620703092,9087.06526751324
7710.49282211017,7408.41642255533
7465.47750591269,7662.21266279367
6371.81378243255,8794.6232877307
1785.46792525334,3650.00675381102
1376.18785651528,3681.91919193894
1618.14843509351,8441.50012973218
6687.12095479948,8102.27269503538
936.518103393472,3584.5776817026
1100.83753180331,9424.26885190336
1838.20523374697,8411.11089737797
1776.33301465358,3585.41792585116
7549.85314106937,7669.74931814829
1040.47124502277,3276.12632176881
2225.93054196058,8869.01876618115
1565.07343222718,9107.97367990633
2468.95090905083,8652.38522188813
859.984304054766,3371.52992544903
968.800803564015,3336.24799501534
2406.84994465428,9222.15547989204
2924.87588538366,3645.76165852066
1854.2691793779,9308.08473708278
7179.82151349942,7591.68753071309
6297.54875182238,7220.36702014594
8130.10733000048,8334.32871836625
1724.99179535512,9022.713021255
931.82280988576,3506.44933716219
967.362306470901,3385.0242943277
1110.430427107,7622.21141617825
1570.74368767125,9393.70739184777
7727.66804377231,7535.03166787874
1359.17892799857,3487.21742159668
8632.30304236349,7199.13267641545
1608.08396798028,8269.42548149392
7449.72546309313,7580.55254057501
2399.50060230125,3859.52892391516
1150.83275273624,3702.51374270727
1839.51641388211,9386.21913224813
844.512216602834,8944.14123053667
986.157063019678,3531.55604855884
3113.70176830085,7760.28160176173
1686.83917735704,8743.14701181873
1418.61669789589,3499.1950948495
761.161767786712,7874.11173211066
1635.52209870982,3581.45729993423
1283.95423640837,3714.40128620528
2252.7562786192,8528.56632916246
7827.15261088382,6973.03076727736
1666.7245685078,9467.78396649479
1976.11295069481,3852.54869379431
3149.71172501325,9069.6272591135
3769.69687601602,9051.08696929367
7835.24096540793,6955.97205964121
7283.95528093289,7410.29259887311
7376.87697746095,7672.57466283624
6576.47758807635,7718.83414050679
1741.38789968937,9151.79719508991
7842.76674168726,6258.24346203944
1209.40964454827,9375.41596305372
7590.41722830357,8653.9975033721
7558.4137211415,8027.56524175112
3897.42281834449,6874.370711401
7248.69605943203,7805.72859890589
1297.21933385199,3900.3433984036
7731.26617502826,7759.79474267877
6947.13862709413,8078.89814260548
1406.1136249317,9245.39165469833
1270.29062629723,9266.29422236723
1402.05844681952,9058.28982609162
6264.15251389287,8033.42964359457
8416.87042213401,7625.08292799967
1794.15917411179,4097.18868876669
1819.67241746113,7352.94103320252
6632.83900594806,7874.23157426045
6472.93005458532,7617.50352558336
1614.76719057477,4050.55012515563
7362.91671747315,8473.52089739783
1054.02935618518,9041.14183162641
2768.40876871976,8230.03477682575
7400.40604335423,7198.66923797185
1627.48814631407,8867.4601632559
7021.49131050025,7573.37029941355
3397.83648463364,9391.73574009568
7252.6020055467,7568.73424837497
7372.70633847559,7679.54972831927
1959.63048694517,7871.05318929996
7843.39122215816,7165.3978537256
7747.52757896532,7164.68330980707
8332.15054045631,7494.20769299097
7140.2634243905,7833.82405039349
7463.54244663624,6783.35125695382
7862.0621311168,7700.89214111874
7180.30451999538,8616.61818235154
1515.88353149168,3517.91232474278
1664.54281581048,8931.42886694257
865.727886522576,8952.6616669927
1499.8925207163,9116.5976586102
1037.86893687614,3139.92086874032
7818.90216921712,7847.64114747007
8688.79289784162,7974.40337308474
7519.59586162188,7736.89635955252
1764.9897988844,3847.59619707418
1715.01488678975,3583.71045190149
707.780932917919,8898.03505269179
3179.21316547857,9067.35229701375
1433.66479756043,3804.65845953605
1374.49401552877,9089.09374797269
2005.03162089585,9298.67649994497
8092.51460142354,7513.59843824987
1213.01731628083,3244.19402247702
1361.72309210438,3514.47544377091
6958.68597828825,7180.32862764834
6713.00693880047,8392.52982898478
1425.31841142541,9233.27209517491
7278.92387524273,8016.70477782656
2199.78756088489,7956.39015821021
7437.73470269031,8206.50416787375
1554.22926155444,8252.59877080861
7105.4628494305,6849.69719198331
6893.15530395264,7286.58375988219
7297.14950769684,7975.99887623262
1764.04475771295,5997.53145009783
8512.18760996762,7563.535491441
7190.82925068978,7269.25816264021
9077.44340736588,7990.85461152507
7936.58660791112,6782.15106343799
1622.66362065374,7737.40926507393
1831.96278014009,3733.47948753043
8174.44551469616,6926.55593753514
944.661372060312,3357.91474736925
1292.84094716417,8943.65863877379
1085.42046859166,9131.28386008428
1474.17885431625,8800.27377763757
2436.03278016994,8903.73311231935
8742.20521746458,6059.64294219561
2047.90271368834,8267.72515095711
3104.01674811896,8770.41828057534
1540.79475290869,9013.59665368355
6988.80556839966,7690.71602748267
5228.19980343756,4404.88988859256
6508.63941784322,7783.57495154327
6859.87070299014,8494.84989215714
7469.73172414833,6932.16279285037
7969.99997602707,7776.42983484795
7574.86400568595,7034.28744740115
1239.849455233,3396.89498313206
7540.38070882543,6404.3109965132
1445.49580677707,9033.76362362009
7466.69276307652,7829.42554299696
1083.0525233789,3981.21321124697
7487.15190195579,7544.59791941818
1484.94470900875,8807.90652810952
8990.18207117409,7572.3179426852
6841.7353946734,7903.70614935933
6759.56562179901,6724.14450104282
7560.67570817254,7675.28650941446
6420.81401195051,7868.83063063367
1413.36353849099,3516.60910260055
1847.51080922694,9173.14715845141
6104.09119885074,3630.98366498087
1308.91505480647,3367.09856350854
1621.23442526804,8565.56639124424
8228.05900134645,7742.70050001079
1016.94436753938,3443.09780353296
6332.64771906395,8319.00111489359
1909.0501985429,8324.50815448313
1472.20117340941,3667.90713490515
882.760373108681,3301.83925138057
1694.1962102402,3392.71377599662
1667.18157704581,3961.59217148294
7615.75049535269,7221.6931666799
8097.99706618859,7387.6197053459
7741.55493261153,6762.60934698818
2208.79718217886,3806.49645608397
1434.77598705846,8813.21027880862
6646.25725904749,6856.81601828629
6747.42789195049,8195.72214406217
8313.98723378385,5911.27064802223
1799.02288034831,9030.01106141644
1798.16703123289,8737.33608188315
7351.86607138281,8412.48006530378
992.260867713559,3302.75515951968
1586.16190753606,8093.16088115296
1872.80640581376,3674.15089297595
1971.08321975417,9055.8940733958
6154.36560944628,8139.52110884475
976.506319941782,9132.2895024089
7077.85082311039,7790.86308214503
1540.47146763339,3664.6398178155
1655.02392823503,9000.47416901378
7246.5368211534,7493.8762836542
9391.98289772515,7965.20307520254
7128.85883196807,7926.37682237711
1198.60740431484,3423.72279114798
1201.04227182391,3677.49170144376
7082.65650993713,8450.32143333269
6411.83728875206,7350.52112393824
2072.87908020742,8431.54084402437
7529.75654270937,7443.00153867446
1325.24067130695,9027.06393405581
1055.61418825266,3343.87277269835
1224.51116227334,3686.97534788639
782.597476490037,9236.79767441746
6943.29664349018,7537.17346260342
2122.98505619006,7452.35712348312
771.553389134817,3093.89716792778
1609.49431169685,3660.24328340761
7403.08059696389,7651.4344819984
1394.31561744773,4187.97948600174
7054.12367108528,7443.36012521514
1145.37261633759,3312.84805640677
969.067369987644,8715.43756908897
1813.61905867999,3850.94736041215
1963.40209250587,9052.8043691406
6666.40915977809,7021.50468506532
8841.06037885993,8227.81010457871
7458.78979358218,7958.71954883517
6761.46466191152,7309.05991637302
7095.86276529117,7648.85983013896
7583.70352110687,7631.04001487688
2346.57227647639,9529.82930879884
1583.84637175524,7572.50976186387
1396.18798059609,8994.01603190946
1982.3094848015,4245.24922013106
1524.34703676146,8938.73447527211
807.034956380752,3409.33316820589
1528.60850511982,3731.92413613454
2083.64923947201,8801.25158408352
7749.72839978646,7685.89117627671
7452.30599681277,7697.02993260443
8265.03272544827,7613.98340906479
7948.08421613171,8945.80164537186
1343.98774924922,3532.62130180342
2221.80334242623,9862.68480559665
6012.44335894466,9129.79134574844
7859.3951176832,7647.80249460846
1754.00599025625,3890.55642411822
2077.02498010032,9004.19267564852
2128.50891020399,9021.67242074712
1985.56612341847,8625.43576644289
606.341323022706,3450.70893029326
1311.66635436432,9035.92296467601
7951.64818022534,9287.26631098104
2933.36677107607,8954.49563346655
7843.37348214642,8062.79544138797
7170.09597177203,6501.0728445771
3695.06625081239,4220.9014873591
1537.54646317746,7480.53161101229
7338.0067116767,8072.2438744561
6450.55213639212,7467.95470110075
1350.24512066518,7733.46876548362
8098.99783265968,7261.75805313559
7134.18538125793,7519.69364487274
7745.24744554362,8325.51285863903
1118.4579923179,3078.70408542266
1988.14412007625,9039.31315256843
8614.47151132656,7347.44977686953
8357.17988719902,8036.09004360844
1254.29895228,8852.86491932724
2167.60942361591,8645.58997011819
1325.88663540456,8753.82422284711
1791.34149979532,4160.64326567258
7753.14668846598,7091.75833749175
7788.54998189513,7444.50728544997
944.218963994133,7803.8330301023
1677.9762918582,3939.15924758556
7461.50567887176,7164.9740384443
7821.4647931567,8100.03888251293
1844.74638808979,8226.80497850552
1859.48075723734,8857.04326504922
1820.27520433124,8298.26910636655
1280.1028570213,8742.08254479422
8189.94826388143,8228.00851137484
6899.95096242865,6881.97237531872
6804.22900476339,8233.90674306227
7196.32784003886,7753.91806700066
2827.7424379315,9504.19302686761
1864.81830844881,3563.74125987436
1049.47823920193,9126.48549073161
6752.36103648014,7734.13928956478
8345.7471073046,8029.53783580217
6696.96809669805,7653.35570321082
2491.34653163358,8404.80916631603
1265.32333576941,9276.95738473334
8395.46086790837,7630.89093236114
6640.96000725656,7594.20831411365
1269.09223565242,8570.74767673471
1035.67825333885,8736.7449082822
2642.7183172277,8285.17893967227
1647.22350791243,4140.80845639625
7578.57844636252,8214.58014405137
7887.36773160179,7143.3377338649
1734.78084473855,8796.20054819902
7706.20138781449,7361.32302571172
7575.66782629081,8116.85536344999
7553.97564172124,7416.74987302193
1851.54995770049,9393.40171441094
1955.97989928078,8845.6579183068
1530.57116348867,3415.07674030233
1396.43733756897,9212.89239319425
1904.21635431859,8906.70937490317
2170.94834813805,9206.08980490483
1527.78254384851,9121.45281600613
2552.62196232639,9270.76636267905
6720.38255717246,7519.16477493646
3511.90938660129,8996.94230693965
1401.15062009936,9243.84889048951
7196.65351690181,6732.34178102387
523.252652684558,3365.6430298477
2285.03953332908,8029.57668567195
1098.88188033878,3261.2824445762
7537.93954183463,7458.30540011922
7201.6346667873,7743.28681207136
8280.57396000816,6704.69170733594
9584.17785477363,7326.41520820759
2106.91996198016,3394.47675757345
8106.38879412874,8089.22203872776
5417.39816223117,7555.54573441916
1529.26284041161,9120.93241243728
6728.98681462412,5032.46102902724
7186.71944333458,7287.13889190444
1180.58966165642,8909.26782477636
1378.75762931112,3529.68912783889
1295.23090968282,3372.5799889716
899.692465643596,3174.65772147908
1298.29686324018,8922.05420833976
8361.7797218575,7696.91320673269
1450.27040929771,8674.9074559296
1018.14414031665,3191.69408983712
