"Marker.A","Marker.B"
856.959036289284,677.732456370847
590.222677154463,361.039580545663
2248.89378518714,1335.49474671442
593.228496484021,290.254639829566
241.968446621204,101.06359325542
6325.65622475902,5275.92382230595
2549.08508807685,1648.71103493162
2155.3226053729,1345.52025516536
4805.28306278132,3343.87089732343
8635.26770529011,3418.29412739672
484.658288752513,142.82306998856
2253.22217706424,1435.22430053887
3536.82730570772,2167.28854464383
357.572253520061,150.66560482518
3281.45278708554,2013.99528639401
3093.82962883233,1789.9575128654
2778.33872361899,1905.21043461388
9852.44389558035,5929.40101629549
5512.79284065784,4390.88972344958
3590.99196530309,2378.47102911036
232.650414226164,162.429407080111
3579.44978767323,2496.51330603269
597.556888361131,26.8829158059417
1341.25662258262,660.26866745631
2061.33068912906,692.932420796462
3340.39683188291,2398.52204601223
2242.49136593009,1301.37567763139
5219.06432028395,3863.05478859518
844.214410502138,411.571377173373
2586.89807847687,2248.8266516823
2734.57400622316,1858.59990540448
4267.48165157094,2268.06915983814
1109.17735429634,561.549749564416
2509.94922406564,2161.83111060804
293.277781071446,30.4403542885325
2583.05078628813,1726.85340523671
564.7934125094,361.080005982965
5491.75210535093,3574.94269694262
2662.13388080626,1982.34216898641
635.159661078178,288.678047774782
8101.55473823992,4574.09780530301
2856.03933392625,2531.76428736018
3879.46060291389,2536.33236177532
479.187699078035,39.9807574918442
3236.93661485733,2244.37985357907
2377.99378560439,1735.22147075826
2430.80606735237,1824.44041088414
291.233822422028,164.65280613173
2893.58196918225,2106.24613431756
2469.16021963589,1289.24804644074
1024.50343281459,503.862650534222
3256.26399701876,1972.55921315929
3301.86249301397,2357.32852540132
3465.85998359213,2469.06443410452
332.864412609819,41.8807530450461
3706.35533525663,2524.24515602198
721.817441381252,363.667233970303
5990.41765255011,3829.25912301056
2949.1595204156,2282.90529532803
268.32946558293,98.8401942038008
2892.58996450568,2499.94946820337
9533.16591090521,6546.616593025
3241.05456325374,2457.09850466307
3061.12629044165,2660.19590166917
1257.87524255086,887.338348782588
3496.51909990271,2236.98199855277
169.227615082598,6.87232434136856
4592.95191308605,3387.77292223359
331.782314640542,5.45743403579268
988.854412555392,419.737315508411
3221.15606337715,2152.89708896426
3080.06289200514,2521.29409909892
3171.86080701058,2836.97633899155
319.428394185421,56.31263416192
2768.08901217319,2607.80453492556
393.762322763897,95.28275572121
4197.53644049539,2896.76556076145
3890.3416448018,2611.11942078433
477.925263991529,8.61061814536179
671.469967611151,104.98486067373
600.743044807917,443.871301577805
5912.77695390616,5559.95294479098
426.64599827181,178.033625878748
3191.21829553548,2244.62240620288
5096.42665078707,3049.69499007555
3391.64629230279,2244.58198076558
3426.72411958091,2792.87218689488
339.387031523052,180.014472306554
166.221795753039,45.2764897784282
330.519879554036,156.891122169714
3049.43358099439,1840.61058580501
2831.4517679381,2583.18544360854
3597.27426016987,2717.39789545173
501.46083837388,381.777829881675
407.288509746909,136.395425457515
972.953661419029,725.879152197729
2284.39249942667,1572.22610755592
597.947593693155,369.00339169419
763.778637072977,567.128459912115
385.406151048998,199.014427838573
383.482429688717,215.750558881671
2757.47832542931,2565.03442225986
5817.22176473878,3649.48720332782
213.984280705561,27.8127008638916
3059.17238745198,1914.87211412909
3145.58969317678,2407.09223872029
2421.39782876576,1484.74546123403
3703.13907244637,2556.3833786772
3730.91309594494,2553.95785243907
2667.93507598467,2302.30950523307
3728.02740100566,3292.28803932587
2228.57454888096,2027.09312807991
2790.00132670276,1843.92547166379
234.664304145059,30.8850340988564
2241.9503545784,1437.52855046509
384.92520189245,243.159005372541
1215.40299133911,569.392284401036
625.030074022657,288.758898649386
264.30168574514,82.8721464694444
7739.95443204315,6552.47828143381
359.045094454317,348.709822168501
2428.16092225726,2190.73529827909
2873.29268870773,2084.90150342201
783.887580430267,380.645917637214
7376.49054194714,3301.38376271885
563.891651657351,293.205696752625
384.92520189245,178.357029377165
2423.56202470431,2206.37994251503
3861.45579330002,2930.07612109844
429.11076861673,225.897343644515
2775.36301065291,1532.60917899979
248.370828245299,62.2147480080366
327.814634630843,122.448649588267
3095.8735498488,1945.15076666842
2416.97926833004,1260.62683683081
2223.70499512035,1698.03006844027
855.606432644165,221.32926922937
2849.48668391545,2410.00287020605
2350.55063104043,1711.53216449919
3885.83291580746,2619.28535911937
2513.61617913715,1734.41296201222
146.864326044616,5.01275422546883
886.776755006593,68.2381381660596
2348.3563287384,1362.57978970688
2607.96892014726,2339.09665317805
222.190165217278,36.9084242568794
680.337119580166,554.515723473839
2393.35345012316,1408.58393735674
505.278212363919,263.250447711718
2800.31125087551,2507.34732322967
6858.79837515768,4716.71874810506
3442.65490181485,2481.51546879358
3065.0940080843,2574.93865439889
2874.88561639931,1620.93875950503
3786.37022172438,2502.73882337722
4855.81087366865,3557.39805715348
344.015997806526,16.5744292938889
5965.13854339289,3994.88213963755
5098.8911577013,4609.18708488129
895.16303308497,250.79941302265
4027.88798549257,2993.09937785252
5435.90359684629,4129.45842041646
3082.43768195622,2484.42610027934
268.960720759137,18.5957011589973
211.970371970189,36.1807663854404
4988.00641037863,3630.72980041962
3301.62194316979,2999.16319344785
2784.74114287604,1504.23052201367
3486.23928209344,2708.74685186907
607.476031935946,98.3146635188726
2763.09918349049,2408.74968164968
195.167841165299,28.7829113591436
240.946486112972,32.8254550893604
3278.56739320989,2413.92413762436
3798.81438600403,3176.55001232976
2062.7735365987,1002.42956878186
650.880075097313,91.0380848044824
3505.92733848932,2389.62844980576
4935.43497953847,4097.56275038505
8363.54151747258,8793.05814390647
6093.90767487553,4524.81919723167
2667.21372751576,2363.47319187125
466.713541333777,293.326973064531
465.721649556068,72.1998310216721
214.194686553312,12.8148636247873
417.989214517592,269.43553961895
3061.36684028583,2687.92775165845
3990.28513750962,2592.03861437771
790.891148500047,396.452263622362
3268.82828568867,1798.77025819727
3684.62335784429,3134.58840841011
697.650611822695,138.740100821041
1335.39536520908,488.541409796701
615.892341111891,354.975764950337
2794.99115538547,2398.84544951065
276.565437641647,54.8168929817398
699.664577007498,580.953959469457
251.346616477289,45.963722212565
4354.65041212813,3355.91767763948
3252.32638573958,2013.7123083329
2737.12913329147,2200.76080673003
253.12003181791,96.2529662164621
2979.81893778982,2018.68463712106
4297.35950774929,2588.68330308163
1407.14424852054,879.334112196759
4449.51405812644,3500.72159405584
3042.61057583957,2024.62717640448
2403.09240711257,1428.63495425862
6349.34210516103,2597.61732472541
3317.01171405204,1828.32125286515
3206.87842156175,2065.86112245269
530.406864969662,211.344186215734
5943.10550234577,1994.55065105167
2413.40233128532,1674.90671830343
2320.40226918624,1514.86241202414
2927.33722391283,2458.06871515833
3621.62127631384,2265.15852835238
581.896536537132,255.569614624306
4061.43279674244,2554.4429576867
337.733853471567,111.089101706358
2751.52689949715,2474.84527163873
2952.46580125266,2612.57473652721
355.919037835622,24.05313519479
668.253704800887,270.405750114202
1169.23360342646,653.719746613359
4222.60480510827,3177.92447719803
3342.14029139187,2724.2297943558
3091.27480282766,2101.96103796353
692.180059781171,543.156175591929
4244.96811296273,3213.70098921045
3075.5541630108,2344.51366177654
225.827183273612,50.289244003897
2088.17261961438,1437.81152852621
3122.35480609966,2426.53687406264
523.974414615044,199.863362021919
662.813183856932,358.411927121022
2238.0428496627,1170.23555902316
255.524702334739,31.6126919702954
2780.47296372588,1532.6496044371
4384.04746968175,3321.03052524771
3148.74604432373,2105.1950729477
2829.82843281941,2425.40496181817
1037.1879964066,618.711317909681
3408.02776679797,2303.96694816246
3784.8673120596,2712.82982103659
4595.14606485627,3363.63893616419
225.526608867247,76.4849273757019
239.443576448193,105.631667670565
317.985621981687,48.6722265118103
208.002691960491,76.8487563114214
285.733164017027,110.280592960314
3229.51238562387,2156.09069851113
2827.72429907599,2565.88335644321
2678.90643696302,2148.0864619253
3410.82344371046,2251.37345423234
1244.7097298023,811.29810121721
3590.18059880738,2359.75405163945
3550.26317360031,2348.67748181866
3029.05428249308,1885.64452295963
2929.41125129277,1778.55753954618
4068.85732703954,3300.85823203393
3894.12902532723,2559.45571191216
420.453984862511,84.3274622123225
780.611255424867,424.790495171182
3432.49520839585,2760.41056074124
3109.88053545654,2111.98654641447
4911.29810581157,4318.24521261759
3915.35009775136,2764.93820971908
2986.31137507367,2513.65369144881
3524.65379763574,2767.84884120484
4578.6140585437,2979.92068529201
330.00889929992,143.429451548092
2856.85070042196,1819.62978384519
1281.23040455007,1150.02284037208
2963.10659436003,1937.18695551989
3405.44283442982,2016.13783457103
330.339542436808,199.863362021919
1876.65313747846,1324.66072951744
2693.90542724733,2531.96641454669
2077.74242051954,1419.57965630293
373.53314211747,49.5211606951558
457.245240552032,299.026959724137
2393.17311300593,2254.08195853159
173.586056873753,19.6063370915515
1708.59776069903,1025.22951542028
246.928056041566,20.7786747733144
1014.91485711075,338.967291778679
4955.84438440326,4017.07570471644
1032.1081496971,546.309359701499
434.220646423797,157.497503729247
396.738073362933,130.655013360607
235.175284399175,98.3146635188726
2821.56242966313,1926.31251288561
569.572722445489,214.456944888001
557.759813342052,72.1594055843699
292.135583274077,81.3359798519621
378.372514248695,170.43364366594
382.791074684419,25.3871746257615
3477.97327893716,2802.85726990852
3046.33774363804,2805.04024352283
5197.06138560031,4638.89978129838
2844.37673084247,2652.43421770715
1574.71867614342,1481.55185168716
2954.32968621553,2470.15592091167
320.209917748333,113.959307754812
6299.11505684484,5045.98393493122
3483.53392427138,2987.31854031831
441.284314321668,257.833439113228
389.433930886788,37.5148058164119
3583.41750531588,2340.83494698204
353.033455795201,110.927399957149
330.76035413231,89.7040453735108
3189.56485405331,2488.26651682305
3571.42433436112,2175.00980316855
2631.32423267829,2277.44786129224
387.269734948233,61.1636866381802
2773.77008296133,2597.29392122699
2953.63814304646,2644.30870480941
2020.93246529725,1285.97358601927
2685.69933575436,1586.7792649847
2941.97553996269,1981.85706373879
295.051234045021,164.612380694428
439.39066169191,269.354688744345
1891.62217193111,1053.32519434529
5120.65324147712,3604.73624423432
376.719336197211,104.863584361824
222.370502334506,1.98084642780623
297.75644133526,173.465551463603
496.801803359883,5.82126297151219
3057.27869718927,1701.22367798714
210.377293746796,7.15530240248374
217.59124884785,9.41912689140515
3428.91827135113,2582.579062049
2931.75593488037,2222.75224462241
985.998899245494,332.822625308749
4137.60039102145,2965.52922961244
2739.65385293266,2571.42164135361
3137.65455895511,2355.0242754751
2790.9030122889,2559.37486103756
3269.82029036524,2482.72823191265
2581.9985688846,2370.54764339913
1063.18830350091,418.160723453626
301.814327536527,8.44891639615311
190.088013272278,18.3935739724864
5365.50769350949,2766.51480177387
2718.40267414505,1864.29989206408
320.660798174358,61.1636866381802
681.299017893261,305.333327943275
1196.7969576466,584.673099701256
3794.57631321735,2952.26968617733
2926.43553832669,2714.56811484058
2298.18919208553,1265.31618755786
2732.40996081643,1911.51680283301
5520.78788654283,1871.37434359196
2807.13455709397,2617.9513196884
2980.57039262221,2169.35024194624
461.874169202552,165.744292938889
578.469905512072,215.346304508649
632.093704287574,184.339994097886
2634.54049548855,2355.54980616003
604.650624989525,152.363473191871
3469.5871513906,2583.67054885616
354.716740210162,167.401735868278
381.708976715141,52.7551956793293
279.210545103795,120.467803160461
2146.87626509938,1181.43340515586
3744.73974443545,2442.38364548508
313.957804510943,113.838031442905
4571.88107141567,2518.22176586395
187.923817333723,9.94465757633333
329.317544295622,136.355000020213
3181.59961346816,1880.95517223258
2969.6893507343,2640.3065865165
2691.32049487918,2337.68176287247
4661.18407207975,2749.17228917124
4021.78602774302,2888.68047330102
3994.31306787922,3478.60887985156
382.881243243033,38.2828891251531
754.250198830186,489.26906766814
3921.9930668526,2320.90520639207
6035.62476582012,4180.15191879338
238.090935170119,38.6062926235705
368.242927193175,32.4212007163387
1825.01319752428,1595.99626468959
544.534238398359,300.280148280504
309.419044419037,17.4637889145366
343.294611704659,93.1806329814973
1867.90618516562,1472.37527741956
6244.79956436845,2162.35664129297
4610.80649194617,3845.83355230445
375.967881364821,231.233501368401
172.654264924135,0.565956122230352
2863.37354513292,1932.29547760633
3639.38583714716,2398.84544951065
578.019062719002,234.669663539085
154.378874368512,28.9041876710501
312.755506885483,23.9722843201856
3676.0568931805,2291.19250997498
894.321409693966,181.146384551015
603.297946078496,592.677336287085
3612.65948360539,6256.49290016993
3967.02533987579,5673.85375703719
1127.95665271479,5057.28639990996
4685.56471179293,6684.83385329144
4078.09232618456,5127.13236185934
8412.50571997127,2790.09764686872
8257.34920228757,2634.32178917961
4040.89580093618,6756.49851567941
4230.98195615811,5509.95125568871
3666.40280569287,4747.21214078201
4282.09215378559,3755.27110224627
4288.20350344039,1600.32504727949
4057.84141845738,2620.28426338102
2905.2609020079,3079.99642478858
4101.6234754993,5714.82969951576
3842.05131383248,6778.9470552943
3858.64629864612,5922.15182384375
4333.12574074231,2340.33125241438
3996.99165107372,5920.16271273863
3931.86703033134,3522.71551361412
3182.0756111954,4601.95036750471
4476.03831520332,6948.41940602132
3463.66738082543,4641.22135760746
4663.20454165851,5010.96852703366
4501.44436378385,5523.4204640287
3165.54238936599,1171.81368349144
3796.41699439585,5193.68258997512
4782.60477211751,1704.15662582383
5643.74902434741,282.226450108341
3895.3874569432,2600.96146978846
4582.20883504502,7347.94657942052
4450.4098475869,3263.56275249031
4792.9858514648,6330.8858246434
3808.85055601796,2450.75525005025
4240.49309999492,4003.96665298965
4179.94959518872,6012.68471042845
8780.04363996533,5971.25462140931
3513.91877819712,7280.88511930515
4155.42895884367,3575.96694405644
4109.04372946688,2327.82826832507
4720.344231923,5038.2477650467
4230.86560282205,6783.66400562967
4745.14345806486,5561.78189248452
3501.28559761336,5286.09083960216
4267.63096193086,6280.70347761964
4120.48211818974,4644.29001817077
4493.11587480521,7238.77296476463
2692.52940007231,2539.69693232191
3715.289306262,3959.69497667748
4101.17204735808,5907.60306604557
4022.26647792394,2362.83645463303
3860.11099298497,6084.34979567167
3655.02191957065,5476.36344017201
4064.21381293201,6478.64836388066
4479.90194078146,6750.07661296823
4874.76450492711,5310.1305835301
4014.02968443676,5801.66852261952
4167.93105900406,5557.00785669014
3895.89083734581,4822.11672011033
4232.18038342042,5519.49890442222
4404.65158712669,5016.99252295277
4263.09346966337,5231.8165223054
2978.39856212394,168.903938291155
8535.51184760093,2002.7506820031
2756.59658794301,1988.82690426729
3153.08149907107,2076.00676013174
3509.67086427526,4824.84455934058
3077.85781560338,4498.00535803904
3972.44965260626,3009.52505992158
2260.37423895632,115.709434737123
3917.43569009127,3953.95471663242
4098.23776846511,4586.94704031069
4434.78827395709,6337.47813802112
4164.88521525869,6231.03236259548
3997.69324013529,5230.67988738819
4581.47951737962,5291.88776225098
4029.41360819899,5184.3620145119
3336.84161253493,6616.12410340402
3986.17513149468,4800.12274989127
4074.40424458964,5528.93280509296
4102.54071965426,6307.86896756991
3870.14530163471,3745.26888411693
4313.05721488356,4514.0886575465
4362.65504713072,4856.32909283413
4633.74666938374,6160.56099772848
4437.66652602163,3427.06776990198
4887.68640119838,7150.68375868088
4150.19830023408,5881.11921876143
3910.54952612794,1588.56089702914
3523.07422604676,1058.37758218221
3316.25137053516,4880.53967028385
3910.21141449796,6020.24324805685
5045.18948254776,7045.48794337997
3167.951248216,4995.11230079649
4202.303103941,4733.23170044243
4003.32222169957,4873.43570205129
3273.24447284557,2135.96425201455
4536.88319015309,6776.38962673058
4705.96021034907,3354.49354586709
4385.02145445252,5785.18731631998
4021.82123237559,4992.95277902484
4362.81433088637,6034.22411125167
4421.60844226105,5328.26007960169
3776.96664186913,4723.74071431268
4553.88466317019,6376.74912812386
4433.68164222617,3781.47036794585
3529.33950320533,1607.14485678275
3896.08595336566,5374.97585927006
4074.0571247354,1395.78763621314
3925.06917737916,4940.44007670765
3999.21415167866,5546.20982497665
4341.85451801469,7033.38286608274
3109.91910242741,1865.95658514587
3571.08606519134,4834.67636680339
3467.93887451405,5385.54639485801
3963.90681582614,6302.92452110899
4943.15751942061,2314.92737744369
3513.32212994475,4609.39557992558
3904.02993081206,871.344264269829
5121.42800222806,6634.70816887145
2863.12093328451,383.386931311549
4363.28545894607,6856.01115639427
3140.96017934341,2511.22418536028
4191.16865484165,4356.26681472089
3865.65125696131,2624.54664432056
3580.4040981352,5503.30185685198
8214.88940667203,2689.56233072705
4045.72144563601,5538.99210868132
3611.44221871684,5623.84182067997
4044.37975151045,3473.38564277827
1853.77994054848,421.236889911703
4060.2522580235,4344.84380294503
3643.38528421234,5979.38147649631
3528.3557820728,5753.92985609672
3790.21891411262,5208.85675069092
4124.29170094067,4079.6099604431
4703.35224575172,7022.18692757718
4255.7572701341,4526.59164163581
5175.17211846632,6395.78776298712
4468.34274346958,6280.36223343133
3486.79010260461,1772.97980663259
4472.07104870797,4791.14341861636
3743.83317186176,5503.75642624782
4688.07259348591,6685.62924402034
4035.28327399682,398.447343964577
4719.48777527347,5865.88839544187
4590.80731180172,6188.97687065872
3717.97714062125,3778.51545544531
5014.16044379105,7814.76270906064
4460.55240266334,2623.06918807029
3923.54241079737,5747.45086792652
1916.37248686264,268.529983498892
4063.47553165003,4726.18439481363
4407.78056374133,1389.42250181953
4497.74217866268,4844.67858493274
3701.91244694317,4205.83309885714
3470.91489785636,6214.6078188997
4066.58055099022,6509.28042118631
3749.17405757981,3758.28310020583
4291.07887910824,5829.34566742463
3669.61470446609,2694.16553299965
4453.76256769371,6108.84410899544
2018.27580729208,6481.66036184021
4670.52418211092,6174.03020606847
8458.6434566439,2729.51496349592
3770.00684251507,5853.44207395632
4085.08541178938,4647.35910158934
4624.79875191797,6050.19366269637
5128.73856400557,4294.5477078585
2878.57481674383,1133.16809630632
3418.12733553397,1782.86869955442
4169.95771060684,3886.04078032914
4028.30876825169,3437.58164288617
3405.36763081598,292.79714426701
4239.1843665234,4282.27179703949
3553.49895359573,2513.15642243401
4327.46342744254,5219.14312754957
222.898268659804,1252.96943772298
3203.79319567289,220.166178343002
3446.47968541022,3452.64205553919
4036.42021362404,5785.13065371622
1296.86237711708,2608.17918608379
3372.53944591625,3662.57869388992
4175.34154729903,4692.14243275635
4492.88665016858,5287.05706385284
3128.71489374748,4105.18424608032
5045.51971661364,7066.28861607806
4237.25455891026,4932.65446580897
4053.24761456184,5894.07677224657
4585.4823228379,6975.07366397199
4167.09287006669,4183.55496990878
2648.40096329516,3873.76529236538
3982.82979134814,6436.99077873598
5028.22168537914,7153.35451245212
3343.44269635597,5540.29915426506
3041.94016738565,3408.54057846593
8648.53298555624,6201.19569601873
4274.72329253252,5519.66931508875
4034.2828515119,4992.2140508997
3220.12674331817,4216.06281311202
3206.58745042839,5141.90861578307
3969.34594210644,5920.84477826001
4701.77144608509,6055.82017467866
3310.56261586296,2730.70847244452
3918.08989452024,5755.23690168046
4449.48561673412,6376.52163199832
3685.34580556768,4060.059670725
4212.21770201057,4888.09820791225
4135.58154212891,4133.31596028126
2248.50634055162,183.850695380998
4273.17768243311,7726.2185107258
4038.83015395073,6039.73687517119
4177.66435384883,4931.06283864067
4355.01029563284,6329.35128293412
5393.81319504658,6453.47198503551
4227.56069707132,4518.35103848604
3566.67030875508,5650.43941602688
4724.3705225428,4685.09512712755
3701.81872715366,2611.81637553334
3232.20876270288,1176.92854061889
4301.66646989311,3545.22113868802
4558.24379111247,5797.51988974276
4184.32756318859,5391.28665490307
4013.89165090502,5006.64906063511
4541.39937892265,2737.58515597916
3123.85537218593,5749.49706449065
4203.31161751969,6095.82947005129
4142.57544565798,5977.50611345396
4629.54738198743,6555.25747272954
945.158057321825,195.387534504985
3263.07581151104,3289.19391215892
3440.77275377007,4383.37564206739
4296.12597176593,5644.92665210736
4194.47428908087,6239.89794580761
4914.59662907348,3751.69078682811
3859.3627829253,3544.99364256248
4131.10577976837,5555.58706304363
8034.98127925997,777.287777727635
4385.72648044317,5042.73721925652
2052.56177730236,1294.96805562835
3675.92525038256,900.612613387978
4269.8444901022,5564.50973171477
3851.97155354521,4112.00405558358
4360.56402309432,6702.28128384166
4643.90541942898,5217.32442711098
4760.15973057825,4117.74389277339
4294.64960992019,5698.46224127899
3793.84712195724,6863.91051535573
4749.04445487184,3492.82218443361
4993.07788453233,5430.5005595468
3790.61044835732,6339.75140785554
3591.76941983939,4347.40123150875
4176.55827626203,1990.98642603893
4355.34914693469,5656.46341194599
4021.39474303219,4191.11393039242
4062.71966597478,2472.80588287307
1656.51031041037,1736.891753725
2857.57792396815,320.587852135714
2263.59997450538,1569.29497746796
2720.25160309782,2898.13483803503
3627.67904561694,5887.65486953539
7745.07443093708,152.877393887034
8090.17931346174,4151.21796022731
3824.95934413167,7608.17931285778
3756.95193375879,6523.54544311044
4729.15906783949,4893.78138249829
4716.49160582743,6107.5370634117
4046.52372982854,5047.2270963216
3169.58760986536,6417.3267409551
4729.60817756867,6677.38864087057
4201.47933859294,7017.1858185125
3861.22890920553,2429.8979147484
4583.99976504925,4150.0813253101
4028.39446910509,5240.68252837279
4526.49488044124,6071.33515672752
4483.71861835163,5986.03087533303
4854.11455824943,6648.12029175242
4355.77488042093,5416.74719247752
4803.03069034047,7218.37019885862
4126.70348682787,5636.79979702036
4556.02098606196,6857.77277137385
4426.49711209246,3324.71375332172
4007.32193054196,348.890082716998
4330.97310614721,5124.34786002533
7059.76023263936,811.614109941842
3959.52212889428,6438.63864565278
4529.56298950562,4728.85557144012
3771.06419206759,1215.74464418436
3179.14305974781,4383.03439787908
4429.86265024538,1397.15155582826
4039.38825569341,5491.70801155434
3800.41895007711,6104.80922418145
4569.16576293905,6151.97957324565
3708.02571631779,8170.24527941796
4504.38426117363,4084.04275204917
4560.48694019807,2712.35169167501
3509.88998316786,4463.22424500137
4358.76989323229,4204.07148387756
3660.52696913007,1142.43169202434
4926.63728180798,3891.7810403742
3621.87558018027,6235.57890226432
3952.23844217351,4034.71288121332
4068.9932344868,5368.49687109987
4389.85398094824,5310.30141705188
4674.16188976882,1782.92536215818
3698.4447863893,4848.77055520574
4434.04663195872,6309.80099321601
3720.26475098384,2940.19032997179
3723.59214127491,1924.15225062148
4168.84421327525,2487.01381933819
5035.7128088976,4831.94852757314
3205.29221369893,6204.15103137452
3728.07642793813,4551.37011368888
2828.68329774141,4919.18525746898
3803.1320778098,8014.46963315648
5112.83212738535,5695.84772725625
8669.58757766612,3303.23143795751
4341.32113358049,5290.75112733377
4143.44811276314,5591.50481099851
4402.37679977532,4525.7391654479
3988.09104035481,5251.3097265645
3773.85693761309,4885.25662061922
4992.78146874273,6791.84794617568
4721.06136072869,6399.70889973835
4336.34862726127,5787.85849294648
3861.67078217538,4306.1982157599
4100.52715275486,5650.72357475618
3787.03575186486,4467.77078467021
3898.91365382385,5617.19284469849
4141.4875460826,3605.34904123736
3402.5477598157,2708.08931073547
4541.37489865113,6339.2968384597
8070.33876272179,1375.83965113058
4276.91442267275,3653.99684655184
4232.2272273817,5387.6492540259
4407.43485532435,5749.72413776094
3575.64289685614,5728.69639179256
3878.61326710983,3406.38105669429
4164.71333850947,5402.8234147417
2776.38758705561,1662.61268302811
3997.75199990537,6690.00537302265
3727.31476523914,6369.75848509882
4043.48254159461,6147.60344424334
4662.28314282904,5024.83521931047
4456.31728517571,6211.42541027361
3853.75260163125,5662.71490399064
4747.43083434852,5731.93588587766
3421.52663052206,4922.42475155408
3778.04117530258,6325.88471557873
3325.29256989809,2146.59187306151
4559.2214588007,4855.81786083454
4619.56616230421,6975.75530663811
4100.74699823393,6127.08693027455
3794.15327217964,6117.65302960381
3578.65350078757,4671.8534149131
3095.80421381044,4200.7753271887
3401.40961159566,6052.46693253079
3856.72191434577,4198.72913062458
3052.0672139767,6580.37718897093
3642.16391174598,1237.79538272099
4399.47484565064,6456.59773105784
4016.69109577798,3004.92164622135
3144.31724117687,4191.28434105895
4612.90643005301,5416.17887501891
5013.40687904282,3294.59292801566
3544.00535423479,7359.25626598886
3868.41390653676,6440.45734609136
3916.91190490246,6389.02461608762
4482.63863063616,4034.03081569194
8804.46874134872,7720.93366578708
3765.55651050815,1693.64275283965
3431.01475019905,5712.04477482649
2777.57205231837,4617.69284567911
4328.28657874451,6708.41902782354
3154.31377263252,2929.44896086205
3530.01539469085,5541.03830524545
4166.33805270004,3158.70839280535
3411.0770256451,138.214795526493
4345.40458058542,4187.93109891108
5102.35910467554,6832.76680319523
3741.70125416221,5326.1572204338
3313.61968702993,6705.46369246775
3241.01920627749,6023.19858341264
7835.165319729,1502.51767608189
4511.99680222541,6004.55785534145
3679.28480719709,5051.77363599044
3862.69419162183,4225.95170603385
3911.31906093437,6288.8869953104
5479.12722028373,4855.36329143871
3335.02668922079,3892.34935783281
3601.01835524306,5776.26464764884
3509.24313724606,4762.95461895641
4644.36643653065,6291.8423306662
3963.32964470784,5000.85256084155
3520.04432139401,6083.72439275405
3890.47799279772,7048.78410006883
3167.04343154731,3782.60700286306
3820.98786527436,6715.69340672264
1678.24540588018,3172.63217054117
4403.61890798376,3720.54707466762
7867.10412682848,2097.31866482942
3474.37935322877,2763.3867263143
8292.96157774546,1640.90287153835
7987.89827278399,857.363665359531
4983.45040963862,4054.54690680548
3893.15722594879,5075.47255858531
3774.88729145337,4017.03795453756
3997.04482568315,5111.50363174771
3446.50785580046,3026.68812031487
4089.16148762464,5478.97795419475
8652.7805264143,1560.9975002868
4534.8927111975,5996.03309346238
3515.87223406653,3128.47381943652
3867.53324261486,8605.12146045818
4123.88343718165,4527.27370715718
3362.08627483048,4907.08018017175
3581.15822234931,3605.57611450766
4370.15432811158,5180.38379230166
3815.65871014419,5499.72154143382
4012.37311379823,5331.89748047887
3563.67102480692,4551.02929235582
4216.51752984151,4921.96975930299
4473.39079179591,3057.32038904814
4338.90786284369,4911.74004504811
3613.89215041105,4216.40405730034
4025.27606020531,1728.19647546558
3749.90278351396,4113.9931666887
4558.22472699503,5319.79198032638
3763.55612436509,4743.74557342662
4202.26744362864,6496.32286770117
4282.46943165494,7174.3822584205
4171.74830654934,5062.23084637087
4473.64962908337,4707.31659347215
3344.57902021577,1799.34990585396
2739.76723180124,2917.51429423135
3961.34110336561,4395.48071936462
4025.27088469613,3741.97230457282
4247.34394824209,4148.77427972636
2879.3124535757,1167.32401785399
3791.2521481656,5108.88954058023
3535.1431005534,2673.42194576057
4211.27322472659,5923.97052428234
4144.50738138811,3652.9739596974
4706.40718422836,5936.41642291263
2396.24075737645,2792.99610819313
4310.96473145607,5730.91299902322
4287.71146277927,6955.86419558694
3678.8300323612,2692.85848741591
3415.66812547801,4222.25764255292
8641.27939406864,2145.73939687361
2367.60736665129,5011.47975903326
4512.30860948044,7339.42181754145
3864.84876292811,2063.39002797967
3629.66700913737,4261.47154719665
4404.73870904345,5626.4563347027
3108.57391503633,3339.77416597475
4017.275901028,6220.17766827823
3876.12276211905,1497.17542854272
3717.5340354134,4477.48884407025
4549.68349007256,6271.83747155226
8728.8599259122,2152.16129958479
4792.33663235186,6133.16801165268
4534.48828009756,5698.17808254968
4271.02444823672,7081.34902873109
3783.38204911659,4051.76240497147
4017.51159488146,3483.50160897039
4323.65033869572,3719.75126108347
4880.7858921028,6558.66737748117
3953.35940074264,2513.61120325747
3722.23698419768,2043.55579095988
6857.95382032266,1578.1606663939
3939.06594225321,5826.16283594329
4117.87980079532,6766.04616441292
4511.81654078349,2131.36083831433
4397.26668418183,6437.50201073557
3853.15177414648,757.396666676465
3769.05677909709,3105.74112109233
3977.51590633337,6473.59016935697
4334.02272951131,6347.93534840155
4547.41633028677,5215.16490533933
4892.6516197435,4386.72846136001
3889.35745313106,3399.33396249311
4113.34670368206,4668.3297620987
4284.22198856595,6651.53019650405
3867.56038864519,4793.8141723876
4711.59959721412,1415.45135685258
4063.2422572525,5124.63201875463
4090.47610639078,6618.73861742675
4274.75990397026,2699.62142288778
5004.58926262017,6142.37483905313
3171.82405774641,3739.81278280117
4078.51960177599,4657.92963717729
4016.56028580186,4562.96395898652
4158.35554742457,2467.52061507909
4828.12699048691,6721.83115070452
8589.51022441666,4327.16887626927
4401.67546225439,5012.84389007601
4662.4776660478,6610.78217300628
4340.48812285047,3276.40676934031
4538.84387085047,5735.118717359
3552.12448981467,5115.65268747972
4204.93782808161,6264.2222713201
3458.99584008776,5930.50617505629
7471.19774781096,5782.68655036002
7946.87570418621,1376.40796858919
4646.42994576326,6768.66067843566
3522.84057903553,13.639618180627
2260.57808190216,1407.21075370281
4474.54324558043,5941.75877616562
3424.49547244394,3419.50923227358
3997.31653385078,2088.56661825244
3658.01365002038,3372.79345260521
4396.4050170847,3854.10167743975
3871.84256212075,2992.13450340274
4136.83010886354,5428.17020425337
4285.11702008653,5527.90991823852
4016.0086244932,3388.13802398754
3772.50559057104,6125.89363275358
3183.39281067893,3204.62835888957
4277.79700860159,6022.4598552875
4125.77089120524,7256.5041311889
4141.33060693708,4003.45542099005
4394.15099255112,6154.02534695453
4140.76112988715,3045.66988114674
4385.77401898626,5816.89934593908
4619.13578168511,5797.63363780553
4343.28883288593,5553.65461454227
4174.58967813162,5603.04157083713
4292.86443144911,4920.77646178202
3536.64623736759,195.614858845582
3404.00675335942,5720.00121924696
2991.88682874147,7299.86709156465
4929.82794932804,6604.87150229469
4523.13572536733,5490.4009659706
4110.18523627283,6581.34299036635
4388.97323026262,5279.32811555792
4236.6925318534,7193.70505201307
3928.57559614624,5053.25109224071
3671.64618097299,5542.51576149572
4653.06389152446,5595.76719193804
3932.64994317133,6844.01940430456
4150.60063344312,4892.75849564386
4151.58436210752,3627.22926339365
3735.36851985892,4365.47364212134
4284.25740586282,3321.13343790356
3747.31157501657,2411.20031264583
2695.5489976191,2565.55537668843
4346.79659376887,7435.18330931636
3534.57411066116,6071.39181933128
3691.16026480977,7152.04788972363
4396.48548258318,6355.60763409271
4682.1479597472,7219.62015898335
3961.16999112615,5232.44192522302
4002.05296361461,1406.01735046802
2590.17592348152,3688.43713825644
4525.71690477793,6634.70816887145
4926.81140009331,5069.05065587413
3478.19186827221,2219.9614878253
4879.17056103651,6566.9646432347
3529.18058521099,7312.3134130502
3316.5262625826,4544.20948285256
4389.39757770884,4855.02204725039
4857.21740718792,2085.04296543804
4351.72807587271,6275.0203030336
1664.05914102612,3206.21956320261
2975.23367681375,1368.56516651768
3370.77338690592,512.395020843301
3365.31527456374,6122.25623187641
4050.10605680147,5216.86985771515
4137.57299862368,6160.90181906154
3635.03017295617,1685.85682479952
2816.77068920727,3731.40176898487
4191.42794924513,5341.3313811496
3909.5791651035,5858.50026848001
2691.92835490337,2178.81534610783
3622.70262939571,2647.73412348821
3811.08331670066,5186.52153628355
3060.84843201191,2984.63262837811
3740.70488629593,4395.08281257255
3968.00087204836,1615.84013504217
4019.87982038415,4494.42461976562
3508.74124751253,4117.23266077379
4114.79553487553,5688.5166857534
3114.10234577556,925.561813249018
4081.92274108284,5800.53188770231
8337.9656755138,2761.22699311502
4001.07157020702,5873.39027046651
3283.63877940366,351.276994900375
3924.46105836806,6735.35702164826
3331.47489854278,2978.49488439623
3668.95311198715,5908.51220483723
2897.09489257065,1741.32465104488
945.622834803456,538.082948829477
3886.86291358389,6432.61464973367
4088.6489565402,3960.26329413609
4101.49321777816,3839.38208611979
3878.43705076114,4521.02221511253
4288.63634466272,3324.03189922797
3279.76070543771,1958.25129813777
3776.36034285253,5391.39998011059
4415.65090315923,6587.08325041141
3716.76267883042,2024.80131482592
4649.78957087605,6373.33922337223
4153.3733147353,5064.39036814252
3269.4405508012,1867.03634603169
4050.81622016676,5428.90893237851
3392.60347200614,5741.99518946602
4126.51321469876,5893.28138151767
3528.65227262881,2042.07812328198
4041.55096811362,4258.7437079664
4184.81345226463,6833.73302744591
4309.03342121503,6751.5540692185
3418.0108528295,837.699891863185
4764.59517972726,5126.67779246351
4888.0570636858,5331.10166689472
3936.36629865291,3840.23456230769
3529.03344537395,4354.27770361577
3562.64767276313,4491.64011793161
3361.82663681813,961.820382536957
4084.21963129696,5838.89331615814
4033.19590657728,3977.71072468631
4156.79749773208,5444.93556928222
3827.85785060334,5945.11201831349
4093.86963798426,4335.92113427389
4642.00823114091,5689.53957260784
4308.3221420684,4443.95811401256
3872.31741530826,5644.75624144083
3636.3569730356,5393.27576600819
5056.77793208845,7143.86394917762
4071.1273189448,4558.36033385867
2552.54590681154,147.933026711481
3047.47683115022,627.53612738526
3496.21788869759,4954.47760250624
4844.75120330456,4543.98198672702
3988.09150163928,1166.9829850933
3557.37711615578,2091.12404681616
3901.25272374541,6464.66750068583
2808.71149011573,3759.13557639373
4223.01889461622,4958.96747957132
3994.37205383071,6622.43268090768
3872.18294108359,4868.43459298662
3505.79886264971,5105.25213970305
4875.6270204537,3726.62773319049
3642.15199220342,6141.92026965729
4610.96708604588,6312.75632857181
4195.8264316774,6345.09376110852
4317.74343994543,3883.0858678286
4168.37326557141,5196.2966811426
4621.30629144503,4728.23059137776
4691.18951382137,6078.15496623078
4249.68912336498,3061.63964401907
4369.09171149261,5143.61356815888
4270.80924901258,5925.10715919955
3681.84039015843,2094.70436223432
5362.43226679969,4231.6348806199
4889.62077136155,3253.84469309027
7897.69855013151,3476.45451476921
4610.26588177,4561.31566921446
1595.46711964132,4898.78249156297
4185.85541848487,6584.92372863976
3661.17398815037,6633.51487135048
3333.16177713633,6822.25293021104
4602.51643429315,6262.11941215221
3948.24511408951,4392.24122527952
3649.29677472164,7182.22537763345
3680.03980269036,4186.05573586874
3496.00333060737,6826.79946987988
3628.22510151028,981.086407811949
2649.53287195169,869.184689641274
3950.31858896219,6160.95890452055
4133.97558012576,6808.78372187106
4303.98879508833,4601.15497677581
9043.22804026799,3001.79590019903
4055.76722620458,5481.64913082124
4172.30437342612,7764.35244305608
3767.87909661332,5233.74897080676
4003.31063192635,4930.83576537038
3664.0303479,5064.84493753835
4452.92854269922,5919.65105788379
3887.08584127512,6204.60560077036
3673.7779137763,5063.1966477663
7084.5730955417,5565.19179723615
3739.476757947,1412.83715997128
3059.74715573632,4269.03008482505
960.464154868054,2546.23258309586
3565.94632947869,5773.93471521066
4468.10959038752,5854.52204626977
3946.05320276067,3806.36301091695
3970.90896069288,6952.51137629432
4660.87064509858,6168.51744214895
4018.86716809051,2396.4240587221
3625.40294394765,5341.89969860821
3364.35397797236,5256.36792108818
2127.89207108239,153.900360026832
4381.30300804392,4450.03919539069
3565.31496318024,5698.40515581997
3406.60237437206,3304.53848354125
8496.04565437556,1848.90706138772
3291.49255142713,1823.9579672405
4178.97395242069,2784.3007242199
2167.97470109255,1260.58484938276
3931.64604262006,3965.71897259659
4333.67717656442,3177.97431236653
4462.48601876941,7043.66924294139
2067.41753003163,1677.04790419115
6449.60688694518,4581.66134966147
3965.06156740374,2495.1977598842
3940.31356769892,5189.24979836905
2942.97352502262,4390.76376902925
8491.11776199977,1174.71214481585
4792.9302006089,6293.20646170895
4536.77222056889,2265.59750660784
4163.55784040755,6503.2564252672
3923.2267011378,868.161697073023
4196.28186225401,4290.7398963148
3720.50913071299,345.593820314327
4155.7467300227,7141.70400455072
3795.58062221838,5585.87829901622
3035.38182670064,2337.8873604858
3928.74437038526,948.976471400775
3658.43859839564,3096.02285026466
3988.69999459845,1525.87546020226
8392.21440076382,5351.56109540449
8780.22171188103,3784.65319942719
3032.17638893133,2429.21606065465
3976.15577490709,3666.84107482946
4750.27018090074,4665.94274420151
4451.3261365521,4692.76741281871
8066.01688455124,5565.13471177714
8207.93036670319,3228.83872491166
4547.63014873022,6637.4360081017
2604.96765736641,1684.54967350197
4227.70319218885,6182.78204121783
3851.49116440317,5100.70560003422
3872.27645656032,6350.60652502804
4876.66347063684,6210.74334475224
7294.66425336254,2203.48028152576
4307.28909429433,1572.3638494589
3632.72440332189,5814.85357223021
4535.69653674448,5774.38928460649
4017.81395535333,1668.23898358277
3900.81448291509,2992.30491406927
4737.64599874062,6254.21963033551
4708.20029420506,3974.01666120537
2829.65458167662,3996.69227409056
8667.83516754182,3319.99680298635
4412.18382263749,5835.71090753205
8661.56298337234,3254.29926248611
3618.86726219434,6642.15295843707
3851.47712468467,6035.58781943918
7546.69843900444,1041.66898547094
1929.04544350097,4889.68941222529
4713.07939424123,6283.65839012019
7600.52460917313,4241.23919195717
4169.41685559539,5700.79217371717
3166.5920815076,2148.97867953108
4290.61744106877,7017.07207044973
4437.40966557314,5756.20312593114
4952.24351658973,7428.87515466795
2675.81599439745,3162.11829755698
4056.06659405917,4496.35706826698
4767.55598295599,3383.0231668601
4052.24107013483,4957.54668592481
3573.11879585984,1927.10758597728
5093.70176157248,6212.61870779458
1674.05332042218,1551.79077860017
4847.73516930875,4631.33246468563
3511.11743642809,4098.30735111805
4478.71617150394,5367.8718910375
4907.43376291261,6570.7724547784
5134.94482733273,3228.21353342167
2338.59909607342,1281.66946938252
2953.04256038717,2188.5336169355
3839.25990419298,6385.84220746154
3035.25105074425,1361.40442996754
3814.33882857897,6521.21508781701
4547.65606269513,5637.70893581203
4439.04622262229,4483.11535605254
4741.59475872464,6011.09350611541
3829.33939000221,6118.27800966618
4440.48357529385,6647.94988108589
3179.01382472616,4231.06656316129
4178.65131866437,5777.85585196188
4150.82867696097,6274.62239624152
3863.70804661095,5964.71897063535
4051.67139015637,4244.36493797949
4254.78932639835,5308.14147242498
4753.17497697719,6492.1742348244
4598.77134551749,3981.17729204169
3988.88782381256,3852.85129445977
4486.13633611521,5272.67871672119
4505.53812198346,5960.28575617403
4212.45182436186,6749.16747417656
4122.54121310778,3233.89670800772
4178.80781984048,5687.66420956549
3728.7010379206,3080.28058351788
3916.07411694635,6745.58673590315
3864.36824157002,4465.95208423162
4203.19347876352,4660.37331767824
3768.98837903321,4112.45862497941
4239.98022828411,6043.20344252658
3607.85375322322,4977.0398901839
3043.83254102826,7514.2360986662
4072.04731402201,4629.17294291398
4161.97425961034,4408.15411412046
4000.42248242902,5015.57172930626
4368.22244294573,3524.47734002132
3893.12344249754,1116.68689000678
3705.71967060184,3732.08383450624
4038.46188540618,4766.53493437457
3866.72572850115,5866.57046096325
3718.34545216223,5779.16332040087
8655.58975397956,1539.85611196946
2741.03079329659,1601.40491387913
3897.45355336542,5495.00459109845
3742.76524178895,5213.17579423421
4269.68625587781,5948.52192306512
4300.55265037318,6199.88865043498
2099.32041475778,1538.54896067191
4496.70070574498,3778.06046319422
3824.16650386955,6182.72537861407
4166.57315411822,5245.17198258262
5033.26679785834,9638.32260020178
5065.16610930612,5686.69798531482
4218.52355968666,4496.69788960004
3681.10241419542,5193.00052445374
4125.38086613956,4236.01100962221
4162.15257064883,6900.51032883198
3782.33612413804,5536.09385878453
4656.84582826411,6890.96268009847
4174.75732191939,5791.21131223909
4171.71437055131,1152.88879669095
3748.984696231,3374.27112028311
4980.85076910456,6066.78861705868
2897.56709888735,891.064858940654
4428.84136285648,4803.36224397636
4016.24277881926,4617.86325634564
4385.67872319653,6084.46312087919
2187.50083891225,1988.82690426729
4094.49585333172,5195.61461562122
5276.26537468233,5668.68223730599
4744.47830159349,5529.10363861474
4176.8382731985,2409.77951899931
1802.0899143338,460.280278175093
4074.22102305977,7238.65879384661
3756.81128717831,5298.70757175424
3928.57212700169,1723.93409452605
4548.34744654084,4659.12293469826
3770.20687437358,5203.91230423001
907.992951944414,2457.17715276143
3909.70545709792,5526.31871392548
3353.2957201821,6078.26871429355
4354.85106316466,4264.65395582274
4282.42713428075,3337.38735950518
3021.41608457698,705.11146048482
4081.23547919182,3604.83738638252
3603.6825414128,2609.82726442822
3890.99901353329,5037.50903692156
2986.76404124137,2253.26493318507
4485.67462202547,4837.74545022196
3313.25995477146,7106.18416338792
4109.21153491751,1762.57968171117
4521.79897423033,5410.9502698287
2728.54455780092,1580.26341984798
3598.70441672434,4253.51510277618
3250.64562359834,4298.98049946457
4616.64520688623,4479.30754450884
4129.21355234915,4869.57122790383
3628.67174118893,3250.66207303656
4667.71581943491,6339.580997189
3964.45903372777,9456.91600569932
3216.88920007022,4199.86576554179
1812.60870918612,8.12693932769355
3206.62280117884,3996.86268475709
4072.02327058383,1397.54935690652
3740.79606973283,2273.26979229901
7719.91820739169,2075.21115797522
4619.55643092608,5310.86973451049
3617.15349598477,8453.32403640693
4127.30673598535,5586.44661647482
3813.09129493867,3812.27325877329
3554.11367810237,5011.87766582533
2826.30321382025,434.308191459614
3823.27209045053,1979.73382492961
3426.56184078974,1857.14766453749
1867.09442549306,2698.54166200196
4385.04574950163,4915.26369786251
4473.98741466888,5344.45712717193
3519.57191591325,3640.13015427503
4021.59380671828,4711.9764583485
3152.41773267908,1266.15438161985
4337.99684985543,6124.3590910443
3808.68691631588,4749.20125188712
3490.57695259285,3668.94351114209
4242.80053793076,6057.18388286616
4184.16142190661,3788.17685224159
4312.34846119609,5260.97112336078
3844.32274754685,7469.96399949878
4030.70789548091,4755.85065072385
3814.20911787902,1625.50153183845
4264.21874512981,5413.22353966312
3615.52751889988,5905.50020687768
4582.76012934362,4247.49068400182
4561.0135991071,5679.30985835295
3863.82213612805,4201.8548766469
4003.8576062548,5000.17049532017
5006.59971729465,7262.07398056743
4464.24613228312,4876.50436261461
4090.22850604498,6866.46794391945
4031.06824476555,5678.79820349811
4069.44660579482,4850.58925564433
3425.01423263391,2465.36109330744
4739.78135399999,6671.70546628452
4211.04912021515,6445.0038857602
4494.77443138233,8444.34428227677
3380.11414138803,3507.48469029456
4114.73896743699,4513.23618135859
3867.57661505405,6385.67137393976
2368.43827970298,6709.49857728174
4318.49062401065,4034.65579575431
4436.95081246922,4880.53967028385
3020.60856302769,3959.18332182264
4446.12434026635,5371.05429966359
4514.50329828697,5312.11969463522
4455.68980840798,5057.51347318025
3928.674026332,5872.31029815305
4302.99003986787,4189.6360512869
3022.38347342458,3488.33230736853
4367.19235483053,6406.69911990813
3628.84613833397,2367.95131176047
4006.3781737716,6500.0169311821
4532.60197693913,564.850690558383
4373.46371527693,5244.14909572818
3732.02559942819,4886.62075166197
4229.46083539491,3577.21732703643
4653.13119268858,6537.07131405419
4169.24827227755,6554.40499654163
3485.07513366606,3643.36922550488
4100.03064141732,2330.61298158671
4826.18884361893,5549.79014039481
2594.34978433497,1135.21408144282
4257.70377849488,4494.70877849493
5032.47309589522,5957.8991611321
4542.29610443361,6519.56722090021
3383.04489982467,2031.50758769403
3589.30930540691,1.30713023738005
8405.60309752687,3160.29959711839
3946.16641871566,4033.2350021078
3807.91281282636,2059.12764704013
1248.68493122977,3212.01648585143
7979.70900385086,2629.71837547939
4717.3562239789,6470.23735006436
3120.66854113365,5307.28899623707
8829.7216488269,5209.19757202398
4802.13770636639,4481.86497307256
4644.29593087933,3533.74104145316
4142.81737475213,5626.9675667023
4506.72906831215,4205.43519206506
4244.97463310426,4787.67642840572
3196.75900986164,971.368136984281
3728.35321191093,286.318314667533
3244.0801374242,5329.73753585196
4052.44442115991,4988.9745568146
3594.7000294243,999.045176075574
3746.80662630183,4502.26773897857
3811.6308325796,7482.80865063165
2708.45629158553,3044.53324622953
3989.40119624281,5354.23227203099
4535.31299276146,7472.01061891816
7918.92659311112,1138.51034384549
3663.90966384799,4465.55417743955
4311.13216639738,3578.12646582809
3858.74822720147,2657.28177222172
4033.26217389858,4183.49830730502
3977.66443062994,2683.82228210962
8448.41531638664,6050.87572821775
2772.41137456571,3129.1558849579
3990.8939049537,4427.13608637996
4320.53341865969,3763.45504279228
3853.00933989228,5941.87252422839
3028.16655361515,2664.72677321497
4567.05489261568,5568.430868466
3882.63652850268,4481.01249688465
4220.0656512248,5176.2351594249
4249.8911596904,5129.46271715277
4514.94784512244,5297.1163674412
4039.44107155936,4842.8603073494
1003.85830909285,1466.25900108014
4551.48714220291,5259.89157390258
3876.76248424825,4427.93147710886
4360.0934971948,3475.0337211227
2804.60616464026,2083.90633052083
4424.5365796566,5238.92049053796
1942.46413770746,865.661089683781
4787.5081845996,7204.90141337388
4146.11909422174,6209.32255110572
8374.61395243506,111.617543749478
4376.37870063125,4853.09002160429
3459.89394984005,3905.64773265101
8428.76430513215,2822.15070924851
4710.73308253317,6508.1437862691
4584.08952479314,6894.88381684969
4385.84877891714,5991.60030185631
4789.66329255921,5242.21664722682
3615.82053733857,2600.67731105916
4310.43982977468,4993.46443387968
4266.22084405794,5726.70728068744
2855.6143496293,4619.28404999216
3948.1364030076,5808.77249085208
3895.8341842427,4816.60395619081
4211.9974914305,4943.56582272998
4954.25847233495,4993.63484454621
3884.24089579533,6082.13318844101
4185.81597023982,4878.83471790804
4283.41616204577,8846.77055128326
4125.38972109635,4945.49827123133
7372.29056339969,1663.74931794532
3373.39991393866,3814.66027667048
4261.91931345774,6095.54531132199
4167.7464049771,4385.19434250597
1634.04458213848,3231.96447093399
4524.80913550457,5825.70826654746
4674.01233107282,7519.29429318988
4069.55343388651,6658.91832346591
3391.10517086869,6907.27305287623
4669.8039350567,5488.92350972033
4247.18176682341,4696.57522436241
4765.05764460213,4844.67858493274
4750.60542733826,4643.26713131633
4661.62554000144,5343.88880971333
4137.62204578289,5351.95900219657
4034.53393745897,3246.05865933634
4115.67516590808,5512.0541148566
3925.38547927589,2527.53498099329
3427.20825087778,4832.17560084343
6092.42957107284,164.30056423361
3813.44350909425,3434.22861216592
4348.01748227883,6388.62670929555
4020.75884355181,5718.52376299669
4113.16067326418,5919.25357394697
4556.48067908359,6107.87788474476
4754.63716867441,6915.57074148501
3646.10309702419,4170.93866061195
4611.28176109449,5315.13211545002
4604.21087663497,4785.17608530101
4152.21213841653,4905.43189039969
4261.01423470298,6233.0214737006
3896.74057127867,5259.55032971427
4079.89855071379,5489.20766844963
4412.1146862813,5688.85750708646
4305.8279230303,4556.42830821256
4151.77336436831,4669.29598634938
3377.62232857068,3989.19039906592
8389.69393872993,3427.8633720585
4017.32267937993,6676.70699820444
4074.79049571233,5242.8987127482
4078.61761116843,4998.18138421505
3352.66646513599,3843.87196318487
3882.55685779526,4834.90386292893
4676.35498061665,4243.5695472506
3421.72167761344,4242.37582687438
4610.332043862,1659.14590424509
3074.53472010272,4457.76814368561
4184.68190302141,2081.3489019571
3624.22817682179,3001.22758274042
4265.88942606496,2440.46866176398
3628.97658626535,4051.76240497147
4579.25508561382,6387.14925304528
3513.17062816777,4419.12255650048
4998.96475288146,6436.70662000667
4161.15451671694,4415.31516781203
3736.89077359559,4800.74772995363
4020.3187625086,2773.67331460057
3655.3701114139,5232.04401843094
3254.64361158954,3644.50586042209
3022.84905239123,3642.51674931697
8738.2758359658,1242.3986907074
4231.71026618882,5048.93204869742
4053.939004566,5606.9060449846
4392.03707737697,4092.39710326171
4020.13915761796,5873.1061117372
4290.5096542176,6244.50157093546
4041.22946806895,5005.00119371831
3815.64441033286,6384.98973127363
9034.08255741171,2219.22275970016
8750.35349675805,1741.94973682106
3966.09782784134,6046.67000988197
4504.25735207185,5376.11249418727
8436.3174322527,5683.97014608456
4488.30708936451,5142.02236384584
3980.50288831279,3445.87912006732
4629.37955764365,4254.65173769339
4031.31278847324,980.859017400219
3468.15992590634,2132.32706256501
4590.53636504454,6811.05699170548
9271.72900703692,590.822777273862
3460.17770695401,888.621178439704
3197.67610642466,7739.23314966995
8463.24699170302,1921.2540007247
4227.21931335132,2746.33720255615
3493.28705599403,4847.00894022617
3770.96741881883,3040.78252014484
3753.29834919792,4107.74167464404
3352.58599086788,3363.64349923615
3288.38111694691,1798.6109663012
3222.72153861983,3854.89706816865
2907.59364347119,977.221827950673
4185.27696994637,6477.11382217138
3667.50593897789,5461.01886878968
4147.2348031569,2143.23863091365
3619.11533242938,2801.29337394666
4341.75508169042,4248.68440437804
4081.66935447361,5044.15801290303
3520.23010789252,932.83619214811
3788.89964473298,4047.21586530263
4230.48014015279,3884.56332407887
3366.67357235216,2162.33413980829
3888.1935052028,5179.19049478069
4448.98185269016,2282.5901563346
4412.17146992546,5820.47966135724
4015.61101163866,3254.81070591332
4642.93774231229,5304.95906379889
3730.02116082427,1943.98669906889
3750.99927539399,5696.47313017387
4313.99749984587,6136.12334700847
2698.12970107899,3845.86107428998
4071.97519775502,3934.91608176916
8013.83656600972,364.57563400311
4883.05994263999,5472.21480729525
8780.39071589728,7380.56817068654
1334.7332890572,1306.95959629044
3309.82034813155,5065.07243366389
4186.02574101184,5543.36823768363
4299.24536021709,6133.62258104851
4316.37076831566,5914.99119300743
3891.39704611545,6178.34924961176
8621.01136466725,2293.38818804809
4859.31440024761,3259.69827834285
4477.71631553778,6171.81359883781
3541.25969023214,1329.46500993671
4351.80466778368,7484.39943208944
4074.40389293859,7078.73451470836
4117.19150512754,2115.7321082027
4187.28195345551,6431.87592160853
4623.88025410618,7038.83854454325
4066.12543105272,6360.21083636531
4056.07388425873,1792.64363298585
4048.02363639773,3622.73938632857
3498.08162532481,3525.78459703269
3200.28884188525,742.847697450656
4241.64243249475,6842.76902132458
4218.82231601046,4512.04246098237
7965.48719311506,2081.91721941571
4682.48175498803,6977.40359641016
4696.54343230261,8057.37760128114
3693.23171175989,926.016382644852
4004.87103808643,2270.14404627668
4150.11033339611,4236.06767222596
4555.06244895915,5689.3120764823
3783.09336822423,4579.38807982705
4263.49848812647,4804.15763470526
4403.98170296851,5382.64814496123
4305.80516061417,6681.53769660259
3699.51739046262,5058.877604223
4293.09982264138,5552.00674762547
7598.49234009199,440.218677172033
5024.15106282815,5567.18090834127
5091.65267099593,6940.23546547531
5065.32133717848,5424.93071016828
3724.83299099322,4513.29284396235
3942.85496964958,6631.18451605705
4668.71961352811,5766.8307469781
8509.29092243426,2713.14750525915
4516.21655641919,5966.99224046977
4234.54953991313,8603.35984547861
3564.49828404457,2195.63758516806
3851.36390461354,6120.04004750101
4238.05764640901,5260.91446075702
3869.27371243412,4513.69075075443
3783.88718443173,5499.94861470411
4627.56183188091,3812.15951071051
2850.066740459,5623.04642995107
3466.3169885074,3477.02283222782
3565.45346764264,4884.51789249409
4591.79387961607,6821.57086468967
4802.51588059334,6477.62547702622
3875.56181753628,6509.67832797838
3949.36677987781,4850.64591824809
3882.56588084771,3682.35605687832
3873.45989601448,4356.43722538742
4247.61625660862,4129.67855940409
4308.18287851995,5412.48481153798
4017.7085272137,5379.40865087613
3792.41002005246,4523.01132621765
4213.62926828715,5501.88106320547
3651.9813725622,6219.77976148615
4239.42707083456,6510.13289737422
4935.53310141945,5017.33376714109
3786.16718909809,5328.37382766446
3609.10928929578,5127.58735411043
3844.94930972557,5904.02232777216
3677.74806551114,3907.52351854861
4506.77973764177,5355.19849628166
4091.81126544544,4738.11906144433
2647.65649632101,4097.45487493014
4962.46649756782,5086.21350483979
3469.57833815519,1578.1606663939
3726.77625771659,4637.07230187544
4124.77253877116,5545.24360072597
4318.33337574322,4039.71399027799
4110.20487852865,6315.82541199037
4018.49222954424,4988.80414614807
3531.61169406586,831.334757469574
3830.27203896814,3718.21671937418
3055.66501979934,6914.94533856739
3573.71339911085,1539.91288028704
4375.61430013126,5479.77334492364
5079.33015546164,6837.31334286407
1526.17972321012,333.943312412928
4147.63701146244,3878.19808397145
4310.56748034138,3510.78084698342
4341.95499287923,6433.86503271365
4124.14868856027,1962.229520348
3601.97356990534,6601.80241887613
2942.53998041421,1046.04511447324
4469.79397765263,1684.72018988231
3121.43859998526,17.8451680350141
3885.77534209778,6568.27168881844
4801.86971180173,4687.0275756289
3803.03180354443,5220.79141732162
3984.78963896008,3311.81307386797
3578.56833059424,5204.19646295931
3892.37805136135,5142.87484003374
8191.18522927304,2571.29542530586
4848.83101259394,2165.51675986201
7955.23307351839,3549.54018223132
3933.38969685823,5868.84373079767
3748.5453905685,4238.22719399761
3911.51639704738,4947.65779300298
3494.70271845804,6178.40633507077
3979.4819689938,5167.59664948305
4629.19120642107,6615.10121654958
3900.76783369157,4959.42204896715
4378.77134522379,7283.84003180569
4162.55006250631,808.090562841254
4536.43534814297,6749.79245423893
4149.81103977985,4270.33713040879
2517.39516263714,1884.99522000913
3051.38905052512,4377.86287814787
4003.89298130518,4531.42234003395
4658.68134880642,5623.33058868038
3895.58170413992,6113.90230351912
3688.98150273096,6761.32921407755
4501.21593434614,4650.03027821583
3418.6683809932,3157.85591661744
4301.71037124706,4961.8657294681
4367.56913241843,4309.55103505252
4155.30771284606,1972.91401542635
4034.4937561556,3005.37621561719
4421.25105290631,6035.81531556472
4180.81666767998,2688.02778901777
3550.78872772266,1911.59260392841
8341.14741031563,2727.29856769289
2781.09463226192,1011.43451781592
4713.47815208919,5936.13226418333
4744.68597593145,6687.73210318823
4780.6846371143,5433.51255750636
2633.94825835149,1996.95375935429
4098.60173161608,6314.17712221832
3409.9190886439,2393.18477606463
3420.90414777398,361.279398028893
4328.20662429578,4438.38868748929
8607.09792647244,2537.25325182096
2668.08329959758,4846.15646403826
4355.98874332153,6714.6705198682
3146.37008206706,6586.40118489004
3926.7481270324,5506.48426547807
3866.82472716188,6283.37423139089
3011.41436369247,747.223773596057
4223.24911036482,1180.22480302156
3829.39580239179,5086.32725290256
3911.5971264879,2853.06713671109
3707.80030044743,6561.45187931518
3086.97015832827,4267.438880512
4352.28373109618,7063.84451272186
4141.2070094602,4327.68053112412
3048.83331250008,5872.59445688236
4276.00603496498,4091.82878580311
4314.71568746159,6703.92915075846
4218.00263497289,6332.30661828991
6990.09153810526,5608.95224154872
4022.35795385927,6051.27363500982
4075.03404131694,4300.06004892277
4154.87346348324,6842.65569611706
3874.12895676779,3890.07608799839
4549.02689868053,879.300708690297
2348.09421499279,2006.67203018195
2939.45798617738,1498.31206345992
8379.02191628072,3195.53527955189
4452.62451051266,6905.68184856318
4134.46518841105,6648.23403981519
4357.3213527288,5170.09741544302
4061.14315065265,5517.39604525433
4361.75372636177,3869.2754153003
3438.49763294355,3633.82157677137
4180.09816487585,5295.46807766914
4288.74877588694,6637.66350422724
3445.36689655854,3800.9639950602
4727.45656673781,4956.18255488206
3661.97305635631,6887.15486855477
7725.2457919918,1107.48016832014
2910.61714434091,4182.92998984641
4146.66996618642,4791.59798801219
3622.95153500235,3877.51601845007
3120.17625744331,7438.25239273493
4914.73435227165,7136.92996875634
6129.84488445464,5516.9414758585
6564.92340083849,3425.30594349478
4047.04328435113,4620.0798635763
3721.37042834918,4585.29875053864
2470.65357520759,1554.2913331325
4069.4696300717,5802.18017747437
4191.38840623814,3960.20620867708
4308.1540436985,6321.11067978435
4574.29521978947,4633.88989324935
3705.44578033706,6079.68950794006
3731.22280657877,5132.02014571649
3229.61890127747,2227.86126964201
3372.13855335941,2919.56027936786
4699.90375355269,6932.73401330592
4090.95619227091,4432.30760611117
4273.82391664563,5483.92240065566
3685.88674836097,5556.72369796084
2771.33499798166,2436.71772425166
4582.67422434512,5681.63979079113
3754.09980492134,2621.42089829823
4344.56813548205,2470.64636110142
3730.83571563637,4868.20709686108
4467.79232879061,5121.16502854399
3300.95308285646,7302.36785752461
4055.66102274682,5153.90036787278
3463.22560934464,7260.14153206607
3918.71449132101,4308.07357880225
4736.77843996379,6380.7273503341
4234.52735969922,6586.4578474938
4006.75768466903,5586.33286841205
4183.64433616557,3211.27775772629
4113.40229409997,2586.58312265681
3841.27349437333,6026.09725616468
3574.51836114981,5729.83302670977
4336.03584264323,4668.3297620987
3838.04004818578,3980.32481585379
3707.96376109748,6665.51105969888
3191.23813773955,1096.5116202263
3261.76212428439,6639.53886726959
4162.6423721202,1790.82514397489
4760.25035257566,5021.88030680993
7855.90641296729,804.1691618055
4819.82775988064,3719.29669168763
4356.54266363786,5692.03991571255
4556.04966607873,6322.4748108271
3798.16816032906,5652.42852713199
3815.72260439342,4377.91954075163
3665.86565564011,4310.06268990736
2954.42477414057,4848.71389260198
3979.57578055397,5823.43499671304
3988.3850523266,7414.15556334798
4557.19727085058,4785.28941050853
3869.76940145598,7952.0113753137
4508.63112627373,5941.81543876938
4169.20745666006,4056.8201766399
4881.1804908055,6713.53388495099
4430.80398685896,6182.32747182199
3989.5564621362,3484.06992642899
1623.84104276488,950.851940156934
8604.18809622774,2564.81664856329
4371.38173896453,5948.80608179442
4596.77123180868,6671.08048622216
7848.95674078982,1542.75446758006
2421.97109669209,5776.83296510744
4012.83088025558,4722.49033133269
4754.87479722435,4705.49789303356
4140.32976640419,4533.24104047254
3996.60009984959,1490.75342011772
3264.46554269509,4040.2823077366
4133.39636242084,6056.67265086657
3907.90164340967,871.28744309535
3777.83927668994,4619.05697672187
3913.694804406,4866.61589254803
4556.27035534537,4748.06461696991
4403.14547956384,3524.36380338618
3956.92356903468,4945.3278605648
3874.08672065447,3976.80116303939
3849.45470274022,6692.16489479429
4382.18316541801,6426.13566156347
3887.04519340946,4559.21281004658
3895.12434291418,3975.43745485189
4272.57020786289,4541.197484893
2694.02438653929,846.736150026383
4263.55283272849,3203.32131330583
4580.29120637667,6699.7805178817
4368.3620992642,2815.38777377664
3381.28388771508,1626.97919951635
3736.97806307797,772.911701582233
1468.26621887618,5680.44649327016
4144.69459626991,3336.98945271311
4714.51510868489,7002.52331265155
4546.41081586405,6361.23372321975
3543.52956890468,4627.46799053817
7821.9570097962,2679.44615310731
4370.10830542239,4162.18640260734
4515.6814099397,6851.91918612127
4251.053418714,5603.43947762921
1642.37364973602,3118.81242264024
3260.80564778477,3367.50818481124
3609.5735533696,2191.14791953061
4826.33601325686,5775.01426466886
4133.62729394804,6292.35398552104
4152.61713441733,4819.44554348383
3578.12178727965,4810.18205347962
7795.93659648842,100.535353306683
4567.13586463381,8205.59428705898
3456.54649476391,6290.47819962345
4623.0086956274,4590.75442899914
4595.84125828327,6926.88000519809
2119.8158888382,680.730630939291
3938.79228739227,4690.5512284433
4104.7586928448,6032.40541081309
4270.72703196315,6574.75067698864
3367.72075382715,4456.74525683117
4250.63035841889,2565.78266138634
4799.77635580097,6898.29372160132
3764.32847009525,4856.04493410483
4196.83360003206,5774.6734433358
882.415765408174,1690.85803957801
4157.71629004342,4296.53681896362
3373.40927979632,3902.80614535799
3750.80906877906,6047.86373025819
3926.7769117452,5184.75992130397
3822.49924393804,5749.61081255342
4153.88626307288,5681.35563206183
4128.78787200582,6477.68213962998
4776.98390954183,6873.57191215201
4006.41850925689,3592.95980521083
4497.19314034765,6370.38388801644
4911.86078069417,4933.56360460063
3307.52772772261,2881.0284402455
3430.13938680867,1572.59113415681
3444.38390038365,5016.5946161607
8135.62237183882,2434.67195054278
4347.11370138569,4801.37313287125
3983.49826576528,7758.15845932569
3994.9562911858,4375.87376704276
3954.41825930805,4292.27443802408
3812.3991373478,6346.17331056672
3874.49226419137,3330.11276917847
5077.80267409407,6486.83188157142
4533.04716624012,1793.83714193444
4717.37393731992,4997.78347742298
2419.19552212921,5921.69725444792
2934.83192045752,481.876341602077
3100.11283293592,518.873797585871
4084.24852281401,4753.00906343083
2022.54250993537,2549.52873978472
3289.86931167392,4880.08510088802
4582.70391180131,5339.91058750309
3931.8292684134,4060.28716685054
4363.46737709027,6925.74337028088
3807.7282526595,3138.58978562863
2045.30735037515,3281.63537453052
3493.05664679717,3353.35691094988
4284.4585228085,6780.76575573289
3872.30299642762,6397.03772311185
3581.62299768035,6773.71845010409
3597.30946128005,6279.05518784759
9427.69689683345,2940.1334559404
4083.26963685027,6559.17860948076
3376.59629714915,6634.13985141284
4491.31538342676,6728.19639081194
1775.18641288835,737.619197974254
3452.07713714519,5790.87049090603
2636.34485332933,3255.72005613262
3350.079096761,3404.2781975264
3100.09668727982,6126.12112887913
4631.0605254859,3602.90536073641
3528.46121700339,1974.84625250008
3532.88397340448,5320.47404584776
4166.87789473207,4890.42814035042
4523.55530001854,4727.60518846014
4635.24124543467,6673.80832545241
4409.98941791868,6165.39169612662
3556.15853369331,4604.28072279814
4245.04531529979,6572.64781782075
4078.4065706257,5748.4170921772
3833.86152342107,1500.01701583574
4582.8048836732,6406.86995342992
2588.68568081597,333.090836225021
4464.95916048797,6979.16521138974
4407.38290151656,3198.149582147
4076.71783018244,4116.60725785618
4566.7880682462,5539.61751159893
3494.68476831309,4822.11672011033
2783.22056594882,190.556836106844
2016.49614430725,457.38186970759
4269.16621081113,5477.8979818813
4832.62398596701,5483.01283900874
3635.40240682527,4207.08348183712
7312.66624170479,503.188246299758
4734.74545395955,6756.04394628358
4130.99615135465,5039.49814802668
3815.36341756838,4628.15005605954
3887.85786743974,1492.68576290526
3966.19638533617,4737.55074398572
3905.22942551186,4457.48398495631
3982.25632331787,5735.45953869206
3538.39124793369,3849.15723097884
4481.78102824511,4883.77916436895
2801.4465430799,1886.5866357498
4748.84433210145,5455.05153547433
4018.39713916766,6802.87347401472
4286.14893003618,5323.9410360584
3839.23137104194,7059.12756238649
4327.85979121402,3217.52924977095
4266.33317394312,6203.46896585315
1917.49353512038,1867.20696812585
3703.62498240103,1391.8094140029
2136.03364469657,1304.85684283636
2584.56543539705,510.860531990924
3712.57702707167,3154.10497910512
4969.02633455443,5128.66690356862
4637.05630916319,3673.3196401444
2779.43568611891,1893.86101464889
4372.67139373145,5794.33705826142
4042.1884384625,5854.74954239532
7753.29694941633,5425.04445823105
4924.59582687554,4862.86474360809
4868.14669581359,6627.49045257611
4410.97646379099,4436.2858283214
3590.37840363809,5505.5751266864
3920.98231362792,5467.21369823058
4744.80548805753,4777.50379960984
1955.22930381656,2929.78999362274
4424.85463487194,3750.15624511883
4201.77414039959,5463.40588668687
4243.61708257069,5081.43989190066
4149.53812789399,4639.00475037679
3761.69289894959,1635.67437206195
3847.2208275997,4207.70846189948
4564.51092622572,6248.36604508293
3447.26558300608,5647.88198746316
4154.93779313814,5590.87940808089
4233.11970917399,5202.83233191655
3874.53308844178,5642.14172741809
4274.09471525746,5891.12185974603
3092.05352386296,4432.08053284087
4385.09362298279,3366.59883459195
4440.07852119732,4727.43477779361
4748.15434685709,6625.55842693001
3897.61355473997,5634.75360045623
1737.94800075628,1392.49137381047
5091.21148645803,5028.64303085417
7828.59501558132,4762.55671216434
4213.83768812615,6387.54715983735
3838.19688441376,5588.15156885064
4166.26372604913,7313.10838092384
4403.53920358648,4809.67039862478
3616.09227928486,4510.8491634614
4131.34023981503,2025.93794974313
3265.71742058771,1593.95991288588
4885.26449322875,5718.18251880837
2964.69935298195,8065.84485484595
4924.72406278734,4399.34519351208
4342.85215094935,5976.02823434844
4699.96507237853,4006.58116701238
4615.84698576895,6021.94820043266
3646.00953725682,4223.7921842622
4572.96645366745,6355.60763409271
3754.81771596758,3314.82507182752
4129.76550201265,5653.73557271573
4064.1387441995,3087.89599517766
5043.50098212725,5752.05449305437
4604.14437897596,5586.27620580829
3923.03686247214,2896.37301162783
3318.45523988288,4919.29900553175
3346.66678462425,5200.1044926863
8468.2376181164,4878.66430724151
4207.83654361964,4981.30227112344
4134.63186750953,5316.09791684545
5408.88846574627,4908.84179515132
3331.24455102859,3930.88119695517
3790.87798719963,3658.82754494998
3921.34539254552,7368.00852399347
4671.89638888864,6525.81871294486
4512.57264136288,5868.33207594282
4686.79192511869,5293.42230396027
4292.74610649007,4260.27782682043
5389.26811107985,6284.39754110057
3905.29681258522,4906.96643210898
3446.27124519057,548.653642988145
3812.29157766616,5643.10795166877
3600.01927680183,5720.00121924696
3711.76384963399,1317.24618457671
3874.95577895935,6622.88725030352
4318.52793834904,3063.68562915557
4391.25742417571,1559.12203153064
3666.5766724295,6039.90728583772
4821.9970312369,4918.90109873968
3837.45255174677,5172.88191727703
3955.01693177065,4370.75890991531
4904.56766394798,4055.34272038963
3622.92540686678,3977.48322856076
4381.60153324796,5063.25373322531
4213.55956650088,4331.60166787534
4572.73485753527,6587.3103236817
4524.45710945914,6636.29937318449
3361.4825633414,4537.16217722376
4347.09037382589,5148.6151000788
4550.57175329283,6441.30982227927
4348.16132546391,7051.34152863255
4244.30078637902,6839.70036076126
3377.38321731745,5069.27772914442
4420.65558083754,1841.97371524932
4580.65776435827,1374.07793043719
4357.21839875989,3678.77574146016
2498.60514071374,555.132472587622
7530.47947875617,536.946313912267
3810.96627650293,6414.25808039178
3534.58690230808,3318.68954597498
4320.57787801265,5110.70824101881
3981.59366868222,6200.34321983082
3709.08200841327,2250.3098092569
4669.56742214548,5680.21899714462
3559.45008243753,2281.51039544878
3971.01172846145,4414.63310229066
4803.2554428731,6684.3221984366
3829.90084460625,2212.85751959274
2919.75529180392,3461.50785017895
4045.54063327609,3535.3322457662
3151.48430866975,2005.25123653544
4551.22619885123,7160.11765935162
3540.59469861756,2928.7671067683
4644.46023080752,6644.1991550012
4278.83475105471,6764.11413876682
3189.83807417472,5007.21737809372
4854.73442910401,4893.55388637275
3497.44673939081,921.072041897752
4640.90570765295,5514.83861669061
4218.89855698573,4638.20893679265
3925.00323430878,3693.55199538389
3474.2733272391,2282.93118909529
4549.37571468528,6997.80636231618
4557.77676272736,5359.80169855426
3841.23640058815,5059.04801488953
3612.13112657271,4443.6172926795
5002.51216702469,5084.62230052675
4818.83152192069,6228.07702723968
3848.70507368568,3464.40631150336
3617.27514350865,5196.12627047607
4497.18814377435,6785.36895800549
3964.82074795269,5302.11747650587
2429.61571720639,1539.74246962051
4082.439748773,2332.94312545252
4413.57719034603,318.712409808009
3349.15885431642,5939.7696650605
2318.20259701733,1532.1838262783
3478.07766748721,5107.52540953747
3488.71517295869,4633.20782772798
4804.6400360129,5489.32141651241
4535.67502822595,5224.42839534354
3346.57638393446,249.945997316823
2848.82481749994,3579.09269007877
4026.49144740616,6300.2533444825
4379.32986840438,2246.44512368181
4162.20571403069,6113.95896612288
4278.30810696733,6224.32630115499
3712.05867565304,1798.55409226981
4083.40124261195,3915.65037363561
4073.63221515082,5126.45071919322
3897.01167730817,6150.33128347359
4051.03587085125,5769.55858620835
3763.68823356758,4277.66859476689
3559.18367549291,2656.4861700652
5131.77856350324,6439.832366029
3456.1221037901,2203.87818831783
3376.4346166989,3985.32592491846
3486.99153567589,3696.96190013552
8358.94378025047,5306.37985744541
3144.80179667839,460.905416808177
2340.85061578222,4472.54439760934
3030.00710783005,2464.05383629608
3517.5407831633,3801.19106833049
3971.14098628627,6250.58265231359
3190.2917679429,1281.83998576287
4105.43801929235,4904.01109675318
4300.16343613882,2768.67199410827
5389.55041746095,1884.37002851914
4331.63280789313,6257.51578702436
3986.35405408508,2113.28842770175
2179.41980109778,7048.329530673
3576.27224132053,4875.70897188571
3541.81765523369,3897.74837368955
3558.44244686349,6835.43797982173
3417.4619205234,7984.46213305794
3260.66865832162,4733.6296072345
4724.72167150775,2604.14408984217
4234.1230633819,3857.11367539931
4654.99046702121,5161.51556810493
2940.81662836406,6539.51499455514
4911.18684357957,4986.98544570949
5052.18456618166,4713.62474812056
4541.02408587328,3054.2515170572
4218.77402665313,1819.92287099888
4139.39909265473,5657.31588813389
2729.89302110938,376.964949315005
4314.72282296441,4000.61383369703
4260.96497823527,3491.34451675571
4305.47444541957,5297.62759944079
3926.75412129742,4969.76551128481
4551.03827414771,3790.79094340907
2973.10093184543,4858.26154133549
3250.23551682971,420.611724850166
2073.92777060582,3095.28412213952
4000.08257687012,2912.91109195875
3745.66732683368,2590.50447083565
3366.62223214502,6350.71985023556
3508.39993468233,3721.39955085552
4041.75853874325,4629.74126037259
3968.01666603471,5618.3294796157
4809.99682970468,4271.36001726322
7924.58429675343,3304.70910563541
4237.09490525195,5699.48512813342
3566.13904823449,4816.88811492011
4539.50400989245,5132.75887384163
3597.41090406295,3332.72707177357
3998.42104738228,4421.85081858599
3929.64413924657,5540.75414651614
4493.50429573454,4407.13122726602
3763.74267961824,7034.63324906272
3749.19709769453,4380.07948537853
3574.87884946188,5935.4506215172
3951.777681763,4577.56980224371
3373.58392220792,6982.80261226691
3955.32378797329,1665.90883971697
3666.33067041089,2365.73491595744
3892.98424271182,1448.18648475374
2767.884145028,993.134716791609
4342.58522270289,2781.85704371895
3844.36649304936,4865.59300569359
4157.2654438317,5059.21842555606
3675.49459223583,393.275665662654
2561.69101600201,2781.85704371895
8021.36128224255,2730.1970290173
3664.58314425519,5382.87521823152
3370.072870258,548.994622891927
2989.20303225417,2249.1163003083
4512.85518291486,4738.00573623681
3713.77056965198,5789.67719338506
3380.60819337546,839.007043160739
2394.21915519801,2521.39702558378
2313.80531397033,1885.16584210329
4629.70416357878,5242.15998462306
3418.69672259462,515.634409214586
4822.08066773604,4797.96322811962
3949.95678468805,4305.40240217576
3605.76564700374,6515.07734383513
4376.02110850268,3007.53594881646
1734.20932823417,1119.41483495084
3663.58914740414,5482.95617640498
3977.46388249382,5852.02128030981
3460.57932319436,5066.43614185139
3975.23570848726,6137.99871005082
3730.07719886905,5561.55439635898
3679.1410748251,5235.51058578633
8766.20766801253,2991.62305997552
3981.94547059762,6508.54169306117
3305.54594161304,6985.985020893
4433.1075740217,5306.83442684124
4563.78319808549,6117.25512281174
4554.42101649931,5284.21547655982
4574.61759973823,6468.24823895924
4143.33842282864,1558.26955534273
7801.94890425634,3378.87453398334
3813.01591281625,4617.57909761634
3932.20126141441,5322.3494088901
4375.20204180445,4298.12802327666
4088.38314253582,4195.03506714364
4723.03801173033,2242.12586871089
3698.84750919987,6351.17484248664
3555.2507587626,4029.25677989756
5221.83218015378,7064.52657824324
4157.94485444388,5966.70808174047
3980.31065737398,3281.52162646775
3783.11375136654,2873.75384991878
4050.25526897788,6842.20070386597
4402.33290764737,6381.18191972993
4243.49599889566,4153.09332326966
4276.05364554801,5073.14220329188
3763.60885439531,4822.23004531784
7528.29220915517,1063.83336635653
2016.69313808265,316.666477528413
4802.73037785331,7601.5294911658
4707.61155940971,5673.6266837669
8179.83197949075,1319.68986507766
3613.7733783864,5385.31932158772
5097.72146141026,4978.80150516348
2788.26432746666,4513.74741335819
3996.62351101667,5133.32719130023
6701.67899819152,962.445574026947
4656.13442846355,5910.04674654652
4669.62580301026,4297.04805096321
4004.48717839094,6385.33055260669
4750.44632563001,6399.76598519736
4001.03836761458,6215.85820187968
4525.61968071669,6502.34728647553
4434.2466086964,6476.48884210901
4516.5155927646,4471.18068942184
3829.22135177094,6274.05407878292
4046.68903371782,8.63842487526007
4294.42313979006,4983.46179289509
3896.36240181578,3688.66421152673
3870.55790197089,6751.5540692185
5025.54565361189,4076.65462508731
5292.4037438303,2610.96389934543
6710.01119635571,2325.61187252204
4259.25620432899,5019.49328891273
4300.43046477471,6405.73331851271
5070.64086663971,4755.90773618286
3955.53627664907,4348.42411836319
1314.19588680911,1035.53124148905
4693.26746658566,3501.8583897399
4667.39268476035,5148.16010782772
3731.22553717358,1493.36772271283
3151.58260532288,1854.93126873446
3901.06528990465,4610.13430805072
4013.95740387094,2536.85534502888
4388.66632842585,6454.83569322302
4402.13621275247,3432.52365979011
4299.85417443405,5684.08347129208
4162.73549766556,7647.50654270903
3864.74950158618,5418.2817341868
4584.38483261616,5938.00805008093
4382.24885017351,4414.86017556095
5014.38103324122,3944.23665723238
4148.25625639651,6792.98458109289
4661.04338576228,6114.01562872664
4004.17698912144,483.467651628933
4148.74120197752,6401.01594532209
3791.03943826659,5368.38312303709
4023.95363438552,4512.15620904515
3111.04161932267,552.5750440239
4389.49593951025,6021.66404170336
4373.71162192781,4708.39614293035
3924.0166262848,4297.44595775529
4140.20860682623,4449.30046726555
2244.38430166088,3479.86441952084
3871.54995895553,8502.37017136873
4451.43864643475,4444.86767565948
4581.41784706569,6601.00702814723
4069.5464842333,3939.00805204216
4290.20713494076,4869.51414244482
4360.26734632059,6773.71845010409
3777.23952031585,4306.42528903019
4858.44876024712,5357.18760738678
8925.92171250109,914.138590045536
2319.15126801088,4844.84941845452
3688.19175690016,4208.0497060878
2957.27580014711,3882.40380230722
3966.54412240203,3845.6902407682
4050.35264796164,6900.96489822781
3527.45323541409,4755.11192259871
3980.71249881421,8711.90848007213
3670.56183948444,6062.81039484845
2960.85635395993,544.902758332735
3261.53141116865,3224.0649005449
4025.69276908812,5864.80842312842
3185.32835858857,4669.29598634938
8744.0853096672,7198.47908780745
3678.4792158847,4679.6961112708
4177.30208754608,8161.60634662087
4053.51946999899,5447.43633524218
3762.2373160882,1262.91499324856
3793.2548355265,5839.12081228368
5092.64737010865,4658.72545076143
3519.07597085867,183.168709144981
2877.74756916121,4071.71017862639
6880.03175042897,3191.95496413373
3941.40451441454,6667.38642274123
7537.08997790334,505.575211340042
4042.14782180393,3948.61278623469
3796.97437296795,6460.178046476
4106.01775965546,6468.98696708438
4173.62210648198,2692.63120271799
4344.58463642175,7168.58575862693
4163.43631643423,5115.19769522864
4436.54202601756,5024.77855670671
4431.95499220488,6374.87334222626
3128.27620576387,4191.96640658033
3516.42481776426,1140.10165387234
2667.31621592474,903.965749822034
3242.07832430885,4081.93989288128
4100.5206833598,5161.79972683424
3712.73117224755,1047.52267643733
4228.58701652548,5772.11601477207
4072.3261917857,5859.06858593861
4159.26051344132,4526.87580036511
4521.31991759908,3532.83169123386
4406.40304784178,3232.36216629843
4079.98196613501,4462.59884208375
4203.62211027242,4879.57344603317
3652.05324241477,6375.55540774764
4454.80248027625,6016.83334330522
4978.54746015298,5728.52598112603
4306.83799871942,3792.78005451419
4117.23292725674,5928.17581976286
5081.84894517656,6542.2999192444
4749.45411824461,5543.82280707946
4534.35160951476,4696.63188696617
4935.58849059765,3576.81942024435
3995.14300549006,5622.3643644297
4411.1926335251,6964.67311619532
4494.8303697814,2042.19187134476
3945.62967340887,5700.84883632093
4034.61413449531,3282.08994392636
3918.79405074601,719.433039298899
3972.00169712409,5550.69970204173
4127.0822235357,7997.07844235476
3888.11415120611,3490.60557720295
4370.75061650955,6506.66633001883
3854.77696386443,3007.47907478507
4378.12576292637,4561.31566921446
8260.70108325281,5086.61141163186
3778.99708461389,6542.98156191052
4541.64142125163,6901.53321568642
2700.97063827324,1585.43515100681
4118.70101252005,6140.27197988524
3877.72838558334,2621.93255315308
4250.33158986692,5721.53576095624
4116.77819227245,4102.28557332828
2874.18675958074,4383.20523140086
3854.63971687307,6214.55115629594
2126.78549736627,713.238368428725
4376.93112136584,4737.20992265266
3689.16954536579,3065.3337075
4180.8155164902,4948.79442792019
3698.98859166582,3647.57494384065
3128.36723943657,3226.28129634794
3810.80141108233,3113.01549999142
3485.84264074639,4442.02608836646
9311.3538428329,1835.15390574606
8487.25790786652,378.442590564449
1902.99516610805,1662.72632537707
3570.2656574591,4353.93688228271
3745.2165260152,4714.30681364194
3801.35509062718,6064.11744043219
3879.51309818831,6984.73506076827
4004.91015154761,1741.77922044071
4117.763933699,6560.31524439797
4348.59345115101,3932.52948672722
4332.16317704438,5581.16134868085
8749.25034162131,2181.82755549501
4040.01880113154,5829.57274069492
8862.73471579024,4886.73407686949
4558.07418715906,6663.40820053099
7275.67852577568,472.783262264399
3904.0179700397,5113.72023897837
4112.22490178379,5923.91343882332
3671.65046510807,4911.34256111128
1660.37001438088,466.190790315965
4200.83801297016,7037.2473402302
4027.03744229464,4575.01237367999
3587.39946707661,4945.8390925644
4084.23568289371,6477.79588769275
3779.10903833771,3351.36779984476
4392.9122741661,6051.44404567635
3043.71356220641,4592.51646683397
2624.33732562114,1340.31980996778
4418.84997251405,6967.28763021805
4083.62407249691,2224.73552361968
7761.93554967214,2887.50721698807
4196.17331672362,4437.70662196791
4128.02017855105,6483.7632210081
4086.04933681339,6349.98112211042
3469.62024718467,4885.37036868199
3945.39534735348,5392.76411115334
3725.63947731586,5033.41706664855
3775.22388279678,1420.45257163106
3808.43985462427,2955.64843798926
4098.8468956762,5292.22858358405
3930.7240233843,5492.04925574266
3851.01622302956,6721.26283324591
4688.57873612741,3951.9656055273
2944.13663867433,3495.72043433039
4237.64239456219,6068.32315876797
3631.63480022196,6148.34217236848
4139.84645669023,2464.67902778607
3680.59669747255,6416.98591962203
3514.58640279163,3848.81598679053
3657.54699416624,3236.79516933213
4556.14021159044,6043.08969446381
3850.79836017836,2817.26313681898
2849.60117362874,3228.72497684889
3342.9958741729,3183.88477165049
3945.58064938656,4846.32687470479
4674.60621726322,3041.52124826998
4178.01722840132,4156.10532122921
3196.24326986631,3029.70032970205
4084.64222799279,5482.10370021707
4276.27371172594,4551.02929235582
3461.22271576296,1747.46239502676
4484.90368442205,6220.68890027782
4337.13875991439,5475.34055331758
4830.25774178943,2812.14827969154
4686.82433292143,6505.35928443509
4822.27580200646,5471.53274177387
4495.22894673597,6825.32201362961
3654.72142373051,1030.81418543987
3522.37041649049,9553.8707949952
4552.888333897,3203.15069121167
4464.93500272209,5958.41039313169
2802.81249032114,1069.23238221327
4186.51634597229,3243.558104804
3032.33301832974,2871.4239174806
3211.37229951453,2126.30285521827
5102.79368793396,3882.34671684821
3396.90070008199,5010.17271344951
8166.53740153977,1737.91474629325
1692.3577653309,1696.65485651301
3574.67343131668,5589.28820376785
4059.47210881318,4072.10808541847
3375.90020338376,4302.44706681996
3344.14719114931,3509.75796012898
1861.85486387206,793.030150188226
3353.46830414726,454.653924763524
4266.15935567831,3550.90431327407
4866.74156708274,4825.24246613265
4229.91361833798,5695.05233652736
4710.90510449156,5635.43566597761
3339.92015245229,2295.15001445529
4310.56769790442,5554.90499752225
4083.22670625199,7210.69791316745
3577.64695318399,4228.79329332687
2950.49244134411,408.790726996876
4191.9466536652,5481.08081336264
3049.436030478,4642.30090706565
3701.89856729042,6189.26102938802
4789.01479474482,4915.66160465458
3270.4279858452,3325.62310354101
4246.98751440159,5057.34306251372
3212.44561349546,4163.49344819108
4253.80766999847,6940.12214026779
3706.19048986699,5350.59487115381
3718.59895937695,2178.360776712
3207.09180278555,2733.15215294547
4052.66449676273,6414.31474299554
4447.52177346783,4798.24738684892
4394.25566006014,2478.09136209467
4780.71912645738,5942.09959749868
4077.69080100064,5710.62398117998
5643.65760326294,7640.85756672755
3568.27323235132,4729.42388889872
8249.9579375987,5181.23626848957
4014.54868813574,6227.28163651079
4053.29492665959,5794.45080632419
4295.03063112741,5329.56712518543
3782.28168537189,5465.84956718782
4057.91050449768,4276.58862245344
4786.62614643342,6823.21915446172
3596.58385848733,5662.2032491358
3718.94740204138,4372.80468362419
3902.99422426275,2770.94526394269
4278.73856201784,7135.16835377677
3446.94175549482,5999.84090500608
4534.780203619,5060.52589399505
3815.80644445959,1604.98522929729
3797.63374682664,3863.53557811049
4660.62776216986,4253.34469210965
5027.16053111632,5744.78011415528
4415.00540471899,6056.95680959587
4292.82777075806,6068.66398010103
4020.32690383987,4928.05084068112
4809.68101715457,5097.75068753367
3828.09042729635,4916.40033277972
8148.11951569609,4172.47277946598
4365.89900674106,991.827565494055
4784.50210222057,1817.19503176863
3207.02795688634,6490.18512371929
3692.86667622443,3454.6880406757
3307.8583241222,3366.99652995639
4286.20594706494,3866.83173479935
4534.63188421736,6633.05987909939
4399.02889540887,7191.03429824182
2258.8656359674,2518.10086889492
3954.04687291723,6942.1112513729
3882.0580427011,5768.81985808321
3891.89688632304,4905.48855300345
3985.55868667943,5198.56995097702
8370.69627906569,2639.60705697359
3866.73005480169,4605.07611352704
3922.87296639796,3098.40986816185
4277.82706233727,4474.42018350693
3898.29992286877,5292.85398650166
7973.79703345113,6328.44214414245
2763.55899078189,3643.36922550488
4495.10964141992,3098.40986816185
4681.41212267741,5127.30319538112
5118.53734259167,5402.99382540823
7951.26615293008,1488.87805707537
3986.05416310774,3184.33934104632
6716.49556147984,1402.72108806535
3472.36451002309,3746.23468551235
2806.67445528513,3075.56342175488
4060.75347715925,4094.84078376266
4034.68884153612,1757.80585734442
4267.24078030072,5194.81922489233
1793.37919433251,2756.79420150895
4270.23436912465,2818.39977173619
3868.20929149246,4860.64855923268
4449.56262835642,7340.67177766618
3583.91242766924,4849.45262072712
3836.35765441681,1805.37390177307
4210.16202370143,6659.48664092452
4188.10815494359,5103.54718732724
7789.38881257957,1235.01056374554
3754.72721714704,4953.96637050665
3518.60312030814,338.148872177985
3652.30997740484,7111.12903270408
4377.2277403367,5249.77560771047
3978.43430136349,3385.41018475729
4939.41419955247,5010.62728284535
4166.76857369136,4415.42849301955
4893.93703215437,3826.08328844633
4161.15486876871,2740.99506073079
4643.11169970518,2833.06248902477
4485.65732160003,562.975274659131
3935.77581902227,6079.74617054382
4081.48611922757,5224.08757401048
4806.96674674855,8971.85705478009
8428.13563076078,2495.36817055073
1658.91105476149,236.135888358416
3867.58656128387,5270.5758575533
2705.07249677697,1795.65584237303
4494.59523752061,5171.6319571523
3764.59052450384,3022.31220274019
4817.53813238283,6719.61496632911
3088.62231451829,966.139637507879
4140.82759872029,6329.29462033036
3230.89655087404,7383.12559925026
3131.50071914524,1388.00170817301
4716.72807196712,5927.38042903396
4233.42796589037,4698.393924801
5120.21393403958,6347.1395348174
3782.75238680535,5245.22906804163
3895.25240212071,4428.84103875578
4609.32105038177,3299.65091111172
4355.34191735771,1209.66366852005
5338.66416827008,8072.32384301615
4269.85244420608,4943.79331885552
3201.10347259938,3959.92204994777
4087.22907347138,5482.72868027944
4281.55745056055,4069.55065685475
4305.82155751293,4081.14450215239
4633.37418111424,5257.22039727609
3968.70365484409,1773.32083939328
3600.22194167564,3044.76074235508
2625.34605361131,1948.24908000843
4219.25054654054,6454.15362770164
9239.67236306604,2604.42824857147
0,67.2319541967077
3841.68069252255,3012.48018384975
5190.54614918373,5452.77826563991
4521.99304381925,5602.302842712
3879.83619581299,4114.04982929246
4279.70857467189,2873.12886985642
4410.36746419313,3510.8377210148
5482.98470471531,6780.48159700359
3438.0698656156,4768.80820420899
3994.34128443666,1101.22867627549
3281.90389677085,5569.68125144598
3699.95663096406,1204.09413628296
3842.32485321142,2058.50266697776
4023.4507684365,2864.60410797734
4209.3479612868,4619.62529418047
3894.60254344002,3878.08433590868
3825.50257064842,4395.59446742739
3196.5576924596,5061.26462212019
7911.45326013785,4797.56532132755
2900.77486398131,1994.62361548848
3726.84316886149,2265.02918914924
4011.86077889193,4089.89633730175
3323.57452008903,1651.24633385601
4214.20996693554,4149.56967045526
4066.66215193612,4712.09020641128
4559.36785720865,5650.60982669341
3802.62548357643,5108.09372699608
3226.46342722054,6614.4191510282
3412.21381096888,4712.54477580711
4322.19648760011,4143.0340196813
4722.72606614679,6009.6727124689
3325.68523151314,1403.28940552396
4409.11805509274,5794.56455438696
3443.06487039803,2448.25469551791
3923.25667627344,884.301923468782
4583.35622000507,8455.25648490829
3861.12905575122,4854.96538464663
2698.57667599585,4843.9398568076
4293.62898345739,6231.99858684616
4113.81205299694,6777.69667231432
3513.16615547389,6000.35213700568
3964.95648355735,4713.79515878709
4073.60737595577,5759.66969328653
4252.60575482523,6446.59509007325
3140.65415061945,696.700340954706
2384.15157484166,735.630086869137
3860.14562616982,5476.02261883895
3916.47061936235,4323.70230891388
4379.68523132547,4102.11516266175
3550.56227821248,6121.46084114752
3413.25690755993,5818.6042983149
4608.06412432114,395.32159794225
4013.83600124457,5819.68427062835
8039.81188671969,6999.28381856645
4096.35326563219,4340.35392587995
4209.95006772833,5454.36989280821
2415.15816377278,1688.47112739463
3973.49300054638,5230.39572865889
4020.7909402598,2383.06859844489
4353.9940805945,4427.07900092095
4075.96530576872,5754.27067742978
2503.0895616278,1886.07498089496
3842.90646321016,3714.7501520188
4123.0744402215,6312.07426305043
1627.46286797007,4845.87230530896
3648.34687008038,4727.32102973084
3854.81350715032,5308.82353794636
5043.16375649445,4054.94481359755
3616.44874297355,5350.99277794589
3554.13648011965,2551.74534701538
4394.46531027095,4679.80985933357
3609.55959712595,3204.45794822304
4615.23106766309,2258.89123373973
4147.44132664721,4401.44805267997
3584.03711544509,3056.63853495439
4466.25360368697,4827.79989469637
4085.4946047712,5279.04395682862
3978.43791759784,4276.70237051621
3731.62226429127,4384.45519152559
4122.62171142567,2776.06012107013
8316.20480351042,1766.04646049419
4297.09187357729,6990.24740183253
3753.72245646076,4035.11078800539
3951.13826957244,4451.91455843303
3958.98798784879,6132.42928352754
4285.00677863475,6421.98702868671
3770.63144743391,3866.14966927797
3546.94933026484,3707.70284639
3793.53702474249,6540.87912559789
4187.72245238843,4704.75916490843
3940.27005745046,4918.90109873968
3823.31982274624,4151.4450334976
4099.87694847797,4681.79897043869
3317.29454117814,6212.56204519082
3774.04515006133,3406.6083413922
3724.92584425136,2137.61233035898
3815.59691567742,4881.22173580523
4366.27157176395,4772.16144635686
3660.87564905295,5332.29496441569
4372.71605117194,5059.38925907784
5331.19040209661,3664.51071953603
3993.22315497698,5940.84963737395
3994.7339983612,2528.6716159105
3562.70393472516,1861.58066757119
3201.47390007255,27.4497320943689
3654.64214672292,7759.52174465794
4585.37992496517,6123.16579352333
4012.00514364974,5215.73322279794
3845.79550111093,6518.94181798259
4098.03790768709,4715.67052182944
4475.7695906018,5395.7761091129
5185.86449875789,6665.28356357334
3817.40673000234,4126.38240271523
3923.46742700844,4639.97097462747
4686.11516717507,1005.29666812023
3619.22534946633,1614.19205669774
4070.74239052566,4101.54684520315
4055.21558117232,1490.58300945119
6447.45062948354,1776.73074414491
3981.86002030337,4769.26319646007
4287.30618958527,6254.73128519035
3951.61817879606,5694.14277488044
4261.45742590614,3743.45018367834
3266.82657828744,3488.90062482713
8546.85506264011,2877.5047874311
3687.48063698664,5131.11058406957
3190.6650411906,314.279538916582
4113.73703950703,3644.50586042209
4095.57438223832,6757.69223605563
4225.26111384911,6325.54347139041
3976.73543939108,3289.59181895099
3526.70878258767,1500.1306581847
3917.08219161064,4485.16112976142
4141.57307016299,5250.7984945649
4545.5760337064,6801.85016430503
5145.61682885885,7354.99388504932
3797.46535842989,4236.5222416218
4713.3810158348,5549.39223360274
3036.09181892629,296.775366477243
3358.85592674927,3451.56229465337
2787.26675078584,4696.51856175865
4458.97065565826,4294.32021173296
3392.05445351004,1641.9258641066
3473.18658572188,5451.30080938964
3833.20936711802,4260.56198554973
4259.1374929342,4690.5512284433
3966.03844133105,5096.78446328299
4387.33346556108,4797.62198393131
4684.3870764848,6331.28373143547
3771.47522694715,2276.22491622718
3747.37851497456,6009.55896440612
3781.23033837509,938.689883114502
4222.18476463432,4583.7075462256
4712.18584614249,5374.46420441522
3439.90307122982,788.199451790085
3344.28699788949,3677.58202108394
4488.31090593013,4289.94408273065
5006.62822593996,6641.35756770817
4575.95768584489,6548.72182195559
4632.82275499964,6027.00639495634
4453.66889199499,5201.01363147797
4917.1953955649,3226.67899171239
4898.1791769865,4499.31240362278
3476.96337819406,2610.11142315752
1753.7742866189,2755.37340786244
3740.43088879566,2263.43777340857
4082.89893697252,7112.49231803633
3888.928051693,4430.03433627675
4105.70325650875,4312.16554907525
4607.94575046038,4009.53650236818
3887.1127334641,4944.87329116897
4116.14036757313,6536.44591113657
3219.7662152925,5349.62864690313
4015.40866288097,5003.18249327973
5041.9426647288,4571.14747667728
5046.51273938034,5007.84278101134
4176.00814504983,6819.07052158496
3657.69065603651,5590.08401735199
3477.42255455548,2629.20693205217
3884.52576694387,3481.96727868873
4450.56321354277,1784.23261916954
4083.13446935735,7003.71661017252
4401.67918926848,8113.92518841232
3321.3849005757,5280.91931987096
2888.40771524829,3233.44213861188
4310.22296342279,5681.4693801246
4025.66197089084,4257.54998759018
4032.09510834148,8106.36622792868
4065.32658971252,2958.60377334506
2840.37097113081,832.755551116086
4177.81806314997,6798.04277561658
3645.43347362275,6060.02547015918
4719.55401283195,3896.27049458403
4492.19418756598,3939.12180010494
4378.17728475186,5316.95039303336
4147.98406781805,6072.18763291543
4264.87782393491,6506.55258195606
3795.80973647832,5637.36811447897
7677.89137043686,6673.01293472351
4819.64117951883,6510.18998283323
3112.1854098937,4247.03611460599
3802.71969631528,2262.58529722066
3475.33366176377,6027.46096435218
4344.88570939,6325.71388205695
3894.02735593541,5270.63252015706
3987.23481354424,1351.17471571266
3058.45997275792,2611.53221680403
4443.54166174206,5051.31906659461
4044.78252082469,2756.39629471688
4340.7469126328,5910.55797854611
4247.30728972022,5288.25036137381
3865.22732674261,5608.55433475665
4224.40472589191,5522.79506111108
3878.16352267444,5934.42731180751
3649.61778046428,6441.7643916751
3749.57387188228,6086.67972810985
4586.42489975612,3709.40779876581
3851.85427009215,6059.45715270058
4199.16148470567,6538.94667709653
4219.09973067449,4807.39712879036
3293.28090343924,2030.08679404752
4215.80649004904,5656.46341194599
3777.66324541442,3881.55132611932
4341.92095751713,7810.89781205792
4376.06194052464,4953.79553698486
4110.38949569772,3767.48992760628
4383.88727390484,3922.41309767985
4342.01138337887,5320.7015419733
3967.97348397224,5498.75531718315
2697.32392499273,4702.94046446984
5185.14793921569,6191.07972982661
4245.5174794195,7188.98852453295
1649.9035654772,5781.49325283905
3497.28542924205,3637.40189218953
6458.3259082629,6301.10582067041
4700.07985596803,5352.58398225893
3833.10873407705,6176.30347590288
8970.92107955963,1061.67384458488
8232.85981761504,1819.07039481097
4068.31701811078,2606.19007497867
3779.96610543496,4459.47309606143
1308.85408054425,158.674224036268
4666.34456178562,6406.07413984577
3744.03287810265,3949.23776629705
4262.28878182098,4489.08268936789
3705.27587050857,3457.35900587456
4063.07699125132,5518.07811077571
4139.70361252357,4854.16957106249
4572.6306348468,4515.90735798509
4407.0512401591,6849.4184201613
4738.9130531614,6927.10750132364
3117.3876742305,5479.71668231988
4526.43995725681,5775.92382631577
3903.9585352651,5074.56299693839
3854.56555475235,4537.27592528653
3790.42245565906,3679.7986283146
4420.95038592505,4514.94113373441
4612.98489405132,4103.30888303797
1364.68073130437,892.25836788925
2096.49104105558,737.562376799775
4413.71038084067,5707.49823515765
4074.18803669081,5825.935762673
2491.08223065804,1525.13662636331
3792.67153174146,916.923303307174
3754.04180502267,3677.41161041741
4669.0270005912,4555.63249462841
4001.88737342286,4802.16852360014
4146.65156092309,6485.52483598768
3194.95890194255,3494.64067344457
4052.30147039076,3055.27461533927
4033.26497624822,3780.10665975835
3838.03333406842,4858.31820393925
3892.47598207238,4891.73560878942
3768.7884267028,4676.74077591501
3869.11371473923,4824.90122194434
3806.94064003701,4122.12002177569
5447.58759065379,4306.93694388504
8088.98910647006,929.653677808211
3793.54546240847,4459.53018152044
4488.59984437896,5914.87744494466
4149.29970144889,4688.90293867125
4588.93608375923,4732.60672038006
3674.69113804578,5264.32436550865
5015.42511633618,7232.29397659443
4068.59606935817,5368.44020849611
4358.39397482017,9198.27489943035
8683.88840157482,3344.2638316122
3824.90890029093,3295.38853017218
3990.79869782021,2548.56272696167
3703.9143895828,5443.68518630223
3542.13453291968,5200.95696887421
4110.21107590625,3042.6010091558
3497.59160562344,3239.97778938584
4396.8196572647,4468.22535406604
3433.57055045511,3208.37929640188
4099.09040840977,7023.89187995299
3418.78309896528,4379.73824119022
4121.08152011145,5827.98153638188
4419.95065856966,5345.82125821468
3701.3305812753,3808.57919529235
4165.05786663441,6649.48442279517
4100.4507242238,5242.1033220193
3736.24804545015,2635.2311393989
3904.90752570558,6764.79620428819
8647.16164717118,1738.08515695978
7769.77562153968,1451.76690588571
4191.96113087924,5665.95439807574
4004.65887884265,4817.79725371178
4043.44211801055,3618.3065947225
3308.76382830549,2742.47251698106
5168.7566192987,5893.45179218421
4457.59727983061,6995.58975508552
4387.88416629132,4960.33118775882
3437.78388812418,1552.01806329808
4281.32430972252,6524.73874063141
3579.77737262178,6877.49347175848
2656.94063991252,533.309071605815
4292.96053389045,4112.68612110495
4614.66719824768,4822.17338271408
4086.09375428801,3846.88396114442
4223.37992915038,6991.32737414598
4553.43698690394,5575.42151149104
3932.91312595146,4264.82436648927
3799.17521521432,3601.31373356812
2257.98675380472,4667.7614446401
4241.7447580402,5406.68788888916
4143.34863450088,3508.73507327454
8174.17653386714,1653.91740476869
4344.54990298232,6322.41772536809
4478.4745378516,4641.61884154428
7267.56701800275,3731.79967577694
4609.81180326859,4963.68442990669
4243.50839324956,3928.43751645422
3720.48397716625,2877.16375467041
3799.66550127488,2592.66420403493
4358.57506181189,6624.7059507421
7879.1946785165,1076.96154193582
4824.07132412331,6620.32982173979
8309.77139988497,2221.32561886805
4392.90191320809,5948.74899633541
3667.07803856992,3216.67677358304
4266.05751036466,5327.46426601755
3968.7568592767,5743.07516177947
4065.39872196758,5739.21026477675
4138.1380945619,5525.52290034133
8390.66171758391,3003.33023048068
4240.1481452518,5137.13500284394
4378.15811888685,3952.07935359008
3619.52729120505,968.526549691256
4436.6979354948,5259.37991904774
3120.73968648371,2314.98425147508
4110.17181407826,3452.75580360197
4346.65887258524,6302.81077304622
3995.79331827248,5433.17131331805
4174.77988600287,5135.8279572602
4119.34038918948,5950.79519289954
4451.92895435623,4971.81128499369
3572.19324483369,2466.09982143258
4338.37724514434,4615.87414524053
4471.8032713595,5695.27940979765
3874.53942788517,5152.99080622586
3412.02849772168,5434.93335115287
4340.21990437537,4253.45801731717
4558.7859566889,6908.69384652274
4822.50044790132,6072.92636104056
4261.24251524202,5081.26948123413
2583.7532586403,3408.82473719524
3202.17368931957,7150.5129251591
3678.18934733972,3660.64624538857
3167.27975914339,2901.71515345319
1989.38349324581,4513.06577069206
4156.45563625936,5486.93439861522
3580.89498426984,6226.71331905218
3365.81869624588,7337.09188510327
3916.26520397782,4997.49931869368
2527.71540495898,3535.78681516203
4472.76999949515,2744.63225018034
4002.18671089019,4379.11326112785
4137.60521346126,6652.49642075473
4498.77109673865,4935.15480891368
5156.38202691838,3518.45313267458
4224.27758918986,5405.94916076403
3058.56897228541,4113.42484923009
7919.18866023701,1221.99613622901
4266.22333298466,6472.1127131067
4328.19880237067,5406.80163695193
3580.04593579973,2907.00042124716
3677.00625607538,6318.26909249132
2406.39470165625,1085.54317784628
4257.45525501133,4945.49827123133
4246.07985082759,3180.64527756539
2858.1813837843,1202.90062733437
2827.8877422237,794.621460215082
3398.65790738758,4911.00131692297
3132.68167979816,620.432159152699
4416.94930910341,6579.86553411608
3994.20295572148,5524.55709894591
3652.26998778772,6880.73296584358
4776.45652754766,5631.62785443391
7982.32364143581,82.6901877493368
3919.19048394065,6835.09673563341
4243.7328379457,5151.51334997559
2718.97125095997,600.54104810153
3804.27565384094,3891.72395491519
4485.08804892941,4971.64087432716
3648.88555295989,5405.32375784641
3674.0512202412,3820.28678865277
4254.19518210708,7074.47213376882
4006.64447515354,7891.14474463923
4155.98386894488,4383.60271533768
7588.24595261226,1705.46377712139
4341.56162386574,5393.84408346679
3071.69115259345,2669.38706094658
4850.02842856022,4532.27481622186
3962.18928187643,7048.15912000647
4531.87542791559,5569.96541017528
3643.56831394122,4412.53024312277
8616.07966566788,3426.44257841199
3989.47915845362,5708.35071134556
4454.062655622,6196.36499762059
3444.73462886362,4916.51408084249
3691.19542876488,3081.75803976815
3566.46714965422,2805.04431145898
4357.92296119378,5343.37715485848
4269.66126756468,5649.1890330469
3994.65332090204,4636.44732181307
3747.76307007022,6606.74686533704
3721.97008492394,6186.58985276153
4413.61325656926,5109.62826870536
3331.91931398981,4371.89554483252
3701.2246938053,2591.86839045078
4395.61757290982,4887.41614239087
4384.84685088563,5034.49661610675
3951.86143499769,3403.82362813056
4090.94954629591,4788.07433519779
4127.38258463349,6529.05778417471
2012.45767332652,573.318631262977
2367.20074866586,6540.36747074304
3367.21632774754,5659.58915796831
3741.54492343865,4207.08348183712
4267.87326816824,5115.82309814625
5171.53965018241,5549.84722585382
3329.57907121113,1290.02371488125
3632.16761050047,7039.52061006462
3575.74528852963,3455.65405349875
3966.41417419287,5056.26351305552
4446.49953646914,4083.47443459057
3987.8755725646,4555.97373881673
3580.39992462178,4357.85801903393
4026.22633188001,2979.29048655275
3434.31246358866,4272.66748570222
4233.36732399227,5659.36166184277
2749.96868459255,5777.40128256605
4192.38126514549,5401.34553563617
3450.61560233925,5651.00773348548
3506.98946805358,336.841747308885
4785.50720720477,6565.43010152542
4821.88416414603,544.391262048609
4022.29257616905,3640.86888240017
4021.56362440114,4839.50706520153
4288.13084488977,6474.27223487835
4020.62202511472,6879.31217219707
4536.91485278466,6158.91270795643
4327.02268608729,6191.13639243037
4263.2001847119,2101.01272831036
4149.58420621692,5202.94607997933
3951.17484086774,559.73583343094
4657.86698591195,3873.25363751053
7484.83170274601,1152.71828031061
2494.90752956109,1170.10873111563
4076.82126958192,2247.46822196387
3819.63693256913,3355.9143395136
4447.92208247838,5094.1132866565
3957.58341167698,4246.92236654322
4276.54127125099,4745.5642738652
4233.64557294368,4881.79005326383
2000.16174980398,2115.90273029685
8031.33768039204,1201.53670771924
3470.13517350436,3467.41830946292
3088.44097433799,4005.10328790686
2604.53943748128,5181.06585782304
2871.35507974531,3733.44754269374
3549.28785217988,407.313112175885
4056.08505724419,4798.13363878615
2920.05840165895,4133.25887482225
4261.50758960688,4534.03643120143
4164.17594245194,5013.12804880531
4224.88264691434,7430.63676964752
4287.28008483943,6357.9946519899
4158.13295542218,4068.18652581199
4038.64145710727,2835.10826273365
5149.40985041873,5025.51728483185
3346.50933815446,211.129920179804
3793.71614818592,4278.40732289203
3733.86318368906,5126.1094750049
4933.98023130681,6498.19823074351
4366.46146104077,5635.71982470691
4277.57061103708,5325.0205855166
3626.57639183986,687.720903965987
4957.44483612094,7955.64877619088
4015.96327120494,6533.77515736533
3586.64056053992,2096.18202991222
3591.43274926048,5743.87055250836
3081.12841935838,851.055352140399
3463.1268313968,5506.31385481154
3897.3125712414,6065.59531953771
4487.72036706159,6955.35296358735
4282.2761413346,5946.19156777169
4188.58068100527,4823.99208315267
8638.17289893069,2380.85220264185
2640.644781551,3961.22951838676
4201.3848063304,6434.09210598394
3278.81262318158,2372.49785142931
4254.15802281396,5514.72486862784
3902.94227105431,6010.58185126056
4070.56254979634,4312.39262234554
2612.00509162772,1401.58445314814
4199.63054309048,5197.26290539328
4270.55262394656,6722.11530943382
2776.27919368525,1213.3008579696
3992.49041864864,5696.47313017387
3961.84384851644,90.6466321698046
3680.8302685944,3617.79493986766
3812.02304267406,4882.1308745969
3597.39199478973,4744.93887094759
7870.19250379921,4378.48785821024
4677.97636777755,2628.63861459356
3719.63136822424,6016.20836324285
4679.03266863275,5828.26569511118
4606.19298854718,5548.48309481107
3854.83363500249,4942.42918781277
4402.03732726677,7054.97892950973
4093.65506826848,4695.1544307159
4374.01562923775,2425.91969253817
4416.98933521455,4991.9298921704
5151.42188367856,6813.55775766544
3585.56300306633,5721.0241061014
4439.47530696329,1244.67196054182
4164.2298781101,4945.10036443926
5011.46278210201,6416.41760216343
3716.14963278751,6372.77090591363
4724.67672990922,5285.4658595398
4048.47183958465,5233.18065334815
4800.05011729557,8065.27653738735
4133.26892537398,5355.99388701056
4051.45008155638,6535.8209310742
4178.70312947648,6709.83982147006
3861.44266676695,1800.71382546908
3894.66941450935,5100.81934809699
4486.29246830345,1842.03037785308
8315.1437537542,933.4613836381
2826.53799005099,3123.64312103838
3759.96936896753,4093.81789690822
4626.92713193628,4378.82910239855
2241.86505065204,1586.45814357506
4741.03314751905,6718.98956341149
3625.25832293905,4938.62179912432
2719.47842677431,1646.41563545787
3554.02893174477,5548.71059093661
3837.96622616457,4921.68560057369
1848.03733736954,308.028046871929
4206.8295271762,7257.64076610611
3089.70146682641,6059.51423815959
4029.08920857054,930.335637615774
3860.26340779442,5484.49071811426
4566.44770400878,5898.56664931165
3957.4656554348,5717.38712807948
4026.43817679934,3820.96843131889
3123.71024844296,5301.83331777657
4838.1661323331,4345.24128688185
3824.404364628,6062.52623611915
4243.25881490147,5231.36195290957
4109.53627291247,3953.38639917382
8775.83799347282,1997.1810440522
3414.702965314,2667.73877117453
3839.51804471669,2490.31018745467
3484.75260655007,2930.2447744462
3698.85200468216,2137.72607842175
5343.118173462,4331.09043587574
4101.89019629542,3616.31748361739
3717.96070009692,6365.89401095136
2878.57845715993,8469.06609172608
4741.85416605326,4882.52878138897
3843.21095632454,2124.25687008177
4207.90763170034,6116.17557335354
3478.84535609322,4348.87868775903
4206.56459931612,5047.62500311368
4438.27688143012,4422.30538798182
4882.35166143039,4334.15909643906
4216.67053522035,1143.56832694155
3613.61241694828,6631.69617091189
3798.84932986901,4676.79786137402
4531.93906526953,928.232884161699
3928.10607567188,949.487914827994
3657.03446188895,3099.31921838114
4265.5100972173,4964.5369060946
3923.65370867471,4275.11116620317
4375.96633708153,5843.21235970144
4729.55426663307,5609.34972548555
8386.79829587258,1838.10902967423
3375.68056565236,471.078309888585
1942.6416460473,5374.23713114493
5067.40056835849,5059.04801488953
3886.45543718191,1350.32223952475
8215.55199211368,3569.37463067873
4619.83648841662,5921.0718515303
667.667494941975,7247.35438924746
3679.45011984831,3223.09867629422
4898.11598053462,5724.32068564551
3455.4947716493,902.601724493095
5047.89931420924,4111.37865266596
3432.20908450078,5651.74646161062
8494.76134078178,2775.71908830944
3594.6250612832,5286.09083960216
4324.84469415141,4040.16855967383
3919.4108108684,5632.19617189251
3991.79150125849,5518.81683890085
3680.16727520051,5453.85823795336
3002.21567111054,4125.07535713149
4173.91282030958,2755.60069256036
4264.78312443803,4942.71334654207
3152.47441461186,2966.21918500484
5020.28617277229,7254.23086135448
4795.72706650859,5103.94509411931
7660.09908275871,1563.72544523087
3138.63900147176,415.496867722722
3814.5879177003,5425.15820629382
4416.50605223273,5830.65271300837
4176.08660015955,2963.66175644112
4712.12435356287,4051.30783557563
4328.26281397423,4315.23420963857
4590.16744800095,5879.69842511492
9074.12264947934,2344.19572656184
4305.49450450461,6278.03230099315
3520.36064251951,3842.67824280864
1240.86413710939,2317.65542810157
4146.688375089,4761.07925591406
4839.91787950951,5952.61347048287
3908.64247268287,6535.5367723449
3486.28636875235,5182.88455826163
4517.20525233218,5663.96528697062
4121.58013245505,6323.15645349322
4764.65977985432,3465.65648305572
4312.11658970066,3962.7636372408
4331.33647417391,5068.99357041512
4309.17022713116,6473.24934802391
4441.71274072915,4286.36376731249
4723.03202607144,6590.89106195511
4630.36307452792,5859.23899660514
1700.60173478313,872.765057916341
3687.66211219787,5529.33071188504
3954.34790723416,3979.13151833282
3873.42258811255,5870.09411377765
3692.7609476787,7084.36102669065
2919.35416976715,3408.71120056009
4175.21214529059,6651.18937517099
4375.7309799952,4897.36169791645
4764.55828058118,5398.90185513522
4191.94535953595,4743.23391857177
3705.85494639308,5606.28106492223
4001.01509547869,5830.65271300837
3882.28925442152,5916.98030411255
5105.04074953408,4948.73776531643
4415.11976705043,6382.9435347095
4756.7755410522,3657.8613206993
4462.24856057466,2260.02786865694
3702.11207886494,3747.71256461788
3835.76026992983,2886.93889952946
3990.38167685045,6040.3051926298
4479.76908477747,6780.36784894082
4095.77278610414,5400.20890071897
3778.74263532871,1725.35488817256
4214.96847610075,2935.41629417741
4306.24981431244,5603.3823921702
4657.30565213488,6450.17540549141
3363.27913119972,1916.02539553448
4372.68229533317,5823.83290350511
3400.04248096819,5003.5804000718
3721.02625221713,5576.16023961617
4302.85135051834,6988.03121745713
7363.13286904231,5959.0357960493
4533.84917077813,5914.70703427813
3870.17000980096,5901.12407787537
5109.60633946788,6060.9350318061
4736.57876416958,4920.15148171966
2908.78615267668,3183.71436098396
4125.4765806917,6767.58070612221
4651.41370196447,5507.96214458359
6954.26404159544,614.464825837348
4124.99081210371,5281.77179605887
3863.20083631604,5829.68648875769
7995.20725277534,4172.18862073668
4646.76938475684,5499.20988657898
4564.21389057767,5487.90062286589
3589.18800161832,3095.79556556674
4063.21438301656,5874.69731605025
4145.12636010166,3965.37815126353
4404.92681411236,3052.09199528555
8608.24387726514,5326.44137916311
3365.36411620079,8226.11037817252
4185.14990241637,6197.95620193363
4428.84729277283,6123.44995225263
4018.74440684733,6185.96487269917
3729.55304180619,4970.22008068064
3818.77494551204,3136.25985319046
3693.43641315252,5234.82852026496
5029.57483111354,6066.67486899591
8720.80671012633,148.046695488893
4404.46146381682,6300.31042994151
4717.46093617945,5019.89119570481
3983.94425423318,4939.07636852015
4021.46187744947,6839.01829523989
3089.61478649853,4842.2919898908
4219.97720100918,6535.76426847045
4371.60797857902,6792.81417042636
4125.00233589363,6775.93505733475
3463.6625458358,4169.8586882985
3083.40911303941,4860.98938056574
3892.05900528528,7364.03030178324
3331.04907223244,2469.62347424698
3617.41987128251,6220.57515221505
3044.89639110075,6288.26201524804
3433.25308513964,752.338630723501
3953.81800207876,3891.61062970767
4804.01323213484,7027.81343955946
3223.50930833792,5194.08049676719
8337.56797197715,4622.69395474379
7889.76747945548,1346.40078563209
2768.93441300412,2571.18167724309
3570.47550996721,1281.27166830426
2490.79972278772,1223.07589711484
4387.25182037332,6173.29147794333
4190.72792216174,4800.34982316156
3194.94859218634,4202.19612083522
4453.45870790539,3815.91065965046
3982.60446874717,5913.51331390191
3368.88499080288,880.380522433027
3574.37110127663,6393.40074508993
3705.64706055161,5364.0640794938
3983.58008124982,6020.30033351586
3741.18687732147,5922.03807578098
6972.02678766709,705.452440388602
4589.50004987629,5916.01407986187
3474.98294444646,3219.46148684468
4357.9682085513,6552.41588543652
4808.87813102995,6261.26693596431
7815.56290045102,1046.89759066115
4210.41029695412,3350.7428197824
4498.82403122717,6975.81239209712
4141.90679272495,5768.64944741668
4918.95953476353,5391.4570655696
2132.40217503738,4744.82554574007
4936.17476148392,4502.32440158233
3554.39749851928,1235.86303993345
3844.36242916155,6680.11690295607
4774.79889016097,6604.64400616915
4801.09476569431,5846.90642318237
3930.55154721451,3621.71649947413
4267.77075380278,4655.14471248802
3830.86696759339,5767.45572704046
3600.18767719223,2129.59901190713
4405.56727028382,6376.74912812386
4431.48268248134,4630.65039916425
4360.57992522132,5628.84335259989
3777.67493986117,7035.3153145841
4161.94993035636,2335.72783871415
3731.99248906059,5056.20642759651
3194.96612806315,2617.442676088
1637.47217834353,2380.05660048533
3546.02572979809,4351.77693765581
3926.39365037108,6009.9568711982
2513.84656904956,2432.17118458282
4541.21641167992,4882.75585465926
3744.1608091561,4688.56211733819
4084.89754583547,5732.73169946181
3695.17077370743,4980.44979493553
3768.18744865856,3857.73865546167
4430.45241495513,7394.09361877503
4100.92679574776,3656.27011638626
4730.73677972602,5429.59099789989
3741.93684041405,8186.95398184304
4103.95365841637,6074.68839887539
4625.04761670845,4065.85659337382
3666.91858368123,3461.56472421034
4125.72553066887,6744.90509323703
3807.17487757308,5503.47226751851
4151.20701911198,4550.63138556374
4254.51550691502,6399.08391967598
4309.3464546024,1268.08672440739
3877.33587747162,5578.60392011712
4668.93591276438,6331.39705664299
4075.99618497151,4290.7398963148
4213.68892709654,1782.86869955442
4493.40417560832,7260.65318692092
3551.31612921442,4342.34303698507
5001.01197073148,4612.69173661444
3963.62064221643,4867.29795806941
3594.40295699104,5071.26684024954
4815.18980724774,7522.24920569042
3484.45887047278,6092.59039882144
3890.37732183952,5996.54474831722
3748.48873663652,2020.02749045917
4271.60538004783,5001.13671957085
8431.89721219555,202.491502737546
4153.06080660332,5803.20306432881
3961.47302584471,4572.6253557828
4166.4944951364,2105.04782455198
9059.61821838194,967.389914774047
4092.4322101504,4928.33499941042
3633.99267319597,1288.88707996404
4058.23375095769,6393.05950090162
3393.04200639414,5244.54700252025
5290.42909484963,7274.40613113495
3379.10113417307,5701.13299505023
4757.52375467665,3813.75113787881
3002.50571210719,2135.85050395178
4055.77218111879,4761.8179840392
4997.74307825485,5607.58811050597
3531.94100016128,2569.76088359658
3936.88892658686,4449.35712986931
2252.27633469433,2017.92463129128
3817.67713377614,2745.54160039963
3613.39227663347,3815.00109800354
3902.7539681948,4393.03703886367
4227.59019980824,4218.90440040505
3533.48144906932,3433.1488512801
3693.5233881525,5620.03443199152
4023.04329861493,6540.08331201374
4252.17451457191,6694.72232335802
4179.41871476174,5246.25195489607
4147.69457310803,212.664382603727
4174.58847152565,4233.2827475367
3770.46142326375,3858.47738358681
3491.46595651919,5494.20877751431
4418.66271856695,2650.74612144777
3932.05167647951,6081.96277777448
4111.82841735957,5468.29367054403
4239.19884791339,2231.10055229948
7812.4888789775,1173.74602627899
4055.31588471033,4647.07494286003
4839.69463372764,5931.86988324379
3591.43136907182,788.654126899731
3580.39399186025,2055.54733162197
2340.85263687341,3131.42915479231
4410.30916904322,6294.22934856339
4739.91055252085,6587.594482411
3303.88088949312,2146.87603179082
4948.06516676972,5479.71668231988
3584.38926190064,6689.03914877197
3822.05393067493,1723.70680982813
4443.31696033428,5015.11715991043
4437.09635295671,4531.70649876325
4030.50185634142,6639.59552987335
4835.93150642889,2061.2873802394
4483.70455451285,2519.69207320797
4698.12392550359,1958.36504620054
4394.76007504062,4919.86732299036
5239.06279777091,5432.66008131845
4301.95543079923,5729.03763598088
3603.30819177919,5210.44795500396
3617.60401674511,2451.38044154024
3561.94363106043,4881.44880907552
3581.99332382721,3506.29118134597
8795.79184959941,1780.19752292792
3478.53167809009,3959.69497667748
3800.93523435249,5098.88732245088
3704.46543849822,1333.67051684487
2837.96539761016,3118.69867457747
4222.15575656729,2596.13077139032
4087.61647191558,5047.17043371784
4452.09492765477,5506.76842420737
3810.95374412622,6164.59588254247
4107.96013558886,4512.89493717028
3131.60654586814,278.93018770567
4225.63941849962,7630.79784028395
2624.66484096707,2575.61468027678
3551.26009980889,4099.27357536873
4930.77555508071,3551.64304139921
4017.9739669385,5671.80798332832
4689.55201211178,6330.8858246434
4673.61440588722,5820.82090554556
4188.20517519305,4955.55757481969
8720.18662320791,2698.54166200196
3870.17212770948,2227.97480627715
3948.52339038182,4940.44007670765
3967.03970313502,4988.23582868947
4409.35118975668,5946.07781970891
3464.00851690546,5035.17868162813
8078.04987545721,3966.68519684727
9555.77253256705,628.956921031772
3413.73931141508,3875.92481413703
3739.81845767947,6542.92489930677
4275.7516645602,4136.27129563706
4601.6574833955,4134.3388471357
4521.2640642083,4916.11617405041
4061.67577659446,4887.52989045364
4355.74612360192,6081.50820837865
4769.73066107834,8435.19454033534
4295.76958520421,5168.73328440026
1816.91001637847,190.159008600131
3975.35187031666,3382.34110133872
4236.58444598176,6321.50858657642
4458.65218582062,5775.46925691994
4058.91419956407,5353.20938517655
4418.75424482692,4595.98303418936
4132.46382581758,5388.04716081797
3891.97596282409,4800.91814062016
3700.4933445702,2239.96634693924
3561.30850337162,1292.18334236671
4428.35362142497,4999.94299919463
4712.60924841661,6759.39718843145
7999.48796600162,5447.89090463801
4110.36157259152,2858.52302659922
3301.8214893321,1798.44055563467
2673.8298823431,1087.75957364931
3289.59603996952,6816.11518622916
8970.04100614589,470.850972333762
4000.86946061629,4113.42484923009
4327.16249605545,5866.79753423354
3935.19239286851,3772.03646727511
4864.01826095075,5481.47829729946
4137.67209350328,5486.0248369683
4224.53555901443,4547.61938760419
4319.18910953925,3364.78013415336
3616.26449377672,3649.50739234201
4098.17815451532,6600.94994268822
4883.43392201728,7923.48133146544
7293.14988629419,2146.53499903013
4706.44168281142,3451.4485465906
4545.74444062461,7839.02952625886
2885.71078858131,92.8630676155179
3788.70420440247,6545.65273853702
4169.0881104946,7138.63492113216
3332.67673654249,1822.4802995626
3650.09388190552,5459.59807514317
3771.11587295749,2654.89496575216
4519.54164762625,6350.3790289025
3739.05024263371,5799.96357024371
3896.39966517684,5426.4085892738
4205.85298454919,6231.82817617963
4517.61650532935,5889.24607384843
4054.42700378109,5432.94424004776
4235.07331539994,4055.62687911893
3744.12683456798,702.156177985931
3680.65019984659,3457.58650200011
4127.25053385142,4491.5830324726
3947.86843793368,7814.53521293509
6107.95177825769,3146.5462300491
3999.57573963274,2514.9751228726
4152.63802301748,5110.53783035228
3505.74898392519,4940.9517315625
4301.27494603784,5730.11718543907
3551.56495988773,4520.56722286145
4010.79207418626,2668.53458475867
4414.62947469538,4666.51106166012
3564.76577064835,5373.66881368632
3768.7104486549,5221.13223865468
4290.52156613327,3757.20355074763
4041.56995036902,6143.45481136658
3846.64339295953,6147.83051751363
3688.30077825104,6017.62915688936
3044.68208030169,4447.70926295251
4024.38456834714,5967.33306180283
4455.13852024477,5214.82408400627
3974.67762907117,5999.84090500608
4659.14781205097,3796.64452866165
4103.11781090721,6343.55921939924
3360.18415784427,5098.7164889291
3980.94590965802,4986.18963212534
4512.07197143422,6192.67093413965
1806.39588433442,391.854872016142
3432.18079818135,4672.02382557964
4090.62691164458,3902.29491335839
4222.70285115737,4425.54488206692
3089.45165253543,4485.89985788655
2219.40537691963,2472.52172414376
4151.8532024362,5420.78207729151
3483.52974836405,4080.23494050547
3872.26271275103,6828.90232904777
3901.05921940345,3741.06316578115
3716.68581812693,5522.73839850732
3718.94863784383,6237.79550949498
3551.25780912834,2803.90767654177
4695.48259528866,6927.78956684501
3363.07439377094,6201.99150960287
3397.77933138291,1043.31716952918
4888.44229004297,2802.65750498942
8547.1519930338,1525.98910255122
4792.85913540669,6507.51880620673
4184.88369163882,5811.84157427065
4433.56567806505,3952.42059777839
3936.20146249778,5502.33563260131
3602.05467205054,4059.88926005846
4402.33266499292,5423.96490877285
3145.61318504082,1141.40869945609
4616.61312363473,3839.60958224533
3916.99775107812,3079.54164396512
3711.91732555624,5658.85042984318
4050.59393074448,4651.05316507027
3358.71519945082,2993.89632980994
1839.52660855082,978.472105216841
4196.3536604045,6099.9785257833
4415.64827619064,4618.77281799256
3976.8372201183,6804.46467832776
8049.51244131046,4151.33170829008
3912.94047565759,2141.02223511061
8273.59404071807,3021.91429594811
3393.37467522075,482.501480235161
4136.09002733229,3310.96059768006
4411.98826261321,4463.33799306414
3944.06029538396,3789.42681236632
3975.08540770907,5280.18059174582
4028.95933466525,2034.34917498706
4475.51190789429,2775.94658443499
4800.87510889748,6682.61724606078
3591.47279347805,5846.45185378654
3828.1914783291,5797.63363780553
4386.97619694537,3715.43221754017
3868.83547723342,5159.64020506259
1884.07093670873,523.988654713314
3324.36955633104,601.620808987354
3837.7561396736,2477.80720336536
3794.09159476572,1499.16453964783
3881.32110682321,4854.39706718803
4282.22039020102,5816.61518720978
3669.90770418207,1495.24319146898
4279.71625418595,739.437792699027
3655.5968191927,5036.99738206671
5383.21412673371,4395.53738196838
3764.71903175547,4134.11135101016
4736.86906782133,5999.21550208847
4209.07556780974,5129.17855842347
3660.04610252599,6341.45636023135
4520.36790331194,4947.71487846199
5087.71213826134,4798.24738684892
3944.91107316215,4245.72906902225
4174.92649391348,4752.66824209776
3913.33091928408,6142.71566038619
7835.27627610496,1223.87160498517
3805.89899802382,3486.62735499271
3364.13901697808,3623.98976930855
3931.51847565629,6602.93905379334
3972.26384753466,5275.12239722214
3563.75087505753,2021.90285350151
2546.69329989532,2509.06466358863
4608.05799279914,6561.33855410766
3766.4073729544,6763.82998003752
4563.80754410515,5842.53071703531
4571.99026999017,6809.8066087255
2663.52930126647,4672.70589110101
4422.99951270862,7764.80743530717
4291.79409476105,6689.32330750127
4347.63759824859,4831.49395817731
3861.41265084416,5598.04046177246
3688.27228705809,2943.65689732718
4144.0446759909,4916.45741823873
8338.03853141884,5602.92782277436
5205.52039142057,5716.02299703672
1526.27999670642,1099.01228047245
4668.71356433877,6391.29788592204
4794.8145667139,3130.86083733371
3547.03808103602,5440.38902961338
3584.16049967984,3609.95224350996
3819.8117620454,1485.46815232374
1668.73562809328,158.219575355074
4196.0911309707,4770.79731531411
3087.83365838347,4136.78252763665
4601.08040981938,6441.70772907134
4608.16205842459,4368.20148135159
3747.30377572291,2160.23149206803
4795.61324436627,7269.12128619623
2323.48379722667,3188.03340452726
4302.94335895197,4567.62424671813
3159.11105390124,4116.77766852271
2406.21368101902,1798.83825099911
3255.45853502485,474.431393465735
4013.85857166374,4712.65852386988
4478.29286657156,1931.93828437542
4545.13274357487,6321.90649336849
4485.33836188315,7074.92670316465
3170.22557659272,5140.09033819973
3837.83038971371,2994.12361450786
4274.75264624249,6851.80543805849
4184.42935984239,4797.62198393131
4405.91451901771,7134.08838146332
4591.11317608268,5997.62429777542
3984.43000788852,6169.54032900339
8001.08962902189,3288.6824687317
3891.06534355515,4310.2331005739
3829.62718736072,226.815497894369
4989.23055493959,6258.76617000435
3859.4357639722,4474.19268738139
4292.90082355408,6456.88188978714
4672.51569171047,4168.38123204823
4588.45008604494,5213.40329035976
3529.18855703403,6049.22743844569
3868.62315419682,6015.35588705494
4199.18320682988,4682.9356053559
3870.08151048265,5530.12652546918
3926.42613762712,5972.33417086751
3741.54197109257,4580.63846280703
4049.08045302832,5113.095258916
4201.64221062847,6126.40528760843
3547.22465712837,4346.037100466
4413.44981968599,2038.21364913452
4064.54885443183,6060.9350318061
3112.98170989991,6219.77976148615
3871.28086814854,2176.14438090897
4286.89740568841,5585.02582282831
2525.94279398555,2516.16863182119
8472.06919577545,908.910090569134
4165.93697837048,6472.6239451063
3590.4028267356,935.279978362873
3805.69992450113,234.658273537425
888.288631586689,1702.50854747941
5769.06181108783,6659.14581959145
3611.48412930784,4332.79538825156
4283.49439419326,5373.95297241562
7593.92564707535,4900.88535073085
4752.14025448503,3873.87904042815
3356.51184449749,4520.79471898699
3289.27866823403,1319.80361314043
8085.34474998859,5845.03106014002
1428.37926126047,1097.13681171629
8498.23496037049,7744.97298685976
3872.88520863899,4717.31881160149
2919.54158325392,1675.51346819568
4967.44219374045,6787.01724777754
4492.24924914061,3159.44712093048
8788.8195592035,3324.99791205102
4033.88136012933,4683.56058541826
3494.61610403884,4833.31223576064
4102.19730242754,4913.10417609086
4751.24244764443,4037.09989911051
4402.79889303026,4535.23015157765
3944.57809195104,6264.44934459039
4222.49123730798,4082.2811370696
4299.28989900165,3940.25843502215
3950.44548052426,452.494350134969
4743.92119995641,5663.68112824132
3119.65421161322,2724.85467576431
3035.63444335913,3100.96729672557
4132.15742250171,5506.42760287431
4172.50460247105,4584.44627435073
4265.29174896111,6238.53423762012
4762.36498425783,5429.13642850405
3673.90255622058,6601.4049349393
4122.74296313478,4614.56709965679
3461.1029059961,1350.60639825405
4222.30135921856,3534.70705427621
4156.2718543173,4785.118999842
4156.11225309197,3618.19284665973
3579.76781667897,5108.49163378815
4508.86104964432,6587.594482411
4428.99290463239,7030.08670939388
2929.54073621977,5009.14982659508
4444.00176680546,8216.61981489801
5485.89595808441,7034.68991166648
3422.38643963959,5201.97985572865
4599.31593252436,5453.00576176546
3659.24747865012,6919.8897850283
4412.50932758717,4079.15539104727
3990.51163888637,3738.78989594673
4379.04058349075,6093.78369634241
3721.07283638676,5832.01684405112
4791.01428605414,6948.70356475062
1250.46782537874,1363.79134215092
3675.89280515702,4213.67579521483
4360.37030256012,4992.61195769178
4176.0892504889,4645.14249435868
4424.1732772235,4669.06849022384
4618.13121127939,4726.41189093917
4465.02330633005,3194.22823396815
4398.84208874028,4825.18538067364
3974.77495367087,4740.10817254945
3897.46587077545,2167.50587096712
4917.06986040609,4616.66995882468
3766.50751342632,2511.4514700582
7518.06242790977,3680.19653510667
4168.33118424159,6347.25328288017
4516.09972479766,1490.63977776876
4481.50859808937,3547.60773372996
3083.53738486067,2028.38184167171
4097.96356581323,7245.1377820168
4489.75754408866,5459.08684314358
3920.44718099908,5309.96017286357
5023.95209859047,5852.41918710189
3288.10811300719,955.512122174731
4615.71866239495,2094.98852096362
2427.01483067828,5333.82950612497
3834.20015107576,3247.53632701423
7918.79530260607,1712.90877811464
2504.16846773429,4214.92617819481
7317.97507471972,1168.80157981808
4180.32604625343,4914.1270629453
2671.20117118002,4649.80278209029
3843.23055775019,5648.50696752552
3764.05428608762,4301.99249742413
3967.67466533565,4717.14840093496
4034.58879489321,6210.57293408571
4641.49849383326,4370.02018179018
4191.75506654656,5539.78792226546
2504.36399640661,4470.27112777492
4031.33715020057,3689.00545571505
1597.45727235787,4023.68735337429
4135.56608154796,2221.95059893042
3831.1116472916,6292.4106481248
3825.15604927705,5357.35801805331
4040.65514457487,7477.23880125312
2925.11170003509,142.875003972744
3972.83905594248,6374.98709028904
3077.64533283373,112.413185548679
4327.91272743296,4494.65211589117
2783.99925047985,3534.36602151552
4545.92003304065,4033.97415308818
3618.24538240809,3165.52820230861
3520.50031122824,4341.1497394641
3276.58869351685,3945.60078827513
3967.88447969518,5075.07465179324
4298.0824070626,6029.05216866522
4155.5523061415,1154.36635865504
4682.47335438465,6227.67912044761
7269.53388821764,1411.58688270511
3761.64313773851,3953.95471663242
3649.87499794536,653.110413022477
8338.97502618852,2332.82937738974
4326.10273376029,6112.53817247637
3258.71074791027,2657.11136155519
3939.84474292007,2815.67193250594
6879.60322832294,751.997650819719
3373.41429396595,4099.84189282733
3811.84782865653,5078.3708084821
4259.85235427206,1655.67912546208
4022.90510153236,4129.96271813339
3149.53909147167,1367.59904798081
4290.71769961169,3471.85110106899
5026.54793239423,4203.21900768965
3848.45109245664,5897.03210760237
4322.18616468656,5977.90359739078
4105.50753625309,5357.13052192777
5173.34538962468,5260.06198456911
4832.10482179287,5454.08573407891
2737.36031594163,65.8111605501957
4227.80583407686,4581.15011766187
4122.52776578755,4371.09973124837
3704.22629519413,2204.33275771367
3928.38998252301,3436.21772327104
4165.88780350338,4846.04271597549
4230.41701895769,6562.87267296169
4201.38712702158,6355.66429669647
4415.20129275542,6316.39372944898
4952.85343734818,5994.72604787864
4495.4230982903,6492.74255228301
3483.01358669537,4256.24294200644
2276.06164691167,186.805938237207
3290.29868721072,824.287610411492
4016.84385466619,2564.07770901053
4397.37991228738,4694.24529192424
3865.05271229364,6146.06890253406
8801.46708850202,1338.55808927439
4352.82285646985,4561.14525854793
4238.63102593876,4758.18100601728
4116.6117920567,3867.05923092489
4261.29306032918,6050.0799146336
5273.80671375371,6379.07906056204
3870.03366258144,6036.09947429402
3435.9292718387,5247.67274854258
3733.89228204958,4876.44770001085
3938.28666582809,5679.82109035255
6823.40581380901,573.375452437456
4079.82838477938,7229.16823057211
2758.26858465932,708.294027681626
8979.64306926201,7063.61743945157
3623.00738252578,1552.01806329808
4429.50604764907,4552.39300054332
4082.82799941043,2784.41447228268
2786.94301479872,1044.79473149326
4870.70354828395,7694.33607044017
4488.65594162258,5544.61862066361
4244.7503903684,3680.42360837696
5151.85648531493,6875.22020192406
4326.73267095076,6286.55706287222
5692.50332027299,5471.76023789942
3461.43764615874,5129.0648103607
4206.90108888342,2509.57610701585
4272.94544051322,4359.84713013905
4124.04756279966,6590.03858576721
4062.55054530841,451.698695121541
4097.69930413396,2760.60201305266
3936.48859418521,6159.0264560192
4251.38132101444,3118.52826391093
3358.98232901318,1868.1729809489
3686.3373834836,4950.61312835878
3602.46804812072,4181.05462680407
3264.52605985842,2186.54450583038
4943.54155761642,6339.80849331455
4431.25930614787,5087.97554267462
4378.87749733441,5456.13150778778
4355.53124695037,6157.49191430991
4216.25248236736,4199.46785874971
4312.16807802542,4611.95300848931
5005.60774432139,3717.30758058252
3862.11397440978,4199.07037481289
3599.76176108238,4906.22770398384
4448.58624454638,6780.53825960735
3836.25068705444,6281.66927901507
3697.69065056852,6128.28065065078
3610.62197833687,1994.62361548848
3187.51495493459,2654.09915216801
4120.9387714044,3736.11871932024
4062.26312065847,6086.11141065125
4173.86191624602,6665.22690096958
3562.08275569778,4212.82331902693
3629.94278425643,6137.14623386291
4839.78207097189,4937.88264814393
4059.19044057339,6303.89074535967
4146.36986199876,7330.04457947447
2056.52867333168,4133.88427773986
3532.63677776376,3647.91576517372
5437.4077119391,3550.2222477527
2530.77168158596,4426.90859025442
3080.94192352494,917.775779495082
2817.3495368938,3142.62488187025
4429.43813153231,5053.42192576249
3969.55547204498,6256.37915210716
4211.5299372991,5525.69373386312
3924.2011172359,6084.57686894196
4349.37123396092,5322.0652501608
4293.12433655198,1839.52982332074
3732.90914690278,4858.8298587941
3800.29608691515,2495.14088585281
3979.025998577,5396.62858530081
3768.9853590497,6459.78013968393
4071.59899447992,5892.315157267
3498.97455425925,4517.0439929023
4260.86807991264,6231.77109072062
4461.1692986056,4364.33700720413
3972.58216548277,6413.97392166248
4279.62138601951,5062.1170983081
3886.43164568908,6247.28607276948
4339.42432969101,6662.49906173932
3633.30284025398,5914.53620075634
3541.60466095474,4120.24465873335
4339.62885492102,5134.5204888212
4393.8119560336,5158.95813954121
3982.50624328136,4900.99909879363
4470.75147492753,4131.83808117574
4188.2412351552,4744.65471221828
3873.52541416939,4063.92414487246
4591.43775267571,4802.56643039222
4021.84747203555,5466.02040070961
4158.31605037269,4962.54779498948
4341.36441488644,4361.38167184833
3944.33070227001,5553.37045581297
3342.3712727591,4412.92814991484
3682.1647366767,2415.80372634605
4579.96551169311,5343.26382965096
3602.22837505068,2434.21716971932
4304.45512023237,4473.85186604833
4586.49869205132,6476.26134598347
4228.61435836211,5031.20045941789
4032.11453951792,6613.90791902861
3638.07359179197,4486.58192340793
3823.68453469087,4362.80246549484
4337.25020738243,4643.72170071217
3883.13066760346,6498.3690642653
3084.46962153321,1563.83908757983
3912.17397017636,2273.15604423624
4411.59668430237,5405.21043263889
4406.92404655202,4237.94303526831
8728.14106400734,5276.20236953559
3930.36643709455,6684.09512516631
2710.05964231346,2402.67555076675
4378.14393481461,5606.33772752599
4963.87390299313,6682.39017279049
4451.32344666734,4952.31808073459
3795.39338428908,4880.31217415831
4058.59849596605,3396.54903780385
4305.78077562323,5694.14277488044
3858.410969412,4698.90515680059
4063.95617322122,5916.4686492577
3174.68730796922,2466.3271061305
3799.29801110826,5430.2164008175
4662.37330285136,6381.46607845923
1182.82590194526,2801.29337394666
2553.05788608381,1370.66802568557
3767.17080842546,5086.21350483979
3994.01891624689,4096.26157740917
3909.32054183674,5216.3582028603
2927.31856788277,6036.7815398154
4486.82779143179,2873.46969118948
4391.41505514762,5255.91335169235
4000.12497668097,3468.61181841152
3663.88619798155,4018.74290691337
4057.92295270155,3260.89178729145
3836.99249188146,5233.23731595191
4054.77048606997,5296.60471258635
2597.14638969675,3268.79135768053
2076.2782142537,6416.19010603789
4211.27944061924,5772.51392156415
4058.18137867508,5442.88979557334
3454.05365373629,6577.19435748959
4034.99294965098,4649.80278209029
4758.60176510116,4994.48732073412
3847.38404526975,4482.0924691981
3872.78405407419,5946.98738135583
4061.42638175748,4586.15122672655
3376.96245839865,5147.93303455743
4014.66544173218,7662.45363015454
4881.56988157425,7088.05509017158
3378.59979498114,3815.68316352492
3557.09058173313,304.390804565476
3911.11377362831,3811.13662385608
4032.3262822196,3814.88777279602
4333.68188813307,1752.5772521542
4334.98980768833,4602.12077817124
4673.6125253452,6476.03384985792
4438.09105413923,5614.63541613477
4168.82145637901,5643.90376525292
4139.18208495145,3480.94418040667
4549.37306982381,5406.57414082639
3651.01171706358,6969.33340392692
2680.34282265541,1864.47891746797
4100.84393391951,7174.78058806783
4095.22310372369,718.807900665816
3719.64031046376,5046.14712400815
4404.52310983101,4737.09617458989
3965.58042932716,4806.82881133175
3348.18207634944,7195.5241753069
4154.06248960905,6202.61648966524
3451.03150663686,5125.14325075422
4281.36064746936,5619.46611453291
4411.47641629771,4964.13899930252
3513.01395016528,1908.58039454123
2876.82175896982,3809.43167148026
4530.89644939574,7017.75413597111
2763.01303972352,2959.6266601995
4429.75726773093,3581.59345603873
3812.65420188844,2824.87854847876
2573.54733999714,174.587112877203
4132.47811620451,8218.26810467007
4156.65214113248,5130.94017340304
3514.55114054111,6399.02683421697
4388.8604601492,6467.50908797885
3860.19462246646,6591.11813522541
4179.36829520687,5441.98023392642
4406.86002386483,3674.57002312438
3179.17263226419,3841.71201855797
4049.99599159655,4888.09820791225
4169.61397372513,7589.70899545312
3238.47888052561,849.236757415626
3553.61322884704,4246.97945200223
4040.36380862185,5377.47620237477
3865.89833420101,2944.73686964063
4559.56366399569,5504.77931310226
5795.46876671279,6426.87438968861
2318.53582867813,703.520150457964
3856.65955880312,806.158272910617
4254.66325051209,7131.07680635901
4169.21197904686,6884.99534678312
4172.95102942213,6665.45397423987
4248.80240040377,6009.55896440612
4119.9465678335,4750.50872032611
3942.73587238547,5738.18737792231
3982.81079279886,3405.69899117291
4478.56780772444,5713.69306459854
2641.59517657209,5526.43246198825
4222.11794159287,6589.24277218306
3613.82652004351,3563.91852936297
3638.09832289534,4405.19877876466
3631.93946039601,2256.50442727017
2600.3897338623,146.057584383776
3304.82370080346,2581.18410680006
3984.83007695964,5938.80344080982
3934.29492167649,3319.59889619428
3806.17113958886,5311.83553590591
9071.31306166018,2132.49747323154
3853.02193669927,6576.45562936445
3965.14259492081,4622.40979601448
3994.3782699304,3843.47405639279
3703.01843578248,4946.1232512937
6519.26964422243,7470.0781704168
3992.73738460375,3976.11909751801
3378.68912482598,591.845769842113
2466.65066907502,6477.90963575552
4420.24187877296,2768.44470941035
3657.73612389169,4644.11960750424
4116.20321749921,5602.98490823337
4898.83078031287,4973.40248930673
4159.55578536039,5019.0387195169
4324.53513403388,6256.3224895034
1959.80880072478,1447.61816729514
3831.81333875528,5757.16935018182
4135.11148888331,2323.56588738554
4153.5982829402,4898.27125956337
4323.91167854468,2921.32210577506
3874.37886884507,2892.39478941759
4248.8820796042,2145.96668157152
3259.17709686739,3189.62482026792
3464.97225720865,6617.60198250954
4521.29746464933,5262.56275052907
3112.42810305688,5554.39376552266
3599.80573344255,3877.00478645048
4358.38163400662,7019.06118155485
5070.39821706801,5164.52798891974
3407.13077200339,3241.17108690681
2640.51613367194,1338.84224800369
4530.96708042737,3274.87243905865
3973.70360767114,5030.85963808483
3945.36438552507,5649.58693983897
7768.75129568607,1457.50684878933
4192.22431001095,4914.01331488253
4265.46457807454,5035.80408454574
3676.8429214771,5107.80956826678
4094.20448058284,6577.64892688542
4094.31815915523,2566.00994608426
4487.38618971003,3633.36700737553
4986.89847901263,6297.07093585641
4561.9385347747,6250.92347364665
4107.33297081936,6742.91598213191
5337.10003919542,8491.57213965524
4407.70542487721,6060.76462113957
3223.79288682536,1742.80221300896
4177.19672160365,7412.22311484663
7961.16839879823,1023.53970082697
4140.14376147187,4238.90925951899
4020.67955189682,6226.08791613457
4100.24836447004,6993.77105464693
3873.61954966179,6156.46902745547
8721.74125693257,2226.49713859925
3695.05191410762,7533.84305098806
3865.03320810333,5059.73008041091
4549.84093344523,5398.78810707245
3502.9866196622,5156.00322704067
4627.21532122741,6074.17674402054
3538.93867198904,2030.82552217266
3336.60195883369,2562.25921999957
4233.6597324777,6638.06141101932
4244.72077695169,5834.97175655167
4137.09896399725,6506.66633001883
4516.8201828895,5734.26624117109
4392.82278850718,7068.56188591248
4591.71031214209,6933.18858270176
8897.87386040643,5591.78896972781
4262.36883144708,5439.76404955101
4388.37293456531,5689.48248714883
3969.1419475639,5481.59204536223
4045.18006635186,6896.3046104962
4192.79028935183,3285.1588159173
3728.63717885086,4926.17547763877
2970.58700360318,2442.91255369255
7511.86336550467,1172.66615967935
1680.08081138936,2832.55083416993
4208.03149677183,5587.52658878827
4737.27723599393,4638.94808777304
7875.11724186658,1590.60688216564
3405.04623303331,4980.67729106107
4404.07515192323,410.609348150102
3747.73979466853,2654.83809172077
4399.33644469301,2932.85886561368
3549.91005174217,5761.48839372511
4550.31317692304,8495.32286573993
4671.86246767908,6480.75122304855
2127.07362507634,2549.0172963575
3486.14241616123,1747.6329114071
3982.94881886202,3451.39167255921
3816.17650864791,5945.85074643862
4408.99919968847,5510.74664641761
4510.13304862581,5354.63017882306
3911.97389673247,4940.04259277083
4616.51928517207,7157.2760720586
4820.85504936513,6157.88982110199
3594.65458037863,3931.27910374724
4521.30768089452,5002.67083842488
4129.11989503453,4526.98954842788
3499.56923833006,4804.15763470526
3730.29544293637,4149.11510105942
4248.80567018705,6119.35798197963
4478.276909381,5764.72788781021
8738.59813298957,550.131257809137
8149.79318281683,1434.43322339827
3413.95738808911,3807.95421522999
4221.59542520503,5867.19544102561
3806.1541437824,3174.50753358351
3953.68277018329,5007.95652907411
4162.40505011391,5189.30646097281
7348.41194553366,1026.83596322964
4340.88536037183,4825.12871806988
4066.412582342,5017.50417780762
3600.63928940126,5523.02255723662
4358.60475250533,4621.4435717638
4359.53158914816,4829.84566840525
3901.60372387568,3487.70732730616
2339.75000794049,1365.38265217778
3038.30529553687,3207.24266148467
5214.23192856521,4338.02399344177
3243.25410113978,4938.62179912432
4323.6679551693,7114.19727041215
3529.65250869395,2427.90880364328
3942.10024648391,3775.5030346305
3634.48803700936,3945.94160960819
4784.12949898207,4014.13970464078
3610.30917575741,1170.16560514702
4371.54383753964,5807.5221078721
5164.88990375774,8644.5061986237
4004.67618771343,5274.66782782631
4025.82141033585,5842.30322090977
4338.66309208776,5385.43264679524
3836.16820098569,698.518935679479
4983.12360795364,5997.79470844195
1529.3594192334,1323.09976982929
2632.97749726387,1925.17534890354
1937.64094320788,2054.29694864199
3072.29895285923,2869.83250173993
3228.05221993236,1131.40637561293
4868.47020908686,4065.57243464451
4377.18638796014,6354.58474723827
4053.28449339464,4960.55868388436
3385.73740459168,4103.1951349752
3774.64136342938,5815.3648042298
4549.09372484383,1624.93321437985
3930.35785614214,4605.92858971494
3608.83490471677,5418.39505939432
3806.9362017124,7101.06930626048
4949.64308976645,6418.97503072715
4058.27195880789,4208.39052742086
4540.42600515834,7585.90076105416
3712.49906691985,4176.84890846829
4330.30576339582,5617.41991796879
3959.18772823554,5826.16283594329
3352.68612810865,1254.21971498915
3052.53621590129,2680.24175526383
3594.82765665784,4963.68442990669
4377.39000545202,5834.80134588514
3647.45266545016,5596.16509873011
4249.86354892985,5604.00779508781
4250.81906375832,4839.45040259777
4185.15055527188,5359.23338109566
4191.81627324877,4819.33179542106
3826.95742069288,4399.6864377004
4006.53259713386,6416.19010603789
3809.57728585249,5733.58417564971
4277.45136945548,5019.54995151649
4139.384729265,6612.2029666528
7373.50307191587,3658.20256488761
4194.6200855312,5572.06826934317
4197.07611882862,3519.76038968595
4326.24472954824,4523.63630628001
3812.95144847067,5206.18557406443
3597.31765874257,3918.83278226169
5174.43052246397,6337.93270741695
4105.82400478722,5506.37094027055
4360.43595954298,6790.0292457371
8347.92763980076,1080.59873138537
4459.00516840521,4573.4207465117
4059.7896663084,4745.73468453173
4007.32271548309,6065.19741274564
4543.37317614259,6315.31375713553
4204.27426649639,1484.84296083375
4284.62171340483,6670.00051390871
2717.11314558257,3342.95678602846
4071.5809693226,4456.6315087684
4408.69544801627,5578.60392011712
4073.5113929349,5613.61210642508
4412.73035525015,5633.21905874695
4585.6499099889,4168.49455725575
4352.9420635111,5376.96497037518
3777.48717242952,4194.12592835198
3716.21910271431,3561.30443819549
3987.35240971742,3201.95718226307
3351.11164704875,1783.38014298164
3525.60727628175,4480.33043136327
3784.45525710021,5064.61744141281
2721.42826471868,2355.67582379671
4744.94420037314,2570.67023381587
3964.51479210746,5724.88900310411
4284.66435415016,3393.59391387568
4902.45534992126,5406.3470675561
3584.70635834744,3729.64015400529
4186.49856000863,2322.03134567625
4290.59352834115,5777.62877869159
4724.78974183879,5975.005347494
3101.33244602601,7335.50025793497
8677.6253725553,3040.21420268624
4527.28484424842,3518.33959603944
1325.95036624064,292.399316760296
1277.03114034451,1919.26488961958
4235.22928658331,5552.68881314685
4254.48344670684,5599.74541414827
3390.85584072092,517.112024035577
4677.84923140139,4663.10115690849
4737.28549410908,5402.14134922032
4392.58976466064,5426.74941060686
4135.96246879592,5445.73138286636
4213.60636082095,6045.30630169447
4424.66909334166,4010.44564115984
3883.10901989491,4580.24055601495
3316.66514888735,2700.92867989915
3580.4176466191,155.718981180059
4379.98563154708,4257.1520807981
4432.11867218927,6183.1799480099
4635.22814283111,6434.66042344254
3675.42836436973,6836.97252153101
3979.38304733774,1771.55901298608
3838.18330536912,2416.25829574188
4336.56681158566,4243.79662052089
3435.84151471629,4857.74988648065
4106.2142894184,5552.34756895853
3621.48293427464,5712.04477482649
3332.94504255222,1164.53919887854
3871.46927522094,5724.14985212372
2573.7378244155,963.639082975543
3847.18605432436,4690.83538717261
3527.44901198993,5901.35157400091
4254.27507778785,4880.48258482484
7150.32774241052,4951.46560454669
3563.64367730558,708.805523965752
4927.18378502207,5849.57759980886
3618.43215129046,4996.36268377647
2897.60111812902,3643.02840417182
3763.42698925008,6582.25255201327
3689.03875733229,7155.91194101584
1621.12682072078,1659.08903021371
2579.75029110527,4838.82499968016
4529.22724586723,5214.82408400627
4712.36526058841,5050.63700107323
4357.89261272101,6690.17578368918
3643.39359533459,3430.42080062222
3588.40353075098,5036.71322333741
4695.4378823788,6743.4272141315
3410.88618948435,5193.17093512027
4113.94261120559,1525.87546020226
4081.28675012149,5828.09528444465
4358.70118987478,5538.42379122271
4143.05600894237,5890.32604616188
8834.52318274227,1831.74400099443
5884.79670810429,4193.27345216407
4980.4123946667,2077.82546057033
4967.92715897049,7375.11249222603
3886.61574868665,4118.48262089852
4648.03866072399,4446.288469306
3717.08645991416,5505.80262281195
9078.91147207249,4990.05452912806
3918.46553939885,4724.70693856335
3813.25154576029,6011.88931969956
4064.82413863077,3660.64624538857
4039.11812556891,3740.43818571879
3858.3257443831,6189.54518811733
8832.32440313714,3783.23240578068
4205.77347185171,3183.31645419189
4304.93388466548,5178.67883992585
4405.62697886301,4596.55135164796
3984.79523747235,4025.6764644794
4115.49619369637,5394.980718384
3816.29633922726,4830.58439653039
4482.97497804961,3026.23355091903
4243.99761332753,6604.58734356539
3668.90483455007,2403.98280777812
3896.07349577645,5315.98459163793
4387.61189613442,5680.84440006224
4185.13191099843,6181.30458496756
4098.33604487169,5112.18569726908
4166.22321118839,6656.36089490219
3367.1569043196,1188.52228020271
4367.76123098262,6000.57963313122
4493.93964540408,6398.23144348807
3572.52562436468,3774.87805456814
4645.69510838489,3954.06846469519
3547.46586065237,2195.69445919945
2066.65392845624,1486.71842958991
4488.1678697644,6706.65698998872
3140.82231301325,7969.57255392669
3654.78338672023,3559.65614842344
2183.69586514256,917.605368828551
2478.16819791019,2496.61855353071
3704.70093971918,4197.36542243708
3874.60370391979,2694.84759852103
1571.37315896269,2640.68702928704
4234.42032984718,4715.89801795498
4564.15842011544,4564.55516329956
4507.99144646825,4376.49874710512
3676.68883771525,3125.46182147696
3558.55175700318,4404.34630257676
4096.78317764665,4581.54802445395
2132.08096196805,1760.87472933536
3595.00696244631,5965.68477203078
2762.5088146379,1033.71254105047
2764.01318582349,7089.24838769255
3123.78187624514,1935.91650658565
3852.21149111816,5687.09589210689
4309.50816482969,5653.33766592366
4751.32268033915,6934.72312441104
2753.83435326323,2122.38150703942
3302.04116620613,4476.46595721581
4140.45069631088,2381.81842689253
4441.88427562541,8507.03003624509
3473.72327759217,5199.19535389464
4995.47321525941,5715.96633443296
4016.54434524168,5284.78379401842
4382.71129212807,4755.56649199455
3867.37716003672,1202.16189920923
3989.26207526318,4352.45900317718
1844.1070532488,3828.18614761422
3646.92990812767,4246.69529327293
4985.51593201326,5484.6611287808
4227.11882542816,5925.10715919955
3811.64912928929,4734.76624215171
3923.93862137942,3187.29467640212
4039.88183837358,3861.1485602133
4423.2656267773,4248.4569082525
3652.43486266417,5725.91188995855
4695.44419292861,6961.14988623617
4225.71844845074,6539.68540522167
3933.68456978831,3328.12365807335
3373.62292671891,3401.77764299406
4373.03579721531,6201.5936028108
4511.9536903987,5768.02404449907
4713.31776021746,5082.12195742204
7840.04110081823,2954.85283583274
4299.8856699506,6023.02817274611
3811.35623300771,6643.80124820912
4350.20893305385,6500.69899670348
4796.81492028208,4678.44572829082
3866.94560812196,5217.26776450722
7415.20064647147,1094.01106569397
3406.53994965288,1483.8199682655
7836.49489766604,3369.55395852012
3447.57102422401,3215.19910590514
3892.84120932564,2907.79623483131
4045.41012850663,7637.90180851651
4792.25631100767,5668.85264797252
3969.45679277432,5815.87645908465
3967.70176545482,6585.20788736907
3494.51862001458,4378.54494366925
4186.25805568209,5121.96084212814
4025.21746883734,5658.73668178041
3883.94552381426,4530.39945317951
4469.6527455263,6302.86785850523
5453.40582496043,6864.42217021057
3824.36921955226,3075.73404384904
4504.44830841817,6427.15854841791
4782.81249984152,5661.00995161483
3915.13488267217,6299.57127896112
3803.44685563418,4751.07703778472
4188.32340577375,6651.24603777475
3607.08994138152,5865.83173283811
3728.44462731778,4672.59214303824
3634.15194933155,5398.16312701009
3816.66062611402,3695.42735842623
3759.81482448606,4117.40307144033
3539.18857553568,5853.95372881117
3117.59355106747,1163.5163120241
4679.41172802763,6353.73227105036
3522.16767411135,4114.5614841473
2024.42929057071,1215.40361142367
5334.38271791694,1827.1974613256
3703.59850033344,5086.44100096533
4233.35798329883,1130.04235028399
3382.3152326817,5080.81448898305
3725.42176205252,5444.25350376084
5257.10409699209,4828.36821215498
3909.13644135968,4194.86465647711
4292.30712937866,4513.23618135859
4274.24891337012,3201.84364562793
4163.3979793479,4190.48852747481
7455.6509446387,941.247311678224
4660.434769329,3267.48431209679
4084.98648360145,6782.30029744217
8401.69113083644,2549.86977254541
3535.30429899331,4520.16973892462
4390.14247225285,3955.26218507141
3846.45043894633,5126.79154052628
4576.84361361186,6822.25293021104
4288.15491751489,5512.0541148566
3648.04901885589,3343.63885154984
2654.05392257823,1770.19509337095
3667.53158002847,2254.57219019643
3527.31801444652,4783.58445813272
4095.18144563059,3758.62434439414
3388.64272251603,1912.27445802216
4316.53261321194,6866.97959877429
3804.59340889087,6528.2053079868
4070.83953232723,4731.12884127454
3140.05683663089,3922.75434186817
3344.36020268938,3418.31572332499
4136.92232040084,5735.00496929623
4382.49286205259,6013.13927982428
4644.08243816309,3638.02729510714
4168.39856416697,7278.04353201212
3677.26314841164,5491.70801155434
4469.78400581096,7022.13026497342
3391.4648247807,2445.58351889142
4050.6610772089,5317.29163722167
4659.30611032889,7556.85990806156
3166.90762352257,4183.04373790918
3779.19697822098,4855.07913270941
3789.19072269383,3080.45099418441
4146.4872759068,4599.90459379583
9464.86374261397,891.917335128562
4592.51045109164,5409.41572811941
3613.7803370844,4943.39541206345
3760.8875948948,5421.86204960496
5009.85936629581,5028.35887212487
4505.17488113551,6753.37276965709
2261.63087064491,1618.62484830381
4364.7149516649,5378.21535335516
3611.7730000756,3717.53465385281
3834.06425296066,5736.14160421344
3742.48554959161,4876.50436261461
4094.64711194859,2108.51460333499
4634.76221251567,4987.72417383462
4039.87971541852,3990.83868883798
4880.38657700573,5431.97801579708
4635.92210025408,5138.49871103144
3874.40872652193,5137.7599829063
4299.88343205288,5805.8742409553
4344.34491381761,5319.11033766026
4014.0473844435,5774.38928460649
3467.01772474912,3740.94941771838
2191.905124047,4224.8717337204
7871.19491038599,534.786686426806
4219.70321464346,6181.36124757132
3836.86846496103,1247.51354783485
2016.37524438117,1684.32238880405
4628.0492812933,7090.83959200559
3548.43015065392,910.330884215646
5279.07388978662,3789.19973909603
3396.70053290092,5181.00919521928
4172.63543699411,4810.75037093823
4471.6001606859,5418.5658929161
4052.82667670516,3777.60589379839
4096.45712384653,5554.67792425196
3856.40222254801,4443.3331339502
3577.9527581359,6448.2433798453
4543.00663781966,3746.68967776344
4661.93350059281,5494.15211491055
4440.95145286893,5160.2656079802
3247.08522858677,5059.90049107744
3641.01256960661,2737.414533885
4125.85635096996,4584.61668501726
3675.32116482973,6190.90931916008
3732.35322645274,4437.47954869762
3971.48427737254,6435.45623702669
3503.72022927118,4481.41040367672
3329.82976739073,6513.71363564763
4285.85490763751,6736.94864881656
4270.15016446545,3907.52351854861
4392.19479262731,5129.6331278193
3777.96989027388,5597.35839625108
4141.39681559728,4785.91481342615
2643.9335183512,772.400205298108
3850.73321219759,1169.76780406876
3332.6960345556,4908.44388835925
8490.29820835543,2070.09630084778
4074.67841062118,3952.76141911145
4340.63394166769,3979.18818093658
3860.95247790376,5706.53201090697
4213.7599861274,3556.98497179694
3746.81764768908,3217.58591237471
4557.94112703892,4593.53935368841
3976.94418446128,1878.74372796448
5519.09896852613,3679.23031085599
3549.52700779077,5142.47693324167
4000.32059264445,7446.37882496668
2949.73692378233,2492.35617259117
4217.13554846655,4607.63354209076
2083.76737653692,1253.42411283262
3738.62175001024,5207.1517983151
3332.80210233556,4990.62284658666
2783.12293123373,2722.18371056544
4887.78835421712,6280.02141209827
3877.02059170277,5765.40995333159
4214.6471333322,5402.5392560124
2222.3895455338,3378.24934249335
3101.82986614706,3328.74884956334
3263.86224568311,6969.95880684454
4083.84797719009,3096.19347235881
3623.43148974734,3295.61602629773
8117.87584359476,5109.62826870536
2276.90973931051,6491.49216930303
3678.98073840305,6681.0827043515
5296.26970999912,7604.03025712576
4472.28796752463,5463.40588668687
4898.97983624127,5032.22334627233
4342.07547929281,3823.35544921608
3622.07918376872,2514.34993138261
6995.50058046612,6075.37004154151
4395.76294975884,5235.85182997465
4765.04601458311,4262.26693792555
4133.82747440897,7055.54724696833
4954.12627230484,6720.63785318355
4179.61655147829,5352.64106771794
4139.61457329722,5356.61928992818
4420.71890235192,2128.97403184476
4193.59314261537,3206.276437234
3499.45354528869,2230.58910887226
4275.72892824743,6221.76887259127
3172.52915151556,1478.76198516944
4576.65688592606,5106.27544941274
3882.02299258199,4770.74065271035
3806.16716926829,3453.72181642502
4583.08054631549,4985.79214818852
4194.69199732542,5560.24735077524
3997.13198166092,5512.79284298173
3844.99654494889,4781.99325381967
3649.05628161299,3265.3814529289
3934.8442765017,4001.86421667701
3971.36161133227,5755.1802390767
3926.26817335945,6428.52267946066
3104.22412222505,5240.68252837279
4390.43735770758,5607.01979304737
4221.79764278988,4543.01576247634
4387.13547436561,5701.47423923854
4173.65947117653,4595.01680993868
3996.39310658453,5336.84150408453
4015.76290065909,6016.7200180977
2417.84898161744,200.445557243723
5032.65991920894,9492.72000559142
4083.17007296781,5929.31245468007
4568.86639819107,5465.7362419803
3754.087932688,5163.39135400253
4044.76000750745,6262.46023348528
4659.02167635048,5247.61566308357
8213.39766127409,2156.36680649294
3629.28631235785,4517.15731810982
4121.92976372538,1438.29780325954
3625.93592842938,6192.10261668105
4372.21303476531,4323.02024339251
3957.54021925794,4641.05052408567
1699.71492498033,141.567879103643
2838.68482549248,1833.27833127609
3630.47568363107,5445.44722413706
2908.7183902812,7302.99283758698
3525.01543300636,5494.72043236915
2905.34693681848,3610.17973963551
2966.18766442019,1011.207233118
4523.75136045616,4827.17449177876
4449.8169422968,4692.08534729734
4804.05482500006,1136.23707401107
4561.87576276397,5228.80452434585
4040.63522554281,5019.94785830857
3670.00318045474,2273.83810975761
4218.08998866292,6391.58204465135
3944.97192450648,4347.62830477904
4441.85055494046,5771.77519343901
3093.48230085065,1934.95028233497
3851.50010173901,4587.45827231029
4267.15559704653,1001.31844590999
3331.63694517033,5004.37579080069
4274.19424082232,5081.38280644165
3049.77176939213,34.4400348530744
3564.99042075161,541.492853581106
4829.44586572104,6161.58388458292
3920.58899448782,5806.6696316842
4693.64220536205,7091.57874298598
4163.08331011531,3896.27049458403
4072.7112170903,6716.71629357707
3808.99133883223,3999.42011332081
2912.0308015008,1245.12663565147
5080.82675592333,8043.51048614908
3541.50508764382,5956.36461942281
8335.29655603214,3603.98491019461
8283.71114628527,549.051496923313
8280.73468566895,4669.80764120423
3590.68789595851,5057.28639990996
4287.63526608525,5099.22814378394
4223.34542667988,6146.23931320059
4384.04447128345,3172.51842247839
3775.21791958613,3739.35821340534
3870.54684559238,1998.77245979287
4086.45656629654,1674.49047562742
4105.06371679302,4156.61697608406
4480.05769381909,3558.34910283969
3811.75813339867,1961.43391819148
4076.16578540764,6840.89365828223
3460.78712662311,3495.83418239316
4031.56964260063,2842.8374224562
3596.12378337438,6384.76223514809
3350.64012053185,1873.68574486842
3974.35680364538,6280.36223343133
8768.20040723757,218.120232849179
4348.17922068889,2919.90131212854
2126.33407893667,1767.06934734863
3430.52991464689,1321.62220786521
3651.97979202174,337.410064767489
3434.54362566925,3203.15069121167
4121.78116549197,4295.3430985874
5180.27777694987,4504.93849274981
4219.18596381463,3608.87269405176
3633.50042179516,4935.32521958021
4140.9895931862,6957.512485359
5010.19468783171,7704.11079244397
4336.87975406862,5526.31871392548
4100.24026402228,3948.95360756775
3618.98661745418,4657.98629978105
4207.31365502039,5663.11281078271
3513.40646326221,301.26505854315
2157.68376875199,4227.37249968036
4821.65073431363,2238.9434600848
2926.23077379259,558.485556164772
4390.4949078883,5620.94357078319
4418.2583688011,6804.63508899429
3884.00530705828,6413.34851874486
7814.35739111148,3824.66249479982
3782.49740452508,1008.5929305229
3920.0220914563,5958.29664506892
4463.78529828167,5773.25264968928
4321.62423008397,6670.91007555562
5669.12644053687,4033.91706762917
4397.50932628336,3608.75894598899
4090.57690004298,4741.98395844704
4108.97637005108,4526.8187149061
4287.89481645902,2419.27050512907
3047.16891271457,1219.04090658703
4978.52931277115,6861.29642418825
4011.51561331695,6461.08718526767
4867.20795638952,6849.70257889061
3928.42027863428,6115.89141462424
3198.63606861436,6279.16893591036
4097.62130211187,6523.37460958866
3531.40994636074,5082.00820935927
4161.30514031967,3550.73347975229
4318.8059479274,4897.19128724992
7948.04047324638,8442.92348863026
7883.47786392255,3048.22730971047
7546.49553081778,1679.66220678625
4204.42318230489,6607.14477212911
3693.6522412963,3133.02035910536
4758.72878811633,4591.83440131259
4547.96776377365,5842.92820097213
4705.97368878295,6002.85290296564
7647.17131834484,949.260630130078
3538.31934431381,5152.08166743419
4097.8907772682,5452.9490991617
4526.83479843278,2737.81244067708
3255.83025751953,4507.95091356462
2247.71499050312,4713.05643066196
3769.50564862178,3521.52221609315
4433.59367004147,3368.58794569706
4005.46250149267,4106.77545039336
2582.80378461968,4724.82068662613
3777.56257970104,3650.58694180021
4261.04703503046,5787.74474488371
8412.44000833477,2867.84339063482
4456.64011431253,1893.57685591959
4491.67030008188,6299.23045762806
4080.69570365268,5042.28264986069
4240.18503365284,5521.65842619387
2835.51317843067,1770.99080124129
4373.77943934008,5019.0387195169
3984.77793252834,2363.97308955024
4286.54260929828,3799.59986401745
5748.76669839017,7179.09963161112
3427.25544546054,4193.1597041013
4264.4031792944,3690.36916390255
4220.29071268181,9104.95666530114
4937.05319920593,4112.45862497941
4312.44237793518,7080.26905641764
3878.24670828532,6544.80026234911
4448.1860615797,3130.63334120817
4024.95332108005,8063.74241853331
4517.16349353266,5270.46210949053
4258.34612027559,4206.91307117059
3830.76683807701,3206.73121805746
3350.23582756295,1701.71283960907
3917.52043274333,5732.10629654419
4250.2812174661,6157.20775558061
4253.09286921945,6052.06902573872
3800.08918160134,3711.11275114162
2548.15776133854,984.212153834275
4026.79437053652,5354.23227203099
4215.93650858466,6680.96937914398
2032.96024722086,2415.06499822092
5017.69854631407,5031.59836620997
3185.23059268747,955.682638555075
4049.89658773361,8746.46251983951
3815.49629637596,3717.30758058252
3114.98360613289,1578.33118277425
4275.85726262524,3712.98811418397
2223.71377456722,3261.5736413852
4011.90567942333,6177.89468021593
2074.12109626903,2536.7984709975
4582.12335632874,6930.34699540873
4269.86652815911,4390.02504090412
4977.32680468504,6335.2048681867
3708.41602661674,4330.97668781297
3612.07035298131,3195.98984894772
3576.78351931852,5688.28918962786
3951.51460144418,6385.67137393976
4506.76225579656,5045.35173327926
4734.04207817199,6539.00333970029
3336.94489116164,507.734785968597
4184.27376038186,5152.53623683003
7663.01679511976,2968.54932887064
3795.47067552231,4480.61459009258
1996.46703569347,441.753139595956
4454.20431206411,5456.35900391333
4249.53687786323,4685.72053004516
4227.03538862221,3926.05049855703
3819.74711623079,4420.94125693907
4169.59389731046,5818.66138377391
3488.77306447075,642.937519942069
4442.58889919799,5397.42439888495
3604.91501378997,3151.20651778071
4619.67729416393,5737.27823913065
7498.52395689219,248.070554989118
8241.99440886398,2274.1791425183
4870.82296660189,5112.92442539422
3477.31342644437,4468.16869146228
3793.01872080808,3977.53989116452
3498.05251023145,6948.36274341756
3794.89482683787,4592.00481197912
3357.06533984759,894.474763692283
3309.33537462874,6025.52893870607
3487.07327468002,5790.01801471812
4735.00571865922,5331.55623629055
4503.10588395571,6521.32883587978
3136.81609671056,1985.07596675497
4352.0144300897,5435.21750988217
2318.05613783359,2984.57575434672
3798.75718462523,5112.98151085323
5337.01533056601,3380.9771817236
4092.3533797929,6526.78451434029
3751.66659713697,3788.57433617841
4874.1092337928,3371.656817688
3277.97033820635,4686.00468877447
1887.16431561407,327.634999193795
4644.3166320614,6278.03230099315
4409.71433897073,6409.31363393087
8363.38966814222,4861.33062475406
5036.11324524506,7569.36289215086
3614.04645556926,5473.52185287899
7304.70058694684,2205.81042539156
4421.21757046065,5923.11804809443
3998.73067893729,254.549384588595
3659.43734472247,2906.31856715341
3977.69947854258,5537.06008303521
6850.41990974419,2040.25963427102
3589.48481986164,6744.50718644495
4126.75281258707,4015.95840507936
4231.33124970023,4838.93874774293
4503.59871941135,5416.51969635197
4286.77500378504,4259.312025425
3540.17371926803,5995.57852406655
3734.46524931593,2415.34915695022
3950.05507433022,5648.45030492176
4381.11551251031,6353.10686813275
4903.03090345582,5336.50068275146
4184.81274387979,6001.14795058982
4296.73990406054,4339.5581122958
4121.96703329215,5048.47747930158
4460.36913956103,4256.35669006921
3740.51769306324,5268.87090517749
4501.62427401799,6129.75810690105
3827.1104268153,3538.28758112199
4118.23584377861,5864.52426439912
3995.05827768871,6546.78937345423
3727.07409122618,5699.76928686273
3568.08535215734,5784.95982019444
3133.77360456965,2106.24133350057
4135.43129774356,1044.6810891443
4258.78512803465,5054.84271940901
4144.60364133037,5523.64753729899
2877.57332639495,2867.78651660343
3667.15104304521,3377.33999227405
3493.39070460832,2865.62699483178
4321.09148352711,5001.70503702945
4515.72487024444,6798.83816634547
4200.98688759345,2337.26216899581
3957.19743552141,3010.54794677602
3549.33966153212,3390.92273724918
3022.04275766608,2127.21220543756
4380.40853053202,3566.02138853086
3560.24108310357,5425.72652375242
4151.96609459771,5345.59376208914
3904.83325409257,6260.58487044293
3501.72159200396,5055.01313007554
3983.98413325189,6200.62737856012
4545.3406992153,6870.55991419245
4099.58888430111,5472.78312475385
4202.48986961764,4185.65782907666
3655.28296811305,4918.44652934385
8114.79052748579,2977.07409074972
9158.59220301576,2856.93182228618
4381.80542331998,5067.40236610207
3497.2120124202,1420.0547705528
3856.9720032246,5863.61512560745
4313.28232576268,5750.46328874133
3530.36036340186,7363.34781340661
3249.55267606106,4496.52747893351
3897.10652191169,4346.83291405015
3413.87040613731,6218.98394790201
3900.30337415687,5196.46709180913
4523.46187894449,3523.34070510411
4219.36125258979,4832.5735076355
4593.75819158928,4184.06662476362
4186.30643196945,3479.69400885431
4082.13533552264,2413.70086717816
4028.39078274555,6721.71740264175
4212.51967230853,3956.51214519614
4612.8799007744,6447.33381819838
4112.21280238753,7139.146575987
3887.19371287066,3501.11945018714
1762.72886543845,4005.72869082447
3757.1232511379,5733.75458631625
4336.71281768734,4118.93761314961
2652.16208871923,4944.81620570996
4346.04082189295,4377.63538202233
3923.74259799628,4312.90427720039
4939.26592375448,4950.89728708808
4140.70328497622,5455.90401166224
4259.35381869583,5889.98522482882
3911.71997912881,4192.81888276824
4347.31823068315,5523.87503342453
4755.61767501572,5626.9675667023
3607.32291668341,7389.94540875352
4679.20728284141,5305.01572640265
2560.22691176584,1528.20560406806
4327.12525261861,4263.57440636454
4061.94658029954,3443.09440680568
3875.94902570787,4888.66652537085
3495.43254201701,5049.04579676019
2250.10476223164,3895.70217712543
3778.9168756774,2018.09525338544
4143.01728072464,5008.86566786577
4477.675650098,3271.74669303632
2939.11480911383,9348.48069631331
5281.02073826391,6499.27820305696
3194.06820984378,3392.627689625
3966.36141711485,5353.72061717614
3760.77726965126,2577.8879501112
3868.04084155419,6233.70353922197
4455.55060698947,4986.30338018811
3818.14386276879,2678.87783564871
3628.10173002989,4708.45322838936
4575.83707539196,4889.97357095459
4406.55819409908,4694.24529192424
4340.28021176807,5568.65836459154
3338.62615230962,4517.49856229813
3385.29492477171,3916.84367115658
4248.43167252011,6725.07064478962
4409.48704927692,6146.40972386712
4256.21496296986,6713.70429561752
4363.78033359442,3063.8560398221
3878.36431382504,5094.3974453858
4142.4761616139,6222.96217011224
4328.36727044069,5425.78318635618
8344.76310701594,8457.52975474271
3810.17868473601,4937.25766808156
3865.38406308824,7120.1646037275
4198.75644460213,4656.96341292661
3595.91675355576,5715.73883830742
3837.50505989137,4777.39005154707
8702.76080406282,5301.15125225519
3739.55177932497,5210.78877633702
4460.4604636646,7286.05663903635
3029.7345427419,3040.27086529
4152.81775170985,5175.15518711145
3633.31055759611,3115.62980258652
3672.91346747018,2553.56383602634
4282.70653156456,1436.19494409165
4022.16525115314,4882.9833507848
4611.53432925051,4742.38144238386
4985.01889777568,6172.32525369265
4478.32688021165,5131.56557632066
4382.82803475342,6078.77994629314
4446.88780427957,2027.07458466034
4085.97193622888,5201.69569699935
4918.65632330345,6398.28810609183
3407.10640453552,5982.16597833032
3380.99048350362,2094.13604477571
4871.37603314014,4518.46478654881
4211.25543442116,5432.14842646361
4230.09765989346,5212.039159317
4157.10332195786,4764.60290872847
4383.44706135951,6028.76800993592
3262.42858022937,1164.08462948271
2126.86302886477,2388.24032960372
3208.66520773088,5803.1459788698
5060.41988320319,6427.10188581415
3669.34276313673,2722.01308847129
3667.03149346034,5846.22478051625
3572.96860046217,3790.56344728353
3627.79492705819,5135.54379853089
3553.74815596033,2898.98731422294
4609.20478526565,6159.5947734778
4395.73750217166,6460.9734372049
3937.64096898601,3275.61116718379
4012.85664194233,3719.29669168763
3802.92010148236,4032.78043271196
4214.6018266184,5928.4033158884
3378.27851874647,2789.87036217081
7297.88806901929,2400.00458556789
4210.33631984581,5348.889918778
3917.05651936253,5348.71950811147
3845.45464090115,1715.92077607419
4799.20677275837,8944.35032064151
3620.51335667761,3855.29497496072
3854.85051718708,4374.96462825109
3688.11627647634,4428.95478681855
3607.46177500018,2513.66807728885
4466.84135740742,8441.04854844317
1041.7190262998,1825.09460215771
4557.46112154375,5572.63658680177
3976.41573010675,3312.38139132657
3854.53255972434,4247.093200065
4374.33994207496,7216.60858387904
4727.41070132257,7060.20753469994
3264.97279057474,1595.03967377171
3906.52458643229,4454.9836418516
1852.93054863653,660.328023603996
3824.64801000097,6710.74896026172
4226.83323311963,1719.78535593547
3631.51734622317,5669.64846155667
4103.62502047528,5394.18490479985
3312.60914440818,7396.99271438232
3405.02747563882,2866.82050378038
4522.57364325968,5644.98331471112
3707.29463344038,3543.91388167666
8946.49869726113,724.718412806687
3893.12152731071,1197.84264423831
3487.29346117446,4961.92281492711
8110.42005312036,600.200015340842
3882.23008684807,3158.02632728397
4491.8313319038,5360.2562679501
3693.60943185418,2323.73629805207
4041.17724331278,6144.98893022061
4267.7952925777,4751.41785911778
4187.33892570231,4365.13239793302
3819.24421206391,2927.63047185109
4495.47156822179,3315.45026331751
4185.75081794628,6855.84032287249
3405.47684766783,4879.80094215872
4208.55354083093,5238.2955104756
4523.53304114631,5269.43922263609
4033.87844348651,4487.09357826277
3843.58169845926,5356.61928992818
3997.23312963793,2485.93405845236
3992.4552162093,5750.34954067856
4666.27269504215,7375.68080968464
7202.60452903846,2830.39131239828
3420.60035359025,6883.11956088552
3776.88808123133,2665.74966006941
3856.81527256223,5674.9903919544
3780.42335541857,2782.70951990686
6616.90384630219,2303.27686954229
4481.89481547983,6506.32550868577
4366.30164750623,2708.31680686101
4200.2655081175,4596.15344485589
5038.52053203773,2234.39692041596
3452.48939106825,3245.54721590912
3697.40440524978,1209.49315213971
2362.09053613985,188.567725001727
3203.35905687334,6048.54579577957
7188.94463546023,2701.78115608706
4403.55097532833,6114.98185297732
4017.2802180041,4711.18106761961
4850.63029740752,4559.44030617212
3718.29077961288,6571.68159357007
2995.71521682529,3917.46907407419
4013.52177265881,6368.96309436992
3671.94337039196,6825.71949756643
4057.62387514301,3539.82191140365
3981.00592286348,6159.36770020751
4371.48162401222,6603.50737125194
2467.43808073608,1143.51155862397
4166.19361754952,6394.53738000714
4194.98050318457,5562.29312448412
3982.35420914208,2431.71661518699
4027.77278861831,6463.30379249833
4303.32771120157,5095.02242544817
3680.26450254595,2718.43277305313
4187.74779715223,4511.58789158654
4063.58542705091,5101.72890974391
4376.36737028906,6558.38321875187
4185.64293916544,1875.2202865777
2165.44398740232,2057.53644272709
3976.64247598726,4228.05456520174
3543.2262513191,2229.73663268435
3764.64200900677,4005.44453209517
3859.06903588443,4600.07500446236
3907.28893752349,3810.4545583347
4435.71237066563,6441.08232615373
8436.73326375506,3271.46253430702
4153.25840009313,5155.94614158166
3993.53026565461,5309.16478213467
1960.95369772161,44.8970767521148
1812.11243121879,4818.990974088
3535.67071715872,4868.49125559038
4303.67604268112,2965.36670881693
4184.95087880132,4564.44141523679
4533.18244395804,4814.84191835598
4653.78931784114,6364.01864790901
4395.64696509276,4961.2974120095
9060.67273015937,2787.99478770083
3784.24948087487,1886.81392044772
2791.97010026036,1866.75218730239
4043.9394486967,5628.55919387059
4203.99351333754,6440.85525288344
3950.73675391118,5519.21474569292
3408.75182119256,2389.2065538544
3571.25399734847,6495.81163570158
4014.12346516688,2862.61499687223
3583.88383586462,4736.01662513169
3644.73897330893,4825.01497000711
5239.38946325104,7356.69883742514
3449.23770369759,5412.82563287104
4868.39232697247,6046.61334727821
4536.17537817024,5277.16817093102
1838.46275012313,739.494666730413
3769.93504990883,5371.50886905942
3459.040568075,5141.73820511654
3933.33913781359,5947.21445462612
4400.72462923883,6304.79988415134
4321.24097841532,7229.62322282319
4703.55102846316,6125.21156723221
4617.72736950896,6106.45709109825
4490.75609647608,6807.30626562079
4120.2918975105,6407.32452282575
4119.57812709197,7057.0247032186
3895.86889433184,1471.26021585862
3669.47815735373,4310.11935251112
3986.09218597937,4718.05753972663
4496.50853828521,4167.41500779755
4751.43127578731,5740.63105842326
7739.41132802282,6441.93480234163
8325.26185166426,1835.6084751419
3915.81271762744,1158.74238194353
3674.8778619042,2273.09917020485
4717.66304157742,7480.30788467169
2876.91360953206,2740.54027990733
3774.5170859377,5482.2741108836
4041.14003627705,5337.35315893937
3788.49408911397,4970.39049134718
4777.73431521849,4187.70402564079
8267.40596096887,1416.19019069153
3586.71095588436,3373.87321349104
4015.8959429142,4201.68446598037
3647.81427681783,5557.0645192939
3670.57109760328,4594.90348473116
3934.7083068091,5351.16318861242
7876.93233372394,1154.42323268642
3721.28608119845,6273.37201326154
4214.09756621444,3010.77523147393
4202.30130870539,4897.53210858299
3861.72036929912,5873.27652240373
4365.27617006332,6699.32594848587
3844.15802842274,2754.57780570592
3963.64791017487,5048.81830063464
4987.31143373864,6344.80960237922
3067.80361958549,491.935592333526
4292.82969100973,5981.71140893449
4375.03482303809,4178.83801957341
3456.26398359564,6758.48762678453
5572.36242269752,7262.58563542227
4479.91550748231,3781.9820228007
3498.21533018193,5514.89570214962
4447.87236536307,4964.5369060946
4225.24214931072,7375.28248003731
3921.25453111739,4086.99808740497
2907.5674589668,977.335470299631
4875.85918974235,6162.72051950013
3628.97317666607,5018.98163405789
8699.91290337623,5505.97303347848
3533.67880790683,2025.54025437868
8712.57382256158,8282.6579653037
4092.05037124441,5152.08166743419
4232.60631760184,6860.38686254133
4786.46400158358,6409.14322326434
4036.85498860014,4477.60259213302
3418.04246645516,2927.34631312179
4641.92543669887,5067.2886180393
3850.66811972362,5568.60170198778
4195.52164567908,5383.27312502359
4241.57158549353,6279.96432663926
4402.19299173295,2055.88836438266
4058.27372975771,2863.86516842458
3834.88462662199,5738.92610604745
3422.46762139213,6836.1200453431
4715.28121163802,4811.43201360435
2856.91376149421,1498.42570580888
2522.86960733062,6365.78026288859
7739.77221385408,324.168273267687
4991.27197286824,4610.64554005031
3814.35697113973,4104.90008735102
3805.7387681381,5980.12020462144
3483.32396025506,3986.6329705022
3893.53248425788,5196.69458793467
1872.44502984414,1385.72843833859
3237.76281883129,5583.3208704525
4111.47275010478,6277.63439420108
3162.9673505249,5065.58366566349
4515.69749715001,1872.15120315914
3723.11582824037,5195.33045689192
2952.12531536687,4384.34186631807
3607.38788073362,4493.06091157812
1959.79644681972,944.543574080895
4772.87049568383,5783.42570134041
5772.64878190377,5871.40115936139
3883.48785210717,6592.65267693469
3588.01752935768,1593.95991288588
4395.78184571948,2027.18833272311
4389.82740325766,5113.20858412352
4695.28173487458,3335.05721563938
5181.73033905844,2890.57608897901
2851.78377494286,2117.72121930781
8429.58679525902,2207.85641052807
4047.00602903641,5176.40557009143
3860.28724617824,3197.12648386493
3845.49286779879,3032.08713617161
4764.39895529419,5907.31890731626
4237.57843297676,5817.58141146046
4396.64471788076,3801.07732026772
4799.11881151241,6319.46239001229
4295.48264766962,3757.77186820623
4605.07742280439,2928.31232594484
3796.72619320041,6877.83429309155
3644.44275743703,5593.32351143709
4158.80351579847,5607.7585211725
3768.68275760146,6519.85137962951
7733.59527488526,3513.16786488061
3726.16701466774,4718.68294264424
3998.29532754066,5091.27169936348
4026.17247881464,5597.75630304316
4478.83678291949,7055.14934017626
3518.11867886933,3186.7832329749
4094.89001074704,5788.71096913438
2814.75464776749,3411.55278785311
4085.34808047145,5304.61824246583
4635.65712845793,6509.16709597879
8037.0155102346,449.652762841945
4238.80720502027,4873.43570205129
3817.23075754663,3588.18576941645
4684.01722920545,6656.19048423566
2565.27891828942,487.275357458823
3476.95648065787,2011.84376134078
4605.06806245992,6562.41810356586
4193.59172424412,3103.69513595582
4079.98937453605,2125.67766372828
4729.78962144503,5412.88271833005
2041.67454716493,2443.08296435908
4326.19028879739,5957.61500240279
4896.63158391179,4379.22700919062
4441.40955218626,5525.12541640451
8050.34602845133,1183.80522415353
3921.04415561585,2822.15070924851
4447.47903920475,4342.96801704743
3725.51574107056,1389.30875375675
3310.92738667587,3667.46605489182
4419.29054203371,5352.01566480033
4038.81786330094,2491.78785513257
3958.85690875396,4109.10538283154
8377.76439467891,1451.53951547398
4056.26497623282,2878.24372698386
3453.30441257638,4126.66656144453
3132.93833227171,2717.29613813592
4224.35729201705,5466.8157914385
3763.67074815965,5366.45109739099
3794.41894916099,5182.42998886579
4079.70056468828,3317.72353315193
4136.28998508106,810.761633753934
4106.06478523528,4903.78360062764
4948.09068529536,6195.34211076615
3052.31242901908,6056.95680959587
4330.74511912558,6221.54137646573
3647.97286159862,4292.55859675339
4627.4352372707,3799.03154655884
4424.558614103,5071.38058831231
9338.36123291141,3194.9100880619
4319.54555954085,4772.21810896062
3494.02985601411,4527.33036976094
2601.37593535381,3788.29017744911
3723.62312433335,5284.72713141466
3077.01315188937,2369.88376026183
3499.98702930509,5758.13557443249
3986.15729460422,5892.20140920423
3550.18887407065,4433.72839975768
3344.19850244709,6297.69591591878
2826.08206417164,1387.37651668302
2944.86723058211,3273.11061265145
4388.35748305345,4580.80887347356
3977.90392776078,4592.9710362298
3059.44942155351,1846.97482431399
3035.99280681173,4151.78627768592
4050.11207283893,2236.49956815622
3063.42199230031,2944.56624754647
4433.87094103736,6119.4717300424
4523.56805109341,6217.96106104757
3393.07058369149,5911.12629600472
3946.20171914117,5963.6389983219
3809.90192311852,5016.53795355694
4821.54440503882,5398.10646440633
3937.45344294981,5035.8607471495
3786.17419368861,6703.0200119668
4599.12816001902,5261.5965262784
4090.60358855766,5869.46871086003
3835.53104456015,6367.31480459787
4655.70249405944,5895.04299649725
3901.93356014551,6314.06337415555
4196.56327240339,3585.85583697827
2953.84971474284,353.948092241509
3675.82432929281,7250.65096879157
4316.45084073908,5504.66598789474
4889.09215331197,5991.88446058561
3868.59238278599,5218.57481009096
3583.56309147156,140.147085457131
4231.01732561796,5501.82440060171
3869.5373806272,4989.03121941836
4292.66288018751,5625.49011045202
4163.41118709635,5428.68185910822
4355.25104460136,5448.11840076356
2565.59939899066,560.019992160242
3849.40537258869,7037.81565768881
3504.55910088574,6363.90489984624
2969.79613989451,4608.20185954936
4587.94561427707,6767.75111678874
3946.99874262336,3607.56522561277
3975.82834089898,6480.80788565231
4234.23182382972,5515.57734481575
3971.07489981329,6186.93109694984
3854.41095331342,4189.97729547521
4606.36585810228,4918.33278128107
4433.70891190142,4921.57227536617
4638.9604854269,4166.10796221381
7894.51030025441,1039.11155690721
3408.7841157115,1197.61535954039
2965.08534132408,2505.71163286839
4254.12585618221,4199.9228510008
4470.65703546897,6002.51208163258
2974.52502612503,1699.83747656673
4297.20711382894,4718.1712877894
3693.09971915382,1675.22930946637
4329.66741806713,1366.00773795396
4591.39040301525,6547.24394285006
4249.49527733342,6894.42924745386
4506.61392599916,2334.64807782833
3422.70293218483,4884.85871382715
4677.77528288082,4133.48637094779
4200.14711169813,5399.18601386453
3741.01942363388,4505.90471700049
3551.24833576553,983.700604693243
4212.10873025068,4182.36167238781
4820.01283183049,4707.20284540938
4015.81812635947,5525.0683309455
4631.31460072681,6975.52823336782
4321.12994724269,6057.18388286616
3428.96883746764,46.1473771431794
2384.92638742767,3435.30837305175
5149.05527090582,4244.6490967088
4921.05990296613,5921.29934765584
4950.70844173021,3450.42565973616
5554.14931499052,4070.45979564641
4728.66407755231,3248.21839253561
4794.76230995211,5425.72652375242
3782.98630495653,2874.60632610669
4075.76674096507,7173.98477448368
4958.79573118376,5567.52172967433
3818.19360823696,6346.28705862949
3836.01697882986,6789.46092827849
4396.43721978186,6326.39594757832
4407.61729885161,3996.46520082027
3875.39311278581,5510.34916248078
4747.7806509751,5604.97401933849
4865.05781548203,4009.87732370124
3897.74979259829,4094.10205563753
5012.95163388705,6310.59680680016
3999.72840512062,1803.15750597003
4285.18232482305,4669.06849022384
9417.17068167066,2867.84339063482
4557.19789026902,5561.55439635898
3800.94509266146,5980.97268080935
3011.3805025181,1922.16313951636
3556.61908811406,2522.64740856376
3630.88442558733,5778.7654136088
4427.46295106492,7009.51353282134
4685.35698328265,5534.84347580455
3598.3929967053,4462.59884208375
8272.85345967121,2739.57426708428
3965.17566869676,4471.40776269213
3777.18784573529,4850.41884497779
4056.28097189304,5287.51163324868
4128.83027834958,3588.46992814575
3865.54280081221,4841.83699763971
3822.45020008187,1653.86053073731
4210.14903120601,4093.81789690822
2302.99486794637,2380.96595070463
4053.11832439006,5389.18379573518
4187.01358802968,3476.22723007129
4197.21051569112,1346.40078563209
3778.10020882003,6383.73934829365
4731.97713211519,8197.69450524227
4262.26707416455,5408.33617866122
3782.07210543144,4076.99544642037
3362.12462585889,413.394087840194
4542.11900866716,4831.09605138523
2188.50850541259,1545.48241252413
5166.70595815285,6360.49499509461
5210.50895402066,5125.37074687977
3667.82973705085,2522.93156729306
4507.09518612558,4836.83588857504
3750.05824454644,5348.26493871563
4611.96053553283,2637.73169393124
4695.93110017799,3825.68580450951
3845.84995089397,5172.88191727703
8770.61657443139,3371.48640702147
3836.08214071461,2964.85526538971
4249.93746767527,5046.658778863
3934.32279752514,5309.27810734219
1845.13900476147,2260.42577544901
4195.08995858374,6019.84576412002
4234.40948520181,4666.62480972289
3724.91830981903,4987.26960443879
4468.9018131786,6122.9953828568
4737.92175726105,4830.01607907178
4108.95815093659,3639.22059262811
4095.52291943047,3235.7154084463
4148.20534647546,4982.72306476995
3125.81555257158,2144.77317262293
4556.58612529301,5308.88062340537
8463.18130614047,1291.0467074495
3615.33518216063,3993.680276131
3867.48653837021,7088.56632217117
4357.20796012091,4583.76420882935
3048.36095709121,3947.87405810955
3916.18624749269,2607.61086862518
4430.16663854266,3915.42287751006
3872.18776869018,6270.24626723921
3829.05589292467,5555.75747371016
4240.09582336125,4782.90281546659
3314.75529589718,6764.68245622542
3926.48304442929,4001.06840309286
4702.3222599365,4434.75128661212
4021.14877174052,5960.91115909165
3812.3526464841,6007.34278003072
3663.84658660532,4189.86354741244
3785.18645230853,5288.53452010311
3713.63307166424,3365.29157758058
3682.19882387632,4994.94189012996
4452.15687970312,6481.66036184021
3612.09523732943,2084.53152201082
5686.71935235263,5939.54216893496
7468.43318754235,1499.8464994554
3694.60676192219,249.548196238563
4245.49441650156,4818.76347796246
3243.84701820096,735.402749314314
4390.72118253167,5812.92112372885
4075.93456472805,6169.99489839922
4640.85061665222,6142.14734292758
4246.59095725254,994.328225740204
3960.82450122887,5578.54725751337
4604.8692839065,5241.64832976822
3374.44453967361,4627.46799053817
2470.94569746638,867.991233549586
4040.00473856683,4408.72243157906
4207.15760404221,4304.77742211339
4172.56916492527,6695.972706338
2320.15014354725,3597.61967008719
3815.41227080169,4020.33453408167
8173.02902100353,4107.5141785185
3426.41675905475,5449.88001574313
3928.74212587005,3598.64297979688
3185.30696203003,2901.3741206925
4068.40636168823,6479.89874686064
4590.92451349195,3729.35599527599
3705.39516556614,5901.06741527161
3413.63799127445,4571.14747667728
3917.17840538112,5138.61245909421
4108.66157625552,4489.53725876372
3772.27359728873,4931.17658670344
7903.1297168279,2401.1412204851
8624.7212282377,1505.87070680213
8983.48558976611,1768.20598226584
4420.93621590566,4967.83306278345
3990.57131968473,5868.33207594282
908.759018786724,1365.32577814639
4148.97129901456,5202.20735185419
4075.35636398285,7731.50420137503
3290.69172640308,3123.87040573629
8181.12203303819,6246.54734464434
4504.46498875042,4040.8506251952
3678.39381380745,4530.96777063812
4062.71594517909,4637.41354606375
4344.92549434305,2654.724343658
7849.61597952031,5258.12953606776
3985.8050985869,7743.72302673503
5167.11150944773,4891.79227139318
3385.09883215109,5639.12972945854
4049.02836270195,5923.34512136472
4532.75263608902,5353.94811330168
4188.13430310332,5776.09423698231
4190.34178276613,1493.53823909317
3643.84404091747,5828.60693929949
3171.09023122918,255.856509457695
3835.43035950508,4896.16840039549
4328.45824515901,6066.95902772521
4249.30394767108,5908.96677423307
3629.22574616874,1918.2986653689
4183.34612719147,6154.08200955828
4706.79376064567,4806.77214872799
3925.45893662189,6756.21435695011
3753.74652840358,5631.40078116362
4366.79909443134,4130.19021425893
4270.7814996551,5016.48129095318
4072.45249732344,4877.47058686529
4257.45588080188,5887.31404820232
4236.11928211687,4421.56665985668
3236.71291327512,5989.49744268842
4113.90586012039,7009.34312215481
4052.17820211077,5760.86341366275
3507.3318804807,6753.48651771986
4176.76689336798,5182.88455826163
3702.52868124246,1416.53122345221
5177.67452260967,5713.12474713994
4319.48746795087,5834.06261776
3876.04473286484,6936.93930878645
4077.55350196365,5032.67833852342
4237.86690231002,5151.34293930906
4593.40473405953,5755.7485565353
3796.86313437289,2836.75655250571
4680.28215831692,3006.00140710718
4578.87394725887,5363.7799207645
4868.58989877681,6162.72051950013
3860.95169485828,6866.63835458598
4132.00365357359,5818.83179444044
3453.15400464633,6120.32420623031
2660.47398875452,3142.05656441165
4075.74850641282,5309.90351025981
4355.27618006662,1152.83192265957
4493.11361638613,6002.1141748405
1418.39764282438,1257.45910336043
4379.91142207285,3393.76432454221
4608.22396007696,5668.85264797252
2965.33998817197,2045.94280885707
3066.68844376219,972.334255521146
4649.57961473737,6988.37203879019
2513.03733080878,1961.3770441601
4104.35438759946,6351.17484248664
4580.05414700357,4619.68195678423
4358.20079505878,5240.90960164308
4005.17075992439,5444.36725182361
3267.50285032409,1593.61888012519
4914.86009246631,4334.32992996084
4576.52365214257,4893.44056116523
4479.07550424844,6205.6855730838
3894.73567389847,5184.13494124161
3918.70701034497,4149.68341851803
4354.67661379973,5312.34719076076
5048.88257674625,5717.67128680878
3937.97142179662,5317.91661728404
2333.60785227562,232.612314829376
4682.29934334087,4235.27185864182
3007.05355737465,1065.99299384199
3771.16879257637,1921.08337863054
3816.87661367066,979.324581404748
4669.37742441496,5934.48439726652
4230.54388922701,6563.10016908724
4627.33383836933,4987.15585637602
3854.14820980839,6036.55404368985
4861.25599017816,2967.63997865135
2811.18060089575,2329.24906197158
3936.53332271251,4334.04577123154
4817.30189399047,5327.57801408032
4427.2873220491,6396.86731244532
4241.93430020386,5814.91023483397
4539.3900698771,5923.62928009402
4775.32214744069,5009.09316399132
5026.15585333339,6093.27204148757
4129.02544472665,6837.37000546783
4233.59618951889,6573.32988334212
4801.0305254952,4439.63907046927
4482.27552034521,6115.6639184987
8217.29522393236,2344.99132871836
4596.57877976939,6296.90052518988
1832.14263493285,1762.52280767979
4438.04978986953,5837.70001863717
5030.55761768978,7010.42267161301
4060.14323577145,5467.44119435612
3617.73287879246,5299.95795473422
3705.61473923307,2789.3020447122
3381.11102578737,5584.74166409901
3923.83997381355,6249.61642806291
3906.80716682279,1453.75601699083
3350.12928153038,2515.77072502912
2248.61465724434,2137.72607842175
4519.24326756483,6234.04436055504
3737.31325975352,4626.21760755819
4132.5948564836,2321.12199545696
3413.43502318285,3326.98702315614
4415.69125307501,2548.4489788989
3924.06377066184,4881.33506101275
4436.60008635959,6422.95325293738
3993.33523288703,6412.38229449418
4388.67021208495,6419.94125497783
1876.48740700106,2878.12997892109
3936.06594372808,3598.69964240064
4342.10003144389,5085.53186217367
4580.52726656924,4726.12773220987
3268.08953658272,1308.49403228591
4342.74769040107,5112.12903466532
3542.42348775817,1580.77496898901
3912.34867564015,4895.20217614481
4283.5409633517,6960.69489398508
4267.5820435171,7399.6068055498
3318.20050333647,2406.76752103976
5181.26438819172,4915.14994979974
4169.45392779302,6037.0656985447
4537.75250071326,6301.95829685831
1158.53685720575,2621.2504876317
4070.83616354014,5429.9322420882
8068.8978794515,4412.30274699722
3766.12855707708,5176.57598075796
4560.73641658208,6099.52353353222
1489.21020877674,2450.01652192511
2580.50331206045,1992.52096774822
3291.51327259207,5605.25817806779
3859.2139093446,5803.31681239158
3575.81265419793,4030.22300414824
4502.84581994882,4096.94364293055
4423.24077093455,6057.4113789917
3894.76278334583,4236.5222416218
3792.12363447158,3582.16177349734
4339.44022986354,4369.16770560227
4232.28068516442,6955.80753298318
4255.83968759931,1665.39739628975
3831.37154403091,3977.36948049799
4361.70792842022,2527.64851762843
2929.236677121,4296.99138835945
3136.09463136111,5748.1329334479
4541.16780470993,5605.8264955264
4580.21407881128,5785.81229638235
4378.98862763751,5251.5938852938
4521.90421834834,6945.12324933246
3828.76174642739,5913.79747263121
3577.1672558303,5503.64267818505
3829.1079026296,900.328454658676
3764.52180181172,728.469297462098
3401.7551422939,971.936454442885
4119.17015057016,5631.00287437154
4154.86809775786,6502.97226653789
4389.35568773185,6576.85353615652
3691.0876814504,4571.03415146976
4849.19732027723,5916.07074246563
3418.41722034341,3872.06033998957
3058.08183274539,4216.00615050826
4263.25448655966,4254.42424156785
4064.49883735068,6436.5928719439
4381.58406803191,5989.55410529218
3957.24120307195,5881.00547069866
3870.99693587305,5133.9521713626
4104.42066579177,3921.90186568026
3884.66921557836,5177.31513173835
4010.08072912021,4075.74548629564
7433.79226970076,2881.3125989748
3708.56335839041,2004.00085355546
3683.33531648597,2451.49397817538
4048.1446034446,5019.72036218303
3893.73822330232,7523.27251540011
4385.87476849183,6053.48981938523
3611.05029496447,5168.44912567096
5264.82537783235,6559.121946877
3882.87395753417,3111.70845440768
4211.53899412964,1635.95853079125
4302.64200724562,4686.80007950336
4093.20407828217,6314.46128094762
4246.82417650108,4144.85272011989
3755.02675402392,5433.85337883942
4727.99898710781,4580.58180020327
3536.09606286953,4433.3304929656
3988.58741511269,4249.53688056595
4710.64401888885,5320.64445651429
3422.61809722072,3759.70389385234
3719.44362320717,4116.03894039757
4244.89591020851,4806.26049387315
3626.40195814923,3557.72412277733
4542.82987268256,4271.53085078501
3955.33669691603,5451.86912684825
4168.99740564844,4699.01890486337
4634.7491376447,3541.98164460292
4026.05413826311,3978.44945281144
4185.47675302114,3852.56713573047
2910.20566684743,2690.92625034218
3503.34297424716,6256.6066482327
4619.50240519004,5353.03855165476
2840.34848653827,5342.52467867057
4454.06030819716,6290.70569574899
4483.32519458692,4992.49820962901
4233.29901997723,3823.92376667468
4113.47350821079,5452.03953751478
3216.81853816004,2054.69485543406
3786.420954596,3584.60545399829
4751.05122974539,5757.28309824459
4765.40163778341,6786.84683711101
4157.12588847439,5271.76915507427
4021.45030567907,2987.98565909835
4328.77714341541,4788.58599005264
3614.59051860955,4534.1501792642
4353.69665675037,5899.6466216251
3848.54591421401,5581.72966613945
4160.33427772268,5602.47325337853
2863.71310747958,279.555352767207
4897.80774894943,5726.36645935438
4297.00435576165,4909.2397019434
3734.75148444326,4600.64332192097
3975.57099300834,4782.10700188244
3513.02104755881,5830.59605040461
3839.13344484055,4176.16684294691
4353.72110937994,6088.72550181873
3370.23863950988,6527.63699052819
8530.17703299822,705.168281659299
4340.66142156663,5316.60957170029
3330.42050591843,6266.66595182105
3866.32747866664,4902.1923963146
8493.45082405884,4944.07747758482
4847.09158129713,5015.57172930626
3795.80423300858,4806.26049387315
7773.65878689902,1580.88861133797
4705.54329813019,4889.40525349599
4278.55601324524,4858.03404520995
4166.45661532203,2653.36042404287
3804.45848408331,4808.7041743741
3875.56963943775,5733.86833437902
4302.18795090469,4590.86817706192
2522.43416654786,6409.42738199364
4350.41575800736,4701.29217469778
4640.45711543108,4851.38506922847
3272.7197767213,5084.90645925605
8995.74260622325,2591.47069508633
4848.5214119528,7458.93931737025
4141.58538363867,7730.59506258336
4606.94559995171,5993.53232750242
3661.17588134883,4222.76887455251
3674.31674338778,4593.53935368841
7988.85735236211,753.191106911408
4342.5702002335,2339.47877622647
4073.11995084431,3686.50468975509
4489.35191954244,4151.04754956078
4236.18422353511,2605.45134685354
3952.45607200227,5549.61972972828
2324.79076075317,1761.84084787223
4203.87479216546,4867.35462067317
3920.55910538558,6398.74267548767
2796.52632247039,2997.07873843603
3677.05706325132,3304.36807287472
4802.88032882115,6267.85924934202
8431.82487256012,579.399606927286
3630.42022967471,5122.92706637881
3848.57499639055,7052.93315580085
3909.6843630902,1562.24777755297
4169.02010257763,4326.65764426968
4471.12360672798,7053.04648100837
3542.94012590226,1733.59549132233
4429.55498520138,6375.72581841417
4606.37728074953,4949.59024150434
4591.41640083665,6348.84448719321
4849.71627637525,5015.40131863973
3866.7494231907,6327.30550922524
3862.25909737065,4982.26849537412
4721.13549996745,5247.33150435426
4909.64754209267,4953.68221177734
3555.19997066218,342.922749401647
3876.91710776707,5356.10763507333
3774.58626915779,6820.49131523147
4082.02286592395,4261.01697780082
4120.24288561273,4031.30297646169
3865.07110931703,6326.96426503693
4960.08212745678,6881.01712457288
4508.64265915863,5471.02150977428
3814.35280730349,3569.14713455319
4265.82391460027,6975.86905470088
3761.65167491073,7208.53796854055
4026.81922839899,5675.72954293479
8147.42647513743,1482.51281696795
7944.83542124025,7701.21254254719
3394.21178533069,5104.39966351515
4125.14692881414,3751.46329070257
5556.18661250613,4485.89985788655
3575.64765048116,2496.50480546794
4581.60907170196,5767.17156831116
2499.52162082394,6105.66170036935
2834.11320514521,1154.70739141573
3221.50213904296,2780.09521731175
4684.37774813813,5963.69566092566
5026.27136628727,6812.13696401893
3546.40549954819,3795.96246314028
5307.73067715825,6747.68959507104
3985.51621290677,4278.91897774687
3597.25249114743,4826.71992238292
4405.21333845114,6044.9083949024
3873.78014499495,3603.41659273601
4419.47749779386,5027.9609653328
4288.52766240941,3993.9644348603
5012.95017076585,4935.95062249782
4140.54992214721,3897.06630816818
3393.52413850761,2091.57861621199
4065.41150406173,5128.32608223556
3910.57359747551,6896.58876922551
4240.23687705843,4017.32211326686
4097.05753412379,4244.6490967088
4422.32651588216,4681.62855977216
3394.43910208044,7244.11531801762
4703.0064702746,7264.06309167255
8606.82384904066,2670.92139122824
4588.72417839643,6394.19613581883
3860.27960163557,5421.63455347942
3668.65344346426,7638.58429689313
3918.78931798776,3794.99666174485
4638.85804521762,5877.02724848843
3233.31721343334,1192.27311200122
4686.23639223067,6378.56740570719
8798.85977336724,4426.16986212928
4169.66490354827,4469.8736438381
4190.51479486248,5495.00459109845
3645.75125556855,468.179901421081
4392.79874144891,5904.47732002324
4749.52816179071,5576.16023961617
4409.40624795192,3494.07235598596
8414.94876262627,8194.51209661619
4134.59625422963,6564.29346660821
4280.09908045647,3295.95684763079
3705.37888134517,4261.92611659248
3704.2719009639,5192.09138566207
4331.16437826232,6849.19134689101
3297.22234492295,4334.1024338353
1569.31019724525,2134.94136516012
3331.45602596079,4448.05008428557
3999.70224953277,4934.13192205924
4640.36899087777,4883.21084691035
4277.646953921,5813.88734797953
3863.88602061002,5945.56658770932
4553.80322967322,3917.18491534489
3793.18139779085,2722.46786929475
3269.29518925511,7302.42452012837
8399.8445055763,1719.78535593547
3536.29593980658,613.271316888753
4286.41719505225,6700.12133921476
3454.63889149722,6497.85740941045
4060.10182429013,183.396033485578
1727.85832820862,749.212884701174
7913.75096302424,3438.83202586615
2798.51302060644,646.517888217136
7866.56502193089,1167.94910363017
2845.06901541614,4296.42307090085
4046.78076106691,5360.99499607523
4230.79258513188,5131.62223892442
4773.84401897148,6944.89575320692
3922.14206764969,4597.2900797731
3768.99558237211,5501.02858701756
3439.98238012218,5662.43074526134
4872.06011548069,4228.22497586827
4158.5410430266,1495.7546348962
4560.78221314561,4703.50878192844
4119.95497243027,5688.91416969022
3885.53448897978,4413.83728870651
3720.68548222241,5040.52103488111
4009.82316496687,5928.45997849216
4606.90074313918,5456.13150778778
3986.64674446737,6477.51172896345
5152.0715417636,4840.35954138944
4571.52459432664,5407.7107757436
4178.93911180525,1676.70687143046
4474.55559784832,6173.17772988056
4668.71398045337,6362.08619940765
4090.52487305212,5861.6826771061
3849.57878943814,3855.91995502309
4444.01797185191,5888.96191511913
4167.1591202675,2728.03729581802
3806.04674476431,1545.36877017517
3816.49328417257,1116.00493019921
8017.53026389252,1764.28463408699
3033.29251854708,3234.46502546632
3417.99745115388,4687.88005181681
4176.86745098658,1487.34351536609
3814.37065608748,5935.90519091304
3130.0154867559,1732.62937278546
2933.16439195235,893.053970045771
4381.00323080647,2531.91089856797
1454.92809504696,1235.69262926692
3423.93223232892,4037.72487917288
3746.94376930302,6679.1506787054
3777.35108913013,6277.06607674247
4216.06678851511,5137.7599829063
5270.37121256297,6357.53965973882
1828.2654327696,1695.85925435649
3742.17870656516,4568.02173065495
4110.46440279605,6260.98277723501
5738.52499555587,5523.13630529939
4765.69413232772,6418.57712393508
4361.80653253234,6891.47391209806
4006.15902534067,4978.00611443458
4788.15802338888,6975.58489597158
3425.22487946644,2965.99190030692
3698.48021318627,5028.07471339557
3694.62866276466,3275.38388248587
3913.36594588688,4520.05599086185
2525.86853031775,1695.17718883512
3061.01883526101,1051.89869972582
4695.75587491575,5377.41953977101
3374.24994366781,6776.84419612642
3975.09823114763,5572.8069974683
4651.47730459549,4921.85643409547
4230.47855091319,2455.529074417
3368.63868355965,1619.36368214276
6938.60112402138,5055.0697926793
1780.62128422156,672.092173854354
3841.33151730206,4371.38388997768
4399.73429821608,4616.15830396983
4400.98557985936,5554.45042812642
4302.30518404518,3739.75612019741
4046.51621403358,3867.17297898766
3736.90961089817,654.531206668989
4432.997220907,2584.19610475961
4252.03625651115,6009.16105761405
3376.92702663052,3463.61049791922
4740.34655479178,5897.7708357275
3902.36466283635,2990.82724639138
4098.90645018337,4214.13078746592
3397.11547072017,5315.75709551239
4057.16926589504,5764.10290774785
4684.0419750562,3808.12462589652
2870.61195961004,5335.76195462633
4037.72472357812,5406.0629088268
3828.04021910485,5928.06249455534
4115.53011243275,4830.12982713455
4127.23417390542,3235.77207105006
3398.0531450713,1988.99731493382
8608.81261858716,1237.11342291343
4134.47626002755,4652.98519071637
5075.5276285694,7261.78982183813
5731.10007841243,8469.57774658093
1238.32158722327,3284.07905503147
3599.87254458204,1357.08517499662
8452.96029345155,5057.51347318025
4279.55063847011,4731.01509321177
3350.88636669193,3485.2065613462
4995.33571715681,7245.1377820168
5374.00694531204,5678.62779283158
4838.104939508,5138.0441416356
3946.65739665262,6293.60394564577
4145.33700085351,4201.8548766469
4166.36222622382,4859.73899758576
3391.59031966467,1400.39094419955
4649.77065368916,7111.12903270408
3811.71106413047,5540.75414651614
4213.72390721109,4944.98661637649
3853.19260881463,4284.65881493668
4138.55558279096,6688.75499004267
4287.89858190396,3076.70005667209
4244.3268970209,3682.58313014861
4198.72079583015,5847.36141543345
4187.92992803735,4614.33960353124
3353.63749842266,5181.97499661471
3790.98755844567,3696.96190013552
3409.31464032839,5644.86956664835
4043.18393415826,5622.648523159
3978.73982224107,6149.64921795222
6473.38261768284,4317.73497559853
4267.88423671958,5208.17468516954
2279.74117948073,1695.68873797615
3841.99234184199,2089.41909444034
3757.44649801495,6174.25727933876
4193.06815233413,4711.29481568238
3788.02988019182,6078.32537689731
3805.14764434696,5241.59166716446
4087.48925793834,5528.47823569713
4404.7071102816,3603.1324340067
4016.80533120946,4850.36175951878
3897.19247292189,6453.81280636858
4640.4933996859,3132.22475694884
4113.39761773918,1419.4864530942
4420.87896629655,2507.4165852442
3952.03877374283,6308.9485170281
8030.68873594604,4335.01157262697
3394.73810074803,3924.23179811844
3709.41831687993,5913.34290323537
4137.87540849995,3220.88228049119
4317.32716968119,5672.774207579
4173.90116745496,5387.76300208867
4122.5582645221,4565.00973269539
4621.43475739559,4380.76112804466
4139.06919810733,4553.58672091954
4302.21008328253,6364.13239597178
4704.78769513029,5928.17581976286
4298.02671105293,4712.82893453641
4535.63172727703,1703.30414963593
4217.78581460687,5763.93207422606
4089.65841475241,6614.1349922989
3199.89153209759,5572.86408292732
7672.64501773358,3295.78643696426
3964.00965708601,5942.55458974976
3854.06962989047,5662.88531465717
7995.86482938218,3846.14523301929
3395.29701897792,2050.03456770245
8174.49671263243,7547.14184866151
3749.83872123758,7633.98109462054
3640.91004254529,3248.78670999421
4548.36796942475,3589.89072179226
3973.86365430884,3094.31789788884
3897.38318787252,4169.34703344366
3868.02787049392,4535.17306611864
7975.21750805073,3788.97224297049
4401.96530073814,6497.17534388908
3664.25287436401,5333.7157580622
4261.01020291922,2609.14541033447
3315.96716254106,2926.7211216318
3617.49991113559,4979.02900128902
3022.0448493882,6268.42756680063
4550.89340836636,3485.09302471106
4526.73407733488,4922.42475155408
4081.89128466434,809.05668137812
3954.54592963473,3645.47208467277
2719.341908492,774.275674054266
3352.30702298638,4347.11707277945
4782.82636960428,6786.90349971477
4749.45831713538,7556.51908672849
4514.1054180902,4641.27802021121
2896.87749213506,171.063552562389
3362.81722351596,588.492686264963
4330.8526094278,6043.08969446381
4189.99556358623,5612.70296763342
4142.08037301523,5250.91224262768
2729.36120719424,5290.46696860447
4048.49191492811,5918.62817102935
3505.12607599001,6016.03795257632
3849.99584043176,3681.95815008625
7402.00167324456,2347.60563131347
4612.05241745604,4915.32078332152
4769.2453220275,4891.67852333041
4953.18927070387,3650.87110052951
3900.12140929546,6007.79734942655
4555.69808068855,4692.54033954842
5249.60275594423,7408.01739651085
4138.54828302631,297.570995062218
4454.04553784604,6555.37122079231
4165.25533361951,5029.89341383415
2943.31007571539,1851.86239674352
3198.38232869806,5679.65067968601
3108.64604065532,2498.83494933374
4104.71218504303,6651.92810329612
8917.3313280251,3395.24199222011
3812.55109414671,4168.72205338129
4470.91887224706,7047.47705448509
3411.15403522719,4638.72059164749
4510.77074112782,6941.8270926436
7414.20320524513,1645.22212650928
3512.54699325334,4162.64097200317
4068.58335721305,2910.58094809295
4279.64175573165,6101.51264463734
4206.96582028431,5473.52185287899
3489.73060834659,5215.44906406863
4181.35470598698,4374.62338406277
4661.77167877151,5052.00113211598
4172.89240680643,5918.74191909212
4450.71146065526,6398.91350900945
4382.0375035178,4305.6298983013
3995.75122837228,3967.65142109795
3796.4439524787,5169.4720125254
2825.76887089154,4601.60954617165
4843.73591381046,4990.73617179418
4343.40343409082,5283.93131783052
8736.68477257344,443.571734320729
8217.16321427773,8327.27088580418
4768.99946315068,4585.01459180934
3514.18449821906,3980.55231197933
3994.00584912911,4827.9703053629
3698.67923752368,5695.16566173488
4570.57635365957,4533.75227247213
4161.07514316253,5542.45909889196
3811.68175191746,6110.20824003819
4781.99066688669,4970.67465007648
9245.83614479671,3185.0214065677
2960.11458518524,5404.86918845058
4075.96845822495,833.949007207774
7542.17554577381,1863.45603061353
8338.13930227689,2790.26805753525
4848.24844501331,5719.43290178835
4112.19133827055,5023.75566985227
3855.75623184681,2897.16861378435
4801.16468732285,5946.93029589682
3673.13685179621,3878.48224270075
3867.12728868867,6916.76403900598
3654.02606112894,4056.93392470267
4832.61360704172,4295.11602531711
3439.54761576209,5110.87865168534
4701.18294334323,6527.86448665374
4103.07953555512,3486.79797708687
3921.25361821869,2405.7444227577
4091.51297381398,7129.3718539832
4275.14141652753,6105.49086684757
3560.43473723525,2448.8798870079
4565.14208485158,2868.12754936412
4060.35235165935,5161.23140937563
4270.89428321155,1253.4808811502
3816.95000104083,7085.27016548231
2556.21792825926,1512.86103268573
4263.25389293188,7325.10055586881
3730.69522117825,2330.10153815949
4690.50210525083,5210.61836567049
3949.56812851554,4092.73792459477
3995.1185490982,6123.22245612709
3856.48293295433,5937.09848843401
4067.43793925315,5570.98829702972
8924.29427656248,5184.3620145119
3949.4934370526,5468.06617441848
3431.43725088575,4898.72582895921
3372.94390999862,5518.41893210877
1610.81645538383,2439.38890087815
4133.17859740351,4728.51475010706
3961.69040187115,435.103820044589
4664.40765938846,1666.30674650904
4580.41011634629,4951.46560454669
4752.63581331197,6314.17712221832
3457.40833899867,2623.75104216404
8511.00568861335,4984.76883847883
3848.05341929822,7646.36990779182
2545.32520233425,999.670367565564
2381.05797328164,3736.80078484161
3600.39404428393,2429.15918662327
4342.27111058964,1174.08695332586
3615.94623528181,2352.37945568023
3447.8051163823,5171.46112363052
3671.13729739243,645.949570758531
3938.51493190161,4285.28379499904
3820.09578704603,5281.60138539234
4316.35460362206,4983.57554095786
3926.25397536565,5476.36344017201
3606.26779621688,4902.98820989874
4786.63620912644,4847.12268828894
4166.57831422419,5911.12629600472
3115.7895680946,3774.36639971329
4512.43292863741,3996.74935954957
7385.87012223579,1695.2340628665
1304.94884758499,4741.18814486289
4616.92402099709,4983.34804483232
3325.93925573638,176.292065253018
3908.79172970282,5524.15919215383
4630.5300429183,5648.96153692135
8786.91026236143,3768.28574119042
4036.27672085529,4035.50827194222
3820.83741070071,5972.44791893028
3772.46437775192,2381.64780479838
4205.30176533182,6522.80629213005
2574.90926649999,2615.05586961843
4021.41557406028,3125.6322321435
4810.93965666906,5106.0479532872
3892.46922172001,6928.58495757391
2641.02392175963,376.112473127098
3889.63788765059,4670.94427612144
3220.42852149075,1063.49243930965
4162.31274247725,5459.25725381011
4942.88746058252,6407.26743736674
4712.08382518328,6988.48578685296
5269.14055348977,6091.16960517493
3977.43952885426,4775.34385498295
2433.86862902546,1878.85747602725
4181.67065200878,4791.37049188665
4300.97660466445,6037.17944660747
4383.36285571172,5123.94995323325
4418.5660540992,5337.92147639798
4037.14889609141,4529.14907019953
5025.35180159738,5984.09842683168
3742.49289555671,6607.88350025425
3477.21723707873,2987.5879637339
4633.47101479906,4908.33014029648
3827.57777832906,5816.67227266879
3590.66457965581,6598.27918891698
1608.76357727185,1377.77199391813
3234.2907397708,5603.26906696268
3452.26146674945,5728.01474912644
4726.04349604417,4615.76039717776
4421.36449335642,6633.85569268354
3458.49024221885,3513.33827554714
3951.29732459777,5463.0079798948
5076.73115084434,8525.10286971292
4137.65114868988,5796.66741355485
7687.29254595734,1122.42693862421
4158.7604570501,5660.21413803068
4225.56664444047,6508.65544112394
3516.69328708485,313.881711409868
3882.85415451423,5817.97931825253
3664.43548973617,5581.10468607709
8519.93334696514,326.214205547283
8747.67422945186,2464.11071032746
2970.57084890474,5565.93052536129
3666.16442775527,4707.20284540938
3996.49706797214,4747.95129176239
3919.04204530115,6754.96397397013
4538.62926514579,6315.82541199037
4044.21145388732,5855.37452245768
4143.1306786059,6768.54693037289
4371.2319627188,5831.1072824042
3870.64576756973,2378.35164810952
4547.81889725037,5367.3035735789
2966.61412213744,779.39053118171
3763.6113838617,5956.87585142241
4950.36256346954,2846.87251869782
3131.96795137817,1444.32190489246
4336.66044888827,5129.17855842347
3749.77667304337,5241.02334970585
4231.98736474174,3649.84821367507
2816.8655228068,5875.66354030092
4585.11876265721,2820.729915602
8531.97662461936,7590.22065030796
4163.90303346375,2994.74880599785
3311.34368528062,5144.63687786857
4202.5881832637,5357.016773865
4342.75153835464,6970.07213205206
4286.63869151241,6174.54143806806
3659.37914625908,4042.38516690449
3014.22485591811,4414.51935422788
4026.72114020506,3544.14116637457
3988.3384159893,3335.11408967076
1516.60537844489,6350.49277696527
4411.96464180784,6699.7805178817
5188.39719050338,6874.59479900645
4685.62231805409,5105.99129068344
3199.918858757,1539.79923793808
4495.12457843371,5567.12382288226
3740.65560527961,5768.4786138949
1964.82686456625,5637.31102901995
4811.78766128189,5143.21608422206
4006.89736528083,3539.31046797643
3674.10810692353,3718.50087810349
3760.54120421903,5174.07563765325
1960.44150787972,1412.43935889302
4107.24677650442,4480.16002069674
3768.58349432518,5030.9733861476
4321.26568466739,5554.84833491849
3746.83858826649,6760.87464468172
3193.14853781857,2073.44933156802
4488.70257925723,2896.03197886714
4136.24725357546,5110.70824101881
3586.1359281896,4951.01103515085
4371.00390844216,4972.83417184813
3641.71526856955,2933.37052046853
4151.20235952705,4605.13319898605
3948.64214313824,4628.15005605954
8391.42361848052,6569.57915725743
8887.65488979701,1750.19033997083
4947.18343356146,6259.8461423178
8826.8062273327,377.021796917937
4685.49179177284,6282.35134453645
3799.5636680365,6647.77947041936
4214.63604040973,7109.53740553579
4495.79350124009,1682.27640366755
4037.62490981292,4440.20738792787
4265.28100214773,4418.27008031258
3787.96015419631,7407.44907905224
4141.07146832426,5779.3337310674
4621.96774351151,2090.15782256548
3685.74128280646,3874.04945109468
3935.91912893037,4778.46960100527
3382.15172697213,2355.05063230672
4172.7079431786,5323.03147441148
3877.12132093337,1907.89854044748
4481.73920893312,3794.59875495278
4211.26775264202,5736.82366973481
4420.81333332796,5651.57605094409
3524.35750332965,5564.85055304784
3826.9026475815,1309.74430955208
4132.16603082843,1698.01877612814
2940.97192434603,6607.48559346217
4257.7500168302,6187.84023574151
4285.38633913117,2634.60594790891
3136.17354027902,6701.37172219474
4662.08189245906,4908.10306702619
9742.73231940736,155.946305520655
2032.81213561785,596.619647065775
3641.4800812712,5300.86709352589
4100.0279275956,6520.70385581742
7927.97487607056,2282.41974566807
5021.27405194216,7660.40785644566
4662.3156410007,3185.64659805769
3963.62505163256,5196.46709180913
4254.45498687827,6620.10232561425
3691.36515957092,4054.03567480588
3537.28963059661,5590.14067995575
3993.79209834631,2878.64142234831
8737.00796663381,2740.3698692408
4433.85036673004,5147.59179036912
4021.48512984671,5636.40189022829
3723.47689603784,6460.74636393461
3761.21528007337,5192.94386184998
4567.81828996994,736.653079437389
4017.12832467266,6334.97779491641
3464.50814697358,6709.66941080353
3391.68969447458,4526.19373484374
3794.88887628809,5095.64782836578
3737.19316340069,1793.66673126791
4273.5561840853,4200.26367233386
3751.5331137648,5392.8207737571
3513.96778101155,542.11799221419
4203.89902789129,5901.52198466744
3563.99006954848,2434.27404375071
3384.90847972247,4305.80030896783
4217.42112807033,2108.00294848015
4015.90125430311,5610.37303519524
4214.33128072292,3715.37513208116
4128.59417127099,3282.60138735358
4420.10463710767,4371.55472349946
3705.21821998086,2102.6039326234
4443.62013737621,6469.21404035467
3806.39643436849,4263.74481703107
3601.09863709396,5823.15083798374
3916.68086711606,7518.32849179445
3764.45525591477,2561.86131320749
5244.62548686008,5760.12468553761
4502.20380798982,7714.39801501312
3860.84926876645,5087.12306648671
8629.79163339621,2518.04399486354
4085.00124218719,4340.92224333856
3900.17750914698,5290.18280987517
4048.93739817048,3990.72494077521
3633.81813389742,5559.11071585803
4039.91492224056,2399.09523534859
3005.60467665288,5327.46426601755
3947.24289891994,5538.82169801479
4202.47911023325,5724.77525504134
1747.36370427774,356.164540901449
4607.10667881068,4447.82258816003
3440.34537262977,7308.2776825257
3453.87791900429,2243.88769511809
3791.91181538017,1024.39217701487
4102.62448639324,2096.35244057875
4323.90891376877,4113.08360504178
3525.71318742588,5577.86519199199
4268.45892476901,3801.47522705979
3721.44447581266,3254.07197778819
8458.90858932551,4816.66061879457
4815.34646512213,5233.40772661844
2346.02214654686,2026.79042593104
3807.39460462075,4150.30839858039
4413.28066317495,5672.43296339068
1940.34596482885,2170.91577571875
4873.83096583781,6586.91283974488
3714.46170170885,5401.40262109519
3787.00530967568,2892.79248478204
3713.35980744351,3734.12960821512
8455.97792464373,1424.14663511199
4567.50890198781,5985.29172435265
4383.1752157443,5884.4724609093
4079.47515011455,6381.69315172952
4163.94984546539,5312.17678009423
4492.22607030153,3431.9553423315
4078.90570545081,5527.85325563476
3858.66046069397,3492.02637084946
4910.67459043787,3900.19205419051
3768.03393880817,719.433039298899
3978.64244811335,4881.73296780482
7371.03983776565,2331.18129904532
1014.87989331785,6556.56451831328
3670.06971330816,2967.69685268274
4181.9593066478,5295.41141506538
4195.10180421706,3984.53053418956
4240.3146749698,5138.49871103144
4934.5571342507,4186.16948393151
4187.9483839336,4294.71811852503
3869.0320591828,8032.42829570629
3840.46606299792,3993.680276131
4880.86122452948,6992.12318773013
7662.87546198119,4310.91516609527
3601.49058003226,5154.97991733098
3808.06726619,4437.93411809345
3966.94608260578,1780.99312508445
3072.6792350201,3088.57784927141
4114.49665182108,4518.29395302703
3149.30237707916,1871.63975973192
3585.90802542165,4394.45783251018
4469.48170566622,5387.99007535896
4223.44755261311,2622.21671188238
3289.96552419306,5362.47287518076
4106.31943098947,4417.24719345814
3795.21135560208,5453.40366855753
3483.98264174417,4736.52785713128
4121.78646159774,4969.36760449274
4142.43195531653,6104.07007320106
4402.17726148606,4439.46865980274
3993.93956900065,7343.68419848098
3859.42332758962,6373.85045537183
3499.07849513341,4962.26363626018
3929.92198397798,5286.65915706077
4694.98524223396,5513.01991625203
3860.97947012514,5402.70966667893
4024.57607874341,5875.89061357121
3974.48020599258,4065.06077978967
3782.18814856945,786.437678239791
3604.5764632465,3393.48016581291
3484.52845828764,1266.26802396881
4167.22932304081,5296.66179804537
3646.34447687354,1684.72018988231
4411.69742650822,5674.4220744958
4756.43705486728,2983.32558279437
4609.97060709151,5902.31737539634
4022.95362381392,3219.12045408399
3780.15118794627,5354.68684142682
3009.63090531431,4256.18627940268
4351.28120948365,3029.98448843135
3632.9086457407,4615.76039717776
4938.45151648365,6337.30772735459
3722.22887634245,5236.19265130771
4241.91152963188,5809.56830443623
3509.80898359303,5182.65706213608
4594.3288918231,6115.77766656147
4316.23685285676,3902.52198662868
2465.80547484201,1890.96255332448
3589.24770497196,6332.59077701921
4365.22384103829,5144.97769920163
3807.49236776779,5393.27576600819
4378.88188671199,4319.26951730781
4886.11537321612,5736.14160421344
3762.60180959907,5199.19535389464
3622.73823602126,7011.38889586368
3979.7183543641,5333.9999167915
3936.11955599183,2956.33050351064
3804.62210882302,5086.95265582018
3998.96017985852,3238.15908894725
5293.75201278146,4917.70737836346
3216.25136792142,5430.10265275473
4106.72108416584,3405.92627587083
3539.54303189466,1579.41094366007
4695.66653943436,4352.97065803203
4032.98355892548,3773.22976479608
4780.07564031527,5606.50813819252
4860.0540826041,4605.30360965258
4842.97487741561,7035.3153145841
3824.16894402401,6423.35115972946
3582.98797211998,1521.38579456481
4412.83082114003,2155.51433030503
3639.29663257752,4727.20770452332
2885.64118460039,5200.1044926863
3600.59152754316,4127.34862696591
4264.24757143994,6622.43268090768
3690.24949947402,7836.01795115456
4492.07207912786,5927.38042903396
2936.09387098141,385.489711194077
7529.05463229324,770.581610573335
4503.31893856532,5920.90144086377
5010.85440481388,5567.12382288226
4715.2469375229,5279.66893689098
3736.99209731199,6751.04283721891
3615.37198565718,4081.82614481851
3872.88786771244,5748.81499896927
4090.77755571808,6684.26553583284
4237.79530432793,4357.17595351255
3596.32446776317,5555.13249364779
4268.17520287104,6961.8886143613
3626.5010539278,3670.13723151832
4116.36296895153,6589.98150030819
4094.03032822935,2978.66529506276
2080.75236895748,2726.9575349322
2471.46910768561,4307.39151328087
4328.6219731299,5782.2890664232
3315.71007826417,6262.28982281875
3915.28752369558,177.20137582963
4264.09821162222,3794.31459622347
8063.58688258288,4516.41858998468
3812.01690594797,5769.0469313535
8545.80541264939,4815.69439454389
4566.06353796021,5616.62452723989
3680.31324232593,2351.86801225301
3642.24588528625,5656.34966388322
3994.62807684007,4021.12992481056
3730.03599995877,1763.26164151874
3569.42543503584,5545.64150751804
3610.08113320249,1527.63728660946
3473.2379232507,6688.69832743891
2955.85836983782,3867.79795905003
3613.28839298699,5427.09065479518
3884.81965649607,2705.36147150522
6112.53296143446,4247.71818012736
3954.59043044118,812.125606225967
3874.44405069251,4959.36538636339
4356.42533407381,3396.09446840801
3571.27385736835,4173.60941438319
4327.65405886253,7058.33217165759
3325.48720063488,2957.35339036508
3111.26436262633,298.480318853058
5187.02620679335,4249.19563637764
3838.01278058632,1158.06042213597
4144.71402606975,6792.53001169706
4975.46435024709,6940.86086839292
4464.09878013447,3966.74185945103
4383.20526753658,3902.863230817
3161.03580585863,2907.56873870577
2346.07680347583,5012.04807649186
3859.55472914241,4833.42598382341
4338.12865611047,5026.36976101975
3405.87572971521,5491.31052761752
4199.71900873172,5645.49496956597
3793.56551810253,1909.09183796845
3608.92377107836,2767.99014001452
4666.73956900639,5911.24004406749
3737.8219283367,5921.3560102596
4489.13309876075,6861.18267612547
3855.08441552628,4251.01433681622
4112.08891533039,7179.66794906973
9127.33075241782,4104.61592862172
3738.44046006898,6723.93400987241
4786.68061880884,3400.52726001408
3678.92849305369,103.66109932901
4433.71662154009,4649.68903402752
4482.83961611463,5725.22982443717
4274.95514931756,4752.89531536805
4661.15153887274,6354.58474723827
4533.21689109325,5974.83493682747
3532.40339770159,6724.95689672685
3114.89537602797,4536.53719716139
4218.42100985203,4230.66865636922
3801.76926339048,3860.92148694301
4032.07178038081,5378.38576402169
4235.36406865999,4783.52779552895
3384.6719573354,2119.36929765224
4294.5707423214,6363.67782657595
4942.41384615634,6356.63052094715
2007.39543757082,4546.42566722797
3171.61101303415,3731.45843158863
3982.84140891653,4614.90792098985
3795.66296243624,913.854431316233
3781.14709836823,4618.09075247119
3737.41050492156,6290.53528508246
3877.53973984334,4323.07690599626
3757.65207347995,6187.27191828291
3738.58824899883,5258.41369479706
3830.19524865542,3378.59037525403
3210.41691069863,6930.63115413804
3632.46661194425,6812.30737468546
3806.16952999483,2692.63120271799
3780.03332512128,7452.57365440757
4214.87060315058,5774.27553654372
3732.40363965729,1368.39475585115
3930.47454670838,5284.55629789288
3604.21503410711,1787.69939795256
3909.68434313046,3437.86580161547
4398.55749182518,6934.2114695562
4511.76949636247,6558.89445075146
5075.04652418877,5356.90344865748
4032.15749326937,3757.31687595515
3940.49381391776,6438.69573111179
4515.21710164907,7013.49175503157
4120.47040426996,5902.82903025119
4149.63772005781,6425.05611210527
4135.00919859095,5227.66788942864
3876.66544801358,4144.45481332781
3531.81973058261,3168.76748496608
4079.05830386973,5805.64674482976
2609.78663015802,3696.6206559472
4337.76248655406,6294.17226310438
4296.96346548055,6537.41213538725
4351.83927415123,5280.63516114166
4094.98204431701,5981.14309147588
3829.37610988106,4177.13306719759
3936.90683678204,2889.04175869735
2599.03192416592,636.686027897416
4049.92158252278,3440.30948211642
4449.32905633057,2924.33410373461
4775.26426090191,5128.78065163139
3417.46656845103,4693.39281573633
4244.08845749852,6398.28810609183
4609.65417985102,5375.31668060312
4477.81947544585,4966.98058659555
4456.9001381601,5630.71871564224
4125.14690693717,2378.80621750535
4240.75803448507,5434.76294048634
3079.16760549797,5350.99277794589
5182.74850734881,6783.89150175522
3636.33817891589,5544.61862066361
4171.67293468745,4940.66757283319
3674.00792809923,4257.66373565295
3551.24133946818,4766.36452370804
4410.61156905466,7139.60156823809
4774.05754176808,5070.98268152023
4338.64678521278,6589.24277218306
4426.99864171058,3776.01468948535
5104.4153735784,4132.97471609295
4244.74014566008,2698.93956879403
4306.21798904093,3969.98135353613
8266.19670670443,2297.7643170504
8835.5213281534,1190.39764324506
4626.79927606414,5747.73502665583
4485.07184196248,6301.16290612942
4033.65851132383,5514.55445796131
4413.16129694935,6033.99661512613
3499.75887989537,4562.96395898652
4102.5281348501,5865.71798477534
3847.0728602877,3528.62618432571
3659.1527125647,1820.7184731554
4165.33444541234,6746.61004561284
2566.07849849951,1627.66115932391
2694.53479066108,2014.23056781035
4552.96357905356,4691.9149366308
3675.13879075874,4918.44652934385
3489.53212769049,4360.81335438973
3762.3708087937,1459.09815881619
3475.39799557996,4320.63322549531
4992.61484097749,3986.23548656538
4131.14199608098,5907.83013931586
4298.49459536338,5425.15820629382
5023.24598702736,2835.79032825503
3920.90635563739,5277.11150832726
4077.35212116096,6362.42744359597
3528.32890252488,4705.09998624149
5042.62119428716,4746.87131944894
4660.37638120797,7021.61861011857
4785.96075406814,7110.16238559815
7584.98289144843,1525.13662636331
3989.90722962352,6700.97381540267
3039.6885019596,1874.48134702494
4053.00252327862,3969.86760547336
4274.042747207,4223.16678134458
4033.96737841932,5295.86598446122
2236.15026651154,1191.19335111539
7568.43368179533,1776.50345944699
4321.60169336445,4111.43573812497
3640.0121215999,5128.43983029833
2154.63842821913,541.322337200762
4124.7542354657,4942.54293587554
3466.58351765965,2277.87320599923
4442.40270494062,5302.0037284431
4173.97529566633,7045.99959823482
3757.27923409268,4728.79890883636
4274.6936399203,5975.17575816053
5248.49885137484,7092.60120698516
3709.48793985691,6553.72293102026
2778.50529808574,2280.60104522949
3457.23944397406,5964.60522257258
8183.5402653383,1776.95802884283
8676.2594108579,6524.39791929835
4378.45782429362,5321.61068076497
4111.89282073363,4648.72280977684
2763.53746815454,3826.99285009325
3566.10343836766,3189.11337684071
3218.51371846904,4852.52170414568
3997.77589117844,5137.81706836531
4103.20723263842,4920.15148171966
5062.54645811337,6772.69556324965
4011.15744525748,6097.5344224271
4204.00348064329,4302.6745629455
3952.98228548663,4866.9567138811
4553.20096931087,6480.18290558994
3813.14775047704,4323.41815018458
8648.820151882,7431.83006716849
4085.64617256136,5104.57049703693
3362.30503572304,5699.65553879996
4071.41040368355,5078.48455654487
4113.48749008051,4443.38979655396
3875.31818704119,2831.81210604479
3935.57707329967,3741.34732451045
3800.53269804603,3670.98970770622
4288.46562433592,5764.21623295536
4498.00566081335,4460.89388970794
3877.16444184635,6233.64645376296
4010.4964234305,2453.65371137466
4114.58900461545,5499.32363464175
4331.09302631065,5319.73531772262
4923.87627185376,6461.59884012251
3457.01270931337,4473.68103252655
3915.40625118921,3990.32703398313
3122.62254179755,2862.84228157014
3666.9262357027,2922.06083390019
8527.91080412548,2045.43136542985
3082.05469046901,1623.68293711368
4609.38759187258,5830.5389649456
4102.53334487077,4101.49018259939
4142.48910440957,4284.31799360362
4885.1779155047,5575.87608088687
4648.44662949649,4824.10583121544
3838.55759754441,2782.08432841687
8351.07548016028,5549.16516033244
3457.32722458615,7229.28155577963
3814.67721706002,5573.43240038592
4450.84798187252,4152.12709901898
4331.82231199772,6260.64153304669
4119.69195391169,6492.85630034578
4012.44037578325,5319.90572838915
4308.73994368619,6033.03039087545
4143.8909848243,8093.35158898453
4086.80160279241,5558.03074354458
4483.37061602407,5315.47293678308
4509.09583702583,3377.39686630544
4435.07352391613,3141.82927971373
3782.01709594507,6108.55995026614
4198.75426130505,4557.451195067
4548.32865284394,5841.33699665909
3699.30862819586,2336.46656683929
3351.45454602265,1378.68123842361
3587.14980664874,7906.09098637423
4259.18975751209,5954.659667047
3541.4778265257,4667.7614446401
3752.92774258699,6743.37055152774
3355.70113860313,6207.10636673032
4408.26053285205,4698.56433546753
4948.67638143196,5359.80169855426
4071.81931208079,6658.91832346591
3670.29891458741,2707.29370857895
3635.64948147895,2214.27831323925
4924.35065346357,6972.51623540826
3867.82009194981,2241.72817334644
4448.3170906153,3001.73902616764
4827.27018758927,3270.21215132704
3354.18234853938,2929.10813952899
3564.58735856367,3779.42459423698
3680.77642139226,5613.9533506134
4000.64175284787,4926.97129122292
4290.91338874192,2749.0650417864
4289.81950695879,3149.7857241342
4817.91638415855,6899.48744197754
6484.54957107214,1778.37882248934
3358.06985377659,4846.61103343409
4830.60161068187,6144.25020209547
3340.96852758576,1381.52282571663
3958.90481977744,5673.56959830789
3751.80026231999,4555.63249462841
4109.44612112993,7746.39378050627
8706.88153803769,1731.60638021721
3425.92532980723,3247.59320104562
4194.09718373155,4705.55455563732
3976.96566883892,4858.77319619034
4854.96916375271,6976.83527895156
4067.22761502103,1620.44354874239
4410.64182542357,6598.33585152074
3889.95038184662,4071.31227183432
3668.91509807519,4260.3915748832
3919.55477953782,5731.08340968975
3540.09816612807,6692.27864285707
3317.59953330607,5441.46900192683
4651.43328744185,4602.97325435915
4082.69559509269,3680.53735643973
4934.90964367514,5314.96128192824
4079.02592022463,5253.07176439932
3023.69080359822,4916.96865023832
2996.31132924453,3063.96978788487
3818.39516035739,5738.52862211063
3731.9622778591,4409.97281455905
3593.71456152267,4520.34014959116
4634.58851966352,6595.77842295702
4359.08205425879,3810.05707439788
3333.14048428492,3465.37232432642
3954.92884137678,3613.4192337206
3566.41930803425,6004.72826600798
3696.58134533165,617.704214208633
4387.59314353244,6214.43740823317
4024.94496457951,6104.2975693266
4014.32653129602,3835.51761197232
4678.26928518896,5920.787692801
3123.51969239677,1440.45732503119
3304.47398498857,1937.73520702424
4082.91520759718,6078.38246235632
3340.13325373342,6446.14052067741
5095.07643295514,5955.56880583866
3917.98012324203,4179.57674769854
5091.58358949323,7092.37455657012
2799.17719733688,4138.82872420078
4293.72066106756,6955.18255292082
6149.31199393091,462.042051725387
4390.06222916201,2172.67760212595
3667.93319011358,5088.99842952906
4375.66438947631,7116.81220729013
4333.52443783742,6586.91283974488
3846.59039603316,1405.73319173872
3853.49090292044,1864.13809613491
4945.99272728089,5754.8960803474
4745.83173689721,4805.29426962247
3740.98452310176,6687.61835512546
4301.29980336201,1727.62815800698
4296.96972950493,5789.62010792605
3754.60189086208,6154.59366441313
4309.82579068578,2786.40358338779
4280.72892699386,3571.93205924245
4957.04970641222,6634.70816887145
3982.40334536999,6609.75886329659
3857.50736029483,4533.46811374283
4238.99871146093,5229.03202047139
4784.66917596861,4506.92760385493
3796.09101672361,4805.01011089317
4881.83708883266,5225.22420892769
5091.7743767215,6723.82026180964
4018.8155839485,6303.43617596384
3769.64527516939,5206.46973279373
4755.19553217898,8759.36298786564
1643.92680690811,3505.60932725222
3719.04964528736,5572.522838739
3389.93171988193,1081.50808160466
4524.14361744591,6582.19546655426
4265.37326471484,5562.06605121383
3894.96288867132,6372.20258845502
3895.44505153691,6693.52902583705
4450.07263969832,7046.73832635995
3176.01358052196,4970.84506074301
3290.14622605737,3995.49897656959
4004.88451498829,5351.67484346726
4801.4626520745,6119.35798197963
4210.57140512403,4048.80706961567
4001.23610656788,6756.32810501288
4206.61287832072,2319.13288435184
4170.65501897431,6196.53540828712
4839.29124198542,5438.3432559045
2775.99566417021,2078.90522145615
3464.50085307016,2044.0672343871
4652.98576100262,4527.27370715718
3776.31654890842,2051.17120261966
8309.96815420834,2206.37874285017
3674.84939369796,5396.3444265715
3634.98054978423,5947.8965201475
3998.5588409093,2423.58976009999
2820.8127075475,3112.10636119975
2705.93848762922,514.554595471855
4657.44166036562,5360.93833347147
4383.70363994505,5059.04801488953
4069.41685931003,4492.60634218229
3332.21374947553,1168.06285169294
2965.81684271112,891.917335128562
3610.55709233791,4752.66824209776
3422.97389286464,3185.13515463047
3628.92378289425,4923.04973161644
3904.53312453797,4892.92890631039
5251.73909932396,5384.58017060733
4792.5024323054,6260.35737431739
4013.27668050502,3358.01719868149
4166.47824408158,4929.3012236611
3814.0933667907,5073.42636202118
4019.71714244411,6306.22067779785
4676.85974744349,6750.92908915614
8020.30954243481,1024.56269339522
4226.76594534761,5380.09071639751
3458.29731473309,4065.85659337382
4208.25309763405,5655.89509448738
3598.17949422018,4101.03561320356
7996.70751541734,3869.44624882208
4116.79722516056,5189.47687163934
4010.09593304666,1966.83293404823
3701.16652160341,6040.24810717078
4438.06487487122,6349.92445950666
4051.43005560233,5495.51582309805
9313.0116627409,8295.27512031103
3636.89629853352,5281.54429993333
5236.67703065855,4972.55001311882
3575.33750270924,4950.95394969184
3850.61152884048,5877.48224073951
4680.48802428033,6175.90556911081
2214.66185292847,1076.39322447722
3706.44603232483,5027.27932266667
3246.61322794577,3724.12739008578
3499.88498684593,4583.87795689213
3805.0909615934,6151.29750772427
3813.81172670564,4041.87351204964
8882.03601979736,3572.95494609689
4208.00596669665,6266.26804502898
3692.54481059573,4476.46595721581
7500.05800280374,540.810893773542
2701.18811626408,1104.58181270954
3899.28749815042,4645.99497054658
3894.48069627273,379.920205385441
3695.00234365992,4595.30096866798
3803.5231224153,4719.76249210244
4104.5494559981,5257.84537733845
4182.68344763157,5778.25375875395
4077.4073614586,6425.51068150111
1966.64856021064,2389.71799728161
3682.35827912714,5715.56842764089
4521.76735231015,6840.49575149016
2864.6410714254,2679.16199437801
3653.12088095197,4528.35325661538
4013.17005995563,3500.83529145783
4357.92255938255,5756.31687399391
4665.43502072758,4607.23563529868
3691.60513940467,6195.74001755822
5023.06280947553,4840.52995205597
4233.20943720002,3989.47455779522
1161.5839239318,1582.76408009413
4737.74571588501,6585.32121257659
4796.17213395703,5125.20033621323
1645.22992815854,2726.33234344221
4146.65140772051,6129.58769623452
4036.81353521842,3903.26113760907
3860.65659437276,6415.22388178721
2380.92247589475,3647.74535450718
4539.60642308596,3737.76700909229
4017.64489880115,3231.85072287121
3952.69853552548,5795.13287184557
3850.35910197957,6469.78235781327
4791.64870676936,2417.50867872187
4567.2007049391,9023.63060611689
4304.68471373519,3666.44316803739
3543.07956004851,148.615012947498
4069.02794931664,2846.19045317645
4139.70870460458,4938.56471366531
4839.371437363,5284.27213916358
4618.99574629485,3480.14857825014
7325.15863315383,65.867988331788
3924.53674195382,7244.39947674692
2621.42706153957,4793.58709911731
4834.45145886166,6619.64775621842
1905.29315080101,1405.16487428012
4508.70558556028,6184.37366838612
3325.64074873076,2504.06334309633
3979.87298508127,5188.96563963975
4556.50040052698,6619.59109361466
4280.59465836229,3913.71792513425
9012.54395946734,2660.80542503612
5030.26506592503,7167.619111521
3944.53582689788,6982.00679868276
4909.61021978146,6216.54026740106
3883.45059517187,5845.14480820279
4002.24863811971,6723.19528174727
2532.72293066336,2958.66064737644
4489.5639284961,6784.8577260059
3814.66682489722,4495.56125468283
3431.91564107268,3398.36773824243
3797.95991737514,4754.14569834803
3763.21383481131,6609.02013517146
4085.62308729237,5301.26500031796
2340.09571897358,1461.93974610921
2496.51661491545,1025.92661301035
8346.71085714164,1836.74511005911
3723.32436564479,5882.82417113725
4043.69413304466,4321.54278714223
3440.2920378179,4512.89493717028
3561.99657032134,6708.36194236453
4037.47710856684,5650.89398542271
4551.0975283161,6725.46855158169
4235.86245122049,5376.79455970865
4393.09612346999,5443.79893436501
3543.62445514817,5972.84582572235
4820.92877758542,6394.25322127784
3671.76069382093,3788.34726290812
3728.42557978253,2669.21643885242
4747.54894894269,3967.99224243101
4077.55959172917,3277.77068895543
3910.53054681202,5148.3309413495
4655.78315938611,4652.41687325777
3998.48472649793,1582.02524625518
4468.33412510735,6269.50753911408
4386.29190514061,4719.08042658107
4392.74000379272,2973.09586853948
3788.91518568738,5037.67944758809
4922.1724857443,7077.99578658322
3596.47315714228,6369.0768424327
4491.62074241932,4078.52998812965
1956.03671341873,1614.53298374461
3286.84941715277,4006.18326022031
4598.88663752108,3790.9613540756
4453.73971527653,4521.07887771629
4461.20879737871,5755.1802390767
3992.79006355745,5872.8219530079
4203.13245368289,4236.57932708081
3748.55459974598,3442.86691068014
4336.24327964575,1441.65083397978
4121.72125514535,5497.10702741109
4625.8110884201,4938.73512433184
4192.80797066271,5936.41642291263
4456.57816788017,4767.50115862525
3879.58024205521,5778.42416942048
3820.31807874821,4647.6999229224
4419.3554580294,5929.88077213867
3389.47221536543,7109.0824132847
2363.67108071331,1458.30255665967
5125.4716512823,5538.02588443064
4423.58773556401,5167.48290142028
3924.2489482104,6807.24918016178
4001.60797903638,5537.96922182688
4188.19379091574,6969.56090005247
3959.81817219743,6120.04004750101
3839.02695183345,5326.72553789241
3944.48480218661,5241.08001230961
4703.0138143371,3364.04140602822
4551.32920761736,5104.45674897416
3913.55262425385,6098.8418908661
3751.53178003151,5510.40582508454
4025.5362466655,5711.93102676372
3649.22072927444,3495.89105642455
4502.81895244003,5347.2420518612
4313.04402988538,5939.2013476019
3917.46947024232,5305.47071865374
4654.91444250407,4627.69506380846
3590.03355922635,4324.49769964278
1831.74414257308,35.9744939734415
4099.8823780338,6749.79245423893
4842.13582013571,5741.71103073671
4117.86693205917,3070.16440589814
2926.61359454316,3422.40748217037
4381.68109743144,5471.47607917011
4131.98470638497,2270.42820500598
3568.54334405623,4625.81970076611
3731.27036933031,6619.87525234396
4726.51925766375,6122.25623187641
4189.94844137472,4628.32046672607
4116.91110851939,1161.4703268876
4040.17740500658,5970.00423842933
4631.49974115344,6264.16518586109
4153.42236285944,4984.14385841646
4040.46757738231,3651.95107284296
4155.10415990695,5362.35912711798
2540.47228711606,2436.77459828304
8022.78176947622,625.831175009445
2774.02464533514,7748.09873288209
4220.30066559696,4529.88779832467
5825.86697295166,3850.74843529188
4336.66533704292,2488.09379165164
4868.84568512457,7085.89556839993
3674.32877019464,4440.60529471995
8083.42466854765,1873.62887083704
4504.61045580132,6207.95884291822
4185.74488697236,3848.81598679053
4171.99395413381,4951.52226715045
4164.09872527477,5215.90363346447
3786.46741388995,7152.61620718224
4922.24610579495,6483.02449288297
3313.1044624672,618.840849125843
4243.57422643115,6367.88312205647
3981.57416303954,3409.563676748
3133.81257293486,5208.74300262815
4764.27391906016,7484.28610688192
4361.26941055978,5574.51194984412
4211.24182250628,4859.34151364894
4083.99331893243,6271.89455701127
4211.51684671737,5136.62334798909
4534.10177770152,3830.40275484488
4225.68124014791,6340.26306271038
3921.93472173256,4581.60468705771
4100.48999636042,5033.30331858578
3870.54987775241,67.9707682143166
2936.40362580335,699.200948343948
4286.10065126238,5600.59789033618
4133.14714001384,6220.57515221505
2678.02098542058,5709.88525305484
4261.80892019922,3344.43445370636
4179.85643695896,6216.02861254621
4662.2966518223,3959.29706988541
3831.97650306155,5620.71607465764
5198.85343041808,6524.22708577657
4132.42126634452,1777.98112712489
3189.34138713415,2485.99093248375
4137.33958418184,4905.14773167039
4074.66876808464,5035.5765884202
3535.05257364594,5626.62674536923
4325.09644490751,6840.26867821987
3751.36280076235,6310.93762813322
2760.75503353819,2213.0281416869
3898.99837723802,3315.84795868196
4269.32015057465,6125.55281142052
4208.2305431388,5829.62982615393
3911.35540244362,4914.18414840431
3807.97648768341,5661.9761758655
4119.14318289083,4708.22573226381
4130.1386041158,3980.09731972824
4806.50701667119,3155.86680551232
3893.26000277513,2177.50830052409
1601.01680336296,1599.87037216985
3806.70364516149,750.519983141822
7142.70555027321,1315.99580159673
3908.53805173212,4792.4504642001
4690.7248354982,5476.13636690172
4736.0520778581,5361.73414705562
4414.19880519575,4728.34433944053
3278.13538864362,5950.28353804469
4363.46499094,5394.18490479985
3925.65917769638,4130.87227978031
4580.8886831764,363.26850913401
3665.40762952443,4989.94078106528
4435.16250135257,5542.00410664087
4091.71081213152,335.818781169086
3820.81627328484,2707.23683454756
4575.63340451029,3768.45615185695
5013.47202198723,5218.63147269472
3660.98136941304,5408.73366259804
5080.66276676549,5417.31550993612
1697.48960573043,1513.03154906608
3897.68227326721,5012.67347940948
340.004555681173,2129.31485317783
4268.56006971306,5763.47750483023
3920.23987364555,3581.08180118389
3009.57091828557,2061.06009554149
4144.02082004911,5706.19118957391
4074.26000048877,4510.67875279487
6569.17367323324,3353.98210243987
3976.48970159159,6022.23235916196
4054.74586515172,3509.87170819175
1295.13843177227,1662.10113388708
4028.77862398077,6837.02918413477
3301.77217268714,4673.89918862198
3334.16793154158,1743.99572195756
4821.72384966061,7038.32731254365
3693.39923397668,5519.44224181846
2690.80769450621,1275.19069263995
4129.3373609803,5288.13703616629
8737.95757219924,1722.51330087953
4260.14329906108,6244.671981602
5197.92693294702,5793.48458207351
3535.34518477626,2939.45139041902
3462.46112423783,5725.57064577024
4099.39112750525,4459.13227472836
4463.34921383922,3958.7287524268
3587.68370765237,5251.42347462727
4127.52034397777,3876.26605832534
1927.59606435708,1600.55243769122
4107.9413906373,6479.89874686064
4350.67011859079,6039.45271644189
3721.35598746537,5731.70881260737
4893.65880613286,7131.13346896277
3687.55137868445,2449.50486707027
4055.30715480813,2158.92423505666
3958.80805962859,3843.87196318487
3187.25004866733,734.436630777448
3165.56066722131,3792.72339191043
4875.01988923049,5986.54210733263
4350.29723602719,4793.07544426247
3961.14883446354,5140.82906632487
4243.93688338356,6583.38918693048
5475.98504462675,5140.20366340725
4167.27393358076,5829.34566742463
4359.24377700812,4832.68725569827
5142.35821381822,3132.39516761537
4943.90747028058,6535.13886555283
4490.00333992713,4191.79557305855
4261.5768824414,6524.39791929835
3791.79070120415,1183.69158180457
3279.12461685682,878.220947804473
4349.61929214935,2488.94626783954
4232.77469723417,3026.06292882488
8081.89978878546,5714.82969951576
3511.46573184452,5300.86709352589
7590.79567143006,3737.93741975882
4687.22555111831,4320.80363616185
3884.8355109303,4362.80246549484
3995.14174009599,6606.29229594121
3289.05562665513,4367.86066001853
3180.99612764071,4200.14992427109
4033.91697165492,3227.70208999445
4531.77823035917,5829.7435742167
3403.60288090366,6037.40651987776
5103.91267589472,7336.75106377021
3472.32639703851,3695.76817975929
4225.10430870101,5786.55144736274
4367.74530061108,1938.6443458159
3944.44893575618,3069.99399523161
4114.45649688687,4957.43293786204
3795.06663765279,3831.93729655416
3828.95960604392,3710.43068562025
4350.52017323945,4858.43195200202
4420.97598317321,1933.81364741776
3637.63726714788,5468.97531321015
3359.1382365386,2742.18835825176
3979.27108896617,5252.95801633655
4774.79847310761,7088.56632217117
5194.60577695485,7728.9467728113
3585.08846395011,5881.97169494934
4336.23354437371,5561.21357502592
3780.21891046535,5456.41566651708
3717.13813954005,4296.99138835945
8748.549241397,3743.05227688627
3991.75960192821,4370.64516185254
4310.5957331734,5642.48297160641
4683.58209882288,4531.53608809672
3459.9460452416,796.155896210553
4409.83722537392,5667.60226499254
3978.48576493885,3124.21143849698
4357.77362800454,7106.69581824277
3826.82730440651,4394.68490578047
4384.23428310048,6842.76902132458
3990.44830833387,5618.95445967807
3944.90104979785,6614.64664715375
4465.98600898976,6841.68947186638
3338.38171292772,718.125888001346
3970.42623417688,2572.77309298376
3567.53918667354,2890.97399577108
4030.87355716507,6447.78881044947
4468.13814169072,6045.81753369406
3651.59306408915,3292.83110160846
4447.28856538587,4935.78021183129
5461.56327151062,8313.2904454646
4132.05618461079,3479.69400885431
3671.73953747885,6618.68153196774
3868.24969574846,7314.01836542601
4122.69655398107,4875.936045156
4135.73154569193,1647.49539634369
4383.01293950874,5855.20411179115
2613.84556986442,1338.16018248232
7671.13766195339,206.753883677082
4214.48015526011,6204.03728331175
4196.964722731,6507.29131008119
4045.65499563362,2157.50344141015
4362.0004584495,5868.61623467212
4184.38560463913,4706.69119055453
4417.13823582222,4204.41230521062
4372.98159690267,4736.52785713128
4468.15836463386,5506.88217227014
3300.91104405336,6749.56495811338
3437.58597378164,3295.78643696426
3071.0325355356,506.88230978069
3904.45696714137,4727.54852585638
2989.54026251816,4446.62929063906
7481.52704967995,327.975979097577
3563.65329273496,2589.14055122053
3489.76695617211,5710.73772924275
4150.03166369654,4760.11303166339
4313.94251227935,5737.16449106788
4225.9853998867,6471.43064758533
4155.80757989942,3858.36405837929
3932.69495373418,3116.65290086859
3996.82642976688,3569.31754521972
4536.58991669329,5116.05017141655
3470.19954966802,6316.45039205274
4205.18540225329,5447.66340851247
4389.7644117488,5218.12024069513
2843.54842345726,1708.3622384458
3641.32145350244,5402.70966667893
8213.2838725003,2328.11242705438
4100.76234724225,5516.42982100365
3690.22140039542,5627.59296961991
3458.89463932737,4567.90840544743
4034.7887114449,3534.02520018246
4054.25982033239,5072.17640189645
4430.53042728331,4780.57246017316
3269.113166565,2668.93228012312
3635.89957084221,3337.84192890102
5079.8500143274,3846.2585582268
3974.72231908146,4375.53294570969
3869.77762252044,3645.07417788069
2396.684976871,2284.3519827418
4028.73227791846,4959.87661836299
8519.10951694627,3402.85740387989
4059.28158666159,4602.85992915163
3224.20150046879,2798.28137598711
4104.48573974375,1614.93078482288
8194.58462154609,4256.81125946504
3427.66466947584,6179.71338065451
5624.78231506928,2452.06229563399
4458.95680601418,5652.37144167298
3439.00362870063,5531.09274971986
7886.02256033933,2258.32291628113
3933.72831097768,4565.23722882094
4104.06831344787,3571.1362456583
4284.67655880344,5121.79043146161
4284.44828234229,5856.34074670836
4333.0103251594,6322.13356663879
3504.19044951196,4802.16852360014
4159.67476294292,5944.3728673331
2900.19335900473,6785.25563279797
4775.17724903391,6199.32033297638
3542.670336416,4792.50712680386
8395.73428084712,8525.44369104599
4393.04824511061,3824.32167346676
3770.49347686459,7470.3623291461
4128.71117338568,1783.15285828372
4638.94284996245,5656.52007454975
3695.27015417657,5933.12026622377
4210.75876518747,4724.76360116711
4046.34342447565,4631.55996081117
4757.95466327701,5328.77173445654
3973.34987244672,4346.88957665391
4154.03183921063,6610.49801427698
3801.21535500977,4641.67592700329
4273.24076053914,6077.58664877217
4573.9508907852,7398.29933711081
3595.3019444695,894.758922421586
3746.61678087897,2476.7841050833
3456.86708433707,5695.67731658972
7669.21010694452,2338.73983667371
7736.91658796167,180.838604921856
3783.78952575384,1621.69382600856
4322.2029630462,4594.61932600186
4069.48276787355,1502.06300097224
3792.62888514854,9202.99142691047
3949.1999536358,4804.66928956011
4110.15800403592,7391.65036112933
4340.78588234421,6518.48724858676
4335.46862466598,6601.12077621
4644.55039670912,6038.48649219121
3773.99845516719,5594.11890216599
2470.17342259699,4333.76161250224
2976.90467948466,7699.73508629692
9217.45849894975,6093.04496821728
3941.93835794453,5353.03855165476
2857.76802624219,5846.50893924555
3951.19846561794,6426.19274702248
4209.50179199526,6586.00327809796
3880.9341705754,4835.01718813645
3743.05232249546,4094.89744636642
4789.7140933755,5894.30426837211
4061.11237673293,6832.65305513246
4056.13648417372,4908.72804708855
4248.09254231269,8785.1647696284
4369.57974110081,3624.04643191231
3918.72167503716,4274.65659680733
4195.6732643476,5498.75531718315
3950.50238293864,5089.5100843839
4906.27745354101,6412.09813576488
1322.54976665815,1670.22809468789
4016.40325898622,5232.1006810347
4076.92689534122,6718.87581534872
4870.07797265005,6415.11055657969
3818.56457375009,5323.59979187008
1701.00753911172,4384.56893958836
4510.63070926451,5239.54589345558
4298.99589167043,4815.06941448152
4239.64100387517,4991.47532277457
4431.23177655007,5853.21500068603
3683.01709632906,5367.41732164167
7581.33958373989,1558.61058810342
3781.07150467116,5121.62002079507
3591.73760528479,3746.7463403672
4587.20627657289,4382.75023914977
3323.94239212853,7718.83038376394
1887.19338968235,3606.99690815417
3876.99173489851,5382.02274204361
4541.85279979153,4905.48855300345
3868.36431528058,5924.25468301164
3634.61530192629,1409.82505629791
7017.47496195183,2354.8233476088
4120.02698993823,5417.08801381058
3902.54447320693,5438.0590971752
2149.30055044259,5351.27693667519
4213.02513023751,5366.90566678682
3879.59840161556,5907.09141119072
3930.34045999892,6627.20629384681
4855.65968559024,5595.88094000081
4571.38740255901,5513.92947789894
3511.92925259075,4511.07665958695
3200.97345125148,756.032694204432
2472.08208767123,69.6188862014255
2430.13765986964,6625.67175213753
3974.84560898604,5150.83128445421
3918.76879290422,2649.83677122847
4440.52154036086,5285.69293281009
3702.25854635532,2839.02982234013
7897.05489320215,7173.70061575438
3957.34931996496,3535.0480870369
4173.75512927663,3593.58478527319
4032.5909310002,5788.48347300884
4562.08986574821,3885.75662159984
8147.46829118034,3840.40497297423
4396.48751857587,2691.4376937694
2566.06433889277,6691.76741085747
8998.16576710077,1302.52669897056
3517.32281420408,6925.06172761476
3666.39960411985,5376.68081164588
2561.27324337158,6422.95325293738
3947.69512139344,5299.27588921285
3559.36658138045,5860.94394898096
4252.86978740558,2282.53328230322
4172.40925328813,87.1798930294695
3972.87910797088,6323.09979088946
3278.37742748301,3686.50468975509
4139.45636495188,3232.70319905912
2671.34152580969,1706.77092841894
9321.54421757105,2331.80649053531
4164.3963854601,4358.14217776323
3125.43794032016,1037.97492199001
3149.44580957727,1849.70266354425
4331.56538060655,2838.12047212083
3744.94503126045,6441.36648488303
3375.37945566901,5427.488138732
3742.23627590852,1836.23366663189
3373.39679840636,1716.37545118384
4310.71053262191,5916.07074246563
4128.42903007335,3892.63351656211
3272.54013145782,4239.25008085205
3744.07843346449,5026.65391974906
3744.93448295477,5551.26801950033
4140.01484479434,4775.51468850473
3572.2868917186,5852.41918710189
4015.10070723185,5448.51588470038
3286.38422359935,5046.658778863
4278.32954279053,5168.84703246304
3103.04972823142,3766.29663008531
3093.53316533524,1954.27307592754
4151.06468279889,4763.23877768571
5082.87425225428,5343.03633352542
4136.62225277887,5564.56639431854
3699.64204811208,4864.51303338015
4050.67698713622,5020.80033449648
3968.33333187197,7318.50739678059
3432.01058264821,5420.15709722915
3779.12894441488,2303.39061760506
3971.30843021064,5337.63731766867
4415.60411305934,3694.34738611278
4602.68226221789,4273.12205509805
3511.89997234515,6517.69143500261
4356.54072734706,4467.48662594091
2727.59717294956,1511.32659669026
4220.6924101733,6393.96906254854
4134.37350944665,4443.0489752209
3798.24471356312,2892.56520008413
3126.62944543308,771.945583045368
4414.97892959764,3921.39021082542
4370.17887006772,4208.78843421293
3318.82723151752,5626.74049343201
4434.04919811427,4807.22671812383
4254.83874598267,4951.06769775461
3362.45915446591,4458.507294666
4139.12488665542,4029.71177214865
3882.7462641554,4550.23347877167
3823.16807586006,2316.68920385089
3926.21914621745,4845.41773591312
4118.69386286399,7796.86070911458
4211.51638372022,3500.26697399923
4037.13930918406,4267.89344990784
3164.27297033553,4419.00923129296
3648.73041935185,1505.81383277075
3635.84761498026,5663.39696951202
3414.61482345829,881.915011285404
4024.55900785855,5756.77144338974
4828.32101916654,7176.88302438046
4088.77722215287,6127.8827438587
3267.77516030771,3114.15213490863
4046.95374680292,6753.94108711569
3847.02773668085,5271.99665119981
3720.2469238505,7500.7106505777
4771.08930679711,6501.38106222485
4597.32572957609,6513.20198079278
3656.62742895331,5646.40410835763
4158.07557360955,5250.45725037659
4905.26730147242,7373.63419026526
3605.28245885888,2426.77216872607
4129.67525371557,4954.76176123554
3852.52723465685,3361.25669276659
4490.67925407527,7236.44303232645
4122.69887362021,4139.28329359661
4238.91505886675,5149.694649537
4879.44554043996,6461.2575959342
4251.47284705293,5275.80446274352
4032.09509918096,6536.21883786628
4180.37349399205,7705.3615982792
7830.09147080057,4424.52157235723
4982.08349356067,6827.82235673432
4997.7689806582,4297.73011648459
8104.45435824073,28.8136946557318
3906.64143349622,1990.30457194518
3858.71140289318,5943.5774766042
4598.14904257789,5298.82131981701
3900.43821044067,2941.6111236183
3941.34625375282,5819.79801869112
4071.33069769091,1920.96984199539
3802.67549343668,5201.58194893657
3696.625410924,5831.33477852975
4051.15523393554,4477.83008825856
4568.75578396562,6755.70312495052
3196.9664254392,6400.44762786348
4891.13743876614,6288.54617397734
2711.95218942345,691.30132509796
4250.49844600671,1360.72247015998
4206.84823995395,3420.0206757008
4326.1804840638,5509.49668629288
4070.90017289622,6160.56099772848
4334.32615402641,4819.16138475453
3362.58999304281,4747.21214078201
4327.87145388902,2269.23469605739
8644.64915269088,2312.82472970343
3662.76495482974,2212.80085698898
4623.15550113593,5041.82808046485
4709.0311365561,5014.26468372252
4645.23162695382,5279.04395682862
3529.58443988796,125.257162755994
4021.63742633268,6526.67118913277
3874.93283990262,5359.06297042913
3731.61700794213,3401.55035829614
3488.35689427927,4232.4873568078
7227.05009813883,2787.540218305
3935.7167408413,3090.62383440791
3345.80008445001,6859.25022762412
3487.29856718514,6275.98610442902
4855.20406049645,3956.85338938446
4223.54531028953,5010.91144157465
4197.78929074216,5871.05991517307
3555.95302081282,1540.02662834981
2749.7474010041,1121.51758840492
3166.55261443729,5169.92700477649
3813.76919810832,5353.66395457238
4563.5257666521,6909.71715623243
4471.11449644461,3792.60964384766
4082.27918728688,6430.90969735785
2529.15505574264,387.649312251085
4586.38356222226,5145.26185793093
3830.71979793828,6199.88865043498
3759.58472272815,1674.43360159604
3879.36036929932,3347.16229293661
7780.40723252706,6386.52385012766
3959.36844102693,6027.12014301911
3364.00739817838,3111.65158037629
1867.12333907395,3474.57915172687
3534.43854893214,4296.19557477531
3957.56104770324,4951.01103515085
4023.79197575547,5481.25122402917
3820.41524134359,6061.78750799401
3304.04388211885,2237.63620307343
4070.68499377166,3140.91992949444
3153.22810764906,3995.10106977751
2670.99119116797,798.713324774274
2777.24891589439,6038.94106158704
3935.86394314194,3581.36595991319
3740.41178384705,5022.22112814299
4717.39972701299,5074.56299693839
3082.83349170225,3261.40323071867
4342.2645306105,3336.93257868172
4683.97787144548,5100.47852676392
4319.63902931106,5048.02290990575
4579.28480424697,5762.62502864232
4431.54347966811,4991.47532277457
3688.66311973186,5390.49084131892
3801.90081900891,5546.77814243525
3840.47258228502,5960.05868290374
4175.98895897554,3482.64913278248
8995.08996176738,863.217356325924
3637.58732976908,3370.63393083357
4008.99145198831,4761.87506949821
3843.56634547191,898.680376314247
4052.14246639912,6051.44404567635
4639.78635175635,7064.12867145116
4429.52548453252,4410.02947716281
4596.13934428929,7160.97013553953
1461.1620850329,2746.67823531684
4234.04464813103,7613.4641577965
4046.05085504698,6216.88108873412
3821.5059516494,2667.96626730007
8511.37517193246,3167.85813474678
2981.31566446851,7639.32260216302
3505.08299352736,7063.56035399256
3866.05586522826,5589.74277316368
2750.95682390351,4415.14433429025
4100.90178590534,2341.01310650813
3613.23532333781,4055.17230972309
3865.03467520277,5476.8184324231
4071.06238602297,4545.57319104006
4402.95424831376,6865.16089833571
3184.35269010238,1511.04243796096
4438.2928053418,6631.86658157842
3759.25734462274,3099.0917222556
3554.19649662056,5196.75125053843
3093.11525656151,4037.0428136515
4356.27974202349,4673.27420855962
4287.63151200353,5869.46871086003
4138.73467509098,4218.16567227991
4389.23625809978,7157.50356818414
3776.00634829519,5042.39639792346
3203.43094549318,1602.6551911453
4042.04440640817,2074.24493372454
4403.31197533077,2789.98389880595
4763.85899314699,7099.13685775912
4164.39380222331,5211.98249671324
4509.18685497556,5094.56785605233
3770.61533625539,5308.25522048775
3475.07873844942,3172.68883314493
3639.58016004244,5395.83319457191
4215.90885592664,4920.94687244856
4533.26469351608,5981.93890506003
3969.04860518539,7354.8797141313
1645.29226512204,198.001797457413
4316.3657191589,6878.80051734223
4499.87446817185,5267.79093286404
8547.1989453834,2188.8177756648
2862.56115241604,1343.90023109975
3198.81358630286,6112.65192053914
2813.88863938443,2680.18509266007
2303.37553993752,1583.33239755273
3792.63591952944,6172.83648569224
3965.1542050987,4373.20259041626
4172.44935258207,4577.68312745123
2227.9364357126,1709.10096657093
3985.31462303011,3257.65229320635
2744.51578453434,3513.7930563706
4300.63232365658,3960.83161159469
4482.90766380604,5139.06702849004
4385.01224653871,6645.10829379286
4549.18798309219,6654.14471052678
4740.41565445138,6539.11708776306
5069.33544008416,6452.73283405513
4219.58912794396,2808.45421621061
3925.02781940725,6068.26607330895
3754.36206643243,3909.05763740264
8263.75045239786,1209.43627810832
3307.65340482091,2662.62391404708
8797.0712037181,3995.15773238127
3716.94161742921,5394.80988486222
2995.65601211348,4340.5814220055
2687.56826690822,1573.10268329785
2919.08388402818,2551.00640746262
4382.60638423135,5736.42576294274
3841.81294277711,2635.51529812821
2240.34615396149,942.554462975778
4248.5272682048,5711.24938409759
2267.02527580185,642.312381308985
3977.33847541243,2935.98461163601
3684.18402741704,1261.9488747117
3811.73289741281,4296.70722963015
9001.29139661635,8720.71740068051
3995.83077366144,6067.75484130936
1598.15151215041,2452.51707645745
4588.68350907114,6001.60251998566
4157.85629972703,5501.93772580923
4204.75119272969,5270.12128815747
3040.93372253175,1905.51152255029
1114.53444013978,3066.07264705276
4978.04593304094,4603.42824661023
3828.74583822511,3800.50900280912
2285.75936644459,931.813305293672
4787.99961585049,6039.33896837912
4808.94796194559,4541.36789555953
3307.89775723238,1650.22334128776
3967.45953434292,5130.37185594444
3995.26952415492,3017.19734561274
3733.35143812894,6135.10046015403
4683.35211304767,7033.09870735344
3976.04082756047,4689.52791873361
3651.69509665844,5297.96884362911
4505.60350770175,6279.56684270243
5222.09355113695,4302.84497361203
4226.80819950129,5152.08166743419
4277.66876568135,6565.65759765096
3917.97222757734,2839.42751770457
4002.17671563211,5002.15960642529
8554.52227933029,4532.89979628422
8184.93704620943,5371.79302778872
4345.45215218586,4834.16471194855
3971.19322029739,5991.60030185631
4321.09174329095,3426.27216774546
3170.31124597695,6016.83334330522
3986.54540431065,6480.523726923
4327.42002028884,3797.7245009751
4400.38414059132,6416.30385410066
8424.8446452765,3636.94732279369
1648.78030367951,6727.23016656126
3405.12628178742,1979.10863343962
3934.26638307565,5505.74553735293
4570.55667676572,5218.57481009096
4063.31064741922,2098.39842571525
4256.90684926682,5421.23664668734
3534.62247296417,4051.42116078315
4594.42580158946,5083.65607627607
1454.72550771539,2784.18718758476
3707.33839228586,2915.52518312624
3698.4342225542,3587.6741145616
3469.10167946666,6083.72439275405
4459.60546402336,4469.75989577533
4622.21483975127,2580.04747188285
3331.09675624324,4478.00049892509
3989.38384885947,6012.17347842886
4520.62458912208,6148.28550976472
4550.91553815965,4754.88442647317
4068.64022644157,7473.43141256467
4238.49074042981,1639.99362703287
4224.26118544701,2323.96358274998
4266.52257842282,4021.47116899888
3717.64329780214,7439.78651158896
4035.97065158737,6844.98562855524
3599.61580016826,3150.35404159281
4155.33735536411,5110.59449295604
3322.36146681515,5326.49846462212
3719.15042583089,7110.50320693122
4909.15513533723,6055.47893049034
4077.01808331282,5102.46763786904
3701.43292241275,4542.2770343512
4363.37085416261,4911.68338244435
3788.48709073445,5272.50830605466
3858.59000537846,3263.6196265217
1656.84091855941,3867.22964159142
3741.44971220334,5594.28931283252
3075.95733252351,4753.6911289522
3511.1549025491,6182.15706115546
4199.72548279959,795.132903642301
3802.37606714302,6116.85721601967
4160.19275213722,6871.46905298412
4150.04930897827,4048.35250021984
4174.24256316693,3318.12122851638
4339.79818569543,2329.58988330465
3048.21971331847,595.823992052347
3353.52454416776,6337.87604481319
4629.70684828741,3497.48226073759
4116.89914772478,4318.3599556609
3282.90872759504,147.648867982179
4256.07002714689,5619.52277713667
4662.39349258321,3837.44963761843
4445.58299152945,2417.16764596118
4284.49750076894,3281.74891116567
4452.61412742519,6703.13376002957
4273.02219408502,1051.27361394965
3494.52336494997,4362.5749693693
4077.65309475023,3705.42957655558
3906.54322718375,2355.90310849463
4411.19091776751,6366.29191774343
3810.63286457214,3478.95506930155
3902.28652177831,5751.99740759536
3443.56492253294,3848.98682031231
4363.80143908519,5260.28948069466
7025.02901129982,895.043081150888
2860.9857899928,2321.91780904111
3582.27574152616,4061.19630564221
3991.36284875697,6542.24283378539
4583.29550900036,6764.62537076641
3917.89301701876,5378.04451983338
2622.95389135378,2539.92421701982
3711.37704417885,4350.81113626038
3728.21573047322,2764.18232847082
9051.63749598985,7665.86353490617
4571.44334168867,4299.94672371525
3868.00224341467,4604.6215441312
2110.03086360921,2233.03278937321
4049.62473667593,4850.58925564433
4204.23805902384,5071.83515770814
2981.75312058985,399.186177803526
4816.20766559693,5067.5727767686
4669.54909423533,4737.83490271503
4560.77224571648,5926.01629799121
4546.882670767,6987.46289999852
4504.90769106919,6005.52407959213
4278.81094467883,4616.10164136607
3707.95952427255,4709.64652591033
4201.2574496697,4469.53239964978
4418.06460156793,5723.07030266552
4239.17850565991,4826.94741850847
3371.545494644,4624.3989071196
3652.87048404883,393.048328107831
2823.03936137611,691.585483827262
3704.59112994027,4115.75478166827
4128.61890118235,3587.95827329091
3347.10609838575,4192.76179730923
4337.42465699742,6730.46966064636
4140.59130309637,5865.83173283811
3476.89979372974,4996.93100123507
1671.77901118818,693.006277473774
5417.06478348337,4673.50170468516
3953.67407793915,4907.59141217134
4581.9429580659,4487.60481026237
3956.41084912117,6438.86614177832
2545.56617073384,1783.20952088748
4055.16959374919,5188.96563963975
4242.04456309259,5491.08303149198
3656.29234544884,3744.18891180348
3949.93711407718,4472.14691367252
4513.46806547537,5436.80871419522
8997.55963569643,308.14171564934
3079.00153236867,721.024349325756
3361.16908665398,3039.02069373764
4317.36242157252,5746.88255046792
4158.4108120696,2585.95793116681
7844.54697369665,1503.6543109991
3865.42928352596,4544.60738964463
3557.8937515098,1851.52136398283
694.980647092659,7801.12309005412
2615.64720540071,2076.91611035104
2813.05450139993,894.588511755055
4262.62643492581,4166.3350354841
3764.42689700536,6122.02915860612
3487.69613261138,4189.86354741244
4347.78972940059,2958.54689931367
4668.93297546471,4974.19830289088
4099.43208502446,6961.20654883993
4904.28430605883,6709.83982147006
9338.9916227602,3845.17900876861
3692.56701490436,4255.04964448547
3873.70501409171,5944.6570260624
4791.79523806539,6092.70372402896
3917.21134288184,663.851570704584
3577.88329145759,2745.65513703477
4033.11020296695,5182.03208207372
4766.4905032836,7528.78485646438
3558.56024049473,3230.25951855817
3789.86464008057,5903.73816904285
2952.91109224464,1850.15744436771
3067.60658350003,5048.47747930158
4191.06322486346,6135.10046015403
4220.82060581532,3735.03916986204
3365.83771819575,4147.75097001667
3263.37664213911,2527.4781069619
4085.94969128197,6359.92667763601
4737.12574763342,5072.06265383368
3910.46980688842,5815.02398289674
4319.32829640756,5110.42408228951
8508.96122381178,1607.37224719448
3917.03945390471,1518.26004854248
4309.75288167448,5849.86175853816
4512.66514206445,6561.67937544072
3924.98198584001,2955.53490135412
4725.53859243829,4570.29500048937
1892.88242364013,7557.71238424946
3980.69392562268,6595.83508556078
2882.21711623737,1221.88249388006
3353.26205822425,5797.00823488791
4531.56009376474,5528.53532115614
7666.68613321196,3705.88414595141
4399.45316811572,6924.72048342645
2914.08841932287,3260.26659580146
3969.32680728112,5917.03696671631
4352.32627158585,4326.20265201859
4204.11924071062,5219.02937948679
4850.10139495902,4172.30236879945
3762.35421201097,4154.62786497894
2615.84364125284,2766.22831360732
3484.4922529062,6198.3541087257
6609.62023675655,4311.14223936556
4831.23014068422,6773.88928362587
3306.8101573269,2751.22477498568
3820.66041138418,4518.00979429772
8675.5794296443,2696.72296156337
3920.91037423061,5431.63719446401
4010.08487109969,6454.15362770164
4411.27497219274,6371.2930268081
3590.29609122069,4358.48342195155
3672.25451155485,3369.55395852012
3759.54267353967,3584.20754720621
2204.70778445819,1592.70963561971
4185.71790471697,4642.5284031912
3428.26239556628,4795.17830343035
4165.9709479826,6388.17213989972
5376.91196590631,6349.52655271459
2721.43024829265,3818.92265761001
4415.47771328645,4821.03674779687
4051.74308493572,4195.83088072779
3572.11210930299,2448.42510618444
4518.93972006549,6112.7085831429
4601.86668594137,5129.51937975653
5036.37127038455,3789.5976458881
8329.94384673764,2823.51462886364
4755.99884488574,6710.06689474035
4180.45239956277,5758.9880506204
4475.59798734776,6536.33258592905
4200.28245438936,6635.27648633005
4224.37447020229,4676.34329197818
3566.11054559167,6573.78445273796
3998.40750539784,5256.87957594303
3819.85978625923,6934.32521761897
2335.66873557187,1410.56389013686
3595.7476688685,4975.22118974532
7910.87909809532,791.950336445496
4524.14513026041,5089.2259256546
3719.83400451735,6310.5401441964
3163.45776671578,4573.47783197071
3419.63958905563,5100.70560003422
3952.46939982763,3138.4193749621
7004.8604891761,766.66020953758
3504.53357454517,6103.84299993077
4057.46869564403,5846.96350864138
3992.2022082209,5296.54804998259
4581.917586703,4618.20450053396
3494.87175080327,3998.5676371329
3979.58209308519,4034.42872248402
4150.60819637503,363.836826592614
4113.89376414771,5367.3035735789
4150.02468984384,6947.11236043758
7159.10044495863,2582.66177447796
4236.77818513357,6135.4412814871
3974.5775880305,1592.65276158833
4035.12411842866,3595.85805510761
4041.4750085785,3667.97770974667
3757.80582114504,5815.13773095951
4237.0926368389,4179.74758122033
3799.35893638813,4656.50884353077
4816.81925622465,5637.65227320827
4563.5269508572,5200.1044926863
7933.39281228199,3149.89947219697
3918.005980584,6187.15817022014
3863.08640689542,4004.59205590726
4873.487668837,3792.89380257696
4621.99093046121,3392.79831171916
3034.02446020046,4752.83865276429
4261.8212169424,5409.01782132734
3917.25898017108,4948.79442792019
4581.0187572916,6847.94096391103
6752.75155751021,5723.35446139483
1635.43364596382,7979.23395072298
3936.28267261791,2264.17671296133
3234.19011026738,1986.89466719356
2960.74754945792,3224.86050270143
2825.35841313533,2068.16406377405
3649.60141237448,4299.71922758971
4556.94508627194,6228.07702723968
4620.85135459763,6048.77286904986
7167.12462301001,3355.346022055
4408.25089041476,6654.48553185984
3003.35054436194,1593.10743669797
4054.89485185131,5911.41045473402
3560.84187491142,1946.08934680915
4578.7714886235,6423.18032620767
3478.77209003719,5618.67030094877
4350.72482856723,6389.47918548346
4631.67982562772,1204.03726225158
4078.29837383104,5250.74140910589
3605.34386618735,5990.63407760563
4373.58909779445,5395.4919503836
4153.6763556006,5498.92572784968
4206.94485003398,5673.3425250376
4754.10920307785,2795.72394742339
4134.30220282255,4246.58154521015
4432.12397580681,5033.35998118954
3892.44285447326,6203.18480712384
2684.77581045818,2684.61788426614
3695.88265452629,4583.82129428837
3430.44236761627,6235.12433286849
4135.60803922329,3943.78208783655
4050.50103497105,3451.7327053199
3624.36384395319,4691.97202208982
5068.89449027728,3556.58748786012
4594.56626343249,2576.18299773539
4098.0425929931,5238.92049053796
3572.64867511949,5464.25836287478
4740.24756996717,5273.58785551286
2081.60876431963,1196.76288335248
3544.63029274373,3976.68741497661
4681.01302805635,6139.76074788564
4071.31427644885,5235.90849257841
3921.28605885422,3249.52543811935
3457.69260730162,6274.67905884528
3977.22853512745,2747.18967874406
1566.07274928019,2443.19671242185
4552.23274135548,5473.69268640077
3279.91356693379,4787.39226967642
4305.48804506295,6586.91283974488
2795.62941305099,2562.77066342679
4715.81812333043,6921.87889613342
2508.83085464778,413.450935443126
4167.88148246382,8140.01028319388
3394.57048842524,5083.71316173508
4066.81737280721,6084.12229954613
4593.16945407073,5695.73397919348
4678.9745849436,6066.73195445492
4877.49473592973,3178.20159706444
3209.78597072014,5942.7250004163
4356.63650203192,5626.05842791063
3591.03607851042,5566.61259088266
3597.45534417316,2058.27517085222
4356.69074944472,6406.18788790854
3880.81586225795,2996.9083277695
4093.67546834409,2924.10681903669
3740.42392940636,4982.32515797788
3986.53045373362,3586.93538643647
5254.8492265865,5269.60963330262
3397.32592610537,6060.02547015918
8254.72388304574,2036.45182272732
3734.38002657816,1063.54920762722
3447.0449886462,3900.07830612773
4413.72308052695,5387.99007535896
4148.46226428262,2953.20475748831
4062.63278381167,4593.02769883356
4353.76087721255,3748.16713401371
4353.74861195594,5375.26001799936
3232.70907361849,5298.42341302494
4787.34807345672,7005.81946934041
8455.99123397688,2141.3632678713
9870.77893044136,5030.00716189692
4524.91518812052,4427.13608637996
3747.7719228186,3999.19304005052
4242.65113003911,4820.58217840104
3428.37196161195,4539.60585772471
4606.87991988331,5378.49951208446
4183.72898090932,3903.82945506768
2741.69905722176,534.616222903368
3343.82519433253,3709.74904295412
3839.9952420542,3813.9782111491
4622.14339589033,5948.35108954333
3165.5307938542,6044.39674004755
4536.90734814293,5890.89436362048
4425.1345574605,4278.17982676648
3798.18736231847,4419.35005262602
3713.72284701295,3913.43376640495
5003.87929830293,6472.79477862808
3620.90134808608,5795.64452670041
4649.77595263398,5670.50093774458
3255.56275635482,3031.97359953647
5227.50382053272,5418.73630358263
4087.51335192431,4280.05561266408
4841.51977243116,5407.31286895153
3109.57539613423,1723.99096855743
4505.65199591509,5711.87436415996
3683.75774390604,5649.30278110967
3975.22016044845,1027.91572411546
4984.32939481681,4519.82849473631
3705.09652516621,5639.4705507916
4409.27384581606,5682.03769758321
7078.8353627307,1779.62920546932
7746.66386845602,1549.46063473436
4529.0055410438,9189.01098657089
4671.46440727808,5657.20214007112
4137.96511149423,3810.05707439788
3676.74939760392,6430.39804250301
3504.27408288291,5431.2959502757
4062.1846642789,4682.70810923036
3713.39904778105,6086.96388683915
4058.10791274656,1140.38581260165
5618.81152372873,7606.75851921126
3983.11763329409,4947.31697166992
3958.03912100732,5878.67553826048
2490.65361220021,7844.08772078254
4007.44507266867,4910.8875688602
7930.95405820056,1267.91620802705
3882.31978226165,6219.72267602714
3759.43723195299,1713.19293684394
3667.23264980135,4277.61150930788
3859.241986035,5135.71420919742
3770.92419554868,7903.19273647745
4345.08263126334,6359.75626696948
1790.70254204651,585.707920146418
3358.45897776093,5053.64899903278
8678.54312687937,407.540423302255
4637.08524087097,5141.11322505417
4017.08969179639,6666.93185334539
3732.56715205226,6034.50826998098
2838.44215890822,3462.13304166895
3842.10252388302,3320.6786570801
3834.56624923733,5674.93372935065
3392.3872967324,1871.92391846122
2441.72478640213,2412.50756965719
5663.34672989778,5440.50277767615
4164.55845117617,6477.34131829692
4581.09890319503,6399.48182646806
4721.33702126578,6976.03946536741
4266.50902202338,4703.90668872052
3694.22082343234,3747.25799522204
4033.14008279245,5438.91157336311
3816.44673890243,4230.15700151437
4464.22803924525,5468.06617441848
3813.88479069911,2659.55504205614
4129.26047532291,6025.92642264289
4253.89716498931,3733.61837621553
4488.76416506221,5939.99716118604
4810.37549603909,6329.80585232995
4241.31867341703,3999.30678811329
3813.15669851824,4299.71922758971
3306.92769865927,2587.4924728761
2555.52961321815,6302.52661431692
3208.08218434053,2079.3029168206
4870.86771508612,2165.51675986201
3754.74597462874,6676.25200595336
3489.74894461643,4959.81995575923
4811.11081805996,4420.88459433531
3861.37118235649,4158.89024591848
3917.72394367474,1615.38545993252
3348.19459311296,2285.03383683555
4774.17347479744,4297.55970581806
3662.3459275003,3174.50753358351
7861.21627036038,4570.18167528185
4640.92721829788,6908.06886646037
4768.45202764141,5520.35138061013
3968.58923892186,6193.35299966103
3987.68308321062,5616.28328305158
4048.76934039568,5392.76411115334
3795.10722123331,2572.94350365029
4568.74969485795,5400.49305944827
4264.4241609945,6608.84972450493
4130.41582019016,5750.29245521955
2590.0381287516,1428.80681712979
4668.41656373026,2843.57636200896
4254.75395950119,5956.70544075587
3751.72447591845,4069.38024618822
8546.63072287888,1785.65341281606
4343.0975543161,4907.25059083828
4347.42781666676,5502.10855933101
4580.07749359664,6713.30638882545
8039.02194113262,3215.71054933236
4200.77359164907,3398.02670548174
3348.4069321095,5479.94417844543
7954.04949030656,3896.61173877234
9132.70677985769,3471.45340570454
3740.37080235929,5995.52143860753
4237.18057892467,6449.49376282528
4534.54220099865,7219.39350856831
3959.67154161808,4958.45582471647
4976.76021418405,6191.87512055551
3537.87567321783,4477.60259213302
5156.71568259292,5609.34972548555
3812.62516437284,5058.5934454937
4104.8881672896,6534.91179228254
3537.6585237074,5900.83991914607
2718.82295302024,3706.22539013972
4166.34309896186,2481.38751878352
4079.79881961398,6060.25296628473
4434.05326231204,1266.49541438054
4866.38453716202,6913.29747165059
5702.89764437213,7756.22601082434
3356.77894005993,8190.93220405328
3526.55588763481,6643.28959335428
3760.56752984409,4735.50497027685
4648.77110322637,4841.38242824388
7891.45414957312,7181.94121890415
5118.12904631407,5593.09601531155
3165.25811039203,5854.57870887353
4048.5063525244,4508.06423877214
3166.48652055424,1229.8957066181
4218.23052938393,4939.41718985321
3961.05501468475,2902.62450367248
3672.77708509186,6841.85988253291
1576.71511179184,1332.4202395787
3194.51301026339,3809.77291566858
4292.6165861236,6676.08159528683
3726.39836430191,5677.88906470644
3301.9348985867,1748.71277800674
3962.82857036084,6012.62804782469
4837.12410540329,6731.72004362634
4120.85569560099,4577.5127167847
3176.09060181686,3299.02593104936
6907.59240418097,1092.19247096919
4498.65851935725,5575.81899542786
2889.24885120787,5345.87792081844
4215.18587002278,4888.09820791225
3915.70451243223,5209.14090942022
3775.61245066213,5489.77598590824
4319.86532243635,6309.57391994572
4072.19607564136,3776.81050306949
4014.1010578943,3348.92411934381
3758.49218428339,4526.59164163581
4226.98359869587,4129.28065261201
3757.87823310354,2823.79878759294
3951.64758601877,3265.6656116582
8366.19230443578,3926.78922668216
4283.42266291944,6020.47074418239
4241.06105452042,5122.8699809198
3992.93328476036,4422.81661998141
7955.27909987461,2905.63650163204
4290.69037327235,5316.43916103376
3592.57201422438,1580.37716791075
3917.34461422809,5489.60557524171
3635.89262271172,1854.07879254655
3139.73900697771,616.226599387642
3374.20107210752,4526.30748290651
4397.10980091827,4821.66172785924
2110.39075344825,800.418277150089
3890.13498065866,4980.10897360247
9493.29121636631,1795.59896834164
3382.8160107225,2556.12126459006
3760.71159394221,6159.8789322071
4066.15988291957,2642.10782293355
3946.71919246586,4104.04761116311
4048.70994030569,5922.9476374279
9042.63454383748,3522.60197697898
4530.38316024549,4251.46890621206
4955.71316471586,6811.73905722685
4158.31386781384,4414.46269162412
3651.99709194836,4138.20332128316
4065.38228988957,4887.8707117867
2326.5922415146,4443.78770334603
4027.57739164224,5537.06008303521
4130.15364268258,3508.96235797246
3730.99312092138,1695.97289670545
3993.84991106885,5135.54379853089
4041.00861997269,4289.65992400135
5587.41851974588,7412.22311484663
4553.21043708702,8012.36635113334
4396.27977239801,5433.00090265151
4004.49711660807,795.246598848166
3446.56216100766,4716.86424220566
4630.3357131206,4811.26160293782
9078.17223572763,2463.59926690024
3904.14386863504,4155.82116249991
3864.08052952013,1149.47889193932
4407.63754996564,3795.67830441097
3462.97564151781,2802.08918753081
4367.15365519871,6689.60746623057
4335.62319885952,1145.1596369684
4799.00919435952,6560.65648858629
4259.30277681905,6593.84597445566
4318.84184396874,6446.87924880255
4561.50483249082,7039.40686200185
5458.97933162606,1037.52035259417
4175.1724637973,6160.67474579125
4704.03136079388,6797.92902755381
4359.16222490656,6817.19473568736
4116.96437879835,5505.34763056086
4221.1751264025,3847.96351060262
4524.59449400732,5442.20773005196
4079.50192247944,5280.63516114166
4082.79383609127,6367.4852152644
3150.90389615954,6033.76954185584
4391.78264613571,6326.16887430803
2861.97397064366,6853.28289430877
3535.66447654803,4716.92090480942
4046.64756510397,3448.20926393313
4189.70447881064,2578.45626756981
2628.38044436171,1932.2793171361
3669.21053471561,4132.00891469752
3201.31393419367,1442.84434292838
3043.96251574555,2324.19107887553
4805.85489699349,3114.72045236723
3237.16080363037,3593.01646781459
3528.28435892186,4859.45483885646
2454.78858181129,2645.74501238309
3092.74196260244,6561.56562737795
4687.26754336331,6104.5817280559
4494.2142732714,4687.99379987958
2196.31416860938,3599.0404637337
3834.78631826916,2115.67523417131
4363.04838696302,2869.54834301063
4377.75901688906,5504.09767043613
4531.87922664847,6301.27623133694
4031.45886741655,4856.44284089691
4848.10101733958,4567.79465738466
3808.09815703385,4832.5735076355
4326.21305567552,5865.20632992049
3930.93589730395,3641.0392930667
3086.03697096144,1454.49485082978
4340.62351648421,7997.93091854267
4162.16459560212,7163.92504804007
4366.97996644413,3064.36769467694
4380.45321488148,6717.9100139533
4356.95880888038,4289.20535460552
3786.63237718241,6133.39550777822
3904.20457140941,5537.91255922312
4531.69684926813,5094.79535217788
1711.83668779623,288.477942152994
3775.79496529906,2301.34463246856
4275.59333456544,7132.0992703582
4048.47889461885,5569.2833446539
4291.0129826156,7767.36486387089
4285.7159408394,3279.53251536263
3288.85876504361,5597.92671370969
4308.07809063104,4105.18424608032
4214.72882004151,6090.26004352801
2999.95083332405,570.249706415129
4401.81612230056,6968.87883453109
1605.70049832478,760.23825396949
4262.38230114973,5952.61347048287
4613.63483249345,6757.63515059662
4544.14559909953,4312.16554907525
4409.2730814149,4727.71893652291
8580.7136242519,697.041320858487
3265.00601173353,4765.3416368536
4339.27594433678,5325.3047442459
3996.12330571087,6834.35800750828
3867.91987838104,5419.47503170777
4817.47870586283,3889.50777053978
3298.71633049412,3908.37599473652
4205.72842325105,4971.30005299409
3766.62749366122,6153.11620816286
4771.35005141954,5391.85497236168
4136.41085058463,5220.05226634123
3620.27247889579,5035.0082709616
3243.52041779258,4768.2969722094
4294.20198726774,4527.78493915678
3746.10601058871,4539.43544705818
4159.73239811811,4297.33220969252
4122.76224896407,6219.09769596478
3700.86977907967,4053.29694668075
3817.87176544146,4341.88846758924
3642.35916447949,4929.64204499416
2601.28206343712,1341.22916018707
3580.40542302725,5975.40325428607
4421.29273553385,6582.36630007604
3500.48582914177,6580.14969284538
1983.99687151321,3358.52864210871
4268.98715303199,5885.43868515998
8703.8868340707,617.761035383112
4225.0408919451,2728.03729581802
3007.19144426583,4157.69652554226
4049.50978704503,4677.82074822846
3747.810770446,4961.41116007227
4206.24531924297,3259.30037155078
4325.20436927751,5998.70427008887
4709.06624446504,3588.92449754158
4542.85175515128,3257.31126044566
3811.24948736173,6312.13134850944
4484.89348936253,6475.6363659211
3613.26192675204,1438.24092922816
3904.49808287516,1769.45636524582
3882.97350876948,5594.11890216599
4668.44732899624,6995.58975508552
3933.28507028038,7037.87274314782
7936.78724734424,1875.90214067145
3861.49841678027,6349.98112211042
3652.89829194914,5544.90277939291
3812.59500697679,5590.02693189298
4514.94082157307,3689.17586638158
4003.83580881425,3691.22164009046
7918.25465853219,4666.9660539112
4280.5144419931,6029.05216866522
3943.31892966283,1946.20309487192
4606.86718150747,6771.44518026967
4589.69662402054,4607.34938336146
4376.68919790047,4966.75351332526
3809.63407492716,4916.91198763456
2437.75482860787,2420.57755071281
3950.33626129717,5335.19363716772
4853.232118071,7058.9004891162
3326.71917003573,6719.50121826634
3856.45468604627,4840.92785884804
2667.99107669143,1426.41990494641
4713.9467340904,654.92900774725
7513.25035670746,1427.27238113432
7503.82816346935,816.956304624108
4377.1498199195,5760.74966559998
3996.31355768838,5386.45595650493
3791.62738753196,4378.54494366925
2189.63145129246,1007.45629560569
4265.64544237108,5238.97757599697
4332.03381369985,4002.31878607284
4041.88045050073,6831.85766440357
4660.03993768263,6474.04473875281
3705.24400078876,2917.45763162759
4853.38758813085,5955.68255390144
3608.92902567434,6512.12200847933
3989.51387563657,5406.97204761846
5585.54745224143,5747.45086792652
3472.07779483022,5691.41493565019
4042.53350676715,5715.17052084882
4728.13337566415,5466.75912883474
2895.79119985676,3303.68600735334
4167.01741786314,6812.19362662269
4305.66200994504,6060.70753568056
3713.02144563394,5506.71176160361
3714.73908929134,4583.02548070422
8774.15535827995,1983.82558377499
4320.76052787038,988.076733695551
4001.58638423386,1614.36246736427
4103.51909111688,6338.55811033457
4657.54986984542,6750.30410909377
6964.30473348144,3695.19986230069
4528.22589250847,5468.74823993986
3275.95759176235,4454.58573505953
4032.43581577877,3694.80195550862
3613.90611615687,2794.92834526686
4493.34340329684,6766.78531539331
5145.50715038013,3859.2165345672
4186.25209397306,2516.56632718564
4118.84923662682,1964.33237951589
4898.636908248,5307.28899623707
3707.60406957289,3580.00182887044
4503.60648943544,5076.04087604392
3767.35167981716,5263.75604805004
4569.37434301729,5962.84318473776
3704.15665200422,4783.12988873688
4125.50394176028,5143.27274682582
4716.29062882275,5510.68998381385
3743.61705880676,5554.79124945948
3966.37969093766,2952.35228130041
3000.82839184169,43.8741073087601
8422.11742935445,2558.16724972656
3074.25374665034,1679.94636551556
3419.67836113819,6777.69667231432
3891.25585590951,2376.70356976509
4908.05177560057,6784.8577260059
3890.14745234158,3461.67826084549
4276.24356310796,4019.82287922682
3166.67724376563,3064.59497937486
3496.02648360038,6348.90157265222
4226.38272874086,4614.51043705303
4361.19294569398,4584.10545301767
4011.6940372383,4487.88896899167
2609.30976496966,2507.58699591073
3914.16331592776,4747.78045824061
4110.69735024709,3663.26033655605
4054.75735439918,6218.52937850617
8186.3868362227,871.742118204996
4328.52478451859,6442.21896107094
3894.75895557221,3818.97932021377
3614.87417136387,1830.77777674376
2188.67152879442,1238.02266741891
3587.47526535968,6423.80572912529
4026.07562561769,2923.82266030739
3435.47995610886,4376.44208450136
3793.99787980284,4329.55589416646
3723.59499906957,5077.17751096113
3442.69247130187,6842.54194805429
4468.09107882801,5994.4985517531
2981.93535785837,1610.32747683646
4167.93089702592,5649.4731917762
4167.25137062006,5332.86328187429
2821.76862195526,676.922872252495
3098.86693299244,265.915733760691
4782.93993209938,4829.78900580149
4202.79028571565,1087.19125619071
4186.72810430752,6874.48147379893
4011.82609910809,1793.49610917375
4749.9878502701,4725.5027521475
4175.65361399776,1589.58388959739
4423.51684808892,3287.60270784587
4060.80067534224,6268.31381873786
4171.11745055817,5125.71156821283
4230.31607209954,4837.00629924157
3338.27640198088,2332.94312545252
3566.41371246354,3272.65583182799
3518.49720753754,3649.79155107131
3572.41777575788,981.484208890209
4366.71082985905,6994.73727889761
5049.60331002868,6458.75725282949
4008.72468398095,4919.18525746898
3924.32828605882,5532.1156365743
4286.81831355412,5976.71029986981
1189.00332431732,2286.17047175276
4535.65360806993,5807.69251853864
4061.75068822276,3805.11262793697
3604.11405451159,1729.04895165349
3925.22338683314,2263.55152147134
4050.72001855876,701.531039352847
3895.00563139963,6111.17404143362
7644.27025517691,615.26042799387
7374.2473519538,1100.26255773862
4285.41625599816,5585.59414028691
4332.89836730216,2536.23015353889
4284.95026380326,3378.24934249335
4580.76368207226,7066.68610001488
4802.35415402124,6730.58340870913
4004.72643726817,5016.65170161971
4022.26351869586,5915.04785561119
4390.2852701661,6593.33474245607
3487.01913270034,2742.18835825176
5243.97011842304,5102.35388980627
2414.46222470752,189.590691141526
4383.38460015062,6650.79146837891
3996.14593646281,5004.43287625971
7284.08760816062,2595.73307602587
3249.50700290272,380.545344018525
7758.8884745498,3647.91576517372
3458.95537870684,5349.4582362366
3206.76288923205,3969.8109428696
4640.91908569833,7209.10628599916
3897.42029018132,6933.92731082689
4332.26266307023,2058.04788615431
2441.81810001267,2159.26526781735
5352.51175961998,6817.47889441666
4923.61707635685,9066.99356649264
4188.33045296152,6973.87994359576
3521.80573246661,682.662920869929
9162.26034861167,3624.38767610063
3780.22658733861,3761.06802489509
2791.37671531116,4702.54255767777
4158.72793254596,4156.95779741712
4488.01395443782,5213.06204617144
4152.54816037139,664.704046892491
3739.79939562177,5463.57629735341
4499.61914808083,6528.7736254454
2559.46372361876,313.199725173851
3167.66094724129,3212.1302339142
2831.99315629801,405.153484690424
3802.6607731061,3739.6990347384
2833.02383812664,938.917273526232
8666.48552391304,2227.40648881855
4075.18546278284,527.512254670808
3504.80766391061,4353.25481676133
3307.77216488833,4448.67506434793
3808.90812187719,5586.16245774552
3817.95547567359,3805.8513560621
4540.87758857046,6847.82721584826
4001.18065735345,5693.29029869253
8631.93781537431,1129.53090685677
3813.47792533022,1870.55999884609
3967.05644412651,7155.34362355724
3488.970975096,3381.14780381776
4248.18717779963,5670.21677901528
4369.18720149458,1403.00524679466
3646.09282104082,5538.87836061855
3300.32539259005,1398.40183309443
4948.21362918703,4076.02964502494
3803.37821990672,6361.29080867876
3397.32665699189,3552.89342437919
4579.58911062895,6445.91302455187
4113.77420334989,6744.90509323703
3736.09700133408,273.758509403747
3929.99448032883,5812.69405045856
3570.81664806177,2931.15391323787
3939.27828082337,4077.96167067105
3707.8386713793,5863.78553627398
3669.97015392576,996.82878027254
5338.67239330755,7050.88695923672
3382.31363073282,5582.86630105666
8414.43769532987,1303.94749261707
7280.86692865125,3136.03235706491
3424.07178238621,4883.09709884757
3807.48595906695,860.546232556337
4723.78939586759,7852.04416520301
4062.64140896499,3848.75932418677
3822.46725868798,1847.14523498052
3471.07330703717,1482.45604865037
4072.43232388894,7186.88524250981
9322.28641383389,894.531637723669
4110.23059159042,1514.28182633225
3869.88949712042,5639.07306685478
2952.62216021666,2752.41807250665
3723.76307576506,1734.39109347885
4623.57548486226,4717.94379166386
7608.74615446599,35.8039974144374
4690.5775688346,3249.24127939005
4039.58433984403,1694.60887137651
4166.24551957422,6902.10153314502
4128.75963329781,5483.18324967527
4266.87998823748,5479.37586098682
3695.82730759431,4671.62591878756
4565.5769316725,7530.20565011089
3415.29662563209,6230.52070774063
3184.15594709406,4959.02414217508
4175.38288226659,5426.1244305445
8449.80069899709,1718.02363524208
4725.20957367845,5847.98639549582
7959.94762039523,304.390804565476
4035.45313729595,1446.19737364862
4222.40846482675,5671.12591780694
3746.67649682303,4155.36659310408
3829.59128986597,4656.73633965632
4329.72901378917,6454.83569322302
4738.05802960445,5667.31810626324
3403.60941053851,2023.15323648149
4415.90169144866,5538.87836061855
4152.59766614358,4432.08053284087
4141.0772997164,3915.53662557284
4045.47090613243,4112.62903564594
4034.56465330929,3966.2872900552
2701.07000792978,2460.35977281515
4549.69984596175,5428.17020425337
4270.00519164626,1650.05282490742
3572.8713170539,5647.59782873385
4000.35571444256,6046.89750600751
3968.13051218849,5763.81874901854
4066.07922219427,5964.88938130188
3902.06344177927,5271.71249247051
2748.53933106732,2673.99026321918
3974.96485193361,5389.69502773478
3607.77976295297,1913.41109293937
3782.27328328776,5298.08259169188
4154.9792094131,6319.80363420061
4500.96186064314,4327.28262433204
4002.00739791955,162.197797565308
3951.8980777699,6312.1880111132
4184.54473004817,2424.7263950172
3567.01177068812,5537.91255922312
4297.94786653983,7050.48905244465
2443.79360902174,3492.70843637084
4011.92017972364,6301.10582067041
4769.71297327455,4176.84890846829
3777.6695245205,2944.67999560924
4373.38185532323,5184.6461732412
3080.11640827306,4909.63760873547
4004.99411949331,2038.49780786382
4381.49931307156,6658.63416473661
4480.0949758888,4249.47979510694
3800.83132759444,4455.83611803951
2683.27504050987,3458.04107139594
4682.83052275134,6043.48760125588
3522.73987662001,779.674689911012
4360.97541249258,5031.4846181472
3812.98827964417,2886.14329737294
3905.74431527842,6395.50360425782
4000.3134567619,5155.15075085276
3244.55558498083,1901.41955227729
3848.12518926129,5370.71347833053
3502.3621683874,3962.93447076258
4234.63750861479,4502.04024285303
4236.13056401965,5426.97690673241
3463.48832713613,2914.16126351111
3648.57636680618,2200.07037677413
2546.31203624821,3824.71958025883
3985.79938443176,2736.33477299918
4507.78827794961,5649.92776117203
3305.0110774112,4533.41145113907
3767.83244684843,5450.95998805658
2961.50785066502,2224.16720616108
2014.6033702019,1572.76165053716
3435.08939187989,5223.17801236356
3524.93405451771,4232.03278741197
3348.93971161449,4162.92513073247
4317.16546772779,5139.12411394905
4070.32118495338,3799.03154655884
2989.6707272963,1446.19737364862
3562.35681868689,4949.53315604533
3957.41945657348,5525.46623773757
4259.47650570998,4079.43954977657
3729.40735066318,2530.88801171353
2118.62948926289,324.736590726292
3540.71387815687,5062.23084637087
4509.53775349986,5009.83189211645
4062.03222676884,5138.27163776115
3236.16790137003,957.78539200915
3361.16217334393,1515.92990467667
4986.65068305465,6164.70963060525
4306.59806951131,4014.53761143285
4352.13303036469,5068.53900101928
4749.64753539372,5926.98252224189
2479.41838824158,535.127719187494
3842.04512985151,3901.78325850355
7664.0999337445,4283.80633874877
4822.05336582607,6936.93930878645
3711.96405514793,1421.93023930896
4078.03381291362,6901.19239435336
4393.58111043532,4700.26928784335
3701.55422156955,4069.66440491752
3897.35761747826,5239.88671478864
5074.60514668631,7104.30922320083
3017.07130822166,6958.02414021384
4944.70526069981,6790.82505932125
4172.38282840041,5712.04477482649
7725.70640161358,3038.16821754974
3967.23087553199,3907.40977048584
3721.4901550245,5814.2852547716
3648.98373272488,4916.74157696803
4243.17432305261,3017.65191500858
3919.3114520458,3671.3876144983
4039.18275001971,2646.65436260239
2756.92002987264,5338.26229773104
4136.38441527882,7163.58422670701
4577.90739197532,7572.60280909121
6878.90384619743,3126.59845639417
3718.34395928612,3308.97148657494
4899.00027975852,448.913929002996
4147.2569286646,5209.14090942022
3530.25558426863,5582.75255299389
3612.58420734036,5660.72579288552
4191.88467874481,5398.73144446869
4202.60272311622,6419.71375885229
4333.40909811307,4991.47532277457
3935.24532983466,4128.20110315382
7723.16996361211,2411.42759734374
4419.5200373774,2869.3779323441
2009.84254367802,1647.89319742196
4708.60581136529,5551.77925149993
4435.85807275281,4565.40763948747
3937.93745658567,5770.46772500002
4112.4266349988,5058.19553870162
4016.84078603527,3683.77685052483
4431.38170544442,6279.62350530619
3995.83233615675,6767.58070612221
4596.46566629643,4728.28725398151
1976.03898094984,582.070730696872
4290.27916820194,4289.14869200176
4500.87457245943,2958.60377334506
3552.98132158201,4181.11128940783
3493.31114907619,3251.74183392238
3204.10076436248,6020.35699611962
3915.14058625864,3045.95403987605
4732.00900316418,6655.79257744359
3695.3749185264,6865.50171966877
7292.54932728283,776.207963984904
2451.30525219001,401.686758764315
3970.17025094416,6442.84436398855
4570.94374183862,4930.43785857831
3308.78189405153,1357.65349245523
3611.41611666141,415.553715325655
2025.56993564088,1944.49814249611
4954.41995422613,7088.68007023394
4426.75775498515,5630.83246370501
4218.74453008111,3096.53429369188
3978.99540962402,3343.18407072638
4356.79310241385,1898.5213023805
3698.04796254361,5152.02500483043
2226.56647320032,4746.53049811588
3835.34725311844,1791.50699806864
3692.64938482459,4461.00763777071
1616.32196756113,1010.18424054975
4305.52080979795,6807.53333889108
4860.70565174672,6370.55429868297
1796.86121915676,1885.73415956189
3698.02094116178,5842.24655830601
4123.21106456821,3777.43548313186
3403.20203231325,770.354273018512
4735.28419764731,7080.26905641764
2797.4433124755,433.114708939472
4319.16191279589,2382.4434069549
4141.15054269634,2556.57604541352
3998.27898829451,5631.00287437154
4107.58185526824,5021.70947328814
2378.24906353165,1960.46790536843
8621.3135211295,4743.91598409315
4707.09449853302,4772.16144635686
4772.91918287406,5538.31004315994
3523.2984968031,5359.4608772212
4226.0009738398,5862.47849069024
4466.62650906136,1636.47007993229
3031.76240600449,5086.55474902811
4241.97193811604,7987.2470577472
2253.4557353656,501.710631478767
4612.42811171339,4120.41506939988
5014.86354633365,5468.69115448085
4288.16706579513,5600.31373160688
7849.15173786915,946.362168805668
4280.36004517829,4528.80782601122
3416.98436239711,4420.43002493948
3874.68675214062,5885.89325455581
3663.55841413362,5064.44703074628
4930.05828252596,5292.51274231335
1862.12080230878,2742.87042377314
1763.73665703909,870.719125636745
4214.79925829715,4689.6987522554
4047.75738376968,5503.30185685198
3380.53235149319,583.150491582697
4423.60396757707,4455.43821124743
4813.28386329212,5346.73039700635
3982.02663771906,5750.00829649024
4635.67213323278,6297.07093585641
4117.69305922074,3220.20021496982
2509.81063031952,956.02356560195
8521.21145316499,2447.45909336139
4153.60509500946,5320.18988711845
4436.95004253052,4937.08725741503
4029.43170561428,4744.82554574007
4719.18338743096,3444.28770432665
3589.53098902187,3663.60158074436
3794.52532505158,5032.67833852342
3311.93175007749,5159.01522500022
4672.36271467239,2328.85115517951
3824.87761099234,5961.53613915401
3890.40921280739,5844.80398686973
4136.65457816357,4788.9268113857
3172.18151965747,796.610571320199
4123.70414302082,4710.0444327024
3799.54218885928,3971.57255784917
3891.56898672633,6286.49997741321
2980.07765951712,3539.4242160392
7586.16278291585,710.965098594306
3166.71747874093,6738.8240118589
4535.04995965226,1257.06130228217
2472.95537767515,5271.99665119981
4479.35995837685,6652.72391688027
3850.38866452381,3807.84046716722
4711.85492898342,7015.99252099153
4557.88946180293,6439.15030050762
3816.01069139718,4791.71173607497
4350.49216883695,492.844889695913
3441.01578523688,4799.95233922474
4181.01721063905,5915.16160367396
3980.36025341023,2179.04263080575
3889.81346910099,5759.2722093497
2805.12089044077,2756.33963211312
4420.18099568277,2269.97342418252
4059.55422827182,4907.70516023411
2735.71815789063,916.639144577872
3723.2349666818,7042.19178669112
4067.32943733629,5167.02833202445
3447.51290083152,3887.06409003883
4336.70405618914,6341.62677089788
4857.10062528362,5680.50315587392
4250.97447176048,7615.16911017231
3896.37649883798,4516.53233804745
3896.45455519471,4788.69931526016
3465.99371072149,3440.82113697126
3236.23795123367,5159.29938372953
3474.62424039281,3977.02865916493
4139.75089146632,5294.95684566955
4394.82324939325,3300.78754602893
3828.39204918559,2560.9519629882
3789.81333633777,4901.28325752293
7965.05266654627,1895.79325172262
3791.87529974892,4991.02033052348
3475.59331834751,3679.45738412628
3983.80133058074,5450.67582932728
3597.38027449529,3889.33735987325
3569.09361497777,5785.98312990413
3053.0653343794,3341.59286641333
3590.52885185719,4333.87493770976
8663.23552790723,2606.70151840589
3782.79268486122,5709.43068365901
3491.43481484885,3972.70919276638
8391.25786992816,1482.17188992107
3960.28072357311,4083.1336132575
4563.31282363589,6833.50553132037
5036.32463072489,6043.99925611073
3072.03179490048,7828.51565327467
3546.1638712868,3484.06992642899
3056.10202644152,6152.03623584941
4244.43170907959,5667.14769559671
3644.58418987269,4736.69826779782
4977.10639162576,5303.08370075655
3064.36984055173,1097.76200320628
4840.28701768159,4239.70507310314
3641.85146809766,5057.34306251372
4170.18387531138,4138.1466586794
3448.60106996058,6889.42813838919
3456.91985242411,4065.23161331145
3455.67039564309,4618.94322865909
2478.8901160949,2382.04571159045
3670.01582560396,6901.13530889435
4271.8111323209,3471.62381637107
4141.61695225708,4434.86503467489
3632.44998879478,6408.34740968019
3752.89018632749,5607.58811050597
3412.2916053663,4007.14948447099
3547.17063072275,1928.4715055924
3588.78478414134,6362.3136955332
5057.74963282771,6635.04899020451
3319.58181062446,4528.35325661538
4213.63069633367,6573.32988334212
3953.70365091368,5712.3860190148
3079.39008865095,4419.69087395909
4460.18518087492,5008.751919803
4722.84979496999,6623.45556776212
4782.02039304257,4838.48417834709
3998.68318463553,4771.13855950242
4505.82597665588,3847.73643733233
3343.41548776142,4386.21722936041
3852.99240648173,4387.69468561069
4426.55019836443,5638.78890812548
2315.97020666794,65.0723465325868
1536.26721332861,1732.74301513442
3155.14441334188,6291.16026514482
4088.61513240558,6132.94093838238
4514.2373330315,5501.4831564134
9164.48533551822,1827.70890475281
4103.93458484464,4889.91690835083
3370.52678101851,5121.62002079507
3299.86831568542,3040.10045462347
3964.6421096422,6340.60388404344
4106.61540424991,3880.47135380587
3734.72826976777,3921.84478022125
3619.72945716726,3521.29471996761
3524.2030380798,2754.86196443522
4300.95469188453,5653.50807659019
4488.85061370348,2566.97617033494
3455.2509975194,4862.3535116085
3925.23623990423,6079.91658121035
3671.53457032378,6207.67468418892
4576.10693559557,5035.8607471495
4351.22751726715,7018.15204276318
4474.31854750109,5941.87252422839
4298.66211276518,2519.97623193727
4381.31155135161,5082.40611615134
4067.31434029685,5678.74154089435
3285.6635090253,1831.68712696305
4339.04551127728,5815.02398289674
4112.09527064039,4431.17097119395
3806.45625635668,5743.87055250836
2563.62542785818,2900.06707510876
4270.886528989,4583.93461949589
4118.51886868652,5469.20280933569
8345.8507476274,2555.89397989214
4570.98851948235,4340.5814220055
4052.82203136748,2479.96672513701
4028.56587931598,4366.49652897577
1651.11399382097,7773.44552239376
4513.75023088928,5789.50635986328
4729.50891567077,6674.77454970309
4583.14723618981,2876.93646997249
3525.99550613154,2445.24248613073
5118.49093747502,3771.75230854581
4114.41843152021,5317.97370274305
4425.89290764268,5323.82728799563
4147.63793481552,5582.35464620182
2921.80812609219,982.791360187763
4568.23656779182,5044.38550902858
4468.82029582864,6145.50058507545
4617.75092279826,5800.70229836885
8275.7049999319,5199.64992329047
3464.2014635657,3160.69750391046
5121.89386937145,5314.33630186587
4396.237174088,5825.42410781816
4770.8303612844,5898.62331191541
4033.93502983127,5761.14757239205
4104.25026374075,3492.82218443361
4647.5813483309,6549.06264328865
4355.33643470994,6784.97147406867
3943.46047593694,2889.61007615596
4211.08746800555,5819.28636383627
3174.33149159172,4323.36106472557
4313.49766446976,5218.91563142402
3972.43713531349,6353.9026817169
4312.21859295459,4810.23871608338
3975.76368593946,5228.40661755377
2648.23680130514,1444.89022235107
3181.46863383368,1382.26165955558
3956.88028263132,6745.35966263286
4787.85526336767,5892.65597860006
4537.03209882202,1126.46203486583
4135.90912590936,5507.62090039528
4529.77114277539,4335.75072360735
3346.59094854729,4869.57122790383
4545.07547510514,4941.34963835457
4537.69246945178,3855.18122689795
4422.9477632853,7012.07096138506
4141.99042940978,2922.57248875504
5283.78422130412,5423.85116071008
4421.11437744156,5925.95963538745
3648.32625542669,4309.26687632322
4285.59708432226,3864.3880542984
4378.5659294653,6599.13166510488
4355.89105085586,5013.75302886767
4567.36631849027,4458.96186406183
4243.76904687838,5748.7012509065
3844.89640402374,3461.3372280848
4311.11003012759,5033.07582246024
4447.69526353688,5573.94363238552
4078.3676463586,5604.29195381711
4102.73083775662,4014.59427403661
4297.70297745543,5193.39843124582
4295.77967988141,7895.52045078628
2630.28972311307,5557.6328367525
3997.79946237576,6553.9504271458
2611.66295569466,7454.10861897211
4720.65251293321,6705.80451380081
4701.72302278689,5550.52886851994
4616.80494649827,4444.29935820088
3759.13415241075,2945.36184970299
3558.64865523708,3288.73934276308
2912.75261894232,5114.34521904073
5028.35092935073,6424.31696112488
3851.35965659496,4504.25685008369
3368.58121520691,1199.66123896308
4025.58231253004,5775.92382631577
3932.88250054674,6323.8385190146
4227.69682506544,4775.85550983779
4109.26198571961,4868.43459298662
3654.29710850793,5366.90566678682
3548.74655519641,6220.46182700753
3451.13971478915,5191.57973080723
3445.93397826512,4140.36284305481
3664.86023024955,3465.65648305572
4185.92690153082,2089.93053786756
4142.35366546946,6404.93750492856
4607.41184024896,3192.23912286303
4086.03940676498,6023.59649020471
4867.76115440563,6478.08004642205
3984.1812219082,5018.64081272483
4010.56388252281,5530.01277740641
4081.98852756577,6758.26055351424
3568.36021097806,2923.36809091156
4760.4466347186,4704.07709938705
3727.59169442527,7360.67705963537
4036.27202713813,4520.62430832046
4626.12715363911,6488.59391940624
2493.2636191783,379.181397974945
4036.28887367318,5345.25294075608
3805.33012580863,6904.03398164638
4250.60959540796,4317.8487236613
4529.90656167386,4398.03814792834
3850.22842252367,4874.0040195099
4339.04155983645,3417.690531835
4143.05122934677,4690.20998425499
3132.17190681803,2843.06470715412
4770.28697372115,3959.06957375987
4438.14673172784,5972.10709759722
3970.17500616397,5439.82071215477
4248.41459857236,2769.69509239033
4108.451999958,5819.57052256558
2928.44194834879,4072.278496085
4295.68069833382,4772.6731012117
3598.64829233268,3751.97494555741
4510.91075299486,6458.24559797464
3209.72720275463,4877.30017619875
7173.26281126234,3932.35865320544
3821.99208327058,6440.74150482066
4280.57947448223,6924.77756888546
4364.95064956405,3309.53980403355
1773.2148299464,1354.07307132325
4274.78945655089,4696.57522436241
2043.81133932091,3682.29897141931
3734.66275716703,5223.74632982216
4007.37182675128,4375.98751510553
3711.55798848937,5169.81325671371
3753.50929766889,5400.55014490728
2965.55921341699,4431.79637411157
4731.72928303022,6002.45499617356
4762.29524666668,5752.16824111714
3893.4174861326,5258.9253496519
4100.19486335593,6660.33911711242
3689.5494896989,1357.08517499662
3627.87931820025,1384.30764469208
4113.83605941494,4363.93910041205
3900.86657151672,4911.91087856989
2184.13561365906,1153.00243903991
3927.70518144409,4251.4122436083
3355.59618429726,5539.56042613992
4059.35551171668,5945.22534352101
3138.58291109754,6517.91893112815
4498.7621298098,3725.88900506535
4809.25005619067,2936.49626649085
1894.11275359069,2618.12474160937
3880.32535499823,4332.45414406324
4379.21521669661,5829.62982615393
4331.93574198561,6795.25785092731
4632.95843879495,6782.4707081087
4501.62601058423,4044.43094061336
8160.19528856076,1967.74228426752
3164.69639755936,5208.17468516954
4697.28414769213,4418.09966964604
4036.93760151616,5434.8196030901
4697.75526351002,4274.9974181404
3971.41821435848,5650.49607863064
5332.76181110819,6789.63133894502
3748.43287207702,5373.49798016454
4971.8972842164,6219.21144402755
4490.97494045908,5246.87693495843
3451.85007597513,3814.03529660811
6764.66027909434,3541.69748587362
4382.04680850881,3843.47405639279
3460.51959769526,4121.21088298403
3193.00112624235,4750.90620426294
4461.91379712371,5994.4985517531
4199.90617509177,2546.63048988794
4294.45816358091,5492.61757320126
3443.31813419149,2950.07901146599
4428.07091249799,2864.26307521665
8158.62977508308,3389.38840696753
3462.16029681854,3862.00103640121
8148.70039942369,3081.18972230955
3275.46903930418,5626.39924924369
4012.35429294874,6107.13915661963
4575.48068617639,2860.0575683085
3638.61399682871,1293.71777836218
3288.57846410751,7966.50347050813
3216.56759101797,4608.08811148659
4092.18470288771,4796.31493834756
4084.89437169351,5172.88191727703
4616.11017971988,4959.08122763409
4636.55470105654,4889.57566416252
4018.22629566898,3739.30155080158
2137.49849252565,511.76982935331
4768.77428097878,3827.33367142631
4091.61553124806,6190.90931916008
4503.28096768108,5677.20699918506
3268.67895158197,2023.09636245011
4960.6633847794,5067.00445931
3169.88732146463,4580.80887347356
4295.15426372478,4715.04554176707
3688.86570094294,6932.50651718038
7671.48487132384,1863.05812382146
8481.38206829553,4891.33770199734
3735.60668714851,4264.02897576037
3970.05369046089,4239.47757697759
5070.58393067226,7226.95162334145
3245.68302825153,5360.65417474217
4029.24945706703,2217.74509202226
3633.12051217307,4417.30427891715
4632.85821580508,6425.28318537556
4072.69604231334,3553.97297383739
3704.00732926516,5856.62490543766
5753.75089936038,6858.73899562453
4269.48728324177,6309.40350927919
4070.9935047606,5048.30706863505
4200.19474026962,5269.60963330262
3889.64322680346,6584.80998057699
4074.60383033569,5355.19849628166
2475.96255294999,1263.82434346786
2501.1806777538,1826.96996520005
3217.39253948501,2383.92107463279
3870.7363963558,2434.67195054278
4336.1621302238,6252.62842602246
7800.97217373421,3193.77345314469
3016.00763783338,379.010908023054
4245.1078392436,1960.63831603496
4686.76248970453,5444.76515861569
3078.19359495816,2956.72819887509
3732.37860501404,3965.54856193006
3231.12961679882,6814.80814064542
3790.27938454046,1444.49242127281
4251.0575750542,5416.00846435238
3716.38660328016,1823.0486170212
4894.61938201118,3667.97770974667
2345.7401721868,454.824441143868
3700.04442630484,3723.21782843886
3951.8064225239,5291.66026612544
3816.00493295034,343.206908130949
3749.96019142451,1590.49313410287
8435.31016384456,2758.6695645513
6728.09882072285,3025.43794876251
3578.95533879201,5452.55119236962
3476.93672656384,5593.55058470738
4524.57140427972,5033.87163604439
4761.01120236492,8656.21336912886
4053.36091857561,4185.54408101389
3564.81039356941,6964.95727492462
4729.04174699212,5223.97382594771
4558.96835041257,5202.09360379142
3742.17025810038,6182.6116305513
4209.17673233562,6582.82086947188
4107.82530360887,5700.4513523841
3941.19044199736,6402.20966569831
3212.08099916482,1019.78876331465
5269.77992647642,1902.27202846519
4735.32954808569,5481.87620409153
3634.81943328699,3026.91540501278
3796.2748977688,2579.13812166356
4190.61511449352,1906.6481574675
4427.49731251396,5524.44335088313
4847.98111359979,5607.7585211725
4148.01127212747,6093.84035894617
4196.76221075894,4718.11462518564
3973.02179811061,5514.44070989854
3796.60944960877,6347.02578675463
8413.56054711257,7502.41560295352
3499.32672833588,3108.52583435396
4542.36568278402,5847.13391930791
3648.45295978508,4983.29138222856
4141.36154025303,4987.32626704255
4276.11631081996,6551.2221650603
3881.80141272146,3932.69989739375
4685.30583657245,5357.92633551192
3619.61131051902,5168.27871500443
2768.80158441078,1718.19404590861
4059.73014007507,6660.16870644589
2510.7472876577,7496.44826963817
6985.37629131486,659.532368590568
3698.61303868322,4963.51401924016
4636.37130902279,2436.20628082444
7297.94059783113,2376.53294767093
3385.2374234921,3578.46771001641
4276.32620845536,5592.52769785294
4414.67221472767,4030.33675221101
4628.33236311794,4728.85557144012
3934.26957579656,2736.95996448917
4077.68173679583,6863.85385275197
4069.77669186134,6273.76992005361
4516.6834037824,5643.73293173114
4087.12194649521,3540.50397692503
4274.24806645358,6561.7931235035
3979.86379533444,3070.44856462744
2520.92554504647,6013.02595461676
4941.67726898048,6538.71918097099
4094.62342275855,5099.56896511701
8270.09806099604,5365.99652799516
4877.56077203742,6186.93109694984
4024.72153412985,4084.2131627157
4531.13533523652,4617.29493888704
4079.66312494688,6317.30286824064
4119.22143230495,5854.408298207
4213.9731928325,6204.49185270758
4046.90625321867,6353.33436425829
4058.05728067239,998.192699887666
4607.18741468208,4232.60110487058
3995.44396961481,6199.09283685084
4128.03182705757,2590.44759680427
2841.75607700668,3642.40342410945
3984.8401231736,5053.25109224071
4414.92044565926,3666.49983064114
2648.15017357132,2201.49117042064
4167.50557742747,5569.2833446539
2371.45349400678,1822.08260419815
4614.79390444618,1862.20564763355
3079.10869782869,2905.29546887135
4257.0940916608,5937.32598455955
7208.24418064184,6670.73966488909
4038.54064848043,4346.60541792461
4640.03354321706,5920.61728213447
8421.5714253638,5221.18890125844
4253.14792233149,5837.07461571956
5101.41679781324,4096.48907353472
4109.08487584594,5315.87084357516
3953.32121577771,4582.22966712007
4065.47691644893,6489.84430238622
4640.36269079801,3593.35728914765
4541.976078138,4636.049415021
4311.22190785266,5695.22274719389
3556.65254893775,614.066971902181
2920.91294252124,6034.56493258474
4189.96671145459,6958.6491202762
2625.59276597137,3026.17667688765
4254.08213331679,6196.53540828712
3424.02670390548,6890.39436263986
7766.47665654812,7547.93766224566
3562.74703142705,5277.6231631821
3950.45863470068,4574.50071882515
4511.46343600287,5298.25300235841
3352.48952124685,2724.40010636848
2461.65190095512,1619.70471490344
4420.94502200912,5303.25411142308
3732.08795620456,4907.36433890105
4120.27416182117,6331.9653741016
4010.33571363213,4087.28224613427
4662.36369926216,5136.16877859326
868.469089003577,2017.24277719753
3694.91453533545,5681.7535388539
4633.3047253968,6721.49032937146
4216.73523231201,5114.97062195835
7939.38621964113,2582.71864850934
3945.19968744448,5019.43620345372
4360.29689048453,4123.2566566929
4150.85437932546,4347.68539023806
3787.4233675438,5687.03880664788
3746.61822977364,737.789714354598
3650.76951863799,3784.31195523888
4754.5484701717,4838.02960895126
4431.18144623564,3666.49983064114
4639.98261366092,6756.66892634594
4188.20356813648,5768.25154062461
4537.84615251059,1077.47298536304
4339.86882343913,3854.95415362766
4243.39496296485,1973.19817415565
4187.99888101047,3879.10764561837
7989.24005019373,1884.42690255053
3776.36442384143,4903.55652735735
5478.18021412142,6663.52194859376
2580.89062481196,1452.9603091205
3415.63210483828,5666.0110606795
4812.75148077715,3923.208911264
3441.12948973584,3887.12075264259
4286.6650404613,6853.85121176737
3478.13673650447,6466.48620112441
4168.93130025793,5871.85572875722
3480.30884441618,5996.26058958792
3856.54252102123,4203.73023968925
8716.46995633768,1207.1630082739
8634.83301425782,1696.48434013267
4512.34208103322,5213.91452235935
8769.45195392578,7407.16492032294
4161.39965222508,6305.70944579826
3915.55101985552,3511.06500571272
4279.58318322169,6292.4106481248
4500.79005837599,5342.07010927474
4000.23980587286,6591.28854589194
4245.83783891936,5020.23201703787
4323.47591520212,3621.71649947413
4807.84418435285,6451.08496713832
4127.5903823525,5887.37071080608
4412.59859851448,6039.50937904565
3262.60856378348,2708.54409155893
4140.78452555065,6043.88550804796
3987.4568222929,4775.05969625364
3565.44265720421,4857.74988648065
2929.74430072919,85.0771197540541
4096.54235752666,6289.45531276901
4216.6833233594,6304.28865215174
4319.96078955816,2377.38542385884
4420.07277355192,3013.44640810043
4068.27371143095,1101.28555030687
4229.4108215723,4327.51012045758
4203.61026063384,6177.7242695494
4289.50960140355,6764.85286689196
1052.97621189737,2560.15636083168
4539.18376420379,4609.67973865489
4418.4680592989,6902.15819574878
4233.25983067266,5954.03426412938
4214.14882834283,6343.84337812854
1651.52016448553,6556.22369698022
4272.57479607779,4515.96402058885
3437.43258923478,7119.02796881029
4477.97775197837,5335.8757026891
3725.72111465856,4853.60125360388
4564.52494871532,4519.26017727771
3244.02544604191,4384.34186631807
4589.6358895405,5248.97979412632
4076.79860942483,5441.8669087189
3041.52947637147,1349.41288930546
3914.6408887142,6172.95023375501
1340.67760042927,5651.91687227715
4099.16455068198,6166.073761648
4336.90809243945,5435.78582734078
8222.24036798001,1349.41288930546
3484.19398499126,6803.61220213986
4010.27129721652,6792.64375975983
3609.38869108124,5784.16442946555
3869.15359555631,6289.05740597693
4854.49242187565,6737.06197402408
4082.54361898136,5972.50458153404
3866.02228224127,3637.45897764854
2962.65765370818,3660.3054240555
4737.32575120069,6176.36013850664
3901.41104554419,6759.34010297244
7749.63384225646,8703.72453952612
3739.00601697125,744.779987381294
3961.48621569087,4858.48903746103
4216.02542584433,6320.48569972198
2602.77672655852,6731.54963295981
3958.81430138279,4687.48214502474
3571.86574263846,5032.67833852342
1938.34763344416,6893.52010866219
3748.19273238531,7183.36201255066
4114.84583676966,6013.13927982428
8354.76553060344,1095.03405826222
3620.29339681986,1956.14865039751
7117.97177712404,2180.86133124434
3873.53107117974,3667.18189616252
3508.5252904114,4688.67544254571
8442.27303254507,1772.12733044469
4595.83651033814,4277.55484670412
3750.33184965118,5978.35858964187
4035.64793660953,3257.31126044566
4312.26205991339,5483.01283900874
3867.64830587093,6401.58426278069
3702.83348151367,5429.53433529613
8283.38914794879,4777.21964088054
3642.50749377234,3155.52577275164
8331.26251431865,1249.50265893996
2723.07655950327,24.4944809792681
3597.98349002604,5959.94493484097
4092.03374604194,3210.48194414215
3903.94259738449,4553.87087964884
3739.14844002983,4806.20383126939
4560.59356830855,4206.34475371198
3846.04199720673,3929.63081397518
3716.32280000976,3890.07608799839
3949.54757315842,4863.83096785877
4707.57706615044,4655.42887121732
3889.82395447086,5186.63528434632
3936.37297018012,4162.18640260734
2638.02011240028,849.748200842845
4392.7192657481,5664.02194957438
4182.7708865699,3503.67687875086
3699.70273951091,5548.99474966591
3596.60040335354,5605.25817806779
3883.04158958002,3502.54024383365
1947.95041226059,1141.12454072678
3659.99391751378,4936.12103316435
3246.97659284044,6343.04756454439
3241.28880480749,2848.91850383432
3496.49417617724,5682.03769758321
3828.12197042025,4667.87519270287
4554.65713853674,3675.42249931229
3453.07328543794,2781.11810416619
5225.77335394704,4143.94358132822
7437.59486644782,210.447947158013
3147.70848824606,1757.57846693269
3981.52386904781,7007.58108431998
4071.12995171128,1230.57777213947
3920.49066920338,4619.39779805493
3212.97255428777,3769.30862804486
4544.14508534619,2501.39237789746
5121.37016542168,7151.53623486879
4321.84887723617,5075.87046537739
4386.19878695855,6595.15344289465
3944.73252933293,3924.91386363982
8733.95334224715,3905.64773265101
5222.66491345511,4480.84208621812
4049.5548165714,5555.87122177293
5143.79915165135,6678.75277191332
3886.1536993168,784.732725863977
3795.48264427888,3241.11442430305
960.982307686403,6457.90477664158
3966.88165818703,1794.51920745582
3378.2130931248,5084.67938598576
3342.9230069547,5457.66604949707
4230.27524626507,5685.67509846038
3919.94405606502,5704.71373332364
3586.05973272401,5276.99776026449
4439.33357186411,6810.54575970588
4923.03052025225,5048.02290990575
3604.43014398247,5922.15182384375
4321.62002393165,6472.96518929461
4155.52238808059,6294.45642183368
4023.90384644861,5407.65411313984
3891.58491223456,4816.71770425358
4712.25820690087,5910.21715721305
3462.84014531554,3943.2704329817
7246.69722674941,1692.9039190007
4028.59067480855,5867.19544102561
2592.82882736086,4931.40408282899
3768.20849069522,2532.93399685003
4244.88466588048,3393.93494663636
3959.80127772481,6461.42842945598
2703.33406436811,1451.25535674468
3959.87766032453,5272.67871672119
4817.37359988726,4917.02573569733
4128.28926031449,5477.1025911524
4663.10489080508,6579.86553411608
4638.02497187416,7407.90407130333
4196.18220184923,4528.12618334509
3713.9285938813,2354.76647357742
4414.08658404962,4754.94151193218
4418.9249999734,6022.34610722473
4686.61237517291,4397.58357853251
2681.68440860072,3472.87419935105
3906.43762438296,4801.71395420431
4051.72582551321,5947.21445462612
4691.46730750318,6181.87290242616
3102.22230888478,4033.2350021078
4487.56462927533,5345.59376208914
4199.46050453301,5563.03185260925
3835.88037067124,4450.38001672375
3649.89174475653,3787.09687992814
4033.87006049168,2979.63151931344
3790.59574491468,6294.28601116715
4034.79427281295,6140.89738280285
4571.20712459544,7671.14837984489
3230.7231341144,5139.52202074113
3573.55546765204,1266.49541438054
3963.8306125841,3851.99881827186
3985.75641648251,4248.05900146043
7677.03413272795,6119.81255137546
3724.60395221771,4708.45322838936
2222.32044017721,3459.80289780314
4460.00608426715,5195.61461562122
3635.49157505714,6857.14779131148
8481.28724346536,2283.27222185598
4285.82292997807,6055.08144655352
4985.12146378092,6056.04724794895
2175.33061834636,7246.89939699638
3871.04113228107,5160.09477445842
4175.72876335651,3757.60103468445
4349.29810689824,5706.64575896974
3760.20118073559,4305.45906477951
3593.82978894911,2994.69193196647
4780.36618137603,5817.41100079393
4046.90335956252,4688.84627606749
3966.41841155918,5556.09871789847
3770.78664366168,1232.5100092132
4492.51812655687,8067.94813686909
4798.18222662039,6272.46287446987
4319.18417724063,5509.26919016734
3946.50796732454,5446.12928965844
4237.77424504736,4991.58864798209
5044.79295446989,4331.03335041673
3483.25176367015,5522.45423977802
4347.52819917367,4337.910245379
3838.50090882885,6612.99835738169
4051.58368516035,4271.01919593016
3923.37291518648,6885.22242005341
3124.99001927882,4774.60512685781
4041.70082525845,4174.85979736317
1976.70207597473,2732.75445758102
3906.26445345086,4984.71217587507
4997.36923915013,3730.71970346349
5124.41030004128,4478.62547898746
4955.96403817081,1400.39094419955
4345.48241733663,3546.35777360523
4044.08868008592,5659.98706476039
3899.17962956329,5667.71601305531
3800.41326248908,4143.65942259892
4342.1896038705,6562.30435550309
4212.539991529,4455.2678005809
5231.73351083281,7610.56590789971
4339.46450647784,4759.54471420478
4180.1526699947,5790.01801471812
4288.87341893011,5710.28315984692
3933.8883430602,3454.46075597778
4992.59845220666,6700.29217273655
4452.80870313175,5209.53839335704
4167.37459178502,1971.20906305054
4922.48376624009,5801.32770128646
3838.12620535874,6010.58185126056
4518.82443517874,6374.36211022667
4579.68420973654,5603.83738442128
4417.0999675746,3712.93145158021
3398.59698656211,1516.95289724493
3534.34127146515,982.1094003802
4070.90532243301,6493.59502847092
4238.04605524426,5630.775378246
4448.08962821406,4125.75742265287
2362.02523765049,2906.0912824555
4501.42889350312,5718.35335233016
3763.18119078034,7020.99363005621
3936.03383380627,5721.19493962318
4212.64371557874,7134.8275324437
4310.3066586665,6524.17042317281
4212.32077090008,4483.39951478184
3009.79473927058,5636.57230089482
4917.86237512971,5310.86973451049
4112.38357453512,5367.18982551613
3348.05964095119,703.633792806922
8594.63905983978,5699.5988761962
3282.18709212519,6586.34452228628
7746.72861405973,2478.14823612605
4618.33128426084,5208.5155065026
4012.2474763403,4806.88547393551
4848.26546019939,6832.5963925287
4576.79092265926,5392.42328982028
4473.56630887153,5703.97458234325
4303.40635742645,5458.34811501844
4622.09273640383,5787.11976482134
4244.01553699539,5711.24938409759
3110.38212668988,1228.70230338331
3699.62846941682,5130.59935206998
4293.07025787045,6193.4667477238
4498.4543537358,5292.96773456443
4156.98761428387,6143.8522953034
2604.04930199914,349.572042524561
3069.02378313915,1257.45910336043
4464.26376451717,7484.91108694429
3993.91767575963,6831.51642021525
4251.80815763762,3015.60592987207
3511.77492738658,5293.5927146268
4033.77609751458,4629.62751230981
3911.73695751008,2971.73194892436
8466.43408231484,6659.42997832076
3720.51183230467,5343.60465098402
4712.41787889232,5071.66474704161
4215.7565811658,5326.83928595518
4422.05997979436,5868.61623467212
2249.18426305353,3694.74529290486
4473.39513484177,7002.46622719254
4288.70505219373,4961.5815707388
3063.15482159662,2517.41880337355
3484.65644384426,1911.59260392841
5605.26078209643,5921.81100251069
3594.66924965407,6058.20719257585
4833.48855632724,5190.72725461932
3713.16080880277,4462.25802075069
4626.37056037172,4473.56770731903
4735.19923939187,5156.91236583233
4624.81347124841,4565.74846082053
3912.06702934716,3680.93526323181
3785.13509323867,6750.30410909377
3844.64380152068,1288.88707996404
8388.29022402662,711.988091162557
4076.10434383991,5331.49957368679
4295.88025553569,7261.56232571258
2903.86971149108,2285.2613329611
3642.05206256576,4620.3069368466
7602.67057042908,1074.80191445036
2818.71491381886,4624.9672245782
3838.87540976922,5262.50566507006
3373.11058169324,5088.08929073739
4846.29922382658,5025.29021156156
4684.74918697743,5308.93728600913
3725.33375031224,3915.30912944729
4409.92240728332,6821.11629529383
3956.16038121696,4818.25182310761
4110.44989462759,3865.41094115284
4068.86133825468,6356.40302482161
4066.85979351479,6489.16223686485
3766.11554245693,4665.09026801361
4209.83347415352,7051.79652088364
4043.52741035053,4459.81434024974
8907.82827512857,648.734336877076
4015.46181391346,5163.22052048075
4328.79938265042,4303.52703913341
4422.30683398315,5817.63807406422
3506.58627089265,2737.35765985362
4284.9906319688,5403.27798413753
4456.20780388869,5643.79001719015
4540.84931184679,5627.8200428902
4537.40363171401,3463.44008725269
4234.36516813184,4796.65575968063
4082.63240876955,4474.76100484
4505.71526183016,3234.40815143494
4361.75121099096,4254.99255902646
3904.22883589511,2102.43352195687
3453.17112568678,3661.95329097231
3802.57528947144,3035.26975622533
2520.3958817497,1194.83054056494
3270.23565142673,2492.29929855979
4210.65026898497,4849.96427558196
3788.45529576933,1038.99791455826
3912.58953135371,6545.42566526673
3594.88270486857,2976.33515119695
3311.03533725397,5526.77328332131
913.49846308676,784.334871928809
3978.75563109083,5149.97880826631
4030.34802505149,5094.28369732303
3924.67383290339,4373.4300865418
3832.09213372605,5403.27798413753
4494.76347157254,5145.3185205347
4855.21183402785,5218.00649263235
8195.62853562341,1467.96395345595
4448.8659907852,1938.6443458159
4145.01742594535,2424.66952098581
1648.05089072983,2550.09705724332
5191.59736331644,7100.27349267633
3949.62139567025,3963.10488142911
4172.871828285,4392.29831073854
3559.50817561335,1759.96537911607
8365.48181056606,2491.90139176771
3956.01955817746,868.389034627846
3894.64601112736,1130.09922431537
4384.52363560189,4801.20229934946
3755.38741256359,3647.8024399662
3968.22846718633,4381.72735229533
4267.39973471097,5769.67233427112
2460.91450641381,4556.25789754603
3826.2895415379,145.432432536465
3836.79660373263,3915.8774469059
4029.31344327933,5497.27786093287
2606.00899858598,1006.94485217847
4482.44106192567,7510.2012138522
3959.55163697355,5533.36601955428
4511.55818538456,4947.88528912853
4245.03908894453,4767.04658922942
3430.28599292462,6859.76188247896
3497.37764696306,6333.67032647741
4344.17030060311,2996.85145373811
868.141994053827,3009.75234461949
4073.70537598617,5766.77366151909
8961.60129263178,2284.29510871042
3493.60890623244,2709.62385244475
3984.63428495858,4753.4069702229
3911.9674627493,4925.43674951363
3868.55951432927,5186.18071495048
7941.2908342992,3986.6329705022
3898.17676845641,5258.30036958954
7613.95226362259,241.819062944465
3742.79244592406,3687.52757660952
3001.60490507832,2292.53571186019
3567.64700580191,8275.44067186362
1278.46210848952,3051.01223439973
5262.82538424254,3841.76910401698
3179.82995098577,5008.52484653271
3226.80917375781,724.434254077385
4076.09385485812,7712.06723686444
2687.42940190775,1995.36255504124
2943.00206511878,3606.48567615457
3492.47478595285,4163.66385885761
4908.23419694005,5288.19369877005
4143.05475754606,5598.43836856453
3290.26172060029,5766.43284018602
4974.2823693732,4446.34513190975
4466.65540752237,6008.30858142614
3387.87337193929,7086.29305233675
2546.74654111077,3439.7980386892
4597.65672642967,6288.94408076941
2464.9096782986,1779.57233143793
3945.58605064147,5981.54099826796
4296.90593975093,3918.49196092863
3847.9424783683,1930.00604730169
4147.98856987267,4835.75633911684
4607.44389141328,3321.19031193494
4307.77165237726,4947.20322360715
3718.32505968165,3589.15199366713
2844.59390470255,4544.43655612285
3983.04323090111,3504.58622897015
3888.8109320236,4930.55160664108
4283.80828314484,6435.11499283838
4015.92500760277,5100.876433556
3499.83601036495,5891.46268107909
3988.61115975655,6057.75220032476
3418.15473925781,4083.19027586126
4166.32577051359,5315.81375811615
4250.17698324387,6624.64886528309
4177.50926891392,3996.35145275749
3293.56122441023,1073.38112080385
4374.19448265757,3705.48666201459
3975.64548076091,6391.63870725511
3996.06897979645,2844.94028162409
3349.79037235909,5540.29915426506
4487.14375996353,5428.79560717099
4205.79352046081,5307.40274429984
4843.17937473555,5601.79118785715
4098.44378552849,6063.54912297358
3510.54683189247,2404.43737717395
2772.23135882664,3228.78185088027
3413.53917555824,6680.74188301844
3834.94566858175,6457.96143924534
3330.5091490523,4170.88157515294
4666.19701214006,4486.75233407446
3873.74035516147,4675.26331966473
3791.67816378052,3887.9732288305
4176.64728674481,6115.60725589494
4088.97183462891,4911.39922371504
4405.21262262141,5409.18865484912
3658.1040601673,5726.36645935438
3495.44720415997,4881.50589453453
4612.84344814953,4170.88157515294
3797.6281812222,4020.90285154027
3845.17660461558,3263.10818309448
4053.06363961622,6457.10896305743
8668.3363473549,4506.24596118881
2592.39112596219,4017.20878805934
4074.51905649427,6497.85740941045
4062.79084053096,5355.36890694819
4318.95574870639,5706.92991769905
3904.90084144753,6640.33468085374
3704.94992152771,5148.55801461979
4284.0088788952,5476.13636690172
4366.76403154178,4141.49947797202
6760.16846348285,891.746924462031
3815.58110334614,4545.28903231076
3925.32658440409,6559.51985366908
3944.21172352978,5101.21725488906
4422.81753213863,1174.93942951377
3842.05484113078,5342.80883739988
4232.2914220837,4785.85772796713
8809.81255503031,1328.0442162902
2942.58461560073,7529.92149138159
1725.23258084697,1281.10115192392
4406.67586180972,4192.47763857992
4414.65603323309,5387.02427396353
8836.00090825431,3947.24865519194
4024.38872903233,810.022852771892
7862.34757778828,6077.58664877217
1916.03916765388,2208.82263477874
4718.93666448393,5459.59807514317
4543.33773825526,5869.5824589228
3443.9023797571,4696.06356950757
3915.97704260071,3901.04453037841
4329.54630273815,5637.5385251455
3435.50976896156,2846.64523399991
4835.25239568752,6417.8950584137
4357.94713424318,4953.51137825556
4110.90627123413,3176.15561192794
3393.44986387275,6215.97194994245
3837.71360031894,3672.35341589372
4541.1167929786,5894.87258583072
3820.66995993818,5817.06975660562
7594.05421329023,314.791035200707
3685.54459531796,820.309388201258
3656.30675150142,5531.14941232362
8001.49231221421,820.593546930561
2949.2300612837,2626.36534475914
1317.73992075396,1394.76464364489
3314.27860419495,6691.82407346123
3726.59524978441,6555.42788339607
4452.63604205219,6164.53921993871
4305.49586644494,5748.19001890691
4730.94514591781,6627.83169676443
5031.21769182506,8492.87876238373
4423.21843795746,6704.83871240538
4428.89863266713,3984.64385939708
4577.99074276433,5181.91833401095
4105.15255189229,4652.41687325777
3944.24515591942,6385.50096327323
3621.99726400735,2283.32888445974
4542.71926705404,6790.54090059194
3884.1979088828,3391.32064404126
4831.65807517738,6992.80483039626
4917.45065988811,5356.67595253193
3354.5337666534,6820.77547396077
3917.66728361059,2879.20973980691
3767.50934595021,6334.75029879086
3500.37759723133,2104.9340764892
3795.52588221723,4163.3797001283
3941.08417516576,5917.94610550797
4520.8406334067,5663.51071757479
3827.77221512573,3485.88862686758
4333.99727218964,5134.69132234299
4176.09889878254,4650.88275440374
4176.41488450221,6236.8292852443
4223.60938990255,3951.28396286118
4542.43897297673,4069.0390019999
3947.28143434817,5736.65283621303
3519.60224127352,4516.02068319261
3893.68236655742,3974.12998641289
3538.9042788583,341.388286977723
4164.02252447931,5044.89716388342
8261.43741244594,1000.29555905555
2960.92432436681,4245.04700350087
5220.54447742557,5375.94208352074
4137.81726460885,2810.04563195128
4313.69921896344,1540.99274688667
4472.44021426553,4613.31671667681
4673.91723331523,5941.64502810285
4446.36620594968,4038.12278596495
4299.07820521181,2016.39030100962
3924.70450268193,5052.85360830389
4119.82471176037,7167.73328243903
3673.25072828108,4208.22011675433
8165.70376362891,4127.51903763244
3720.68518791065,1536.27569083749
4129.27597764764,8178.88336650455
8156.66050938039,3062.83315296766
2978.18650026008,6310.76721746669
4425.35493473026,6399.25433034251
3483.71487951385,3602.67786461087
4039.29365060634,8137.1120332971
3582.24845005532,4115.30021227244
6690.83301200031,2065.37913908478
4414.3705815967,5949.60147252331
4228.15404414161,6852.9420729757
4280.63502551807,3468.04350095291
4100.99347256153,4350.9244614679
3558.16354510759,5196.41042920537
3831.8076918325,4488.40062384651
4834.48410582716,6463.81502449792
4493.85376089332,5219.19979015332
3957.43604376049,6493.93584980398
5623.77444075716,5561.44064829621
3973.33866519838,362.927502801775
4188.55686112912,5377.02163297894
3662.37059607803,3627.96799151879
3772.31662876125,1619.59107255449
5279.07369973575,6543.26572063983
4229.27916004948,4855.36329143871
3877.79977009057,5200.67281014491
3828.64472852931,6076.05210706289
3462.20956531683,3208.66345513119
8373.69783331257,1183.46419139284
3565.83961458274,2624.4899817168
4470.94803865264,6336.56899922945
3756.6983496895,4418.44091383436
4270.86733056633,9600.7569853301
5065.15085778085,7007.75191784176
4697.60811155868,5908.51220483723
4497.57973307531,5575.7623328241
4257.79197748498,5805.76049289253
3334.43039170057,758.305964038852
4575.58125107207,5849.00928235026
4554.29008062732,7115.50473885114
2372.30284711672,1625.44465780706
3654.09913577512,6322.81563216016
2564.98031257594,1716.20493480349
3771.83881287753,3976.5740897691
3782.03204541823,6372.03175493324
4257.64688841181,5744.8934393628
4390.12952420998,4984.42801714577
4306.16123640193,3827.84532628116
4111.79343849686,5542.62950955849
3852.5423983451,6009.44521634335
4102.72053304765,5300.69668285936
3633.20814597159,1172.8366760597
4733.09758149574,3704.40668970114
3769.31003019672,5173.05275079881
4328.52202207344,6896.3046104962
4039.90049091359,7340.38761893687
3889.61176749748,1215.74464418436
4071.70539945527,2419.89569661906
4189.98895153519,4633.54907191629
3595.05029745297,2697.06399432406
1833.94726662213,690.051047831792
4798.83355189966,5559.73569592039
3476.67629071464,2277.07739241508
6579.91879476915,3592.50481295974
4339.02993640305,7296.68468293856
4063.34993614566,4828.14071602944
4060.98355751015,6666.81810528262
4524.75655300344,6315.93916005314
3383.60185465062,4155.36659310408
4345.05523545771,3247.99089641007
3881.77047178875,5942.61125235352
4514.99461168618,6247.34315822849
4648.13152626156,5605.93982073392
4743.80320206143,6021.77778976613
2502.78331282352,6033.8262044596
3977.49050994187,5181.97499661471
4491.36022257971,5742.9614137167
8858.64976601683,8676.50196411685
3466.11650933189,2018.54982278127
3114.25283751794,3993.05529606864
3035.90606410526,3439.5138799599
3837.08760017292,5524.84125767521
3543.29170210946,4502.21065351956
3489.77068700681,5610.37303519524
3788.0760169624,5230.90738351374
3086.03445910623,191.011484788038
4222.793877043,5739.21026477675
3915.14998674229,5387.99007535896
3519.01539329869,5266.31347661377
4001.9442559382,5250.45725037659
3250.62984542318,3599.77961471409
3500.57230046154,844.917502444704
4324.62467358058,5912.88833383954
3424.13597830079,3621.31859268206
4036.01397359537,5709.26027299248
3346.06127204797,4395.99237421947
3794.39261656253,5153.38871301793
3840.5299175303,1190.5681596254
4151.86576414456,6250.35515618804
4355.93835570706,5806.10131422559
2887.03231863371,4933.22278326757
2994.14798547531,1480.6374539256
3421.41382307436,7974.97156978344
4803.747888743,6680.45772428914
3928.25349557463,4683.90182960658
4143.83385647555,4642.01674833635
4000.72095227437,5033.07582246024
3662.63386318614,2631.7074865845
8199.32688924836,2087.37310930384
4159.70672268245,3081.18972230955
4366.87021646008,6239.95503126663
3638.29355014408,5507.50757518776
8460.68511526427,1243.42168327565
4157.5697506012,6322.24731470156
4200.22035306489,2335.44367998485
4632.28707403839,6369.19016764021
3688.9696396461,5198.17204418495
8796.71194819677,840.314141601386
7731.40311875353,1343.84335706837
4031.9316571904,4271.2466920557
3820.73404703078,4597.91548269072
3010.0024944193,969.492668228122
2996.00982269849,6160.84515645778
3996.05723811872,5682.15144564598
2328.22944905336,321.895003433268
4355.6549819061,6545.53899047425
3036.12730477697,1038.60011348
6934.35313713063,3509.13276863899
4732.473627869,7448.14128565675
3727.06351449495,5968.5263593238
3504.65025943519,1998.14726830288
3122.30539877065,2579.64956509078
3992.2458912802,6177.83801761217
5393.15117691098,6236.99969591083
3857.91738203836,4816.43354552428
3867.6586280654,4572.51160772003
7893.40988980459,6128.166902588
4152.6081908475,5298.36675042118
4286.52814338264,4587.5153577693
6699.57760585045,2294.75210766322
3443.55295125729,4038.40694469425
4161.90419580579,4366.55319157953
5027.39189553369,6707.9073729687
3000.94103369252,2103.797441572
4268.84972138654,5998.24970069304
3729.25614051349,5490.00305917853
4183.25015580225,7708.71484042707
3556.64253895998,5177.48554240488
3726.98573337203,1629.47975404868
4095.00594247221,3832.50561401277
3944.44766304191,5241.81916329
4432.83591321062,3396.94694459592
3877.62199418348,5270.17795076123
3957.95018279165,4333.02246152185
3495.98717943459,5511.37204933522
8112.66850848967,4023.06237331192
3798.2628189589,4700.43969850988
3285.01493279701,906.06850327611
3325.3053002772,3286.29545083451
3433.66066584538,2875.40213969083
4345.25666179986,4852.86252547875
4690.99312222057,5126.84820313004
3964.33258304828,521.033425071332
4898.27294886997,4979.54065614386
3611.75794587095,4510.90582606516
4475.55635005877,7005.59197321486
4657.11396811555,4687.19798629544
1101.63608615073,2404.94882060117
4333.4274737323,6563.95264527514
4218.1701411299,6872.7194359641
3368.05012726034,3717.25049512351
3216.81675845475,331.442731452139
3879.21315939721,3360.23359448452
3772.48607998414,4993.23693775414
3674.46069347688,2210.12968036249
3334.17398995025,4015.84465701659
3673.26540436932,5640.49386050129
3275.5418871596,2191.7731110206
4536.22010405919,2265.37022190993
4457.90401504676,7062.65121520089
4964.46783592418,3531.69505631665
4405.52694870418,3656.83843384486
4610.03926109641,5648.62071558829
3631.15758229758,2854.99937378482
3262.11626655786,1621.46643559683
4212.4425177454,2630.8550103966
3785.06644823704,5572.35242807247
4792.23724097389,7209.39044472846
4466.90184859129,6479.6712507351
3888.08764467293,4172.64361298777
4925.84366800782,4936.97350935226
3832.65950592413,5278.02064711892
3922.14952768407,6274.56531078251
4040.21125866204,5615.77205105198
3792.05839503338,5854.35163560324
4266.69235518354,7326.29385338978
2839.0862318218,2045.31761736708
4056.88329642439,4112.40196237565
8102.49121721976,4417.53135218744
3959.29327582115,5498.18699972454
4532.01513681535,5660.44163415622
4319.8274862267,5062.28750897463
3875.56197775316,5540.01499553576
4797.58070342575,6058.26385517961
2551.03036117406,783.425574566423
4157.68756263855,5042.16890179792
2251.80175823495,2062.13985642731
3496.37696253219,5107.18458820441
1562.03543708938,1948.58990134149
3776.20767502573,2087.42998333523
3973.36169390562,5199.30867910216
4289.02284302511,6959.67200713064
3874.75524714823,2940.87218406554
8631.61987658853,2397.67444170208
3190.82019303119,3722.30868964719
2830.37425023009,1703.19050728697
2916.85137090727,8274.47487046819
3485.74971077867,4682.9356053559
2045.02662716967,2102.26311129034
4760.23167759501,2176.54207627341
4190.1496398417,5664.647352492
4299.24757110845,5543.87989253847
4365.72915352399,4355.41433853298
3799.07574975834,3982.0297682296
3518.196459832,7529.52400744477
4995.25027566796,3820.7413580486
4608.89267177405,5477.27300181893
4623.57141872877,6562.19103029557
4151.96207743312,4659.6345895531
3962.23631162796,5051.09157046906
4366.67508597006,4662.64658751266
3535.31501586091,1181.98662942876
3165.45521435323,2928.36919997623
4619.95754837708,6477.0000741086
4205.15104970748,4955.78464808998
4291.11457530673,5122.75665571228
3395.59541025832,5063.53789195461
4118.62681051136,2110.67412510664
3344.0493492703,3064.59497937486
4794.75070395329,4277.78234282966
4715.24534958119,6321.73565984671
4222.85872274647,353.607112337727
4158.87034262456,6670.73966488909
4036.78010917713,3384.15980177731
1812.58407773556,1131.06534285224
4563.95466623594,4289.94408273065
2998.14110318269,500.744512941901
4919.77862130544,5077.74582841973
4046.14320068087,3772.03646727511
4347.75989681002,7198.81990914051
4509.97776040895,4522.67008202933
3650.26648078382,5692.38115990086
4330.81664723688,3851.82840760533
4581.3094229211,5244.60366512401
3842.71221199227,49.3867853358043
4040.47268064806,6667.27267467845
4672.9310728473,5441.35525386406
4264.69618009667,2936.43939245947
3343.96613644492,2866.25218632177
3448.2945191586,6968.36717967625
4418.6696058483,4570.46583401115
3335.03981973108,5322.91772634871
3798.14122971936,4992.78236835831
5204.47748408877,5031.93918754303
3989.81745114397,7468.82736458157
2839.17752906793,635.037896696081
4427.38802736556,5851.33963764369
3653.23172359589,2222.63266445179
3718.31360576121,5988.58830389676
3154.99846517996,2028.49537830685
4715.19334475478,5762.85252476786
4214.35392356526,618.55669039654
8171.26740215362,5857.53404422933
3344.17133270468,1025.64245428104
2360.91688297271,2753.21388609079
3648.87730217153,4608.77017700797
7094.2787343393,1754.56636325932
3449.20563480712,2561.12258508236
3982.20993098306,4750.62204553363
4498.21210194858,6189.82934684663
3322.98824861597,341.729266881505
4698.32732829873,6183.86201353128
2733.68551069007,4686.7434168996
4725.90112339821,5045.92005073786
4186.84225290023,5248.58188733425
4381.75921836269,6488.42350873971
4543.53726075983,6336.39858856292
4481.21789061121,6303.54950117136
3893.79912222311,4975.95991787045
4608.40220318679,5228.52036561654
3253.04132198002,3967.87849436824
3807.86714057124,2373.35032761722
4355.21776429161,4552.8479927944
4094.58936399539,5321.72442882774
4988.79825491469,6209.03839237642
4146.6313645309,5108.66204445468
4519.69964059743,3682.52646754485
3671.9928005442,5181.35001655234
4604.26006952302,2402.56201413161
4078.80537772437,6713.93179174306
4238.7230934466,6317.81452309549
3911.55809573949,6145.21642634615
7828.26268188329,540.185702283552
3363.61702657896,1746.89407756816
4181.1452035685,4732.83379365035
4469.9410728422,7302.42452012837
4013.97267243487,3983.67805800166
4271.63425924596,7889.72395099271
7143.06850055642,605.88318992689
4077.4559762874,5800.75938382786
4120.31703609306,4770.96814883589
4293.63744216333,4505.1093262716
4082.54799280484,2620.79591823587
8812.12734214862,389.695270959135
4379.42420899158,6680.68522041468
4569.65542810592,5624.46722359759
4378.84540529334,6027.91553374801
2851.22179991015,2337.37591705858
3581.1875404269,6321.56524918018
3618.9249024119,3758.6810069979
4212.04742719232,4937.54182681087
4343.06805978436,6278.03230099315
3421.92523355099,7187.34023476089
3428.2589765209,3988.16751221148
2643.62618602825,574.62578256053
3040.71288184123,2751.16790095429
8108.12499396308,2976.96034268694
4182.8422663763,4494.59545328741
4122.76014291732,6178.06509088246
1860.23826110242,942.270304246475
3569.64941216645,6053.37649417771
3602.41536403754,3024.24443981392
4491.19287213868,4749.71290674197
4849.33861293303,6730.24216452082
4279.99535843975,7069.24352857861
3772.82063517662,1942.79319012029
4495.97795456024,4722.49033133269
4202.24100295718,4071.93767475194
4442.27321525397,4750.1674761378
4057.9114834527,4780.57246017316
4093.06613374875,4679.07113120844
4690.89834635794,4926.97129122292
3734.83012998544,3098.63715285977
8568.91703736603,1096.85265298699
4090.04870276639,5194.9329729551
4281.44908540182,3921.84478022125
3591.56825565019,2596.07410878656
4387.58251056841,5995.46477600377
4316.29836792763,5380.54528579334
4020.61225853537,5885.32493709721
3717.59386783236,6285.70458668432
2678.32316945665,1936.14379128357
6919.65074348208,1471.48750055654
3991.6026410169,3165.18716954792
4564.57266313926,4217.76776548784
3690.86457125555,4021.75532772818
3661.75357217744,4239.13675564453
2662.13536275353,3485.77487880481
4042.07763072905,6115.72058110246
4298.26239647741,6244.9561403313
4034.75189894304,6512.91782206348
8408.21445847922,1997.91998360496
5451.53593302689,3988.73582967009
4156.01208291306,4448.33424301487
3948.55121357092,5675.67245747578
3753.49323964419,4274.25869001526
4614.02790278155,5700.67842565439
3966.96910856083,1882.04009608096
3842.33642817301,5902.14696472981
3573.16855393541,5569.85166211251
2344.85439843515,347.526110244965
4907.34841629578,7040.71433044084
8259.1061804217,1169.82457238633
3653.70662556756,6254.90169585688
4046.39975929326,6477.17048477514
4834.4619108476,4899.18039835504
4780.44440423932,7010.87766386409
4398.78701458412,5514.21363662825
7662.28115859253,5301.88998038033
3433.26622338198,6045.36296429823
4864.39754517286,5582.58214232736
3848.35022887491,5075.47255858531
4696.43403763734,6164.93712673079
4147.08833135449,6069.3460456224
4101.92351659449,6841.29156507431
3695.61861672185,5556.4962018353
3667.8936475175,7394.49194842236
3163.27514784955,2915.9799639497
3898.17534863767,2010.25234560011
4443.97162797967,2289.40996583786
3909.15044662439,2956.61466223994
5115.70094273815,5178.16760792626
3648.37042837653,5625.03554105619
4562.69850198389,4434.24005461252
3866.47869841325,4464.53129058511
4527.74475306064,3511.06500571272
3435.80984479918,2881.5967577041
3994.47476115364,5123.72245710771
4704.46878800497,4106.54795426782
4600.79349798768,5135.03214367605
3604.72913402285,5143.44315749235
4673.34257838952,6756.78267440872
8674.42775241018,1872.49223591983
4407.47192030305,6622.03477411561
4411.44710747463,4723.6269662499
2850.55253806148,1936.42795001287
4527.88978567932,6018.59538114004
3343.22186374095,5258.01621086024
3936.50551734538,2960.93391721086
4561.54896901308,4154.34370624964
3956.17327231346,3357.16472249358
3245.81216775661,6265.41556884107
4050.92041772077,4138.08957322039
4973.18413646025,6691.31241860639
3990.82210098891,5806.21506228836
3542.80886849747,1955.86449166821
5094.37305681056,2845.56547311408
4526.47225169506,6025.81309743537
2563.00201632131,2227.80439561062
3832.51136134304,300.980899813847
4223.82827765528,4603.31449854746
3475.30827176282,6015.18547638841
3648.78443493366,6048.43204771679
4610.64438832551,7037.30442568921
4380.24308689112,6102.25179561772
4403.23207086517,1931.82453631265
8713.94835301215,615.089964470432
3764.98853057427,3030.21177312927
4346.77955370822,4906.22770398384
3294.74212271298,6419.42960012298
4524.67179969818,5510.00791829247
3812.00479864031,5292.17192098029
4162.03818231042,6309.34642382018
4779.86443198536,6750.9857517599
2378.25143280289,6028.08636726979
4486.90248151723,5772.40017350138
4062.67334337991,4380.87487610743
3508.04586023417,4897.70294210477
3047.38645375076,2827.26556637595
4259.03774161443,4265.10852521857
3717.8835145816,5453.57407922406
4239.87347062757,4904.12484481595
4408.37218706062,6515.64566129373
4366.04682767225,6643.00543462498
3675.78819613011,6039.11147225358
4269.31091559169,5262.39191700729
3850.12513408223,3785.7898343444
3687.84389104583,5121.10836594023
5222.34596079885,6093.66994827964
4630.90386087333,5662.03283846927
4205.96116158665,6325.65721945319
4316.28420522733,5854.86286760284
3783.59667452928,3341.08142298611
4198.40259399564,5333.65909545844
4422.05779551769,6264.96099944524
5113.03802800958,6129.75810690105
3930.29139075591,4983.5188783541
2312.17894605714,1777.98112712489
4681.27379143643,6413.97392166248
3627.77184101522,4281.93097570643
4899.32829243419,4211.68668410972
4415.81440117681,6917.27569386082
3690.2766626723,5104.05884218208
4467.03492177921,5953.12512533771
3854.90988440496,5261.65318888216
3645.75816911994,5079.16662206624
3846.37220378923,3441.90089785709
4693.75311753045,6341.34261216858
3740.62358574327,3213.32353143517
4399.49405675079,3153.47978761513
3883.22795076585,5845.08814559903
4895.17192586456,2067.82303101336
4754.19270967757,3764.53459225048
3846.81900432737,5758.13557443249
4378.23771110932,1352.87966808847
3837.70616422256,6688.1300099803
8583.36195686769,1091.39676309886
3791.25650795014,5168.3924630672
2102.45438704874,1653.2922132787
4016.51430831136,4401.0501458879
4249.69462261751,5699.82594946649
4124.98202441015,5931.30156578519
4179.09570209379,1647.21123761439
4426.17615561987,3189.34066153862
4237.79658899471,6677.95695832917
3348.22312574507,5172.88191727703
3699.70520840012,1137.54422530862
4575.70952710243,6879.14133867529
4837.41505241099,3779.76541557004
4307.88230717475,5151.68376064212
4174.03604591518,3968.39014922309
3479.78439305688,4719.59208143591
3758.82101938901,3907.58018115237
3518.22861402849,3778.51545544531
3507.51485300695,6517.86226852439
4983.08297215956,6654.20137313054
8791.96416860018,5910.78547467165
3986.68129328051,3582.38884676763
4346.32181444874,6391.97995144342
2983.53119512851,1809.067965254
4363.31754725862,3849.27097904161
4089.36678680478,5532.57020597013
2570.62587035481,1881.35803055959
3309.98575016089,4630.25249237218
3440.27381554364,4151.78627768592
4391.83516950931,7299.35543670981
4093.48620226739,4238.90925951899
3563.81634892347,7488.32099169591
4228.03606942787,5275.23614528491
4661.87490011122,5459.02975768457
3920.63033149341,3030.04115103511
8755.91415527639,760.69287622223
4055.50677994332,4108.59415083195
3961.99702391856,4581.60468705771
3968.74333059833,7128.00772294045
4145.772441077,4968.57179090859
4027.23513890798,1452.05106461502
4008.4314072254,4788.13099780155
4568.633410766,5048.64788996811
4322.06917748112,5607.4743624432
4549.69239259926,6232.45315624199
4545.17540648071,6472.6239451063
4060.19834183814,4351.72027505205
3818.42225811512,3806.53342158348
4402.00565590822,8448.09585407197
4387.36154519053,2712.40856570639
3399.77868960758,4709.07820845172
4000.71748512739,4744.08639475968
4321.00882642791,6467.22492924955
3963.527961243,4554.15503837814
4338.23603143364,4843.08738061969
4015.53227803477,5221.30264932121
3397.77607050668,3458.21148206247
2306.30370691099,992.566399333004
4362.72025744173,5657.42963619667
4631.1110627827,5947.95360560651
1679.03377300973,4694.18820646522
2255.92992137993,1421.98700762653
4342.42337890166,7388.18379377394
4520.84104929977,5435.21750988217
3204.67359482845,12.8439747296472
4557.17930424376,4851.15757310293
4088.6578947406,2053.72863118338
4190.96199065367,3035.6676630174
4817.51126170894,6424.99902664626
8221.10609172183,507.393806064815
4269.67027220961,3952.59100844492
4133.86667602288,3908.94431219512
4498.21045343204,6353.05020552899
2447.3696017564,2216.21076174061
4317.99594351249,4625.64929009958
4123.13935181364,3249.24127939005
3890.95883484253,5212.55081417185
3787.79707820953,5063.70830262114
2629.57947765175,647.313543230564
3574.04414645832,4913.10417609086
4840.74451550249,4637.98186352236
4646.41247508372,6812.42112274823
4115.41288906947,5041.60058433931
3001.05714258608,1159.02654067284
5272.20308759323,6676.42283947514
3875.7895899145,4633.83323064559
3815.08759265474,478.977933134573
3224.75564553913,5405.43750590918
4313.99846359085,6338.55811033457
1986.99118186916,654.076531559343
3782.17203157991,4693.16531961079
3040.57533954735,7956.8987363156
4265.49056544585,3498.84618035272
3948.24090446884,6045.87461915307
3406.1342083442,2332.09064926461
3645.77626836984,3329.54445171986
4067.52860080491,6404.02836613689
3844.66978333449,3917.92364347003
4208.51130621852,5382.81855562776
3330.93682717902,3127.90550197791
4086.30396892738,4003.85332778213
2060.06520345154,5419.9296011036
3940.41558572404,2271.8489986525
3454.16051508008,2647.84766012336
5010.83808283821,4603.42824661023
4031.82496080183,4754.88442647317
3450.47092775826,5924.5955043447
5113.81051314888,2977.75594484347
7761.77743276096,6722.45655362213
3920.86349818234,4855.70411277177
2981.80264562828,2224.16720616108
4194.04592056934,4518.4077010898
3388.49380996663,3979.92690906171
4169.95884595334,3486.57069238895
3757.7458152338,4147.06932735055
4161.88818265673,4799.44068436989
4269.28090145125,5265.57474848863
3982.44394215577,5205.78766727235
4106.52278136364,779.788332259971
4174.04778353858,7706.32739967463
3216.65034138642,1588.50402299775
4365.33986753413,2707.80515200617
3932.46144118193,6169.25617027408
3833.58209436385,3638.76602323228
4478.2599401903,5513.58823371063
4165.49085163105,3677.18411429187
3425.19560915656,6152.20664651594
4169.5492838862,6938.70134662128
4172.47227663136,1539.96975431842
5357.98338164981,4343.19551317298
4575.81000787007,6072.5855397075
4148.10613523191,4623.14852413962
5000.25340325322,6432.67131233743
4260.55231966251,4050.79618072079
4522.15752716912,5725.17316183341
2359.62006540687,3153.47978761513
4166.09382118803,4581.71843512048
3207.80306836006,1977.46055509519
3732.15555209469,1095.09082657979
3928.13935646578,4998.80636427742
2072.09196442788,2100.16025212245
3950.30326384263,4854.39706718803
3699.0057967908,5278.19148064071
5340.45142765044,6234.72642607641
2928.3504452496,4841.09826951458
3677.17483794057,2505.0864413784
3389.40093676005,4228.56579720133
4825.65896541468,4826.49242625738
4041.35609053431,5549.96055106134
1748.02441828452,1716.26180883488
3755.3127374236,3531.58130825388
4707.14612402668,6877.20931302918
4094.17629390438,6569.69248246495
1669.51651427397,201.866350890235
4665.88236890958,5150.03589372532
3553.68318695396,1476.5454836526
4066.34299049481,2297.25266219556
3919.81409699176,4561.65691340278
3944.30214012262,4645.36999048422
4090.54964247026,5623.50099934691
3014.17218349003,1481.14889735282
3726.82813058436,458.063829515153
3344.50774262844,4566.65802246745
3865.83290775938,955.853049221606
2778.93234564582,837.13157440458
4194.47103055563,4752.32699790945
4273.39083752795,6002.51208163258
4016.95697214769,3633.93532483414
4404.60089936304,4045.85173425987
4706.01213584982,6438.35448692347
3940.15606228031,6690.85784921055
3927.16658148865,428.227189366852
4074.1699244957,2907.17104334132
3729.08139167328,5617.4770034278
4084.96884570758,6325.08890199458
4067.00017543315,5114.62937777003
4388.05207389491,5464.82668033339
8367.77159627911,2942.57713644135
2385.2911804531,2042.41915604267
3804.89065855366,5708.8623662004
4276.63814156808,4670.94427612144
3462.43795511134,7115.95973110223
3918.28511837822,4961.18366394673
4432.6518978887,6233.70353922197
3660.52516592454,309.164681789138
4080.90676319913,6597.5971233956
3428.38890334531,4315.34795770134
3742.09979404046,4735.67538094338
4130.40214026049,7119.08547712455
7801.56949607434,479.148449514917
3605.51233511029,3388.13802398754
4634.3306978897,4878.0959897829
6675.88314937638,4517.95313169396
4030.68849155302,4535.74138357725
4310.85467458229,5111.2194730184
4404.49373240837,4091.2604683445
3372.74750562915,5972.56166699305
3878.77082214563,1044.62432082673
4258.90045459343,6324.1226777439
4158.8021511336,4074.49510331566
4121.15538658776,5170.04032998401
3595.25864036919,335.023126155658
4034.88802660737,5207.72011577371
5469.18858326587,5738.18737792231
3367.17618043582,6360.38124703184
4363.26273077488,5167.8241456086
4492.64089122252,6095.48864871823
4170.19868570595,7277.9302068046
3864.9027921708,5569.17001944639
2006.65784728794,178.281176358134
4564.55271440641,4777.10589281777
4140.19647767986,5762.17045924649
4636.59083081239,6079.34826375175
4863.33200849561,4069.66440491752
4355.80615751568,4012.20725613942
4019.08276698685,3538.96943521574
4953.79697141198,6827.99276740085
2817.5489216239,2542.70893028146
3076.38463217183,3396.03759437663
3836.7685302678,4966.24185847041
2406.50161071654,1310.71053380275
3641.46120675596,5188.4539847849
3972.63986014853,4495.78875080838
5360.55442922503,6367.4852152644
5002.79492445973,6161.47013652015
3999.11102658442,5259.32325644398
3990.75127349779,4480.44417942605
2672.72297643567,1128.5647883199
3755.16761591443,2684.61788426614
4258.99891803075,3355.57351818054
3910.48952710189,7167.619111521
4725.49443376005,6383.90975896018
4128.04541018273,5183.79369705329
4856.67123029851,7496.22077351262
2995.01650049841,2751.50893371498
3893.52028217968,5706.75950703252
4596.49332816358,6086.73639071361
3822.63371997796,5608.66808281942
4412.86360859082,6390.38874713038
4021.9526017786,4429.46601881814
8285.82721372556,3825.3445603212
4053.65650336048,7102.20594117769
7746.65601210233,4875.42481315641
4204.61748450312,3836.88132015983
4399.97504124393,3931.10869308071
3633.65439493024,4908.10306702619
2957.88942110979,5955.7392165052
4043.87758666878,4016.01506768312
4565.5444639366,5825.6516039437
3753.43701361136,5264.26770290489
4594.06910961242,3925.25468497288
4242.56915576868,4556.59871887909
7984.42417250376,1063.0377642
3731.16529352054,5802.29350268189
5151.58185116266,7119.65379458316
1926.83150446165,922.776994273567
8803.28225546336,1325.08888093441
3608.03108712023,5376.2829048538
3732.12192244173,4242.20541620785
3905.28225131373,3715.54554274769
3150.25796698202,5021.59614808062
4124.43895247427,4676.74077591501
3673.80002529044,4969.14010836719
3875.27993962069,4878.26640044943
4857.56640505182,3018.78854992579
3748.2884778337,2598.06321989167
3896.53831519788,5018.18624332899
3778.91449813552,4953.05680885973
4454.38516637487,3414.90581857336
3825.30708509046,6128.39439871355
1754.92934671818,2104.42263306199
4035.22483088946,2369.03128407392
4335.23453016189,3462.07616763756
4445.8222522866,4496.24332020421
4241.50148778674,3164.3915673914
3317.44411779516,4209.58424779708
2919.54029141138,1914.54772785658
4659.14090080504,6267.85924934202
4722.54534887562,6940.69045772639
4587.09571266368,5013.35554493085
8412.79599630834,6979.73352884834
4352.5320210995,6704.9520376129
4018.94181444161,4721.86535127033
3985.26753315541,4365.70071539163
4162.07661476261,4641.10760954468
3998.9301345464,5166.28960389931
3899.30775987885,3830.57316551141
4505.18042653886,5854.63579433255
4277.71507833639,4965.55979294903
4111.70919033464,4460.1551615828
4448.60837780386,6441.7643916751
3891.84123248542,2144.20485516432
4905.41377407787,6891.47391209806
4062.55249987581,5468.63449187709
4157.61665165468,4490.38973495163
4745.34841765869,3397.17422929384
3422.29864059753,2501.10821916816
4701.06141137742,6974.50534651338
4214.5578389092,5781.15243150599
3986.7122387253,2059.75283853012
3188.40425530477,978.472105216841
4271.78504422691,5967.38972440659
9227.19698967418,3537.662389632
4415.5442122058,6456.6543936616
3527.81586672187,4703.67919259498
3331.93298435263,6137.25998192568
4802.58525435994,6373.9642034346
3506.00654980045,6276.61150734664
2672.78384304965,413.053107936412
3586.01876137977,3244.35370696052
3943.41190225037,5062.00335024533
3515.98107449422,6709.27150401145
3327.52101625469,4863.83096785877
4051.60012630839,3672.2400906862
2269.15173024398,1892.83812779445
4674.05346277941,4692.76741281871
3593.95965563147,6421.98702868671
7779.26546800266,2302.14023462508
3710.55493279935,6861.75099358408
4273.86895525324,5686.98214404412
4202.19653979618,2489.79874402745
4296.53137025975,3971.68630591194
3673.95339771982,3455.88154962429
2501.07644992838,609.065809980602
3830.84491293744,5396.51483723803
4439.84051653837,4357.63094576364
4778.45655388572,6128.11023998424
3841.94715730633,5455.33569420363
3931.34076645152,1834.92640962052
3791.64774441693,6236.88594784806
3319.89832571401,4696.68897242519
2927.15588301983,2143.18196830989
3975.58715482241,2053.50134648547
3486.56931333402,2979.12007588622
4075.02485216701,6597.3129646663
3813.09175090477,8425.58980614281
3624.18282543608,5424.13531943938
3780.68262527149,5093.14706240582
3918.62500168539,3737.93741975882
4828.10086550334,5231.98693297193
4261.35559910646,4306.82319582227
3836.80615234805,3097.95508733839
4906.89203679506,3778.06046319422
3566.58037750997,1877.26606028658
4240.84696693647,3550.39265841923
3534.65657517534,1318.21230311358
3651.34688136235,6596.63089914492
4207.04889544709,6262.28982281875
3877.86634878964,4472.65814567211
4773.99076416711,4926.51629897183
3579.0435198843,6964.73020165433
4446.50239207579,4647.52951225587
4090.93750912144,5217.38151256999
1788.14418911139,881.062535097497
4786.32947418398,5096.27280842815
2742.65982005713,1259.67560487728
3502.60304767205,5150.03589372532
4068.99946238771,5441.2985912603
4922.37646337796,3544.25491443734
3656.62241857568,3896.6684013761
4442.18588824576,4993.40734842067
8988.78776882735,4643.3808793791
3999.07208644011,4492.09468732744
3865.20042756143,3794.42834428624
3059.66243234517,4559.61071683865
8068.06323322393,1056.84314618674
3928.70932832068,5208.57259196162
3899.3951695838,3800.22484407981
3252.06011402034,5222.09846290536
3876.68382997985,4959.933703822
2992.00586771744,7655.51964973326
3312.0199482698,2806.69238980341
3415.34178409638,272.224046979824
3653.70528779413,3352.39089812683
3424.21851714787,4369.6222749981
4367.71518478491,5956.42128202657
3595.70644917833,5834.57427261485
2466.69942610708,574.227928625363
4389.89964230144,4154.28662079063
4341.95108095866,6069.74395241448
5016.41265425937,6514.79318510583
4136.10790968812,6558.89445075146
1553.84197883176,3251.17351646378
3897.70125664731,5093.31747307235
4406.50200380297,5172.9956653398
4258.39170502385,4875.59522382294
4341.49246853731,4513.74741335819
3713.62991260166,2429.84125214464
4071.58505062383,4267.60929117853
4256.37086790016,6259.90280492156
3749.89938908962,4410.31363589211
4141.82930946358,3304.65223160402
4367.17693246163,4294.5477078585
4015.57344786391,4742.09728365456
2347.71810126377,2509.06466358863
4351.18914834174,7586.81074555633
5161.9995629575,3219.46148684468
4171.48711562811,4336.48945173249
2738.51387454199,5524.2729402166
4662.70524160316,4073.13097227291
3845.8067422944,2987.3038050046
4494.99352712771,3800.73649893466
4350.78793163795,4267.89344990784
4299.42431057422,6476.26134598347
3526.998331393,6361.29080867876
3600.13818856079,4899.35080902157
4147.59212917317,4265.50643201064
3404.77890104313,2653.47417210565
3797.1562306375,3158.36736004466
4037.4728537928,4728.96931950289
3837.05736265426,6048.65912098709
3905.0429966054,5223.91716334395
3896.64010273281,4894.17928929037
3865.85951455995,7539.24206684481
4547.58368355569,602.018662922521
7734.18714702113,6045.30630169447
4251.51580103256,3945.82786154542
3339.75185550259,933.97282706532
3565.30362689161,5641.17550316742
4711.69294028392,5606.9060449846
3181.71832145051,2108.62813997014
3145.40531451355,5282.16970285094
2816.3028878401,3280.72602431123
3596.20197235528,2266.44998279575
3957.13558374713,2715.3070270308
2756.90455715034,5729.49220537671
5105.22647110669,5134.86173300952
5012.76531403205,6980.98391182832
4532.35006185643,4969.02678315968
3877.59813240677,5545.24360072597
723.953473090437,578.319846041462
4822.07034483407,6960.52448331855
4213.1170009118,2641.3120093494
4156.28804444116,1964.33237951589
4240.30460917067,6875.61810871614
4782.79560056064,5019.94785830857
4384.48498169906,3883.54043722443
4445.72435488268,7030.25712006041
3493.56329377589,6550.19927820586
3814.14428339708,5291.20569672961
4252.99573771712,5634.98109658178
7688.99444021876,1429.943452047
3873.6781883483,7215.52861156559
4041.30788591503,6168.74493827449
2143.07426039858,5578.94474145019
3790.34233933429,4749.71290674197
4108.22693242348,6067.41359712105
3924.51115160226,5798.42902853443
3987.42068934569,5966.42392301117
4379.03307548934,6732.68626787702
4942.84413880377,4032.55335944167
3610.68622155164,4508.00757616838
3516.23599893682,4058.01389701612
2998.76742831313,2871.19642135506
3925.89917281475,5637.59518774926
4661.41141298939,4840.30287878568
4779.42858725267,5985.17839914513
3970.17910049229,6714.32927567988
4572.120060003,6399.76598519736
3385.51944551932,2772.30918355782
4557.35299524205,4722.60407939547
4055.60785073996,4954.19344377694
3991.07399409258,4852.6350293532
3959.0027487808,5207.26512352262
4277.88113468944,5830.36855427907
4531.16922392713,4333.07954698086
4036.20832023813,4180.31589867893
3783.79749773001,4221.85973576084
2832.13412941668,2130.67898422058
3758.38924329393,6053.71731551077
2394.22444411063,3149.89947219697
4622.92161453867,4752.27033530569
4186.25969834033,1625.61517418741
4646.8879016008,4848.99805133128
4501.38831097944,6404.08502874065
4027.68552649424,4911.62671984059
4219.71790657168,3893.08808595794
3957.52612261368,3048.73896456531
8293.82802097354,393.673493169368
3844.03254061604,2209.16345611181
3756.61891863345,4414.17853289482
4191.80698633523,4910.43299946436
4489.42155016354,4147.52389674638
4201.7587695084,4003.05751419798
4790.3048629486,2187.62426671621
4886.6250587991,6259.10741419266
3424.67941934817,3598.13132494203
3629.13532649099,5967.84471665768
4418.60309692339,1079.9167715778
2914.12705600898,3501.06278758338
3800.7305128549,5658.73668178041
2870.70845963479,1286.78432650997
3706.64075768603,1204.71932777295
3758.60327502145,4116.43684718965
8416.52747981837,4186.96487466041
4152.19637383216,5237.78385562075
4145.28279824004,8464.74704818279
3450.95898538205,2390.28631474022
2967.82409153926,4148.43303553805
4036.02128400106,5530.35359873947
4110.73685254195,5818.83179444044
4222.51818517483,5609.91804294415
4452.67316603147,6364.01864790901
3339.8034784918,2125.33663096759
4439.66314869776,6780.42493439983
2980.78761352185,363.666336640724
4038.12253715004,2955.19386859343
8426.31848995335,3532.26337377526
3222.43008120847,5148.21719328673
3928.14523977496,2315.66631699645
4852.33999263116,5392.59370048681
8359.34912077182,2273.55395102831
4573.88174330472,5179.87256030207
4579.60214614381,3665.07903699463
4307.58756647563,5826.90198692368
4060.68276201617,6142.4885871159
4256.67895875434,6070.99433539446
4844.87323420082,4476.86386400789
3577.32030656605,7038.38397514741
3856.36148981027,6601.80241887613
3132.44139875652,499.778341548129
3730.79107209117,5252.61719500349
4361.94258873828,7562.31558652206
3887.61293756077,6834.35800750828
4303.26300886562,2156.87824992016
4227.89382639826,5372.87300010217
4796.70117973431,4939.30344179044
3997.15165816537,5671.29632847347
4298.40017763393,1161.41355857003
4104.87317666594,4974.36871355741
4315.79090429856,5338.14897252352
4456.39408650433,5032.3370943351
3850.20682745196,6014.16258953397
4706.43714360617,6555.20038727053
2141.19771455021,4091.94253386588
3732.85609877711,6022.00528589167
4587.1339550259,8105.85457307383
4303.39279543474,5224.14423661424
3947.18294776519,5007.1040528862
4145.53818355428,4045.62466098958
3296.82003211884,1148.39902533969
3476.67503522072,5813.54652664647
2753.68311328106,1523.37490566992
4480.9177905578,6594.30096670674
3659.96414351394,541.095052502845
4238.42772679706,5408.67699999428
4319.73853060477,6513.88404631416
4799.865906156,7055.31975084279
4178.00978860749,5740.91521715257
4189.44686536365,5251.5938852938
2306.10940760243,924.425178331809
4497.3068325958,7269.97376238414
3317.62810405552,5328.31674220545
2945.29568099858,3850.12345522952
2437.57401991686,2827.83388383456
3538.4631798395,6442.33270913371
3382.02410097038,4975.50534847462
4610.12227245088,7694.56356656571
3814.17155706964,1721.31979193094
2829.60098002774,213.57369318034
4202.27853057108,4912.93376542433
3904.16567670449,5090.19172705003
3936.50612831919,2836.24489765086
3821.05780238526,5922.72014130235
3760.92791983314,2145.39836411292
2438.40540386208,1736.38020458397
2469.61115259775,592.186749745895
4267.15640797807,6510.36039349976
3911.19376962439,2253.26493318507
3801.38146165183,6221.59846192474
3565.06208234649,4070.23272237612
5016.64193897905,6604.87150229469
4113.23827684571,3394.33264200081
3550.93447767457,5663.79487630409
3555.86285914504,5792.3479471563
4091.56734734366,6860.84185479241
4410.99002540123,4569.21545103117
4032.10730921583,4202.76443829382
3607.47963286028,3811.19370931509
3968.9258431551,2747.24655277544
3851.00461373952,5299.33255181661
3834.27331247395,3032.54191699507
4208.14167301377,6738.5398531296
4121.32745773164,3716.3980189356
3464.43188079835,6076.16585512566
3797.70118388367,6573.10238721658
3945.18927867782,5102.58138593181
4093.73786238051,5120.76754460717
8890.72794954769,1082.36055779257
3546.62323971285,1073.21060442351
3639.52864110638,4637.81145285583
2606.85536131005,2470.7032351328
5109.94457241563,6540.08331201374
4674.27264181512,5078.54121914863
3960.36189577668,1719.27391250825
4530.85692466512,6455.40401068162
4603.92798651735,4951.97725940153
3323.68793871931,3540.73126162294
4376.64128376613,5548.88100160314
2908.81792382036,1496.15243597446
3869.725015408,5665.84065001297
3491.44528749201,2437.17250507512
3449.69157605059,1476.09091425676
7321.38116041094,2021.27787343915
4077.32915166129,5347.58287319426
4238.93279086137,4019.82287922682
4079.73219145671,3807.15840164584
4194.31663468279,5632.19617189251
3171.76773070063,4941.63379708387
4417.08711436589,4845.75855724618
4086.97961949387,4907.02309471274
3857.62434177089,6491.20801057373
4596.57176474451,6203.63937651968
3854.14682971243,3926.61881601563
8811.76989670413,668.057130469641
4498.85618531604,6347.48077900571
1846.05297889184,729.946912283089
4612.89438312239,8068.5164543277
3679.53207029563,6367.42855266064
2391.55922163356,1704.61130093348
6439.76284679213,1345.60518347557
3634.35566187879,8944.23699543399
4029.02565457458,4924.58427332573
8567.86761282776,4448.61840174417
4066.90903810613,5752.05449305437
3934.38261379554,6574.69401438488
3621.55306049712,4309.15312826045
4887.62167609503,3511.23562780688
4503.86303922033,5713.465568473
5130.81625552974,6920.96975734175
4266.75124264747,5790.9842389688
2600.50411119018,723.240745128789
4416.38111926951,5792.00712582324
4596.12429687859,5957.55791694378
3987.975698134,5188.39732218114
1749.05558099588,1125.66632699549
7893.79371417752,4525.56875478137
3820.95215989282,3230.54367728747
8274.40363139089,3425.36281752616
4312.48847913379,2640.23224846358
3221.69424897743,4222.82596001152
4936.06505095844,4279.14605101716
3653.25628600805,4485.78653267903
7620.96158706152,129.576378084236
3437.62587083099,6478.30711969234
4142.49767363399,4302.33331875719
4887.47601127708,6710.12398019936
4674.09272143087,5306.43652004917
4224.63603183566,5329.90836937375
3206.68614129996,5392.19579369474
4193.27107593801,2530.66072701561
8158.24201678259,110.480908832268
4988.84921858521,5066.60655251792
2802.42839626921,2556.80333011144
4694.93204665918,6643.34667881329
3361.27178111146,3745.83720157553
3280.41069003076,1403.63043828465
4862.88468888574,6985.58753695617
3458.42332216185,1608.4520080803
4672.71639378731,5550.69970204173
4036.45490409138,5488.86642426132
4000.77122308489,5860.26188345958
3736.18514257809,6197.21747380849
3783.33884308021,6372.71382045462
3830.84130789078,4085.74770442498
8908.6841435256,2515.08887093537
4048.87489736196,4746.13259132381
3979.57069211102,4274.71325941109
4245.58221132668,6995.70350314829
1830.11619451182,2332.48834462906
1010.54748747732,1223.13277114622
3482.63968245998,7203.53728233113
3881.31977594779,4030.56424833656
3660.8414348453,6333.55700126989
3166.80201769701,4259.08452929946
4300.49767690663,5302.5720459017
3691.69083538021,4295.74100537947
3987.15471504907,4528.23950855261
3941.14113857954,4448.67506434793
4040.62228394466,5541.94744403711
4311.90818776713,2494.06112496699
3794.05031441259,4513.91824687997
3605.04672648902,4483.79742157392
4438.96730486502,4415.31516781203
3672.22867729542,6285.19293182947
3679.71150414498,4941.34963835457
8894.87401521904,359.176618146364
4580.18124571763,6665.11315290681
3891.84133553635,345.082350458655
5563.44538087206,7649.60982473217
4624.99373541283,6065.42448601593
4244.77592600107,3829.37986799044
3339.53944899598,3406.43793072567
3230.23898810235,3957.25129617653
3457.21423805454,3355.51664414915
3979.70715538964,3475.48850194616
3497.94684313668,5586.21954320453
3979.49836500897,7187.73771869771
3241.58350337261,4588.65199268651
4698.83784450397,5797.86071107582
4417.52993327925,3332.72707177357
4380.62496537205,3719.1262810211
3345.56053208878,2881.42613560995
4303.44938356101,4724.42277983405
4818.71666519088,5182.7141475951
4496.68307023125,5738.01696725578
4994.79861037651,6183.35035867643
3652.34299244539,4713.5680855168
3322.45793150526,4161.56142254497
4162.05684104297,8221.05302935933
3465.54368144667,1063.54920762722
4194.67960692681,6157.20775558061
3861.49529730283,6045.70420848654
3320.63831547694,3970.94757778681
6434.06804941946,1040.6460986165
4014.83586463377,1925.23222293493
4514.11279988562,3798.69072522578
4442.57702498881,6275.07696563735
2051.31788450449,1819.29767950889
3701.26204357238,6612.37337731933
4690.48953714806,5779.61788979671
2708.73609557937,3737.76700909229
4224.88497347207,6199.03617424708
4320.90940918878,6999.90879862882
3690.97426844332,6080.59864673173
4883.05667636979,5682.15144564598
4279.55684679332,4978.23318770487
3804.9014479261,4891.50811266388
4413.86587593901,5012.38932068017
7603.39692674263,5204.65103235514
3612.25846141881,4920.8902098448
4245.35036427058,6124.41617650331
3916.48205912643,6025.24477997677
3797.54781725572,5916.92321865353
3628.14966033521,4440.0936398651
3345.32986069505,1961.43391819148
4906.19296474568,5416.34928568544
3703.49024114036,3139.10144048348
3597.72483017562,5975.23284361954
4372.87068215484,6507.97337560257
3802.89382523559,4964.36649542807
3629.63922656723,4356.32347732465
3742.05593245041,2255.31091832157
3565.05241775963,4130.98560498783
3937.1277474051,6323.09979088946
4952.26079768229,4822.96919629823
4021.71243099967,4060.9121469129
4307.00382115572,7012.46886817713
3960.17070609315,3925.48218109842
3581.11682510228,5888.45068311953
3920.00841495572,2785.09632637643
3902.1697321937,5574.05738044829
2371.55846686121,4193.55761089337
3786.42543306446,5689.42582454507
4266.78485372935,6181.87290242616
4164.31653613217,6426.87438968861
4033.04551332307,6032.46207341685
4153.0608515788,2492.92449004978
2787.96341882079,6837.14293219754
3982.42158423828,6659.03207152868
4183.3034365349,6183.06619994713
3535.05724549259,4585.3554131424
4493.31610159477,5160.72017737604
4750.72730959746,7009.62728088411
5031.09450053047,2013.32142901868
7160.03326544617,658.793587608526
4388.27882056323,7901.60110930915
3350.0413549666,3439.34346929337
3803.52213525513,2175.51918941898
4368.78332197624,5268.58674644819
3609.77007592953,4903.44277929458
4148.80975632201,3826.48119523841
3055.97742425592,6062.86705745221
4129.11192260544,3487.08213581617
4390.04866886803,4577.91062357677
4004.60946261986,3943.49792910724
3161.78155463637,676.695587554578
3841.88005734039,2629.20693205217
3859.07353727313,5551.38134470785
4452.1326369925,3479.01194333293
4538.85343731162,4698.90515680059
3926.25257543264,4894.57719608244
4309.76113427988,4778.35627579775
3392.82234433635,4600.47291125444
4169.22147734253,3735.77789798718
3883.80859377688,8212.7549178953
3635.91442108282,2748.43985029641
4910.73716080747,7143.63645305208
7137.19221217117,108.662287679042
3660.4306779144,3801.58897512256
651.793392260913,97.921096961369
4543.84626414409,4710.38525403546
3898.26529584067,339.228685920716
8331.06392728739,1514.28182633225
3937.8404621254,2650.91674354192
5179.12716038741,3266.40433978334
2919.27927862359,3707.24827699416
2431.50927210152,3610.29348769828
4533.31208928315,4959.47871157091
4172.65430947454,5692.89239190046
3302.6970777413,6311.6196936546
4163.99105807582,6093.84035894617
3251.79941661671,5629.18417393295
4564.56710371435,6937.39387818228
4693.78368462801,5680.73065199946
3727.31048771274,4707.20284540938
4059.10374277552,6455.63150680716
3674.51356636815,3007.42220075369
4050.89484770629,6189.71559878386
4344.6885729116,4571.14747667728
3553.82312735368,3874.16319915745
4199.52494080853,5632.42366801805
4092.05735675126,4449.52754053584
3951.85669877329,1168.91532788085
3436.69086684303,2414.38293269954
4983.4095044191,6856.9769577897
4786.1335012931,4714.81804564153
4281.47791801778,3993.28236933893
4047.9641954209,4166.50544615063
4219.31839301315,3248.04777044145
4886.14320173466,5662.82865205341
5086.81027569712,6111.45820016292
2955.07535461713,2486.33196524444
3726.51026132704,4888.72318797461
3455.83692718698,4506.98468931394
3922.68290272612,6098.21648794848
2737.74482426317,622.193932702993
3913.45585669909,6430.00013571093
5471.53426993979,7016.6175010539
7559.02221999336,1858.68220624678
7408.38045196768,7487.41185290425
4411.87387594404,4236.40849355903
4372.82456510272,5612.13465017481
4237.56681242962,3897.40712950124
7987.64091220224,3236.11310381075
4522.09728602897,6913.63829298365
4515.88275215881,6541.27660953471
3930.45339845419,3181.61150181607
5300.08730930234,6329.86293778896
2920.87406955252,5491.82175961712
3776.33451553974,941.645112756485
4658.62211655422,3686.22053102578
3904.39590713971,3196.84232513563
3695.53731921333,6112.48150987261
4683.65400781209,5292.74023843889
2584.73701206425,2406.76752103976
4051.77834042459,5550.41554331243
3922.12884463145,4627.75214926747
4597.64290792414,4194.92131908087
4061.45139494917,3207.24266148467
3875.5384687932,4001.97754188453
7957.78239295162,5671.52382459902
4805.16667216559,5484.20655938496
4805.69844160821,6260.81236656847
3538.09242370724,5555.64372564739
3476.58539434387,5026.8814158746
3953.85341729856,6199.32033297638
4893.97908056739,5372.64550397663
4272.54854523939,4543.41366926841
6891.91885759611,314.450028868473
4097.04071316754,4976.30116205877
4415.61869800391,6240.637096788
4237.40789929198,5305.75487738304
3732.7174685187,5875.94769903023
3834.23830255322,6874.93604319476
4067.87547091094,6255.86792010756
4649.25431344809,7329.36293680834
4294.68509954082,6066.39071026661
4135.25449833539,6629.70705980677
3654.43620936254,4305.6298983013
4413.53793894312,6139.8174104894
4309.39999148353,5377.02163297894
2966.08435052188,772.798059233275
4146.41423969223,5441.98023392642
3751.86578142741,5769.72899687488
4549.73290351849,6323.78185641084
2397.15859673797,5742.16560013255
3616.40694058061,5471.53274177387
3031.34857592044,1023.76698552488
4447.29268295022,5480.28499977849
3765.5559582507,3581.65011864249
4623.37774652519,6973.70953292923
4079.47405595484,5787.80140748747
4154.22238636288,5108.43497118439
8286.05725676855,1453.47185826153
4413.4049015898,7103.85423094974
2807.1997654252,1026.55180450034
4324.28349507524,4621.61440528559
4435.74917592834,4664.74944668054
4290.69242885334,2198.76333119039
3226.75845870373,2914.95686566763
3983.03221073619,5412.42772607897
4057.8896078309,4692.88116088148
4012.8987172213,5950.28353804469
4878.22601266601,6038.77065092051
3872.3391312487,5626.4563347027
3863.21015458482,4897.70294210477
3942.73208820459,5306.77776423748
3358.38030510155,4692.31284342288
4709.35117640622,5418.39505939432
3225.43359076605,2114.14090388965
4150.69057986274,3724.46821141884
4062.53845061809,1671.76253068336
3589.68123458917,681.355769572375
3885.40723845524,5323.37271859979
3510.64880996203,5604.86027127572
4302.89009286059,3519.13519819596
4043.35990369404,6146.5805573889
4203.75624718553,5516.3731583999
4019.21958756144,5065.6407511225
4228.61206364412,3298.45761359075
3569.04381280253,1660.22566513092
2989.75891610778,6349.29905658905
2820.99622155228,7475.19302754424
3316.38058329302,4845.01982912105
3951.79897842507,6647.04074229422
8273.02640964124,697.666459491572
3874.73983290023,4679.92360739634
3860.56812753914,5392.76411115334
2207.42688944572,4421.73707052322
3868.64712796374,2172.84801279248
3811.90886610482,4234.64687857945
3916.95801600633,1891.98565160655
1703.12309043296,3611.14596388618
4752.79350358365,5103.83134605654
3732.82254393774,2848.35018637572
3375.49785268529,5838.9499787619
4833.65704163392,3572.72744997135
4165.6252128042,3359.55174039077
3292.88734494449,2845.05381825924
3844.82754254318,4956.9783684662
2392.89768097705,3810.11373700164
3460.28343605552,1770.87715889233
4058.80062303874,5059.10510034854
3534.95778967774,3863.76307423604
3881.25028961367,4134.73675392777
9152.20589769686,1732.68614110303
3593.34116810392,3700.88303688674
3409.13647908659,3697.13231080205
4217.91343265836,5209.19757202398
3987.5292557153,5175.66684196629
3595.83297174244,4130.64478365477
4197.24182524862,5078.08664975279
4171.10717708659,4811.82992039643
4074.11477279323,5049.15954482296
2925.19626281648,5093.20414786483
8706.17548561924,1587.36738808054
3413.18938239996,1647.89319742196
3935.68104381505,4315.74586449341
3252.57784548648,4975.10744168255
4164.40023998239,4747.04173011547
4697.28070916878,4557.90576446283
3904.59341392755,1410.62065845444
4499.89520964601,6507.3483955402
4270.49918844916,2848.4070604071
5578.92459978468,6881.52835657248
3629.78668471643,2268.43909390087
7898.65202272573,994.214477677433
3425.32029623034,4632.18494087354
4353.80171021579,5665.27233255436
4482.18500640411,7101.06930626048
3727.15704317198,5028.5292827914
3833.64976308703,2794.07586907896
3756.14900522539,5540.29915426506
3362.12644708942,706.873234035114
4267.95155089478,3675.36583670853
3819.08814783898,164.016405504308
2776.37498398941,208.061008546183
3911.76731092215,6520.87426648395
3186.75075931305,294.388427865412
3804.1157033329,4709.98734724339
4088.17299217625,4011.75268674358
2185.51676013278,486.252417747478
4269.87888055593,4658.49795463589
4445.64065244366,5836.84754244927
4079.50812709831,4631.50287535216
3979.26269139064,5703.29293967713
6574.42481288787,884.358744643261
3903.50184594515,7007.97899111206
3305.40394338669,4559.21281004658
3241.32806171133,4271.473765326
4116.00123095665,5991.5432163973
4916.64830217684,7301.57204394046
4028.25465914857,5232.78274655608
2150.97554313872,1712.16994427569
3880.06401744202,6193.23925159826
3820.14179886781,2135.56634522248
3325.4397891669,6488.53683394723
4760.29293488888,5215.39240146487
4690.10542385635,6015.46963511772
3318.59318960627,1826.74268050214
4079.25846291444,5806.44255841391
3839.69811441669,5996.08975606614
3959.74446286547,5572.40909067623
8761.24655855169,667.375170662078
1417.61057078185,3440.53697824196
4424.90822551541,5508.13255525012
4672.29502336889,6003.30747236147
2806.4123385042,414.98539786705
4318.25564933752,3316.53002420334
4106.05596274243,8347.27616777337
3712.82539720647,5733.58417564971
2989.97049772118,4791.37049188665
3221.65303810068,2504.34750182563
3918.65253916651,5313.9383950738
8480.12651234468,4806.48798999869
3842.68146059637,4422.58954671112
4149.78102192582,4963.45693378115
4615.00589987519,7316.68911919725
4113.30421677306,1427.78393027535
3112.19023835752,1214.15333415751
2728.87469287139,1164.08462948271
2505.8125313448,5104.79757030722
4002.01239656565,4513.06577069206
3647.82433702219,3933.32487745612
8455.00145286125,2120.90383936153
4039.85107909444,3710.94234047509
4312.39559190914,5367.3035735789
4221.54176524558,6965.35518171669
4173.53301289758,6889.48480099295
3631.624581025,6463.7016992904
4122.93467127864,6667.55683340776
4392.87186746929,4080.1211924427
4367.72056621885,3654.90640819876
4161.51755449335,3165.18716954792
4035.95760139133,3715.65929081046
4889.05101219421,2777.42404068526
4116.35070395789,6642.60795068816
5022.56941603873,4584.95792920558
5235.33441471155,4984.03011035369
4516.9177490339,5117.92595731414
3776.74357728685,5812.92112372885
4285.32073840155,3081.92866186231
4044.81771018635,4644.7445875666
3553.88096250994,5877.82306207257
8641.28748566949,1963.1388705673
4953.55272258745,6649.48442279517
4040.79819001143,6254.56087452382
7589.77402316792,1507.23462641726
4955.36228172131,7222.46174627637
4363.8285473582,5012.33223522116
4608.4886079305,8128.81476754357
4060.26424676452,3085.33856661394
4350.25214458473,6409.08613780533
7073.90278467374,1807.64717160749
3653.59168460341,5966.36683755216
4073.53677859453,5413.22353966312
3819.00855794005,2774.69620145501
3853.96633740179,6197.61538060057
3999.66970339622,186.180786389897
4694.50133453673,5228.0087107617
7104.86774068872,3555.62126360944
2675.74995451038,2626.30847072776
4081.96385587398,5000.3409059867
4943.11146383704,6889.59854905572
3998.11258036993,6496.2091196384
3846.59214369262,4964.02525123975
8625.49833696772,2333.62497954627
3681.49409090418,3925.53884370218
3023.57183086066,454.02878613044
3244.11081486225,1702.96322258905
4250.31013627253,6108.6166128699
2261.99299891587,1334.75027773069
3915.15827970759,5874.81106411302
3961.70675264973,6915.45699342224
3972.76723558413,5704.54289980186
3421.27560069006,3420.07754973219
3837.24363355197,1926.65301658144
4329.47039638015,2432.28493264559
4006.84542770069,4026.64268873008
4094.22287682461,2801.69128073874
4463.84093129463,4312.62011847109
7956.32506338958,1297.1845571452
3800.64965935815,288.762100882296
8870.17564515799,563.48671808635
3672.02575396299,4506.87094125117
3666.9762539299,4684.86805385726
3188.93727917115,2248.66151948484
4419.44666361025,4526.70538969858
3493.72864392897,3823.58294534162
3975.99515816928,6098.55773213679
2666.58589546412,963.695851293115
3738.08852656274,5917.77569484144
4708.66077858745,5257.90246279746
4051.49328504902,6219.83642408991
1594.48764900435,965.344035351357
3379.95736650369,1515.36158721807
3567.55125063162,4147.92180353845
4544.76881022509,5936.64391903817
8456.16784161853,4522.10176457073
3766.23016031517,1254.10607264019
2654.90029754856,3619.04532284764
4155.93360255565,5523.87503342453
3853.57783713341,5645.04040017013
4000.57307665531,5697.60976509108
4415.82794283576,4114.90230548036
2917.77256718848,2344.02531589531
4733.45683190859,6484.8427704663
3041.17785210081,2189.21568245688
3382.66431669774,4541.25414749676
4343.67804931657,5639.64138431339
3186.6170348523,3177.51953154307
2504.25557591428,3715.43221754017
4551.80051471311,5401.74344242825
2996.9849120773,4304.72033665438
3917.35917271803,1096.227461497
2757.52845366709,278.134559120695
2483.69324179841,844.178721462662
3683.14609795284,3892.74726462488
3604.12312340498,1141.97701691469
3743.23304203535,6626.46756572168
3992.79630870928,5793.14376074045
3474.19284777129,1580.37716791075
4726.05218129131,4948.68067985742
3750.32226393015,3424.56721536964
4752.5796379669,6168.74493827449
3918.11897278514,5224.25798467701
4136.38431429489,5978.13109351633
4396.74327137822,5918.28734969629
4335.25938075911,5105.82045716166
3917.33048077243,5611.56633271621
3610.885378575,3134.55490081464
4212.00860114321,5160.32227058396
4334.48262459224,2857.84096107784
4346.91923300979,6424.88527858349
3474.83517572025,1515.81626232772
4976.64077783404,1092.4766296985
3121.90801936186,2166.48298411268
3979.9039961097,6288.43242591457
3953.22870143526,5675.44538420549
3869.18620984294,2167.10796417505
1242.98763106156,676.35455479389
3746.67549101237,5780.92493538045
3795.95823730822,4108.30999210265
3482.73157529756,384.182586324977
4236.34814095739,1324.74795388753
3877.1250127459,4746.87131944894
3922.37818104892,5558.42865033665
3688.57227150276,6506.15467516398
3217.32221290874,4508.29173489768
4525.44319848376,6520.30594902534
3604.06647218533,4257.09541819434
3329.07781685296,131.394986023235
3338.36946136761,1802.19149314698
3642.21880963852,1796.11041176886
4702.22055368783,5971.82293886791
3976.5072504003,4946.18033675271
4313.01478665473,4956.35296554859
3864.10708803725,1840.89374293587
4225.84295746094,6616.18118886303
3875.58230362195,8084.82682710545
4881.71613821386,3504.47269233501
4205.10429125679,5716.87547322463
3923.69574453469,5500.23277343342
2914.4461401591,1937.50771089869
4081.78744246074,4899.57830514711
4026.12736107303,5399.07226580176
2020.6114004786,1464.26988997502
4481.62679905071,6602.31407373097
4027.72376512863,5709.88525305484
3843.05725340792,1946.94182299706
3503.80023091778,4981.24560851968
3585.39732637769,5882.88125659626
8098.53281212459,8396.15146921339
8671.17832146467,2581.9228349252
4275.41097536066,6446.70883813602
4560.04245981921,5653.22391786089
3880.55883896075,5379.92030573097
5090.84153667435,3371.31578492732
4209.66116321165,4681.51481170939
3396.46343560208,1468.4186285656
2022.34421849741,1162.89112053411
2762.29115781421,2362.26813717443
3919.888451109,1040.24819182442
4233.32589523037,5050.86449719877
3475.49958288467,5099.79646124255
4148.08821342912,6034.22411125167
4158.70871997514,4576.60357799303
4223.15326829069,5240.45503224725
4074.94919074559,5161.74306423048
4277.01469715304,5130.20144527791
4065.24765732166,3450.48253376755
3839.31261781475,3146.71685214326
4160.04185140941,5976.82404793259
3739.94714985281,5412.37106347521
3254.90225454425,2892.45166344898
4296.94799786331,5545.81191818458
3653.80805700036,6092.47665075867
3654.22913384993,5248.07065533465
3967.58977864486,4989.59953687697
3500.32894422142,6174.03020606847
3912.43846574807,3286.18191419936
4375.24321138401,4732.66338298382
4413.80231541945,4336.77361046179
2101.57512473046,2070.66461830638
3811.604975773,847.815963769114
5067.32614150942,4513.06577069206
3375.46645153068,3626.26303914297
4216.41926363605,4886.44991814019
2622.11126313822,3152.51356336445
4565.87027437723,4708.39614293035
4417.6269826031,4873.03779525922
4841.86529640323,5976.14198241121
4164.61768706571,5832.30100278043
4212.53474764517,8547.15307968049
4314.64136216966,2726.16193277568
4397.66209625147,4621.38690916005
4359.2656024685,5400.94805169935
4477.34290618596,6314.97293580247
4198.78980147654,5340.08099816962
4437.16846215206,5369.57684341332
3533.21177556912,5907.37556992002
1955.36596739777,2146.70540969666
3761.982800772,5945.33909158378
2891.91392835502,7153.63867118142
3255.35258678339,114.629620994393
4500.38213958409,4983.00722349925
3571.43948600334,3357.44888122288
3716.68995136533,7172.39314731538
4414.30824995283,1272.57639004485
2847.60717176646,2357.60806087044
4109.6259428429,1575.77375421053
3972.14541145411,5218.2339887579
4211.66267687414,4955.55757481969
5255.57689339602,6100.71725390844
2560.97845946581,5729.89011216878
4396.30092793071,6272.12163028156
4151.13843432165,5507.10966839569
3997.5489864524,6366.06442161789
3905.34618011536,4847.23601349646
4529.71806015463,6335.26195364571
4206.94572269629,2753.38429675733
4548.31638258098,5578.03560265852
4516.41105150345,5793.31417140698
3559.84130928596,1711.99942789534
3543.84455344786,5929.31245468007
4228.41880674993,5893.50845478797
3891.02467457994,4286.42042991625
4208.61202475339,4856.49992635592
3112.51943334282,6930.51740607527
1889.92074201604,1686.02734117987
3943.56245721036,5230.4528141179
3883.98397841106,4253.11719598411
9177.24498054805,1236.37458907448
5644.37128706313,6586.96950234864
3623.59571686051,5253.52633379516
4657.53545694668,4673.72877795545
4549.29240380218,2931.66556809271
4648.24272993849,5669.47805089014
4379.56899823753,6360.04042569878
4750.4713276843,3008.21780291021
7792.04072470204,3299.36675238242
4292.29700710979,4377.35122329303
4148.49930411455,4844.96274366204
4526.11182635358,4782.90281546659
4799.66653759331,6938.41718789197
4004.44069843788,6364.81446149316
4431.38546719023,5277.6231631821
2841.71606956982,112.811013055393
3651.52834320183,3510.44002565036
3693.71487592818,4242.20541620785
3794.02037808672,6991.61153287529
4008.28795721586,4806.65840066522
3885.50047005424,5482.61493221667
4278.39399458216,5612.81671569619
2948.54557474885,6660.2257919049
3710.53840441665,3437.01332542756
4102.86062481669,8143.36352534175
3604.60825756508,614.407951805963
4159.01168057997,936.757646040771
3891.01430006415,3930.76744889239
4644.5498390385,8772.66178553909
4569.25891002714,5443.68518630223
7159.12823024466,966.878471346828
2697.63769413866,861.853383853891
4742.98983599071,6661.47575202963
4258.0431278523,4985.33715593743
4027.37963319689,4648.49573650655
4327.60566629409,586.333111636409
4061.92532596809,5037.73611019185
4083.17624299538,378.897239245643
4359.42361200052,4134.39550973946
4259.83808396155,3485.77487880481
4786.38350926736,5496.8799541408
4788.91583235358,6528.7736254454
3514.9870702741,481.592182872774
3609.00127419834,5374.63461508175
4562.44717707613,8234.63514005159
3836.58780222417,4330.40837035437
4257.10202262983,5661.80576519897
3935.77096264766,3593.81228139874
5138.91800676004,6017.96997822243
4810.14086486395,5217.89274456958
3936.10056258048,5375.37376606214
3370.58528672532,2153.86625196061
4603.79789680684,4659.00960949074
3821.62200284654,5787.63099682093
3817.78453287077,2246.21783898389
4409.63914516916,5726.02563802132
3339.56329891758,2944.28208881717
4638.24857858876,6139.98782115593
3790.1293151083,4483.34242932283
3961.52339265014,2782.08432841687
4295.08734178498,4527.61452849025
4308.32975231913,5971.14087334654
4260.9751775703,5709.71484238831
4684.96474622854,2662.33975531778
3748.15605030531,3846.54271695611
1740.61318450179,1520.47644434551
4301.7008373904,4943.50916012622
4612.76841504419,791.325197812411
4746.05269348003,6656.30423229843
3788.86978335256,6730.07175385429
4393.80224824125,5245.74030004122
3770.75767843078,3538.91256118436
4711.43547912229,6726.94600783196
4263.37214922387,4314.77964024273
4097.77050849949,2887.90512378014
4374.11209738947,4394.91240190602
2266.04035475938,2816.86544145454
3881.76492058125,5747.6217014483
8030.96200859636,1235.23795415727
4151.91763866487,6616.40826213332
4054.41067612605,5634.07153493486
1139.27521601497,241.705394167053
3791.18141777344,5863.72887367022
2926.23143705127,906.182145625068
4347.45489244183,1899.77147393286
3998.66375226966,4997.72681481922
3482.91916024193,3835.40386390955
3645.92608370729,4360.9271024525
4879.99937663175,6025.9835081019
3610.0276398289,5059.33217361883
3754.22277548672,4836.94963663781
4625.4970532859,6837.25668026031
2767.74644375128,1213.75553307924
3842.21804229755,5190.67059201556
3974.97252133014,634.071778159215
3717.3471509075,5856.90906416697
4299.59573744655,5303.14036336031
3523.12633720868,4269.88256101295
4412.13751106931,5165.66462383695
4581.90674680934,6081.67861904518
3873.53453277272,2472.80588287307
4259.0289420578,3879.8463737435
4861.2537387198,2042.24874537614
3863.80885791523,2578.91083696564
4282.6844369063,1356.68737391836
4650.26289327095,2655.34953514799
3698.81910870254,5079.84868758762
3106.86041752781,2372.44118882555
2689.47535999542,1632.94642711789
3580.15414758376,5886.06366522234
3787.40839934072,3881.94923291139
3696.4914721192,322.974790747545
4039.52249201031,6762.35210093199
3870.82567054866,5624.52388620135
7326.81451353386,2279.80544307296
5203.55779832933,7014.23048315671
4703.64874280331,4911.96754117365
4734.23107259975,5671.58048720278
4921.39523503399,6458.92766349602
3248.93014077831,2150.62675787551
3936.33377949824,1549.29011835402
4763.2383188109,6495.24331824297
1583.47671482713,413.621425395017
3784.30986701785,2137.49879372384
4500.63917181427,6040.64601396286
4182.46587946208,6693.13111904497
3751.69104546433,6377.60160431177
4768.84668320044,3578.52437262017
3987.10877412897,3136.25985319046
4549.72300621238,6386.23969139836
3124.18627983035,4585.52624666418
3684.92587028506,4366.26903285023
3667.88203764378,5656.12259061293
3999.98522888257,1704.27026817279
3937.75839229626,4109.38954156084
3844.43025430943,3744.52973313654
3629.44757750003,5992.79359937728
3679.99453815147,4801.25938480848
4030.24210868262,4921.06062051133
4173.44588139175,4984.31426908299
3717.25261671502,4062.39002601843
3738.56725245946,4350.01532267623
2900.53015315454,5196.52417726814
4449.68296150642,7236.55635753397
3221.11549802825,53.7628317491956
3627.27386520896,2608.91791420893
4790.04690113146,8115.74346599566
4398.86111551639,3800.73649893466
3870.81114814996,4725.27525602196
4683.27653278312,5084.79271119328
8564.089487241,2301.91294992717
3320.25417865733,2791.51844051524
4809.97049620042,6271.21249148989
4612.96842386934,5246.53611362537
4338.16487413459,6650.90521644169
4074.00085426827,4700.32595044711
3150.93696234022,1075.93854936757
4411.67727091787,4419.80462202186
4069.00521668159,2593.11877343076
4189.78765472204,4388.83132052789
3761.80065214339,5277.22525639003
4142.1484112539,4516.64608611022
3851.0295980188,3116.36874213929
4570.27300764894,7054.29686398835
2286.14177814772,4740.56316480053
3594.78689340655,1625.72881653637
4041.98153844074,2200.86619035828
4328.5609789809,2866.47947101969
6441.11683477995,4445.49265572185
4042.48065398677,5212.77788744214
4006.43931802312,4161.1635157529
4286.6986634435,4475.89763975721
3423.81205881977,6111.96985501777
5127.63479779444,6122.25623187641
4021.41152237505,4267.438880512
3341.37488213023,1418.0087854163
3490.90318775126,4510.96291152418
4104.21400395424,7990.60029989507
3599.15177247432,7253.89004002142
4584.1897962331,3443.3216915036
3652.86320027603,4303.92494592548
3150.81246131232,4177.07640459383
4484.90816497954,4758.8626486834
4838.86749274135,7041.96429056557
8287.22106478013,671.353392872311
1679.12392912789,881.005661066111
4430.30492645052,5123.55204644118
3914.15335660232,4288.86453327246
4100.24193518067,4322.90649532973
3895.60921241595,6171.47277750474
4159.00495881131,5570.36331696735
4041.56997932602,4691.51702983873
3785.78749434962,3522.03365952037
3430.12594941797,1155.67350995259
3540.6301629399,5248.80938345979
4499.68531171967,5125.71156821283
4418.03542318809,6373.9642034346
3634.70555392187,4969.02678315968
4180.42744679296,5614.18042388369
4140.1840541281,3820.4571993193
4246.37793557533,4597.74507202418
3789.43601899862,5265.63141109239
5220.69117939208,5771.49103470971
4453.48767259547,3671.04637030998
2217.03166150204,3912.46754215427
4156.89357074157,5848.21389162136
3333.97481236034,1057.240947265
7764.15367045346,1408.23374627106
4028.82439056905,4934.188584663
3835.15322595358,5648.33655685899
4335.77029974325,4932.14281095412
2440.72055574546,841.337134169637
3752.93208186818,4225.78129536732
4094.74738609407,2105.95717477127
6646.36774881391,924.652463029725
4271.49742440988,4050.85284332455
2798.06300375461,1651.30310217358
2309.69530557719,872.480899187039
4871.93523944737,6744.67759711148
4088.41592349972,5855.99950252005
4833.06509402909,6277.57773159732
4198.88183276866,3114.2658829714
4561.98986450745,2570.67023381587
4220.9023858157,6875.90226744544
3580.71248154177,3768.68322512724
3953.1897480651,5246.19486943705
5297.88172964155,4788.3584939271
4583.50877144714,6051.67154180189
4862.79169265923,5901.63573273022
3584.32857507725,5368.83811528818
4296.60941823456,5364.0640794938
3803.53566082121,5594.80096768736
4507.79487521569,4760.738434581
4051.98086165722,5692.60823317116
3445.97973732079,4927.82376741082
4158.03942372319,5269.89379203193
3898.1063243622,5122.81331831604
3553.08789881839,2821.63926582129
3249.8842464924,1283.7722228366
2496.77028878186,1531.50186647073
8262.09043342518,6171.2452813792
3885.20513218418,1965.01444503727
4204.72856340761,5677.20699918506
4385.58885601919,7082.14441945999
4254.32193555411,6457.05230045368
4976.98033920822,5320.01947645192
5140.42301020442,3891.15563745659
4233.66217755394,3100.34210523558
7778.56546711002,1317.35982692567
3630.03158348658,7019.45908834692
3808.35525995195,2852.1577864918
3828.5854373145,3784.82361009372
4348.82925817125,5737.27823913065
4000.01656528586,4847.69100574754
8174.61297745195,1551.84754691774
3993.45259232611,5545.35734878874
1473.3957319663,5778.82207621256
3850.60993388675,3397.23110332522
4247.88011450258,2297.99160174832
4027.32389783207,4430.43224306882
3773.3949198537,6770.08147208217
4078.48423338265,4676.11579585264
3758.37866003831,5811.21617135303
3689.89760365158,4069.09608745891
3904.85809549967,3419.56589487734
4011.6974221177,5607.24728917291
1880.01744242251,1892.04231421031
3685.63236020782,4243.05789239575
3327.62545392914,4308.92605499016
3078.02088784133,8133.92962467101
3988.5998453126,5392.02538302821
3962.16103858229,393.105175710764
3974.54179233488,5065.12909626765
3757.39723606478,4590.07278633302
4040.62697078177,6755.58937688775
4399.48881743339,3663.99948753643
1834.33410373091,2865.34283610248
3123.65065033954,3909.73970292402
1245.65591626474,4973.06166797367
4220.44874262154,6507.80296493604
1781.86432896663,4117.85764083616
4140.43152296889,6999.22715596269
3825.79582507478,5033.70122537786
4022.1399584277,5029.49550704208
3843.4718581381,7867.38873658534
4091.11908133354,5897.82792118651
4073.0075712538,3003.15981981415
5109.88570542811,2234.05588765527
4222.21964813627,5966.36683755216
3876.80393410956,4640.141385294
4386.61771174744,3730.71970346349
4192.64751420751,6388.45629862902
3929.26463698712,6258.53909673405
3581.79142211562,4180.08840255339
4177.3684587525,5659.41874730178
4451.83216060352,5457.66604949707
9067.24411576483,6226.14500159358
3942.26048354181,3940.88341508451
4497.38601187734,6209.94795402334
8582.05301810921,4322.56567399667
4133.58704726379,1694.26794432964
4076.5517080717,5202.26401445795
4452.48195221599,6433.6375365881
4352.13736366751,2250.82125268412
4638.80928153081,4996.13518765092
4628.46735331465,6216.25610867175
4798.36467740336,6195.62626949545
4020.12663366592,5222.09846290536
4060.23335723216,4563.87309777819
4101.71745093379,6608.79306190117
3934.47645251027,3050.72807567043
3384.75745085405,486.99119872952
4011.64857098308,3541.75414847738
4155.4345594093,6094.18160313449
4180.43551258007,4878.15265238666
3182.51316229051,482.785638964463
4279.62270063977,5077.23417356489
7041.17908955586,2353.00464717022
3123.79413534092,1529.56952368319
3930.08605709625,5698.68931454928
3580.12866962504,4986.58753891741
3921.87770344576,3660.8166560551
4530.06719265973,6873.06068015242
4961.03694080886,6935.74601126548
3804.77292758596,6033.31454960476
4164.91090844284,5827.18614565298
3915.54851198537,5887.37071080608
3962.06620588551,5428.0564561906
3264.24835375662,1224.61043882412
4442.09806942677,1413.12131870058
4174.61780295164,3483.84264173107
4256.1919892434,5120.14214168955
3525.87933154532,1607.42901551205
4464.5826320116,5078.6549672114
4229.32201824008,5521.71551165288
3209.15332320763,3320.84927917426
4040.94156408099,5131.73598698719
3995.06935804447,4496.35706826698
3214.12011819135,5501.25608314311
7164.42889983536,2242.69418616949
4436.38882673057,5085.53186217367
3862.52818535407,4357.4034496381
3461.14664187458,4172.92777171707
2992.65474709146,5168.50621112997
3827.42025459621,2419.66820049351
3799.48189042804,3759.30598706026
5173.66015293049,6398.51560221738
8796.19108887598,2834.02850184783
4688.23554141058,5314.27963926211
8326.34215767917,3217.87007110401
3658.19088018058,6339.35350106346
3951.92552736213,7003.83035823529
3421.82095773188,5974.77785136846
7897.72857101454,7594.99384039184
1384.11721375774,178.622169476142
3839.79110992882,1027.68843941755
4289.90551822417,4207.31097796266
4329.47030860397,5650.38233056787
4012.37927915658,7361.69952363455
4204.67010818394,6582.59337334633
4785.71896275212,6157.60566237268
4403.6958638361,4952.71598752667
4218.48487272921,2507.58699591073
4687.82964136437,3494.81129553872
4366.48166677466,3327.89637337543
3998.65709043105,4089.27135723938
3821.6288714444,1225.63332567856
2728.97792325621,1666.420388858
7498.06504215264,1406.41515154628
3622.1066018308,5920.16271273863
3654.51745416246,5584.96916022455
4320.5104187004,5360.76792280494
3872.06455563838,5344.91169656776
5385.83635109039,6059.57090076335
4698.42351440618,7393.86696835999
4210.49801521368,4299.94672371525
3809.20860804706,4034.59913315055
4478.24322754782,6787.41515456962
3602.6405843155,3526.75060985574
4404.77640525974,5092.29458621791
4060.01172114295,4421.56665985668
3674.82149721547,5249.26395285562
8545.38683830582,5677.60490597714
4363.42883491434,6276.3840112211
2933.37335122365,700.67856316494
4063.58547820479,5847.70223676652
3214.17965166798,2018.26566405197
8648.46304370906,2947.35096080811
3362.26171512166,2355.05063230672
4942.5295528124,6882.21042209385
5239.51463203477,8241.51245786911
4629.19609118793,4265.90433880272
2859.26764844533,5930.84699638935
4079.51388934453,685.163475402265
5157.87476390596,6702.84960130027
4022.04556424172,4022.4369703943
4297.85986440567,6577.76267494819
3938.95003387052,6205.62848762479
4718.32846575319,5345.25294075608
4151.83111048379,4453.67659626786
3692.61178262889,3166.32380446513
3452.0523227444,5435.33125794495
4067.66278376688,1071.27836734977
3952.12079311586,5133.9521713626
2846.58053434859,505.404694959698
4357.13463678579,6131.29264861033
2149.70776849011,8379.78358812137
3956.6396187995,3627.57008472671
3630.20481615305,3084.99753385325
3996.53095956125,6838.90454717712
2667.74541105206,7347.2649367544
3460.44587872519,5820.08217742042
3994.74563065624,6416.47426476719
4789.61750367337,6111.11737882986
4158.25635260326,6181.5320810931
4217.02268560026,2723.09306078474
3619.75622496457,1785.08509535745
3453.85599779241,5374.46420441522
3638.92940452897,2065.26560244964
4454.67576286077,7578.57014240656
4434.71252131151,4471.91941754697
3908.69485562472,3565.22557494671
4083.86552554797,6351.97023321554
4148.06513901695,6701.37172219474
4276.4616449726,7288.38657147453
3880.71775420355,6121.17668241821
5128.37717730107,6862.77388043852
4158.34630007734,3933.04071872681
3879.39998419157,6996.15807254412
4125.72106960993,3499.64199393686
3829.37232793549,1635.2196969523
4313.04407939656,4350.98154692691
3768.63260962312,2103.05871344686
3065.41131198754,4992.83903096207
3477.80363201329,5097.69360207466
3796.4263025685,6493.14045907508
8646.57889841262,1221.08678600972
4610.72232403048,5562.52062060966
5216.13774793499,8407.40364746746
4360.29707916968,5259.66407777704
3838.82239677189,2906.88688461202
4309.92666471701,5201.80944506212
4786.38924451375,6481.66036184021
4153.78279389244,4965.67354101181
3660.25596515744,5302.96995269378
4547.39780154584,6287.06829487182
3209.50914993846,1500.58533329434
3592.14030476447,2536.23015353889
3997.5413716428,3194.00073784261
4317.02033246786,5002.10252096628
3748.64669171985,5418.96337685293
7658.96173883552,1562.36141990193
3737.78955961648,5434.19462302774
5123.94885860501,4688.95960127501
4220.84394784494,4819.50220608759
3521.01056617465,7054.58102271765
4229.37684773594,2832.3804235034
4448.40096406077,5413.22353966312
3330.30744748812,5418.73630358263
7966.12257076462,1333.95467557417
4634.93756482592,2591.24341038842
3996.98246490193,4614.62376226055
4514.38830957688,5713.57931653577
3681.32766714148,4950.89728708808
3753.34854681075,6294.22934856339
4214.5275297885,4689.6987522554
4822.68968651414,6749.39454744685
4171.28786089362,6778.49248589847
3723.67424444376,3629.27503710253
3629.14571128572,4301.31043190275
4164.37333106866,2129.08756847991
3873.8591631093,5364.3482382231
4559.11138672676,4356.38056278366
4056.0915719901,5388.38798215104
3766.79145082379,5572.29576546871
3816.4230550019,2409.49536027001
1799.85916229263,2461.89431452443
4193.57993798944,1393.62800872768
4219.87125369617,2870.23040853201
4232.76221309368,5121.67668339883
4613.12903158166,6769.79731335287
5504.96824439747,3553.29090831601
3940.67377543411,5358.66506363705
3696.88040453186,3465.71335708711
4500.01810647983,6788.49470402782
3806.32204591276,6394.76445327743
3558.8689093055,6103.50175574245
4338.73432933257,6283.48797945366
9061.26569684141,3042.43059848927
4147.32250621986,5472.72646215009
7767.12870159929,945.850725378449
4180.11330482722,2838.57504151667
3937.75453338312,2687.6298822257
4922.6420089061,4981.81392597828
3578.33260195377,5795.41703057487
4581.13821375251,5324.05436126592
2369.73096356721,3987.88335348218
3958.38243973805,105.991203552135
5066.20105925095,6726.49143843613
4528.08700167402,6321.05401718059
4304.83643188996,4890.0306564136
3152.35474475236,4792.39337874109
3729.00109904442,2607.5539945938
3670.33100586356,1250.80981023752
3684.33955266571,4486.46817534516
3705.87023812419,6353.27727879928
3675.85881118278,3615.91957682531
4616.8712983074,6058.60467651267
7929.89303130686,678.343665899007
3889.11458709232,5306.32319484165
4095.35267501026,5754.8960803474
2872.6274174815,5881.34671488697
4660.35636682682,4668.15935143217
3481.73321695801,4787.39226967642
3625.03241945299,2002.06861648173
8146.19499575476,2731.27678990312
3534.07783395227,2094.81811029709
4904.72457167516,4931.29033476621
4597.31013648149,7080.09864575111
4120.13130675201,3676.33163810396
4529.92467801358,5318.93950413847
4130.4816979656,7533.55889225876
4260.18467949821,4182.36167238781
3688.54386337345,5708.23696328279
3099.52894815745,3723.61573523093
3629.38794213368,6261.15318790154
3949.62419131121,1005.80821726126
3603.56676370782,7318.33740896931
4612.60333401945,6580.94550642953
3978.8122465697,6198.97908878807
2517.07799795679,177.71285889953
3592.32090089665,5000.17049532017
4474.1521910546,4267.32513244923
4330.78630798895,2642.73280299591
3947.27137505657,3458.43897818801
3372.4153147895,3038.73653500834
1856.55145496067,4250.21894608733
4462.79371590844,4807.0563074573
3069.97277843887,4430.20474694328
4528.87648542437,6110.83322010056
3633.92508167518,3862.91059804813
4686.05468520741,5557.29201541944
3593.99314079315,8759.64714659494
3690.61479238211,5503.75642624782
4092.87309162119,4294.37687433672
3476.50133967502,5710.62398117998
3568.98861441999,2727.29856769289
4126.4167582679,5690.67620752505
3823.36885711309,2809.47731449267
3626.11396568871,2804.64661609453
4712.9458973081,4679.01404574943
4641.57464079252,6576.56937742722
3925.31143766024,6333.15909447782
3254.26594263111,2093.17003195266
4582.44530264071,5005.11494178108
3828.62461117004,5032.3370943351
4753.15133109565,6507.23464747743
4367.83152885477,1706.6004120386
2515.48771389753,2309.6989836811
2000.07910470166,3417.9746905643
4244.14182619763,4197.08126370777
4462.87933486839,5219.71144500817
3181.32283422218,2682.28774040033
4302.38632898487,3886.04078032914
4261.71526038858,3508.10988178455
3749.60902189208,5083.25859233925
3868.89033452015,5624.52388620135
8333.59490935026,5091.21503675972
4492.52808276981,5900.15785362469
4332.00942056212,6794.74619607247
8408.88391666403,196.296845081599
3762.30549927974,4880.99423967969
4559.30222845778,3955.94382773754
7923.80978698347,947.669320103221
4356.77550861453,3974.75538933051
4301.12010079451,5064.50411620529
4232.57489076454,5511.31496387621
4498.64325917865,5608.21309056834
3985.89439112063,4052.89903988868
3751.27584854345,5199.30867910216
3077.88282685945,1265.07462073402
4064.39365751348,5247.16109368773
4015.49013828419,4476.29554654928
4989.22643948022,7224.56502829951
4113.65085526994,6535.8209310742
4543.40656044891,6653.06473821333
3991.45832220806,2686.15242597542
4189.0920591027,6094.29535119726
4108.97473145677,4153.37748199896
4272.73166218574,5880.83506003213
4133.12135319831,6157.15109297685
4542.94477172945,5836.16547692789
8531.95094346365,4989.37246360668
4606.955198093,2925.69823477736
3771.28268625585,5475.73846010965
3910.89700138618,2754.80509040384
3951.34262674879,5360.93833347147
4274.47655761689,8358.18752469438
3482.26280374995,2672.39905890614
4186.17125527499,6008.25191882238
4494.91665297771,4467.37287787813
4035.43102690527,4204.5260532734
2740.92858897772,5564.395983652
3477.76116484588,5861.62601450233
4595.48850253293,5931.41531384796
3924.60098044938,4893.61097183176
4132.42621127735,3271.29191221286
4978.73227443158,7289.52320639174
4327.27940957038,3775.10555069368
3300.8085054041,275.463461779562
3847.6864381289,6485.80899471698
4367.32991808318,4379.62449312745
3791.55148763061,654.417511463125
4218.91283846729,4579.50182788982
4302.90745910455,6172.60941242195
4437.68455729401,5228.06579622071
3273.14422016173,2364.08683761301
8033.55907726366,518.362354158651
4443.449933966,4511.75830225307
2852.81906587293,734.209293222625
3848.95565506966,5924.879663074
4323.30729333005,5286.20458766494
4973.99800503935,5698.80306261205
4615.51376088809,7280.77179409763
3861.6569883464,6494.8454114509
4117.37822045952,4594.96014733492
3666.386005162,5021.42531455884
3429.13349139233,1832.59647718234
4332.45089002175,5324.33851999522
6205.62765069745,1477.90950898154
4136.03884153144,4582.79798457868
4233.51247959544,4605.41735771535
4210.39918277047,4516.81649677676
3643.66251349008,4382.75023914977
5132.86309060834,5976.88071053634
2876.58493147307,1992.35034565406
2797.56839785045,3591.76608483461
3387.41907026563,6494.04959786675
3869.30565777205,4462.94008627207
3233.11451453634,2388.69489899955
4462.53653770074,4966.58267980347
3263.50599795338,1056.10431234779
4134.31128798852,5646.91576321248
4536.51154124182,5750.57661394885
7739.86813785827,1687.22074441465
4088.20478960928,6939.15591601711
3750.26930300444,3020.4935023016
4048.03515010315,2791.97300991107
3833.74530111069,2999.2384716353
2848.49672514644,7267.58632163169
5021.29864856459,4508.34839750144
3572.40412923821,1341.74060361429
4504.89774981665,2946.10078925575
4141.1406750385,4225.72420990831
4376.39749985797,5709.48734626277
4592.16864372564,7911.37667702346
3828.71816487299,1512.86103268573
4745.01031360719,6106.96874595309
4047.29752480545,4532.21773076285
4557.18228480227,5396.17401590497
4301.40700703479,6318.09868182479
3975.89925257694,4892.30392624802
8568.53294160642,4291.13780310687
4130.15543553917,5933.006518161
3698.94276871632,3478.50049990571
3974.65763998889,2707.86202603755
4347.41411462187,4107.91208531057
4268.48465961898,6581.05883163705
3871.10348336976,5997.62429777542
2768.35006530158,128.326074389614
3591.10336149681,5229.77074859652
3814.25707902086,5264.04020677935
3893.57822634592,1074.06308061141
3275.43152088216,4554.66627037774
4408.03446134043,5398.04937894732
4646.68378757551,4235.4426921636
4825.26807757446,6131.1222379438
3949.78109169384,5834.91509394791
4112.33503513561,4309.32396178223
4121.40041834171,6495.24331824297
4660.35092517738,5248.75229800078
3179.37516670399,4141.84072216033
4863.59157177966,7351.24315896463
3632.5163932725,1906.30712470681
2854.25422092002,2061.51466493732
3862.20071194867,4129.4514861338
3582.7155785889,5139.74909401142
4225.50791742289,2439.38890087815
4584.57977101354,7504.23388053685
3447.37625385354,5695.50690592319
4174.64626701232,6714.04511695058
4724.29384172184,4432.87592356977
3896.20273331283,4078.52998812965
3933.67371831154,4621.10275043074
4311.04475931803,4774.20722006574
3878.60588514873,5435.1037618194
3661.89517446329,2547.2554699503
5755.81594634626,5290.637379271
4293.82475106559,2803.05520035386
4865.84478922243,7139.65823084185
8141.44732450527,2214.67622003132
4224.21463728228,6122.19956927265
4393.38078378403,6782.69820423425
3998.88288389316,2000.19325343938
3956.38892978735,5186.01030428395
3248.26401220979,5333.20452606261
4111.86435454337,6017.23125009729
4713.48258720288,5947.49861335543
3084.8697216263,3462.36032636686
3587.43611507948,4624.9672245782
3638.33112493039,5255.17462356721
4266.44166125464,4698.79183159307
3334.99293626592,4285.34088045805
3822.20178542369,5432.83049198498
4199.58151963194,6469.72569520951
5123.56835940758,5305.12947446543
2117.82356338883,1644.71068308206
3707.54620771536,7525.31828910899
4083.05475815474,6720.46744251702
3927.90172196614,3492.59468830806
4330.28544348068,6145.55724767921
4519.31359394965,4566.60093700844
3675.50616634768,6167.94912469034
4734.49303265881,3627.91132891503
4437.6507576893,6176.30347590288
3839.42490670802,2835.9040763178
1379.99584997984,3737.99408236258
3986.0856520439,4839.56372780529
4612.88277025005,5100.5922748267
4295.12174011725,3569.82920007456
4242.50171258152,2880.34637472412
4446.52838423243,2625.45599453985
4522.77307732269,4105.97963680922
3522.61600507954,1696.02966502302
3971.15406596765,5900.66950847954
4020.73671717964,3957.02380005099
4387.41583717848,6878.11845182085
3736.06059479658,4337.00068373208
4515.99808787543,2759.8630734999
4150.63861191075,6839.98451949056
3820.95328303446,4159.17440464778
4388.31128376682,4413.61021543622
4558.69399028459,3075.90445451557
2310.99475570794,3616.77205301322
4068.58035180839,696.700340954706
852.51643229689,2582.26386768588
4407.89556805181,5995.12395467071
4466.48889033998,3818.41100275517
4235.43365943038,2347.66250534486
4308.75027276702,5507.90505912458
4316.58702845911,4705.83871436662
3428.61519169887,6006.49030384281
7990.35508687316,6191.64804728522
3994.19115171721,4192.875545372
4063.70443662538,4186.56739072358
3072.52792080015,3149.5015654049
3974.5445569889,4834.05138674103
2085.91620473773,1341.45644488499
3455.98903859216,4659.40709342756
3671.6205426802,3586.25332091509
2641.54509193679,559.167515972335
4465.02914305061,5064.39036814252
4582.18040840567,6058.77551003445
3982.55248041861,6400.44762786348
1355.54224950827,1952.62499758311
4080.64172443654,5160.32227058396
4239.66715818586,5261.31236754909
3757.71093651338,3565.05516428018
8514.89260059335,1590.37949175391
4013.64572372043,5190.55684395279
2628.98212114267,5318.76909347194
4511.09107188282,5953.63678019256
4322.24344798226,6216.19944606799
3539.55424043265,5051.8302985942
4105.08986211299,4138.20332128316
4004.46724997743,1808.61339585817
4681.17102036573,3804.31681435282
3920.61078836634,4854.96538464663
3179.65738927979,4560.46319302656
3633.46825895178,6782.41404550495
3611.48078941808,6059.57090076335
3096.94085818613,2913.64982008389
4659.9446915928,4751.64535524332
3571.93051593787,6504.05223885135
2298.02772835842,3888.20072495604
3976.85875860705,2480.98982341908
3892.08819518379,6660.62327584173
4546.5428414863,4016.46963707895
4112.61873141062,2504.23396519049
3077.38321837185,5138.27163776115
3711.40775383808,5313.25632955243
4316.19104824309,5596.50592006318
3648.49817003358,8346.53701679298
3145.22533718774,4573.30742130418
9159.13699660707,1839.4162866856
4878.12746133138,272.565053312059
4297.58679778,5295.07017087707
4723.66656458125,5294.4451908147
5054.07801426064,3103.58159932068
3197.2946803246,4392.07081461299
1936.65358016335,2455.92698120908
3694.25342631594,4439.86614373956
4016.08953184353,2597.04012160961
3766.94551567825,914.252232394494
3344.22613506295,4382.40941781671
3836.55516044571,4895.65674554064
3794.22440229796,5509.15544210456
4722.54361839364,5561.61105896274
3948.48145050732,3888.08697689327
3917.0147429806,766.71703071206
4659.04566372222,5851.68045897675
3735.26157917649,4080.91700602684
2667.59780894523,2493.1517747477
4096.73374701703,4661.56703805446
4142.64526650255,6254.61753712758
4336.25383525369,5674.36541189204
3931.36973967004,5909.08052229584
3862.38996539764,1166.30102528574
4175.83562000572,4150.30839858039
4904.04556892572,4347.00332471668
4568.67154172058,6602.2003256682
3335.51195485089,7232.6347979275
3422.42552330841,1528.03508768772
3211.95436784749,2787.71062897153
3448.11010087743,1932.9045086261
3321.26341513469,2451.32356750885
3942.62804877234,6786.16477158964
3831.7926370946,6106.11626976519
4403.21537172438,5449.88001574313
4137.1497073893,5576.21690221993
3321.01833369957,6003.87578982008
4298.39028289825,6119.13048585409
4762.44219356105,6256.77705889923
3703.94634206902,5467.95242635571
4144.04430772574,6468.19115350023
3688.20418595421,3912.41087955051
3511.88769241106,2117.20977588059
4454.44183892384,5539.16251934785
7377.19013164477,656.008821489981
4128.42095664856,2651.48506100053
3812.78239416941,4298.52593006874
3214.89563121221,4988.86080875183
2157.62007962477,1757.97626801095
4457.69891289463,6530.02400842538
7179.36849282987,3368.47419763429
4266.37139343783,4842.23490443178
8144.11280943656,3951.45437352771
4465.28605126383,6503.71099466303
4667.48306686584,4665.88608159775
4084.52469685942,3973.73250247607
3319.48004422469,4976.52823532906
3914.31626256789,5188.39732218114
3444.04484594827,5761.60214178788
4040.76697585243,4927.93709261834
3698.97348861244,4730.84468254524
4896.55527492109,4063.29916481009
4701.72968363348,7420.4637179964
4690.1876304703,5507.28007906222
4002.36808100805,5402.48217055338
3477.47891555368,1218.87039020669
4093.80141837425,7133.6908975265
5360.6517026829,4923.50430101228
3350.84874353704,5795.47369317863
3995.16211504219,5807.86335206042
4635.89874484491,2178.6449354413
2852.47659330156,2419.27050512907
4509.92538491725,5986.76960345817
4177.78983087707,7158.18521085026
3640.57365868116,5469.25947193945
4305.47821249461,5546.66439437248
3525.38370385738,3467.53205752569
3923.92626019624,8009.41143863279
4123.02338388996,5482.16036282083
4101.14582554676,4399.85684836693
3819.83640998029,1189.88619981784
4507.77273346851,1988.4858715066
4279.76419657668,6113.61814478982
3790.90604364574,5732.33379266973
8788.32743380079,3338.75127912031
3936.592154617,2635.51529812821
4360.74748491288,6224.66712248806
3603.09539010642,6875.61810871614
3937.30898592467,5610.14553906969
3909.21028471211,5678.2298860395
4582.0907380387,2935.58691627156
3253.13973277226,3840.12081424492
4242.32324156628,6648.85944273281
3436.75797700378,1947.05557105983
4271.78850747626,4633.03741706145
2879.79070618476,3943.83875044031
4496.08880685499,3889.84859187285
3986.84015809069,3840.8028797663
4625.48736208446,5263.64229998727
4687.79412538854,4309.15312826045
2689.54424098675,4300.74211444415
3372.67441330838,2330.61298158671
1855.3505748479,2565.49850265704
4274.99945063954,6334.97779491641
3671.53029849787,4572.22744899073
4869.11071070951,5984.04176422792
4219.11005032668,5059.67341780715
3862.9385514862,5296.66179804537
3960.50804945797,5734.55039990039
3793.56329572041,3758.45351087236
4218.43293930676,5123.72245710771
3601.25273569648,3933.77944685195
4065.57739991409,8548.11972678642
3266.63080043686,3565.05516428018
4238.47548046205,6719.89912505841
4495.32007774798,6610.38426621421
4524.85945967995,6152.54789070425
4524.61356944536,5767.96738189531
4125.45924451355,4051.64865690869
3323.13633423367,2687.6298822257
3977.83276586104,2472.23756541446
4139.63896225602,3490.2078818385
5287.07470842516,5485.45651950969
4462.96172282329,3431.15974017498
4277.26101886763,4940.72423543695
3928.99806846283,6462.79213764348
4304.02428969543,6203.58271391592
4964.40147082415,4915.54785659181
4804.7340256595,4298.63925527626
4339.22980097362,6032.46207341685
7539.30088071623,614.237488282525
2309.17174707552,2891.201280469
4164.33098235069,6862.71721783476
4186.66989414487,3813.6940524198
7622.89405103267,3664.39697147326
4221.38867427912,3047.71586628325
4147.59125533092,5041.03226688071
2009.53871597668,175.041774772623
4481.88103658462,4144.79605751613
4237.34614666148,5768.25154062461
7931.53440094299,405.664980974549
3849.38664840276,305.754777037509
4442.28356259248,5687.15255471065
1466.62791692525,2038.78196659313
3100.77917955193,2692.63120271799
4534.08910660701,2847.8387429485
8173.76818844619,1890.11007713658
3237.13631488143,1140.44258091922
4238.42368111369,4705.44080757455
4912.08620759624,4571.71579413588
4051.16075070786,663.112789722541
4327.60875186408,3694.23363805001
4213.63072096332,3020.03893290577
4240.56120116597,4152.80916454036
3758.58891688568,5246.93402041744
4323.09516990001,6163.06176368844
3498.91950163882,6535.48010974114
4259.19566888927,6579.41096472025
4107.84700758632,2952.18165920625
4307.77465022528,5931.3586512442
8865.05063090339,4389.51338604927
4306.37499721796,4891.67852333041
3906.32852023825,2573.90972790097
4905.44472186904,5114.23189383321
3253.45431543952,6252.23051923039
4111.53324462699,3841.20078655837
3474.09535083732,464.201679210848
8151.63108784341,2460.41664684653
3654.17386473122,6174.200616735
2662.23025426471,2178.53118737853
3366.82109013917,4843.48528741177
5334.69710489795,4757.04437110007
2960.93412739409,869.184689641274
4410.5833496381,1899.82834796424
4274.16412934858,6626.80838705474
3534.99174289774,2354.19815611881
2613.99871208626,1611.69139645159
8388.09872053449,3267.37056403402
4426.62926472669,7115.39141364362
3179.83192638862,2612.78259978401
4293.12765721625,5370.94055160082
4237.00825025912,7139.54490563433
4092.18052566816,5696.24563404833
4295.69553439919,6449.38001476251
5114.57105425592,7557.3715629164
3954.22885177231,5186.40821107603
8121.92269096413,91.7832670870143
4202.33610011469,5646.06328702457
4692.08359781544,6040.07769650426
3636.07746509618,2210.92528251901
4127.10150387347,5390.77500004823
4582.11195916044,4419.91837008463
4691.49693383109,5054.84271940901
4479.21508668973,6253.42423960661
4262.59795248841,5136.3962747188
4495.73683383376,6036.44029562708
5146.46639659418,6662.21490301002
4049.88147771238,4418.72507256366
4238.90205504052,9150.82039163685
4404.42700624153,5214.7103359435
4543.77710127158,5995.52143860753
3810.26952817682,3674.11545372855
6307.39762198282,5710.62398117998
3750.99697701813,5496.53870995249
3582.73752853494,1084.97486038768
8321.75476967875,8718.72828957539
3715.71346627992,6298.26423337738
4008.3211025009,5148.27385589049
3676.64404925364,319.849044725219
4991.0948071382,8813.23982122558
4560.49153344427,7284.52252018232
4073.91016432677,6199.20658491361
1966.33924474257,7259.80071073301
4622.85010094402,4370.30434051948
3775.86640746275,6037.86108927359
4350.82663905464,5212.20956998353
4473.71595103413,5269.38256003233
4658.36144757771,5411.63233535007
2247.67061750333,1319.46258037974
4177.80636336662,4400.53891388831
2946.41358618998,2280.08960180227
4197.20639030903,6144.07979142894
3906.55523936583,6407.66534415881
4241.90488539964,5452.60785497338
3944.91821242045,3429.79560913223
3434.56343356674,4469.93030644186
4462.67417430021,4850.41884497779
4210.19070608865,1583.33239755273
2097.30399455597,3701.84926113742
4354.70934423652,3602.2799578188
4220.08245478135,7004.45533829765
8858.82947278053,2495.7660773428
4153.86241555962,2189.32921909202
3654.41833034097,8105.05875948968
4151.38771146579,5730.62884029392
4060.61391761846,4732.49297231729
3868.7355110648,855.147216699591
5024.16629105229,5809.85246316553
4683.15541840082,2014.45806393589
4250.89324621788,1667.67066612417
4257.05489502381,6679.26442676817
4324.88945189376,4038.52069275702
3712.096592575,4874.79941023879
4088.11079535689,4847.23601349646
3801.00386946177,3371.99785044869
4545.85585987202,6058.54801390891
3725.84850190359,4824.04874575643
3073.04811291738,4173.83691050873
4059.86679119138,4422.9874535032
4573.93088273849,6513.77029825139
7645.642643527,49.9551027944092
4478.71906870314,4587.74243103959
3927.72932303694,5159.6972905216
4265.15284614365,4595.18764346046
1460.82445174776,1218.35894677947
3792.21464829758,5304.61824246583
4385.62974881505,6541.04953626442
3810.35085143732,4317.62122753576
3467.86783209712,1170.39288984493
4662.42609533054,4799.44068436989
4040.8304797953,5400.15223811521
7583.48455512934,7987.30372035096
4119.53592539844,5453.06242436921
4640.74048933282,6639.59552987335
3749.08207197207,3314.88194585891
3595.34048375391,5097.9210982002
3821.97483835431,5609.52055900733
4928.65517505927,6427.44270714721
4119.98651208351,4012.54850032773
3351.61608981156,4634.23071458241
4257.94180891988,2908.87599571713
3766.42536101513,4652.07605192471
3101.00475986568,5072.00556837467
3777.77120677533,4406.61957241118
3913.00275066164,5997.96554196374
3994.48470261189,2655.74744194006
4205.66697326729,4088.93011305107
3913.14018658187,4427.93147710886
3679.03208476343,6363.90489984624
4207.46640491855,6095.09074192615
3579.64227506177,4692.54033954842
4178.05671969696,5945.33909158378
1760.65999842629,1378.56759607465
7781.05626040213,3789.42681236632
4593.46168806561,6353.05020552899
4571.54501570103,5774.84385400233
4731.18473031798,6066.44779572562
3030.45306402545,3993.3961174017
8348.30573235144,667.261475456213
3519.30915622256,2326.52101131371
4808.06724765164,5655.61093575808
4034.66674449097,5803.37347499534
4415.45970313305,8489.18469890279
3304.20038808581,3616.03332488809
4050.29097569813,5930.10826826422
4281.61691495257,935.507368774603
3954.84772587548,1372.94129551998
5023.64028279114,6536.38924853281
3902.30806303852,1278.14592228194
4820.35841299682,4528.01243528232
3674.9948610962,3003.15981981415
1495.61185409327,1724.67292836499
4452.79386465484,6371.2930268081
3987.13266591394,5856.73865350043
4270.39606268062,7288.15992105949
4691.68030345501,5147.93303455743
3942.92986085247,5827.69737765258
4195.34824837757,5598.09712437622
3656.96559593995,5374.29379374869
3012.7687465973,1994.39633079056
4249.88563875033,4346.88957665391
3327.60239203036,4594.39182987632
4077.99127437405,6453.1307408472
3768.14575523384,5173.84814152771
4330.74902140247,7074.35838570605
4735.68917850279,2199.95684013898
4676.96523749167,7524.52247552484
4821.71843277913,5743.07516177947
4527.38686604074,5446.98176584635
4049.22275586159,7697.68931258804
7306.45671875088,671.751193950572
9013.04334833849,1983.48476244193
2651.27062555535,2685.12932769336
2367.15380461001,2865.8542795297
4307.48924376176,5315.13211545002
8096.21648484715,3568.63547969834
4848.26681155927,6121.29043048099
4878.41041904588,5650.38233056787
4715.33580058594,6955.58003685764
4483.6375343496,8711.56765873907
4014.48696201679,6010.18436732374
3910.35711946104,5618.3294796157
7886.97650180227,2738.03972537499
3546.55823306173,3449.00486608965
3708.14069020932,6740.35855356819
4673.27805250981,6034.79242871028
2297.58341629969,1077.35934301408
4520.30197964149,4166.22128742133
4404.96040036176,7143.80728657386
2878.90510465192,7968.49258161324
5003.60833356692,6085.65684125541
4500.77002317344,2352.72048844091
4570.51846033479,5887.20030013955
3848.57365173443,4843.20112868246
8734.39833584706,3484.80886598175
4679.35143894971,3491.11723205779
4597.18205141584,6295.99096354296
4391.82316033936,5414.41683718409
3986.28687010203,4534.32058993073
3954.45936670167,4752.66824209776
4477.10256800365,4533.12729240976
3945.05138103062,4658.21379590659
4490.33833793623,5908.56886744099
2995.95417831974,6710.23772826213
3850.20123344189,4506.53011991811
4466.72755577494,4545.34611776977
4420.79800748981,5544.67528326737
4314.35002446146,5255.79960362958
3742.33516959765,4567.56716125912
7153.13218955187,7290.14903216461
4674.29287022275,6895.67963043384
3255.25720590446,754.441384177576
4151.77352907251,7484.57026561122
4669.82576946545,5381.90941683609
3954.71019685018,4872.07157100854
3174.48857325293,1572.59113415681
2941.68206424427,1199.14979553586
4442.73976388723,5810.81826456096
3978.44860959646,2889.21216936388
3339.71132969949,3445.0835179108
3170.73916047162,4760.22677972616
3779.56058091497,4306.31154096742
2996.24350958664,2507.4165852442
4961.22587404802,3172.97299187423
4067.56239497939,3753.73656053699
3867.76562612792,3941.67922866866
4581.08258948133,7053.78563198876
5236.53316234253,5319.96281384816
4014.86105591609,4682.53769856382
3990.35786987409,1911.99029929286
3834.25923254648,3937.24643706259
4562.45492426901,5065.58366566349
4088.08849859552,4848.48639647644
3549.43572291576,5883.73373278416
3520.52651874506,5130.42894140345
4674.51954665398,5053.93315776209
4374.29147176771,5527.17119011339
2606.4586456112,5030.80255262582
4152.87096747282,3840.46205843324
3343.58779271352,2950.24942213252
3410.99405066327,2935.41629417741
3986.35478414591,4719.42167076938
4593.36291844553,6760.13591655659
3374.87863612957,1165.61906547818
4026.83668552949,6770.70645214453
3657.50809141404,5990.52032954286
4345.00919862473,6294.62725535546
4326.19450853134,6867.2637575036
4474.34372064948,5936.75766710094
3713.05101636264,3032.93961235952
5488.96843313523,8084.03101352131
4167.1004037624,5141.79529057555
4096.59424206114,3550.67681714853
2613.48071423816,3135.29362893978
3684.85008043801,3682.92437433693
4230.83974981584,4472.65814567211
4450.58991063257,6171.69985077503
3295.59122052304,4637.29979800098
4021.64953573675,1737.06227010534
4337.06298092114,5877.53890334327
8032.43071627959,1365.72357922465
1398.49166352045,2273.32666633039
3030.56868554814,3121.31297717257
4376.68752372777,4805.57842835177
1563.14913373231,2666.03381879871
2794.60411337989,2330.49923352394
3221.41276679121,4087.50931940456
3662.85965534436,2588.23120100123
3892.82221014517,1862.54668039424
3811.86634136028,4208.16345415057
3952.7171314137,3543.06140548875
4524.11288757946,5598.04046177246
7165.79082678282,260.914545410659
4435.28969281557,5543.4819857464
3933.61521094783,3272.03085176563
4638.4327037845,5314.50671253241
4450.15999689061,5827.92487377812
2597.03535515343,19.2091289445988
4132.85505274586,4758.0101724955
4387.65218771906,6796.90614069937
4513.58111861627,7303.22033371252
4942.1258015814,5636.62896349858
3871.83777390834,6086.56598004708
4803.34519417399,4265.90433880272
3843.36242998791,4751.24744845125
4005.64423109763,5937.04182583025
4283.12330229234,4556.25789754603
3519.17941626577,4025.05148441704
4689.8919482764,5001.02297150808
3969.04211156502,5807.74960399765
8356.68873335553,2870.28728256339
4710.46215499803,5029.72300316762
4782.21261115126,6547.69893510115
4155.87706067393,4269.99630907572
2347.15057317038,1363.84821618231
4117.44724519816,1712.90877811464
7775.6973893489,572.011479965423
7411.34126014733,1777.92425309351
4698.57770929713,3916.95741921935
3828.46956772933,3484.97927664828
3399.55488751843,3047.8864883774
3878.58998073644,5953.52303212979
3890.12488083715,5668.73889990975
3670.51290132397,1210.57291302553
4722.57161464029,5106.16170134997
3594.06925376843,1710.18083317057
4425.4946680307,5283.13550424637
3744.03888467776,6038.4294067322
3967.17232524055,2849.94139068876
4108.08298502444,4693.39281573633
3201.51149544108,4601.15497677581
3638.84600812038,4892.58808497732
3360.59972526241,6946.25988424967
4547.93901784445,5495.11791630597
3969.17625983617,6009.61604986514
7885.14342194651,2240.70507506438
4411.40032763071,6967.51470348834
4499.14953415708,6469.27112581368
3994.99065524325,5502.10855933101
4224.31101603214,6516.89604427371
4656.21557628988,6917.90067392319
5174.35953692122,6898.12331093479
4201.84765161882,4590.69776639538
3382.60266443101,3387.68345459171
3033.47633081659,1494.44748359865
6903.63607796531,2237.01101158344
4062.08308818599,2666.43172559079
2402.83753282653,1528.94443790701
4619.23237141502,6568.44252234022
4593.56408177298,4391.95706655022
3078.39065895401,3679.7986283146
3904.47116265704,6746.32588688354
3521.88425721698,5052.00113211598
3774.96488809853,5374.12338308215
3765.90044293036,3658.82754494998
3106.44168458038,549.22196044675
3870.74342456836,5590.14067995575
4085.0175240431,2844.37196416549
4302.64472461858,4569.21545103117
3260.25105066751,4965.27563421973
2779.38901551316,4883.77916436895
3774.63536074252,5845.4289669321
4313.7711257255,5281.60138539234
2410.14921750289,2688.59610647637
3660.80956534409,5647.76823940039
3874.01628817898,6103.10427180563
3796.82459779145,1983.08685564985
3910.37110099945,6390.95706458898
4010.27933412718,4332.56789212602
3746.8911345483,1919.4921743175
3402.76946359164,3962.08199457467
3858.29435839274,5557.57617414875
4038.24039266034,5261.65318888216
3992.84460624288,5035.12201902437
8373.93766503384,1823.44652381328
4775.06603364512,5282.34011351747
3145.94744574164,4969.19719382621
4227.04327358413,4742.3247797801
4194.81132169508,4437.13830450931
4730.50375201069,5831.39144113351
4965.94340300488,6114.18646224843
4552.02662929825,3281.86265922844
3670.01067806285,5181.46376461511
3490.42841929581,2252.24204633063
4279.58004180261,6156.46902745547
5156.42725535533,5524.89792027897
4415.14459815541,5280.80557180819
3997.97735388621,5591.90271779058
3559.68378834409,4745.39386319867
7830.71148747918,2922.45874069227
3798.67041739466,5085.02020731882
4174.78867541171,1871.24206436747
3268.36352388672,3278.39588044543
3443.76421954387,502.847266395977
4273.05789689145,4964.59356869836
8228.4877395097,5555.18915625156
4464.25014416423,5046.03379880063
3292.07397091282,4407.8132927874
4008.56873944898,4610.53221484279
4319.17927234874,5484.54738071802
3577.25019532752,5515.40693414922
4583.09789833651,7488.54848782146
4622.01908365052,5064.56077880905
3789.35293097228,6723.76359920587
4201.49272009416,6418.179217143
4285.67436263805,6074.57465081262
3814.92353971358,2275.54306213343
9770.08099982795,1914.66147591935
4708.32403868099,5388.89963700588
4537.26771567525,4771.8206250238
3369.25789786831,5461.9284304366
8060.80217220311,2460.41664684653
4282.96261767594,6235.52223966056
4033.93117615634,7329.47626201586
4542.22816609514,5879.69842511492
3479.03029824524,4177.4172259269
5053.66953206038,3496.00459305969
3944.63923157979,2032.47360051709
4390.87838430534,2254.57219019643
3723.22601765399,5396.40151203051
3712.04609328585,6236.31763038945
4320.4365803702,5564.85055304784
8709.19607033995,7790.26839573687
3574.32493601115,5841.96239957671
4179.75230272335,4220.60935278086
3588.38478765905,6511.26953229143
3199.04699342442,631.627991944452
9240.79886120733,2108.23044460569
4400.78134539442,3431.61430957082
3772.05087477139,6830.83435469388
3897.81817985315,1610.66840388334
3555.3083996513,3001.0002980425
4913.18354715917,5453.68782728683
3508.57176496481,3322.49735751869
4236.67975648844,4458.33646114422
3834.73950820452,4405.93792974505
3334.68087753017,4118.14179956546
7578.95028815384,2486.16134315028
3701.67547843676,5921.92432771821
4115.1146760731,4908.95554321409
3989.31558790421,5563.77100358964
4506.9029945844,5217.09735384069
7947.17574898928,1726.43464905838
3576.05400983669,3375.86232459615
3171.1648678664,282.396940060232
3767.35479803125,2820.04785008062
3901.82424152133,1822.93508038606
4067.95194650254,6200.62737856012
4046.59507531884,6056.04724794895
4319.7396764691,4978.63109449695
3598.89177338515,2324.81605893789
3719.99640507016,6222.50760071641
3565.81225650515,282.681098789534
3881.57826079769,4043.35139115516
4583.92784328153,5662.60115592787
5702.40379656691,426.692726942928
3986.73903171177,5642.76713033571
3975.2558620419,3055.10399324511
2974.67087996014,1467.50927834631
3832.66067297719,5217.94983002859
3637.17629313477,3348.58308658312
8965.31107314989,1042.18053461197
3843.42572643478,922.32231916392
2659.52254933124,3391.20689597849
3373.98809728505,5712.04477482649
3583.06999069535,4920.26480692718
3947.81494182117,5250.68474650213
7720.81532734328,6461.88299885182
4161.28028632076,5434.13753756872
3901.43925032729,3519.41935692526
4344.38544583477,5251.5938852938
3160.00079947097,4833.25557315688
8886.78707300417,3322.21319878938
8397.79860115182,1451.59638950537
4225.02698353413,2505.88204353492
8759.81271328751,8102.55883924023
4413.10849744545,5329.45337712266
3974.12660796855,3431.9553423315
3717.93987164708,5078.25706041932
4398.49253462995,3816.47897710906
4282.30013053131,4008.22903392918
3754.23107352675,5465.7362419803
2452.35825694158,4750.05372807503
3533.57129653929,3598.69964240064
3771.87210577284,5478.92086873573
4614.71407413371,5659.47540990554
8242.62365487791,1470.80554074898
3839.20268137145,4699.70097038474
4210.88321271687,6733.25458533563
3314.18589216847,3825.6287190505
3495.36578774572,6431.08010802438
5320.45421508658,6272.3491264071
3964.187818432,5011.76391776256
3542.31176321717,4608.03144888283
4124.65558963008,5360.59751213841
4201.85727450389,4930.60826924484
3815.02567516337,5267.10929019791
4617.06898223416,3590.51570185463
3681.91604671826,8465.71369528872
3922.45031832379,4006.41075634585
4590.20819816359,6534.22972676116
4820.32850371233,6517.06645494024
3901.03430116283,4608.82726246698
4285.36719013609,3468.27078565083
3814.00784743133,6472.6239451063
4381.52761305344,7016.10584619905
3798.50969929263,7078.39369337529
3128.9830973026,2021.6755688036
4004.4537282767,3974.86913739328
4145.14671300769,7274.46279373871
3918.02384746486,5880.83506003213
3400.78052987188,2984.00743688812
4035.85464220113,6019.73201605725
2839.92453408217,125.654990262708
4901.95443231427,3803.74849689421
7026.11079020081,7817.03597889505
4010.93943762487,3693.3811618621
4700.68924264077,6942.05416591389
4322.79568545749,2837.09737383877
8735.00980932014,5231.98693297193
4081.22183038933,80.075924796909
4399.68616300982,6016.94709136799
4287.19864649837,5165.60753837794
3995.15944641494,5040.40728681834
4497.23044559995,6107.59372601546
3407.106834191,5619.57943974043
4201.90554791582,4998.80636427742
2899.50799871384,5423.85116071008
4099.64734370287,3463.3832132213
2944.1612038235,6439.32071117415
3603.8731364425,3997.31767700817
2910.78543632137,1479.89862008665
3662.41513195521,3909.39888159095
4636.30416632385,3860.12567335886
4055.35078727972,5546.94855310178
4152.24109417569,6668.40930959566
4689.62373016603,3163.82324993279
4510.72271465195,4862.9218290671
4922.17947553677,6670.51216876355
5156.01768731252,5096.04573515786
3726.72255539837,5879.07344505255
3033.31004710623,6112.4244244136
2816.22202406119,1741.77922044071
3355.86936400059,1542.52718288214
4347.71025411347,1933.87052144915
3426.67116482109,6216.4836047973
4756.75676310757,6912.04708867061
2083.94237884693,648.791158051555
4169.03695557113,2925.75489738112
4117.25971213115,5578.49017205435
4317.17711728534,4361.09751311903
8066.2396398852,1538.20792791122
2960.80263750975,1438.4114456085
4249.35950658539,6305.93651906855
4177.52393840889,4755.22567066148
4596.04640931446,5109.68535416437
4077.59456182402,5895.44090328932
3489.26307324278,4875.42481315641
3428.01338477616,6128.11023998424
4531.03909964626,6275.41778697042
3662.57178897488,6289.05740597693
4229.77346399247,6220.29099348575
3121.31092308143,602.700622730084
3642.7368484702,5482.33077348737
4016.65603229836,4999.82925113186
4449.20371663524,4088.58929171801
3841.96588223791,3820.68427258959
3487.85671201836,3635.41278108441
4310.59280255983,3406.0400239336
4016.30600888029,5751.25867947022
3791.29524182321,2659.49816802476
4332.99130217789,4628.15005605954
1617.53453996598,3590.79986058393
4146.65716385321,4791.59798801219
4263.01391114861,5641.0621779599
3397.63218007308,3959.01291115611
2831.84502258014,1931.76787370889
2795.48592536578,1632.66226838858
2996.42139288249,5661.1236996776
3748.29596180787,4801.99811293361
4399.32951351089,5899.41912549956
8310.78188939211,2073.44933156802
4282.4329122689,5079.28037012901
2509.16442642378,4615.19207971915
4409.94100844696,5982.0526531228
4537.41128592687,7040.88474110737
8095.52267414206,355.368885888021
4558.07818324366,4593.02769883356
4028.25657088286,3087.4412143542
3397.37221068781,5062.45791964116
3732.60966115709,474.374572291256
3757.23402067477,5956.87585142241
4515.35592839788,1878.40269520379
2149.95815112602,2891.7695979276
4274.34990070237,5561.49773375522
3894.0582867685,4992.49820962901
3740.41700714795,1666.9887063166
4365.07217173625,4925.2663388471
3817.30333627265,961.479455490082
3382.55163323715,719.603555679244
4295.77938250428,4852.29420802014
1538.78731798519,522.511039892323
8444.08394611083,4882.4150333262
4347.06755047727,5996.14684152515
3817.71212694934,6089.46465279912
2997.93846201683,2688.93713923706
3908.70096598232,8930.65403903124
3852.75337430276,1859.193649674
5153.12447267164,3508.16675581594
4378.9177740868,5747.22379465623
3330.4405214282,6300.8216619411
3718.60919200902,534.729865252327
4115.9037861542,5253.69674446169
3401.79605013603,4980.33604687276
4063.68567723701,5793.03001267768
2222.79683337267,1081.50808160466
3552.25435783871,425.726581977609
3921.7182906636,4533.24104047254
2479.02075969574,3415.30351393781
4535.61460714706,5028.64303085417
3827.49017507706,6884.3699438655
2114.15303393565,2407.27896446698
4150.45556759873,6775.4234024799
4677.53076358762,2725.25258255639
3098.04734360225,165.948695434946
2930.15489578203,187.942573154417
4073.61850175079,4988.406239356
4059.38642567886,4477.20468534095
5077.15408910594,6521.27217327602
3182.26216270713,4340.97890594232
7970.02657690459,1821.40053867678
4693.65292476463,5904.42023456423
3559.9576200522,4499.42615168555
3254.49197341427,2136.58944350454
3799.36303144595,2149.26283826038
3088.48856207779,2900.01020107737
4359.60901337093,4022.03948645748
3912.86516443915,6289.05740597693
3585.45523200791,5220.166014404
3680.21261823343,5096.78446328299
3372.77793319354,4958.39916211272
3874.37238480555,2949.22653527808
3991.64922279329,5378.66992275099
4167.29468291148,6556.96242510535
4164.10624863988,2045.48802803361
4755.20786008246,4501.52858799818
3752.88489826677,4975.56243393363
4730.93685011292,979.267813087176
2216.61162705957,444.935706792762
9239.2107553915,3287.2048010538
3885.72510723088,7297.53715912647
2709.07086964535,2934.67756605227
3774.26850832534,3654.96307080252
3938.1825789777,3369.66770658289
4051.65399407607,4823.82167248614
9119.89571484889,1441.08251652118
3661.9151452944,6317.87118569925
4386.75413930702,2009.51361747498
2017.99267219331,3106.25256451955
1685.6695323503,955.11432109647
3778.02006541798,6520.81718102494
2457.3360267445,1858.22742542332
4220.15129100805,6351.2315050904
2245.54496083848,254.435715811183
4505.61156502665,3852.79420900076
2941.20469514471,1110.60591434247
4274.01111083531,6405.33541172063
2771.08814342456,3556.30332913082
3619.18032538961,1760.64744463744
4584.53009703345,7120.05127851998
3728.0785278864,3799.77027468398
4126.48050310924,5415.0422401017
3961.03961264399,3915.47996296908
4254.16633358015,5335.76195462633
3271.01864584964,867.309220885116
3508.64332205156,1309.34650847382
4285.5085338333,5872.59445688236
3973.81960805459,1980.58630111752
4867.23080525077,5387.76300208867
3782.15759804483,5568.1467097367
4080.92439216378,4488.79853063859
2322.62165951947,273.247013119622
8008.83352837211,5048.19332057228
2299.76532910749,3377.51040294058
8011.41828309873,1897.21404536914
2589.7812379437,3359.38111829662
2181.90508808761,129.349053743639
3155.53356036125,5298.08259169188
4495.98602659899,6725.29814091516
4220.17177229649,4253.00344792134
555.30976885211,1403.80084895118
4308.74469792114,5974.26661936886
3769.06753844166,2424.89680568373
3453.72924414301,3370.97475216663
3951.27919669153,4584.90084374656
4326.76144438015,3300.3329766331
2999.62983823432,4792.62087486663
3576.26735560614,1459.15503284758
3975.57324442575,5440.84359900921
4693.66961980219,5868.61623467212
4807.42457863065,5183.33912765746
4263.92168019971,1165.39167506645
3685.91809356202,5364.00741689004
3171.07904692921,3030.60946849372
3803.51193040263,6689.09623423098
7549.31427138125,2232.57821997738
3832.47201681745,3396.4355011687
3696.70536320268,4742.09728365456
3932.05914105538,6068.26607330895
4273.20573522199,4820.6388410048
3800.86663613404,1833.8466487347
4836.18335261544,6541.10619886818
4298.15192447837,3179.84967540887
4084.59332329009,5519.32849375569
4021.95857259062,4151.33170829008
4112.60274205076,5638.22059066687
8164.07064295715,2518.7829344163
4058.90992082637,1671.0805708758
2902.07513902639,6419.42960012298
4403.29514580971,2794.75772317271
4512.94810860174,3806.02176672863
3828.26378014224,4230.66865636922
4261.22000614354,4436.39957638417
4190.97522702787,1874.48134702494
4170.70949410572,4667.87519270287
4495.43346384214,2821.52551775852
4404.48897323839,3101.99018358001
3327.09461457,1961.6612028894
4931.24966625525,4618.65906992979
3602.28735397212,6214.03950144109
4229.85015368523,6527.29616919513
3805.55011020198,5349.96989109145
8443.88814735536,1676.0249116229
3431.86111286073,1909.48974476053
3725.78204824381,5808.03376272695
3299.06398886164,2462.40575795165
4071.08241595209,3914.62748678117
4090.55453492119,3848.53182806122
3858.56842091796,4397.41316786598
4258.85994723604,5768.13779256184
1348.3602460343,1019.05003518951
4396.36233874211,6481.14870698537
4193.67699686581,4697.42770055032
4331.43518535935,5679.99192387433
4023.99730377423,6363.39366784665
3574.2118193863,5079.5074433993
4391.42290846228,2428.87502789396
3836.72828477292,5492.33341447196
8767.16171808278,5149.52423887047
3014.12963511773,1797.81536414467
3475.63651080919,1672.44449049092
3882.46071242677,4951.06769775461
1244.78271689332,1407.26762773419
3934.3237194332,5764.10290774785
2592.69642614636,3652.34897963503
4466.74173945141,5848.78220907997
4270.71735024232,6326.05512624526
3398.55462822308,6719.04664887051
4218.78176282807,4963.40027117739
2660.0036681092,3406.94937415289
3475.63704920131,5901.2944885419
4039.3970876139,5451.41455745241
4179.49575659053,4820.80925167133
3406.00797011616,4681.68522237592
4309.42112667383,5793.48458207351
3395.31154148015,4412.30274699722
2014.02575209227,684.59515794366
4056.02043194108,5762.90918737162
3713.79885483753,4448.84589786972
4067.83489113235,3020.4935023016
4265.36945920395,6141.69277353175
3659.83056427361,666.352178093826
3133.37042935694,3423.14642172313
3872.12774296114,1110.8333047542
4211.11743619509,2216.55158307367
3472.54061597874,3264.07440734516
3904.98093148746,5711.59020543066
4585.76766302672,5044.95382648718
3971.80615976777,581.843393142049
3916.91711011404,2814.76258228665
3589.9990992172,5108.26456051786
3840.58793677325,3309.14189724147
5365.48993083461,7044.12423519247
3681.98887986811,5573.20490426038
3566.37982062011,7406.48327765682
3251.92431837472,4056.5360179106
3819.61364658332,4273.00830703528
8738.16404257384,7220.75679390055
4045.46818304375,2678.87783564871
3499.7413743248,3319.48535955913
3613.75551612787,5041.08935233972
4518.78179921853,5360.14251988732
4265.4843618939,6686.25464693796
4157.73863129518,9243.28530386766
3442.38145607707,2426.26072529886
3939.57204975157,4445.72015184739
2576.07985069463,964.661969829981
2508.47256913233,3993.28236933893
3623.46665768862,4868.20709686108
3910.71195135377,5065.75407633002
4446.38439919781,3838.35919926535
3740.0435754382,4824.50331515226
2696.14639003701,2763.50026294944
3624.20404921999,4961.97947753087
3788.78937186625,1732.40198237373
3562.81085162764,4808.64751177034
4604.29485079292,4711.4081408899
3906.46640648356,5059.10510034854
3697.18131571322,3232.30550369467
4704.34339034099,6931.48363032594
3882.97594954904,7503.55223787073
4295.84208746558,6322.98604282669
2296.92572489106,5099.91020930532
3979.70065811988,5855.26077439491
4225.14972351716,4846.44062276756
4835.99760192554,7232.29397659443
4520.2717488861,5592.52769785294
4798.46211416543,5389.52461706824
4656.8522238904,4351.03820953067
8568.97006012842,4139.56745232591
3735.89653597955,4955.04591996485
4493.72938434639,6244.89947772754
3751.39519823593,5361.3929028673
8778.45659698069,3129.04213689512
4781.69370808957,6525.19331002724
3718.84905438406,4242.48957493715
3904.82909559691,6341.05845343928
3646.25369377682,4076.88212121285
3750.38881095241,4912.42211056948
4697.12654135717,5917.49153611214
3944.70399750609,3913.37710380119
4133.84333676769,6885.79073751201
4036.79400173989,3958.78541503056
4197.31583899852,6029.67757158284
4368.78495309557,5413.45103578866
3828.90965747954,7426.31772610423
3543.07104435568,5699.93969752926
4608.72505776842,6918.07108458972
4518.74434363077,5529.89902934364
3883.42349549783,3586.19665831133
3948.43616324429,4685.15221258656
4052.02114032225,5933.46151041209
3631.33215575325,1549.17647600506
4413.88322091462,5739.32401283952
4965.3880501745,4159.62897404361
3785.78877752832,4296.53681896362
3031.75925197333,2174.09839577246
8909.4739128708,3763.2842092705
2359.3454225837,6503.93849078857
3486.1328910454,3887.63240749744
3718.69977793671,5556.4962018353
4479.35555349737,6750.70159303059
2313.19925583543,1350.37900784232
3502.7272960735,4738.8011269657
4260.7618495703,6650.16648831655
4293.05752406777,6431.25051869091
3924.28529349952,6136.86207513361
3431.65335320857,4409.51824516321
5609.05536251279,3789.42681236632
3796.70393388161,3350.91323044893
4468.26347590192,6931.82445165901
4527.73719981492,7327.71464703629
4161.89710223769,6846.00851540968
3775.3732178624,3912.35421694675
4500.87748925616,5054.21731649139
3821.56033444284,2984.17805898228
3377.47883866313,23.3010149769092
4476.71337995069,4458.62061987352
3788.34604816644,6751.2699104892
5039.37917736656,5677.54782051813
7940.68984229725,1207.21988230529
4034.07962066912,5181.35001655234
4050.94382740778,3111.53804374115
8259.09771478514,1251.54864407647
4208.40469158388,6658.35000600731
3746.74092976585,4207.19722989989
4559.38244307428,6169.82448773269
4758.50621417507,7256.5041311889
4306.26413000913,4410.59779462141
4334.01633960193,2338.51255197579
4089.01040937868,4935.95062249782
4836.06886420569,6236.14721972292
4429.26844733114,3327.38492994821
4072.81009186323,6486.83188157142
4236.43068627031,6363.16617172111
2211.60041926432,2175.80334814828
4019.58966297198,4665.94274420151
3799.71503401606,2290.83075948437
4668.61417461249,6986.78083447714
8791.18674236231,3341.99056177778
3551.3059082543,6034.50826998098
3384.60642370159,3620.12529516109
3607.21378387788,5486.13858503107
4192.65033860136,4795.34871409689
4165.50105895843,6470.00985393882
4058.11506171595,6378.62449116621
2334.75077942622,6635.50398245559
2656.01020045354,3434.34214880107
7359.36432039895,754.896059287223
4604.14507417679,5350.93611534213
3572.84182827449,6817.99054927151
4213.56364147751,4251.6964023376
3957.44023928075,6031.83709335448
3402.03163145421,6456.6543936616
4131.42809604691,1317.24618457671
4254.75276314264,5442.37814071849
4318.21214235438,3118.64201197371
4640.40819096359,5369.86100214262
3810.30260184021,1785.4827907219
8741.14561796403,2002.80755603449
3364.22086754095,2748.61047239057
4478.31593187892,4106.37754360129
3576.88136407531,949.203756098692
4833.85157571043,6369.0768424327
5334.91892832261,5691.07411431712
4263.42300142212,3132.56578970952
3775.1621677765,3716.1138602063
3992.1496346875,1843.22388680168
3506.95745794766,5320.24697257747
7899.66228228813,7331.18121439168
4445.17175880784,5804.96467930838
3225.24088374174,6272.29204094809
5114.19611261494,1722.05862576989
8652.52135520408,2371.24767987696
3745.63133047317,4381.72735229533
3959.98856175622,6927.1641639274
3925.30678080773,5115.02728456211
4188.14745675029,5102.69471113933
4994.15860110819,5019.77744764204
4094.66846021624,3650.64402725922
5011.03406639442,5411.97315668314
4800.37781108696,6191.13639243037
2318.65025695683,1934.38196487637
4004.85680398368,4565.18014336193
3858.24695439348,5375.82833545797
8512.30063929832,1871.98079249261
4650.97036199524,4726.46855354293
4454.89767030565,3766.58078881461
4104.17495868796,6257.51578702436
4321.81730467601,1396.98103944792
2766.45017682138,940.963152948922
4004.13155148216,5563.65725552687
3566.09175874781,6157.946906561
2707.3563738996,2039.74819084381
3781.25015550367,4571.99995286518
4918.1237239511,5525.57998580034
4363.35785676898,5730.23093350185
4042.46234743106,3184.28267844256
8968.61534338305,2933.02948770784
4309.15058015286,1882.83569823748
4442.00776932409,4955.78464808998
3694.86529718922,500.630817736036
3835.18934563805,2894.83846991854
3370.3007370317,1490.01469199258
2041.57136210206,1411.13220759547
3257.00938925223,979.097296706832
3852.26930286697,6189.82934684663
2987.07523452191,2173.30279361594
3498.50681924919,4618.54532186702
2049.35864076741,6487.7981058221
3584.9282198827,4153.6049781245
3293.43631403377,3755.21443964251
4249.14652591132,4466.57706429399
3452.48580113025,4756.02106139038
5021.01145478052,5310.52849032217
4364.0140085396,6557.81490129326
4318.12617443373,5445.27681347053
3689.69397876655,4114.33398802176
3857.49675751001,6376.46496939456
2917.02976821279,5885.32493709721
4749.98373526058,6382.31855464714
3845.3832418531,2549.47207718096
3800.46161823975,5502.67687678962
3574.58028484016,3102.21746827793
4877.04151299491,5015.17382251419
3638.19097544713,5974.4370300354
4796.02465790723,2263.04007804412
4309.25955841909,2026.16523444105
3509.25728751955,1773.5481240912
4524.68747571644,4507.325510647
3353.28192022779,3401.49348426476
4240.45672097509,6326.79385437039
6553.76021563253,6656.02007356913
8428.89215002078,746.712277311932
4545.39888495289,5946.70322262653
4182.69092422403,6564.91886952582
4443.65029825264,5331.15832949848
4542.76138740782,3688.15297952714
3999.39141298945,5349.1740775073
4927.28018914257,4636.56106987584
8071.42901881056,382.818613852944
5271.15254322128,7410.63233338883
3971.65230546733,5131.62223892442
4689.93454486058,5581.78632874321
4100.36142763219,5026.76766781183
2046.49013265514,510.860531990924
2283.5259528369,2326.35060064717
4877.39367073913,3611.82760655231
3324.61621010627,6659.31623025799
3403.17388267255,2510.42858320376
4381.6094566014,5313.31341501144
4368.9037582794,4390.47961029995
4569.93116174738,4401.95970753482
3994.23596488369,3668.65935241279
4933.46941624543,6861.75099358408
3963.2795365159,5078.6549672114
3947.14867298151,5839.80245494981
2219.83979873267,243.69450527217
8173.05697232674,2190.0112846134
3696.76146001791,5811.95489947817
3640.129556793,6535.76426847045
4813.90581488785,5783.88027073624
4061.14049291804,5258.24328413053
4337.65813234507,4337.910245379
3404.54117959318,41.0325200157359
3613.57665428652,7362.95032946979
2435.32373001341,153.673035686236
4425.5003631002,2385.79664910277
4334.42099851103,3262.08529624004
3976.12512120436,5587.29909266273
3611.71193705104,2704.850028078
3693.95821149283,5383.89852794121
4285.39670819887,1160.16317559005
3954.05484312734,3112.84508932489
8941.6112130266,3590.68653537641
4036.64563870746,4617.97700440842
3934.24880926082,6263.3697951322
4514.08299747072,6184.43033098988
4232.11579886687,7841.01863736398
4248.92102666499,5641.45966189672
1548.32930800385,2116.41417372407
4463.12449204141,4436.68373511347
4584.64479503845,6899.259945852
4641.90119484917,5450.44833320173
4427.97015812313,6313.09757276012
4717.33901677002,5564.22557298547
4249.8708160345,3318.00769188123
2404.93422801648,2426.03344060094
4317.24475076936,5258.81160158913
4901.19789366463,5431.06887700541
4105.73187012392,3614.10087638673
4959.06861805442,6713.81804368029
4813.42458695906,6219.89350954893
2647.95132990787,2051.62598344312
4090.42906915638,5068.99357041512
4908.64171272112,5457.26814270499
7948.46269933994,848.043248467031
2094.36346961958,1672.50136452231
4369.11699472678,5484.20655938496
4023.78912992374,5023.75566985227
4364.61760297203,6409.99569945224
4128.48010908766,6695.40438887939
4114.09133238296,5188.96563963975
4238.39654493619,6800.316045451
3872.25455844275,1453.13082550084
4117.96930344761,5637.65227320827
3853.30152294119,5138.27163776115
4324.428144397,3946.96449646263
4027.91779813969,5479.20502746504
4019.2022213109,6207.27677739685
4737.00784425046,5124.51827069186
4430.51595429537,6345.4916679006
4107.24351186454,6523.54544311044
4250.54889441727,5014.83300118112
4231.50295287437,6703.19042263333
3425.63578049275,1303.94749261707
4386.99357417664,4486.52526080417
4866.59532432455,5927.72125036703
4150.867958615,5380.03363093849
3776.2951294955,2586.58312265681
3041.71880026197,5699.20096940412
3655.44857996484,1852.08968144144
4500.19904323855,7102.09261597017
5045.79843079999,4346.83291405015
4504.2506571443,2608.69062951101
3797.64545028018,4977.55154503875
4701.43962722118,6222.05303132057
3321.69414661221,3677.86617981324
3971.81675262896,3434.62630753037
4218.19768998145,2588.79951845984
4463.82377125909,5213.06204617144
3532.4184873708,2148.23995140594
4306.17038875413,4913.21792415363
3582.86797786021,5928.97163334701
3722.94962850713,5118.49427477275
4629.25118204299,6566.73756996441
3895.58501794649,2641.25534674564
4244.92447163443,403.903207424256
4154.82389774275,4866.9567138811
3955.94231149577,2237.23850770899
2040.14878940254,3117.7895357858
3574.46344807752,5379.5223989389
4174.33508874249,4768.01281348009
4660.80689581346,5880.26674257352
4285.95550146767,5734.72081056692
2727.75157891935,2003.14837736755
3830.48592325013,5510.74664641761
7301.00654743319,4169.23370823614
4259.44235853673,4777.84462094291
4012.90338768522,6883.23330894829
3800.21241216044,5407.54036507707
3443.15683840667,628.956921031772
4436.59527076146,6361.06331255322
4707.36699073718,8038.50895422916
4356.23433750504,5432.77382938122
4311.61003020013,5014.37843178529
4112.79057856657,2394.77598037767
3604.47330537766,3867.96836971656
3885.97824392283,3910.47843104915
8203.54351920307,2136.19153671247
4821.5128943113,5414.53058524686
3771.90885056208,5160.89058804257
3981.3612874208,6163.06176368844
4027.18241489039,3857.17033800307
3699.62699754205,4629.51376424704
3561.92998368277,3249.01399469213
8036.64705556544,3074.93823026489
4229.58687912746,6926.02752901019
3829.69543244306,5012.95763813878
8280.26953294613,2195.58071113668
3669.2649114614,6579.24055405371
3862.31075678018,5384.92141479565
4136.57059637729,2172.16615869873
3732.58398317514,6660.7370239045
4879.66050757329,2606.3604856452
3917.33157309626,4217.08569996646
3438.35820180053,5836.50629826095
4260.8043079924,5908.22804610793
4295.49015010467,5879.47135184463
4055.03053681242,3356.25537227429
4134.57520504289,3763.11379860397
3205.78285878194,3467.53205752569
2592.07668464863,1730.1855865707
4745.3876625797,4955.27341609039
4301.30576440668,5828.09528444465
3498.14393923796,2840.67790068455
9854.24073756144,5896.52087560277
3646.60783440929,4975.84659266293
4310.98429344129,3492.65156233945
4663.82420322388,6877.26597563294
4442.73148735144,7706.15741186335
2816.41690522379,617.590571859675
4098.98054602062,3757.88519341375
3515.77623059646,4191.11393039242
7296.06719425655,4037.38405783981
3570.98898855269,5173.2798240691
4215.85364306982,6063.26496424428
3929.14487936163,5846.90642318237
3663.67840636128,1179.37232683365
4047.91040129483,4475.10182617306
2630.77387439843,3162.34558225489
3485.43580586176,4578.64935170191
8135.22479510153,4100.06938895288
3956.14372017989,6345.66207856713
4480.17093343161,4247.03611460599
4081.83618511701,2053.84237924615
8364.05574519176,176.292065253018
4085.55621059755,5698.91681067482
3715.9728850317,1856.46581044374
3998.817050079,6004.84201407075
4450.91138789377,6416.41760216343
4983.08512537959,4703.2812858029
4474.39547354282,5167.93789367137
3720.08863725546,5221.13223865468
4477.06646530978,6791.62045005014
1858.72444501727,4567.51049865536
5063.4190897824,5154.97991733098
4605.31714482604,3398.70877100312
3908.89159653982,6946.77111624926
4008.26086433342,8496.91364719772
4062.55752928576,2455.41553778186
3946.65776906392,6361.17706061599
7829.50322949433,1244.44467584391
2529.83744913055,4689.07334933778
4386.94711646623,4423.32827483626
2861.63829880608,926.698448166228
1818.82035693071,4680.43483939594
4536.22374782755,3468.44119631736
3914.71547186004,3275.21326039171
3418.05346041729,5722.44489974791
4322.69449186023,6690.45994241848
4176.29055975297,5288.59160556213
4298.47454290768,4395.48071936462
4477.49161283473,5240.00046285141
3668.31165604455,5316.38207557475
3792.67120855716,4237.26096974693
3777.3738503138,4983.46179289509
458.439058201836,4974.31205095365
4003.33614429601,4117.34598598131
4064.9639867292,7740.25645937964
4146.99326333182,5983.07553997724
7964.93401905328,6443.75350278022
3626.79347896231,6539.5716571589
3540.20408588515,2366.1896967809
3791.79138657689,1170.39288984493
8593.48179311077,6475.6363659211
4385.01605529418,2082.37200023917
8422.05431742409,385.944359875271
4764.99449566864,6211.48207287737
2814.73686423959,3084.82712318672
4080.89803698638,5595.5396958125
3595.34905123841,3604.72363831975
3923.07937470078,2004.56917101406
4430.13433693333,5405.21043263889
3498.46231334172,3884.4495760161
2199.86198308112,1959.38793305498
5101.91827450847,5433.05798811053
4150.15312706467,1917.16203045169
2373.03202239674,4653.83766690428
3838.93984904399,3215.59680126959
3866.52612743012,1919.88986968194
3130.46978257339,6969.04924519762
4253.73511756788,3132.84994843883
4363.36089420993,5575.02360469897
4441.90032329887,6072.0172222489
2924.7856423005,1413.97379488849
3693.53474520491,2051.1145400159
4043.52266075398,4878.32306305319
3882.00023923338,5425.44236502312
4712.00453598102,5157.99233814578
3857.17197982814,4014.65135949562
4389.80992904307,7383.75057931262
3956.88772536683,2167.27858626921
4738.61734518579,6848.96385076547
3666.72139123879,6888.97356899335
4363.17032950907,4538.58297087027
4442.00660897726,1191.19335111539
7275.12943971157,2082.826569635
2706.1393821064,3351.42467387615
4148.77687344995,5438.6274146338
2022.09338998231,668.398110373422
2414.21690964388,6082.58775783685
4513.18599451129,1713.19293684394
4814.83696489099,3548.46020991787
4394.88775587394,6035.01950198057
4384.53226276433,6453.86946897234
3719.49032747937,3481.45583526151
3555.76558357411,4692.82449827772
4486.8280159914,5656.29300127946
3025.15270901539,1686.14098352882
7225.59479302758,5924.53884174094
3294.73948316209,1931.7109996775
3706.87788114297,5640.26636437575
2772.66580829292,4327.45303499857
4246.0014446407,4079.83703371339
3913.06961143728,6698.87137909003
3196.56612186013,3136.0892310963
4072.85610096744,6459.49598095462
3995.83688157124,4231.69154322366
4163.98779966164,5223.51925655187
4643.43869389268,3697.41646953135
3828.27618573734,4943.67957079275
4640.38434459483,6451.82369526346
4335.55385544971,6379.87487414619
2367.79581852142,3333.40913729495
4090.65450226893,4417.70176285397
3449.56026984042,2131.58812301225
3684.70275617253,6487.40019903002
3479.11989650594,3833.01684601236
3920.2410617302,5346.95789313189
4622.65352324172,6550.08553014308
4216.28789637323,4123.71122608874
3498.85692122279,2983.55286749229
4212.53189670098,5913.2291551726
5197.94532840221,4753.46363282666
4015.85749213833,5749.89497128272
4088.26803970378,2658.02071177448
4430.5554113583,5725.17316183341
3034.1207212689,320.133203454521
3756.3992981487,2974.91435755044
4066.51850681949,4592.74354010426
3983.9958375225,4789.66553951084
4938.44804748841,6496.4932783677
3909.83414091732,3492.70843637084
3544.28697340499,3564.03227742574
4625.80706222756,4742.0406210508
3745.90212920464,5017.44709234861
4174.53550910813,5796.38325482555
2893.15967523439,1390.956937815
4775.47338283879,4020.61869281097
4354.67688651247,7822.77581608486
3950.25016116068,2823.00318543642
3030.74709675572,4706.06621049217
4783.30877571011,5339.74017683656
3868.40768632957,3733.67503881929
4015.22585048817,5782.62988775626
3400.86386560391,3984.35970066778
4042.862451372,5344.96878202678
4334.42806610131,6225.9741680718
3410.2549385057,5186.63528434632
3345.69576223121,3360.51775321382
1619.46175311941,935.848295821478
8813.74302858151,7293.55893691624
3491.06078384107,4898.66874350019
4347.58523948032,2913.70669411528
3944.03726188282,1292.29698471567
4818.9509091625,5351.73150607102
3520.91272270388,3486.4000702948
4281.61048807908,3579.37684880807
4363.5145289463,7218.37019885862
3993.77931251199,4578.42227843162
3554.56838501826,1355.94854007941
4261.03362771943,5488.12769613618
2191.89001774372,1825.20835022048
4218.18286956153,2477.80720336536
4011.61139256261,5025.51728483185
4502.19631130245,4446.5726280353
4446.29829816975,6305.99360452756
5104.04750888223,6322.98604282669
4136.81886206409,4472.60148306835
3047.00811352313,5579.68389243057
4957.81500283866,4318.98535857851
5089.33884949709,7150.56958776286
4533.0388940531,6755.64603949151
3725.36867840311,2029.85929792198
3786.53590427285,4577.62646484747
3041.24063154564,1571.4544992396
3541.85092415443,3435.08108835383
5204.69220404719,4365.8144634544
3727.97766632006,4525.28459605207
4493.62298283318,6596.11924429008
4192.68005913248,3484.24054852315
3785.10855266294,4582.45716324561
3615.83698224295,4638.60684358472
4146.75456543826,6600.66578395892
4054.86850794669,4345.35503494463
4438.77526486768,7148.97880630507
4490.88367898076,5673.28543957859
4082.99624147651,3940.20177241839
4506.84238174766,6342.2521738155
4030.9265973793,4819.04763669176
3849.56283972517,4099.84189282733
4102.14350501358,2879.38036190107
3440.31279777696,4075.12008337802
3522.11518497461,2740.31299520941
3315.25461159763,2527.59185502467
4046.98118115094,1765.7054277335
4163.87883450983,5083.03109621371
3295.0609090013,6974.39159845061
1014.79251329386,1629.08195297042
3898.88587218981,3851.54424887603
4133.37989391523,2677.7412007315
4283.84393542696,7386.42133308387
3929.30225747484,4595.13055800145
3714.46879089521,332.636187543827
4222.89576664231,7191.43178217865
3608.51872138988,3013.10537533974
3739.65417160696,4161.33392641943
6719.19764433193,1098.44396301385
4161.79724554777,1043.43081187814
5112.84656932131,5267.16595280167
3754.72580827466,6617.20407571747
3797.32304507874,4956.80795779967
4094.62699860109,5729.60595343948
3685.66765691611,5303.25411142308
4061.49752556825,1992.40721968545
4359.79563404463,5124.4616080881
4266.7959779825,3452.18748614336
3931.76389759148,5493.81087072223
3823.29301797364,4173.43900371666
3866.06485915868,3781.35704273833
4462.66969078687,5139.57868334489
4575.78285354947,5591.05024160267
1171.82108237559,2107.09380968848
4569.99344511276,4972.4366879113
5178.45123076152,6986.95124514368
7614.00023366549,7514.29276126995
4778.20853683047,5641.97131675156
3588.13668831978,5037.90652085838
4184.18061749497,2371.53183860626
4194.42377225783,5673.39918764136
4150.65902407078,4362.97287616137
4522.60539475245,5023.41442566396
3751.1167139834,5430.2164008175
4456.89344298381,7049.86407238228
3945.90402025381,5222.04137744635
4838.79455307148,7775.32130829136
3923.40177157473,2475.53393353094
4260.71330158935,4537.90090534889
4602.82541865441,4835.8130017206
4334.02304196423,3066.12930965652
4418.60557686684,3615.01043803365
2339.09492986819,3528.39868820017
3999.85871318958,5713.97722332785
4854.8213773725,4866.67255515179
2956.47354924107,1104.86597143885
3779.50529405809,5756.31687399391
8789.02439368092,2574.42117132819
2460.77759962895,1590.83416686356
4061.90048121783,5660.38497155246
4930.23616926581,6062.35582545261
8461.53584529483,5827.41321892327
3755.29676382211,4710.15818076517
4470.32196400514,5262.78982379936
4217.8417250248,5340.59265302447
4927.03865639031,4930.153699849
3803.36568685822,6430.73928669132
6695.29990277379,1519.22616707935
3302.87817583637,1681.5375698286
4270.85322293207,5553.48420387574
4405.16311210493,6016.7200180977
4350.48688256303,4993.12318969137
4178.12739318971,5318.42827213888
3092.41400024854,520.919782722373
3561.03160240225,3812.84157623189
3522.08404481671,1810.5456329319
4609.39676261734,3314.54091309822
4195.74305962438,4455.32446318466
3217.71184944105,5348.54909744494
3839.78891529103,6741.66559915193
3376.03917293074,5317.34829982543
3294.79827511173,5297.96884362911
3793.5655472009,6074.57465081262
4582.58662260403,4750.90620426294
5232.84403693056,6390.95706458898
4319.27399012842,6802.87347401472
2616.78842583804,1000.35232737313
3896.03188097984,2164.60740964271
2212.9937438064,156.51462297926
3827.1363934118,6162.32261270805
3774.76968284865,7037.13359216743
4257.72164617227,6804.01010893193
4377.57017757106,5717.89836007907
3969.7603223151,3959.80872474025
4436.32365739352,6868.6274656911
4284.23486588054,1156.58286017189
4631.24661579689,6320.8831836588
3877.00652499559,4802.28227166292
4201.48122767891,5203.17357610487
4473.19929652828,5639.35722558408
4336.46596021543,4624.00100032753
8273.31129585583,1094.52250912119
4800.14036598688,5369.91766474638
3404.10870763817,1404.53968279013
4187.39926062438,6095.09074192615
3585.06448886989,4769.09236293829
3972.9368307458,3928.49417905798
4470.03464575295,3072.38080170117
4015.62621172783,4902.87446183597
4310.72009201683,1041.72585950232
4073.24208693793,5321.72442882774
2385.19810512408,600.654690450488
3994.8074328351,2991.45243788137
2370.93628647827,1431.25060334455
4190.00402895092,5858.27277235447
2090.18915650214,6242.85328116341
3957.58766187301,2794.13274311034
3359.41520215069,1922.44729824567
4103.73994929639,5714.77261405674
4380.42963592349,3971.34548457888
3741.63044887481,4154.51411691617
4065.1265530385,6223.47382496709
4041.85068321608,5562.29312448412
3584.63382611305,4695.32484138243
2711.03757554613,423.907960824383
4677.4844658502,6320.8831836588
3621.77017580414,5714.94344757853
3924.25224830757,5180.0429709686
3933.21722937564,4703.50878192844
4616.22607010533,3255.43589740331
5002.24650799161,6978.19940999431
4144.36048224105,5430.15931535849
3913.24584528907,6618.96569069704
4423.80204736187,6302.18579298386
4372.78511168092,6530.3652526137
4690.36301916548,5132.24721898678
4084.13767774178,3455.93821222805
4458.78103229957,5982.27972639309
7286.68082416771,4170.25659509057
4734.50869765049,5759.95385201583
3578.04045650551,4950.27230702572
3709.97643191628,6813.27359893614
3648.63231334133,95.6478271269497
3528.84900754018,6792.01835684222
4121.73496624635,1267.63204929775
3610.03740111287,3986.00799043984
4160.63638672494,5833.26680417585
4539.64039512444,5159.29938372953
4722.31685199368,6246.03611264475
4355.91272395018,6359.24461211463
4075.88997348481,5985.80337920749
4776.47023285201,6989.67908437393
8997.03233434187,4695.95024430005
7367.22549193447,4745.2801151359
3150.3585436936,4641.05052408567
4091.39944889143,6824.12829325339
4072.63451160487,5495.79998182735
3262.26759291769,1229.61154788879
3801.04450911912,5105.53629843236
4639.36468900442,6248.08188635363
4510.08201397102,5287.22747451937
3997.35220982815,4424.46490975347
4864.37313980768,6359.52877084393
4139.24105298426,5728.81013985533
4365.41427422111,5256.82249048401
4723.87238721236,5025.57437029086
3421.47625687022,5262.56275052907
7567.16976570007,1551.27922945913
4226.28058732404,3519.07832416457
4403.24816427363,4697.76852188338
4420.411920915,5536.7188388469
4410.58698726479,7084.24727862787
7979.27375904493,3742.54062203142
8135.91251357076,5271.03042694914
8071.80827764186,139.521933609821
3947.37446564223,5767.28531637393
3745.28494331527,2943.88439345272
4128.01452916489,5406.00582336779
3938.60516499938,5490.06014463754
3981.93437353649,1335.03443645999
3887.2949057805,5750.06538194926
4439.95811372162,6294.39975922992
3962.6984813125,3494.86795814248
3769.10913011116,5549.16516033244
3839.37331442904,4727.03687100153
4217.19246424014,5914.19537942328
1014.66451740227,1450.85755566642
4985.77632065154,6871.75321171342
3684.08839527132,2680.69653608729
3760.42295077095,6215.85820187968
3643.67266636769,2059.86658659289
4117.7475016002,5787.74474488371
4245.15569706261,5444.93556928222
4163.48553290829,4198.44497189527
4005.77117647432,4621.21649849351
3326.42041177495,3178.94032518958
8571.37742404725,202.491502737546
3813.69600923072,1802.93022127212
4302.79129265456,6722.45655362213
3713.72831409441,549.165139272271
4627.70728161408,4620.93233976421
3682.5067329614,4505.05224081258
4445.41841042784,4114.44773608453
4464.7796626925,5564.62347977755
3414.03270969221,5543.08407895432
1564.34228789945,622.421270257816
3603.31235334799,4749.31499994989
4067.58347548543,4780.00414271456
4385.27270561239,5524.61376154966
478.603738868989,3426.32904177684
3664.97569066773,4721.01287508242
3189.03200343461,5556.21204310599
4072.70781895267,4556.03040142049
3940.11155200751,5407.76786120261
3301.04455196917,1126.40516083444
8252.5545492755,1727.68503203836
3877.28535636388,2002.40964924242
3964.10870091823,5640.09595370922
4202.93527421611,2283.27222185598
4308.86842217497,5844.51982814043
4332.30499830231,4304.89074732091
4315.64974475916,6304.45906281828
4677.56860828378,5114.34521904073
4564.97228817259,5928.74413722147
3634.79473332753,2775.0372342157
4223.87021273033,5079.05287400347
3936.31307032778,5475.68179750589
4094.97407861862,1124.47292376071
3786.78095835341,4099.72814476456
4177.42703752895,5250.74140910589
4823.6969622739,4882.81294011827
4271.65282236518,6217.96106104757
4810.69238962857,2381.42052010046
4308.50540240688,5304.95906379889
3625.36999864369,4510.22418339904
4433.42016191759,5578.37642399158
4084.71487251289,1535.3663406182
4693.14677355982,3481.17167653221
4306.54405577094,5243.01246081097
3909.2794958845,4345.86668979947
3969.27133014035,5844.57649074419
4572.79500185076,6423.06700100016
3503.2884231345,4618.82948059632
4071.64747281681,4291.59237250271
8643.50766454838,3772.03646727511
2937.14508329076,2718.14861432383
4116.19631123366,5758.24889964001
1337.39179510955,4708.05532159728
4300.26009929054,4957.2625271955
4584.65486488374,6036.89528787817
4638.39116053308,5296.20680579428
4482.5569151465,7173.75727835814
3374.02864331521,721.706309133319
3677.13130535914,5455.90401166224
8728.86014919755,4497.72119930973
4384.01425016527,6587.13991301517
4215.1843766188,5545.24360072597
3847.29943268392,6462.05340951835
3937.98527273877,3491.57180145363
4406.1800027643,4807.11297006106
4027.56196417419,5860.94394898096
3679.74911143803,2401.87994861023
4076.99969747906,4996.19227310994
3833.56141255771,4126.32574011147
4223.99309967759,3144.27296021468
3322.41248052752,4289.26201720928
4427.90365512942,5238.5796692049
2891.02300545341,2001.50029902312
4420.68428135147,5546.60773176872
4350.85019538207,8798.12190025829
3966.81819980487,5003.01208261319
8056.71934852548,2323.96358274998
5267.7298252884,5632.02576122598
3809.0002931805,7094.07950894594
4501.17407483544,5296.09348058676
4173.41054321091,5118.03928252166
3183.79767798836,2978.55175842761
4625.73862326069,6058.15010711684
2381.41672605709,1114.5841365527
3747.93487222813,4402.47093953441
4482.45957890105,6641.64172643748
3774.02850530152,6350.54943956903
4295.6236499561,5521.71551165288
4018.24024910995,3926.27799468257
4280.07352682402,6434.77417150532
3684.25687737748,5207.4359570444
3416.7194529429,5459.59807514317
3857.59488991866,6088.27093242289
3737.66742719458,4777.61712481736
2822.27505594773,4826.43576365362
8486.92190583318,2787.48334427362
4056.83626861883,5478.86420613198
4127.05725764338,5941.53128004007
4867.99212613746,5838.21125063676
4475.97966337405,5874.35649471718
4028.6560566361,2810.38645328434
3755.14153609924,4032.09836719059
3394.87203527059,2813.91010609874
3557.30004813373,1576.56935636705
4213.92067396594,6205.85598375034
3150.69212413197,4559.83821296419
3727.5937052362,5852.02128030981
4050.37414895663,5281.82845866263
3977.13167074501,4449.30046726555
4189.11637829382,2029.34785449476
4907.32236739559,5886.29116134789
2242.35656248045,168.847103902449
4172.29001640922,5207.49261964817
3970.75589362062,2996.16959964436
4163.42142751256,4141.44281536826
3474.1445887944,1060.9917790635
3451.92067809821,5713.86347526508
7098.34427984486,2968.71973953717
6593.19187600643,5538.76503541103
4306.36492298127,5900.55576041677
4601.72577838438,7286.5682938912
3941.77659009191,6642.89210941746
3694.09206113478,5287.1137264566
8104.74214549878,2486.90028270304
3029.31067363251,2809.24981836713
4615.55478835828,6064.28785109872
3758.93816796469,1281.27166830426
3512.62868451071,4981.87058858204
3965.05793096811,2026.10857183729
3579.65906646418,1379.5905886429
4049.75993820801,6207.61759872991
3955.40586189071,2915.41164649109
3898.69817064067,6110.43531330848
4180.12779587131,6026.89264689357
2288.47051272857,653.906015178999
4122.37818598325,2545.83467630379
3825.6015054215,4621.95522661865
3837.70942943937,2141.079109142
2982.36506577975,3815.45609025462
3690.14452886343,4970.73173553549
4902.5997013665,7054.06979071806
4042.16287470848,6144.1364540327
5650.98140560283,5547.68728122692
4299.53025433864,2866.87737781176
4025.92772313268,3189.56794623654
3442.85602519457,4044.03303382129
3934.2577028081,7265.25638919352
4380.20427631035,5324.39560545423
4119.60074692978,4147.46681128737
4360.99906825346,4474.36309804792
3600.53083722438,4906.22770398384
3444.94671396331,2817.32001085037
4082.31131650479,5367.47398424543
3829.38564864841,1960.92247476426
3423.49987233278,4582.79798457868
3190.48029351465,463.178686642596
4219.21351145417,6742.68848600637
4509.12090996249,3627.91132891503
4609.21893495306,5408.79074805705
4584.74231554031,2810.61394940988
3790.05661505036,4681.79897043869
8710.95780017497,1055.64963723814
4264.42671845993,6709.95356953283
4257.34719207695,6595.55092683147
8517.00132578849,1009.10447966393
4163.73963677803,4595.07389539769
4106.13049032879,8240.77330688872
3854.3924292322,3543.28869018667
3676.38932278027,5205.10560175097
2533.60160392769,4107.74167464404
7760.21967963805,7876.48181592302
4067.25767082783,4985.84881079228
4646.98994919175,4693.84738513216
3810.14969045275,5357.69883938637
3663.93800807153,219.768350836288
4842.03042003786,5934.08649047445
4382.23670867954,6367.7693739937
4749.09458560497,4522.67008202933
3565.51565678964,2860.0575683085
3890.79893024691,5406.46039276362
4318.82290362655,3975.66452812218
3860.01847506686,5288.53452010311
4774.68459533045,6713.19264076267
9329.44960984509,2371.3612165121
2978.17064644713,2130.79252085572
4189.69063140492,6027.51804981119
4231.83451146119,2766.79663106592
4235.84997707281,3541.24270505016
4080.87206025964,4050.90992878356
2836.67513692901,2643.13070978799
4271.75099850304,5796.89448682514
3916.95221823003,5318.31452407611
3393.79861944197,3291.29677132681
4340.06746086106,6899.08953518547
4293.21366411964,4687.93671442057
4158.84032907701,4952.65890206765
3944.0852392701,4872.35572973784
4306.94183347715,7291.28566708182
4472.62235632101,6852.82832491293
3706.55929892207,6637.03810130963
3914.11564337177,4633.32157579075
3955.17339331137,6804.86258511984
3580.46380140421,4678.84363508289
4546.07198860546,6080.03032927312
3502.58184090025,1186.87409614447
3509.74800395655,5871.45782196515
4203.39382259243,3244.18329629399
4359.14447860166,3970.49300839097
4179.03209191191,5490.57137663713
3774.1565428336,4799.27027370336
4592.53431782701,5424.36239270967
4666.46338100245,6178.34924961176
4411.24665484397,5485.57026757246
4756.9202848006,6606.46270660774
4826.44223869204,1364.58694430744
4157.5965522783,2839.65480240249
3825.42555429894,2415.34915695022
3370.79972252439,4983.85969968716
3522.49893237957,4992.27071350346
4533.99420306594,5189.59061970211
4176.82149753654,4455.15405251813
3843.69813523101,5284.15881395606
3507.63967572989,6876.35683684127
3915.87386870788,5280.06684368305
4220.97733732418,5849.46385174609
4301.06407786372,6808.04499374592
4371.77522540859,6277.12273934623
4347.91824623887,4100.12605155664
3725.57749305164,4882.4150333262
4525.94688945217,4184.35078349292
4241.04507475225,5049.72786228156
4226.45426879022,2017.41318786406
2976.33507809669,492.56073096661
3857.90734903946,4955.38716415316
4269.22288004631,3375.63503989824
4143.40853290957,3864.3880542984
4543.22428549799,3691.449136216
4040.6047546008,4873.37861659228
7824.73083346288,2511.79250281888
3797.04766662382,6622.09143671937
4325.27300138864,1971.32259968568
3807.68114722659,2679.95759653453
3928.63512248313,5697.04144763247
5049.65832432962,5849.86175853816
5121.5560804179,4668.27309949494
2168.20693202545,532.74075414721
4661.09803779655,2381.59093076699
4759.3553664083,5872.5377942786
3872.37549784617,2545.20969624142
4104.58670704164,2437.2293791065
3719.00596825899,5795.70118930417
3732.22595655031,3157.85591661744
3216.65938572367,3976.23284558078
4038.61158344907,6619.81816688495
4070.3398723926,4706.8049386173
4452.10358241757,6472.1127131067
4093.52337546729,4481.18290755118
4375.97129489659,4692.76741281871
4181.37431444165,5857.6477922921
3674.7091851685,4799.49734697365
3903.06829352143,4017.77710551795
3852.05544745348,502.222127762893
3778.84850219604,1622.31891178474
4139.64945377384,5379.97696833473
4710.94353327661,6188.46521580388
4576.92506561135,6468.87321902161
3502.18484400245,1277.17980374507
3942.32592323014,5554.22293200088
3570.04062959672,6766.27366053847
3980.52669853203,5113.6064909156
4173.86296893377,6452.051191389
4547.62033167471,3436.84291476103
2829.83677045065,1486.03646978235
3249.00461741202,1585.26463462647
5100.01245874932,5384.18268667051
3599.91290738531,5946.75988523029
8485.66431286486,4271.30335465947
3692.44912721931,6951.37474137711
3606.73537835667,4918.73068807315
4511.0536031949,4886.73407686949
4726.41684633927,6191.25014049314
4542.44257938452,4884.17664830577
4457.82921876152,5090.0213163835
4059.10667924061,7856.70403007937
3104.97137845548,3678.32074920907
4136.36959521139,4882.35837072244
3886.63955714398,6204.03728331175
4043.90950914728,5036.76988594117
3718.27404899322,3690.02834256949
4095.06261136648,6093.49953761311
3169.73516233516,3055.1608672765
3850.93428690696,6457.50686984951
4195.13163470145,6775.02591854308
3514.04237547189,4297.90052715112
4259.13088732285,4053.75151607658
4562.93312175359,3827.61783015562
2606.28854022303,2508.78050485933
4154.90316553021,5793.71207819906
3887.31058737577,2761.68177393848
5152.89433134594,5277.67982578586
3594.5750659978,5924.0271868861
3871.42933724267,7101.97844505214
3222.07133974556,3342.89991199707
8345.72527065696,2312.54057097413
3967.79469605539,3929.06249651658
1129.68239572861,3483.16078763732
3413.95943451541,5939.03093693536
3821.02238185145,5897.14585566514
4092.97855789522,5820.59340942001
4459.38890537403,4063.41291287286
4341.55839505081,5405.77875009749
4535.62629052978,4252.15097173343
3974.59962866953,3769.53570131515
4587.73167636448,3679.62821764807
4398.91654842937,5298.25300235841
2167.46353324091,1052.75117591373
3919.63880492458,4117.28932337755
3443.55287314314,6456.14273880676
3805.99752584472,3297.03681994424
3878.01250060764,7004.62617181944
8396.97796076889,4287.10249543763
3619.26660308539,3716.56885245738
4027.35347496228,5755.86230459807
4286.73931372416,5657.94086819626
5556.9153340042,9338.25098205843
4342.62567555963,5213.97160781836
3949.24330539908,4035.33786127569
5067.33136517629,5412.48481153798
3616.96199842779,3382.56859746427
4010.34346504666,2846.75877063505
5058.49499257788,6278.31645972245
4634.66045954741,4865.30884696429
2239.08618858695,4.09188561936591
4016.02066993131,5664.19236024091
3293.14666712556,5454.54030347474
4872.80467109795,7165.28917908282
4348.55199627175,1597.31294360613
4704.01311730856,4498.45992743487
4098.35740033434,5370.42931960122
4296.00522655159,4602.80284369262
3881.91827952789,5013.35554493085
4706.42695958992,3801.53231251881
4178.72581505046,4752.09992463916
4824.47519696854,6974.95991590921
4511.14199100198,4642.24424446189
4540.57217786923,4438.95700494789
3938.63073527496,5014.26468372252
3644.94479821133,2928.7671067683
3980.0007463018,4683.90182960658
4152.05390042448,6200.34321983082
4013.62517359665,5061.37837018296
3774.98768217189,4483.11535605254
920.115542779768,6116.11848789453
3814.79184107046,5807.86335206042
3748.48172070267,5334.11366485427
4094.98737049739,4910.77424365268
2582.11361621499,735.743729218096
4861.06679191294,5946.13490516792
5106.90732401781,5814.62607610466
4982.8196303145,4242.48957493715
3303.42627598185,4210.83420792181
3544.00492908024,6659.88454771659
4367.74585000665,2155.28704560712
3760.78681062031,5484.71779138456
3741.79243521244,4561.99773473584
4122.99443389372,6857.48861264454
4167.09163923272,4952.26141813083
4513.23035864869,5592.92560464502
4412.08503776333,5859.35274466792
3824.54348787195,5261.48277821562
5120.60403230123,5806.32881035113
3425.12298234044,2013.5487137166
3064.24055631108,4286.30710470873
3720.71598036851,5065.81116178903
3990.0476085646,6604.58734356539
4599.87929476293,6640.44800606126
5126.58713542193,4870.08245990342
3650.03313459803,6199.43408103915
3710.70345579089,5598.15420983523
4705.65454985279,5103.37677666071
4916.73018628241,5400.77721817757
2329.18168680227,432.375901528977
3439.95818688877,1822.30988889607
3269.55108772154,5662.54449332411
4693.53177106734,4924.75468399226
4999.16087601466,4283.12427322739
3393.49266814417,3168.25604153886
4459.68330477099,6189.31769199178
4269.43804420079,3629.9571026239
3162.16164572206,613.612349649441
4284.26915035602,5164.47090346073
4747.83502627835,5332.46579793747
4711.38672185909,5782.62988775626
4604.92740579739,6131.80430346518
4831.78353865789,5576.84230513755
4276.9974311779,4479.47795517537
3500.71084423017,6174.82559679736
3418.13638112898,1658.40707040615
3517.80271958134,7100.50098880187
4296.28799961103,4297.21846162974
2620.80223491498,3850.46427656258
4155.86104998234,6367.14439393134
8232.4177048325,517.3393615904
3401.31899595469,1906.19358807167
3716.137858363,3261.97154817727
3788.28918898532,5596.79007879248
4588.8723918867,5362.30246451422
4250.30459969073,4994.60106879689
8668.7637455986,819.570554362309
3861.95856949099,5725.68439383301
3818.2845964075,3030.04115103511
4376.89878560915,4426.45402085859
4396.95299480007,5663.11281078271
3780.99714263087,6105.60461491034
3587.55385249418,6400.16346913418
3042.13515958187,3244.63786568982
3975.59534929395,4946.35074741924
4310.65175104029,6473.4764212942
4322.70228053868,5637.48143968649
4812.67948635593,6361.40455674153
4177.95750789801,7388.41044418898
4055.45111105639,6341.91092962718
4096.85057489992,7155.74195320456
4108.16104786068,4403.66465991063
4428.16676570612,5422.03246027149
4246.89445417426,5350.65195661283
5217.86933883926,6731.43588489704
4377.39846234872,2277.87320599923
3435.01063974042,4128.76942061242
4172.2929694031,3473.10148404897
3977.36374757116,5729.49220537671
4389.14573335927,6047.74998219542
4431.54713500152,6062.35582545261
4089.06006150581,6274.90655497082
3472.19002071466,4605.92858971494
5004.97292506512,5436.92246225799
8310.40384614421,1798.95199906188
3934.09248735137,42.1691549329456
3629.1799501329,5789.22220113398
3867.85052688553,3710.37402301649
4455.36989509987,6292.06982679174
4291.13564783409,5044.32884642482
7983.95517643548,6726.77559716543
4349.34003889718,4967.09433465832
3887.60780821053,6651.64394456682
4232.33445581282,5722.89989199899
3903.31677936367,4817.17227364941
4248.55290803011,3059.76428097672
3775.5118701711,1576.05791293983
4390.93860285873,4671.2850974545
6559.73214655905,1052.75117591373
4429.05093516057,5417.65633126918
4519.8273956664,4506.64344512563
8513.67172808378,755.975873029953
4152.40256065262,3984.01887933472
8760.98808329436,3322.7246422166
3785.83935638864,3694.34738611278
4455.15071922562,7545.20940016016
3796.38054049292,5682.15144564598
3753.816908213,4972.09544372299
3705.37745362137,2467.52061507909
4098.77859045431,6192.72759674341
3510.45082715573,5127.24610992211
3650.31128226971,6183.91867613504
3863.01580969455,4441.96900290745
3273.58505094976,1309.6875412345
4865.76524001816,7110.21904820191
3499.99474199948,6652.21226202542
3708.45233637137,1278.60059739158
8043.50993241822,2885.12019909088
3342.26969111992,6677.04781953751
2184.17891059982,1950.63588647799
4185.68066496039,7484.34276948568
5858.62969267497,1177.15593103062
7850.39685035519,3937.58725839565
4247.70560197015,5963.12734346706
2844.35729596213,704.48626899483
4505.61252530611,6064.57200982802
4093.45232963256,4427.53399317204
4285.22197977495,3437.01332542756
4344.49169930492,5633.84446166457
4841.00487752001,4284.03383487431
3513.53906328664,1141.29505710713
3379.86937605306,3399.04980376381
4034.13144978082,4840.47328945221
3428.19077748063,6230.57779319965
3463.93345762695,2034.00814222637
3455.8009592632,4088.07763686316
3716.68253237282,4949.47649344157
3982.72324289843,2730.1970290173
4329.44065531646,4923.22014228297
3868.03660456578,6634.53775820492
4009.40740205032,5125.20033621323
3593.37608082288,6041.38474208799
4197.48801574145,5179.64506417653
4715.69605550384,4038.12278596495
3916.82470062906,6203.01439645731
4794.78741326352,5368.32646043333
4177.50621636113,951.874827011372
4997.47213429316,7791.12087192478
4708.22330588883,4746.70090878241
4501.4355346566,7111.41319143339
4004.04748106754,2091.46507957685
4192.22046674381,3785.33526494857
3745.61710922026,2901.0899619632
4210.78731127958,5264.77893490448
3987.15432817112,5113.77690158213
3521.66357204073,2087.20269863731
4439.53764914937,4132.12223990504
4271.68586379074,4132.52014669711
4173.96306337968,5667.03394753394
4355.07273792685,5071.89224316715
3208.8616259157,6252.40092989692
3542.86653766696,4254.65173769339
4064.36691367434,4261.47154719665
4348.93237462847,4704.13376199081
3804.35386711472,4628.71837351815
4896.77302004357,3756.23732649695
4001.50679584953,6086.85013877638
3345.94525566955,3016.91318688344
4130.30193486127,3416.72430758432
3873.5597508876,6771.90017252076
3342.28291309378,5360.42667861663
4499.35582233567,5897.7708357275
3682.65713127417,4128.37151382035
5139.0263130926,5888.16652439023
4096.72633520205,5797.17864555445
2424.09713046297,5978.64274837117
3868.78585719382,2829.4250881476
3981.43786426233,2798.33825001849
3287.10187274468,1243.99000073426
3612.28420843274,4924.52718786672
4153.29356651128,4249.93478735802
3779.69703567719,6898.00956287202
9023.01458189484,2343.79781976977
3633.34732843473,3241.91002645957
3170.42226432475,6148.91048982708
3838.65147825489,4351.83402311482
3691.79511664271,4075.68840083663
3236.96090397969,2298.73032987345
4105.12916892069,4125.70033719385
3877.18094146151,1595.49434888135
3591.79599838864,3568.40840642805
4286.86490439658,2262.8127933462
3246.6590330325,3370.52018277079
4072.20273931618,6048.03414092472
5156.54478364874,6124.18868037777
3931.95791658276,2982.52998063785
3059.47439419157,5325.8730617045
4040.88133443528,6839.98451949056
4837.76451731516,5917.37778804937
4073.17478435189,3770.6156736286
4044.16463100334,4617.92034180466
4514.73593677419,6608.6793138384
4599.04687446939,2569.59047293005
4645.04853058567,5225.11046086492
2601.45063522284,4676.34329197818
8213.3049705402,1502.11976928981
3823.29612361631,5258.18662152677
4343.75087445227,5083.03109621371
3506.96995751206,14.037440732006
3755.06595419091,4049.31872447052
4580.77160279306,250.684831155772
4072.97754915649,6077.64331137593
4390.38027382493,5661.06661421859
3633.83655790324,7842.32610580297
4947.73736239388,4061.87837116358
4582.92258342533,6286.55706287222
4062.74882891649,1596.74462614752
4267.52410097061,4856.38617829315
4450.6858990969,4291.13780310687
4195.31281368328,5269.83712942817
4085.17605371597,6560.03108566867
3547.68025084642,3482.02415272011
3036.55311312325,5540.12874359853
2249.27242503004,1529.17172260493
4431.859195299,2619.03409182867
2663.42752790358,514.043099187729
4168.51861962492,100.76267764728
3855.00579184533,4714.19306557917
4066.1677968123,5124.7457668174
4109.77296446631,3715.43221754017
4788.23312838536,6486.77521896766
3576.7509742749,675.558952637368
3961.5819081444,5287.73912937422
4178.55261532185,3611.82760655231
1442.20078329529,187.942573154417
3103.97969091159,5582.63880493112
4570.08846436727,6159.36770020751
3740.91245465472,4197.13792631153
4294.39233173193,2796.97433040337
4594.73769946716,4972.72084664061
4277.85520904512,4751.19036299224
3940.13013396134,4850.81675176987
2624.79696980675,1582.99136479205
4558.54454705641,6698.47347229796
4057.87308928211,5754.55483615908
4166.21329500319,6278.20271165968
4351.306220741,4044.65843673891
4303.38561999966,5569.22668205014
4188.69370453055,1201.02526429202
4620.24884475124,3619.84113643179
4229.89184128686,456.415751170724
3889.36227884257,4166.84669033895
3915.9520752188,4142.35195415993
4223.45984134439,4898.78249156297
4512.39061373155,1330.9425719008
3449.18178335849,7406.42661505306
3522.04345159361,2400.74331369302
4185.83462664145,5097.29569528259
4206.49731658095,6069.80061501824
3341.09226451369,2004.228349681
4246.81900380182,4585.923730601
3986.02781046842,5367.70148037097
4420.62412549141,3124.4387231949
8874.50983564696,3532.77481720248
3563.92091025582,3325.50935547824
2369.55788747241,2019.06126620849
3588.11013926384,6574.46651825933
3920.71682150925,2420.69129877558
3087.39708451494,1687.27761844603
4275.71304279909,4910.26258879783
4188.21917410418,6074.68839887539
3146.04198178074,1769.05845845374
4286.36166147982,5428.3406149199
8244.76268931295,2790.89324902524
3454.88595537952,4770.00192458521
4465.77139804187,5174.87102838215
4685.3616654157,5066.89071124723
3866.534393531,5514.49779535755
3364.48195076023,3755.78275710112
3356.90143552152,4037.83862723565
4285.95135878501,6344.35503298339
4360.54186880694,6578.6151511361
4262.30833564567,4740.67649000805
7598.09485095152,1633.23058584719
4593.85386482563,4895.03176547828
2137.93831414032,1931.19955625028
4887.50870899287,5658.05461625903
4438.92544351807,4892.75849564386
3733.86023284354,1748.03071248537
3980.62063034665,4028.29097850214
4353.49966251348,3969.41303607752
4054.20133314663,5125.37074687977
8770.99202828813,2676.66143984567
4323.9186299468,3847.79309993609
3989.68337029409,6338.04645547972
3855.98389677272,4933.27944587133
4515.38932650437,4228.56579720133
4325.16810529514,5549.05141226967
3418.56420731646,5403.05048801199
4129.34951552001,5378.10160529239
3602.32889003705,6193.63715839033
4397.1647457836,4442.31024709576
4138.20694809324,4592.85728816703
3553.69759542713,6514.9069331686
4273.56556147591,6737.34613275338
4654.10107491707,7336.52356764466
2161.06882225561,2037.24742488384
2079.77446137054,5798.88359793026
3606.84805209628,3155.86680551232
4187.55059991457,4509.03046302282
2620.07318861751,2003.6600322224
4163.62946981494,7352.7206152149
3560.48919101709,4471.69192142143
4255.22350770594,4384.91018377667
4935.33202320911,6085.08852379681
4387.38596436893,5383.21646241983
3715.72139335261,1492.40160417596
8214.18328852764,8502.42683397249
3749.21230867709,5120.14214168955
3022.42441952875,5731.8792232739
3839.33937656915,4293.6952316706
2807.15059445626,3898.77126054399
4607.4737825898,5588.77697176825
2687.52953878853,7122.0403896251
3527.1605514438,1940.57679431726
3933.00703035955,6134.6458907582
4097.47906704057,6294.11560050062
4357.45536770973,6042.80553573451
3393.95129777288,5626.39924924369
3787.31541434603,4559.95196102696
4547.83678161315,4275.79323172454
3945.30383334926,4671.68300424657
4011.1992883287,5757.56725697389
3945.92211000547,4216.97237475894
4269.00819770377,4995.33979692203
3763.89660640777,6823.6170612538
3856.17863662902,5560.8723308376
4022.13698645006,6320.76985845129
4244.99712943899,7690.01702689687
3331.11526833648,4285.34088045805
4599.43884982574,6472.33978637699
4390.63091121763,4427.47690771302
4182.96231993663,5142.30652257514
4625.93204492684,7084.41768929441
2817.03854686903,271.59890834674
3987.88949637269,4204.58271587716
3819.59925533983,1093.44274823536
3919.66396861089,4845.36065045411
4170.13317337179,5613.44169575855
8753.16067444917,939.883392063098
3436.55385402875,3066.29993175068
4154.16887154059,4590.24319699955
3948.17448120843,4549.21059191723
3871.69092876575,5886.34782395165
3583.60306556024,4346.037100466
3924.03852679247,3757.26021335139
4063.99394351973,6420.8503937695
1889.17851285053,4405.48293749397
3651.59980819907,4603.25741308845
3381.68243355559,1579.41094366007
2995.67842686324,1922.50417227705
3919.80374149947,2934.05237456228
4179.90487869787,5256.82249048401
3767.2469316662,5930.50617505629
4268.01770112665,5373.38465495702
4046.92143462949,5079.56452885832
3823.83698996589,6875.84518198643
3830.67142616435,5791.55255642741
2646.8070250165,4433.21716775808
4215.28065330794,7130.73598502595
3697.60173143625,5795.3032825121
4524.34424750995,6064.85616855732
4489.40412970985,6541.50410566025
4285.44650111833,732.902141925072
3938.62846229226,5198.28579224772
3390.95643993743,6771.55892833244
3804.66326576403,3920.25357590821
4411.48405078063,5857.30697095904
3878.577737542,4746.24633938658
4253.2694162546,2207.62912583015
4587.93377509711,7027.24512210086
4417.80072544887,3682.75396367039
3806.53626406056,5140.7153182621
3415.62336670428,1672.72864922022
2863.36436706219,1930.06292133307
3993.05163228971,3477.0797062592
4025.11363048966,5132.47471511233
4016.79713188226,2898.53253339948
4092.31500858508,5244.94490931232
7932.1516271433,5861.91017323164
3001.21763027696,1775.93514198839
3290.01124516695,6367.99687011925
4134.40850502296,5317.51871049196
4210.44041614815,3615.18084870018
4236.91506299336,2299.07136263414
4233.13845700886,5913.85455809022
4099.29951706964,3105.51383639441
4364.88521246963,5255.91335169235
4775.24905658329,4784.0394503838
4253.60526619656,4694.01779579869
4203.14550438216,6950.2381064599
4056.74227753842,4205.20811879477
4591.89698793671,4992.04364023317
3985.51682288395,1548.7786749268
4243.45420724896,5213.17579423421
4373.49258018876,7209.50461564648
8519.96216953771,900.896772117281
4551.4472220822,4910.77424365268
4756.37130423391,5079.10953660723
3422.55535451998,518.419175333131
4350.75699238082,5697.15477283999
4048.76499916629,4238.05678333108
3486.27537594643,5827.81112571535
4551.46829396232,6719.04664887051
3879.78003412639,4816.5468707318
2750.46308851484,7217.12023873389
3983.54748496102,4320.12199349572
3067.44838719301,523.193052556793
5061.53886010716,1357.71036648661
3804.53398988061,3805.62385993656
4528.95940182029,6333.38616774811
3374.85800000746,2743.04083443967
2933.00584101807,2719.79669266825
4591.52695908277,6510.75830029183
4210.4918260373,4800.2931605578
4015.47536159614,5576.33065028271
3701.58888977836,6486.60480830113
4377.69410498626,6404.93750492856
4031.86958282945,4658.27045851035
4359.21502860072,4601.0978913168
4287.85821752084,5941.75877616562
4064.91617428888,2963.20718704528
3754.18750949113,3534.76392830759
3301.31649106407,4898.1575115006
4324.49143360154,6426.36315768901
4349.57041522104,5793.37125686599
3981.13146608886,5615.43080686367
3419.07665832554,1089.18036729583
7499.25375586293,2951.61334174764
4963.22068346777,6457.62061791228
4166.96717994779,5565.81677729852
4196.72032115125,4263.9152276976
5211.2406114026,6645.16537925188
4178.20292795712,4788.13099780155
2693.10310283565,1123.0521301142
3935.356366481,5995.23727987823
3802.48046359273,3604.26906892391
2563.67367655777,2193.64847406294
4241.35439759697,5309.61935153051
4248.64514405726,6057.695537721
4161.54637463809,7004.34201309013
4149.55983785934,5638.6180746037
3865.4925746359,5725.28648704093
4438.841068432,5105.7637945579
3938.01269702983,3850.23678043704
4861.18400986349,5428.45436298268
2874.30756923512,349.1742414463
4440.4904460297,6197.89953932987
3968.24656807605,5403.78963899238
3805.55421494262,3102.16080567417
4073.65988861681,1886.81392044772
3908.69150679028,5613.04378896648
4034.2142154783,6149.93337668152
4294.76535358478,5064.56077880905
3055.98316578848,2103.22912411339
3899.04907134588,3485.88862686758
3553.93933758646,5401.23221042866
7996.68748891771,2910.29678936365
4370.3270830091,5643.84667979391
3461.42683176659,5885.66575843027
3633.71975450947,5543.87989253847
4416.25208936741,6659.6574744463
3981.20880829752,4689.86916292193
3974.34031605018,5648.84778885858
4082.92155974413,1465.12236616293
4664.61498565044,6506.38217128952
4513.69406172324,5828.72026450701
3449.34046914997,5623.10309255483
4353.84107751965,5883.84705799168
3869.95754660238,2556.17813862145
4348.42695518265,900.896772117281
3730.37532086812,5612.81671569619
4075.90555803519,4239.7617357069
4010.56101403993,1435.28569958617
3857.06592573925,3220.2570890012
3917.02005538169,2365.45075722814
3899.97592398434,6765.76200568362
3625.6435188362,5461.53052364453
8291.77869287398,363.723157815203
4431.66993733208,5606.45147558876
3792.11759082506,4813.47821016848
3361.36427820076,3976.68741497661
3947.15996520823,5023.69858439326
4300.80880269956,4486.46817534516
4645.41793794851,6473.02185189837
3459.79368506403,7166.19831787449
7494.17640913389,3380.6930229943
4140.728351473,4636.27691114654
4301.05612139988,6293.09271364618
4158.15911822556,4596.89259583628
3578.73576749591,5720.11496730973
4164.20805568138,6049.45493457123
3756.88721013509,2573.85285386958
3307.20776344219,6362.99576105457
4914.89361096681,4347.28748344598
3828.32122000546,3633.08284864623
4379.09276773531,5083.88357240161
4133.53430017492,1508.14397663655
4744.65835188101,6042.57846246422
3512.04459132056,5642.7100448767
3468.31641745496,423.45331214319
4058.43296469203,5691.41493565019
3765.1447758981,3316.01858077612
3973.22004510947,1649.48450744881
3793.05291034609,3600.74541610951
2783.25813108525,2356.69871065115
4350.58806430407,4062.50335122595
4378.0165542224,4650.08694081959
4490.0265080778,5687.77753477301
3329.26560094842,5420.89582535428
5175.91222034488,6451.42578847139
4107.57042683979,6217.96106104757
8483.73707799657,7428.0793410838
4532.45155304847,7245.47860334986
3529.32413498113,6233.76020182573
4746.78706113173,5572.46617613524
3698.27143498213,2970.87947273645
3593.7708096355,3932.07449447614
4137.95371689647,5176.68972882073
4603.93241079224,5736.99408040134
4062.4109819856,2277.98674263438
3094.02999061942,6617.31782378024
4825.97248389163,6299.4579537536
4341.85739026488,6053.43315678147
3495.96641891047,5385.31932158772
4888.85084700169,4556.59871887909
4196.61061125381,5439.706964092
7808.45409946512,36.0313250585906
4134.28562935072,5446.1859522622
4599.9840208698,5013.41220753461
4663.95940248951,7074.58588183159
4203.35060058338,5311.60846263562
4236.85363494386,6310.71055486293
2744.13161100899,2669.3301869152
3819.67823505434,201.184377868446
4876.37468425037,6942.67956883151
2913.87493367371,3678.15033854254
3917.93481441941,3902.06741723285
3690.71534921937,2905.1819322362
4116.48219290433,5850.65757212231
3556.62786758774,3601.14332290159
2730.03475189713,2206.83352367363
4096.00363999638,4849.33887266435
3710.11633775783,5145.94392345231
3570.66943308686,4633.77614518658
3891.8543098934,2119.19888698571
4315.31421671497,3711.62440599647
4250.91967003372,6614.1349922989
3874.22410555366,5889.01900057814
3821.83576566599,6501.15356609931
8827.96308569741,4087.90722619663
7405.49009682477,4332.45414406324
3567.1536828795,7074.52921922783
4172.96650162515,4947.71487846199
4490.00288264555,5846.33810572376
8485.19361697472,2569.53359889866
4032.88576326289,2992.58907279858
3240.19133124837,402.880241284457
4446.48046409632,5105.30922516207
4352.60222347781,3950.99980413188
4648.63712094642,4130.24687686269
4306.62482804128,5057.22931445094
9175.29534634221,646.972563326783
4959.93039338633,6582.30921461703
3633.70139090228,7220.87096481858
5166.49559613279,5810.64785389443
4514.76769372833,5293.13814523096
3415.88487854534,5109.8557648309
4161.57902709407,7287.87576233019
4477.34378666819,5914.25204202704
4451.37074582278,4775.34385498295
3987.32718624699,3171.66594629049
5036.42790486039,5718.58042560045
4279.3843453864,1325.48678772648
3758.26755697293,6232.33940817922
3897.1659797534,4814.27360089738
2987.66717088458,6746.15505336175
3892.42638773449,5051.43281465738
4307.49168717595,5419.70252783331
4139.16459487833,4794.43957530522
4470.51837534379,6754.5094045743
4222.56192160695,6405.05125299133
4076.69735397188,4582.22966712007
3523.54880737294,4982.09808470759
4802.27853116305,3300.78754602893
3486.20972967894,1862.09211099841
3323.84008871348,5489.832648512
3971.48269671383,5965.79852009355
4474.3210712842,6730.18550191706
4422.23509268602,4545.63027649907
4421.82798643133,4594.39182987632
3750.45748983705,4116.49350979341
4070.71689971182,4672.42173237171
4247.94510815366,5724.5477589158
4002.71856489484,6206.59471187547
4796.90064988084,6558.5536294184
4067.4571182735,6446.59509007325
4634.62744631891,6320.54236232574
4587.65432664894,7366.36023422142
4079.44616399072,4461.57595522931
3378.75178682548,2630.8550103966
3682.08316103102,1549.23335003644
3250.29560169621,2039.63444278103
3563.51036222981,5451.81246424449
3079.95342150615,2673.08112442751
3801.4003230847,5628.67251907811
3818.35047234072,2615.62418707704
4858.61048022216,5243.7511889361
3994.0149605051,6877.09556496641
3596.98750109746,1738.14203099117
5121.10608928459,5897.2025182689
3862.54309171137,4015.95840507936
3791.34006776377,4292.3877632316
4442.09526689816,5352.52731965517
3785.69172231489,5582.01382486875
4793.93402185966,6672.89918666074
4130.02182039715,6333.78407454018
4474.46799844087,5078.76871527417
4524.57070133794,2685.07245366197
8388.16935957135,1592.08444412972
3728.65461337818,5126.1094750049
8395.81440107199,407.426754524843
2047.92361252817,3420.70252979455
4302.8277286536,6281.55595380755
4233.37979773965,2039.12299935381
4213.91934590278,4268.06386057437
4512.67498908011,5105.25213970305
3934.20464696364,4201.11614852177
2687.34287599533,2434.16029568794
2215.89183390004,3709.74904295412
4259.10880231202,4185.08951161806
3523.80674422842,5300.07170279699
4220.36628399224,4995.90811438063
4488.7944267886,2303.16333290715
2887.78250315149,131.735979141243
3840.91005840162,2840.7914373197
4634.78723678353,4559.78112750518
4395.80373570683,7666.43185236477
4130.82333637092,6352.82270940345
4841.20041431394,5476.13636690172
4526.35332872305,5707.21407642835
3915.89966030904,5981.71140893449
3792.78047645616,5507.16633099945
4006.06824466313,3302.20833967544
4109.5832497274,4171.50697807056
4181.2705863321,6136.86207513361
3936.75169914128,5802.57766141119
4363.47826047459,6519.90804223327
3617.16886018697,5117.81220925137
4115.96861645946,3147.62620236255
3018.51542038534,5557.51951154499
3888.24857600097,4851.83963862431
3774.08385605368,6882.77873955246
4257.52009734514,5031.03004875136
9378.19735741076,3576.42151345228
3301.74442718714,6007.51319069725
4102.00146927591,5283.30633776815
1518.87378755025,1610.10008642473
3904.47005231907,6287.92077105972
4687.20301736962,5416.74719247752
3823.91368575378,5942.44084168699
4213.09444881509,4312.44970780456
3570.27780960522,6170.62030131684
4747.18391350252,7065.15198116085
4246.10473886582,3346.13940608217
4282.84600368286,4280.96475145575
3620.83364647971,5591.61855906128
4675.53700743834,6287.06829487182
4189.94793060625,3697.53021759412
4667.54473909181,4895.48633487411
8292.32488060705,3316.87105696402
3828.44070401032,4943.45249752246
4181.34211101863,5940.22423445633
3751.14552676413,5170.04032998401
4510.95207171586,5409.87029751525
3758.383952164,5920.787692801
5144.11444702868,6346.57121735879
4447.57976323408,3292.09237348333
3933.07050009692,1383.22777809244
3931.46481088891,6155.7869619341
5264.02854500945,5717.50087614225
4025.18596176531,3715.3184694774
2891.82683694407,3149.61531346767
4934.38330058877,2791.34781842108
4279.88750913347,6559.91776046115
4010.94961368144,2658.64569183685
9212.74407815266,2131.13355361641
4331.05634240722,4659.0662720945
4611.59146789062,5801.66852261952
4089.84782533631,507.336984890336
3544.83975901645,4955.50048936068
4622.55531590589,4638.32268485542
4538.92274318275,5176.2351594249
4527.63672692056,4966.69642786624
3672.30839206713,4894.52011062343
4840.29713208157,3047.14754882464
4385.4503186952,7127.4960680856
8390.29977892032,5082.80360008816
3714.0390046088,8920.65182090189
4340.48552647554,2631.65061255312
3559.33378179832,3079.71226605927
4476.29552375732,999.954526294867
2761.7923386861,2382.32987031975
4569.32155857898,5288.76201622866
8543.27851817201,2369.20169474045
4109.43599807977,6689.72121429334
7866.35789885072,2438.76370938816
4334.0852912095,6131.9176286727
3978.37244883018,4826.77658498668
8965.97445284289,2230.58910887226
3543.42866276871,2326.17997855302
4608.09666254267,5075.01798918948
3894.37339101032,3495.89105642455
4043.0333492562,5224.94005019838
4221.55919705864,5449.25503568076
3187.82629981872,5707.21407642835
4424.70191774648,3895.36135579236
4081.57015694014,4076.88212121285
4548.8100249344,5129.00814775694
3548.26468998825,4478.2846576544
3480.41188430515,2727.01440896359
4260.68763346415,5605.54233679709
3704.72657204498,2293.72922080878
4052.47034596405,6107.47997795269
4690.30414813681,4687.48214502474
4818.12718822774,5426.1244305445
4496.32218806397,7012.92343757297
4580.25777612314,6262.34648542251
3963.45076898681,4521.19262577906
4204.91637898992,4368.25814395535
4578.9849492737,6128.56480938008
7964.24987469977,2820.90032626853
4087.20142083809,5740.74480648604
3985.5777341074,6722.62696428867
4409.37241133007,6319.06490607547
4497.63371265127,4778.41293840151
3969.53590764052,4075.00633531525
3265.44756033396,1094.29522442327
4055.17622831771,7270.99622638332
4037.6030730194,5919.59439528003
3520.62969603885,1633.79890330579
3917.31611895489,6308.43728502851
3987.60424180578,5601.73452525339
3799.40847722561,5463.51963474964
4141.59206392861,5419.19087297847
3642.370787446,2552.37032707774
4004.86773685786,6312.41550723874
4079.8005384415,4740.56316480053
4205.32646630971,6236.77219978529
4037.42872704743,5105.36588776582
7515.15698104232,4575.06903628375
3437.97258520324,2022.69866708566
4883.66756079816,7717.46625272118
3709.84406065996,2070.8919030043
4910.86244620314,4475.0451635693
4436.53527680904,5743.41598311253
4207.78536227487,5123.77954256672
4377.6519434425,6659.42997832076
3456.13819761809,2428.76127983119
4040.83773086328,6142.54524971966
2134.04464321117,5900.44201235399
3942.75754501017,5434.02378950595
4085.4057915889,4844.16735293314
4310.044193575,5313.31341501144
1895.00835894671,837.245216753539
9023.96943649351,1217.56323890913
3837.91375479259,3336.81904204658
4305.86079943458,4622.12563728518
1428.45106934614,2272.01940931903
3614.70271813829,4917.76446382247
3815.79740616361,5591.27731487296
4404.75403392392,6289.51239822802
3674.55461792742,5091.72626875931
4825.0256036507,5167.93789367137
5282.25432625927,6325.99804078625
3570.99736909665,2795.61019936061
4709.73874463104,6114.92519037356
1796.34578573122,2536.74159696611
4120.79241339819,6955.40962619111
3492.94574805263,6634.87857953798
3587.02491852516,7371.53175395262
4639.66325941139,3696.45024528067
4035.25094177987,4009.47941690916
4218.91161019867,4930.09703724524
4107.70475132028,4923.67471167881
3773.76645324782,3090.6807084393
4640.1295292122,5420.61166662498
3786.88425289014,6444.20807217605
4287.07373834087,5367.5877323082
1324.03210007325,49.2731198619493
3560.53516450365,4912.47919602849
4356.87767750514,3265.77935972097
4591.22793065582,6410.56401691085
4221.31266916293,5314.50671253241
3721.2789707652,5527.05744205062
4444.54532209767,4225.89462057484
8382.01439909565,1860.33028459121
4076.19283714696,2886.54099273739
3600.1656819696,5532.05855111529
3721.93454614809,4254.87881096368
4580.11123119775,3791.07510213838
3962.24739661114,5932.55194876517
3729.39878325336,6399.87931040488
4353.00500855197,317.348463764429
7627.44069385727,3383.76189498524
3575.42688782459,2452.11916966538
3988.48477987147,2056.2860597471
3087.61186633923,863.330998674882
4114.99576151776,6356.80093161368
3878.44407760909,6096.39778750989
3404.80499510004,241.932731721876
3307.85001596891,6130.89474181826
3388.45716977131,1757.97626801095
4776.7031598463,3869.2754153003
3324.38078928287,436.922441197815
3466.1424530915,5837.75668124093
3330.04835971761,4438.44535009305
6883.3915490394,875.152022956625
4047.40674303696,5730.34468156462
3840.56207311112,6383.68226283464
3672.3510874225,4555.34833589911
3493.28749949364,2871.4239174806
4559.9933240936,4198.50205735429
3745.45839790659,4406.39249914089
4617.00592391225,6175.10975552666
3031.23345683879,2382.89818777836
3788.71629730461,4080.80325796407
4416.15563946948,3029.58658163928
3333.27330244207,5938.12137528845
4569.85788559442,4017.89043072547
1589.19184540541,1329.86281101498
4324.24074975569,6455.80191747369
3842.55315577397,6851.40753126642
4308.37862810001,2029.63201322406
4387.28679222568,6663.52194859376
3882.82930701212,4477.03427467442
2945.74925505305,893.736035567147
4011.63751556203,5670.89884453665
3266.07855810879,4422.30538798182
4291.92936688476,5731.14049514876
4955.25929615155,1919.88986968194
4973.58019535749,4324.66853316456
3060.38321658465,1407.8359451928
3913.3520834196,4974.53912422394
4005.23836965375,6252.2876046894
3998.2648358433,6455.29026261885
4521.7195220188,5293.99062141887
4056.59368049794,4956.63712427789
3659.79256500792,4536.02554230655
3813.63839237617,4592.6868775005
4773.49548310384,4959.99036642576
3678.40901823587,4269.48465422088
3202.07155135458,5766.8307469781
4716.17985174934,5809.85246316553
4366.30416260255,6134.47505723642
2785.45486852159,435.331157599412
4319.34643606396,5117.30055439653
3927.25352252728,5758.07848897348
2702.14163645709,1522.52242948202
3125.37148105806,4607.40646882047
3500.43298085671,2295.37729915321
4087.48654787729,5110.9353142891
3893.36493771451,4207.87929542126
4724.78347629842,4192.93220797576
3771.60780004619,4945.55493383509
3761.27083149231,4514.8840482754
4389.85031277679,2760.37451692712
3887.11589077285,4934.01817399647
4357.83605701382,2744.97328294102
3853.32909061345,6203.07105906107
4501.37113962627,6171.58652556752
7283.19216236237,1081.50808160466
1562.32219972594,1394.36684256662
5066.31701276187,5191.01141334862
6861.83973357715,1666.30674650904
2492.00400799984,3524.98878344854
3531.19856083353,2971.90235959089
3677.78334361253,2043.10122156405
4137.42979291839,5150.20630439185
4070.5318895295,5516.48690646267
3077.10097070609,3262.71027630241
4513.11175050439,6175.0530929229
3986.28420408501,2520.71517149003
5364.32877212486,6757.80556126315
2736.81369111844,7647.05239616845
4394.58950924638,5894.07677224657
4351.74969767349,5145.37560599371
3878.2411296343,5084.33814179745
4290.14617542838,3823.46919727885
4341.01721666973,4677.08202010332
3882.30255897133,4246.01322775155
3599.15916671949,4140.02202172175
4168.96418031899,4994.99855273372
4555.77544966918,5818.71804637767
4152.11709663478,6979.27895945251
4357.06067375277,5078.48455654487
3142.50587461387,4133.77052967709
3811.28204610065,3393.87807260498
4315.52319074291,2643.3579944859
3683.40886119599,5004.1487175304
3864.67796222897,5852.24877643535
3759.98434536095,3697.18897340581
4573.55339243553,2566.2374422098
2966.22549474384,1726.71880778768
4196.74827599004,5544.73236872638
3526.69758554883,6310.08515194531
3974.0143793732,4310.97182869903
3440.29949124634,4719.59208143591
4220.20853712612,3737.59659842576
3243.18956160374,6458.70016737048
4396.34812203072,6284.05629691226
3645.26556488652,5862.93306008607
7596.51411830799,762.568344978388
4485.07519270263,6211.14125154431
5160.80885348384,5639.81179497992
3359.93091447274,5445.56097219983
4357.89469944533,6688.1300099803
3925.36943473683,4696.34772823687
4757.15389512421,6125.49572596151
4052.76631888404,7719.68285995184
4223.43404101972,4957.83084465411
4268.24126364249,4990.16785433557
4352.81564060529,8161.89050535017
3543.97939956444,4092.68126199101
3914.69820967516,4870.36661863272
7996.30873402283,3486.62735499271
4922.39735132696,6858.73899562453
2638.664119289,5961.42239109124
4382.67584611961,7127.26857196006
4154.36395121065,4743.29100403078
4874.27596092488,4266.75681499063
3950.84800668377,3892.51976849934
4436.8201411614,5814.45566543813
4601.0348224875,6642.38045456261
7691.71809960937,621.000476611304
4649.30800125876,6761.95461699517
3999.04717133381,6187.32858088667
3660.81883936388,5510.68998381385
2772.86084547692,5504.77931310226
3886.08399855988,6662.27156561378
7681.45173768075,1890.79214265795
3673.33702671235,4506.13221312603
4112.40671614419,6465.86122106205
4736.49562056102,5616.56744178088
4105.27863012825,4168.38123204823
4180.10712337639,5047.73875117645
3931.84359102705,2225.58799980759
3553.61831823606,4686.175099441
4221.88955171832,6553.21127616541
4203.51177634012,7066.06111995252
5190.8300081665,4921.96975930299
3992.33905127603,6955.46671165012
4043.93458679518,4920.54896565648
3532.96308300058,2358.34678899558
4342.73220359796,5281.9422067254
4414.76400352488,2451.55085220677
4695.21947396144,4827.00408111223
3737.11603818966,2205.98104748572
3040.94881194087,2439.95721833676
4326.4716291483,4594.22141920978
3908.89932694575,4462.25802075069
3721.32194303154,705.452440388602
3639.14083388299,3871.66243319749
4732.09451244585,6928.41454690738
3430.94931689306,2563.907298344
4354.76859770137,5516.08899967059
4039.65797259723,6196.25124955781
3815.03093464543,5417.25842447711
2668.81052468022,9624.85381471705
3983.12021943604,6296.4455329388
3567.84331655834,3414.11021641684
3551.03995107391,4918.10528515553
3582.73640414355,3817.5018639635
773.481000103989,1847.71355243913
4281.21451514653,5241.87582589376
3445.1465772518,6223.98505696668
7640.7061200518,1219.7228663946
3100.31112717906,8745.38254752606
5541.72091032518,3716.9663363942
3939.64858162158,2040.43004493756
4040.89438426041,5119.80132035649
4217.81403761426,4831.09605138523
4426.49544484413,5954.54591898422
4552.60243472401,5552.4613170213
4680.31174937427,7261.61898831634
4253.78690948547,1494.73164232795
4774.79849277507,3318.12122851638
3502.45190706942,5024.15357664434
2558.27378557066,1518.4873332404
3666.09182207562,5026.25601295698
4604.9188760203,4749.94040286751
4542.23170613187,5988.98578783358
3905.58260461834,5763.0229354344
7924.2402875479,417.826985160074
3970.13713898431,3787.38103865744
4414.53895067915,5280.52141307889
4478.87378064261,6191.25014049314
4002.92765626603,6392.6620169648
3646.01881412633,5305.41363319473
3511.88161122011,2760.7155496878
8493.90563449923,521.885901259239
4114.58776539208,1369.24723203905
4218.75034439444,5346.04833148498
4390.05357756602,2201.49117042064
4570.65702986708,5957.44416888101
3699.08590374317,5457.04064657945
3533.65460655945,3522.71551361412
7536.88740960492,1006.26289237091
4125.34840434628,3467.30456140015
4129.77674128749,5196.12627047607
5056.79735687104,5374.52128987423
3698.11801919123,2365.33722059299
3359.08801468447,508.757778536848
7799.86491227268,232.612314829376
3882.27982866277,4540.96998876746
3127.02478843234,1608.22472338239
3766.19922697661,5473.2947796087
2818.22996270052,1036.44048599453
2891.40554583813,1996.95375935429
3921.08164878513,5043.1351260486
3049.26332417452,1620.50031705997
4333.13987674217,4557.33744700423
4309.4924290902,5074.56299693839
3812.71032686822,4468.22535406604
3813.77120354964,4938.11014426947
3142.35405160756,2046.1132195236
4496.57863678764,3210.25465944423
3356.39992883939,913.740788967275
4776.96078253405,5897.14585566514
4121.82796566327,3004.12604406483
2917.55952409721,3411.26862912381
3402.44821182324,2508.60988276517
3799.32261734776,6415.16721918345
4244.70035585905,4734.14083923409
3919.97449066503,1661.7602068402
3766.11125281726,2888.13240847806
4429.64299721009,4581.20678026563
4117.16115775304,3973.10709955846
4322.43571681623,2711.72671161264
3757.69361622463,4302.73122554926
1738.43532175696,2008.09282382847
3593.85066669737,1470.23722329037
3807.24953012416,2753.66845548663
7778.1834978551,5830.88020913391
4299.17017016657,3771.86605660858
3828.76483294269,2777.42404068526
3579.88736196635,6476.54550471277
3634.15730049368,1779.34504674002
3729.41241954823,4248.85481504457
3788.587404226,3078.17772434999
8479.23471601053,3998.5676371329
4468.83981475177,3244.92202441913
4575.54340101962,5671.80798332832
3021.80129092973,4327.85094179065
3999.34402819729,6870.67366225523
3579.39236451979,2574.13701259888
4641.67081328062,5429.3639246296
4201.88283727728,5297.79843296258
3681.39974222273,4141.27240470173
3756.04059353223,5998.64718462986
7997.21409212844,8982.93924522288
3903.91008395166,6121.46084114752
2445.69529279481,3208.37929640188
4119.9057303662,918.912414412291
4870.68382247319,4188.89732316176
3549.86995312914,6836.68836280171
3221.06235063213,3710.54443368302
3339.31344784966,4643.15338325356
3484.04919188882,6177.55385888286
4419.63053345168,4466.29290556468
3651.85842941972,2456.26801396977
4178.83048581796,6370.32680255743
4446.39163575305,4194.63716035157
4005.79480395239,6245.75195391545
4161.26004607621,5813.43277858369
4533.64357953778,5444.59474794915
3982.75673405456,4383.20523140086
4193.27987543349,5321.61068076497
8286.82093839467,316.268650021699
4201.51668229524,3219.46148684468
4024.8190968014,6492.74255228301
2617.76971387278,1781.61831657444
2416.05748898017,338.830858414001
4005.95003576926,4908.10306702619
2859.7811630141,6075.65420027082
4039.48602793428,6400.05014392666
3319.79338309527,3259.81202640562
3959.8931320495,5326.1572204338
2103.16561081635,1902.61306122588
4082.74712915244,4247.3773587943
4409.37306331822,5273.2470341798
3088.6586501833,4882.18753720065
3438.4417710844,3723.10450323134
3345.0135544747,4201.62780337661
4618.47717952502,4563.13436965305
3787.76775703988,2146.47812499874
3693.14776253286,3427.80649802711
1945.21421760713,147.364709252876
5186.91581515281,5880.55090130283
3967.49637859245,2932.85886561368
2611.49501949293,4046.24964105195
4071.58790119462,5285.40877408079
3901.49297662238,4630.65039916425
4195.85116265625,4978.06277703834
4397.32227760453,6603.56445671095
4202.28231726414,5716.30715576603
4028.38108472942,4170.48366836087
4064.36506951845,5229.8844966593
4276.12473809061,6637.66350422724
3487.35394921174,5297.57093683703
4590.30993652587,5607.53144790221
7489.9729524741,3322.32694685215
4435.4460100005,6710.18064280312
4139.04879336997,5877.76639946881
4474.11848593322,3462.92864382547
4175.1979712295,2636.1404896182
4579.26538193787,7729.45842766615
3768.37606232072,1018.87951880917
3703.65619145749,4894.86135481174
4315.50344631619,4839.16624386847
4152.52576427604,4801.25938480848
3385.86656123416,4013.23056584911
3987.27985758163,4540.11751257955
3507.3708677459,1598.39281020576
4123.44246096994,6226.5424855304
4792.92792489502,4880.53967028385
4849.73953192402,5180.0429709686
3609.98005742501,5402.5392560124
3698.1354469646,4914.4112216746
3207.58000909855,4022.94862524915
2601.32628392245,2229.05456716298
4547.34758458807,6701.54213286127
3691.94643547909,5272.22414732536
3500.80198607995,5376.22624225004
1355.91671318651,3229.8616117661
4524.28163928592,6865.95671191986
3930.58825562698,1443.29891232421
4514.09402489784,3809.54541954303
4101.57171806596,5972.22042280474
4258.58652068621,6483.70613554909
4531.13007313661,6592.31185560163
3714.30316125939,4508.23507229392
3481.7189136386,5096.10239776162
4286.23943120914,5964.94604390564
3929.27907695158,4969.4242670965
3519.77128839569,6631.52576024536
4328.97477554978,5056.49058632581
2924.32839158574,961.081654411821
4231.04589277157,4914.86579107043
8473.83084961009,1332.704398308
4408.12395824966,5108.66204445468
3785.15086340568,6704.15664688401
3954.1916528526,6073.60842656194
3652.92430238129,5487.72978934411
4496.67861197981,5432.88715458874
2867.60931395094,872.253614489122
4559.73349866414,5575.42151149104
4411.79878956003,6287.40953906013
3406.1601859272,5057.96846543133
4489.60204578735,3408.59745249732
3864.29872956271,3597.90382881649
4695.51750550074,6491.09426251095
3671.74123697787,6075.48378960429
7694.21969181324,4611.89592303029
3445.28017875892,3515.15697598573
3056.51489025763,2680.18509266007
3954.59016580016,6455.68816941092
4014.61789615339,5484.31988459248
8475.502529521,2648.75701034265
4233.74341164491,5588.09490624688
3320.66192127327,2980.54086953273
2265.95704942803,2967.24207185928
3736.17841466387,3298.00283276729
3790.40564664989,2538.61717143608
3584.66757416368,5951.30642489913
4243.78941097572,5505.63178929016
3102.76004975672,3344.43445370636
3825.00459929685,4363.20037228692
5003.954451488,7208.08382199997
5620.86250110068,8384.16013997892
4333.98161194851,5513.47490850311
5230.73846342769,4351.2086201972
4443.84049113488,4656.79300226008
8166.81296150597,5065.07243366389
4181.05386158117,5853.95372881117
2436.16294264067,855.658712983717
4277.8811160017,4588.48115916472
4496.09436521876,7890.34893105508
2906.20508003419,1444.77658000211
4622.69937851435,5765.58036399812
4266.61345936899,7126.927750627
3604.65225582698,4988.63373548154
4082.53379189966,5284.84045662218
4250.17469807605,3535.3322457662
7586.47526147518,603.723615298336
4346.23846920942,4363.93910041205
3906.84279332786,4971.69753693092
4037.67668717945,806.044630561658
3716.0278609103,1206.36740611738
4829.50297764909,6655.11093477746
4064.10776218827,4993.80525521275
4748.21200699824,6087.13429750568
3630.13381177813,7338.341845228
3984.19599287074,6629.70705980677
3726.29547219877,4727.09395646055
4275.84394523886,5843.55360388975
3754.61481958521,6374.36211022667
4355.40016473252,5761.88630051719
4178.92941685706,2058.61620361291
4273.70262438344,4057.16142082821
4547.45438801675,5188.56773284767
3678.39440234179,3433.77383134246
4449.85357985127,5174.13230025701
8815.32444092212,2510.88315259959
3754.34088340805,4319.09868378603
4810.06061562846,6822.36667827381
4170.01872828209,5453.46033116129
5150.82389235926,5192.26179632861
3926.78426188291,6299.9691857532
9097.72546388723,2160.28815467179
3913.27148669085,4680.26442872941
3569.02627210161,2243.66041042017
4943.61462091819,7725.08187580859
3923.14299834413,5135.20255434258
4168.72101174164,4313.47259465899
4480.60943397989,6468.47531222953
4036.72378208574,5367.70148037097
1999.39871121459,1866.01345917726
4274.05580452589,6691.59657733569
3781.66802739795,61.8329383399618
4369.56403763986,5288.87576429143
3945.76858903587,5512.39493618966
8715.85418261433,1289.79643018333
4591.44911592118,4149.34259718497
4082.69049248977,5011.76391776256
3969.68566775177,5432.94424004776
3945.52933530966,5569.17001944639
3931.55051226287,5140.43115953279
7845.95644717868,3064.82226407278
3715.43418399837,5782.34572902696
4235.42872019016,5483.35408319705
4420.42531316431,5545.1298526632
4031.82848275756,4631.90078214423
4981.22487306126,4573.36408390794
4495.81759653873,5206.2993221272
4609.07973484347,4659.80500021963
4569.22197670792,5966.48058561493
4353.56037598472,3887.91656622674
3739.94149063209,5471.07817237804
4430.04482550112,5187.94232993006
4231.7440586239,3603.92824759085
4202.3645249554,5713.06766168093
3933.80210555938,3742.31354876113
4785.99375092939,5865.43382604604
3963.67849578096,4471.35110008837
4278.36931630328,3576.87608284811
4559.78034896163,5739.09693956923
4749.13387329985,5080.01909825415
2455.95915157895,2930.92662853995
3936.93011363675,5360.59751213841
4214.9328455069,5312.5746868863
3761.86393959362,5452.09662297379
1278.99585577725,731.708685833383
2446.48947889296,1299.96927040684
3438.43005882079,4526.47789357304
4385.26651221468,3482.02415272011
3974.86903621937,6521.49924654631
3241.47499175656,4552.22258987679
3414.27995656416,4436.11541765487
4376.85291500121,7189.15851234423
4616.92362842674,7584.36664220013
4481.99678548532,3819.83179640168
8234.10907997473,2865.8542795297
3961.98905867245,6493.87918720022
4655.07902617243,6483.42197681979
4613.50210897265,5617.30616990601
8630.98574421084,5662.94240011618
4018.88985209148,7145.05724669859
4441.56989719343,6269.56420171784
3842.05846759637,4855.8745234383
3349.2210560641,1797.01976198815
3842.3223845636,5417.37217253988
5895.91916450019,3430.30726398707
4204.86242116115,6147.88760297264
3936.21412066893,5046.60211625924
4776.07495860244,6652.66683142126
4264.34811721703,6649.71191892072
3819.32648980539,4325.74808262276
4482.04665744542,4542.95909987258
4357.7703011866,6456.99521499466
4389.80227318355,5756.20312593114
4246.0215572005,6426.70397902208
3603.51529082584,4449.47087793208
4701.71990017912,5727.38934620882
3310.95285107725,2434.33091778209
4155.56421219851,4483.05827059353
4501.17808910755,6090.60128771632
2511.36041928759,1142.14753329503
3303.16266139862,7063.56035399256
4088.48003334204,4636.049415021
4642.42105714639,4200.83198979246
4522.62660227638,2354.88001021256
4115.21310090242,1869.42336392888
3741.90638149967,2893.41767627203
4368.35737271689,6066.78861705868
3575.90687742691,1349.41288930546
3835.14371784179,5383.3302104826
4472.39487649318,5931.52906191073
3208.8285745275,5060.58255659881
3043.38652226823,6441.99188780065
4209.22810875325,2375.73734551441
3797.9451729474,3016.17424733068
3435.743846698,4618.20450053396
5066.04314864937,6039.73687517119
4480.74432016098,939.54235930241
4466.87520487695,7154.09366343251
4190.03401275724,4557.50785767076
3609.27095204198,2240.70507506438
3621.29819506289,5593.66433277015
3989.60061715732,4854.16957106249
3788.51827595922,8928.03994786375
4483.17168832046,5589.06113049755
3290.35152132279,5335.47779589703
4771.97108317424,3437.29748415686
8750.67049704313,2571.97727939961
8183.38536234051,3369.55395852012
3877.9544924143,4357.85801903393
3921.61642014976,6233.41938049267
3934.60780895607,5061.77585411978
4205.00279116691,5444.02643049055
4150.71513655673,5478.1821406106
4116.76933652903,2597.9494718289
4420.91999385746,5855.60201858322
4991.3357285297,7405.74412667643
3637.78791623851,5115.08437002112
3410.86356298751,4391.84331848745
3905.81063044887,6036.32697041956
3108.34188710384,2966.33293306761
3021.23903785937,1729.9014278414
2994.68920840546,2586.07167922959
3918.98307034659,4441.28693738607
3735.84890138616,6052.01236313496
4088.9882629612,5806.10131422559
3990.81610854936,5419.53169431153
3985.68758326942,7032.47372729107
4612.8621558636,5350.65195661283
3513.74640978767,4219.58646592642
3813.376242062,5510.80373187662
4495.60450884188,7128.63270300281
4196.72448256814,6564.57762533751
3890.01834767215,2504.46124988841
3970.88310147556,5569.68125144598
3227.44026812382,2688.53923244499
4921.34925992742,5563.65725552687
4288.89403756628,5319.28074832679
3591.7949261154,5786.77852063303
4461.49670781947,4338.76272156691
3990.84026605027,3641.49386246253
4103.53041313587,2578.39939353842
4479.3163933032,1520.2491596476
3670.10089043201,4836.43798178296
3647.83377281169,5972.95957378512
7852.46587679451,999.897652263481
4220.16706605881,5021.93696941368
4186.65720157421,5071.55099897884
4277.28075086331,4297.04805096321
4089.20159293953,3267.76847082609
4363.74373968523,4873.66277532158
2879.62290233623,5717.38712807948
2045.09553430756,1018.76587646021
2774.76347645768,3762.03424914577
3637.31290218836,5437.66119038313
7429.15470401199,3234.74918419562
4357.81110445327,6049.7957559043
3866.14820337339,4803.93056143497
3417.01064815394,1747.6329114071
3842.2299138495,5068.59566362304
5401.56598201769,5410.38195237009
4657.62254119935,5979.66563522561
4635.03326801054,5706.53201090697
3866.26002270973,6463.92877256069
4235.97125048207,6234.38560474335
3990.63870687546,5787.85849294648
3754.57736154671,3151.60442457279
3426.85896679156,5140.65865565834
3579.3289650273,2824.5377271457
3703.88810821235,6781.39073579525
4439.1670633435,89.5668250341873
3339.27174812943,1499.96024751817
8491.93454508233,3399.84540592033
3408.37201108454,1017.9134002723
3627.42793800541,5050.69366367699
5769.47425593686,6518.65765925329
3960.84918659588,6033.03039087545
3756.4026079535,3829.89109999004
3915.92604566549,5896.63420081029
2956.17747120247,2185.91931434039
3468.20995949155,5547.51687056039
3919.70466365403,6800.71352938782
8499.35984180572,3458.66626288593
5226.77996977415,6352.25439194484
8726.49589307256,1304.23165134637
4176.77164697105,3215.93783403028
4499.6668703492,3667.12523355876
3545.86253183978,4304.09535659201
3784.27507543967,4672.64922849725
3015.11991901509,1486.32062851165
3927.382408779,7311.46093686229
4550.33929001323,800.475098324568
3842.87070389761,3739.07405467603
4254.75537051376,4807.45379139412
3580.87228066163,5537.91255922312
1284.22900693567,3564.3730987588
3467.5737967056,1776.73074414491
3730.84766772924,5269.55297069886
4074.58808242007,6292.58105879133
7757.92616314444,1019.05003518951
1995.46767495693,1485.63856299027
3125.40483469991,5360.71083734593
8202.18221016275,5135.60046113465
7767.72521591341,746.996436041234
2898.09353217137,639.413919984576
3314.06047948115,2582.37761574865
3396.31038925958,5540.07208099477
3389.26109192473,5151.17252864253
4182.96934797848,4341.26306467162
4065.86068073612,4618.48865926326
3917.63921444137,6534.11597869839
4348.31996209345,3543.91388167666
4135.60431727222,6486.09315344628
4361.28308833578,5325.19099618313
4417.43206751423,849.918717223189
4077.48014549494,1981.72293603473
8323.1146497143,5966.878492407
4663.29151697874,5766.37617758226
3544.81842527318,6303.4928385676
2955.19956576387,4909.63760873547
3601.25896394089,452.039675025323
4738.68416899498,5489.71890044923
4105.79178694397,5130.82642534027
3579.34303463902,5325.3047442459
3755.98049189206,6521.04467715048
4204.07754589269,5482.72868027944
8157.62489166155,777.344598902114
4271.56505596142,5651.29189221478
7634.53307033143,3943.83875044031
4017.63756880431,6129.70144429729
3692.98628972474,2568.34008995006
4127.16289215309,5638.27725327063
4700.13180204618,3039.41838910209
8237.05625074678,1352.93643640604
4951.82067211275,5839.40497101299
4500.56362199984,5838.77956809537
3746.11447970343,4914.35455907084
4084.7072655713,6120.8354382299
3584.86472721166,224.485380457017
4206.0739694288,6652.95099015056
4168.52627628932,4334.78449935668
4742.27073770834,5416.34928568544
4541.54339253966,4793.41668845078
4428.54863070691,4450.26669151623
4781.06074612903,6201.76401347733
5056.00691265713,5263.86979611282
3270.40301414471,1843.90595232305
3983.37620193475,544.845937158256
3533.86331529385,6783.32318429661
3883.42626155042,3888.99611568494
3697.14822466635,3852.39672506394
4794.94450239586,3240.94380220889
3869.71069086284,5546.09607691388
4172.91810443879,4208.39052742086
3420.15536537347,1938.81496791006
4266.81869386446,5383.50062114913
2787.42578052819,1124.41604972933
4546.76359690245,7116.64137376835
4021.95688882551,1078.89377900955
4209.19133883393,4904.12484481595
4339.86808105406,4729.8217956908
3618.69437423596,5697.15477283999
4525.17100491796,5670.67134841111
3787.13928043756,6981.15432249486
3252.02834770543,8037.88397416679
4078.25123202158,6248.93436254153
4127.04200324603,6167.4374698355
4895.98560408437,6025.4151906433
3143.57492143409,2175.97375881481
4376.70135352832,3766.8078620849
4147.18222576965,4245.55865835572
1694.26548706321,3433.54654664455
3168.78366694139,5716.25049316227
4159.41288657355,5447.94756724177
4923.55002068515,5073.82426881326
3928.07985148768,6542.12908572262
3434.39647212018,4227.59957295065
3621.30427273035,2962.12721473183
4050.90207057102,2873.64031328363
4295.28167117851,5834.40343909306
1999.85746065137,1941.14511177587
4442.77140133673,4479.30754450884
4966.48762603037,5740.97230261158
3982.82501672948,4839.10915840946
3654.1297093756,1787.01733243118
3833.41542689995,6149.02423788985
4191.24484674829,4702.14465088569
3864.5550962422,4444.01519947158
3171.95657065214,1111.28787415003
4565.34032140586,6015.29922445118
3912.13765783748,5258.30036958954
4508.57855531216,3195.76256424981
3501.30859677494,1492.85627928561
4110.26382931687,3752.82742174532
4412.09439604738,3809.71583020956
4177.07172368151,5293.36521850126
3768.43221933091,6169.71073966992
4354.8074978788,5230.62322478443
3541.64267445727,5301.60582165103
2892.95427295599,3043.68077004163
4646.16474471693,5376.2829048538
4216.53985539925,5529.1603012185
3446.41089641736,296.32071779605
3610.13225335625,4548.35811572932
4901.52317417552,4592.00481197912
4248.62945911437,4914.46830713361
7732.83149856027,2296.11602727835
3914.18958067408,2210.41383909179
7729.30944784048,2396.25364805557
3939.91845877824,5322.0652501608
3865.90893201262,6828.27692613015
4949.47380170719,7187.45355996841
3897.10578113432,3915.82078430214
4169.55933087854,5561.55439635898
3997.25623334189,4712.88601999542
4086.8164465411,5640.09595370922
4390.72670785366,6440.85525288344
4808.48352872485,6091.68083717452
4566.4767904836,5311.43805196909
4373.00684533684,3831.02773490725
3929.18484223957,5870.88950450654
4153.36266977838,5474.26100385938
4474.45809713606,2785.60798123127
4055.89225517862,3788.80183230396
4852.23728288438,2562.82753745817
4163.01591323934,2199.33164864899
4104.24349244697,6003.70537915354
4217.95277133818,5787.00601675857
4043.59900259545,5267.16595280167
3961.21707148292,5303.48160754862
2047.38155332315,6788.55178948683
3349.77598693965,3917.98030607379
4150.09710017492,5136.6804334481
1438.58043118999,5322.57690501565
3975.74107951788,1898.18026961981
3715.08753833429,4782.10700188244
4047.54315052873,5143.89772688818
1585.49861700471,1666.59090523834
3882.44227955974,5761.14757239205
4457.83003790486,4898.9529022295
4341.70166508328,6303.89074535967
4327.79213491973,3937.53059579189
3769.41541714695,4304.37951532132
4441.8750873861,5191.92055214029
4468.74109825003,3848.19100672816
3581.59199064824,1327.93046822743
8246.22765939131,4579.21766916052
3119.48825548435,1627.43376891218
3435.44085956284,3667.46605489182
3880.52732410956,6969.50381459346
3246.97428140905,5169.81325671371
4177.3995954066,4806.14674581038
1084.04755661436,2180.57717251503
3970.22848222357,1313.09744598613
3942.52429231859,3986.97421469051
1177.15387153843,3781.41370534209
4009.24386652734,5998.07886717126
4243.74863984594,2565.15746989635
3179.11444612569,4839.27956907599
3912.17781897256,7111.81067537021
4354.15569892702,4641.56217894052
4901.08121661564,7867.90039144019
8194.13599511664,1005.58082684953
3921.57547975317,5734.77747317068
4214.09314952279,5930.90408184836
4298.96492311635,5339.05811131519
7940.14912601162,1697.45045866954
8528.14218925937,7009.5701954251
4561.20202305291,6539.17417322207
4481.61260740158,5846.33810572376
4152.18161451877,6631.69617091189
3569.83962456327,4864.79719210945
4927.0838537359,6099.06896413639
4257.4915989392,5270.80335367884
3820.14603085401,3662.35119776438
4237.17131434567,3340.11519873544
8140.0933855572,3150.41091562419
3935.61392689991,5849.35052653857
3949.43303699056,5346.27582761052
3949.97386721184,3981.461450771
4088.60467426779,1143.17052586329
4336.84066531461,5313.42716307421
4314.51496598472,5605.25817806779
4898.988243487,4250.16186062831
4840.78821330822,6648.63194660727
3723.20260818341,4578.93351043121
4434.90568063981,3916.33243915698
4015.11650538783,4319.43992797434
2373.53262084275,156.116795472546
4126.84488785946,4167.18751167201
8484.1886273644,3876.55021705464
3113.49788661999,4131.95182923851
4206.52728565259,5386.45595650493
3826.88850271614,5244.48991706124
3953.87588819789,7110.61737784924
4004.09856780436,1437.95677049885
4183.0148537447,3759.59014578957
4276.81830642711,5091.78335421832
4607.70084460816,5867.30918908838
3752.32306727813,3870.07122888445
4420.09405001245,2641.08472465148
3483.82961284296,4349.8449120097
4419.89350199733,5888.90525251537
4546.66017355804,4843.42862480801
3817.49785380117,4847.80433095506
4972.58811529155,4990.50909852389
3511.32285587622,4702.25839894846
3500.91151795926,5736.1982668172
4521.89829927167,4806.99922199829
4081.93624867871,5472.61271408732
4762.83151261306,5947.04404395959
4620.44875674872,3923.94763938914
3054.69118911224,5120.25588975232
4430.29017131013,5678.57113022782
4119.01946421713,5791.7796296977
3595.97969974696,4898.83957702198
4451.91444911185,4967.37849338762
4510.03488931749,5210.56170306673
4740.63905996359,6716.318386785
3547.47042958646,3764.13668545841
3944.37848527566,6306.67524719368
4357.14589372542,5455.84734905848
3943.20512371402,1855.32917552653
3667.75968881115,5048.42039384257
4256.3841248238,5737.73280852648
2354.42442528954,1559.40619025994
4368.23028071635,5956.19420875628
4047.13259246799,2487.12756740096
1894.21150432652,1171.9273258404
4033.24458174619,5549.61972972828
3664.49926964479,1706.94144479929
4189.07322681823,2643.41486851729
4908.601526273,6617.26073832123
4845.13210101716,6406.64245730438
3594.3506887414,4175.0302080297
3180.37377324816,4356.26681472089
4501.11121301103,6268.02966000855
5270.47037650504,7149.83128249297
7300.15740874527,562.804758278787
4366.83645940042,5363.60951009797
3285.05124229187,1545.53928655551
3578.21631724437,1353.61850192742
4590.23368442014,1839.24566459144
8063.74684385693,349.1742414463
3379.87322270549,6675.96784722406
4315.23398310327,5597.01757491802
3101.81951439733,3903.99986573421
3970.39551904044,5120.88086981469
3594.98889574468,6366.51941386897
3876.15585546652,6559.46276821006
2984.12363403967,533.138608082377
3387.0835574325,6188.29480513735
4740.57050829798,5875.09522284232
3642.72950063766,5808.94290151862
4267.94143377208,5269.15506390679
2360.36307655956,8047.9428548999
2913.30066731395,2098.39842571525
3771.52447643356,896.293464130869
3998.41442923966,6936.20058066131
4684.95780583766,4985.22383072991
4185.35880047149,5266.65429794683
4182.47767845452,4929.8695411197
3773.55513882322,6609.70220069283
4051.62672886924,4740.90398613359
3702.60758706705,4075.34757950357
3327.59603913273,4572.85242905309
4291.15158118195,6491.6059173658
3784.05709756561,5527.39868623893
3973.60356682225,5801.49811195299
4631.62739421599,7351.69730550521
3099.68280056202,2509.86026574515
2717.81523992528,3911.95631015468
1283.39850207795,1253.1967224209
8799.6937786391,2080.4964257692
3756.18176608939,4179.34967442825
4294.65927657644,5545.07319005944
3216.13069759868,1197.38796912866
4579.61232010762,5573.88696978176
4397.4150912208,5123.60913190019
3767.49662237232,6187.10150761638
4249.72032588578,6615.95369273749
4545.31613379259,2079.47353891476
4433.23608957311,4433.89881042421
2772.7344649669,476.249988190508
3720.72957605756,5571.72744801011
3810.27926147141,7945.81654587281
3845.72298590216,1320.31505656765
8007.00624205957,443.571734320729
3207.3843376917,1483.42216718724
4339.03155935601,5401.80052788726
3950.9645858285,6330.20375912202
3361.16771366133,3186.32845215144
3272.63128264421,3440.59364084572
3023.58478552684,4651.7918931954
5118.14750594323,2841.41662880969
4305.9930172038,3617.05621174252
3917.98203961346,6263.48312033972
4888.33697846629,820.65036810504
3937.32712953322,5673.39918764136
2871.52573329821,844.576522540922
3916.97358004487,6282.12427126616
4491.39744928864,6813.27359893614
4022.93437402745,4714.70472043401
3840.02627542801,5725.45732056272
2417.0060543594,3725.26402500299
3745.45321668359,5691.75575698325
3995.97959360119,6611.06633173559
3398.99154108242,3573.46617809648
4916.5268374887,5806.78337974697
4743.67199655857,5739.03985411022
5149.38347174584,3938.43973458356
3259.9398608057,3056.75207158954
4234.78943468716,4128.48526188312
3755.73537215723,5197.83122285188
3623.8672400737,6453.18782630621
4825.72379988286,4074.32469264913
3829.68134781839,4998.40845748534
4441.95085176196,6001.65960544467
3416.08930385006,1225.00823990238
3890.69199618595,4428.10231063064
4055.78148898136,3867.05923092489
3823.28293243321,6651.01896450446
4320.31428874639,4330.74919168743
4900.03692158624,5013.69636626392
4727.94343271522,4766.87617856288
4385.20336030886,4655.65636734287
4880.6252194286,3503.6202161471
2632.43853222162,6846.23601153522
4071.39572600246,5664.30610830368
4751.64603169401,5540.41290232783
4090.15212784916,5332.97702993706
3977.98115441044,4217.0290373627
3220.55696296728,3763.2842092705
4432.18209349641,6765.53493241333
1280.32027890112,1138.11254276723
3653.02993891958,1005.18302577127
2802.78087592617,2483.88807331586
8483.06840393275,6494.56125272159
3901.12945536146,5171.74528235982
2872.61545872076,3189.28378750724
3061.77129323179,2171.93866257319
4835.34403654413,5600.48414227341
2186.97101754006,8234.06682259298
4236.36136003705,6914.20661044226
4116.57405900428,4984.31426908299
4039.05658357037,1943.19088548474
4267.80149538715,7009.00187796649
4537.99780807161,4879.28928730387
3630.17503591462,4781.48202182008
3938.98673364511,6602.99613925235
7362.0659437179,2050.77350725521
5073.10945478872,5232.21442909748
3431.01970308883,3750.21290772259
4174.30305412059,5253.12842700308
4169.69501712386,4578.59268909815
4238.75965634205,7110.44654432746
8443.04689911508,3183.88477165049
3558.78756547582,3252.65118414168
4469.28271979697,7403.81252388558
3764.2396075707,5224.37173273978
4194.89105751027,3849.72554843745
3331.87064985969,6605.04191296122
4063.73831354075,6769.51315462356
8120.80860987826,161.288486988695
3195.15544590201,1404.48291447255
3781.82849180989,7004.05785436083
4082.86656649568,4136.04379951151
3645.1385338932,5761.54547918412
5089.66570248946,5035.2924296909
3682.56612761663,5072.97179262535
4446.07458001319,5134.74798494675
4063.92427845876,3591.53901156432
4272.91766423826,5572.57992419801
3782.83413918604,920.503724439148
3579.91833767134,5989.38369462565
8041.88545958787,3873.48113363608
4145.10695770059,6162.49344622984
4148.60202370735,4661.90785938752
3642.01093218133,4660.94163513684
2893.82266894299,916.241343499611
2497.16103210181,2229.62288462158
3309.88448238611,3992.03198635895
3880.73798578051,4360.87001699349
3288.19905405491,1320.14454018731
4146.99156889101,6490.92385184442
3903.51607964608,6556.10994891745
3479.83993985724,5021.14115582954
4343.2414438794,7230.92984555168
3241.71853474115,3087.7253730835
4485.41168805173,4422.53246125211
4335.09522999977,5293.42230396027
3591.33460955603,4702.2017363447
4290.25178460346,389.013284723118
4654.6405469617,2509.12153762002
4007.1715939001,7081.86026073068
3514.90395539501,1304.7432004874
4117.94036488159,4523.23839948794
4349.85228006176,5429.07976590029
3728.95571723864,5367.3035735789
3247.00515800373,3583.58256714385
3992.06835680843,1644.25600797241
4057.33815240571,4314.15466018037
4780.53588424409,4957.2625271955
4955.98211514223,1965.29860376657
3600.47285197598,5728.58306658504
3767.68081125254,5130.25810788167
3210.808386968,3685.93637229648
3499.01532526495,3279.13481999819
4871.6922388206,4543.35700666465
4019.38737102592,5023.75566985227
3740.57450436065,717.15976946448
3746.33008695779,3638.42520189922
3952.23652325886,4834.44887067785
3535.14431520742,5027.56348139597
4214.21657538359,6558.66737748117
3865.72259754402,3239.86404132307
1065.22028129884,3046.92026412673
3589.79701514659,4425.60154467068
4185.786137232,5579.34264824226
4826.69509014662,5608.32683863111
3271.58400833672,4170.59741642364
4442.32154075984,4171.67738873709
4250.00240582885,5741.42687200741
4651.28563918939,6282.52175520298
4577.43413307644,4306.7094477595
8261.73628801446,1967.68541023614
4176.87300430371,4800.46357122433
3971.05678053789,5908.91011162931
4579.98221540495,6256.6066482327
4400.06655038911,6503.8247427258
4610.62282942668,6353.16395359176
4572.84611170615,5502.84728745615
3727.61649473216,5625.26261432648
4312.60423069466,4491.81052859814
4119.26662668832,5314.67712319894
5070.64321528046,7072.31261199717
2850.12105199476,1306.78907991009
3950.54762468792,5472.04439662872
3402.84949295603,3659.05504107552
3534.67370742365,235.169743393098
3465.78671450572,6327.53258249553
4057.85257347259,3535.78681516203
3688.84414513867,4342.74094377714
3726.13236374817,6216.19944606799
3573.15649611809,540.697198567678
4072.91417042814,4473.51062186002
2065.68514614377,1965.98045786032
4792.21151739591,5297.17303004496
4870.86718433762,6179.20172579967
6154.45996363633,5519.66931508875
4762.22328876224,5172.65484400674
4047.55140379257,5561.38398569245
4559.27536825305,4771.30897016895
3538.32337571415,4570.69290728144
3592.96786776773,6078.72328368938
3712.42386167133,375.373665716602
4231.57432827491,2784.13031355337
4195.14858322955,2473.20378966514
3741.62741784322,5226.01959965658
3708.26950520316,5140.14700080349
4619.4454274159,6205.51473956202
4262.66595115532,5309.22144473843
4005.19327772961,4283.692590686
4045.40738620612,6192.95509286896
4878.44703533613,5922.03807578098
1954.10630303,2046.22696758638
4123.46330123879,6849.53216822408
4012.24123694976,4951.18144581738
4010.03740650327,5223.97382594771
4555.38125813634,6023.99439699679
4585.09177813444,6311.44928298806
4666.25491693153,5705.67953471907
3367.42352485949,3594.26685079457
8556.08291993868,4919.75357492759
4318.57213480338,5513.53157110687
1719.80712837201,1964.67341227658
8292.2624788443,2289.23955517133
3448.88176788433,6986.09876895577
3634.00746768755,6029.56382352006
3694.66946252512,6030.70045843727
5022.90268554917,6164.25506120941
4239.11545636314,4966.24185847041
1595.61549028161,1682.61743642824
4510.64254955965,3192.23912286303
4738.08660576236,7287.07994874604
3559.39078222993,4595.52846479353
3759.60166914078,2767.02391576384
2809.3136456356,4065.68618270728
3999.9892971067,4884.91579928616
3751.98340458161,4847.463509622
3108.41779990333,2426.88591678885
3919.98447714093,4385.8759851721
3997.22855344521,5354.06186136445
3979.91632935858,6503.59724660026
4565.45955151507,3622.51231305828
3869.67947542966,2392.16167778256
3259.28653035121,4751.81576590986
3961.45591279634,7133.63423492274
4932.87527112736,5068.42525295651
4163.06578665702,2525.09108906471
4627.3974126167,2278.95296688506
3938.84414151861,7774.07134816663
8367.22716266254,3605.00779704905
4171.89898877193,4663.38531563779
4419.76025830256,5257.39080794262
4251.85052776081,4272.95164443152
4013.42049054992,5849.5209372051
2797.1724437021,1021.15278864359
4543.42743489788,8625.06923411311
4222.39610693251,6527.01201046583
4199.55698832309,4869.57122790383
3934.6746549607,3194.96696209329
8395.00556223965,2666.88629498662
3927.0466631401,5968.75385544935
3426.79521531482,1199.66123896308
3639.88086313561,3064.59497937486
4017.63334182345,5678.68445543534
3026.80436361445,8034.01907716408
3874.46341309745,6138.39661684289
4315.49655755856,6709.38525207422
3729.23317152916,5652.7126858613
4387.01300728287,2948.08990036087
4205.61654403093,3362.84789707963
4772.07622818807,6201.19569601873
3220.60789349191,5607.4743624432
3388.22616002837,2148.63764677039
4326.90979975832,4923.22014228297
3863.84858959808,5010.79811636713
3325.29020987456,1689.7214046608
4287.1491102806,6522.01090140116
4071.49417038717,4030.56424833656
3698.49966346055,6774.00260883339
3248.65649560126,5167.25582814999
3594.01230820511,5226.30375838588
2887.04707579958,629.582059664856
8361.06120686646,867.650200788898
3908.34323245192,6094.63617253032
3637.71888636967,5377.53328783378
3761.93977095321,6184.54407905265
4844.88434012353,5094.51119344857
3538.68264160391,1769.39949121443
4358.4966957849,4699.4734742592
3763.96175117486,4919.75357492759
4527.57047035079,4248.51399371151
4190.0451803045,4612.57798855167
4001.72173599809,2106.63902886502
5126.16439093596,4739.76735121638
8454.73626223753,3233.32839054911
4726.80591731454,6070.19852181031
3354.97464333242,3936.28021281191
4540.94092629424,6217.27899552619
3966.77890203835,3512.71329548478
4106.22902550194,3933.55237358166
4806.76262034801,3831.93729655416
4184.22967720926,4826.83367044569
7806.2222774682,5445.95845613665
4326.30473516655,4028.74554789797
4066.16195585814,5233.29440141093
4586.55221005532,2871.48058008436
5054.02129559358,7105.61584592931
3314.69019163354,734.152472048146
4336.96540615925,4425.31738594138
4356.91010221806,4890.93979520527
4385.69898308217,5915.27535173673
4301.64405658733,5829.91398488323
3990.82465597538,4736.5849425903
4344.08370340647,6006.4332183838
3750.65302393581,5401.34553563617
4373.4171066153,6323.61144574431
3433.41486076919,4911.96754117365
4422.02480857109,3750.72456257743
4716.99505807583,7478.77292010715
2591.4920459897,1802.1346191156
4431.07744808108,5429.70474596266
8605.57301992604,2506.27995032699
3041.47251935379,6221.20055513267
3855.18567240282,4394.23033638464
3954.53119674038,5404.35795645098
3676.1512729848,7044.63546719207
3059.2088671679,4281.07849951852
3101.29323767992,3322.55423155007
7763.24281463861,1156.8101448698
3807.59674603004,5361.05208153424
4203.27377548965,5713.01099907717
3017.36141881442,1905.05695315446
4787.88911180293,7211.66371456288
3981.00542183129,5063.4808064956
4019.28404108627,5000.00008465364
2417.52086170559,1054.56987635232
3113.77512979553,3117.33475496234
4330.08887897755,5043.53303284067
2925.56313848374,870.889642017089
3697.13398061381,3480.035041615
2772.24791959659,185.669303319997
3923.75183508435,1106.79820851258
4424.13965564623,6684.43594649937
3328.98977003297,3382.17069067219
4132.12901808183,4631.27580208187
4214.5669027313,6140.78363474008
4369.81365917614,5687.09589210689
8625.26087703573,3505.55245322083
4082.35936853488,5377.02163297894
3526.80435795581,1400.95926165815
3781.25569690162,3827.44741948909
3865.15704354819,3412.51880067617
3560.03550497677,1604.75794459937
2999.23815042605,4587.62868297682
2181.71391280405,4670.26221060006
4575.09509642968,4444.18561013811
4190.09924792797,3777.9471379867
3583.7523584953,1016.60624897475
4531.94388187918,5885.32493709721
2290.69053252006,5390.37709325615
3548.22646777791,4907.98931896341
3749.69759090994,2079.70082361267
4680.87888108318,4403.15300505579
4330.54569993485,4046.02214492641
4251.70938970492,4791.8821467415
4066.17116332089,1438.86612071815
4159.73996451218,5136.1121159895
4409.60345048146,6561.73603804448
4895.25728316192,6674.49039097378
3626.08276500107,5724.8319176451
4238.61560577125,4856.1586821676
3522.54481042089,253.299080893973
3335.14221895881,461.530608298167
4048.16469724638,5137.1916654477
4012.27797675219,173.791471078001
2873.91104703008,4191.11393039242
4426.20563941964,1565.03259652842
4096.69756670634,6457.96143924534
3908.43022260403,6504.56347085094
7987.43713216257,1083.15615994909
3950.17533457855,3740.267352197
4023.36222946539,3557.38287858902
3616.79300053519,6089.35090473634
4440.12250105813,6652.83766494304
4127.24565954734,4770.62690464758
3490.27053219004,4850.9871624364
3586.44304413114,3877.45935584631
3852.7962505268,2805.89678764689
4094.38306297644,5490.74221015892
3831.70798184776,3378.41975315988
4329.60948961867,2238.6593013555
4350.83085970191,6798.04277561658
4417.56052325314,5675.21788807995
2791.74366655756,1350.49275590509
4465.22510097652,2535.77558414306
3531.27052751424,5600.65455293994
4051.71438344131,6753.4298551161
3923.24404538763,4305.06158084269
8572.88403537333,2010.13880896497
8469.19378334214,935.450494743217
4526.04485501825,5699.71220140371
4031.01185858882,6336.34150310391
4112.57577498375,4610.75928811308
4389.16963925703,2907.22791737271
3820.01184734042,3564.60059488435
4211.12950576947,5376.90788491617
2898.49873706196,4437.47954869762
3956.08931316487,6554.97331400024
3702.82509974087,4685.77719264892
2048.39595466531,5316.26875036723
4109.62830736224,4579.16100655676
4792.68559513275,5961.08156975818
4794.00717753872,3100.45585329835
4148.58634504149,5956.25087136004
3627.13681378982,4764.20500193639
5042.62033849598,3553.80256317086
4553.49095955592,2826.46996421943
4471.40595682645,4848.54348193545
4513.76987379818,5918.45776036282
3789.01132562167,4639.68681589817
4234.34654561755,5095.47741769925
4232.18788590668,5037.90652085838
3670.68562019665,6216.65401546383
3209.21792615836,3265.6656116582
4274.79450750454,2693.54055293729
4092.86480961837,5134.63423688398
5035.92082538087,5290.01239920864
4119.0951111137,3430.25038995569
3441.6204423133,5278.58896457753
2807.79071203833,1488.42338196573
4472.61663004566,4963.40027117739
3092.15131408448,3593.13021587736
3847.70677127463,2185.86244030901
4510.44275378955,6688.86873810544
3092.24134225671,6435.39915156768
4042.40755308374,5667.43185432601
4424.86454413639,6346.85537608809
1541.27221127967,2116.47104775546
1266.23332040254,1907.44375962402
4325.6925600761,4998.18138421505
3911.02557683666,7300.71956775256
3429.74500961978,5839.17747488744
3835.95020402428,5076.09753864768
4235.56770308826,6472.56728250254
4844.28256626653,5809.56830443623
3963.07628216605,5106.10461589096
4873.06127682303,9092.45368121183
4905.02633306825,7299.46876191732
4056.30057491061,5992.28236737769
4440.39017306227,5292.96773456443
4620.84629770108,4599.1658656707
3823.72992873634,6600.04080389655
8478.36209975164,2161.424789589
4410.9186210118,6002.1141748405
3796.13863397569,381.397820206432
3491.24838224377,4180.25881321992
7734.68895320933,321.383507149142
4243.14719980329,4432.36469157018
3932.34190787951,2922.11770793158
3221.66591348795,4272.78081090974
4238.99431400526,6099.46687092846
3672.73473150693,5103.20636599418
3710.40950114102,6908.40968779344
4048.0247988866,6073.60842656194
4197.1961566325,5019.54995151649
4509.13857086557,4606.72440329909
3462.38808091517,5129.51937975653
3748.12682057767,3890.13275060215
6366.08868157343,3884.96123087095
4531.9613279124,4761.13591851782
7678.74686621375,223.860241823933
4344.94116474753,6077.81414489772
4091.23512125514,2821.86655051921
3527.65631465874,2637.90210459777
3839.22694727052,3310.73310155452
4182.20893111087,6815.83102749986
4333.63354155698,5350.08363915422
4139.33662483856,6076.33626579219
4138.56173117864,7033.66702481204
4129.21753630094,6121.00627175168
4196.61173925473,5927.09627030466
4799.33437988484,4721.35369641549
3833.31904157166,7937.51928011928
4353.16341069543,4921.4585273034
3369.05294496108,4427.81815190134
3939.50519341066,5054.16065388763
3596.92066586608,2749.91751797431
4040.21595228495,4333.13620958462
3842.16865114165,5851.45296285121
4457.09352550958,4383.65980079669
4325.4196365196,5539.16251934785
3908.95992735484,4723.11573425031
4569.50250141313,4116.15268846034
3623.59116788459,2354.59585148326
3959.63697069275,2267.01830025435
4275.47263388804,4402.92550893024
8260.0659531698,3753.39573920393
2934.12150653406,99.6828771187759
3780.38906054527,2227.34961478716
3754.44446747562,4000.1592643012
3561.22792203702,6430.79594929508
4137.1810434897,3299.65091111172
5181.17852465464,5665.78398740921
4031.58487639918,6111.0607162261
3870.95730766476,4164.34592437898
3658.34518788485,6202.9573109983
3114.87389051212,6507.8596275398
4305.5247336137,4713.34058939126
3781.33026909902,4579.61557595259
3558.97723739862,7572.65947169497
4939.54424441193,1507.97346025621
2623.57545212494,1216.48347802331
4204.92117652705,5983.87093070613
3942.97773144226,5130.65601467374
6960.77909091161,711.647111258776
3952.5035015245,6447.22049299086
4913.28384968393,5190.72725461932
4620.20285557158,6138.28286878012
2463.88445259868,5077.51833229419
4538.63547499095,4997.38557063091
4286.39484966881,5319.05325220124
4225.07988191961,5186.86278047186
2975.48815637146,1112.36774074967
3607.52855651856,3824.60583219606
4542.54515341433,4314.83630284649
4112.58951827291,2416.42891783604
4568.33730586186,2911.37655024947
4164.65990863183,4581.15011766187
4646.21171155134,5891.00811168326
4355.60938653098,5488.58226553202
3105.28655066146,1396.29907964036
4131.64205616811,5609.06556675624
9070.69636456203,3649.05240009093
2981.6618002249,3516.29361090294
3990.24530639771,6500.64233409972
4316.10684034644,5171.57487169329
4549.58061285857,5697.04144763247
4368.36435167467,5926.07338345022
3941.75667020647,5039.15690383836
6567.76012008762,4903.38611669082
2961.92187693518,1292.2402163981
3808.10550004863,4451.68748516274
3364.89169579686,2238.14764650065
4278.69099175929,3094.14748722231
3448.86530135116,3869.2754153003
1781.38075972041,317.973602397513
3379.32776329048,7774.24133597791
3366.12598096653,4862.69433294156
4031.76562530074,4102.6268175166
3602.91782032495,3401.60723232753
3968.92307113966,5312.34719076076
4461.95454067646,4586.66288158139
4982.78814495183,7547.76682872388
1725.73432430357,1337.81925543544
4382.16466133551,4524.43211986416
3995.21024754747,1326.16874753404
4671.07135934199,5329.45337712266
3797.25164611319,4266.64306692785
3892.51405929434,3771.86605660858
3595.18507645088,5062.74207837046
4645.79530134134,5789.96135211437
3993.94794895922,5765.92118533118
3745.32661492585,5782.06157029766
4125.38444307131,6791.96169423846
4068.44626322724,6207.67468418892
3747.34193299375,5575.36442603203
4495.67776009648,5258.30036958954
2484.18998525843,1098.55760536281
8068.18149215196,1466.6568021584
1324.05813583631,4092.68126199101
4628.05457133722,5617.59032863532
4166.41916848231,3757.08980268486
4022.67358205161,3759.93138997788
3629.17523207518,3167.46043938234
4461.8070547557,5602.52991598229
3822.14076231157,5812.01198493718
4481.11076069604,5285.29544887327
2212.11589063315,3363.87078393407
3311.86574875142,5158.73106627092
4547.85109410938,8168.25616831285
4118.2168222029,5081.55363996343
3059.21108861741,5273.30369678356
2872.62980880385,1741.66557809175
4184.43510360735,4877.07268007321
3555.98941687137,7352.32228556757
3640.45813884336,4770.00192458521
4739.7542572468,5095.47741769925
3877.68156354943,5106.90042947511
3912.30332427465,5747.56461598929
3964.27402891617,4481.01249688465
3333.37666017607,6688.64166483515
3834.6192846972,4124.16579548457
3993.6542389428,4814.50109702292
4766.19223728709,4960.44493582159
4820.38544240641,5706.53201090697
4058.62840487948,5385.20557352495
3485.66007281933,2265.93853936853
4317.65580233202,6062.81039484845
3916.45995344927,5657.20214007112
4207.29528253741,2593.28918409729
4257.09243502382,6260.81236656847
4029.89225437634,1470.12358094141
3438.16833744883,1165.27803271749
4316.44479401642,6842.37153738776
4073.04937557784,5704.54289980186
4003.31561801758,6504.79096697648
4400.34148790985,5555.87122177293
4177.04972286674,5242.44414335236
2307.33418038125,4456.68859422741
3901.7032093137,6343.95712619131
5046.98121575108,5057.79763190955
3093.62488393514,3724.97986627368
4715.32151659304,6637.83391489377
4210.22377996102,5028.58636825041
4431.57296740281,6836.46086667616
4302.67820628382,6397.60604057046
3767.50425841108,5974.94868489024
8685.930513183,2723.32034548265
4052.74046601881,4287.784560959
3472.79724837741,5054.89938201277
3699.20093110986,4572.45494511627
4205.48477912616,5145.8868379933
8861.38471208496,882.426454712623
3556.68992341563,4376.49874710512
4539.03963547983,7292.99061945763
7043.01343578992,4111.09449393666
3548.84753030903,2623.80791619542
4839.36468417823,6989.16785237433
4615.8923480784,6837.37000546783
4084.79827811629,4861.50103542059
3016.1191820178,2140.39704362062
3265.97373010512,1071.84668480838
3356.7052666998,2952.63644002971
4039.35767625393,4272.43998957667
2486.725576924,974.039207896961
4544.21004127305,7850.85086768204
4730.55290005878,4595.35805412699
4391.56751390227,6709.32816661521
3296.81373064904,4815.41023581459
3866.16191476335,3456.67715178081
3907.93665216396,6015.86754190979
4424.55846327149,2298.33263450901
3624.53213724203,1474.95427933955
4580.77786905267,3551.64304139921
4153.31526215802,5089.96465377974
3892.41095448751,6374.98709028904
4730.92760454949,3724.35446335607
3556.34167381067,1202.84385901679
3118.76984317937,1458.52984135759
4043.68853550261,3193.83032717608
3334.68606235652,6379.1357231658
3822.8810459344,6216.93817419313
4300.02252404873,5056.71808245135
3410.24381423028,2619.26137652658
4175.1819763735,5151.28585385005
3841.55159708378,5330.24919070681
3194.3257252151,2348.79914026207
4608.25707539318,6020.64115484892
2741.62343294914,5010.00230278298
4541.78219259136,6096.1707142396
3846.82915212336,3153.65019828166
4024.02826688184,4612.7483992182
3687.7950169484,1347.65116861207
4325.4610458016,5154.07077853931
3469.38018238777,4955.04591996485
8777.73228566788,5940.73588931118
3826.91485609161,5273.01953805425
4063.67659207239,6603.96236350303
3863.41067449006,4240.55754929104
4105.1379272945,4794.04166851314
3661.24101156085,1612.20294559262
3827.56961216464,732.617983195769
4221.15398779946,6905.68184856318
4281.18594798257,4870.19620796619
4101.62235227303,4565.35097688371
3890.85872464405,6716.09131351471
1925.63622926841,2421.54377496349
3531.81766336712,2788.16540979499
3663.09513937644,1555.93951719074
3350.61074198727,6748.14416446687
4294.39351641374,5324.7935122463
3889.80196933997,4429.18186008884
2961.75276566845,5253.86715512822
4198.70269044173,4553.07506606469
4191.1014800583,4615.47623844845
4121.3006196004,5359.06297042913
3982.84392469742,3741.46107257322
3165.02452519775,866.002122444469
4030.9977056964,1425.16962768024
3984.33447673428,5676.46827105993
4409.25550016599,4685.32262325309
4912.0490835628,6740.47187877571
3672.89505344544,6363.56407851318
3563.18734430445,2983.04142406507
4360.94799961089,4265.84767619896
3781.14871135213,3508.507577149
4211.07789963017,6160.22017639542
3963.24279141315,5661.06661421859
7864.18993585073,554.677797477975
2882.11823495309,2088.28245952313
7710.70244975505,1576.22842932017
3827.5482667525,5484.09281132219
3096.61284323949,5910.67172660888
4256.36044525898,5438.74116269657
3831.98269028271,2112.72011024314
4131.46833202014,5846.28144312
3586.93857115724,5383.50062114913
3625.51377811443,4661.56703805446
1791.51069856177,4130.98560498783
4071.22589368677,6152.09289845317
4366.0376301812,6354.35725111273
4531.5395168506,1897.83923685913
4148.59671338284,5952.84096660841
3689.9233449169,5349.91280563244
4391.4008194615,7108.45743322234
3401.91871023828,3062.71940490489
4209.60169259698,3754.41862605836
4021.6489809542,5284.67004595565
4030.76072277018,4665.88608159775
3955.58632967391,4200.2070097301
4550.576028479,5716.25049316227
3820.93783423628,2655.97472663798
4283.34676583331,5117.01639566722
3012.10621354026,5915.9003317991
2322.92684700659,2430.01166281117
3744.37054284308,2431.48933048907
4082.76165014605,6796.84905524036
8939.66518960576,887.768702251797
3386.61290000076,5352.75439292546
3603.51215586806,2616.02188244149
5090.72067220514,5057.45681057649
4391.8763451573,6783.77775369245
4659.74008618954,3288.00040321032
4579.30508092823,4217.313196092
3813.31418449609,5033.24665598202
3961.51891397609,4384.05770758877
3851.26153960737,5406.9153850147
4281.71194579674,7604.5419119806
3351.78300451086,605.201230119327
4412.65382727295,5710.22607438791
3751.40244328623,3918.94653032446
4147.09606051629,4591.03858772845
4022.71430230101,6475.46553239932
4207.50234303179,5337.2394108766
3871.50348404995,1403.97136533152
4102.56266904155,4463.16715954236
4138.28950501029,6006.66071450934
3800.12480262272,4101.43309714038
5012.03281744451,5082.34903069233
3161.34087892537,5473.69268640077
8664.22288541544,5056.60433438858
4524.32493509462,4527.61452849025
4144.37015448116,5315.18877805378
4528.18284417042,4457.71148108185
4517.73981519698,4953.1705569225
4692.09745418961,6851.63502739196
1604.77953931091,390.604568321521
3959.38071816616,5804.51010991255
2845.86275980628,1639.19791916254
3933.72990245549,6039.39563098288
4688.20042261439,4369.84977112364
3686.72475883799,2446.72015380863
4028.0594174426,4848.0318270806
3925.1159742909,3331.53356282498
3989.08798775574,4188.21525764039
619.326322408085,5153.2183023514
4096.18577417312,5396.3444265715
3931.49397868741,5589.85652122645
2933.88335652858,2111.18556853386
4568.55984001742,5754.95274295116
3413.64415897056,4439.58198501026
4142.6479905317,6788.15388269475
2849.33411868812,945.1118915395
3312.29687936094,1356.2895728401
3546.75707662826,5903.11318898049
4262.54315185146,5354.40268269752
3844.15817558831,4865.93382702666
4159.27547484421,2826.64037488596
4335.1955978897,5520.35138061013
4631.45716574534,5961.30906588372
3419.1556549106,1066.56131130059
1993.32777074825,3233.83983397633
4129.61722973283,1887.77993327077
4854.06419255511,5925.33423246984
3577.8565136962,4879.34594990763
3930.67211504375,4551.02929235582
4622.56021765076,6700.46258340308
4607.03137827955,4586.32163739308
3550.17099203978,956.02356560195
5021.96186392004,5334.45490904259
4311.64552013771,5498.92572784968
4409.29623948613,5310.18766898911
4076.19121746028,4647.35910158934
4521.70816319753,1055.93379596744
4049.53378227566,5753.70235997117
3038.87066700898,1492.11744544666
4319.43198719766,5290.0690618124
3552.40700625621,2899.10085085808
3533.59488254922,5615.99912432227
3836.08630661136,5608.15642796458
3914.99363449359,4157.41236681295
4502.18981878302,6538.54877030446
8072.28505005525,2512.07666154819
4449.25854068207,5640.03886825021
4049.23709684597,6154.08200955828
4971.75721491149,4481.35331821771
3608.57479856358,8719.75159928508
4042.52854601747,3745.09805059514
4251.01497307748,4275.22491426594
3661.56717861269,2087.71414206453
3718.6691493369,848.952598686323
5112.57545629944,5545.18693812221
4173.46918555984,5749.26956836511
3875.67586468628,4910.37633686061
3529.02028086115,6526.50035561099
4667.36746483873,6894.03134066178
4257.90887679128,6598.6766728538
4416.71793599761,3721.00164406345
3875.192287279,4722.71782745824
4170.91345941517,5068.02734616444
3969.95762260805,1374.41885748407
3075.85449990291,976.142067064849
3363.91159328419,5475.28389071382
2112.36965216549,1708.81680784163
4121.65048747323,3694.29072350902
3793.01681404995,6050.25074815538
3429.70023395798,5344.45712717193
3513.33142806737,2695.5296640424
3996.30346354272,5520.57887673567
4493.8734925762,4367.34900516368
3875.18974256229,2089.58950510687
4002.79081354009,5031.42795554344
3442.30211576006,5011.7072551588
4582.13737448523,5985.00756562334
8166.38707890382,3102.61537507
2242.88345677324,1965.29860376657
4377.81606707031,5793.14376074045
4705.89379327078,5634.46944172693
4170.79655546651,8981.74594770191
4385.46434361777,4969.65176322204
3677.76363373834,6067.69775585035
2436.20122762351,1971.20906305054
4284.71818865733,6261.60775729737
3435.54442837961,8250.1505449557
4437.8628369825,6841.34822767807
4203.7102520502,5141.39738378347
4003.28378169726,6575.54649057278
3304.44268620569,5497.05036480733
4585.13776112062,5323.99769866216
4480.77445719936,4406.27875107811
3949.45591293944,6755.53229142873
4349.21005077671,7110.16238559815
4548.50317902938,3931.96116926862
4230.72272061797,4981.58642985274
7745.33617959969,3859.95526269233
4120.49871851905,727.957801177972
3735.12785764271,5991.88446058561
3957.80746977513,6206.14014247964
2579.37972191266,5195.95585980954
4000.87748761093,5823.88956610887
2818.6499892492,5616.73785244741
3929.67823404949,5802.52099880743
4490.77390783345,5947.44195075166
4170.74164770632,6591.40229395471
4154.32183883485,6505.81385383092
4682.93340570641,6117.31220827075
8755.1295078876,8430.25051672967
3999.23696927292,3379.89742083777
3968.86959045197,6770.30854535246
7581.44188962007,517.112024035577
3946.97573884707,4763.69334708155
2064.58966677553,3906.50020883892
4516.7445125566,2468.6572499963
4179.29569391142,2192.79599787504
3488.85549545568,3517.60065648668
8451.43286702866,5124.00661583701
4035.8286973076,4967.03767205456
7151.24321957962,586.560396334326
4175.19093509341,4495.90249887115
4979.51197777246,2040.94148836477
4181.27861049873,2660.2939816089
3652.29034394091,741.711062533446
4354.43560648135,220.393489469372
4202.56559908527,4454.30157633022
3461.39298454133,5722.44489974791
2563.95002142048,4594.05100854325
3262.66014988187,3379.38597741056
2537.17448107397,1767.1830954114
4106.6310952784,6033.03039087545
4598.15827773678,6955.58003685764
4792.13975583722,3847.73643733233
3889.38237843573,4752.09992463916
3927.68458435647,4804.44179343456
3707.76846603962,4379.96573731576
4174.4063028627,177.428700170227
3822.74592349235,3729.64015400529
4127.55421000394,4577.62646484747
4384.03781880972,4787.44935513543
4279.08118274128,7170.40403621027
4131.13623220589,3342.16118387194
4354.0361816181,5266.93845667613
4426.71884423886,5642.19881287711
4790.25630098896,7073.50590951814
5155.11062686254,6477.90963575552
3782.67488428083,3628.47964637363
4339.24235202534,4221.23475569848
3993.80290355596,5184.02119317884
3868.16072599352,6714.15886501335
4230.43929852678,5311.32430390632
4382.59228102496,4122.06335917193
3942.76685352414,5321.15611136913
4013.20520032381,3320.28096171565
3796.94239340488,5572.522838739
4372.59284373142,5174.30271092354
4166.38848415532,6519.05556604536
4243.01866803563,4313.69966792929
3461.37582567145,2744.46162808618
3864.10194652407,3994.81691104821
3292.47587486786,2835.50616952572
3911.55350842294,860.716748936681
3551.36614932426,4667.19312718149
3172.74953184662,2796.91745637198
8812.54488348943,1671.76253068336
4833.36992815418,5035.63325102396
3528.69780120742,6508.25753433187
3792.97701322741,6113.78855545635
4880.43124500776,5838.89331615814
1170.94747685799,2589.59512061636
3717.19522297797,5551.72258889617
9083.06514554024,803.259864443113
4190.29432224555,6075.37004154151
4351.7954861842,4187.64694018178
4338.39046040761,6477.90963575552
4102.46163792844,6986.49667574784
3992.7497001611,5747.67836405206
4035.89559569536,4831.26646205176
3817.01076402717,6420.96414183227
3014.30110137578,78.4278068098005
4829.03197632923,6513.48613952208
3606.57963243267,52.1147071549734
4050.81178432174,5376.68081164588
4170.86365674875,3301.75377027961
4123.63941935551,6194.71670784853
3378.4853305073,4318.70119984921
3905.55403741156,6288.09160458151
2988.45254871517,1002.56882888997
3995.52701543948,1410.39337375652
3925.45590142069,1550.88142838087
3665.36116783239,5412.03024214215
3646.83014719927,4854.16957106249
3825.75427396668,5986.76960345817
3308.99981888225,5283.30633776815
4228.75721552119,6037.349857274
2785.30680578061,1821.40053867678
4095.16590202208,5142.53401870068
3213.88788689291,4012.15059353566
4036.66147283699,5541.15163045297
3863.97774344972,5783.42570134041
2433.39818591917,2622.27337448614
4959.919474931,5548.42643220731
4515.55879759341,3183.65748695257
3813.56369096826,3968.73097055615
4721.2375944815,5334.68198231288
3405.82725973944,1115.94816188164
4333.16428910028,6661.36242682211
4914.96218343859,5068.42525295651
4041.21851364913,7317.82575411446
3736.92161494892,7588.28820180661
4157.70861681981,7758.84010199182
4671.57707203805,4435.31960407072
3319.64287554217,4829.10694028011
4259.14398626299,2581.12723276867
4275.57716486584,6280.24848536856
4080.7765617002,1961.54766625425
3499.45429247739,3262.71027630241
3870.23155554301,5209.02716135745
2502.27476897504,7105.90000465862
4657.41133424356,4886.73407686949
4032.92808546804,6025.58560130983
4310.71883808146,5714.60220339021
4123.40168349904,3473.15835808035
4736.86123037042,6880.2779735925
4477.32312527618,5521.77217425664
4508.52549788473,5511.485797398
3409.77715855841,4882.18753720065
4217.92098183334,6126.29153954566
5056.134099177,1304.06113496603
4371.21782856461,4401.16389395067
3964.03722526971,6973.823280992
3864.80646352266,6434.71750890156
3942.52109217238,6173.68896188015
3705.96738441958,4721.12662314519
3983.81056844725,3817.04729456767
8482.46277849837,6214.15324950387
4390.36926409358,5217.15401644445
3478.09924726562,729.264952475526
3772.86929791182,2786.85815278363
2755.74132284468,3431.55743553943
4121.47762063653,5453.68782728683
3395.83087383414,5205.67391920958
3894.91250158544,4753.06614888984
4381.1270713916,3983.39389927235
2879.6425561716,3472.53316659036
3600.4873078499,5574.85319403243
1816.54263075637,2805.2715961569
2102.20391348246,908.171256730185
4018.04662766084,5129.00814775694
3219.39946265687,2397.10612424348
4401.87912873594,2282.81744103252
3908.00535615345,7024.7443561409
3936.62717623663,5220.56392119608
4832.82569289264,5582.5254797236
4705.10553089043,4806.99922199829
3055.94271568307,6261.43734663084
3598.87972507136,5926.18670865774
3898.75145740935,6068.66398010103
3866.54373373916,4002.3754486766
3051.3232592196,1379.5905886429
3585.16872743552,6826.62905921335
3720.65364221478,6470.69191946019
3214.05018528287,3237.64764552003
4556.10771761798,5927.5508397005
4210.2663329064,5942.55458974976
4142.4590903318,7303.27699631628
3907.07336579018,5794.39414372043
4933.15344650169,5224.31464728077
4265.08578394531,6750.4745197603
3932.97975473671,2701.8946927222
3013.9391487652,4258.7437079664
4447.54243216218,6560.88356185658
4604.54098900193,6636.52686931003
4194.77126920311,4567.73757192565
4052.74616333378,4163.095541399
3509.73707697391,6854.13537049667
4518.28288183491,5484.26322198872
4780.54576329792,4717.60297033079
2928.08316571837,476.136345841549
4390.72172634052,5561.09982696315
4202.11727223742,6096.11362878059
3786.30207403258,4870.99202155034
8769.89626845753,274.667806766134
4650.81430289997,6637.77725229001
4210.33292061233,5087.57763588254
4272.43034597377,2650.34842608332
4302.21899519178,7234.56724642885
3780.79624064673,3812.27325877329
4694.86223407137,3635.18570781412
4366.65175710116,6682.73099412356
2439.68958453629,4369.56561239434
4132.94865493407,5650.95064802647
3889.01993935311,5135.99836792673
3652.92476934822,2643.64215321521
2643.52106272089,5269.04131584402
4343.46980425069,5577.97894005476
4162.97855338113,2622.38712254891
3802.54361900215,3445.0835179108
4135.84168015229,5000.73881277878
4432.13337707607,4186.05573586874
3338.17700587846,1860.6713173519
4219.37418007479,3409.33618062245
3406.78429768609,2047.76129786803
4031.16788866646,3474.23811896618
4286.66445477506,5550.01763652035
3767.62248954783,7098.11439375993
4340.34848487638,6672.04671047284
4365.32201116063,6303.32242790107
3128.04855623077,1887.26848984355
3747.64345641333,4285.56795372834
4052.30451145176,3929.85831010073
4952.98573261011,5933.97274241168
1763.32986543393,585.992078875721
2357.58290848786,1136.63487508933
4466.33549267742,3635.46986654342
3668.33281560807,6331.56789016478
4124.47773082745,4633.88989324935
3118.2895068935,5933.23401428655
4022.23185271764,3288.966627461
4676.49047892412,6745.24591457009
4597.19901211409,4423.8399296911
2212.71429747993,2139.99934825617
4046.71557558492,474.033592387474
4241.67793848834,4544.60738964463
3915.3587056559,3723.27491389787
3787.70467135667,2368.00818579186
4347.43074166235,4718.11462518564
4402.47957233656,5603.04157083713
3516.39609764089,5248.97979412632
3488.10725250576,6444.03766150952
5682.89439503701,6209.20880304295
2482.74775012819,2352.2090450137
2397.93933665632,2994.63505793508
3857.14194639099,4369.67893760186
4518.32418805574,3735.32332859134
2332.73311720137,1657.61146824962
4362.50331828494,8272.71240977811
3647.08199429335,4282.21513443573
3764.6186569025,3485.03615067967
8324.47515160383,4330.06754902131
4476.83138247916,6590.94772455887
3509.95234920399,6651.07562710822
2267.83300189737,4540.3450087051
3948.91329898105,6210.11836468987
4534.18272789548,6388.22880250348
2938.24616499907,5390.09293452685
3294.080506263,1692.44934960486
3914.44514450854,6153.28661882939
4566.86497503627,2283.32888445974
3374.01527558221,4825.63995006947
8143.93163691029,1631.1847064245
3569.32888080072,5518.87392435986
3744.40648600777,2677.22975730428
3933.94468185241,2947.6919935688
3942.61940643028,1412.32561083025
7503.88181877507,8723.95647191035
4648.80546289904,7370.79260297223
3574.86984868217,3678.26408660532
4148.60693547904,5667.71601305531
3738.00784882726,4359.67671947252
3906.06110823658,5205.95807793888
3647.62432276414,4583.30963943352
4314.6866277549,4293.41107294129
4165.18612739216,7005.42156254833
4301.50075395802,5657.65670946696
4079.37178666299,2985.31469389949
3856.79493086063,5214.88074661003
4286.0434170029,3107.44607346814
3634.34570455664,5052.51236411558
4031.83482140629,6293.54728304201
3910.50561567528,5898.73705997818
3002.40676247151,1978.42656791824
3817.45490378023,3334.03411735731
4012.44555513268,6185.05531105225
2367.57366413101,2477.29575993815
4031.64490413772,1828.67491757587
3686.22741026004,5058.82094161924
3852.2381013747,5984.49633362375
4662.84161447952,4605.18986158981
3071.85222321405,800.929773434215
3813.97911831212,5950.51103417023
4663.93469607578,5037.22487819226
4148.35224746356,4780.45871211039
6570.94354331399,1707.96433165372
3509.76651766165,6475.80677658763
4066.10399765259,6859.36397568689
4082.62601488183,6087.98677369359
4340.03451324173,5694.08611227668
4498.63991241788,7188.87435361492
4071.0498296813,5812.97820918786
3722.84704420621,4571.94329026142
4355.34839466182,4700.26928784335
4585.34545377333,2085.09983946942
4727.9594276097,5878.10722080187
3564.04129243595,5221.18890125844
3794.21239440126,6097.98941467819
2977.87815703645,262.335339057171
2950.73386024642,840.996154265856
3610.89800713825,6570.99995090395
4552.54319676981,6002.79624036188
4199.7724876753,5541.83369597434
3906.33934562698,2332.54521866044
4246.24562761249,5905.78436560698
4465.45938303196,7578.17181275924
7932.79194607702,2662.90807277638
3994.03130496046,6212.33454906528
3392.35424405289,4493.34507030743
3945.2295797302,5712.67017774411
3272.31268049247,5575.08026730272
7769.50820309051,7856.59070487185
3956.47565063625,5005.45576311415
3686.94548895364,2234.96523787457
4808.89626417715,6422.10077674948
3235.96052554064,857.250023010573
4518.36158514863,4758.97639674618
3285.32181258882,2056.39980780988
3181.02881390647,986.485423668695
2649.34628643453,4641.22135760746
4178.07697323862,5465.79290458406
3890.16477268767,5568.88586071708
4331.87946360102,5282.11261739193
4206.17179049854,6258.93658067088
4130.85058732743,3250.66207303656
3478.32571546728,2491.9582657991
4019.66103757884,6837.4837535306
3692.94103160422,1606.74705570449
3685.60381702094,5131.67890152818
3375.44940739009,968.867582451944
3729.53001700122,4777.61712481736
4184.29066921776,3823.29878661232
4298.09174274435,6178.51966027829
4765.62095985931,5082.7469374844
4323.03360532028,6774.45760108448
4036.36265477209,4482.6607866567
3322.40177736459,5287.34122258214
2971.39137138312,5178.39468119655
4076.74236068115,5641.0621779599
3475.21387486946,893.053970045771
4429.01362445331,5849.91884399718
4154.64404284867,4102.68348012036
4283.50134731895,3471.33965764177
4415.13040784142,8547.72139713909
3353.79599439595,534.559401728889
8493.25298797492,1597.4266916689
8329.69198153102,2963.88904113903
8104.98591626874,3414.84894454197
3043.46440535896,1038.48647113104
4017.10138588069,1055.82015361848
3941.0557657122,5308.88062340537
4451.27524686424,6159.53811087404
3585.78220959944,5824.51496902649
3638.03319268887,4665.77233353498
2335.2184992895,1063.20828058035
4770.8049084679,5343.88880971333
3643.39498928823,5470.50985491943
4381.2095572708,5787.34683809163
4134.82651219528,4183.15748597195
4519.46405343327,6589.86775224542
3013.48303553999,4106.26379553852
3687.1988282061,4006.52408155337
3436.67777215053,6798.04277561658
4585.3484614188,6932.27902105484
4000.36378294024,4417.53135218744
4733.63007740373,6332.02245956061
3488.28205419619,5191.69347887
4452.56440753372,5827.5836295898
4065.71088827326,4806.31715647691
3331.73479835586,2746.4507391913
3894.86894223532,4431.62554058979
4128.36445312398,5533.36601955428
4333.55454365518,3567.95383703222
4090.79424904449,5667.14769559671
1821.64440472461,2696.77983559476
4747.06337558159,6855.66991220596
4240.09183660447,6688.24375804307
4324.545383176,6020.92531357822
4574.25061529117,6397.2652192374
4083.2898775458,6040.93017269216
3988.45098533393,5090.8737925714
3673.44009809691,6691.76741085747
4497.96071597416,5544.3344619343
4476.63661050843,5172.54109594397
4226.92152525271,6318.83740994993
4502.0987324769,6280.53264409786
4465.39122157488,4605.58776838188
4341.44659021803,4761.93173210197
4915.12117263007,5282.45386158024
3940.22740680987,4096.77323226402
3928.20190900778,3124.83662998697
3715.48071110131,4889.97357095459
1553.38764920045,818.831773380267
3357.4937265283,741.199619106227
5429.45881164915,2367.89464915671
3829.70118013471,4400.14100709623
3119.7196970019,5783.93693334
4369.68426238181,6236.94303330707
4070.45124910504,4599.67709767029
4301.97997896152,5543.70905901669
3776.04568031478,4843.71278353731
8377.8267006792,3804.60097308212
3586.19147890367,5523.4204640287
2553.98647073124,2011.04815918426
3387.46656595186,4100.75145447425
4227.71742181812,6087.87302563082
4191.07490821851,6720.29660899523
8254.81436185794,4805.86258708107
3666.86671361745,4026.81309939661
4374.35003246813,5392.02538302821
3935.09911075169,3031.29153401509
4573.91826687836,5900.10119102093
3470.00444012311,3222.47348480423
3622.54340981622,5400.20890071897
8259.41256894893,5625.49011045202
3970.38422827359,1905.56839658168
3516.85803015137,4983.63220356162
4298.48818969988,5103.60427278625
4016.87220458874,4838.88208513917
3845.60959733704,4273.29246576458
3847.48402945116,5421.86204960496
3629.68616748944,1476.77287406433
4068.93094545981,5874.35649471718
4766.44608092491,5946.19156777169
8384.01708753754,2107.77566378223
4386.2443822112,5762.62502864232
3737.27101244444,4014.13970464078
2910.80145176729,2526.79604144053
3836.54338744624,1265.52929584367
4037.00498624778,6840.38242628264
3874.6541022813,3139.78329457723
3914.60768577523,6216.88108873412
3899.61685069694,3701.33760628257
4228.37198270939,5093.14706240582
4156.65655363775,6230.40738253312
4076.49058979113,3610.6909716351
4541.61243829039,4712.88601999542
2425.20763959882,2338.34214130926
4727.1747263584,5559.84944398317
3508.7285845726,2479.96672513701
4747.3657939918,3813.6940524198
4849.85814002504,4751.98617657639
5338.7877200939,4109.16246829055
5186.90952193419,4766.19411304151
4690.8799495423,5338.94436325241
3205.1804759699,3172.23426374909
3618.03825894632,5666.40896747157
3007.72031608383,2489.05980447469
3609.08409207403,1079.12116942128
2188.62151804007,5709.6577569293
4140.63569102292,5438.11575977896
3885.11047119462,433.569357620665
2381.76050316604,1741.72245212314
5096.02892701558,4426.39735825483
5034.86188020166,5484.88820205109
4009.95952691323,5893.56554024698
7352.5509271562,721.137991674714
4249.45039631053,2395.28742380489
4330.11196290576,6248.763951875
3257.31127725397,4027.94973431382
4614.07040177558,2818.85455255965
3964.21052314115,4543.29992120564
4374.45109327251,6828.44775965194
3545.40080513192,6469.83944327228
3781.62039046491,5464.31544833379
2654.69329291018,1401.18665206988
4651.45631650167,7213.9369843973
4131.2551594814,5712.55642968134
3658.71430026557,3781.75452667516
4352.84916706301,6518.77140731606
4252.00264738997,7173.01812737775
4291.68150116217,5378.10160529239
4138.14933068607,5123.49538383742
4171.98518537705,5726.59395547993
3185.56032884185,6700.12133921476
3911.26219276914,5785.35772698652
4269.51331981862,6080.08741473214
3923.60829676216,5323.48604380731
2624.26702430722,576.785357189085
7629.80300638645,4605.53068292287
4210.34831175805,6731.89045429287
4454.2625910709,1629.138721288
4856.51987735855,6949.32854481298
3404.10423075992,3296.01372166218
4352.87779392096,5308.59646467607
3495.11127082578,3900.76037164911
3754.84763734582,4201.17281112553
4472.05700816932,4916.62782890526
4573.5453307894,5991.77071252284
1994.34700291318,1939.09912663936
4494.46416805764,6328.27131062067
4022.59048341894,4998.57929100713
3345.96381539516,5349.40157363284
4685.22221215964,5822.52585792137
3858.89686092968,4474.47684611069
1848.50719595202,5215.90363346447
3403.62858923261,1419.31593671385
4401.58052292614,6434.88791956809
4048.70077929693,6548.72182195559
3515.47260315289,5900.38534975024
4255.96205322331,4144.45481332781
3205.13577073736,2297.42328428971
3954.72052522074,4998.35179488159
5207.21558437095,1738.82399079873
4360.9473363227,6162.60677143736
3299.51069682907,4257.77748371572
3926.41199143759,4171.56364067432
4647.76830279676,6481.60369923645
8065.59337026671,4018.85665497614
3480.57619995525,4001.69338315523
4056.97599986115,4620.02277811729
3869.38062388635,4201.51405531384
4236.39082325792,5352.35690898864
4158.01600456677,5775.35550885717
3197.40876845816,3102.10393164278
7885.59845163568,3074.25637617114
4410.68883444278,6194.31922391171
2184.76282082012,4104.67259122548
7930.24876981828,3318.74642000637
3769.99665430976,5913.28624063162
4350.79894055522,6521.61299460908
3709.37659581656,5331.72664695708
3799.24759731405,5928.74413722147
4131.67224995512,1196.02404951354
4534.59603067231,4124.79119840219
3149.58677821819,1251.37812769612
3926.06574899623,4192.02306918409
3799.25908757688,5962.90027019677
4028.67207726794,3267.25681597125
4623.5632936674,5439.08198402964
3854.01322293342,4806.82881133175
4411.11825646653,3018.4475171651
3992.59250140938,4243.17164045852
4225.30792903009,4833.88055321924
3055.03791562148,4224.36050172081
3888.12630316502,4942.77043200108
3892.73796286952,2270.3713309746
3543.347835101,4835.92674978337
4553.4200861713,5767.00115764463
4391.63182739841,2575.10302542194
4339.30141323999,7359.36959119638
4400.06484671592,5395.43528777984
4511.97079851955,6601.51826014682
4107.78159430068,5552.177158292
4861.98470479892,3432.23950106081
4638.83226034264,3538.06008499645
4489.82529072297,6262.63064415181
2287.24935160239,764.557456083505
4186.16758936275,6100.66016844943
4363.22348953323,5333.31827412538
4242.24370067905,6427.44270714721
3744.17708481578,2895.46366140854
3722.41035855133,4037.49738304733
4982.00433859677,6100.60350584567
4645.09363712766,5934.99562926612
3875.27090624009,5249.6618596477
8522.50655757172,1163.06163691446
3868.04426606912,5886.1203278261
8440.37591519948,357.357996993138
4144.15632298662,5173.10941340257
3963.50588593774,5344.62753783846
1989.00939387329,5230.96404611749
4530.38022805162,3737.93741975882
3743.65712048757,6447.84547305323
3530.21276867265,3801.19106833049
4052.79777221241,6407.15411215922
4101.49222625548,5506.31385481154
3738.67332128041,1972.00466520706
4113.20330346638,3705.48666201459
4759.36867797908,7408.86987269876
4208.23652380085,4187.36278145248
4494.47845148605,5417.94048999849
3579.97958687063,2865.62699483178
3906.66994127269,2893.19039157412
4773.73263289593,1992.74825244613
2259.07225252203,994.555510438121
4704.52339509452,4226.69043415898
8434.79484448379,1094.01106569397
3363.92758520676,2561.97506127027
2487.99694839362,2141.98845936129
8262.10805389383,6071.73306351959
4256.8857859458,4419.52046329256
4212.32116377821,6815.48978331154
4115.15560388863,4281.36265824782
3110.63782092714,805.476313103053
4712.42197419313,5251.0255678352
3791.5660707687,5338.48979385658
2115.90723885087,2676.60456581429
3263.62839958355,3599.72252925508
4025.49491217159,1244.67196054182
3022.99632660754,5723.01321720651
4491.89879500171,5092.46499688445
3157.39034632188,4190.88643426688
3511.48785688421,932.211106371932
4299.93966885982,5571.61369994734
2818.31248590002,4278.40732289203
3765.46643900714,320.133203454521
3577.36162627869,5959.49036544514
4087.90305471503,5280.23725434958
4238.21417303435,5966.5943336777
4546.56819742825,3979.98399452072
4212.92567276381,4530.74027451257
3448.23478159272,7711.89724905316
4548.43316747006,4824.95830740335
3851.87376242271,5308.4827166133
4375.81191814206,6567.07839129747
3472.68112872999,870.037165829182
4412.60638105933,4580.52471474426
4115.32462325474,5423.68075004355
3793.79236680109,6790.82505932125
2963.59847501966,2970.76572467368
4317.4438540453,2793.9052469848
3518.38758931664,3435.42212111452
4491.52984926271,4890.88313260151
3940.05227098444,1695.00677816858
4127.75524768894,1454.38110276701
4329.73879436611,2774.58245339224
2784.99609264999,5562.69103127619
3831.60510580721,1331.5108893594
3958.74706611823,4711.91979574475
8237.54424895701,2031.33696559988
3532.42681849974,6413.63267747416
3612.01839277047,5187.99941538907
4742.99918803176,7201.03651637117
3921.79150742049,3319.88305492358
3920.32162174088,5094.45410798956
3844.36777095235,1039.67987436582
3658.01568995044,4779.89039465178
4493.58995912795,3391.1500219471
2903.48970587055,4312.79052913762
6912.80647846228,2092.09005963921
4007.20574050623,4747.09881557449
4119.74144544446,6074.34715468708
4194.59426464063,6719.15997407802
3472.04312308157,5657.25922553014
8576.8223447792,4128.88316867519
3885.1495366263,5212.15290737978
3194.77509524553,4193.10304149754
4631.28233827777,5010.85477897089
3905.68476169218,5542.85658282878
4473.99985568122,3352.50443476197
3913.62051523772,5962.61611146747
4644.23907378261,3597.3925968169
5835.48043777291,6174.99643031914
2907.17970987269,1581.22964409866
4267.25830282129,6495.92496090909
4430.82056536833,6648.23403981519
3747.37095429614,5456.98398397569
2130.58193619977,836.847415675278
3789.60566988922,3303.45872265542
4552.81171697201,5009.37732272062
3684.59007863179,4568.98795490563
3888.65352289425,3283.85177033356
3741.1931442077,5859.06858593861
4141.61270179281,4251.29849554552
2821.2726388206,4977.38071151696
3704.40706526484,2960.36559975226
4466.90011561268,6896.07753722591
4373.69719043271,4352.91357257302
3734.03767855426,5528.53532115614
7931.86540882074,3882.23339164069
4257.90841273718,5505.23430535334
3834.81853602621,5324.67976418353
8035.70578092605,1946.20309487192
3267.96430814098,6559.97442306491
4286.63144195886,6150.72919026567
3787.88238705009,1282.63558791939
4125.42337579529,5353.72061717614
4341.95062606006,6168.57410475271
3806.90965986537,5158.90147693745
3596.9846994308,4139.68120038868
4508.2208500703,2949.56756803877
4562.4207342819,4329.72630483299
3776.71221436828,6184.54407905265
5225.38728683128,6105.66170036935
3859.65172248501,5302.85620463101
4191.46518313164,3410.01824614383
3481.82248960627,4302.21999354967
3716.27068125527,5210.67502827425
3679.29646276919,6652.8943275468
3014.34682999297,982.734486156377
4351.71606064983,6501.26731416208
4147.08736250234,6012.51429976192
3782.1092818656,4191.51141432924
4615.34796484145,4905.03398360762
8569.84696650797,490.685262210452
4592.2799435931,5151.22919124629
2412.57552245249,1056.89991450431
4103.40995147876,4607.34938336146
3870.79855235439,3940.88341508451
3912.1406179064,4034.37163702501
4788.69811697841,6462.67838958071
3613.6516996091,1472.62413547375
4857.41502569527,4307.5619239474
8002.63257031211,3070.22127992952
3880.31908005741,1706.08896861138
2935.93309967662,3853.59002258491
3966.88728958744,4184.69160482599
4389.43541594745,4304.038271133
3780.6760789809,5553.08629708367
7562.5302165792,5387.30843269284
3060.80914531508,38.0772672488567
4227.51075115881,6045.87461915307
4210.00799281915,2145.22774201876
3957.61330948415,6054.28563296938
2555.76388758697,354.232250970811
4518.64107826534,6137.43039259221
3836.42122849274,1119.58535133119
3552.17342419847,5525.18207900827
4158.72088772453,6501.60813549514
4712.31750105382,4468.50951279534
2950.16758636456,3624.95599355923
3942.4432260557,4606.89481396562
3974.99174588963,4718.11462518564
4079.07451508851,8420.92994126645
4669.41080793274,5204.82144302167
8534.42394584331,2033.04191797569
3941.29895848179,5278.87312330683
5478.70289025781,7143.40895692654
4153.1250597448,4495.33418141254
4233.37755701947,6154.1390950173
3680.74654916303,1871.1283163047
3560.16121457677,2471.49883728933
3963.47558920168,4821.88922398478
2610.06158530792,1483.8199682655
4011.41610686312,6544.62985168258
3005.47443660141,976.142067064849
6801.16455793339,1660.56669789161
3589.55540658368,5468.35033314779
3351.95114112482,4153.43414460272
4522.39377828913,6206.4809638127
3781.39835244675,6389.59293354623
2697.10702582474,3147.7397389977
4298.58172453602,6424.48779464667
3990.65033314918,5728.24182239673
4468.79028306145,7177.84882577589
3704.84952818935,4932.76779101648
4568.47143833003,4752.78199016053
3279.3701086798,231.248368785796
4589.5809719123,5642.82379293947
4330.84535519287,6282.23759647368
3452.68000593527,4879.34594990763
2892.41501920562,5188.62439545143
4136.5489182158,5180.8383616975
4347.91068593374,5164.41424085697
3776.31233356854,6133.45217038198
8999.00919254183,1618.22704722555
4297.5501827403,5942.21334556145
3800.68516180957,687.436745236684
4359.97701959514,4509.9966872735
3576.200593678,5284.04506589329
3977.3874028362,4811.09119227129
4269.30206787925,4271.36001726322
4395.62097091412,4014.87843276591
4485.9752584643,6742.91598213191
3622.69932319817,2369.54272750114
3790.35443174366,5224.31464728077
2536.33762217893,519.498989075861
5074.12744101952,38.5887536223124
4144.84661755357,6090.88544644563
2042.14485761641,1026.60857281791
3245.17572472205,1551.22246114156
3583.68601702609,4928.61915813972
4309.66136976475,7203.59394493489
4222.62033026917,3495.49314963247
3204.18422258458,3594.32351339833
3290.85694133409,5713.29515780647
4373.53404698578,4619.45446065869
3447.07882310507,1141.63608986782
4172.07707920416,5180.27004423889
4741.11329218169,7610.68007881774
4179.35913826988,5391.68413883989
4026.37553463662,6670.51216876355
4519.58917773574,6284.2837930378
3325.35990571775,1502.23351735259
4239.19325486885,4637.24313539722
3849.71158576525,4853.14668420805
5668.80633804248,3750.21290772259
4151.53744443442,5165.09630637834
3388.35892459156,2897.68005721157
4890.63858209515,3851.94173281285
4506.45491061667,6166.18750971077
4224.80736944233,5277.22525639003
3957.65961363255,3890.30316126868
3074.34450788262,1462.84909632851
4260.49278554252,3938.04182779149
4202.35302915264,4209.01593033848
4517.8442705147,4973.97080676534
4092.14796651296,5252.21928821142
4414.49719024964,5367.81480557849
3736.61434005413,977.847019440664
3390.99113167093,5684.48137808416
1033.14580768527,1708.02120568511
4347.17403468233,6264.10852325733
2768.46538199235,5341.44512921238
4467.28715664714,2762.25009139709
2719.89707229238,6878.63010667569
4539.82867467163,4682.42395050105
8401.65235987168,1404.19875574325
8227.55060819505,3405.69899117291
3991.60077184445,4799.04277757782
5720.82969226768,6650.50730964961
3880.4328913959,6837.59750159337
4290.87104570662,5237.72719301699
4090.47828125296,7633.92358630627
4385.31062760243,4085.86145248776
3474.53715357233,5253.29883766961
8486.11460925833,821.446023118468
4751.59504102456,6620.27273628078
3806.0144433338,7838.06372486343
4618.33920360454,4772.3889424824
8407.50104646329,2516.90735994633
4039.19173831383,5961.87738334233
4025.95906471483,6509.33750664532
4509.27981034198,3799.54320141369
3923.71446110762,5666.52271553434
4195.5860129594,7544.75525361958
4136.38223694829,3972.25462337055
4469.71195776106,7383.97807543817
4022.08166283875,4599.39293894099
3612.78678077111,3641.0392930667
4198.63449220692,5017.39042974485
4555.21960911472,7071.6305464758
3336.44248248413,1864.64953956213
3786.45773744122,3900.98786777465
3672.58503757397,839.689002968302
4093.72751602568,5524.61376154966
4259.8252713005,6377.88576304107
3163.12536598865,4883.72207890994
4261.4153953674,5289.50074435379
4316.22916185521,5761.60214178788
3830.56007645691,3809.60208214679
4406.1428124401,5141.11322505417
3855.6990978809,5982.39347445586
3577.22751651302,5326.32763110034
2951.81043348235,1029.33651776197
4026.3345961205,5352.81147838447
4579.53598888178,2464.22445839023
4127.08098682665,5444.36725182361
3535.70912359871,6587.36740914071
3571.77551323917,5784.39150273584
7849.14203100207,1982.51853819125
2952.17211819783,3444.62873708734
4145.63243368734,4862.46725967127
2038.91079223487,666.011198190045
3746.10569221554,6758.20346805523
5048.82127238757,4554.60960777398
4567.41417757558,4883.49500563965
3090.07108554326,1541.16326326702
4663.19183822098,5971.1975359503
8107.29587212969,5647.37033260831
7038.16764027999,5045.52214394579
3961.82279414494,5378.95408148029
3564.91307003711,1837.71133430978
4769.61087460818,4356.55097345019
2144.6480059047,1429.77304138047
3649.91625660132,4653.55350817498
3175.55131251386,5127.70067931794
4092.90940605731,4674.86541287266
4201.9099421321,3146.03478662188
4418.60656825407,5337.01233760631
3458.24783400769,2319.07622174808
4570.671033644,5548.99474966591
3822.16341071818,5718.41001493392
4801.34602012421,6901.30571956088
4290.82778424154,2940.92905809692
4293.9204165175,6486.94562963419
3228.69626375002,5096.15906036538
4054.61589983244,5664.41985636646
4288.22245771506,5483.58115646734
3959.7365894107,6887.72318601337
8596.19528189544,6788.83594821613
3988.83760445085,5848.78220907997
4138.14850554419,7660.80534038248
3380.04200995684,5196.35376660161
4575.06711683769,5641.0621779599
3899.50412809945,4077.56376387897
4048.41709249551,2493.54947011214
4538.99916903146,5691.24452498365
3156.44837226847,2807.0334225641
4478.27480798496,5553.20004514644
3608.23936343156,4949.3627453788
3826.64531269999,5925.61839119914
2987.49357344472,2709.28281968407
3428.0534089909,4504.08601656191
4404.19133193874,4266.92722565716
4399.34350167569,6210.34543796016
4461.48771123956,4979.7110668104
3204.75541460942,971.481779333239
8217.69528474978,3499.52824587409
4630.54918174495,5736.70992167204
4400.63459098605,7288.78490112186
3604.16531801855,4722.66116485448
4278.13232630502,6784.34607115105
4750.67568295428,7116.64137376835
4149.25694653944,4873.32195398852
2692.18578875492,4714.76138303777
3996.87490882512,6982.97302293344
6753.18849832751,3306.75487934428
7963.87418380428,4958.62623538301
9219.92851229325,640.266396172483
3961.16715289112,5705.0545546567
4765.10703398719,5999.61340888054
4487.4211397931,6649.76858152447
4243.88345122317,6759.05594424313
4071.55739262038,4996.30602117271
3380.28848411037,3655.13348146905
4265.28444860037,3695.42735842623
4210.91602326951,6601.23410141752
4023.55178897343,3037.82718478905
3699.50516627501,6747.63293246728
4236.87408868399,4680.83274618801
3752.61598780249,5745.97341167625
4338.00072534063,6424.99902664626
4065.30231633297,5735.80036002512
3339.24543302867,2619.2045024952
3784.11675173535,5430.72763281709
4384.41401570357,4918.67360261414
4390.087236497,6565.54384958819
3621.66241330425,4657.64547844798
3427.81875017043,4389.62713411204
4648.54973237637,5618.27239415669
4459.62946460451,5290.41030600071
4202.38394670544,6171.18861877544
4314.02327222008,5478.01172994407
3266.83249970277,4302.6745629455
4647.46112132234,3569.20379715695
3595.42053663983,2239.51177754341
3993.77424304209,5283.24925230914
4515.41165445851,7248.26352803913
4188.45773141589,5188.39732218114
4339.38555890339,6189.31769199178
4779.2282150848,5735.28912802553
3185.69604400476,2396.19677402418
4724.0613614145,4564.72557396609
3759.57107985149,2392.84374330394
4575.23296285084,7011.04807453062
4020.11465644087,5700.28051886232
4298.46182284396,5777.51503062882
4551.4418394266,5850.48716145578
3463.16002488077,6913.46788231712
4060.72886645923,4413.21230864414
1853.64345530132,1902.72680928865
3348.04644622148,4071.14186116779
4430.59367348272,6393.79865188201
3340.87137923553,5119.34675096066
4451.45719506139,4002.48919673938
4468.83441125893,4850.36175951878
3840.84001432686,4752.78199016053
4715.61452428991,4872.98113265546
4403.60208345483,1077.35934301408
3534.29242125613,5610.54344586177
4579.58165720101,5295.01350827331
3490.23941430668,3107.50294749953
3943.30213511611,2300.94672567649
4040.97591741418,1796.33769646678
4732.19973142429,7022.86899309855
4010.20762780665,3628.70671964392
4901.84815892691,6919.26480496594
4655.3918346589,5549.39223360274
4206.69861304577,5622.42102703346
4405.28978894864,5552.85922381338
4015.70831111796,4411.10944947625
3874.21991963797,1002.4550808272
1865.47823295066,4242.65998560368
3608.08200668119,6294.85432862575
3993.93050499404,2524.52277160611
4011.77279428823,6123.84785904471
3340.54207891806,1503.14276185807
3863.57719086502,4645.65414921352
4128.4717623502,6287.97785651874
4876.05961389885,7264.17641688006
2761.53213377566,1092.30611331815
4350.7559528094,3075.96132854696
8354.38424345717,72.6877978350461
4069.44418276567,5222.78052842674
3877.56917843002,3761.23843556162
3735.65901905732,6231.14611065825
4150.99646409069,5764.84163587298
4548.62605190954,7025.19892553673
3336.13642255408,4956.35296554859
4298.11689409119,5417.82674193572
4589.26149706742,4646.73369867172
4259.35682856193,2919.90131212854
4165.69723006773,5352.29982352963
4423.88278012203,5522.90880917385
4219.82930965556,5976.93779599536
4116.96651649237,6760.98839274449
8229.69576065193,3804.08974108253
4390.18524875211,5108.66204445468
4281.45558428536,3628.30881285185
3328.09682447063,1837.71133430978
3682.95535597464,2074.4155558187
4131.12663055935,6393.5144931527
2816.22108070588,1513.71350887364
5132.73439192597,4058.52512901571
4629.41100369038,6489.73055432345
3472.60626435045,2498.43704254167
4571.41873367345,5668.56848924322
4360.05254631897,3158.02632728397
7482.92095300147,4171.62030327807
3452.06952578552,2327.88493092883
3896.4097099284,3920.31066136722
4454.18118848075,1972.62985669705
3211.294497959,2887.05264759223
3651.6174967168,1953.02290437518
3683.65158420913,2038.09990107175
4148.13391583341,2829.25467748107
3113.7041311364,720.058177931984
3745.52467925525,4646.6203734642
3775.28948596275,5900.66950847954
4477.5863606361,5440.55944027991
3835.82699825463,4699.81471844751
3883.18937568291,5314.56379799142
4434.65939634248,1304.1748830288
4385.03732717133,6199.60449170568
4612.00541032319,3753.73656053699
4228.50051529117,5122.98372898258
4618.60950165605,4976.24407659976
4397.68083650683,4366.32611830924
4572.74400417106,5809.79537770652
3862.3362529183,7603.51860227091
3316.34824805974,4784.72109304992
4166.21811872898,6597.08546854076
3986.55600004898,2276.79323368578
3457.91357994524,5620.31859072082
4538.21234205426,5849.46385174609
8814.52262005671,4831.26646205176
4088.23934529196,4496.75497505905
4061.09143047733,5452.55119236962
3240.16552352982,4135.87338884498
4367.96951654787,3925.02761170259
5138.7835903693,6754.5094045743
3979.71629652255,5022.44862426853
4179.57951499652,5513.53157110687
3997.09242919259,5887.4277962651
4523.75706911925,6256.09499337785
3807.786553218,2965.36670881693
4477.82139181528,6539.5716571589
4430.99875333912,3038.45237627904
4435.43393077589,6082.81525396239
4933.04644568432,3759.81764191511
4102.07625504537,5096.84112588675
4613.06551219858,4405.65377101575
4686.1410289993,4055.22897232685
3780.55850743536,5967.50347246937
4578.15746719312,6324.63433259875
3921.7204075898,6607.14477212911
4798.93198793649,6690.00537302265
3417.02726554552,3095.0568374416
4002.27070393202,6143.62522203311
3811.23707875781,5274.26992103423
4515.59289253803,1891.07630138725
7824.45221816764,87.520886147478
4001.14223974113,2911.60383494739
4500.25178380971,2913.08150262529
4120.46842625272,2873.58343925225
4711.49247771803,6609.8159487556
4148.02297892128,3002.93253511624
4362.96414494476,7736.22072885514
3776.35306307321,4774.54846425405
4494.23000228718,6255.98166817033
4267.8402007975,3957.42170684306
7958.76309536486,3905.42065938072
4426.9779451423,5551.77925149993
3144.93258916525,2329.24906197158
3901.74667529416,4808.02210885272
4676.07208785733,6811.68239462309
2610.19691025125,2257.12961876016
4276.04130585923,6658.52083952909
3723.67711358714,4555.29167329535
4276.63380313717,4820.24093421273
4498.24146881622,4420.65709820977
3688.68685457623,6348.33325519362
4177.57014040436,5732.27713006598
3140.81704086897,4832.91475182382
1627.87766673782,2162.9024572669
3728.39613493663,3876.09522480356
4367.57196718219,5137.13500284394
4055.89811032726,7053.04648100837
4698.21248022953,2080.09873040475
4470.19165438445,1863.79706337422
2220.42190055214,1731.83366491513
4826.33365824054,4589.39072081164
8775.73973299205,6663.23778986446
4861.07400058689,918.685129714375
4491.52759431174,6051.89861507218
4910.16494159633,5499.49404530828
3759.74180059928,2259.2891405318
3811.48646813728,1949.32884089425
3954.41835579011,5678.34363410227
4200.71843946193,3452.0168640492
8393.38608464581,280.805656461829
3411.26662383084,4602.17786363025
2850.08244227944,2965.82127821276
3649.25634178829,5511.59912260551
3604.27461427382,3593.58478527319
4284.49779274073,5610.60010846553
8377.85097199976,2713.09063122777
4674.41811475188,3851.60091147979
7111.20823672074,5960.1153455075
4107.04017388644,2567.31720309563
4291.22878306247,4929.5853823904
4116.39460904046,6210.57293408571
2021.79913472897,3120.34696434952
4044.80604669415,6624.53511722032
3877.41982901526,4688.95960127501
3745.70661457657,3232.64632502774
2738.2388321938,5722.89989199899
3304.5759058918,3026.74499434625
4176.86722891511,5118.43718931374
3836.17081430561,3965.4918993263
9558.23314237167,1326.22551585162
4317.75029161522,6459.6097290174
1169.91423253053,2813.34178864014
3668.81946389922,4590.41360766608
4375.44307510388,5023.6419217895
2889.35492081204,1087.98685834723
3811.26792319215,5313.25632955243
3340.70388230175,3543.17494212389
4497.93041372953,3868.65043523794
4410.82335312423,6114.81144231079
3740.05703496059,6980.01768757765
4426.2356440001,5543.87989253847
3887.56508720893,976.653510492068
2638.05939868881,1618.3406895745
3093.29447841424,199.422591103925
4832.11147102834,4988.06541802294
4422.07845862125,7043.32842160833
4584.10000900664,6110.09449197542
1550.05898518881,822.980459113939
2942.59263582116,7978.21064101329
4182.71274198589,5801.44102649398
4572.50649186069,4523.80671694654
3904.19853687973,6175.62141038151
4110.63154316215,5807.63585593488
3159.80180596554,498.982686534701
3496.41419180189,6425.62442956388
3680.70306288184,2771.05901200546
8879.26026059607,2813.79635803597
3794.23256674782,4866.55880708902
2768.41507581775,573.943769896061
3625.05414870682,1003.19391466615
3910.8286259492,86.4979134005662
3809.14898323881,2475.13602673887
4381.22123485327,3098.06883540116
3979.53513366849,2234.79461578041
3632.91248181155,3295.27499353704
3291.92958035674,1153.05920735748
3750.79613928853,5581.95716226499
4602.31990113788,5236.87471682909
4499.00515593996,3531.8085929518
3792.12123946968,4854.85163658386
4263.51975257494,6619.47734555189
4096.28658673424,4671.2850974545
4180.94633688808,5280.06684368305
3247.43823534322,3719.41043975041
4600.16845072742,5479.03461679851
1093.85508150975,811.898268671144
4791.9748702833,6420.8503937695
4538.6997208736,5321.55401816121
4191.9347002222,5237.15887555839
4203.99221945862,2355.84623446324
3769.7532088358,2727.29856769289
4163.24952411155,5804.73760603809
4460.07941444189,5806.04465162183
3411.67640971075,2814.93299295318
3676.68431453526,4040.62312906966
4619.79349678035,4084.72481757055
4270.27605547887,2705.81604090105
4171.37157622845,4589.90195281124
4069.16289273585,5708.18030067903
2651.91174876218,154.525511874143
2855.26967507756,6954.8413087325
4142.26355798509,3153.08188082306
4260.77402912824,5627.87712834921
3810.82971642937,5092.29458621791
4274.89582894209,6387.14925304528
3951.94476506354,2798.28137598711
4764.07174153618,5954.20509765116
3399.47311366059,5494.26544011807
3968.51374873499,4028.74554789797
4257.27767793191,6785.53979152727
3958.33348751925,2879.66452063037
4220.73863492877,2419.15675706629
4111.91414435777,6267.12052121689
4325.8293755036,5961.53613915401
3766.6283926826,5299.50338533839
3754.39166359583,5657.08839200835
2801.12103852782,1016.60624897475
3985.55476733352,6893.34927514041
3872.14281302783,4436.91123123902
3353.51245858569,5554.05252133435
3463.82180093431,4853.60125360388
4228.46443326634,5220.73433186261
4840.50967521892,2112.60636218037
4205.03126438615,3858.53446904582
3740.51427443105,84.0541470071428
3614.1390497303,4299.26465819387
4113.66898947797,4744.14348021869
3723.22355712921,2623.06918807029
4525.14814230555,4175.59852548831
4062.2124368826,5797.17864555445
3458.73023012425,6653.12182367234
4127.41828852867,5118.03928252166
8107.13302347198,3791.24551280491
3012.49144864414,3655.87220959418
1734.15369267467,2731.50407460104
4374.98499901567,5109.05995124676
4302.16000482285,5533.42268215804
4154.70721668778,5529.84236673988
3975.71365547923,5248.12731793841
4192.46857611041,9315.57494631799
8740.52347185126,5575.02360469897
4823.70973180328,5564.05516231894
3329.11507861353,4488.74144517957
4136.20903655334,5735.91410808789
1974.09626226184,1265.87022289055
4594.50961120955,5507.62090039528
4312.26664056016,5201.97985572865
3971.16532173242,5229.99782186682
2991.24306406117,1969.27682597681
4501.63595452244,7148.80797278328
3274.65050741562,959.149311624277
3960.8165329074,3108.98061517742
4328.67358496675,5577.41062259616
4143.93805586101,2523.04531535583
3758.69062494304,5150.88836991322
5041.62874167647,4757.83976182897
2967.28235562665,5377.30579170824
4072.80802083081,5788.19931427954
8346.56857091534,3211.16400966352
2507.76611296249,1592.65276158833
3823.28807422621,6455.11985195232
3900.04462022106,3905.98897683932
4352.49389603597,4915.94576338388
4570.99551498621,7094.76115161206
3682.45578205525,3463.72424598199
4884.91450304112,6792.13210490499
3136.52605475696,890.269256784133
3785.77097430151,3091.41943656443
4289.70000513028,6454.26737576441
7433.5084767211,1175.79190570168
8396.21243700503,823.946630507711
2732.91585924987,1624.36489692124
4213.51493759159,8994.36225699874
4194.27173304586,5837.75668124093
5018.3841508923,5974.55077809817
4371.93349074294,2811.57996223294
4151.42829105994,4958.45582471647
5387.87517046933,4135.64589271944
3869.87860610122,5989.09953589635
4893.57094609957,6222.16677938335
5000.60650111439,6160.61766033224
4430.2549935911,5694.19986033945
4893.0992893179,7538.33292805314
3977.65804131324,6385.10305648115
4014.79440894249,3685.65221356718
4257.56648745532,6518.82806991982
3906.89186965404,3318.23497657915
3725.13288666446,1765.7054277335
4463.11200498257,4911.91087856989
8450.44222857181,673.342503977428
4816.36771327125,5721.81991968554
7544.46597571529,1914.4908538252
3387.04454120751,6787.0739103813
4119.43937982913,6611.23674240212
3502.51693336583,6372.08884039225
3596.93415294404,6259.90280492156
4021.96492050223,5306.66401617471
3671.43681881237,4110.58326193707
4587.45948533927,5440.50277767615
3240.52477774114,190.840994836146
3651.2281249026,4137.63500382456
3161.34506541462,2853.69232820108
4737.62111530631,4210.32297592222
4117.21459754136,4940.66757283319
3845.11421687833,4539.66294318372
7773.43477408058,3195.59215358328
4351.57945655006,6959.04702706828
4251.76679285071,1411.24584994443
8252.76824942879,6575.60315317654
3658.52756938509,4605.24652419357
3570.20738544084,5445.04931734499
4244.92229968502,4230.55490830645
3779.81291171689,469.998496145854
4727.95441230149,6639.02721241474
4658.33930670068,5203.6281455007
4122.43541348535,6300.19668187874
3565.32861206476,3648.02951323649
3152.72346844081,7032.075820499
3756.70339055118,6315.48416780206
4333.09648804676,7095.72695300749
4671.17662274987,6424.03280239558
3971.647401816,5429.6480833589
4705.24584546189,5316.04125424169
4063.99869416454,5088.08929073739
4943.87315157805,4109.27621635333
1506.81487171489,1162.49331945585
4616.00582091382,6631.46867478635
4677.36018167817,8165.92623587467
4686.58476832706,6889.76895972225
6749.35468347361,1781.10687314722
4759.08182604924,4412.18942178971
4387.6941380196,1465.40652489223
4033.09393667213,5199.99074462353
7782.26876070767,1419.99789652142
3770.40789400682,324.395584394057
4380.2938280555,3486.57069238895
3485.61586242361,4706.63452795077
4700.74922828153,6504.05223885135
4362.35512641013,5425.61277568965
4386.30751767533,4087.05475000873
3632.753224924,5887.20030013955
4580.87728718261,6606.06479981566
5069.06747633303,3320.3944983508
3922.44621006947,6794.74619607247
3693.36918880062,5033.98538410716
3533.30815294473,7319.30321036473
4125.240591496,6002.96665102841
3932.42810862266,6050.02325202984
4001.43280526851,5610.31594973622
3892.51495361629,4076.14297023246
3897.69282002131,5335.76195462633
3683.11458809214,1139.41958835097
3664.89444831193,4183.27081117947
4215.3587896995,6137.60080325874
3279.95764443782,6161.86804331222
4022.32859604551,4799.72484309919
3346.66321991077,969.720058639852
2834.94899281335,3920.31066136722
4268.54013825324,5551.09718597855
4184.38759087167,4261.13030300834
3904.97390593914,6405.56248499093
3965.39759546337,4682.36728789729
3847.01782297875,6667.72724407429
3327.75936503474,6388.45629862902
4653.24226134525,2704.96356471314
8577.52502145131,1238.30682614821
7903.27557773413,2360.62005883
4833.58389772216,6237.28385464013
3290.98448512856,2173.41633025109
3123.80244093873,3189.79523093446
4306.57202377119,4486.07069140833
5091.01743075403,6235.23808093126
3988.43192135741,4760.85175978852
4570.68878045526,6181.19083690479
4185.86494597921,5494.15211491055
3643.39145668577,2429.78437811326
2846.21481769932,3248.55921386867
4342.03105628774,5137.30541351047
4027.88447055661,6517.74852046162
2684.43662460313,7014.28756861572
2151.09408395695,1218.64310550877
4294.36820340907,5044.49925709135
4279.17461257912,2055.26317289267
2510.2894934136,5549.2218229362
3255.03365444752,4102.96763884966
3333.54315694172,4645.54040115075
4456.76477134789,4179.23592636548
3794.51324481587,5313.6542363445
1903.71199679817,753.986761924836
3643.23355699946,4868.43459298662
3684.2825533919,4637.81145285583
3948.12507666059,4023.51694270775
4038.49963467402,2773.72997720433
2158.47466157684,4525.00043732277
4564.88694223677,6408.46115774296
4373.39033575037,4566.37386373815
3115.58708806854,4998.18138421505
4736.39741858466,4294.94519179533
4186.86950094194,5597.81296564692
4559.09913392545,5607.87226923527
4820.20057030427,6395.90108819464
5156.42283800433,5996.77182158752
3515.3171024194,308.028046871929
2940.29905179251,1957.39882194986
4369.02648410112,5427.43147612824
4851.59768443988,5714.14763399438
3694.66180216569,6622.48934351144
4383.81017347812,5013.98052499322
4380.87068842011,7217.00606781586
3718.7007710735,5073.93801687603
2390.30540002814,3677.46827302117
4815.57324986379,4948.96483858672
8127.36278647641,1889.31447498005
3868.42182803367,5220.05226634123
3981.95450048284,4578.08103424331
3820.46560527779,4185.3170077436
3555.29618923863,4954.25052923595
3413.74320691643,4636.95897666792
4183.93919486197,4692.48325408941
5000.95161332804,4276.47487439067
3921.00011691765,6925.00464215575
4047.09967406925,3195.87631231258
3678.74116546507,1224.43992244378
4882.90740554871,5746.4850665311
3779.81723739034,5227.32706809558
2061.86159416952,2060.32115598872
4113.22851022355,4236.01100962221
4668.63948952148,3731.40176898487
4068.20899428275,4498.40284197586
4518.34552017508,5351.27693667519
3971.42088935791,3574.14824361786
8340.77471025766,642.823824736205
3875.21922303871,7685.98214208288
4477.41055978522,5752.33865178368
4746.48245284271,5133.72509809231
3879.99382341387,6382.0910585216
3509.50630906989,5151.96791937142
4858.18969192853,5956.5916926931
4884.05308092836,5395.37820232082
8912.86433431632,1640.39142811113
4093.37104702768,3296.92307188147
3582.64590232751,8054.93349792494
4848.60634627771,6588.90195085
3831.88110919945,5401.00471430311
4484.24701579064,5617.81782476086
3912.05875424708,7425.52191252008
4377.23723719065,4214.35786073621
3619.5521638156,5567.52172967433
4414.57271004608,3439.96866078336
4098.43954584797,5698.23474515344
4377.04490874562,4277.72525737065
3782.49748260764,4110.92408327013
3943.62747780965,6103.16093440939
3181.67675567532,1193.63713733016
5395.07574125836,5976.82404793259
2414.4813795622,2206.20833218364
4813.1874355675,7154.60531828735
2110.69316517235,1494.10655655177
4700.31846650973,3929.80122464172
4357.1374253983,3504.13165957432
3876.086287946,1107.08236724188
4328.92166778864,5950.34020064845
4166.87973004821,3332.3291649815
3726.33070496058,1863.96747404075
4051.34023170151,5081.32614383789
3886.48792968351,4045.96548232265
4358.73788305539,4755.79398812009
3515.91893642909,236.761053419954
4170.78510250862,6813.84191639474
2568.24059101547,725.911868898376
4009.64771989048,6834.64216623758
3772.07511804455,5506.31385481154
4094.69067341817,5631.74160249668
3945.66238423077,3321.47447066425
3980.34932723307,6112.02651762153
4452.98219618373,5500.00570016313
3871.89105073888,6196.70581895365
3796.07001979507,4745.62093646896
4133.8131802629,5001.59128896668
4438.12039974113,5561.38398569245
3743.01106679212,5506.76842420737
4598.92534357668,4938.79220979085
4038.24631399096,6250.29849358429
4952.31896908924,4715.2159524336
4083.64418120941,5745.23468355111
4152.22709925748,5371.56595451843
4842.22568067989,4672.08091103865
4312.09638319998,744.666345032336
4048.0720375334,6803.95302347292
4442.35075260436,6214.15324950387
4348.01527144321,3714.01142389366
3498.49928952476,4435.94500698834
4450.26399723509,6468.92988162536
4439.49461441852,5036.59947527464
4328.50180270225,6739.3352438585
3395.41632209545,4390.30919963342
3915.48828450839,5253.64008185793
4077.81973597747,2448.25469551791
4278.94802386191,7401.93673798798
4044.62004025566,5155.66198285235
4011.9348082662,6965.01436038363
4116.93734459056,4549.89265743861
2431.28137845475,2131.7587451064
4908.71177586659,3530.33113670153
2502.17320931292,2532.19505729727
3148.80761549085,6262.11941215221
4397.0106332172,2826.64037488596
4197.39698519033,3856.31786181516
4790.7167248098,5255.68585556681
4385.61749503154,4400.93639782513
4195.5808896304,5324.16810932869
3990.62552038307,6936.71223551616
2363.58343585449,1056.72939812396
3451.30261195273,4108.93497216501
1423.90899215051,1362.4274225358
253.09597499742,5954.43217092145
4695.03669628251,6084.74727960849
4345.24431648499,5596.39217200041
4075.56312731655,3686.05012035925
3464.90429222284,5289.7849030831
2943.17670773329,2198.36542439831
4803.06197579175,4587.17411358098
3428.92067931947,4572.0570383242
3526.01451006717,2006.89931487987
8870.01244580076,7361.18871449021
4018.50220713973,6060.9350318061
4159.40701052448,3644.90376721416
3725.87595592858,4433.61465169491
4351.08691914077,4961.52490813504
3990.57978362444,4805.57842835177
3823.38072653011,6391.75245531788
4589.91313712984,4951.35185648391
4171.89214282161,5415.0422401017
4033.85396976638,6356.17595155132
9637.5725322712,2559.4742953103
8007.19673419533,68.5390856729214
3685.35130732941,4826.71992238292
4521.50179619191,4875.19731703087
4106.06287012172,3493.44716449597
3316.30395891694,1030.47315267918
4469.2286931458,5688.63001096092
3813.65675725467,6230.17988640757
4607.72800105997,5788.02890361301
4472.42354124056,4359.90421559806
4256.81945021326,313.427062728675
2476.54138213722,238.977475651441
3176.49712500537,4351.03820953067
2977.89410483888,2868.75274085411
3348.52463529079,3440.76426293988
7955.53137375154,511.826703384696
3686.76996503753,6940.00839220502
3119.05621275131,3815.79691158769
4274.46155732514,3491.40139078709
4092.46526762465,4936.80309868573
4744.74293536308,8187.29480317611
3802.26461052117,4284.31799360362
3568.95408536067,5237.67010755798
3786.38691294772,4177.7013846562
2514.52726250607,3420.64586719079
4421.5914309456,5505.17721989433
4375.38335770341,7330.78373045485
3403.74193040408,4864.34262271361
4684.52723450537,6322.98604282669
2147.74895920347,5014.77633857737
7983.46304879767,2885.68851654948
4711.93447526307,5398.44728573939
4091.34680779028,2097.48907549596
4125.64388556202,5601.73452525339
3570.39927966357,1766.33061922349
4123.39818518824,4336.83027306555
3898.16155570341,3966.11687938867
3640.45039221036,6638.40223235238
4461.87818374979,5335.81861723009
4550.77920238668,3263.50608988655
7456.68366785552,620.886781405439
4767.82018583391,4378.77201693954
4054.18143411273,3518.79416543527
2674.82147730078,675.558952637368
4733.85051535023,5024.55106058117
3901.20392589097,4456.74525683117
4100.14074875196,6836.6312773427
3881.28741477626,4971.64087432716
2886.74434838299,400.209143943324
4320.46832085898,5738.92610604745
3760.66448170546,4867.01379934011
3964.34721307356,2668.93228012312
4523.67640221391,5599.68832868926
3801.61003582218,6219.66601342338
4679.82192047012,4152.69541647758
3386.88660829629,5648.39321946275
4149.8659769873,5365.65528380684
3455.71066522721,5726.65061808369
4465.1272120202,6296.78677712711
3707.7077457718,1717.51208610105
3953.53248899431,4894.12220383136
3493.78173237777,6270.70083663505
3732.47597864372,2178.41765074339
3919.3984161375,853.499138355162
3178.48198238106,4550.9722068968
4370.25775189429,5404.64211518029
3940.24483189983,7142.55648073863
4466.1257215629,5886.29116134789
3374.78220155127,4370.47475118601
3983.89805523312,3954.01180209143
3092.88392513468,5984.26883749821
8899.91300573431,572.636671455413
3723.84693621853,4483.85408417767
3646.12481711412,2591.75485381563
8424.85817403598,6982.23429480831
3964.02334044165,4201.40030725107
4596.16985939872,6089.23715667357
3379.55239161201,5373.83922435285
3448.88287425824,4292.1036045023
4206.41006711239,5788.14265167578
3704.32468067875,3279.41897872749
2849.33517952984,1267.80256567809
3514.62926652547,5487.67312674035
3831.19303951269,6749.6220435724
4289.04176477029,6315.59791586483
3654.55038943404,4920.83312438578
1493.86279758733,5879.81217317769
5201.74444074807,5866.22921677493
4886.7853666178,4833.88055321924
8438.72436552307,4879.63010863693
4281.84262910124,2914.27501157388
3653.54746432026,3857.45449673237
2324.72167468773,4042.27141884171
3880.61215901159,8268.05254490175
4924.6970240948,4164.11885110869
3597.54597494921,6807.07876949524
4105.72209673727,3548.46020991787
3981.54959537382,5110.9353142891
3229.38429454049,1957.85360277332
3746.96522531997,6447.44756626115
4388.27256766777,5135.03214367605
4454.17784713467,4986.30338018811
3633.86193660701,5049.84118748908
6821.42215555136,940.678994219619
3823.99417365561,5578.09226526228
3904.2489346703,4884.68830316062
3783.29827177254,6043.43093865212
3857.71662078269,4229.13411465994
4623.72662802188,4850.7030037071
5149.15822934459,5250.57099843936
4456.1380390756,6032.51915887586
4187.74332437877,4365.70071539163
3676.73705331479,6467.62283604162
5478.90902954694,5304.50449440306
3982.73631454084,5600.19998354411
4157.74807206345,4064.37913712354
4378.00044773878,6416.41760216343
4741.94871203478,3339.83104000613
3734.20056336164,4953.51137825556
4052.28645027963,4754.03195028526
3360.30725417003,846.167832567779
8329.43229769876,2327.65764623092
4347.74161064257,3634.67405295927
4762.85267379314,6433.0692191295
4126.12520242809,3490.83307332849
4358.96976505955,7938.37175630719
4502.49788201642,5587.52658878827
4379.68198994011,7589.14067799451
4332.95232906823,2719.1148385745
4642.57878610372,6573.50029400866
4250.56926765803,6293.20646170895
4063.31196347167,2812.77347118153
4727.27564261737,6500.98315543278
4460.5995618039,6133.50925584099
3794.65520164512,3010.15003998394
3586.81842604447,916.014058801694
4536.23109542013,6560.65648858629
4683.66487215594,4578.13811970232
3722.87494352947,6341.51344569036
7742.29226463983,666.352178093826
3122.16648664297,501.142314020162
4071.50675646852,5200.61614754115
4120.74551319305,2175.86022217966
3645.3188552963,5473.06728348316
3996.56670654412,6109.69658518335
3736.01428618122,5560.41776144177
3105.70486953476,2664.55636254844
4593.78203673356,5923.45886942749
4003.47664609319,3918.83278226169
3778.71229622448,5213.63036363005
1557.32788626787,648.22284059295
3561.67754418399,4534.88890738934
4394.6993894519,6619.36359748912
3920.30704563942,5270.63252015706
4137.77041115804,3962.42281590773
4808.715092996,6789.80217246681
4004.76934314554,4282.3288824985
4405.48252148422,6318.32575509508
7525.76010742912,376.623969411223
2604.1136198513,3950.14732794397
4073.87553209366,5572.97740813484
3756.12113485494,4955.44382675692
3318.31033373702,3868.76418330071
3708.17533428022,4322.50858853766
3823.02004544139,3393.82119857359
3787.10623201897,3157.85591661744
3754.28971445764,312.119937859574
4277.35316698349,4894.69052128996
2454.95602859154,1023.93750190523
5073.62977832368,6757.35099186732
3470.36976144935,4525.68207998889
4621.85600835696,6502.11979034999
9196.62121904972,1148.11486661039
4542.66501057684,5146.91014770299
4379.85839177493,7300.83289296008
2733.12415903996,2474.17001391582
4175.02969712346,1204.83297012191
4358.83345063111,2929.39229825829
4121.89195535654,5004.54662432248
4742.05250843202,6560.94064731559
4129.54404551407,4464.13338379304
3706.90978756189,2491.10578961119
3826.75351710548,6648.0069665449
4662.58617848743,5581.10468607709
3706.32957982871,4446.34513190975
4434.06835973686,4711.80604768197
3891.53422010823,6587.87864114031
3650.8091381004,4015.33300216174
8337.68913169822,476.988822029457
4407.53248873146,7023.72146928646
4258.59216186158,4635.08319077032
2033.41538129329,5238.92049053796
4255.72119081013,7146.81886167817
1727.51958556308,486.366060096436
4730.5158312739,4531.53608809672
4360.98803306017,1637.43619846915
4167.39442653271,3484.58158128384
4243.01986746186,1290.70567468881
3593.470180649,3653.76977328155
3761.85175896124,5989.66785335495
4018.83474580293,4454.07408020468
4249.14298046336,6231.60068005408
4717.11894661057,1667.27286504591
3155.33296896865,6598.3925141245
7909.491283633,2652.05337845913
4244.4759015281,5433.17131331805
8906.13751006053,3418.59988205429
3659.72130535351,2584.13944215585
4540.62944368301,5797.91779653483
3822.36201405397,4456.12027676881
1235.40429686414,935.791527503906
4024.80213790991,502.619928841153
4384.04983956834,2323.45213932277
4767.91094753643,4872.07157100854
2182.7157718535,1031.09834416917
3154.88295903098,4511.87205031584
4238.54665151959,5647.93865006692
2140.90747075105,1359.52896121139
4576.28774906301,4362.80246549484
3512.05747019196,4192.53472403893
4075.48581839941,4946.46449548201
5705.56502369202,909.819335074614
3627.44182671984,6865.21756093947
2325.25699412741,1498.93725494992
4693.03244978134,4843.42862480801
5097.23516865598,5695.39315786042
4020.60146031357,6557.64449062673
2683.38210329937,2310.60812247277
3196.41596001193,7498.2665472215
3535.3495729345,2379.14725026604
4019.86885943737,6801.16852163891
3750.05556471687,5724.60484437481
4049.40782847847,4189.01107122453
3469.15522468796,2447.62950402792
4573.66481467856,4934.81398758061
4409.20779758472,5987.28083545776
4176.20405194774,4843.76944614107
3431.41688098228,3456.05196029082
4383.423819654,6178.5767457373
4634.51801486229,3658.99795561651
4100.42118027051,5599.97248741857
2618.84740344823,2955.36427925996
3815.28633680478,5730.68550289768
4225.50767923601,2719.00109051173
3797.02485233548,3145.63709125744
3963.98760202657,4733.97042856756
3886.28030313896,6816.39934495846
4385.33455705671,7305.43609523268
3966.4379974517,5248.24106600118
3839.09080940139,3903.09030408729
4151.92757830882,3146.09166065327
3604.139149608,4502.72230837441
4442.12334522651,5164.64131412726
3665.58426279926,6759.73800976451
3710.89391693264,5307.80065109192
2353.76214646373,725.40037261425
3628.85620998138,1376.35120027161
5162.32704310454,6823.16206900271
3955.1112891102,4634.28780004143
3320.33225562494,1042.01001823162
4374.11058896576,4889.91690835083
5122.75282778187,5721.0241061014
2180.95609359439,1471.20334182724
3744.49220390222,5480.39874784126
2477.28153106018,520.749266342029
4247.5479125992,3048.68209053393
4748.90883708891,6283.31756878713
4057.06094767709,7401.19758700759
3910.38237213655,5875.49312963439
3653.9912025387,3016.6856907579
4360.33613274096,4810.06830541685
3977.2279290928,4634.9698655628
4449.99003626832,6643.17626814676
4058.0378819095,5978.64274837117
3409.40002580459,908.341773110529
4498.52864961654,3727.2531361081
3622.59200571905,1614.07830863497
9027.77329743451,1305.25464391462
2210.34695640108,976.937669221371
1622.2621952379,2002.92109266964
3630.44891751296,5242.72830208166
3436.57440675465,6337.25106475083
3875.68876621026,5859.06858593861
3684.8969061114,4039.25942088216
3648.41797348227,3100.39897926697
4576.78319448937,5594.63055702083
4087.76739731543,5514.38404729478
4224.90241643357,6628.68417295234
3561.74431826556,6097.87566661542
2263.21889270265,1745.30287325511
4269.167345006,6961.54737017299
3942.42162570681,5336.671093418
4423.15652754373,4859.56858691923
4702.6138310178,5426.23817860727
4212.40887523386,5228.0087107617
3106.22381204801,3710.43068562025
3806.2377276527,4400.93639782513
3992.60979031024,6603.45070864818
5129.23552411782,3790.84760601283
4658.09983874261,4768.12656154287
7272.08670132316,6595.38051616494
4060.13073776456,5705.90703084461
4035.43396237045,4257.83414631948
4182.2186699059,5880.15299451075
3413.23863095568,1275.92942076509
4066.03267874677,5453.8015753496
4490.58930265939,4975.61909653739
3442.25836616191,2327.48723556438
9062.81717086127,239.318481983675
4052.50099745849,6852.54416618363
3534.24332743815,5440.04820828032
1861.32444140941,3088.80534539695
4259.63245608203,3768.17199312765
3983.29527508979,2976.22161456181
4499.55068895932,4636.21982568753
3260.89865632513,5232.21442909748
3582.54180730528,3107.44607346814
7578.08364158842,569.624567782045
3839.5106315352,5560.47442404553
8648.34237045792,6870.21909285939
4127.04652983061,5028.75677891694
3897.35079512307,1472.39685077583
2936.30686622213,4023.06237331192
4227.97508585574,4901.73782691876
2974.36528335047,5126.3936337342
2487.01433307066,3761.80675302023
1970.63879683077,25.460620989252
3926.46300168414,6152.09289845317
4099.44706343769,5321.83817689051
3879.02238517194,2812.14827969154
8226.46744077384,3032.88273832814
3972.04820352892,4863.37639846293
3942.41794209737,2796.97433040337
3896.94485565639,5006.19449123928
3761.43725774956,4869.96871184065
4435.7050162294,4743.23391857177
3297.56478877196,4771.36563277271
8877.73305543264,4771.87728762756
3429.00009905745,7219.56349637959
4158.93617322452,5822.58252052513
3821.34792928665,5650.15525729758
4282.67976723707,5253.7538299207
4184.30566076262,4237.65887653901
3407.91801282843,4529.2628182623
4300.36463631289,3196.55816640633
3734.24046598583,6304.23156669273
3095.10861927777,3534.65018024482
3806.62952619571,5120.36963781509
3195.20067399486,3156.71928170023
3149.50117785917,6061.90125605678
4339.79304225894,6094.18160313449
3648.65307505202,4963.17277505184
3529.05447259446,2904.6136147776
4073.83809641722,2433.93301099002
4478.19316923485,5956.19420875628
4849.66628482372,5595.76719193804
2820.44103388601,877.766272694826
4352.41316470087,5359.91544661703
3235.09029490474,1685.28850734092
3283.13101394862,5017.95874720345
3854.49509495222,4799.04277757782
4658.29471807004,6977.858165806
4945.27546895126,6515.02068123137
3100.1740210722,369.122173671949
4088.43291353487,3072.09664297187
4428.75686658861,2672.22864823961
4582.22759396221,4365.92821151717
2842.72537481166,1490.75342011772
3966.5310879274,6354.7551579048
4597.74219089292,5359.63128788773
4584.07371786246,7155.05946482794
4310.22737582462,5644.81290404459
3575.24600974374,6322.81563216016
3343.80031201977,5197.43331605981
4160.74427079027,3117.44850302511
4592.28917214809,4144.11399199475
4106.93460373645,5248.07065533465
3917.83094563161,282.794767566946
4106.10133194675,2823.0600594678
4137.25113981266,5498.41449585008
4056.55310632793,1337.19406394545
3650.84164519307,4868.32084492385
4032.92576057447,5051.8302985942
3481.04310990015,191.466146683457
4090.1030313285,4974.42579901642
3894.51575382421,4776.93548215124
4642.66133424667,5191.69347887
4175.31379661839,3892.34935783281
4214.06632268844,4904.63607681555
2916.07995822067,7104.08172707528
4594.97905815807,2855.73831333758
5010.16946268773,3574.94405720201
3192.38693043161,4585.3554131424
5269.22805922281,8089.31670417053
5190.62622884828,6813.27359893614
4240.62608384284,5061.8329395788
8678.25147779242,713.35206363459
2644.58524118744,1403.85772298256
4334.40420742241,5643.96042785668
3955.68335169723,4745.22302967689
3536.33058811142,3972.08421270402
4439.28405354444,5873.9015024661
4232.83058700518,1364.70069237021
3303.51198375839,5285.7500182691
3679.66487783258,6043.82842258894
4014.02719238517,2673.36528315681
3635.33563197254,6864.93340221017
3851.01946511911,52.3420347991266
8630.83328430733,2642.67614039215
4220.34520177479,5509.04169404179
4031.98401728804,4117.8009782324
4533.04111514501,6916.02531088084
3982.30211071207,4342.96801704743
3763.20906912999,6994.45312016831
3411.17719420971,2677.17288327289
4252.05041138305,2817.03585212107
3140.18265022604,4570.86331794797
3607.53340240468,5554.84833491849
4020.243173083,8222.87130694267
3980.58694503626,5057.96846543133
3863.07035993975,4783.18697419589
3630.84607120717,7202.74146874698
3687.96769223846,6060.59378761779
4313.36628486444,5209.65214141981
4260.73640050791,5931.9269687028
7849.59588981454,3494.69754747595
4210.6045041734,5116.61848887515
2912.49000312153,1377.8287622357
3510.15735012819,6506.32550868577
7410.44916467144,8666.04559944692
3724.33424740928,3458.72313691732
4285.76791189147,7215.75610769114
4156.86010657513,4994.82814206718
3640.66870114446,6590.03858576721
3420.67767999504,5397.53814694772
4089.93468224431,6490.35553438582
4677.19062234767,6792.75708496735
4102.92723597934,6597.25587920729
3392.79343514096,909.535176345312
3991.00338581735,6310.5401441964
4287.18573401248,4330.46503295813
7700.7274296686,2988.04253312974
3953.62934707283,4296.25266023432
3633.683143708,2750.08814006847
4114.21242178278,4682.36728789729
9935.32400916751,2160.51565079733
3527.51016788445,4592.74354010426
4311.24553945827,6575.14858378071
4311.13978401251,2044.52201521056
4423.44592019261,6579.41096472025
4036.61282055959,5863.78553627398
3275.31800057308,3187.18092833935
4015.67458974349,6281.21470961924
4873.02852325448,6445.51554061505
4465.05065090557,5292.17192098029
3182.05224121397,5743.245572446
4496.11263914795,5155.54823478958
4367.87893601514,5480.11458911196
4120.90740358144,3737.25535423745
3768.79220120454,5394.80988486222
2019.82154450105,322.576963240831
3119.10745355654,2120.33552190292
4633.67514345263,4252.20805719244
3826.39285387814,5886.4044865554
3937.43667695583,2312.14266418205
5449.73071410614,6459.09807416255
3436.13864602927,5251.70763335657
4297.29806246232,3412.85983343686
4429.32817096754,5604.57611254642
2483.93974897016,4073.41513100221
3969.67398073376,2987.53108970252
3892.15736400717,3620.06820970208
5207.24082618744,5387.99007535896
2346.12401611368,6740.35855356819
3538.37563697095,5451.75537878547
2679.15059153975,2251.33269611134
2479.5852315837,3004.7510241272
4153.77439582719,3711.85147926676
4756.64371812491,7397.95851577774
3820.95398204476,1376.23745220884
4595.70508555585,6836.74502540547
4391.62797562472,4677.53658949915
3886.0119587407,5885.32493709721
3489.05578419653,2323.28172865623
4217.30599681433,6341.62677089788
3896.14584836499,3101.59248821556
3677.82648084218,3285.67047077214
4140.27066583113,5791.60921903117
4519.94786336445,4817.17227364941
3774.96451448899,6023.48274214194
3273.38561758786,2782.70951990686
3611.1079929255,2484.45639077447
7431.47976254302,1678.18453910836
3944.78562848599,6296.4455329388
3507.04346888324,1788.43812607769
3704.58344445253,3783.23240578068
4240.42663113917,5415.09890270546
3911.13518986272,6237.05635851459
4509.32094836329,1333.38635811556
3035.77616486533,2237.80682516759
3998.91480493273,4981.13186045691
3539.8929654746,6211.36874766985
4784.17143845588,7265.08555567173
4362.06421796934,4828.7656960918
4620.35850462424,5748.01918538513
4108.66341703683,6145.38683701268
3819.44244651366,5417.59966866543
4706.72145087125,6412.32563189042
4490.1728800724,5184.3620145119
3797.7207249453,4993.74859260899
4165.1756724383,4049.77329386635
4066.15781230632,4438.84325688512
4057.14605569885,4080.23494050547
3926.85195519789,5013.86677693045
4419.77935534739,6336.62566183321
3355.57389009618,6528.88737350818
4240.16295235502,5385.09182546218
3502.56896870954,6141.29486673967
7851.69690568963,6926.99375326086
4237.85385813597,4915.77535271735
3864.43937938926,6230.3502970741
4269.90144176845,2679.95759653453
4591.96187556427,5407.14245828499
4149.50419729804,6265.18807271553
4387.98322585119,1853.16944232726
3336.84076620203,965.287161319971
4066.35227216181,3163.82324993279
4036.94907256342,5116.10725687556
3752.14617095635,2068.50488510711
4472.50622779873,6728.42388693749
3310.18057893015,924.481946649381
8162.96141172034,1647.38175399474
4250.76589379212,7631.13950732751
4175.17551634825,4258.7437079664
4401.53396744763,5537.0029975762
3883.65497041342,2330.6698556181
3319.77363089719,125.086672804103
3653.710261039,2290.26244202577
4120.49023283403,5222.78052842674
4029.55982257395,7489.00263436204
3941.55236859852,4142.23862895241
3753.49169936883,4523.12465142517
3934.87491839883,4453.84700693439
3851.01520898485,6879.82340419666
3984.37563466974,3636.20859466856
3738.34985774494,3665.07903699463
4280.47168565504,6602.4844843975
3365.08631217262,5350.48112309104
8509.02055980844,4288.80744781344
9079.88884365058,4858.14779327272
8311.25516219895,4348.82202515526
4469.81161666099,5306.77776423748
4301.34892729327,2157.33303074362
3844.75143144259,4446.45887997253
3257.89813692802,5379.29490281336
1411.46588292033,3839.26833805702
2762.1317564591,2499.97158425095
4328.73362923104,4206.23100564921
4443.15157754978,1830.20945928515
4286.79153601149,2222.0074729618
4660.62049714792,5019.94785830857
3446.25721065971,4768.23988675038
3976.49140292704,6642.89210941746
4138.95043086029,5900.10119102093
5331.37208274063,6107.08249401587
8608.39262364424,3997.43100221569
4598.2585647393,4543.35700666465
4646.3638274748,6005.29658346659
8132.59978607515,1720.80834850372
4586.06000753052,5872.31029815305
4677.29767315903,5169.4720125254
4469.18342266686,3808.8066914179
3983.62820352694,8673.03539676146
4772.65308165687,5583.15045978596
4604.37726402776,5930.79033378559
4124.86406761629,5664.9315112213
3239.77030931365,6474.49973100389
3264.15494930152,4418.32716577159
4606.71565940841,3773.34351285885
3580.04365778084,303.424686028611
3872.5682240289,5213.34620490074
2647.62465043655,3384.27354984008
4665.09096967371,4390.25211417441
4350.71176357709,2222.91682318109
3725.39648211804,4595.01680993868
4293.32460819537,3252.08286668307
3275.63868289893,5459.93931933148
4274.63278543889,5687.09589210689
2384.01293260889,707.100571589937
3760.4127779921,6713.36347428446
1466.50630164408,753.702603195534
4239.74691081153,4696.63188696617
4926.80317537802,6243.70575735132
4435.75160671467,5338.09188706451
3554.76709740696,4172.01821007015
4083.63563501344,4531.30859197118
2831.52781371684,1161.29981050726
4582.81746835368,6243.47868408103
4622.58810665453,5667.60226499254
4333.13519153924,6516.04356808581
4813.56502730517,4628.71837351815
3914.3367071365,3477.53427565504
4201.53757642594,4457.88189174838
3857.55275166956,4253.00344792134
3738.38475660956,5194.98963555886
4475.99445094195,7435.06998410884
4094.15257489585,5004.03496946763
4926.01313018378,5290.46696860447
3540.58484497361,3120.40362695328
3600.90109372689,5784.39150273584
4143.41105413868,6263.31270967318
3601.74516743515,4997.44265608992
8634.5657280864,3448.55008526619
8720.64826421768,3559.65614842344
3995.303021819,3791.30259826392
3630.62221666334,4824.27624188197
3869.72626323765,3235.20375359146
9319.84397025643,2782.87993057339
3038.13949728508,301.890223604687
3549.08080739025,6045.81753369406
4627.96566334586,4628.37712932983
2031.89186891499,3401.72076896268
3271.65238872747,4973.57332282851
4258.03004535103,5313.42716307421
3381.24389803567,4336.60319979526
4088.02373447675,2131.92915577293
3607.0504420092,2626.70637751983
8279.71078059557,2019.23188830265
3312.86186432197,3875.18608601189
2824.92403149554,3763.51170539604
4337.97204461102,5328.08966893516
2363.69054922977,1465.06549213154
3654.50549700518,5039.1002412346
4933.67531338941,6096.05696617683
4571.90255443719,6556.10994891745
7436.44443635662,2968.83348759994
5134.77215029205,6636.58353191379
2082.34643818306,2624.43310768541
4457.77746777871,5003.01208261319
8878.92923105948,4344.27548548643
3755.9571196179,4687.25464889919
3909.5265133518,2563.45251752054
4273.04600280315,6003.13706169494
3859.27651248455,5042.16890179792
4053.34323780013,5938.23512335122
4381.06413832297,5606.22397946322
4264.94801455662,7612.49835640107
3875.50156644333,1916.93474575377
4148.56347733115,6803.72595020263
3791.80800285369,4948.16944785783
3671.5346381874,4940.15591797835
1960.12969997983,2383.52337926835
3856.94477773133,5428.90893237851
3813.43323887824,1270.98508001799
3802.91863364964,3457.52962796872
3515.41997114446,313.256572776784
3899.84417748112,3402.23221238989
3552.59986597038,2045.60177609638
3977.38909420806,4199.01328935388
2849.51500578051,2771.17254864061
3824.00677371921,3650.53027919645
3995.45089627127,5740.97230261158
2249.12100440413,4766.59201983358
4398.54271298672,6577.59226428166
4062.47250907458,6062.63998418192
3033.33511810466,2139.03312400549
7998.55526984142,3057.60454777745
2790.89961452782,5033.41706664855
3990.02323742864,4952.71598752667
3872.40569330966,5559.84944398317
3997.62813329649,6490.07137565652
4209.32088769709,7480.30788467169
3805.60842503065,4980.39313233177
4958.80078721063,3406.0400239336
7640.82973585177,2633.1851542624
4174.83123495051,5243.63744087333
3770.97154667389,3693.21075119557
3369.52776581149,4928.78956880625
4859.95715933905,4222.59846388598
4156.70415526372,4351.43611632275
4645.03032878986,535.127719187494
4236.49728657181,5311.60846263562
4117.34922132432,3269.35967513913
5040.53200688978,5005.05785632207
3886.87603344827,2609.5999797303
5116.45796266621,7203.19646099807
3838.04188358884,2362.3818852372
3953.85534093268,5184.53242517843
3203.51925334469,6993.8848027097
4658.86708201465,3008.50196163951
3272.69787512782,8504.98426253621
3236.26664540476,1021.89162248254
2335.42517705345,1258.82312868937
3427.17890797619,3980.04065712448
4068.69760383638,6206.765122542
3805.89598516479,3914.45665325939
4170.40484199299,6494.27709399229
3833.17124029035,2796.00810615269
4125.8445289037,6607.14477212911
4821.04901397626,6616.06744080026
4151.24953752189,4919.98064819788
8585.15981032098,1566.05548338286
7804.16094153508,2955.87572268718
4052.09323217824,5092.40833428069
3790.72827573384,6044.11258131825
8682.5647076538,2886.25683400809
9192.97112018832,573.886948721582
4132.51162025263,5178.96299865515
3347.74467359123,4952.03392200529
4192.97953557743,4244.47868604227
3620.21199612535,6471.37398498157
3965.13080224927,4397.92439986557
2586.99316063377,145.546088099651
4732.30209705288,4819.84345027591
4144.85903117735,6176.87179336149
7683.41158521112,806.442431639919
3554.8102030195,356.107693298517
4964.53301537556,1551.16558711017
4006.71530930531,5638.902233333
4216.60353772208,5523.13630529939
3970.63187374868,5506.37094027055
4477.56101383003,6041.44182754701
4467.0471429228,5666.74978880463
4231.37016139034,7440.29816644381
3558.7479389772,4016.18547834965
4247.60411788226,4428.55688002647
4185.24150793072,5755.97562980559
4145.64860251383,1732.11782364443
3599.65319929521,4682.70810923036
4115.07256122393,3054.70629788066
3980.74358387035,5669.42096543113
4118.77264996302,5747.56461598929
2097.73747798908,2905.86378632995
3997.7105024819,3768.45615185695
3394.5921478595,2553.45029939119
3801.83945163799,6471.14648885602
4160.29667380856,5561.83855508828
4759.88703125018,2238.31826859481
2377.95075670892,7540.66286049132
3765.94919869874,5966.42392301117
3606.83621427763,4761.47716270614
4711.78694386533,6887.83693407614
8242.41036239402,791.722998890672
4368.52618216573,6741.4951884854
3576.58478009576,6421.36204862434
9259.68216409104,3857.28408606584
4314.09498159824,4966.92392399179
4410.37327304852,4697.31395248755
3257.92206860982,3244.75161375259
4238.6648659748,7072.31261199717
4712.5376564416,4001.40922442593
3814.85527504055,5032.0529356058
4181.78529954522,4374.39631079248
3973.30510863062,1162.37967710689
4086.40257700073,6655.79257744359
4206.42362852374,5532.79770209568
2742.52034886563,2941.8952823476
5672.34165621728,5250.62808389837
3825.49284125608,6067.52734518382
3743.03188258538,2425.06721635026
3802.15443498861,4535.23015157765
4552.57898121025,4364.62116593343
3359.93211297721,1680.17365021347
2417.11479302564,4376.72624323066
4419.52476811363,5898.79414543719
3937.28674111835,2279.91897970811
3561.52984984324,5305.18655992444
4523.43204301765,6357.31258646853
4113.00206809722,1890.73526862657
3923.09049801529,6265.87013823691
8118.88342562241,1392.83240657115
4048.58696220277,5325.70265103797
3801.34574112691,3662.18078709785
4472.1848590361,4329.783390292
3195.69457578953,4555.29167329535
4196.47330485619,6769.74022789386
4192.78579313355,5029.55259250109
4061.43840899173,5942.32709362422
4803.05873957398,5073.54011008395
5240.33916910896,6946.25988424967
3635.8055166232,5321.2698594319
4334.67296619931,6647.83613302312
4550.34720575778,6960.06991392272
3668.63388094969,5861.00103443997
4460.60827346928,8253.33295358179
2858.9415892471,3028.05203992999
4150.49215860713,4786.08522409268
4597.26126936808,5843.21235970144
3568.42810449413,4176.3376764687
7779.50260718473,2283.32888445974
3672.75014289422,3568.40840642805
8010.288402621,1465.7474519391
4594.72502790498,5297.96884362911
4226.04469030593,2062.36714112523
3906.15957084111,5712.21518549302
4019.86066552652,1952.56812355172
3803.89983899189,5967.1626511363
2966.64416121932,5782.40239163072
2210.94030585043,3857.3407486696
3377.33925180523,3067.32281860511
3948.53111859322,5582.07048747251
4012.24163201863,4523.46589561348
3001.6838107525,912.092604909033
4496.90972166903,6844.47397370039
2253.23179800356,2641.82366420425
4377.15314673545,4437.08164190555
2917.24723649356,2111.18556853386
3456.45233744129,643.33532102033
4118.24839523481,4698.05268061269
4127.12278548869,8755.78224959222
3806.22151821262,5219.37062367511
3587.73722463567,2289.86453523369
3102.89596905925,4368.14481874783
3522.7047724991,912.831438747982
4354.91358351569,6318.9511580127
4274.83374579991,4777.21964088054
4332.7332105099,5484.71779138456
3900.97623105327,5535.07097193009
3985.59620718609,4062.73084735149
4679.06149073593,5638.73182266647
4228.22827578542,5623.72849547245
4391.41888785736,6913.52454492088
4029.2241069246,3866.88882025836
4952.34944559082,537.17365146709
3430.29173683612,5235.90849257841
4514.25489430346,8145.06847771757
3358.89022305214,5259.77782583981
1964.22946148677,1984.56452332775
4030.55304625041,7138.18077459157
4059.44942833702,3888.71195695564
4172.27487404646,6555.029976604
4117.77059742015,5032.16668366857
3643.24807454836,6648.97276794033
2861.03297275165,385.830717526312
4227.80342465745,6116.51639468661
9064.98774059154,6672.3875318059
4058.09528171062,5442.03731938543
4188.15293117454,3887.00700457982
3994.62494680557,4231.23697382782
3726.60414008175,2727.98042178664
4161.8588029315,6133.90673977781
4081.34425117723,6353.39102686205
3486.6162512909,3388.76321547754
3969.91358378448,5192.7730283282
5320.83066084202,5826.27658400606
3924.85501132894,3635.92443593925
4698.79056013471,5086.2705902988
3588.07040576706,2094.36332947363
2172.79236601744,6713.19264076267
4280.6428609538,8760.89710671967
3717.29715385667,5279.15728203613
4104.72380118587,5038.98649317183
3688.68472355499,4039.88440094452
4398.07407793198,3484.52470725245
3372.03498735675,1877.49355641212
4435.94500284855,5360.19960534634
8250.09299610657,1887.66639663563
4076.12389196479,5357.86925005291
4879.2623147157,5017.22001907832
4139.15979042721,1755.2484287807
3954.19487158417,4830.81189265593
3845.2948408211,6975.64198143059
4130.38236263666,6037.74776406607
3613.5089320607,2944.05480411925
3393.1228712945,4868.20709686108
4526.29388437281,4125.70033719385
4107.13270737466,4686.85716496237
3822.43487712956,5168.9036950668
3941.77559109153,5624.80804493065
4100.9550761235,6162.03845397875
4347.85597052351,5943.91829793727
2084.1437287759,5523.53378923622
3989.74338484961,5274.04242490869
3966.39091376973,6233.81728728474
4776.06140200538,6802.13432303433
4316.64376469539,6440.68484221691
4496.83519966272,5460.28014066455
4810.0403102663,5311.09680778078
4287.21045392515,3066.01577302137
4954.94459092698,5693.80195354738
4770.91851117719,6450.11874288764
4257.38445778802,7611.5892176094
4202.823635461,4186.16948393151
3702.82191687115,110.708233172864
3964.69160645715,5020.51617576717
3849.93322816714,5823.15083798374
4201.31573055679,6908.46677325245
3798.33653132294,4343.02510250645
4149.55594425289,3130.91749993747
4637.54766398404,7915.58239535923
3287.53503646098,3949.7494211519
3762.47104007261,4375.93042964651
4040.29534615311,5389.58170252726
3503.87786413368,4824.38998994474
3829.03180963225,3515.66841941295
4087.94756613235,6964.38895746601
4173.84945401871,4979.02900128902
4382.21012623924,90.7034599513969
9061.71585055471,3660.64624538857
4638.44168153987,6802.81638855571
3352.09111273544,1110.43539796212
3720.97823041886,5304.39074634029
4313.66047310882,6264.84725138247
3133.0891393723,4501.41526279066
4517.73180540072,2626.76325155122
4532.61126474539,6296.50261839781
3995.3157096612,4533.52519920184
3709.69379286882,2753.4980448201
4635.07628405931,5894.92924843448
4345.92180626419,4982.43890604065
5243.71996124329,4999.82925113186
3151.63234287679,4352.17484444788
3783.15024468532,5165.03922091933
4155.6106800948,2854.94271118106
4075.79562768969,4592.63021489674
3989.48459812367,5489.09392038686
3790.49182150226,4675.43373033126
4435.918820139,7282.81756780651
4243.04476645226,2206.71977561086
4222.89167531567,4014.31011530731
4047.15257801472,5270.5758575533
4050.77438410456,5855.82909185351
4485.59536891542,6567.47629808954
4545.0199673407,7272.36035742608
3550.12069138695,2985.59885262879
4740.162917478,5796.43991742931
4346.48402138008,7996.90845454349
4635.09015982577,5466.58871816821
3281.49121469581,2350.33347054372
4364.24546930477,5651.29189221478
4210.11995679973,5085.4181141109
4701.64127907666,5056.14976499275
4538.91089689181,6025.24477997677
3656.94156627469,5439.82071215477
3630.55821628532,5021.25490389231
4104.85040174846,3641.26678919224
5028.34994353114,6989.56575916641
3710.50292013339,6395.38985619505
3870.51920297161,5324.90683745382
4188.89148602905,5284.38588722635
4640.94614065243,5178.67883992585
4127.15483012137,2646.76789923753
3746.26273679272,4640.48220662707
3818.19122280055,4785.91481342615
4773.7335552424,5055.75185820067
4718.92829583528,6596.63089914492
4044.35132586512,5490.74221015892
4186.04939632377,3245.43346784634
5002.99304161179,4649.00696850614
4013.6770316737,6211.65290639916
4516.91797868065,6426.76106448109
4237.36380054526,5612.93046375896
7612.06076872906,2429.50021938395
3004.56880426651,2236.32915748969
1707.14995091463,1632.77601645135
4286.53974729548,3821.93465556957
3795.8485614363,6430.79594929508
3842.99040834139,5121.67668339883
2825.67791346622,2370.56561435558
4238.77289488892,5679.99192387433
4448.64852508476,3970.77716712028
3285.36753996333,3125.17766274766
4420.79617627559,5439.87779761378
2416.11273958545,3550.7905652113
4026.32309233147,6532.58143698911
4286.10433926859,5410.43861497385
4007.10961594285,5753.53194930464
4248.40491395819,6325.94137818249
1766.77248879305,1292.97894452323
3365.41413746412,699.939729325991
1630.57385753144,1776.44658541561
4217.30258513622,5543.7661444757
3630.98526656427,3024.3013138453
7623.66163699655,733.811492144364
4086.27563681449,4616.95411755398
4122.54247629714,5649.92776117203
4141.80307632999,5721.42201289347
4600.99113128136,4286.87542216734
4164.11734654223,6862.37597364644
3900.28508001631,3307.60735553219
4107.26517442782,5714.31804466091
3561.13595778098,5363.21160330589
3173.36707939598,115.368441619115
3775.35721733641,4876.78852134391
3959.00261688335,1843.56491956236
6935.42860736192,4925.55049757641
4282.56947023494,4870.02579729966
3377.65794378663,3148.87637391491
4117.33344005924,5081.8944612965
3818.27351964357,5217.21067904821
4268.5243050704,5268.24592511512
3952.18160216743,6302.81077304622
3938.83688173402,5311.49471457285
3477.6646422353,1770.3656097513
4291.64399347943,5554.73458685572
3912.44992590835,4134.73675392777
4366.26094561814,5124.68868135839
4039.21327327745,5428.73852171198
4195.96997572634,6088.44134308942
3222.33213334327,3634.78780102205
4213.78107512182,5158.78772887468
3936.33275454047,1599.64308747193
4423.25888804461,4740.44941673776
4898.10550115916,6026.89264689357
3764.10116671965,2138.06711118244
3483.5819381895,5494.89084303568
4474.27533939477,6246.94525143642
3762.80825587223,5062.74207837046
3799.34848720997,5759.38553455722
4354.14286502736,4925.49341211739
4495.71120119054,5501.93772580923
3393.0336588679,4610.75928811308
4822.05999577196,6870.44616612968
3617.11180150591,817.467800908234
4015.11467802477,6302.92452110899
3795.54912582528,4935.32521958021
3164.53442447709,2087.42998333523
3816.88728695675,5320.417383244
3431.14544243013,1155.3324771919
4312.67008191051,5532.51354336637
3320.7153535981,3504.1885336057
4601.18568160933,4538.52630826651
4854.28813599348,6909.26216398134
2727.18605933813,1406.6424362442
4030.2249364116,1336.79626286719
3072.02213543052,3484.35408515829
4456.6481791612,6274.28115205321
4386.83466829488,4843.59903547454
4622.80674496649,6438.69573111179
4090.59853223367,4019.93662728959
3785.50467636089,5221.92805223883
4498.42238383919,4940.89506895874
3477.13031677004,1576.34207166913
4735.48235156371,6839.81410882403
4060.61201012727,4369.0539575395
3163.77417532333,3535.16183509967
4226.21715653355,4416.67887599953
4490.69321201221,6804.9192477236
3617.04455699668,4193.04595603853
4352.35575846318,5174.18938571602
4402.97767867586,5763.19334610093
3874.66987141754,6168.11953535687
3494.6964835289,3783.17532032167
4246.11061978996,4431.90969931909
2034.19270559069,1862.31939569632
2104.94856441378,2289.58037650439
3847.20276033269,6106.34334303548
4546.2519896739,4072.10808541847
4071.39050812655,8035.78153785416
4702.98099372657,5481.59204536223
4607.11823825563,6096.90944236474
4043.76480361337,6281.78302707784
4469.42090268376,5608.83849348595
4720.07756876505,6249.38893193737
4469.97230759867,5102.29722720251
4213.32279541994,4211.17545211012
3533.46248878663,6789.80217246681
4049.47079147242,7290.48985349767
7398.48718624455,1473.0788105834
4473.19806557948,6261.83525342291
4647.24862746213,6031.04127977034
3527.3291649366,2005.30811056683
3981.42938399527,5101.33100295183
3498.09147590767,3636.26525727232
4413.53296909219,1370.72479400314
6886.12766614436,465.906631586662
3969.74777654513,5749.72413776094
3851.78117362236,2519.63541060421
4939.40147999805,2842.49638969551
3884.30920830292,3842.33742147558
4311.84874287201,5390.71833744447
3971.13984608977,1335.77327029894
4310.49865628997,5308.02814721746
4062.50677984162,6049.96658942608
4208.05334688926,7578.5126340923
4664.70641195444,440.218677172033
4308.13887939431,6472.28312377323
4233.21944309077,659.475547416089
3564.57811758104,1921.31066332846
3445.23315566724,3381.94340597428
3650.56777454037,5433.39880944359
4633.70747521518,5256.31125848442
3246.35021031453,8153.08158474179
4297.08776697924,3862.22853252675
3546.36453768456,2217.74509202226
5268.36192029671,5467.09995016781
4047.81311743882,8917.86689621263
4539.31311666211,7098.62604861478
3758.70287216725,5437.71785298688
8214.18109095218,1913.01339757493
3918.06557360743,6872.77652142311
4677.03739233658,6870.90073552552
4011.85151951083,5921.58350638515
3843.66081054316,5275.06573461838
3746.19701588341,3046.69297942881
3844.91758620218,3294.70667607843
4258.24396630471,4819.21804735829
3382.47573828423,1127.59866978304
4454.69579984778,3781.52745340486
4290.72108919985,8098.52310871573
3243.38415566642,1171.75691517387
2802.69534680303,5098.7164889291
4539.05148825498,3942.7021155231
4249.11177711536,6379.70404062441
3479.96415034921,3251.4008011617
3918.46370180751,3141.20408822374
4986.54107262099,3281.52162646775
3232.8221685738,4883.55166824341
3855.69375639076,5997.79470844195
4519.72834266242,5055.12687813831
4116.55226723419,4058.75262514125
4421.07131445494,6486.37731217558
3854.76211762085,6017.51540882659
3530.89019920696,2503.8929324298
4370.51884381038,3059.19596351811
3670.09480589099,2721.89955183614
4689.25411804731,5275.52030401422
6423.10841782964,1187.84021468134
3229.62468077421,5148.78551074534
2945.28750243301,4689.07334933778
3920.75581812571,5010.45687217882
4057.7906187206,5934.8823040586
3587.31087878501,6663.23778986446
4444.33173855244,4788.9268113857
3900.29123082622,6579.69512344955
2079.74211794736,1134.4184792863
3937.85038092107,4207.82220996225
4081.26975809251,5047.45459244714
4349.66338203784,3155.69618341817
1812.41474022108,3067.60697733442
3546.57891223787,3090.51029777277
1447.5195223548,5003.69414813457
4087.64293508008,5103.09261793141
3690.47469290143,5261.99443307047
3605.4050564633,6004.21703400839
4443.03262405836,6301.10582067041
3486.46151940407,401.459447637945
1453.64537831235,2932.91573964507
3870.02630154608,5307.00483750777
3819.30952521267,5592.92560464502
3045.30117571405,1689.03944485323
4861.27779499968,5530.63775746878
4234.51031839206,5123.32497317089
8498.0716098926,2204.10547301575
4854.99626074208,5753.07737990881
3976.25463559282,5396.11735330121
1449.34469196255,206.697049288376
4322.61112026966,3430.47767465361
3701.14292543723,5817.808907586
4484.00587497333,2860.73942240225
3595.53461713627,3280.10083282124
6031.63454406964,4480.72833815535
4630.9897268615,5566.66925348642
3753.48421208499,1831.40296823375
4563.97380882008,4938.62179912432
4124.03529160065,5638.27725327063
4295.97429091806,6233.3056324299
4572.61388720728,6745.64382136216
4001.67004354292,4686.85716496237
4110.98069913388,4939.01928306114
4036.46277506731,3009.92275528602
5084.77185107609,4389.22922731997
4102.36806553332,4015.39008762076
4600.36436937329,7304.52695644101
3343.58167881771,6118.9034125838
5108.3847939084,8437.80863150282
3966.74655053358,2941.6111236183
7738.11310051482,2724.68426509778
3424.35356430882,1582.93459647447
7595.20481300399,4735.33455961032
2577.68948035339,1241.65996258227
3653.53959167207,4910.0921781313
4825.54169932967,6051.15988694705
3029.5666747555,3340.96767492334
4097.75275729277,3241.56899369888
3089.98187544952,5612.24839823758
3883.75818957405,4586.94704031069
3100.03991084026,2235.4198072704
3821.52652410919,948.976471400775
4169.05789771671,6219.15435856854
4111.85388453995,4041.07812132075
3739.20198233563,1401.07300972092
4803.46664855628,6048.77286904986
4727.76832611746,4229.02036659716
9019.38671475225,7426.94270616659
3154.67416969997,4164.34592437898
4649.26172258433,2900.46477047321
5074.98754651205,6427.21563387692
5198.94949927364,3436.10397520827
4625.73332066775,6760.47673788965
4235.84631330341,5485.39985690593
4940.87081035233,7704.33828856951
3361.37369264907,6624.25095849102
4711.81051717559,5407.36995441054
4122.14343119439,3422.63497829591
3767.13784583814,4211.74376956873
4083.46038166862,4765.73954364567
2161.08773225647,3597.9609142755
3995.93773254663,5806.89712780974
3349.3700856105,8172.00689439754
2602.56602844328,2604.14408984217
3312.26529668553,6098.61439474055
3633.8286508962,4308.18732686502
4001.51230012671,7295.88886935442
3741.26467593129,1452.39199166189
2709.71352033434,701.417397003889
3631.96703913515,4024.93773635427
4266.09101911999,5116.90264760445
3905.35425883395,4368.59938814366
3695.35706101677,5014.43509438905
3916.89901395973,4258.68662250739
3786.64803032236,5246.19486943705
4652.19420473068,6256.03833077409
3811.04631140976,5898.73705997818
2780.49680083134,8334.82984628782
4006.06407661413,6146.0122399303
3586.02940039135,7087.42968725396
4220.09231221135,4379.62449312745
3307.20915067118,5178.16760792626
3985.09142988616,4442.93522715813
3860.01813355857,2967.81038931788
3947.26714454678,4554.78001844051
4090.60604288092,4671.22843485074
4139.68795615194,5245.85404810399
3136.74155655403,738.755832891464
3377.97315581443,3876.55021705464
3914.01723509365,5514.32738469102
3076.48560540359,2594.31228237936
3725.02598637409,4528.6945008037
3343.2059407242,944.714090461239
4030.26503463308,3296.86619785008
3159.57877267857,5107.24125080817
3905.03332543592,2132.38393659639
3907.43576406838,6582.7071214091
4315.44945874219,5739.43776090229
4117.55650942655,6435.74039575599
3664.97451710499,3951.3972880687
4545.86413384099,5773.08223902275
9065.97766641443,4952.8863981932
8992.82183416233,1937.50771089869
3740.33681629733,2772.76396438128
3980.23213327119,4553.47297285677
4322.3221014636,1640.39142811113
4789.00056487871,4748.17836503268
4826.49237200779,7100.38766359435
4245.28336475734,6019.84576412002
3911.84176662551,5421.69163893843
3942.05875132101,3256.34524762261
5058.6889503869,6039.39563098288
4269.64291987023,7280.20347663902
3806.74862725426,3068.80048628301
4326.13344064953,7008.26314984136
3828.23122136131,5588.20865430965
4425.39305974723,7629.54788015922
4261.98802063626,6737.68737694169
2390.61358300571,1643.57404816485
3612.57319475484,4992.27071350346
4361.37332426466,2789.41558134735
7952.0789528809,1352.14083424952
4515.22839785776,5767.17156831116
4528.4888638652,5584.51459082872
4129.85823114071,5767.79697122878
4512.97074607623,6340.94512823176
4526.14165964255,2798.39512404988
4608.3505576301,4037.66821656912
4123.92939225383,4399.51560417862
4162.80008577269,4633.15116512422
3563.66432044867,3982.82558181375
1970.81949019576,660.157507223652
4214.39130188782,6010.92309544888
4164.54093879119,2391.30920159466
4425.28718202708,5540.29915426506
3545.88617438565,6408.57490580573
5341.8294510353,4978.11986249735
2885.49052844054,4769.77442845967
4101.4267160334,1205.62857227843
3342.55055930653,5810.64785389443
3964.71936813505,5820.08217742042
3823.63796523686,3700.94012234575
4191.39043134422,6776.33296412682
3976.52812779032,5246.82027235467
4446.68354337445,4009.1385955761
3802.1447236048,223.63290426911
3575.54464733531,2447.06118656932
4552.08764112738,5126.96195119281
4371.26651963618,4083.53109719432
3807.70941441419,5901.80614339675
3654.39126720799,1860.9554760812
3626.08172416547,3452.18748614336
3285.71977039007,2597.3811543703
3957.56893751032,5438.45700396727
3586.6682317675,8116.36844605802
4728.6332245812,4493.40173291119
3958.9642395461,5141.96570124208
3749.89705695252,2907.34145400785
4196.4989930684,5373.0434107687
4230.8393166618,4915.66160465458
4441.49891425208,6347.48077900571
4429.82001526007,4382.57982848324
3995.04531026524,4424.40824714971
4569.788321559,5167.5399868793
7214.42557860856,5178.90633605139
3685.07148195303,5254.5492206496
3369.14074204687,3757.88519341375
3668.50471302203,4118.0851369617
3351.68596355891,4492.54925672328
4602.24387936385,6337.02356862528
3348.25543552495,5756.43062205668
4554.24557416939,5983.30261324753
4609.76976627551,2982.18894787716
4102.9415688921,6311.84718978014
4313.87014093414,5454.93821026681
3569.42942523695,2157.38990477501
3285.79277269425,1105.03638210538
3842.13965888041,5185.32823876258
4655.05971751881,5353.77770263515
3810.88935792341,590.652313750424
3531.16080731053,5361.62039899285
3284.48317320403,978.756263946143
3981.38014761156,6967.68553701012
1804.0205312901,1453.98330168875
7720.83070811775,1937.96249172215
4271.98818623223,5281.99886932916
3891.00609936075,5763.3070941637
8258.956547776,2199.78621804483
4521.6335848114,3418.77029272082
8816.69800007798,4805.23760701871
2789.92859852506,2791.51844051524
3954.7795603449,4118.48262089852
4448.48237037202,6804.40759286875
3409.41690944204,1484.38828572411
3348.83967349351,2791.00699708802
3190.48929271773,6380.32944354202
3002.61178682505,2824.2535684164
4012.53731329922,4267.77970184506
3805.13473079024,5320.07613905568
4481.93245573539,4111.0378313329
4390.89366908829,3546.81234300107
3991.2441242373,6504.62055630995
4919.27731365025,3427.35192863128
4143.30302315346,4635.99275241724
3533.72808815582,6055.08144655352
3839.54926470962,4710.61275016101
1702.66780365274,2537.25325182096
3716.29642177786,111.390219408881
5022.48052018722,4922.93598355367
4778.94069688253,6202.33233093594
3901.93321549855,2610.33870785544
2725.85644673222,1697.45045866954
4343.18644133477,6288.6028365811
8585.58527968696,3104.60448617512
4577.43693442413,7207.23134581206
3815.89093027874,155.036994944042
3763.86724991885,4018.57249624684
4487.56315276016,6351.57232642347
3701.42535950452,612.816694636013
3395.47018700907,1993.82801333196
4376.11388707808,1705.63429350173
6165.90720836917,219.938840788179
4717.53914464692,7002.0116577967
4273.76927190782,4974.59620968295
4562.60186330501,5283.41966297567
4586.38112549519,6120.8354382299
2333.70316238275,7355.22138117486
9091.15641912666,1363.62082577058
4787.46714021538,6048.26163705026
3345.68909935762,4233.33983299571
2994.7700099661,5249.37770091839
4659.42286244611,6999.22715596269
3404.74349367014,4920.66271371925
3101.8070165802,1211.42538921344
4919.25578515365,7909.38756591834
3973.32409194834,5901.57864727121
4275.18118306841,6586.11702616073
4576.51715132928,4372.63427295766
3534.61138135388,3147.91036109186
4398.83780829264,6694.09734329565
4364.29027509768,4484.76322296934
4618.34409754631,5785.24397892374
3023.81068119879,6201.13903341497
4298.15332728816,4618.31782574148
4008.76396269727,5692.43782250462
3476.13158434586,5394.4124009254
4184.44014370074,6184.14617226058
8933.28701767709,6746.55296015383
3959.8353704696,553.541162560766
4160.59321821884,6529.56943902955
3951.05217424088,5568.03338452918
4008.61910433793,6406.35829857507
2566.63966763968,2137.21463499453
4632.85434841323,5449.31169828452
3906.06805617379,5243.06912341473
2837.67183355477,862.933197596621
3688.60250124984,6089.80547413218
4551.42912733494,4943.11125333414
4408.31485104101,3412.63254873894
8345.75358680425,1385.33053154652
3603.62019311647,5660.49829675998
4326.74872163807,4545.17570710324
1824.4408325442,724.206916522561
4349.08629395531,5684.4247154804
4945.06032244325,6769.00149976872
4553.03114196282,6677.50238893334
4266.46201398724,5278.87312330683
4003.65906290483,6467.28201470856
4476.42984162044,2940.53115130485
2823.98017439044,5223.51925655187
4274.80546474036,6510.13289737422
3966.6741091829,4978.00611443458
4346.35329664845,4294.5477078585
3309.70926914967,4090.91922415619
3456.39367847051,4990.05452912806
3868.17736805558,5164.3004927942
8498.05920838926,1555.31432570075
2363.7991660898,2202.28698400479
3970.38073155249,3661.83954290953
7603.21757599844,431.523425341069
4144.43671639426,2938.20121886667
3630.69546260092,5556.60994989807
4508.872875535,3755.95316776765
4798.87821636836,4733.40211110896
3961.20456654648,2957.01235760439
7955.8493089267,1043.5444542271
2836.96885317422,1712.34046065603
3966.59077590282,4577.796875514
3802.62804654714,5592.52769785294
3044.33736420544,3535.50265643273
4936.29249625953,6828.56108485946
3300.91585916481,2598.34737862098
3674.32275363732,4933.50694199687
3149.88307532026,1546.05072998273
4564.99408656148,3030.83696461926
4063.91198954022,6280.81680282716
4076.48654100824,3245.6040899405
4336.64848296006,3789.71097109562
4713.29693123274,6752.06572407335
3775.94423073215,6065.19741274564
4689.05419198009,3598.81339046341
3825.81815672357,1929.15357111378
4147.46176764135,5700.67842565439
3385.91507019093,4603.20075048469
4088.34325717582,5513.64531916964
3427.68831625492,4133.88427773986
3816.7321651621,5131.28141759136
4966.97349573795,6334.97779491641
4287.64986969048,5281.48763732957
3507.24737114443,5267.0522047389
8602.78463681812,2765.83040681525
4005.93586574188,5361.05208153424
4351.95097154207,6609.247631297
3528.29800821359,4407.8132927874
4589.12061679211,5304.22033567376
4459.42248562928,6180.05420198758
3936.60790067761,5509.6100115004
4461.76316143797,6956.31918783803
4332.28514533868,2762.81840885569
4051.47397517133,5307.40274429984
3677.36553897055,4637.64061933404
4441.36566449854,4676.22954391541
4232.41783852826,2185.2941228504
4200.6070373299,4216.11989857104
8057.80097398587,3797.26993157927
4095.82557070226,5083.14484427648
4454.93527753948,2327.1462028037
3747.24620342288,2272.53085274625
4221.90589427167,3990.83868883798
3469.40712090267,1241.03477109228
3659.38293439981,2460.30289878376
4362.38766480097,7133.40673879719
4362.28671978833,5785.24397892374
4185.07470939901,5610.25928713247
3871.03148924552,3877.80017717937
3314.32388259786,4805.01011089317
5316.17001753574,7054.24020138459
3852.88299179254,1656.53160164999
3094.56758109954,8065.84485484595
4477.96224040245,4356.43722538742
4604.2907223439,6837.02918413477
3912.8021352023,4413.55312997721
4573.08741502104,4846.15646403826
4606.70485686508,5019.8341102458
4113.31241387709,4689.01668673402
3341.28069679462,2096.12515588083
4337.29371789436,6170.90446004614
3519.7528231786,4876.10687867778
3737.8225784304,4876.90226940668
3953.35483382317,4829.95941646802
4397.26398287583,5549.10807487343
4637.18199660179,5948.40817500234
4102.73611199013,4696.97313115449
4047.91959478076,5261.65318888216
3900.73913783071,4628.83169872567
4273.38989988597,1954.50057205308
3174.46385163764,2726.90066090082
4250.54112184482,5241.76207783099
4306.52094449073,5839.34788555398
4062.46539559105,3375.80545056477
3654.07480039192,6670.91007555562
4231.80506058564,1160.27692365282
3853.17714871716,4885.6545274113
6615.16953894239,369.690491130554
4862.74798337279,7972.75496255278
4315.53781716427,2092.4310923999
4198.38866063003,640.948408836953
4431.70479975412,6454.66528255648
8109.17854123901,2645.40397962241
8952.8325641894,1050.59165414208
3678.84730247742,5532.79770209568
2927.97494583244,4296.87764029668
3674.57559223645,2031.67799836057
7967.26679430377,3058.9686788202
3750.7433842837,4909.2397019434
3818.32435697441,3912.07005821745
3998.23605635082,5933.34776234932
4380.89142592436,4695.26817877867
8063.50756709727,369.576822353142
4484.47291636461,5550.87011270826
4087.16880045557,6439.09321504861
3766.431591469,6200.68404116388
3750.719656269,6377.99908824859
4370.87837720831,6708.81693461562
4489.70127722666,5513.07700171104
4090.53832713399,1184.03250885145
4366.92343665191,5117.07348112624
4194.74631571084,4826.60617432015
4062.98520367535,4359.62005686876
3737.43760066915,5185.32823876258
3758.08846530449,2310.09667904555
2605.4471000858,2551.80200961914
3149.16820123721,6660.2257919049
3103.79719003671,2185.35099688179
8552.55048907878,2306.45948959601
2722.54124913095,2148.46723610386
7223.01946442197,2214.22165063549
4413.15533999567,5023.81233245603
3588.84929220372,1171.3590083818
3726.21766322544,1939.04225260798
3772.55059268806,1643.97184924311
3895.05612215637,4860.76230729545
2208.51318806044,5575.87608088687
4278.75183070437,6212.9599519829
5162.77626006056,3776.81050306949
8912.40093205682,3347.73061039522
4494.62787448069,4474.36309804792
4265.38352680591,1925.68679233076
8909.06650778968,2072.19894858804
3014.64080012661,1296.72988203555
3282.99042847885,1442.90111124595
4657.20891091507,4720.27414695729
4434.15565046082,6617.54489705053
3971.01849018538,5305.18655992444
4442.49504989503,4669.52348247493
3998.21164154778,5353.55020650961
4091.39510096542,5727.73059039714
3819.07643527695,1012.00283527453
3336.04955142554,4718.68294264424
3845.55764642942,6853.39664237154
4345.27422009501,6516.38438941887
2795.9833416383,976.53986814311
4130.84219157003,4030.22300414824
4545.14304317152,4356.38056278366
2717.66655653447,4325.9755787483
4350.47506245934,5227.89538555418
4127.54872406257,2797.65618449712
3889.52412450953,5303.02661529754
3870.58857158471,3064.76539004139
3515.98158766576,7004.11451696459
4101.07738588634,5029.26843377179
3919.35287415177,2761.05658244849
3873.3895791182,5657.37255073765
4375.45709945763,7410.85898380387
3396.99452757694,6710.12398019936
4589.69761562176,7508.26876535084
4372.14814562297,3751.40662809881
4798.62660948622,5610.25928713247
4078.53750240474,6922.95886844687
4740.57504503294,3142.85216656817
598.24561693329,475.227048479163
4089.58346793354,4426.96567571343
3175.69038246361,5162.08388556354
4035.51536235875,719.433039298899
4618.45971905314,2548.90375972236
3847.61339030822,6683.5268077077
4118.73304027139,4654.06516302982
3851.09404519503,5680.78731460323
4379.73264932673,6677.27531566305
4237.20224359054,5084.67938598576
4518.94332185323,5526.60287265478
3408.06316909031,4942.31586260525
4344.62088863216,4411.96192566416
4552.15921773213,6512.00868327181
3879.15916944918,2261.050966939
4810.77419264741,4213.221225819
4055.26961770106,5735.51620129582
3152.80618426995,953.409368720655
4406.67513427027,6461.08718526767
4128.57111252606,3819.49097506862
4245.10949289031,5506.25719220778
8598.27131598303,8355.2892747976
4356.09852296198,5837.18836378233
2440.21993296052,131.224496071344
4367.74561196424,5668.11391984739
4273.74814743375,5058.65010809746
3646.81999410285,3118.92617070301
4259.64123143428,6178.86090446661
3581.85236034216,6699.55302175616
881.736632949483,3405.07379968292
3947.98629409442,3292.26278414986
3693.98057942217,4605.41735771535
5055.34669978675,6887.66610055436
4576.49210379421,6557.81490129326
3157.66529406497,5630.71871564224
3037.92423118567,6287.86410845596
3873.90616822045,5671.12591780694
4463.93147274731,5352.4135715924
3772.80847383225,3076.9842154014
4520.40949722462,5000.79547538253
3319.18709913491,6792.87083303012
3930.39605718676,2524.75026773165
2687.79874454321,59.3891719465384
4247.32374795856,5938.34887141399
4099.36040806735,3705.59998722211
4447.25591241343,5588.26531691341
4194.75184196218,6310.65346940392
4496.85077325654,6750.07661296823
3124.59913348591,140.65856852703
3936.15356996468,999.49985118522
4384.7769096309,5835.36966334374
3619.25789366106,4441.17361217855
4674.49297612249,7265.08555567173
8189.1777315544,6388.74045735832
3783.30476109726,5610.60010846553
4978.17288654717,6523.09045085936
3796.58388279024,1520.19228561621
4389.66639357141,3551.81345206574
4227.04026646168,6923.24302717617
4031.96747718282,3793.12087584725
3940.03506482785,6226.03125353081
4035.53417222906,4827.28823984153
3772.91121256975,2821.2982330606
4641.35289135488,6533.20683990672
3908.65694031099,5406.74455149292
3511.53783481289,4736.47119452752
4044.30147336934,3742.99561428251
4285.89932215683,3018.22023246718
4123.49040457601,3705.42957655558
4382.56234173506,5434.99001375663
4046.69792373691,4151.10421216454
3740.8529109774,4976.4715727253
4670.96379468472,5439.87779761378
3404.7786313561,2455.47220038562
4560.93032200284,4016.75379580826
4430.64893040209,4768.92195227176
3639.26255047009,4732.94754171312
3792.45092859637,5520.06722188083
4058.06999954561,5097.18237007507
3622.8919135361,6868.9116244204
4565.55532739734,3324.60021668657
4327.22270035937,6780.70909312913
4122.20649996099,5569.39709271668
3708.91171608667,5817.5247488567
3162.25534810297,4846.09937857925
3969.75615690694,4772.95725994101
4452.10102911935,5641.11884056366
4125.22664893797,6612.82794671516
3573.24562755088,695.393189657152
3225.35435386783,7084.81559608648
2333.52502111655,984.55308088115
4615.69264973327,5057.51347318025
2634.68812816085,2558.33766039309
3628.26780546903,5065.75407633002
3258.04652760782,3332.8974824401
7475.16390306904,4518.29395302703
4189.0786081397,5187.08985374215
3498.85083341936,5143.61356815888
3878.44901727288,6071.90347418613
3520.21309823799,1036.66787640626
3730.60941022581,1274.79278584788
4043.38514627651,5520.86303546497
3919.22807065928,6626.80838705474
3801.7740441444,5076.77960416905
2277.49412878936,5451.86912684825
3665.75770779449,2454.10828077049
3931.7624706932,4740.22192061222
4721.13028767664,6719.78537699564
3811.86759924465,2534.63894922585
3808.86043516455,4841.89408309872
4409.11369804823,6413.63267747416
3231.35289919853,4971.30005299409
3746.20935437376,4741.64271425873
4429.27076775516,4496.01624693392
3805.08195414133,4430.54599113159
4774.80147758079,5372.7592520394
3423.54039209992,4690.267069714
4403.60061883358,5034.95160835784
8126.62164670538,1910.1718102819
4207.36112954796,5797.91779653483
3570.49791959363,4762.61379762335
4086.74181199376,6013.65093467913
3573.46559565424,4881.44880907552
5177.61963254379,2441.66217071257
4281.80231243727,3271.57607094217
4003.76539735308,7255.02667493863
4223.73947572922,5384.29601187803
4218.9525565761,6106.17293236895
2792.07382263149,1898.06652155704
7593.03743440905,1822.30988889607
4006.6626903074,3198.7178996056
3260.38110330233,6491.49216930303
4191.04256021546,4856.04493410483
2064.35300436156,3238.32949961378
4585.82973925095,6526.04578621515
4151.55971333047,5244.66075058302
4300.51617303303,4496.75497505905
4536.22204107822,5611.39592204967
4023.94080364507,5867.70709588046
4671.85059214306,5342.24051994127
3849.81797189525,4694.52945065354
3668.51578484056,6802.30515655611
3581.88478489202,4206.57182698227
8150.31655634628,4505.9618024595
4255.95215978463,6000.40922246469
4235.11495068187,4570.23833788561
4652.28407092524,6208.18591618852
4582.13981169806,8724.07064282838
3502.56005237728,1534.85489719098
4945.08538575812,7762.25000674345
3200.94769279101,967.787715852308
3382.86507880677,4416.508465333
3649.66808756307,4446.06097318045
3130.67081283504,5328.60090093476
4420.82552738542,6157.83315849823
3867.07843216512,6706.03200992635
4826.2234549426,6194.20547584894
3943.03092962886,4102.3426587873
3537.44607834046,1550.65414368296
4165.47063211787,5580.47928315947
8067.08002800371,2138.06711118244
3894.60286413706,5287.3978851859
3597.66800359758,7134.88419504747
4032.15428001295,4188.49941636969
3290.3434110445,3699.17808451092
5147.8344878655,7152.27454013867
5078.34376221103,6677.90029572541
4581.228457073,2951.4998051125
3313.94493752709,1967.74228426752
3690.47620523235,7115.73223497668
3086.52248961818,3083.06529677952
3460.4328386709,2128.00780759409
4204.103463324,5433.17131331805
3020.46192711153,5029.83675123039
3784.5821044758,1832.82376188026
4299.11812838896,8257.93615585439
3411.44419023057,4609.85014932142
7640.83471763384,3469.86198996387
3466.96441967645,1711.94255386396
4033.04291604277,392.991506933352
4412.80053989564,4872.12865646755
4139.74168300398,687.777777997372
3547.91428191236,3870.52579828028
9188.69842180485,460.337099349572
3929.77233644487,5546.77814243525
4149.14834645874,4724.99109729266
3863.35016709972,2899.83979041084
3913.20804112559,4256.81125946504
5116.91454311437,8005.9448712774
4406.18210460887,1281.49895300218
4236.05049326908,6697.05267865145
4262.72065140931,5590.14067995575
3357.75533468277,3449.34589885034
3561.85896933197,5166.80125875416
4051.60121770268,2127.55323819825
3866.95769505534,4398.54980278319
4428.17164018396,2502.81317154398
4639.02360911672,5662.65824138688
3251.35169934629,4810.52287481269
2753.59684030787,1916.42330232656
4097.64562132517,5026.65391974906
4521.49317379713,4579.10392109775
3966.83091949331,5399.35642453106
8704.88775107991,4400.42516582553
3752.85277065281,4703.39503386567
3730.51514639334,4278.97564035063
3155.71794851124,2171.31368251082
4421.30884041042,3411.49591382173
4034.0404044625,5072.85804456258
3686.10161406977,2460.35977281515
2908.36208159669,1424.54443619025
3451.92974846909,753.929887893451
4364.16947354444,3609.66808478066
4393.95852870833,3533.45688272385
4067.000187608,6882.15375949009
3285.10794808105,2512.75872706956
4521.28902778907,5810.42078062414
4093.48604579313,5817.41100079393
4152.17476891915,4968.96969770066
4124.75967181872,3508.73507327454
4737.53975908808,5873.95858792511
8210.74457516423,3841.65535595421
4385.05298394337,3586.36706897786
4167.30993226681,4922.2539180323
3481.23128239387,2194.50095025085
4051.42989998933,5918.96941521766
4227.68296515618,4633.77614518658
4667.40245360908,5936.41642291263
4524.17595730517,6412.83728674527
3980.69080633087,5537.51465243105
3815.82696521455,5389.80877579755
3942.8119289697,5000.85256084155
2826.37551027673,1533.14994481516
3775.72348194656,4630.08208170565
3630.1835180734,6052.18277380149
4219.51598338543,4269.82589840919
4161.72375088534,5843.66735195252
3880.65951302758,873.731229310113
4097.12342541955,6235.57890226432
3841.12957888404,6853.62413849708
2353.95149374683,939.030915875191
4263.54392042404,3868.42293911239
4590.73960194152,6035.70156750195
3959.39228063891,6090.88544644563
4123.28847493605,4449.18671920278
4331.85075613832,5250.5143358356
2083.10966560879,3170.41556331051
4082.32454140085,4982.43890604065
1666.66208541638,1250.8666842689
4712.30702750305,6397.15147117462
3576.088175726,3195.25112082259
3973.36826331697,3505.43870515806
5080.30560450863,6994.56686823108
3674.04626513216,5315.92750617892
3705.36518902919,5914.42287554882
4480.43131437582,255.856509457695
3838.19612954044,4840.92785884804
3871.45570817551,6865.67255319055
8795.20432486434,1393.05969126907
4369.35157742011,2275.59993616481
4818.97925645723,1233.47612775007
4418.96302927277,5543.93655514223
4181.20653867511,3971.91380203749
3954.4586217283,5390.66125198545
3792.27259592156,5187.94232993006
4602.73198710718,5201.86610766588
3519.33597296241,6791.10921805055
3872.43386867322,4357.34678703434
2989.03860292459,320.417362183823
4964.6548160217,6051.72820440565
3842.61776899329,2510.31483514099
4165.69465704096,4850.30509691502
3963.62745229662,6589.52693091236
9304.92259094284,3079.88267672581
4110.67706370756,5735.97119354691
4109.72490140456,4983.17763416579
3816.51241198487,4841.09826951458
4474.36173911891,4291.99027929478
4274.39402899349,4884.51789249409
3952.22301767566,2293.04715528741
4703.92022475401,7391.53619021131
3308.28685625,3222.3030741377
2931.34127828278,1227.11099335646
4322.92973406386,5941.81543876938
3936.80570721835,4485.50237394973
2589.05163368104,2400.00458556789
4384.31571804179,5070.75560824994
3362.26910859244,5506.48426547807
2289.8756844137,1696.48434013267
3378.38079129882,4527.15995909441
4242.04908452794,4645.88122248381
4917.41006759831,5271.99665119981
4147.09425173616,4345.7529417367
3281.86041837166,5159.64020506259
4175.14424197565,1295.30908838904
4683.27956036677,4491.46970726508
4358.33301002882,4217.42694415478
4108.02318760159,3841.59869335045
4419.06180453632,6576.79645069751
3995.94157789281,6062.07166672331
3219.80958242247,1930.40374266613
3760.62403871609,4638.60684358472
4351.33625228827,2697.63231178267
3979.90424072023,5478.58004740267
3392.92221092577,2153.86625196061
3433.51523701699,6717.85292849428
4047.62149465911,2642.90342509007
4789.29169578009,7027.07471143433
3939.54325319817,3629.50253322807
3828.79840964158,4915.77535271735
4886.44531202028,6437.3882626728
4666.88721998733,4202.70735283481
3204.59202567583,4885.59744195228
4410.16321931345,5067.5727767686
3471.48039403337,2525.09108906471
3923.51799759921,5061.37837018296
3560.92188733967,5727.50309427159
2560.29300534693,3873.70862976162
4186.23598895285,6413.2918561411
4500.87340416808,5426.86315866963
3729.4958416765,3692.0174536746
3936.10176403957,6470.57817139742
3286.29420689953,3891.38313358213
3027.71569006693,3921.61770695096
4088.11519390652,4263.9152276976
4675.00158814497,6371.52052293365
3750.69884522393,5435.72874188177
2438.28299462074,4024.08526016636
4711.64714037785,4604.10988927636
3412.39680901778,1232.79416794251
4900.85572506153,6012.96886915775
9047.39495948876,7517.81683693961
4344.72719832726,5584.05959857763
3994.53095572466,5069.39147720719
3920.42671992263,5129.97394915236
4357.71615839085,6581.28632776259
4855.44675748591,5460.05306739426
3792.62148606126,5240.34128418447
3502.83644798327,4785.46024403031
4025.45581878487,4364.96198726649
4281.26888230372,6520.6467703584
4346.87680336418,5596.27842393764
3547.31693785118,5084.50855246398
4352.8446227397,6467.90699477093
4249.60364539585,4900.71494006432
4429.95369800263,5373.0434107687
4630.23236630189,7161.76594912368
4123.48943866893,6061.90125605678
4212.31930686368,5886.4044865554
3800.61356984491,2418.64531363908
8774.86209821588,1014.78765424998
4716.02743666422,4690.72163910984
4548.39303224384,5183.62328638676
2892.09912475785,4131.26976371713
3543.91286668168,6696.37061313007
4588.34429195739,7139.82906436363
3699.20877693142,3164.56197805793
3726.81094453303,5460.84845812315
2953.52063110543,959.092543306704
3792.7862955123,1272.91742280553
4063.82360540674,6159.93601766612
4053.54451880265,5036.25865394158
4038.09345881485,4483.96783224045
4163.87336363689,5056.32017565928
2599.96878903644,393.275665662654
7952.48706324656,5644.35833464875
4084.3086094017,4534.09351666044
3118.21039949096,1845.61090469887
4224.65105127231,5161.79972683424
8245.28553329432,5748.53084023997
3241.11468640384,6914.77492790086
5617.23306724896,7516.9643607517
4442.96655883333,4137.74875188733
3888.26254077911,2862.27396411154
3550.37270230824,3757.48770947693
4782.91084573612,6612.08921859002
4509.72580767042,3441.38945442987
4217.51251098335,6123.10870806432
3956.76773512585,4723.17239685407
4469.84329615682,7036.50861210507
3808.30394319794,5447.49299784594
3527.30113846698,5890.89436362048
3868.63665555139,7040.202675586
5071.68585246475,2716.10262918732
4334.91302920977,3630.86624141557
4724.99706587642,6334.18198133226
3865.10864627599,6791.05213259154
4422.907076989,4278.06650155896
3934.37531012872,5681.92394952043
4729.77504010799,4978.00611443458
3792.76943342406,5449.36836088828
8075.96545576283,8055.61514059106
4203.8881432587,4326.88471753997
4372.91323631834,5826.10617333953
7214.09714026176,1459.43919157688
4860.48484913157,6174.93934486013
4003.92625694068,5022.67569753882
3254.91107833733,1726.26423839185
3571.55610929065,4437.25205257208
4566.05481608652,6777.12835485572
8573.44287420891,2177.28101582618
4912.14220696529,7507.53046008096
4310.85324977123,5227.83830009517
3864.64083615718,6365.38277895176
4138.61444804756,4132.69055736364
4298.55639735368,4720.84246441589
3846.28738861466,5783.59611200694
9163.38991225534,1643.63081648242
4726.35913179429,4813.64862083501
4132.31585455829,4385.42141577627
4056.18293793522,3518.28272200805
3759.36680476001,5251.42347462727
4188.33559826101,6470.52150879366
3701.77237174198,5427.488138732
3579.45842147226,3720.77414793791
3638.14705944653,4860.25065244061
5318.09214956596,2390.96816883397
4155.4051187196,5093.54496919789
3320.94338796416,5590.08401735199
3720.63216462303,5231.36195290957
3185.49929948943,5082.80360008816
3568.30775333023,997.510740080103
8690.19760566962,4576.66024059679
4529.66131043451,5051.5461398649
3803.84928576782,5115.19769522864
3433.42808509857,3284.70424652146
1718.10182667443,1378.90862883534
3627.11746098016,2999.69304103114
3977.34661820831,3086.47520153115
3954.85789988017,5207.83344098123
4354.65272836582,5195.84211174677
7822.72622495513,1245.12663565147
3365.69726641109,2064.24250416757
3835.49287064566,5551.8929995627
3741.33730703077,3206.61746999468
7689.59423545665,139.180940491812
3880.22483025422,3328.18053210473
3845.8210683375,1260.07340595554
4066.23336585402,5673.79709443344
3861.77578831468,2348.57185556415
3767.95683721608,4450.15294345346
4821.27169211802,5337.63731766867
3976.50373332628,5059.84382847368
3620.25548895937,4068.18652581199
4555.78857267646,4556.82621500464
4035.17377013037,2905.75024969481
3673.61996082794,4722.54741679171
8142.64410535099,6541.44744305649
1870.59507938369,5524.50001348689
4086.2129471418,3533.40000869247
3563.36025767057,5197.77456024812
2374.49726358561,1345.37789877765
3705.98837815806,5458.46144022596
4240.75803606209,971.709169744969
4517.77428949951,6571.85242709185
3995.17906749947,2931.55182002994
3263.07247549828,2186.31722113247
3673.00519800414,6025.58560130983
4166.79295841211,7208.14048460373
4216.70581812083,6886.52946563715
3599.69163647408,4946.1232512937
4334.33396482132,3428.1475307878
3666.91365268915,8312.66546540223
9014.99084740957,659.248209861266
4017.37047280957,5608.21309056834
4602.89853036114,7171.71150464926
4274.89641639918,4432.64885029948
4460.5345431745,5459.48474993565
5058.13739109386,4527.50078042748
8633.27181537763,874.072209213895
3955.03006437494,3400.41372337893
3987.36913065147,5001.02297150808
4115.08631077085,6552.18838931097
3300.64725710913,5206.46973279373
3902.05843507015,6223.98505696668
4662.18201169708,2151.47923406342
4884.23343699081,6842.71235872082
3616.72989345774,2935.98461163601
7980.81621166131,3511.29250183826
4235.46695781119,6928.64204303292
3313.76075099797,5315.92750617892
4254.87312691805,4289.31910266829
4322.76004842362,1506.89369937038
4289.44336938255,7700.92838381788
4542.55350750785,6646.81324616868
3461.90017098375,4199.6386922715
4275.73895076207,3818.92265761001
7944.10446888889,3596.48303516998
3756.36629161242,2784.92591570989
3402.28796445845,4778.18544227597
8632.91209405666,2520.03310596865
4809.64686756377,5759.2722093497
3466.3959782325,2271.05339649597
3756.02065565577,5128.43983029833
4071.61415094428,3270.26902535843
3651.25811918264,5925.78922472092
3779.5056243105,5935.73478024651
3818.52898571381,5433.39880944359
4376.40451705587,5521.31760486081
4085.42135434446,5736.99408040134
4135.18526958247,6500.3010899114
4453.72685182412,6054.62645430244
4168.90049745861,6089.00966054803
3830.34013169397,3797.26993157927
3790.14811339622,4186.73780139011
3600.11548800031,1383.0572617121
4488.44031165117,6486.15023890529
3930.27820658106,4732.43588685828
4501.48236874882,7088.73715569295
4589.26892030995,5010.17271344951
4706.78020357453,3696.79106661373
4166.11554052329,6546.05064532909
4026.13321139954,6331.45414210201
4629.68809256267,4581.66134966147
4450.70740397783,2488.20732828678
4215.96950497731,4366.55319157953
4034.64047639145,3055.95646943302
4494.2696135766,7805.83961753424
3245.70032593119,3480.14857825014
3755.42512740266,573.5459688178
3981.82895515315,5549.56306712452
4310.1597073664,4291.5352870437
4219.37846384388,5032.28043173134
4836.59980709268,4965.16188615696
4238.79927472179,3394.44639006358
3485.31140546795,1688.13009463394
3284.50448954401,1678.80973059835
2459.67455056727,2.27326983441936
4044.61145828346,6865.84296385709
8724.95374631845,2216.21076174061
4195.15918071799,5004.26246559318
4487.32123047865,6918.69648750734
4107.12148099171,6191.53429922244
4246.78130314353,5245.91071070775
2500.40210553283,2292.87674462087
4425.01205434421,5689.5962352116
2409.32232800269,340.592631964295
3811.39250266339,6118.73300191727
4346.2207604289,4723.22948231308
3963.74951849941,7120.10794112374
1591.80346828508,4136.78252763665
4146.01972028224,6117.88052572936
5017.69841261886,6262.74439221458
4361.92254667021,6688.75499004267
3671.41641058901,2877.16375467041
1480.53167181081,3930.31287949656
3814.963013647,471.135131063064
4013.36618918118,6135.55502954987
4742.08312697633,5319.84906578539
4082.89646826129,5149.35382820394
4578.93256555963,5076.49544543975
4560.53366277768,3539.19671991366
4136.8610828997,5398.04937894732
4362.78289749225,2716.84156874008
4425.93107677587,6369.01975697368
3945.00764646593,4327.22596172828
3878.49222257612,6281.15804701548
8745.19576815086,4118.25554762823
9032.93942493989,7155.57111968278
4430.88137504611,6432.21674294159
4060.76595144924,6524.34083383934
3437.12152774165,3086.98664495837
4101.49652887417,4145.64853370404
4010.22466904879,7078.73451470836
8307.23211274234,2319.5876651753
4220.9418420039,5681.58312818737
3815.35360559065,4867.29795806941
3002.51570235881,5081.21239577512
4777.57910202368,5339.79683944032
2609.00898565877,4479.98961003021
3658.59300927137,2501.50591453261
8589.87532480246,6919.8897850283
4370.70071442473,4452.99453074648
3701.54386145646,7143.18146080099
3998.8761632138,3661.83954290953
3631.32699366576,5253.12842700308
4623.41091352405,6100.66016844943
3919.0255720402,487.104893935385
3052.75407236987,5605.31484067155
4018.60427901895,5609.34972548555
4516.71477098168,3245.20618314843
3342.38038318857,1753.99804580072
3876.40294249473,1884.14274382122
3850.36873993514,6976.43737215949
3623.34499701316,400.095475165912
3454.65836016988,4111.89030752081
3907.50240809199,2128.29196632339
3815.56221009523,5511.59912260551
2444.90158599565,2209.73177357041
4195.53436036837,5520.23763254736
3816.76035128531,3770.04735617
3645.32903645582,4040.39605579937
1501.82148064259,9122.84440445717
1428.46620498129,4282.44626711489
1221.94051792668,8548.92252414708
8927.53811514939,8499.46537372783
1400.77983672393,8910.78214219262
1585.00524400448,9235.1291584029
7183.96501748535,8160.74449401947
6225.22976718661,8978.16767486845
797.638396549191,3263.88036846189
1506.69396609486,8486.66885429541
1458.49930521488,8975.4645757405
1634.88546893404,8616.7746084432
1268.0787811357,3562.31563654812
7573.66051072307,7706.92041356199
8201.05135550141,6956.86411065149
8706.02946388112,7987.31591450853
1996.44510247594,8958.94222365792
7619.52020586218,6869.46604250007
1622.96908601025,4060.87337855567
1184.03024189162,9258.57885817048
1728.80321296224,3860.98595749268
6422.87685420991,7631.80677271883
1447.32894099241,3285.12384514046
8579.35123012515,7377.67508775342
1020.35263553409,3345.5998851304
7470.89255636084,7487.27399632881
1554.22926155444,8252.59877080861
1886.22678286134,8806.20444807357
8944.27317194335,6892.4355279336
7933.3384604141,7193.21078051623
1325.74568646185,8081.19230936807
1507.02710937959,3958.76728348526
8010.42216776705,4457.78887533529
1127.51084902934,3342.77267315763
7510.26962335615,7913.2525661219
7574.19590743358,7872.2119777893
7751.51500022212,7406.99853733858
1552.89800829362,8927.82658296729
894.042874223866,3220.36284875229
1042.53137122295,8962.16921873994
7498.2060687236,6911.15975294533
1395.06457647458,3481.7916745993
7474.32764717486,8299.9769988158
7206.51132373507,6713.32063412514
1168.22188521228,3392.12195435933
7364.52294948085,7695.78455807048
6904.60097555941,7801.98270374378
919.389363122486,3643.89083490227
7079.14453170987,6852.43293505762
1355.84128078635,3606.51374718649
1860.80449333225,8946.47232786502
1425.35966941528,3724.42979232945
7401.10271188751,7017.64732105409
1220.42240453918,3736.26142580587
8591.9704807372,7169.0994684358
7696.00795157145,8116.90213686093
1484.01546035034,3672.48905848174
7676.6041763451,8314.10322179372
1890.53112986052,8999.94002122084
968.904033339437,3492.34675109737
7856.27863836029,6379.54804108654
7930.11607306062,7762.98080312967
1187.80651841602,9196.33246304271
1901.80465594975,8927.22465258731
4789.19811558665,6507.90591743092
7640.97802725595,7546.2844507351
1472.76915189684,9166.58631415834
2794.94095679136,9180.48910709941
6567.60202009592,6747.42231345308
1415.25940164998,8673.27066301824
1595.47993124867,3938.28149055794
7437.47921712094,8382.6656643371
7316.1670549366,7473.00203472463
554.83017341236,3081.97827041668
7947.59765763694,7991.79633171157
683.003228453659,3435.99251533177
1408.75295597296,9237.65723066265
1818.23852544992,9139.6658738576
8428.13717373555,7534.87932514321
1572.04031434112,8957.08809165209
1644.09873082998,8631.94983737213
7576.62242687629,7744.03517240695
2436.03278016994,8903.73311231935
1863.53891914979,9047.10438310465
7314.66924840238,8169.23112838914
1672.56794643954,8960.29768874173
8487.91467856725,7505.02966608554
1185.89236950129,3485.03405115226
2099.48614149991,8466.80676181955
7266.85321615443,8331.56414479772
1862.89381052418,3799.97802591846
7605.39355351731,7042.46014791814
1548.61777260252,3708.10208788089
1514.12415605905,9136.28997280317
1347.32379726405,3376.95040578986
1460.15666236087,3375.2534653478
7644.67635633163,7809.26707703172
912.330172395242,3186.22063262817
7398.83094083575,7319.05009101811
1338.50485642553,9039.98482800388
6590.92975959569,6602.21841513064
1570.43074125188,9048.94473621591
6848.68052532974,7414.78912886506
1912.02830856738,8229.0912460468
1147.9429517275,3202.30390597235
9357.59676100392,8174.17132096326
1497.77219724799,3938.17235862019
6558.63632921491,7607.47489790823
2375.48188449611,4053.90057830322
674.716358433777,3131.97200653189
908.91565990229,3113.40131462384
8234.81157564243,7463.1002704267
1373.63976561167,3533.41412502406
6825.39236237187,7593.97181807914
1701.15075732936,9162.29029232814
7496.2195362045,8163.21675804314
1768.50050283648,8258.31884814224
2191.92549291373,8986.27308390468
6863.71480857803,5830.09399321231
1009.04068522594,9151.29079899146
3322.42355158498,8931.31357791797
7926.85966656543,7668.82353823966
1278.5773940183,3530.2758987194
7166.18092020916,7912.21139636161
1464.83777426075,9107.25138138452
7833.20634977357,7110.61103049262
7940.24232814133,8084.26399621506
7153.69348939957,7636.94233717414
1172.78198717083,3521.74763186149
1445.0334492912,9173.67634549581
3468.35279819038,5696.59235214345
7750.97613880669,7759.17856611471
6992.66232022017,7377.36389829817
7593.33775034129,7697.88942049358
910.963793568194,3063.64678624529
6854.60191866272,8481.04463589906
1454.82597934278,4011.53523127044
8357.20464250922,6492.07672729965
8159.25848600377,7455.96806478349
1657.01839273623,8947.3148868051
2001.54388864525,4059.120757765
8489.31809826802,8247.5360184546
1610.83115541625,9333.94366337547
7450.87724118757,8059.28113890945
8059.10117343347,6336.10615321849
7220.55825087918,7661.50900249825
7784.45882894195,7940.28094780155
2053.26953187068,8888.26611466448
6891.39182656502,6277.46156350464
7135.61152945749,7685.68690860052
1220.13263786727,3742.99733190527
9616.81646902809,7465.18918828276
7958.96772526701,8533.32778617476
4057.54050112878,3579.47529152502
6691.31790424028,7236.00265406957
1332.72766776185,8616.38544063065
7491.02940116393,7315.52131350176
1789.88574551477,8402.65289398706
1783.37474157566,3665.75554451821
1021.21920978909,3516.00881550312
7436.41483808893,7948.13207787854
1751.82538273977,8986.30793548514
7684.09387604505,8257.82468227947
6940.39430761064,8059.17486115204
8011.78948578575,7370.6428949124
7594.71829750362,7606.02988791124
1693.00161703817,4280.24460043775
1494.59731652006,3649.64347167747
942.724881803886,3085.13377548379
1628.79088911352,8272.44105338218
1193.81472875822,9165.73668967159
1169.19343736297,8982.53090078703
7791.23822150988,6252.72203232734
1074.1119113728,8812.69395406469
8386.69657303407,7115.08094707872
843.980698657301,3516.04916968929
8013.43339357255,7554.7372070371
2484.49160551338,8864.63846568676
924.433348320148,3222.8727208888
7659.80188163199,7031.59418988448
7435.35627125994,7700.39224895441
7734.24930635506,6652.02789886944
8681.09732461355,5188.81985211948
1330.29125622885,3461.05158253296
7349.10006840695,7493.44412845743
5215.89962566084,6511.45042858088
7625.20317555366,8266.16604701623
7440.58543419667,7528.08430603876
2476.94858884974,3050.27670116874
7993.78514615633,8112.38739399579
6828.49459355351,7254.68069774528
3078.05839339532,9294.33704501554
3739.30007982654,4770.37852272199
6272.51574468219,8580.87209399694
8275.48584898295,8016.3834503821
955.309984156663,8299.53336344604
1429.44921065861,3799.80573311896
1610.7755520233,8947.57967197994
7488.29625900385,7666.15359803565
7559.76960278307,7437.19906620139
1415.40086256701,9336.48541110439
8263.21142213135,6875.8595194923
1060.19251892629,8605.22212662538
8234.59925730201,7707.44830192664
1887.53173652335,8987.06650189915
1615.71312808387,8590.41188352156
2100.01535939323,8790.1633515489
1364.78029926499,3639.45292257238
1642.15486474665,8884.40797478966
2407.6311852395,8706.96555174481
1274.03629371095,3379.0626817137
7566.46316439339,6310.9569347428
5488.08201842914,9008.08555225814
1298.82788828705,9082.64428890509
2007.72976781435,9047.76302179794
7288.61289931855,7615.77243111368
2408.63597694502,9253.60363842682
3273.93067438829,9171.6205790365
2583.84862013927,8899.65571863662
7619.1064788517,7901.13270847035
1344.75991301955,3535.48240125639
1468.07988328095,3720.28581524558
7880.87043645847,7176.70540340975
6504.94366716843,6781.69788180931
1056.56918372067,3437.01291511684
724.586836002002,9170.98208634729
7714.03607778848,7696.32161442233
8571.4151942143,6581.46132285909
5703.5183444918,8851.30636133125
1648.75187324751,9180.66920230748
755.142439363227,3235.43764264914
7026.48706990728,7387.2164509469
1675.64499725934,9281.4699552709
1084.13384534757,3487.02971035981
7677.96866502503,7849.7290330876
2521.13791192866,9137.16723649366
7528.06601595326,7508.04547339573
1920.54995397835,9036.62974178817
675.056365393265,3233.14545568859
1300.06606571165,6357.79542283065
1643.24638585764,4031.30086218616
7626.94033112623,7884.11678094067
7552.85796548601,7821.84430118451
7636.45907021037,7385.6995340579
7021.6306498621,8383.78724212233
1219.42822763918,3563.90237261238
1562.3039514223,8993.95125782694
7807.53188816925,8207.24166724066
7484.99934040655,8199.02515303277
1966.7140748755,8632.99576725619
1397.67190666168,9236.904227561
1247.27212330022,3646.2398383699
1065.19987424319,9238.62724824864
1726.12169455691,8378.49176111428
7769.56624540709,6972.54061549966
1722.34683718205,3846.60486506149
7593.30630044019,7308.41718613835
1849.36793011056,9180.10175000397
1447.9869899573,8673.06782434888
7706.4579774833,7881.1553803413
2157.90922541505,5954.20745048673
7274.06158018933,6943.59127287185
8246.24685964624,7963.82736970274
1813.44443208029,3831.00060450516
1609.00979639049,5326.80931649054
7087.85048957867,8081.04787999534
1483.4327123387,3714.32671156849
2141.53948302302,3821.04411044508
1325.71999684889,9204.80806322493
2524.76089768411,8764.57993520774
7423.4754520867,8017.01726721756
7637.94574371711,7007.5415295936
7988.46238437779,8137.5776431126
7300.63754554705,7111.11040776425
9069.4788276466,7999.46604937787
952.045471459127,9187.6909253555
2047.50566720668,3965.03141887128
991.931040920484,3049.35687037106
8057.50843174167,6957.52057046921
5583.02051273193,6602.64942671397
2068.43762322971,3793.50601963594
6017.65856943233,7458.62877033965
8129.06436228455,8098.51676745775
7732.81776645837,7935.23375000997
7336.39770351593,7339.0246462594
1744.40709508585,9069.36854793755
2416.53721365246,8388.14083198651
1021.8968853343,3211.7687452112
1376.32800025722,3766.76750189913
1704.91360616134,8966.9642059591
996.78392242962,3332.50474507021
1567.81128903158,3522.23991716927
1505.67467283942,3683.91563460924
1275.88736659882,8051.34128289071
1198.17815971299,3764.04645414423
9024.23918997091,7484.88538009348
6786.88799074203,7024.6782882645
3437.61723774194,9403.91251920256
7912.37862229983,8107.41199930317
7671.66149194568,7147.05938328472
1036.94015705898,9040.95675526606
1189.06137415478,3425.67016612975
7975.33885825629,8171.8560644775
1889.87445124316,9012.94499065771
7873.84404334932,7049.79389843365
1371.80436407972,3788.40123506684
1872.83473732655,3475.37555700355
8592.54940035156,7602.65257185345
7590.94423709237,4989.7621201569
4608.09284836603,8970.43033542404
7642.95048897007,7413.64624041418
959.299983770064,9106.90269511293
7856.306835607,7689.38455454786
1684.82052815216,9044.06266245948
1094.7398409879,3496.10922202227
1399.9257176722,3643.33134011529
2054.05388987853,4886.53517931554
7461.08389843743,7262.86961618521
5370.20908129711,8426.60106410452
1354.33667974692,3687.48982249635
1182.30087227361,3244.49865033748
6442.5886715628,7457.00373788537
1834.04840178092,9007.43084440614
7635.69836757114,6805.37498848539
932.83308211367,9153.34438701961
7951.13312810115,8030.4986431747
8595.06539620834,5195.16312877849
8133.17747119183,7802.59680326311
1487.55779857625,8579.04284590551
6980.14527715064,7589.07595621932
2123.69910760822,9385.99734385058
6845.47435876483,8160.20112888809
7515.6251797305,7673.31238319934
7174.04022858313,7029.72838146889
829.187879687469,3189.30592021271
8145.16817221005,6964.11655892121
1324.33345438854,3637.5247112411
2441.73934375538,8736.37330618124
7934.65727520562,7831.79864120594
2752.26724422319,8416.56167582985
8836.1365706503,7886.68692150784
1521.97394865229,9012.15746345332
7081.30925057142,8968.04272135911
1843.20901926437,3641.26355292453
6498.19902859404,7472.666617494
1747.99513275618,8282.3724337806
1742.52740945835,9051.77496534493
9269.95102674052,7667.50954335712
1961.70017723606,8725.22857837484
1237.39906429387,3759.91041762531
1150.6876143858,3439.88817096395
1405.16034583845,9110.95994901907
750.252532211279,3312.08509663713
7770.67070842803,8050.53216415848
6906.79388779341,8053.31384785412
7446.16559327462,7413.92854524913
8638.03337568727,7682.27237167131
1467.60787741807,8892.76945429826
7734.22420522913,6502.88229523304
1977.96688550803,8943.81394382889
8097.89259497968,7734.49687464704
1793.21694894988,3675.26720136457
1686.37210202471,7868.22250325432
7614.70082246932,7778.67159669695
1328.16591801248,3847.15403388983
7532.02926953598,8182.51009115855
6953.20140075194,7985.86303864673
1078.20556167964,3309.76895587972
1220.50016001058,3541.29305686692
7812.33574708335,8196.15749148677
1621.56164903001,9067.51161367059
1022.87761518911,3411.52174622416
7478.14676354425,6618.1367667434
7689.75192961172,7714.70762978976
2354.02292630314,8447.94697215416
1247.83714209062,3240.87462959296
1164.58482017835,8703.38125724859
2196.72976237436,8466.59795218569
7095.86276529117,7648.85983013896
2494.98277411426,8693.27758515759
1355.47584744562,3371.24968898638
7534.57691882676,7692.49979304482
8857.3815556533,8258.8769562883
1123.34821902036,3717.78579724124
1185.33958019044,3501.91315498386
3015.42883563228,8625.66812677123
1518.41936157658,3902.08528962099
2031.35602287068,8974.62531954297
7540.45690605884,5617.54004037594
7615.75049535269,7221.6931666799
1580.46323262955,8223.41318780502
1413.77132527062,3669.70487040201
7724.8438652038,8139.33472102822
8012.13999776413,8555.52837612284
7475.87635926436,6758.16289569065
8393.90335688609,6814.71091857172
1175.68228822168,3575.95333599484
3272.80519583333,8052.21798636832
1607.01440047686,8174.71024750267
8013.35692809218,7799.84346439609
7340.52292283624,8117.7915354668
1240.71321993326,9166.97410742039
7094.33348331159,7198.77275684946
1660.72435622179,4143.10143455648
6199.67192821895,3991.80310959455
7729.83774588108,8149.62510992827
1440.35134425474,3538.65927354465
7251.46505262821,8384.59906431394
1602.5338498806,8190.10478899217
6325.1120643098,7038.60783354971
7396.28647695357,8136.12596460989
3294.35914865046,5619.39383775595
1944.60029973765,4085.29739576624
1791.5191679284,9329.29491991638
1258.32881318741,3672.56514111467
6603.92381900338,8193.11202940123
7873.64685895797,5193.40261995105
1216.34624978526,3517.61627577718
1805.04447381255,8957.64053734852
1892.55803201374,9159.34220452801
1356.3935489516,9043.93354376179
7476.54949673552,7536.22262515408
2035.41830545495,8082.29428363608
7937.98521507828,6962.70883791236
7587.58738180963,7550.27263686724
1044.48018240656,8492.74561734223
7483.96439022131,7888.39568892081
1660.92425663498,3730.495444015
1520.73608426303,3740.14070239675
517.041962267224,3286.88702242733
8244.56557276539,7265.66609038975
1102.79654361853,3556.48778894302
7196.98457178681,7417.60846302295
7898.13252282993,7443.82180433843
762.342171786282,3521.12216768649
778.844443409526,3446.24948206227
7179.79949859145,7483.50878602722
5411.14345534948,8351.59582561547
1370.65125229816,8662.84223731924
461.820786837959,8332.61704846804
7696.36411675016,8278.52376361974
1392.91696191805,4420.79810041129
7775.16310188316,8423.4084189987
1337.45614045509,8873.75308161075
7536.1024204599,7149.09115278931
1918.88089770778,9276.05183446714
7756.10523234641,7385.25459065542
1054.02935618518,9041.14183162641
1708.43555290344,9174.92226172974
6216.44115521278,7353.30937653829
7259.61127534797,6839.93008903538
8917.70668367229,7671.39819780178
6499.47530459054,7246.57884593995
7001.65108874524,7478.26105583291
1702.45607440013,4612.52443521182
1536.76799476241,3163.6540594589
7977.58046080242,7987.47653813518
1978.16761151133,8849.4708076041
1725.75634967963,8841.00310614825
1360.15915182496,9086.9967425973
744.877560342791,3063.32677319693
7951.63949240653,6482.82792084117
8108.69058178543,7635.1400480938
1485.52272105751,8297.66676720938
1358.28443263217,4055.3569515146
910.929227301818,3144.39450937695
8370.83342308041,7330.46850688643
8109.07988098686,7269.8200472586
7262.23762154257,7267.54279097092
7726.96264200887,7232.95140316866
1297.98434004096,3364.16477179996
7832.46744247271,7953.14342721425
1675.98800489421,8267.96481569942
7474.98189449035,7810.61348717922
7390.64884826273,7738.08030273913
1328.07606177899,9367.87984341571
1109.14413288661,3346.72762705594
8219.76249620177,7246.78518208206
7411.36355483332,6063.99910963701
8235.35978040804,7158.56105589399
1245.87799603007,8917.00325331612
1049.09939078858,3266.89911517649
1262.21303137282,3764.81060199622
879.047820394464,3411.38785314501
6839.82720325094,8458.26515954972
1035.88805951485,9045.3230724289
2257.30894215995,9571.14530676719
6762.75276233743,7105.93926533162
1253.38109459666,8923.67858260361
1000.04024932269,3312.83258487809
7655.88948676968,7767.56106248001
1492.92691585109,3927.36231492329
1550.65193819386,3548.69514266648
6912.98085267717,7538.06957263534
736.883844491527,3251.81157696732
2253.34503821515,8337.75153126073
7691.76547278548,7501.32024829248
1385.27414252024,3457.91045468102
2077.60652227819,3584.379370421
2983.50415717277,8073.1763575503
836.489589573983,3219.46713671334
1587.38104477449,9074.53726191009
7155.92290400709,7365.35724954683
8377.63494378781,6492.71677305116
861.813140089306,3291.8754075056
1290.20804761202,8580.99123346428
4110.32973702763,3508.58620541133
8352.87856506198,6482.21036948612
8480.03783738943,7250.82470893856
1848.56959242264,9175.50583056385
7680.51491046912,6625.937109902
3268.03137041082,8854.38679256695
7826.64702378445,7909.02811092002
1692.26920007,8254.11130886138
1059.85284174761,3875.58277039563
7550.66276421368,7051.6030955816
7063.88484953209,7493.2486401894
6122.42038687426,7761.5176224112
1874.87761045877,9284.2813730574
982.929576562675,3455.03708994697
1436.48385492586,9125.31554390849
3216.98118491837,7114.72840909839
1990.07444813856,7881.85989931684
8391.42875495921,8201.48542628556
1872.86646576154,9210.59390049059
1630.16572534332,3662.59322901495
985.628821743845,9144.77344995272
1133.58926771876,3411.17594142617
1530.63620233094,8934.3389458411
1978.04743147671,9164.0279380422
3607.35824301052,6735.73177102236
7500.41397795137,8108.79555686994
1508.75876442097,8975.59347333892
1593.80636864499,9008.85880289967
812.203201543618,7472.41060950543
1447.16577196004,3617.6518694918
8615.35060047338,4628.79784296942
8378.41096953062,7946.35947300239
1697.82392428439,7881.86412831362
1891.92101121367,9532.57249576014
1851.13371931305,9032.81807492098
7860.42516700845,7571.769384027
8364.57867383398,5931.37075065387
7714.38471589452,8623.31224642888
1240.79152235843,8301.77060024076
6353.07622130429,7829.04848179126
1255.96086989491,3276.48432995702
7190.79403407112,6228.77171078791
7979.27601754812,8981.82955104988
1729.4075966993,9078.84309711881
1221.2741239276,3524.48998886875
7353.89038662085,7966.93812465129
1473.38453811504,9144.07515374526
1442.15494949657,9291.03247579578
1363.50131305251,8072.83602648321
1120.96697080792,8670.55011827647
665.277320456911,9025.90051770692
811.288274091219,9078.70077054359
7999.21362220362,8021.73653437727
8307.61052094137,7151.80336763033
1356.5176012767,3357.01722747145
1955.30650135479,8660.18480000485
6926.72363216977,7278.83841611632
1372.3638175863,8947.40267996961
1212.58599991764,3345.50515782968
1166.34125337755,3483.81252331653
2472.19526912385,8153.26956186422
8065.68189887316,7865.13233932654
7986.89992729077,7443.67717412953
1122.42881471923,9660.30345507891
7548.7275785306,7446.85289657806
7015.36899958236,8223.9957953219
786.697728676757,3310.36102241907
1652.32266798054,8021.31839853931
7430.14999515921,6619.48308303681
1253.8100263292,8985.37352835482
7347.29041664128,8038.15422633214
7307.3161892976,7152.75247113585
902.944289124511,3417.67684483589
6178.60299744159,6729.96370667966
1329.92014363982,3551.27602238335
6612.22163982768,8163.05972251628
7479.68776376471,7690.0873280118
1506.58639250106,7958.04462344521
7656.109244609,7927.58611793448
1786.45952724372,3632.14396491227
6722.84485340826,7271.98167294033
1210.62878004046,8964.08959900303
8913.33768446106,7630.14264762944
1214.45992649157,8368.84885140193
7660.27256305198,7596.67002841771
7811.82351556953,7512.03101280116
2717.18446121333,9352.90953498018
1558.2080567821,4600.89597759021
8469.08847805162,6216.94023311033
1798.2791178038,9104.13530817096
7175.31329562378,6672.43636597748
1402.05844681952,9058.28982609162
823.445165425906,3198.22094027052
8915.33645050232,7465.48007757327
1539.60821872233,9181.59906702687
2860.01390465035,3633.45946667927
7783.16782062177,7926.25876767937
9424.15915909799,7544.32443324679
1244.19979848542,7415.53717405169
6281.95014745323,7026.23086406524
1302.60282996937,8658.61759254923
1356.07944243689,3176.28923643341
1655.70835397519,9064.86805466566
7684.77180359458,7137.35846912277
1520.749331961,3328.64202151591
1448.11425810256,7835.69560690493
1413.8599459893,9165.36692322578
7771.15746714483,7693.5270534999
1442.09287905368,8936.47244765778
8786.0543266814,6294.10315807118
7655.88623109754,6896.33118125546
1369.29599274484,9069.90801307077
1378.69575930207,3655.59643750457
1451.70806573206,8845.4882926507
1060.06325297134,3354.12567226559
6682.79962441454,9273.0250887932
7571.20304649424,6901.70775776736
3400.8588948756,8209.63509804936
8729.06995438358,7321.38659092466
1996.22891737914,9024.3134748821
7322.43986385257,8087.47411257958
7823.5475864108,6263.10685499082
2151.89571188394,8301.96723929549
1220.51062657405,3225.5946144036
1845.35961530466,3913.80659777737
1163.04188247525,8769.15326024015
1166.53881385606,8383.3383399355
1765.56214239057,8976.67390548848
1416.01167840473,9291.56068184263
8150.62292158104,9446.34200504571
1435.53883850251,8306.93517735653
7852.49718109213,7405.96819044587
1964.59284288593,8772.14747586363
7372.03382513592,7063.75151510725
1648.88889430158,8785.48045662435
1279.70117705182,3255.16141783165
1045.7180465385,3301.81611702687
7911.84718142739,7571.62449459162
4469.83822178263,7888.94361154126
1123.63331289146,9220.47979617537
1215.64686381925,3521.19313203263
1898.3940997631,9072.84818706137
7929.13145246851,5409.04875041241
1491.63233380174,3794.31840657168
2525.2784268784,8711.67742075759
7276.91526710375,8240.14258031889
7122.85109698275,7713.88828838184
606.847977235951,8417.91375757482
1252.40452574788,9001.49180358281
2573.86195334157,8424.58462285951
7631.56194701501,7567.23013859049
1442.93436877489,8999.99737856284
7458.58195489326,7782.07539422031
1904.86738843981,7926.04972338024
8367.22845175069,7820.80903181788
3098.09523128781,4231.49210608283
2028.05243747289,8216.4904096036
1573.50785682244,3876.15326635262
7494.0451798647,8251.16754510169
1658.23809032215,9285.61897914182
3789.17307934124,8489.32900593839
8316.96908631907,6048.12577551983
8724.34647055312,6628.96231839489
7707.12683199167,7321.91816811756
1074.52534361008,8993.91412629452
1239.86270380504,9194.73582368207
3820.10526310396,8998.55833183582
1370.60527279597,8119.13875251619
1623.07910296986,3695.5033240603
7534.64993821525,8634.33746403869
6490.76584391037,7339.64067888348
6907.470047156,7774.77550494941
1125.82205661907,8579.92890096808
1083.91828494929,3583.05720969401
1501.95743014133,9161.64832683076
1327.65951197381,3686.62404891175
1598.39663723952,8947.69300153879
7630.7068105424,8056.81744955368
2058.88685801744,4082.23324095757
2383.87219838511,8368.72360584778
1189.10382219678,3503.3902506539
7749.52712833775,7547.2331109246
1986.23434286827,8289.28454326578
9097.72532368759,7702.71088971301
7415.46763190987,7696.71947565649
1183.66409321101,3583.81646028364
7910.90123663156,7210.89014588459
1822.46469949668,9156.70929501608
7713.67500955037,7695.48446442046
1188.40600364207,3659.15155223489
1616.64117020713,3586.06157209886
7217.31216571833,7192.29499562228
6781.34234725563,7584.8167299914
1943.60053284297,7284.16880974247
7661.64188529565,8341.24810150243
1100.45124699882,3842.90426667388
2280.17617136982,9192.90609600387
1428.63336082326,8437.88329569965
1130.10712206878,9261.45500852197
1998.50719034015,9219.82662595895
725.628597416283,8840.81542106926
1724.02181118305,3775.50406676298
1933.57664302718,8642.54696465128
852.3101129701,3445.75966544911
1332.00277871074,3331.34913645722
6948.56429123947,8095.03348512875
970.730210391312,8406.33131543243
2237.70924912094,8634.24405316819
7216.72983911361,8414.05709155504
1619.77509851756,3921.54662771395
2053.9021273946,3539.94643331664
1922.80688320065,9011.80264424497
1021.21481717815,3564.28904317035
1334.62071862107,8982.54712075612
1860.02412867209,3613.95166050355
5293.96444686891,7572.64729220273
7824.98820399214,7577.54530138381
7434.31068869046,8481.20490440014
1756.64690299475,8977.32305977616
7812.22857633463,7592.12591666572
1295.26636046563,3656.1208684612
1091.30574094217,9245.57107758048
5681.90490728303,7241.25489118098
7537.19890646337,7270.80912476338
4561.43217212327,3377.26404914008
1154.25862418047,5132.59925270917
6842.34940021225,5328.14487827332
8025.65684394929,6230.28385080621
1345.1480238529,9036.68241542133
1418.37817930695,7844.04947292567
7120.32015032004,7507.26656431265
8751.93420918474,7609.66373194778
7286.71028506724,7153.69506855127
6746.24065825663,7123.53898600988
1850.94750552904,8969.13198609754
7450.00779352116,7724.28931232992
7563.98128852155,7737.79135682389
1310.99559422086,8689.46802100471
6652.04022791389,7567.02503272362
1566.08148748101,8750.4545890166
7023.79457864366,7386.27920511649
8522.43983781929,7151.74842829242
2738.45130877832,7525.47811806408
1605.11834006199,3799.19951909839
6802.99939442931,8353.03784672543
7041.8148758071,7511.85913382533
1195.54843511991,3531.96870521904
1075.16667211613,3364.72600412802
7670.42970918073,8330.49419218723
9312.3848447994,8090.98794315876
6583.55634638034,8023.02377042467
1690.1988892863,8608.26399766999
2149.39360166765,9151.02948715264
749.909242296801,3083.45456531545
1155.50227369915,8998.84497776458
3249.9378862553,7101.54077674286
3381.43311085188,8691.8280713234
1526.43079568534,3431.3095178126
1557.36820065907,8778.36136670072
1383.67221051918,3559.40975217063
1697.93535687181,8405.26673271845
7745.31415745218,7585.06817330575
1402.81138386132,3342.28235924448
1573.70545791114,3379.3274726631
9256.85627435743,7695.25150790355
1481.8859323544,8609.45307760061
2048.56888383735,9156.25391377386
814.033449572079,3386.46777977593
1475.8189850706,8868.1416995306
1546.03411337232,8160.50349783555
7931.38201615699,7451.17324280154
1450.27040929771,8674.9074559296
1413.03925777785,3562.28920928992
1838.22760514282,9173.58078632514
7925.28394261492,8096.59870162201
1889.63095523757,8612.47278763906
1904.54980784519,9219.64235803535
7828.63338436183,8367.4814098909
7216.37975978206,7654.74364612361
1671.64966730183,3670.93918919559
774.216781938513,3131.60995621634
1312.13950999207,8962.72950012206
6527.1574387118,7194.64861556286
1837.83578911599,9023.16713109295
7869.10057399305,7782.11736497747
7131.46088470894,7360.77687532541
1243.78050236598,8918.62954937118
595.035919705481,3019.54211788459
6785.88931285223,7328.34560523497
8063.80760924107,7496.00537030171
8587.64399100393,7760.13352310381
6318.58204771772,7688.27819585963
1695.16923580664,9229.97383593594
7613.51585676378,8293.05639044078
1013.35141789305,3368.17076196776
8012.62227049845,8028.74689971806
1328.83550596753,3286.2739736128
1625.46797111486,8973.2667853438
1073.9169989507,9092.91326095319
2234.63412321101,3939.45875453571
6855.93127939155,7235.22877562881
1758.40118414764,3344.33001662772
8366.43226892567,9144.50334888009
8288.33856155453,6840.7508768413
1491.10576224991,8637.84881646793
7591.41628163614,7218.30640951718
8408.43695890638,8212.02167021608
7742.81180506398,7617.1751173645
1231.55019431773,9076.48472946156
1170.77381013543,3007.83909463091
817.760413542532,3427.06531372463
1987.87065012937,8693.34556581407
794.573222885014,3472.19893548306
8084.75558509745,7106.26210514503
7999.49001263205,8390.420357934
8709.39356559227,7786.68676553737
8277.91633248517,7493.81601726306
1266.5142104817,3423.68773561709
1036.59587825029,3250.51785198103
7674.64025063392,8029.90289858447
2532.29511042636,8864.11440823511
937.826627547006,8697.00018877584
7113.9423194928,8448.74693509177
6789.98500399504,7628.51872755526
1225.5340756865,3156.22040293185
1505.59024135384,3786.84315477187
1543.69693984603,8337.61069189335
7990.52063708143,8028.21971266057
7552.07303771334,7766.81797465806
1165.30810161027,8953.8533586203
1695.57932458465,8672.35409932937
1180.63243892036,8983.15816720607
7917.08304533275,7954.49806186425
8161.52997969612,7653.47037422711
1479.62196370581,3777.37419944599
7656.17011531491,8153.5825786562
6539.97727504602,7985.18141758222
1243.34988158982,3482.00074849
1726.79648492951,9143.22096981341
1249.43501509169,3707.3713304112
1559.3787055176,3697.4048430252
1514.36124030741,7776.61251228651
7046.59271032123,6291.8428428463
1989.33455764586,3683.97536057964
1754.26736911744,8691.65500356059
8519.3481720453,3911.09928768262
8918.33769296882,7962.12364729974
1980.2061934853,9249.40360223179
1527.95451706526,8726.35465979412
726.416333207073,3149.61490092072
1165.48570817129,8542.42760078966
1353.42438500546,8404.92978047903
1760.78954617173,4113.87587897336
1998.49053087923,9105.21515851954
1864.76856928577,9159.500175451
7303.44109650748,7815.95791214159
7077.59783093891,7029.13279067003
1789.6752147762,8905.27245042761
1312.99934991017,3736.55743132598
8746.47921435394,8184.09774334101
1547.54629115976,8959.1444389534
8528.84605920354,7787.87408497156
944.707220585353,8977.65492111554
1800.25335052134,3756.10476686814
1033.11159910813,9250.12208058584
1306.88025872249,3236.13447580534
9175.50450055448,7892.80207697639
1248.57834139444,9229.73465820236
7584.29198839736,7901.89860982925
2750.63004721452,9095.5261181492
1025.59370281375,9046.02778064094
1343.4213620262,3926.46706882712
1570.83634026466,9446.58767787311
8153.7835411422,6358.21967209861
1095.85449156435,3374.34631502696
1523.90616527913,3264.33635664226
8414.77810601213,7866.09829113049
1484.73608364551,3539.19535704367
1627.29780302526,8791.39545107151
2721.1000551631,8757.49873618025
1308.24149664804,3609.30453801379
3408.86383834795,9255.43234201632
767.437810756085,3304.88337735063
7410.19820404809,7620.03256316417
1806.44529292067,8150.35154427583
1482.74839237084,3889.90555915225
1237.08619794318,9067.00632319135
7070.63677390032,7436.40158403636
1003.85510163489,3762.50099548127
4353.11954865434,5925.7200837692
2064.56460779044,8389.761276538
1440.76550703524,9649.32032155422
1107.17382114284,2935.315623819
7900.80688089743,8099.95937745276
8057.29624419094,7232.14094870666
8512.84053459037,6438.24923660311
7050.92268233795,7099.92429921294
7317.19943175449,7547.01066946681
7303.2385158212,7946.50088911037
1720.36832701132,9263.63940335803
7528.4683915276,7349.75260032026
1439.03218169376,3829.37430344748
1751.52739055128,8993.83375717945
1466.87776358353,3650.29377522754
7640.45069764625,8045.89892891287
1162.4643781015,9175.41871844428
7008.57245080561,7674.63113931676
7769.69455557542,6169.92661428297
7392.6034014022,6726.36960559396
1789.33808952944,3873.32428063092
7474.02752404102,7705.90292044728
712.957196138716,3302.97436852303
1426.45268443039,9021.78381490185
1964.57095530974,9064.84751461446
2273.28508248092,8744.66390273697
6765.68602679524,6944.11149900653
1197.6995997246,3639.94789555635
1332.48039139151,3640.98226992759
2031.12114080179,8825.04291857078
7687.25920914603,8113.71761450416
1696.10043366756,3760.17746393272
1481.21185355171,8048.32528174886
1633.98703300394,8753.48856513596
8573.17994893233,6970.51843385961
1285.15841457251,3529.55819826528
892.081399571865,3265.90489020285
2736.66979710762,4599.63887301369
2113.61993722045,8249.99313146264
6091.42466488568,7776.11448225128
1826.27544279327,8984.1702258111
1237.78613473816,9016.06757222763
1424.28499668087,9153.25128157721
7824.30820868739,7876.47983358559
9009.2360435073,8425.87109422441
8153.07586462188,7421.77513420586
3897.42281834449,6874.370711401
7612.27814491148,7673.27163821262
1382.61175370268,9214.89783587068
1474.17885431625,8800.27377763757
6525.76592609341,7104.77184587543
7619.66249407696,7057.26273783547
1186.59805684502,3575.15031390116
1533.92782877622,8423.76243590404
7858.07052715185,7282.22512680785
2105.17604348323,3965.58955343909
7367.17664032429,7279.96735238122
8844.97768945017,6475.55946068338
970.930052932814,3157.73038754192
1046.78229232241,3385.15234355331
2225.93054196058,8869.01876618115
7436.95660120307,7902.36231645621
918.40771340053,3361.87878630769
1585.50531712067,8489.67379984224
1710.26959610096,7814.51587216668
946.074960590071,3088.31034970382
1958.96392015558,9184.99527860203
1818.13362225101,8990.36524584089
6666.40915977809,7021.50468506532
3303.3453273796,8180.27236017519
7911.09860731073,8158.07356348079
1193.81008927805,3329.68449597635
8238.62742252218,6845.40605422314
7026.89560621438,8355.05138302058
7300.80255490864,7915.9290329322
1435.92310352237,9225.3596891994
1969.17621785876,8776.79693579034
7461.05751939364,7667.89735597647
7384.91083515899,6589.10513760976
1434.93374129174,3647.84651692443
1315.63872591821,4718.67995785116
1317.47192838206,9369.95937538235
1282.51659114131,3508.55056923728
7816.25173541813,7634.92899801194
7339.49800469467,8215.49257865692
8217.68973561903,7203.32869976332
8547.8174522776,8034.59039091139
1198.25248055661,8658.54484315696
8221.79717884898,7301.78480394258
7131.22739939944,7912.21752640719
1060.43206444764,3404.9342016101
1331.40129959769,3651.55660057558
7523.2396399497,6981.03670463231
1469.20078752016,8524.45509098985
7071.10006535185,8494.60129215592
1513.54971269958,8647.8159893179
1264.72913854776,3675.63668100256
8172.0919005756,7840.17993817837
3468.00200851486,9059.03784659406
8263.23056800791,7883.19859033439
7210.53388114821,7576.06992268578
8352.94015804307,5049.0268151504
7194.26864649289,7747.56037761956
7411.42308062726,7420.27292733699
1014.13227402448,3514.7394116285
7608.39051713937,8320.78700872326
8037.74897546166,7916.69333286564
2563.03080411176,3751.71066394791
2013.81907899298,9314.90655029722
1341.62385228868,8651.66811846997
1212.02091836236,9236.10499949628
1004.30779196326,3083.73529228735
7575.36637121116,7669.47377114178
1321.87076928557,3779.26631618674
4360.69194266928,4035.06430050727
8082.64256639732,8029.36288214015
7644.81266683962,8117.22769684889
1535.25098177811,9040.29030719403
1352.06293778482,9414.49075974523
1475.86511592818,8774.09898316602
1261.361324804,7925.51068849172
1787.94300856048,8995.76007267413
1247.4130627441,3319.36250235189
2796.92893095373,8129.81020808588
1597.46427202833,8956.42040760627
1568.26225003613,3462.27089961061
7631.4932942748,7639.09564314384
7437.41810899916,7451.751844061
6947.13862709413,8078.89814260548
1424.38922692254,3628.81222347886
7585.89653761764,7275.44402325718
801.807222350136,3239.77991117635
7703.91757942389,6698.64529089322
8690.36990295258,7502.98954336441
1094.07556976411,3620.72588819441
2127.65991957398,9062.54148722441
7607.12501192932,7677.0639409846
1395.3542914221,7788.51427217243
2497.22258708497,8337.52710663189
1588.81382757832,9134.39100393975
6568.74237414951,6795.75786509757
934.086227581957,3410.24869666961
7245.26765695107,7040.55935016781
7720.350870828,6395.43809805027
7091.55750631571,8054.58506315999
7386.38390190205,7874.60733551418
3187.96727455333,9151.6332351806
1723.86502285395,8955.20386342645
5612.06000246565,9214.17710529775
1445.47066030283,9365.37937648125
1352.03707416765,3674.81773824581
7789.53854265626,8401.05486944008
5547.13419521557,7254.84020146762
7860.82277090265,7907.33082012596
1795.44929185325,8173.16786149795
6720.38255717246,7519.16477493646
981.741887578234,8984.78918392407
1507.10886509779,8921.60796435146
6206.62776244524,4016.03805730121
1494.27136929928,6447.22132926464
1567.15690519888,8999.64060832424
7091.32920071515,7657.34153902782
1245.62947982938,8781.41060966157
906.788290164464,9198.23397929723
7628.43307114785,8095.60618858102
911.062160900513,3336.97758747621
1915.18627876335,3608.8612827879
9357.38948311507,8153.59785499696
1467.25082912523,8976.85346305817
680.150413366502,2999.38266807299
2299.44369679833,8225.13236781504
1527.3913943267,3602.96843283408
1325.24067130695,9027.06393405581
7940.36953771181,7376.04989458384
7174.80977859803,7710.19858735381
7759.58861312873,8010.35908366237
1729.00819068949,3877.39812284643
7361.77506629346,8101.83626764993
7367.90186237019,6964.84384608298
1285.92028163713,9154.80919909553
1789.85820655904,4003.88338100978
1342.52939550845,8292.9346046477
2709.08532645749,8874.91607540325
8051.72757182668,6862.51949837242
7069.5688716021,7980.79479548423
7340.30628285351,8057.64923278969
1716.26659516889,8463.73441638408
2115.98354024762,8506.68601165036
1726.42674175177,3491.86925183368
1014.63054807975,3131.00755000446
1304.68802297656,9010.63616708972
3568.82940919057,3767.93977309379
6282.18820366286,7139.77487608415
3435.27647201602,8929.6927020391
6364.32444635725,7844.41009707382
7351.86607138281,8412.48006530378
1971.36370692362,8210.63585195836
1420.38805997563,7649.702221225
1367.70293589034,3634.83508764967
1988.75211236328,9064.02306742989
9056.1524849762,6010.54348016638
7654.81416598111,7207.96890119123
6676.24813909223,8356.53483474078
1130.19769035896,8710.78316332419
1618.25453287191,4192.24214779814
1527.4870043933,9246.2581986401
1511.94159616487,3348.16871707739
890.320642782566,3677.46500365094
1981.30887652493,8091.544624692
2083.030042964,3868.39525974679
1555.52451461659,3741.39415869189
929.938456912355,3306.19273601486
1310.94719679158,3706.67012662635
3059.03679361368,8591.97701216627
7375.84339445383,7331.65495609443
1836.6998479826,9473.19177649455
1118.42678606485,9159.68068965792
8290.1646698857,7888.62676347584
1814.50853653229,8897.67795920463
1555.75353138464,8888.43553697999
1620.51286271381,8289.45820651835
927.778146256368,9250.55116409498
1306.43818725671,3384.24228718509
1198.09093653668,9199.19917389984
1243.39007286986,9027.7741869698
821.824439621574,9040.94761314546
3568.68061556801,8862.76336542252
1288.36983871653,3530.6073305858
1559.20198444007,3633.65320414575
6866.27992046962,7239.29702597378
6644.38919775359,7565.41475187444
1251.07300479874,3694.60674100616
2382.83401983419,8512.5237833791
1592.00031918273,3487.1816701929
8470.08790405763,6354.92667046011
1762.74884134004,3602.65342796648
1303.41007420021,9109.96535427654
2425.14602060501,9035.00671208974
7682.07720743437,7255.35082349821
7687.32031169384,7249.3945562906
2450.97785448465,8339.83620798261
1405.48254213642,3170.32255757808
8995.07749162931,6866.34011140015
7287.17772369157,7681.23297788666
2190.53534387846,8211.28585446558
1477.751894581,3834.43609082186
854.757166554808,3451.87828296586
7506.02114541878,7900.30882327226
1468.82924121595,3766.33895563566
1054.70213917115,3581.07195514803
404.264968390827,3154.21751247155
7733.72326402154,7181.70208434916
7176.77979506147,6712.95302509938
8804.68631592878,7655.32363579998
7859.97113801725,7657.82567109085
1478.59174471757,3874.68775460009
1457.42755945702,8743.18594615323
8178.65795104326,7674.44001108624
1768.29228704572,9123.64777500746
6900.0325239215,8139.40457033777
1320.46896277171,8935.6675865364
2043.86007851095,3627.34582489789
7905.62007937637,7186.8349716908
1192.22833605923,3496.68375610113
7160.72057234348,7456.08547498834
1693.18172010269,3815.62529560494
1356.28844819915,3572.60364410459
7068.87500781954,7852.01294654968
6967.30805175167,6812.79272046081
1231.67535006704,9107.68801254625
3399.13234379278,3791.31875274415
7322.87788110836,7958.29665690118
7162.12489181084,7840.83195661404
7438.83515127092,7911.09779216494
1486.13025935792,3709.17879993996
8213.30572987517,7145.93338505532
1725.39848283682,8827.82939500829
1429.89738137105,9101.54120209973
8517.30077627357,7927.58916848764
2420.84818534199,8089.39057087025
1463.94961846425,8594.61117966579
1386.99369790394,3516.90330722088
6801.13793719824,7954.77819856129
5198.6545213106,7397.46074922814
1861.71544436855,8907.70110043153
6498.80322287964,8551.80105828955
7905.71229602964,8501.14848608571
8025.46093591568,7781.44293448302
1952.98065824934,9110.9304407225
1127.31656735713,3134.09168266215
8228.14534521284,7777.3987856414
7026.2302561829,7200.06778456253
1195.77610590707,3748.20203542897
2156.55524026394,9247.95082012474
8645.24544179409,7483.94461893649
1710.5377837662,8851.08393820402
8518.63300656572,6949.03070148524
1136.50766682415,8980.32111340971
1437.52016596213,8956.03558516387
1546.26665895528,3567.15395549031
1368.40593866904,9057.98312743555
1862.30449896986,9196.84001418577
1412.23581006949,9029.57675652682
1125.04326546591,3222.33255320119
7230.66227563393,6642.5365052129
6699.64565169606,6948.67739814985
1525.44252424995,9006.97970217479
1737.66488865825,9086.44809851662
7861.97604842823,7208.26635464651
6241.10532676412,8372.91166170118
809.973486752766,3414.51206848015
1832.42609427935,8488.60585996735
2100.9194829164,9318.9050122547
1597.4155254518,8330.7599128384
1049.62654419397,3214.62566014458
958.003877504625,3499.11327632369
2321.52375896672,8594.43181891442
2003.80113769799,9201.4452248556
7335.03605777629,7322.69961239551
7898.26017136749,7765.24043952657
6725.15251928275,7662.40314746569
1303.83368394458,3315.9632990498
1569.91019648902,3639.74106060864
1308.55496129706,8820.51756733116
8432.70201827272,7992.56474964014
6969.29914301773,7711.73419681838
1728.60938928462,8546.20101147386
1050.2514244653,3515.83603447251
3260.11495351712,3845.44872302636
7083.26315600244,7246.57556572968
2119.91578737562,9260.91300796303
1589.91197424261,7751.15449445038
1334.89968903918,9167.89138912441
6548.17268512875,8477.83422673583
8537.63391223515,7450.27618214732
8189.44657791094,7785.75592137302
1183.65266138088,3631.49760594077
1084.11001422672,3703.49456366967
7045.66105940015,6801.53523737946
1206.41956586913,3338.21387988485
2200.95352883048,5888.06506126896
8024.92026686118,7616.52520461044
7696.40678740551,5978.83001976041
972.530873534441,3382.08300125216
1301.78588621703,8958.61304107772
8034.49276147095,7813.30706497558
1289.14462438267,8898.99655807442
2224.42938244327,4698.51082927283
1598.61817921694,4123.26881766549
5272.67584084866,8014.87896805532
2033.06285894832,8462.13878529024
1383.74666618773,3606.21832452474
1836.20973235977,8837.55297427173
1811.54127544813,9140.95415220112
555.996205457554,8654.47141790439
1140.9905951194,3228.34617942678
716.763524298173,9109.84059685411
1303.23401143,3321.01889166762
673.743387805266,3533.77555090801
7552.41946422322,7494.05801982393
1171.48853179144,3646.97612160595
701.378132333448,3069.20690442571
7270.52600936945,7808.58006739887
5044.9133898187,8391.15455253874
1754.73544799181,9060.41613548457
1200.74400556981,8931.68170399709
3791.26739186378,7312.59624339425
1271.66315552707,8807.2000489747
968.305262260874,7253.73706631411
7712.91274095636,7840.40269216756
7381.14356911785,7208.37672005883
1497.93633316101,8545.04667209454
2917.24214028599,9078.56670812547
7342.45648141399,6596.29659026218
1386.29750480576,3629.60971476681
6646.34275503498,6829.41035777708
1003.34959690116,3654.17883163882
1125.26939504293,9113.58538014178
7264.88748561644,7809.66248031884
1861.61920456539,9206.42643158025
1761.96819437337,9199.74877635338
1889.70909794622,8684.62566767862
1269.09223565242,8570.74767673471
1548.51977969318,8621.7051496272
1428.05521036327,3795.17824393705
7339.08324342224,7891.97060974984
7141.87237244405,8006.12534194071
1216.23857019378,8999.61870820973
1122.9296651997,8905.0051705748
6965.92118698873,7357.30005852328
1704.39126269441,8790.4622476787
2117.43752570075,8875.31196910504
1720.35038091857,3858.6059910361
6976.82475146108,7627.46205702496
8528.7099861963,6121.90581454004
1459.71961479152,8633.52710150521
8967.04979620407,6444.39588557744
798.366207056633,3188.12870717583
1207.35349218641,8752.01793109112
1370.59130350665,8046.86087472261
896.953851204257,3362.81936947599
1538.34483813227,8886.72057364377
7328.45378440168,7111.26840806129
1287.12294126928,8197.98584820727
1305.41487090031,8404.11714571591
838.395191565517,3138.97333483535
1712.68090604775,9119.73345361705
1204.15244149277,3447.98979352844
6975.74388055138,7826.935992919
1388.76583335608,3287.75243560077
2412.08041487825,7525.51861415132
1655.18571514825,9066.45993696056
6231.7236602604,6969.45985650703
6739.19043175907,7479.2166039282
8137.11430686943,6924.58176281068
1481.66765835027,7976.91534997113
1532.89466937384,4520.56330860492
7372.98344454291,7679.68046521317
7663.92007722921,7636.07268470452
1949.27701064193,8806.8232607659
7450.09306530756,7743.35065824429
2671.09564934609,7631.39205349064
1973.79870904633,8762.12839318763
7155.54032737113,7490.8557797345
7968.2464446822,7322.74155411855
7691.32847994957,7549.99371687526
7803.78215690594,7956.06398872295
8021.53393838015,7850.85073072072
7011.23680494568,7393.63230594907
1066.11639946837,9244.2884600047
7346.13233797345,7266.86557054983
1217.34144093185,3704.9895199575
6102.24290410893,7884.94208861465
1111.16753471741,5472.43200145563
7541.22137136441,8353.12585537524
7068.65211553693,7366.26545145072
1211.31415768616,3859.78090874049
7268.89673232561,8062.37013336974
2336.80399387924,9664.45646403459
7208.04733974794,7011.7961265917
1534.10119520405,9100.71506925289
1223.86113772781,9214.63179548471
1569.96796690869,8828.07129388203
6469.82894925616,7200.94337645275
7496.96880012105,7261.83361318016
1545.87209898926,9150.43330229751
791.093627403385,3679.62827980319
7288.51269728295,7175.0227409156
909.177876933542,3506.37851363348
1498.01735396828,4285.67873517625
5178.6661134813,9756.77377146866
1398.24153927884,9078.47123064986
6271.52214088223,6971.09773604661
1104.38429107822,3579.04647854017
1567.21040074848,8957.83778092865
6487.74477209798,8174.29553293789
1117.72934548963,8609.77691650853
7538.63746475765,7830.23308229901
1012.36413240001,3317.96144568437
8390.05603972905,7244.17938065311
1775.68941322048,8356.30888788468
6415.57160321989,7396.37018191587
1244.79979408747,3388.12592385695
2293.92501888953,9511.66398641132
1292.93472053751,9195.44496322667
777.505730944783,9050.66365509151
2798.7725763818,3681.87235915344
1532.22452635944,8657.854795277
7329.50724996809,7192.84754290166
7510.31511526395,7719.97443494145
1415.52308998815,3981.41229056438
7601.93665319765,8110.02147837108
1769.83526142372,3709.76697811807
8509.04228328913,7500.34617220243
8115.80650196731,8473.35954590124
1466.19622384763,8373.47227531625
1370.7255494882,9163.78647241986
1474.23488638907,3643.09527527489
1954.43385380197,3606.56147144118
1329.92238909769,9238.04777591179
1701.8838323436,3757.41030411676
7567.69569440929,7070.76321627935
7335.96413515584,8267.56515166184
1302.12050420528,3562.62159735258
7868.46902903069,7335.11979216299
1203.9875911751,3493.1841394227
7876.74634570894,7490.9016574937
1539.68154373719,9171.33158273651
7197.87362413496,6251.77704023271
1358.7015744974,8998.89996897457
1269.11069196046,9101.62933757565
6858.61026726942,7456.77718082462
2028.88217296843,3680.25614527376
1585.88405643621,3768.23112742856
6123.44548306124,6111.51158168149
1704.85406130848,8517.36857940124
1405.93343994596,3514.03951492806
1307.21613477819,3345.64166222531
7290.79710998417,7339.95075798303
778.362833785604,9265.36670790915
745.998498064068,3195.1201949724
942.735447264456,3512.71894281109
1818.02544214935,8853.11111399466
952.502875796736,8826.69505667994
1479.16837772048,3625.56288248271
1237.341743567,3455.93637382194
1050.30659879715,8324.05115022719
1417.94237750694,3806.45101108062
2004.39340506255,9172.3650972126
1776.67896118946,8063.60960200854
1664.77124350197,8863.1573773947
6920.27927254443,7754.93800994867
1189.88369382664,3305.10823236324
2412.57457328054,8746.02010839666
1646.01118331873,3995.70235339771
7007.86130769872,7820.17705006395
1374.40786927498,3619.69542472226
1040.71354507859,3233.26433589679
8232.37411862498,6681.8507839305
1447.62828974139,3909.55094029795
7426.90788398228,7057.9091117106
7347.19940695329,7758.69470764018
1852.3823686641,8606.74837172108
1399.73441965914,3700.79861010895
7059.76951068351,5240.03531571985
7468.659110437,7754.75359069679
1097.49144571364,3330.70664867869
2435.6274312395,8486.88515006198
2077.7479175271,9072.23322693574
2221.5208727746,8671.53956237215
1038.64288716115,8958.2737476704
1389.82093134243,3642.64873512479
1329.89848128835,3499.53275650827
8283.93315670069,6785.11962779565
2517.55368095751,8431.21367049197
8350.8820791324,7518.58433067038
6828.07096770049,7901.81676164022
6904.54348958573,7294.96530194778
1299.82996814722,3156.53711289468
1794.15917411179,4097.18868876669
1481.47682106292,8825.94338986182
7149.45174672565,7548.46328290815
7218.41930689956,6509.80670807639
2143.58856866185,3443.58038148692
544.994951293843,3437.72095031434
7471.28502938155,7639.27945599456
1735.11207967283,9142.18109353247
1578.08294088071,8120.07543240185
1219.53000297374,4177.92403024104
3462.30062526146,8945.12214121836
1582.0512111633,3984.75949605271
1777.01920975865,5473.62370002817
1549.16217300215,3624.12799665966
1690.01015524546,9172.08539374151
833.737952041578,3143.07051350977
1411.31398031368,3648.98775751696
1326.20057816872,3438.22561623487
7659.4955434287,8166.33999057467
1421.28140473907,3093.50936606197
7796.95213949667,8365.0155783472
1514.62171262683,9067.75770858819
842.808506486544,3093.76776781026
2707.29642775152,8241.79495958445
8302.75525650461,7794.92273692804
798.267559666521,2971.0409844414
7208.27045162964,7728.72028018736
1949.36728262427,9243.37828325266
793.730619157545,8680.57856994191
1778.27694974656,7934.94488037151
643.72468402116,3184.18632634604
7933.19191277977,7629.06883604445
7681.20701252168,8508.76152185915
1708.58091327204,4087.57738898169
1574.30471236476,8893.09027413602
574.225095444534,3135.56364773789
1799.2787799105,9124.73981821323
2211.45274619664,9116.39276257394
1160.94040515497,8992.35275213313
1447.08325254002,9031.22297152484
1167.23523185817,8931.5728700598
1391.18757139104,9149.11723967762
7804.70365343907,7680.90092228146
1383.07700455635,3594.50520052401
7626.62380088051,8092.89163210649
1571.61088504167,8003.18456584488
7701.41727121277,8208.29614826891
1458.42137000207,4076.75180820447
1148.77959460514,9013.89236174919
7406.11983026767,7510.27934118084
1145.53461457691,8008.5594244155
2848.74785632076,3848.49791445874
7384.90228993536,7903.10724641939
1918.71369795203,9018.59172532558
8006.20670975969,3672.6912392975
2392.55367844893,8724.57150261111
644.433870657926,3368.05180687017
877.910767892044,3174.72913671314
6568.20266038506,8257.98548501102
7063.6548747816,6089.36913887939
1678.84972515012,9318.72174929145
778.369607129964,3348.760585715
1601.02555831325,8917.41538448184
8493.56823822203,7508.41078788113
7323.31833567718,7941.67714996936
1022.94271300399,3150.38324567992
1524.92139943507,9088.07875270693
1782.56814069359,9260.88639617691
7010.97676418351,7821.65887167374
1789.58834375729,9272.63984949566
7510.38836228416,7866.22055784846
6231.75844673989,6674.7416281151
3987.91059897783,5262.02544156428
1793.14429922429,8345.4612188443
1996.35191333192,9127.76966490937
7927.15379001901,7096.01484269472
1786.25222978741,9055.47965337675
1561.86585281397,3537.05145900832
1182.67429665541,8762.09403979626
1843.26061721342,9126.29666054924
7399.47129111106,7838.95606081674
6945.95241050904,7350.39271923009
1858.90118014751,4151.97288927016
8337.26209521886,7549.57626575688
8269.68422824545,7395.49595391549
1206.26252501264,8782.61822112836
6569.49817639209,7070.80418860468
1214.0481845804,3627.02918556961
990.718849108376,3252.01824250026
1452.95916272578,9102.24167857088
1121.21986092183,3722.44764531862
640.501347366275,2913.76686583737
7741.5404707615,7504.15891210485
8135.84008004193,6807.87494278887
7028.29979658212,7490.42235974355
6506.96412140182,7800.28176615236
1598.08716304656,8431.60845695242
665.385409446483,3457.74366665609
7039.98213609842,7654.78590709448
1489.58315541976,3532.19336892829
1705.67341295135,9071.93047355108
1767.4570145214,9377.70624483682
1134.25350037473,3768.85662286556
8521.1567549527,7929.79065424007
7807.36172881424,8178.33999087652
2220.64274509969,5851.42676316765
7580.13049746035,7340.59274667612
1409.44489853126,3384.61655463301
1329.18754784036,3660.53921374343
2703.34530777995,8111.43698488042
7392.34009220395,8160.73246157825
6604.59837518932,7725.79591048333
1663.27369280698,3607.38139252318
7418.88804189421,8285.03065379085
6981.60438141639,7568.13914163126
788.426216474587,3193.72993240476
8823.3002728605,7383.41943774546
7004.53070386408,6642.64344858524
6953.76324638477,7379.8047275186
1406.45932980599,3640.83079021084
974.648171254729,3271.46771415355
2098.34353638973,3600.71031378518
1199.83162700004,9161.43592072745
7431.04277517655,7746.74358943938
8454.230142533,7592.6355750873
7501.57975561161,7639.31675075477
1113.10460461021,9338.28422742204
7604.0735936123,7331.33493600796
1488.78269746353,3729.66808085427
1117.13814224108,8398.56516393279
6676.76180973331,6989.09055711713
1685.69507639039,8607.2402970062
7816.26953523266,7835.82717748906
7229.35885562435,7192.93140526191
843.521157359003,3151.99553011414
1798.40487662598,8283.6672233802
1257.251524231,3705.27559010398
1028.68694585201,9185.51003691446
1321.35061887748,9083.77795778521
1468.13451405743,4008.84163336826
8794.22525534915,7294.38094294457
6950.20978183109,7240.40008266304
1174.55651057807,9022.90919550175
1185.22162762953,4244.47914372942
1555.69722638222,7979.72297120067
2006.38115029887,4039.14424709916
1548.90478952143,8675.68490614689
1895.2399719925,9027.27903764364
2173.38268893433,8199.78138662092
6520.87246016008,8660.19548881326
1541.02263878802,8637.23823091383
4989.06944147025,5868.76627961338
1765.63981731291,9134.93346134613
7411.6205412895,7870.20376953522
7836.0864834835,8131.5556410976
1718.73513143741,8526.36355592714
8782.83883216612,7367.75469305014
1699.65605639768,8503.65463815299
781.911254462799,3282.73385971379
7778.66284961997,6744.83672320133
1232.28148427823,9112.22274758261
1357.45086510577,3266.31338358299
1194.18983370754,3280.07297959066
1711.06560044363,8859.46554859431
8213.65424564404,7757.28584609953
1855.27028830113,8974.30414438354
6675.91945605804,7789.66016296585
7583.02665789139,7822.99409961995
7706.85702984919,7755.99839729878
7380.21877807215,7134.59138090077
1426.56219350697,3712.13442749475
8529.60382008022,7491.00444692945
5697.04152078093,7112.77237167383
1542.00573107938,8187.56623269641
1536.28975493882,3645.4724351543
7811.12252133535,7729.62811722072
2724.01752470261,3673.48095674546
1759.29639483136,9515.76989242088
8242.97882378678,7299.39411815648
9081.78325845293,7624.23394901718
7865.97813658796,8059.86873583655
7412.22781126383,7754.18469707262
972.540018832237,8599.97553565777
911.954700885836,8944.75564053746
1887.18804507836,9366.54466611564
7407.08369562194,7764.93912225384
1636.79233096543,8909.13176980396
942.431395614076,3366.5769444612
7577.24719436196,7048.44308686158
3252.64736233369,7622.12568728035
2323.91773319382,9095.57139319415
6830.0853092034,6578.24027621979
6775.80847184963,7407.54615083646
1504.99488601533,3867.04871366993
8332.57038712676,7945.61985835347
8066.04031632845,7620.83153871471
7817.62984829566,7295.54265178573
7942.23218391718,7794.39074137539
1877.00696767275,8118.93956880219
1540.4332228764,3824.73294606332
7224.96040908812,8034.02474253684
1669.15607832644,4811.25489544527
1018.42465413018,9006.39306835169
6988.80556839966,7690.71602748267
6521.32951320574,7726.28477919367
1029.01938885201,3337.49662853518
1707.97980380813,8641.21923062823
1302.86589835461,9055.82079167358
2184.4436478225,8268.36316801154
7668.77209652765,8137.27330832193
7871.68264639051,5909.30416234794
1159.21424633425,3409.7795138767
7076.19366484664,7286.8528569205
7594.71124489382,7363.09463732765
1589.24715076745,3502.38327595668
7580.07505266589,7879.00672691462
710.798993231959,3236.36141252318
8318.28945454068,8105.08758714201
6964.48172411995,7461.0543641044
1748.13917250289,7851.61448897226
1093.65369212182,9389.09255091536
1812.0625546255,3544.04432808045
1235.30391271747,7878.93883427604
7364.05418318439,7027.89489679005
7665.46591262861,8142.43689054529
833.334839503316,2825.37875950309
1506.82733807083,3705.76646446559
1208.89556863618,8952.74753245128
943.654108632993,3277.81686804937
2293.34012024122,7816.59550199517
7309.39721891362,7645.73228743696
1037.65475626144,9056.49069813755
1586.69654961068,9029.65922252561
1405.19679828916,8708.04839036672
1152.71686670218,8939.36924096965
8055.71309792471,8308.64400603596
8084.78988670423,7516.34169481744
8681.43149667038,7619.74484596559
1694.98721926622,9219.21292500851
1025.76489014071,8953.1156864693
1847.28323891362,8924.43666745978
1164.66209583731,9101.32224612286
1219.75373010319,8687.77288935976
7482.70295864113,7833.34050672412
1485.40570029964,8508.72416279083
7172.05407063767,7644.61271098379
7831.04424948933,7757.18234459804
755.022257255472,2972.81883049637
2210.62706503218,3780.01705943263
6247.58380185039,7495.87199915496
1286.81815430333,8909.98088126298
7352.58074427958,7796.35406553566
1953.61710166935,8945.60032329735
8092.45909961344,5905.22767618848
2051.06467455893,8834.13624328316
1555.84507993641,9993.8223849122
7292.48310351385,7666.18897600267
7842.35949757605,7689.02436305907
1469.81023621812,9005.34766380973
1129.97366256885,3355.42650864848
1386.1220812413,9187.29042255449
6677.60777213578,7832.06999332271
1237.13143731136,3601.19697847841
7564.98251057743,7729.35482919299
7321.02359411268,6937.48040511576
1259.00359002189,3316.63973636672
936.427475878847,3246.9150244435
6830.92123560002,7541.26838276222
1574.04475294297,8008.53929181204
1803.11740470176,8881.27137021555
1268.86327618425,9188.41801004938
7907.03968410025,7599.04728431075
6516.36279266222,5467.67021016714
1950.90265664698,8496.57522126227
1964.91320204698,8968.56301214685
2150.52129355319,8606.79208074698
1551.93865805384,9028.94332469579
8378.74566775867,7975.99053057664
1674.6558729512,9215.63681787239
7049.24021394553,7373.31217930231
1000.66987914605,3397.96935330314
1619.19995679197,9080.43598859126
1749.36529659151,3537.13399990235
1344.83601956549,3982.23260756968
7010.00079376732,7232.30323157189
1121.14270441841,3580.65352679103
1700.33413636455,3800.41125418982
1761.52044440447,8886.62645325898
2102.28660560916,3360.28134824539
1175.01721993219,8682.70101417586
1022.32607083873,8806.26603418068
8125.96958821357,7632.99093400532
1069.14892937931,8207.09149386423
1330.10433186595,3850.00478268631
1529.70034675136,8140.86455316338
1386.57964450236,3663.14365801324
1880.03331525741,4163.60859906008
8853.66247398336,4915.19137567042
881.255948861091,3334.32755975134
7621.78527172831,7354.49666135762
1424.08580783111,3793.14707516339
7309.40411474586,7404.47549519324
1273.91178643187,8841.03462654553
5887.81241979892,6078.96752155913
2582.54828501689,8897.91005118433
1558.71629290257,3766.81426834014
7673.30321138403,7587.25023068024
7805.83483256209,7088.8470729846
1336.91990854013,3446.39053862628
1725.8580330235,4064.55396043972
7073.11887391009,7933.05760818893
1110.11487988704,3557.59356321146
2261.94204825561,7437.4344275607
1471.90055531553,3723.06251499711
6577.14745367415,8234.71798969712
6976.72139534705,8190.96190063812
7400.51830731638,7847.54661558343
2577.88913338311,8109.47806680119
8037.59673444498,7334.68222446128
1128.10954806961,3595.23034844208
1569.55479658374,9437.92632686446
1146.27077347994,8037.25655684029
7170.09597177203,6501.0728445771
7177.18996988123,7241.55571943008
1571.62119758729,4594.35822952835
1673.94428974316,8846.24151474804
7752.53821455339,6434.58480515719
7851.16606313375,6188.39185236276
1038.9745721283,3542.86947527796
7331.45425381349,7234.90430564727
1136.59125710376,7997.98798931871
1675.71894802262,8382.464898829
8942.18283858229,8190.88320732649
6974.89602806257,7757.96590197801
7898.23257650844,7278.17722765115
7400.85607592049,8157.52682731518
6802.14865915821,7841.8483868922
1644.17646924663,8624.91912123238
7780.25468536302,7307.01386818802
7758.51356890658,8466.12994849631
7956.01775805755,6649.80157509253
3875.89261177199,8983.76551901533
1790.34544282832,8921.0289811878
1618.46348819129,9046.62053868564
1990.83123794869,8964.81276969732
1059.8845102109,3207.44260595356
8196.9763439084,6987.23316722578
7345.04351328196,7879.00584298366
1785.02556390535,3666.67033363586
1722.92575278697,5233.63431518139
3525.64227912706,8372.76327850694
1867.79312045877,4221.16173719264
964.806003627658,8658.34762454688
8039.16761858543,7566.97034143563
7230.94382917796,7851.34505203046
8062.88299061936,7799.86393929308
7899.5495204295,7614.22289639583
7864.57161802721,6849.89743914893
7690.45149175702,9238.52714340426
1327.61566212,7850.67428440328
986.743354299866,8826.73770611913
1726.72271314744,3743.01171600867
1099.39662981392,3585.84837315428
1568.44278660308,9357.67971934191
1863.39642637044,8292.88309893925
8127.64404840301,6875.39815896643
1944.92580507441,8994.34063292323
7261.00633647409,7608.14453072838
6246.83866124517,7061.16321756426
1088.40199529371,3252.79174832397
1353.22176749197,3609.18298387016
2313.27628454839,4080.31362357327
2004.44015666212,8400.32143581797
3327.42123112799,8857.36667466462
7056.12942896454,7963.33113077356
822.621095134889,9039.14342907689
1548.80672928208,9058.65806702669
2035.20043351639,8477.30273343306
7350.74444846071,8343.12382167339
1378.77167281586,8903.27882650102
8291.39888046563,6397.10175627685
1053.45610709343,8928.20245450475
1664.35992340109,8847.01193703366
2471.37180049671,7364.61369463381
1931.36693565782,9100.34075032573
1883.35381618387,9027.96234977974
1800.95633533257,3989.72749517078
6312.48264508018,7434.82465256221
854.702277861602,8660.84743649489
1295.52404053695,9005.69251360847
719.517324184764,3145.87463407661
1500.98817804215,9096.18509282642
8661.17562926249,6819.87034893722
870.995744567832,3114.80442753469
1666.86487303907,9395.59060613423
2055.09890300919,9164.42634139177
7812.89320558795,7224.43424489999
997.816762388574,8938.69213106563
2006.0430266706,9012.02363600949
7119.81067152361,7941.33005984811
1315.67555852149,3185.8947712565
7604.91003991327,8022.81833428208
3839.65379013613,3898.25872895365
2072.10732801772,8907.06157534431
1966.32640245896,9073.58636981127
1517.7027149267,7693.6763226346
1089.26550873606,3521.24101394492
1860.94710654988,8718.66628942824
7549.36125569692,7995.70860514085
1549.29424059747,8999.61042862516
6885.14782325062,7240.8852574966
7500.13419713607,8101.53661643598
959.621903639205,3137.87785099286
1841.38214773791,9137.36153865686
1523.53951343895,7761.76161639558
9989.08363651295,7863.32603943731
1530.57116348867,3415.07674030233
8801.16055635447,7816.30331705669
7018.93116622957,4965.26329833152
2336.78933878404,8674.91395207709
1545.29463620352,3249.63809669513
1525.95839313134,9518.80681724871
7539.323167898,8002.02033004101
7470.90162155635,7087.8117953932
1169.6777245293,9006.09999308774
7723.87712180019,7947.70406596557
6858.01208505559,7347.29831401598
1356.66656337508,9241.27115354341
8270.38415699375,8437.2136183498
7943.93661606608,5399.39096766007
7722.39552232713,7467.51166482997
790.210113800339,2957.57302966319
7174.07825927715,7585.82473862861
1498.60780894292,3387.25614253395
7075.14994424881,7784.33815393608
3532.69967513855,8982.12012467179
1488.42872367201,4157.54679628705
819.823551467658,2668.83293250388
1572.82976003683,9152.52956221434
2607.65181868581,8180.82286613254
960.65933306903,8998.64951993022
1739.92590770486,9179.99358735361
1491.81383575352,3841.48689543224
1605.37898546019,8295.22009039604
1312.08977150379,3964.57426656826
7888.40813913811,7734.87629118864
1081.57787042478,9155.9847464096
6977.24982562957,7505.84899447533
1746.50770036069,9163.85988324079
1632.68296008879,8852.66500947573
1324.50583916772,9281.62102609178
7827.84031325886,7614.95981357359
8004.37392288186,7299.18115388014
1500.03669218273,3897.59596573495
1152.66323242564,3433.1597169783
1668.37090148645,7998.36025786526
1679.55318403388,7437.58205989902
7788.99318458139,8447.89119096068
8424.97556711995,5923.98131021808
1324.54977120761,8944.34365228427
1440.48894825989,7998.69883943279
7939.66807868473,7729.55160042392
1876.14300706547,7653.28269665383
1226.3739026604,9202.47086439449
440.831473141788,2983.49149168761
7519.81868681282,7515.15300771991
1178.4522764469,9136.34138083884
1424.54133640462,8712.00137883115
7879.26558641664,6866.86332908817
1267.36009567029,3602.19729843298
7243.5679110354,8363.76003773103
8125.87755365843,7451.3133340368
1306.13530508544,3851.68628576797
969.549122895759,3423.32060185011
1794.4575321159,3680.20684590206
7967.38382828514,7296.4192816713
1382.32906509498,9415.92260453342
787.939222542937,8291.12370600944
7635.93926084095,7121.93973106187
6707.09286732975,7463.69517433568
7594.73134038691,8092.21148723426
8023.19593594615,7391.29403247891
1189.02392956827,3426.40581185043
1311.88362720461,3443.23399536152
6903.99475540063,7273.98387525403
7269.94192819274,7142.31250159703
8228.54378441268,5147.37164088569
1340.93910778814,3786.33881347708
1580.83011623309,3771.61742364425
1314.73226425558,8265.10518683278
1704.307958235,3932.22033550854
1339.02801559027,3713.8660344743
7476.83011540095,7467.24040454888
999.495831582875,3180.38487442604
1863.51009445906,8932.7714957767
7027.45755954412,7308.31576549356
1386.73519674148,9023.06452473286
1291.42594912621,9216.19652545792
6420.81401195051,7868.83063063367
1593.78066868902,3627.95902617195
7632.64238981787,8002.63827420441
8054.51340133445,5452.74748632971
2340.01193964016,9157.33907842134
9483.14450020859,7990.3544949384
6580.40899422723,7021.55760289022
7725.42706404845,8027.80273560063
7457.35791611094,7385.36419887536
4042.90217665869,8839.98566160719
1474.10578491115,9226.221623265
1691.3130057148,3717.48987897345
7442.05919648314,7884.87962045712
1936.3065908671,9293.18977317647
1152.53455251599,8769.26534249636
3057.06185859799,3592.06213332406
909.458292676383,8526.04797195622
1363.47794938741,9340.26508805149
1499.26145690448,3894.07544244488
1807.79596920802,9028.36088963019
8033.91158981528,7087.46041592039
1253.41883258558,3194.44209726642
6375.13126662091,7720.69584514874
7150.99925071168,7605.03831537492
2041.85688461015,7020.10701836379
1034.16010650059,3421.31438426222
7866.85050149836,7615.26102408166
7888.49941430842,7005.82000696037
1280.06586574626,8848.57106555168
2843.18488906921,8258.95848918171
7746.44526861303,6926.18898296884
1602.78851887394,8398.86723243485
1350.42126508242,3917.49841777652
1668.73969440107,4026.210462742
8037.21332787238,7503.22057031085
6796.51811059572,5799.85214199035
1355.38434134243,3883.99611232608
1562.60735609639,3718.83042048741
1562.04252330754,8604.88346207184
1978.64455574776,9579.17587578035
1782.42495456253,8814.09556946855
1241.56803980944,3581.36934755301
2233.09983816819,9164.77154440576
9062.74531440494,7546.08845826799
1157.77419118061,8865.95388168655
1813.78500463826,3497.43381597919
1766.13336522412,8790.7372831987
1783.20065202326,8946.87080888232
1570.74200513737,9147.34280505453
1625.84939121911,8935.7605876062
7645.88589092904,7194.03777837995
6872.28834370046,7317.60508136766
1242.86572288906,9007.84926519573
1187.79120992535,9035.75071182265
2197.95045370347,8881.29778422647
1749.66519892762,3841.80544444981
1011.25480348275,3506.0919245767
1136.31342937897,8997.50028255588
1143.77463875149,8621.13612659125
1757.02817058165,9075.18631375887
8817.54146494293,7665.14988616301
2037.00569444563,7848.48649006699
7989.34235705091,6765.09900566513
7752.00678536147,7723.00254368597
1370.82430218244,3671.1270543645
6744.67943509017,6704.93260120159
7714.06528158416,7679.39962567082
7535.35842354077,6667.27889037744
2569.69699711721,9298.83983875236
1025.22880023345,3323.17985123243
1263.97556991736,3348.73709942225
7032.03627077778,7318.47084091451
7770.99025315595,7735.85316026739
6731.02343389283,8077.71839436955
7477.55107122726,8505.47492032116
7623.71049080836,7035.55473566671
2009.70214979816,8272.28237556725
1654.30965257125,8686.85358299929
1138.12487369708,3671.87640327191
1176.2962396459,8991.54887381439
874.256051094471,3141.23917517168
874.719880821194,9139.97229457494
1047.70261395677,8906.60885402955
1249.34667861728,9354.65264741267
774.880808608891,8937.34240007724
1403.77847896693,9048.82009048428
719.438597667922,8806.40829947015
6423.31222725323,7245.7624502664
1726.55672190556,8226.02631062611
9218.79506688569,7655.24861289897
7400.12441023761,7708.03632349302
2307.10690472623,8361.60826187103
4415.6947950578,4035.07911100536
2265.05022616363,3519.50812416354
1441.17072855947,8464.27623552112
1526.97623578758,8193.89880596288
1500.70005633225,9367.44287149281
7189.75072344537,7486.21832560816
8130.57212645677,8148.40497651061
969.279378603869,3309.86274597136
1976.11483748911,8557.57258007277
6840.82498876622,7286.72188635795
7095.60986640716,7108.80902696317
1538.71586161088,9078.47853438217
7247.63094971078,6812.17862074866
1134.40254960607,3264.42087942876
1795.42439578077,7802.31278350019
6907.33949505715,8074.83739133874
8110.96266903779,7580.58753325474
1182.53279016362,3552.80021583164
3885.53201177434,8217.4073489319
5493.8909610658,7531.92146019583
1524.89287402386,8995.03239570714
1046.213411023,3858.41490783927
2469.78586001044,8401.49676766439
1699.12616715467,3994.67298762601
5740.56777172076,6003.41173088935
2548.26848523712,8665.45285797648
7358.83656977676,5747.78029955583
8160.9470978584,7442.47193491366
930.438757544754,3697.78054243313
7511.3051894216,7447.59853243551
6969.15945123116,6504.58553262664
8808.10079250126,7626.58328835524
1102.42533715894,3574.51280013794
7135.45434000693,7823.14711391082
1465.52415623853,3831.83504093933
7927.47970690924,8366.96680585915
8134.77829707271,6837.84015454223
1838.74044471262,3583.28628330159
1638.00721380926,9213.201655837
6901.67922586581,7114.57191081905
1801.49214681741,9283.6458642255
1491.21389789093,7412.8315050242
8143.17399446283,5999.81731631181
7437.61594375005,7011.25671539257
7067.91410898862,7209.38460141603
6512.24554435747,8249.41209305578
1091.1276638646,3398.77180581725
1550.4411726894,8008.63321395057
1590.03383160628,8480.53450735307
875.706784168743,8260.70577000844
1353.79661104122,3061.92782223629
1707.30690152411,3795.56825817686
7430.48019146739,8349.42559250416
7264.72654055383,7343.58648252437
2618.06378066343,8924.2885234584
1750.10653314857,3783.91485498869
1189.20452398233,9015.38264466306
7435.51675367002,6321.4062050681
6811.44466401835,7774.15185828691
1615.27035768428,4733.39601113745
7327.25694965447,8305.07387999341
7570.37731242435,8381.03379893133
6640.0885022657,7582.88923314895
1296.37916647709,8322.04973978661
1259.72903335729,8846.10523664327
9102.92770779468,7177.8107436547
1765.54408964615,3772.21259570218
7309.28024162815,7263.33377644803
6702.58506251383,7830.16395456126
1116.05569364667,8852.42827388193
1676.59837330346,9182.52214471386
7499.99447583024,6679.26040340723
7753.76372304093,7890.91477350481
924.90256173491,3078.54699579553
1672.60666890443,3756.79120303559
4552.33057005155,3960.83474659514
8443.05869695985,7899.1759265806
6740.34220119718,7178.41837953734
2066.86281563557,9058.74058539365
7849.50380547066,7451.0004472747
1846.98785863414,8003.16478187253
8248.66129801944,7465.38993404944
2670.56134646468,5814.47613297195
1516.04559904381,3532.55937097931
1166.25417175337,8955.88330309579
7639.37595517733,7961.5019345742
1816.98529332905,9168.53592085177
7483.48536678719,7852.89167670638
1307.33618270789,3609.70577739044
1481.34371972137,9149.5256032059
6451.24795080701,6621.22419256326
1503.62389211844,8745.17923221701
1269.99965902438,3878.03357102231
1478.29796218166,8882.15841322142
2118.17642447674,8875.26305638836
7078.25729770688,7386.50302723097
7753.86743828631,7916.90212518664
7394.01102955666,7927.27490531727
1229.02642459318,9174.16208924746
6991.22711246708,7346.54778015187
1093.7184646315,4081.23073065818
1603.4698062731,8757.41361095191
2799.74173441965,8792.19413837928
1162.6568518127,3342.13263545419
1983.18184662787,8241.31334102534
1947.83931417895,9103.82114992711
7487.67739618763,7197.77250329811
1211.80981608934,3458.10333035685
2365.77572419379,9219.60373725567
5796.47204214811,7759.41408962535
1439.98816045597,9071.38984979417
8044.2538223455,7366.81551226492
8263.67972940895,7615.80354569543
7214.19095773267,8498.08087222262
1747.93834497178,8185.1866152894
3111.54899460462,7921.53039919615
2161.4579282888,6786.39261455141
916.387442137321,9022.53984262133
2297.86247836196,8280.73973404802
7937.77590094753,6179.23488560206
983.523613965812,3296.67589312429
1231.56668010711,8977.12099869713
8655.23110064059,6782.14151072255
2041.98996950123,8868.10542208021
8352.78890429689,7241.60537175385
1754.84445163379,8900.63107840042
7621.62788414761,7169.66688109839
7922.61704202174,7705.58386158501
1303.8714779338,8741.93337989053
925.717448782216,3050.12826646846
1385.30771422845,9066.14483921784
1448.51880544658,8693.39662868707
1181.61988112694,9192.44706197355
1048.66017279028,3456.59732843968
7459.52969664697,7670.42539767784
7478.47654510908,7312.80578795784
2039.58550713186,9488.66033522882
8638.96183481932,7224.79696846857
1060.88199272464,3203.49509477726
9033.6366373938,7493.89569299791
907.505332044149,3237.61542415544
7650.89192056212,7533.27054950313
7577.61560389885,8041.35285706943
8279.30310464138,8315.501326712
7462.22869638594,7528.38622288458
1473.32222278893,3471.13395350803
633.443445003925,3398.25153196302
1643.53395048463,8392.54846257806
4659.57332315813,8657.59100589871
1391.93766009791,8252.46241668414
1334.110036791,3633.47925584173
6920.72239134761,8003.36838444508
1602.30443449009,9298.8302819921
1159.19498537966,3158.96085581147
8498.11960941251,7397.30194013242
1008.21356732439,3362.13932886115
7621.58317205278,7805.87397680415
886.055552591796,9103.77499730428
1217.81660177439,3462.68484978808
1224.03472307708,3317.69424093015
1494.88508508205,9113.48914061371
7155.86890773204,8573.69710812551
6234.31857614277,7381.25172962114
1463.90016013211,8003.84542007103
7500.26839376051,8116.43506356766
1803.24711946905,9199.67063339899
844.08254058498,3370.68650788408
1251.45243211808,9132.32481990482
1827.24637387837,7725.65734943435
7737.95871590736,7828.38710991134
1473.75531110717,8656.42223744139
7923.73902405393,7825.40139558381
7871.30329399994,7570.99600267358
2679.29050366943,7661.87878569482
1838.23064493232,8163.65390926883
8403.10988125993,7381.16155069426
8759.48507588299,6529.90581504538
1589.5225342382,8820.67740964015
7603.1475434896,8149.64265950066
1006.18590451913,9246.12051763623
1186.25029775751,8770.08249301803
7337.20246950888,7555.51104243897
1489.13716667346,8825.3656348584
1823.94621500688,3911.72880166952
1778.8344669602,3741.64541358741
1520.97937997562,7791.96894494407
1976.06128144859,9206.61225651379
1983.63613217166,9173.4998897017
1614.4679992743,9180.08899464305
895.33597808961,3596.55218383904
6910.93617483693,7659.74477222151
5285.83731887324,7404.62083116773
8368.55688696139,7602.16487757882
1551.07915882129,8834.45823199109
6687.35718994224,6923.68267484843
7161.88715508118,8201.14607936686
870.464834318069,3239.92879874559
1454.05206244663,9111.3749287754
8550.7258220299,7855.60378255979
606.493726356367,3473.13653828863
1868.21499084116,3929.56610411982
1414.29222700325,3532.10859036283
7080.47763058774,7684.72658628348
1775.11374150984,9060.96681569671
1870.27826660519,8808.9647235393
1540.85002488832,3754.99571287636
8050.41305798224,5578.00881951265
1067.69953579192,9236.76033866051
1024.88197902844,3557.88303319758
8099.1672655888,7867.16731525398
4110.45927025046,8637.62139711607
7781.13221449196,8093.35640012465
7418.83045206448,8270.51332172194
7072.13313925866,7766.39590697513
1040.86299390451,3176.30897447263
7545.64428995617,7920.17008959498
1721.52059811079,8281.80426057107
1675.23326811469,9319.7941692458
8262.49152000556,6780.65485511715
7545.59877290576,7606.59398915276
7285.92870578687,7867.03923743356
1076.0670512116,3657.19512686176
7042.8731290235,7701.95929116933
1258.27221615384,3826.60034401214
944.893399904894,3243.83180390514
7698.23103634736,6313.01798545095
2054.93594182163,3959.87592451523
2962.07364453632,8156.05406072671
3094.17964261787,3539.1549474565
973.093822659421,9006.32503280798
7407.25301862616,7428.95129289442
1701.20210836929,9032.07327923529
1106.51191914527,9011.93244242926
1825.65241157795,9167.82467595667
8371.87739908467,7598.42449969408
8442.05509376784,8099.17195513434
1220.22322139032,8126.90024211988
1067.11493468632,3361.08160198341
2249.48488145268,9245.73789767409
6885.12275722206,6407.62221303921
7514.2752512348,6631.17582869004
7063.42307174528,7544.08675170361
6400.89954149692,7768.38778677559
2739.91904920126,5060.55913063769
1267.31454069264,3590.69556079994
7796.88952200068,7390.98274903575
7540.29494630732,6873.43808347968
1611.87914513612,9137.03238119742
1144.81478884267,3267.97605714055
1126.60963808015,3221.68140296033
1927.85218373498,9009.08425754179
853.432845167157,3403.95684047141
1185.11262891907,3633.1487904221
1722.32880047185,9216.47806191508
1095.39403844378,9216.52866035391
2182.49430086133,8888.3030788954
6975.12962059106,6906.32671715714
1412.64889072051,8092.69752512315
1585.74709269929,8827.45706050613
7636.44313773666,7217.69858556873
1507.09765633286,8670.94336921213
8368.3905589388,7303.66669969129
1869.7713734947,8745.65668363883
7753.63926376597,7420.61755928689
6674.24586900636,7668.1764581244
7890.19830538226,6789.30041043237
7182.73752603515,8307.67978457777
8749.15198116472,7758.74622392514
7615.77148761234,7898.55473800792
1276.87709981021,8975.68926400467
1412.45189489907,5708.79432540917
1224.60545909458,3691.70234200921
3376.91271891708,3368.35811250574
1860.27367705341,7923.51577724694
1059.58544628692,8315.51756149238
8141.48716499786,7842.47629133678
1244.45316282591,3102.34112208156
4020.91937727549,4016.90938379136
1184.11645508022,3850.87899103251
8389.90153031609,7801.86805206903
6890.76392194808,7694.12265614149
8322.80245078986,5574.59349514236
1428.28936332763,9019.624547573
1702.78767034774,8716.21238497292
4033.97471507168,8847.63078164335
977.144537270003,3266.6161508316
7622.60338275048,7026.62882017158
974.076954729349,8542.31704285264
7467.70081014148,7148.04766158168
8620.81525041412,7904.05110131395
1856.68759278339,9153.45496525026
7601.98703879661,7099.22143447854
7166.16295474732,7721.23361423446
2068.63344914784,9096.57853257856
1092.86344944859,3715.84002446923
1243.1215489568,8655.68066884269
907.077402359619,9026.17894899803
7667.98373334265,7878.39828357769
4248.89120245617,9286.40623448795
8769.09506561667,8749.80012660232
1658.69917539778,9043.05286694725
1656.05140968472,4087.29286160324
1283.99458660198,3631.94149136531
8376.43381045728,7003.97757643392
2734.92556594882,8143.8299436358
7265.88016820714,7675.26847519778
1366.19755035139,8484.4884756659
1408.94635605317,8306.6935509937
1339.15099235438,8931.94202370115
5887.13156305652,6714.54083244569
8968.11939465635,7194.77452491002
1452.27908753897,9057.41007668533
4259.71615414996,8121.50843621013
492.973578002172,9010.09866341532
2454.3827851237,8476.49136970693
1064.04201844219,8786.39119944154
1408.72235016701,3675.02108697121
7154.01575212988,7411.54456339909
1880.74850234369,3772.78434550641
1272.49501017276,8797.73532668213
1118.36792748624,3299.86902507628
1323.64634402816,8830.43304380421
6765.05784281053,7800.37419751649
1180.79574781915,3480.58066546229
6536.39291394436,8011.16699233702
7369.10406802186,7116.15317059876
8246.78397091045,8216.99110219665
1257.69488831557,3537.03979214369
8271.61627072128,7675.11645051961
1879.10456208661,3837.75371326797
7626.94230265011,8218.35511173912
1618.14843509351,8441.50012973218
7076.81371859402,7697.63677923194
8010.7676435719,7467.58435995135
1285.62399613679,3772.34531131008
1090.6743240048,8975.88617261513
7602.2491243381,7343.35697272501
6695.34337745063,7313.05579434569
7858.08137483425,7542.15177474766
7992.19528061323,8286.48756217093
7252.6020055467,7568.73424837497
1102.28031611691,9251.53587041037
1429.27365874403,9071.97942663196
1487.31885068535,8320.09442154045
1106.13269103866,9173.16252300109
1177.6574369512,3613.72282893744
1212.75091893544,3294.12652421586
1833.6198170912,8761.63954852549
8234.17576611149,7650.60557098557
1397.54525743655,9046.93239326179
2003.24104460133,8687.74344081046
1309.19814344481,3962.31722243943
8153.49752347796,7207.52254320046
6865.87804238038,9173.42743062565
1614.03595449244,9288.04775631736
1412.52536848602,3662.59571414752
1624.8297725316,3581.7121168928
1929.65350027864,3913.40938045195
1236.93621058743,3286.8072314745
1726.96956983014,9206.7549272831
6993.71625611728,7416.02514789261
1851.56822142373,8304.29186237422
1013.10831260841,4105.11132285843
8763.66856392202,7093.52717287468
1333.422346411,3639.98597214261
7274.27204045779,5980.71020320409
1917.88232695419,8767.60156968541
1201.98503262017,3308.02057727874
8212.2999448413,7307.47086173331
916.243727060311,3253.62093242085
8232.63693153598,6812.62490902234
1915.75452660396,8619.62193951673
6900.11560886684,7483.43745517109
1483.1972140185,9023.80984397436
3144.82864922923,9015.56215815727
7212.96958024731,7241.60415171578
1713.38348232262,8851.96328681763
895.413141255358,3148.12603984144
984.636796304331,3653.33561043839
1099.04016163208,3517.18778805135
7343.01607361202,8232.26578257207
6946.49578196902,7405.89502914888
1029.85532894463,3300.19886007171
6472.93005458532,7617.50352558336
8049.83833176108,8158.48085277341
6800.45546652498,6831.81055378086
1470.67659948049,9126.7626181389
1996.04714417273,9034.92761220402
5671.98424824621,6017.03938298295
7411.89545324409,8112.71729145081
1181.50409421958,3433.13689484937
8601.95884584018,7875.38243269285
6260.21194520053,7326.88899880492
7084.25991865178,8234.53870762969
7767.76773882321,7809.70359015991
7049.93750176268,8067.06027703791
7373.35334529646,8032.90730019621
1290.77078615943,3884.96891080087
7606.42147496431,7618.28034691695
1175.64712261302,3667.1916380099
7889.89550700951,8237.67569866793
1358.07008218286,3557.56558450384
4272.37944465773,6376.00911724591
2114.13033763588,8499.89312804126
1430.85153277565,3738.06076768359
6708.00133442948,7582.71265669185
646.161455761396,3503.0705650566
1475.07884371891,9253.15537429181
1527.21106763531,3488.89246312107
1304.66458683341,7842.40525044567
8614.47151132656,7347.44977686953
1282.02612855852,3491.76471233388
6510.35615247955,6024.71608627021
7773.1063859611,7828.17637608784
8138.90883431824,6902.99408460749
7674.78929114626,6960.60129912246
8016.78373451261,7783.96809145647
7132.63286362287,7062.15772693886
7725.12453937433,6590.77985259134
8216.37759606981,7759.23230743858
8364.06177090529,7947.08231128499
1344.08851017384,8916.26961324985
1947.45638788703,8821.99764856992
1194.2049731163,8780.75418953463
1547.61088672428,9163.33941372863
1230.54588068905,8319.27362072524
7223.02811917073,7663.03668286129
1363.15573866937,9073.20579379667
1831.96278014009,3733.47948753043
1485.64923689368,3546.70111694428
8614.46342433407,7482.94862609949
1222.65130387744,3369.04761964439
1104.21470798003,3600.11733111763
1965.17808042947,8997.77675786914
1826.71506962635,3399.04305475826
7478.17770464217,7634.93756310349
7205.41972637198,6566.21642747976
7538.42249902795,8248.44671054448
932.534741568625,3280.40415327427
1363.01409384606,3939.86649220874
7678.58800360852,7355.07775872919
2083.45461418561,9036.6349811607
1316.19819500381,9031.5980579259
4878.58095674235,9043.59535054864
7411.06172445794,7730.26184092137
7407.5751713374,7309.6241761655
7677.42151176042,7158.05904206092
1584.97610189196,9196.47385579299
6951.97322092613,7929.34996605315
7428.34652987696,7181.90639246316
1580.64386566416,8943.73027399126
1069.27677345037,3437.27087032701
1055.75167717897,3566.67140031294
6535.84360545118,7334.8719247722
1457.66035725627,8734.47523340006
1281.22409557685,3393.46353951419
1942.93061398206,8981.73345586957
5381.72826991947,7864.91403379581
1774.09172777111,3457.71787169384
1075.21138751722,8570.09553143952
8026.43899538013,8133.25631944692
1025.76485225918,4566.91480166034
1099.61920089743,3142.82705226736
8110.08112783287,7142.24757523014
3728.78667617621,4593.36252549612
1219.50002306136,8897.58567924159
7440.62896918813,7509.28405826469
1471.69922881571,9088.08765274919
1540.02150167879,4397.84092432196
1411.39910997205,9045.45042678975
1798.57474864695,8729.02976869699
7060.45438175019,7387.86788025372
8127.31725794597,9166.02406086395
1881.25484441039,8399.24467284108
1207.77333330595,8968.64746200979
7219.14988754879,7746.45159256697
1067.62640396469,3282.01779281231
1461.00366963361,9042.67431528705
1411.42280424507,8524.45098970092
3256.14709021587,8951.75141456809
3787.45763591688,5243.4758702957
7140.70901961097,7646.61380817555
1309.19169072132,3486.52471679802
1323.49622767332,8602.97529714275
7004.41138248455,8169.34639966535
9057.73823797352,7265.67969173187
1330.98398270229,8817.09099095725
7576.7704279234,8511.20419477537
1346.46292929061,8466.28754989102
1361.30703318902,8968.32263602021
7760.70365897685,6833.43137851237
2096.72264068292,3228.04270688273
7719.89049412214,7140.89064062466
2162.83219776304,8745.46976865352
737.310652410939,8890.54962147599
704.164169453241,3296.48380053376
8756.39712856164,7892.71319971252
1340.4731532155,9302.80443249348
871.0480124781,3136.01386575152
6496.3951444821,7711.70100389179
1384.18230579982,8897.55269638796
1422.10945870912,3110.66832079511
2083.8232914623,3897.2365714971
3590.57832640963,9056.08160827176
7157.58643056364,7105.35742187885
8005.00414871869,7612.09554627714
6550.16596626672,7798.36055628696
6251.65572886499,7376.34454869604
7402.25161024759,8243.75977721939
1153.96539394368,3628.64659371619
1325.79758632516,9183.43125375085
7362.8864069732,8325.43485236512
8080.68273302806,7772.46355216935
1058.78917448474,3430.16624632977
7812.5242187429,7502.84167259861
8003.58792665127,7658.5857408379
1662.91727748258,3835.29355568292
3012.60773038577,8431.67784315504
1450.97547632422,8769.31374200565
1355.32289104281,3637.15147613674
7454.80408590103,7014.37211090169
2185.69642641824,3808.7418195245
6634.76211019386,6818.73408861489
7720.4939107105,6918.09246765364
2010.95651335592,8889.65022924794
969.067369987644,8715.43756908897
7535.06990212772,7498.88307838567
7341.26142119295,5215.69888424431
1743.24838506687,3945.07967168921
1158.09539921805,8752.30175691896
474.770383357832,3072.63048414248
8082.85513152154,8232.8212730699
2284.51305651631,8995.60297471976
6598.66304980524,8151.86112920913
1089.28355923734,3298.85444830883
949.428565261728,3304.18979459829
7489.9057770014,5129.10436040598
1668.42800057052,9237.24133846734
8645.92728910728,9882.88131917409
1729.80877130754,3750.58995656199
745.133290972656,3412.02544720681
1637.42947470392,9342.98972229096
8228.13319290725,7675.62606262298
7158.34465461092,6854.69407917797
6405.94383883417,7727.36158444767
1068.59026614576,9223.76844196871
6815.53979867916,7958.10255322544
1257.50010039052,3234.77760822143
1312.55995054612,9304.29161451382
1872.95673518972,9221.39032159591
1305.14360050835,9070.89410930255
1970.23931449852,8799.57139183303
2980.32677974501,5092.4310511771
7765.13601509498,8363.49336855569
8330.53554989725,7831.27422511607
1737.3858626032,3861.69318559215
7404.83727930973,6848.07465995499
1156.44749321015,4039.24668052492
1347.66573950415,3772.67075338866
1240.28945552303,3467.8537667169
1629.00615712303,9285.65544531973
1571.3596834441,8914.3913483077
1328.12235666249,8640.66614593129
7293.44171808606,6860.75992395366
6490.2042801231,3376.61769351707
1697.09266668471,9596.90266253092
972.567202131061,3768.3461211168
6911.93727144863,8093.29794882948
1329.77757713497,3458.16725769249
7425.31157592652,7426.59468472256
8876.82520806654,7742.39479382323
1518.65898042797,3775.46496507117
1139.57181455808,3403.78380275949
1019.44977152946,9028.81955777213
1618.31901165007,8938.38995125926
7318.26286437296,7523.39108052948
7777.6407694466,6940.42210933599
7203.01208830953,7541.91598430844
1286.9425539271,3542.86800221253
7688.86539858097,8049.10039137819
7550.80430523619,7506.7532617748
1969.25813410781,9000.24430935628
837.661177684105,3186.2906941865
1389.40796643634,8538.5837671047
7131.01990345257,7350.3523231912
2918.53533137129,3364.60361346305
1070.96638375817,9081.60031117693
1854.38050843458,9254.09565047346
2097.87812173824,7828.52628698836
5546.64906974696,7219.40816263259
1224.59938053851,3561.63423268937
1307.05680405198,3537.64913729488
2198.01727170127,7880.70651564077
7504.69667779515,7605.82639116517
7599.44330856014,7914.25581938032
1727.00607379819,3859.67811397007
7964.43288450899,7546.29873731724
8737.30860793593,7066.19198637732
1430.44821688749,3784.35011816273
7537.32920154648,7708.2596488755
1301.32414491285,3332.20445771943
1150.77809775983,3541.29278573598
6952.23248610003,6920.06282812002
7905.45631966219,7757.54154904434
6760.95441397437,6899.41460829105
936.030205561351,3739.87638569024
1567.30179729864,9123.42831651401
1795.54579985599,8705.11488148201
1790.38511308757,9171.85988221608
1867.91229662654,4188.47162111552
1790.65335708661,8669.30264027335
1605.7583705924,3381.90720213845
6638.22963937857,8286.83380544411
1163.07885689537,3557.1983228397
7403.65823835741,7701.16551395713
527.805352461117,3195.98285748099
1605.67301567042,8863.10070826469
1798.42316517003,9282.70276476574
1214.52075327605,8443.76617325492
2652.17392705968,3540.44286801419
1413.72342518763,4285.79150853087
8252.18016940262,7221.57409106671
1550.64049157308,9015.17191842196
1412.45730587474,3686.54321624109
8170.8444866645,7715.76569221883
7007.63545086408,7184.96389212727
7175.50906975617,7453.32091655788
7658.56890277625,6179.39214394418
7403.86857299282,7535.61151662829
1306.41739798602,4309.65460119141
701.912747195716,3064.14843778552
6762.48259949512,7837.5611950944
1478.3337831657,9146.5658692742
7577.54982820179,6784.49752888428
1169.65536266909,4005.05173155271
650.577611434942,3242.5358977013
8127.87022969488,7023.11459064406
7288.91613550583,7655.5183085661
2185.1354370776,8916.83480834561
1273.73832736979,8959.60740227185
1436.33413407791,3878.39694103508
1287.8362275847,9135.83154613309
6455.82223540928,7231.00455526906
1589.03710226349,3585.79598951024
1768.40369856697,3470.39060796376
7887.70505643938,7417.98600060333
5106.15723919888,3550.71235660845
2001.91384608976,8127.34205936788
1629.30478644874,3721.32836416772
1354.5988835865,3832.3782801086
1383.84373601658,3560.89497919715
8370.51687836754,8227.26621382798
993.581619669265,3375.78221087615
1354.76077627499,3548.91332463681
1615.37607367848,3507.76179436344
1978.26951578312,7796.57987414562
1415.24550141161,9150.99394924701
1845.24574451969,8855.451657222
7318.95536497798,6432.58285827398
1435.00970520668,9238.14171578249
1575.49181223465,9018.21604529972
4574.18508510117,8525.26774682313
652.602593979484,3184.16651415778
6443.0941444255,7082.50076128048
1591.91844812185,9102.63257160778
1867.39547555387,8684.732117315
6792.27580164882,8132.1242797051
7447.56426432177,7187.22849575806
1657.56928736729,3968.21392176923
6293.14195794571,8028.56712306829
7880.51157965729,7926.32245511889
7447.02010291542,7697.75524915302
1657.1028619461,7887.80081307018
7954.46772759268,7589.45752473303
1127.72556396776,3412.22613279096
7337.42637107438,7493.3847574502
1055.16264918753,3679.1524485439
2690.21723446042,7657.28671170162
1091.61873077818,3291.49314005898
2143.42067428063,4581.69656127379
4773.59296724492,8910.26552645228
7793.09019682531,7233.65738317521
815.322046928927,3169.66022253649
1024.21494565147,3182.37694263803
8139.0407310681,7515.87175319104
8000.34294012638,6451.90761919272
1538.20915885722,3539.27825616379
1670.59807855696,8917.99341501522
1326.94416679887,3648.28204648347
2376.96631845438,7901.08607929348
7245.60049904276,6514.09929972084
1569.66935215857,9085.91911023598
1436.44710013099,3460.60071104742
6954.71540270075,5570.82466382397
1725.57034554924,3759.75271864355
6755.24567665753,7154.42190049052
928.635929528505,3337.51178837048
1038.10710551779,3244.07451610793
7429.78467962861,6885.64411930488
1515.81001284203,8816.05637202498
7036.02422702403,7641.77821589777
1884.1427584508,8834.40724179606
1254.61111546508,3341.64747018139
7318.91192721562,7650.5809633531
1190.08541055175,9012.12955262144
7424.82630298211,7716.24217355332
6741.31607885726,7719.0742331648
6902.36677549905,7022.02420542447
1992.65185016706,8802.28290031358
1164.57009440468,9163.26028600354
7339.79283516961,6600.28595886082
1231.77860670219,3788.05968702287
989.787051879582,8769.41236253486
1395.16442170482,7506.32258688519
6147.38837534479,7023.42187173466
1198.14003233229,8730.67533390846
1643.71897790001,8264.34440611692
1014.00796664682,3397.8455869202
5147.62974489714,7854.92609228316
1629.43488739725,3505.24726866802
2110.31873794822,9085.11737462999
1601.3026034869,3576.58693053667
7783.43444319896,7881.32701843329
8541.950621763,6992.28664925915
1364.83483286984,3512.88164979376
7107.90044417565,7305.06772214675
7356.39999349954,8186.07391499221
2893.81124728607,9148.95947717128
2962.28849309615,9543.21785406617
1368.84942021928,9073.17489752485
1261.64013087122,8162.90384754906
699.381193919704,3303.70790109827
8821.65088806103,6778.69786377968
6725.81678937202,8034.67295796853
1743.04919457465,9107.4969921792
1594.30772341538,3500.69023996785
1802.34530035663,8037.16071235295
1051.22283534272,3583.54686137903
1344.63868017005,4008.39339092125
7672.79258698241,7927.90219687645
7533.22780573979,7381.79310514907
7058.77880672716,7311.25705789721
8270.8833998922,7159.37433801756
7595.54644851553,7654.63849468873
7361.73539277863,8171.31429993243
2263.88990671857,8438.56168995844
8108.86513141029,7817.52357695165
7286.53680034596,7849.64440829543
7950.08425504404,7526.02432599929
5411.01638738,3875.03856623774
7907.1700713568,7004.82327410296
1458.24646981925,9073.94971254022
7872.48696166347,7661.75004827249
1268.0837543536,9055.21110353252
1281.85668684457,3766.92923372681
7711.68866054746,7810.1313531669
1783.72329983543,8677.14996787775
7236.24826925927,7596.94745182941
7715.33236489408,8446.37394122547
1602.12170808635,8870.62865020791
8861.64408296561,6874.03224864323
7938.25842871945,7903.48036359881
1618.83569139476,9016.56799029064
1141.40222444074,3269.02772143763
1676.00281575837,8685.77915238961
1999.71199177371,8785.17677473592
1130.74866862656,3602.66292470221
7714.83176418018,7641.66875052775
1639.46784414964,8013.30501125822
1146.35367652617,3576.33403196289
7042.74213511517,8198.80983261054
908.47465613954,3106.27536335175
2084.0593868655,9049.71779529986
7592.5499349526,7555.26808427087
1268.68191171513,9272.43880124274
7657.3886045696,7160.70893680915
1405.90050367178,3709.68960980189
1024.88640237256,3326.00082617654
1817.6082576304,3537.5068081272
7452.89461479543,7839.07515406896
6977.79211711533,8334.29442854681
1531.8771101136,3729.42987733491
641.154987782503,8741.77283318469
1607.44804872722,3726.96414816633
1435.45111046449,9194.59337124839
6560.25487984041,8296.94567518424
1142.06526045764,8887.78817697574
8844.91893717248,7385.82909374249
7302.08301737071,7562.3506218314
6857.76470388439,7382.41382053038
7392.90649050283,6806.01646222727
2175.96668381196,9460.7825403286
1497.99006501268,8639.21048489074
1183.64339032156,8702.37603736627
1265.20982812073,9133.88020826168
1680.13251475754,8656.94330226684
1925.73909545045,9212.14033370603
1099.84107500085,3497.5781942695
7447.80168363145,6575.66187970815
1587.7582224886,3616.83473452818
1138.47801245038,3687.63026861397
7942.14148635859,8142.41121666354
1593.78836080996,9152.36459063609
1136.1468392442,3689.26554220505
1092.99885047257,3264.89276677141
1061.37045195263,3562.53672055406
1565.52064494804,8966.41630210513
951.866357116813,2933.63150250372
7157.08226439324,8278.18044531693
893.293354091491,9015.98225216615
7111.9761809709,7899.66269454935
1800.89102123836,3610.81347831004
824.65131203045,3289.2687189588
7561.88129934141,7859.88853791462
6893.863093713,6484.9115629881
7957.82941682695,7617.09006410716
7126.77944702193,8150.10031539747
8452.91775285294,7030.59583351489
7552.53762409503,7276.45034047999
1513.52122634974,3650.74872640403
6744.45788677138,7642.52390691561
6305.16344698706,7682.34488935556
9140.19587578476,8292.46208900801
7978.62499782283,8287.38769578988
836.742554305924,8414.80551707406
1999.23660459739,9082.82861218024
7467.23358345873,5703.55214651414
7431.54247294707,7865.524671062
7025.03221238988,5853.43063722074
7378.83816602284,7560.64056704321
8094.87786081606,7601.42903397226
8039.700429128,8379.65283327239
7640.35459201241,8044.99748101069
7150.06085041051,7853.37202192473
6961.97562883768,7540.83462834671
2445.0402314667,8790.91575316468
7597.86566355957,7841.05789271106
6417.39237744702,6910.36016392099
1557.4902632072,3743.36022077844
1617.13347298848,9063.57149779206
6749.93763513618,7243.96512441472
1104.81289381695,3469.0982616557
1702.01905629562,3666.60166250437
1287.06207262059,3252.74177121465
1207.12599999066,3745.15159337248
1581.19375628936,9290.18568533435
1130.73529045912,4347.69679777005
7132.44675684686,8084.49310423843
6788.53149142153,7726.69252878137
8377.93273060786,6912.94546613884
1365.18179071187,3907.19127206502
833.746033564127,3331.70984577968
1664.93005538625,8109.38161439494
1171.36480366125,3738.11562341156
1866.84240456944,8814.7352397593
1167.12132885006,3791.83661566396
741.368314487029,3264.71674098341
7001.79660264942,7191.8796711941
7854.1087738839,7180.87257155862
2029.83302903872,9115.66865648482
8271.32873134845,5686.3451058177
7954.40951907605,7809.06484976317
2851.08753799134,8228.38486732842
8694.77676154655,7132.28171909639
1340.76880904484,3294.59702124083
7482.25580434299,7953.32534231417
1630.76878417074,8522.33260932687
8123.69081433969,6170.137386095
1004.08099481991,8866.01266259929
7508.16488892024,7898.29483862778
916.108222175012,3030.48520080094
1504.58076463102,8561.95057035044
1697.45043965464,8680.81617553274
7972.41966068445,7612.08314413917
1516.66354430225,3722.82859217282
7129.9362336723,8153.69203425767
7842.12466191622,7797.87271709873
1383.45741370563,3735.17257098787
1802.16507508952,3719.4067139377
1329.15425652066,8619.21880201035
1451.55951166727,3643.93971026591
1886.94759420173,8667.62938918875
634.403099214077,3235.05106938851
1435.91994035483,8985.45723050124
1448.74620551949,3739.86425647189
919.757193625456,8556.72263885752
7001.42145349473,6913.87267336373
6750.59541562929,8095.74713653711
1358.43242991995,9318.55841025103
7771.52812497314,7470.1368281879
7879.30764035076,6802.62918386259
1154.09638142641,3583.97968469075
2167.45217931205,3694.36901550396
1560.01802225854,8199.65727858231
1880.68815148626,9076.94940404165
1282.53497216106,3572.16615505033
7218.46974976506,7974.77058786992
921.243176469307,9248.31101577178
7238.43380734371,7298.81753094648
1230.13681230922,3796.1542599275
1490.19233808596,3536.29475063491
7539.86593089912,7551.55945158186
1209.39975685086,4393.68065747763
1555.21285250771,7693.91725671252
1108.81670925835,3202.09251510594
1983.42277531195,8567.20355233964
2051.26180592434,8741.10518614849
6632.78768119268,7910.72545993896
1629.84954331878,3543.19693590131
7884.44842240508,8186.2510220359
8188.57917242558,7096.1593407745
6872.92565282109,7188.49559189853
7249.79910729603,7189.46762708626
8341.718639356,7930.55774408915
7913.82460903574,7284.56220904678
4110.44759492523,9066.14594824265
6933.56896841199,7800.74492539895
7013.66415274286,6773.99804132802
6956.12367968213,8519.63892778934
633.286557911875,8820.89835972457
1361.32554092345,9092.58283789498
7527.3623802464,7170.7631724485
7584.27026903137,7559.37433075652
1306.42321413786,8939.54185925562
8506.80319398789,6054.33616857501
1659.35341966123,8491.68464605702
7784.13167059336,8110.26042551976
1012.53088703732,8742.18866973366
748.689921344471,2906.81549232899
7716.80111512806,8032.95395717841
1595.94869553843,8699.25845014863
910.332487048319,3179.64824078194
1274.43264479066,3593.84083006357
7463.709961796,6133.00743426147
6360.23412116351,5924.03356295711
1349.72477337979,3424.17749126352
7173.373842135,7203.08716562116
1028.04424972084,3399.764724177
7598.02400695806,7699.26330560196
7628.78924539142,8003.52133233569
4224.24422573123,8232.21285844935
7757.3480480555,7774.5427214031
2011.7629698436,8491.84042147965
7203.45670126318,6846.33390772803
6945.48576835426,8157.07937232932
1876.62487743957,8935.83111567217
1289.85233782151,8803.1457236706
6768.75601314806,8318.92424716442
998.817547634726,3413.29399000587
7664.42419955868,8383.28733145299
1688.75267055346,9209.92315053941
1127.97046975243,3623.29453676706
7503.77479420573,8265.78918194249
1193.20274045483,8384.34421449438
1079.91993052445,3991.02134547704
8801.03165971727,7527.34553204379
2206.62832672658,3662.91176268597
1408.75835975849,8914.42961845326
1747.71689220301,8715.03124399186
6284.96652068945,7698.22278115842
1170.66871967902,9003.04039880691
7880.43430879583,7089.60112491307
7520.45128450389,7651.10697342714
1306.78867432713,3296.3289125066
6896.72579379716,6821.44644074102
7250.50611702604,7839.74480591904
9013.06737110107,6814.56969645839
968.783097720576,3244.62949393012
7950.28685138042,7501.26713358137
1954.7471398049,3567.3083283276
1067.43588809394,8013.44201340244
2726.30801799751,9305.5589151615
1449.17393751652,3849.55736604729
2663.34184064059,5532.16606899716
8140.92271483384,8082.8104740889
1775.37776217654,8766.30324126484
6634.60301278725,6890.57049096621
1330.59928968866,3469.35203059512
8321.99685214195,7453.80440427893
8730.73790816406,7733.1662175166
1124.87471830691,8849.38444765884
7244.95696260537,7438.66169414292
985.031787753399,3171.04143081547
1396.29592256441,3533.08081627414
7909.74474568858,7135.86738248256
884.190820222292,3224.79565253679
1737.73528625897,8937.77394078582
1310.73421761209,9048.37309980375
7638.85358941273,7975.83704332777
1776.04632012367,9471.79476604126
1732.32016560048,9108.60322394441
8506.54496553624,7511.23537625574
1495.6454007183,9151.65701512153
8121.37899146082,6685.95945271717
7785.6730111395,7317.78945011766
1583.85658182868,8195.88523919977
1925.2238516924,8712.19913673532
1998.49060663684,4290.88210136806
1785.46792525334,3650.00675381102
1752.71015883691,3087.61200431119
8138.59319013262,7950.58216636018
1290.62989835681,9077.25145850187
1125.77380753267,3446.03486360311
717.677276453151,8945.25724923726
7727.53262673471,8094.97126398239
7339.0422497643,7646.58846391324
1435.75504574232,3820.18782307977
8935.584627407,7357.58603280535
1339.87151872047,3472.57163500051
6311.97923401551,7716.64065982223
1184.19401773951,3531.91648286195
731.626041766998,9284.83002732617
1563.09093071999,4099.81098547724
7791.41198092043,7330.37413449227
1242.96536486789,3252.67026721389
1190.39622496513,3593.28169831085
8952.13507302906,6540.0052078814
1203.7471414336,8792.94570144141
7809.25546638232,8352.94934355558
1196.21346218161,3324.49013297093
7406.17761888382,7925.22873300189
1029.19128039227,9307.32950626625
7523.66178294169,7836.95767427781
7217.48989199513,7475.81069305671
7632.92866000922,7727.00101569718
7805.63333800305,8206.03655499861
9130.82570938854,7456.45426406263
8273.21123938205,7855.37242693741
1284.60234760307,9041.84008809173
1533.03961793169,9204.10227562367
5516.41755982113,9498.39850822186
5591.78006087497,7701.45504473919
1198.60954845069,9211.97014244456
8958.0821986184,6922.17943415176
1666.79900301722,3763.18573687566
1795.20284861546,8171.77911840608
7804.97013708145,7008.52103510518
7346.65502618619,7498.89673065068
1428.49061568293,3493.58185500678
1202.18213519618,3612.35991906866
1201.40073968824,3639.98159216517
3508.30497531333,8738.03205248782
2196.31199665475,9240.55552460618
7653.46978761226,8269.22138910842
7612.72338147095,8077.20864500601
1492.39782706926,4039.54455633146
1089.43416812916,8927.43259097678
1721.3452968791,8172.85124339387
7660.70544048419,9143.72870988857
8984.66199564451,4886.93460658601
1149.47330844825,8919.003485568
1918.4297241593,8783.89429303925
1848.15852215645,9438.57299125555
1623.1727729621,8887.2166158264
868.488782076426,3491.52942925194
8534.62783236847,5968.08727632795
1771.06747848454,3896.40381067444
672.680141108403,3082.63900938318
1083.08882761706,3373.08239746851
1377.34627066679,9217.17950587003
911.441913833686,3546.34033754115
891.736413522797,3388.59236689768
2335.9011179707,3990.20742009846
1752.38949473819,8728.30067030328
7796.43478921735,6483.22265019448
2211.50933655106,8983.08625615163
544.129401781547,8884.08882456464
7374.09396691885,7449.00353279252
3552.25855129517,7970.94604641349
1626.11013610581,3693.07447632359
7194.41154040759,7770.73884520559
1314.2483741276,8815.94934212942
6566.46885561755,6190.27001367671
6823.89296877536,7191.35645217279
903.06610036834,8986.80951883497
7492.64067342788,8178.59775712241
8096.678734941,7205.79187236893
1467.00450639422,3833.82098435529
851.21467791429,3248.18268434602
1212.27595067413,3545.08595315788
1144.46944357644,3301.71638008588
3080.07875622011,3527.59180417086
1541.98950619564,9133.10133962304
1128.11111862844,3397.28797467906
1838.20523374697,8411.11089737797
6931.79636620959,6860.92336298855
1897.1352755612,3645.65682712199
859.124741685013,3085.11704610232
1170.20461125519,3723.95031405824
7215.82641770322,7284.89049872433
889.536751825391,3321.79392576341
1774.57131877812,3832.65946752985
7179.82151349942,7591.68753071309
1145.68121408449,9362.16248560219
7608.67202591172,7432.24845154722
1191.74207708372,3334.75119895889
7572.17886761468,8517.39128062639
8483.70715313429,7421.39407656054
7882.50061785845,7449.16323811936
1905.86196833125,3566.15389567393
1847.51080922694,9173.14715845141
7415.32899286783,7665.92908305152
1404.3733890484,8214.37226295486
8051.29064784949,7733.06136438285
8988.14445442552,7568.68400540519
8540.04113682264,8411.27008251725
8049.96751252393,6436.70352038625
2626.49123174789,3719.32232130693
1165.44404484449,3232.40232888104
1702.39895148904,2859.66900371267
1060.76610875057,8991.90296168346
1068.77933914507,3570.44625166691
1101.91667400341,8860.78685112774
1675.43350913265,8676.45365107461
722.282597048149,3538.79333826603
6798.38731453667,7094.40759246499
7743.32279880418,8223.55432427012
8311.66375697909,6703.76735848985
1815.6151655294,3822.34674946055
7471.16521034771,7577.33377386041
7620.90614201279,7017.38668720009
1092.97472167489,3623.88799482686
7950.55931264834,7614.25440741854
1556.18360821722,9005.13923767006
1021.65726317958,8465.64798874194
1024.74893221191,8949.80627292024
8506.0912511352,8094.0803227381
7286.24175267396,5862.33286605165
8080.69456148995,7523.12094405749
6811.7042211995,7027.70812372896
3118.28810751783,5332.37016686174
1587.04985517499,7560.49232983905
1365.14904271002,3389.19271606884
6246.6850705312,7764.54149290873
7602.52066805442,8406.10532961869
729.628411869819,3552.373796436
1568.52077748719,8779.97026338247
2029.73772871747,5222.11795561061
1670.30720982222,4720.85259758958
6658.49765020247,8119.17863354465
1317.44940792248,3386.22955977767
7089.18309521628,7965.32227893904
7531.23726794685,7316.83925350992
1529.06633769942,3442.15544853288
1091.14893367866,3114.59186973043
1586.41062256362,8654.78262820933
1654.5715253193,9125.34934911015
1076.88618943534,9389.45807822459
1814.84640416039,9106.65678181938
1059.34316593163,9146.44001156283
8300.20259285258,7270.36170257866
1117.43955504883,3523.93333914459
6976.95740380779,7940.38292518753
7053.11480806884,8122.16859744755
1995.21978838388,8622.91745514582
6797.98492953808,7066.53504807559
6605.39361643303,7789.72831610327
8819.1928196175,7640.92937204247
7429.54522208309,7951.82667390726
3522.80383417876,8795.45378600091
945.733129959041,3481.47020775346
1240.33802507755,3232.30094995089
7870.13144736483,7689.2724495993
7391.35371026601,6597.5339609861
1516.9081461739,4060.22444805077
1065.89473037812,8698.64967040071
1533.14931439681,8979.13174898075
2419.70831008274,8046.58042337825
6868.09748453545,7621.19754913763
8663.80700502865,7679.2625481296
1199.3061785635,3419.12189183551
1100.27679883743,9069.96490623895
8516.41009879172,7308.72397264711
7311.33975698969,7425.2557621445
1737.42232629765,3787.87738807251
1545.20584195705,3804.15857706867
6513.97072289456,7054.24309001674
1371.65936194367,8097.29787968147
3034.49016123825,7999.32706459604
7839.2816982582,7595.90183410395
5807.78338356827,9001.18545364475
2072.17196513191,8828.14871712063
6934.87902004615,7789.53330903714
1533.92022204101,3553.85108718799
1208.34885761069,8724.50452132073
7440.59902796652,7383.42478204045
1016.04518060847,8378.29111937378
1278.95277509932,8905.03942583193
1238.3262935043,3744.97491687061
7654.91737324212,8249.88702090763
991.977881985511,3524.88458432254
1568.06103910036,9076.96147820976
7421.58413073496,7719.19889025393
7861.921934183,7514.67875025817
8060.12695146748,7395.07039595915
1979.22206064164,7689.56576275725
7000.95993077251,6776.66702837562
1287.76152070378,3237.54464651916
4431.03025162147,7355.14002729533
1251.24534556167,8235.87930861077
1458.46281121953,8107.24771958945
1415.64469558373,8732.70310653089
7767.15034059292,7686.80816887631
1909.54301152237,8916.42947781097
1575.39761287297,9011.4664139997
7912.26629842886,7579.01263906232
1077.25281375056,3371.61183513799
1167.1575710811,3373.52612901539
6915.0478249547,7583.40655372518
1567.35931864318,9256.88668739033
1339.22223123449,9017.61328686973
1243.78345933981,9180.16766024826
1500.7278993858,9121.34181845399
2567.3593946394,4139.01617910399
6778.00506199219,7604.80278490427
1346.17872614848,9651.0880283433
6893.27955482084,7508.77851662576
1842.83895603756,9224.75681128698
7770.75574171514,6469.19691290626
1132.55375110366,3409.45476413003
952.494440673393,3362.69713430231
1726.69364666371,8983.34006491373
1630.99573089104,9026.02935671773
1090.58941004193,3402.23994709476
1871.11293609993,6888.80385628935
7274.9545564652,8149.59266636641
7527.37374927506,7058.37310693242
1294.59707734896,3669.03714396088
1738.67523787081,9179.94662279637
1493.19994842685,8992.86909636532
1380.14458617094,8695.43303563853
1689.26497042336,8167.83945529485
1686.67678521685,8547.61685984537
2780.8089766796,8493.6372944776
1185.73724625973,8838.42777968054
7731.05357994711,6920.81883964267
1121.35082033367,9109.55079180324
7923.96845506226,7709.30746659636
6613.75438898093,7331.67956665207
7313.83348421085,6605.98677345711
8131.77489842137,8009.87879334067
1109.54807011114,3179.40015983213
1165.09009327984,8370.82459647179
1295.66151154504,9341.76010664616
7012.62047421858,7416.97410752376
1593.77816848444,3773.76781766207
8508.91828243488,7599.40975571235
7436.06197376117,7053.8397569895
956.789102988166,3670.54300892789
7243.45902350501,7750.84510717647
8267.12233857831,6316.8272763739
6993.31360420963,7596.96911639198
3048.80639784501,8742.86082157944
8228.3854553344,7153.2278705629
7940.07785927666,8691.03926071213
7966.43869885694,7517.94627647743
7307.68297144955,7410.11221014306
7584.74126190435,7774.78536330121
7596.03478181837,8609.47115655062
7941.6102940863,7378.64198250802
1459.86078748249,9128.71637361396
1399.54571484491,3738.77756733597
1848.82640027594,8564.90976823248
6232.38522222878,8105.30191256765
1527.83281820912,5547.02746960135
1317.90317815996,8473.86479321306
1755.775416896,9215.96282204089
6897.24232549018,7637.99565877704
1575.99259934427,8832.1417566621
1223.37642209818,8861.99118308049
6399.09856663175,7419.29348531894
952.096991788488,3103.88879293495
7709.48946170083,6841.73389950316
8091.11991202594,7425.89544585867
2187.19148869988,3941.45559570369
1680.27608958318,3842.14925485332
5686.26119888202,8514.10137751064
1526.41290756851,3453.00142116602
7937.84087473891,7743.03106518283
7461.50567887176,7164.9740384443
1862.86453995298,8881.68264182617
1509.53614512011,8960.20301838054
2406.96531285609,7649.11479306991
1160.48924772743,6720.99090495692
1667.43066286754,3662.94158778391
6960.95263390852,8416.48729204283
8029.74773258054,7089.14015579222
1192.73694653037,3386.68618410017
790.209238652706,3601.59875424347
1293.85582066647,9117.06687712892
1828.09407190709,9403.60755967061
7815.64760021356,7302.74943122797
1095.36040719312,7693.05518748788
1472.3045611076,8826.49811783632
8478.04013098349,7667.44751798005
847.970031430841,3330.32832469153
7392.72471665511,7589.29105492926
6712.52556954683,7577.7512129462
7169.59827479039,6575.7853672538
1447.81934636004,9282.63072535273
6946.11167458614,7980.05761978292
7436.05635853721,6840.54756837328
944.218963994133,7803.8330301023
756.065469866727,9057.27499994977
3202.11875056101,7545.92682964648
1802.22026037273,8967.51055740174
7595.88740610942,7182.75823033576
6992.22864923997,7052.73276679034
1312.26969227999,3795.97623737402
1310.74239139352,9460.40471304
1685.11221326113,3989.6443823652
1821.26178977657,9224.1143014014
1248.03121311999,3632.02185343241
6807.60341365985,7767.87466916666
2289.32299848487,9186.68604252735
7572.13556234944,6341.6767219892
7913.9250962285,8118.30031184289
1369.43707930586,3520.4585189678
1496.22497794328,8053.40420541193
7773.94336881929,7653.11403166647
6434.71756925598,5609.85069820989
1265.60928576382,9299.79428827513
900.117888160048,3313.5401980602
7337.80159021537,8031.50849324733
7664.87827132911,6692.49873635374
1673.50762738287,7605.86504334815
7297.76791726033,7906.40038311482
7722.80014131145,7422.44738162122
1383.60684180071,9087.28907214419
6883.6441807995,7709.98413364544
8013.31833010758,7876.64549734043
1141.03097479187,9057.13896501006
8628.93929916488,7566.84315829266
1634.3191414009,3816.89644276112
7364.96257013442,7863.73870047085
7213.72818612062,7551.64001259197
8108.61473541974,7167.53443037155
7648.55223740645,8414.50281058625
8387.61373851631,7629.32417857768
7626.40121096684,7757.79484730284
2676.89549250322,8556.4922266165
6882.15221467981,7128.38235539337
7185.90653005966,8201.32787538381
2399.39796266482,9143.6312998365
1649.17870717957,3532.63905824019
1323.14951043598,3223.50406038289
7486.07044650692,7318.80736639778
8788.21178805738,6827.72936658584
8612.53088790475,7649.08108232777
7554.86587844315,7891.06819411722
7407.64927398605,7792.47339987579
7526.88605056576,7205.94672243683
1628.84290212827,9098.39620814885
1222.83651792638,8766.86110303334
7779.93350741807,8221.21352701682
940.524986242148,9087.43488319677
1215.86032654812,3473.65276404403
1257.05793790273,3567.38260173266
877.752278216611,3470.27960894626
1154.47230484873,9143.29375180188
1506.1627761146,9151.06285043427
1249.6607616037,9274.9330013048
901.987947064811,9235.3554379538
7116.7472548024,4145.72684238328
2573.54780765398,8760.69036108104
1095.60196685634,3253.09818298353
6785.70309288712,8061.28189453702
7955.87508246118,6971.22750742326
6119.50785738082,6295.55184877962
745.631905347476,3116.08618881555
5389.1103883036,3607.31554692148
7244.4522109758,7749.23109501965
1461.81374233487,8816.82133558294
1928.9936865758,3622.54061689843
2200.14051274248,8771.47959214247
1319.86688142764,9036.27607366204
775.911520715269,3347.29049688718
8344.4910801,7265.74501552985
1592.30739716139,3856.29136957294
6898.81225652021,7274.26421461994
8032.70955925852,7308.9725888976
1909.910625906,9041.98891374404
7472.33722982109,8069.91274419117
1785.58916685572,3678.2695769958
6111.70514824657,7509.27097006409
1310.78097179885,8816.49517247262
7800.59180435468,7640.5732105649
1409.52566623054,8976.35636905212
1699.33945733703,9341.09698451608
2570.89509380147,6636.67249381704
1601.30586214332,3940.03766873559
1571.10797596679,3738.286141452
1635.87379434769,8916.55457441236
7271.68787630025,8181.2791702576
8138.04488621995,7032.16792857372
1768.33528455388,8639.7078316205
2031.34561044396,8676.2390694008
7590.61029727588,7866.42773868972
5348.74957071777,9453.34852793597
1475.49339543431,8604.48943496441
7561.75756853482,7199.96438350698
6816.49476498656,8283.11616387287
1516.53777826653,3609.3855690376
1411.57841904989,3821.68045772704
8445.04614372786,6993.56747452171
8318.91128839193,7592.55255031873
6431.00842130368,7913.55593559568
7859.34287592619,7888.57983737333
1630.964897897,8835.38765514281
1809.91629706093,3825.93508022913
1455.1864689307,3584.95207601902
7696.5771882737,8157.79343557907
1272.54106585754,3603.96526995615
7759.91955742564,7783.11662132593
7039.89503112721,7368.68210996453
7265.00736754014,6309.61714671018
1899.0655488927,8114.06017464885
1935.75993232463,3623.72088465199
7219.08635401414,7382.7584310373
8442.87582511679,6875.66932319299
1651.43688521785,9021.42456818835
6804.42300403288,7550.8782633394
7207.20903931272,7646.78995855502
1823.61813176566,9267.26417321219
7083.36925636469,7412.7883202072
7873.44470876056,7267.19309676359
2120.04185562382,7735.47617289821
1594.29167690091,8824.63751937754
8106.87597388163,8023.3212574424
1667.02605081107,9346.48123433504
1579.97837215305,3677.64737993534
1090.41337329407,3192.64648413732
8231.05208757729,7238.32855047148
1724.16480304258,4537.19608403211
6935.58089414565,7214.18612339502
1268.69219604067,3665.20102194748
1232.03932048604,4094.6266052207
1030.72692891091,9057.75650317467
1235.32412073626,3284.62980139619
7863.741436494,7402.22061765688
1629.83570368119,3558.77114142011
1247.13730387786,3733.20383509142
7253.1524991082,7430.74713699488
8270.0093809034,7957.23980964737
1752.32909891452,8943.67018180997
862.473395012691,3143.35970582832
2715.17295739905,8930.8066362914
1277.24401094603,3818.86053774068
1506.10395428881,9070.66532304919
7033.41942583077,7888.93295243144
1293.01664824612,9179.58502879512
999.201010142942,8896.87744003321
8116.2662804222,7756.53210776757
2521.2867677756,8667.07517163277
6670.76569977456,6474.56297868338
1881.5384722865,5113.58160770314
1697.69460588987,8978.96644704792
2308.33627062231,8250.14877193873
6613.23130889121,7049.96064343018
1485.62822946873,8991.73787924174
3536.53429722806,7971.32300644594
1309.69793653372,3530.85227589457
8022.34206661069,7997.09621187155
1000.31552197562,3768.10795605787
2319.37374604547,9056.10486509506
1900.64513189287,8975.38976541052
1014.77398723778,8983.91932044566
1071.69161584175,3410.57363198929
1916.28784215434,8590.41083838351
1500.08242713595,3595.36069984778
1326.37187448937,3471.11126316559
1726.54763195372,8326.45085230094
6386.48145842738,8194.37533474739
7660.7314488369,7503.50151925462
1966.82468058858,3922.99713504411
1228.39459701307,9005.74680626546
1703.04452809191,8145.77135164723
1457.31826953145,3276.33139776262
1675.86789908132,8559.66009426466
7696.786808649,8058.23248063308
1595.27678577741,9072.25733141958
1645.37595845679,3458.8120479378
1544.13208965195,3764.45901436725
1284.7217860841,3468.29456045339
7769.36391432786,8245.85435013813
909.686546508986,2814.84748798932
7707.96026309678,7394.41126693556
5072.4518544847,7584.92940270987
1428.22320527625,3920.67791344685
1124.68237959596,9283.03755000538
1033.10897640119,3345.85707708065
3792.46176066325,9179.98389231033
773.004737664231,2941.30452621746
6990.53476775544,7604.96160135764
1372.22059652785,9385.79799412734
2812.72134330539,9191.99321367649
7910.85699330115,7154.81228189768
5059.63708346837,9072.79767745347
1807.99532338908,9332.9855607901
1631.1506190471,9106.66209284846
7534.29822853116,7168.22988084108
534.592144829023,3122.89109046621
1187.29285100015,3501.27042293532
1563.87958527295,9168.0182675703
7988.06244593394,8193.77877284936
1700.39799407278,9112.16860577431
5744.24280544781,8269.19616241928
7208.77986894817,7947.40906370743
1901.59034329578,4557.38037721556
1387.27041197271,3508.33870593568
1310.10050630338,3238.52147235337
7103.83781208227,8190.52475982234
1382.3909857009,3893.77832041762
1811.17113665588,3924.99767365895
1783.25401096998,8548.07457116029
1550.07384948623,8294.35639808814
7796.68992576146,7353.01905891363
3834.73365131195,4082.89113476363
7443.18722274718,8137.35509706917
824.214416759353,3382.59695877188
693.278308093497,8974.32178080809
8372.70755301769,6447.85966070782
2148.59243933677,4175.37193388729
7551.54425823879,7686.31283488457
2073.16377813729,5399.28971430445
1178.3494834199,3458.57069741568
804.357107253681,3240.48531127408
908.751096870795,9532.7619758262
7430.13603251361,8105.51027710525
1870.98154012846,8990.40765827324
1787.61766176707,7486.7015085668
1409.66798995996,3836.19571443973
966.954309722101,3136.97818703889
712.291001529774,9238.4980288914
1865.25547012152,9044.91397812274
7253.67486560439,8434.55910295603
6890.7145709316,7591.96688337765
843.22948422234,3158.43516660639
8247.35477963838,6981.78923736913
7376.52565392179,7926.496698643
8604.30028138562,7598.08272569957
1659.80996222575,3973.98059949367
992.98898592882,3167.43936705223
1209.94628874148,8768.91598183662
9062.05838709935,7325.64067667379
920.410677086639,8291.84372494313
8069.417570438,7731.42145483121
830.508352556071,9114.59972100598
3977.33352105981,8087.59040696861
963.010142403257,3337.43216483671
8330.58194964219,6762.52131350419
5828.08704286358,7761.38713183028
1585.61136048736,8544.17132924801
7569.0021545216,7618.41704486214
1372.00086546938,3720.997168477
7697.71138697629,7448.59975151172
1387.7089012625,3632.79247691879
1977.00653965569,8880.82990102199
1474.79593017967,3247.40739810378
1624.21750394588,3582.54563870533
1570.61836853384,8927.7804974231
6735.92475675924,7055.65092752183
1206.57235576723,3566.67934175558
7676.6648359563,7850.67755264929
8507.65560939686,7237.7469973169
1523.59904314311,4124.21376201823
7252.56366667301,6780.84683480102
1992.49371302556,7957.78552219989
1533.6614516131,8811.76416568075
1043.39111262479,3394.43390049934
1150.81972971175,3867.69587907689
7597.94750933093,7662.8944701722
7717.5789254827,4053.57603709263
7517.32454825266,8248.10295370834
2404.40076990727,9294.64813757373
7772.9713118894,7562.33374123225
1660.21793670928,3555.61587627114
1853.43018128258,9152.9192860582
1873.83888962102,8988.21746683188
7258.64991469315,7204.04928972012
7414.03706055511,6087.09850065545
7415.34250942407,7183.54897298521
1616.57242011609,9190.81980905555
1239.20258694518,9164.98771668617
1659.01746743275,3623.45685133591
2145.62468942594,8409.04044346992
1350.7367612174,9094.42337438017
7900.8836265707,6677.0573586024
8234.58910750206,5609.36929630372
7630.28751958339,8133.2393308684
6866.2720820726,7580.2300714272
1942.80221765258,8912.00206050239
7566.71632986633,7719.09226011849
1504.69301752041,3729.98284786987
7168.31465921891,7888.16198631745
1834.15659209407,8826.52605461496
6946.40012381776,8054.49269040162
1306.9930521983,3807.95947168747
8418.23107406059,7363.43284957873
6789.64107551316,7641.17340381161
6174.13812640746,7260.54548850863
1323.80637381367,9009.42064913637
4897.19010531167,7339.57064135769
8488.76028044843,6896.98134519339
7541.13414446782,8252.37686436539
8216.06637662299,7431.94859500455
1067.85385655398,3672.50166204214
2283.08393664405,4067.62124453142
1250.36839573127,8656.59602658786
1406.83904320924,9183.38743340273
8320.46090798585,7399.00167623012
1306.23303820595,9460.58369507444
7107.5662596695,8111.58577083258
1929.13300601542,9025.519418944
7664.23448332471,7399.03201840964
1316.65665587216,3693.89450176107
1544.60972975151,4024.07153593541
491.315383387233,2912.09462309018
1837.32506024793,8790.27550136168
8474.47808547039,6708.0852793631
1533.2527361589,3922.54166555114
1115.47199372604,8968.92584307848
7877.86234239138,4996.10832044835
7319.47983418324,6907.65104323359
8827.15623950585,7445.38947391861
1404.69083042737,8564.34367727079
7378.56564132336,5853.20445743266
1320.7840913632,3641.0785098698
1146.85121981053,9292.05584590127
6519.48621287285,7006.18465068939
7403.43073187476,7097.83876506895
2661.99171012825,4197.33111866418
7601.81083099033,7735.25630475002
1703.95392409826,3680.76844438368
925.756477453493,3767.9865909171
6970.58055326806,6755.50102783447
7546.85470616508,7799.96172691357
948.834217788118,9062.66640942383
8559.7556906941,7787.67053134771
1456.09138826901,8856.51956438133
1386.23911257565,8774.33048261757
7944.21858649043,7808.37363119309
7294.44609612106,7387.91207245632
1513.00453531057,3653.23953406024
1275.85392169592,3818.22942987793
6741.7330900176,8816.71945945542
1181.43438255462,3241.69529310338
1369.79329264946,3959.15385361463
707.797588175102,3467.62273101219
5784.67682168814,6601.39626103528
8048.2920912624,7112.73631653904
1051.10317658759,9078.93665244276
1449.82256170788,3810.51022381916
7461.28407796837,6849.02136001572
7133.24965404155,7313.20609499862
1210.09236985083,8325.67513773106
1838.6404517641,8642.25684517486
7081.75415025151,7563.84624402459
2733.40294452252,7488.92529633634
7238.00343114641,8041.28940232636
7735.97224680683,7366.13387917298
7138.22384655592,6853.99809191973
6303.78428703803,8789.10958548758
2861.92862247092,5858.68852431466
1263.33300128946,3530.48817017631
1238.24345978126,8901.63968591594
8596.1018164862,7638.28792102354
1193.79209699647,3318.69413603774
780.408919643141,3290.33831906592
1542.96793957474,8996.68478277385
2231.22410946652,3851.51885160029
1104.66972928165,9241.20537757657
1305.21410526238,8758.60896735482
5855.83338297168,6866.15631627692
8293.59033126896,7469.22169377022
7589.95557674527,7292.79658282167
7167.68802379314,7860.38103217685
1779.47828890969,4282.23707527735
1224.97294435022,3408.34650372963
6823.56725520075,7581.91416205659
1870.98379328993,3533.28986323858
7529.77141004535,7938.45519965099
2372.07862702469,9307.08120316321
1222.49193221188,3560.64526221167
7934.32660932827,6370.03339991573
1277.78948368686,3636.2123957646
1556.27706004711,5875.49770004868
1906.44567530582,3875.58038297196
7303.78741068793,8434.91202928246
1077.31296898445,8749.24467788588
8043.06421617054,6459.62298120859
6927.3715539344,7663.6634074085
742.116403373235,9255.29440632679
7195.19170843558,7423.0455741236
805.319420977196,2973.59839531444
1397.92903345644,8780.96902174743
1279.18166227292,8778.6250311182
1186.3863190556,8964.75761980201
6750.87667540298,7519.10455487652
868.582312213076,3177.49173825911
1358.78772342287,3767.74262113054
6748.25578470418,7894.55922095618
1574.9014458977,3644.96101875814
7510.03767150165,7686.70041381802
852.038118190413,3434.72759445146
7185.79496966174,7445.40840968052
1679.70390093248,9094.19216607864
7217.9902411418,7289.39389669828
1417.96253459642,3603.16351825098
1282.55224234156,9158.29372523163
1408.8291522808,9160.69073819168
1663.78584655966,3764.28338870563
8444.57679997402,7490.12996843235
1298.56872636268,3415.71846992299
1572.16113845611,3596.34917827173
1502.08405189051,8974.21918556191
1981.21770860584,8962.54578715928
7274.54097993634,7721.70903591285
1443.5189109542,9283.31934043244
1059.96091523289,3197.04347549912
8003.14603078535,7436.53281858565
1223.18189754465,6339.48826837117
1778.70856451126,3606.48790993387
2495.02536503778,3763.08815404573
5057.17557117954,8964.28178410461
1646.5208992797,8687.2297065834
7419.99952215063,8122.44775396773
1364.08068030798,9023.71078074141
1551.50688720485,3501.34081296913
7335.23372725797,6971.45676011272
8630.75834956695,6958.43184259837
1440.63314730196,3442.06908391654
8151.54668197895,5117.03774924649
6673.52476298499,7320.60266549942
865.06008919643,3658.61754991677
1521.77177615806,3608.66684514921
7523.64923602815,8808.37625255594
5093.93711247593,3886.32043406876
1413.00134800848,3682.79894747146
1606.04483473853,3707.49121301865
7839.63774885776,7294.31470060549
7607.42865096634,8033.03983571622
1576.32097008325,9002.6963091881
1663.05544191225,8975.00680718594
8606.09271981118,7790.3593156589
8062.25134147066,7262.66537310715
851.052518642927,3476.55318399138
748.297706222818,3210.8601649122
1546.65564086887,9106.60385651691
7716.89037936276,7609.95697425638
7211.52042619207,7879.92600174823
7521.30125661642,8370.64481078578
7969.09044439651,8250.49716094199
1082.60061655305,8773.01186799627
1674.73054432171,3817.40992283701
1330.58236162217,9273.27061111808
8876.55355138339,7397.7073508291
7902.65345046896,8152.812303701
6797.70712879611,8113.79920089035
7577.25454342591,7725.85503197023
1647.1722109848,3488.72203772724
1586.84775765467,9214.39301626699
6765.49663979054,7117.82714810262
7439.14130204806,6728.44717456163
1791.57675568355,3734.09329140485
1972.34971069319,4024.36372357291
1471.83079262691,3801.18056723865
7507.92953259482,7465.91788727749
1703.74979282435,9206.07480144445
3819.16452761964,8143.80030591252
7255.95583701041,7720.29071316591
1661.97429168258,9010.21814556413
1359.02643046023,3600.18482029433
1233.71982459326,8574.4017787677
1998.65095748424,9044.12991577821
1357.68998680243,8941.66697192528
1353.88073768737,3857.33581437063
7576.68610447805,7611.87101715034
7517.73552554139,7835.09809786464
7784.85401034832,6970.93666415901
1909.22849248566,9169.12436903664
1830.70416258924,8369.54783493444
2005.8954350324,4847.12923568045
1274.40260841543,9058.11274998471
7400.27672722027,7542.90511622854
1465.81143473444,3431.94954580946
7071.82101740414,7200.78270722105
1106.37197749471,3462.60333778503
7771.41053103412,7837.70194955467
1897.9091020235,9155.57450360132
2922.32760061191,8522.43458743985
1857.5169580121,8814.98187422086
2051.07874438944,4406.42681142661
1207.31964957666,8603.60005691245
1527.37677002191,3598.4816913594
7355.24237429432,7174.95985090516
1508.41512981385,8779.46529643808
1186.37946089144,9010.01306369152
6723.19532613172,7872.05827549304
1735.5823249654,8770.39350061751
1906.52531133716,8776.69966450593
7619.2475548711,8614.14374446629
7685.56294611095,7960.24240650434
1991.13339059759,4110.63534033702
7218.80411539365,7496.06630208178
1648.11827191125,4682.54546359105
1834.34819318504,8417.78519019542
7042.5667222368,6882.8083640724
1702.0126795325,8552.81820882582
6567.62926345325,7856.66217962499
1100.46692932187,3532.25798884677
6812.46252106392,8143.59651732539
1850.91804600296,9387.5165298023
2325.62378622585,5055.38935105692
7585.59429080543,7751.19479088839
1259.63438612879,9063.63213991478
7350.22482743444,8668.73533499779
1481.28151381917,3811.69743617728
7273.77392891627,6213.47962627295
1615.02739206786,9019.83402950644
7084.49543933665,7936.48111581146
1245.3412639484,9290.50860925151
6586.90643445893,7791.40657349973
815.814028114408,3237.39500135756
1662.52179862793,8875.78492255491
1834.37281713368,8920.428601288
1047.13109485762,3604.59962463483
6653.26102210096,7549.73625862979
7831.55612518205,7573.70554352806
1162.83928475017,9047.39741599798
7730.17975912657,6322.90169696057
2319.51816259182,8078.30514232059
1617.38697395743,8572.53373997155
620.665789689121,3147.72985271121
6350.99782719933,6356.12362579582
1138.67628988127,4589.98476761809
6830.49529697758,4885.45114666813
3785.60147819778,8854.3141966777
2084.55202120823,8638.77742838553
1960.43783277926,9176.05250711273
1255.98676419522,3432.43985698006
7922.16325510169,7856.23180255858
1428.40002658102,3475.48288679485
1407.33655343769,3654.51712570404
7880.88273789507,7970.74277350807
1904.42797134551,9131.26234132082
1066.92247434732,3497.03191802446
2283.723733512,8181.95376006646
8077.11097157064,6876.7091193616
7212.47895146238,7102.69625458571
1481.76128007593,3724.6218100071
2755.88330715236,8395.18336212431
6606.73937648445,7610.3825678089
1310.1597034027,8623.83685396589
1715.83498430564,3800.97762769277
8156.4107290674,6625.28366041414
2231.60387223597,9126.34252157923
2803.93681688241,8613.01983073271
1508.3357533645,7646.39732682558
2510.42808275342,8237.35047447467
7176.18481845354,6726.44049820102
7452.05541448103,7444.55309183335
1948.76924156151,3242.41494074239
1503.22098221562,8254.54165917855
7704.3119684945,6739.7577102538
7000.30419033491,7836.97933246833
4929.17942261031,4274.51984513761
1080.56062175594,4020.20357411535
2942.07184628288,8095.91322180647
8054.10498962416,8182.60575644017
995.233127625059,9059.35270843923
976.270634501635,3550.53581825936
7112.24661793882,8086.78548747
7359.5864014776,6578.18910349562
8685.11099381567,7114.89099803166
1526.81309849989,8849.28157691348
1751.61183904255,8468.58261630469
7352.95045977881,7142.29230721705
7632.31994733306,7445.26260977365
7643.79422613585,7487.21940459812
918.7030127204,3272.66474131594
1084.4210077059,9412.21404853044
1595.76005131672,6301.39395179688
1575.74685280885,8991.7238558244
966.504602698374,3394.26988198751
6819.14894841833,7224.22525563443
1877.20432453265,8371.07073179891
1755.99861588711,3610.97072728478
1597.94688920225,8357.32397070488
6626.97184803645,7353.09854914538
1785.24811722966,3916.52443831349
1211.96148055118,9302.34376266042
7232.9260092438,8140.28656277272
1733.7684740865,4340.90342478195
1760.8700562182,8632.88996440311
1822.00498634916,9350.25711792163
968.3640626147,3446.42853582697
1391.86834333894,8721.27798733305
1676.41751885998,3937.81422489655
2000.81322536881,9052.87069462646
7678.1916258426,7297.72684632186
1680.16206297678,8787.6332291089
7393.19850386915,6668.98948920685
8259.11417424212,6032.19702713786
1268.28303509968,9163.58777229377
1258.46897000737,3199.08878495289
1342.7253870764,3510.09395353066
1900.34818176382,8170.08543910068
7228.32314936038,6997.74596489526
805.02710412511,8572.63059100574
1455.2355606083,3446.42151069888
1641.68649326683,9037.09699445566
8646.0441272247,6054.18459529704
7451.23824577649,7573.22023907813
7429.74857748422,6129.78691666034
7996.38366364424,7671.42862339259
8731.26637846132,7364.64614416973
8441.79891149257,7208.38871906205
1145.52782432341,3364.51754882312
1377.67311578134,9575.92710155582
1523.63534099795,8167.19187938802
947.251336785096,3379.39934454675
1869.43983752244,8434.61343967105
7943.57750866918,7940.07401028316
1893.58575324718,8840.88749261713
1381.99362499331,3822.46646902245
7938.78203603335,7062.28636554757
1559.60772924864,8896.63821629474
2892.53310552895,7905.74016282784
7317.59334140187,7141.71447791663
3678.38554007032,4073.25431542406
1212.16301942231,9184.45856087885
3076.3641819768,9043.00532801097
1407.76543873669,3994.78669022304
1555.67174536937,3445.08074414652
672.911800275406,2991.83845949161
7140.80124696295,7148.54658239034
844.562834586656,3199.09048056556
8177.87102708054,7472.77892470637
1507.21896128209,3751.11114795654
7395.74363569919,6416.49124050425
1521.15758912583,7854.9678517084
7828.21224848666,7915.82132229544
8727.94343084717,6826.4230328008
752.829054548718,3217.41877018972
7863.57152284887,7483.84821338804
7780.21011313087,7001.49391055254
7707.48211219279,7594.6778816204
2057.01757083516,9352.10241761448
1331.18922381532,8690.12855438795
1411.77358009642,3829.20943473109
3029.59038507985,8785.59776494815
1346.6846703144,3819.39635347752
1342.93250639872,9178.60705577037
8661.36997646761,6902.21804348117
1718.08967152434,3744.95563707594
7467.70855663345,6546.75277876713
2103.22979716152,7923.30822125209
1662.241768812,9303.43789621254
981.785876225926,3371.48807035603
1859.30578875688,4397.35002736486
7904.73375197702,7568.74012841472
1373.14899074569,3547.97602352848
1485.83031751796,3499.51235791426
1316.36478204189,3500.39551124012
1122.80991202034,3414.0801458463
2515.64201970259,3433.66075477851
1053.40079157169,3620.35650474176
6955.1968152412,7888.33196690195
1490.44781723175,9032.73077512345
8234.24580858503,7139.80602121461
3725.50210887046,8581.88932351954
1054.86296252076,9078.44454610861
1385.98641221889,3696.80454911658
2541.99965933124,8808.13323698868
4376.8904173193,8302.05197901654
1762.51030475717,9184.51720165657
694.933666842598,3027.61342535461
3772.34643830929,9219.21616876472
1674.58734865374,4068.84243439019
710.42682372122,3170.68216891208
8557.50066979582,7822.18088598665
1941.63273553934,3908.29370184903
1148.52157229306,9245.08929196154
8150.8184415864,7093.90137541272
1614.77782082213,9102.22654884323
7458.64308938827,7267.20310861973
2237.39852824278,7478.04881431469
2387.01415305923,9040.37682315212
1588.5565824645,3855.78241307157
827.350660781711,3174.71700871394
8029.48013891516,7663.22080031257
1480.36526767043,3729.786965136
7531.45355487981,7626.48141589914
2427.88573774425,8909.06255425278
1742.021985514,9237.4062929829
1900.45905241308,9199.96646325785
1250.4735808417,3547.14829351707
1425.72655408126,3720.65254452838
925.062888871179,3435.58689821472
1237.8671633762,4099.47270290158
747.290694680174,8831.05229491512
3062.40383652671,9288.26698135802
7572.62804982564,6889.37652944297
7251.20810092394,8169.32291495137
7374.96974675119,7025.60593446368
8165.97925962766,7002.01273673692
9259.56382421723,7359.92006588611
6935.85556511865,6981.59974043079
2084.42507018394,9035.39581883214
1560.71775283192,8355.47609545904
1803.66393656672,8133.55476462809
1588.93356452253,8150.12049562696
2309.27717711279,9321.78399372778
1532.27512829384,8821.47478999848
1420.20276093106,9311.71936095895
2268.56941299734,8494.55078812309
1089.55636705279,9150.30132226245
1412.38730672447,3358.74974864645
6987.46654113854,6971.79932238533
7559.37907445038,5267.04000603536
7726.4595842182,7851.26407260975
7295.66118103981,7276.7874959575
1344.65805853857,7945.07373801837
2137.24384181129,4003.61146939769
2225.89734481495,8558.02193043922
1254.9287693774,8766.7862192803
1198.44988281179,9119.74274134063
1880.39623419937,8422.42289490088
860.192819473099,3245.25244220363
1400.75073504097,8928.87531582356
1881.6907473284,3908.41764131499
1865.99034103594,8646.56520689844
7186.01091341895,7863.76827766874
2364.19271736009,8371.45923468407
1233.40281517761,3676.90824216554
1549.69372973382,3170.02699691995
2146.87554150239,3650.04219906739
915.659857945906,8856.41102659023
3193.46419209649,8557.62645059955
7862.87735829614,7509.11742483927
7140.68614136176,8359.05736010558
1644.83336353809,8666.53875231356
1169.56920071846,3248.25955785947
1411.71722855411,3976.87600833201
1549.11543769121,3862.30894786418
796.401577641524,8923.98781715352
1805.33258804129,3613.86200521245
1331.79383338086,5332.84371387075
7386.80726337741,7698.52307908614
1723.07056545733,9009.89830478145
1339.14822829827,9114.24959281872
1116.43892892948,2848.32957071644
1127.28719335824,3313.36771970924
7463.91973627974,7414.59967266221
8885.99857211485,7716.68437824596
1571.88432208476,9183.98573130183
1202.67961562767,9087.49529444636
1812.38847802653,9044.07111161486
1308.8046932039,9016.55415240337
1615.99426180514,3709.43352078757
3403.95595974163,4150.51763382748
7509.24224581795,8044.55652985204
7617.22624891051,8178.04744627197
8943.18868481521,5691.12916428352
845.459613677933,9056.35569404375
1217.19840460514,3653.06482529158
7216.28508873447,8426.77237753184
2149.35730654583,4967.75277531664
1129.93888678913,3281.36576384429
7524.92381860021,7828.7883472018
2199.78756088489,7956.39015821021
7763.24900123356,6775.17126246099
2121.48884636111,8997.20847280784
1182.54064038482,3513.0186255844
6981.86526084025,7848.36202225125
1678.53173179995,9194.16665849147
7438.06467060819,7613.40624309297
7133.57572091905,7006.12040757721
7639.61912640047,7063.8070513782
777.212885216109,3035.89373782832
1996.90210713971,4373.8092804923
965.302749987534,9100.21886784496
6719.23088338458,8242.82156547293
907.268165772003,3038.75075589516
1452.00766699162,9078.63343547049
1687.70045938173,8526.45290630933
7717.46857725187,7277.91231226664
1275.33352738118,3731.23174196588
1347.73184442817,3822.35829378783
3510.0315683495,9496.23786279458
7320.88014603379,7855.63240247307
9129.03720243384,8221.92517071925
7466.97143205133,7544.02238303867
1405.88886728062,9106.94326400169
7329.6014559635,7643.84739074712
6456.10052242462,5326.0056772172
7619.88774615866,8261.38129254799
1634.6771506815,8990.23449667853
851.309636865573,3338.08583538656
1361.33554172312,3981.47350329846
8996.88180112598,7325.2783565279
1267.76776721994,3580.31670356656
3038.77342280323,8975.39008581571
7042.81364691899,8634.98546358322
7385.68150055118,8295.92996870712
2406.84994465428,9222.15547989204
7715.02460068098,7523.87207212791
7257.04164785198,8102.3525908266
7663.41671324534,7959.42781122382
1557.09048969284,3262.560063586
1063.5233315318,3114.87596517282
1814.99582253359,9321.86769705674
1281.19530524468,3780.86538920408
1189.72364496586,3403.76514328859
6796.22777475222,6445.06521173967
8527.56978918259,7499.69739989153
7742.26738126933,7409.07788278062
1497.2059296226,8922.11919402542
7826.04308784692,7500.78588860759
1080.88659184793,3255.807781623
7286.66449977235,7150.09531551137
8544.56665162904,7897.42653199825
1846.90157639776,3675.13628967528
7645.14442928259,7633.68678919007
2454.45649118985,8984.2901928647
8486.67283932752,7537.60014810398
943.283119551868,3531.10710911003
1848.59782524993,9047.49490080813
1990.81876792388,3325.34318167802
7544.63892169661,7849.12066467895
7462.79429783432,8038.85483501833
7337.13443118171,9177.80755416551
7661.15230296732,6310.6711788173
7160.04175900215,6791.01876143354
1854.21352450593,3734.57253530739
907.023569309991,3293.77077626948
884.77985986464,3368.04674422294
8358.82308091863,7561.98543451505
7497.52658132271,7446.93535920778
1683.08841928425,3649.13667073005
2433.34431064663,3515.48870285577
1657.40927422705,8905.5012368077
4170.37918256907,8267.95897336915
1608.75738338342,3678.88625417847
8578.04020085991,7593.3208219763
805.499539631167,3199.34291978444
1238.0555506524,8762.98292288896
1610.48761098506,3873.04850456941
1014.75849075747,9090.73880384842
7122.2476489782,7380.20911545124
7946.68551900939,6478.01384852526
1444.30484471492,9085.43647397845
1000.54254615815,3152.36669110003
8218.97790083389,7474.85893974999
1523.52327512501,3429.72865773384
834.197004992675,8265.791091137
1763.21598343501,8878.44337686785
1600.02863062581,8792.96904578295
1265.79515863892,3878.62378387947
1608.51821803522,3656.90428636008
5357.71228147628,6177.94958325176
7599.03579896441,7933.49893880505
7465.67325442034,7706.06584561875
1146.91805304756,3592.68501470404
2036.63338037883,9118.52020656612
7215.57898083982,8005.31593587131
7535.72537918322,7882.53256682535
6402.80020233378,7283.64028015906
1438.68427679528,8981.8840808907
945.689679541242,3317.07939647836
904.810604128357,3404.98403145654
852.712521149864,9391.11543160394
1713.50491999111,3509.68363806821
7867.0225201888,7249.73290719634
7636.47333500357,7599.64024721162
8095.64524506642,7434.70300453049
7337.23539632306,7884.23041908724
1189.48191901448,9267.33098536555
7737.37326359827,8113.44182454686
7265.07725339333,6850.37388611653
1655.317154741,8267.68776799748
7680.31894098137,6997.80516675858
6619.80616497417,7247.5340166842
1197.12433215754,8777.71543633471
9248.61989307693,7718.32821943315
7947.13104129753,7835.11638273176
6895.58746397689,7906.26503892707
7407.5370243033,7881.90362698833
1021.45359505001,2924.11764767162
7542.16189132153,7717.74588168364
2477.38139641153,8455.22062918042
1105.48366554458,3662.06959994947
1912.90708357715,8257.18459099938
2008.36928094727,9170.35189516067
1301.47257423708,3369.67333373026
6237.65947365534,7691.06012269613
1668.67583142964,9377.51441456242
5109.76882115296,8916.68498623727
7068.46003110893,7122.02837221401
1922.7639320955,8344.62535804013
1719.42395167065,4045.44754293297
7128.96161999528,7542.15005450209
7724.69347893707,7680.0726452159
8065.84732249179,7663.95429252031
1425.05629597093,8946.59573015259
5923.87003519624,7904.35865207459
1094.80200117567,8963.31071433515
2015.33416064312,9145.2884811937
895.837359736743,3272.08124678679
8086.679495433,8442.78538165047
1744.94017140802,4020.6418136704
1433.38977610153,8675.46290808961
1084.62894093186,3690.23828653358
1897.78833571591,8990.2842336606
1358.76920386468,3635.70035124027
7004.79750980578,8033.93252812885
8802.79992906221,5536.95499509353
1670.6235506774,3624.07498006406
6745.02002535649,9059.70271416304
7106.60420264404,7388.44495494908
1127.36329463132,3407.39881931366
8517.6255671146,7479.52580109624
1851.42115441145,8892.14894378897
1889.61686504316,8995.84396495338
1584.80741217394,9081.61512010656
1040.51769006524,3417.69324244886
1631.29853038607,9480.15636899667
8387.23046297771,6640.17191003368
2385.39128031087,7632.10676526123
1477.24453722617,8633.22596687619
1159.7429947285,9139.42979896768
7421.16129668552,7366.75472520996
1761.32928823535,8763.83543321498
6682.51772930987,7533.51880880588
7496.79178836394,7641.52003993809
1074.44208711459,3290.29133746631
7160.95638216398,8040.06726748306
1379.81633100273,9171.30171839038
2031.45417858389,3629.21575675114
850.448064232259,3488.08215865767
6821.7313210388,6839.81017688048
7245.39821725657,8049.3178225301
7568.74280686743,7461.60709792048
2366.17579960696,9074.83980329062
7973.44649174066,7772.52145955635
7270.79255167254,8325.25845557361
1785.56790429754,9172.51850481578
1213.18907755454,3675.15918281314
1411.49824538356,9048.15008224471
7723.10254626105,8242.23398855171
1700.07893130663,9442.57517236604
8333.5555451837,7579.36117899384
1426.1850104948,3665.94124577184
7161.93610169325,6158.31413129105
1716.91709153396,9097.19244874121
8585.96647407883,8240.89172581103
2340.91140999061,3675.2521422093
1102.74240071726,4521.01267574666
1649.74969379409,3700.17087374331
1709.43988388772,8764.52697543699
7055.59105678407,7446.98810128296
888.175238389545,3411.32925633921
7454.11374737378,7927.34366113889
739.239455933619,3001.55266101971
5412.7896377355,8682.84217705859
1288.71046638769,8991.45484746551
5648.98264943031,3699.12401451948
8183.1292077142,7054.2036921736
6660.56200139036,6636.01876589934
2099.23259677132,8494.73827679533
1596.33087658447,8334.0203764995
2218.92427305578,8078.59059373929
7318.95653367633,7219.27984742007
5401.59279923567,8059.42908552298
1024.0561847719,3093.75175950792
1483.03796596045,8714.93187444558
1977.5068676868,9194.74251070316
1855.15593190171,3892.69514869683
7197.792090259,7950.82006111168
2266.92406946177,8429.79819335695
1681.64964403871,8935.93119171882
7103.39559816621,8329.02547252303
1605.01667013273,8829.16291912581
1433.13607753125,9038.3514195709
1991.46217470647,7964.02562925828
1410.46047337839,3532.6174433046
1263.43015422982,3410.71835524205
4856.55743839073,3826.11455384883
8150.08039672131,7567.68571928436
3105.55448147806,8363.15119236576
1706.45395023688,8984.46187990417
1699.72351611071,8884.5892257225
7536.03069858855,7239.06838311698
1306.35105709609,3816.27265940712
2396.35835681521,7448.16746466168
1974.41440748227,9447.5569834567
5004.08904867539,8862.70589083773
1854.80720732117,8086.95712039004
7226.79659520802,7378.72754177037
1413.36353849099,3516.60910260055
7794.46099578106,8739.70043435435
943.467261918365,3266.15217045134
1406.69349683528,8671.14055779478
1009.10469973852,7894.76219464194
7326.79902444697,7053.08517409123
7281.13313380721,8285.47246520522
1666.30485937177,8747.04745074873
7476.64277170586,8271.64767237848
1564.75452140074,8881.51113272525
8110.22776911615,6470.1757186866
7294.16980119962,7706.34294440361
1630.82756864234,3875.38853085338
3202.88235173427,8641.3387194881
2009.91229246051,8987.77774198278
7444.20673977819,6973.73315361831
7480.23702197973,7959.51292236673
1282.60281490644,8993.28008168969
1550.56445839845,9146.48095716361
9052.92805708641,8410.59519965551
7423.27580510419,7395.64978371238
6552.99808251436,7985.27757877902
7018.64522009149,8179.21843358483
8370.96589438872,4779.0271052569
1909.10070133731,8692.36452738923
7112.78286638745,7583.50150407352
8897.7028382894,6271.98574044284
1515.10763569544,8811.82079858443
1417.2736057474,3813.87473612692
7115.89320384099,7879.68968566548
4779.78321965833,8274.59911179563
8193.02092268279,7368.15953806563
523.366387987165,2974.12944903067
7786.76600197295,7275.87283866433
1989.76774411657,8667.05271756941
1044.92363021502,3325.03837168937
1341.59022397638,3734.56240114008
813.315952046902,9113.70754064148
1483.42265188585,3654.86986778998
1000.27443340376,9107.44351428493
2411.02984055586,9448.49724343854
1492.13171238159,3735.32554246543
7762.34267770271,8188.61948428511
2281.2173873648,9045.19731754162
1988.11992539065,8920.71460030126
1668.49082522775,9096.38760696548
8626.56868894741,7770.85384537695
1557.56482046833,3870.30389860092
1222.61675902394,3423.87515838528
6301.80180067666,9133.97932051031
1542.32036317215,8777.83696935083
7699.86021812343,7793.15733750462
7343.65208549023,7765.07721855645
7895.35207206181,7668.43698366545
6627.471109178,7597.17543814051
7101.13564720481,7009.46996565896
1153.91467798818,3692.16747992696
7451.27686887689,7438.99136658336
1216.98004253328,3231.50242830907
8239.55652239494,6545.67795264681
1209.17617711224,9189.51777022829
7641.02837320675,7799.10844909546
1051.71046790494,9032.62491620803
1810.23261867871,9203.2666272756
1029.89866428093,3590.6336434873
7440.23759426244,7098.21359862467
7422.66199287223,6985.29417483472
1570.50184315103,3281.05826067888
1689.86597044174,8781.09084148071
1952.17153808903,9694.21382753596
7948.08421613171,8945.80164537186
3243.13657131681,9264.56327586233
7897.58672961648,7855.29611193601
7223.92175818676,6590.09143983682
1705.12477360678,4388.41412650712
879.581205458781,3615.09655607271
1600.57912885409,8410.50642160267
7562.05917245483,6395.49544613758
1473.1213760605,8552.77177537051
1621.54587058703,8979.5846557565
7567.30550781497,8341.07318608158
1452.57911862321,3685.18884010918
7735.14047646483,8105.90422226301
6860.68907466865,7761.35526792928
2510.85183043434,8803.50429546678
842.083695797812,8153.11363263686
910.153280416187,8788.90407353632
1894.02789582908,8960.53498077954
1884.63098642915,8874.77909683962
2049.28356347747,8808.90479637169
311.540378780471,2721.84403347781
1439.31309148212,7972.93630840076
8651.80741274233,7729.4114738747
7337.90483218617,7339.43874489401
7415.10172180166,7843.67935864055
1623.85953857135,3924.55809728236
7931.49218131419,7905.96183832928
1417.82449694858,3696.99216001836
1575.22854966789,4070.70484058057
7797.08620626832,7545.65332518196
6631.4078183291,8068.10196527819
7392.96794286858,7452.75441567626
2978.70292034309,8462.89301675252
1770.14096749895,8902.27481682574
7423.79022359414,7326.58204861387
1166.30051619284,4423.89223837783
7516.77944440925,7017.71612752763
1698.43270368708,4088.76186321942
972.318414194401,8965.1958643255
951.367113032416,8310.14473363392
2797.81112579149,9054.0313682991
7260.32339193098,8143.96052884388
8301.52133567313,5683.18681229628
1208.16115879491,3445.17601271555
2278.32383773238,8109.15030602868
1028.9471962855,3090.08194540826
609.429140086988,3330.20043514466
1279.03256055431,9151.09523198968
1144.34188336392,3422.85270690544
1247.75995489498,3605.46871026928
7499.77531217822,6793.84245341107
8557.26332828786,6380.63187778377
7704.21543331576,7650.02052198658
1674.78735038977,3656.4162067896
6731.80935988466,7825.03326774386
8475.29687380587,7973.89032388264
875.730910852923,3480.8203239522
1769.084135685,9011.69052453994
946.318792524468,3419.07253085856
1771.00043555807,9382.81281234559
8233.80808737514,8063.6498817811
1078.63415403919,9032.38871851149
1389.93425749704,3434.4537905027
7906.28507174632,7369.02959997494
1502.37930233478,8189.40636592382
1033.66423353079,3522.39652465336
7960.81011728457,7081.26539911839
6618.15506424636,8300.82097342575
7758.702661111,7371.48737604399
1600.08287159315,8683.09328638768
1007.95504912046,8246.91326183179
6802.34224246752,7870.32065897788
1249.81005472226,8878.6302284091
1299.69325385512,3558.22977773195
6878.65684113531,7951.55799216736
8100.9673241234,7257.34158764975
1063.87945841031,8271.60890160974
1112.02390050056,3315.10750913344
3454.66666592042,3340.76316969379
8363.01175403236,7812.41429530513
1225.27855395922,9167.76408122642
1266.88219243576,3391.80696638471
9055.40922046078,5746.67069024145
721.839242396163,3289.5921457469
8486.52655619495,7456.26479343675
7228.19231878111,7709.33270241676
1171.42315595876,8227.13287880647
7401.50306190188,5902.5101903417
7612.81052271343,8193.04001216731
1286.73894689978,9218.65837052555
885.968402281937,3474.61034748767
1508.9304650736,8868.96503579659
6470.10600606204,6706.08910572838
7964.99919638082,7477.40516361622
1280.562121768,7969.33013697136
1145.3656185852,8836.2155108993
7785.85372670932,7865.91538980461
7302.60963836936,7100.9649168562
1258.35310330794,4039.87667493638
7533.44179670296,8007.34301145444
1124.32706781172,9282.56126020644
1105.68029693642,3599.16523796069
1565.17646005484,8365.65526846733
2448.13897684103,8824.77568163226
8835.45432359063,6323.67904439728
801.910183612361,3399.44442181487
8314.03175618669,6653.8896872607
1593.20622092835,8962.65101887363
3019.50105730081,4274.6348744346
3020.69567104143,9014.6236791921
1325.35373362388,3536.6556884761
7162.4285617023,8504.2347515595
1429.90793455281,3620.49133938913
7073.76910634521,7739.48761480073
2181.57997759057,3984.88305246943
1123.33935751847,9071.35648333213
1532.3685154839,8202.90756015679
1779.91377906473,3987.10282460594
7281.73692345899,6670.41038849652
1051.47585728018,3577.49693880004
7061.14971053709,6598.23234934631
1594.56762107924,8903.60601180685
1474.80551659949,3263.81601646121
1753.83847076656,3943.38931018495
1606.52357156041,3630.52486163444
2890.44765274843,8991.62416617801
1359.27793717026,3455.2054269811
7932.02663573906,7191.82390561196
7231.87633540264,7447.23601612856
1220.93798845334,4149.63279660898
1335.69669516665,3178.10764476024
958.70123233206,3466.33129408256
1714.29522903357,4865.25357880188
7146.62595647009,7883.08454916755
909.533173627557,3179.98723225835
1700.53558502446,8950.14042494609
959.321860584214,8935.89136697539
566.071690557581,2901.26157638128
1842.77515329535,8617.02368724099
1551.73715829244,3721.06875371398
7422.33754517289,7428.90372256306
1252.84300273088,9175.76538111314
7821.12017479368,6302.55786689592
1305.08276703298,3416.99075401527
1315.66046216321,3471.37605015319
7329.50650678447,8056.93471641107
6704.87895391495,8190.89351915532
2155.77708188258,8949.17888963494
7671.49875468852,7522.37732943142
7127.14527241244,7986.30343938804
7195.68937873867,7814.58806715358
8158.03572681097,7893.78266128766
4517.0288511046,9665.12615884393
2769.71247704163,8534.98538803576
968.799868051781,3457.19408406499
1410.78928452828,8996.61243800559
8492.14313855267,7955.1629956603
1487.38733423595,3996.75036749516
7457.05114965883,7402.99721633059
7249.3776926946,7953.03465554638
1123.92242420104,3360.46968700233
7454.81469295063,7969.09649027348
9109.27170447099,7698.8413433839
3623.90567104686,8389.18601348719
1485.11807440781,3591.19391897376
8192.53536577701,8016.29142323515
1734.29601021397,7588.67792680015
1311.08020909496,8840.70093732889
1684.15190468078,8966.17867294971
7095.25297600153,7325.62989689899
884.688582969953,8986.16734408425
1266.8799775353,3482.95110829516
8629.54788686582,7275.04915325786
1904.5274358944,3856.56337239848
3701.26218624991,3620.0438836493
1080.46932829679,8630.48908474346
8744.57194119649,7117.08279744788
1731.86174299088,3934.96918539417
809.178860830813,3378.02681731411
1714.62943263271,3958.83408271197
7242.78917114182,7433.38586314486
1014.90958620711,3391.54261176728
8062.51685113308,7773.55441795769
1164.6805277017,3033.87519676056
1441.19089867933,9068.65408778089
7565.40202955878,7558.08978790348
1400.87947388238,9048.54476664067
1622.53667580917,9192.93601948688
2058.53358449548,3859.93578247299
8324.7963780256,5585.00136655643
1867.50390715189,9047.00217480166
7332.07898193811,7471.91505635079
1796.07494457006,8546.43977820504
7712.32793576783,7935.83542645733
1731.88906800779,3252.18596222042
6702.43965133984,7610.02554772294
7212.93849166573,7697.63607848934
4970.62671252854,9050.52266762854
6354.46346217391,7784.07327816584
7321.82494745559,7536.84734892961
2079.78981337525,8170.47600177539
1484.89363435199,9286.55714595138
7366.09494801634,7510.83310539714
1595.95781169969,8976.93137249264
1201.27427426317,8989.31799139744
1055.02477562145,3392.67769487168
1534.2425183923,9050.55336860195
1650.10519766827,9117.4813283921
1565.76723993167,9035.8678506708
6925.51523792112,7077.18035424042
1537.08001452587,3848.61625179632
1078.68649205979,3465.76929867803
6779.65795138306,7376.30621525347
1775.25999630196,7914.27438894376
3076.86670734362,4654.78472741181
7465.82458501893,7450.34257714151
1502.64940533518,8180.19569849063
7207.31377400356,7013.72793061358
1836.78909465531,8612.05153845371
1962.94667333691,9174.94999426207
8237.83490348315,8509.00106204888
1195.34238871827,8225.29088611361
7116.91674970101,7316.19227367229
8079.78149394326,6829.20904358635
8106.38879412874,8089.22203872776
1348.1631081655,3670.34644432801
2004.21544574085,8990.21489623236
2262.89702566263,8531.54423297651
3237.54469170341,8714.33655192586
1834.28648217489,3672.16122779147
1904.24944589514,7907.21622104449
1480.18801597316,9054.20235836538
7247.07749783911,7949.6380987031
2115.4821320236,9076.13363665806
1570.27916302066,9063.68336738372
1502.70379341682,3865.52133203143
7389.4884332372,7727.62283991409
7206.1144717229,6669.14651536358
1311.95438403466,8938.03149535788
499.352070215831,3103.16094552495
6806.19384211603,6823.56886320386
998.834493376208,3452.96415060654
1512.63057266873,3627.15242472846
6599.85001234001,8312.89493469106
1402.94820461604,9222.68980046653
1344.42496607356,9422.46823309576
6852.61894170517,6946.83060384426
1352.13731225817,3711.76810977931
7140.70571136762,6610.51031150935
7465.47750591269,7662.21266279367
6958.73158769329,7651.77077951979
1600.34723069908,8796.43114153151
2007.03824247829,4714.82809753692
1623.15876897175,3947.15340996406
1065.90186271283,9259.10397890044
1658.42359013071,9262.89864516103
7272.27071747168,7004.75184727975
1587.38202222246,8050.08131426972
1449.46739562477,9222.98531886956
8143.91901752454,6981.03370468269
1628.3286510611,8999.49786978168
8129.15174077446,7552.58709403382
8363.07231271181,6780.86164711945
2609.45615437357,8238.10849439316
933.498230426425,3443.61890077494
1767.76096366903,8310.700132633
7166.64843176002,7789.59948843223
2203.31885574158,3630.1180757217
8614.04947602998,8067.27796584015
7308.74381327319,8266.90783273381
1522.27521348269,3635.66330081335
7581.0595265499,7716.20901253319
1599.17459050009,4128.54728404063
2032.52625449892,8844.25553338122
771.414858454685,3374.02352343113
1139.22638689874,8954.97759504056
2005.39000882668,9020.80257993202
1008.49238734061,3418.59462850309
1905.31376961146,9208.61402606994
9014.4442203671,7819.05287079802
1685.52839815999,3616.40822709995
1187.41801770742,8591.28776276655
1095.14650620248,3079.07248121683
1439.04963167021,8812.3271198133
7917.08533668386,8275.29087723324
993.349296648931,8780.32332096783
6458.45225156946,7380.48366786619
1242.30403054145,3909.18331135611
7086.80802992856,7877.87057386343
1976.49685280656,8876.50852828337
7056.39193145025,7217.38163832791
1080.83886019919,9033.73604801112
1560.90453867269,3420.25263017944
1090.97796168488,9170.17965002956
7134.19557791639,8583.74011651987
7740.0216823415,7578.3377226489
5192.95318623679,6928.43725621985
1357.05212948255,4001.53996395755
994.989077043426,3344.98871198813
7694.50059283777,7461.05885092682
1625.3394432853,8786.66587811895
7656.43828519513,8180.89303670781
1764.2440325348,4021.56179895104
4661.55763193757,3351.0756298298
7481.29042426489,8097.15787762328
1168.85824612701,3281.43323560555
828.085560038819,3223.23419694869
6988.13054578749,7622.85188313551
949.347794101297,3971.21786279299
2094.83239688991,8784.51027642814
1554.52593977542,8222.02167026564
1551.34071453468,8692.13402965316
1551.33731935566,3795.28749950288
1196.00776142838,3307.79413468516
1274.29755303427,8960.89387906442
8322.70875831297,6951.56861266708
1784.34343720927,9028.56140022907
7596.45801306165,7686.75730537504
1242.04706238306,3282.61132651812
3332.26124745069,8756.24445174263
1715.56512355434,9268.6150416097
1370.63884045182,8747.51580177406
6838.04549337182,8578.60898664644
8539.9884251837,7205.83057976708
1323.91689543872,9301.27459052005
7235.82299105794,7767.37849786941
1349.92624207695,3163.92768676798
4818.89093378842,7037.24434613106
1593.96537617491,3534.87686939751
1513.39296517206,3587.07714360982
830.193135717125,3302.17272793812
1376.60090550705,3852.08977551655
1947.97888563881,8587.18337104143
4566.80614235914,6128.75388815847
6112.61624005305,7003.64461873421
630.474902367194,3419.59774854916
6929.99425038317,7277.84718072299
1306.48540291937,3545.0044318901
7817.27312894986,7981.69669599583
928.961980798592,3225.19911508914
7514.8042176137,9385.74377287182
1059.0839187255,9115.33269692704
1356.61522646163,3716.60708617184
2804.31562790013,3329.94494432555
7752.45318657893,7522.50388717187
1773.72443931319,9216.22140657116
1481.553116833,9223.00120151085
1640.96920512073,9190.05805509109
7001.10741617519,7707.47816244069
1338.84742800286,9085.31409670423
7401.55367976723,7413.27896998665
6671.77427511496,7180.25542467328
1047.6872231405,7457.09896489757
1550.9848663512,3537.88681219702
1228.27579969478,8420.35612980818
7167.55303052663,7817.7610884638
7737.26424750783,8212.7098090491
7433.43454996747,8721.95236925566
1315.6251133475,3457.12993383696
7263.28537680285,7805.1216804927
7525.7556054163,8371.67934831263
1234.66754845006,3546.88543358627
1176.00063684565,3498.31344130189
1136.06992406844,8478.09677611682
1052.27422114561,9208.96904060055
6267.79480345524,7115.9934139318
1620.58154348097,3612.65045415035
2267.73865745159,8691.14775500516
6208.93297942404,7669.48396869687
1502.39958346634,9145.08153337268
922.78720760201,3415.65663097323
1521.12308635854,9314.69209975879
1309.65269382538,3773.69808065906
2089.31499559295,8452.94605226951
6520.1343751532,7421.21751744022
1293.91183126129,9024.4877737024
2647.02785568159,9056.27085221789
1490.36174388631,7701.41734772718
983.932768726492,9198.94222708015
7536.43048762878,7031.50270298891
7734.8740980098,6974.03540947341
2241.74157111722,8825.05608263379
6263.29437385925,6965.68864091277
1930.89416894857,9020.91773961895
1256.86809046152,3436.7076400851
1377.75573414409,3424.53883481716
1216.0214029905,9033.75344697024
3020.81316213432,4127.41407062674
7127.75758919252,7757.72066789062
8782.55290323946,7587.42060784927
1447.32418790738,8934.57983459784
8591.61993773865,6489.21191334066
1061.61365974862,8238.40469171791
2455.48452691857,8198.19048589461
1277.98751901619,3835.95562540474
8404.14499665981,7536.4055031866
7035.43954024542,7803.52788214393
1108.22824935981,3266.56779866484
1069.48990278701,3593.36161939427
1107.22514828683,3005.03600728559
1417.87013564495,9009.0559720307
1787.02050865613,9065.68094393754
9084.05834656975,7822.77979033311
7292.59462155383,7231.07674900536
7190.4032327816,7333.93191116358
983.515533348131,3329.26781154039
5016.79221022166,7060.13602690834
1808.18078801432,3598.59715599678
1943.24324176254,3988.92768044313
1586.57044800828,8782.731305121
1316.07476642865,9056.41044718537
2950.59338577402,7842.58353518727
1770.765140429,7734.03787867626
6908.17317820523,6863.11469546141
1536.56819396522,4117.57848141164
6978.57002543406,7600.50539016257
1459.74461862638,9121.99975334723
6883.12874599912,6790.47532532674
1033.63990124449,3428.92230427696
1309.84079457696,8472.19208074902
2619.43572974349,4245.84270299249
6253.82455755878,8267.41061250729
6133.47900462943,6436.19291825113
1344.26915061948,3769.81852181294
1176.73841244679,9211.67171236801
1546.76430492717,8887.69384688869
7256.72518554235,7476.50008831351
1829.12598956567,8838.17329864664
1938.97448905411,3758.86010138096
1243.02210373361,8247.69365420158
1168.48108788155,3480.86383745455
1467.00511336146,3737.43735190248
812.159429594096,8857.66659597356
1845.03824664394,3258.36234829241
1382.5528483433,4091.86615239057
6999.54959827097,9025.89149568704
855.178845316929,3264.24467749511
1330.14585478477,9166.09666824164
7662.3103048791,8308.4902341555
714.844725367805,3403.94481557367
960.025704392809,3644.3287968638
1508.29568461663,7964.57299756607
1179.31898676933,3442.06316572041
7664.13495472601,6370.52448270663
1669.11836575031,3957.24153235926
1234.59369197135,2767.49165714593
4427.74340771781,4683.20890078703
941.648201868484,2954.46960937533
7748.7355794806,7976.73558826298
7613.59744804069,5400.23544062064
7049.71733445896,6926.71007847457
930.740551232476,9220.51008926367
1318.34608082525,3489.78615477602
1487.05611337186,8470.55035629637
7819.12999149013,7725.28941196125
6003.00586082064,7697.44503639731
1202.7984444575,3711.25909112216
7466.37085109755,8284.29269854496
6736.02751871479,7338.01494233245
7680.89066961511,7555.23862246327
1924.59317072448,9225.14772919943
2210.66758873768,8969.86692543488
7314.22450814397,7824.65231665425
1351.31809141604,3775.99705441139
1472.01333873292,3693.79883544423
6719.67578288476,7423.80943802216
7441.213590184,7333.94954269245
6797.36517327101,6833.90210832389
936.201460453352,8768.45310737145
588.995540327642,8171.54276154777
751.675521837117,9002.1187793498
1494.15482394025,8906.0562060717
1365.14321033118,8803.40110554987
7240.03558003103,7709.22195596378
1120.49267249061,3949.02337815268
1116.93931352189,9059.92504856245
7800.48930951747,4888.7325919579
7888.44916614795,8455.03184512214
900.407642526026,3520.83901419034
943.889954553646,9130.51696620393
7936.44147893466,7461.48870408983
1545.86385892597,9068.76307225815
8123.16943032655,7651.29731250564
8185.10927855114,7539.86400290643
6402.90144279781,8180.35019042513
1484.58455624052,3171.17041390906
1276.29473251998,8066.57121811536
1449.05119297119,3563.21167690975
1555.11308183924,3550.37386309079
7588.53952362603,7763.06624469271
8351.00503565291,6268.23218780931
1017.90740697509,3189.94163872439
1675.29830928677,7899.47656845207
1622.65204812388,9208.14962614279
1443.98187849511,9082.1617011603
1234.03804733056,3366.68718071524
7892.15385110461,7538.11552335595
1555.91456268843,8682.08466392072
1732.94499695094,9034.83440147922
1159.91055940165,3582.36450845513
1166.74667633901,3261.96467268366
6980.77371487903,7053.72220661295
2058.71922255492,8598.76984430238
8098.63047540987,8041.95251252935
996.411649440428,3595.24313090801
1674.90343262915,3472.53989423317
7802.14260467174,5116.37653572114
1771.02442164461,4791.74477146045
2071.5325228259,9031.5145555771
7832.71703736661,7016.12056329363
836.151288159473,2977.62253221247
1166.27644733058,8333.31523753995
782.340024690705,3020.12848823953
854.978263178398,8853.18277992273
1526.45264342301,3850.02513850513
1515.06902076369,4036.95298142774
7355.5602855176,7523.02573031184
1741.42524986467,9095.41882438643
1120.42569394098,3694.36491214954
1061.83430906508,9018.42046620616
1368.98939568399,9043.32269629678
7391.7038279477,6797.36465185593
6866.18490411727,6681.80494638243
6992.15326435473,7954.24746219954
1448.09059904581,9178.39079422821
1855.30338487721,4115.71548308286
726.98723233285,6974.15655330879
8737.65632110876,7468.18116009956
6082.70493029203,7199.09611313701
1163.669213159,8951.38886169616
827.127317670342,9115.77220499599
1204.76859219644,8732.24534870945
2341.88017424683,8110.25001371812
900.985019345122,3154.92699449969
6792.31897378513,8276.14168212543
1387.36360882662,7633.42394011516
1987.53320818925,3890.9568491212
1694.2545466856,8451.47295797093
7914.15810221652,7560.603525264
7147.32584377968,6998.48344609568
7300.67754310057,6411.8664830595
7297.3225518944,7825.06744880705
1351.64972963256,3273.44147158627
917.856942729653,4718.04766588296
1628.30422210518,8071.02114653887
1282.87014068794,3288.97770287952
7972.35062524201,7765.60080666448
8734.86945803066,6946.76280452123
1256.91439525717,5159.86393628486
7802.74964776023,8105.64560407634
8576.82086254506,7221.20155062565
8790.39137661936,7525.57960763642
2088.63502462458,9091.28168709544
1585.36896413728,4010.98488914251
7740.02160190961,8177.89088635986
971.377520554431,3215.06857114236
1900.44164164636,3543.05497698307
2952.70749679245,9095.38599297076
2098.53135212113,8994.0464287867
7048.53169439428,6451.27634126215
1010.48671346511,9023.26067578928
750.528068970056,3104.24141813936
7164.29159402118,6806.51712017486
6666.15306450192,7447.92791518463
1062.54209412594,3289.27937240182
7579.07967474077,7670.16917240663
8847.51493922817,7901.14744694171
1753.87220904098,4059.05107158343
1194.01209520811,3554.68846327086
847.952686703969,9015.12158451687
934.883171986745,3896.81184514532
790.042725468565,3308.32092971896
1421.9363076545,3781.09402178198
1052.83599231726,3543.08469382837
6289.3663862827,6986.64582619618
6728.54960553448,7077.88778986569
1674.6787299014,9042.3145330393
1516.05105251062,9172.37098574837
6869.61407066592,7991.22044582745
8920.21457693661,7601.68983819633
1306.19027078446,9188.77916142853
1029.76083002235,3653.35036994691
1434.27068133031,8772.99513192429
7296.20336397166,6979.86262514172
7898.27145961658,7142.29810620848
1198.33337246016,3425.06380889911
1517.00830244799,3637.2633889347
1550.05309937123,3884.37643133952
1306.23689170075,8780.56744736487
7220.96060375899,8934.48087796411
7425.93598535964,7670.90208253399
1425.28617169525,3662.5681649083
1133.54861399769,9286.18332035511
960.908899685686,3729.90820212137
7033.77940204981,6993.74428770476
1753.15290525121,3714.21391859557
1674.05928497354,9336.40210579684
6825.24196459318,7505.87628444406
7963.50957768893,7454.56649952766
1133.14538243297,9066.10697453179
1362.22704535404,3408.47160874905
7627.92455632021,7038.37373770729
3204.43244800007,6181.59539340737
1465.31952621396,3593.26905607378
7547.44848902268,8656.9380237375
1127.60981627115,6924.50974126884
4763.93518379221,8243.09404862472
6498.57524485026,7936.13094922774
1237.09600995527,3908.54035986906
996.299207421439,3122.33113366542
7000.80471069252,8108.23975130029
1695.5411648134,3947.2156521679
1920.08917095095,7822.30512611655
2155.98957578613,6734.48743083052
1813.23127088192,7636.71448986499
998.334797132919,3497.90283384548
1591.23483709518,9333.13836746913
2327.26208352086,7839.30873537342
1561.42595121298,9190.963829125
1252.55004192732,8704.44510845573
1040.45396777214,9201.65240260244
8330.92577685538,7234.40422130402
8126.12805150762,6561.44425636613
2015.06308189813,4682.45170364173
1246.20786731795,3872.54707991994
1108.83492148197,4019.81528278695
1820.27520433124,8298.26910636655
1227.79354601507,8972.35615264484
730.296218959367,3303.56198209902
8155.23948904801,7818.15579909722
966.347113112872,8950.62428987536
1267.96679163235,9207.05123214972
1457.56207825168,3853.46943853482
727.551592606747,3569.36290281542
6713.93769464225,7083.58099741121
2210.36988140571,4158.40415188322
1592.17101355748,8905.97505993507
1523.18021929031,8477.13777074084
6413.88156661885,8597.69192654459
6968.06243662006,8027.22660797208
886.153947201158,3121.62275930242
7103.79984378154,7593.77275715412
722.346502445608,7599.02102326819
1349.49357116774,9266.56441940056
7547.94417134338,7417.76989248937
1167.7340952907,8163.3727389584
7911.60352990811,7694.91720581891
6726.95640134311,7339.0154263923
7850.94822132952,6499.04469317015
1584.7164648027,3281.48436637528
7465.15413883775,7269.82518760419
2219.06143769946,8911.45097380463
1673.68056711981,8916.90174888962
1569.02898730492,9035.4778123492
1650.41646007564,9035.44123096704
6622.2780827465,8235.26365296763
8068.38132154506,7302.53500178281
2345.86334314381,6462.19021771713
4217.59950878306,9063.24438775325
913.5076645927,3107.51790966823
7259.25896352415,8643.71236442822
6241.80737493012,7635.69927415108
6772.12715937388,7915.53308080214
1510.20347550511,8890.39358149882
2292.4344253521,3640.98185228014
1692.97161829523,3643.53020395772
7337.43045667205,6942.36709969988
7797.08718828722,7882.82578753131
1517.17147299715,8923.62456618784
1307.39513642374,8427.28091329338
7189.97312125622,6094.49361252676
1567.76670620477,8825.72756481033
8202.40556612354,7557.67808701839
7857.18737035358,7895.27931707582
8174.62715790742,8151.39168813208
2701.94585751453,7227.78463731689
7516.87390627672,7271.29147843983
8404.14646078267,7695.83127431796
1613.89086258949,3694.99431520193
6874.88298596126,6806.16639913492
7826.01776092483,7939.19932251576
7352.87393180155,7358.41326075355
8879.13915189838,6612.32811406779
8913.3282693825,7510.96955592994
2043.72733622216,8761.71415532794
7524.32359744797,7681.40803963357
1865.39580007321,7331.22676684983
8452.68590705459,7417.31951127285
1541.40554354875,3765.95568468769
3620.23895026061,8055.52418597984
1391.75966521304,3731.8411581491
7840.6285253492,7988.6376870891
8970.80830824823,7648.2979225291
972.093845678304,3665.52514503252
1079.59515391195,3433.4978282864
7761.53573825209,7140.34767292801
1203.59455755201,8819.66413340079
7608.01646934796,7607.29772970292
2211.57515021953,8337.07602663281
1326.32182189477,3690.40620953819
1100.50748465597,8650.16218759217
1779.07831763654,7314.75868104539
1085.05904308322,3338.38316131669
1872.5873169224,8273.75777080458
1040.56091757319,3518.65208421695
7527.22773647783,8066.73894780949
1018.18861132672,3575.84611511017
7777.12830409373,7320.93462964132
936.66200870984,3583.36872477077
1731.14883799123,8736.05826542135
1590.42537154032,8145.63174639069
7006.55987310805,7035.56769005232
8229.03650996887,6993.095997555
1786.6918330339,3748.40700759064
7638.34078964403,6993.04265576055
1017.06537757939,3194.01806569586
1581.39017980979,3941.91272219592
8044.94433937272,7885.76526180437
8710.88527483163,7444.34716463484
2335.59098394394,7868.65205968211
1006.6895049006,8686.77642896521
3087.11331440616,6072.13701091847
1784.69180474704,8360.19489452554
7707.76649426238,7195.09949219882
1478.59102044363,9270.4265724598
6893.15530395264,7286.58375988219
7815.31206447516,7517.27945132967
7583.46358321862,7556.91294028918
7932.03761920405,7930.8091122619
6913.23850235364,8158.3405235742
7715.22804546621,7543.8012485535
1196.12403623996,3527.47496065803
1601.29922904007,9406.2571004509
1319.44188317636,3709.5664732045
8057.76087292255,7992.94781220054
1866.34565791883,4349.10536742099
1975.79231126652,9006.07192771438
8204.65850278909,7053.37517401285
1832.13946485176,3982.70518145635
6657.41399866115,7612.60781319038
1233.65451277446,3629.81487254158
1597.77997955846,4258.50570491833
1598.17886680498,3832.6119078457
812.140760044574,3355.21988703071
1170.31144115889,3138.72545820469
1409.55703213821,9087.40440711355
760.19064461083,8629.91557746796
1086.95117181438,9119.35516100585
1332.54289989675,8440.78634591358
7771.21422865543,7203.74151680499
7408.55650818206,7489.66098039178
7843.39122215816,7165.3978537256
1724.90286515024,9028.45055399767
3155.19761861219,3777.43199172078
7371.62099739821,7967.2949781887
6922.92048064454,9553.88725830788
959.65620548039,3748.54492729939
1851.77152228362,9112.68165940437
1405.66600856683,3415.82896404418
1203.68875504476,3552.8538701236
735.269292080229,3236.315593704
8221.28970409828,6880.49962070205
979.157816810574,9144.73557891063
873.066048713037,3173.33057793743
1524.02088324823,4380.34172786134
1237.59159461357,3774.98749360841
1482.01600535463,8827.14117235853
7550.00538451901,7717.75117634426
1683.28168150748,8432.81081142838
7732.32094118264,8378.13341678827
1406.6979867733,3209.79547501509
1259.17959643968,3304.96524428702
7138.21190646971,7630.06752873282
2196.60227968619,8633.12654552727
1369.83084737268,3917.67679934126
1294.03597643853,3648.31971700259
1342.26566997545,9181.13723199359
7131.9504698785,7755.47512407946
8131.58159630693,7363.60548024076
7131.84645503968,7360.7186683641
1277.59998555084,9252.35332847444
7558.10725729842,5424.80898807652
1692.15412938358,8957.19877730084
1728.95773406012,9157.34650399143
1270.26553945126,3665.64259447042
4248.44727012209,3834.84816382723
1378.59236826236,3656.97177919978
6879.72710097111,7737.18465798797
7099.82467430115,7734.56275932563
8275.18081580915,7189.11585373685
1152.00434907765,3312.54678068497
8101.76678158476,7336.62145514894
1703.57399811062,3562.79506105952
714.144407763978,3108.27035081339
991.670705346596,3440.80006109946
1438.26191692621,3787.68242499025
5995.26468195941,3550.09661461859
7522.27772720241,7602.02310727259
860.88970511346,8900.62623893995
1127.33015685246,3581.88031206467
1397.63185638116,9298.71367378384
4543.30612340396,3116.1920481306
6567.25388703426,7686.24871428298
7173.47869878209,7925.14317455857
6965.63778831276,7569.74487917811
8559.02325666558,6874.97293165059
1404.94549653996,3939.40952928743
6653.94404486374,7676.90490013852
1486.82815101208,3923.84530412311
6042.90733637697,6565.18902956786
7705.7570171649,7041.26935806305
2951.52195975602,3391.08242653655
1283.42147530932,8812.18047305752
1765.90985873454,8769.29404060689
3890.42257685654,7484.13784220336
8644.26583628579,7972.20671536557
1036.51438953252,9337.97182525615
1957.79068084488,8735.43661747222
1713.05259716447,3610.71299181931
1158.555933214,7826.21147775425
869.089539361211,3100.55595962067
1246.92718162124,6964.52298789646
2078.79607037536,8443.11842118639
1534.88610489904,9244.23872181846
1261.24906842091,3523.91519126671
7684.57569106747,7962.81117389229
1004.42843994705,3207.35133983933
8332.44267953873,7194.05055351387
1757.19279684518,8795.16751236101
2051.54827196482,8177.43453318978
4204.48877498793,8293.56926015974
1306.69480053147,8847.55067409066
7675.14342319798,7875.35624492849
1624.38377936712,9385.27505308509
894.314819853808,3423.33448629722
7997.4371004886,8200.26281317907
1639.6656834428,9451.31400443711
1444.61543066699,3489.06040373429
1509.4573811839,8938.79991355252
6754.08199423135,7998.96976857455
1733.14144346799,9022.54785666269
6510.65100115593,3717.73087401499
1971.53372022406,8527.79124700329
1194.83050519482,3669.19346884594
7406.20362168002,4752.88803976934
1829.50218907507,9057.2611796995
4683.04675285202,7921.41534652681
2038.61356985174,4052.09212306176
1523.69199889849,3617.66744892309
1555.09707655907,9350.60723002887
731.28363812209,2969.64749162136
1195.07904052749,8781.92817459409
6742.75851641365,7437.07197855483
7716.77196495009,7576.6190719976
1205.16165642181,2980.74049995292
2674.29991656791,8799.43885887095
1136.0998390868,8986.69456142088
1506.18112248265,3785.37824455886
6913.54930161902,7547.30898348661
1191.37425193433,3430.60107650832
7987.78470934947,7529.91740175402
6641.10552430311,7602.02436399376
3949.50032242427,9263.27774243297
7439.86657268069,7638.74942404643
7857.82508628563,8085.23237987898
1167.33371551954,9121.76443727908
1911.96612221524,8430.03366652838
8158.63090422901,8623.21017923162
8580.83397881093,5580.96103238692
7443.4284769501,7155.15708893282
7367.70179488455,8004.84254941835
4160.56760728981,4074.64888419658
8083.72603639699,8044.17456001191
1014.58908403609,8329.28803457009
8872.31502930549,7751.57550849016
1513.72769310748,3863.22971987754
1175.1721861573,9047.5661880356
2211.93164791598,8480.4732636952
3200.50390785081,8380.62934614769
1060.14097310239,3560.05853964966
8526.49614590162,7062.26955061554
7375.37862454595,7473.30404485852
904.837360429083,3428.02518530708
1327.48208746986,9086.57169580319
6899.7870840478,8050.17170489862
7186.31603345826,6467.82666815002
1185.11416074594,3410.06259886216
1441.66654078356,9228.81085231769
8183.53896316497,8038.44770979026
1141.59249310464,3436.08691416826
7038.56118432077,6851.11599142512
1962.36353756637,9357.74169752596
1214.34630941349,8797.71760099148
6773.88067933221,7302.66466024991
1802.18980958135,4329.17275116975
2034.91718076077,7387.46682249967
7089.78523476033,6741.68516667788
873.358022256384,3388.59997682572
1596.13215668334,3393.23564534849
1736.20157802654,9232.25674116981
7315.15341781128,7570.88713213483
1904.74125949264,8983.62093373797
7693.13104598902,8066.19234334672
1500.03431374345,8761.48480768645
8621.7776781106,7557.2631252697
1722.4866511422,9083.41855990963
1460.14430443346,3752.04213184402
2222.70533366399,9227.82900460824
3013.82350103399,2897.62516334255
911.658748094162,8784.85380089569
2005.14837960157,9103.03761870017
1333.22413637275,8884.46055164353
8506.07202733948,8019.4433150243
961.480050212722,3539.82689838791
6785.00151618846,6968.37148522747
8239.3839944204,6945.6829204386
6975.80918426936,8072.41715072256
1535.30157128996,9237.21733838059
1631.53870535188,3828.40734719363
1384.84446742906,9040.30845374748
7033.07212277584,7358.00417272727
6821.15053935327,7322.28098461676
7383.21073520788,6028.94240699769
1978.15845590494,8847.34869798159
1222.97540135408,3247.02230728975
1543.74239202641,3704.45888831328
2148.51767212948,8898.0542173893
1242.9392586515,3727.35419591473
1182.84565247718,3439.68060893973
2266.6433372231,8924.62208766621
1136.575898625,3688.86419141066
4513.82414451186,9007.73036099102
7494.88257773911,8004.94088279509
7243.05901621022,7384.89958382236
974.245097891227,3311.84104896247
2861.66628748058,8014.84782413799
8080.35314669363,7165.25883318449
1318.51319264481,3352.48514234891
1724.47184743456,9110.55435821688
7986.50655618166,5476.21043626462
7131.90477153869,7268.36348543413
1733.00439504511,7920.96416936821
8029.55344757034,7874.13203946505
844.298450807723,8979.64826874504
6832.10554042624,8252.36122582488
2266.50442789646,8455.41794377951
1515.12092250423,9051.28145930771
7443.14158005959,7646.06900917731
1464.8894679616,8428.49610928065
1962.21667432678,3904.41724559083
4018.29549946291,8322.3895562436
7589.14195634661,8047.63742480213
966.864774973469,9099.02012959221
6832.0603062288,7745.77716818279
1949.48349149615,9242.14398070871
594.692754142981,3432.79217481194
1179.95441842596,9249.13692619481
1645.9192993978,3628.01904365824
7450.37229000091,7773.35675680742
1729.17249987112,3744.28652593333
6645.22953342644,7352.21913695829
1789.91663706636,8944.45245360451
1266.63398209223,3558.50438444874
1233.00127085108,3959.68050379343
8035.00492997082,7680.67878196468
5475.37323958388,7833.13435492702
963.164772491555,8630.59709695046
1885.22309721963,8978.27553151123
8248.83768630273,6908.25671674696
7210.11761624588,7762.58991484649
1643.5039893951,3624.60533337681
7882.08026966785,8434.62680823792
1632.6328728973,8931.72499986462
1308.96944911938,3394.58140230754
8171.4139111104,7963.53016309534
7688.87129675344,7278.40891161535
8084.76971903172,7448.77000795344
5160.35866330689,7445.57412189052
970.284389291604,9001.6435895895
1473.60090650251,9207.60049755291
1712.2293093203,3896.99926576856
1471.70626555663,9218.96972204865
7038.7374989959,7793.55496943979
1306.57183026949,9242.03217388167
1388.56662026794,4413.34481296106
2341.00348712751,3771.19377084168
3864.59067295631,8862.26984247654
7255.51423849102,8225.57335161709
7524.56450209953,6395.95023019524
1321.84700852494,3879.50649593388
2255.37293460305,8567.59076321305
1377.40723531592,3698.98383231779
610.180007512434,9120.33174877746
1683.06748465319,9013.96019705049
1714.90881863265,8734.34433735109
7201.65402802726,7675.95924128999
564.212634321113,2738.79348815651
1548.16069442668,9209.56105069949
1249.10710286114,3612.80638797365
2026.28168680814,8977.17534495577
1702.11321741412,3598.74586008611
6725.38164094014,8568.94852388657
2404.86933242079,9100.36508434314
1319.29715449266,3556.52887469826
4093.48528517358,8561.10625860189
1127.54299865279,3197.66011060836
1918.01126146247,8074.25888101817
6922.29742515054,8113.92348323742
8800.05409151813,6048.45262958559
741.658679626664,8650.31329513595
1473.10271986927,3861.60768871153
7288.60637452671,8133.4316383017
7855.42221272281,7258.47750601567
1894.77094562996,3313.16917575122
995.978630047414,9153.75988909805
1235.48378430011,3861.50079587987
964.577552738119,3364.5405748176
7102.89788760931,7586.95582075231
1929.00659596796,3803.17315053136
8038.97789921624,8190.57061736772
1269.59423545706,3802.3318130187
2591.30129288333,9272.59176837976
7502.80385565219,7576.78271978053
3706.18811228899,3282.55512663055
1167.90235102134,3404.59280256947
6667.00892509804,6982.95182112265
7355.48802743697,8026.03001683007
5183.83631058498,7849.61692031237
1707.03147952039,3666.2775269792
3837.80556855715,9127.715864547
8019.68434452904,7367.94936320036
3138.10204696597,6917.38608291491
1437.40898487037,4005.19077614524
1712.72514315787,8868.13953574032
1575.12907590864,8009.20105414538
1337.76303144237,8003.17628967338
1058.38337099326,3708.59001376634
5029.01911146236,6241.98246186211
1157.71017372669,3176.7326287971
5644.82672050514,9333.27195914733
7966.34529002233,7993.31146156505
6942.77177248882,7516.98503434259
1336.21524303203,8121.60521198374
8474.10654532068,8313.55574735511
7436.89860359675,8042.42667439308
1651.87473045551,9341.69202797839
7629.99258200166,8278.81970490207
4384.50203053607,9068.01202853197
1231.04616199999,3756.60304570691
1318.86360672425,3415.65903098409
7975.34118730339,8016.41809595066
1630.22025384637,9239.68074069747
8603.36511395876,6808.30223707767
1579.31348382514,3846.45788563199
7989.10587221791,7676.26829640711
1939.68719900381,7844.75012463906
8477.65715382902,7644.40652639853
1412.66906128887,8997.66040214945
1573.15921446484,3982.88120811058
7650.0575957081,8231.11318608263
2373.08926339394,3293.49059083025
8237.75355774322,6216.53378759451
1501.64876033398,7980.90356794477
6975.61390321001,7190.33562710903
1685.72981640787,8726.38810117093
1569.44033379156,9237.8594164401
7914.82676541339,7457.38249477399
1475.90804757895,8486.30193212732
1849.53640296183,3412.038241161
931.39965903457,3382.79166860036
1485.46789442873,8814.55811129067
6928.64200653693,7033.67284624689
731.92082715489,2974.90540948051
1310.28615686487,3420.06130483409
1526.18875598668,8921.59488620591
1329.07186467595,8213.53954850329
6762.70309130747,7265.26235750349
7159.98111415754,6942.13542981421
2351.26713108927,3579.038438304
8046.5479929875,7979.9226110585
1311.63756892758,3461.69650639804
1531.84670049245,8291.42282313861
3127.60550323172,8356.15054078581
1241.21115078583,8427.2302168914
7969.19976287846,8049.52237647788
7477.76152380272,7054.67453015738
2224.94241359812,3403.37637400023
7079.57367178752,7818.70913818987
1568.87521928706,3897.58737809669
8928.38849674161,8312.55876067519
1132.98611389528,7936.52134093503
969.204459563313,3473.77688504886
1574.02936096986,7705.91911603038
5775.03515553314,7147.97826415803
7995.23737179699,7566.98387844617
1593.18289701251,9284.42295673194
9321.02567763523,5960.82496026759
7501.97284177446,8013.54049353854
1223.28807182519,3644.98390238488
7284.42190478893,7453.94483489022
6443.75478079877,6322.76404612401
6449.36396279564,8281.92967966213
1759.90368650456,9053.80032589452
1669.81149662898,3638.21054821324
7392.25552008087,7518.48056510245
8265.03272544827,7613.98340906479
1207.95741217916,3411.83818885088
7298.5691083431,7943.28304230149
3588.2301656011,8051.91771126646
7836.93750086678,7480.10083187189
1060.27922533736,8560.73520029873
1703.88537216952,7663.44574709714
786.399476049158,3355.54939963323
7177.15282642156,7697.70706698313
1780.98496285029,8755.80584772061
7037.55040307926,7736.76142566005
7932.64384012641,7646.08899543797
1604.04764849147,3843.70909554066
7525.01675211387,8070.94117161309
1069.93243959246,9249.01304561455
1137.05869647056,3327.76296338558
7519.04275472097,7557.1460181964
1881.445996017,7562.76028004511
1854.40495845975,4161.95843538218
2140.56960797805,8671.68825839843
7705.86283390995,7454.567521809
7440.37068307641,7682.68992825799
7803.07924750355,7764.7161303032
2214.5313719669,3752.09282816434
842.565278542279,3603.51688845921
7956.30494590227,8403.44757447814
3199.04859007641,4800.07433054999
7552.58216907317,7250.03143920266
2037.50477230094,3423.6419741321
5622.72542934385,7795.97244241391
7468.56407837317,7276.65909933222
1626.92606454341,9189.20891650003
1707.28482553199,3920.22595513471
965.261451755518,3606.73622706391
7986.44566395224,7474.728335716
1381.61718800771,3733.98564155359
1671.99522069737,3937.56827536161
8050.28401666528,5813.84563237204
7265.37565063866,7942.56780288011
1498.714768826,9148.51993977644
1961.62255870718,3794.73483948689
8036.15161224817,6867.59256274098
1425.28409615537,9351.38877421153
5415.14112932702,3779.56919593357
7474.76143743958,8161.67698193211
1584.41669848816,3486.24995966987
1164.0404938064,8660.45612763538
7148.32873713909,9199.45590927766
1792.20040340778,8469.42697520532
8764.24724562322,7477.51717055727
7771.7667402355,7925.98382936969
7611.35931431433,8009.37971838407
8636.9596581392,6969.95951564069
8137.21782040984,7505.49665878935
8037.44169975726,7098.38640232655
1374.40628334045,3652.73882786341
2434.65652825937,3687.13977603939
737.67652991653,9068.5205037228
2004.9121630277,7988.03456816312
1222.31893312125,3478.96718957995
1489.04903187141,9121.5082625561
8046.33653084267,7808.53120802936
1470.53690989553,3734.65606219104
2099.23811826457,9123.01015543878
1105.29302064547,9006.3884646809
1619.18964725333,3678.10718016242
1608.5368097158,3809.40606171028
1518.95812442286,3634.96036746915
640.211689857401,9068.25774548453
7077.85082311039,7790.86308214503
1139.37750207451,3140.27919534011
1645.81913484425,3616.09931647185
2067.19970618265,8976.44092328735
1143.50148034797,8992.76885160199
1510.84298241948,9113.18065481158
2480.7848068893,8086.88868396308
1642.44872226466,9171.2996084087
1514.06567367559,3740.51774236078
6604.04948595379,7287.06043140617
7835.24186838464,7822.76818835354
1265.63729334789,6675.42741149623
2681.87538310136,9126.74728375824
1588.48558657664,8997.68969917998
1385.24818986074,3654.75449827634
1184.78660403076,3692.81769455325
1340.77637356007,9072.7316133105
1297.17018653027,3573.80847663519
1833.28284847254,3921.46608563722
1247.29897516902,9028.20547994364
1436.71324464333,8835.35767509369
7624.19810441589,7639.21325573356
7294.58236886509,7142.16967760881
1279.15896769194,9167.42772425993
1138.20987811614,3447.92291531472
1272.93155777624,3573.27683809953
1499.06313588064,3647.50459740041
1261.40461839184,8680.92688576375
1656.79022436454,3608.14856234863
1371.46962229564,3646.06858953169
1352.63514844754,3381.2846917453
1566.09677680767,8720.24053056465
6880.3403660358,6865.27590511118
2025.22019641696,8120.72402964664
1316.95741639995,3507.17937681966
765.58004030756,3406.36680862215
4682.07308573813,7066.43964426873
1613.03549548246,9237.87649656713
7101.01008783304,8323.0694143617
1595.1314588709,3761.90608686948
7974.85819357802,6473.87152551515
1639.60965650481,8270.12661898717
1414.35037257335,3194.59168104722
1453.14338792436,3601.15717284557
7675.20540081501,7717.03719066216
1477.32122102866,3720.52841703595
1479.49509612316,9272.00128455979
1276.93002482561,3464.64513238755
8377.16211755479,6205.11445070975
1700.83944711271,8858.83697508689
1935.28530820598,8892.90944787178
8279.59336688166,7581.58405789779
8794.0167123205,7792.68892210027
1356.95642271037,3789.46339983653
1381.55912364737,9090.70991204711
7700.30996679896,7490.5334900646
1231.86562501007,9009.92129957846
1226.921917218,8083.44573964514
8466.7058526161,7897.60056664765
1455.58713990328,9003.10065642949
7088.46151720516,6724.88024463517
8917.26942719324,6787.3195321209
1693.37061124875,7830.83142221378
1047.98624355825,3421.09583440708
902.583502057914,3396.53577603562
1091.82419608559,9127.6925026215
1387.08478610088,9103.24915966857
1688.99949243439,3417.81617754939
2013.11125820617,8487.42202932039
1189.84975280101,3526.42161996023
8198.12341695488,8410.98759046145
1331.04839246221,4789.66683575147
7000.13610161061,7406.8156446556
1528.43653282011,3860.46618599537
5062.88848423512,3867.22751849206
1439.20557119992,9116.64950160694
968.745693383755,3583.40965384635
8611.12713553566,7910.12862961457
7770.96655346624,7894.22564099508
1916.85256365415,8665.8986243962
1658.7871140215,9361.4880677749
1865.45584093479,8403.1893962895
8356.5610795725,5943.09314873186
8384.7188585092,7128.50838801998
2298.58209808757,8867.45261311733
1046.85657663444,8833.61954322181
1106.28500091076,3616.88967273274
7625.89040055315,7542.16923228243
1142.88711300714,9152.08521122716
8958.39338028281,8121.26969288556
3583.38419341105,7267.65181586081
1993.30369097737,9036.742522232
7905.9652249157,7536.35603968898
1364.4160126858,8790.76698675562
7746.62344138542,7743.22779647328
1474.72220149388,9261.10989559055
7499.02243674568,8132.40867218917
1804.35085570453,6347.51434176052
7941.89298234015,7911.62807311065
1759.0274903509,3794.8280687361
1612.44705632574,3524.27945033153
7458.8599477526,7525.32142179567
1477.30229969381,8979.97313198796
7468.44864300488,8630.73755113543
7878.52234009837,6841.62204003597
1708.7799182335,9053.98605283883
6959.12764168843,7414.96548153523
1663.80453989772,9211.97965459213
1075.15152096094,9059.08677028288
1809.43398751581,3811.74681422592
1328.45371641065,3301.38354084299
1444.2378863676,4053.29730637381
7387.42368272726,8182.21428745742
7140.20923787527,7589.53253783727
7473.77775501865,7771.35680651866
1961.22740560613,8623.45054050038
1521.03970391818,9276.37165586316
1380.60018300886,5116.68489651409
7977.29330309728,7357.86870832004
2060.68281995047,3985.26265534306
1108.90271272803,8396.31630870772
1502.40824803428,9171.95524361497
7961.16436966181,8315.77699849295
7079.20988224057,7411.78725573196
7505.42718943715,6273.74298968093
783.529694613398,3271.32458158588
1086.11328375452,3167.57903509468
2407.02477642084,8750.2328721609
7622.90261551034,7803.21151649906
1335.92521165174,8850.77355288257
1346.07478727532,3792.76998340127
8494.33001167858,7620.67184039208
8106.83781579391,6951.07874155257
8434.26987171802,7904.20158137965
1499.8925207163,9116.5976586102
7023.0627255835,6574.16768478451
1160.90947435223,8707.22185309209
7582.81098975394,7405.59832513794
7725.15818665079,7908.32884589735
7310.22024684862,7764.31409440873
1216.93799949789,3508.76203723742
7600.97237891394,7055.53430234377
1768.1373444163,8786.83430406381
7202.78217123457,7411.05785241614
7397.35236405682,6914.74084891764
6927.90384637204,6966.55791680418
1407.25318721606,3741.10867275293
3019.37255207787,5525.60820721396
1529.00011551279,3909.25564133504
1672.662958462,8504.6170577211
7234.79020903357,7829.29273771986
907.506720002152,3254.36195264211
7363.37747703523,8454.00771410773
1694.50717876401,3527.86772083064
4584.3485887507,4041.23649260272
2693.30024636696,3586.63727577798
1147.85955330499,9014.76795646011
8238.7792072035,7429.59408641303
7787.54969978066,7595.27174696539
848.368549361874,3195.66952002713
1184.77807992514,3385.87997905668
6784.92097536619,8268.45557570719
1316.38804912442,8987.22543591748
1934.62538112829,8456.72461573766
7955.02024443478,7672.18983901127
1197.21054275802,3700.50691035341
4706.82665143559,7998.05880175392
1781.72978564375,9024.05637262674
1751.92382439099,8419.07251910962
7852.37809018374,7855.01839800393
7628.19420453885,6877.77557842033
947.226838036727,8992.68938633073
1872.91553397076,9099.81339953482
2373.59833846171,8372.98467316623
1377.72533279996,8078.2385015504
1549.43171570332,9159.26913184344
1419.95195148048,3667.52302088735
8321.90716067974,6704.86581814554
7967.05864234318,7941.84339084307
1020.65720141996,3627.40796976364
7638.56668039446,7146.63479860632
6397.11154957096,7249.4403558399
2137.81668180106,8065.67299758047
1944.88703572618,5298.09984350982
7992.16727674837,8120.81755643959
2152.71382746646,8846.96790922198
6164.97182371839,7191.80625391164
1126.5974159034,3727.5574768518
7713.54852114541,7671.56182106509
1011.34142093378,8805.50726965428
2006.25682457699,8961.73861082249
1068.68563003021,3672.03693949023
7656.13162784853,7945.97105303369
1376.09268340435,9238.47437939217
9174.09850567251,7997.20299925393
8280.76967365526,6683.50626409163
1488.91301700794,3651.03699832622
1748.81101808647,9084.2284215787
2013.77054070484,8991.36084678183
6324.24354783463,8598.63630479664
6685.51426465198,6830.70444711441
898.794033434321,3507.83855535983
2133.520320244,8766.79672927342
2346.50392286943,8735.41614564322
1490.23431270377,3646.42455926051
8255.94970675398,7529.61784813758
1117.33839464106,8324.02062199193
7919.49696294339,8330.49306616945
4389.00765438344,8008.42745215387
969.699421207221,3346.16467866186
1341.62339962432,3847.41076004408
8066.24376549695,7246.27552003411
1721.73083175202,4234.87897387552
1426.52320293976,3295.98668148315
996.303243979376,3532.31385596822
1042.79949862321,8799.75349221551
867.062132357739,9258.76721568928
1033.22339098635,2844.91091199223
792.18396475613,7835.36589906581
1717.79436036335,3609.28494382287
1206.10518029008,3786.25437296918
1526.27102235789,3709.68659062475
1808.21502831003,8902.68246148536
8287.58513270994,7363.02929802143
7340.56869310484,8322.0729526284
7274.87666763237,7979.20785450721
1119.18746212817,3551.64984276902
7344.885000112,7732.28753468066
1388.68844789889,8610.80683002746
1003.79931303102,8776.98269728094
1751.83276586925,9131.3555236086
6820.02006126784,7008.05882926992
2410.76764728887,8161.43101054353
2639.46242045293,9066.50250898099
1200.24352052506,3590.63951182827
1292.84094716417,8943.65863877379
7563.81723664197,7848.57476673408
7485.27008600837,7759.70993937629
7257.9658742713,7506.14258820228
1138.66442137144,3286.75912640989
1757.92651258454,8878.56680052096
1849.42660765977,9225.85403356084
837.982560817975,9174.48142216167
6914.01417835339,7426.58749899434
9030.14576505307,6913.86010750019
1224.51116227334,3686.97534788639
1835.83133709069,9334.92072449576
1203.02804996191,3386.38675479275
2201.77348689383,7963.90821375387
724.29569712594,3523.88451355017
1598.33146415995,9172.38988990113
6869.78250916951,7557.38134600138
2631.90536838321,8761.39622044041
7345.33567843121,7551.20141057813
1494.94873039288,3164.8554311068
1034.05570399126,8743.2701620132
2669.47053787316,8693.78501335637
1620.39350328556,4198.03683089599
2025.16063397397,8937.11851915317
1291.12136356872,8984.48009067548
672.379158600868,3185.28862741329
2577.44250807304,7761.94440448486
1471.50348513125,3819.51675892785
1090.28760129848,3490.0451306058
1421.80036129974,9069.65166826304
7879.20785475616,8114.47114313593
2575.73882767492,3678.34065036873
1089.88257599105,3461.74927344851
662.830142024099,8859.70395478991
1744.6484958399,8649.82052618946
8655.03942931593,7002.70749356089
1320.77739605553,9222.49678684462
1333.27213265285,8949.29371402143
1519.84537092419,9055.74036246889
2324.94891373216,8949.16515969796
1407.69886322868,8551.43891547848
9221.72568694982,7150.53241384489
1999.6864993285,8870.87633420335
7563.38751665493,6961.84441282169
8279.76719486454,7948.99596400282
7595.93065356249,8441.70325708849
7838.36252946972,7429.49780522415
1675.97970382525,4442.99979786902
959.521248554322,9177.7415369751
1894.97278150497,4176.84487253554
7627.68827657238,7450.917361946
8462.70308451588,4467.10706056406
1032.62185018889,3689.03989317785
1312.99227676241,9192.85721126384
2066.81975718321,9129.14758407051
7066.72435498434,7327.70760479595
1148.48973459828,8352.4718524264
1750.56749924634,9040.2551019283
1426.14552051075,3743.66745561398
2389.13930552478,8043.23004719447
1630.6435617821,3811.42011651477
7388.42236834311,7728.95672347873
6891.75858439043,6239.81407305165
6609.63476648934,7237.12580103112
1049.30531956071,2369.19288195633
1485.08674899114,8943.15312340128
1088.1695569133,7948.20891412446
1027.61178542519,8703.84997100575
6929.04579791736,7699.7223284038
1453.05465012823,8792.30185519597
841.8646354149,3531.86290891866
893.765080707856,8593.67916842167
7801.67026046566,6482.9311707723
7315.85007447111,7593.04885429761
6137.34647095477,7287.79262067584
8111.67367883275,8674.33613217775
1222.35668204454,9242.57593061232
1118.71944053123,3688.45061878757
7734.96922563637,6790.61181686546
8076.01024650934,8005.97562287499
1082.01546320074,8117.42219721503
1539.4733798391,3767.51790233872
968.736254982658,3485.05933838678
1743.49517762497,9362.85189046685
1523.80325232371,9242.55383439356
1845.22830879272,8946.61425053812
524.426298000265,3213.39008606355
7471.05922065361,8298.59939758102
8146.29035401731,7076.33807281756
6969.90805183952,7477.92441974568
1386.93180221776,3687.17551106666
8190.9996215759,7186.94922118425
6855.85369164759,8030.59408629251
7055.77640610797,7733.91336641026
7058.83831623157,8025.10942818416
1414.46671909061,9285.75144174582
1381.80890681826,3537.42865200929
967.178092580306,9167.85331111255
1601.97718684732,9292.52992858945
5149.53384924296,7772.08170858321
1505.89964471636,3646.52113009215
2335.52055454927,8347.16613371458
2898.55786775848,7882.87943836137
1813.71797883381,9361.56412505226
3347.06300340597,3383.13982553898
1352.12832839975,3236.36465176861
1844.80828534189,9138.24015686221
5911.66773413905,7321.64910104306
7465.62398127576,7917.04604774742
1367.937461049,7688.10745703874
962.428678095704,3184.27670359616
7176.11525237858,6251.76285111089
6885.56260952371,7123.01406481777
1387.07912061395,8717.3296904607
7408.51497014028,7925.19808141313
715.137108614785,3823.71170516067
926.584466328316,3544.88598036222
1767.08782893191,3607.98726640236
6929.67967065045,8004.82297622617
7447.90694398353,7082.06724003625
7706.11378846659,7429.5095216166
1559.63466439355,9134.36475071711
7340.79420179786,7881.93621691555
6933.37457282967,7861.51865956061
8124.22743217222,7310.48297682203
7167.0209292669,7431.34472019472
2656.86627968847,8740.25057774558
1608.08538477548,8821.24304382445
7661.33445268423,7490.15105761391
1671.23117010277,9031.7949110643
1613.47571050254,3948.25075529596
7232.05669192557,7196.65671507907
1955.63209017812,8667.92449146368
1665.45888049606,3145.85269358859
8592.52430717668,7316.63188654917
6593.04813046133,7325.12398237247
1275.81702734529,8992.40237274607
2735.16668861717,8844.35041891213
876.312704918155,8875.02461011865
1276.84774472404,8953.81416647778
7198.44589477321,8142.05576345107
7162.52336116757,5869.08115829074
6561.89280037373,7910.91342416701
992.502046770277,3095.14525179726
1044.42733253892,3363.92100416353
1251.72205063188,3802.76360486754
5722.73661000227,7484.04384407611
1442.00871999234,9099.74336103783
1272.80515736844,3469.2314048755
3769.88646198875,8047.33096596084
8611.30080884899,9431.63295170737
1056.5803926283,3129.78070986071
8504.61026532168,7302.06542319706
8215.83777475644,7999.39529156107
1693.27303356827,8721.89206228749
4924.77957394238,5141.41300390185
734.151596875013,3051.62672173517
4652.4544010223,8352.5206572829
8050.55537028392,7004.47944549134
1016.46978855621,3415.64816095417
6631.59561802237,7684.08875649946
1187.05258972689,8908.8860631025
1122.11288451139,9036.13416213474
8060.34750168337,7780.19089213427
996.413512258963,3984.25030680864
2015.6790134568,8050.93755447015
1976.0113331426,9064.43463726171
1433.22965584733,3491.45953718868
7549.03731551625,7658.5063174789
7509.23775843301,6796.93713928698
6899.03330085772,8036.79883226414
821.029459970872,8538.99954313088
7328.99567621168,7010.05206145331
906.52396776691,3070.28511109271
1513.16156717134,3378.37911217521
972.723688734002,3254.14430118487
3954.04035823396,3381.37465070309
7810.07512776085,7073.06139170839
8329.19882091245,7500.10336328759
6608.35724383512,5706.34013536256
7331.24256034091,7950.70284445696
1312.20777276486,9071.80879695416
7546.36080993466,5949.10802917567
2028.95095276348,9424.64637414984
7187.18914348254,8017.88031857808
8165.25047079966,6913.2119573833
1449.4551015905,3942.59646862483
1657.22306142626,8400.15113687103
804.865485394984,3216.0370035881
1222.26415428713,9301.28689949168
7346.69915005969,7726.93039586147
719.66189600299,3023.60540108696
1630.73228769564,4061.47351832221
1916.23672070184,8850.59723715002
7641.43444453818,7986.38868941072
7760.13097643444,8389.79234785583
1342.5390745208,3696.7811001137
7604.3785261923,8517.76181432731
1666.27964844192,8814.19340779678
1060.07837021255,8962.14936032933
1825.7373653383,8026.83686303316
3401.65642070863,4766.22067728754
1159.91260032798,3511.74255537091
8496.17096280958,7751.89718656906
7472.62773267646,8039.34627691855
8116.72141881855,6523.20105035674
8907.24431876136,7725.02715777992
7256.73213466402,5590.38207233208
1463.78729898208,3527.77060968748
7842.95378894284,7948.03065003669
7443.23243524541,8133.58038426933
1897.6105941347,9353.38213581533
7522.76686593973,8022.42754123103
6130.11807243569,6995.43940248679
1638.4387226053,9145.62204997104
2781.89136435908,9131.7352350218
872.658086170078,2922.82821558136
8376.04241314856,7273.11628038346
1633.38921298596,8764.77998557613
7288.85392605464,7143.97199668273
6498.36146064219,7958.68544263745
1349.75463051671,3669.51210994911
1249.66643838317,9301.56525661346
2114.30717993243,3541.8590031189
1553.22163847792,9079.8774094822
7462.35155584365,6296.62518026441
7366.16461127433,8130.09792984646
9158.0085650277,7707.0550348627
1888.00996199569,3849.41464755024
608.093623025007,8922.37143695413
1281.13292993252,8974.63481994103
8368.84065499628,5805.24591419678
1160.0285935284,3384.6359576185
2026.79109191822,9038.68246420478
7452.55084039145,6790.8449019413
8205.95629695743,6190.89559489609
6371.93523472636,4778.42569440537
1666.26016058451,8040.03746284287
5606.37594224542,4400.06041125351
1145.92078610768,3473.73915387698
7838.92810808296,7235.33410521286
1379.92746180062,6907.07794576597
1082.7547336494,3486.47204246029
7228.95340226493,7405.05939884885
1748.39381329746,7928.24998530519
7331.37960986165,7954.25609691235
1944.11383929103,8981.92282657192
6788.07939402977,7958.97679561668
765.2962015899,8593.4440611524
1076.66347161785,9372.42461490977
2020.20755119172,8500.69603663983
7704.55134779704,8156.75543080327
7290.57002431712,8248.37331375874
1453.13897196453,9013.05958236425
1997.93089190763,3712.22674801766
2378.01521944992,8928.93336898467
7139.7611351917,7508.55458100075
1648.28774745506,9032.61222809202
8260.23339690624,7501.36661076025
7786.24211127166,6781.33550756998
7469.89675626516,8057.13672506881
1402.06251639088,4227.78726152146
1754.14298828761,8565.07144664093
7573.01830286195,6564.12859153081
1381.64340379863,5567.8754464021
7036.17407667039,8257.69801024848
1244.76431757218,9044.81050762811
1691.83782055069,4606.08658989036
7321.42828265288,7860.39102150638
1387.50579804829,8898.05311821983
7274.94628560901,7426.85623662886
7120.28167535281,7055.36852466054
1470.44735450599,3554.91648710415
1157.8510085963,3404.21836911916
6967.73915344467,7456.05441449958
3678.6587698406,9620.33254381519
7109.69463024655,8172.83347560517
1155.42107932955,3676.77511381411
1225.18078263563,3246.50165843985
1084.85044705674,3119.48570998164
8547.58402685028,7801.05774736482
1699.81744036054,9050.19233640264
1617.9260858478,3736.61679653661
2268.52789099707,8658.22562527486
7138.96461122857,7495.38646862919
8214.85145638024,6572.98705458667
1428.2067391977,3778.80307602037
8167.74205371448,7373.94875032899
9084.52149670745,7819.57595110882
4260.05504534865,8943.76004548491
1005.52008844557,8944.23958280149
1056.28982968155,3578.89250250986
8990.41847246315,6706.35645585212
1729.71436244188,4146.36191670737
1597.51543866462,8945.90670763551
2768.82249090535,8029.86342627223
1520.89289918209,9129.19614852446
2612.60923935547,8590.92872133986
1282.06493936779,8355.37326483135
6123.08542238294,6464.35762598117
7444.71373546612,8254.51941052209
1275.16165300641,3382.93865725365
1924.31692685317,7942.18278863452
1265.88610164827,8690.97005015878
1369.09872388336,4319.25134802848
1859.49696558131,3735.53930900337
1430.15820088082,3974.66168353262
7446.30793317025,7861.22239943589
1730.18389138099,7253.62059371975
6912.39249977471,7376.23345272196
7831.02605635883,8506.74991558059
1545.85615518392,9240.8540106159
1104.46496191171,3520.89694675938
7593.11677828139,7559.41652775195
8458.01982125674,7060.56315660995
7434.26006423417,7538.18016773922
1961.12028607932,8054.51224387592
7454.78181281755,7859.26816216166
7216.43258895699,7130.72027567354
7203.52078032085,8034.8611544545
1727.62867369779,3629.11106455817
2021.8408554754,7940.68589508464
1615.88588281144,3644.61546779592
805.716413580112,3588.81169577319
1797.66587324683,8999.77378457502
7574.30734640502,7778.92646626865
1930.12013527724,3889.19200146301
7513.94438367511,8448.01202386572
1048.80548652019,8957.39838675307
7254.26112349578,8011.30826690518
6879.20583615753,8018.6948559445
1096.68492710147,8976.83227134412
1946.64539522187,9239.87381667381
1946.42577863488,8733.27191496071
1161.4088372213,3771.11393236987
7500.5585259237,7223.68708013073
7846.24544098994,8037.0916030817
421.740531903315,3082.73622053479
858.067672715049,9020.34854655844
6571.41025657982,6501.90959546262
8139.20645407107,8150.9110719384
1021.16183218492,3312.27226800388
1057.72279411988,8959.34367055126
1199.03481701358,3686.52740502488
2300.38189380352,8447.29354606798
7446.87545293709,7799.08011570482
3761.57075668542,6655.35763775066
6132.55131783225,8201.94945622839
6788.81878370166,7758.55739652517
2443.42477656116,8384.0097114355
1839.19710781298,8447.73116972357
1257.72516817608,8710.73703590946
6810.82686683258,7787.73789042055
2488.35703341698,8516.0334452901
946.685460137787,9085.57533480931
8107.52862761534,8573.64594613384
1076.37159020577,9169.56758651322
1391.24693997041,8054.98973515514
6883.7695246088,8295.42339273955
1664.54281581048,8931.42886694257
398.336406768218,3109.8683372029
1646.81513665554,8744.77445646905
1886.18728392198,9105.28547616262
2315.55202063651,7990.13984125348
1574.14689383449,3370.435639865
2016.57644789929,8653.1967194409
1288.87288572215,8637.38552229273
1409.72873576804,8862.68029748244
1231.9184882604,3636.33715104833
1542.40782924341,8343.19412477813
7336.99588786168,7793.35598495487
1914.34700225444,8981.98901381423
7891.12506233403,7549.50605523989
1270.75344786387,3798.74741353174
1136.76865976547,3360.21691638645
1752.80239248296,8887.28487649026
1611.57999819514,9278.72844587344
8647.38161951824,7104.96640510999
7383.15665061423,7246.85470396896
898.003963477311,9015.89394846806
538.311200293139,3049.31696377989
7588.87810833064,8395.01439008391
1158.81846057643,8977.41501496344
1691.10865833843,9261.80101620298
1321.54348542421,3622.42639638357
1388.41743419971,8452.58843094673
7395.4610507892,6999.56796725106
673.13204680418,3167.11866804033
1774.37255755602,9122.74639822458
7508.33887298102,7262.72168724379
7293.1154281546,7224.40761024794
2081.4641223772,8892.79088226691
8156.66629695203,7741.81909655582
2433.84690646761,9263.10448336254
1118.82854948819,3402.10750562566
1211.81266603803,8941.73123067105
1445.03366826027,8930.99025250698
7801.00158070472,6641.04898189796
705.531549044597,3281.5553091
1175.44489931427,3325.42690987928
1724.48853935225,3742.46302679007
8576.86648440415,7638.01412849974
2240.75174019509,8624.82255821008
1450.72415489386,9237.13270806707
1468.44418216018,9107.13662202459
6057.17531038873,7781.48891941076
1855.39886506562,3421.53294612019
8585.40951529723,7525.71267331514
6668.25634300653,8203.82593564276
1961.08897982693,9062.3168845545
1570.7379307851,9100.4560369804
1167.88893594149,3919.64322001126
7538.04437076161,7006.47353503145
962.69604221079,3039.76395108666
1555.33253496459,8876.04792050021
1243.59760707443,9146.53453549191
1157.87282278289,3348.63659297887
1262.23362292066,9302.05068448193
1054.70835222298,3564.75667312886
7680.3081526376,7983.95481342034
7772.72404577848,7330.88322548418
6959.82383480298,6879.97948625782
2402.92567632505,8089.10499261651
1477.069093639,3522.20029891832
6198.74782201973,7123.46777601515
982.828024464945,3187.31042154078
1271.78034431445,3360.08034694938
1404.63736219302,9060.74898128242
8898.28427656417,6694.4262786879
7449.51120619688,7751.39776679952
1420.85680945668,8587.95122693893
1500.16723840588,3929.11625875647
1331.27733249884,3642.51330658995
720.716551141294,3371.95649722072
1758.25672234072,5728.87133667862
1478.9255940664,8226.83278954113
547.44314361317,8837.30738276929
1788.2499028959,8722.6050333206
7008.3854366529,6662.45195789673
7518.13647014938,7610.33379992478
7501.93888385544,8041.50175455475
1782.9614859037,4538.29816225862
1834.22114077042,3646.32812749246
1411.22331064653,3599.98774418474
1781.40842586098,3660.89785787884
7343.38185386027,7525.47284769001
1650.2878265019,9346.01913560532
8905.34735502088,6878.98657144658
1888.87980116648,8784.30785583767
7617.91931852936,7776.66640275752
8176.36671973085,8056.91136060304
8241.26474128013,7604.80906489698
927.230744179486,3641.82419645665
1228.84340150563,8811.53786507973
809.700035371778,3237.76076065513
6993.38403733526,6795.04927736402
7530.18142011113,6440.18434074105
1254.26902825406,9168.99829688125
6395.86428305555,8466.25733978071
1239.76798518531,8917.49870660153
8378.42363398301,6561.97060924448
7771.39574286234,7844.10966660665
2174.05014766998,3870.73201659682
7292.37719045545,7911.71428453184
1331.9429509751,7234.30162369543
1562.4762375846,5859.16811395653
6747.53125591368,7690.23817152296
7991.99906760028,6918.66066394217
2370.96220092415,3867.48331040757
7462.41344868401,6809.38793032761
1530.91134482532,3724.5990741731
1382.32456976788,9024.69975462908
6742.29979656422,8011.1145507895
7604.7609653561,8240.39916795812
1175.55493292901,3638.5076932561
8351.42311161848,7179.17626109633
6852.75187671021,8238.79534105516
7037.12115332136,7710.64843336713
1470.24262543825,8273.23452907365
1936.37882438872,3128.27195431837
1382.74325098874,7916.66133302843
7722.57568540738,6955.08309655034
8146.04114752181,8389.34087022271
2057.27824213312,3833.20450003573
1376.18785651528,3681.91919193894
7356.56267721824,6939.16468280986
6718.61397656779,6668.29554944849
7302.4368656563,7272.4224338241
7438.63858580332,3705.84093346191
1902.68573196707,8328.51792917959
7332.71362000523,7103.57700028448
1053.99772619013,8742.60997346977
6401.99698584502,8156.41023619068
7864.36287646396,7783.41502450812
1901.96416633251,8964.58209635336
1292.41453187984,6952.90700184172
1876.97239872524,9256.41498921947
1304.09440610824,8902.96815778689
7816.84486544434,7959.92307106598
6657.3765428917,8229.47916826553
7907.41075423448,8206.04850466583
8143.23356087448,5318.06670245895
2166.5773938362,8976.14774223449
7358.63315302758,7710.72230215314
7698.52430290451,8085.63744677721
1904.21635431859,8906.70937490317
2115.80951593844,8730.96157549626
3521.12251760736,9063.69339553475
1678.86993160331,3874.11910751936
7487.32933818775,8243.63575131878
895.620170900285,8352.19818499919
1736.68710403937,9151.859503713
1621.49642197818,9125.83234357839
1502.88763331478,3664.8639666962
1139.97729050462,3523.35785234219
1089.77920923272,3531.06147064776
2713.27286282581,8943.92240296872
1457.48220522112,9350.54698612052
1459.19817547801,3418.20987315427
7936.30443830504,7978.93961946699
8053.48157323334,8064.46298626091
1592.74580371152,9244.33122315005
1236.99406755373,3731.63263036256
7562.69165656197,7803.21274248538
8114.87707906179,7102.94803543977
2117.93019067447,3187.55392255685
1174.74400928348,9074.27639663944
1067.69656224357,3401.61684260883
1558.70023251238,8811.17378108657
7398.5028113151,7121.84985127461
1524.78006228467,3424.14766171836
2318.31192258153,8150.22524846456
1109.71231123575,3380.27259618974
947.714223881156,3166.71649804079
7293.68421873488,6846.93815638512
1452.75219026947,3753.382099277
6568.71366710385,8193.7491335097
3692.62764310235,8557.69539442773
6901.10058804599,7405.54570374042
1932.08785443586,7904.77376952915
1341.52477810218,7389.85633351572
1788.88466426889,4149.5006750966
1223.70623136211,3621.16191964018
895.697847595238,3362.82378411229
1230.54609950863,3696.47341317413
5957.623951349,8110.1487058623
1560.7289524722,3246.78168929462
1677.9762918582,3939.15924758556
6850.17823663813,7955.62144362335
7734.25910286053,7291.72333650851
6931.9868815481,8002.12912796308
6842.11465203195,7031.01166987949
1159.71563417876,8988.93506448466
878.39682649302,3533.5982336353
7269.84751967397,7788.13978582626
6670.33162321523,7782.75830074556
1504.90912571033,9245.45589330531
6731.92931191774,7830.32342916027
7007.52309225708,7041.51807619455
836.792002043798,3621.6381656119
1989.38034116249,8651.08523815349
1385.00037449054,3810.17551766582
908.900579963568,3697.55036216252
7028.52757770047,7641.41122282086
1299.9071307273,3406.50402233825
1905.4658627281,9173.9079192343
1348.01035157543,3784.43275358522
6757.36377986771,8062.26737246048
7711.26854221407,7931.23606829083
1633.9037538592,8976.8734140325
1282.70187330354,9084.73337466037
1622.15502228554,3630.66725764978
2253.09558441211,9039.59720379796
1752.16961137206,8711.26935782125
4271.16150071054,6568.55192651229
701.066100188589,3079.15917563539
1485.16794530461,3400.43558879533
6249.48448555114,7402.35682152725
6628.28093464113,6540.90362442719
7320.27689195365,7625.00022383337
780.813964067771,3925.19158649756
8985.62642107245,7740.25737086245
1290.82596240748,3900.46914483073
8527.10183078583,7511.51723412053
8117.94063599955,7535.6023643921
2153.70269889951,8711.00817224529
1487.99050665847,8870.81207400344
8067.61264239668,7292.01166818219
7039.70506911463,7902.70252452922
1412.91055360582,8903.32444456037
6264.30738041947,7602.93390331193
7354.66764029658,7498.55238198263
7994.58713004681,7837.36147331862
8531.70895170912,7949.62637825066
1363.09841945939,8470.82476230313
7627.51826818578,7450.56732914274
610.965380457438,9270.95741904882
8040.80352968657,7326.11434728281
8475.86390226464,7508.50917925934
7428.07655608689,7978.35144441013
4380.1071329772,9050.95883634511
8700.8829271752,7855.56912583674
1081.79592474775,9279.34453412323
1323.31122012673,8747.04216683701
7797.63094843227,6837.70811274086
1174.39838760011,3552.65633509582
6737.11424196343,8981.41994368727
1286.91558293254,3680.88272392482
1538.66574996516,4465.73162786504
7636.73002427549,7706.00326407682
924.257671894977,3075.97074976073
8572.88263829056,7473.7696042259
1147.15365284654,7976.76654949391
1954.8243446009,3579.25060890923
1191.55257880567,3665.02020094911
1532.1641257476,3704.69568647093
1690.01642844185,8326.83713721057
7413.53191402703,8178.50948357104
1347.26865978041,9056.67346375837
1683.11322000636,9063.38085583433
1746.25556651158,7897.9416487826
1799.47118325307,8776.69726598306
913.076460878497,3541.25979638592
984.405969391456,9192.54073538678
7796.91076765633,6489.49115061666
7861.38534433123,7956.40247282959
1225.27853075888,3721.82347914755
1155.61408623286,3231.26151387698
7748.8443932731,7420.44778715074
8259.42363081553,8025.35385973026
1023.19319360315,3362.48953499786
7644.27601282357,7345.06658308572
1947.37934133387,8654.59276674241
1898.26400444784,9071.43052429439
7536.09543252318,6991.6330690945
6480.64016745587,6172.29237896362
1298.15456438678,8336.97585718077
1383.52017864751,8764.3056573798
1090.4045712689,3702.92879328812
936.865915486276,3427.3381804878
8592.61393246396,7082.95306831758
2075.05924261158,4724.96211011652
1504.55476210674,8977.37396867617
1930.26932189969,3757.55020246019
7604.26665650371,7879.29328406406
6133.93960684595,7577.50948997259
666.966957759681,3112.02183824102
7761.26214869097,7885.66750272286
1128.33738837848,3083.42876415767
8343.87303416948,7416.66937082575
6356.8329259239,7321.6436380729
7762.07573266589,8217.6548456738
8478.71928391897,5897.37295188826
3262.40502938022,8593.22881619368
1454.58062065842,8794.71333679166
1459.25930601119,3947.79082494386
3047.36191837759,8432.66700165393
7401.88971926951,7819.10130698173
7260.56316773863,7748.17549682811
1671.62000232316,9230.08348536887
1203.02714025283,9256.47716292643
2296.3543251799,3941.96910784996
1642.18871583442,9120.14451736121
1671.25447346639,3777.94619284537
7268.76473317562,8407.49271266969
8012.97643470351,6746.93122599919
845.009641058675,8171.54920414128
1344.17172291503,3616.68444652691
1686.32751592948,9010.11790407289
7530.51150079893,6898.92562528403
1326.55220027633,3709.99351996922
1273.60887576502,4434.08387468986
1969.99514600046,9046.4996198507
1295.44642670094,3706.10288948334
8565.82745296178,8346.39340353468
7874.27701772273,7641.72588033937
1471.20935641274,3721.65830999689
7087.9892949776,7934.90001102282
7131.02317462681,8334.15137926728
7970.37197380741,7815.07941715277
7404.80124136718,6593.75526355055
7391.15354533816,6965.51244663246
6859.41648759751,7893.97644416633
7118.79120849048,8261.18446434442
1838.81392712004,7608.64338470513
7434.17499625756,7972.24018519528
1413.34562375384,3626.24874448528
6765.82730729485,7450.40253121279
2603.06856796579,9113.55680643836
2120.46913866169,8870.53770141428
2332.74108815909,7410.31347013895
1045.23667945454,3395.77860083472
1600.57853323045,9051.78987991223
7759.90790771452,7878.32243969327
2025.77905616264,8003.0424068691
1325.48891761097,3479.59510394418
1227.59357485287,3714.14895356532
907.629768800582,3975.52768474522
1014.34719642685,3065.1998626519
1671.16277993937,3911.59810727337
1816.78770229172,9153.27941050432
1317.86398995195,3690.68506664278
7217.80179775389,8142.81945888818
7367.37749819046,8114.58268050883
1779.79123944468,9069.69283375549
1349.49887215432,9051.39525346772
3061.04001486935,7460.09706452905
1767.19907297904,8928.47977328287
7895.2300935543,7826.25345485125
1433.13437292438,3264.49959672183
7134.11575815116,8149.96382479906
8892.03544701531,7304.71105537601
1618.85312879949,4039.99457009931
2562.40075725487,4231.11558285617
7148.1866651006,7329.766929302
6813.4696503942,7831.8543526401
932.4206818712,3508.60097787361
7456.85135448634,6848.00185193089
1842.12610184663,9181.72702561537
7859.80449537595,6111.06802771315
6700.02654545874,9160.25638771898
6808.52633598441,7568.21763192096
7168.90424431567,8195.53200668488
7071.3214362464,7905.37194851551
1487.76735407438,3778.16496447709
1401.50557883553,3983.58924667735
7466.11747489024,6894.34945094335
8164.29255251309,6828.59285896127
7341.81367124705,8205.5150927159
1475.03116773347,3389.08331508153
6566.34580629739,7428.11419918138
1747.93263805022,8816.45202176811
7291.7159095473,8304.9257005503
1615.28065115029,9269.74585110033
7129.41016477184,8307.40521893409
936.090081761247,9099.52588860389
2269.47823428605,8698.92318332063
360.710976632891,2846.91351061869
6916.35643251017,7286.28053526787
1159.21978968248,3295.76191691019
1732.40930441756,3728.63988636567
1281.74978861867,9220.18867690044
983.587775634233,8663.67638910701
275.157833618719,2769.36019104901
1954.85654663907,9217.96391865725
8011.45276494979,6589.39735053218
7702.84878502208,7121.35775730769
1225.23579817565,3803.98016866769
7590.21273157807,7284.79586426936
7104.84452452213,7855.35898733354
1544.30417871205,4539.35506926089
7417.99817832467,8445.99157381231
2233.70250217108,8599.49190222258
7795.42557589377,4574.22871239721
1144.6527946796,8576.98333370312
1674.5008737125,9255.6402552022
7273.78352268742,7852.79865118139
925.688871502034,9318.6059474501
6304.29274594357,7186.16303528072
8461.68031654583,6057.08566229571
1797.36754534639,9153.77602268504
1577.71168898541,3961.15363536394
1412.46257012626,3669.82976592899
6560.20931588991,7027.39815834697
1186.94898274665,3406.99445018645
2172.75772957134,9280.39566953599
7517.74936349913,8309.38939874694
7531.54993849335,7665.32029647838
1274.69411227216,3517.91296714232
7299.59274891196,6857.14694409558
1862.87665003209,9154.7551963491
1689.68338976491,9276.55317670587
890.934760457731,8031.25416756726
836.483304711718,3272.12054351366
6845.96663690088,8367.99609221802
1343.29621340727,9165.47405915694
1016.03688071278,9220.32195387158
1130.91380777128,3311.05138228719
2879.83960722933,8133.54238934126
1636.64028063133,3639.92055449292
1047.86100266959,3212.0144049973
1184.66028761565,3715.05857462825
7562.76143075885,7986.88008271355
7983.12220063494,8036.02910889303
1504.00446352365,8140.69672512083
7414.36211401076,7888.22076697876
1653.76555363972,3678.1685054181
933.452098509723,9371.56661831537
955.888141901697,3326.28191570858
1553.93007451516,8961.29035473534
1902.48840319588,9377.28154017373
7724.47953432821,7766.74764691197
2199.06561230769,8386.27959913746
1525.13851514607,3499.19388421554
6878.12745082625,8122.57449352572
1499.60051960418,8700.22529070867
7199.82567952746,7662.78266746846
1022.17093665964,3518.87699237168
2299.84308652018,8402.75625551299
7246.81030609429,8659.76200856711
7793.68608264553,7490.50910501254
7485.07442890944,7442.50398318223
6709.13746191143,7032.11473840335
1395.20596783193,3667.62345955482
4078.04985528944,3400.48172291799
2329.33183304633,8651.91479600938
7771.93705683939,7453.9379793961
1326.51649110657,7910.85080629157
1240.05341764072,9411.28579009776
8242.19407192276,6501.8894963305
1106.83472151364,3276.63651281301
1450.72749042089,3790.33922747362
598.766879013303,9037.26357832829
7531.43814220558,8061.67213797462
1254.46332189672,3867.62769007111
1618.67294015642,4378.91197866956
9072.92676638284,7116.85520737715
1556.5711556272,9153.75584437392
1807.90093098346,9001.78306971229
7314.68453270634,7370.22448397118
7098.41336348985,7418.61263226352
1456.07903981205,3553.00741227099
1955.33417631869,3996.43645268083
1574.96558310602,9161.00777223037
1491.69612808288,3904.35101782027
1897.20131269354,3235.80496996374
6382.79088379862,8142.8035090054
7672.70988602814,8007.38863382553
941.921618123149,9260.86105135921
7267.65026572511,9675.01108835883
2628.01347909098,3328.86873640482
6972.35099386277,7526.87797169311
1424.99100317549,9226.33004970935
1043.21996033657,3593.33566095089
7092.48094224029,7735.60209456858
1591.50620132188,4802.87390238121
7767.82996783749,8080.64880607037
6424.21767979381,7518.44609998055
1150.95797524933,3387.10841242557
1817.91201389341,9168.15665147903
1245.42520726653,9358.29260450942
6868.80515084647,7949.67228311733
7254.19721895783,7732.65045431286
758.812500101792,3500.32959547378
7974.30155840663,6654.04779744758
7253.24309861245,7916.91320320024
7221.09157941302,7258.66933131654
1101.41830166494,3246.89489040202
8399.37374252396,7688.02358713577
7675.82600136133,6637.25893664786
1773.77543420065,3587.93206164183
1479.42289626607,9037.26444331713
7769.3722476235,6809.51085190752
7789.42660431144,7159.58132711397
1648.48459333819,3555.32222694816
7624.21855600426,7651.6867890165
7672.45584565144,7109.75535008896
6913.27802785612,8066.63064943221
8795.48948425625,7066.32202304482
7855.64454955964,7027.61644073133
7672.00410083765,7028.1024626058
1592.1309314379,3712.09062988603
7131.27926601804,6921.72012851685
7669.24329127778,8231.24590632509
1365.69853436262,3450.37975604171
1667.54333695726,3154.2449305714
7627.65020571322,7834.95495648362
1285.16225648411,8807.42691418814
7803.69995492342,7418.96150356254
6987.5338834565,8476.12670694233
1380.0609035261,3913.61103947572
8113.3462708437,6069.90945511641
1251.92498017596,9094.07752554803
7488.73107846529,8115.19088008277
1517.82477918828,3541.67838802787
1722.6677755259,8631.97090363578
1535.98533533123,8971.42138029048
6262.85266706717,6776.84659912836
7538.40276821656,6542.31620789113
2451.86848155985,8413.42858884521
1824.41336260608,7683.29409304401
7639.4674937942,7488.80914203445
7178.80671450239,7831.56659491363
2507.26365160694,8114.55078750067
7504.54970626981,7369.07101342308
7140.82931682414,6961.64110420189
7219.96369015466,6806.92828399189
7583.20096253112,7787.25749969164
1235.95507449179,9098.49654188312
7240.62025279742,7403.93228199251
1523.37454782372,7801.27067411094
978.775588998951,3446.78562598453
1168.40855753524,3414.41050873602
1424.27077519428,3782.91319958122
1442.71514571479,8874.34480503637
792.082106904869,3125.0351285785
1326.05313987042,8997.9684983296
1035.87172257932,9128.80905633123
1469.76354324553,8989.33907441114
1202.53913310728,8879.93177926301
7442.03736747794,8013.53078849282
7765.92016847484,8143.09702541122
1248.17073300131,8347.74746489006
910.807345336436,9080.54976442804
8382.89520776915,7369.19126321384
7699.48037714416,7388.66373463397
1823.20886216024,8749.85156970394
1454.69347417659,7425.16936878718
3104.01674811896,8770.41828057534
2321.07145508585,8245.98800702957
8115.93686691268,7514.60377386645
1638.90116152569,3690.36064319723
7160.95814640128,7186.55977245613
7336.43179741213,8094.72809644534
973.518964695246,3216.88484167025
7779.01070033399,8792.70825271501
6799.00243771937,7860.94283581746
1416.12084455188,3668.12803301165
1730.94766673126,9307.7713399288
1291.45017380732,3479.39531707613
7890.04668247154,7194.86658386514
1449.54592747716,3902.66620091743
1454.49495201328,8841.52265968766
1599.04805913671,3278.08785985653
5196.0055902317,6755.27832508468
1202.4616147435,3431.01493945983
9672.61167955252,7032.97356699232
1297.35967709739,8273.01181522336
1538.11566590053,8832.78567900357
1180.54000168778,3796.90219638916
8759.0716719602,7170.38519849601
6968.09116941412,7853.69955131462
1116.12797967527,8077.6006485936
7576.15100826701,6766.26896767954
1387.81757896144,8306.74511809901
7144.21435228202,7965.72501206482
7929.62786650328,8085.91538655021
1132.38476774302,9219.72762425963
2027.3553652449,9018.24510397227
6566.34514831058,7498.56471128398
1674.96589260659,3796.80465250891
7783.79044626882,8195.83308452905
1695.30101378089,3676.23352134601
2497.70509474222,8646.70728336343
6918.49912095641,6190.61435711214
1501.91188075922,3394.87492069743
7321.56055261676,7584.08481605854
4901.07773560156,8821.04275797614
7696.37397563731,6536.00433393177
1522.916430326,3686.65016778089
7390.23825104861,7272.82881529107
1604.75522910476,7373.44551317287
8197.62224099572,6355.9436891033
6036.71174492083,7016.15117340372
1352.68104315633,3371.37839232602
1471.10052328754,7894.53168432695
7961.67130624012,7769.94803882572
1952.21486895162,8834.75013679745
6813.48690750708,7724.52016686402
1401.23156549999,3932.4361417902
1570.06121392631,3991.73419954492
8584.16956280573,7672.78835600462
1276.25548794809,3831.98502810701
2932.43124621501,8423.86226818316
1568.35922527303,9046.76750794137
1647.38454670567,3446.50439052365
1861.06711418715,3618.23125164406
7712.92569760765,7296.48005357572
7948.16035843963,7401.8534132185
810.890899373171,3196.88398805634
7688.66324052434,7783.32403482764
1211.09765022009,8280.16589693053
1243.64197887556,8806.57010601644
7796.3195912156,7486.04622143925
7576.24471179203,7417.62658254912
6646.90819752298,6984.72027991431
1345.71003400991,9207.44039478102
6640.80426730158,6966.83164520346
7231.36549624436,6775.06563699793
2767.12288715244,3817.14994975409
2340.74853094265,9426.36873821526
1966.22499493372,8756.90138724733
2415.18377978565,9347.48695233704
1434.41264564834,8829.93031762971
903.711484319373,3148.28118618805
1287.82704187396,9101.0951895111
8482.2271173616,7759.78310632362
1191.59290914811,3351.69404539119
2583.97843098629,5478.09333759835
1383.10738035852,3706.45181020453
1343.83361965589,8844.31590386858
8050.9571370628,8091.81223485186
1249.72604815146,8863.04165872774
1583.29248993474,3762.19068407781
1111.93231965948,3131.55698065647
1564.59905176465,8916.28084932599
7971.39532684102,7404.13210872915
1799.78166905168,9280.27388922802
7239.44979979189,8582.57113622597
7709.83056898794,8276.50046917876
1083.28433287269,3670.14759034845
7823.9017228316,7954.17959473463
9156.19369629439,7867.01078535111
6722.29115781267,8166.92130565635
1173.79789355526,9376.35292354157
1381.11755770276,9276.23755120158
711.70204489977,8957.38820005832
7533.81737409385,5801.50962916908
1893.07114476655,9004.23986579549
5992.65438541084,7530.07643551244
1913.57348892119,9362.71744356116
7528.46876441276,6585.3375480032
6432.53195411137,4100.95788173201
1256.51452964722,3820.13365830835
4675.8199025454,3951.35616909832
960.68989058494,8807.98976871773
1771.97577809937,3700.59251812064
3773.82568260169,8850.34595285205
7455.65859655234,6794.22032135373
1281.82382299406,4059.26265190715
1903.56392099739,9401.76493926865
6548.66372350151,8442.24665513044
1216.60439597544,3452.86972391499
7599.26874472231,7854.97447121683
8241.57069754694,7415.21471120187
1448.62310967725,3645.13372509554
7767.64662308065,8304.30914792401
1551.29991284343,3684.03144537731
752.640688838294,8736.83543820444
1362.90381744581,9108.09291316418
8178.37027362334,7227.99333175929
7562.61115809895,7518.04159613105
7965.54251026356,8348.44182981928
988.267373820664,3487.93192221697
7466.52255555131,7774.85159892291
1365.015139169,8900.45496312349
1412.94961869565,9222.54362272835
1167.26159453174,8855.9968339101
1376.44758343904,9039.54093055056
1865.11728484502,8943.12585153643
7535.02084610952,7459.53664096833
1206.41159088014,3509.43567252259
1259.55352665771,3682.37484042519
1239.83207965222,8922.44105898952
1765.56461220702,8468.59626593262
7525.74110428096,7444.36918342867
7872.70548666854,7065.26894560812
1628.24771782087,3859.04790234951
7089.63724754109,7276.04905393711
1140.18258621793,8970.70751190885
8107.45093959965,7490.75617266809
7829.86260092465,7231.70451252551
1167.70605015998,3262.93685489421
961.054190233756,9054.08784921715
7684.35303311015,7747.1048907069
793.686523264772,3409.07004389973
8288.37923356619,9083.76739295748
1138.32121221747,3666.9279068639
1639.90732232302,9231.37473809677
712.813904316834,3337.67171830606
1356.10264969586,9602.19986770517
1863.11071485769,9124.96774435639
2246.48781687355,9113.34612217482
7649.08706121927,7902.99284803595
753.926070320674,8855.88980784314
7257.07971982256,6887.14932959773
1409.68491420136,3996.10139883909
6739.07415083299,7774.51359931081
1505.56519061223,3794.42977753726
1307.05889825224,8944.3488044927
7854.58326159662,6033.13254835595
1796.76547363615,8852.30163013171
959.136820638285,8750.49502665459
1767.16240347629,4015.96436061686
1035.20953247849,8798.62777086399
1466.60976630487,3632.93189713768
7613.0622671083,7461.21311143669
1213.38449142141,3476.8180105476
6224.43906380717,7638.52516260807
2632.19751356457,8676.32216598228
1630.90500891099,3500.28036489381
1372.60042643582,9208.17365438341
1591.45643861337,3544.94091246646
8053.89711915807,7735.34580353363
1364.34612147183,3603.60163693186
7720.15786670587,7518.83868374846
7573.27728700205,6654.55118626515
7318.91675813065,7545.12628655424
7245.31137104246,7977.67740625069
7074.27435186038,7871.72002493989
8662.72526746952,7784.00747785099
6741.02318022727,8175.18149590776
1063.73888266168,3447.36299399288
7452.02376146907,7451.66019120251
6658.92830124277,6581.80935270056
1147.80455378463,9105.13973066072
1050.3865071252,8660.57335241349
8437.22105898897,5309.13471285062
1473.47054468344,4136.13004842065
3328.38235279775,9131.0215331434
7234.01982298527,7094.46016601763
1636.74124382144,3942.09034711784
1165.46830898983,3604.84406829736
5469.92132196494,3819.25117023157
2412.29422617374,8965.83595250436
1922.32584240472,9186.89847066402
1484.08446367125,8867.20166038001
8353.48483770434,7929.8893950482
2360.38812379708,9251.67323412829
6493.06508491076,6453.41706836817
6434.17619777775,7589.27384802876
1023.64815845496,8989.03472733539
813.156950598669,3455.10318986262
1660.87960309129,3680.63375860719
7354.57817538363,7177.42825468605
2024.20922447299,3773.33904928063
8518.30457716018,6827.67430048701
7072.72591339869,6684.23810348143
2123.79464984803,9000.75412702339
6185.5110941464,7845.70965092127
7223.95002388056,7210.14843752049
7715.24228024575,7978.98263813315
7110.22646504256,8118.31534755567
7944.46034026014,7919.49704454082
6807.66249109617,7848.93135640071
1312.87785713802,4253.6865052519
1398.96882112525,9215.59188441392
8379.56427292874,7203.92534571948
7841.08815307645,7449.86014349139
1240.49610456345,3421.80767754401
8375.16027903196,7078.466476126
1584.67261687731,8836.42914490009
1341.35207824534,3541.90802639797
7435.89662484008,8126.85392440409
951.449491238211,3197.32748552337
1712.95137619648,8956.96938313773
2172.55893658885,4036.23062316527
951.422860432504,3538.63201429777
8303.53350011949,7608.63673882532
7583.14456579759,7741.35288598037
1812.009686458,8747.81845577203
8998.53483181827,5447.62944667207
1774.52952683767,9058.75757524813
1388.98529402047,8960.64280625471
7412.51677010698,7296.98185182528
7430.79037033284,8147.78896836229
1557.84902147859,3699.68867650965
7233.98737226323,7723.88490537555
7741.4212939333,7399.28165234137
1432.92987705509,9157.57426379579
1091.75384059504,3633.93537591232
7874.30125970346,7796.59236965238
8109.99466935918,7894.89796595581
1181.39653966238,9323.9094657288
1662.20967021112,8407.09082701457
7016.88128515022,7369.62458724985
1590.97042455113,9232.91354692655
4267.40276232873,8364.3281596943
1497.0737508149,8524.43817170668
1435.6092677678,8587.51965186762
2054.26468466878,9285.94667448947
2422.63112546019,8655.85581664911
7903.7990818646,8520.17035968104
1642.0773342463,4279.92854110841
1267.68564570701,8576.17943162003
2041.63728600106,8516.11260779011
1014.92676334375,9380.97885770814
7515.82138789214,7407.83309841857
1670.6034000619,3799.711083217
6980.61499275804,7231.79501527442
7785.8454943172,6970.75257632321
3260.0428750243,8381.56629274337
1084.68647611938,8374.59588979735
7409.36381204852,7127.69821379313
7635.56940935072,7816.13298905854
7828.45081481752,8297.31377621802
1558.82193747153,4169.56539821481
2768.40876871976,8230.03477682575
6705.69328530108,8294.8040671995
1351.21427485783,9098.55024123238
1262.99024770109,3297.33829478046
8398.97828069595,6710.20493578184
9227.24884754905,7023.84758124497
1695.21099599803,8462.75702274361
7745.27606119391,7947.19062166541
7851.99823729555,7827.34842676593
2010.36036830384,8338.39175031938
1200.7091093795,3388.53188449957
7428.79031396669,8340.64208667593
7528.07355311637,8454.28037243811
1515.45950641062,3435.63534531255
7849.0120903148,7625.48351200846
1098.68619762313,9163.35919214405
1402.92757376378,3818.21061757772
7057.94927459106,7605.7383510613
684.036898529105,3225.64122628994
1618.18563796974,9223.44959661455
1355.21709986663,8932.52499980022
7308.50717368796,7874.25025069364
1081.63559482469,3549.40231749402
6412.74793997115,4271.73227026752
1290.36065283927,3706.63079245719
1173.77864324842,9236.22416748657
1234.88371288305,3553.1026272122
1691.02749144759,8919.13882310504
1382.46209758255,3776.47324588613
982.950827389131,9233.33627228967
2223.87271116989,9058.23785128287
940.443507180439,3318.2217597695
8098.46215293489,7063.10694950337
1478.92608295523,3129.65264856525
1284.53557977891,4398.33996188277
5574.01807321599,3396.43938181382
6078.14244875117,7451.87612139135
1510.8865746155,7874.05103132668
2976.77609280557,7267.94030733855
799.48888949222,9173.42117069563
1412.17753319668,8587.91931008386
7840.48345742951,7492.43516021493
1622.18289009569,9179.10613186534
6874.8271033807,7193.76969831157
4166.16958009117,9252.36033249276
7907.41629612333,8077.14509252802
5052.39486165052,9386.88553615349
7575.72637128887,7839.19031805326
919.574686547987,9355.88738806255
7640.17320953749,9431.33325610841
6915.0990277168,7241.16591359128
2786.78275632718,7637.34583261087
8451.37234061915,7967.03415963756
6717.41595116731,7658.95453998163
1082.62867906769,3336.64428611509
7547.45536868995,7520.35012225897
7630.53965847959,7835.06031921986
1628.30289710694,8917.70053325316
2114.98097096221,9000.4879573962
1647.8415930198,9072.88541153885
6524.31965169032,7125.53516864941
6943.67714480788,7907.29770117018
8446.84882067209,7763.08986804587
1795.99777887199,8948.11469117386
1186.52613771574,9277.5759889831
7168.03540193014,7471.24450585535
1734.72218589802,8853.88752090291
6455.96253171191,7730.04393062001
7850.32444820658,7211.32636870557
1639.26058244711,8968.95233718272
7276.42011026647,8424.2777794548
7238.47049695138,7557.43575867803
5035.00658553963,8591.20662534421
7103.43726689978,7967.23003292726
8900.51377462101,8049.32179771404
1152.78948529315,9002.57327073628
1700.34416820579,3904.71863751735
8291.83750484256,7865.10919863503
1847.09726773073,8984.50446989299
1366.31882091467,8844.41752301056
1035.20857300384,3368.18528313118
1311.79387036125,7947.43207225012
6824.1707073623,7707.64884436862
1369.69927904069,3418.64386386548
4092.84949057303,9166.05749462903
6356.39020014595,7136.10912255084
1778.80047107869,9304.95540512685
673.904127640194,3077.09153114918
8036.48361191669,8032.28713972096
1540.47146763339,3664.6398178155
1199.65422592411,3378.23579382572
7462.87209150311,7789.91500140851
1473.46482347597,8926.14292552374
1356.90144250541,8781.07382065663
1392.24995546125,8928.00248832759
7367.62479378419,7176.66739669627
1451.66518561079,8551.62363072249
8272.60343354781,7189.84575307523
7522.33449302326,7456.21035242435
7700.78875455581,6041.76531465478
7525.17278385155,8641.71088253849
8572.56614923829,5742.94024468269
1887.90149883883,9246.65397838728
1559.94028613298,8959.66405632144
1358.89613706983,3563.03478089345
1511.78698915707,8862.68929520355
7388.28608987343,8111.1650430099
6827.67361672139,7840.46517016514
1257.67609347581,8943.5098844051
5258.3749510528,9710.39118257487
7654.37247076298,7605.28049532938
1755.21690842202,8034.73745443925
6741.64588600823,5570.8243892816
8855.69980790585,7876.36158745619
1466.50744848501,3584.91418218357
8055.93296542195,7977.95730995106
1657.70621036039,9086.39193147718
7689.78341572227,8460.55164771717
7701.58686396036,7968.71152583379
8750.71050705685,6301.12948412348
7578.67834796001,8176.88969872434
7120.3149000878,7987.78481716396
6761.81986263751,7636.31710255309
6378.08229835457,7313.29092379148
1149.13218400786,8228.26219817077
1269.80482468273,3558.88737958042
7274.09495843918,7829.9664733951
6774.221140985,7497.9663320335
7068.93910490498,7056.08157775933
1235.57907107212,8844.79173191822
2154.66397671925,9012.2683724416
1217.41924010874,3304.72644233588
2057.13529269455,8898.75855866342
1747.71192695035,8461.28524168282
1450.77867835693,8362.93710824988
7517.18215747899,6147.24015402806
1950.82717014273,7329.76864148734
1862.09487793752,9449.3788017094
1302.14767315986,2867.74347465675
1382.46420824774,3550.06889821871
1676.64899124166,9143.8242165762
1368.08785657653,3380.7508212854
5279.89181396804,8299.4256125949
3718.78829955375,5738.92964364987
1340.10274719746,8489.46755387846
7416.87385853232,8601.11175962645
2386.28673771151,3726.17849696103
7388.94450279566,7818.86562810476
2628.20179845178,8721.43282801162
7020.53364119811,7725.70901977386
1002.14588169892,9110.94326638111
1537.6561312517,3752.27052476811
1215.64681433329,8913.04794631236
1346.83654920213,3236.97484435588
7406.69770847277,8032.46155778564
1003.771892106,3310.25495925693
1930.83589588339,7752.08801706513
8150.9469381123,7261.61577852011
7520.58136732124,7287.6686786903
1221.22191957932,9194.08128138872
1196.20415961287,9097.70428739665
1388.77057656019,4004.95482718007
1623.60514822531,7977.16598965733
7706.46216747042,8122.19136783105
925.222134508208,3229.24447530181
6547.00326319715,7488.23533932501
929.466403410987,3270.10028101174
1316.02435206844,4668.55214192288
8194.6700051828,7924.58732549336
2454.52016299032,4082.24398747845
8032.89644715459,6968.81099496064
7218.71271746797,7081.002331946
1473.22685413957,3185.63759337994
7711.73974341927,7656.73081109399
7776.93943775849,7861.19397709375
1686.72771309078,4105.22312717982
1185.60839958348,3452.03422453473
2195.08637583716,8572.57269107901
7538.16376798067,7839.21452653238
1235.85657736799,8720.7702339841
8623.00412134956,7835.31848525678
952.442511391451,3543.9621552378
1296.92647060161,9203.93371725675
8640.45248134737,6975.52696447641
2433.50611734641,9059.64080663571
1167.38975159768,7968.74124134694
945.62703675057,3345.10191385219
2945.45208826631,9005.14326175232
1482.26080602902,7845.31817942115
7941.39910557043,8636.72903866816
8531.65820521584,7397.24741911021
7932.73112823814,7846.42250017748
1769.2185019506,8990.43741327462
5407.5437721622,9004.23375783525
2245.80323650987,9223.09618806208
8101.77404311667,7799.06963777603
1712.06503536066,9325.98999846632
572.917928630099,9009.55258029583
2655.63291159567,8772.16435927636
8679.10875744061,7741.71538404399
6523.56938101428,7484.7526063211
8980.3985047881,7800.44287573968
6540.50381615892,6965.92701344762
6904.30408674587,7385.32566600972
966.824841139488,3345.31711885743
3105.48786643467,9166.64547621114
7897.76900256242,8077.50647818357
2386.96907011754,8680.81375814963
1132.50058141175,3513.85810400154
898.073838376214,3352.38791236865
1365.30642068199,3955.44910413393
939.818776151791,3559.44984273424
1338.1078646266,9065.86418542675
1472.95842090427,3651.11706847081
1161.42839635143,3306.52411265538
1785.94060754321,9054.01142517621
1610.05017020687,8098.84411357437
1406.86961816172,9050.10735675445
1306.70528832059,3394.34041649182
8049.74895965118,6935.91730812433
1804.73464930487,3859.54065128308
7347.75305101188,5635.83936854882
1084.21659538363,3364.48458587506
5585.38201515851,7281.74122548812
960.086424392636,3368.30935582265
1312.81455404097,9469.10118029932
7483.39551238373,7308.69601479226
7273.70966468973,7667.11122037485
1569.70117878623,3868.67908833089
4826.60985431908,3499.69114599306
1483.17887675628,8836.65880979357
1560.25696755782,8840.15868185337
1885.75088701366,8421.05415393808
2291.4645575036,9209.87427554162
7580.1255785279,7537.31970370337
1625.06575721401,9120.38132089692
1976.11295069481,3852.54869379431
7227.47497106407,7931.0116095736
1490.52034554831,3638.82828113174
7226.95588068219,7784.9981349071
6666.01679506713,8006.48607620393
1069.5078453221,7628.09587817067
7445.13559315647,5909.52910539517
1712.58883823386,3768.03120257171
7005.65174520613,7262.08017898576
990.525765995648,9236.64021928267
973.838845924948,3200.81250063373
7471.49875366001,7755.23697797178
1414.63880381599,3634.3305095738
1186.86519210362,8960.30074329293
1255.13319924834,3577.64277987132
718.106134373484,3006.44765032787
7538.2200204189,7287.07731556278
799.494428471192,3399.87803179982
1593.50451041111,8307.89032261169
7354.93070626213,7259.48254928732
7142.79070001345,8116.4009848249
1415.01582092102,7954.40188836268
7656.49982755002,7337.93505962041
1159.03128726691,9295.24477876296
1783.16202728491,9195.43589062663
6330.28575887537,8311.00571887704
961.466061429626,3268.11588360725
6594.01031537872,7129.53361245156
7195.63708098652,7890.00622234699
1291.49536929916,5671.37998326089
6970.07958154356,7839.13267480666
1767.53644941284,3420.0522437603
6452.58526567713,7112.66567144834
7927.59943567695,7381.77683594972
7173.53780127454,5475.61604325831
1365.81779623977,9100.01990114643
1152.48865213041,8804.28075447362
1297.21933385199,3900.3433984036
2192.27962406857,9024.82647792382
8032.88914893859,7809.65836689691
7156.78194819251,8339.5411901675
1551.54953810844,8859.49946871406
2237.49178227853,8932.8024189239
7357.24403770408,7656.7274358114
1300.220430881,8914.26398727331
6723.40523823766,6331.6125814918
2225.16980056301,3787.30892773763
1232.97095964746,9477.96130861356
2078.39337670375,4856.40822580468
6627.04252545675,7574.65703758989
7019.91854917885,8277.94237730978
1971.66443672044,9002.17334331074
7168.63761447443,6630.96295044504
1122.76878598034,3605.42218723045
1426.12555962912,9172.61197156974
6298.17379487703,7901.6847343874
1169.7669834685,8381.67307527673
1163.26445470051,4438.90103931798
7193.77883320075,7288.12448404224
1152.29606467149,3323.7389342237
6233.15357236766,7589.83966003373
8227.2097139206,7692.91919613953
1222.42564462339,8667.16787684067
7508.51191056178,8203.6520698345
7352.98570174975,7209.4146190598
1524.08643785461,3632.91153067382
1403.50656986108,9060.15979223313
1222.11606512695,9081.48342607927
1179.87302629546,3624.98640749627
1303.9230677159,3426.53553279356
1587.6337907701,8329.60860714639
1083.34279116387,3000.20511670034
8530.0925541946,6478.45017542222
1220.89034252892,3484.11902432328
8202.60826418022,7078.27229140465
1250.25655960435,3665.39435807226
1486.47202158642,8729.18480379447
1068.17220808645,3157.19457842549
6468.80292864582,5965.80289181464
8050.24556400592,7786.55029435053
7937.34241103057,6693.64951128427
6433.59651699361,7101.86064592382
1238.52321847015,3632.90429738256
7903.73859799562,8396.14371610329
1033.34997966277,8272.26225732341
1969.42565224065,9527.29626195746
1583.38872493225,8942.46345163874
1217.11846968174,3750.77057002774
7592.12562519254,7750.19489159801
1013.38867949351,3236.125112766
1329.27397958486,9363.38769132274
1053.3543282868,3478.10421906412
1810.12633364218,3746.7384043142
1654.46622169186,9344.0403454956
1363.16204672163,8981.2478771949
1231.62785667281,7967.06380074575
8530.97630964546,7730.1003399633
1165.52947191056,9387.61246390792
6677.54796729241,6859.67732535183
1243.97714294189,8975.49108906465
1710.20045674484,8871.93174139623
2590.89121923924,8703.46416525009
1363.48728831616,9045.27665388374
1490.71558047367,5749.0949429887
1508.0772080229,8790.10341251695
884.087022320863,3669.64958673391
7080.41663868757,8152.96680437742
1077.69514822447,8918.29083732105
8299.51623710737,7601.52802983841
7113.59464637834,7155.70605193977
7350.69328338728,7666.65382558747
8174.44551469616,6926.55593753514
7677.01137366005,7845.00815492807
1095.11428626668,3680.58687185023
1402.96024952005,9274.57598567555
7398.73776587672,7684.14894708698
1591.41240537581,8965.70619886955
6365.54213517334,8126.85604925447
1396.94986746306,9199.26214755715
3039.05873502611,3903.48173972558
7566.56588895205,5215.34701868243
765.758375774285,3395.47052763877
8503.17792786557,6813.77056773147
909.428551962303,3638.0011655171
7813.57697498528,7175.25941914725
8100.92206288393,7022.22280711355
1919.70040838311,9284.94431423042
1735.63399562443,3813.9494287944
1766.39330124806,8835.49401714539
7580.74106736869,7787.94522387477
6055.19571405424,4049.68004506865
1001.33305862867,3043.36557114539
7738.88178381954,8398.335792645
1209.08956455541,3348.63098261654
7942.54480353553,7541.43679538457
1821.34594704117,5029.69912157132
1113.10356807865,3500.89525136323
8016.52152583137,7733.46151762577
8214.51849017819,7568.70607080866
1964.88897428871,9337.54436740085
8332.39288064829,6780.7823220395
1741.97780169918,9027.57674886382
868.193134404866,8829.61013308321
7298.12124157118,8055.82036829207
568.653753107359,8952.2694462222
6279.07743210519,7464.39430429753
6759.68397373117,7703.39251718331
1177.45418076573,3323.88625540179
1014.70693893708,8915.77448150656
1166.77798201485,8925.77160090275
1097.82299850718,3055.24472700317
6569.59350144766,3754.51759107274
2048.55445779839,8290.28357821517
1666.24762575148,3829.13817495686
1923.09866451772,8276.52875163463
1955.64476515247,9061.80770144285
884.084281553011,3567.87310046228
765.787621511043,3254.03594109004
7180.30451999538,8616.61818235154
1455.10272080873,9336.41135184047
7489.01527237403,7474.85134207214
7388.6918264344,7489.42456392422
860.54028918565,9382.00015549797
1154.53802692136,9123.455550203
1898.11416864603,4359.68842981622
2330.79402874684,8661.28341857745
1244.42140908419,7154.60115334988
1159.55828246365,3782.52529060131
968.882572928124,3906.39059492897
1809.93543981619,3831.19179921342
1715.5977471637,3799.90123680863
1602.05602421083,8909.72296160886
1561.73581256745,8645.65759321117
802.403005251355,3125.27554151244
1707.76057700147,9073.85548766321
1128.37747746381,3352.40450020986
2067.33153792042,8762.70268167615
7045.89892545898,7351.5913365397
6906.11315610213,7790.22367941598
8048.85780802461,7359.1783907336
771.476470330209,8979.68199228268
7417.74340817464,7740.88110136627
6229.69293478228,7226.93232499076
1276.47576057809,9444.14670654132
1352.16854190478,3362.02809384554
830.882242576225,2891.02637183857
1449.50475418491,8278.81237137892
1695.4088936834,9205.36749845107
1170.34995857572,8925.86925901329
1400.79466919783,8008.07288092495
1526.65095361395,8221.96939944399
6694.65897128561,8116.31187510562
877.292062624524,3297.9298906247
8080.84014540073,5962.61169874621
1846.288628683,8469.99991245897
6743.3172498091,7795.64382464137
1709.2284551484,4744.45800607285
1251.20647255919,3409.02031225028
1857.87691748573,3846.9241373559
1277.77184121631,9167.17880654504
1175.27054427181,8362.75222212652
7403.1140197286,7590.86229500659
1657.02353815724,3902.5210919163
7623.50297511738,7789.47704187744
668.751056207077,3253.67979396831
771.868257766149,8271.16918125435
7018.56036694978,5735.80130123797
8578.82928167877,7178.12307484501
1319.25684071976,9083.8551710183
7397.31239277035,8119.71979929626
4572.68060933147,8227.57390956568
8058.1448457916,7052.35884872058
6856.20932562158,8901.4191798762
1397.00540790987,8478.13653280363
7626.7760132023,7392.23565065453
1218.50463535573,3847.88758705688
7891.54275484131,7935.65783650707
1088.63813855608,3445.18025523454
8104.88304398453,7844.40896510567
909.702165996548,3454.65339166758
1645.16311818895,8885.250715731
6141.24982495127,7624.31376739051
1462.05414349343,9334.22317530635
1238.51887964107,3462.25479027802
2070.0374095617,8486.27040683933
6270.03919368517,7071.48980452974
1113.90905682996,3096.16525364246
6880.8111035121,7775.0293602862
2383.87378719244,3886.07174994483
976.868115306525,9058.16275760151
1934.55778143575,9170.23375039304
1444.31837116047,3913.01080229413
1096.70414545802,8883.90250991907
2185.66454427599,3612.56050868952
8040.77013984837,7532.64463119618
1495.30342951372,9123.54750060955
1133.09261897367,3401.80739725594
8558.06423874776,6756.94772184166
1723.8385221568,8959.13937066854
2038.90058574803,9113.70303212543
8841.53233529579,7180.16713562034
2000.23915357072,8572.35860817624
1696.31456226133,8850.7701582603
7821.29522270829,7556.33353192511
1856.66102950695,3703.72191096702
7367.19563090043,7466.8906329296
7273.29439969977,7402.39397112073
2048.65614756596,5386.5402829397
7543.0004351341,7503.74905337783
1199.32689106218,8986.38565140455
8116.22647261684,7881.75517660272
8452.96616406194,8526.91139003331
1588.22791293742,9177.62347451622
6676.58873105087,6925.46140538087
1411.85310846086,3754.61100797793
1463.58862546094,3691.94327602453
8035.641040688,8032.70520757708
7801.01920439559,8246.18376630725
7456.24940386331,7600.58504067897
1171.92685300252,9271.96496675362
1794.25610358731,4670.64146723892
6124.61774153158,7383.77259283888
6760.10849744786,6789.9213325656
1569.11284249964,8749.00281291947
6659.21123771549,7959.97296384914
1655.47807241634,9112.52435178195
1324.05411260337,3518.59207535431
6360.68620085176,6288.41209136326
1457.31218690965,9124.47942234545
1941.82902843851,3684.04233152304
1904.01607419385,8112.94074484483
1790.94691588662,9299.18449748774
7122.15587818169,7717.74157794248
7308.5157931737,7347.29132491386
8113.62959918697,7835.58172946357
2048.91268254619,8971.41646914631
964.584026847525,3405.00939441307
1702.09356145425,3920.02275815514
1133.47628168448,3378.86204394941
1595.62372201078,3702.56813845602
1102.22737634966,9187.355591664
7708.18030658463,7785.62518589547
1632.68425172977,8374.8227336549
1786.52202192204,3551.92609444083
1564.53535830395,8354.89952125853
6193.94309038484,6896.2271776088
1367.06178212348,3172.27444490712
1549.64186055852,8710.10354444232
2816.95929446571,7104.62305243914
7651.23134543129,8143.87868713415
1314.15553740464,9189.92806339357
6899.90485185936,7230.30369484624
1819.25306363568,8826.68604472055
4957.46711542509,9335.89390911584
6987.43753905675,7041.60647779241
996.873701993404,3436.56112713905
1105.67644185694,3560.33880384192
6853.60089305045,7317.64278119897
1648.04448055535,7674.51201765481
7594.24352358799,7036.25658417822
7373.379826447,7749.89779193862
1140.36445268948,8871.01019595333
7104.48364588618,8039.19081852692
5125.07048894322,9080.86194542309
7574.29167127739,8066.68631064837
1407.04568892055,3680.2942717169
1278.08065455147,8080.04475522798
1235.24026666046,3583.43686162008
9047.3038758628,7648.34707017694
6089.49740142007,6010.02096821841
808.815704405598,3502.88471309075
1841.78158993051,3739.1408692249
6391.82540360704,4058.79373488812
1534.62914086289,3860.37879281161
1896.27330858337,8075.3567027174
7825.29803447224,5612.12257062062
932.592341042251,9235.6551490076
701.931895320964,7781.27838283262
1465.00680324172,3253.6080818014
1436.35821251492,8583.12138370719
1701.77968364791,4030.10490015842
3226.37658266341,9222.14043619102
1039.2014323644,3909.96041563368
1332.79906540672,8729.62858065635
8455.26036026846,7850.12174958042
1555.84405195378,8821.9492411321
7533.68838286414,7248.5864028526
2010.62004980174,8190.32792595315
1928.72167943384,9232.26433816496
1675.69245733771,4002.49365913923
8250.82244825748,7158.23919735687
859.66688381019,3268.90112225927
606.341323022706,3450.70893029326
1487.12444088454,8676.45482228253
863.742998196152,3966.38071061071
1182.82684028847,8366.91540720779
8181.03327589944,7363.33380047597
7233.44304784072,7742.98192863295
1168.06597799601,8977.11718522461
7245.20150544488,7740.59917499456
8736.10033067636,8019.88063894702
1689.29745350372,7812.79706855519
1769.39833198869,9010.17346964132
2064.3987815982,3701.7938513837
6688.19459119596,6955.197435804
6720.67711675731,6808.70514153674
7032.68618917564,6989.17477865236
8688.33272429703,7696.92442499076
7419.23283045685,7596.53072588969
1236.84792337833,8948.77097486579
7036.0507179449,8126.18882679027
687.339988223896,8984.6456380184
1267.08500911743,3420.64492190387
6131.40217198382,7634.68392578232
8128.97856684185,7315.30798010035
8170.5161207571,7703.19227463335
7875.06109559023,7641.98947954052
2048.03762854679,7785.94132359398
1876.1597695351,8848.59420168501
8595.99864497907,7928.89009499967
3952.17193607092,8941.28080828344
1971.23271694763,3946.73863347732
1521.56593962165,4265.81670812598
7387.12832140208,7739.59452884841
8020.08168725114,7670.50329051374
1720.01913036743,3462.07283918293
1787.9867575781,3580.89256901399
6833.2378206245,6355.92815475523
1578.60261552477,7753.22660110492
8074.85599482019,8183.92244555065
1511.06868151644,8800.05690814518
1278.38969162583,8221.89818641737
2398.55280493943,8805.31139716591
2063.01786312107,9135.29166893076
7963.03235532435,7694.52687578671
2127.05931152895,8616.33225670118
1228.78779690017,8977.67731454494
7390.83491469607,8368.28578476536
1253.01388969763,3471.79315627168
7306.85306261278,6119.83537212496
1925.34890790711,8142.30730994812
1872.542575088,9248.8093663015
1421.67776505061,9109.82311524401
2402.17086677433,3657.49827871322
7220.1763491792,7340.27576306944
7798.19827459362,7579.8590903908
7154.30078116015,8122.22537191293
8816.93772955076,7605.95251866221
1306.51010537081,8729.72210768465
8311.22132525442,8806.39297900415
1378.46914311502,3835.35805427088
6607.91401142608,7604.16690237003
6346.30067633454,8041.93090259539
6478.07696980517,7059.3528804035
8490.5801145731,6487.43710064292
7652.84524474857,7506.13889138159
632.357870725298,3341.41995226815
7108.61986495367,7719.44762123035
7703.55275469848,7710.81659799684
1088.14723534574,8903.83478723824
1061.77346074528,8444.48204115095
1548.37610390857,3361.13183288569
1593.65428158769,3938.18681166324
1489.26460476813,4284.96509501032
7576.27820242114,7376.16047652018
1171.02521259561,3189.49616160635
7344.02973917673,7461.6354949801
7890.02897448033,7133.21690239057
1360.55980284403,8825.348328627
1251.47049193551,8980.86154315376
8550.54766190246,7624.19771806474
6898.82847401092,8035.34451484915
978.437268436342,3458.06792266811
1307.29517523778,9122.85811112964
8332.97836645857,7523.97040682779
1099.15181004065,9098.626475033
1581.55314564711,9031.15049795611
7824.07272943441,7801.67519348847
5045.47963109205,8882.01744758798
1360.82332655175,3881.41576324492
1467.68359740129,4188.94975684983
1210.17337981873,3954.72352129754
6666.4632645404,7397.46093237057
4849.87080921517,3887.17142631065
1928.15285539739,3916.5837352359
1534.43310367839,3825.9165964341
2094.2256925929,7783.92865431995
1150.83275273624,3702.51374270727
7807.46081716286,6242.89071028223
7297.07262188235,6376.33170287845
7494.28689508171,7538.99375757674
1475.24112914333,8924.66963701301
7360.94528406819,7932.469738865
8635.4204732914,7354.19951451301
7829.59057072902,6432.92843533591
1897.42633533499,9250.96747108952
3393.87806796006,8990.83881538243
7633.7322761111,8064.78252524537
5483.71408914728,3151.66845154883
8083.82286054581,7813.39190582856
7502.1606238709,7932.5605451212
7298.64550114955,4000.65972119403
1750.63342180818,9372.57933117594
7020.89774717227,7736.00678621227
2981.06683653152,9237.90703462953
8690.97091372771,7030.2513807556
2012.64393716598,8518.59914609482
1529.88364234627,8455.12321220291
1621.31920156768,9205.82694952581
7005.68389660004,7945.65084028429
7417.84437674087,7796.06231448118
918.464923822239,3352.32650680264
1808.04060656357,8700.11370463621
1204.64317661259,9068.65464699243
1612.6395510407,7387.03659833406
2343.77291482493,8938.74846877584
1131.15355238678,9196.7575483843
1501.98340915109,8873.0393568538
2049.84709570118,9148.73697707551
1469.66144324979,9180.21863035068
8308.72525843912,7219.2152874681
1183.62302071305,3495.81651335519
3103.52065162568,9227.90538123526
7994.77549957486,7621.64109754945
7329.59697336945,7057.77110943919
690.357602228288,3163.5453578936
1940.21875463978,9196.88399205328
1904.09401627941,8769.16777111583
2278.43900669946,9023.52170492564
3331.37851513249,4059.94817942598
1635.81447196837,3632.2917464858
1794.63280225132,8974.07070305109
2095.24111945866,4545.69862340189
5223.76049686425,6910.03473671427
1529.28362228161,3565.0031567107
2310.76202891174,8683.3124969593
1074.44341389316,4059.66518477289
7927.73637961361,7318.34859994213
945.411043704618,9200.57121251462
5226.11472611851,9213.93537295913
6936.40694521491,8037.35502363625
2449.99627491802,3676.18350554582
9294.42091485796,7921.25791624761
7618.90020523062,7969.10631030474
7067.20885735188,7294.89551908844
1667.71350609589,3351.05995575719
1864.93829441788,8991.5241999459
5882.82951059099,7836.93418674855
2087.83889940792,3815.56364682536
2182.26248473209,8248.1793331909
672.668064093609,3105.07180328546
7385.78510156841,7788.27606067675
1334.01840949717,9150.51412879671
8817.63741906425,6913.86703385948
1613.98808024182,3711.98961693018
6211.4791394152,7802.38676168545
1256.896797628,3597.87567597381
6988.50506508578,8501.44042061589
1559.39839744498,9047.22444724526
1173.67150846611,3654.23635505471
1488.65431577383,3939.3633884728
2627.85278374037,9219.6152729618
9077.44340736588,7990.85461152507
7734.06863170847,8169.15462336704
2794.98234633185,8223.84884283511
7813.10086258463,7726.23995854295
7150.51550680716,6692.08568764088
7023.49795088614,8459.76417267025
8791.07096975904,7615.23690852082
1200.68607266034,7975.16960325874
1254.74278650872,3273.90853838226
8679.8323588396,7817.6853001733
6495.76565242557,7782.30792923832
2810.33565420142,5660.40416636841
8033.5085138826,7155.17544711719
1420.1240089667,3755.95900442808
8079.89204816615,7406.18570392857
1381.51323766476,3621.32594548621
1194.60631286484,8904.34550226245
1813.81047315075,8887.87205385809
1393.62450019938,4078.50583429765
1190.88332681157,3313.20088366644
679.614920550759,9164.98913011659
1229.24046437785,9146.21053051239
1086.05610152553,3573.54218164741
8019.66629305703,7635.23770996032
2006.74908208815,9085.48994568675
6863.48168402836,7583.30750513037
6876.00075000071,8220.75591482654
1725.2086880075,8680.60462653956
1274.5477405189,8903.38351177489
6999.27341469547,9048.65704338792
1941.78750104791,8182.68869565376
7688.33223782078,8174.06030217459
1635.74597176268,7654.51533376137
1395.09610687839,3677.62787951862
7828.56608094492,7774.64428587941
7220.58743610708,6430.3405296272
6609.73293901302,6321.28180483685
6624.67444489657,7986.20870963335
1822.61065677902,9036.78591052384
1923.99161122595,8086.82618420844
7998.35455684131,6309.06771510763
860.581326444309,3094.0098010452
1972.3675203962,4613.53030562116
1122.4327765305,9067.8273990162
1583.93128540502,3898.16705599225
1302.73417156453,9077.77685094805
1654.70140662913,9156.71337292194
8443.97229362538,6997.65093069622
1562.97027401986,9027.06870257725
8833.69564419365,6284.10001309734
7726.09999162717,7086.9741971842
3076.99394449752,8204.40192500809
2294.73080845498,9412.24121384761
621.51174630615,2600.41075151914
8137.03849040625,7328.0523668812
7025.94299114138,8143.86113826843
8163.3761020387,6470.33531010864
2097.02279866634,8780.65959092367
6985.71242863206,8556.3987490467
1263.84304031066,8580.53356764619
7122.61611731825,8068.04015634817
1338.58156077556,3338.63308771403
1498.96999202545,4390.18343396508
1882.95039326219,8429.8446572833
7312.82544263193,7520.27591295783
2053.90515444706,9029.52541647237
1169.67724771681,3917.6228857321
1975.00353345533,3780.67497610295
1913.63006526048,8971.12508544607
1741.92851564251,3657.07379272874
1768.70813915079,8131.4548738369
7433.11915669567,8060.95408472452
7249.06471961231,7678.82465254655
2730.01799567724,3580.75252608971
3242.435520532,8989.50609676859
1292.59716854076,8544.16473605304
6519.69992899412,6926.52524550587
6838.6955791941,7629.15079331715
888.497507214642,9103.6795572147
1421.20858178057,3574.68953994676
1879.23086005267,8783.64012590183
3260.05095484966,9207.00034369341
5483.51480022782,5597.42236396742
1473.50694992852,9068.29686715354
7916.71558685733,7703.55526497302
1464.98348169642,8992.04336030491
9371.28995166528,7564.29691337199
7299.46312039456,6451.11857734474
7912.59462231798,7313.03394653716
1425.54832185761,3327.509018076
6520.24716311864,7074.9123907498
1365.04688501415,3905.32710029128
1130.99450479809,3374.69571736753
1175.76563463847,3452.21319860594
6168.85162647307,6624.96778204561
1751.37252021773,8610.18945844037
1803.19207448533,9056.09838988677
1791.79453501426,8346.78275792479
1737.16809551377,9343.75676603267
1708.03971965788,4192.91448453526
7046.77523078461,8291.38634130611
1243.35549427154,9022.86041859311
1426.23248708595,3569.44543947737
8213.74427912996,8240.62349326965
1272.04821122005,7427.89842175613
1095.34932430627,3608.13731268966
2137.38696746052,8466.90150169813
1413.96849787814,7528.88546878262
8363.171958369,7007.09046474794
6307.30718644684,8032.70349249464
545.754973348731,2091.93935947729
1534.12195830463,3622.33155393624
2257.8713499503,8282.38468957838
8778.54918433504,7610.08233604829
2173.63202389059,8716.55006594318
707.367943193427,3251.52498108617
1686.42484642598,8881.15140788025
1146.15237312611,9179.74685923081
1036.10940328047,3223.54754301639
7836.72919445225,8165.5636868629
8373.36634375041,7683.05653766795
8204.5667938098,6918.38919340735
8456.09497459838,6548.42296554671
1320.03459958085,8944.20118476892
7458.72979927862,7984.57087900926
7782.91940669175,6932.80866099148
7929.69889196968,7278.72223346122
7780.28781214054,8097.87763392118
1023.82361478229,9254.96691644969
7502.70618166826,7402.82977515766
1405.67482907951,8963.87445457348
6110.28547359228,6112.56207166905
1501.29479991407,8891.74066255701
1543.76367198819,3615.80148635756
1750.69315760218,9022.25363795906
7644.21907594613,7454.58371191975
7440.64895161683,7753.69743932359
1617.9974712682,3620.89196218246
1389.54026178599,3625.45995167685
1255.13328551163,3083.73719157113
5094.19584331423,7983.92364393477
697.292118735039,9056.64730873821
1404.28132169811,8901.99490618491
2052.79995547341,8505.03889317291
7085.61565506017,6581.44565074015
1265.50724612811,3672.62676190529
2091.33023710915,6443.54597155454
8820.71017656347,7714.50777763622
7870.89430467171,7554.29164027171
6727.34594014163,4746.55791930225
2651.86172218024,8890.89219454439
1100.1241320777,3234.61010905707
4323.05161126371,8299.58433413299
7269.89076187108,7431.91420764238
8679.92851391649,7259.21966275013
1416.86542669669,3640.49001983749
7166.88500350788,7693.85721091999
805.11845815056,3354.15893200934
885.858886921231,3325.60693917731
6977.96463615683,7272.25665620945
2091.0898258903,8845.60528752676
7112.97579011182,7447.4453494065
8903.01283929798,6701.32127763798
1294.35392039986,9049.48567179501
7775.81038943517,7984.71463977352
7500.82537960108,8125.61347341386
7671.77887985507,8227.71708847339
1151.49434985547,3499.62946796128
2549.08625564357,9256.24573347839
6714.62714801433,7892.68868004681
7078.43770968971,7765.42702133898
1082.44691760352,9287.71125657155
1624.9814497065,3812.49361571885
1504.7407565025,3597.95620837571
1061.155042014,3483.9785058827
7491.93207849416,7522.16686342115
2157.96733809347,8990.40072448184
1529.36587524382,8773.02893418035
1515.46123969564,3747.89857492825
2168.61999589372,7681.59851346052
7935.57236065963,5922.81828113304
887.83282386738,9350.97054403527
1450.04983259822,3828.12482017925
1412.80942453237,9306.92722273101
7714.19030566401,7984.04168735126
8305.48013024698,6083.59480751375
6909.38710429345,7019.65004883393
8538.12633413052,4810.42289127272
719.732906235732,3258.01977568717
1783.98190918358,9057.15059912034
1555.68703476946,7727.14977733701
1243.60871884768,9207.43022890594
6877.11383406714,7366.23751220402
1319.45557127965,9068.87537543997
2275.98436665391,8870.9194238463
1296.42020199324,3254.41882459079
1114.17282742408,3570.55004325233
2589.97763855716,3794.23503367516
1742.80043786865,8371.92963084301
2736.0287952588,3291.48375331592
831.668104432005,3262.85685971282
7819.04070287967,7051.74464972378
794.020588673982,3322.31329982384
8458.65736701081,7835.34104964511
7223.93911222342,7985.27324595484
7182.88945558501,7487.57271953584
6992.18239434122,7080.73448137424
7732.28102884499,8386.16308211168
1689.32964749195,3730.92244127468
8521.49856313841,8208.45489511856
1936.3253578436,8756.85824356136
7432.56792702998,8616.24122828226
1885.85140319643,9097.13939720836
7812.11327533594,8280.11966444418
1315.53928351136,3611.789309168
1196.99541150238,4858.31968040223
3738.84589302898,8193.85114647939
948.289785812938,3537.21061362275
5675.10723197475,7325.14500775037
1425.13845933724,3870.04007679239
7327.19828793993,8021.71885890825
1638.78524915978,8824.47038348527
994.994314519711,3147.81379148694
1692.3971953511,8808.63324680384
2747.65850042436,9197.83743016623
7197.13711611199,7641.50198109114
6957.44396909841,8030.5769139491
8733.00449872952,8309.82774612911
7386.65175941627,7566.44824717988
1928.31468206332,8070.95344215116
1123.51192040011,3493.23731258524
7137.02628758693,6919.11115042101
7677.00170937456,9220.27849330052
7372.70633847559,7679.54972831927
3099.38152776786,3293.8828662744
1113.39971842825,8520.06665514796
858.367323710976,3399.57979289732
7675.4608974456,7303.04922302154
1047.82726980966,3399.48056118665
2417.66139139427,8913.64788101204
1381.58632512691,3557.47012448958
6796.12817336993,4961.58913910851
1739.03629063816,3699.48480247142
7764.72010342787,8252.96317350418
8090.68698009214,7894.82397470586
7277.57817458299,8346.22304650615
1855.05584986151,9118.60503148909
7885.84946375583,7491.14257844191
1682.83382476478,8819.58646848998
6656.24420328285,7815.92386354781
7696.94334061847,7395.19847618389
6859.76413195892,7800.0686392952
7741.85006418261,7639.64154345389
7106.81220132321,7791.22389860355
8573.23789665296,6586.88519200741
6923.36859423033,6996.89471337535
1802.36625517323,8475.16213688759
7467.90622205008,8221.31250452875
6717.00127703595,8299.6637337427
4819.83076170108,4270.18737234541
1074.20507019733,3412.75676859967
1841.16397787869,8972.9101916302
1295.03502445833,3358.20823350959
730.094452468734,8673.83350294415
1231.798004414,3678.41052721825
6646.25725904749,6856.81601828629
7354.04991146002,7488.57003562911
7700.94482850575,6763.0502006931
2108.40624991282,3918.42873481521
1463.45073655859,3562.13637429187
9001.01272444775,7539.50204361467
8708.30206425917,7384.52515302143
1701.82409586804,8141.9874104161
7174.75573839688,5269.9225559834
1751.53005710795,8357.39291520667
2119.1568267909,8120.39870034049
1088.10739027828,9031.21998119573
7982.2295324099,6732.55174256191
948.008017121887,9159.8375015624
8047.8426828585,7820.90566635441
2627.80909003631,9095.07050036564
1526.29852212218,3714.0402420405
784.178091303294,2953.98411617212
6915.44457002381,7435.01351120834
1136.80782325049,3024.93784891196
1029.72823437426,9217.27498060018
1248.72773212369,3293.9051789915
1786.41476593417,9100.59228592697
1302.58377213378,9319.57656484827
6604.20169757572,7113.18971861526
8555.79231245842,7838.1145789393
964.691233851546,3330.55613682884
7505.99849041494,7868.88633137191
7689.36243377774,7489.73399945955
1795.94920605199,9001.79950439866
1801.59311122495,8995.15263702741
1551.7318667789,3610.93087209075
1818.36295246234,9234.8592633487
1872.80640581376,3674.15089297595
4853.11723594841,8426.48276449698
1106.26533391566,8415.21200569341
1734.2115294728,8578.93482370509
7666.33307804962,8348.77571990903
2486.80857850113,8014.3505621689
2118.95906416088,7440.87225627138
7348.60195076881,7901.0323564028
6688.43353634828,7450.70560778484
1037.66069022365,3807.02091886114
7826.23274347985,7939.2905684349
1899.40897957291,8738.85035046629
1213.01731628083,3244.19402247702
879.189566424504,3321.61269469288
1771.92799331558,3957.46175244014
1587.96967650137,8358.96310468797
1616.15180836165,3778.2973748942
1656.40495004102,3600.97854570555
1093.25404127518,9228.79578495434
6937.50083494328,8093.53583643146
1322.04718299215,3003.54433132067
1588.96974079568,3331.94127999463
2351.91728374125,8790.53700213418
6835.99311222439,6497.12353173663
8412.50870625915,8576.51559825489
1558.44396809751,5222.2314289071
8377.47286487512,7526.7866989619
1047.49794462841,8281.7430270741
4694.16847478484,8220.95988259239
7263.16098931777,8177.18447871115
7606.30384184672,7053.03926339099
7865.24453433389,7543.36399405033
1222.60846375778,3710.96972199369
1287.41538940145,3633.65727441029
6832.76026315186,8216.36596137009
7155.70464842336,7608.96266071427
1185.6887472165,3320.49508681087
2584.50522985967,6572.44584250601
2249.22523318556,3888.78871907193
7709.59726259682,7913.43615775088
8043.247056929,8256.32897021911
1383.47171328533,3433.57041881309
2131.27921406859,8713.90080934976
1382.91215415472,3766.61067525206
1186.10952118955,8975.89413996275
7358.33988343687,7100.8515966565
7509.2315662354,7283.39685633688
1158.18268807633,3783.05508158721
7222.71849541829,8292.28087696749
1331.16850317855,3452.42445406695
3686.16232238943,7497.71080866388
7137.85807926801,8195.43954784348
1238.39844869491,8875.30875603824
6904.03177274092,8429.35200228441
7041.40526135871,8096.01339194426
7218.59921462516,6745.60343716862
6689.66928569473,7211.04432095448
7452.30599681277,7697.02993260443
1670.95866435935,4217.05040299817
1323.71292132825,3601.04914608831
7686.23042968179,7871.01949482587
2106.58480362801,8975.21005438148
953.479062225105,3543.69429506401
1143.28651302486,3393.7193139956
1066.36703380677,8909.06136090296
1776.20143280788,8942.00987687272
1278.06251655963,8036.79594602116
8850.24727869968,7210.26411348728
1717.3331588941,8934.76596897118
2036.72774064329,3927.42839340518
1745.4422565077,9392.08668445489
2315.19489709102,8326.26988317471
1871.94140562323,3841.46809930689
1001.00277902726,8482.23535601255
7766.77413636373,8039.28398946288
7784.03594702323,7796.33208996964
1624.71359088,9293.97842405641
7502.91714095013,6968.57302418092
1917.59739145915,9087.31171802558
7633.96643016361,7276.14123993304
2595.01863380452,8968.89537626138
739.941677691423,3681.39852737895
2249.66811069372,9042.09703384743
2118.48914596784,9011.28329087174
2508.5858881299,3728.76639907843
7944.67404716161,6842.77625939214
9127.4374819457,7362.58496756898
1362.75584209444,9040.88818985344
1530.90641933559,3767.79821083996
8099.2472748733,6874.20083431981
1449.68713705262,9087.37923310401
5361.84453636973,9107.36145793832
1569.59720308479,9117.90389128665
7801.64513828415,8035.02687541422
1235.36175086804,9241.12965392042
7008.90845148077,7812.93456984587
867.718128544898,8904.7870537351
8653.20041865084,7614.92233928628
1422.25767212329,9090.70345259356
1491.63303170811,8958.69642883866
1681.3546978654,8908.39406826756
6947.66367618419,8108.62807276685
1839.51641388211,9386.21913224813
1612.61456880702,3882.87232823593
7671.10856702122,7049.4041508096
1614.76719057477,4050.55012515563
7391.67404932174,7473.04892064181
7494.83883905436,8200.42595392008
1096.83456556911,9165.48630741323
7977.33299879268,7564.40904021667
7712.344381438,7769.91461205346
7614.91765404348,5202.73826702948
2077.02498010032,9004.19267564852
6877.42338246114,7468.04334011513
6149.03658287812,9049.10399541899
1372.77979320633,3770.0637391945
8054.87825847137,7889.65797890161
2421.48366976465,8583.15471426219
7677.98338553754,7765.22196954711
1202.4913275913,8902.2742417806
1620.86578183377,9318.19225673746
3725.2933677616,9160.49159527318
7546.20745222054,7864.87614649453
7533.5981264313,9195.89262800676
7477.23353238762,8017.70810039497
7587.19161243434,8383.76731527637
1465.66893318488,3561.18209912347
6256.14400809636,7666.51684827148
952.549113780878,8924.97447661964
1272.97145480118,8219.05611346835
1645.72575683694,7934.9353199609
876.416242837054,3421.77383672843
8517.3756749586,7111.81333097419
793.434431653306,9258.24618327788
1197.67385918101,3126.67570407261
1618.12032168664,3493.58814324717
1662.18551905091,8826.87244959212
1561.37947144859,8970.0734926797
2017.71859588042,9009.27732828245
8399.56941686061,4856.85244623007
7768.2124763478,6764.13546438914
6874.40262631595,7786.17590180292
1676.0463688994,3627.71196631057
7154.23040428904,5535.03110315667
1576.16065609333,8913.75036013541
7217.70488747191,7035.86840704754
6924.75510852472,7300.16848718613
1529.72727848385,3725.86064716398
1420.3962959826,3715.87071131887
1270.91692504621,8261.81112129322
1075.13015444257,9221.31577145395
1130.38051527992,9159.40916375446
1176.78772471892,7685.01457241918
8199.1479000433,6646.70623890307
1217.42254231062,3914.88251213076
3386.88528282732,3656.79902800847
1646.42962875155,9070.29185673827
7206.07571880116,6804.92726355014
7023.35515194415,7529.9106072207
2778.28785875669,7640.23972010877
6697.67525175066,7914.92165373825
1059.91313823302,7263.77529786316
1265.77926676719,7907.06217263626
1501.37344655828,3618.73038226747
8139.55867406181,7425.87017157875
3153.87748316678,9031.74959592738
8701.32983457465,5797.90478005657
5270.68530450029,9066.69003878914
1651.06482512011,9167.64463342465
6722.14259584428,7855.45346035399
7090.67103185053,7264.80038610273
1309.28750736609,3698.61684646508
1424.80949910005,3892.65824946171
7835.83572700065,4558.57481199055
3560.79037752098,3092.89957984978
7169.55249368284,7665.76983761169
7583.16505809051,6857.30097400844
8178.60030059667,6923.38079894512
6761.58805514494,6969.3803460077
769.377434172701,3015.95663967164
1077.13915283868,8942.46791679024
1414.14176189703,3518.56741209099
2005.3507017676,9046.41912926486
1522.86266733882,3628.2874678123
679.35223667672,3253.9327495877
1980.69804560627,9548.10761074447
1509.53022391758,8941.44564645731
1482.08679951823,7881.77048423465
1966.48123772895,3824.01612776515
1628.71346482143,4198.60413981304
7833.01842815276,7009.60308605822
982.823900414679,9016.45241361344
7284.5093495529,7229.67724315198
874.755311303298,3748.6482464315
6586.6684744177,7105.22117006854
883.085198172727,3452.78579693278
7610.14045873756,7894.2289132154
1607.94656484069,8834.18762947934
1978.12594534191,8251.51922027235
1719.62334647172,8973.39116055294
6964.49568071068,8075.59527084151
1116.19321988834,7842.28619750019
7818.07150055688,7329.34332487253
1562.31176455709,3913.08529050989
7965.91153697477,8131.91324903761
1209.07110658656,4805.07391379612
753.094610276898,2842.09287845318
1321.67360161065,8865.98667898336
7156.74806346051,7561.17401210243
1123.29351568754,3402.46875903743
7567.52353399599,6534.7660448788
722.063594485997,2923.56854238018
1918.55009085087,9044.82921485097
1615.45966507933,3653.85536010038
1242.77036592131,3519.54597294022
1050.05137495756,8803.21132039098
1929.24717073052,4158.72263028149
1045.43435319494,8968.47762408848
1065.18617102024,8916.0090844502
1421.86729859473,9194.30954865045
1476.46053164515,3463.97967681964
1135.57946634469,4207.34282227597
2149.85594895494,9221.02195068936
1487.97686240486,3653.73065785775
6567.49553616376,7424.38882625834
950.097459961975,3603.51735300859
6785.15056676741,7123.95044339652
1677.2207389448,9491.96723766219
1256.39719949239,4036.5877156839
4017.35923652071,9104.81061413801
2019.12678582713,8915.40186900887
7060.08985204425,6578.70115574496
7083.6237678961,7678.89250938701
1416.09742447374,3967.18377039733
7463.13893871319,7791.33714307047
6329.30078790535,7506.74271929889
7245.02198419683,7653.05114504016
1893.68507455145,4364.18766333464
848.91685957638,8371.17687162675
991.85442148094,3319.84107355114
1016.5417493774,3489.12798774147
1930.86766253912,9007.87985626758
7664.73019112695,8115.45047113429
1346.67582981004,8967.30866754837
7768.92258661828,5687.65902452847
7844.67389870346,7366.84814801037
7243.29516372444,7581.4196719754
981.476260232808,7911.85201939611
1697.46149812655,8931.38166204495
1403.6124114168,3664.97112784451
6893.6103979359,7135.7174481689
2724.37107567013,9076.36928845076
1507.17110050199,3701.35740186074
6976.59877035986,7214.98964800619
1246.21383240236,8540.44891774099
8776.12465394457,7327.05504250668
7350.05720465263,7597.87094046934
8396.84374444622,7666.44010126581
7861.28714789366,7082.4490272613
8006.15995653255,7315.09182625814
7629.67302532394,8003.25389266404
7041.62660829813,8168.58770245602
707.142900610611,3277.56830018594
1490.96292699287,3734.09299499856
6443.8757369363,7276.91750033739
1358.61758434235,3971.85908469924
1518.56391220354,8779.09213703564
1389.26578226468,3472.18632574615
1842.64428559232,3855.41267994131
1029.10137551787,3456.94685545067
2720.13217574093,8899.3269551433
7453.58756338453,7937.25663791832
7373.18309518379,8273.00041372246
7346.57041222889,7908.53006859847
7851.82580907504,8155.596073741
3096.61551688639,3846.70877632637
1548.58324015401,3711.70144260578
7235.28862465469,6877.59258916254
7810.91310689929,8339.03140578319
7976.12905671311,6090.75334489899
8603.22544000152,7607.52958001369
7675.7958818588,8282.74207394771
7874.06965521769,8052.3446527554
7486.9880563892,7581.7061834534
8212.57489482721,7275.64394925536
7336.68557414827,7178.85653316612
1070.01455092701,2872.13260124442
7435.97363140848,7714.49399182393
1033.63187795844,3619.5897037398
1208.43245186029,3816.13127142523
2100.72325431846,8666.12697655719
1715.73822910321,9581.4993044308
885.074354466056,3513.10657937615
7768.17847081987,7824.78696330542
1688.27958909814,3650.55074068876
7196.14117448591,7370.68774720268
1920.96047857052,8401.92819103187
1442.95176781035,3487.99129901855
6492.98053265969,8001.68113353397
7726.92936531574,7704.41462406529
1582.42768923132,8854.17437032567
1191.37880608004,3195.26988936292
1190.07710865782,7737.03494603561
1023.40151363078,3643.43399659513
6753.9763264141,7134.75041703587
1227.28539694152,3259.10731699474
6324.85954648008,7345.46028972588
7001.29208164651,7181.44979213359
971.272182264068,3230.49649600122
2525.95338444144,5555.5018367068
7777.70036893362,7488.2310030331
7391.56278239229,8161.45263430653
1515.86279721473,4317.05482004607
2233.06533138415,3820.69094568056
1710.22788436719,3194.90115175249
2020.61897204194,9076.92167137833
2103.7117373331,8631.73597778408
1237.82549869195,8873.65507861562
2290.99608755702,9503.88380034042
1620.44002632988,8573.64661833396
1076.85988516938,9064.16343501904
1641.84297269743,3458.09516720292
1747.19564073214,9047.42333446854
6512.71536976041,7612.73446028327
3283.40484117394,8426.71064036497
1677.56502519771,4974.18191286367
1584.17722425445,9153.04445650957
6854.93445248982,7275.50018408497
6869.14951308979,7252.10571881422
1154.53706062041,3219.04510232802
7579.9323585544,7699.07851745075
7380.29424295859,7791.83322944137
7607.2799029547,8085.52863008557
1839.77930803508,8762.69530276274
7326.17580970862,8202.20959585454
1900.53269867965,8721.46546970857
7782.00959288141,6758.17536984192
7208.57091276103,8612.09907200665
1596.58667566171,3829.87870807474
1233.02184853813,9142.55437552508
6628.76294717684,8041.61518198087
8492.32460792962,6359.2378582137
7216.77858772616,7133.97211341625
7402.19750131818,7969.90357032842
7528.15512274941,7418.95233343963
8097.99706618859,7387.6197053459
1359.63137586941,3725.65520554155
1432.23577111383,3607.51337998781
1464.26633737395,3144.28161374157
1123.62543226894,8336.98692131268
7897.68108707727,7883.56791212415
978.384503816834,9323.37956343232
1961.48193532812,7769.07032801712
2271.29364130689,3760.52783620979
978.639939367142,3503.21564033957
5680.44468912287,6466.53039527573
1116.92228139921,3425.49310638851
2048.45846854564,8510.74021707653
7547.65675747316,6990.86910256018
8410.72036091956,7392.70503448301
1960.06979022203,3569.1384701087
2468.89771785181,4624.69478236454
1854.83634171657,8832.45530924232
1918.09821393675,7865.430485664
1857.09187818861,3315.43987836386
8446.41109489621,8245.27175488366
1657.96861501961,8639.17929777829
1664.82349445216,8298.44924959937
7401.20715240528,6666.70344965573
7096.04031358541,7608.00799547101
1174.60496101014,8925.82581370571
7164.54933317235,5915.48869205179
1301.45582348846,3415.03844121813
7236.66316567696,7665.06443116442
1014.02313368428,3333.48177116825
741.171505398241,3246.38169083735
1573.24874319791,3353.23004364291
1868.43693605752,8143.67270179808
7958.72760225228,7956.5022772186
1610.10142399972,3595.54483370124
7264.98766075748,8325.00170581459
1402.36104952895,3661.00568486706
7086.88026205883,6919.87078780008
2439.03366395531,8887.57715593347
6404.20820058233,7500.46606618034
7733.00165059491,7928.72049540712
6384.29023402216,8108.73555612846
1392.76007409057,8992.81265122673
1624.81164285851,3646.80157768568
7586.43112983633,7423.72366883531
8109.42358559348,7664.55773626672
8273.65795393668,7350.85432759517
8399.4072995646,7441.99734123091
1362.04770084052,9052.69023011646
7382.9407726883,7821.86907664804
1465.75802055273,8692.63454404065
7262.39372756768,7897.43906140049
7125.89944729547,7800.32844348408
7035.52128722216,7378.34445069718
1314.11520152936,3382.83375583274
7023.8745955721,7652.78393874321
7672.86920217185,8663.74086758746
7456.86703680445,7522.12555778179
1826.27747922236,9270.95040036896
1599.38596313322,9016.17031987017
1247.15345689478,9247.85392978073
7500.68968309673,7745.71270611847
1149.29879930984,3802.81004102083
1659.75226024436,3094.31319350024
7131.36206021858,7378.8772132017
7447.53060575079,7350.88568706388
1538.82919094365,7952.67366659498
1467.77592709008,7831.3542685992
1004.91175053179,3526.19209096955
1535.22297986223,8717.68509465659
8833.08299037663,6992.56968512797
2065.29967255209,8386.07691031372
1460.6608213253,3628.14817082423
6961.02841590022,7406.83414673315
2774.69713348735,8746.03117461403
8241.48899553415,7531.29893099063
7343.2494219441,7581.79364892074
7629.02945847214,8329.63053880665
1944.226430318,3972.36461124151
1661.0982585587,8791.41372103758
1917.31642141311,8646.16452850074
975.435812182892,3226.35278512349
1629.79011820762,3741.33733386485
6992.34204982815,7619.6474210736
1053.96204696111,9194.10217008388
6937.88067861858,8195.51092858313
6448.29751432492,8090.71144730177
7131.12485635076,7883.05354388691
5882.84611516082,3442.24799599095
1992.23859714205,3915.26301072627
1285.34800729915,3391.30215233861
8720.41598866266,7708.58122284216
6868.99123488087,7730.17006526327
1463.64507648619,8870.31164987266
1778.57740328562,9018.09743476265
1845.65832690685,3851.91076068874
1400.53608016204,9224.56191197947
6885.19167168414,6999.1926694227
1511.45112502606,9212.95672035199
1694.99266851392,9014.3361585095
6779.81799242789,7521.00303023088
7297.13646308327,7706.15152023512
1851.20316126078,4122.5342018029
3093.0860753563,9037.80904667178
8154.4908328004,7420.14409180302
2877.07333071304,3345.34333396963
8677.21346648919,7094.67401374249
8104.79897544757,7316.70245740519
815.119193079392,3385.00990172478
1545.43275494574,9164.46889279551
7290.32298445551,6462.35695025606
1553.91458810183,3240.26872390566
2135.53344415191,3515.0409413693
7952.44589766675,7053.68340380701
7577.78847141983,7971.56830800834
6916.17053030488,8239.34627067194
7773.39448456078,8482.52978755362
1305.74456894286,3306.0999783304
5963.00272877382,7246.77971367666
7684.23934089322,7913.91525464665
1870.5117685751,10000
7377.85418326493,6813.8668060348
1504.28141205046,8917.86564057921
1378.51608904438,3575.06112872216
1351.55321487654,8104.21211278958
1360.24462791023,3496.22355645068
7593.77575610466,7834.39922780546
879.802404719396,3391.20212763496
1166.78317624103,7467.87790843795
1382.87880446006,4013.73744024313
1685.44808376162,4960.9823639296
1232.68748517476,3684.022352697
7520.46224629361,7764.77113293029
1752.16727758785,7723.47616437636
1237.71463362779,3660.27037343316
1284.24505283934,3472.29476097168
1438.98168953266,3493.66492767074
3125.38230170503,9130.30667195013
1468.3767870484,4261.87505813
1753.82883746258,3797.42902390256
1219.83048203639,3600.97217180681
7369.978866835,7166.78950506382
7135.3759064002,7600.74900334841
1132.32068681397,8994.71180856257
8372.02483674558,7543.20616143426
796.14248324492,8874.912072953
1360.85561794741,3568.51440083237
1081.85277128,8405.83762235418
988.741272818549,8655.52920481216
6925.01290344734,8257.43822045773
6633.93383883986,8178.42798261292
7582.0539705061,7364.95831044035
7485.08299524907,8183.71657593332
1405.69785141693,8798.82967604846
1910.44957263155,9260.80438338818
1370.00484213423,3703.48236480082
8099.41958899582,7827.55151240226
1509.40102833521,9065.95840326026
1502.22559373406,8451.12270029183
1296.85917899165,3539.53875068868
2236.86651320024,8798.65951181021
1564.11728826255,3458.9045858573
1502.14782414406,3982.57511375699
1049.79182232112,8993.20377381181
6959.76548252317,8055.13005354502
1910.07222276746,3722.7645858114
6477.89649706411,9152.66211994423
6347.74198339946,7447.08727292616
1666.14497843501,9053.30367938447
2102.78262093088,8999.55531086865
1142.97719769736,3516.8193976667
1421.26126707665,8812.85378343627
2091.85977612266,9215.81878379198
7777.26426222648,7937.31466488689
7506.191087327,7655.41131312409
7338.63815895883,7460.42734393735
6923.31625575578,7816.30436059533
7615.34523049178,8229.26995916794
5228.25629681777,3850.01576726991
8005.75003947776,7368.25087879347
3279.32921463625,8578.45257708152
1205.02245887726,9492.24696321766
6755.58326355374,7832.52888825027
1300.70764321909,8770.63192754514
6575.12713746558,7610.19822987016
7115.31503920404,7567.21256247783
8311.67221132365,6968.82133958148
1408.67739818922,3604.44899369736
7886.92768118955,8391.81407246528
7413.35204029018,7977.0651945542
3700.66112643837,9414.09201619866
1239.849455233,3396.89498313206
1302.88016947278,7930.16212335913
996.944267775567,3638.25484666403
1415.82348433333,9028.15238724241
1355.61479326844,3646.43375470658
6925.08384982916,7953.98313304407
6587.60234766291,7673.55213072488
6903.14726610175,8069.78219668476
1293.61048877623,3420.4211880283
1725.97634773603,8208.21312987231
991.654597615897,3186.87083633333
7959.15977452875,7971.33413284444
914.975683842852,3470.32577280781
1283.90891013058,8710.67291302024
8587.33892149776,7777.00527798499
2439.49355429842,8870.97638523041
1907.03801114119,7970.83691732722
1751.95510484924,8567.5784005893
7929.33036698333,7797.59227433734
1209.39413798445,8884.9645396926
2486.9046713479,9208.43804184215
2319.02289857196,8973.88585492665
8664.38539334188,7705.67995350648
1538.00757389805,8883.24311226218
1229.35609236876,3803.70834894109
2110.35095723395,8359.1998854233
1760.71706883087,3421.92076429875
7969.19956708347,8256.99660397624
6958.90966527989,7429.561987841
1050.07033552394,3205.37059073182
2511.82243663034,3926.74297075466
6794.20332682603,7406.71922168249
987.751891745316,3383.18281039251
1000.6342551902,8803.91222064444
1770.21447097191,9534.16476317411
2879.30556199101,8762.85266544171
7446.62405207744,6764.60150224548
6700.40164492578,8731.1971134449
7676.69617091424,8032.39969867909
1634.84114972752,9191.588626085
6581.86746798915,7548.5917640644
2202.93062212946,8931.37163985277
7434.29830234533,7922.5729526489
1043.48445394086,3125.16760952414
1448.04295888858,3637.46304019771
1912.49654634307,3670.67824863357
1370.55453069909,9191.91313615719
1817.07446642437,4003.16019500844
7343.7315313948,7117.42549562608
948.024341157421,8931.78795408752
1069.37381797798,3377.54561795436
1456.95936436451,3702.01761063485
7410.48956097928,8227.18937636927
7236.51582254902,7462.03232224339
986.277977539474,3487.83004733067
1454.63991006811,8782.56888626561
6941.09482421555,6779.76637860825
1248.04958558044,8558.9787148854
1740.32517031695,7798.01677051066
6700.04568609028,7199.84254896722
6901.08994950562,7787.72045260809
7068.15963610745,8206.18746132423
8379.94670053165,6282.17206627648
1866.22537490075,9087.21820902334
9027.29953583024,8270.49186842521
1100.64375452068,3505.09407891843
7541.3754198404,7765.12436371524
7969.28449575062,8113.12401556351
3029.01940167747,8797.43242043662
1399.46677968201,7639.45317559219
1153.54113387468,3834.73231464741
1014.383589961,8097.00967014078
7370.95339144358,7189.75555657844
1484.1721385323,9095.29084625633
7582.22958107856,7841.81793665167
8592.28924480886,6839.81882966252
1565.58040951824,9041.39430219846
8884.94146059417,8034.29663772192
7205.21701339212,8033.3836125567
1070.04181942268,3194.88300426807
1599.66028146417,8416.96003909699
7899.61056867465,6799.95596925692
1856.5884370847,7046.97364150228
722.87118455475,9113.79594054604
1254.6113197165,8733.45811138673
1169.98457657557,8940.0762712215
2221.83489146389,9311.36289738529
6414.65904492727,7124.47455547153
1275.36597694423,7326.20051537784
2123.24048664725,9044.23918571873
965.678913965834,8867.05825873726
8009.59261152691,8116.48225797893
8820.03854598271,8020.70279322062
8717.94204139765,9195.09975309928
1514.16025143769,8364.71701586653
8225.80265473976,6273.85582826211
6898.06526454242,8031.13599241593
7445.22481401936,7584.42158876939
7062.6459500666,7472.03291467821
1527.80752910621,3990.38942973899
7532.00266647617,8432.2023916687
4415.7718951452,7923.3088197337
7800.00895954638,7575.52910112702
2079.64392083523,9054.66968608583
1780.41895764384,8853.24822448563
6663.62406332653,7707.27748494771
1741.83674796147,8739.72530231044
1374.10771088136,8957.12826375552
7231.32047752259,8606.83294231068
7260.13023724494,7687.6861798038
7725.1436511009,7865.13221900132
2929.65066948787,3889.37275302027
7276.18612950985,7282.15560798395
1248.198690992,3558.48048696674
1469.79538337518,7417.77499026518
6707.98784311677,7455.22212785212
1413.17380550291,9230.34034592684
7578.46583934925,5721.90839526018
8821.17652191374,7470.75988652055
8031.96845955525,7515.81648675127
1733.22490860388,9155.8561078054
1806.20788450123,7820.1467048811
1670.9556992899,3924.66005990996
2477.84988131252,9532.41515772544
1675.37967226034,8822.08326538772
1732.93808219072,9128.4045497023
6878.73706645837,6645.88415912947
5886.8999575213,4627.74225468174
7261.37674473529,7268.53838876003
7288.45025926696,7200.74640018818
6675.81523986305,7454.4261668287
8188.88241843669,8116.64627877295
1706.54364574677,7954.14860120123
3244.87220938623,8754.31447248785
1769.39989572143,8965.44486031088
2432.35507414551,9346.4249634991
8399.4344218267,7333.51692018559
7860.63734035328,7703.07615668354
2097.98834358879,9271.04875603382
1478.71883367217,8932.21284671137
7642.53306352254,7543.21725086692
7857.49939346994,7702.32721290743
6557.21497466593,7340.89998122222
6500.63224764834,7351.19804850593
1278.58849532331,3340.43818155238
7541.87036130027,7853.3047296905
6736.8397482588,8250.60581644238
782.862005086714,3162.24603098302
1349.17751779272,8565.66328013713
7099.00667087113,7613.72088126938
1144.4234613835,8690.09408467244
874.147029707385,2101.36075548168
1896.61914122987,9074.3311672807
7671.97610227214,5347.59118852194
2725.07172022428,3530.73729042878
7583.5272481344,6440.15156637587
6323.12032374048,7080.45031221267
1553.26227791328,9133.43677334979
1220.22353211046,8675.37917284051
1625.49256424799,4357.43230832201
1826.84587312689,9572.38731890808
816.035203523422,8722.77113897865
1747.06016174559,8017.05833252463
752.885767964318,3302.35264205407
1106.16216177844,3092.21916165421
9012.16840094266,7371.10922189082
1067.98601746453,3089.43095074365
1093.49910665415,3806.34702229491
2507.72773523925,8855.68307804561
1363.96473046791,3508.8463140312
7033.85699303849,7913.85403080838
1657.61921271056,9188.88263067921
8394.07630640207,7547.9643084406
2151.8827030745,9155.57034632906
1257.22129461351,3811.153037304
1141.90623700969,7296.32665311758
7816.45387964643,6818.26031700419
2583.05626348161,9082.76411530279
1253.34094635087,3319.3159318969
1468.44597302598,3976.45048003085
1007.19612040948,8947.17647124064
1715.24931732714,6981.68189104905
1687.50117009709,3369.3036698839
1385.08226850908,9020.26701867083
7185.4814902131,8094.31577128672
974.778250230056,3368.05351214877
7050.7488039721,9031.94231108611
2754.31551068517,8537.84489581842
1585.57353098163,3639.05226815261
1954.8840405226,8893.6635950969
1300.76812611593,8676.94111626692
1051.30093231796,3608.19464645282
8024.59201579446,8029.12364535518
8671.29212113706,7276.41973080274
1703.42424092475,4029.5456913897
1237.62496822665,4019.61417423675
7312.18991870556,6928.66432209744
2164.45029988145,8917.73925055647
6889.83545082853,6100.02891968106
7285.97752496369,7352.48269343972
7915.32372318748,7417.29281625403
1770.8864766038,9002.63411023677
7483.67216405482,8220.11878760709
1656.42610277219,6778.28378177455
7665.52190037664,7528.21864520786
7215.59106005065,7891.3029294323
6177.44456784552,7552.20996978854
8051.6398066183,7724.48282869959
1029.19061753345,3556.07913943583
7160.64061512007,7457.66203878437
1493.32386582837,9230.08966423041
1947.95413325157,9094.18705593874
7131.07625733905,7805.48661225713
6931.56429926999,7519.88747936066
1632.74847098546,8725.07156667486
1250.09280362974,8958.41766682988
1326.80270477252,8813.29636563134
1303.84997836258,9090.10661585905
1686.56938448382,3532.3582752401
7458.79404799474,8766.10810202156
1640.56772909067,8971.09625101347
8190.434523486,6047.81762699543
1964.4629452263,9203.35257699435
776.92722520833,3307.95658133536
7590.87433617467,7785.85501221099
1216.59549185515,8338.08403343273
7166.0187037048,7811.74038554528
7345.52298870691,7891.99826906666
9172.57355409305,7796.09353771271
860.479091477202,3270.79874931281
1665.03254280294,7366.27999020013
6786.17109160351,6806.09983976569
6578.62772171127,7233.26444947622
1667.44603704616,8736.31144374656
1094.01340486638,8733.29925059002
6774.41727116501,6706.12922245973
931.496967008475,9063.95170140018
1904.25943364779,8408.46683431981
1022.97634126801,3291.87216929555
1712.19717684199,8510.07984666279
1848.04026252276,8923.06872564754
1432.38470978559,8921.44551248421
7778.93888783216,7173.888174423
1220.18181765857,3583.48861670654
2053.93790715539,8977.46690909408
7472.19894404013,8416.78886837713
7596.82956092263,7480.21785398331
7748.55499218385,7768.49392770118
2361.33939686208,7470.55647796235
6809.50107416041,6758.61018941657
1148.41016601182,8309.39157612849
1694.62583437471,9373.85814154576
1376.0412480686,3628.47836994948
7220.16698136642,7322.37281274221
7730.68213843809,7646.47978369623
686.663528004322,8819.24712523761
997.633554476217,3401.407182685
1827.32724664937,3756.52006140609
7407.11429292271,6764.89627768347
2627.61381013575,8518.21315737934
2691.20339974121,9046.81130591792
1295.30383873461,8998.54347259745
1297.13398385693,9101.80716110123
4358.15887080464,8817.5996725011
1459.78716514679,7413.89294557156
1209.6902658687,3331.47477548464
1475.47000817657,8664.36246135609
2329.20572557007,8164.59535134362
7346.9257450933,7941.617042174
1704.56257209376,3630.52775882875
812.240656614708,3513.77005484108
7562.43429260109,8144.80722765293
2779.17140003592,9074.1930938501
1021.27889055122,3353.01889347116
7469.22775913952,7659.63585510421
1623.83091559787,4099.65117354017
8456.68075026757,8727.69049647361
1520.3596494812,3553.38900946706
1805.7652174309,3840.29776579069
8413.40994520012,7075.01405037436
7415.82627702368,8030.62706884664
6877.83332170704,7007.70116471557
7560.80028782025,7893.24156399514
693.927408965207,3371.28743617008
9296.59488051968,6653.75088252925
2190.07632512409,5940.08005990932
1842.39542378036,9190.34849883517
6822.20144214191,7045.58305687578
7314.18327994037,7968.4776666597
2479.60401723492,9233.1398102423
8742.44491829961,8119.31720252527
4882.51789356796,8873.2275592364
7493.92885385328,7443.80507915308
2066.98791943845,7561.55844050562
7186.93928516415,5003.95618553616
1070.94858661722,8769.94514245749
1281.70390465715,2958.86878121774
6676.74351573,8883.4029592185
6665.79949559387,7636.60263261598
1973.89826248981,9078.34857899742
1183.98967176779,3083.82902231044
1701.75947330315,8928.19531744959
3944.65299609021,7932.42503404124
7876.37577550701,7777.0026514152
1824.84396844711,4017.14421333225
1518.77120354062,3774.80660378867
6689.29612073863,7265.52796748366
7812.35861825721,7309.09844427833
6224.89811937813,7304.88994171942
1244.49716205367,3069.61098509495
1581.8878986258,9051.79378464947
7732.38036460002,7621.80238190986
1584.23181845379,3879.34079140558
8822.97273053322,7622.01915515456
1756.00865411341,9398.08737399833
1883.59436876237,4034.35343316023
7392.48126590437,7612.23519174645
8145.27655882916,7280.67406961568
1683.10439367828,8901.45928247021
1254.1411118823,8905.65859143842
1171.24983849207,3542.21399214468
1850.35780881765,7573.75388221717
8952.00460997069,7686.4817435485
8182.11231140627,8688.98130731801
1515.29797208512,3923.80172635175
2206.01200255136,8991.97204195805
1182.41249882184,3289.67591314877
3285.10826609973,8791.68294768685
7088.88193226558,6953.81611812471
1300.41107580233,3764.71576575847
1640.26199729289,8990.83799050644
6152.84466639125,7281.98651966353
1535.85671632384,8936.86096607975
7037.37275213629,8339.57992803811
1540.76812572454,9236.55441365541
7268.30282352741,9074.07103716598
7276.02950707491,8252.25421844866
7863.87496067813,7617.75158680206
1878.74397557909,3847.32501035571
882.764091514662,3062.11529484129
8501.81978984641,6926.49625175854
8397.29941201143,7258.41128429582
5142.55310761709,8834.0634835777
8732.82599199175,5044.7866182316
1270.95772730719,3757.25176066499
1794.77118102319,9180.92173757701
7041.1365819951,7525.71824974447
1345.99216937013,8643.40967116425
1425.81118805937,3516.90275180719
8726.16229097379,7350.33288845624
7448.53582318772,7037.17826248897
1069.67352946793,3457.53687379718
1799.02288034831,9030.01106141644
7066.1104483415,7304.849411301
1833.38550310497,8681.83822578896
1256.49567973541,3532.92126021458
1126.05782452115,3393.09476500738
2123.16041045485,7816.68223952364
1454.48451650466,4815.80257555975
1120.50589553325,8968.42955545302
1422.11169202647,9029.32235015001
8589.84125667424,6156.40742345624
1654.55138531201,7887.77446601427
3569.67727205195,8342.61028902568
1110.43091626612,3739.9424718152
7469.04716288537,8130.8742950741
7213.29189577022,8177.42701915959
950.058360457993,3282.02370278715
1039.3807259696,3342.36602879621
7265.35318935092,8580.80626443283
1409.51447153471,3593.28636513664
1230.9417998357,4088.87024017998
1700.85834682339,3661.54235937643
7964.35155533446,8012.15718918986
1219.73570583286,8741.4226003244
1508.6227295677,8959.61960918116
1452.85987961927,3450.73947171003
7244.73797811093,8034.01992908628
2040.65294089835,8534.72557395782
1404.49869057133,8795.57202738464
7250.87790786608,7329.69424901779
6706.8528126591,7443.98533107945
7514.90483681857,6217.84920604213
858.932257326796,4075.11560236267
6998.70548773335,7316.12041245015
8030.58543158421,7859.0856214846
1250.19145880345,3272.15132175944
767.399037852642,3107.02946994253
1996.14316084884,8921.11535061066
1256.77717145895,7340.56506237177
1832.51933038705,8126.4597672545
1536.97406733396,3291.34965296428
7485.53486898612,7580.84052114915
1515.00750517602,4164.79821584376
1179.01251214775,3245.20298535438
5481.43825255397,4129.17581416663
6987.017810497,7834.25777317628
6559.14910632872,8044.6694779605
7294.31587995779,6876.87900622889
1633.44755011016,3894.03094202738
1702.04725712651,2951.21827292214
8501.54328060482,6611.35519067946
1100.32802917757,3506.45862808374
1180.68912356682,8897.00690333545
2048.23384412358,4118.89257964022
1753.84342260978,8512.07812250777
8352.31429198751,7300.45502647751
1226.13436833882,3360.93887107322
5911.4210428524,8179.70835082114
1581.46694197051,8632.76738437807
1275.73168131562,3333.31706828431
9017.63472767598,7514.70102537693
1850.64483141082,4157.41158001065
1429.8430082808,7453.59422408171
8383.41552412352,8247.34857587198
1172.32813769484,3267.25822677839
8024.34794184755,8050.00741944513
904.807097805853,3279.10921573181
7808.32935173855,8086.20786066116
7563.62535566627,6573.25740200536
1326.73965136934,3457.13499285808
1211.52436592192,3693.00993590472
6282.98554337582,5270.43333558382
854.300410941434,7537.85610527211
1795.59230723748,8169.06488260154
1273.84055015959,8703.92743137817
7722.70001063572,7366.39914712178
8082.46230880612,8105.13553484405
6440.75775206934,7757.16818180269
2022.60657029035,8659.17993743027
7776.33409498624,7409.83117277732
677.912140081403,8926.72408336983
7841.99425140571,7587.95329789092
1270.15314160979,9048.26180713855
739.835194286841,3303.32989724475
6804.22900476339,8233.90674306227
8155.58137933689,7051.55877380681
7986.13752501455,7376.1567877924
865.723571043865,9229.75523086941
8592.17996112016,7587.46234651285
7871.32548908157,7263.89256518768
8063.30265136903,7491.16697997656
841.409525469551,3316.84304655962
1674.41944423951,8570.74715544367
8180.54012631075,7355.7483050945
1300.7971142554,3273.10065417533
1652.48515358757,4266.73888059779
1404.6406069273,8924.62424902909
1094.56457451436,3234.12780528439
7977.29287729427,7876.12155956208
8574.7029884402,7743.62950138317
1344.42006073138,3650.38282502202
1459.1297697357,9092.78370395656
7408.68744597169,7314.08954551143
1507.48641579362,8243.51706999574
7421.18554509734,8022.03072990165
1727.38292614054,3545.64636732851
8339.72197611146,6524.37637034313
1366.92492725435,3724.01208053291
1071.59871218652,3593.8668341499
6993.3984418602,5589.4277356993
1578.59203442097,8877.33326028346
8032.11615628584,7125.60529738008
7317.09487673899,7060.06307162199
1694.74125256288,3732.83606208966
1377.39303171841,9269.5419767598
7871.97087847258,7279.80684078034
1269.06228422637,3818.76120853898
984.967131323222,9111.65863662249
8255.2537666864,7326.0377333412
1624.79641122344,8218.46482224239
1575.60506871115,9223.73452781641
1517.86192744845,9329.39995994498
1954.69483226215,8811.3026436138
1924.54562359269,9269.8715096805
1493.66809914196,3629.80981431208
3091.76865558042,9214.55575981425
1184.88503750943,3655.88594575537
7561.60477544272,8495.00236138769
1059.83746575731,9182.25298370089
7901.54772357769,7361.45188831548
1504.06405387139,3669.62454140466
2296.60364547258,4293.68169314596
7971.36133480819,8256.7282790839
1860.78223946004,8419.1952738857
7036.36622479627,7100.22012394048
8256.70509644525,6753.05761635291
7434.07330370521,7377.65526067651
1858.31604366015,3417.84370673348
6305.81296155537,8829.06782990636
1556.5001880273,8327.67246954179
8627.65750481968,7706.2175200803
8307.65050062153,6129.94758531027
1570.95655502202,8641.8624243905
1442.77509363798,3565.98773822769
6332.16369979158,8181.8222909298
1433.69871183934,4100.02022516089
1070.01953036031,3592.73534594283
1370.14842247415,8926.98323701525
1406.18360933912,3192.75757908961
7837.17835048794,6986.30346017773
841.673208635986,8060.05516800369
1347.84097056679,3405.45102531597
5995.81462914525,7193.04769529083
8153.96185230516,8368.65667792798
7451.58629042634,7616.00160555329
1405.67119977883,3570.82948273847
1780.41063651876,3593.17120597455
1849.72353708903,8929.74592426246
2814.51139023875,9222.64900183011
6935.03223197853,6940.89274124596
1490.81467792406,3526.08442252662
7715.2979331257,7749.95678753514
7352.19098626549,7548.05349138258
1423.7617286621,3620.24261633178
7446.30525990626,8188.33520834086
1109.3719398854,4069.38421727052
921.919106319858,2718.25873988606
963.02156729462,3923.36980717817
1537.44443828034,8952.3444817332
7468.41178765292,7221.23169575144
1628.23846956352,9003.95445637369
1598.80345586862,8988.74204484029
785.829359721378,3530.29945542234
7133.71947848234,6736.56750638342
7128.68199530894,7535.54525713114
9081.68881774896,7415.60962575142
7745.32040667467,8035.21130009798
1214.29826159344,3572.29928957895
5808.1023989816,8918.69051722862
1338.07801763827,3664.50219430595
8477.2910226089,7224.14077192651
3041.00499808286,8548.43076349453
7679.40446065585,8222.89645206353
1872.24476840967,9132.80599821452
7768.35868875846,7419.59744344594
1777.02816826829,4035.41824560695
1751.03169873742,3441.66627970091
1455.79032082964,8973.77895612895
7513.28520880171,7670.59087147786
1292.21716798287,4055.99239873652
1823.82851729452,9122.4111063884
1013.53959328339,9038.24912358795
7610.34631634184,7493.0225890677
2160.64164963274,8836.64689256032
7463.86517434047,6689.50851592841
1406.38618734844,9328.45811431592
1339.74774009141,8691.14060906259
1790.75569261994,7722.23988429958
7931.78364804293,5496.20878903934
1184.4248894838,8192.98752255426
1540.34966302122,7479.10198749066
7760.51250165112,7050.67593671453
1757.66163032012,9099.98690230179
1296.19494360003,3704.921155284
7212.9064422334,7424.53304683006
1106.32807995801,2788.63917632803
7992.7616337272,6987.01858087018
1609.0096105608,8958.78541023332
8262.87482910609,7726.81459939737
7794.28502546904,7173.27731911895
7361.43577036603,7169.22041897405
7192.57216349917,7525.75003830702
2404.98598128219,9133.48187114932
1720.71677753429,6667.81501075801
1712.08078959299,8812.88871223441
7306.76849092431,6785.45213452568
7923.906120811,7606.09298136431
1511.80150427933,3420.15525691535
7302.19106126775,7391.15922248413
660.396174347471,3410.93712497087
7861.15338305867,7592.04208498069
1723.77007171442,8159.21218333098
1772.88725196802,9069.02038770925
7107.46705600048,8153.75021968752
8365.65677250148,7208.09367783636
1895.70378775365,9183.1395349636
8010.67832552679,7503.91808129337
7188.36127539397,8296.44482925437
8266.00298375406,7140.47005409297
3724.8777537375,9150.95219054513
1371.43048374218,9069.50985648749
1338.07275357146,8977.30212182731
7432.18335889157,8193.61570198674
1717.0214715182,7564.51793088193
1609.43158970733,6044.02361045179
6830.5727634574,7887.53628353084
7526.39303829225,6815.63129507041
1560.76970955889,8917.139491803
873.487784670412,3293.18301713664
6900.42152692806,7531.45423421442
868.391906208603,3205.89530730852
8113.38622965774,7608.54510681288
7292.16744520592,8444.2175580152
803.963517808075,8367.32810353309
6965.78750088123,7328.59924968405
1603.02185605456,9220.27216029674
7816.15455118787,7846.73552184938
878.264658344746,3395.33906780942
3921.23768606894,8485.69195581433
6123.55776334102,7558.96501583455
1896.06893213505,9101.84547827218
831.315885481544,3520.64262431378
700.648293864376,3173.38407938834
1313.35109379105,3476.97420177388
1413.74672033643,8893.45480352205
9101.07866650108,6397.18702982633
1231.4067049023,3778.39962695786
7543.89069073379,7767.48991371168
7125.33801459695,7861.86046689397
1531.18525709672,3781.60417339835
7160.14782525542,6750.68421520328
9045.18917454197,6489.13960502426
1414.88104563285,8915.03506620923
6323.34178296751,7666.63698404925
1279.94774696182,3302.87888348101
7434.49101266895,7990.43804556164
1440.67770830022,8956.77888560677
5714.32808909076,9514.24383280939
1014.00968193494,8818.16217727295
1192.32031761263,9185.32986787401
7948.13762065639,7780.07927592221
1193.91706477092,3910.63778185
7577.2441943747,7814.85283132549
2292.95459961194,9237.80510316669
7198.35563316175,7594.99223236313
8318.17295086133,8087.47970687747
3161.79877175146,6669.25256497143
938.534749618149,3250.4815002902
6935.56168177531,7000.06834554462
1170.27847299364,3710.21683862911
1480.36913054661,3580.40386653711
1210.95147131639,9167.03664683158
8316.95555590459,8127.26560974005
7078.16898739886,6902.37209227178
7130.02048056566,9500.5026950532
1929.79941557082,8541.17396480438
647.85856414258,8829.61646834053
1012.94356304982,3140.5958431343
1014.52995526218,3244.56915616492
6516.31234200218,8664.80148191315
946.662985030965,3271.5232263391
7673.98918818871,8423.17015934797
7979.65952331815,5872.57042346899
1485.96397395761,8922.40907434693
1424.42551216974,9141.28844149797
7316.56687551844,7909.40324473167
1185.1672968055,3449.60406830394
7330.58553714047,7660.84882317132
6020.68341181592,4664.13418024387
1251.52844891571,8828.24245150751
1860.20777579551,3622.48775829136
3915.48953781877,9315.5746241485
2132.24881904934,3486.63515139084
7136.71103800411,7392.75374791942
1389.5499551997,9100.09092391805
8154.50403358547,7786.67802048038
7557.80481122722,7195.62511304982
7495.42076181342,6840.18569174876
8103.65534987148,7634.05440701044
2516.79975418508,7504.37777547826
7731.26617502826,7759.79474267877
1742.52365227362,9090.34600016641
1766.90886124151,9152.63997963549
599.279769701182,3099.60379305464
973.104850416675,8487.86605252155
7786.53270146675,7494.2156724457
6966.70111421333,8369.04454954868
1695.56945828572,8587.78496281507
549.278063062466,3494.31321018438
7571.13334830357,7585.79185779559
9171.84190806084,7385.13190684259
1721.05907663607,7851.24706378649
1582.39282225135,3672.02826871541
1028.57208905153,3581.66775192445
7249.83200533104,7288.58681573384
2251.06466596333,9063.60110292058
2165.14523833041,7881.36164509783
1591.84236634929,9239.35546372087
1319.10475555131,8912.94506990127
2591.7067162745,3717.55993014134
1926.79351176873,9041.38192559386
1494.48527160031,9037.75344998389
1696.09160058126,9235.12116570196
7309.4368871646,8195.57247829317
1052.31902291088,8858.32777948054
8243.70792420363,8160.41213666751
1732.54279731498,8825.18846919553
7271.26997360514,7763.29209554101
2342.29203289512,4726.62956955278
6925.13928988194,8301.36267164094
6017.29017358566,7476.84378324347
1426.49782336175,3550.19823491399
2842.8818747776,8032.89464909544
1741.10669975571,8838.49024212528
1684.21290929803,3597.30160357145
7628.59714882105,7958.91223782723
1467.92294516837,3395.99238877387
7185.58824063174,7656.09386445993
7184.15271057952,6047.21567304484
1148.93741959456,9096.24570771772
6982.31850598531,6750.3392368986
7761.64636834639,7755.07187380616
1366.33285801513,3192.18244060281
7540.14779706805,7603.40599252839
1284.38201667991,3753.78054582281
7335.42998962446,8179.56663326605
3511.90938660129,8996.94230693965
6223.56505427089,7477.72759073493
1615.41429518682,9250.64761447964
7222.77509633497,8083.36240083674
1171.22262860777,9065.09826897228
1359.17202563838,3705.48155582476
1217.71981819338,3145.69542814119
1461.92843093342,3354.81175303992
7666.25707139497,8160.25638695198
8227.32303640647,6592.39101995291
7180.21606724279,7577.31630222857
1229.24336887614,3305.77093126485
1102.46055039863,8556.65749990751
7633.67374843432,7014.7570155386
7707.49564540993,7893.41212132771
1022.63753784288,3043.47220113151
8072.97455806342,7959.43353288473
1347.47856915391,3788.9487069184
2104.74494584638,3913.02681655315
7745.44066389815,7521.3001777512
990.52854939551,3379.76997948251
1514.15628925641,3662.83641159005
7711.33466757564,7836.46616425619
2909.6808343019,9445.3558243446
7988.99875294711,6509.94288787207
2181.89152758671,8568.84884217003
1809.49623645362,8748.31927745385
1493.51478250473,3624.11788445889
7458.06258607121,8107.28495039653
7168.71651337153,7656.39020801621
2769.36670234021,8001.20883969184
1706.24407954493,8608.69311521962
6774.35065993579,7627.26955070515
1219.09684615771,3327.06525256742
1340.97953529995,9125.07168951063
1834.26241598556,4187.25893818331
1997.79713921694,4153.44118467523
994.586133762759,3307.43047687985
1537.90153086263,8900.06008034022
1812.7767274984,8589.40284219652
8229.53400362053,6933.56886761414
945.503466694137,3381.23233696471
2502.89161892399,8092.82902426687
1153.24879294317,3470.89860969602
2284.32118756941,4010.18003138386
7893.79910843301,7102.23019784209
1762.88389440167,8173.45365685692
7680.60559649818,8308.61585538149
7680.8892359661,7844.00204497451
8352.31585202676,6929.07717815029
7515.1547293661,6859.78498162209
867.736884459689,3757.13939084946
6728.98681462412,5032.46102902724
910.197377138044,8824.7940559679
889.542267223862,3357.32616045171
7485.00376366364,7766.44874783892
1462.3704728778,9028.05798341103
1429.17244895648,8952.51242638761
7873.70788321126,7524.77554048523
7868.17768339641,7777.66667609009
8288.21766318789,6958.21600589883
6429.78413658955,7607.12906387842
1412.25999234931,3672.11126887279
910.676345791679,3348.65011095499
1927.94878283327,4391.0272117302
658.042679246474,3669.98337229747
1765.42676625143,9258.51313463945
7304.78990076863,7880.75523658028
7683.61841048456,7071.99669386333
1185.91144800068,8185.10740466214
7709.55693481057,7824.90219470049
2171.46753703674,3745.53179064917
1215.65084802936,8742.45698259415
1926.28683652864,8883.37743689614
1394.72087113729,9047.70105322242
898.146989975348,3245.21713695112
7989.03860622396,7300.13121548721
857.405114827955,3142.80509880703
1800.74252498249,9112.73372355593
1382.49827030322,9407.08256427305
1362.11484900632,3638.39413773271
7500.5591642802,8146.19578592673
7707.87668422607,8030.4430020126
1221.85835838677,3254.33965273423
2167.60942361591,8645.58997011819
6139.14679755521,6881.26311737933
7619.65956716198,7501.81745110112
1636.74761446059,8640.18785806642
7223.17923619185,7940.56633534486
7192.09219509856,7946.09065024916
681.884206134614,8374.54868030129
7255.46506029555,7952.71076291181
825.55513811292,3450.71045320155
1099.70938881051,3356.78301441783
1958.66909142043,3998.023279148
7979.46371765461,5101.81690583183
8618.08925782918,7157.80387651689
8056.40243900888,7394.96192654149
7464.48095082291,8953.38310750447
1503.92829378666,3816.3295497399
7387.58869745505,7515.78751452641
8407.32109635372,6233.56106389987
1102.41820802656,6689.60323813432
7684.65088940134,6981.25282780385
1215.97534029815,8820.08998410322
1883.91739714033,7812.31880130764
7806.78985101212,8069.43532272627
2335.27378088008,8062.45485059613
1615.44388734542,8893.45608341113
8433.3012834136,7429.19231993881
2028.7034265027,9206.13229978499
8044.99289674004,7711.24950796733
1600.76961585045,3710.67487088664
8133.27440164085,7204.93405246243
2514.43338893286,8063.02019077266
1393.6852454995,3802.35262661088
1106.34332865097,9174.68610602643
1302.4070034781,3431.52593757539
8303.51521712361,6936.82560265873
8148.96591605287,8088.37662954521
1456.5796168942,4989.04118935048
1081.64695443907,9155.74368265051
6472.06548800029,7182.35059660998
7626.02384336796,8034.02428442975
1037.7819612665,3264.97758871119
7167.77282782809,6841.7833889295
7110.75292877219,8203.9902509493
2422.60853639176,8487.07673756904
7571.17999891212,8401.73452185137
6926.73819615014,7321.58251704774
1201.21622007097,8368.45564632941
1006.89126549725,3499.99342128771
1331.01723955514,8509.84445877939
7294.2339717565,7223.41634455696
6898.39039450775,7214.07850962393
7734.18928820529,7290.48900920005
1210.4539755237,9130.00591246831
7556.26508386955,8086.29921266163
1332.43628111722,8670.21773277262
1683.73782607668,4469.1728829537
1963.02756327103,3825.48018016795
5563.55887366738,7227.82017665586
6475.71259476581,6900.59300344256
1399.16662498278,8523.94405960943
8936.93168018359,7863.3590638025
7863.38291893943,6906.4052304206
7609.50378287628,6157.73813059052
8079.00379995638,8014.49248932186
5989.01851135466,6517.8091301911
5237.87308859735,8583.21881718452
7503.39504320735,8379.05274623878
1163.18239311229,3528.16078740195
8261.33570894455,6852.86294761541
754.225525399996,3034.92930354138
7775.31750260288,7111.27312284551
2176.84139949508,8845.09292130973
5734.33712543221,9003.49146053682
2375.12266905154,9195.96989432501
1331.78966421557,3360.55006304413
7294.91800138908,6696.57969874124
1395.92152335537,9005.47650480708
1966.94377803818,8246.58573051238
7964.06647489047,7218.81114014285
1651.74535625035,8139.01554820469
1310.65650862719,4153.44280023037
8225.83711426357,8089.49829445498
5281.18366707319,8928.04798264151
1504.36726212604,3364.65980832168
1355.47000411351,3569.55305830693
6631.29212108498,8111.76730090646
909.383278583659,8997.64505125571
1606.44511762605,9435.71758420664
4354.23607216454,9349.95645666183
8178.70994831749,5999.43557156029
7756.12504938736,7847.76002477354
6946.03503943233,7924.69806288598
1630.69326595249,9082.17037243136
964.868139700048,9023.5551380314
2215.22470525691,8430.18943400226
1872.71091182444,8331.21012340863
1094.0968269029,9120.87401940216
7716.22094353893,7917.42927185822
982.74887428318,8551.85080760321
1070.67415752988,9138.21954313988
1392.39822502822,3736.78526765249
8054.9601412577,6834.95355761136
2224.19242003893,8892.25994361323
1201.07165698574,8854.77627146855
1372.04272748089,3606.29839559707
4468.24748267378,9053.04494363508
8367.86830505576,7606.35178616325
1707.52755562976,4006.78076007863
2046.8965531432,8159.25051840329
7125.97200518779,7754.85331939803
7995.92303799802,8010.8879279322
1476.34090727517,3918.34414938883
8547.14020235787,7544.09560556248
7464.40167767478,7800.03608635723
7006.08871285489,6748.90321009466
7556.81666154552,7529.63526526587
1904.54871238563,7893.19644524341
1262.04132636523,9116.14587102082
2010.63518581364,9247.93459757687
1724.02995294838,3921.48926385511
8000.46863489988,8629.47408036076
1836.41010401377,3684.02067828698
1544.71310937083,8612.57139123425
1660.0926264903,9678.09689700079
7933.55216734083,8429.32443792197
1791.02231136608,8965.18456608434
7753.40928577323,5218.15415171383
906.155251731861,8701.70692213143
1495.70798412459,9144.76021692435
1019.58679188504,8759.33163691555
1083.0525233789,3981.21321124697
1162.95469715046,3329.94693411013
7641.60661572271,7381.2609750414
7377.91749390732,7940.03099157163
1975.33250188929,9304.82951482376
1460.42643204152,7884.69856296043
8496.17296034917,8091.21385429383
7472.59193273966,7904.52556925646
5705.89722818362,7423.67779097775
1072.82856954642,3832.83887330897
5586.61425550963,4152.10113084113
7447.42447286985,6778.07349592282
7410.02715272852,6264.94906519231
6652.70844633272,7090.09355823635
1996.51424616966,8980.3415012501
2617.96839404695,9360.64011899958
1545.81061722887,8345.29377314732
1415.40070507775,3560.0339451033
8554.48249567986,7402.65461496478
1099.6089911576,3679.4196884428
735.147955640388,3226.77104075789
3469.09311317938,8291.97106369071
7176.6386858967,6316.78978116152
1115.82808889978,8840.33280103005
1240.22628565188,3503.70274704771
1171.22758066256,3727.24957837033
1509.09280074412,8995.19271104586
1472.20117340941,3667.90713490515
8099.96181597657,7677.69255076222
8612.98196650826,7550.20096404549
1582.59464464312,8925.6111210308
1387.14343737434,3797.50205687664
1179.51578797212,9303.70131441652
6420.11247510829,9165.15899771042
858.411953677121,9078.83260693627
1432.15041522617,8891.46091915136
7741.5704315317,8722.94076966689
8111.54985248656,7341.09567805141
1421.43350394326,9110.45890834333
728.696981161154,2899.7809339723
5877.33425212306,8245.54911654114
4410.40124965591,4006.31046431186
1079.31017530489,3600.08912351365
929.709494504679,8753.19216684675
1411.92020195637,9172.97114726213
7876.58980330636,6626.88682710126
2655.36499323615,7961.00143771042
7411.98653002621,8262.75585739585
1161.4704649017,9081.64407830994
7456.31153577971,7725.61840909904
1385.91429393846,3411.65495998655
7617.22494856755,8541.52221124392
8038.91230247506,7303.54744623134
7126.73142420407,8255.16321752483
8389.59167544474,6913.75093455333
7466.69276307652,7829.42554299696
7016.03346172707,6959.65794107277
7782.96212129862,8278.40868297356
1400.16255119835,8180.20487219153
1384.74532951473,3888.77170801983
7238.83485270626,7023.31139244982
1582.43787270592,8876.6081939693
2445.7016838834,9150.49153527026
8573.94086495994,7729.8634136101
1547.14935314155,3832.87404151411
1472.98821272406,3635.82695193638
3581.03110041471,9136.51073138296
1164.23866579975,3436.94676357209
2386.57893743911,8548.58848104318
1518.9167018258,8751.69140918527
7706.83313894349,7913.49827449538
1168.38945385729,3549.59022232318
1293.84609514394,4082.30176576044
1612.61160990961,9222.6099698059
6710.43172949757,8140.00337044105
1382.58945081593,9033.07077018054
1397.32375776267,3273.38587091343
7036.42035807986,6976.63308329958
1334.24546836822,3662.18818963344
977.824309986744,3072.23309983219
2009.42163393244,8943.59933727071
1748.04947615603,3993.4246184136
1891.85235075749,3629.81910921337
8368.52073959619,7540.55841292337
1139.33639506657,9085.32451203636
8280.23228480238,6106.66381176429
1261.70495327619,3433.75530628793
1072.83058502346,2278.96233140725
1676.30856953342,3799.06894576818
1615.83415849262,9286.99159915117
1543.76459503384,9056.92399024898
6498.39769439166,7468.97562413431
1676.57853000897,3688.14950222527
1748.90083630152,9468.33585803164
1788.796844001,3760.51838813739
7734.4991065704,8334.60340705909
7155.5842366404,7204.71634469411
7608.2661470389,8493.76113921826
7309.39603090983,6993.51927397712
7969.080165853,8558.08435960126
7283.72424269778,7895.50049886508
8692.23870610124,7952.97287798085
7933.72148587265,7686.31824608358
893.353852022603,3378.58951771076
882.52775975227,3483.64643232434
7760.37943850382,6861.28176238438
1801.269718233,3537.26495026413
7239.97903642001,7954.40391960161
413.275939473614,8670.98218029087
1092.58595034571,3555.50387923418
7586.02762922957,7725.31061603607
1654.55227310714,3568.251965149
1460.54186173884,3401.47491584733
7383.25378220497,7740.85981722929
2160.89210848376,8593.14110441935
1211.31232667478,3601.94155177851
1016.38742811934,8191.76431570561
1630.99487554149,3722.57713314936
727.180962351337,4490.78300762791
1131.11318202073,9222.0819335889
2069.57631734093,9165.68015076665
1691.0811727281,8937.04485040474
9104.659536048,7857.60433727417
1231.07006510136,3170.63957840649
7194.12780222546,7632.64273514114
1267.20198800542,9054.08713174434
7521.07944161182,7822.64410514184
7524.4426260793,7673.89501739474
7301.31228006362,7679.77454958914
8115.25374769764,7295.11409493564
784.513935018811,3276.5559389426
1118.99392244833,3518.04249395816
7993.65567654429,7554.73701364519
1027.67012198801,8915.2341993035
7555.48421785526,7798.2946628279
7523.59879461433,7526.12252598192
7359.85901999527,8092.81014419136
2030.71621654212,5646.52901390653
8164.84260709738,7853.0532428947
8273.75271641569,7012.8072091832
1097.57793664771,3370.62149463973
7192.59351249762,7346.75636455664
1968.45309699329,8557.82334069804
8418.31794564397,7502.32858930509
1085.87427047054,3295.69500826127
3299.55396234861,8755.38472784687
1872.00222553909,3794.69056534858
2572.82943828393,8957.98148045439
6963.00722851254,6186.61783531122
5524.28247967909,9107.22780647986
7643.18529601036,8049.54080767884
1195.25703006555,9454.70704555898
1846.37536142457,3531.96112470416
1321.9235182019,9091.66169269984
8503.28919911595,9228.41527858284
7525.93045388689,7764.82766706604
931.961565701002,3070.34093713782
1396.97835747495,7831.73149619206
1382.09253252803,3596.17984988363
1736.31244384127,3978.01834697745
8290.95986357267,7545.00775295179
7581.03800147033,7448.93384427555
7711.22940569185,7601.08084071736
7963.26522848808,7653.5121171293
934.333803991594,9154.43790987772
1027.70052316934,3665.69360472367
1500.49783944383,3700.60537053243
1514.47483173031,8398.57842577614
2961.25605025365,9051.03063514166
2139.9093563906,8405.15091106377
1694.15336499828,5452.55410493975
1427.52016658253,9169.41878430004
9351.33141002677,7305.8180009439
8092.51460142354,7513.59843824987
1121.94525295826,8891.5043479679
2249.68010295321,9176.28756649199
6626.94046900987,4334.40854779886
1858.00933340823,7492.72108582368
1166.8876715514,3189.56757798429
1515.65022744499,3695.12357388348
7641.7636923445,7826.59301814111
8181.77757870608,7301.80405325739
1028.58662824904,8968.33302777833
4806.3378440939,3505.26231370084
1185.82632646913,3808.79873253441
1061.52037574104,3345.04302342506
1672.48933514782,9162.95404611552
1240.33850615618,9059.73065668705
1963.92952755461,8721.50086326102
7567.54124467199,6843.61972670879
7061.26764803985,7284.36836976849
6120.53585544949,8003.08788862544
1302.84510131607,7394.17093600765
838.76234060871,2988.80401915567
7466.13007656532,8250.13300676894
1451.40920578446,9088.68118655176
1078.26037132009,3433.12283109915
6529.23213969978,7408.25061833898
1456.45395129151,8760.61592693428
1836.50762460226,8667.26249898052
1935.60460065707,8392.29287543339
892.994099785381,3395.75617590325
1943.10711152018,8417.45990352319
7518.65952961048,8202.28792948541
1842.85892858492,9059.38232665565
1863.98154398524,8472.24507766075
1428.59529259299,3647.97756885012
7848.91781698075,7237.59576380723
358.271424566583,2556.73569339585
1682.3920653492,9350.98928145018
2215.62111461731,3856.68598138981
8532.82861310642,7122.12756013407
1284.67518064924,3454.63267261384
1625.28019169975,9081.23743899511
6264.15251389287,8033.42964359457
1342.57751497152,8942.29065057913
4713.88268122673,2812.26236533775
3291.82326738489,9206.02696237744
1733.71079120293,8949.8597316396
1222.40357345843,3791.39149504481
1133.85144292343,3196.28169244474
1265.15639176457,9028.85652944964
1438.38238074052,3431.94768609307
7927.75752703668,8376.32468080989
1427.53473736576,3625.33273622389
8059.28339042889,8215.35467767533
6491.63129535926,7243.30825407669
7440.93761561375,7123.96835996543
7579.0897962434,7431.34680328297
1336.58886761684,4197.17778856993
1077.70756883237,3513.53099460993
1827.17488875321,8174.34242725741
1221.82372708645,9395.90863843362
7528.21770493591,4755.23722324462
5503.95222952156,3570.92744092112
8428.93749128695,7291.14907827428
7125.97168178483,7827.97053449521
1265.90033453906,3425.38590178608
7662.80114952012,8133.86569486177
1819.7708978605,8712.5853631052
899.128455755858,3056.34333187176
7681.00203410682,7330.75527353575
946.99712481791,3652.9607839247
1459.1999611328,9177.42310809617
6857.68641384368,4535.80640661942
7385.85022757447,7281.14453302882
2475.38294289222,8960.49223498757
6733.04351074661,7078.02148212303
1727.53611908761,8923.69369380085
8188.26888849205,5625.83027992122
2020.9247210005,9143.96445184929
625.238081048318,3252.63610707752
2020.39163649488,8293.63416633063
1272.89950297503,3450.68616420226
1601.54132545124,8044.59234769724
5020.35442991108,6921.54284872939
1403.84320682535,3230.73947277286
1443.02775175537,9239.10805393691
7891.30945184733,7664.8648548424
1048.76834754452,3584.98031756238
750.164658707681,3272.00940700718
1015.360096653,3897.92761185587
5810.11616986921,8991.12330712405
7338.85337895565,8112.9464705855
4070.83988319154,9069.20770691757
1149.07155059937,8445.85290851972
793.177364397327,3311.28050824592
817.536113311948,9047.07988882437
8407.40553086795,7263.93720850143
1197.87464726609,9151.40295078899
1349.61822796727,3469.13172772991
696.493198069116,3072.05636619902
2388.7737625296,9537.20650740643
7070.12912756395,7113.41521237595
1115.14324765677,3726.22116397097
1202.75888630492,3425.15399811084
1710.4618129873,8824.55359996352
1093.85016716486,3284.86361833852
1596.71926465669,9011.40974197809
7120.98521157585,7755.63380998012
829.799764389616,3324.83487060695
6963.91188523617,7624.85142458837
1896.61766872373,8940.42010409614
7838.68623560325,7305.21481296788
1766.44913680537,3511.39759335252
1329.10196425593,3799.38732356559
6747.18580019129,8186.83801062515
1047.44974915436,3109.26900674983
1660.11612194834,9004.9761743552
7720.7360538364,7937.83085079675
1411.45270511588,8802.16000833315
1357.97786623219,3685.42646493693
7645.36246055275,8425.03320381246
1167.26681878459,8671.74109956232
1702.36614272907,8521.49260270592
2156.27693754038,8817.81453603715
1696.50255480039,8564.02653110829
8508.27518967114,5672.78241399002
7516.10265119371,7808.90428736138
1568.64500078973,3626.76492645419
8615.11208588357,7536.92443498122
2266.33022440243,9171.1239306133
1296.53493624184,8986.10558016447
1624.76296280089,8876.70102662226
1723.97791906637,3741.37370948621
1570.15448622598,9024.24907827533
3308.16228732544,8233.23192953228
3566.94578123685,9140.78706912609
7936.541964614,6135.59273935172
1280.1028570213,8742.08254479422
1269.63388037899,9212.23423206236
1158.90455114098,8879.59460373589
1713.96741686965,3510.54183789987
1342.87754996395,8967.95734035109
7919.22610058831,7372.56720076308
6728.79218756624,6568.09591756113
1189.86255016677,3342.33363727658
1090.81098509202,3110.7218761349
7364.68932958493,7486.70839774583
998.707937562075,3364.84683928947
1945.43849391365,3938.29588368997
6792.50613853657,7095.82959971595
7287.21831207539,7620.31936797638
1472.91278586744,3667.90960701767
1536.04404664775,3494.98359836396
6490.51837890833,7309.55358632589
1461.42705747732,3694.42057772152
1528.75840650025,8998.39993315307
2061.36577517636,9094.97997518902
1318.48290159561,3982.3549015029
1209.37254898324,3807.45366698712
1472.63160596972,3834.76129306527
7543.13510579886,7824.22582545831
7418.96573612382,7090.85627206713
1544.29324014306,7829.18817838659
1855.8085385012,8324.79191645148
1458.24604007026,9049.58474538917
1116.34585986583,8819.83358355269
1409.09669950134,3589.21802472878
8315.64526774264,6843.13086804351
1574.76136822042,3858.00146205502
7680.75001365512,7295.65916502013
6662.76497479807,7822.11991519946
7058.5990576929,7772.91674133742
7458.73350656372,7042.62821778565
4053.47642218471,3424.46280073576
7483.30162560624,7895.99193318661
1934.51240495936,3921.05880701081
8437.18467059588,7418.604222124
7790.89156913397,6716.17649427585
1462.34985954048,9198.21139520889
7998.87436099197,8496.0361823549
1326.07427775493,3429.98724259028
1877.87585356913,3380.49534314787
1145.63412056711,3213.57115499296
1746.62347648638,9223.31062085006
1904.56316120684,3884.42062219891
1402.3674858359,3490.06725237232
2292.25628104124,9142.24350009446
7836.27020516142,8024.97754437152
7738.37754006786,8043.86661827832
1051.20658858287,3544.8027325463
994.435903054593,8025.75188781496
2404.28134032591,9242.8572083406
1758.97846705655,9102.6674473407
1702.87300983351,8720.87684626277
7370.34763056873,7528.03872289168
821.350586437153,3091.279715314
6854.8292952816,7915.6840081991
1362.23639794577,8751.83832212581
7612.25330342825,7357.89731475453
8809.86373796918,7514.63584188325
1647.92541083963,9268.57731482632
1412.3256229673,3724.70300033923
1148.43252608404,3666.20534951018
2448.38558648703,8812.91793470124
8001.53155549598,7717.63263784349
1391.46543335615,8853.17839386567
2611.29974970521,8803.16836943817
7674.82895629712,7728.05182591197
9296.94661325158,7789.55839072296
1056.26417487529,8869.44517307284
1286.43179644372,8839.74453671797
7294.65845299552,8340.25630338058
1599.08996226749,7377.35654946759
8901.32324211994,7968.89615338169
6527.00543326435,9157.54192838938
7780.4521586341,7223.54467301686
7989.1251566232,6467.88392516138
6738.83070416614,7105.18816152243
709.017187122995,8714.28697243612
1493.24206041748,9070.33112335879
2315.69070909209,9159.31453099234
1466.45604804051,8949.95653173161
8083.02209505813,6492.64374355844
7870.07286310382,5363.02383484766
7890.46510626728,7599.72030209032
8806.60424190268,7407.45205690015
8651.39531589459,6718.99206199527
7617.48773284084,7220.26397465802
7303.74699622126,6894.93532474972
8037.0564184499,6853.11524524611
1395.46078695001,6864.41032450776
1342.86945805954,8941.86507721612
1493.04664213693,3872.29094658541
749.271415913417,3468.19564125442
1022.2215677342,3117.49794452979
8236.76176406795,6420.82085117679
2047.76690880633,8839.61119745518
1935.45642032522,3778.71772495096
1830.32401356073,3555.3023999516
7645.97215112587,8062.62494187328
3107.92783998546,4795.60953985991
1432.05899634702,3369.53290957628
2842.11759605454,8947.4594386089
7517.40221339052,7856.21194812875
6791.36647534557,7163.52594909067
6991.85807008508,7542.54789771904
1593.68029728341,8989.9158059123
1009.03655226601,8975.09764603342
1577.49936875155,8931.84164338317
7382.87827915125,7856.86425524374
1824.48477745316,9075.47068184117
8018.87569326894,7374.73077298379
1471.00273661274,3539.14375429861
1364.18169080727,8539.39339486564
6785.32301862685,7283.12950033703
815.783102866449,3224.73609810449
1273.48800402532,3787.31378812098
8173.37974880325,7853.85891870949
7939.80723150417,7101.37301665297
509.074230679014,9248.76575537068
6849.30336172369,8305.04876159625
7246.5368211534,7493.8762836542
1321.72796075245,3402.83168328153
1133.92739393561,8768.22492653375
1380.26537899165,8804.27921982468
2230.07253048095,8357.785712444
1472.0935180349,9239.49554775941
1290.74988369777,3635.3561620377
968.844355021727,3774.17721645991
6604.82957056947,7752.71327082747
7445.77144487976,6268.64110361254
1372.52016315326,3708.95928385361
1581.48506892746,3871.24790275389
1792.26707938938,8833.11730775606
1216.06735505558,6692.35975731234
7402.14458906917,8025.59385840034
3502.85174977156,6616.27868260671
1260.67731193506,9041.17075688949
1236.07958494418,3488.25930402372
1113.56233501525,6063.29804803623
7768.86738509592,8451.75361072786
4308.17581735375,8507.58521427506
1717.93976892375,3720.33693039366
7634.75249771093,8378.07672008383
1511.40040248335,8928.58907146955
6435.46029852814,4880.00866463118
1410.26670111988,8232.92822516582
8302.21417630822,7432.91947152236
1362.79492952055,7684.11941890787
1682.63000995661,9096.61747569827
1646.75450614892,3573.15158071282
1536.03410795994,3598.66453197518
8394.32552790032,6635.10671398625
1200.57760736604,3449.76265409072
7351.82899179638,6912.23928533094
874.167039668284,3064.95626384294
1211.18397524174,3260.35744291565
6727.021438335,7776.32829648768
946.176793088815,8578.34678971088
1602.32982156009,8553.96899445562
1763.74913574663,8993.73822605237
2457.06630280236,8570.40930119434
1954.6235018194,8616.68899288892
6839.81652999762,7003.35615428634
1468.09768739567,8546.27991627482
1684.7039893969,3935.53818912266
7601.6549083768,8352.34706651368
7443.74625918846,8308.1389838965
1326.45638964474,3670.49220337705
997.34370491634,3634.59621941796
1210.41281410983,3213.23291015987
8682.78162135064,7743.82041389861
1403.39708114784,4093.00025394201
1085.65349871818,3033.63744812098
7973.22259323597,7000.04427427411
1805.0892703497,8884.40879323739
1114.55631614252,8982.38620276198
2446.64861229923,3574.17342093951
1285.38536823658,3617.9800694715
1218.88546493785,3372.10701684158
7041.39657136254,7669.72897836354
10000,7197.69626970529
1438.33853360433,3811.48862754561
1722.76442650766,4160.02255331284
7255.54148609384,7120.67932714026
925.60415516531,3353.06038068403
1036.23829670385,8903.32579214509
6001.70585001529,7529.19426533671
1992.89207493269,8957.22805327498
6885.05631151291,8045.28316984514
952.803602283324,3385.53866063811
6361.94598208656,8023.88397687698
1883.5153436515,9085.01130583608
1753.92142115378,9038.44946393315
1259.86724918894,3769.10924968762
1350.98301898123,9035.89528557551
1605.67398429054,9108.07059943652
6249.2693267297,7866.44767985766
1812.76454432696,8955.58977282573
7294.79380983053,8471.95728534761
7378.0654748745,7624.06497702288
1068.17019080422,3510.64974427902
5596.96055661743,8959.47825376152
8111.25492259709,8307.45408075071
6668.47104526587,8248.8510735615
2186.02471654652,9034.69764857833
6851.91488484357,7234.76765736998
1801.39030349689,9162.28733033197
1876.10640900789,3955.55030035028
1399.15937228997,9048.75894638674
2179.88035936515,9126.52937673588
7757.93301683839,7563.35948120687
1540.71785237359,3579.47976760978
1748.18516647555,3708.29953508951
1700.03261841931,3693.05880448314
7333.2573829252,7150.24126547646
1300.2482420671,3334.96289395887
1001.55825320115,3505.37073822546
1180.58966165642,8909.26782477636
8007.63333937079,7338.55924311393
7929.15720873074,7566.2400922644
7119.81730257733,7798.36158791247
4217.45173457948,8626.09486036169
1794.56074303043,7445.10970666258
6915.35573912356,7313.69088875191
2769.47063068155,8201.86206633345
1449.44924278141,3540.05095988497
2000.37654383045,9078.73767268343
7160.18674684025,6779.09041079176
7073.51732692955,8063.17356183375
1454.2635389394,8880.02372489835
6682.54831675245,7251.88525291992
8235.95883195093,7425.03767018409
907.531725080925,3107.95725275931
1590.08375768352,3758.08032838221
1887.04040801346,4231.48053929299
1549.54053093123,3508.90334614948
674.788167027504,8861.96727867305
1940.52942593981,8418.72404129427
672.342622580837,3026.32210378921
6786.56871977268,6545.98401215082
8145.81952942167,8052.12740673759
844.413927806946,3277.43986620059
7431.43974703979,7423.7646614177
1189.33424914974,3303.78509093966
1550.21443351372,8910.43442384837
1978.2110407634,8681.37184000921
1772.49892282474,8999.87470283624
1072.88869459606,3293.23323511955
1138.07891872512,3769.39799259487
1418.6650571232,8872.03144363353
6800.25139928021,7608.6705306543
7828.22823851639,7858.01717166854
8739.84427723574,7252.31383148083
7718.01174209308,7356.16672062512
1561.98228643234,4000.67461534533
1464.30240359714,3676.52033027277
7518.12238049957,7963.11124996433
7568.4989825934,7890.66659731969
1362.35230353932,8859.41019057434
8050.88331479173,6567.07241421363
911.991139285441,9224.24134238886
1129.04234141357,3199.0820717946
6547.70305023302,8328.59786919064
5928.34548730187,7129.30493419158
1126.9287213616,3816.6835868061
7387.9384907217,7182.36268654009
1472.41820804318,3388.6475648449
2056.30785104642,8929.93300010443
1196.85987454562,2986.14889926393
7160.36550003737,5984.43921209313
1348.05905582216,3573.59147350035
7043.32965596925,7831.576127564
2235.15430388681,8940.17416761566
1292.38409132525,8764.83999141352
6644.18479340452,6883.58938022368
1034.38666283479,3913.75210379325
7840.47354242639,7715.08619823004
8053.23947351065,7857.35505994684
1102.73407530858,3299.57432124752
8683.68803053733,5499.47570325803
1333.4989891732,9128.0033360921
1505.79477079591,9081.43019258312
7735.67967364219,7105.45881506295
1385.32581455406,3678.56209988871
2496.22045514828,8900.70862566429
5943.55344452375,6927.57670941188
1340.95386815564,3798.34552886235
1654.17321011962,3821.38382406162
2216.48957919578,4104.21330239298
1669.30678671106,8841.82383590774
1188.88703979187,9154.17771272685
1268.28357302927,7765.51452488904
7579.19546785516,7794.83747205871
6636.56401303604,7196.61888528388
7315.55060416878,7664.06995307493
1050.05342569294,3053.78660910812
2591.11491412747,9004.3352671798
8242.94540500401,7007.66188469711
7392.23344586949,7353.41106975053
1828.20650747826,8350.54751736542
7282.67042332811,8251.16008095304
7124.12526074905,7911.09805381152
7690.28103560075,7361.20470068188
7563.98976260606,8151.09786999096
1829.41947641088,8967.08776838003
5997.82947340479,7703.41984499387
1942.73704184965,9109.61565272212
1232.53179538076,9230.01764287567
1227.44203172547,3473.67048251895
1322.32630391351,9179.49816342218
6989.06458916982,7935.47326603085
1469.85517591815,2804.85565161008
1860.58417099643,9009.6273477383
1819.27137099927,9269.46205051138
7257.73136538111,7166.27302044127
1366.1763019002,9087.26364929551
5859.14437456626,6394.07300435863
2334.43726012712,9100.83496115163
1895.82751339253,9251.62986585676
1196.67763597028,8129.75900482428
901.759180352677,3354.42746709881
7149.07912957558,8224.84699164831
1399.79587756211,3656.69240173435
1415.28372923772,3135.18487040508
6713.00693880047,8392.52982898478
1509.18601413742,8460.36052544007
884.458170266435,3237.79973276358
7260.04194246991,7575.67287689017
7723.50484031078,6575.5697623416
1172.88060597019,3730.33663365345
7714.64292281101,8542.88276390938
862.560673913826,3372.32830337729
917.423179782856,3542.87312596089
8643.73441787014,7896.57818319941
7721.91576762707,7295.50656051022
6004.21161399857,7534.07282228881
1246.19503154918,9305.32217314225
8125.57598639838,8105.41059225721
4422.76337066041,6040.65687092951
1315.27272522207,3521.44092067665
814.140512765444,8493.94210588704
7899.1575632863,6246.16853032731
1373.57082262075,3361.57923440403
1553.53879603309,3785.16601733493
1490.79238516473,9180.68936183785
1401.87554376616,9329.95065249532
1922.79163228781,3709.02465853996
2675.69598753413,8689.22033707068
1623.72017498639,9033.86800395214
7880.27610047483,7662.90840924202
1530.52653291652,9084.21649652661
7239.31210953874,7847.65288504905
7925.588761719,8082.5153326611
1131.68545567738,3632.0453463146
7668.88125393513,7912.83598164892
7442.04827461376,6837.8724477947
7282.88293262346,7264.05677500107
2567.26295157394,7818.75843909879
1547.70174320351,3717.7272833748
1533.18820229352,3631.29859918175
1890.70753178134,8183.06125018424
8834.22801309573,4810.20330563295
6520.05741921694,8239.90477784554
2298.53148094456,3342.6649234306
7171.51610837048,7560.97394123193
950.296801181448,3465.21812247567
7952.15312086765,7641.66525918407
1000.74219671076,8639.5012934596
8993.24221979549,8042.12555895451
1383.73167155983,8941.64853403537
1614.04570495433,9311.41275767141
967.799456434418,3817.24938956347
1261.22562129279,8986.80035076021
1260.87842967554,3796.01460916951
7290.52298762864,7714.47134287091
1724.81216029768,4004.59114983407
1743.77096979653,3607.05546701422
997.60767094528,9125.77856670624
7696.26423349366,8101.56752393861
7075.16851313449,8098.94965666619
1942.18011444708,8749.87958470369
1087.43636617973,9184.10866301755
1263.19329850757,3632.2239747396
6671.34517957619,6584.94622929484
1421.79957239314,3732.07313299346
3385.42806459723,5666.93333494723
1712.7123544874,4007.8236451779
1950.30725544658,9079.86136505482
1830.17085019199,3917.90450437983
1595.30746823146,8891.15569525406
7364.87025577264,7491.25911998623
930.760267356103,9130.31399066116
886.079546285952,3163.84525290783
7579.86860582325,8025.85916986659
1739.48759700912,3816.223873771
1936.29084385785,8932.72336944377
8083.06200296749,6213.75436106196
746.69946338101,3304.65056453524
1941.82449460937,8433.82570375844
699.088636053891,3101.00514716123
1500.88001422413,3596.41252934158
8231.81704012811,7417.16008668517
7784.95853945036,8610.11958454604
1705.41324291791,3523.58724536646
1770.31213355946,9064.50645601336
2198.5961698724,8425.64593303449
3608.57912580037,4029.49949109317
1590.36298928817,3780.73203175136
7632.53256126732,7902.7745235767
1763.63145590991,9108.23475690614
1233.24275398375,8978.62644672246
1013.72485336645,3411.49327815932
1645.74002195443,3757.34685787373
937.208342970245,3409.37162505981
1847.30303525206,7679.19410623137
8448.55859126599,7266.52164831638
7666.01088418462,7479.40916289734
1904.33429001804,9246.20538758372
7957.61717818513,6002.84913315881
1399.19625665107,9085.01054104783
1497.02075880297,3852.37819900866
967.600225048605,3336.43071793627
2487.55350808084,9320.99020314143
1659.14375098802,8239.76592799174
7722.41663141014,7017.23761213258
1692.50607140568,3688.46343072632
1325.5900066672,3652.33764206091
7615.40186374185,8247.1511636901
1249.27935323957,8732.27578804442
1668.46771179055,8539.10053431882
6955.19367774447,8036.26464274644
1605.61675682523,9042.34699278587
927.010907077006,3372.18935560594
8990.18207117409,7572.3179426852
1569.28672400182,3753.92370078395
1308.75478647864,3337.0573119477
6693.28188959342,7953.5408813424
1328.71936850038,3692.79084748242
1657.21267010631,9249.43087977625
1621.57881263771,3782.8509386303
7032.39847473759,6990.43442214005
7455.87703738894,6238.09277682491
1725.24203977795,9237.01193445306
911.949995779798,3023.10449881332
1206.3618692788,9131.96314920633
735.790224658453,8754.76391552592
7559.2226440413,6451.71623403884
755.767147312513,3149.52148558689
8937.77486448488,7054.5142103567
5733.05277040239,8502.33451332182
1094.86373184844,3270.40828400417
7323.2397502153,6979.7555056253
1230.61909283842,3645.2764965705
1961.50622865743,9094.69449313643
1305.71883870347,3465.68307307969
8503.88272648391,7805.60664828902
7283.93164881867,7211.60542646154
1476.49952052451,4056.00645065568
1593.90404169176,9326.47635016599
6498.70880240359,6220.95732336599
7362.46268804498,7993.57087487714
1271.6689331471,9392.90047586459
2130.84256605845,9095.04681365218
8436.15627236775,8188.85063789074
938.746932314426,3267.26256404555
3201.77424567828,8725.3449617887
1544.12368229548,9436.19556745854
6563.60332217008,7774.03186116169
1434.23588144738,8624.10970468088
6995.50362011829,7939.93895285387
8577.36966965869,7112.82679758668
1575.00575156391,8814.40719485858
8495.52279689884,8159.84583296211
1366.90130876893,8402.27686294883
7520.21539214072,8444.5501798294
7016.90748189865,7047.36094020212
1106.55446241426,8965.34995339535
958.219506995896,8615.73680784151
6824.8891972981,6503.91980802346
1440.43302200571,3564.1369577298
1579.42150672208,8882.69711019792
3615.34687720685,8514.23288638511
7305.11777495926,7578.87592406501
7197.30755208394,7768.72573043663
954.817169664467,3478.3330021681
1941.41301375947,8373.96657890684
1688.86586388967,8990.17549044025
1149.81162565498,9073.44337837704
7892.03194815774,4810.18427910372
7517.51983303237,7747.85713849805
1505.17301963251,3597.3531539311
1680.97426602392,9289.24937361424
7757.84494327682,5709.8194560854
7834.68892067872,7574.09053455689
7431.9333601715,6859.78471986751
1452.33005678532,3686.28311227161
1304.13020061164,8218.51875068086
1877.62622763957,8319.99832223478
7175.03817783372,7705.14937507913
8658.82426736173,8039.64383164124
1222.07721093576,3373.70106225335
3904.94646105313,7621.72424519762
7767.51095744149,7166.40418930671
963.093024902491,3413.96040121896
1001.81693507589,9340.65160627007
1310.26473268042,4041.50720911741
863.188538736134,9072.39216748428
8601.5176435789,6419.95890591579
1106.27237881444,9160.91452727002
8505.30175662118,7981.66695867236
1253.39669579549,3799.80507075298
7030.13431114259,8321.75397625618
2518.02767070078,8721.51163779261
3221.65541816499,4714.07020593771
6410.35862200362,8203.02613895156
1435.12056355347,3843.83445501214
1185.11598136095,3612.34037162397
6802.66796665443,6704.7335983532
6730.42432553087,6716.13438417768
2861.48730823035,8019.27356887476
934.629221419926,3142.87879770566
1283.95423640837,3714.40128620528
1510.10713941672,3296.29064209606
1846.31488035933,9113.70961301798
1140.12762481264,8894.83899374151
8183.08610689863,7583.55116958503
996.386674896479,3601.83712754911
1480.70976907307,3645.14166982535
1227.2329438575,7705.51494533875
7347.93000999905,7920.66139740186
6388.20254485947,6941.25225218348
1990.05979483318,4578.17002266415
789.315627567812,2986.16939854966
8047.93399659262,7849.12162946865
1126.1654350488,3259.55206675878
7727.45810804579,7833.42431707508
8334.79804814707,7357.65531710898
5305.1986095383,6208.56465663087
7660.08564653428,8202.70931201419
6970.7831307799,8061.12716892299
1259.48123725797,3548.24042709967
1134.04743025179,3466.60636769418
1704.48595638374,8503.9129685881
7301.94759708335,8084.35353596637
1293.3854352128,8764.04791814486
7563.08502350701,7824.30460937399
6897.96778805455,7632.48312351988
7709.48766254358,7656.92053106761
1957.20445803514,8645.06778899665
7014.11998482322,7945.89647152968
7381.62200187627,7589.63750191728
1398.73413292051,8226.15398492103
7685.97925803864,7093.99819439925
607.535849759159,3597.3078141593
689.556411899058,3402.41201175168
1162.24903736419,3543.93068586829
8115.2441490078,7056.21985611655
1451.68638767121,3493.83002629221
7260.59483999132,7486.25924564736
1217.58409906344,3805.37060107039
1751.85392881378,8004.16572590742
1897.51770064256,4357.7246607956
1436.92619247233,9140.78655546285
1857.03858475305,3992.51346818984
1125.10204533855,2996.87596637662
1250.83294873807,8848.89979161113
7353.18293738634,8120.57180314554
1530.90756418485,8528.99084448002
1213.68298066699,8996.18689132338
6742.97372638446,7077.74170293607
4663.35444529846,4336.64808848531
1825.52300042657,8062.27754863899
1352.58237360307,8899.18038804959
7366.40579511368,7681.59336306676
6977.19712766607,7513.07873254698
6799.26554235128,6189.8765026789
4232.20606494739,8743.33100685159
7549.91986122384,7434.04027097831
7514.85963847514,7481.67306041462
7768.24975826265,7207.78317419766
2028.33610761509,8236.33233021113
958.781023777596,3502.23813685874
6851.58084711104,7014.02906936107
1711.54066174973,3750.59033576281
2043.31256831284,8509.41032964942
1386.1679877533,8461.33584561276
7789.41750643339,7283.83222138617
2333.18108287802,3216.75759221611
8696.38526613792,8366.30063972614
1886.76270072826,9087.89685131796
1798.11671410278,8832.10790664302
9049.32172328047,7593.18587008478
1426.27150937879,3549.30304642983
2010.36532955288,8243.31259810436
7355.21111538138,7337.36167407866
1154.40780597373,3320.51166555214
1050.84803790132,3680.77635195975
7076.96766344789,7078.44204044782
781.242600969128,3097.80138985486
1689.32403587223,9280.27123929232
1239.99832501584,8529.35898268416
1550.81619674625,9138.74967279437
7342.57953398084,7946.79523328318
1383.83884976143,8960.03926560316
1123.49777550553,8294.73199275282
7948.84936162671,7735.23326432968
8079.43743877562,8223.55985962679
7030.05130970405,6709.38940336866
1170.9365640186,8204.91544282675
8748.43028909228,7232.66893446239
9584.17785477363,7326.41520820759
1265.60591104404,3928.52470871962
1447.79842349596,3865.92915629081
2663.81834033235,9597.6798133213
2092.89897857132,9311.03458807617
7667.1139815602,8609.59462030469
7227.95251979649,7029.77390111599
6710.24646943323,7999.25631392506
1432.51925416903,3829.82122675334
1141.94275341404,9094.70103636056
8006.40883602672,6948.91154911494
5649.84363868464,7057.74947565898
957.742328815911,3463.62149865705
807.688012285599,3443.07499129219
2073.54083990471,8675.79935838029
1940.16555252562,9222.91522436433
7445.82122832099,7446.50332557708
2026.08921570077,7378.66949627674
1381.68260594103,3622.57483060025
709.647134759047,3102.95126624957
7480.03736381782,6383.35704410473
1036.22377230263,3029.34576568473
7314.81511166351,7498.02900619818
8800.80338653706,7833.17669273404
6779.07836623133,7709.97831435189
1582.38586501055,8787.67269713899
2015.55357413036,8978.30549457783
1343.48213882246,9025.33448105732
659.808443218314,3794.30962997958
7885.7639459836,7889.78819310214
7152.96578933371,7027.48840306704
2419.58195097711,7947.3856613617
6922.55554590127,7923.63519851421
7410.89147320125,6485.38441313556
2092.86268068258,9046.8415515061
1106.26489614068,3326.67907948435
7555.08483203724,7542.80762457789
2179.23709522488,8672.4218270982
9267.50878868072,5562.53056139051
1703.58456968068,4437.75732277124
1519.09985119187,9234.70496793449
7367.50287822779,7627.76467094079
1087.93809659173,3754.09957112774
1659.38809055468,9233.55471548474
7116.54895024234,4948.21134786018
1123.18537574597,3478.22202745644
807.034956380752,3409.33316820589
8537.21464494364,7347.18429482201
8549.02279124085,6643.75419086497
7072.30514849976,7375.1454023295
8808.08232404134,7434.70380782035
1705.94768737572,8916.34652741453
945.423059751115,2985.33881969682
1591.99519131808,8032.61174734087
8003.64628314232,7998.43081945881
7379.28822493666,8164.96533292812
8151.82127272592,7114.09938080668
1728.07444162684,9045.77201653835
1521.04366955962,9068.13797478542
2081.50873347049,6017.96075048061
957.118171950603,3196.96065307311
1056.43092627587,3636.89466162141
8558.43134126026,7012.54445471893
2989.87932284786,8894.64504152629
1511.46074629683,9163.66435948546
7587.54990407354,8084.26158221514
7538.19082420246,7725.79612094653
6903.7737443614,7251.61944579457
6303.05711721443,7110.96632098352
1358.31075861605,8670.10492595547
790.105236267501,3345.88976626039
3045.2326331493,8928.19577572464
1470.26229924457,9063.9009685471
7624.29069209907,7575.87219058204
6818.40624903599,7855.81327557505
7785.16724318944,8255.19869299844
1128.26150431104,3691.73241790142
8851.34799417267,6695.58085852567
8239.43339187328,8298.59272363725
6888.01209760555,5222.93564653433
7951.64818022534,9287.26631098104
1646.28480554213,9178.26667117418
3254.48730166401,3867.41230266514
7506.27308829441,8373.93241055374
1259.78823321829,3996.20342944159
1202.33581513378,8615.02476369378
1512.93900756667,3369.37308052035
1083.58790833094,9001.1387636833
1677.71479403555,4002.86694210494
1183.09788220843,3685.40966382642
6335.00412668309,7972.04999613973
1407.07364515375,8121.43343956514
1721.08282217398,9022.81136729031
8482.94817861259,7249.96406949516
1386.04880950075,4070.0270660528
1277.62821890085,3521.77322193067
1254.45792654533,3501.10007037226
2333.33580705012,8879.02817753846
2088.13243455443,8976.15063795528
890.432935911234,3216.22661305461
1695.54210670139,3813.91698053441
1177.15483856665,3693.76055889313
7460.14120945607,7614.02669722902
1671.61906916389,8992.26417681989
7930.23787158551,7324.22311899471
8082.0153819688,8966.17213998593
7294.45782357597,7003.70204904138
6763.42267574916,7664.55244537243
2122.03112648089,8922.90805796591
1616.00046010093,9270.86295884661
1285.53015130208,3429.82410293194
8197.52332063842,7356.79870459166
8141.64202877467,7728.52328205156
1075.4854568161,3255.54022241637
1401.44102331819,8917.96800517793
1500.35764893361,3606.9751207981
1458.78930015117,3798.74150233916
1843.12626391407,8590.82122142284
1295.25927059437,3254.19865296324
7444.23574132729,7978.78736767177
1334.77063361505,3391.7064620859
1116.32618421684,3515.35125310618
3262.15120023626,8937.99378839798
1721.14300714743,8883.32610043971
1647.60743592232,3791.01574327
7659.21568318813,8274.60811206449
1095.2036591616,3298.25077717295
7335.71446253718,7850.52942494444
1341.04210495203,8884.83953993006
811.089861542784,3242.24919159326
7172.69789072141,7545.27851172352
6107.60860011535,7645.50165909101
7521.41471927536,8411.13342161819
9332.97246980609,6271.23645068949
6654.27025059105,7055.63522683731
7305.60788955127,8015.88940625623
764.923116589033,3484.48693541516
8255.00642301055,7246.96325926038
7215.032637642,7051.49863850553
2483.32509024523,8122.25404395391
7273.14690999031,7923.79905914184
1261.70676521227,9122.25805759
8485.60632468014,7152.1689709598
6327.73150224036,6582.67118979755
1217.70202611989,3865.56380037411
1798.16703123289,8737.33608188315
3261.91757273204,3946.56939353212
7346.87110346859,8464.32587619027
1123.01456251022,9090.58223512865
6503.57306286004,8349.22020427698
7036.8093905559,7870.43235763332
5117.5146756394,8933.06438299872
7701.96522290645,7320.4603682304
1850.52868530886,9062.06534531011
6906.99017157746,7884.16561812903
1304.85457592575,7985.29111294566
1413.2237929855,3927.85713346548
1156.96195153732,3729.69655569437
4472.5286065715,9181.20037902044
1436.41650711988,3867.06059431814
1277.78153188867,8658.7276477629
1443.61369202698,8674.83940458043
2969.7693344423,7855.00204074753
6666.00186009675,7555.60137188785
7420.0814933329,8206.89588362034
7054.2842914469,6295.76048030214
1535.97257171623,3374.67796969987
1619.76579320563,4164.55896915473
7353.13372883259,7464.23480609791
8235.69343672646,7602.07423034974
7144.27641482639,8015.92016832363
1743.61965314844,8783.05353390214
1175.39105893705,3379.32127789373
8313.98723378385,5911.27064802223
1259.179949123,8647.30364615971
1780.84452477495,9135.23061429405
6411.33495336109,6871.55824764846
6788.31192545032,8039.20394915455
1215.0261101945,3375.86524508791
6813.01892253673,7502.26854130686
4008.00624386834,8287.84772814874
1323.69273652485,7570.81450240353
7481.97643352076,6618.04680465631
1703.59322766221,3790.66535002587
1617.10203902582,8721.70315293927
7282.84319111993,7186.8105530774
7720.60137432531,7484.64846948387
1683.21715033178,3987.17386584295
1702.54463032224,9367.30931565089
4893.73316055295,5069.38264942365
3269.10236255312,8449.44874985644
7183.88498571565,7487.56432808227
1916.50531776542,8856.74367339178
1734.73043872914,8985.10067856052
2029.76011436499,7961.7627818091
7332.97731504678,7996.3510168639
7461.87836341573,6566.30664801495
8043.78958156969,7018.89864327888
7422.95082341432,7200.03057900965
1277.40607353224,3453.87089206874
6841.62713011397,8440.36951879155
2035.9493061526,9133.96207888479
1607.72019737076,3844.89450893889
1092.83118938379,3278.42063882079
1418.48036324808,3712.97082979782
7435.9598229281,7617.20771562622
1271.16290454648,3324.32308200615
1822.59074525887,9055.90766749854
1404.29943982301,8789.53101683172
7933.19895245058,7841.85785127477
9121.33036824794,7724.47501976194
1117.0842323289,3391.29088466413
998.993671336655,3451.25240597713
8092.16292469036,7102.53763144373
1362.05533347342,9290.79150650221
7563.9762184571,8595.7258182313
6998.4269547869,7711.09853372295
1011.66814542617,3456.91847965015
1907.49038938524,7175.15661750552
7891.16164118086,7794.8608064449
871.221796781211,3353.40721195383
7305.68752974352,8183.829022322
966.326114141266,9198.39730678952
7115.82784311985,7465.67758418355
7092.42202529811,7020.8358610784
1787.13817738315,3693.24455636006
1542.31061127139,3650.52041226928
1559.20421450977,9276.77729413027
1903.89977661602,8310.44231627947
1994.51160495776,8644.34547653987
1094.30971257911,8426.91386496685
6924.24149697215,7112.74691106178
1074.60250470993,3511.32473173088
7944.20094255044,6647.53515399906
1805.04086397909,3471.38667775658
6481.21653955584,7035.97277678066
7307.34096019782,7477.10492779687
1293.02640870816,3396.40444393405
1862.02070436989,9164.63205358331
7592.61030641154,7538.38370701009
7743.95843872979,7247.5962106422
7348.51881889878,8376.23738183581
7510.35909337454,7075.20444887779
7365.22006842222,7495.21653592143
8580.76352202585,7325.8840267262
1657.09526736907,7331.93385277631
7144.22347945178,6705.70943663279
1989.16642939487,6568.33878207489
1770.9563329057,9316.26012096049
7523.1459024546,6872.8136864375
7487.45906690038,7970.74397088218
1966.40765720142,9170.97695974767
1786.3441546501,3878.28978728326
1284.44279887507,9176.40066605138
2161.32588934498,8316.85744615687
1521.99542764145,3939.65408282612
1497.39334357402,4179.64536784033
1604.44676484079,3519.47793600208
1199.71542348682,3440.68525031521
7843.37954466878,8628.41437522782
1083.53873301967,8855.41856311186
1707.84118637815,3388.71337333182
4507.4987095966,3802.41145937477
1771.04989387737,8480.91522703675
944.193045439373,9141.67075985659
7452.41268914065,7536.14043339861
1809.34253572868,8924.89038544778
628.677511905794,3386.88253517755
606.744898471234,9120.76187851223
8002.45481983366,7550.80759432677
1354.16338935788,8853.17989019081
1874.70819989014,7192.23306910508
1484.13041093207,8826.58647477496
1418.09470723784,3251.9105283359
1393.97866737807,3593.74091495169
7114.66415809492,7768.30474960834
1470.06010140746,9126.64207181334
7468.55374879309,7767.37179727263
1611.87024702458,3865.05111017558
1862.97205601404,8710.92078879951
1626.48011168265,9159.7047997998
1252.00659472235,7716.50076321587
7821.05965878402,9404.71996494617
7745.8961351409,8101.7705089626
7472.69577964755,7268.27552468835
874.959740669087,8904.77160680885
1878.46022992209,9261.84568451977
6698.26747652709,6231.85857488388
1589.73760007935,4809.23259952599
6698.35372248285,7527.22372350631
951.93780692645,9156.07790967854
3252.22319858492,7973.82098579168
8490.57474014846,7226.05516279421
7838.28921165925,6872.15557515132
1347.10485164996,8442.20461451006
8117.28989938475,7791.26557820224
7896.10278111825,7405.30512123761
945.519747731182,8964.110378954
1570.12386523737,4120.02896956068
1536.82337737054,9330.34862307892
1688.56618263411,9072.08795654084
2014.76030497051,9218.54544179615
8207.93458044927,7761.11071920672
8855.39970456926,7168.09705133376
1616.7319185496,8839.89840983859
7971.50810917658,8104.93739123993
1544.08583320418,3431.20751164988
1828.2327153812,6429.15922973195
1545.95899895761,8868.97786333908
1402.96287652986,3608.16866349566
1910.44539075714,8940.8306319814
2378.7434367147,6168.85809947145
8163.43396442216,7243.74523959672
7855.35368125153,6284.5652186757
1499.67084174864,9120.40868464109
896.11813201233,9003.30517582803
7667.15722752266,8209.2054753483
1574.17436416292,3549.95047151343
7564.9201098487,7708.96638762707
2866.36363839306,9013.34479832721
1164.86679163472,3555.9121719606
2055.6653442103,9296.29967044519
8831.50226368572,7543.75373667614
1550.0190146587,3714.345134029
7306.59451804969,7559.04542449984
7706.08347875699,6992.0567199249
1840.36092770812,3643.06854917383
1872.09740721767,3592.73393543905
1912.10963096841,9284.86719347263
1637.13833250137,3927.05857514924
1146.67311820033,3350.75211736046
1858.44761968902,8187.50142733652
1253.42011233886,8687.12240286723
1625.63602881143,9131.94873752766
7404.27800370499,8387.94058414254
1757.53440845441,7615.67536473677
582.558411726099,3162.75017051117
1278.27315381043,7635.57111797063
7134.18538125793,7519.69364487274
1719.15251085562,9012.70879526517
1961.75306284788,8594.63298983186
7790.31715841389,6563.98542213213
3800.1749580453,5300.93315812408
1018.97627870357,9217.17480174986
875.619319215156,3605.27889533641
4007.746077035,5542.00746800656
6912.33088517162,8077.7426076212
1278.90876865618,3745.92077327896
5602.26644763983,7815.49180984305
8106.56350878028,7489.92425625127
7753.14668846598,7091.75833749175
1775.93583962968,3845.0608839952
5122.0139570303,9199.44364630105
1846.19717458745,9158.44125832167
8865.88709812132,7749.04392958222
5164.70859474488,7828.4767570663
7825.83430644154,7693.74170630882
2481.58146627057,8289.11738434622
2134.58785229022,9069.53222853247
839.384081136965,3420.09663618148
3939.30960283392,4045.66444191434
7361.22589111593,7808.71972158071
1251.75584895912,9477.68679799657
6791.0726806004,7422.8140567429
8659.11240792485,6626.92761742968
1249.43647727834,3589.65891820425
1303.35547658505,9098.30485873953
8465.51433761157,6769.64300553823
2062.62532782353,4047.69806289646
7454.94703769642,7040.34289790378
7118.56248276611,6990.45895963036
897.819703930015,9216.29053326155
6835.42050103331,7409.68949434106
1510.41224146888,8453.73032087579
1654.13232668611,9268.28766107037
1510.24817982416,7830.6693075097
3189.81434703487,4284.31347048803
1364.59204505921,9075.27721775418
1025.10933238601,3433.31036487083
2235.21786700678,8899.64925811029
1197.85696226011,8733.81522776406
4867.27099461062,8835.2364331064
1634.47132011247,3624.55755204692
7152.60748692423,7463.66029678666
6941.84690594091,7248.28499790414
1516.04166438244,3739.37834788472
1678.72564793655,8863.49773266201
7424.4234264025,7011.83972690488
6702.23213968337,7666.17660116688
4317.1880918589,6876.22003304342
2099.96033058692,3887.56657127922
1363.62222096883,3978.10109482867
1381.50146717126,3494.78002226347
1543.18338393028,4152.16978111347
7096.27043939005,7751.50657276379
792.755546680595,3194.69938857758
1852.14395257834,8749.05355515437
6993.72451661193,7561.34746275042
7188.72677006952,7908.11428917636
1448.97568193092,3923.678311593
427.00597272248,9135.27465478505
2128.74395862996,9487.60013371973
8331.07586683255,7212.99452689373
1987.8251715743,9473.76291335572
2384.72418662834,9040.93517033401
1665.06651948619,9250.66890351859
1357.05183775452,3804.42611450238
7373.09148523163,7213.44118412487
2021.26100955536,8571.54985311458
1134.68620212284,3709.31786502242
1305.26738410104,3350.03384838456
8507.79945025574,7882.06109115267
2050.89891618729,9331.61682175327
1864.66285237947,7503.23086332141
6975.35891882769,6949.20786400284
5788.16231534104,7484.68525374778
993.11043045958,3207.46371718721
1298.16948677872,9227.55869155237
1432.69973325664,3579.40971375241
8055.97566071791,7040.98536499693
1827.03290484866,9058.65371040022
8673.38001416873,7402.84902171103
1180.32508619923,9304.94728043677
1265.58316533762,9298.27107685221
7870.23893320849,7481.90114995261
1299.98605150983,9193.36959954009
1965.26164923638,3343.70225338146
8261.27054832217,7421.31426573039
1560.46828166939,8712.82219830729
6859.12807125744,7924.56672267993
8100.71773392893,8416.21795833833
7560.36423868165,8295.05235826378
8429.32324855534,7511.79891236408
2158.07775915315,9150.3522658856
1123.91428658507,3653.27568436798
8854.92612720598,7458.91865655555
7438.52669404668,7396.25272732249
8261.79039333964,7558.56714875397
1163.9707343823,9041.64159623289
1407.53245242828,8950.5076735808
6757.55401825355,5757.53660206712
1405.4428012419,9133.03050900779
523.252652684558,3365.6430298477
2357.70746939083,9820.47999391977
7278.65479829243,7422.8287510858
6316.39524329139,6912.86262937636
1931.49959639774,8640.77503368418
675.58257771139,8930.30185757414
8116.61431283987,7406.53757302667
1086.6517368124,3339.57191401138
2584.40528264675,8516.16090107835
8911.09155459324,6885.87116885939
7437.47311837474,7919.22761229187
1392.25266573796,3556.8444592794
1460.59136790158,9161.4827400189
855.926864581668,8218.50377963692
1646.55776341516,8818.83656760219
2605.24126897235,3240.76798870745
8469.59910272863,6961.31857623307
1024.30130022927,8772.02265096728
1257.83271773782,9085.26484315345
7915.24893525889,6614.91358135021
1296.92553742003,3902.97633927902
1215.97659527971,9173.46255572373
7277.11174093846,6476.57627809818
7401.09959958445,7361.74281444766
1221.77162063115,8772.56703299369
903.472192846522,9001.01076650451
2131.27495236585,8980.54769631316
1580.85813826384,9380.74713937784
1072.08265411153,3221.6162148158
1557.58181713705,8292.82731617188
1831.22800229368,4443.21269170877
7504.33857279061,7623.13739830407
8048.36273310024,6946.65478628046
1923.55507208207,8252.90847367967
1408.64031254162,8804.63434452904
6548.03152204536,7599.5496551873
6734.33420856556,7743.05146455594
628.964651669756,2919.64437836478
1217.52325700336,3655.38782038139
7850.94578175546,8456.81450374851
7949.39159314096,8113.98117165714
630.186122010195,7957.74397609221
1759.37263829246,9195.34201020914
1713.77000492308,3374.41702944362
1133.33117259375,3439.0918926079
7646.91286183158,7110.45446163583
1374.49401552877,9089.09374797269
7983.36528647144,7371.41870888474
1681.26872448091,3653.54217864032
731.676503638969,3517.37245896187
1727.42508504244,3630.24523669524
2953.33409953156,7457.5270842934
6379.55280863689,6964.93106944603
8012.22327719002,7339.79098640743
7879.55928855958,7172.87817929154
6753.28388791323,8328.63873971903
7765.89845373385,5562.23188767361
1205.95353247024,3809.1838755569
1500.58935906638,8719.47381360651
1344.42430349064,3547.0748354934
7294.88224583858,7598.43962271056
1166.82652054864,3241.7929563985
1106.16475221345,3663.04233055134
1115.3740475312,3305.54175329555
2212.47553324198,4476.74761817064
3769.69687601602,9051.08696929367
7446.82245744039,7911.24931744701
1347.61111983774,3805.28217982654
1232.74805046626,3320.41883270267
913.977407448883,3471.16437373515
7559.02597859916,7829.7472199336
1676.5636414089,3446.29217966985
1142.05403584798,8128.49025144132
8350.54605788733,8180.81736646683
1775.22836622469,3947.65129216153
2584.64436028978,8769.88157882849
7584.09423614297,7425.72928261369
7508.91059006567,7045.95228996709
1714.12754309875,8543.86271572636
7200.86109302184,7386.30727628749
6737.97175221801,7336.88078170266
7721.42543604182,3925.52727497322
7815.15912181071,7836.28464037426
1395.65858342273,4065.00246728054
885.405503192364,3221.82327000783
2348.17670997297,9243.09669686698
9117.0370683667,7644.48007422605
1820.89063263244,8669.93304432789
9252.27820946357,8047.72412533288
7712.55721015039,7380.17119959533
1267.59737043105,4364.09223006074
1304.03165635924,8693.93163730007
1494.93245173301,8014.70531672788
1791.38235221962,8496.06460039871
7155.87201693343,7672.0355196067
1172.48375260777,9128.01565257588
6904.61055873774,8022.02497188952
509.3487659258,2923.62641842417
6806.15773844422,7998.30514574094
2059.64091597872,8767.55969904193
1476.27075455338,9070.33536083871
4035.82860074529,7731.98453075817
1112.78777875783,3497.12591789418
1601.52705831424,8737.40539691099
7094.54890125232,7955.3027380364
1825.06495385809,3880.1532111805
1572.00967506329,8688.89018607574
7226.90384675014,7116.41065899297
7789.27025637697,7682.52349850766
1507.01966065249,9086.05564488934
7342.65851087654,7203.21184273194
7629.95998222697,6579.64254781985
1817.8052939939,7883.11425558021
1042.25036497233,3184.2194972382
7668.13360043075,7591.24685135544
8517.47720268608,8504.56432563588
735.735489187595,7171.17819317612
1191.71900059679,3837.52780630903
1377.88952159239,3578.65768104729
1581.13096008692,3824.23889377735
2192.84121783825,2018.75129160527
3397.83648463364,9391.73574009568
6343.06957293675,7275.93666922427
8846.56408046064,7708.18795155345
1357.95909962921,3694.27399326539
1725.17855575688,8848.5998418082
7889.83775680733,5438.97556297751
1555.05828308609,8738.94970188448
8169.9079288596,7421.05803393012
7153.83497778245,7649.19435712998
5398.74379366555,8163.54085293724
1931.82147795069,8714.99165855976
7172.03690660151,8791.60345066355
2890.44405510605,8911.3227210859
2476.48904448564,9246.8240698901
1050.0747394389,3396.45193946246
7860.46782108997,7402.28487792862
8346.86151544601,7977.18181503015
7990.47260724228,7148.6415036452
6498.13784581168,7185.36083192262
8518.29749129855,6524.26302368025
1374.03500460099,9203.40012287844
8404.74773751487,8157.22723454428
2182.42660897442,8497.0430373594
1523.04985635643,3566.03519717135
1133.98914659564,3427.05410849424
2768.52297651976,8252.8339172615
725.879225198606,3330.87619883402
1412.17160258599,4128.76000936881
5427.31214220966,5201.09399731688
8727.94955156178,7474.96521872661
7629.43699324501,6613.2941282806
1344.95325993717,4105.46448012552
1650.39565991886,3824.39372128107
7753.31202547546,7165.8324228392
1548.72780697779,3727.82091990494
1233.23202780772,3678.13652536147
2080.31715672869,3701.92281726432
1025.25220806209,3530.30707005872
1495.34566376665,8941.47489106603
7452.35051865232,8335.00403391665
1829.61190494321,3985.42401665773
1129.55987348981,3853.86709528822
1386.7056521193,3242.86071678755
5969.68618825072,6458.15354946479
6632.83900594806,7874.23157426045
1219.63604203038,9228.03050112736
887.99704479238,8944.23401685145
1349.59515629754,3130.38909619108
1241.14246570248,3289.98448517233
7989.53872703104,7838.17273248943
1837.90024191011,9121.34068767508
7103.46488749984,7822.30944678974
7153.8963948092,7822.21603668528
760.475927713417,3229.42915096689
1887.34932193894,3936.95134848382
1452.95060723197,4292.69345078503
8488.58330503359,8144.34816225968
1768.86568376448,9223.18186726478
1553.80688598204,9016.42599193892
1929.94486642786,3791.70361489681
1209.24102213786,3631.06504317062
7575.66782629081,8116.85536344999
1239.99055054173,9151.17091796415
6537.62899668864,6808.00973539361
1096.82558261025,3389.82353092948
1994.86750087368,9211.95450829938
6879.81403929569,6812.1042380294
1870.14160473033,3697.33546165965
7144.62118939356,6890.87063125901
6946.90945322886,7495.49621009017
7608.65329462349,6721.72781828357
1106.15609433192,8791.81249260684
7536.77578432746,7941.06323837237
1504.86585831644,9053.35903001265
1081.40826167844,3220.38630392441
1713.47072449024,9421.41820640692
7269.73334250376,7383.55832338047
8021.71455569209,7319.0087430646
7330.80325409756,8236.2596770071
1025.31306936518,3848.7066528075
975.79139210843,8923.22210205059
7944.12842689142,7649.87971036489
1443.02235030256,8872.36777105755
6764.56350365388,8179.69697738024
2665.89280100005,3768.31486346221
7748.06311395186,6542.20498238726
1353.3384744413,9027.20212974967
3316.8768009588,9057.89882047397
5726.05696572552,7383.79038859722
1403.99766032317,7970.83722832579
1176.4712365898,3443.11663105723
1401.78328937738,8600.97914783942
738.185702998221,2975.0802106839
2936.71543626209,7654.35359901973
959.198726207564,3097.03608694331
7286.42138202437,5598.38681483513
2244.85966819989,9012.09500874313
7411.31486929582,7494.71100255002
6862.01986472607,7140.9334000648
7847.48970303075,6131.61278252499
1201.79335418071,3780.59788116344
8248.2630463091,5644.11445539612
8751.23347841936,6608.20936028834
7868.32041240007,5808.08671757936
7430.21061547015,8566.47993899626
1594.30547037384,3319.90092144053
1067.28197438732,3525.62054978213
1400.93688481698,8107.00995804814
1837.89913862187,9262.751462517
1395.99820625536,3360.65213683962
7328.75111512578,8482.55082476852
8466.73172344875,7555.14533817215
1228.81073562861,3815.93094797624
2342.89841952192,8226.34709628719
6767.47405623635,8032.59959798376
1622.0975980996,8088.82375438172
1456.10708737058,9138.18620880293
7738.26308382745,7388.30623423145
820.965314106031,3033.26899282592
8393.7555625299,8204.28506543061
1782.86736420687,8754.60447454032
1076.57780706641,8675.343824131
1914.24254241466,3435.74558510399
7052.44407540332,7781.01703176442
9340.13749651876,8107.16117802401
7963.43064718955,8205.56978384303
6889.47784347353,7768.58117664717
7384.92627989045,7368.07900532127
1028.56483632421,3527.61608175917
7888.7428224853,7902.18563436043
1601.12163798034,3871.64625627328
1537.59565154761,9105.3099988204
1034.6556682557,8024.07746444959
1327.87214075178,3901.05007735961
7109.14947755802,8114.95433643152
1518.70794925813,4137.51823986952
951.200000621329,9095.65587263453
2306.64936830237,8643.2321923503
1399.37261228424,3758.89668349461
2740.538741724,9047.87322945444
1654.53449511769,9222.41282466171
1071.50563140222,3936.64122316148
1068.48375541193,3652.69145371808
2072.69491355741,3825.47002749004
1738.825600473,8091.0959717624
1134.06579263896,8075.65229777382
7456.42356241622,6697.75277174866
7327.96607386728,6262.1584544274
1887.04466133257,8929.33286847047
1913.19471658063,9274.01425793189
7479.50459001177,6670.12316698789
7622.651263467,8066.08491601435
1078.84575743937,3500.05070114551
987.772411545404,3092.36226104308
1042.16437820125,3365.75056912765
2053.27946347247,3935.45007292291
1260.34844033838,8879.36675216838
7642.78335832337,8001.83818155427
7811.73686274662,7837.82302323206
1592.33436525485,9354.38668173039
1215.3657315148,3812.04873234275
7060.20525674813,7422.30103681973
1527.21778739555,8698.46288977451
7078.34871878689,7759.70912022722
7452.33763723853,8085.59699300069
6964.15695727206,7763.70874488467
1183.9784338086,9163.28283377421
1099.60043834366,3499.77361988186
6518.37316314272,7507.88804537472
8128.97265640384,7234.12080431313
2137.81233210086,8977.69476839062
852.082795876834,8934.12861308754
7430.9351717495,7363.17061967897
7663.13552335727,7704.77117098371
1073.99198775849,8379.98284681334
1341.99116257824,3646.70680618873
763.108484495025,9080.40988717
7248.12226557678,7466.29505139445
943.368999418961,3437.72340378655
7237.58030956246,6949.94655814508
7149.86970431312,7393.99450130678
1340.74086737582,4327.30254113818
1124.76438574311,8192.88484495471
1095.71712954044,3268.41619238456
1383.16684956445,3557.98282271301
6496.835515737,7144.85059434207
1542.24975394252,8903.09700791596
1411.23992257522,3601.72363482199
4434.71285096238,6955.74714290539
1924.65285972392,8496.33221581537
1168.94965814164,8928.63661324074
2247.72217714765,9087.88074183555
727.608672692723,8293.67114671849
5948.62837369002,7312.34591106428
1349.02420389272,8929.6402210957
663.115641569542,3114.82217579023
7964.07363064117,7789.19639179385
1569.45495688228,7717.91856769937
2163.63346461696,9129.19917058396
1100.45592321061,3497.41019985102
6895.27365850819,7776.22688425639
7830.75095384429,7691.91738731874
1167.66448868522,9161.10613052748
2425.20845710746,9258.74931169542
1093.04993153019,3557.79203076955
2167.44446178488,2887.63837396072
1128.9495849305,3449.37589433299
6367.29935281962,8958.90440033595
1258.84107804121,7941.80340943532
4990.05956309649,7530.9966838895
2364.82535693429,8579.95615450607
1582.89976767114,8722.135503637
1327.97522856205,9078.30648947264
8845.43935599561,7379.66782209666
7654.4210749849,7702.9795761692
7111.00227613122,8012.48980556386
7552.06999877869,7965.58338702516
1453.89840337563,8871.18597326717
969.400928587284,3482.53799487063
8720.00260088443,6330.34662472028
7461.85834411734,6564.17605574615
1028.00247406733,3206.75308153641
7540.91898165412,8068.73591576778
719.542856682986,3352.98554406866
1485.38870670361,7421.46434246724
1273.38808091128,8518.14084759627
2324.27471836835,8628.73972273621
7885.28534807325,7367.04592273031
6327.79453594136,7622.36696217067
1573.65847550793,8880.15831054317
1071.22924373514,3480.58550671014
7546.49198746283,7156.30887595775
8052.49982616183,7505.21355263135
1710.05770002587,8921.18372280507
7054.46695102716,7824.2189623806
7354.97690196584,7745.44811523885
7379.74108024726,7973.0546001331
7191.4125447821,7607.80664148528
2684.50059476926,9215.18453356303
1164.86297920376,4006.43040633878
1578.75995518196,3832.52907328758
942.279668631478,9012.41732615004
1184.0519205288,8771.23721775347
1172.91842923037,8996.18568905906
799.925720629231,3240.90323465707
2029.23152552834,8862.39084622555
1831.34679525573,9059.05530667273
1940.19980702096,8841.46879129315
3314.37452942299,9355.87665387901
2324.87661466207,3603.02087045918
6091.35423764945,4243.70763119658
1434.00487788058,8997.10841933507
1503.96116627026,3564.24795889347
2198.76171811751,9031.72688517706
5609.19816566064,4593.70957262642
1916.27285712999,8261.5255038108
967.736116139782,3246.92683291744
7516.50199715421,7878.0963855717
7609.50849956291,7136.73901710729
2110.11128309221,3771.63020359474
7388.05493957823,7974.55250000791
1447.06046382374,8710.25953481383
7609.69485425868,5295.95812177427
7952.5400957731,7291.70315104301
1359.94183348637,4518.96921535875
1232.32996190011,3646.00893589357
1571.28389570189,9061.73766225368
1245.90719550382,3623.04496073683
1801.11525345034,3528.97686829912
7368.10211981397,7885.1185691681
8294.98722972756,6677.45106284977
1203.74580943518,8978.25920653882
1198.00246810751,3405.06407804185
1459.60755923108,3795.45364204623
7609.25894443921,7926.57020582568
1738.46111760242,3922.49691162856
7830.13077260706,7043.50100044783
7492.50645443533,7833.21897433193
6132.45469581982,7260.10179680631
8459.72611327222,7183.32086769198
2107.94587817146,3801.25860280493
1396.8534849547,3422.15150827982
1675.76764853678,3706.77076313496
1011.35555385259,3426.29894731462
1452.64355305479,4077.65582638529
7069.70877821759,7383.79268782402
2098.6762168697,9113.19567172195
1262.76459537172,3677.68246996332
1568.27717925645,4742.86680980524
1137.06885048073,3524.95448335474
1919.31818269519,8900.32238405666
5804.42826852698,7261.94693846317
9391.98289772515,7965.20307520254
1294.5656877064,9128.02481068315
1679.99849186426,4462.41375028286
1328.9401125238,9025.7515648746
7969.99997602707,7776.42983484795
1415.80380441892,2668.8937598193
6220.15436575082,7528.33359411316
761.32710196806,3299.69268355048
1833.75854256227,9397.39975502817
2292.71525666706,9204.71824822689
2958.02980373206,8779.69418156348
6875.0215468748,7352.03541709968
1469.5913807972,7894.74289272006
1797.88662968483,3949.86134426436
6461.20092365071,7651.30429915061
8214.28992887695,6087.69159214194
7713.39680315374,8061.68202644746
1174.19161028525,9002.28963130447
1832.87197374354,9214.36049689387
6383.77123030217,7307.06232035503
6996.46804703559,8528.28940392931
7098.17532475185,7924.09525224761
5982.85716794981,8982.46384474023
1678.87064485377,9179.26670032629
7458.09086366919,7589.32353880899
1444.3872720081,3612.42895301048
7212.66396939498,7481.90628434006
7237.87305603989,7744.21797109384
1712.70627146156,3766.8826447935
1518.83688317945,7274.8643308088
693.658076821683,3448.02902350144
1792.08586061571,3599.48979469386
1275.93123946434,3775.12686713507
1450.27523834935,3679.98475690996
7116.98527879953,6858.75832158954
1571.60990345437,3722.3504854641
1412.33313922399,3473.13010383815
8536.44412919391,5826.55317662737
1652.26828038869,3662.33268903624
1127.55946806569,3753.30365327786
7511.21094092949,7798.2878483865
1461.69492718977,3904.9320230105
1134.29015477261,7873.2374519996
7200.40407620581,7677.25161291152
7087.31781150305,6813.67130453015
7530.71307995177,5221.00958248895
3562.38898707489,4459.28741456911
5233.05183459954,4043.9561567776
7164.612809333,8083.73333658044
1550.82164918617,3451.22407223775
1479.42118140402,3744.41949957198
7942.79558231214,7352.38593745829
7077.45836279409,8102.33777351458
1093.77086390713,3403.25368728646
1428.0980442481,3451.69561791602
1412.86951744313,3574.85739336751
9006.25537640792,7062.88496905968
3899.7710390624,4225.92573142166
1105.78633369416,8910.83233117478
6666.22143548454,8133.06430449895
1333.68203972738,3628.49604847735
1728.639892299,8241.59523511585
7508.30971889543,7219.2955127132
8003.02994147695,7286.36818604562
1971.08321975417,9055.8940733958
1954.05286843567,9183.26798599683
1710.55399355601,9125.1966717232
7745.24744554362,8325.51285863903
1277.61191853614,8837.57140654575
1490.36185873457,3575.97267853723
1339.49046170969,8726.27816617089
7323.69834134136,7556.58780692438
2733.56956105484,8828.83707668017
7014.15749766596,7515.19873053721
1657.29358552949,9120.29867609177
2214.58061526344,8322.34185809161
1584.8855050563,9353.82646474891
972.288896890961,3392.73077206955
927.233871890502,3361.79094520127
6274.03519871311,7704.01321312861
1533.37207017961,3801.37621820058
3011.84111300551,9564.19177629098
1446.2717493818,3603.44817730896
7495.2635012062,6856.79622094854
1984.60134950806,8769.25479540263
2081.59326104375,3750.00930200547
1925.61724910801,4151.03566715865
6696.25307401396,7958.14993385834
7109.8590420671,7554.40046490487
6580.31730289065,8242.03671221372
1388.66268517623,8391.614457382
1232.02329742651,3252.8321221196
1049.26577406305,3330.33791135907
1521.77499658266,9112.75341079501
1520.37536969852,8955.15560546998
1408.34951140017,9243.65689642728
7354.96665730954,5729.56937386183
1738.0965974378,9161.36384220189
1179.56776714434,3465.78035967401
811.037274484278,3553.05606678917
7972.79320708145,7437.99832206266
2519.80463346835,7810.87380863093
546.486320092172,3023.62051959008
1326.27549386835,3731.16667792474
1314.94546228917,4033.40051138683
1515.72267359957,3923.86675903602
1353.84083387976,8380.17853305368
5924.65984718049,5127.6308606374
6825.27343928363,7978.43814953635
1358.25301480494,9284.66959207696
7870.6544107624,7595.78673982526
7474.49099126806,5189.95294253837
1982.3094848015,4245.24922013106
7224.64615167505,8038.56294290527
771.553389134817,3093.89716792778
1632.69030148969,9276.12289181701
707.780932917919,8898.03505269179
7619.26314032764,7615.90667208844
7741.34394853677,6783.54756774017
7599.86357645201,5596.75100977017
1025.74279818688,3175.15529801208
8076.70117414297,7900.8205422579
6850.03914212474,7093.72198315623
7536.03275819662,7167.53864309362
7536.28269385213,7415.73319038369
1624.10418188069,8314.6877292699
911.694111856905,8457.01368156216
1241.81495656369,8832.99936563589
1015.25104417909,9017.39329396194
7811.80504912957,5320.72324516553
7020.88972901199,6703.52170022855
7785.55083577581,7352.79905317618
7862.64773498035,7768.34730981992
7878.21552970627,7941.87238150716
7222.2738068776,7322.34601062125
7887.17088777371,8297.22195227625
4923.79964303983,8885.49646298107
2017.70778703395,8945.74207002463
1319.36757377369,8836.1864745901
4144.47042943318,3560.35890069982
2167.68057439817,8579.02185532023
1035.82688349019,3355.02217045608
2061.53970849587,9161.81538770823
1350.30567698135,8825.0994512169
3515.06961614482,8918.01914475491
2048.12213440164,8133.99594743539
1548.94695673197,3757.57603788645
1970.89576693261,3995.24278727977
1412.7130720717,8602.91124412816
1678.27717012318,9111.55215361682
7067.90551338116,7191.5787960907
1442.37749128177,3532.68560466949
7382.96656770621,7014.53470276634
2226.95788969759,9226.55460562203
2313.37520915424,9186.35728560589
7377.30963793256,7198.44652925318
1609.92368943022,3878.10285208562
2038.32997830492,8544.04948269511
1368.53460392007,8922.08699262975
7696.40380936807,7336.07513506147
1570.0949294631,9016.04475722557
4336.10307180461,9194.89519549192
1343.07902088592,3863.92059858978
1284.69558809304,9001.33507583413
7172.75277317502,7850.27702066578
7655.18987688896,8217.86621027787
1505.06631089787,9143.76202916114
2120.52395857803,7855.17181104073
1278.04577638684,9027.80266625824
1076.69821851212,3454.65892608085
2277.51416654188,9059.79104263214
7082.48434663777,4138.58156102691
7483.85644866906,7313.0461656361
1511.51429022339,8690.0347412825
8773.16820777316,5243.68401622484
7707.63525751148,8120.62281523175
907.64898295486,3372.42876783945
990.70109383916,8850.32032906517
409.006048072101,3300.19530346301
8148.76032790731,7386.46795724668
984.720416680739,9037.81345071486
1608.27396348722,8622.07814138094
1078.28015504743,3426.21901008804
7872.65981576228,7490.71308953138
7661.03922964883,4091.12356960229
2912.11055697715,5611.17378022103
1402.83353355514,3473.06531589036
7386.26683035338,7533.07186291789
6376.40652468281,6659.16312473288
2226.82709325953,8949.77240298503
1192.75126928231,3485.81051472519
7300.14124537329,7497.16022951954
1652.1270029505,8712.05765307458
7367.75409100969,7245.37097808481
6927.24424710816,6869.87617419739
872.639332517852,3126.13308563346
6987.48447732922,8483.86250857378
8833.43305935502,7937.97241129709
1379.15283502572,8656.77954473704
7765.9639570655,7089.59468581716
1135.06895192496,8785.3965431558
7261.74291760423,8139.57535707005
6931.02796394587,6519.40675398642
7280.24227637402,6719.22181187019
1591.05329273187,9190.08810226703
6788.68176640632,7839.09507010095
1480.63727998642,9006.66588151286
1405.84086691615,8795.71801884631
975.051475773634,8977.98304183041
1054.13432481058,3387.36060078339
1242.37624470612,3809.39806208762
1438.11233631759,9015.31541065423
1708.71525904274,3712.84068987913
1999.11850392058,8284.71932585582
6968.95685866865,7052.30732748137
7741.4573329013,7374.70701350731
1415.27758731475,3608.4182054039
7357.18104280964,7701.96547429562
1247.05625081054,7905.16179515274
7540.28474652053,7384.98687078167
811.804106015592,3259.00329646176
1360.62708020142,3177.16230867244
8144.48407089457,7885.50829219284
1173.39926020543,3275.76353969983
7486.62915213531,7595.29522822161
957.973709055356,3230.92960194891
8812.50484938629,7084.77708852655
6994.16851172274,7520.12688617786
728.758400638866,3300.4111827663
1887.16165299972,9155.94687241467
7380.50955673866,7336.85144283164
1892.66319865487,8581.09279419209
1338.79437515805,3850.72228006335
7953.97695518586,7821.72986364579
7967.30684100499,7580.43717272744
6586.78843229585,8423.49551519879
1987.24118315617,9240.85073657596
1295.73380161648,3486.72263247773
1206.91840872556,9306.39915300948
4111.43263517474,4194.10141737295
8335.17933731482,6458.41868017067
1805.94374311332,8486.32041542321
1026.35875819253,4215.89255148569
786.142203013387,3279.36822699237
901.044386199267,3518.30868253278
1317.64130209891,3364.81863914896
1450.75512500062,3597.85482516534
1903.60183431643,8469.45080169648
1417.97058362488,7972.4303901577
6896.58603803752,7615.22963164438
1805.70096923905,8693.53534612633
2098.2424817724,9032.34573485132
1346.84930506089,8346.62135126225
1386.78608519151,8998.2292630005
898.27215034451,3349.27882038005
1492.64304157474,8742.71969000694
7601.18274483559,7445.50066893645
2447.09401985091,9259.7952113747
8033.18505340924,6062.77215112796
7163.94124422102,6991.01379104386
344.545119314369,3106.52118340457
1497.87884669858,8231.36760452199
1826.22312308138,9212.48267780683
2011.1921499916,3967.10154082217
1327.33723456001,3746.992780133
7336.69822452116,7866.97490581238
1622.74990140198,4311.90323943999
602.088999204176,3197.52589132819
6810.69966083499,8133.43304621507
7661.60033961018,7157.12987057077
7229.87160606567,8148.58399405425
1370.29318562746,9010.57239281346
1044.50843156189,3271.27867289714
1915.82421132904,8031.35174617449
1010.478238866,8344.29858296465
3219.97371480264,8562.91545854567
1629.85786754542,4255.08852478919
1997.74177715608,9547.60703816401
1518.12399904129,3738.33624497409
7906.690290454,7934.48346935863
7405.18864293079,7484.75686334184
1642.28887018282,3999.93077866763
709.214368784153,2690.35192818395
623.397008663268,3040.23208963281
5144.69651205046,9057.08036670263
8638.89627223952,7251.9191670231
1726.75029824489,9030.33235668312
2086.26634041678,9182.18309237163
1025.72320570675,3468.26090654848
7417.93486336824,6992.1535520247
2292.69895448618,8185.09726215352
1467.79957118354,3676.42547078562
7667.57665442993,7918.78848248531
6161.81638161067,6708.36812345145
1677.30466953425,9116.58250765884
7431.71276565668,8059.3283970356
8777.07887226018,7112.99307312756
1228.0489018166,3813.6483480998
1688.41819379347,8838.85023998698
8268.02763080281,5966.22213771688
942.14970464186,3444.72904523766
7365.00850248411,8370.40413026406
1579.71024536132,3715.77288233637
1397.00798950326,9559.94966728978
8365.40796523631,8104.23736741527
8937.20344564706,9054.36864335374
6920.10151060433,7627.45838327923
3499.34636111608,8292.53005427884
7466.64324057848,7172.19657077778
996.921840513251,3448.09878983519
1296.7208932038,8449.65474801732
1380.27862298438,9187.30786876757
743.54173702949,8824.170274823
1128.14561812471,3470.01844639519
1758.62978968772,8890.24947123296
1621.30881305086,9055.78509580368
1448.99823557412,3195.32671553955
6943.23473881555,6867.93482586042
1215.28942380485,3517.4134244212
1056.22380591501,3026.01523968072
1537.56130224006,9172.90954937653
7763.06824217768,7743.66795182541
7263.40086458313,8395.00206568249
7765.08346118184,7902.73753347231
1427.86147719777,3743.62720717767
1174.26814640206,8764.69749945543
7247.46293789585,8161.7737351575
1653.54510339374,8896.73457010579
1839.04238132642,3985.26327774593
7524.32768653901,7052.85691272856
7477.63892533366,6006.20986034223
1931.75164895059,8144.72704381348
1684.9917357648,8851.59120690594
7455.53916355199,7612.24073125333
2611.20504734435,4295.78273502052
7912.45811610986,7098.59937701733
5831.98624657762,7834.78696779004
1629.93940970753,9153.7997547762
2180.98780894045,9055.33382035542
1632.63295552641,3839.74791452502
6882.91436599193,7640.92527332047
7135.1611004145,6933.45195123025
1223.69029962343,3400.95716642745
8400.90835800006,5713.83871032274
2065.75180749439,9183.13493370431
1160.6591692655,3560.23533297058
1486.87291820273,9181.41600341052
7640.1999557798,7888.32447087301
1818.75211106492,4529.14865291919
3445.69055822736,8320.26175223051
9111.18451365963,7684.00306442157
7750.36948214724,7288.67043702875
1613.52700761163,8963.4147751396
1194.79801957523,9284.63046523935
1492.4244095315,3632.63614251356
7366.05536064405,7907.16166617323
1009.92190278946,3755.62643251593
7515.51842982927,8007.77813995433
7352.23834737742,7687.96111769565
7854.01310054224,6998.60193409483
1908.24783912241,8705.33377737768
7816.03904152845,7379.66884451614
7230.06402597903,7772.35644910572
7115.08813004119,7374.27572110165
916.600060591649,3372.20216558822
1753.59486626597,8975.73641455968
1207.49811447541,8493.55978823466
7708.95092631057,7862.05224212218
1502.20978748429,8991.2243816058
8469.25127716971,8179.51236182665
857.568665023113,3196.57068019889
7593.81329982152,8184.61900112085
1162.58719161351,3580.83809055633
7484.016991665,7377.85290445416
6930.61981290307,7964.15652530868
1143.17521708949,3568.48153487736
7692.1853838907,6172.00951300064
2334.02212160559,7942.69345322645
1129.71351746097,8949.29667678554
1493.00059759629,9257.40716023324
1379.07251169754,9009.24177008941
2205.85677103642,8725.35593630302
1955.6698472333,9086.93505862619
1486.82485011739,9227.39436629466
2446.22508016093,8676.20410285282
1207.79771437724,3812.31383865637
960.734673173134,2920.15583909734
1408.52459559552,3482.22585085614
1691.27242962656,3521.92764486806
1741.51484434009,3492.08255257299
1786.95731781578,8378.18384746794
1523.51725470316,8915.10228578666
1250.19403686663,8900.2126620183
7422.95796222048,7692.91678937021
1293.78980314368,9232.69892389647
1586.18998174231,7205.08627989567
1584.36246173739,3766.64128140211
1165.50326158245,9311.46623597697
7604.28476615091,7674.40045159884
6689.73790995026,7490.10333375372
1075.75003748352,3506.34951681696
6963.44805431738,7971.0801386274
2267.66718968149,9387.61351007255
1535.99902396189,9004.56506689889
1666.18263707138,3710.98172123397
2633.31980504369,3458.26835894893
9254.52624467984,5705.19691258716
7741.74754145397,7445.35794416675
1866.8488174185,5669.92722810746
8067.43146089573,6489.89216334919
1581.49283596059,8984.3577165326
3553.58654124261,8509.71206767229
7147.88171855094,7864.01370417176
1356.71373134182,9344.47588723125
7900.86619075806,8295.06776553342
7265.04424496639,8005.26598245193
1649.9203557222,9185.3563815306
1061.03884271367,9201.27389491805
7855.26412278351,7087.78442551285
8471.4804405458,7915.51047547276
1352.55401272407,5358.60529628576
1558.02540676499,3761.54737661022
1255.4285762829,9230.97889637307
7848.78156631623,5387.44869132288
2025.90051888372,7913.52371230096
1473.26278590839,3486.72200439924
7341.92618885808,7682.93994383945
3727.71456463129,8040.74179499127
1928.83828406645,8666.72970750574
8894.33122916896,6563.19324745078
1684.8537247404,7656.94512787952
7224.86513739604,7324.27484672042
9089.52099517932,7413.85647859202
1577.5431760711,8760.62461479368
7494.47353957399,7352.06588127383
7581.44528780786,6565.49144224881
1670.22314567338,4205.21004124821
1492.16746952141,9078.70316813191
5759.57880299843,8221.82183674
943.845082689299,3615.97951042925
1331.98120866899,9114.47721915935
6268.04418835083,7864.64661323178
1576.29121441071,8822.57160442022
851.995501109318,3169.51145466485
2024.4285504316,3711.10512723824
6375.27860519612,8080.90504696323
9231.39940075255,7272.2968789727
2569.80409719523,7074.87325274907
6860.3184398217,5299.44692426279
1912.27100862415,9244.19780422926
2448.68217182427,9067.68147167176
1425.37454002701,3730.94323407382
7647.98378305017,7520.65789013601
1466.73979399762,8891.6055222724
8349.14022180045,7313.26842911943
1530.09966879458,4134.86610721622
7622.35177149592,6519.54900629824
1895.54078093504,3548.76782172828
7452.34059785685,7758.32629935944
1163.18916589406,3423.37860862515
8907.04920007105,7817.55422708259
8472.87998543925,7119.32153163181
8852.59937758894,6136.7157192463
2069.68416912633,9089.20218064061
1943.65956222082,8612.24149216509
2016.13525329514,7798.72197154577
7024.63568325972,7507.35072348829
7122.85706473565,8041.53409648045
7219.79196926198,8156.7906452214
8212.67654219046,7769.2865012935
958.87539637433,3182.32846235968
770.757670229634,3125.32489442589
1845.42394921274,8913.87628180599
2014.87511341022,7776.54712129102
1708.69779802548,3895.81717660951
8082.61027303621,7683.95333459222
1044.18144718771,8877.11739448952
7816.02189243572,6603.76355733357
8601.78734651278,7766.90483561068
428.046116553185,3132.75114839132
1934.6692685589,9064.36211681328
8306.66393679191,6264.93268177268
2208.8957248778,7691.1631892268
1524.33907489279,8452.69261657715
7609.29521155901,7885.48867716672
1076.06097209305,3699.05228281057
7454.5302763171,7418.25626700174
1255.87330854088,3538.54680129557
1793.97994152746,8825.94409821627
1110.61309575213,8875.03426999411
1508.58625837951,3717.41087073109
7189.8160362449,7617.10730879729
8969.28117027848,7776.34178590278
1791.64558271386,7922.71111994658
7583.64557568389,7482.25144981086
7619.43076991414,7701.72485139317
7235.34035268604,7150.67216314183
1333.40355363572,8689.49871980478
1596.30002320496,8973.46308923403
7505.84399323727,6809.72288687589
1566.00359638612,9055.65512438409
578.693515026321,3220.64989638071
1677.77004651518,9182.75166224129
6570.72384933816,8259.86104417637
8164.6037382251,7927.20341219396
2208.5082847847,9166.84033941917
1310.45631741822,9222.32519439672
1852.11391688852,9009.08803426455
2047.37547582248,9524.67038441293
2463.97095994854,8649.1561877398
2090.0641879648,8622.38593892552
8057.59306485586,7025.16203826592
1788.20648371366,8747.41020348764
1182.03339216339,3150.16150618478
847.776879568371,3082.19384519132
7534.30165011557,7181.53794181596
882.760373108681,3301.83925138057
1617.8744451532,7966.84169230527
7561.0394707422,8421.11136152712
1111.39632868325,3405.49191697692
1070.96307194843,9000.66827740009
1404.84992875416,9155.64823088123
7308.11981312816,7671.0781678911
7352.06471203241,7237.44477460032
971.412608467112,3281.36802336352
1180.34968226299,4070.7940151742
2583.09403892401,8036.06576230844
1947.23847440878,3935.10172727968
2509.1414286065,7881.17226385247
1063.33539740135,9299.87561869085
7356.35066927164,7320.95385602752
1171.93380309168,9190.86290058647
1782.37908533621,8734.05364432246
6149.99605372162,7409.16956396657
1554.58050164766,9169.26376828804
3032.27196185727,3752.62474751846
7749.72839978646,7685.89117627671
1630.32749899927,8803.07064958217
3014.95683866613,8679.4404670278
968.556608568302,3539.50012976492
1662.06735119212,8551.03923453422
2053.92038544077,8671.45014346785
6917.68747262994,7621.7423789146
1870.16732931256,9206.92426766662
1406.36508631526,8956.52931237095
1073.75626183442,3647.6882846651
1367.06522800487,3680.44762018792
939.372897773024,3451.60635040736
1202.04618448957,3461.50067598327
1268.07463042797,3894.31264242372
7845.99353535991,7324.50052998491
8866.77102239671,7208.0195141956
2759.19449255614,8506.67442733571
1131.91621385983,8931.17213312751
8507.41502592751,7631.62332081833
7839.1623758489,8130.18317310037
1241.15000410107,3183.34272740276
1346.32867191669,8820.24975452768
663.639578020128,3113.87882730129
1703.24420959753,9020.44350121553
1496.42420960219,3946.58150728001
1776.34149763384,8920.50768906501
7517.20316526126,7477.48989807228
5140.4241106346,9510.06884227629
7719.52318143301,8756.04162398525
8972.44789231247,6528.72102878978
6206.47683974487,6910.52815951781
978.699578847112,9036.18405911912
7471.28593789724,7542.46528106336
7403.34902397211,7993.43845895914
1845.38729940725,8927.70426615144
1424.49365929564,3431.68252017969
9117.33042681591,7080.23023272272
1583.08612020698,9110.20243802013
959.951187147486,3242.27407833733
6058.98424453674,7713.66767597399
1208.16301965692,8982.93034834554
8011.16631549194,7965.48014207605
7448.89000298135,8047.1159636085
6631.33292232111,7060.51757511967
959.257823084887,8898.20610156834
7247.57688252923,7650.93863879736
1387.98905084248,9022.17174326485
8519.6721295769,7178.9147098258
1607.4437687862,9215.25822460528
1363.53008190316,3616.20929730272
2967.20660729012,8778.91277375522
1050.58890080194,8109.5964810483
9275.67176618504,8344.67070170413
5734.55953641002,7113.45120945035
6109.65256836449,8978.31921147678
1227.02463546067,8788.05884112357
806.167131610541,3383.65581065281
1583.76881360974,4246.24852296086
1960.87327199463,8575.84293531884
819.956306385737,3345.03406038242
1461.31021824133,3583.09170812504
1324.08150293956,3540.26303367281
1734.56420674853,8835.19775654854
910.298200876242,3176.16133344279
6549.70118886833,7446.75359293144
3154.15527974088,9160.31787566638
1309.05414798415,3129.66071878848
1839.41978889385,3938.48069290786
1784.30355778155,4743.46294532631
1135.68738360482,3236.5586659034
1209.93255987472,3618.46109861562
6724.65772286818,6805.78117520608
1622.88979865819,9213.50294582733
7270.63810900116,7727.57482466268
1360.19458409835,8998.25101178861
1454.05059731477,3480.9388995439
6162.13920216242,7774.04255945004
1388.86309020933,3516.0230094312
8200.809034969,8962.71586152302
2181.84973582898,7505.57244966274
7898.42008320714,7604.72608644818
3156.28146365693,8934.03170230372
1603.11267412836,8892.4940087754
1460.15540332211,3505.45890099479
1681.75991281716,7349.60251294096
8487.96136845735,8318.25134289427
7173.22584842678,7688.08581651499
8394.62699096909,7209.90183771994
7696.10222924928,8417.56379805936
1059.04782794346,3392.85202883169
7400.60545132563,7111.54745879946
7646.48831586898,7924.13738786026
0,2640.05128427313
7299.61416903739,7645.32247348529
1585.91138136889,3916.4651758719
1267.88750349132,3605.29643378613
2279.79312687863,9182.45552194159
1470.60976919741,8602.70366647458
1389.64547728528,8958.06592514269
7163.9896865284,7601.46937425439
1955.1160073475,8619.45373645522
7679.53973964849,7816.85948865733
1843.18450469231,8984.71277879481
1430.56344306059,8711.45969187334
1433.22893469159,8992.94604315977
7475.22099856815,7959.98087600304
7360.63276747137,5860.58251867861
7978.61307505658,7131.58311140884
2928.30170014322,9003.11719456514
745.799285835815,2990.42259323101
1515.59868929341,8908.35155441792
2129.19245983183,8572.36504520753
859.244266668663,8759.00129749074
8022.80023425769,7682.72017919731
7559.45764615063,7743.28348477733
1496.59843209216,3511.70467166505
2556.83359683084,5877.66207990525
1050.25377116803,3367.03308052772
1338.51131664916,8786.34306688029
7456.81638302706,7837.30128053885
3610.31493585,7795.21282501161
854.33990345867,3147.4622932692
1522.33471182473,9263.68748453369
7141.02867844225,7523.13743539184
7565.28729076197,7985.61855631472
2015.14288878629,3991.7422070151
1319.67353870115,3040.52805052208
1455.4956616239,3511.58608147937
888.591754626159,3421.08684427086
6117.39764166655,8107.58799263092
7657.58056438298,7981.4001513973
6827.25157488185,8185.30010889474
1821.93018191757,4328.04859738122
1760.63955278433,9161.78071021377
1055.95235701415,3484.38789753725
7439.05779016521,7744.3316606976
1148.27860059945,8958.13203012189
1114.32901648801,8638.93908158007
7090.9781435179,7601.762591378
8076.63107448001,7361.72459500726
7679.97422796365,7063.48052184726
1356.06548030304,3538.31135738508
1587.43672672745,8402.01991369176
3885.81295315291,8675.37935765458
1580.83071407228,3577.00753751371
6861.99951464172,7559.45567193066
1402.48737318202,9104.25757053852
6739.57694464961,7908.94753709218
1460.63452076091,3445.48845989123
7659.97658769699,6949.23572859646
3094.25956733927,8113.01568030561
1536.69631246669,3943.1862205915
6831.50312938011,8358.70201906716
8661.63528646429,7834.07846665743
7077.91135383259,6674.62312558914
7753.59889174921,8266.91489084615
7459.73830119641,8236.85162805069
7531.37619245121,7466.6205727492
1521.89879115676,3341.42648316766
7802.12631885676,7346.20791742337
7519.34710722706,7673.37391071362
1883.18466638952,8852.67689431165
1478.55021209455,8076.76814269912
1810.20626564654,9168.76483680537
6382.02037478281,5693.93996326033
914.540592117466,3422.29315951372
1324.20247421629,8838.48366337867
7225.88672424595,7880.08941806786
7462.16457242148,7166.85303122424
7479.19420503065,7125.98272433235
1012.73382244725,8851.64809302957
2221.80334242623,9862.68480559665
7435.88811574025,7794.54601773027
7019.75577837147,7518.65105748479
7359.16359966753,6908.47192666379
994.783338378873,9014.03832960445
1955.40584729448,9209.13905853012
6429.64221673174,7443.11208066518
1369.28520852835,5087.20341242466
3148.72450486182,8195.81253770055
1239.1094235736,7957.17395039752
7217.79922976016,7334.89254319906
944.75434152479,2993.91141336731
7015.90322135152,6914.75602889614
1601.61820836089,7494.35007615685
1208.68502490477,8759.08082044115
1316.02461956667,3694.28433758251
1083.63991862287,3206.42428478709
1844.95995651566,8546.05622214038
1322.73584502177,3785.08545648188
786.647484205829,3942.93028270945
7623.06498938371,7616.60355958388
1079.7004516697,8981.83075144062
7420.24620498644,6597.96099606461
2243.26862728705,8979.8860132489
7175.67449846685,7890.98425693858
7519.34628173017,7708.66249280503
2072.09049624432,9334.87519452405
1672.12554740127,9199.64432993549
1582.03902562564,3768.90787998052
8024.6290529113,7788.0776817963
1535.96698258607,3527.59678357429
6818.22522294039,9057.17212237079
7615.72158141203,7616.79701270111
1560.22676956319,3526.1782774117
2683.26069029928,9048.34109666839
7509.84230168586,7641.46978647912
1947.81945226891,9582.64753349792
847.700044862414,3205.68834219844
6580.45757679479,7013.13098141644
2378.2550341806,8249.55201933843
1396.60677633784,3350.00702657698
2096.93297373211,8539.7437214269
1476.64600818304,8861.39117917441
1500.27031801951,8885.57759988121
1642.3807921855,9177.17935964343
8234.12106903318,7345.25118217237
1770.51398350355,7666.978636111
630.412138718568,3115.12392985735
1445.15698206887,9103.50244613813
1399.89003960994,3408.45513231369
1009.34339094658,3343.85606793932
1529.26284041161,9120.93241243728
1734.42628918966,5770.53945980974
7007.08604183065,8035.80178112696
1398.02894443315,8918.90415272525
8185.70676643347,7440.02566400449
4989.47360092042,5180.37721713054
7539.97020579052,7031.63971771834
1026.69411414088,3424.23364006935
7640.53323150901,7496.21468768704
1294.12621589717,3610.89304408158
1184.18971916304,3618.27773010736
1515.45035796886,8555.44375998502
8113.66781851417,8255.65012200139
6793.22649338155,7382.739606056
3411.22934896907,8612.36570259175
1210.36991067837,3725.86373422964
786.540812689584,9058.63074161464
1224.49504145809,3552.36462993711
7006.30808563026,8278.04474281818
7539.8119043743,7171.38671955287
8711.20671726465,8004.67104471505
1132.70041971092,3583.54267447422
2197.85189213688,9125.38211859725
2147.55009190398,8824.58553872197
1780.73767794211,8890.08396885638
6927.69115933924,6845.72000251107
1294.67342456459,3471.42018475065
7202.9318675054,8024.87411188305
994.883764126837,9228.08013452624
1582.73834035007,8685.37138449063
7297.3326389039,7574.90150215062
2064.20616205158,9205.4896206792
1084.83863056638,3268.81421971096
6833.10659661262,7457.22773753983
1085.90267771812,8055.61543622308
6252.29747182964,7315.34545911793
1264.25110098298,3446.9184287372
7786.04230421624,9336.43863586436
1371.04516607474,3907.34807639906
1699.2597394761,8886.22580552923
868.786540908383,3423.4436325036
1157.43347048321,3732.92479008377
1734.45913009403,8395.4081529334
6735.63904563034,7281.06357691308
7807.2765950062,7873.44373366605
1340.00437244629,3681.16379240572
1318.98427695851,9236.40631417636
6570.41102266811,7765.22251794371
1477.54087350229,9099.62893589972
4657.47975623159,9062.55669172589
7000.55126078953,6517.11476255604
1607.14694312156,9038.87561893045
7595.46193970532,7399.84654099147
7552.89502434383,7559.43009392943
1500.76188558918,3629.58492607226
735.573262324182,8978.39811095105
6120.61865843257,7382.0023518922
2745.30151198999,8740.57782346828
7255.85095143298,7617.94422971999
1189.84491037702,9266.93298062582
7411.7700240509,7403.86780859143
8666.04016222531,7243.74910986754
1285.15135302114,8921.078024322
1358.86355094466,3584.67961012025
6849.65477696276,7577.12998040158
2132.27618939232,8097.06722306215
2045.96959198313,8923.08601334776
6453.33780289158,4132.53353841244
8105.3654375541,7751.84512991648
7612.21818746151,8227.7029155748
1159.57057986802,3528.25133892262
627.776356177599,8530.2624806223
1779.63235904032,2805.08891384852
1099.28576552083,3691.33073664499
1370.69664566604,9055.9381170112
936.551216522177,9075.14876021237
1402.71519758694,3727.43444935612
729.579361968683,9020.72988650343
1017.24688542707,3405.57049779033
6445.18452829842,7475.80066206402
8711.57033300191,4848.84912359897
7466.26793652451,8378.74643162574
887.841838234493,2948.83439506854
6964.26966504116,7589.82414251988
2006.03628848732,8830.12212958761
2090.48155990567,9011.90429491502
7820.79578738849,7391.06169155172
6761.46466191152,7309.05991637302
924.119009284396,8774.12921219107
1341.48323220693,9033.04272120282
1527.70606044442,3921.7301039907
1340.501197602,8969.57254564705
1203.08178386767,3577.73214389244
750.74680905166,3192.06955764379
675.521775185019,8291.51861004659
7193.09398278868,7293.77892325096
7747.26984367737,8144.12217783638
1217.65703385488,9096.12837239925
1429.51931383956,3982.40486956172
1223.28860633983,8859.38744833112
1451.29166712828,3588.37165962747
6845.00672647517,7414.79619426472
2304.36454372195,8927.46919236519
1111.91502220397,3592.845492377
2129.46578961733,8586.85199341696
1738.26234267987,9211.58847484436
1439.36272549611,9210.98431429596
1335.1274967661,3382.62343687277
7802.66213320146,7731.8164244496
1790.09310401056,3848.69564060143
6726.32425171936,7232.03345268601
7725.21109022851,7703.28666072894
1103.61976619103,8815.98530369467
1319.98886181158,8975.84648781809
4691.78843638262,7668.2451293457
1973.61142086341,3963.53718314889
1523.44121005557,3651.4350658528
7493.44397908707,8247.00250285021
6982.77755962559,7322.43578375544
6919.32281298151,6864.95367334741
7839.45920721621,7669.5475319101
982.371154908166,3415.4431409785
1748.1769128908,3634.86350461883
2239.52072751246,7969.14889127938
1163.0933220788,3502.80593003213
7154.60831139456,8075.43238111605
1533.91794326346,3441.25743411124
6838.43843937405,6762.0501209911
609.400406153994,3111.96725606633
1954.21984915002,9115.25842372374
1164.2010380593,9059.16664240998
2129.15512168619,9030.73812597064
1154.05955061811,3849.56149172047
1451.37369798722,3670.67030480668
8062.0857787479,7427.65546652394
1496.95816598266,9046.93967102201
7792.85314891227,7930.84942553558
7779.59652290854,4683.40686750031
7257.11505412095,7792.06219510359
1415.00719678206,3895.71420697324
2479.47510311366,3576.03130047666
1211.25848560036,3525.55258024139
1406.75033405795,3522.32155263069
4612.11222778469,3902.92942588721
1745.32669238292,5761.56416281024
6943.15081384658,7355.92213942308
999.592361238074,3348.96945899811
9207.73573137207,8056.20911594143
1978.3539195048,8740.08365524926
4830.56569844201,3837.73537773736
1483.25727855773,8183.45635043331
1604.99012742994,8845.70905454259
1528.40600561738,9138.0543239256
6247.51332629961,7176.72121576581
824.595646012374,3388.52465751251
6525.77317850708,5104.58465481595
7135.79781592842,7305.33206268769
7178.72924506034,7477.38311781984
1619.4397403103,9224.67019769198
3795.23293695177,3718.37141452584
1978.40391449839,8344.15327900413
6578.80126596723,7392.20179364337
1348.23204338305,3529.76148436572
1632.82552799853,8892.58414592429
8034.41531225892,6850.37977659409
1711.67782369054,4094.64728281564
1652.37367588451,8864.78831572274
7427.54226283816,6422.72449004485
7599.64990067062,8030.85207865195
7330.0969727716,7644.78336727888
1319.51107526201,3667.8310325758
6564.01120429565,6143.69467030054
1785.55634419096,8988.20798008731
1427.9879503931,3622.79470385032
2274.14387095004,7731.91485324225
7515.10899241992,7548.040522091
8141.26547210209,8569.89635005928
872.553492897538,3442.93604995328
1149.78949950532,8826.75240163325
1545.7895660452,3480.18725422066
1433.87455580583,9043.64759694663
8947.0621421446,7497.18968362694
8198.73282967946,5011.49223602297
1058.30462069195,9186.01362662742
883.169785183284,9007.89398833994
8189.94826388143,8228.00851137484
2028.14124890886,8984.07053354241
1419.49606671761,8902.87962237751
1419.99673343119,9135.57101142028
7827.02555709674,6974.34889393009
1636.33213609964,3699.84738353175
2260.33963322568,8931.6105838319
1778.38556633261,9418.45082072806
8165.51947767738,7640.3425702577
1694.45239144277,9140.13815123191
1016.38421504882,3613.10839740092
1896.3412780764,8809.9799675804
7417.67208072158,8503.32250505828
1135.19348160031,3520.13782091502
1719.26021631934,4495.15525838985
1372.6571675281,3939.6350567549
1497.52258211357,3562.41655384842
1907.38290111128,9022.22398042335
9145.41787121508,7771.95215819488
3330.92376840624,9139.04053994044
7365.88204598353,7283.08695505135
1373.8730332917,8964.51249820429
7342.58931954802,6933.31422968832
7030.38783088923,6204.55482518254
970.439042291087,8668.85810981898
3435.27263413913,9119.19500774122
1034.66886587642,3318.62100675157
928.239744939736,2958.77347705657
6439.21767348081,7851.26046321903
1740.05425429475,8787.82769975057
1323.10195313356,8649.3968800744
1328.0744895117,3647.32239313581
2342.45818615522,3802.70820466426
744.123446972142,3156.57475482759
1696.17513971014,9109.61238169511
8230.38525416238,6808.48416563784
7810.47626252971,7318.98571780075
1429.10629203429,3754.95945840043
7957.33043961724,7039.38329351293
7761.88343340202,7771.8259940103
1750.51901884537,3926.23904742749
2978.02545020163,8793.86516447648
964.09429696166,3555.36084767528
1334.5255051908,3502.28030010583
7635.96938345046,6267.88478075079
7951.44360698344,6995.0083927657
7692.2412486969,7326.13716631875
1672.2048080138,9261.5542452492
7083.04620067758,7535.70781968791
8382.6306644628,5616.08193364902
6713.91198444362,7285.13242861398
7762.88880685292,7386.00902592685
1581.22940375461,8951.90724258341
1501.53707181127,9255.17674996508
1531.70705116434,8637.82858812909
1695.30082197507,3481.80521331991
8451.72011738738,6177.61785642492
7446.50403126178,7221.75468586404
7260.37110293342,7041.77018594858
8680.02907621761,7342.98428536479
1028.77595824845,3429.13352301569
2107.54925638269,9105.10998535694
7739.07806024035,8044.09466638326
865.954945524022,3458.42298164753
7555.57686238203,7108.09739631514
1554.976178662,8803.51318798328
7385.12328646532,7813.19589516755
1455.08571002085,4498.39015922863
647.677683265714,3196.67415733175
911.8441488024,8857.24304117478
1437.12272144286,8578.00940985958
1489.58414967283,3903.41917080809
1629.26864353447,9299.7558299217
1440.7184766937,3481.06251365739
1163.9236151133,3252.76713908287
7137.86573325568,6036.08148293153
1062.17482932002,3424.1157156237
7631.93732802222,7680.2480936331
1592.87597482258,8925.36759664248
962.988999543886,3713.11777398176
1340.8026336665,9012.72696372966
7790.27662508358,8555.02826365682
856.308846388702,3408.22100089953
1761.67423841387,8108.6527142502
7242.63024212112,7491.39043023255
7450.77712422866,6665.75300342735
1450.97210032121,3764.5716136112
6928.26813476758,7452.58150362446
1274.31074115565,9137.62312680774
1003.46705593415,3563.13128196433
2397.95745534117,8797.33002074649
1602.08500713435,3769.53510742699
7712.92017936425,8062.22255699106
1706.64972260782,8931.72837891771
6429.68705800323,7854.57048533583
1876.04733489253,9060.92838982527
2142.79816949662,8518.07899497548
2083.05449528201,8719.46044071405
1229.86118269464,8957.33273822122
7994.54665277617,7090.01873145211
5712.80493930401,7886.56513880878
1153.14340747844,3532.79839682578
1573.87165349958,3752.49806722987
7318.6276171759,7370.16688235312
1636.23927374933,7732.50985754627
8704.61175296336,7290.60973220243
2006.01339146084,8384.92863400254
7112.50908839053,7730.22867468889
7866.80599557205,7877.90076870294
7333.7399350524,6727.17256119413
2604.29530800621,8270.090447945
2092.69329833874,4520.35526659028
1359.68710816833,3403.61774064518
7293.7328651982,7420.28781760927
7245.63182388466,7216.41595201276
1587.23125013674,9077.0594585941
8091.44194342028,8044.77219057822
1697.78665474556,3575.47753609234
1287.64422219083,9195.12825475695
938.76153163221,3407.58699041591
1215.16377098674,8891.13909468027
739.579558358022,3299.75638527326
4403.27997769136,8337.672628825
7094.03359309875,7677.20147780937
1535.0865573512,4041.04072928306
1867.05796035731,9245.39756126312
894.933757336784,3270.03397248196
1761.84882412776,9553.91939203964
7410.50149359853,7833.18983344663
7243.48823968392,7128.721961622
7338.42654938175,8025.95731109835
1137.33227535521,8527.74526776035
1502.23864225396,4361.3649867668
4265.90416968713,9305.11433258296
8079.76751261183,7097.21571414349
968.790012867433,3183.87898436285
1606.04492324108,3559.19105757205
1497.8660298125,8742.62028010165
1105.50189053947,9036.06121667842
1435.96926516966,9261.31190157974
1175.87393839328,8899.25466924485
7142.05303286686,8327.08249576829
2061.11205509786,8441.8089253158
7399.58587290124,7137.253004929
7664.95850065102,8357.36075512614
1505.49043580091,3480.73630559973
848.630842486388,3257.17473792302
8207.20321800707,7249.03466554174
1754.1056347252,9081.20351530313
2100.8366727683,8455.27123948981
7000.73848202413,8126.486003557
1656.40309219081,9151.907546533
922.231219266595,3246.92691847475
1294.53769431587,3304.59630145101
1934.51126536049,3686.60245645363
7116.76855544457,7853.86991761254
6587.56734960866,7527.7395337051
6643.50381301385,8133.04195190527
7779.13607490411,7359.81543971772
2215.94989570495,3701.4836263365
890.731377128521,8658.30774189163
1288.75266844264,8967.55807737145
1236.65950791159,3473.94613891893
2909.9871218858,8886.15470903149
7832.91546091648,7758.07114108894
8340.83350108467,8090.97025833192
426.374123469199,8595.76498482393
1645.53328067397,8559.62370407282
7647.08840211033,7820.84365389104
1481.19453994325,8908.46534891429
2093.2876154037,8277.70811459457
7250.50070080213,7198.21799955112
1456.71148666211,3323.87611039662
994.890637809326,3561.49455663351
7671.7196046328,9306.37835308844
2268.43667570147,8703.94187009632
8014.45251391243,7196.76604401369
1300.87151328696,3795.94119707691
6919.69964786818,7054.69296481926
1003.7039945977,3555.52398906924
1416.98330473735,9220.32158229392
1022.0553331956,3678.93224628993
7124.57550538061,6946.19554738574
1697.16191316179,9356.39985462386
1042.85660299796,3122.53710060067
7380.32627550526,7879.57287323053
6253.55848383934,7293.43433123178
8017.2332693545,7129.54996356541
1039.82540952044,8854.5539997096
1348.1442835178,3679.31787517189
917.140124854797,3490.04940474394
7561.87755461379,8270.2162721345
1592.46053431456,9041.24538806655
1324.82088884917,8222.92323017125
1397.57023324858,3445.92960651117
1621.96490039473,8997.06410914439
1427.2489117746,3628.5635119138
8238.28243273504,7586.59559832297
1740.49659400305,3523.70791287719
6894.65486206845,6841.41538353215
4461.87070228379,9071.18678556292
8068.31694959342,8472.78590418891
8176.0041888537,7586.31028125587
2413.36024127181,8842.89913296318
8227.28472084913,6882.66114974642
1235.77576999429,3525.85910008848
8363.81114537308,7996.25921819273
1685.9245998892,9060.27200912083
4600.82121473262,5992.67684001615
7784.48528552435,7535.1835958146
2356.75419496117,3902.72739186964
7451.42610607511,8218.97372017505
1206.59192682732,3238.88783955326
1747.61491997433,9154.97842727379
6914.0808682311,7206.3901351408
1215.6913994059,3540.66701616577
1025.74667866559,3286.19483230089
7680.36144596934,7977.57978389418
1877.42042803983,4773.85131283774
7994.01174418487,7650.61788706702
7778.81528612472,8141.52996680861
1265.32333576941,9276.95738473334
7384.88294964907,8171.38882297189
8457.06694840747,8345.41149607225
1361.92067625732,9005.01615033934
1301.85568673517,3764.75029820186
1311.46816455012,3135.19313458019
2531.82096977602,7664.75027092367
1016.68727650506,3457.19744584967
1325.11243300441,9181.33507225532
8178.43720116311,7532.42968113368
8412.87101513232,6663.10099944875
7491.34853825647,7765.02702901663
1786.94494409558,8918.48567834005
7714.51131117352,6937.10778865456
1803.52928645211,9086.23541553365
1085.84542563953,3581.40930038513
7498.06918981368,6948.00493638263
1636.16406881701,8978.72324368399
6826.55616595272,6981.87546451947
1165.06915415795,3287.90343006195
7941.47502134814,7934.19648958347
1186.03097070553,9129.53452371078
7593.54136983736,8023.71918463105
839.408090474129,3245.19448315111
1674.46325437488,8753.90531535231
1229.62620382,3518.84279288831
7915.19795221542,7504.00807522176
1155.63142491909,3603.16947986051
8284.2513393845,6729.53814194016
1096.64856245241,3529.2821025379
1096.07318141484,3857.93517316992
1388.3429638339,9102.93190898034
4178.09262747431,6525.68871376698
1537.29455727153,9228.44365177599
1497.2885077945,4175.90485948078
1116.16845483255,3240.96770481454
1559.61932186902,3935.76361671614
6741.81175139811,7195.46930856493
6572.43491133693,5259.55370807017
1430.80790185414,3654.6549403151
8416.64123253148,6591.09127758292
1996.99547406905,9048.72278020185
1673.11639209435,8541.08025270477
1038.82380092288,3631.89729625994
1404.554719897,3324.28564470978
3331.45486322707,4707.72445745351
7924.64638529673,7523.10487537612
1394.93998070352,3613.00054169777
1590.0058418479,8140.06737854201
7117.9905814365,7100.19681325036
1026.4729269441,8981.7883797042
1423.39636592803,9135.2526499818
1373.48569355325,3161.42988023842
1197.45682257511,3676.62189175588
7852.10267845841,6637.37354869036
1671.70940138822,3211.69759069734
1833.36627265878,8089.21221569921
823.495228189735,3436.8687502899
1199.39172992904,3863.77619778332
1184.61045048922,3262.00360974576
6979.00120113611,7483.39315681616
1863.0133340028,8259.47083946957
7337.35680297095,8357.19227564763
1600.70298044284,3790.10807481186
7825.55738427482,7984.83822235553
1618.7787030563,7939.22480605232
7127.83859081964,7368.01186236775
7477.48989240272,8271.15157735799
7635.80456207057,7525.23865330471
1802.39079611013,9232.71587640542
1515.08761626233,7985.98713460782
7279.58061613461,7687.75838344885
3696.87352953122,6782.01518000905
7466.95418922119,9443.02737278813
8379.87413434909,7859.3309679522
1419.3919153432,9034.20473696056
8427.23164745201,5922.33285025094
1245.19036015482,8415.46070172465
7265.23699889909,6946.33835466259
6354.42111270421,6661.17003206815
1389.84101439563,3733.67113629111
1647.86542027594,8639.46563005188
4881.21505656623,9046.77418947156
1380.99017007917,3680.22221769411
1611.88759772341,8243.05795223842
1935.33046717213,7733.27404371318
7028.40325886711,7837.13715855728
7496.28645275295,7982.84162600168
1459.79968043878,3727.8258648068
7796.49295346209,8625.76900549339
920.898592535988,3469.04444666936
8832.52201070077,7384.52544978835
7038.14982062917,7710.08550485394
1962.99541046621,9280.80015805735
2084.13420952745,8954.85329984944
3350.5986401118,3988.8657710806
7684.34217079125,8141.60807043992
1463.7162659337,8867.69942629988
1445.58514621976,9120.42547621371
1196.74978194705,8770.97046829048
1019.40893517589,9119.76171160749
7132.14381711822,7378.11193142945
7310.53404125018,7878.39234956797
7338.78899731939,7897.91835269544
1712.64549946177,3595.17706601682
1351.72712765836,9371.62395431755
1938.4354456269,8301.35824463682
1075.63275450801,3551.99431953025
1351.0954975591,9402.62513623665
7991.83380333757,7694.25751664975
798.149767944502,2926.86014884705
7443.32297004349,7745.18320115922
1762.50530642748,3813.80593719079
1093.50456337184,3251.80620657059
4774.91812508418,6924.55896384388
1360.33438115502,8901.8994709598
1719.60115631879,4437.31826518792
1384.96662504179,3391.97589404837
7270.6485547644,7383.26936641179
8433.61847286317,7651.62335127157
7741.37316794438,8400.13544077391
7521.43506972036,7328.43933678567
7507.8869929722,7660.47655981267
1939.97409051165,7862.32820777522
7865.90936238935,4577.27343498289
7599.85055069277,7254.5814548866
1837.23583543817,3652.59468478409
1010.24206999621,9205.20021981205
7840.26166491111,5331.8890236815
7256.96721921575,7658.21505352076
1292.1064363029,9414.5270684885
1406.5152275381,3231.82604913541
1115.76551746866,9056.61486925987
1391.09523875908,8454.23615260508
8724.83542765496,6863.68743208472
6261.25689596998,7494.9013678398
8135.25460611888,7539.85052733685
7727.26435029641,7864.14931891713
1573.18369163224,9199.26904121602
7662.43209158943,7696.56251846542
3066.1926076678,9083.02792143348
1049.81793084047,9107.94322161117
2728.67475994613,3510.13692273014
7989.77136405388,7247.28100712002
1227.51939522595,9063.52531573475
2859.91684233147,8884.3707841031
1029.40686432846,3142.09915720844
6480.18522704051,7152.81274911717
1892.68184851386,8768.87019813608
2196.5860025799,8270.75312605273
7458.14766013331,7773.11176822311
1365.54039684883,9145.71370285249
2035.46721374765,3840.6492626165
8177.70285594818,6982.2531074151
1773.35600402572,8224.86515666918
3000.70813110492,8316.51713411373
4979.54181440607,6980.1468295685
7825.23654223181,7820.27322052492
1461.6583600426,4640.74057007279
808.269282341523,3334.40841349084
1850.00988215535,9236.93240663362
1041.4410730481,3628.48621407718
7633.89738176864,7168.5983133715
2380.04266712164,8062.6066253054
1667.69363746918,9010.47378389327
1101.55756363527,9271.50878782781
1800.67152287153,8554.98843361966
6998.04346837776,7401.31966630915
4299.70517959712,4511.41641387314
8081.07304082225,7825.38381746419
1831.31587747002,8823.62481473815
1768.95460656683,8997.06004111579
7730.5211099476,7284.33886388088
1459.8525740726,8767.66797483595
5289.42244503847,8798.7551288001
1417.18928966293,3759.3665392724
1393.55648717893,3491.01394336577
7351.70258173922,8047.78715503629
7537.62202302721,7233.09997804554
1856.6996596854,4529.97802937166
1123.15645643458,8906.65479406772
1513.39728879117,3587.24337701267
1856.15459388913,3515.95876852173
1226.79617623879,7918.01366477372
1254.71875853736,3604.9188207943
836.77975661779,3355.71522151125
7347.61257786543,8450.53950420679
1241.924433735,8786.15989031829
5000.73211461673,4141.49944013112
1638.55454599343,4120.18457140501
7917.72731480622,7372.18580846804
1759.29532280785,9150.28659746888
1591.21368488086,9035.04297705262
7054.12367108528,7443.36012521514
6791.23610285346,6323.93940827153
1850.84194363105,9109.06960177621
7985.77534770057,7785.6504472051
7657.63533248716,6451.77922639971
1920.87003951762,3652.7098108865
7470.57536706113,7140.97307122037
1142.92596253343,8220.20674119133
953.813133719943,9226.30704456718
7455.41792750241,7540.81522864368
7401.96078003555,7516.39145196111
1222.07707458324,3548.49750466118
1518.98646134401,8917.54283221386
1410.36483078573,3938.79645152092
978.501807449103,8682.07251164341
1840.51848582584,8733.3344599199
2111.87048796843,8377.37579291977
8354.51190987068,7219.26274006583
1354.50400676661,9031.61289667721
7108.21640161637,7736.32091412118
2356.63004377374,8972.80610599913
6391.35606534585,7012.46565818293
1126.25135940471,3430.77164963145
1323.81565095543,4648.01378152261
1520.75727379229,9269.17940568742
1780.7799305369,4001.64324056051
915.391304646084,3343.09575935096
1618.36908170529,8022.35206518035
1401.33719447516,8896.38120928095
8149.25048472632,6840.67298662422
7872.16648777278,8095.24769793793
7520.09842375858,8241.93859715964
1725.69829782826,8995.49089148037
7260.02290904023,7523.39123393029
1505.97002913569,9208.23960028899
1235.57224897928,3317.53012429305
1572.20523468162,4115.61320809059
8472.45238820751,4343.49732536138
9637.27919301938,5728.54789406448
2425.01257677097,3552.08093648647
1257.84209825934,9023.28504530392
4857.7140638241,8916.56272875958
805.806578494866,3301.61376260997
7841.65912504337,7837.6922047231
3123.60764849843,8750.23894884828
1663.62814606235,8992.71188933239
6560.81099949266,7342.91502529035
7501.61720250402,7674.00129202724
7821.48526031943,7695.72681109394
7528.48691644265,7964.45171401111
1641.99263564707,3749.44760201978
1415.6700335139,4031.83956060366
7727.66804377231,7535.03166787874
1046.640551013,3426.69939351807
1780.7387984372,8755.04595210988
1771.48116499875,9109.3068126844
1302.70396012392,8746.23029936486
7474.1518605905,5109.59207902995
7332.5400605199,8145.65484965278
8142.50504939372,7679.71381085991
7709.35352990587,8328.06163638353
8143.77913671867,7644.52772064964
1125.93121968936,9005.34302090167
4256.96297892258,8436.32435246972
1573.36698490231,3691.85222722098
1992.35254763598,8567.94373022953
1710.85325863541,3413.55098577324
7371.40305442171,8324.25967332835
5491.73395566859,7373.77315844998
2499.34059696911,3656.35330120912
7473.49851881939,7548.52756464182
1442.78043448111,8991.41504408188
7105.53038071008,3911.50570879414
1487.04538549378,9131.65989366759
1194.22495268417,3366.36272168022
7006.54941751674,7765.11189291975
1808.20628122217,3061.82536676633
1127.84038480073,3389.52966623622
1699.99133047792,8509.75381408536
6767.99273193756,7244.4178350359
6787.05890008971,7252.80567969991
6814.69467249047,7898.52601281303
997.372103297934,3431.58909635582
1786.80883574206,3693.43873648309
1341.89964295564,8751.44236853268
7413.00008099417,8303.3742687207
7432.24534935518,6471.55753250543
1051.99464237453,3443.53101188546
1592.4558510366,3525.5604009388
1527.10966871456,3817.11578536869
778.809495752914,3325.30647002808
7484.70261672993,7555.55562339573
919.726579117568,2569.69925460193
2148.1402559462,9338.53267993068
7623.6619427357,7079.15834586947
1665.94462519986,9071.8822273811
7617.67462441195,7967.98900856668
7358.73231588608,8121.93972345952
1574.71269581617,8816.39395212191
7888.24464449625,7901.41608255899
1646.20387036179,3963.03090615945
1389.92669002676,3625.55830335135
7296.26436262527,7814.77087738729
985.982866193796,8693.9510578104
1265.88159404157,8929.14893516901
1704.55497008322,8345.68375382512
7644.33702696268,7984.11932849472
7337.42641731167,5337.3237270789
1289.8387176656,9012.95059668147
1375.24750698466,9038.54077925105
8340.12175664398,7950.26789486297
1955.95673828543,9103.95155022687
7827.00820448553,7524.52811413826
6453.45996198363,7172.09289521265
1615.60887201405,3862.87654723794
7464.99597865325,8739.96771372849
7974.56001249571,5904.03548720783
8044.45649470427,6750.96535945314
7449.53437558995,7085.26721220707
1538.44757396442,3755.97555404635
8748.30879133374,7297.55693400796
6865.7736610845,7250.96902979707
8165.93851451808,6619.73133176072
7781.07571698366,7712.11869285219
8000.20024189193,8902.34136196318
2659.25014894521,8418.15564125375
1639.10868813379,9285.43789761025
1437.08068001165,8082.0262812393
2110.61517128922,3538.06955795358
1156.75213929002,9323.33463963106
6340.49111747381,7913.99756772442
1188.24034220917,3561.92343538899
7534.55029221431,7766.51662610743
1108.28392559163,7432.01230204145
7643.51620698892,7824.74135995078
1443.6819037141,9156.52379447226
7418.17480039148,7826.44607035971
1326.07819512743,3549.82252025193
1510.56864819906,3850.72717039043
1398.72886515038,3540.37847463183
8046.33539821075,6239.76203127455
1058.78713426298,3514.47814737584
1084.84650118668,3308.51529616294
1149.32248516579,3246.53174914424
7484.19171771825,7488.69799702136
1316.03708536789,3870.15032963154
1673.86458850058,9103.60929401721
1790.81998212933,4167.18924695228
6966.6554559806,7838.63866811024
1548.87091574845,3780.13923206682
6985.0309758267,7561.02406453044
7804.69778856688,8014.54450415818
1300.57923070775,8707.23203633903
1327.84351060235,3634.78457103809
1608.65648406856,3749.15057999072
1311.67849626333,8935.34725566244
1440.3709464936,3424.73019738455
6921.17058614523,8574.74983156725
1781.17964644121,8797.16004471439
7775.181987283,7519.68937970329
3272.01618470707,7648.29968198487
864.894028096483,3449.80749084425
1702.42211802488,8741.22830174979
1019.21097426288,9059.05675312429
2837.06244108815,9073.77158354085
7458.31585411128,8739.17855401547
2921.63075466672,8313.55073047525
864.316141754436,3332.83972185549
1788.20104550587,9109.5973878483
1527.41438384,3198.6712678861
775.690391360211,3552.87152303794
1692.63250613425,8927.1460680333
6262.87054106388,6564.34285565859
7662.38630486239,8249.50235817801
884.823236528359,8904.48370654728
2700.32812015116,5660.33730861678
7145.47003782889,8306.08154155533
626.51078547765,3300.49119143676
582.909970242902,3114.68942422295
1027.5983134423,3374.02050813466
7609.51703039052,8300.73964060807
2956.28624792312,8261.96284052278
1527.43051005458,3547.65376002725
7080.91049546144,7440.35990234953
967.196861315169,3261.45974572107
1534.52174076417,3498.35549625123
7247.99552697495,7747.89299674893
3605.41594539623,9269.8304933762
2198.52963347949,9198.9959783331
8473.40839046566,7819.79810017824
1181.09757711384,3402.73076454623
7320.14725741108,6757.48551817504
1446.18352193132,9273.73164878256
996.351208178116,8839.96391049447
6969.59267882779,8165.37914109938
755.789628131684,3379.60768255771
1504.66293723754,3924.58679078594
8043.82241232137,8473.69450594733
7974.80837751423,7514.85647233642
8872.73188613529,7859.58412909504
7218.82632135291,8153.26566800668
1289.13142807969,8924.33538096389
1578.32540953075,8468.0667831472
2482.31293389534,3777.70778844718
1079.83819967022,3455.960092891
1917.02351853482,9098.63703358526
1648.06922592518,8603.04317263004
1454.33526461242,8600.01101799003
1686.13609380222,8970.90249323798
1695.50165832654,9023.54296534711
7978.98408171832,7236.15853560564
1203.0283202043,8973.86677071701
6730.25767878529,7032.14563077924
6411.83728875206,7350.52112393824
1545.35014220005,3906.01459625807
8379.46184758515,7297.08326929457
7880.75190624781,7457.44685071041
1426.41110893981,8709.33749010162
8392.69506256336,7138.41652393242
817.093690021654,3319.90225504547
7503.8340048839,7393.02575383257
2545.05609815243,8049.95519428375
2421.32095210298,8268.78247463149
8129.82956341785,4048.91488966705
1741.65901512146,8988.63102899961
6996.46149647717,6810.12269370437
1507.53103927831,3719.813695191
8225.81350632839,5356.05237293803
6964.79671852935,8286.91650682814
1855.53144340822,3756.30762374784
876.03614345411,9193.44438732323
7119.71522440832,7715.67002806943
2765.33523168617,9005.87183154308
1745.25270684042,9124.63635971894
1423.51298644958,4054.96652815562
1675.24135839656,3706.77452626835
7059.52899695925,7658.15030761741
7403.08059696389,7651.4344819984
1170.49439060385,9183.15719317091
1712.73998126028,3835.79607873903
7328.67224951283,7003.34913716622
1178.29230660753,3464.39779418672
7684.25072332758,7157.9482095668
1735.23678361157,9177.33853605665
1582.93315627243,8491.16669649516
7334.31078395695,7317.22443486003
7892.48823300569,6588.57071288399
7007.61609382068,8076.66498267824
6511.60129717203,7413.92019269867
1624.75881261178,9130.97308323152
975.475640909912,8627.60516749341
7246.56133836112,8185.37500292218
2109.34779651048,8982.23843690031
1616.23030677483,3725.81551500983
7518.0358084428,7615.84790720677
8347.58348573856,7226.43664057392
1750.77516041451,8152.33844588052
7710.76931705193,7259.52943588445
6835.03414692585,7664.66618913335
1120.34170914321,3681.29308242102
7585.32350687226,8018.58762293664
7639.32695778306,6957.19419623207
1270.17061067643,8986.36214557591
1362.41878113995,8833.00259892794
1774.33466762731,4008.38497616089
1276.21670528964,3817.76505751074
2256.51227431913,9130.96538181332
7887.0653793405,7225.42551820627
1362.65664138296,9177.28812744949
1434.81576926139,4089.53148826188
1413.57469825011,9163.17093164718
7618.24707146222,8314.15372986089
983.778265789832,3434.04181217194
1446.3623663695,8821.31495714401
7820.23384866894,7819.43991925606
2160.82967056389,4866.15189967325
1144.93251646443,3681.52090795069
1747.00733904718,9441.97641086104
2039.18249474949,8976.39318193798
1612.11487061218,8763.65300684378
1477.64115148232,9068.59550916989
7455.8507427643,8441.24868912761
2027.21582835158,8284.60299958584
1350.07711225007,8471.06430299902
1338.60002035177,9407.0998747159
8401.76036140053,6269.7679725467
7538.7720880021,7734.24769166827
7872.32438095624,7461.27176218626
1551.88223491744,9161.05566450543
6670.73265679984,7578.55683368714
1445.72581406382,8974.88340618779
2669.59449201955,8523.10161935285
1630.87482508426,9347.83159837322
1739.82854125804,8390.1358453813
1218.3762553429,3534.84107146626
1592.23932911096,9067.87701347613
8381.26576323081,8092.46472653035
8791.04886981012,8276.20701961529
1840.49666247162,9064.27344780742
7008.69706716622,7579.52801256016
7370.26019355985,7534.12958171279
856.497227616872,9016.69307616434
1536.17386179674,3603.9851992182
7394.88927387397,8730.24609870809
1662.79815316513,9119.34629477014
7893.81529149584,9173.55488354059
8004.4574294109,7515.51328601915
914.068282640188,9324.72591556443
7918.3624171167,6478.83539058197
2199.68494816115,9338.81053676899
8277.38440592418,7606.37791566737
1426.81090520853,9054.41619820255
8112.28458398217,7918.13717299273
1489.67658884699,3381.87747609271
1562.3952231193,3879.62081764834
821.513656312446,3347.80296038907
1368.30571568191,3927.87693251063
1153.68184206912,8213.97575109907
1056.41707163046,3268.66396905604
1082.71540660953,3675.63711524305
6352.68790351783,8325.88026345765
7541.02391672249,8269.71578745678
878.458404295425,3929.26033980502
7486.13405279509,7596.37853517565
2620.65414720068,8794.61527227389
7915.16874421886,7834.21240075127
8315.45202686099,5044.90681649616
3006.71201516436,9904.47263237219
1806.82991969784,8956.45906449571
4069.37343489826,4065.87883161337
7559.34995481291,7533.77292118946
1155.04881585217,3597.69023453202
7407.82747106982,7725.35653039969
8664.26702948612,7264.52079206624
2151.93513997147,8755.01709100971
1435.06675610454,3725.46357104725
4268.14661034154,9019.0436125794
7120.98421001514,7781.38747231938
2684.33261040422,9772.30853046387
1089.21256422738,8795.82854280825
6734.22525154913,7333.47731842211
4834.20717758073,9135.26905120149
7255.34092556943,7078.87710370965
7511.32870336332,7149.39849551929
1376.1135631136,8699.15833673789
1397.67807770028,8834.38495382654
2830.42080612523,8431.84701082765
8515.77425883811,7346.70550543409
7769.10778017783,7408.27957840206
1573.39107335716,9026.96910871116
7489.02740170215,7425.41769653529
1216.3739684869,9004.85487920157
550.350413473803,3200.65511160463
532.307913137116,3496.13208084928
7446.47939772941,7838.61327577515
1797.33773361247,8801.22966022913
7359.97058691065,7176.91732556879
1051.17556235796,3306.45257460678
831.502209664289,8253.43450885031
1018.37963944115,3638.15395827983
1649.21224840094,9166.9538632961
1568.70840957407,8977.38084645078
1057.56367547586,3523.32841034338
7971.77501866028,6350.23248136865
3350.78745431264,4223.0094578683
921.189004281975,8178.49445777435
2076.60949486847,9257.3138744357
8019.32292620669,7346.37337867829
2191.10816121844,7577.25546532922
7299.10872431286,7613.53753599792
7703.12108560959,6834.5837518563
7517.85763629915,8040.67678807258
1202.75287779824,9136.14261515149
1446.64672725405,3806.29175736928
1156.53380144658,9233.22745249713
1286.81424736908,9091.57699512535
838.716954812983,3441.25500619124
4935.67521446261,4586.81633689145
8250.23859463184,7530.84541464674
1500.54669590237,3708.27453110261
1449.39281257734,4020.09563562508
2345.81933868237,3296.3446511863
2320.20842712004,9041.51164613992
2775.41651502254,9024.41943676891
1040.85325997799,9196.56783434486
975.45434031785,3542.28381714616
1604.74287959468,3708.70169184501
6651.6194647688,7109.59776292179
6804.11394131409,6657.39705141089
1384.99865086909,3472.94103659801
1776.37045931002,8909.17144662377
2415.49622178623,8311.45537735269
1531.63065983992,3689.58366905821
7352.42977183089,7009.96429177841
2027.5230283463,3648.05951767902
1846.28262982661,3986.38118741647
6741.5667883844,8033.53720207938
1791.17619383019,3201.604079667
1413.33029788289,9257.70882284644
1360.40255255882,4829.38764665955
6442.71696921903,7235.06120371561
8100.88989987026,8087.92870020262
1544.57425585787,8419.71199334968
8456.19038480777,7680.49274758598
3049.59967981615,3709.13232398663
1344.98535715372,8866.75415478363
2386.30797365624,8972.73934721545
6837.98004045592,5233.00544310014
6872.11111477437,7549.21500824752
7880.99028811241,7928.30455077962
1904.90930874918,8024.36169521924
7466.83653640167,7444.04576823098
1807.10831980495,9330.11127817089
7569.07638391986,6829.89857850399
7213.64597260375,8116.93079494012
6888.36198508923,7857.29389849514
7183.5824151621,7028.67155693396
1407.41542391642,8941.2671090216
7103.57452048455,7356.2373519949
8054.08478317801,7731.99393429793
1639.94834883944,4145.45255564585
3028.1403492027,5636.71178542792
1871.48869372644,8868.38455425718
2362.81146124373,8252.22069669808
7110.84291053141,6952.38407198929
3081.3092002553,9198.37072880105
978.446811528645,3137.69267981329
7400.74930684523,7648.54614771575
2834.24550182634,8587.85684494853
7987.46650969326,7236.66913985899
1336.91991386232,8891.69555876186
7259.20257967556,8010.75384377084
1634.81163032811,9113.86098683556
1339.56211309011,3696.48825152351
940.329152048075,8913.31660504264
1602.64516145825,9123.23224376511
2182.41394460707,8004.89868823107
1430.74794264272,8345.53347791917
1370.28128470164,9058.17953661993
7586.29938330616,7196.25529252725
1688.39126411563,3636.11110045432
3223.27128384138,8763.66297938789
1704.84487042565,9030.01502025306
1394.2867349453,3533.51726667777
7664.27272250336,7807.1103473112
9186.0308409553,6692.01008970046
5965.8683898158,3212.40997542835
7611.16463160506,7778.92953926953
8892.33192661211,7815.01375483296
1402.70085999631,3555.89155922639
7077.36897581838,7540.8192029386
828.212464919208,6012.95535391685
3517.84429830365,7511.64946629315
1711.95882847589,3541.38501051595
1405.20997206262,8925.41897046981
1723.09752876736,9145.87515566745
1544.69810163013,3634.99460636625
1062.20722851791,9235.43429131222
6510.00799158091,7366.51982018659
7844.73187335888,8324.80301404024
979.964956059212,3138.6033147511
1499.62001751242,9000.36643840724
1469.73411493011,9079.99438728518
7491.39596486084,7169.1086681091
1974.62841924711,6240.10255622705
1007.20265980084,3410.2460539098
1258.03659527008,8982.60644000254
6487.31484672559,7188.57527740032
7294.15237832174,8280.64035698533
8213.14182074779,7310.80144829314
1101.41496753622,3737.08249978486
7064.58349694173,5140.43927160966
2044.31447924397,8985.75970567009
7342.70923888586,7426.94044747382
1659.9358488336,9105.95314882044
1435.48647878466,3635.62848886013
7351.06142348304,7319.87453536405
7325.40824584294,7800.83719811321
8158.05060588256,7835.26908167953
7783.99002191379,8605.08764239376
6541.91273665134,7436.87952896572
8755.28129604223,7306.37282332161
7236.84761206704,7418.53496619538
7506.84750775305,8053.03719296915
1034.20574181517,8853.98174268428
1613.42467444801,9001.23079838065
1853.9801517212,4168.05232345893
8523.25205357924,7957.27012096073
1713.83778196181,8927.53742991946
3975.21305156797,8546.74665896756
843.072869287668,3457.14421802282
1276.79456156673,3378.90901893636
7918.11773172358,7069.04471680183
7696.57919946856,6997.61867511513
7229.7522651728,8206.40037700325
1185.24930698852,3387.26288539739
7733.90606786421,7524.33820312568
7933.47645997745,5850.57568124194
544.932061701165,3118.42895046838
7336.19135525744,7997.48424072561
1545.05555746703,4251.15784235832
1481.82464513715,3616.59563928516
8251.23554688198,7204.01198881894
1236.46779015755,9545.39752185887
994.856308680585,3447.47006519034
8398.23136772322,6763.87087890846
1871.29214305318,9043.00087406552
547.961301577262,8657.63411721731
2030.13199873592,8917.67278233567
6383.1274355481,7544.86654456719
6797.61803417694,7127.50614970278
2046.65206672039,9176.20970710756
892.092254316305,3535.24840419905
7694.28304041526,7677.56837659308
1061.84270518887,3200.44898353902
8722.63697859066,6700.44304237436
1561.39881842662,9347.13930518473
1811.00488345369,8972.29663591819
7783.08884254995,7210.19320359714
1162.6436758562,8685.26708549072
1838.0648531554,8861.60448607459
8647.97691514203,7913.47806499509
3149.71172501325,9069.6272591135
1139.88491627801,3531.94239627066
8932.8727303911,7884.93921061044
1220.50343895565,7563.45258897894
7356.12866317588,7408.66385466703
2532.78382228514,8928.63178712497
1704.56286066841,8901.62524670452
2853.06479686077,8738.34801057349
8159.16210734376,7064.99181963288
2565.00545936697,8212.20198725001
1334.62933745064,9163.47066797205
7969.22514393196,7018.2106512941
7284.59047693239,7297.96228768707
1383.76100110914,3276.57578746316
1089.90556706104,3254.47763458084
7676.87326125781,8386.71588753255
7120.45497088941,8284.69392969123
7053.48005918851,8365.03417249463
7554.37224863941,7229.89041448152
8073.26976453322,8142.14048833497
6684.39591965956,5800.82138392664
7576.8309394982,8050.93291627295
7951.12905363043,7566.56321982638
7232.43399698945,7005.21042243625
1582.63197891661,9107.93815475413
1424.16950845868,3430.76149649073
7254.45944463988,7268.64423376179
7324.30033984353,7132.98659281188
1121.37131179876,9012.0579225214
8067.00256685169,6830.3057886656
1621.89415061057,7780.50450730065
1858.28100073769,8879.0012969509
1705.79750683321,3841.95020986237
1583.98350111033,3855.66136426883
1931.76542680495,8045.87252379906
922.265142019354,8631.846266288
1173.92160012328,3172.72552189683
716.898227881446,2918.65226698616
1501.68411734059,9034.69951938758
7527.38146790209,7749.18180570592
908.838040732715,8691.27050727654
1291.57765268919,8220.23113665087
1403.74439580503,3628.06597795101
7997.93171582315,7063.65639249963
7420.52602161987,5628.31715471329
1425.47887347683,6089.22834511373
2025.35417440399,6396.30132830825
7704.45667334217,6098.26110966769
7340.47450367576,7980.86517131135
830.853698266049,8618.25306671591
7652.36524907304,6228.57754355109
1208.30816029655,9135.53824419475
1671.15454792787,7995.72024631633
8196.52596054982,7763.72177048686
2146.27027468167,8258.49196402317
1570.09010206007,8794.80641743578
1506.81800420736,9118.65948425355
6875.47657707673,7660.31638910672
7313.88907708266,7652.09352562109
574.28809934214,8067.78903687365
9251.76206065452,7664.42116795069
7549.03831623984,7037.13265758001
830.380051560062,3339.76797187075
1183.5314506357,9349.45034249355
7779.15385961268,8288.92257188494
7308.80810954567,6830.24608599455
7161.80342905691,8067.22185420162
1144.93566723361,3259.33251951083
7087.52452886907,7800.04074343507
1415.41161027986,3812.9014335564
7008.24727412374,7612.00061138974
2065.2383363145,9152.48018210465
1565.41294011394,8574.7272222164
1337.43052746828,4124.23678083848
1086.35570219028,3468.60979867487
3937.48923844971,3830.58068658026
6552.15689299366,7817.02547367246
7093.15412269783,8144.25390571002
1610.55909771445,3510.76501054655
7918.94598224506,6499.30020291697
1284.06851922187,7975.39032608886
986.421402429567,8954.74836092971
4213.51285672739,8342.4744578388
673.138492396978,7672.71559193951
7868.8648879916,7675.92894552913
7070.76291635701,7197.99784183027
7438.68439121694,7748.86521681155
1698.63098685694,3897.30667852195
6819.37634403423,7185.92307709361
1520.95572291095,4520.46461932571
1606.6872454119,3731.92776982818
1329.89638124376,3711.94185821115
1697.26759584964,7821.69793363501
1436.2050376827,3638.75036823216
7085.35962637811,7507.03815433489
1548.29153197313,8917.99746791831
1640.93433015505,3357.1079577936
757.756393337046,3015.19648616355
1108.02589899647,3524.30216067258
7438.92022316796,7583.90430028478
7569.15316262592,5445.64327937388
1388.96533330689,8103.49240593332
2338.21063852881,8591.28506845488
1394.48499636962,8540.97206582719
1725.6666698013,8788.85698740482
916.959434900564,8947.36215749474
8070.73525680891,7436.03833095339
1484.68282294253,3914.41803251929
1348.16419648628,9171.61812939756
7041.92155956727,7449.10493493109
2112.65490381255,7709.18859443263
1849.32750191474,3931.72208977278
9193.85588909572,8053.43473269957
1290.03548265529,8907.7050505569
1507.83134145092,3696.90801770584
1565.69173381439,3706.16546525861
5760.41230125586,8207.4406956668
1589.2939762831,9130.79093442198
1893.05291829692,9160.37047303815
1699.71740126178,9144.59294089979
1471.52185795278,8867.99403052505
8975.12352248616,7703.15666101074
7226.38792037317,7848.20333659099
891.08174141847,8829.8192926001
8089.34329487874,7349.02305810413
7582.59796280006,7275.66603277217
7942.02191621304,7247.73640187513
2131.30238008049,8871.01675803038
6630.56584217503,7951.53584215713
7575.17821564979,7806.37697825334
1570.20584049152,9535.70084746773
1768.64052839089,9013.10507178462
1475.54441499717,9082.53602632569
797.063561021947,3203.87460620351
7676.04867047219,8385.4674396361
2028.31503493977,8934.6491991464
2146.58014364096,8434.98416194247
3347.91534207078,3536.82253817909
1827.89785242966,3525.44018113222
773.874176224544,3459.48811493858
1885.45774431962,8856.63817377237
1912.87038106018,3708.01751903742
1280.58076771461,9119.66430357887
1295.85691323016,8480.18783568097
1409.65705610756,8268.06747355044
7630.62379302644,7339.61689281139
6992.63629855194,8093.57413179754
6654.53885769438,7483.11932931791
7421.64838286369,7601.89440089915
6623.20550728889,7906.33160690452
5437.40076985239,8880.66979289965
1374.58448793728,8618.46638329577
1814.0181268673,9084.97315792402
7717.70620950777,6898.84320632286
7004.26506814429,7497.65894355274
7117.7630269118,7209.05564125472
1542.57881165325,3563.96197824064
1699.21549874299,8984.28625150869
1036.75891898677,9534.69431754564
6734.14953794467,7491.7448344607
8409.06279891225,5295.02142381287
6823.1205145649,7353.15024452051
1435.27861011922,8325.21143398502
8038.23970977811,7957.59019975748
1409.01223665097,3479.13541024047
7324.3280236681,7441.91643167869
1517.66546367605,8935.68947994386
1624.23882472638,7472.84597909339
8335.59386329957,7494.30183358993
7205.08054523585,8229.03211955053
1283.33550689098,3614.31359623683
6990.7223589707,7825.81313590711
1469.82065317909,2901.15403534072
1019.48625878774,8708.43448837419
8904.07568212827,7467.51893334655
1689.27565075074,8038.97424540976
1826.03114156509,8478.26185116428
1093.73895317947,3497.75747384911
7269.42799015716,7593.97455104931
1329.14195702871,8871.58399715794
7733.13589448748,7293.48270244318
6527.65718437398,7417.00535677128
1785.538412949,8895.19445122891
1117.37592805165,3712.94852735747
1300.90353659628,3714.39302866258
1260.93594354722,3315.63559730566
1055.52901312748,9007.45551316722
1506.19830989347,7751.04188107318
7581.85755604394,7721.14202960777
1128.43847637916,3862.19150096292
1092.16265789877,3546.501712449
1304.65235605392,3563.91759327298
1102.58376937569,3517.99814216843
1515.84197793631,8940.88164648103
1420.25002703368,3875.39920751616
4825.00688913034,8598.63889306008
1694.13829340167,8386.48200030889
1532.61699445894,4186.41555240189
6933.77864018369,8213.95574607159
6763.53343855606,7731.00260644916
2231.02282782391,8481.65239601888
5917.25003566768,3497.68597247859
854.44632706718,3203.11735269373
1747.46706592426,9313.02768224139
7538.99101904194,7096.98842249557
1626.69604242571,8546.46858206181
8731.06330817718,7446.34256072673
1344.68352741005,8957.44600841025
960.179739096446,3363.21929743459
7252.76293220338,8811.00613110243
1496.85939383855,7581.05975106843
7638.89009719186,8019.95197224645
1158.56708223683,3768.77651461764
7367.79481075853,6944.30711360846
1896.52836335938,7502.26658138582
7171.4579467998,6364.52347538147
7358.31069017794,8220.64487777202
2170.22878133667,3814.64861092831
7534.58203946634,8113.6694238634
1153.70835525577,9045.53944532199
1551.67158318596,3549.96830462631
1929.87310264806,4158.08495787297
8993.85018883511,6407.06429795201
1031.62611424625,3269.71774852083
1308.11382441186,8935.82755174612
1468.10720509853,8508.44337078282
7086.30209722544,7308.9799232945
7385.82635084563,7808.53378846891
7716.27003754391,7485.42292427955
9355.76056029766,7983.15476753025
1622.24530363927,9122.12086784637
1060.57181601133,9142.23699968332
6480.27666267684,7226.27767655751
9116.12490283223,6766.46312642073
2496.68890274207,8722.06571003742
1147.75145479119,8822.89074585566
1600.49713678625,8596.02081510952
7657.74653733751,7193.22941118897
8128.4389534731,6706.58665365807
1516.29869510034,8967.72450361105
1302.68151087218,3442.47893361079
6497.84018586617,7196.64309536528
7504.21716713537,8060.5666337663
1365.2390128448,9219.55412816173
1229.87079422747,8939.44754557794
7044.13213715214,8129.48537018135
7849.4080617737,7455.27555550266
6873.11275467007,7861.90440194348
1936.01294128424,3707.0351973868
6859.87070299014,8494.84989215714
7346.550980598,7936.62678173686
5902.76605096269,8943.25395332109
5617.31466294033,8549.6431847549
1413.31526556715,3626.06628267763
5132.94362872787,8061.60635087956
6049.82389317328,8557.13093546258
1626.06284089966,3717.83690575476
1277.56115245956,3287.86518142583
7660.95889249519,8236.22852823563
1561.53081409105,3496.02211043593
1692.59820479104,3517.60082445968
957.965497532361,9005.91981653253
1151.25938325635,3362.86382117529
8482.78084236323,8088.7650296627
7655.79638011416,8193.84482552658
1572.01986875348,3429.30023862101
7292.30168975289,7845.23760004059
1443.1539622686,3276.59827151698
5140.56539842291,6773.16728647773
6773.7101749293,7500.71723467117
8707.67031249622,6953.7013656057
1455.82856478208,3541.99734207732
5453.69201239036,7263.45415630159
1722.64812091172,9047.0946538709
937.138787727149,8862.75965410873
2227.86200006507,8999.60914803577
1515.31593152943,3398.65135196162
8587.2573752526,7858.99897928573
1495.68933882678,8741.81311938269
5354.73331908711,8727.40019825968
1031.28721592596,3567.66095568942
7813.5479492093,8188.17586738982
2463.27761981435,5169.20633301857
7014.47995238062,6760.02095943582
1839.41327400719,9407.67350162211
5717.20726348983,8738.0441790378
8515.71855955995,7381.18206738343
1100.48518395691,8956.39116303846
1185.31951210796,8876.26487696836
8222.30809659609,7327.20908864666
8625.62193298616,6820.76951551224
1259.86850448756,3704.13124291234
767.420818205821,3151.97394624557
6974.07965715116,8368.37599979527
9229.31645161798,8059.99554953913
7456.31077765502,7791.48885796619
7604.20188060919,6962.0087301486
1692.94918888483,8427.64504526064
7292.45873823614,8023.21873453873
2152.30779275108,9401.55810694521
1987.63531783438,4087.18357590518
1256.98977519151,7752.4313407647
1317.10336157503,3449.11446236218
1285.97160027963,9031.22048121165
6832.8645454221,8353.26655775096
1576.31944827829,3968.16658637288
1381.22083841402,8960.35917213107
7846.56586651747,7417.10052521402
1875.31147720911,9140.60218086925
6042.39182757763,4174.90716185888
1699.01414300894,3617.54180464416
7305.80923307788,6325.12137846244
1491.84441751241,7621.82948389443
1821.00553661595,3746.11552791116
8683.30880951245,8323.6544909814
1569.25146635967,9259.36348330926
7520.45095038266,7245.16620698994
8037.67733633471,5989.95389679161
7235.63132233381,7682.53795067633
8487.91464213965,7256.89492882359
7350.55566868512,7822.69254457695
7658.62906170475,8250.28575523004
5273.54331849266,7288.71582641059
8075.02349800507,8061.08937030062
1301.54925051456,3618.62436334282
1503.32433719741,3527.15062290238
6948.08881933543,7245.28678782702
2578.50526586999,3788.45698550289
5762.37495082181,7652.93340614631
1896.52537440435,9026.15342599649
1687.9877295645,9275.16256761854
1709.03523632025,9325.77455226152
1910.49568906811,8685.96524430558
7052.00248379241,8996.25700432925
2089.00668902872,9341.92096622251
1906.41664849556,9112.37054877336
1036.54282376643,9254.85273062766
8545.69234166986,6788.40503350964
8060.02904975395,8498.20485854006
1170.06888451079,3170.41094211113
1409.42337793279,3944.31892989057
1251.09384279963,8635.00986540677
908.443749721919,3264.01543229044
7021.61980685767,8290.73512289068
7220.38089013203,7491.62361908169
2498.20446887676,8027.90478358157
8588.78599608031,5607.82579564347
1557.41664051988,3477.08034795656
1141.25334443694,3671.46584400317
2525.0868574827,9029.40354105568
1362.09945040986,3410.39316019746
842.207031291007,3099.62421618772
1380.24520197001,3837.70383703307
8429.73809039784,4655.97049993563
2243.50543838189,4205.34285590496
8787.43991699925,7215.3459916597
1174.46495857971,7017.40239594854
8579.77328107321,5666.50110156189
7812.41653763791,7192.90825460142
1829.87842886094,8983.26538368146
1283.93083681059,8854.36028448098
905.567980585687,8836.69972207987
1620.57567318901,8917.42364210488
1905.38777174244,9109.316119137
1992.59255681078,3237.83575451446
7462.80859880442,8127.02387237955
2192.67844945853,9049.86990174782
1806.43189955798,8400.0445801762
1496.68396350831,8898.47490915315
1747.1025212166,3659.63853390966
1374.67751123223,9081.22066774803
1478.33683459292,3472.36309676971
7420.92668924188,7326.57153360325
7190.90781966696,6105.40107623808
1705.49329298739,7992.11322098743
1180.14231182436,9104.5224638224
4150.82693214431,8428.19066258371
7862.61590256356,7706.2210070048
7719.70663765674,7864.52262981912
1209.01804689395,3462.19841157772
7704.58925313764,5207.14519212315
918.05934123595,8719.21403500627
1343.27193088363,8336.08676423694
7096.49720341545,7609.98614388429
1281.55328996256,3558.34477377281
1420.76037906137,3614.05676758453
2047.95863660256,9051.33603782288
7599.29796554233,7119.89234660169
1515.3564911865,3764.43435034105
1533.47271995754,9219.97697126155
6730.20403809372,7764.65643246653
8014.92963019587,7842.04763941178
855.26997194713,3518.58714753567
7548.7040482943,7619.72583634351
1338.27627584047,9017.20185409202
1231.67130730174,3545.02057256919
1656.96799950404,3772.76533804498
1460.65338953049,3811.15025830264
8284.2140736165,8291.39544458396
1643.54685550512,3559.33176147171
7759.9707944504,9437.37992720858
6430.23992151204,7345.52801051618
1178.86502461832,3582.38267498717
7746.9316535588,7565.38360419747
1298.31328150789,9081.71690378804
1170.71980418197,9032.78408246505
2033.02081833711,9358.06640065081
8195.98286444109,7391.09287569687
1570.48211154902,9110.25587236063
8463.28363608114,7303.77538994363
1491.49173383972,3248.73727911172
1303.04504958532,3807.98023076421
1270.85105868059,3130.33824362441
881.840122431878,8950.39814567969
1363.28331417238,3523.2654267551
3560.96650088436,4090.31441542708
8804.12145895079,7139.95637769717
8022.79333062056,5425.26332222661
1400.53653954741,9288.7936982219
7138.97560059032,7294.47507776565
1381.11500085474,8938.08628277347
1534.18487431296,9180.14332730407
8375.93264180007,7197.44334321999
1866.86937679043,3722.29498791823
1969.10394899648,3556.40621469612
7298.72846093497,7360.65595653166
1554.4606444997,8935.60964301324
6672.10797846799,7146.96176519506
948.438586909882,3481.20166819968
8762.89960909562,6792.60902840774
3117.70412555848,8434.50435221368
1616.12188873456,3971.58034297833
2776.77233354418,4096.41930412609
1431.01028840663,8904.03589674378
1684.16710940335,9333.90257872574
1455.62935627729,8926.64319384253
1642.2274627936,9019.21967688877
1409.39314127477,9146.25087102451
7836.33120704888,8327.50927280901
7929.26040749148,7209.52227306455
1403.17739990091,8933.94688879558
7860.9532229958,7188.59019547272
1510.87107825819,9296.53061492365
7772.92590924901,7862.77633185772
2318.4615897271,8336.36398350534
7910.75180355769,7617.29443080725
7079.61416912455,7259.03846324344
935.057549795529,8571.74717124727
1455.89726732819,3758.04685597284
7041.3812289053,7906.03709577978
7532.03035697257,7369.27017857578
1246.33406957127,3412.06407812784
7975.73419786836,7480.28318243533
6723.20688505774,7113.95946117428
6411.77080443818,7629.38206514954
8728.90734494025,8084.51793641066
7643.75250139248,7433.34758167722
7023.75328459759,8099.04460947293
1681.0603353917,3611.53888112661
1884.56503002501,9073.29455126989
7898.54624247425,7205.71650396138
1567.7663907895,8126.14805574984
7681.06767449582,8405.38463451609
1387.45102205942,9162.55321297499
2262.67071778077,8833.59273692936
2185.88122568304,8886.22781915652
5978.95743456954,8420.37676449442
1098.88188033878,3261.2824445762
7560.62766061471,7881.36116658544
3049.63850225883,9199.85681062137
1866.70155279673,3857.46026739493
1458.1382309692,3469.29038300372
1207.0489696751,9234.34396063321
2319.1102829525,8811.79763963065
7435.67010439695,7403.1252538592
725.209308449046,8936.73082340116
1232.97231001216,9098.71823923961
2201.86494333212,3619.46795788242
1084.25387084847,3405.94204254987
1639.00128825552,3847.20781468626
3572.29291688859,4322.23250332874
1425.21006601675,3774.01199538696
1326.36655636415,3921.99904422029
7678.63811085208,8532.2112447388
6440.5752540574,7949.50163416955
1153.65959241791,9131.80915545643
1852.45860722011,3823.35220460623
1945.09084662669,8858.78632393287
7296.784382013,7391.75121391908
2486.62108038533,8856.86011494756
1505.58229825712,4044.47729579288
7420.62324115703,7445.79331853953
7435.09385818195,7609.46821976972
1609.95582120599,9839.74118311577
8033.39682494295,7415.24951408021
1374.2919162604,8950.29643413651
6863.95032752184,8141.46866299089
6916.98084921854,7930.92348178263
1960.24868723016,9004.05371387685
7228.27560563444,7686.35208611929
1267.60953604727,3343.13281583912
1432.08941826398,8667.77375331671
1385.94550857754,3479.5580604641
1716.96165867517,7995.4384036905
1349.21610656897,3639.16652301619
1818.90499329626,9234.55749817802
1630.52122981859,8492.18189750486
7628.20127357772,7518.75504892612
1525.00864983073,8843.07728707878
1697.57509327659,3835.75080095801
7913.48467694065,7033.7307804096
1737.5539336918,3457.29786078272
2122.64863611373,8798.08184379288
1811.58331224619,9060.98361862768
6683.44289672412,6767.38693394986
7239.27747707413,7220.59845858639
1151.7998989816,8271.16952514748
8625.69473449035,9087.24440218774
1614.92242112916,3456.42165783696
1409.65820617796,3667.47638036207
3605.29700310252,7846.67821916592
1384.67787914526,3366.78077230659
6897.64197797307,7488.35244348041
7309.14894631808,7862.74766799646
1711.05333257655,3686.11842243604
7446.48199074344,7320.28340337847
964.299244972004,8801.52325275526
952.447260851568,8826.48270291371
1651.69878803051,4066.58415747346
1760.69968760894,4015.28772917568
7537.39890170373,8113.21235544738
1642.32144011714,3732.92511219568
7876.51721865087,6522.06134769505
7060.80378504392,7247.25887649756
7627.52338901069,7776.19685803688
7169.72368694151,6636.68346547224
1221.8025398686,3792.86771024739
797.959068668313,3250.95150393357
7467.01422031614,7918.99466873158
6235.05647372974,7512.88258790731
7577.29093224301,8034.74194229368
1583.47057777575,8963.25850864784
2192.08578876474,9015.82071491627
1470.83014455606,8424.39482069265
1993.22982119445,9089.86792957938
1234.2747063867,8738.95136801615
1377.6261362932,3446.37266595195
1594.62507355031,8927.93872650736
1372.36288799825,3207.0633644121
9376.16589326222,7669.10204983512
7117.77964537483,8317.69556049897
2189.61564271768,8180.72131236086
7278.48770825822,7132.37462833527
8356.3799157739,7830.59178450236
6936.13995178887,7886.22059945848
2085.78604214083,8502.76275590189
7491.9806886994,6748.58636321726
1929.11474941787,4800.09266903219
7215.90968403899,7744.43937604385
1597.32986012398,8789.27565883521
1325.52693149475,8927.25230798249
517.401749406221,3257.10804084862
1417.87218907563,3597.16064952923
872.395157175288,3206.24168763408
1885.58299704077,3508.74330257573
1004.05446119458,3422.92229329365
7402.51657384424,6723.04292609897
6080.87080474548,7641.137299004
7273.70486374374,8047.01695790142
1424.0541885547,3600.41348235792
1641.93630071322,8760.58605700597
7377.25209598353,6596.69229688438
1542.19038472052,3731.50396549598
6589.72854601739,6868.84790114073
1437.98781575013,3457.75540983721
7291.54840966048,7447.13478696593
1284.93965251503,3356.76086298678
503.187165941607,9376.9365116059
8827.30601573291,7053.1026615231
6990.83365540286,7739.95923354302
1097.50415111534,3441.93347471117
795.509098150561,8758.34464360818
7702.04636474117,7590.50577297763
1928.23588397477,8514.84471516745
5882.54698442078,8106.6860261162
1292.4864652336,3227.43506424435
1529.48133843745,4353.22186912744
8843.51620826608,7827.70399845949
1037.02438264711,3425.82103346165
7220.63028375949,7953.3959583871
1366.69324673441,8978.4302211468
7856.31011468101,7736.89207709618
4085.6283142675,9345.2559944659
7142.00972417797,8129.24611432369
2164.86200855632,8089.67572545337
1345.18282371735,3364.82862827931
3285.38428505102,4352.79669717157
1453.24612259535,3647.02625329209
1121.38810838047,9019.63459915659
7505.03767149223,6831.38068070962
1440.4876962409,3324.76729911371
1377.93201647056,3554.4492227138
1277.65989442421,3411.21206537964
2717.53642008213,9384.62019284145
7792.77600449942,7627.70247164095
2663.6765632554,4128.12108649932
6294.6385650718,7058.11720244751
992.123949461152,3203.51992195268
1534.23686254723,3511.51625530738
1368.27744561717,3771.20347610409
7893.48026862438,7140.28264325376
1502.38736392666,8520.56792281585
1149.40005842538,3642.85632147533
1416.96803785793,3874.31164916739
1109.21347178438,9080.19326191658
1295.33840883294,3371.75628429274
1284.46999806716,3607.97384160786
6069.557763715,7543.32833477095
1744.84570107511,7722.59173982824
1037.72484021584,3528.11734687855
7955.82332656642,5455.33448232778
7694.92199521274,7719.52952765528
1369.76132780652,3472.67755466677
1283.61632853938,8634.95956144391
7090.57146428842,7040.21214035188
1400.99923310427,9392.21846506398
7804.87580910706,7063.99380393369
7871.1928882007,8283.52624857749
1716.93136911947,8534.96030015325
2170.74619800223,8739.67100520063
6710.45108539656,7267.61979475144
1399.71603517997,3396.49288372024
8602.52631522402,7125.55241934816
1753.43509445579,8600.40167343222
2219.32583723447,3968.55189466268
7177.93389425414,7689.99139660425
1633.54466528005,3950.7885258036
1788.24742025792,3721.32966502352
1191.75466443358,3185.13597147425
1847.78914708185,8540.58235052952
1304.80966294087,3550.76711478838
6763.67946951896,8023.90881308566
2302.571036491,8157.15529636981
1547.21214451392,3639.96367124699
7764.55196474909,7560.5184810067
7934.38968256334,7836.66750088056
1630.75464244284,3852.2457922483
1593.2975675336,8899.21332630877
3879.66406987115,9071.3945209755
1128.98093835123,9133.26029592157
1296.90199267501,3552.94143746642
1768.70142602491,3913.86851206877
7822.31499689278,7046.30425774348
6842.53934564674,8134.70915719527
1241.19461869322,3165.67344732334
2932.88490349906,8507.68645480144
7856.66362155782,7180.50270152008
1176.60092326401,3109.7083906252
915.888679722864,3467.79416965308
1676.15052920995,4021.26384587714
1927.93252886881,3901.07846174871
1501.20610320845,8723.08140557233
7428.97602454585,7980.51788107906
7146.41998719051,7667.95539442506
7631.30889804758,8117.49661186502
2559.48588525652,8964.70333906328
1699.56667803786,8981.21578743637
1602.87409432271,3769.55022624166
988.456214409666,8697.80765197173
1666.44693594711,8995.25092794476
1037.11965096623,3169.10704490443
1728.47833013151,4065.64879528734
7386.34613601925,6787.77648764616
1158.70508422951,3314.34493167079
6362.67978444175,7427.82448634021
2439.6970564643,7933.6148563228
2058.1174743621,8788.62948657766
1907.45223186477,9087.42888608597
8035.35862286353,7778.08016769393
1020.77258711755,9117.1360686938
890.222267456239,8930.85588299116
7700.37781135818,6993.85000157319
1361.02965307688,8412.32056264018
9036.70177708375,8034.98683641666
1121.98716739082,3632.66227603376
717.119188711924,3278.69603449328
1337.39948814332,7776.60502252486
7616.30421486589,6395.10381681329
737.437264047256,3375.36111739156
7181.68661748392,7704.60692755896
6901.56534193769,8233.02075177322
7342.80121866565,6879.21442343289
4607.94727324955,7598.54244080688
7728.063305867,8035.94789973517
5341.86901619703,3445.30983028819
1769.79810329447,9057.16419679183
7238.33782226478,7869.11563157526
1326.14050026338,8844.63749875822
1581.84753700887,9169.88562428384
1012.8717157635,3571.83997034751
1165.69968311887,3134.83529203275
7930.49515950392,7159.2029249789
5753.59143300536,8015.99941951921
1549.74013021963,9048.46619161795
6991.90021954544,4238.65394218346
1102.81694370238,8971.33770548265
7319.49711720565,6740.81516783323
1956.35237762276,3967.23414662896
1874.82608160496,3850.83355496406
1591.06328304078,3875.05871245664
1692.68309597144,8130.42468018246
7562.88971130542,7150.19305245596
7866.44258619418,7895.14477735651
971.601756323394,3572.68645998492
1374.23489368232,8156.34764484665
1117.91304108075,8885.43749597215
2627.00511017235,9088.83796174793
1190.53955585434,7731.97304367281
2599.01432505606,8922.26881888626
1948.05574704847,9283.43202696264
1113.67725537887,3339.06369563447
2406.74657187208,3561.30769234331
6659.72950501159,7267.43485984486
7493.56702960645,7201.78213101587
1383.01621135745,7919.54381317027
3897.46181465226,9059.82403214612
7145.34386664282,7602.08812567785
1944.15925200977,8503.01938928621
1866.13047718603,8784.0206338684
1395.48211688528,9025.63539957216
6820.78133972498,8190.88823840015
8665.88102183751,7843.64251538937
915.926847311707,3201.99218433158
7296.26236912583,8382.64424100132
7506.34038456233,7826.44962197354
1644.18072334172,4172.93156913034
1345.877706164,3558.61541853297
2923.64519003759,9141.57704400123
2086.16539680551,7748.58814784406
2020.23297428083,8650.39299002048
6710.4130102263,8297.57323441062
2660.21241026578,3873.73680131669
2049.35484738938,9107.47896121564
6683.87285977452,8348.55207377491
7540.48325766267,7273.98946422985
7602.47203978664,7971.28502470876
1207.78717473594,3226.75381881727
744.218550141604,3466.20822559362
6774.29182526743,7966.24603507373
1195.96843727199,8935.89599168686
6738.09409804493,6638.68584953515
1143.43227036248,9175.7500181475
1671.35213278656,8189.52273597782
1261.46888643869,9037.11886400405
7683.13767793985,7627.84813334477
985.584714640293,3449.65876715309
8322.9899446871,7086.51738881516
1602.83957137914,4083.20026709289
1263.72184799901,3678.15173414912
1718.5656126837,8882.36046766119
7073.19055290058,7669.94993027596
1176.4915966539,9246.65040709127
2500.13918185015,9016.34030029996
1358.49948003141,8997.79293371297
6478.67044377207,6986.77460028502
6981.49809420242,8226.05325986035
6829.3240696724,7250.21232847213
802.799221340461,3132.15325453533
1025.80886555367,3240.49953997079
1587.24859567705,4733.54607118526
8124.3980961558,7661.91162744252
1907.57556353284,9107.33675567688
8498.36759033408,7777.81779626006
1874.98090480795,3404.89205328658
6838.89093618453,8191.39547945454
7356.32154182639,4818.15717628225
1470.74865080402,9037.58466600034
8800.97699663887,7533.90052455029
1502.37424942834,3534.37253029992
986.382976559033,3253.61681904292
2297.98523241931,8350.66934014074
1430.21592513601,8982.19889074135
1218.96977835192,8989.10484719103
7334.22256751681,7192.96147792304
1623.58015403248,8524.79885407653
9127.09710213326,7921.80246537567
7556.50268730462,7587.54336599825
1533.46832025798,9716.09871764891
1904.44057565056,9195.00797512324
571.459430584053,8329.77880140592
2245.1394880274,8514.68657593102
1487.71525259629,3768.2547366067
7372.36116207826,6026.76168919079
7273.77959383759,7737.87546970184
547.84398116056,3018.46205789481
1787.26382360331,9896.03443241918
2352.7423973575,9307.8907786007
7544.33588227488,7184.47599055877
1499.57211662269,4068.14406413678
1987.05475487672,9042.58967285636
1492.83750381892,8426.21538450292
6250.81651923459,7287.05188217204
7931.6635896833,7498.06818329494
7239.2485696054,7858.06754805746
1026.20818795906,3912.49770915117
906.763828971606,3165.9991900453
6618.02837355061,7725.42199817786
2176.39629468738,9060.91244443907
1232.96174380098,3496.04549687157
3527.78511992136,7134.07316688245
2051.21108986913,3471.70785954487
8228.61875611001,7420.59458000499
1394.78370553572,3619.41630591063
6355.34800471898,6321.87001130908
8048.84513356887,7699.05356008642
7176.42889250498,8049.23806507996
829.615873693652,9020.03938095566
1710.39803000796,8544.83891944771
7557.93208047703,7110.78086049952
1976.30285832346,8739.30281584986
9073.67979805891,6942.14508229694
1369.73273532928,3654.85688624649
807.048574573731,3279.28343263431
1516.55052576092,8203.08815939732
8448.02699128589,7925.52605406731
1167.10870828667,8898.90081888906
8955.1937774416,6643.97307987382
1873.96015078292,3707.43860816143
1109.0231810593,7881.16304250367
1325.62219397679,4006.18613560259
1543.13073216936,8174.78363739322
7285.49666935584,7293.7615287362
6719.52220076766,7228.69041023536
914.222084877754,3246.85893610285
1818.97066181506,3840.43446342638
6149.69238287039,8818.78541745027
1791.41290824104,9371.8571743604
1333.96530204257,8861.82560107773
1180.19657768325,3377.15306496036
1822.69231462693,9018.91528890598
8348.23618025739,8090.24770928228
1556.29218023297,4449.7097986059
1247.84611521421,9116.06157700436
3023.6538980936,8628.79710732034
1411.13066632069,3577.0810058095
7221.68858195503,7692.43912309799
6891.92407698751,7437.2173066488
2391.94899129776,8667.22347164304
7795.82413964967,7839.0983856229
1112.4234185422,7917.26038739321
8006.23464406444,8592.54591052074
3208.36872292727,3750.70520412858
6712.02875809882,8101.34688004898
1436.17204470613,3656.51336313812
6933.64201875759,7657.03053163542
1168.55325173601,3639.82798357695
2475.60905057097,8985.13940449437
1191.4621204175,8541.83884798874
1254.81209001943,8232.48976300081
8248.53412692579,8360.91088111664
1581.50436015625,3823.57352525392
1898.37645225583,9018.59519719999
7583.16108008771,8281.38614542178
1456.12149415648,4059.6332181445
680.22558617672,9309.88673480301
7520.94310325143,7967.51412493368
6769.03395000848,7593.87513322418
997.742953997187,3534.78556440584
1030.27953287041,9020.52226735574
1250.36202110914,3562.88704106644
7428.41325682699,7269.66048162167
6961.52175045885,7974.29433659822
2454.20842219506,9178.10300352615
1537.82392202639,8886.09294806805
1212.01852731248,3022.54310088712
972.449747930056,3479.08546361042
6743.10902163248,6925.93186947302
1452.12004603318,4209.13655374147
7898.14560870542,7216.97342725152
8502.10034759874,6909.28359202275
1868.31180024716,9158.94827490649
8856.32145137101,7209.10274406235
1770.32168936936,9017.43298182639
795.786690875994,3357.47096291203
1558.86794497556,8951.24167482007
8276.55394255932,7845.44803465616
1513.06661065265,3645.19452949357
8460.20109407879,8046.19850754724
6306.24137938095,6678.22152171157
8048.04086718261,7630.39914573105
7433.43035129518,7604.1196165007
1433.51798304368,9206.9738845028
2738.76274036464,8834.59955558055
8149.29991948844,8002.72643823272
2046.60121878909,9129.07503500002
978.713081936065,9101.06786073843
8196.7921431978,8053.23009362885
5966.90643564056,7848.48748465193
1739.62503757448,8687.86315315895
7569.59975554626,7200.39875796497
7024.41420704852,7579.4658396449
7348.60910885194,7074.2334444982
1776.74954639987,9178.65299241493
1132.57953241266,3210.5969505397
7827.28125956315,8030.32215064062
5878.82770427286,5157.0130970746
1603.52092952349,3888.33827103238
8899.86554068463,7591.0151462448
1384.70889360237,8927.97560733071
7251.30029846482,9265.83198202556
1683.48558875484,9140.5264076819
1112.83040799631,9039.21219783568
978.547963919079,3473.97381466235
1006.72326370252,3903.28620226026
8057.99272734933,6991.85729607183
8755.04971216505,7952.96994790487
7202.98953913946,7568.19511236872
1578.65509853801,9231.28323843396
968.827919669751,2909.08218460872
3256.78220934629,5239.94713734418
6958.68597828825,7180.32862764834
6687.05248436105,8216.6382455029
1035.5036498413,3556.61383307162
7906.69108549324,8254.13835568179
1161.36897624717,3430.45140829817
8483.32450308954,4769.02710134486
1617.40379898546,3910.6461832706
1142.17008501328,2891.94533406868
3484.37071040136,3355.60996403592
4381.12920288584,3697.41118659996
8557.44935551852,8337.54137036653
1886.20653234916,9179.01544091101
1238.11541014214,8713.64313708987
8941.11350318447,7617.4334540579
8238.92099166385,7963.72446459402
1680.6615917053,4354.87013239424
2737.01486692508,5348.88849402022
7893.93885214562,6368.31875672847
8546.16615376865,8166.45296593141
2771.40801268746,8420.94626417111
970.812193238187,3281.15026220913
7297.00936742347,8044.37828525644
1325.93828187183,3376.94764217506
1510.58105714719,8881.41659585794
1614.73280912261,9123.38863267206
6947.01355587206,7667.89726032569
1729.88379690928,9221.36057987733
7034.95875163254,8575.56075389846
684.356467367708,3036.73219181032
7209.20761902295,8020.88568655126
7273.25944562393,7535.50600039554
1515.74440134859,3788.00578643604
1206.69904107887,3559.97419556278
7658.16259210875,6765.58714100476
7400.46219982551,7364.89723188962
7630.95676382551,7320.83750633109
2469.50064126133,9282.89998283382
1603.60299842523,9018.67306522451
1039.121524224,8081.70556142692
1394.89784117269,3725.1016752991
1766.56421283,3616.95772997458
1558.84595691294,7434.53806605296
1365.33735829522,3268.32686272688
1105.76993806029,3369.26377703388
7303.32686922866,7797.6765814078
7076.48745068946,7537.87944163432
7740.7672780788,7690.00214301263
1951.77262439446,9110.47429133544
8352.83442956039,7122.6006380277
840.965913316767,6953.18825503824
2293.85669331709,9291.22363024889
2167.20351127276,9123.30291282735
1766.99780994175,8699.62844544206
7427.8577149512,7955.33884453612
2462.88055335778,4239.17269245924
6702.79118707936,8074.60826526459
1982.96667911943,3438.14112169313
1462.41342019419,9409.44111603293
7381.99570188499,7464.13815737929
6910.92112535241,7632.82790487076
1543.66811752771,9116.07138083448
1797.09762628703,9148.20843951867
6762.11475410765,9416.89201890573
1180.4144197941,8860.38465240614
1260.36221851608,8793.00082467876
1020.32867401729,8721.05240334513
1548.87386424897,3880.31652153944
1387.01556864168,3862.23504112136
1184.83288232495,4251.3072568312
6869.81426546854,6898.32277869818
1785.29968190712,8899.84585262617
757.119142406809,3341.17350608906
8277.25041543275,6167.92998458613
1184.56459842723,8864.74838299165
1324.0933073921,3804.78167765726
1617.36701216741,3819.6225897158
896.058747834085,3205.19426439975
1153.69035888142,8910.32278129064
1007.21306496516,8889.30145369466
7629.50274895924,7743.51082023741
4210.6925014653,8303.41519161236
7314.22656210393,6820.71885198953
6828.95348595799,8071.11218427234
7378.96362278322,8116.04980544422
911.538056144424,3467.19091025333
1704.85237304848,9103.85831546075
8411.41764719971,6816.86551688867
7692.88951473314,7357.1114885828
9978.52913653907,8189.52410992866
1012.31196634617,8967.65081537928
831.832209880791,8645.91237257823
1026.02249425544,3356.23068434987
7842.76674168726,6258.24346203944
1400.77416404604,8889.29326074533
6977.70808632352,7546.49887433992
1206.24190509437,3374.73258722831
1396.4575484669,4103.5336715318
6530.75776152651,8553.64022060516
7141.16001714379,7071.38728798747
1237.47475827189,3769.62698228611
7333.91339440331,6240.33711544879
1049.50995166979,3549.27818772052
1558.87177077513,8283.23109421427
6621.44048075138,6907.76149502702
970.201405789642,9090.57191313414
8627.87401876773,6593.1539471717
1285.38655676373,8716.84412414614
7468.34204245731,7371.52449476724
7693.4597149343,7995.76549690833
3231.73901576586,8891.40007652006
1297.95894962643,3710.74576109845
7437.29603477607,7620.4199466888
7304.00778737039,7022.82225746521
7270.01955480669,6565.84608037335
7821.4647931567,8100.03888251293
1675.13399183236,8648.37484291949
7270.75198361625,7964.61852463464
1377.25696142128,8590.52944758611
1772.29066663052,3894.96546416305
7026.49574541825,7761.90360888912
7429.84023553162,7964.86589609404
1144.50276893555,3170.24250179312
1486.74216052905,8902.58334129937
1692.44406411826,4345.81439972871
7149.79687787023,8198.43581612995
1458.9271263123,3663.37979245793
7229.32349980554,7551.59600791374
1817.59063985155,4045.56535823843
1102.61754976924,3502.57964880113
1899.50098927151,3833.25936135223
1758.45764961769,3858.95224312012
7308.1269006349,6848.2931662256
2080.3994701087,8258.93578959258
1830.44247281368,9015.729326661
7958.85325870157,6654.96985914738
1474.54267876768,9244.37982174014
9964.61458115854,7517.12369054922
1736.54483719298,9073.54989661945
7091.2134402157,7476.34121384466
1779.36109230972,8160.69947469349
7375.82304059371,6365.25102889362
7914.86696319827,8131.55276281115
7619.36479814773,8282.20667716592
5071.78302761377,9041.92221252808
1248.62410905935,3793.17606800986
7707.25403941846,7259.55024994452
1314.99824845593,3981.70110957703
879.392989418004,3396.26741433321
1884.80612427908,8379.26492529092
902.896439140718,3570.77816634344
7836.70651846751,7452.15664702722
9126.01656481797,7389.71830573407
1742.49363710058,9050.89980528978
1589.1900195047,9311.78764091145
1167.93679510823,8086.4238318866
7047.10619065891,7211.98432964129
7705.75317015798,9597.19530931135
7500.06506764265,7303.08639592718
8699.08515382822,6041.06891652561
1562.47849744641,8902.73127076189
1697.84831986326,8263.65042315227
925.999741192292,3358.7137695304
7474.10082363332,6443.80322329441
1038.75922596294,3226.59888599053
7854.69474593587,8005.19837320482
1225.96863879857,3299.68048266525
5647.36434226746,7764.31549592736
818.391097459621,9012.71302426894
8215.7479294473,8087.15861812469
1256.07793782043,3713.17374627933
1519.02042345684,4402.99268589475
7939.01750005535,8403.87062109572
1340.21911221783,9219.10961528677
1128.04873343672,8048.42141295597
1547.91249969904,8808.53630244549
2227.3522295151,6410.02484540801
8084.28283582956,6611.0489847408
1808.10703596453,9022.59880011756
3644.31684481662,9133.48338845173
7473.47785395938,7863.76912486833
7344.21910896036,7439.44643180845
748.574892275071,3123.14954498641
7506.97662678295,8664.45676515788
5928.49625424083,6731.30636179078
1684.92594383347,3958.02832429476
7608.44202609408,6689.28099099553
1800.61618955511,8311.00394914403
7072.46037622836,7936.00657461515
7130.00036959831,4078.10913428676
1022.10537408085,3332.32139137486
7409.30238913746,7595.21219985916
1586.39104457297,9168.35424585041
1795.39158596818,8523.68641031927
8704.31148401772,6890.77228039965
2172.26205404726,9253.21330867302
801.814383982576,3310.54874368831
1020.86454463602,3344.95966054622
962.142544150059,8858.22907033257
944.164882439473,8862.40713352178
9022.06290037417,7752.27920904352
7173.714230668,7230.11055080684
7832.15086101292,6021.08493555485
7826.17369569794,8105.24355278095
1188.42883142607,2928.9144530037
8073.54050206762,6791.22325873002
1409.76040072977,9183.23953355856
1837.55937087501,3842.69466891329
1484.05873601478,9142.45982377216
7471.71914048302,7458.27595850481
1455.43488071077,9147.99355643881
1969.6198810125,9022.96673214508
3823.52632718142,4381.22605152526
877.89374433425,3258.69083364449
1588.8170674507,3652.11982170319
1373.77920674073,3709.96712892274
7739.11979114786,7881.04001454885
7472.77697876448,7700.26753081086
2220.31589118812,8420.66488615484
7388.41859085933,7608.43629116461
1235.5975940778,8991.66985078352
2117.82104149039,8329.83744948988
1699.76099732053,8476.1342488578
1679.55003031211,3435.89395120577
7149.05421537817,8182.14566776272
2204.39297256563,8182.8326099815
1029.46711514714,3618.23940364448
7141.55389601641,8301.34296217613
1964.81020456419,8634.54182527433
1736.88980053417,3517.1650216494
7256.07123850672,7038.19636500773
8280.06417018441,7007.0142496756
2057.61596443787,9124.16006580882
8319.44594242028,7709.26456561605
819.102971935564,3031.09139806174
1222.95984420867,8916.69912156359
7459.50129359998,6952.10385373097
1562.65815462889,3841.74919825763
6586.89629443205,7896.76470478908
2436.24504248327,4983.37319254894
1136.62465459143,3782.73638175289
1546.19219697982,9052.68513823161
7307.08947402886,7794.3778200431
1763.42894035971,4983.74371516294
1067.66492711349,3468.96836266927
7025.44749815139,7663.53978376316
6948.78532439046,7672.26661706524
1845.97423284473,9378.73623098347
1639.10816545938,3551.63782172877
1404.36376967349,9021.80033892144
8173.30425554727,6441.9714261548
1176.79261224244,9100.21822212027
7875.81970581707,7198.86928432942
7891.70705002724,8109.02143853627
6609.09492027211,8063.75217305397
1397.048232631,9063.91788201562
7319.34258758312,7826.31820985169
7743.58649444817,7989.4171380285
1816.91137334913,9075.14042283272
8095.13108024893,8217.89498497624
2877.44746440683,3855.70034584099
7096.47194557884,7161.91893245235
1087.57378084288,8957.60326134873
849.060377827989,8970.83160604326
2182.92294735414,3516.91322149456
1518.6757992817,8580.25094968938
1834.78980621443,9004.68518615469
1868.49103775001,9052.39327338639
7063.5566145841,7460.53805832391
7411.53193496253,7781.25192757279
1044.03432392214,3355.82577602338
1145.32395285578,9287.51714099272
7197.27200759934,7663.16415667183
8036.64427371794,8155.16797012323
1832.12834214102,9028.83613348724
8295.17604176752,7354.48025647355
1168.68728722732,3469.51006174725
7910.09581071272,7233.50111742532
1558.82380536089,4024.24781853129
7101.03902399784,7841.32282954127
2012.3647311804,9121.28486788845
2022.84367191508,9060.38544776976
7159.79952965357,8169.24335474317
8176.08097597093,7362.0732059397
7946.12569185695,8044.81478628297
1347.51298494059,9043.42115449133
2100.8174584612,8951.57886192333
1615.81868915177,5960.48679385098
3863.45909419032,8709.22271950779
1735.84885592418,8388.78164310892
2472.56233201541,3703.43179542889
1430.12351133929,8919.43141893625
6860.29018417245,8096.30550814537
7349.97730677557,8213.85513520217
1459.93209159444,3671.46995380697
7225.06911944162,7185.95196438607
1580.79425416868,3487.96551366103
6766.47463466774,7110.15379414341
7764.60802442606,8628.1565584675
1971.15540713269,3773.35904128589
1064.1118777459,9031.66277833986
1371.31430436875,7500.33066195282
1747.35506014125,3604.67734874059
7013.51021066903,8146.08834938405
7148.14855353532,7469.63570255115
1130.74196792329,8977.77280832596
7538.65959309528,7602.03681078713
2046.7796861651,4387.13777038577
7420.32480489831,7727.58424061177
1401.54132297952,3613.658187799
1555.86378812361,8018.56742806427
7406.33686597056,7922.00082621841
821.629900220623,3700.65626331446
6883.26735534401,7451.98892943565
7561.27783481449,7604.07270163306
8127.61536608,7808.293864072
1241.13926575383,3278.74758009565
1504.75299874065,3028.39300999305
2179.54172147158,8272.58180664125
761.632692574537,8221.87355182165
2151.51320352214,4184.06366455079
7743.11600031903,8313.24423384983
6085.83139862585,7678.27630636611
7237.87792782644,7832.88844789448
1500.63387705344,3888.5657665093
3299.27450258118,8218.87256151636
1223.13461382106,3167.85200422388
7755.29357057076,6645.99000258368
2342.96002275937,8929.28532405041
1308.29406067151,9002.68448603913
1117.19260699772,3202.76011644787
1770.99537281305,9305.2271910242
1316.84814696146,9217.70866402588
7404.81366667554,8242.88678037803
7940.79963358708,7984.49937993519
2164.50466625087,4218.43918806033
704.432972689578,3068.79829975096
1239.66307690392,4021.50740627291
7433.41534655978,8384.12220660071
1306.78245749771,9202.60903307748
8463.08341556362,6675.91231080418
748.596865095252,3093.48343579134
1347.68346427062,3608.75274673433
1114.03122753764,3674.97632671539
783.784844910895,3510.40604703334
1335.83388141351,3635.59066314731
975.242729890252,8905.71672848518
2753.48023419836,8790.39413400846
7230.50510931318,8582.67683306849
1234.00271378761,3478.36179118326
1813.85710185333,9540.96380567921
7967.79748198258,7579.70796541557
964.801017656482,3396.00991335504
1195.87725610362,3088.76391345321
1270.47669198998,4859.3854319426
1672.59152433045,5091.71866307793
1714.7260202277,9020.31807012572
927.377247656047,8927.98069722612
1145.61081175351,3628.25169284085
7305.87729757951,7964.83527979264
1054.5524225819,3265.87639081359
900.504644372504,9226.35877519827
1350.46260712071,7904.38344372218
1713.01847356242,8989.76684806304
8386.27842493064,7467.31459763933
1388.45438856564,4623.51217822744
1082.13430785693,8050.5419385587
8092.78036928516,6273.67181176076
1689.86838023414,3725.4905171834
1315.74555187498,8901.8385168003
7600.50661963249,7787.55679235481
1945.1230909966,3577.08974190116
2100.45016580145,9153.10442216299
1656.0028759653,9103.06723322365
1598.03095710608,9153.88852949383
3086.08882232977,9032.37959269431
6928.34377657983,6260.68652993953
1300.23746477046,3336.81735259464
1649.12568399618,3666.46113611366
7178.99718933164,8039.16008401906
6417.35073593263,7981.49244872038
7709.97495959524,7889.25377539527
8186.2327146749,6319.214034706
1413.45627580492,3195.08125201431
1046.13390046464,9105.81907150075
1707.91040206605,8868.08229829538
7797.61906471215,7395.35880968937
959.139826173262,3266.33697565659
7723.75054603405,7929.05634705618
7699.76864522481,7886.50320387948
6823.91075472604,6761.98888999857
978.079684177208,8855.26424753775
1688.99362754599,3650.9755832256
1382.67514713805,3965.78040242638
2010.11923335615,8487.20149991573
6761.77012153032,7535.18972598974
7536.1072497332,7405.54167916677
800.864251256017,8888.31631958327
1197.43385945523,8227.60840011978
1123.38593371854,3434.45971601195
2203.94624535236,9292.74854365634
8562.41106918729,7890.61191484176
1020.63007187693,2915.13185409118
1608.77417318483,8515.0848205477
1612.13585359624,3777.56859515642
7513.86850991488,7046.74491901485
8148.32868046101,6990.57537512896
6879.81453261432,7923.99992511882
1363.64096552587,8239.63530970063
1821.65474872077,9058.43855837503
6619.92934795569,8001.03466644023
7554.28454143853,7133.42771796725
1319.73012353321,3416.07667208666
7390.37592693615,8223.57721159893
950.278903894522,3760.39245507689
6867.61457317745,8312.24594575215
1653.77284852719,9131.11661219282
918.722290678757,8755.9429939181
2179.48395582126,8743.79301226854
2097.04012510763,4059.61000618441
7899.31114331317,6194.2945123549
8720.87448818029,6374.71812067397
1392.52238062776,3378.288017324
7472.25491934118,8540.44028215823
945.491707110492,3336.10391765556
7705.13192958511,8198.88500449654
7870.01887343634,8020.27846646213
889.460459509606,3585.22011848079
1373.73793525161,9323.76177159409
893.3563466381,8974.4957693005
7621.82665754704,8482.91470987703
1604.56408929695,4070.0814434622
967.391752003549,3238.23550894718
881.449041408685,3311.38055228971
6947.63031808634,7076.07466473074
1629.41014479806,3522.73939830389
8458.44715559668,6968.90358183642
1966.04868484598,9244.08360827303
8713.49109679283,5881.73019307343
8134.98292077081,7497.57987822154
1455.03264799971,3579.27087713604
1527.12027964863,3091.55408624084
8965.61045949438,8044.79945597006
907.318745621568,3370.19181004392
8180.06266732847,7454.45463865447
1801.35814623807,9460.34387438553
1440.54729840406,3357.40788468714
7105.26669204236,8157.18331518313
1309.58485936242,8878.64852359743
1658.90602617004,3663.07726078497
781.744862244739,3240.11170485734
7158.88185813519,7196.04273642874
1519.66071966938,8202.37129441496
805.433119862979,8659.50709944952
1823.21267075563,9203.61904965773
7192.53777527531,7930.3322379096
8814.82763533563,6186.10750609869
7382.14604651882,8280.50287381144
1101.15618537878,3398.50414277805
8218.03380154991,7619.12859309498
7381.19857238654,7341.19298807741
6186.70124529622,6936.03542069876
7290.41770518717,7575.08673764683
1822.15721346545,9245.42540887325
1984.2531195342,3790.33463462018
1215.73872872772,3702.1743295561
2005.03162089585,9298.67649994497
1515.31068117887,4253.10578293818
767.403303765813,3126.85894354239
7135.68804305907,8143.61444361192
7778.65022700682,7031.5192381606
1615.56554511395,8936.84875936205
1658.23340797437,9012.58308968203
7476.15863957249,7445.04827002341
1494.54579870537,9163.5569145886
7888.04972336664,7962.76646177925
1338.60657340173,8831.42235275957
1298.77128970657,9154.62045978734
7594.31033970835,5832.72496021926
7770.97581698971,8024.8947785397
1359.39883878049,3359.83216312502
7807.34006932795,7901.94509194563
1332.96807814758,4724.33869118385
7387.09360565594,7441.48457800077
1752.18164951362,9026.3852949165
1071.41897901919,3851.79195124033
1394.34955468163,3849.21480748071
7534.81609721594,7318.41803670396
7531.06682981434,7633.25935909489
7184.22050981977,6946.10486837888
1331.70697082593,3743.60109834843
7563.90247759731,7948.59271219459
2158.33282249102,8926.37701089664
2120.13676125451,9075.00103488587
1168.19284659249,3879.31015677553
2477.94001784815,8457.72979381071
1468.35704167845,4129.12650522987
8636.39428214063,8286.76506422615
1688.67738698404,8766.9678374663
1259.82451129178,3906.43579269948
1424.82400828831,3592.76634459261
1096.72890537164,8674.57154550247
7752.68714868275,8936.62823642752
1052.50709259148,3697.95519003487
7126.78414641114,7626.93583066404
2148.37966756946,8899.49831920083
1272.22757887264,8556.30204082051
5260.95790660677,8992.56408042833
7270.23222300312,6889.08474091393
7247.51821345449,7799.26751371366
7334.25630300685,8007.02638492673
1182.2692061886,9123.13909142607
1274.45007542499,9420.91362686379
1548.34590537967,3359.2899588813
1425.46564385536,9172.65073932835
2143.76307476951,8857.03620224498
7013.1726114288,8448.45473042436
874.902531408193,3067.7514841493
2368.49180638056,8104.11477446153
7283.64112854412,7730.64922488777
7252.51273022866,7843.93225461572
7834.56179598687,7342.76762620684
1696.24964988585,8056.77345353517
7968.58193118715,8026.55528125374
1760.77267327796,3701.83772687498
7927.99950418193,8606.25819724935
890.259773908785,3507.92172667776
8149.87516042258,7350.19928015664
7551.43814193471,7604.25353746711
7130.82893528683,7731.08422861551
1055.80089462928,3479.49877829178
6649.17645957974,7164.82802598075
1852.32853310965,8320.91308302742
1048.69131185192,3620.74852619313
7273.51171410465,7708.10943776509
1487.80160956598,3809.36962646971
7694.8092590866,8705.13640735874
5256.25091528124,8843.93851820947
1027.83611253078,8864.84758993455
6765.11762489441,8069.35924875012
1647.61177371062,3464.38237974769
837.867203349111,3552.02757715889
6889.02594313203,7800.40156622369
1420.3346658641,3565.29098675496
8304.66796372537,7307.52251055779
7330.6178657049,7434.0831818745
1277.2427965359,3341.05345569918
1274.49496821357,3392.28175144096
1878.54641229808,8578.02932592121
7242.9124912405,8169.85950703105
6530.25829774292,7254.03159104826
6797.05529559094,8049.74695398189
1504.77196881148,9009.83516019628
2805.44828049488,3617.63763869874
6964.57705743674,7864.44840446951
1453.59884608286,8497.5340017892
2187.33192637749,8628.12497477888
3181.63239815833,8939.87126824084
2117.37326026796,3680.34306515741
934.390542107364,3587.04774010329
1035.91768118694,3083.14671679691
908.993771173849,3460.2917014026
3415.28816530805,9259.85946093258
1761.74152716874,3683.76055627361
687.989718532704,3165.43747722819
1870.84977620577,9011.28575972286
1057.92151721714,7543.0225002825
1636.52290812581,8380.40003075304
1194.42303942312,3739.88555536551
8667.73390967787,7485.36719877489
7081.32685252122,8431.09237381433
7395.99507010396,7279.54520229468
2231.04218225762,8121.59566053243
7388.03646243363,7624.51280614353
1016.94436753938,3443.09780353296
1094.73835457559,3826.65044592386
1834.39392151533,9182.9931076155
681.557508698162,3375.08361811633
1294.76207970427,4316.56984727036
8445.28477172475,7628.85264530591
9392.02363299984,6714.50514684889
1175.96734324556,8794.0904944622
6918.85596324705,7689.52805714117
1326.64126984212,3915.36347901338
1516.60194688753,5849.30804782322
1554.97999783723,3549.25383298726
7961.05002636988,8074.76015766637
1539.77162940202,3564.05661836828
1520.12904266741,8285.11868416069
7184.7604063002,7879.07766035128
7500.55860228013,7886.44976826775
7710.16777187887,8127.98833695234
1904.26970537054,8887.58552309714
1513.47488455831,3569.0406982264
565.196148560454,4286.2552121563
8695.18606173839,7257.77200782148
7402.62151479971,8056.331066343
925.197210882672,3217.67697787743
2077.76871156423,7466.99975548003
1634.89483656903,3626.51450861882
1442.98687883587,9024.83960331212
7930.53101054538,6019.5256783982
1614.47719171778,8750.42338656829
1236.67478734811,3280.09883604645
8254.50705610972,8262.41471943165
7102.21757641441,7827.28722112601
6950.26091012567,7705.20134429441
1854.4526333988,9708.41854144745
1214.78477677382,8808.21847903793
7506.81394203995,7317.85236349695
1446.0753539416,3206.53951402661
7031.56742174117,6887.48197412614
8828.59536933553,6216.29210589284
6568.56980579802,6810.42405261931
7167.52428386779,7678.1298503535
7572.3061981924,7655.52361565572
1988.73400572088,8205.51118403276
1508.29316391539,3829.54631970715
7950.91817290833,6655.19356097308
1381.5217531616,3837.21878233311
1165.66603801325,3408.5661577963
966.956533943646,9180.59780637193
7048.80184217748,8208.37869619697
8514.83787822398,6078.28935131719
1562.89925871338,4195.46046591014
1804.86892316391,9037.81291430384
1363.45849515871,8988.33593740552
1670.69050642153,9019.20889042919
2140.28082675275,3599.41218051324
8446.40818104255,7995.3231275603
621.168724265245,8872.75365259193
1652.9552027657,3559.83924471289
8666.61473450941,7813.66344579837
1332.65381310739,8116.71819609749
1651.71835475286,8103.61156927902
3027.06907264875,4331.07862716069
8361.12129817819,7717.95729173505
7630.00129633279,7249.09308797803
1194.39031065928,3489.33114539007
6590.32109959402,7062.16043853979
7199.6658175623,8027.76518931051
7677.05505531919,6152.26954173953
927.70017596758,9127.21726466412
4972.80625701058,3486.32425274491
1325.26750094186,3822.98015848686
1290.23853911357,3492.54158171627
1991.44992478099,9142.41963687776
2355.04484454976,3978.00783629298
7163.61018591846,7548.33637252103
7585.53459977466,8377.94314031153
6930.96014336557,7216.7311811765
7684.09651658124,7415.96833233782
7622.18998874424,8169.94975685239
2935.64096061277,3788.71886139901
1415.55747810006,3521.33513697358
6087.5578092675,7595.04490470399
7598.74844391706,8230.74670817458
1388.16837176853,9266.14920837762
1735.23484424407,8709.23359462423
7481.44489079204,7576.06339129763
1360.87915627494,8164.34026836203
1946.50649787294,8059.82871387291
7892.25531037623,8017.45239170726
7349.17656847623,7606.69439616798
7986.83583133439,7164.89348683286
4089.18461102925,7873.04736084074
6277.80104151069,7265.52688597962
1264.79904056559,3462.55291360351
8377.81433418802,6211.77359244897
7475.88149744973,6154.74919439398
7798.15345400527,7348.62945803362
7312.51667212504,7451.94259103918
2059.9010025113,8722.20366535957
8070.32555335529,7247.61182023507
1395.69734406773,9157.78523500718
1917.98661814832,8244.49596407615
1784.33868128234,3774.93855210458
1185.12902338701,3433.12710066668
7737.87108351678,8011.22784445136
8194.30384444464,7534.92299426589
1698.49906659318,9183.05783368651
2130.3107133442,3272.1226362929
1556.0315475885,3822.36524175481
1399.19848387677,8884.39774810932
1313.6054632863,3411.14002255439
1849.6544250775,8806.53444145376
2099.02814589964,4123.35071535037
1441.01719625138,8940.88592454341
7294.12821624657,7519.93779187284
1789.08794959137,8125.85918986202
1302.96060043379,8817.92564861144
1450.47347669661,9276.17848800855
8293.03888921523,7523.68010132475
8280.57396000816,6704.69170733594
1325.47420303735,4279.40513576175
3695.06625081239,4220.9014873591
1858.45670910631,3934.0160016054
7146.78247418829,7615.60892695191
8501.75329623152,7728.53962975673
2366.78872037844,9466.83260855826
1867.31044312196,8586.78529643555
723.660794221599,9236.1504248653
2746.52766277232,7733.51003003188
7173.44789974182,8032.58072098947
7404.04744078403,7316.47988500793
8519.30736182373,6981.91685622628
1295.8667356427,9114.06202245061
1157.59284675147,3406.88386961901
7750.448507527,7484.55322695695
7440.46366744745,7888.33309024548
1893.16124397005,4113.36347973578
763.734299262272,3369.84818030894
1721.07313387044,8923.89996482301
7063.49202609288,7625.22518851746
8461.51907912775,7419.5993144396
1668.47313230883,9027.49615771942
2079.98148678645,8277.89007138139
614.975239202276,3309.50222303443
7359.99130803637,7435.12165386928
7618.91403691241,7846.23743546999
1008.10431568004,3548.28761701455
8545.19266025987,7596.17984109524
7320.38969115967,7546.04364682728
2242.21900283566,9026.2178195817
761.358853395026,2951.8036139872
1306.60101365358,3691.96214059376
1875.60987148256,3948.45249028691
8149.97114021274,7961.73924814677
1808.12417002673,3803.66270015829
1287.67337169104,3482.46021067234
691.09487464701,3137.26536642918
1860.87283821645,9212.77961810988
1346.62548104939,8689.54470526959
2211.97776007808,9025.26801580079
883.487885762591,3467.35009697271
7068.07717196089,7378.46738527891
1220.45359382075,8653.52360334065
6678.08128028284,8072.66614608835
8389.23675354723,4571.56420368328
1035.1731997637,8988.74315442513
1133.704184296,3341.78967697523
2351.77036226091,8552.81090825409
2151.26833456746,7416.04388184804
1417.36445648313,9197.66483221042
7075.02221382608,7525.4085080643
8592.69408157758,7939.755478542
1330.66735526119,3323.77102360208
6155.77185598732,7595.63417441652
8719.27152498892,6477.84435133304
1673.873163235,8879.23169957586
1453.96173841222,3462.2896259343
7500.34921358869,7387.52037325472
1856.59717429662,8931.61019744392
7388.22529298658,8279.41796393589
7711.39508523579,7574.82627453174
7780.50542352938,8239.02324147938
1288.47665836027,3395.87969085692
6672.77668132246,7858.26478822876
1458.16218730817,4031.71612639586
1027.25164600255,3235.76559547157
1518.92428396027,8936.5029190347
683.322024309095,7457.8382304929
6021.71006925559,4308.83091605393
7708.527191794,7104.15225749127
9321.78822330312,7705.20087211937
1529.03490642973,3722.12508914316
1393.81093903029,9102.85223223766
1321.23366871972,4170.23699480782
1188.96893400274,3212.73859219995
1489.79125588861,8990.30327048471
8632.30304236349,7199.13267641545
1840.22461616705,3899.72610870663
2865.92500171363,7931.22760756391
1973.3900355139,9136.92778946586
1877.71473512584,5124.40845905266
6439.32743455268,6974.73289632113
1979.07758746707,9311.57427431241
7549.85314106937,7669.74931814829
6451.21587750475,7369.07236816628
1402.85473253576,8952.37261146199
8504.90755851579,7938.4976493754
1016.55090838574,3232.806712423
1392.6731590379,8253.60580890598
1672.51016329752,9005.98199401508
1264.7769161412,9241.85662133932
8059.25864641856,8021.20184086
1801.35954595134,3471.12924595481
1569.25359473249,8268.14940261139
1324.86897228867,6852.78464319836
865.887071118974,4733.552391395
2552.31300347765,3927.30337134938
1278.96679045188,9128.28866385634
7675.2832342307,7471.48264783724
7613.6706864384,6973.13870248174
7523.09419275362,8140.53621955488
7272.71141672583,7103.28859251582
8874.08730993722,5842.31380756346
7440.8541377225,7941.47068165907
2215.97302837411,8785.90310390439
8389.85995289284,7381.70338233685
1510.0266854733,3488.1168727102
6772.94503759787,7250.90453820001
1694.84931981106,8848.88767799463
8844.14599626628,7522.23168692099
1693.90498154512,9146.48814501
2160.26529848403,8867.72005449465
7078.71203413829,7321.81013426039
1669.53971523492,3529.03590024163
8465.06073067037,7306.27598282334
908.209507308478,9156.94695239157
6610.82914577406,7728.52583807343
7824.39961394872,6977.84340192427
7031.8364018615,8470.88458298935
709.94582778017,3535.03980649655
8879.35123328401,7583.6498551767
7140.2634243905,7833.82405039349
1341.07190921871,8191.21524242541
1227.47983925591,3084.09403721861
1493.97738402749,8731.84229352058
7473.33094069845,8681.41359991551
2281.05133623917,3322.43175426247
1919.55905480455,3676.38600641687
7450.37033206628,7548.50655366333
7776.78162551855,7628.47841028141
1189.20787057603,3703.21347547434
7888.59023600421,7227.51356720988
1275.99160653589,3645.8056082404
7084.66039222315,7898.9360650385
8302.49422885128,7749.46810173463
1596.49992631328,8286.57360492663
7386.34917143146,7127.00883930108
7343.42164471169,6522.65714456699
4190.60640232562,3569.54270030968
1491.59465986256,3392.07013716944
4164.78628864012,9037.89755648055
8389.58073824697,7224.92549641909
1269.17303857438,3747.70934964092
1350.92569330303,3503.04966537472
2364.64457599606,4000.61063958147
7660.217436702,7746.1381153659
7365.77197380771,8129.31187312864
4526.82461583036,7196.49637869932
1961.83452360435,8300.23986038848
7960.03770522846,7274.32864073689
1613.68785108966,9023.37310734548
7369.56046750778,7870.97960867555
694.135772135577,8750.89157646048
987.568639768253,3549.20650503999
7422.91516836183,6697.56382007974
999.829884374401,8341.4345303418
1114.17660118936,3334.73513798251
6574.69155192316,7208.90766114766
1123.29680752592,3097.01464398366
8141.53723775741,7869.3518393375
8982.57168930087,7219.87183246686
2097.41078929042,9191.96319662347
1543.6426729458,8948.63460586114
7402.43495085659,7180.88237103168
7803.0906674569,6922.69446165704
1188.95774864397,3239.72423596233
2010.01991829344,3908.17989102038
2131.23768641608,9091.78512200465
1650.00896219051,3939.44865981017
612.726684284639,8831.95536629566
1153.64551401408,3537.96363658758
1890.44445026586,3791.84346897461
7374.36894356544,5980.15632642681
1532.55182296762,3347.97764682029
6439.2959392792,7458.97912089339
1291.08213430493,9120.98312539545
1465.28455634962,8770.14067942007
6504.56344327543,7221.35741612552
738.177267524157,3087.42378283685
1875.26726181534,9250.70168463979
1493.9500740889,8514.06845919227
1236.34653356092,3337.17775287834
967.050105407407,4026.10302157218
1461.99079323299,9216.77979224289
6592.54997439072,7892.66353233675
1305.94456535573,8907.87811350028
8242.46877579797,7802.83296077004
1643.14027674717,3683.02364632211
1439.98464750811,3438.06074632463
7171.62819508955,7519.82170131624
1252.33320280397,9028.77707693523
1594.86160801273,7554.70587940486
6856.53919484091,8512.04446485109
7435.30310177446,7322.37789995963
7312.45664219367,7536.41895463205
7243.14050872494,8142.58164252271
8287.12211986561,7698.48155059087
1542.35944203527,4217.5983051115
1888.3275056831,8892.68661363445
1120.46741280497,3526.48888713855
1435.03826619756,8727.33541246181
1189.61797993933,3715.56645242531
1221.58652569302,3297.16748651627
7151.21528084852,7729.28740248442
8155.21093810461,6733.49411450579
1006.48668337317,3412.01427086451
7528.46641770594,7667.31920853025
846.67967505213,3121.18990037257
1088.75790039121,8727.57790542612
2458.38317290766,8400.29203385449
1994.50433583414,8844.86601723965
2533.3013742247,3782.74389702434
1088.26524148028,3056.23822216483
1342.6819452323,3754.64790795352
7932.51285866774,7998.75021848893
7460.54679980229,7406.08530683547
1336.11016069735,3448.65292255228
6542.09557884453,6939.14487619389
1344.81689781767,3749.27947720822
2012.84580277302,3224.07988741786
2553.75355522415,8632.27283455345
1523.74882959824,4165.68270926153
1630.17420880885,3226.12283509742
1264.29245394576,3514.78986462292
7396.84972505185,8232.84764413098
6685.33183388927,8575.58186727364
1559.94393537058,8681.55872230994
1480.7275253821,6718.9426685354
1211.63155579075,3419.61043566826
1379.96675776563,3834.71218534382
1781.61425552672,3990.55845415641
1643.9608619925,9298.21693415007
1637.5617492521,9193.30342449272
1906.40695167117,8756.42449022606
875.959748129363,3722.0158058838
1006.14674946734,3389.77500351625
1075.46491385509,3629.63508120961
1842.18933231672,3965.42278467629
1565.77192270611,3707.49468013636
1087.52229640929,8376.95832167731
1308.51459236995,3602.77929228241
7101.63003916758,7700.58653257058
2196.75496237858,8520.42750229033
8509.59025846961,6841.22874636323
7757.270341247,8090.70798487267
1160.48280962296,3163.89737317399
6795.18617656341,4199.92977180456
1199.55002675192,9067.21145352431
8357.72917281518,7506.20416860697
1555.38359701921,9024.67708378336
2142.63832739116,8545.49091854312
1915.56730870423,8356.92885189676
1393.44433649636,8801.20060748941
7268.6323123302,7025.44159436963
6398.86123288277,7841.61703836251
8924.7335206918,6907.0272554394
8385.31588127879,7077.18981636776
1344.50886932945,8399.49479748741
1079.63877109378,3446.74611586301
8755.58877308522,6534.35990333525
7707.09970146008,7910.35479920705
1595.20655820223,7566.13914631506
2705.79358356445,9248.5468304309
1607.8991385119,7834.79186261947
1899.82291162842,9173.98870083781
6055.33211772669,6892.64394865475
1620.01477022276,9152.04465342936
1696.38045596229,9201.88550360209
2497.64758132354,8722.45599440645
8516.52096511556,4763.91820058264
7568.99375255306,7823.57437041263
8306.56869113298,5991.62733279083
775.316537281503,6580.18141587551
1063.85354289433,3313.48432851489
612.826912430496,3312.37359270163
7397.43214960338,8237.98452682086
7644.16041775443,7333.861868659
2406.66380986414,8404.35756197116
1070.78850756592,9162.12139557691
1785.15430073143,3708.08692991608
6629.78147272508,8280.43538977894
1538.46664742858,3701.58808995815
1068.58216689909,3445.64748306444
3002.22711935688,9053.18808380931
1114.10111553221,3552.17727187345
8124.0297252132,7688.57960336452
1662.93288559258,5098.34860900466
6985.17323185527,8215.30600847125
1024.01299135506,3217.24335475303
6577.9916494375,7899.01123811732
696.229580181412,3380.24796882769
8394.86870508879,6125.28131260329
1970.31257684922,8947.98903047201
8168.31389793648,7154.28651089849
6083.90429065091,7130.99533815875
1167.66116813195,8723.79924761635
1262.36343725451,3769.53386361187
7912.38561695206,7808.10474202713
2069.39872317685,8866.34688819937
1209.31871237225,8993.58761914531
2415.76544634917,9377.8406715086
8528.19884660613,7465.89656365394
1183.79371207841,9074.34857693091
1964.71781929431,8596.58643971238
1021.19568602308,3312.42597118419
1193.90094485747,9242.26764573236
757.667977214475,3260.77719637773
1871.34867747001,8759.68284324139
7654.3844448858,7264.02393410844
7056.71874516814,5986.92934309593
7531.25820314077,9345.06898595932
1779.96979840243,3993.90806241873
7744.28181449003,8294.44569189621
7192.31035820165,7165.43190870584
933.486242898193,3451.09038577925
8388.77678282893,5426.69394524453
7584.99549684953,7114.20766165293
1071.08156000961,8023.30007792363
1439.83862895704,8727.81931451006
902.199370498665,3541.91167906357
1508.2932167021,9152.34033056131
6956.00773794467,7401.08377151307
1359.99017005455,9139.73216213385
1277.16332727325,3402.22281470383
1435.92520239282,3797.50471322607
1222.04821350305,9146.48911894176
7166.64166014144,7239.5606165572
1446.91994300995,3949.83126929709
7480.70046509064,7509.73137830553
7395.04505939492,7179.31772297506
5567.13192954857,7857.01729277574
1110.56724284367,3538.81204326166
6850.35040858257,8439.37207247227
1181.09996623033,3810.01408690363
1942.73283933666,9331.03455880181
1157.49912260867,3656.19381008839
1563.18216130595,8915.93929925835
1287.86287873435,3585.91457571547
7250.61850418098,7953.33065659887
7273.73968829997,7877.60757505126
1752.73615632828,9136.80582003113
1162.01844056948,3411.05290214759
7880.39031262126,7814.94692063359
1623.3918595461,3830.38209640358
1636.28768941379,9084.06559214046
7863.97570650935,6888.54857680578
1767.27467888078,8959.68060567745
1535.62229636398,3710.77482464957
1653.54717196524,4244.88843130789
2132.68402261767,8223.33136928274
8284.88902404805,7317.3772597203
8749.12528435288,8024.81842226836
1180.82858493868,3519.73293462429
1099.35461168718,9152.87930407591
7978.10506668251,7603.97887130883
1042.19865517323,8843.71746537953
7663.26231300868,7676.3304789787
8644.053461811,6919.87760098369
2256.77886932033,3424.46304767872
998.664638564968,3562.5727341261
7097.17223097385,7020.83796337533
7412.48790862916,6978.40253821559
8089.88714636262,7898.1910382287
1002.91436846442,3457.24895292641
3514.83991089983,3867.07990062647
8199.80069595554,7592.17551409644
1263.0909007127,3536.82098330921
7343.56942888937,7194.38048095735
1840.48095099982,8874.40682005432
846.474848333842,9235.63623789456
1469.83032502463,3495.6297294546
1473.59407880022,8846.55464008019
7765.32386841631,8510.77201291
9018.3043451121,7644.52731960732
1611.74187467439,3577.56439236727
3089.07833904244,3842.41669517274
1677.7985622291,8180.80598638784
1586.25824096309,8176.25109525107
1234.88971436524,9009.52071219688
1683.75182811363,3532.14367911576
1439.52078505435,9242.49820571424
7340.12946700468,8069.74788470282
6942.63734185315,5621.85311479556
1478.03701638455,3892.49391162755
7709.53308226103,7565.82072046171
6190.87860807729,7890.27272763523
1647.89010845491,8755.78490812049
8199.19073560382,7287.95592456242
8081.91875839744,6405.02879089912
1201.94301765125,9233.17726244448
2331.34178458424,9172.12960241212
1481.05726171794,9088.19583030871
8908.94506356119,7331.49834133949
1437.34141766011,3794.38161966288
7214.81444410469,7271.52262429431
8240.18693749313,5596.03367702645
5273.16074129928,6927.22742621369
1297.78964703639,8926.40670627366
1684.34748359709,8690.62726095415
2157.56682344327,8532.84138102054
1832.66304217647,9216.52149203302
1707.41681692198,8574.45491726554
6566.43529566655,7068.02967185063
8559.77300192683,7064.97776697342
7815.76985789554,7136.09591739404
8181.33028827139,7279.28522266983
6285.42542624574,7473.13550107422
6571.30591494008,7551.11436779401
1624.44318708897,3895.59219574569
1364.71343560379,3571.77131130911
7363.38343117398,7258.2240205946
732.088142216049,3376.16182481821
1132.40431930867,9158.81254382185
7103.21884686101,6468.18800704962
6905.07141715608,5501.96855272808
3988.98901304959,9894.09437714475
1428.37233830109,9152.05046865867
1465.84969452924,3625.66891953523
2117.69146828142,9073.72329273008
1216.7033077371,3445.41604123594
6654.0181793954,7995.41877633338
7593.11333423947,7166.25194390717
7101.68129588962,6136.11281210056
1906.08069399631,8614.78176830907
1097.76570463818,8909.84610488581
7851.51462738202,6484.2491565556
1402.83690454418,3430.35078715447
1254.25013814857,3467.99858159676
7526.82982795717,7737.10053157496
1723.26047355785,3550.66181063708
1128.50122376008,3755.63519412289
1462.49080509985,8463.10098341568
3113.32653263815,3585.20791618781
1765.66969217235,3918.76796875355
1664.54943809501,4786.95619150592
6841.26720333076,6452.77012824043
1076.18778774941,9128.66603883179
982.965064305507,9293.00806879362
7459.35823686128,7276.64458829681
967.225415341119,3090.09453213943
928.594746625944,3294.38514786438
5868.29384025412,7974.0817784435
6443.63568936013,8921.6766014515
1593.02053814191,3353.46781440077
1210.5808408384,8968.84029093765
7402.87874968657,6932.15390934761
6933.7038615422,7993.97630206978
7179.47849563977,8221.64340543688
7407.05792317407,8461.03144194719
2114.63887936824,3483.46574584913
1163.41969342262,3484.77390023717
1549.59315430605,3513.43303964976
1298.60677600563,4065.49382672115
3218.23405450711,7553.67599523565
1138.66850338445,3734.62914918247
8103.77425783922,6973.05487694076
1460.99910063368,9016.01445411675
605.036272287182,2991.01997566182
7098.2373259953,7556.1507850856
1098.01211553829,3607.74892968024
8591.68371634121,8053.33293779562
1551.49509792471,8839.69770917194
2043.82579919311,9004.59809947098
7407.70004021293,6258.64629896179
1231.23396410186,3565.43458438764
8160.80849465353,7437.06458258947
1295.23090968282,3372.5799889716
1968.79475223589,9375.30525923158
916.518784830653,3183.78844153278
1657.5987831789,3600.85251735762
6510.99143549843,6792.01020018972
1330.46480302675,3592.79202539121
1699.5854322708,8360.95052022648
7609.11580779422,6362.91505518882
6885.94958898074,4589.6001456576
7351.8294788174,7404.39066421765
1687.89028396858,8142.70467331606
2047.62690821762,8588.06320016775
7472.97985373276,8036.24767972159
1168.78337358872,7957.45336997709
6708.88259402768,6397.35257937871
1274.26458839755,4147.05938167055
1191.6044047698,3435.23710416859
7522.17522473761,4814.35862430411
7874.61804256772,7193.67721378919
7079.9280219666,5961.65327480525
913.961978116248,9057.4612468667
1362.7980741904,3511.59978327471
7165.34850544653,8124.09060823797
1496.26521297452,9259.10070022996
2227.5275943552,9267.51060410283
7434.36987345024,8030.40700392359
8095.87840025249,5763.67644267748
7434.95154705223,7334.66794346875
6798.65349631953,7244.62318504257
7283.95528093289,7410.29259887311
898.851608269387,9012.61474111221
1816.94836633718,9112.79658977504
6923.54881238627,7928.06785853709
6977.84863285825,7504.08487150556
6239.47736217015,5688.10941657709
1059.086803539,8806.41457345684
8257.68640484139,7685.81626527941
7191.90566478122,6313.80907790649
1056.5832761783,9384.34627508436
1403.26904171182,8239.46139612998
7536.9755253964,6836.47423328988
544.233161729022,3431.61677470778
7589.28337575767,8081.91547694635
1259.17047568649,3757.51316744035
7874.97877610052,8321.03978059409
1219.15541394324,7990.37852271477
968.832544304007,9008.91306068001
1029.68454362017,8884.57880869732
775.120540251372,3455.35921955962
1887.5941968649,9202.8977261808
1710.71519785645,8060.7546870861
2101.10768854254,8863.25940119275
1030.71851300877,8852.41120677991
6875.13214333003,8333.98082704985
1112.94634028826,8978.52647552614
1562.25680432443,8870.32941213321
8658.09946257993,7332.69776841717
6716.93009495,7630.60538045761
1458.42401847126,9139.23911194052
536.331964848313,2986.21778711694
7124.51373044807,7400.62522322108
1222.16044375596,3605.07861822806
1013.41316285151,3116.07573960584
7727.08276406692,7051.51132305091
1393.90692569069,3730.19359131553
1643.95909787189,4351.03608600517
1376.67659216952,9118.6221147495
7774.85593960478,7660.12294246173
1146.71366141546,9045.08770102834
3195.06776250275,5564.25157577941
7726.50746289283,7439.83646748481
1807.22463376763,3708.83494434365
1323.42251589901,3389.70678623683
837.848730419563,3892.76845834086
1645.06977825398,9179.07761423076
6840.34048247308,6873.9073335906
1738.81631789761,8574.46208428457
2091.09161227311,8738.47339626014
1720.14897655486,9144.28411077951
1717.890084275,8763.45999558112
8180.47963600191,7593.38185997602
7408.21707082265,7963.23904374612
7597.09491070396,7800.33509112624
910.158106910073,3358.03092644893
6949.67609335158,7341.12565572564
1902.66949717403,8497.9012151681
1785.74559547406,8621.89142136666
7405.61947432075,7632.04015692353
8198.02758175876,8286.42791733239
7086.81401883748,7723.07419140883
1920.57259435083,9155.03952438154
6969.41390625676,8259.56405414294
1103.06976901289,3605.7586663621
1661.07158594348,3707.65499515959
1067.51138450634,9068.78103604439
7395.08977731118,6394.69634796276
1549.06965249606,4061.84021362861
1288.47205252054,3434.4166078116
7186.89678342904,7740.14656368904
1790.406678579,9006.97829447197
7259.03646866417,8172.6528119984
7244.79410986137,7858.73784016159
7611.62115262421,7083.55652183231
1352.96178271009,3759.77120199418
7823.19927718108,7771.38526197843
7918.35883223721,7356.31675724693
974.586541676127,8969.12790364623
1396.07527606315,3281.22666131915
3822.49245426799,8960.25875934608
6659.63605067192,6441.87469021424
6912.31576313568,7448.64895714488
1123.44589438165,9067.21892049701
7900.97017449821,7773.70359016496
6605.55456439177,8067.97239112894
1886.97633247236,8991.96799787361
7525.85757903716,7430.35252427517
1334.68166942136,3704.77723161375
8748.11361901526,8038.2214311138
1862.76892232678,8786.37026473714
2053.08240381781,8339.38721267434
1337.38984772816,3903.05521743049
1894.09340808553,3958.90709131189
1772.41583461933,3811.44643590584
1439.21880061958,7582.42012500036
1455.35721462999,9089.26987123128
7884.06026169063,7482.09664826933
5627.67726629256,9216.5894772406
7641.93264834224,8045.13721577552
7713.85248185713,7804.58902716029
2450.23958480477,8784.43277570926
7950.2466766265,6948.45437960395
1248.98864500071,3293.65745204048
7463.1431331691,8720.34741478282
6739.0102660255,6705.56458641727
2463.77849871748,3964.43365583191
7176.75784351446,7381.30663749714
6949.03263121073,7679.68918371871
1529.73739857199,9021.89137224993
1314.7368641919,3686.98579245646
1836.55152134959,7910.80227114495
7896.79491447369,7139.12595628507
5932.40941301233,7360.80702887166
6555.21749748394,6707.90945100869
1718.59711435731,9141.32975245902
2051.0705671304,8581.68435756206
1870.26456280244,8939.82633853029
8934.85068587665,7430.38873519953
7253.32694784833,6973.82354876105
1587.12450175834,8108.53295728243
1165.67869932171,8287.61530310929
1470.19820587374,3487.30520437485
8587.19285159618,8160.68336659716
7534.64144388642,7441.72421968967
2253.29412752207,9239.66236570073
1116.64324080093,3463.10738946501
1711.24376622501,3472.98630553594
1479.1481854922,8968.17807674706
1991.4125436995,4056.30272307761
1488.11775195459,3890.86305703851
6642.43930995133,7703.53892902813
8655.73510409915,7269.96516960472
8026.14920345406,7089.93071740007
7250.77858016812,8530.07202757767
8198.92735839652,8079.53778984131
7495.94938093137,8078.4245815339
7345.06917585684,7082.22398621381
846.691410952612,3249.82417319108
2055.94228971591,9259.67193668333
1511.89157303504,3298.24723022909
7651.14330298419,7890.02208434487
1248.83317160893,3502.72288878539
1729.85160680869,8472.74581523599
1499.34561643577,9289.45799216608
1973.17923761878,9003.91531083497
1146.75788522482,9015.9479542782
1468.25867086464,3533.12854571561
7258.42227453964,7450.74332090888
666.368456442527,3261.28976606704
1714.82274967984,8811.51397221721
7549.09709651464,7408.23700724228
1025.41345897967,7789.64040588526
7209.34199804904,7481.93518052549
1193.90749615609,8874.7771055935
1431.55559243631,3275.15118929767
1388.27831866413,9152.87066198604
822.961791786483,8316.71003487091
7959.35845525297,7395.30594539997
6578.5563445882,6653.96507035766
7436.57245908272,8040.82908283135
8530.19266055461,7078.07635261841
645.681376687537,3613.48775087768
8716.75868632917,4809.38224297434
7352.4684291425,7674.17737961934
1645.50373476327,9067.2219166795
2276.79484530947,3487.82317954087
8011.88414711873,7775.16176920275
7547.92614276293,6907.31392954293
1055.61418825266,3343.87277269835
1350.54619918481,4140.6041339258
1042.63396556789,8856.00815030358
1459.45122932502,3554.47592130163
1298.91110890381,3493.43680984927
1056.33820072998,3535.10062015702
1738.43656107043,9366.06799180693
4298.63198461181,4137.08614050543
1281.75617872437,3818.47670677632
8702.47289526428,7850.07760076237
774.143658369771,3254.09770010555
1290.35385976749,3524.62405028489
7156.26589597387,7302.47187282882
6962.64154848384,7485.03401075302
1390.30885516696,3469.97569696182
1165.26803048802,9003.847795544
7640.19308912481,7168.57761725052
1083.54845719303,3504.90104843337
5901.14100796039,7849.35781588497
6909.58137125697,6996.61349592196
7612.31219146351,7881.47823138225
6644.04632579096,7575.55117141939
8513.89937995894,7748.32770353639
2328.59820732627,7718.53874935267
1422.40618954452,8985.44713674568
1415.61814581584,8996.30278491498
7357.65852455795,6279.60037251733
2620.81040355691,9107.80135523461
1092.1110438324,2841.90593335802
1379.83981962553,8936.28076224722
4016.08350362711,8925.35319824379
7484.64896187374,7319.1342819267
1338.68361494666,7470.56944198036
1256.62518997143,9141.27014566814
7878.64286070406,9184.46039796847
1633.76930583127,8956.81853700538
1598.61444488992,8616.54924719299
4275.16628089073,7662.42562068169
7559.63660205188,7708.77783826693
7856.7585458448,7824.49257096802
819.574021950445,3410.37286699987
1589.5158768247,3448.90554410069
2626.03237484737,9076.45882370911
1546.34732699865,3794.75969908364
1585.0989007298,9002.12546646927
6843.27449379376,8492.66998549949
980.919714280629,9640.50330264576
693.238243010738,3071.14986998365
2072.46889827495,7009.84114571693
6746.55889028898,7596.83673994966
8031.36317239853,7478.70598189281
2307.79917812242,9379.27614028598
1719.21945023955,9206.40752766207
1521.81223024274,3579.75646985404
1744.01427201184,9041.27325962752
1506.7359582148,8871.16989984451
956.73896419005,3252.69248753073
1386.7156952328,9074.64437176951
1330.87735381349,3957.85765636021
1164.5038742728,3423.09040382261
1725.04355348918,9283.85196230691
8204.97084880255,8170.17658867557
2789.61702823733,5646.59967141976
7668.51724808356,7700.14759846478
1613.02709542284,9126.34459481619
1514.30811675518,3761.68885115497
1974.53224291084,3840.03037466729
7149.20024005087,7470.95233129484
7345.89405253967,6501.3602841793
1873.07879064929,8665.83462253332
7572.10226803373,7315.02250351944
1162.26120647489,3217.3763503303
1530.78075042854,9049.39059183276
7649.57116501808,6101.61675342898
7451.06725825387,8293.1932573835
7798.0139589267,7514.78762203289
7747.71291664407,8420.63425492893
1420.76722021907,3594.31084370666
6777.48741145193,8076.37431189895
6550.51215611253,7867.88292020344
2303.3582736104,5176.48582703987
7775.9202395166,7409.72202256254
1619.53706326972,7973.94398571174
8535.42647214777,7533.10103735665
1480.36567575401,3958.91542020288
1445.79472110842,9060.04230001869
2291.97316335484,9127.40191648382
1039.04260742535,9195.62273715823
5406.19234180497,8523.54675785793
1466.02697189875,8373.93450683024
6811.02373087462,6948.08770094137
7495.90533578176,7718.58386704751
1031.85651360943,3112.86097216396
1584.53610044423,8148.14715359309
1698.62869155295,8874.98085357288
7498.12321270558,6916.45047618242
7686.87489908894,7648.2177900806
7176.78531940403,8307.63686449167
6052.21249590051,6171.64139019782
1703.00861572307,8928.11703355776
1491.2521510494,7993.36184902224
915.163163121057,9032.68067649439
8134.69965976511,7320.32950490762
8521.81581733554,7467.2314953945
1555.93703492186,8659.22645108535
1323.68419087905,8988.80143524051
3126.34474064773,3882.86274049774
1668.0783412514,3855.5181320128
1575.65525043769,5167.3895694243
1210.10220848538,3471.32863026324
1318.5159725003,8982.19421723231
819.671489123479,3525.57703060431
7788.28932917461,8095.42116427842
1535.73729509375,9047.43555386948
1768.9159470632,8343.98014267641
8628.95303597107,7040.33512990953
1071.15601007476,3140.3877713317
7491.98844652848,7559.82569439779
8345.7471073046,8029.53783580217
7666.67109219117,7090.59802350499
2725.72012740259,3973.52689719322
1549.43920774457,9086.36982982514
1098.84925630997,3851.27937761916
6444.19602164404,8243.2066266993
7662.98525034211,7870.22201612734
6775.57638589548,7584.40020177196
2266.06951305319,9197.33225182203
7082.60062819179,8026.16372432279
8078.59896005304,6256.09077848027
3696.68512686939,8486.69889290564
1586.11922551672,3638.73077280078
1506.89326767471,8102.74567876213
8234.42066296459,7947.5942042425
1938.78207809017,8744.86907348007
2301.2552135509,4367.76538540918
1456.96142040544,9129.22573776485
2126.94397041332,3998.13584929703
2109.21506766032,4002.54922632789
1653.6583223994,9327.2280146494
6876.93486256861,6873.11964621758
2535.98612041307,8493.51810741495
8074.36617103448,7915.93771682221
992.266354293908,3183.76045136227
7633.76092165137,7278.23978619117
1503.67397526573,9109.72363322804
1527.25408558574,8895.69821581261
8616.33224361521,7279.3804554495
910.884860703905,3597.78912547666
8315.79081889506,7383.87495601697
2025.99684880527,8754.88249832983
8834.93697757882,7034.48310497142
8167.50301746616,7130.62034226786
1373.28196365168,3474.17279755727
1255.41931523424,8883.67169844347
7248.15627334542,8498.96180961057
7352.23046017232,7502.26831265437
1888.83737599545,8371.28154893037
1875.27154808996,8623.60921443377
810.121917145745,9102.26618594305
7879.03820665199,7985.86615562704
7500.22125872926,8000.99650729608
1408.83665260883,9195.70473833718
9179.02455075358,7496.03917905445
1555.26764544899,9121.17361091276
2046.2198547884,7851.82374128458
7100.37627319785,8336.33815208151
1317.87047570728,3807.77102125988
1392.17197257375,3771.71786103661
1423.20146441721,8796.2101628442
3860.06727236374,8230.57573580836
2517.01022668058,8837.21640395036
7424.64531834346,8089.03419811707
7293.14274825346,7221.62028057723
7402.308228849,8291.89397606024
386.560166891577,3114.7287016767
1182.53737793966,3371.47504592753
1254.60024670663,3337.40242102555
8700.00842912907,8375.92931343283
1344.61170378444,3306.73286744496
1228.89232279159,8901.35625179584
1061.21511614871,3776.41047011875
7210.44047230169,7231.72170146167
1047.05044658833,3047.96595525866
7636.1285856413,7747.62918361346
8047.69648499684,8012.70110516537
7854.54690294953,6092.02907354838
920.409970926644,8908.56995020689
1265.61826597958,3399.85146132859
6937.76194084232,9277.10842885085
7721.33988679705,8235.00416314533
1549.31479146868,8897.60713361282
7577.55480056387,7332.01131233528
1684.88501725709,3898.08361646601
7307.30931806881,7929.22508999221
823.747412764027,9052.60125637775
7510.99525122117,8495.56684472079
7067.54860866335,8430.23453252212
1476.87039356733,3652.36766391651
1256.47663996293,8973.28427667879
1635.83488314699,9222.27251745385
887.722836475144,3133.66537995695
2205.77086236497,8889.65393936722
1985.91787972626,7367.01901732381
1499.81316711405,8028.55247192465
1139.69653120932,8772.50441863485
1184.88489759672,8861.74145528431
1219.20138349195,3598.89337134128
7253.35960607082,7437.90574345296
7443.22095311713,7185.02171278433
1895.27485287177,8086.03183660938
1268.09233616601,9157.39599411174
990.448816079834,3870.20309248297
8617.5344006028,7808.22976628351
8454.91440970368,7405.97433413926
1098.78715225323,3120.70480234024
2180.09038734097,9698.14727195372
7762.32214421546,6831.94854464672
966.500696208072,8782.21923183803
1146.21011645152,9053.60522459196
8050.62509631516,8185.89637110754
7930.01314178859,7967.95015716402
1564.14608749075,8205.1375167858
653.522560152452,3061.50298150677
1550.03605310197,9104.40950099341
7493.04883573767,7376.65128806914
8305.78392155121,7822.7602957259
7527.26996574809,8128.38976591031
2350.56949687031,8788.83507118871
1711.93159969085,3659.79441542243
1019.51091526265,3681.25335717914
1020.98536522886,3726.9766907675
1224.29497299239,9150.34413793229
1278.10349241193,8083.78339750894
1098.6752853814,9037.90951990944
796.070490049535,3271.23307142573
2827.7424379315,9504.19302686761
1497.22194146793,3700.15757567268
6554.08906831648,7939.74447140116
7786.05222994043,6795.21219650573
1115.5755296788,3666.69149734236
7389.35996112639,7421.17938142547
7712.83180710457,8016.64510179703
6809.09955478414,8109.22867453264
1116.29119866709,3596.64174392624
2023.86548914193,3752.64854790398
7463.00494264989,7858.21541475355
6713.27309386483,5380.91687438165
7524.31415822417,7361.07916751693
6396.81021667321,7369.96251379193
6841.04131703094,6648.13567787999
1890.38660482333,8981.33168510505
1886.63968841424,9014.17639781297
6772.59648025009,7548.72017319577
8873.19766164137,7328.17614909251
1146.16449664623,3524.4074800008
1036.79040550354,8336.80928976976
8166.00292526332,6880.36929299328
1071.59114135997,4019.73100574191
1539.94635163643,9003.73030648442
1406.18979450588,8746.36815653743
1731.39047617489,9114.65944129153
1576.61457130957,3861.98218795974
2586.6415920754,8864.26419282262
2010.32403791732,9098.80528148851
7736.03492791876,7802.93646724866
1312.94464627592,3591.29827808615
739.933329934702,3146.57550781911
7889.71560838578,8434.43681799028
1050.43553063389,8903.68719295244
1523.16662664661,3820.04052382318
1771.0466170383,8985.49132361151
6620.76942197659,7333.11615609214
1628.26029288611,3915.55674465271
1164.24094821403,3564.88171759906
7150.86732812205,7298.72043834365
7438.85737977532,7789.78225441552
7389.18314236114,7405.83130768998
4846.34349277079,8484.46115460866
1903.68047536683,8276.83966929894
7353.10880819944,7949.63449896388
1016.63451461032,2968.27979766729
6349.30471279269,7320.063262289
1371.67249839327,7933.49264155808
1813.51473557029,9188.72116989953
7002.66234057027,7544.63458994612
2670.64612576171,9180.05247853616
844.512216602834,8944.14123053667
6887.03839986991,7530.22475058075
1800.74103756838,9109.03617093612
1090.96649097874,9004.48201532869
6711.04524081007,8326.44192135939
1692.65433842778,9243.70605303159
1561.66295586261,3556.41132504463
1422.1703337655,3509.82815864516
1491.73265094526,5019.56870084905
1912.29372807948,9063.97602049581
7996.29979740924,7660.53662137238
1255.00439032739,9186.32749494331
1135.89465104442,9455.21803877768
8190.56255288621,7943.49894136083
7305.10500096552,7452.76961024975
492.252002743239,3341.50122901673
7490.32337258358,7862.4250310959
6877.0981858146,8092.51131559114
1539.37478689481,3840.64432646118
6753.64756663845,7823.63383960442
773.459040223219,8053.47135899809
6351.72159978256,7176.38280150759
7371.28915367196,7716.38746700058
1933.64738307082,8654.58069918194
643.80396442225,3280.24496468092
1963.40209250587,9052.8043691406
2487.46413547637,4287.82648653689
1416.84504582146,4505.93147483065
6878.20229148939,7230.99910175328
8537.87028621069,7426.97595113963
1342.68359818367,9143.0531098556
1420.68295947629,8913.56747106
2252.35623571378,4104.19270072456
1642.81085074343,9074.62982025054
7487.47776684708,8030.10709719144
7823.69204108483,6462.14213357732
1658.29326523188,9192.04717380108
1094.68187619377,8988.58394859491
1779.41710405526,9606.48505818439
7394.12304489564,8776.91333096264
1235.22510986358,9005.06788182587
8692.36051043338,8070.58418495649
1281.45043401296,8443.29995924513
8072.19631287409,7251.02713757337
1368.73409003539,3336.65334874987
623.317875774044,2717.41302307421
7423.91022069059,7469.9524029273
6415.24263625386,9208.92874872948
7229.13643571482,7586.7653705678
6893.4969203306,6548.77989367196
1520.80600602569,3572.25986228975
2103.11882492454,8716.38217868178
7390.96897017372,7570.51425405024
7490.23712042566,7779.11145413144
1484.22860748778,3746.98554616744
7372.4193317319,7952.48256852664
7815.23275087865,7156.34714182544
7995.8271014204,7743.22086399631
6911.25359578399,8196.57730460463
1737.18812625733,3652.05220950827
2646.85831549787,8712.76856241365
1172.62612439011,3817.04932831637
1457.54401403812,9271.3096264134
7346.77762401616,7130.31497068487
7507.61775649263,7509.56187561785
7008.07008177299,7079.20273439776
7337.31248023929,8567.21552554979
853.33213053006,8531.00715443601
8411.4576133658,8016.11828067858
1127.34426287153,3059.43312358711
7086.61539161274,7562.0655585581
1847.11165951236,8370.9184572267
8863.93533438605,7805.83321472852
1225.92272463866,3653.43635431959
7025.38051258823,8332.02874136612
1516.17767031241,8548.18984174377
938.561367882237,3354.38881389536
7057.89735907412,7236.8604850865
1597.92270760356,8333.71391873469
1804.66422834775,8034.96380698965
7149.77303572746,7531.20675648233
1543.81413728274,3894.59491418066
1270.37766512782,3828.07363082279
732.307237963517,2954.44170580599
1249.65789656027,3601.87613056878
1617.97532108701,8846.84768360312
3528.76787638849,8915.79085235043
7997.92027529817,7737.06165445685
1027.80009468373,3681.00572206615
6962.78804056491,7972.00278438495
1578.65966613975,8201.47510159599
7739.23495472268,8114.18011074529
7510.40419879589,7052.71650571875
1218.04484718219,3755.04364385862
628.624871246496,9163.53213097321
1615.19850347692,3774.4272328081
2346.40463747386,8247.69803090057
1794.39370637205,9101.43122690427
7836.07849629322,6932.30793542715
1152.76993361458,9124.5256962578
7747.13934504764,7282.0301768521
1455.89717672342,3609.97567561466
7742.09530089382,7311.45627985484
1367.24139389504,9068.54181508139
1783.83207055616,3765.3865988216
8723.86778308332,6903.96692496039
1811.91260953036,9360.64110628141
1180.00748044442,9500.43789838027
7573.2832734299,8038.42998087702
1468.75814154614,8874.80193188864
7583.68317360981,7711.77627829024
1751.02677421825,8764.61811127115
7217.12506228522,7955.6201016586
1442.93457422042,8748.45362759647
8548.53788500159,7744.79196590844
6554.30403625472,7774.06205294537
1730.54480738789,9031.04622268951
1496.32525649746,3820.24533010504
8011.46931640268,6946.98448532709
947.428749458979,9165.64295443972
7550.56313921744,7400.43340199938
1558.57182533775,3687.02438520608
1591.02759699607,3731.40175194069
1493.12856617332,9322.15482108636
1245.75201964203,9210.37969334555
7077.79720487712,8362.99355025742
926.008863418617,3550.19013414184
2032.69816743033,3755.22181319669
6376.56647847994,7806.0598564889
1667.91122498889,3165.83985535312
1422.64221598071,3862.88736011244
3116.3166423741,9038.81865720666
1377.29389386181,3510.33050672179
2125.60978789919,8685.65690381468
7350.28271813094,7560.17510723098
6863.07912820901,7202.03898613381
7028.89883507806,7809.2882480328
1168.12262651938,3518.6832786599
8211.4886601227,6246.01666133555
1119.05074177633,3522.79636206185
6951.19706087227,6929.33651843549
1300.75360011542,3446.88904416373
1504.61671041688,8880.80799406175
1647.72037125782,3668.29300049132
1152.44865951375,3543.67303819131
1013.16028620653,3337.61313199033
964.971212989878,3517.12244694436
6791.29903126811,7643.94145927992
6057.44753185613,9057.02723158633
1210.73586211326,3720.99228117968
2588.78440540205,8925.24931965664
1587.6971237091,9119.83172219827
1609.01663385783,3355.13275329545
1061.78647608824,8607.74304727379
2833.75125387811,9380.44828725806
1545.86040359331,9066.88591474528
1371.67531372692,8518.7148185092
7500.82153215706,6471.58158297199
2050.12040430145,8823.86917597246
7546.89954850652,7643.87366888603
1939.66592317911,8844.39098472617
1695.03971731383,8800.54429479783
4446.10727471751,7458.15496756958
6708.67572985863,7959.47566536512
2739.22881576811,5197.92295304616
6232.93831699973,7758.84682270048
787.066218080486,3301.59470565397
7581.64603716844,8352.62037046045
1194.12157785351,8086.80730882201
2773.8195967254,9156.22795466956
8969.34798452075,7559.85203605528
7621.47907279772,6565.26437777693
1534.45242611256,7389.41407244286
1501.03582946101,3616.0856508023
7491.0526540328,6938.87630341828
1165.80666672199,3557.66416254403
1070.22253886659,8365.12401010525
1300.14816925487,8766.45582107017
1204.85877267914,3461.78708968712
6631.49799848263,6546.91730810229
1355.56421319885,9204.49118156982
1416.77513489237,3270.36233398573
6542.61185544957,6962.07170835741
1027.97824143731,4098.30093738611
1411.70580527489,9127.21073911332
7932.42123021706,7798.19132677748
6625.56391431084,7929.19475976523
1100.00773810753,8426.23053180488
1175.65022554361,8116.91441982971
7555.12637932848,6746.83340023333
7624.57929166063,7318.94364854549
1565.79430585518,3824.81512790797
1625.22461382167,3739.20664547251
6778.70798662213,7966.88671695031
1255.14879310148,9163.7201160797
1768.49772146651,8740.53373414568
1264.36735016587,3455.95548725801
1781.84611017412,3871.95769260937
1683.3331608746,9159.9494245829
1557.03183804547,8083.75672305093
7266.49350798611,7761.314558359
8344.46905135679,7128.7220967488
1753.0071514825,8342.88965397328
1461.65266426989,8942.48027101304
1252.59037230484,3429.17697217298
1323.12395495092,9006.60983597762
1347.52253291232,8055.98965968916
2157.30495167426,9294.79017759997
936.795277735072,3047.52568838756
7418.58674011302,7231.72237612521
8560.49977260677,8197.97692813251
6562.61523416669,8544.35320791531
2163.7386010578,8977.80635412442
1442.64590447623,3483.12318872015
8463.10678290852,7243.18477327672
2431.55852545145,8346.47907622846
1781.18973018613,3433.25498449239
1283.0130886192,3773.47074496291
7162.841824004,7682.97720625626
6108.0398724331,8315.36339962617
2244.73271041239,8220.16740385532
7041.53121261726,7509.74885061362
7721.57201532871,8243.62181589346
7778.62150386313,7540.20633314064
7815.71183892589,7443.53047834415
1345.58773206279,3433.91853491687
1317.7062885784,8681.48151679371
2719.7411007425,9333.12617541599
7380.10248890228,7672.3787797079
1521.60940014684,3484.35057833055
1497.97165224332,3626.69308566061
3843.11393996715,9197.73354854778
2166.52542623181,8662.21424301909
1423.16168929503,8897.10509241589
7391.43257800124,7443.8167763428
5382.12814271036,4123.0601433223
1429.35364335314,8327.26000974244
7437.24073632264,8402.3947095679
1695.80864369015,8899.9238659281
1422.15958674158,8313.20809655537
7305.01506906323,7264.20680839288
1099.72673671185,8711.61444596336
8062.53045845892,7082.44959609535
1359.26735084599,3750.84571486713
1620.54296815747,3866.87306981824
1548.87399424536,8507.73891718258
1973.80869537006,3605.73643405931
8240.63356846171,7674.1873937601
8231.23871356759,7314.56540838792
7875.6673028207,8069.94844816091
6663.74620410567,7652.71857059424
978.223840080883,3283.07320139556
1429.32458866286,9210.81316188436
1470.65750479004,3881.04337987669
1870.75913144643,8282.67940388996
914.151123836736,3228.45909211416
7039.25092546541,7968.10058117008
2097.36626757892,9294.71945490597
7852.58152203826,7607.7417283306
8204.03229114333,7712.45049744428
4870.03041321131,9093.27575528383
1459.96034267085,8989.31004546522
6400.5234126539,7535.8333194137
8640.011727493,6059.49875095133
2593.82296486668,8645.68473606295
6180.33084897343,7317.53741174302
1624.53609849481,7466.02350493725
7821.66255220922,7902.98790648728
7169.86558524112,5702.92019730448
7969.23735994818,6820.06156525262
1487.96643902034,9200.54850508881
1408.77165504608,9106.54581679217
1089.65182432641,8139.34139349817
7102.83243323014,6417.06379684697
1601.01077096554,3884.63621360415
8332.15054045631,7494.20769299097
1235.38929296043,3392.51076694209
7272.07321969755,8426.07754563296
7343.21040375343,7706.54005043736
2766.07640236894,8798.00840771716
1772.55902032231,4095.0426324634
1394.2132264986,8775.10191451614
7205.34570242546,7417.24637684418
1028.09226452174,3602.86509800152
2206.87788210014,3422.046904135
7737.54368261874,7251.22549087521
1295.37298746207,3435.4873881132
1307.24887782711,3649.13649569507
7505.85538894183,7133.6732619868
7769.64073022452,6680.43310846636
1223.09543113518,3381.02812123445
1830.72239881426,4661.98033280144
1785.86137545084,8451.22547008913
1181.3401120185,8957.0785750885
2053.3838495334,8378.79495406659
1963.20090390363,8827.4502400462
2014.055234543,9024.34668477552
7418.31356745008,6851.00497344385
8018.32997895095,8348.14488510882
1244.33178384895,3539.83319664335
8322.45241579992,6849.65091388723
906.349950015978,8900.83524772592
7192.88004415198,6962.60903533652
8094.24996875321,8281.37683289942
957.127792536204,3704.78945993453
1447.13727205837,8881.60814768449
8454.09554159331,7572.70359810156
7517.0923835351,7459.05791318052
8566.74123810398,5981.04366370157
1309.55454966127,3560.47020343006
5707.61309803248,6717.19171019294
1304.989434843,3432.32911058028
1660.53280500857,3526.69069190724
1227.16195634469,3411.75763965222
1094.34797275038,9090.47619260503
6765.45081664617,6545.07103741555
1477.19477600521,8783.8773159129
1600.1802132086,3537.28439521416
6891.44346145119,7020.32459071928
6166.34641601801,8078.72764068003
8786.26179509168,7303.56906678986
8111.75342109883,7137.68140389482
6776.89359855366,5240.89724959025
7442.6815886299,7812.48539091914
1630.29379881423,3979.92565089324
6895.49254703196,7852.10905289793
5296.9008444631,9371.91496442867
7015.03074442215,7143.26136715958
7945.25246080752,7486.49575141887
1462.90646717744,3306.1408386967
1096.91149344897,3230.71565719199
7643.0233523747,8053.78221085631
1242.42272454851,3570.276594456
8444.87882367163,7693.21738773298
7761.3904149761,7798.24939295069
5097.9061180768,7925.74773586774
1257.37180188422,8974.05029721219
7652.36448163123,7830.14896727782
1403.04330999405,9178.65557238001
7592.46428889799,7117.87043141581
885.147127129775,7524.90547077538
1131.41753331971,8865.39006414776
1819.6928734331,9277.69995806529
974.880427481178,3128.88643424469
1077.71219570937,8403.50065340929
1690.20387585345,4539.45137331819
6667.07478435873,8291.1554511698
1818.50160930737,3324.35740234576
1612.40751394583,9256.41021159221
7138.33290703049,7331.51994621606
1860.67479116697,9139.00490225848
7897.39234271784,7645.22464589353
1052.68381793942,9047.88052482687
1257.33238127227,8358.09348918998
1114.85568309482,3446.6571993794
7629.92633904547,7280.84385981707
920.783214405284,3446.33193170181
1338.2628054258,8787.10275686479
2148.87624204962,8947.12513766141
7701.12326136909,7421.60053708818
1129.32358658138,3600.78628069925
2058.55406990333,9132.56343023708
1274.14734678265,9222.17717539985
1900.59162996358,3910.52270119875
8066.38638757715,7640.91889301948
7001.44467370189,7584.8841560181
1595.29570325179,8769.52772436788
7297.69720142235,8411.23821606071
1388.98899492844,3168.21567444152
7353.14260336355,7343.89107055564
7248.41210949205,8016.3532913032
876.47012644097,3427.38139683257
2249.27116271566,3684.04065426171
8778.19227677766,7724.84643080722
916.065382129849,8908.41298765222
5853.93968462306,7800.92668604389
1050.54429391222,3305.67837185511
1538.56289144673,3479.50596786477
1550.28123915763,3332.61860894837
1702.24473184055,8376.81621240721
1304.54175170489,9259.30876488241
7669.13375908768,7744.93704960385
7771.98307132164,5917.2060163728
7612.6337973234,7261.01438316796
8152.36966056071,7711.82254735921
1362.00144855028,8880.93922471433
1497.20283889377,8915.37289502702
2444.69960655133,8923.40361825939
1874.74943675636,8916.16927598822
869.725980141994,3174.36592588532
7296.37639034983,7995.03224318751
812.549799580222,3404.08706463427
3505.27591887823,7032.51557281367
7958.61967109535,8119.85259964513
7726.88581760415,7893.29233622876
7935.13243687017,8220.91469169862
3959.44757334497,8304.2905494258
938.393151771505,9155.54283554366
3046.02814491884,7948.75060175802
1442.42772683752,9087.81426910691
2711.46646290029,9624.17794355347
837.52346326316,3339.43219827167
1528.47557898945,3809.61782816008
2137.10813802408,3847.34315605028
7559.66145224817,6927.31557389471
2887.76375644329,8635.36842919413
8552.27637697765,7435.11792509539
7146.40705246397,7099.40546255478
1491.22756044223,9071.92996886952
5972.2064171756,5515.27520522414
1170.11695797921,8807.00959958959
7735.81807191094,7962.33624172136
7503.87277189753,7789.54473289295
6966.85780329694,8055.44595639756
1569.22006753592,3653.88963775492
646.936569073194,3178.51577549867
8377.62847376856,7570.0951727488
1651.42432827175,8970.2250387417
6685.24339765438,8595.59008284276
1044.02102934394,3672.11450084789
6860.76387655356,8948.80202311694
1440.72413088751,3782.79123874642
7710.30873176096,6471.73513531316
7738.465691168,7710.47188504806
7084.44746797618,7372.30288822081
6487.35483449594,7949.37060544633
899.692465643596,3174.65772147908
1331.68740340906,3605.69676761954
1271.67607696202,3617.61106868975
8332.78591422581,7472.71666352108
8340.04449947414,8023.32441019266
1082.82823127743,7910.24917241787
7894.17381293691,7331.2794223213
7128.85155946524,8293.46462052472
8508.84909135233,5439.66713629551
6766.62745784164,4774.4068981938
7075.70276124436,7397.99973950727
8313.41692368021,6326.85500174977
8016.64321416573,7619.47638619015
1830.93054662678,3736.67544287713
1126.93590894813,9406.442637963
7522.75842061815,7690.34040968757
7648.79190221881,7488.07609714833
7087.14511399646,7377.20853614457
4938.44536046398,7400.19113181783
3169.97723760532,8623.65884366272
7351.97442100571,7966.8634808193
2213.36831176204,9160.87379153165
1179.22842691033,9202.73775938161
5258.04785200653,9018.44089568823
8115.18254968237,7624.3352934816
1267.41325662856,3271.14360185217
6194.37675967203,8015.69739599837
1569.00514543947,8975.94953914946
789.462352087011,3376.88247636507
2330.76883214876,8926.64300089164
1463.86194465369,8836.68846756452
7779.25384736781,7795.02595624555
983.552087102997,9101.06327384636
9086.88546975421,6316.51481010737
7412.59927966139,8002.43856082023
7204.10941774811,8129.79845358447
884.286430427645,3225.58459015614
8169.77798293231,5480.75956374526
1337.99480713583,3706.41561244755
8399.48007459886,6636.97040815248
1203.85279512346,3547.30273008192
1574.47379617261,8141.37618543597
7781.23358430576,8025.84534694572
941.539750708817,8303.68640498595
1463.62037783114,8951.78521440224
7472.65356447212,7482.66406560977
7437.82165850588,8186.51893439122
8151.37306092445,6467.85211548581
3029.87557582717,6635.46144148433
8123.20840787815,7312.61706347418
1327.8529887313,9230.13895314015
7165.37477977453,6931.07770212735
1717.87880720528,3903.70472289363
7762.0359798101,7201.83421006679
7043.69446681115,7013.74014335774
8795.52358866578,7035.74480848482
701.797231318206,9153.68892276022
6922.53901465701,7642.69892538007
2224.92944197802,9603.68893258149
8205.82557839672,5992.47135043961
2233.27243581397,8066.09777814075
2037.04244661642,7688.94044913648
949.618340168974,8888.91096120791
1465.88300460166,8764.80843742346
1569.04772732789,3429.75425325082
1855.69804218141,3880.11299856855
6472.66754666994,8037.72033256423
7518.25708445892,7952.72044904629
973.070091956178,8911.18198681055
2129.7788777227,8860.66918460046
6134.91987146582,8195.5905063344
7264.18739475114,7394.34043485804
7994.90457270257,8192.93833097496
925.406664345979,8945.48289098265
1064.02230483175,2961.20413750408
1367.11231798241,3652.42192562886
1423.45951839363,3708.23622048844
2161.95491204951,8841.03487928439
7128.13836229901,7162.77658672163
5260.578218403,9244.06572535533
7020.06368691267,7642.76178657864
7010.20515474515,8593.08363279186
2039.49996127422,8218.60457874111
1355.91934837967,3749.90731859269
1345.48510483132,9167.18873931349
1516.09961081369,8792.31638782372
7687.08124793955,7818.37850677233
855.93659510756,3247.67616114072
1016.73495565678,3718.6562214743
1427.19073150107,9157.73897956624
1336.6999541945,8696.37507037186
1295.87996354314,9067.23432084172
1620.8175574595,8989.67032430667
1257.02364009201,3698.3446914372
7596.50916119125,8068.95452475143
7396.50815817285,7701.66416662566
694.367600548598,3224.73025407458
1365.74678971911,3652.08483937324
7597.72935989193,7295.72721038755
6898.01957154536,7903.19300764309
1550.32601507278,8947.37425636084
1752.28044837268,8139.41477973148
7307.79846973293,7923.25016514934
7481.7563305109,8058.12912668101
2070.68729593494,4333.47573217705
1652.57230144357,3898.75774023413
1789.80003197045,7880.66396059835
1515.31300727755,8897.62873264958
6699.39379860242,5652.75713595047
1727.72226003507,3762.36572214898
7538.46213243181,6363.13240109078
1201.3027597042,9085.55567032221
1360.30229325827,9150.67003989258
4050.69871520204,4230.11960282455
2167.13126756131,3378.22438052277
1656.62046478865,8695.44672847022
2047.07730561694,9181.60714932724
1673.02799959605,3899.150265307
2574.47400582443,8998.68383222345
1328.39238749473,7868.24977059881
1436.97067288028,9044.52080072839
7063.17405231962,7435.54439304062
7665.40092311892,7562.28231654836
890.837929147493,9013.59849863657
1208.76740288157,9051.23200453006
2128.23036816808,9238.84790747618
6714.89308008038,8051.33147031916
1024.02385925326,3143.62224329962
6422.29481525637,7207.74743535993
6456.59161840584,7726.90053072018
8071.08912077921,7463.30992535434
8547.38595358296,7241.5331738271
6956.32993225342,7830.56771670014
7143.23863215659,7834.46396584158
1320.64308755886,3613.82564526616
1434.54307834517,3434.86075662225
1345.79984154642,4207.93713886115
7480.99565932588,7391.63372186364
847.579298774897,8851.34178931909
3334.47498399998,9162.6987397591
7614.18287958328,7490.76305680598
1122.89818128578,8704.4352018508
7711.53597928553,7945.59550668254
1384.04404382289,3774.03179241797
1060.66077229089,3305.31800870571
1443.84541866865,3789.86641541395
1297.32808540336,3755.18843466422
1541.69476035088,3636.6340341422
2002.50968777463,9326.14007749607
1623.44179944022,9024.25363249128
2010.99597668061,3590.69446326896
7237.84276071244,8312.83415368425
7159.18810837435,7350.32750742002
1186.101513456,3466.82394080289
945.647735191284,3693.66541655834
1700.01632752756,3977.1411949044
1196.03286031611,3501.88761822379
8841.52528410104,7841.31630053316
7249.28547007736,7850.23220051679
8669.87107687449,8058.34862980614
8687.34150331088,6653.73153337612
7358.12065801967,6969.20470144446
9154.69510373478,7739.10395919389
2410.36540372486,8274.07628689058
1179.75937386486,3423.95336629688
7266.10472513211,7200.26148721754
7208.29287777228,6927.24907477565
1632.49111874042,9133.84758484988
7218.99387534376,5829.26820386713
7737.19837035338,8255.64601453165
6546.34388414535,8068.44003802334
7223.89397092203,7449.02263430564
1485.41244380259,3978.58270849577
1194.91099659015,9162.70724874819
767.160315967985,3004.19810136535
1435.17400003894,3464.84525860891
1601.94599279574,9058.96211034572
1697.84215219701,3981.42066034593
7652.17672663526,7590.01967415797
7471.19656537957,7378.71399711757
1188.92528331606,8919.72184850848
2400.56866410925,9102.03733123659
6209.51066358001,3821.77629717654
1482.01653298067,3534.45799995609
1196.24774493536,8673.9473341765
1730.81479785715,3840.52654407596
5510.27121926833,7738.48125309125
1462.90542039647,9173.96770003757
7780.13034437033,7414.65629413298
6661.99497472618,7380.21893818663
1418.50308051035,9319.79446191582
7907.97720562245,8216.56900929661
1701.86261095662,9162.99874979614
842.446559883348,3128.06623673562
9047.08769007176,7426.9310632844
3257.06213192217,9336.71032172537
841.955094514983,3280.59293606993
1413.93813849386,3980.39864058485
7671.17532697322,6918.98501335863
1133.73926778156,2986.74480883353
7836.17303493899,7240.32110340618
9042.81734729242,7780.90622588226
1293.10674088347,3375.75980838179
636.084068986517,3119.45953276943
1304.86821972938,3433.43108298438
1413.91853525703,3835.61060274705
6598.4334690825,8392.62454887036
6603.79211209637,8357.44972770174
7200.99755353685,8199.37588119158
1577.7400748807,3949.52041553992
1201.37676670235,8554.70316951098
1665.79770838795,9284.46651377102
1084.3230715543,3432.94239721973
1650.73630612357,8838.58180844925
1335.95637893636,3595.59894329639
6031.35155042032,7202.88796251692
8976.32047907294,6599.37635575971
1625.24820820439,3689.65842611701
7859.49210747783,8540.9652333564
1873.81399902127,3958.91159859609
772.923495461908,3095.85498449886
4777.9474834281,9169.51555907007
1584.74661336573,3758.07200274684
1460.80858837033,3609.15115427883
7741.06328013457,8252.74119267427
1832.68582081475,9076.17624782768
1451.61241240399,3625.29096317297
690.537607549146,8818.91837000033
1237.57621496044,3792.42920225567
1604.8263866007,9281.01579173857
7953.63719162693,7216.29872815434
1765.23819568041,8687.34766189897
1783.09194978399,7961.34953067735
2559.37851462034,9170.2619633103
3289.26421816364,9048.26949715972
1042.89771202492,9269.11207867436
7494.63495199582,7777.54260802788
1441.07509362876,8244.39722446992
8226.33681489608,5452.99362785942
1427.91547914794,8113.97410677002
1676.26503666377,9295.23650657286
1899.66681990451,3750.90359598916
622.062600624208,3280.52540263396
2138.92025976834,8054.35792120891
7740.77583364824,7824.58146906376
6472.64414020848,7050.25693147528
1291.49481127078,3700.77669163609
8395.74117936896,7424.08651641135
1783.85631347143,9397.56451021992
1125.10624359659,3642.49298482695
1516.42244564196,3586.21129536891
8025.78847024835,6595.89842746794
1404.85789652467,8673.41552697195
1415.63982327743,4726.04938011452
2154.00653334549,9240.96476986538
1219.44107393187,3148.87049743651
8279.46052473601,6995.55474598158
2297.28423588248,8959.8841462742
928.869325598656,3687.78054599687
1307.99332833383,8430.00694967367
932.602955201543,3202.72005090953
7772.60658637581,7759.2512266491
7748.19062774292,7122.21439547809
2013.47224440759,9033.99770586979
1927.76917026789,8591.79079083853
1621.09924343814,9508.01138114818
7611.21101084579,8251.50488186572
6134.13101641671,7359.88444257151
6908.06560656592,8305.79558592855
7523.27610051552,7580.6362505526
9220.92025368244,8183.65986274335
7351.25420697182,7774.66144498388
8712.72457694237,7262.27306551163
1163.42711172298,3690.46094507493
1114.97142264331,3436.01226806596
7079.23545915867,7760.31835197231
6895.1099068486,5018.19202075825
1848.82424320877,8846.70111431715
7464.16700839426,7046.45887115433
2105.42424416205,3684.29446934915
6768.03264565953,8103.08663729545
6797.19999332071,6939.16070539213
1322.35602913379,9130.86418467599
2184.96745648898,9017.68585436078
7340.74375823917,7523.99043905928
7042.21824397637,7222.52448107343
7194.09116060212,7138.17730540661
7720.27819414273,7485.82726791294
1540.13801158804,3743.60133376734
1004.87282109777,3220.99507909819
7318.92872134249,7026.06281196577
1643.20240077955,3621.24655903341
8197.43449202419,7435.8215986423
6746.61663743521,7733.92624056639
1821.24419525847,9129.5147005621
1269.52108251148,9027.99215456563
976.716392233688,9165.78948567694
1352.6701500573,8949.87806283452
5191.71634077791,3898.66787407801
1752.54973497896,8517.44821619629
1278.00612968394,3737.44134216119
1413.95497950106,9167.47753605316
8182.40419155559,7626.07711624822
927.963205699435,8977.56017569532
1435.10686774319,8672.99961157436
7322.24164070805,8240.51008381078
7615.54675054122,8372.60998241428
7865.75856965574,7374.02640728883
3116.72571882082,8147.82058439833
1673.66953434015,9149.36261797836
966.096547890386,3432.64097088712
1082.36669443177,3305.68126478663
7758.63577636713,7770.24640214449
2884.44043549718,8243.1863204766
1355.18829071153,3688.61485901551
2420.16604819538,7831.44954470727
910.096987567748,8812.82559675249
693.96976604865,3007.91550396349
1620.80662466054,3728.46827041258
1462.1679937948,3661.72167002392
7541.72009082632,7741.21069002592
7185.07555169939,7313.57937449091
7019.21913515526,7880.33600431252
5856.35576380743,6626.38548339935
1155.96841410127,3157.00257832754
1302.44834172552,3103.65530933548
8519.90302268531,7743.20920271271
8599.78070301564,5837.61419669617
8727.76088396612,7466.95938691382
6957.17479656463,7964.14519411977
1206.93717057389,8278.50974945035
986.713885011702,3173.98817804023
996.31117848646,3279.04290714463
1896.10298964628,8823.08770110949
7339.36184890368,7156.79961972372
1445.76613775261,3451.78412677892
1223.10321015806,3579.94524771732
1140.95032897566,9085.17624341574
1073.73147469072,3599.86274559845
1119.77318698837,9002.73180945071
856.83865108724,8844.9462057194
1226.4369753314,3352.97042658747
7576.99187678807,8180.22785108882
1496.2669743991,8978.19299723761
1335.68661664554,3698.09911790766
7320.26335320329,4578.32230567722
9311.13067863147,8166.82314109898
2033.34524767805,8946.20024579639
7318.12970054228,7244.06346996327
1721.43340764318,8143.41685133923
7733.08844446772,7464.73308417536
7307.53712633835,7128.85817108692
7978.91476325497,7030.66763624829
1722.6497576048,8513.36997587789
1098.54804944553,3298.66290351844
7616.35576398319,8552.08653019612
6422.45234602577,7635.2371051111
1352.74368950522,8266.87509497361
7539.22231055488,7357.42632304819
2902.27951289078,8761.0559076845
1283.04413340219,7685.44469645447
7735.73596092137,7040.65484898357
4811.76784954308,4020.78423065208
1317.07010113083,8717.63977102834
7434.20432684556,7654.80845490013
1542.58710857546,3645.60967339464
7827.61623719621,5480.37408621889
1253.12344495909,9161.39627353581
1788.9175998433,7677.69490887967
4991.90257688714,7496.97388835277
2252.24545239579,9262.68517182019
1469.71123533019,9115.60911944005
7174.24533698393,7543.33128768646
1744.50867857577,9173.25249909204
7139.69276651055,7750.87087350842
8072.54704684521,8404.65047433193
1118.15746332878,8689.57889281048
1029.64936699495,3368.9914096046
7674.48347814759,8093.46137095282
1689.75958570848,8973.41952156466
1743.69500012173,8327.10826107599
1603.46432989982,8803.73845009833
1474.76860122325,9064.11299065673
2089.31666923704,8276.54521957433
1321.94775889239,8236.52620364163
1217.03041664655,3788.11177937964
7079.72200088913,7249.78926481299
1590.91374661083,3788.29482765212
2342.92783827835,4376.28437663287
1105.03927473206,4022.0253525478
1356.95543617314,3471.45378225969
9624.13817935733,7613.02541104249
7580.59510452399,8171.67029546058
6965.0280984235,7580.78951443802
8703.95145671471,6864.42639833113
1386.66129156134,3533.49693437746
1236.12961184814,8907.92083093665
1152.37554844568,3926.32526481734
1641.25359125217,8935.33635796075
7996.12973599876,7913.16470116412
1186.92887301241,3324.53470775278
1818.52374876901,8390.57790323437
1977.75579033273,7771.09198751703
7537.53448538751,4126.33087986072
8518.48672931706,6334.29804209218
5839.00842037141,7438.47661900713
3832.15836550553,8217.46150190714
4711.99261926358,7021.98983882167
901.383882740757,3277.0491328198
7391.0468096083,7678.98507083054
2219.92303777479,3589.29525849099
1492.15305629748,3707.376052148
7815.42373870531,6711.92973146876
1764.9897988844,3847.59619707418
7743.39027316321,7784.03907767364
7573.62544782124,6547.29692606615
1435.31672853121,9293.33875698619
2823.27217389426,3627.70004255015
1546.82760055498,3735.98587421851
7321.46021544981,7995.8410547058
1181.68413475443,8384.76016441301
1867.48822506613,9220.13981429176
7205.37266019731,6626.87532827646
1062.94731843765,3199.30663952832
6860.47595334426,7932.73543721431
6763.3724948321,7826.64101774599
7426.95236030073,7227.29980063848
1055.54114719059,3515.08399648989
1397.54703269188,8003.83252104974
7613.4554400452,8275.60182576294
2735.16780465132,8037.37033122797
7568.36582007166,5767.9134728486
6568.95475786115,7475.36807458231
8801.60103843406,5914.49177124986
1441.22768689433,9312.72114053834
7839.865590826,7615.01319489801
7041.84219743742,7807.42648046255
7495.31197880383,7577.42406988354
1857.29242834199,3719.82064260755
1128.0446476056,9265.11158646272
7428.63827717016,7605.46451634776
1579.34170944827,3518.05684175088
9308.54512974289,6956.36708358635
724.988726488447,3098.74122301269
1243.33193813383,3503.05394570906
1388.34142877204,9256.78716325066
1463.57592012419,9231.52432988669
874.175717895041,3108.35887016084
7547.39958161068,7242.18351458964
7310.46056933734,6897.79753052601
1635.6965021799,2758.6566956587
1395.47934936489,4004.72875107868
7218.71276665139,7235.7861421421
7518.74317816416,7805.98972287212
1478.23865067536,3969.68442128842
1859.48075723734,8857.04326504922
1313.73348935562,3820.31425099451
1051.04382303897,3380.4813161378
1248.90410269465,9495.54754842542
2186.73454827812,8474.16815749803
7056.70124860729,7970.22876597036
1268.41351816318,3687.11237931502
1208.24966922741,8011.4192995383
7010.32639636532,5991.11828534244
918.483926253118,3468.08426962512
1521.71126977193,9162.81895073407
6674.29312046541,7428.75148968324
1216.93791961912,9106.49632662262
1490.0067825677,8991.97030667951
1248.08840089208,3639.33450845314
880.033588910955,2987.83389803058
7655.27945594996,7141.92196638435
1539.56388978154,8657.75498375758
7428.66304393285,8028.90088729606
7373.84316602253,8478.1997989398
6972.48317838235,8156.82484030664
1564.8661448995,8931.0413124668
8637.28281135564,7393.98812084176
1766.89194024693,8916.40165760561
5892.65183029669,7639.78192446482
7286.29311244997,7063.47131326829
7105.13977234202,6833.83928376631
1710.5042812588,9079.92863706401
1773.51472678965,3466.37292819008
687.277491574257,9124.37347659137
2019.9428744374,9226.24642022817
1475.47792604087,3685.13710236835
1495.9509369257,8583.98206626498
4940.70021938362,8694.65939801717
1620.39534888965,3560.37603787183
2010.71804012826,9073.72265615011
7599.60737828735,8256.88440950673
1612.2391394192,9098.29974746813
7303.45966554296,8111.89741173233
1149.88247379827,3797.04752175561
1387.90822563402,9014.09145109835
2505.94676101692,8640.62872130985
7667.18713635466,7053.145368602
7748.30601991204,7555.68167180982
1268.40940803855,8945.78655844974
1411.26141908986,3717.45889787868
2309.80438212974,8709.04941115655
1340.16177829956,8783.14443860018
5329.18904270915,6804.52025306998
7690.7938153981,7786.84042835651
1618.24199009951,8960.31575806092
1301.39649582026,8728.93566020673
1306.18851321934,3293.73016317587
1545.84085212075,7857.49752496063
1782.08363159774,9039.23391434046
8381.83574816435,7604.88530399928
8756.667197003,7446.36750363674
1532.86496880503,4144.68890721838
2157.07320389949,8852.60189320833
1478.60042887133,9142.21810603486
648.444776635025,9248.51768169193
8008.22614638895,5214.08566912554
1449.16373112233,9215.70484282155
1705.30091940909,9018.14889813864
7039.42349805139,7994.77305760267
7663.01553189912,7449.40249543393
887.395554356752,3281.34099397859
1272.72967687314,9026.77221106734
2582.88954932472,7666.01062731081
1632.93867041424,8645.44683630053
7277.85971410182,8595.25325532363
1691.60696310718,9071.4264504008
8423.1863844055,5954.99045822006
1478.89106493468,3891.86457489209
6967.06718221556,7510.41163886488
1403.23990850513,3427.19302945497
8251.15945437236,7325.70795752601
2294.8682489671,8731.35813562267
1952.23030941732,3896.49308495314
7412.90846719434,7681.66775129456
8595.45315672319,5573.84596568367
7894.93131776575,7421.02932089836
7545.54088501718,6745.44950547984
2793.64540451946,8349.54365544182
6987.58588191379,7965.11380332478
9183.39746850956,7913.76491668221
1018.36979970367,3413.4176998341
993.15149253276,3300.27027253328
1496.34161768297,3644.60091732262
1991.69683225564,8916.28141271615
2126.51670849962,3936.48258503703
1257.63877515408,9085.76633837533
8949.28138704748,6768.37411442116
1707.10169160586,9213.24011679645
1741.60021662906,3766.98414882406
1493.97123133746,8671.53498404978
960.379364154982,3066.18173515232
725.97200610323,8920.75950581602
1206.32597596713,8725.38900858976
1124.96501793943,3520.8848409264
6541.18167274863,8022.87851766062
1740.31135885452,8820.40551880345
1910.19937286669,8855.60921665051
2539.06005335291,8896.32010691315
7630.08408630621,7355.29587298357
946.227013182478,3161.65014924011
8320.09303800248,7730.75272249844
1689.54820064527,7802.86738048114
1206.13994414041,3278.93849278494
2152.48685156484,8697.38740420576
1271.85888447612,3428.32339503316
679.298261936943,3230.70924538196
7588.81971873073,7492.9586965652
1481.85545213692,3887.29624474401
1372.56343325841,8775.57244761665
1255.88588696551,3094.8951510382
3540.78498204548,8566.91582505475
7716.19888833336,8044.85188520261
7072.96525391372,7096.97614645539
1170.97806218114,4529.03973917479
1334.75660633019,3841.67041848301
965.117829157747,3373.68919827226
1785.19948635794,8649.49471868576
8727.36895961511,7621.66881528302
5481.07127664591,3589.89362157791
7736.66249074953,8376.59082711088
1084.08900837431,3247.20812014393
1124.00871144341,3441.35773241505
1144.36057469279,3450.31005494576
7217.43630171658,7912.22340557601
1536.0884695037,7999.32950416125
7511.56760107178,8380.04424604171
1647.87345674782,9203.76157235454
1750.7526024503,3717.56970783225
6433.53694318675,6658.66289985443
8728.55550127314,7941.53415985777
8640.32763264091,7633.32649225376
8419.61351763626,6115.81916647978
6859.86064607588,7839.43274491893
7790.57496219383,7253.54643099407
909.407011803438,3361.97067786018
1381.74753426778,3832.87830813973
8593.91907222736,7664.74281298614
8077.85380027442,7690.68113988545
6717.16602741989,7840.18461345253
1336.25055226816,3556.15380111081
1930.86482135374,8834.29683629394
1884.04928994218,8481.27563868587
7613.57684486543,7361.12274907108
6086.64514466743,7850.86036051141
8044.02660360706,7646.36155474117
7054.74127621351,8149.99447930748
7556.81631916117,9412.06927962008
2520.41346130026,4092.61266509462
1960.38993969171,8923.92415573388
798.167099704568,3477.35931683674
2102.66105648446,8383.38542904706
876.113123672804,8792.13057392012
7998.67551531746,5158.38159476344
1710.85389438549,3788.63361644849
2108.00647289946,9056.0951117732
1380.15721623307,8914.94517264771
4573.3890712974,3507.73563792898
7387.48478808565,7999.4700481202
6935.03120338846,8401.68171677648
7098.77824774311,8231.25233092881
7338.47252418229,8400.98933230465
7516.13207837547,8440.47979730067
3304.09891398387,8785.23353219882
1757.14293136867,8843.82955026831
7349.69101485969,7904.46801422582
655.814527433103,3431.30742600365
1484.87212849844,3488.91872773992
8046.23755029615,8434.88520697666
1373.06081024003,3500.31794259364
150.669143527259,2803.43715846533
1050.2004725187,3406.06841698522
7553.5111212026,7807.57475799245
1291.17289149556,3648.45100905722
1639.20679521355,8958.94712842783
8844.35762579457,8159.75549357937
7281.49272055538,8144.54191170392
1553.20254543246,3887.90378010886
8207.06833588078,7857.17027352778
1558.35103998859,3098.69327624173
8945.39423901811,7755.31605007781
1153.99789965588,3512.49874993855
1247.48804331665,8416.48274696364
983.991926602633,3616.33034072833
1831.62585382317,8765.45349771305
1727.52701437393,9016.32457354143
6906.95339327159,7691.47782149321
7780.02674789269,8730.60725584565
1324.14508401918,3243.83415763021
1232.70518481259,9012.60347563764
7777.83415101995,7892.63417284425
7006.58853139292,7619.81343396767
6954.24636495605,8067.91027424904
7806.01195455333,7259.08308168593
1469.67820817482,3896.72883580384
1362.13026740011,9274.23363586634
7735.55651252313,7940.22642532723
8462.29106748395,7636.65916665455
1230.1428146203,3457.10230995922
1511.1394722327,9259.3445437742
1457.26786708947,4790.73065313832
6825.18498852698,8038.49421946443
1894.2673769721,9206.46930707932
938.14710473742,3591.55835482348
7448.68358347563,7188.99224626207
2283.06704155121,9085.70656261048
1825.12715924079,9374.26776335539
1900.30295208918,8998.80962136614
7713.75488660521,7944.22608046671
1253.33824271158,8574.90260657433
1556.0881761618,3277.13280190396
833.163047552358,3326.88136703842
994.46754168471,9087.11374984301
9030.72353195428,7595.30278939059
8272.06508055722,8009.80674327212
8855.42057021132,6533.41410435329
1121.46130530448,7733.14467590197
7082.65650993713,8450.32143333269
1728.18407257414,9445.1790909114
1600.70946077424,3664.33480418358
8680.47427079197,7590.24419473589
8172.39885354683,7780.11996790656
1786.47715131751,4000.92802228917
1393.55199833513,9043.65361912084
7279.58131516392,8165.76317133975
1278.97658259299,8986.57766157179
1642.43332490133,8985.99928562369
832.086874978784,3010.51558609247
6745.20697925157,8261.92188947827
4608.56148685812,3729.07061278653
2399.34679247564,8322.62566392781
1224.654980067,3459.91055872956
7349.5755055285,8455.37890869465
1140.04506523308,3104.61109495615
1241.6291783041,3935.58089478056
7709.76007504595,7180.6012532196
1848.2200628676,3654.84215935181
7475.49420904854,7661.74160411739
8754.17624525223,8135.730920646
7654.6814407103,5547.50623284244
7654.08156964645,8475.90848730846
7539.23324935339,7807.12966016124
1200.14850110057,3226.17500079869
1103.56309634123,3467.51306243883
1550.44406480055,3949.02403608124
1071.48964426451,4240.68984009106
1223.32284432439,8235.14743322167
1153.90005055411,3776.32287908321
1373.17243719428,3200.11123461931
2388.88445483058,8380.33733192525
1506.31019948828,9077.36253350759
1346.53198448736,3866.64792874517
1086.80275966786,8793.45826371547
7806.50796151701,8517.60243130236
7707.45659370576,6522.54268924007
995.972764616687,3823.85213159191
2257.53253718207,9228.05333678493
1582.51102307244,8422.51679619858
2101.76999474076,8253.97677640061
8016.05553946268,6982.47638489357
4510.47838366757,9176.20101416468
1231.81105685772,8975.58526411193
7328.55225296958,8095.3632155289
7407.14809998287,8084.2553455858
823.868155222415,3197.36635431101
7283.34367935529,5713.35701400787
7395.05993636336,7864.4135518848
2140.16742424078,3730.30271277735
5253.12925970194,4002.01523322834
1395.61446453321,3708.10773462131
669.043933933082,3727.91957147168
7323.09059275346,7204.10645949283
8001.64184644605,7559.67438594513
8297.80104484838,7634.55275924269
902.549684366609,9029.76244980721
7263.22225227868,7207.95557881063
7530.97526764017,7179.04010370976
1541.75193779005,3661.22812831249
2183.46594318458,8662.44725219422
1073.68983534694,3540.71391942677
1062.27272218637,3258.80352210347
2431.6362495054,8133.57268746197
1067.43434433011,8119.03207399441
7710.02187494919,7554.69663386749
1696.40545127773,4233.80327047608
7755.08531016091,6763.52558832526
1310.38784000881,9069.34317597516
1644.33341646248,8732.67629767528
1668.61618680544,9086.07306197995
7172.43500827595,8122.21411797201
7063.19561145805,7740.48145657873
8474.96751163858,6648.66154914498
7725.99108244459,7121.91300686471
8195.11362689329,5844.12955789841
1335.6138590949,8932.25431588603
8882.94561566756,7582.33066270984
8005.50300061332,7889.74048459082
1171.29214352028,3159.52688931985
7723.02682053613,8103.76557558857
2040.85216735831,9086.23652754059
1337.54624566724,9255.96161688056
7249.25251193615,6361.94757601273
7499.32908648097,7996.61395011652
1944.17411551609,7475.19051320443
7119.11408170114,8294.94583908032
1369.0679781746,3358.54315576408
7911.48784743814,7404.4912047084
7971.13179511105,7120.25575192487
6650.03671380931,7878.37879824963
7496.53538116261,7914.65045809365
1436.6202319749,9447.56623705282
6726.86757814004,7572.33682709132
7302.29914633531,7807.61768483834
2235.47464926829,9044.26815564003
1248.08272526245,3539.71354990774
7887.60310786916,7453.15867002956
7491.306987198,7217.41251353685
1491.28697919858,3801.73773845252
7438.90494067185,8087.03462624369
7189.20673827786,7431.47168031908
1365.12854047562,3583.12562714142
1926.30270376678,9450.8477527325
5932.45361573271,7904.63541543166
2706.53012308978,8706.22386469803
7720.70914075586,7767.92711214215
1576.13767527831,3998.97974523527
1188.75774264065,9059.2788721331
647.639999623005,8827.81847354807
1123.39133440269,3077.95748946668
7969.50748913573,5899.66710024629
2837.0844439763,9148.39545639756
2147.70497788145,8965.48997269995
2617.09675781505,8396.57374443762
1254.51600258237,8767.03203336292
1116.19912192577,3443.35490994397
7889.80891281991,8224.81850680987
8503.14973122779,4993.65121794073
1520.94821261717,3962.00237709693
1369.54584540748,3586.08347965552
7501.8836911579,8118.59319223678
1634.83666785155,3759.83329792575
8095.9082588009,5589.41928530864
1268.31060849661,3570.78503863106
8872.94233595658,7186.70987000262
1628.16109909327,8549.73038316706
1495.82925733856,9294.61018199423
1394.87415066414,3654.90044090125
6507.97363313301,7063.66826074214
8893.20217225607,8671.0689744034
7955.3251565545,7918.79712907587
7683.38816438698,7800.96206842372
929.091020096015,9177.32526745165
1086.18535662159,3267.06444209268
877.728540775496,3307.54254979137
1038.59202485052,3920.50924528162
7755.41985643959,7770.12901926145
1354.22694751514,8867.25060732318
1678.02171144489,8984.99274214901
3843.12285269756,9017.2221288042
1113.95532264854,8894.178825492
7555.8344874778,7971.50245672561
907.057555135328,2974.49460216963
966.515787623799,3142.90287026496
1085.62920084689,9107.60265572232
7041.72167326411,7759.16919966319
8108.50566372037,6788.32642086062
1613.57094797636,9143.40896076906
1083.34157902989,3451.80386150827
7801.63280383489,7696.8692454152
7480.68294867985,7806.32224093287
7044.35148244095,7515.05610692419
1675.72423210612,8831.15906747857
1383.01773455527,9204.46112383886
5503.56178626441,5652.10200889432
9162.43452121278,5893.6718929679
1560.5834013273,8737.99451448192
1257.85800105153,3768.05894124341
7623.81696368371,8238.67233881491
1568.5057157295,8890.93347272815
2242.35820918546,8013.62180511443
1280.46980384207,9391.58627296798
894.008041195969,3541.35368832212
901.540669262143,8133.67569105704
1579.68219222428,3793.2599307907
1486.56520842282,9384.38398593507
7504.55729549412,6748.80852644839
1468.98963900536,3730.24409944587
7810.8781765322,7301.55049476289
676.070924612054,3288.44698978423
2431.02279414814,3604.95851881895
7632.3639995832,7659.97640496147
4383.58352129804,6394.99592764135
1171.21712605369,3558.07552830097
1872.16026624405,3996.98094968171
6591.75268501634,7308.30526862285
964.927546961297,8737.51626164548
2290.99062476316,9087.0415497089
8915.78611714362,7316.62093063528
1672.31101078544,8878.4054698076
1990.47921900954,9120.57823444806
1607.69838613141,8540.69587699125
7830.29957055763,7824.63129357049
7219.69941282112,7381.56255936172
7838.73771987848,7512.34109806209
6963.87443716942,7268.85645701471
1550.04898087124,3824.74254735334
6252.10037213945,7161.56988806645
1264.8471869316,8497.14265810203
1089.77277590133,3375.336451037
1478.37153103068,9298.81477650685
861.696199134749,3012.13417988089
6749.62125149387,7598.54612380904
2545.39733256785,9067.82147041949
1424.28416965711,3743.94648390458
674.154692630705,8906.79895944951
1796.30917674742,9033.43362486625
1037.30512610284,3410.83061815406
1431.79413614022,3855.47623023002
1270.42154411113,8460.0628147228
2874.80872915194,8980.45899245094
7055.64683953192,7443.43275158726
2172.29413121997,9159.45406688112
1798.28551798527,8693.0853565967
1141.924761003,3212.26187537197
1012.87808925258,3743.58812095176
1788.14427222458,8430.98100909408
7977.45207932205,7178.89015812043
7416.35808348496,7021.77487264085
7129.63726973119,6361.88112650231
6248.13222391517,7726.80485198678
8222.46371387845,6335.66353413113
3266.34016566569,8779.19474620423
542.172403533188,3176.94074525048
1804.87203552776,3880.62303425636
1419.8534483632,8950.56436358059
640.665389102347,3016.00849363748
1040.87661984706,3744.51063593766
8803.50568073615,8022.30533686038
1170.12019809026,3519.2748031229
5791.81682509503,7326.19184789457
8206.21995356362,7713.6609871393
6874.42109811346,7954.18369597751
1769.97526770035,8857.78752798479
1744.41245686955,9045.20302235485
2021.83105086264,9032.47540583777
7556.0938028825,8079.65905190549
1529.83866351313,3573.15884400888
978.43907687429,3492.07230641771
6812.58338127057,8093.685128473
7128.07991420976,7582.41833245
1810.51000044679,9042.96349733083
1176.62219342059,3752.00270321764
8840.77689483241,7330.74882956052
8084.14437096881,7829.85523160171
7433.61983987443,7852.75858304491
965.836447250153,3015.99863274777
1591.13195590173,3687.70210200976
4043.70097855208,8420.60500011174
1692.9096594508,9050.7892534185
995.470823402493,9096.96726434836
3361.92731186233,8129.23281973555
1178.3265886587,3908.39378176009
1133.8757321475,8732.00359004135
2907.30748637085,9215.78375085341
2890.69309475785,8248.54116801729
7123.44094979978,8151.87020084585
8861.99270459139,7274.71395873082
2357.71466359777,7889.1922565651
1770.17171039626,8382.48350250899
8221.33979605247,5665.25847290403
2227.08336948268,9172.7371257759
7471.88206480491,5315.75592909362
6517.65482971314,5746.28976083151
2164.38777584677,9038.96686579508
1052.80738267683,3646.63064226011
6793.98204524915,7637.93666672477
7278.91238663113,8212.93438513085
7887.36291993241,8167.23702622604
1292.07609742348,3519.97151603073
2169.2489362628,9254.9749357557
1242.26395028452,3553.63580260294
1655.49742567643,9237.9534006356
2152.02028928723,8219.93184483739
6875.99772762993,7282.28319705351
2183.65152569545,3817.94803978668
1625.40124806868,3558.9516717107
1704.63705203715,9157.88910325566
1113.04921908076,8997.57911834846
1524.90315929336,3550.56353778489
1154.49262876429,3798.57342622574
7104.16135955944,7646.68666294751
1605.1380845426,8901.73375149805
1205.3463141308,9107.76343206531
1336.10492771292,3809.39864206184
1656.34874596124,3821.503809715
1447.35270447392,3475.454973472
2161.32389179079,8891.21598755427
711.511394832514,8625.32858859963
830.830461630927,8768.38594816842
7877.17045148035,6251.10327716105
1584.82102185384,3882.7800465285
6735.76732349295,7353.32148811844
2020.0075743124,9094.31803576754
7128.85883196807,7926.37682237711
1753.72830268334,8571.90518824501
7140.64152212353,6946.86091004564
723.882977155502,3296.92062360876
1005.69712351838,9419.41144296634
1253.99583413359,9171.13382428584
2612.29229709664,8736.49693591531
1245.862729234,3342.37463123865
1052.02116591315,3522.77820821857
8823.95069292062,8040.37089434575
1334.89500050895,3393.35214802545
6601.15191247293,8313.46052272587
1111.73808231616,8906.82930804416
1614.10120135419,4547.08940930612
7456.78568041067,6814.57564942039
6376.55435769158,7131.1082975188
1831.99730992087,4141.51266053934
9497.13020905963,8626.55623282064
2070.18008563874,9397.03044677135
1084.14415931102,3507.75989127236
1387.02561180741,5343.53791261397
7341.54541635059,7474.8937677994
7357.13257994577,6551.37624788333
1075.50281702445,8489.32318050348
7841.06331057085,6778.06378103151
865.667418008523,8825.99432377767
1026.52538544649,8299.0508161681
8098.24329547116,8276.05731553686
8193.79824225239,7744.10644565672
938.270757362791,9275.32730294954
7889.97116919343,6565.60534184734
1360.59232453233,3510.54059820029
3921.6921446057,6566.03869492026
7540.18620434364,7996.48846781337
7756.61266767099,7809.00432087176
1450.97999560781,9031.76921870786
2223.52641727439,3388.44761070497
1873.36083431925,3768.64208150174
7683.51316275779,7414.57239047039
1277.229226416,8105.93342224633
655.187839634329,3256.66522222693
1272.27130083595,3630.43981192717
2661.02549593603,7695.99479057955
366.045813250299,2926.00305385601
6222.18901409484,6792.42017948853
1154.04087859309,3201.51901158301
7124.3912113135,8571.28774132849
8213.17063405956,6981.95537052605
7656.05888849683,7236.64033030628
7249.04695035617,7752.45509505668
1416.64168797117,3474.31916186686
6112.65559895934,8073.46415689089
1248.55165218695,8917.5592643437
6980.09217433506,8355.00692290872
1338.28934287158,3659.16626929883
860.353720773802,9102.90165991863
1346.91681249364,8046.05559893902
1128.22584364145,8633.47716571382
1604.87734844875,3693.09053964621
4442.9575649476,8952.5622417411
2340.87769718878,3826.35319864045
1472.01751864799,3686.28849073702
1308.3986669773,3740.37532000902
1032.74084037669,8225.62506488198
1029.72860409874,3416.60111945174
943.123470983584,8280.89218607853
1091.92501795557,3769.90215080905
1388.81685133895,3542.33804310933
1287.24393422871,3701.61379585335
6761.27901276362,7491.54771431331
1597.68586109967,3546.16403551832
1084.87240760127,3218.95717754613
7149.21156458373,7179.76633400729
1355.60548198742,9261.63179150252
1264.54773418853,3584.12480378896
1007.54299096781,7959.21043015353
7724.96366727785,7989.01934404277
7090.25095204466,7820.90677847202
2061.36366572792,3759.58546388046
1420.61209134873,3537.42797364159
7977.07301282886,7313.09955255722
8796.62736117957,7319.31089118917
1001.59228780996,3397.51225351238
2134.86525227371,8963.41355586188
959.224624613235,3494.93518963868
8300.64754185832,7395.4423552932
1304.75084268452,3133.63702177378
947.391231551613,3827.64216533798
1121.57791746808,3242.39048726118
840.074199953166,3041.6721503078
1603.22270452328,9246.61979116254
1011.02787557719,3446.65652550831
1294.15969220774,9384.33391454618
8319.33156715577,8126.30946260995
1652.74520149011,3689.09326170761
7594.36807953979,7438.14269711556
1467.3207554285,3881.03017347676
1311.0565903184,3653.08811952852
1792.80678330414,3567.6902641139
1748.68103446945,7442.59036732196
1762.49238180459,3844.19156597209
7819.4738769122,7198.26566170818
1250.96566391139,3700.5463397186
1347.23849314347,9328.04431018196
1152.02668317573,9299.3885729335
7624.14923239777,7679.19918472001
7768.39536295742,7351.48544426391
1665.6645438889,9371.77647407323
7188.37480509296,7440.75070808101
1482.2441145728,8941.78839536716
1753.14124036727,9084.02143552363
1330.64091975782,9121.61862632014
1422.64859030421,8571.77941372881
1302.25682972837,4084.07447213973
7475.24573276039,8007.26634245261
7429.30841403354,8276.88312425476
1589.58730166947,8671.33994948066
8001.86856083379,7838.53483050384
1549.90918757287,3793.39221090462
7981.04851287103,7457.22370755498
1108.98180963646,3130.63707972876
6785.40191419272,7390.6626745247
7252.07254471676,8222.44641417287
7280.20520656637,6403.40753334492
1873.67424847154,9053.88196884365
7897.99948144024,7732.72773027553
1337.66808752948,3489.96628738093
1889.35724729175,9010.89985606652
1991.26046381452,9437.22659809776
741.509144809083,3106.46786611451
838.014972463365,3489.72577288306
7885.76849005046,7815.18068055683
1376.82131500863,3557.55070138501
1345.09277305259,8505.89206650818
1198.91814252293,9081.33792034516
572.156377032584,3314.09426805303
8594.77801310742,7259.08115750996
8127.58439889998,8071.44909936701
7602.60694780992,7229.2022571485
3933.86454132827,9219.75184736657
1532.63530455354,9726.63472058169
1661.50613102908,8665.09920039104
1453.75796780698,7960.4777980173
4741.20361648771,3982.57989280317
941.982833668156,3202.81906174648
1721.37671624474,3954.02514854261
1639.87677393588,3863.65538976096
2225.76488200271,4598.70247025372
7175.46134962452,7717.54108411439
2081.95653213027,8438.04337761396
1227.5950005981,3602.13778270631
7148.02854256202,7534.80926370388
1636.52205097216,9077.70461906401
7366.66669326539,7843.45753181316
8626.95941597981,7562.59188565318
1920.00719521723,8580.61427767466
7369.73791968804,7632.58659274213
1013.15515448894,3052.15131150138
7249.3703468325,7880.64695958642
9440.05179538038,7542.63112344955
1764.71161517558,8948.55863511125
7874.26813325173,7336.7112322179
848.049521825213,8979.17938123121
2439.58602610869,5518.21977717172
1976.92907664902,9055.56428283708
2583.64525157344,4443.47205019012
1938.99565648261,9205.75992013902
7653.86377558968,7454.1289767562
2021.44111085549,9302.33773312329
1614.63582045154,8901.1377315704
7965.45191246023,6091.28603657847
1132.77262350575,3638.90221920226
1203.9418899036,8715.63559213337
1894.89138938904,8626.03052751866
7980.67049220121,8406.81322937641
8065.90909568944,7190.54240041355
7385.66099620351,7797.84218112893
1219.78076001467,3605.39572570934
1525.58276175828,8899.93189402161
1578.85133646292,3708.93927609875
1006.82634179864,8874.08505056842
1320.51785197164,8558.89677961022
1853.70896737592,8776.3066635993
965.215516681235,9028.73272313076
1614.02560740612,4479.0241549408
7086.39054159234,6695.73659820881
1665.55062772109,8449.07933357099
1821.34223550983,8932.09571257605
1217.91427762525,8968.08879320079
9376.55556518239,8113.78985940654
1946.03423642547,8881.74803607022
7853.5335901907,7714.41421978217
8453.32025546456,5877.17589673399
7215.51686003653,7651.82585691466
2005.89175985012,9188.59861749031
7421.24701209425,8021.04218872579
1423.00003570809,8853.03988897595
7185.27522627882,7629.03319913884
7359.89562291888,7405.17850580161
4367.5568227247,5224.11958608099
1897.03202896209,3365.59967893117
1538.89348076085,9014.24870433489
1429.10589105249,9143.13519916143
1526.27573127301,9278.30590862804
948.709564225674,8719.32831893888
6924.48264104724,7835.98509194834
1557.65974584285,9108.19994974621
792.047152127105,3190.31208830589
7032.16172622889,8251.91895284366
7157.97186947691,8289.83166639888
1980.41837178539,4031.90850780444
1472.72227235059,3611.3867391325
7524.63779264867,7149.81833611744
1082.47854323098,3584.76944225518
1753.23820710017,6303.47987023374
7512.94999946917,6810.51195047144
6696.93742926522,8098.42095865446
7354.00427301446,6996.48031267912
7138.1807279135,7058.90136547368
1395.49648202286,3402.09716798152
1152.56141274496,9344.05399564274
1113.578456218,3597.17263985263
1415.46477137709,4201.89103697771
1032.29268830767,9266.00311065562
6920.54278753926,8019.82338879371
1130.84425749057,8263.94810118642
1425.91826024443,3723.54999243142
7447.47902946395,7953.11595860721
1470.65272554896,3851.56555361672
7186.74466167078,7594.75851880804
1622.88570139448,9088.29473899207
2064.67517389033,3490.44549727565
1980.28149895247,9247.36455196065
7093.19872886666,7518.01482052173
2264.15000544122,8638.30826269083
2208.55143696567,8786.86485206292
1387.46948301586,8791.8892523205
6920.78535832745,7811.54436733608
1015.94869046504,3479.14231785864
7604.5304263114,7965.03989848554
1313.06589740729,9054.01518288309
8200.07397538641,7858.35077689936
997.142829682049,3099.04055571137
1942.08885858893,3603.35379840167
2382.08110577535,7781.01035417405
7228.63980560439,7754.19718769244
6759.2607625018,8037.44822877131
1327.45436795054,9180.5466710403
6657.23428976259,7610.30994198096
3150.88501869712,4001.16182950373
1842.83207072503,8843.10702125445
1105.12323998515,3228.22400009039
8150.79608194002,7551.30823010481
7510.54628749143,7603.3003709087
1566.93125582283,3514.35495634788
7355.51714443339,7341.8108349394
1419.94398459556,3589.1688335868
1689.22972217866,8920.72297832973
1668.02828802671,4194.36842026192
7718.23194999825,7807.9301412222
987.325372098719,8612.96397717583
6414.07152875308,7589.34166417358
5797.38876379225,5129.75267161169
1286.74820190174,3640.18928779546
8921.21415157933,6976.37434123448
7079.710966408,7866.4288767674
7371.59680229801,7822.14276465182
7682.2650520371,7065.78863018405
8318.65177629004,7187.71281110908
1968.96501877624,8753.69097280944
1959.63170268773,7838.05916313789
900.914045186294,3827.84495794627
1629.41326875176,8991.40206645218
1224.57597677305,3722.55124199786
1952.49076664211,8981.33541933372
8624.11999340098,7753.80123785704
1559.39174969513,9051.58573212357
1774.49165559873,8983.36821780015
7983.35815133455,7084.1703059943
1605.20450299424,3917.36188799779
7221.47239437171,7375.38601145784
7665.50733413287,7872.590288944
2219.50655922464,8125.92987866208
1415.69444854129,7941.40626065771
6749.66837813966,7493.7846535285
7601.85045929711,8471.75859768149
7205.62075512508,7297.92764397967
1484.32115957827,9139.6849096033
8050.08945749403,7655.84194045916
7088.84808539203,7279.10616084015
1081.90667297182,9102.31214793574
6750.13955449806,7187.23121230371
1399.27975684934,8940.98281915888
1738.83649385727,8938.73820903583
7541.50970867941,7949.38908248642
1182.8449012774,8825.66486421125
7448.75904169021,8386.67125689613
1184.3880622014,9229.27858252802
6662.4382660169,7317.6824213498
1236.87529271361,9221.0995212932
2954.20192460421,8839.09010699902
940.337175486724,3205.47046217006
1758.95375229853,3494.20064484229
1944.05260719098,9419.48198839419
7773.2006205399,7363.71701861907
9431.2589348812,6878.21087363718
1346.65144339305,8568.85668654287
8073.78989463419,7409.67159669039
1136.85332087072,9251.44747513942
1507.06113802826,3886.84478393523
7323.44077783215,7367.63117557322
7768.37587430127,7744.79565495923
1285.51510151217,3637.73446543675
1303.05422170638,3529.31709918232
1390.85529942334,3884.43978683617
6614.35450331107,6930.07318980972
3662.62252883034,4046.01953416207
6695.59311170801,7780.76012820348
1287.58913340691,9376.73783878884
7215.07404185705,7117.98452592183
7500.25292819782,7287.18399102011
1424.51349846122,3421.61323257418
2267.96456268777,8966.27321942336
7192.06706371233,7886.52496962004
7437.40246370787,7834.78119700277
3651.88637867817,8645.09692362146
1350.24512066518,7733.46876548362
1562.64454995719,3827.94541217006
1180.15410348048,9120.25073056405
1478.20565731874,8534.05421781722
2106.17558292719,8913.56443268536
2260.11653397865,8768.86654383504
8661.74160305201,7478.20281898009
1922.31040950928,8915.00070795407
1673.34834541114,9084.02397075426
1296.78091724176,8916.31549915033
1102.6228064851,3168.30936351556
1874.77128090547,9320.42010743653
1088.04607352778,3569.12584314207
1656.12961182223,8408.76626222538
7321.04987829455,7366.68310398148
7503.45499038283,7951.67539019689
7347.67868618756,7579.51344780453
8782.05876401643,7103.0572739267
7283.0628340905,7329.31460703155
676.727787803484,2927.38589435771
7601.21949332016,7908.52960922526
1105.65225959489,3490.91428041079
1414.93214567136,3970.56130432198
1327.11445468127,3550.69968774017
1075.71708694291,3420.39660289616
7574.69988034268,6908.86059572837
7994.33703162429,6083.26316233103
8228.37299503614,7564.33522105811
2362.62340973834,8687.25089756738
7672.82910888835,8196.00240645858
6652.68075897693,7492.8902041811
5672.62377422431,7864.28200930584
1266.39826560615,9225.11879434611
8488.12769786648,7896.03902006029
1132.12998028473,3400.44274879558
2049.44124381281,3638.85341798595
1233.14622203551,3421.68931599437
8884.60849259781,6932.76560732297
1902.13034851285,9043.86780320856
1615.7760333104,3901.12472148271
8076.38670827421,7275.48288030747
8970.36670005159,7527.18165906308
5187.51197745516,7423.92057860378
6186.56438399497,7329.98674399612
2572.86538843872,8798.88338340887
7779.77743690407,7380.17926853924
6664.80274579254,7413.24355250123
1446.62973510066,3593.53845618923
7582.68712217126,7811.30923236437
1238.65752099411,3630.3379374583
7655.13246222325,8108.31339462257
1676.89704370395,8935.09770955036
1104.10076830027,3652.32799711208
8856.28845362019,7296.89516436919
7664.61685640809,7542.46479008453
2060.80153429883,8194.92931036482
924.854389754553,3375.34963490196
1488.68234250557,3656.11771889772
844.67621263795,3395.11220020204
1192.79578702358,3575.15643298116
6557.92849544926,7653.65791482921
5684.15070713525,9152.67171964451
1571.11521674955,7741.33257467553
1261.11036981736,8509.63107761239
7076.23858981338,7487.89360476724
6737.47115862924,7474.62757121606
7074.01660816505,7477.70105044758
981.66445356022,3278.91056899322
7535.68790817812,8328.73933804006
1735.32876719956,9326.30780012174
6847.26889907381,7706.74511118756
7161.86223491264,7669.36038022087
1476.71885407197,3782.97541618493
5993.0690084049,5160.49642723206
1377.93047978456,8947.17756904941
7196.3729223732,7373.86283312071
1516.28764576176,9005.33054718371
7746.36947642977,6975.78591750398
3050.35521462692,8753.51604625246
8314.21023336859,7720.16575381885
1416.28915858774,3778.48054102215
1393.45357920631,9124.11733240895
2214.43240213589,8274.98082591917
1470.18701017563,8546.760060123
7334.61194559539,8439.9103599412
3190.71125667994,8803.40866408469
2016.39233204243,8730.13858886453
8737.90424684188,4885.55093076918
7136.53555758853,7510.83585878178
1659.18824921076,7593.00983119704
1677.05499198187,7829.61362237877
7644.76626137996,7820.84869087598
8235.15471216983,7022.66202773746
1502.65685113629,8904.51924505692
1584.15820217455,3595.02642185066
1498.36954162848,7380.18683624895
1535.21672833088,3930.53432240138
7550.98928282228,7669.89180810889
7105.67654368713,6735.38084362109
1938.28863927481,8613.01927921229
1203.63209631076,9096.21531213624
1215.196892349,3867.99525762978
1063.69314863219,3056.16051218699
6274.05716311878,8152.39851665514
1093.15491837531,3320.88020425551
1222.70481094991,3507.92412529514
1449.1360296285,3250.04976722288
1691.69804147556,3500.85354588329
1203.04836857074,3180.04108922828
8439.06070320931,7820.66768370208
1406.13004191703,9100.98320285753
2115.90956838492,8263.51187404286
6955.30322055692,7299.29360653242
1501.97028375322,4014.4596998548
1437.92261120372,3711.02561077882
1657.77818307645,8546.3287642831
7736.24889528919,8230.60069316038
1178.37062508039,3719.90993834266
1377.6271719763,3143.54386139027
7750.92755677369,9147.81925557373
1522.04606731097,3310.57146918612
1619.98489604636,8898.11603161757
1485.13471123113,3743.1620293102
8011.16869803939,8033.68527505708
1572.172188437,8895.1530061383
2259.22507466343,8269.61099112717
1351.62699701904,3864.27409092103
1567.25803580987,7983.20231576773
1232.27020589298,3593.30403367698
1289.79503915467,3657.97454002246
1515.88353149168,3517.91232474278
7818.32029100321,7612.23512497021
6753.00138033064,7868.16628087165
1181.43552298282,9267.0110791423
2251.78317035045,9135.89935728774
1302.5341347871,3714.71605484835
1475.99395042785,8170.97094566829
7051.53299853984,6831.19697556373
2018.16911284095,9103.71514969017
1357.83300900152,8072.64161005164
3327.05039621608,9103.83940825565
1609.59485343873,3404.45091074376
8096.79547397148,8567.39375899839
1355.1777249953,4515.83199945436
7617.31980817025,7089.77782232777
7858.75470990151,8613.51098697938
7092.97277398706,7794.48461731079
1907.84040084185,8806.67827406966
1630.58782907325,3947.09761381789
2777.10850933363,8853.96167162199
1019.43719127781,9003.45343391227
1362.72897005409,9160.99996239137
2054.06699737552,8455.94489438381
1856.47194727264,9388.82308924621
7210.74465682978,6452.50918862409
833.110155311067,3451.51662131248
6709.08897409374,7461.90981013724
7057.22817864831,7242.37320731986
1100.17403337719,9391.65420851408
1374.27439399723,3719.99789494774
8496.83760509177,7692.45736744667
7415.96386060098,7985.96479821315
8310.20305779418,7443.46668184907
1902.45709835129,9111.68279105996
7158.66703136825,7941.60986516432
6852.37838769402,7556.21561961625
8453.12815225368,7802.01234456732
1183.6204004358,3430.52224907616
1818.28728510259,9077.65254131858
7405.91687907485,7554.89160640612
1205.22483424677,3925.7800721093
993.010013067849,3261.54605834028
1265.4003974587,3219.81672288757
2071.92247667392,8986.76544203133
1492.76939252804,8684.16657625502
6752.76684699452,9032.00689692249
1038.38583818983,3472.0954489089
1999.6228598727,8500.54005667358
7473.4691191587,7625.01176651205
1293.606845566,3637.83438500148
1317.65576515632,3255.48347395157
2986.54976662262,9484.99799815176
2118.35593175077,8116.61506947186
1360.73995226587,3701.27392251542
1465.40058481392,6894.57304098139
941.177439998495,3376.07022237045
8500.40451984778,7531.36266887723
1501.03851641132,9247.86213845557
8412.46835651299,6222.61276429705
2107.71571495013,8790.95645086287
896.261292339055,8827.73805751976
8029.06689902238,7248.36493189893
7112.15235851597,7706.06384786711
1582.83264377314,8419.62916280386
5785.53036902639,3803.86797960429
7041.87280565429,7253.45052932157
6993.03189482835,7483.29831190758
2021.13225726694,6146.07952133572
6648.77821368031,7312.18150117972
6631.88086928036,8432.1097668196
9017.79498721126,8116.48992026429
1208.23174159834,8806.93434870887
5537.20133982309,7757.38705611185
1708.87903801175,9158.26169996736
7853.04058086803,7240.76238828588
1255.76425834436,3698.40861350726
1832.48365932008,3769.35162657812
1450.89787339663,9110.7893675851
1299.1814877588,9029.04496983681
8673.6338758509,6459.86820890808
1624.77689605937,8998.08746448482
1356.51012046116,8958.61141943026
7609.57749578664,7913.63363149177
1243.64811136778,2870.53817192855
1475.00052552182,8958.1132580034
8544.73456676954,6959.1335941578
6683.94957159902,7444.46536101524
1333.76995312633,8857.44409726551
7206.83744741423,8187.80243987701
7266.27435194515,7595.80391550718
1199.95413339866,4087.58989317674
1423.39429378717,8484.15233108833
7650.4596400869,7968.98409691086
8100.96511577103,7454.39753646491
6385.70087778536,7334.75628536472
7255.99934732135,7130.33550051724
7870.11911949626,7448.52146137863
7968.95111518812,8011.4326754674
8914.95899863834,7392.2243548739
939.162441194221,3341.80520670736
2291.13072826312,8938.29433096625
627.172381392178,3394.88763282949
1149.5060164417,3517.99141347051
1889.06707222245,8422.46318282165
919.414341671864,3307.85246660865
6954.36053680957,6419.0503445388
854.255095676013,3259.93191295631
8131.65943705446,7802.77286285794
7666.93416400181,6644.41865825077
1318.27913513746,3910.15598367576
1594.46608156778,9379.07775349665
1104.54422530299,8922.34167390423
1023.89830539948,3309.45242985075
2139.65608204487,9278.39729865209
7842.0910835356,8133.73438880892
1455.18753114255,3658.11507802846
4988.09245383737,5217.37872998689
1385.6905641326,8043.94123349334
1812.65757887472,7752.42277107192
4849.20891835924,6846.47964156339
1259.02870778733,9075.53573868728
6621.6173036972,7560.59174781702
993.02494909743,3345.39669147119
1422.22093278479,3549.35788732312
775.44344696344,9101.96604874083
2019.19998854615,8953.41835861035
2403.89478917549,9315.83206718919
1575.64439056298,9210.52457727427
2658.39958359202,7718.63412488415
2429.25081427254,3963.53236171643
6258.06830641148,3716.5622330221
1645.42932424717,9151.79344173562
1326.13735382039,8764.73864204226
7537.41012126853,8442.27565558675
1288.86487762219,9141.3915219038
7370.96234915237,6667.88155913121
1735.05493150477,8504.77331873456
7496.87787294528,7967.24066477319
763.03443639671,7888.50966968962
1700.74196893518,3696.51248357463
7743.97843182318,7512.8668270114
7487.17625377878,6492.59065973222
1578.48063519372,7903.09268708814
1885.97027704216,9151.70523095051
2506.40637173742,8414.01901446151
7142.25890593164,6881.60501686017
7114.69870016872,7767.53282535729
1135.27954122901,3042.09792593009
7921.38234496221,8568.21542164835
8021.75870590363,7319.44229286404
8285.57702077983,6851.23397362842
1725.09487594229,7878.49128438064
5855.85542533817,7484.90621761952
6183.7464402602,8049.19401393432
1603.97986512245,8784.58692021807
7929.81975301603,7913.87456529516
8199.05084164185,7376.43945447753
9097.41142765276,6873.64097770917
1397.45286763904,8995.65548967571
8874.63209509299,7461.22549706137
1505.60769047258,4355.04237003915
8670.74063027612,7915.7030416476
1557.08404975253,4609.35869633171
1861.1333562324,3908.96703414866
7291.29148511067,7470.17901351901
1336.50471581572,3301.26286854951
1169.32822027497,8244.39257739322
1720.51899710496,8854.0864865602
7799.22558852249,7668.01671985862
7207.43953484237,7956.25009598469
7938.46628801309,7607.11637487933
7673.22502731484,6708.53145927655
1332.27532564578,3451.79172893291
8282.36835405139,7514.37084260582
7407.4168807424,7755.99620335896
2070.51430604379,9175.21717928658
1038.1927862879,8836.28555617942
1349.14383567738,8882.84307533133
7460.72979220584,7171.58354175533
1427.87214224537,3770.87020362253
1851.26141975841,8292.143163264
2258.22027058278,9324.5620291525
7634.13745562132,7204.42493503153
2101.53347306321,9179.87953398547
2307.15833880116,3742.38139915869
8509.13322721362,7186.250921981
779.928281821494,2920.07286088256
8061.8145111035,7456.79749764759
4867.87590013565,7520.46423891577
7219.90229486772,7121.90468411085
1021.1439249085,3315.25736578675
7794.18015736911,8082.27051746772
8056.459187504,6528.8648864582
1661.77503713606,4152.31334247877
6535.72660259496,6712.67843126137
7567.4314188676,7883.93876342204
4082.06234317141,5521.34524252643
1721.28213026944,9077.84626046549
1854.3723298533,8700.71769740892
7427.81357150761,7810.8680007427
6216.9768975983,7523.63912584874
1740.75455694392,8960.31365820352
7322.22251381196,6805.10209966485
1035.31805061061,3468.35524254876
1676.43302182964,3709.21133763395
7554.71173459196,5353.07351348715
1447.29304354009,8919.35832321107
7369.03303494441,7558.83174202219
6603.15366735652,7457.43162863767
8393.46644401103,8193.63624596118
8041.08488579963,7339.80152662554
1859.89606903226,3895.61122303061
6389.25421479996,7288.67624539894
1404.18658434127,3855.15319033538
1331.40788707498,3808.07653972399
1137.56906485053,8933.74827300295
8052.07715584953,6541.77607890372
1030.76664409012,9246.53554629369
1729.96360893203,8943.27764431114
7754.19717281724,7271.50010023856
1478.97274546072,3911.18627298487
941.372700413707,3164.89156239372
7702.71446258115,7748.37408823534
924.812948450221,3237.21602603662
3470.62488412289,8954.20612898432
1809.97888536105,8991.07914441178
672.794428321424,9061.45492139501
6677.36411739259,7596.04282360434
825.421516956083,3425.53204693274
1892.56208693573,3665.17783511008
7466.55948951765,6266.29129693818
1169.03683551644,8992.60847890663
699.26162325926,3343.17949383655
2161.28642163766,8011.17970521023
1368.50550830761,3843.4071564283
1703.80010534616,8971.26146499669
1164.97996231902,9018.21499085491
2032.72634206018,9591.15550390741
7639.69313344855,8185.87972331831
932.613694358981,3455.70271000863
1591.02859759494,8835.1560107621
1280.40033896944,9043.16637863602
1105.6222706287,8299.90936349257
1703.64839462228,8745.16820137344
1265.34021510313,8726.6617162827
1875.70462218544,9286.2662024913
1874.16791662181,9147.42126884173
7495.28516805011,8587.93596711664
6624.30500721935,8866.08165688821
1131.24685510703,3393.11939566954
6902.97114975077,7668.80368958968
7448.68278820557,7625.26003632952
2836.63909269103,3862.19610831993
1201.21643201416,3654.6923157347
7360.96618624692,7996.56038809931
7623.34868295652,7952.14926652532
1451.4788192686,3729.44645219769
1742.67954661785,5570.4482102979
7055.913363074,7483.11339247994
6923.00050968677,7862.32522699884
7889.43560071393,7114.7796008256
986.295246166901,3564.92346719175
7293.10784097438,6968.47748947732
1211.88871016805,3231.85653822485
7635.18997494403,8304.01956327842
944.338950603018,3419.73042604182
7095.99154858402,7499.96535339259
8665.61247970432,5921.20592155876
7363.23516990903,7603.63259719353
8937.22437219589,7461.30089603876
1727.19710963935,4022.7757610731
7200.98679868755,7950.71488127942
1723.00306366062,9165.93303185387
1499.92569662423,3752.33373166036
1681.66267342306,3580.17252158715
1062.71943033955,3578.58931417101
6908.9814129482,8034.86702345993
1196.37720281832,7960.15940430445
1393.4578291681,3428.50686368068
7961.50171413607,7782.04976105847
1054.42112977239,3582.8254393226
1563.97502490151,9146.18235220418
8679.98401820812,7338.42281415528
1136.16444897125,9107.07538043552
1625.02152440882,3951.47208613058
2065.02115760071,8637.23099966625
2195.85329497019,9103.42476432189
5269.55186871727,8755.33508179913
1954.14885886908,9047.87615581444
2814.62174828539,3837.8326385647
1448.11784899522,9246.75938618667
1028.28309922188,3430.62135243968
1219.50991399039,9027.12226790893
1939.93494559605,4021.45280080831
1371.41980067867,3731.14645226594
715.122387204741,3538.80140367132
1219.15848731394,3360.59300166844
2476.11482414309,7521.86869020088
1607.14671297262,9261.2215755795
1315.01306220257,9305.25258791096
848.654836770879,3250.93712618399
1002.73715355715,3136.37411637579
1195.47440013869,3942.05683801546
7740.98726618091,7574.51059577859
1516.39981391719,3452.9628940256
1267.62795129671,9179.24816156731
1263.45741748773,3977.66543832029
1472.64757609059,9195.13159519222
1050.70058690571,3604.67333534411
7211.47653652983,7974.16017362136
1353.89390911528,3480.90921869848
8500.55345522308,7269.27880651448
7729.47673426759,8033.04325859537
1539.12075590151,9450.42508974732
8309.04747471952,6452.31860357312
1620.74380593683,8952.24493269755
1134.02031109663,8788.66160066395
1570.0287281232,3747.01739772275
8110.14752301806,7974.34829173544
7710.35388516395,8012.47908612485
4305.55040042156,4086.96554618217
1691.86642821438,8387.1501713969
8840.49573809225,7970.63073626819
7640.11583828535,7738.68301134878
1752.63119901079,9185.1334432121
7363.43690485985,6625.54594515733
6933.17411514952,7405.85619345237
1109.72074411446,3725.39587368028
1290.61607228439,3802.91597390541
8820.44055836704,7952.58279161814
8431.38957731258,7023.27614007488
1978.76118800699,8642.10538266124
1716.89127286882,3711.14884433265
7588.49926988584,7730.14572407638
1873.33263193355,4926.51802047424
1362.84245157596,9005.27771375033
7249.92647721667,7940.47482488945
1418.1648606674,8560.52954966693
7282.21836842101,7730.10101121362
8415.26047067148,5537.78796813642
7390.06068769666,7178.77478628795
8186.77557506516,5659.81336706937
7902.25806203402,7834.87606795584
7378.99773674722,5597.73104032851
7331.43650528658,7975.9251123037
1280.4769655442,3512.19378088295
1112.15148641738,3230.71536206483
1840.29872606072,4050.51463604251
2032.79829747077,4212.31979783464
1679.71108004264,9279.12127539027
8106.65459361459,6433.57375708648
1860.93855130641,8230.85949679301
7132.0818502471,6805.32618283255
7585.14981097165,8173.22934900601
5234.73025527053,8958.0602252689
1755.46213972063,9101.03102798798
1127.75762070731,3738.68248036148
2593.55533939792,8341.20726656069
9037.20704285475,7478.32511482952
747.963231256594,9154.10538935371
7243.28693612024,7525.42424246527
6529.33442282849,7389.31204653926
1774.21194264275,4107.71864556917
1673.797551075,9174.34535456536
1830.34504590118,3042.24876604674
1160.48777650859,9103.93532785941
6714.25430998976,8497.5953812161
1916.848214755,3489.03743494817
8945.29013596816,7689.12302663547
1492.58115028462,3745.09960447793
7588.21166663253,7805.36861637183
8271.03823545415,7723.94351039229
7864.28127539891,7393.92873709685
8688.88216399359,6259.89356083635
8906.67191990088,7484.67252579756
1568.09835835414,8856.88034673065
7066.95875172038,7029.6721972245
1385.86853468246,4296.26405633503
1256.66725026292,8929.10613147542
1389.4383809716,9168.71004913918
7663.10937194356,7812.50142890547
6636.17383173629,7486.1361997907
1604.79069248482,9085.33076913382
893.539656285211,3243.54330721985
7191.44758728922,8964.78889037446
1394.12901798542,3585.0229244185
7461.2775752835,7242.88102626388
1049.47508739786,3410.91392594521
6796.34811103132,4455.6825358502
1465.25116200307,9123.12946510046
7619.9815307538,7530.72126228496
6137.72142217132,7246.12020110794
1765.85055387132,3556.35985717789
1623.17961562787,9026.21017198832
1379.72685540794,9261.2488501511
1548.85592699231,9036.85793243959
8481.67122440038,6506.71266760335
1049.18685078837,8615.16568286673
7173.5541473525,7936.70663191027
1571.34967752713,3368.67617993603
1015.74495468647,8921.71477506836
1506.04247231442,8696.80088346093
1394.35762992402,3677.34044243402
1495.95384226497,8337.79336811933
1889.88978328505,8526.2961366265
1772.17162298839,9415.49366834022
7078.75993804265,7291.98692487702
2172.8101153829,8133.7579744326
821.042084439902,8238.40852526325
1476.45336891495,9034.53257940976
1951.03290788904,8468.99881067755
2358.56435209987,8635.03993220886
6802.64268295298,7833.44539362281
8147.45608824821,7215.39736972927
1834.38807144114,4128.78817354777
1284.69130779686,3698.76156816059
8411.69464993813,5815.70417539826
1914.92910422303,9047.03907513781
1358.40664131775,9171.58986221499
462.271224104866,7959.17070040286
1321.37936904471,3623.03741922782
1509.89524842476,8922.11456887613
1024.52825103918,3604.0614895336
1692.93520088332,9110.1521682068
1023.16903340756,3585.64704504571
1555.6055267611,3554.02772816863
1641.48779929016,3788.47597734238
769.132637878012,8830.90920175556
1525.83893202045,3813.42740061604
1262.62826108486,3183.80624185467
8021.6484456423,7314.51783513823
748.993788709603,8983.35815131022
1164.17036565511,8789.19968665311
7211.28946660555,8235.92202209368
7503.62972786182,8526.59907283603
7452.56473877383,8283.04689879052
2000.10570662036,8988.1076007821
7804.68756692463,7442.61384392071
2003.22086526509,9200.98529587054
1377.04073053437,3937.68637094725
6291.74205231203,7706.46530485196
1362.45130267728,3768.79496503409
6955.06476414013,8102.63411307396
1260.26409563769,3454.45594974348
7633.83089069731,8030.46966664958
6675.41220396799,7573.36913782605
7128.48736535445,7504.47124995234
8062.12400125323,8457.91627080139
1474.07693279721,3293.16272817427
2021.36755644281,9073.11348473741
1653.66245292299,9017.36850586588
8028.39472703423,7114.5109599919
1596.30283603775,9356.51296215659
870.081824641483,8741.95049755214
9304.8303709861,5535.43881016928
7435.10394204587,7629.21561570097
1180.62487804521,3432.85523617253
7979.11451684647,8085.35359733792
7417.17662504317,7510.73212205574
2453.04994757908,8513.14650880488
1197.79636687677,3587.39748125155
2145.67128348286,8382.45352553806
1173.25046306318,9277.43857464276
1302.03462241904,3626.98175725625
8162.01038304507,4571.90594810216
8965.63786946592,8040.80489977735
845.286765153167,8936.71258522741
7678.30757033949,7206.83832156291
1568.62553540336,8778.63351951121
1582.21863839352,3737.47635586239
1306.76226467585,9195.24832215361
8237.78462224953,7359.40625746534
2028.33071081409,8945.84739249742
1158.27283067518,3524.23162574252
2309.65221191162,8379.70158521766
1797.24472288082,3915.10964021265
1421.35237360805,8941.4885536547
7799.75323538962,7625.67483748973
7237.19799242157,6924.50896802104
7679.14991670098,7257.42726021926
1293.78384988684,3575.70474600812
1598.01177649089,3703.98244151742
1662.57564448282,9374.23346120046
2343.87479672685,9324.65609289864
1364.73547395903,3423.28186629978
1790.57910553087,8713.47544143805
6663.4509990723,7411.00311255201
1720.18933666471,9020.85394628257
2043.33900229116,9150.98626604231
1331.19415169592,3591.76659811457
7064.20205547827,6792.20210919
1225.77620560868,8507.2044551895
7286.55192608349,6830.782375757
1410.35441049445,9016.74591692505
1850.04828411876,4358.4480694855
1328.00089948244,9230.01693026394
2829.62621329851,7943.66864498098
7581.01985863134,7782.81172635642
7000.50390827987,7304.18583046382
8197.52830173881,7776.71843285874
683.15118473615,2830.02498427758
1281.52460877741,3640.2691283148
6548.4567810806,7667.52243447859
1701.65259931237,3759.13347182052
7422.3483828738,7701.29930341313
7097.89438927866,7129.82320263519
7746.63815663466,7458.89334510281
7942.18486054848,8612.50445074406
7697.22631420644,6378.1917955062
7667.60220485741,7110.36852607805
7292.0781475293,7779.8991225525
2403.02812215549,8983.41491464156
7161.27567683311,8136.21121158504
8261.87186108006,5651.78690569672
1423.36537086805,3676.51364836754
1365.21143917921,3441.654352383
1643.51557809497,7564.44434716004
1279.20191848447,9270.72075223061
2096.70472987661,6569.5516986152
7389.81906310006,8226.69071153206
1240.98127717431,9133.74556331134
9051.87863001956,7723.33964690757
2409.96617895114,8615.13438505306
1422.48497716914,7468.99776976818
1628.50658855657,8065.69638789983
6993.14203981749,7001.53461669667
1727.69302163134,8497.17724095488
6608.97379357554,8209.50904881425
2893.47955538302,9291.9713093673
8847.29848486031,6273.15350375431
1475.17904947356,8797.07866824593
8225.82499620933,7139.37392515288
1390.58669242438,3519.02562208557
7849.22776124515,7477.02631493073
8774.24832676451,7736.2027679739
8035.96036279228,4299.23843379535
7944.82365670956,7438.47087795914
8189.03886530121,7763.91873735445
7965.33940355117,9340.03609691599
8157.0218909587,7218.99137421322
1325.24308566396,8730.27530690526
6426.46872110673,6946.29158109324
8714.43200166247,7549.94607080111
1238.89510078267,3341.22283015254
7936.64193300759,8529.22704684663
1754.7672414347,8851.51742717244
3455.40291574243,9128.67794930261
1756.56266012246,9035.00354872145
7964.47855040459,7255.787046159
7260.46274430565,7670.11369382079
1204.12618614586,3411.20279165627
5664.32012958003,8053.99739923836
1220.25521988196,8955.45306816502
8107.55369311308,7621.88483099634
1084.92355099232,9026.60799808443
7641.27721635515,7909.09086079269
7941.20026851265,7897.81948217103
7446.98622224341,7922.23375011297
2681.1798906028,8792.81966124852
6750.9420304609,7981.52787564319
7617.36035173773,8140.20177218282
7213.66548171238,7648.88970924605
1813.71818849825,8820.52545366027
7979.09688093069,7583.88410305337
1546.78347405107,3877.13387969892
1254.56754392973,9240.74004141704
7300.15073417836,7678.05590083085
2480.67406951005,9001.92289120955
7558.04031885782,7442.03628149897
1234.70652591359,9075.34773267462
7079.20941250707,7756.7500612434
1198.87123696225,3968.26378094794
7026.87017478122,6441.09200685843
4721.08834192329,4073.7360087241
6329.05396728735,6940.27263648065
7650.63815579233,8524.73903488061
1238.75508860579,9030.75097327068
2921.4765978863,3871.05955889795
483.829408127132,3261.74727236549
1159.57231617764,9109.71483434395
1503.52908016254,9033.44179317657
2070.87775440586,8665.15702965538
1899.89400838402,8522.55476601925
7839.72140140651,8211.7118159749
9111.44115930141,4659.01379586941
2030.69054204194,8872.69897225986
7106.65736754281,6871.64074212561
927.425708362029,3151.48955199179
1674.55737358833,9092.38529678855
8868.58208580512,8147.62681909863
7553.805505752,6784.20278999837
1634.78735629042,3785.48260837555
7454.74850480048,7120.04491285985
871.494410264495,3434.57911394641
8436.5154456253,6655.68939532278
1292.21932840688,3372.15980910186
2843.67415352775,9102.05677049196
1057.52164029953,3414.06831204488
1169.93988959331,9142.41998153931
1579.52147743683,9447.61815210676
1623.19689342314,7902.82299381233
7774.05669132876,5198.07351646255
1138.98899966277,3798.99866836361
2033.27688436883,8437.7145163137
1536.80615728166,8997.32522627616
7389.9386220197,7345.92790568398
953.372485804837,8697.86738474961
1253.733303764,3526.85475760695
793.003520995767,3358.04364378349
1502.0474934233,8969.53330499208
1861.80007099368,9231.68687083313
826.190689725704,3286.51351460902
1231.38343489056,9344.04691450932
8768.88037739615,7410.6450966427
6537.54347267585,8148.11572191581
1201.37094667597,3234.1268250549
1453.13234591278,3798.15279283635
1677.41529673744,3557.37077162063
1432.66101518189,8254.06237810421
1377.52575321031,3670.39707199321
1719.8561450013,8312.76837602958
1039.03917002323,9331.92086725093
8931.78776265393,7930.3158771605
1514.38632568535,7954.19441541693
2084.22903427641,9253.71971631343
703.061589515287,9553.8221694141
8923.99057525998,8000.58315418928
947.03079086145,9001.2263710039
7550.11348550629,8100.60747448917
1816.76062555609,9122.98835770285
1584.74808620724,3673.5708100091
854.081916023388,3682.41485359937
6161.94396508902,7786.44481098688
2109.87166808569,9151.94505351552
1088.84240936336,3424.756788418
1573.64448920942,8277.01944362991
7606.35479343467,7426.05539866585
7600.73506614708,7406.17790468062
1124.67919233464,3569.73159405363
1985.16094260445,4996.67003467846
1342.2382834042,8925.19702551208
1523.78150794729,9281.98543332509
7204.46467248935,7458.92514239571
8958.82857022666,7416.73996638826
8537.01877653842,5091.72344867021
8025.36413515095,7936.17446366372
1296.12640990986,3430.46586758899
1669.47398441545,8117.02696007048
7974.01127742204,7494.44963020349
7169.07793539493,7130.77546833656
1646.97242467888,5300.84828987319
1660.78915042103,8198.74194518138
987.92229959005,9084.98533549435
1125.55055585445,9147.94782423435
2081.38460487891,9168.66337517979
1887.73605286513,7734.12398709939
1334.85179479035,3286.14334508199
6750.45320305721,7977.63813821125
7635.74631659186,8367.32060841382
7636.57523651751,8226.25348276374
4196.02290393263,8317.00733760133
1530.75511163441,8009.29223641871
6967.24986620713,8159.99908907657
918.14293754262,3785.19131506736
1326.86966962329,8943.23443200004
1970.61863294231,9102.22142792178
1204.89755591694,3567.71978724151
9255.03993647429,7320.56889243103
7456.1872544591,7232.05818732598
1291.88761796783,3629.4103185271
8679.26457029757,7532.21258351017
3102.05310828936,9319.08163757095
7018.5356279154,7332.60830692982
1557.02057278246,3809.38393157421
8091.40965607081,6923.51763648706
869.070731977844,3894.24481182621
956.087735554601,8386.17821078146
1617.11974990345,4295.79260341578
950.364908068623,3743.92624288588
1787.89785233707,3927.90971310917
1314.04962982549,7676.49715127554
7761.86489233869,7118.22942692217
2482.23808136426,4024.97371117041
879.39411575238,8066.35880440194
7455.03832983165,7856.80126511391
1265.37301863037,3790.30759938049
5274.00318391606,7728.46038136507
7440.35040563509,7290.279312197
1710.04372896528,8856.08766626492
7365.10864430116,7633.04086026265
7697.79498735443,6830.40470162671
1565.35693848375,8707.98445884343
8678.15175473521,6401.04545982049
1209.01643696425,9005.16064861784
1412.76174775517,4229.79536460554
1371.8769401145,8955.7611820122
1004.4199358951,4259.95124664991
3365.28430757932,8730.69555901255
1746.83174609833,3910.39679734966
7840.64682647687,6196.81844778903
7911.28999126884,7783.88681202487
1614.807587864,3834.97266688542
817.627139942225,3313.63079088298
1465.58249671679,3821.1712508919
1443.82761139094,8035.03225364118
1237.78559903152,3526.05241022674
8458.34854636884,8239.38392715299
7510.11069346993,8020.90854295869
1678.97004335643,8268.06996748959
1571.9208683629,8810.59176140668
1431.91899621313,3499.31519165693
1456.02500486527,3451.67049749223
7938.31702318307,7721.15955760219
859.11188117156,8959.25879528845
1779.22390498186,8342.4082310942
7333.47751895673,7687.17572270129
7399.32190388806,7620.85130831458
8525.92266968433,7335.64482374217
1356.58310943607,4052.06636655061
868.690870031216,8825.68593819673
1168.96649521215,3829.7759602593
1570.01062424373,3887.61809831122
7801.59652819835,7803.89467304451
8438.27052752173,7197.64888032857
1782.20797901458,8721.52865685343
942.055293386668,3617.51640655712
1740.708744092,3696.53666315987
1515.68033436582,3397.30915053488
1534.89919532159,8961.55182004831
801.134076806503,3319.19039554925
1464.74315745648,9061.84861432209
729.936420702744,3312.28857819144
8522.46515160005,6786.08427659724
7165.10399369578,7779.150517555
8191.55369809265,7644.62941670546
2028.3343003154,3729.29774346923
1130.33581077113,8889.87791948034
8282.70405262481,8056.10764822412
9341.75677904696,6994.2794912885
7675.00128501433,8139.13057076842
1690.9275371297,8909.40542039402
918.618760379961,8907.5634960661
1240.59900169798,3120.97262220074
1414.21531558371,4091.55924308886
1420.71234279185,3423.97920976066
675.481912501652,3209.13034734611
774.981062702311,9230.76010890928
7716.8651919747,8099.4738952167
7608.70575069199,7730.19581860954
829.192613829502,3721.1391595971
1541.07416170282,3655.01266775955
7140.9751623302,8000.12649378289
1732.49534540956,8742.39860214534
1708.89917706376,3944.63400846393
1143.95275363108,3349.6076957865
1020.27908941286,9128.68273496723
8430.00077432319,7957.41584173592
948.949948435597,4826.39115533948
7728.30551402706,7716.123207796
1275.16918440804,3472.31030509102
2790.38782962703,4242.63847261804
1116.29172791276,3416.54407910752
1412.38827628443,8531.86018168973
873.328492782129,3154.88121452508
7034.35050794894,7482.10287023366
1839.09481787747,9115.20530479743
3097.23394848526,3322.28509718173
1479.75101486856,9180.56529134865
8381.53191242164,9288.91341746278
6798.1458271396,8395.20340122757
8323.23251674398,5753.99949929693
7730.63274268878,7383.91619296882
6753.28884127768,8336.83511391811
7754.34286357161,8005.33506937403
1803.36907697492,8535.57418615686
5763.68037688075,7842.07674006253
8059.27920754223,6611.21910472625
2069.07974631338,8798.82285334656
7345.76018107932,8385.00033896565
6979.28897705166,7560.96828767989
1402.07871221753,9171.58490283577
1239.74247222682,3238.06660217359
1983.08999639988,7919.36346477082
1550.32231695895,8537.53679357613
3717.95400969947,6683.94787105758
1082.79084089605,8938.20238629173
6116.76151290138,8067.54637838059
6989.74394594755,7475.23532034045
7988.13479439724,7639.65100776094
1327.88128157066,3670.72352611688
7061.10859544232,8116.742416486
2449.06141012237,4036.10004012724
7504.96239053234,7319.56299742707
1573.25093169156,9458.01645753197
7408.16590633525,8300.16225743921
1686.32236171239,9070.05382949149
2217.60270680926,8726.64775105719
8355.18774935137,6432.46845295298
7580.97605210206,8390.96172755744
6897.49704810334,8088.39204214414
3750.59610485386,5766.30001010795
3014.18611104264,4018.50694117731
1777.80401050538,5981.02027688278
8415.83626196932,7316.32553034768
3677.03342407386,8536.8673877746
1820.51702075765,4076.50245411753
833.099464008554,3475.82746958016
1755.38812255208,3668.81396623958
1894.05728455309,4650.49683254348
7369.81500816936,7742.72556588055
1694.6454220925,8852.3272803422
1429.09756324008,8849.46508144845
7534.54496441636,7610.14708386679
4089.15093527657,7415.63730361694
1265.17711658559,8859.37093336906
7694.1862934657,8119.8747406126
1804.99860298187,9054.48092132832
1313.91420233718,3608.34996192798
7208.15112686239,7221.15405825614
1563.19505095162,3669.46241312901
1169.23376107397,9537.13853625399
7168.05066139002,7534.43438449451
7494.34221746791,5877.01683135437
779.553190245379,3381.97448521697
8074.92553159144,7214.50657748566
1932.68052781573,8982.57431462396
1441.23218917149,9353.38884989606
7299.27808190145,6033.20528205266
7507.14708936593,7646.27806492039
3112.56540653602,4810.2490720373
7411.70296683637,7676.10293849051
2274.04686295332,9115.6553898263
600.432857233538,2981.90783688256
7524.55710269449,7213.20712822777
1458.54554199736,3744.3407755012
7382.62010113682,6850.24167581844
7360.56582585981,8374.8990610714
1522.33114850583,8982.57794685573
1467.82918839125,9239.20427934037
7711.390053521,7036.99963026493
8079.15950538793,6036.48176559777
1664.09686815379,3709.79457183861
7254.81568537549,8442.4078470594
1806.07124809023,9001.4922381784
1008.28120531218,8426.4955322955
1273.36494859562,3644.4395421312
1657.94329676998,7756.00684197307
8059.59986710159,7032.04321044893
1136.80748745912,3291.36473449496
7729.39052789421,7146.9599064588
2231.12807907863,8187.58247902318
1638.0715973354,8377.14921399934
7809.73831360958,7617.07891893724
2015.54702088956,3728.75811798802
1145.48637083703,9043.06791537567
1149.03523458989,4031.71821828322
7951.40768532818,6487.27842880671
1298.08140648438,3295.17188700132
8136.131483984,6711.54938069508
1485.82974939067,3930.12274552012
889.406750627645,8843.21208009982
7906.27744228194,7887.97044132826
1312.56480527656,3485.20221317578
797.935307930777,3333.19659646471
4788.60115377128,9198.50130725848
7235.78269783322,6278.18150493564
2436.10999869718,3284.19882188015
1489.54074817293,9149.11537227472
2419.0484483796,3996.74619207398
1130.17706533102,8622.6265947134
7763.63588810607,4798.03875506255
1131.12523811732,3679.85678309133
8293.15683667297,7715.24090164296
6733.74844187366,7384.79013049775
1254.37632913658,9072.46684573953
8008.78593423647,8145.2435235557
6086.07145641585,7916.35583984711
1084.5117598395,8647.58372852792
7106.46804262012,8108.49864751839
1021.30053651145,8016.93131466216
1462.02743856272,9111.9158272186
8037.28742150124,6187.85525870246
1550.78923603466,4123.94282851611
798.216948110181,8988.6133225114
1358.78826551421,9161.5237645681
8787.02086983828,7837.02072407199
2388.06557939117,8277.19296136075
1650.45051959039,8762.32228000612
7169.42455122582,7760.47391705034
1335.78783103076,4036.40271791896
2646.03749909961,3857.90743283075
7096.58022074894,7377.29612159897
1352.92540370557,9195.12170923907
1011.85586313071,9023.46768680851
1515.8799156998,9077.22363916443
7313.45984902743,7492.50797222387
1059.84637781412,9265.1837768691
7119.09382242121,6991.48132599381
1525.74144354987,8774.17896124515
1402.09782729123,8585.94865824585
1295.03734653717,9234.12214997285
7148.47052868975,7208.16151205613
1541.60793432238,3266.80989873805
7321.76748237251,7401.73241295111
1002.08446508115,3661.39258685474
933.363465916161,3612.56561184109
7706.72678633022,8546.82281410289
1880.09814800112,4265.77351802217
7606.46966967921,7571.47356710702
1379.85403018036,3948.52030972878
7597.68608468181,8120.82394299596
1214.6193105576,3760.85317604635
7758.23069501243,6853.76726465071
7271.99807671396,7690.51440041937
1263.5675349453,8869.87693264859
7158.12818634964,7741.28952613339
1517.21577801123,8312.65750455638
1604.83233055926,8916.27612933171
1524.25568562501,3839.96737861051
8499.46026658085,7450.30788610524
1094.40240586915,3261.85832153486
1861.51479543471,9377.42168025287
1089.09309990887,3665.04763351293
1926.83304771152,9177.79452480415
1733.8111024132,8902.36183338024
1442.57287887359,8991.88851337054
2162.80095968949,4998.89236980945
1594.64547894989,9269.75929222229
1661.83386964545,4110.2811336394
1643.04406468376,9311.2386198222
1645.1198511795,9025.59328670421
1679.38197915579,8212.0004398198
985.93902078693,3394.63542500297
8392.03267565932,7795.83555071515
7798.03997885898,7672.35841969677
1425.3875641553,9034.15984831249
8500.17510799713,8091.68527597965
1775.91616751291,9117.7255266117
7371.0584085379,8232.59277773977
7882.16546028179,7960.73072879283
1193.79834933819,3573.95248935054
3614.06803937105,7703.926597012
7158.3115121902,8237.36721131918
1377.42843121558,4000.39042440089
8877.19018456078,7708.85915134734
2058.46057333947,9113.11440512603
7425.59001161042,7791.09359498987
1713.54961759717,9171.46563346123
2112.1957694017,3724.17229619949
791.611804715254,3563.63710415896
1185.02918680275,3166.03262041712
1242.19266552084,3989.22603408683
8139.24374845666,7585.00133573099
1179.73165679998,3618.36223473179
7556.77843885642,6969.28172475479
6938.07914269935,7984.59110907901
884.623292247985,3609.03222831051
6698.61477946532,7472.60724906826
1619.5705631318,9213.08102903464
7002.73702354993,7793.0317228749
1164.19445375202,3472.35731725962
6247.83710490585,6834.57761753466
1246.18395611123,3595.00627753953
1561.4232508963,9169.17207560869
1718.70474832035,3615.46922741982
6679.62715544791,7813.77392966137
1089.77520908714,9073.15007961832
909.6676777918,3589.81446463666
799.847301118897,8752.4507928179
6961.40513812311,7976.19725213396
7703.89927805828,7936.68597276364
1994.84030910514,9003.04185596892
7580.73151710769,7868.79638274383
7299.60557826192,6671.01278189368
1870.66900322474,7961.63754860208
7970.41936845863,7407.01561916775
9234.64881312624,7482.71722580202
1353.50287521713,8300.86352463508
1550.08666512157,9027.10897661708
1834.75871205777,3925.52816734582
7465.09247788797,7983.5893893533
1503.92229401456,3818.48780095946
6979.6255640712,7875.57026168967
6798.49314156466,7559.55470274689
2052.09917987244,8716.620307727
1778.84902748878,3589.97231979348
1388.55809418438,8809.44255751714
7454.06120446388,9650.56764934981
7789.93361143574,7748.63668508517
7868.69347745601,7609.25188169112
7493.92911191476,8433.61500237174
1656.32420375157,3586.74546896703
7648.97359217001,8098.64374912863
1154.11247817094,3541.99611376498
561.511159667751,3072.86580711109
1224.21719700364,3488.27204268182
957.151169713534,9102.76969928968
788.434623290625,3384.07070821503
2104.1376856536,9414.17802184544
7888.18615567762,7978.18317075267
654.52288281444,3212.11126414165
1244.89443463193,3593.54409245891
1390.1968693586,9048.27876481581
1208.55828888613,8952.07745172469
1212.25694325416,3744.90322876966
1813.61905867999,3850.94736041215
6894.1445517329,5986.8535711851
1318.32529053035,8862.62254229932
7443.13230968652,8248.01754742808
7407.88847741512,7602.78810577853
2000.88783417751,7994.63223757211
8569.03355534086,7527.65097960111
8081.91963541618,7741.33417244922
7419.69350679622,9480.36385461511
1077.61597940645,3461.44212563188
8583.03167931473,8405.87726550629
1468.12671424417,9053.89908588044
1079.50571432136,8936.6859826002
2038.13447927206,7623.26522481528
1633.95982840811,3414.10710381811
8187.07528958011,7489.234993795
1858.82708378287,9005.55998790413
1348.10653495785,3589.3943627252
6706.59102261755,7589.65884396592
1462.29001941508,5220.41313417351
967.118644951736,3327.18932315369
7673.49596357916,8042.45335567051
6785.06281205644,8104.39073806253
3400.87302778583,3585.35395960285
1891.13997078429,8394.81690147811
8413.69691060127,7305.45456439967
4573.57439278607,7871.00339124484
8361.7797218575,7696.91320673269
7133.33471943732,8097.98756302787
7503.94673729275,7476.75786637477
7754.97717663643,7619.71581460715
1441.12035938449,9075.91500798954
6826.81925419708,7196.49555400108
1764.81235428847,4372.64635894437
2004.56947617624,9155.69821581869
7462.43884409466,7416.44199396841
7017.31845217468,7277.07951866573
1641.40140163596,3720.96353020225
1615.03453310434,3724.7979560091
7130.78662841785,7261.90974033813
1363.28612463263,9077.82650512006
1516.50793008086,3796.85271542416
1211.63397303704,9184.10589654331
881.498547266046,3441.97405935819
784.366671247447,3389.4783587405
1840.40998523405,4122.12284190136
862.593085836608,3189.61562543063
1643.24836749217,3830.84815491802
6890.02920162867,8330.48762264227
1333.17346844067,3712.01580317104
2703.60366657012,8037.15243345086
820.343680136513,8382.649044019
1246.06811103024,3502.96909953114
9913.13409013313,8070.38607195394
7172.72247097963,7103.17520292398
7159.68797523318,8225.85375795266
8836.23225237923,8230.22908327096
1586.39256968304,8945.69418977669
7433.37142296383,8165.53111657913
688.611850327937,3734.99586647125
8933.82053977033,7437.70692330595
2642.89752130924,4370.50517329389
962.105689614099,3266.59324710055
1964.72315971273,8182.81738945452
7154.2944427759,7538.01549898789
6833.77059113989,7717.92060491758
1226.67041104931,7877.25168704136
7535.20432705435,8062.47763098973
8554.712080147,8084.16061391216
1396.58745133742,8961.33919322324
7971.49959343455,6871.66861213905
7365.6433542655,7844.6514363761
1414.35402422935,9178.80500225325
7189.84725309076,7748.15340483897
7676.88825725606,7058.56312967103
1569.50734192438,9038.24855619869
6898.84933831307,6717.06969830094
934.586886607479,3298.89093020603
1467.27036355931,9216.14176479786
8384.52299146062,7725.05394152427
7413.90871253993,8255.69639545143
1793.65441733752,9071.17858711241
2565.12433653653,8135.40323301991
1800.96244389227,8916.66723774824
7348.17579168346,7979.38222178048
1720.00286140289,3623.44643018599
8011.62941869487,8336.6018941947
988.417956614914,3351.50852655695
6384.38239179336,7315.25417283731
8575.61821395853,7717.05449853097
8579.71232091846,9151.33160939736
2129.0235696155,8378.18768669541
1317.91431726893,9287.16637537001
6020.92508888464,6632.28738656801
7532.33829756743,7003.35644482472
1814.40209272434,8778.01048445368
7114.4165069061,8424.03785557425
1663.10287948551,8986.79329466419
1506.61854893998,9136.12268722391
8503.91073341326,7881.25822934844
2351.71313977406,8067.65304445117
1119.07381534779,3493.99188122413
1114.37230733106,8801.93151490371
1206.14867686933,9118.29781378426
6819.27051125226,9488.52279467815
1024.84995187335,3451.92464840533
2821.52830678407,9251.88675827707
1128.72030916257,8399.83226824503
7009.38545253786,8396.39539479715
1332.28896548717,9079.824142108
7265.90589944917,8377.79658547191
6768.15724856125,6646.76751458951
1704.87641668239,3376.03438951936
1520.79055656673,3718.20674463984
1897.54681655634,8612.40677190952
6414.40064004297,6816.60821650677
1487.90949049243,9225.7585258804
1308.94217405798,3289.78017721656
5315.80122154624,4976.29167156795
6806.33343734914,7722.118187994
1604.85151275351,8980.2984429048
1318.07882761242,8832.07172832207
1306.02823275748,5102.06080716407
7735.89370686221,7468.37957889296
1176.37518045213,9093.10011423024
2030.54052247356,3954.52730733147
1686.19427631465,3545.04750874874
2576.74176509176,9303.13388392358
1228.18817984031,3218.29434670299
7246.50159981524,7534.55325658575
2315.78542902001,8130.53580177518
1077.8376651471,3601.90030751289
7106.60786495286,7874.2439937705
6742.65106027132,7592.59549323842
1093.82279170135,3559.26507175245
7656.78184101297,7538.32830917068
7656.11825716043,7370.41388979758
6587.85486508456,7539.97512880494
7809.04895888683,7172.17724895891
989.63241150275,3560.68379582086
1408.26055187434,9032.39324755341
8486.5471218696,6493.76870780962
1113.66266032695,3094.85044819886
900.065513690965,3269.66501275966
1593.72186496265,8215.76583204545
1958.13004438139,8775.90217253589
3207.15277619445,9101.76674739384
4543.16360711632,3580.97811140611
1092.2262838737,3716.03343465938
6660.30404430493,7541.42937587614
2067.66954798033,9096.51949243426
7570.76856286698,7839.16512278974
8114.90109035993,8237.80692541458
2359.01176383657,8771.13081944576
1506.61490958761,8841.05336222564
1381.27134732304,8384.06268730763
7345.94368878998,8522.04589418866
7352.76045877604,7527.7106377629
8961.83097799953,7474.50373350061
8332.30970093169,7251.64246290291
1400.21456445568,3931.38739349462
1478.26150664908,3759.47929031504
7357.47837056789,7973.28698263907
7837.02110795394,7029.95966507246
1588.36908068351,9072.6907078938
942.55148440448,3466.57921356359
1366.41232104219,3842.76687152063
911.520907479685,5181.11171890003
2148.1069326985,3880.22957780741
7243.80632602614,7814.74453206214
7102.23487659592,7699.51182928991
1914.5847471639,9226.19610423319
1807.01501897801,3470.05699508242
1670.61601103225,4144.87031390946
1424.82489747852,3496.29380209673
5513.89058874517,6220.53262479201
6878.14677828952,7825.28635600566
7352.8250900184,8738.39208030583
2676.06305933702,8083.84322669478
1626.76156642917,3891.89815009512
1627.00729418858,3589.02746773693
6776.37970810105,6906.17548083438
7987.09482031767,7563.45285639114
7800.84320038428,6170.03580342154
7936.7610169963,7772.3371402213
8452.7248829521,7249.32049524638
994.276679155803,3401.29921402302
1823.21128314733,9131.63917994432
7447.00598173145,6202.38338889186
8861.28293401295,9454.62816919171
735.24252905072,3040.7465230671
7810.70473398561,7191.78598982313
1182.05930908641,3427.70473291736
8294.54545820479,6972.09761007943
7994.2415937638,7641.75056780795
7993.85751612416,6452.46176638014
1572.18065914809,7203.75557271187
2023.56413210147,9081.21100246431
7101.84671310742,8270.32918857484
8164.40436403355,7975.43970736975
8625.42553050929,6972.89527264597
1258.55211611212,9247.30442365145
7420.04665663513,7647.76895849916
1269.36328541971,8819.9434484723
7212.25855832913,7233.28423647427
773.6328989087,3507.60477421141
7851.18802049869,7277.72414955905
7846.94200804876,7956.2445117654
8860.41314402757,6984.28282122143
5963.6945602033,6558.2193326762
7297.79675446044,7139.53535589602
7699.81363507136,7749.93022487377
1740.189985568,3801.2985173358
1381.1350796298,9099.05691309254
7306.94371699247,7159.60502950674
1485.0944289538,9007.93061991922
5808.01093950671,7953.37855477199
1200.65151759289,3842.44055492705
7282.66108519098,7269.13479295307
1984.10567473995,8944.7409643514
7195.05069151061,7852.26005618649
7105.92023886629,7941.26077171169
1309.1178758474,3345.6798071699
7448.89095248122,8362.492842538
1490.4311429334,4421.52767549648
1033.78713740955,3379.91693228606
1406.6132445041,3467.45670319238
9124.30005925883,7686.5649030109
7746.73688917107,8263.99100939404
4459.06366387752,8016.67004685891
1716.02015053695,3476.47467210552
1372.1056960207,9191.01925999211
1610.88232920663,8452.14667998611
1515.21707773176,3522.46251478072
1520.3228080566,8864.94598746278
1736.80166368948,3607.37663046179
1346.63291680555,8585.31669594088
981.306203645057,9098.01961162
6625.83194659882,8114.3069310719
7688.82934494978,7923.09608346233
7299.84217336278,7235.48070686993
2475.52634884048,3558.58800903285
8438.03853667489,7506.58581257592
2521.62341150805,9012.43602981487
830.572327226334,3089.0000836114
1793.07726157325,3802.64402595471
4219.45356556841,8633.09580233916
1559.38121626323,7611.17616347731
7911.16880468945,6811.54514600198
1507.33679610846,9302.13611923538
1086.92368957777,9235.07812251085
2130.67487389476,3955.03161926674
1139.0074800772,8821.64341559599
1105.92507856793,3189.64710344359
8012.46477959959,7417.2909449378
1685.86793373008,7951.42311202906
1633.25279366719,9172.59831605389
7531.39836155484,7913.16003911495
7443.23027394403,8648.84708970356
6242.57413018396,7987.78880165777
1639.28218029405,9368.86705070372
4056.42202272192,8916.0786209821
8439.60670385528,7453.99261941054
7139.44925636748,7758.92786103085
8091.06171372958,7591.05129480493
1683.3147574144,8981.4765715907
1518.65570366811,8293.14002301952
3652.39475330965,9133.33948387012
1360.52196265684,9152.83902093869
9046.32490191358,7150.8839418383
7906.43975266942,8534.88123655139
8673.78722494297,7159.43754154749
841.071417813453,8240.74510384363
7077.45302797725,8010.35554953258
6961.87733308881,7486.95269764118
7540.38070882543,6404.3109965132
2030.12290309668,8453.4042670654
1287.49035363034,3912.32536555194
7517.90616008697,7526.5679895804
8447.6151805079,7631.66232581668
1512.4786550368,3381.86691170319
1772.95165802539,8438.61354585301
8939.33687674944,7902.47332712555
1938.16272393787,9005.7179228406
1130.06233094075,8874.72263881764
1173.46039143152,9359.94997227448
6942.93158714311,7466.63222216562
7776.35564831784,7248.20741040222
1115.26157021817,8884.40538935418
7842.57622515404,4318.26982138525
1418.00540488736,3149.06645139511
1114.78118167408,3274.87111608433
1746.88719542975,8498.07864207723
1843.23282732627,9406.73014562091
1506.17778940766,3808.40689566239
1470.52220821322,3839.74792981896
1773.61156317695,3606.17890315029
7645.28215806513,8520.70205532994
1038.63807176968,8796.38962522239
7967.15124258019,8510.92989599711
1767.37269685794,3777.16966033047
1618.91865838839,4073.68491320347
789.537155387355,3220.55088324238
7296.80116687823,7029.60830763181
1259.21069943615,3703.48991579428
1788.12949962293,8756.62520564492
1463.6726731209,3766.58878852203
7591.72823853542,7814.81581602906
6792.40651180779,7479.08633491533
7239.89745677483,7374.70565247724
8529.69228887272,7691.79508615775
7461.79339087556,7726.27160302874
7374.54634920273,6892.94505814718
1288.08080832937,8919.10464811527
8647.31847162385,7958.12575207545
1297.60933267945,7887.58050844262
1154.43051042753,9066.34658917443
7868.34185685944,7842.51084670052
8385.06724571711,7664.88922947396
1560.96772667032,3516.04157252733
6558.93483214439,7043.35709791093
1762.33496574011,4090.04290270341
7149.61138729688,7570.24585989409
7386.94425964103,8211.62598246803
1323.80179673529,8298.96981476397
7152.79191425569,7420.85013792367
969.179124883731,9404.30378394156
1967.86886601497,8886.02534065597
7919.54333387478,7763.46967460525
7481.06981546552,8004.83013836216
6174.26277515344,7813.31072786644
1064.75997665085,8827.283039933
4663.31497639623,7105.03896449066
1101.50576718007,8472.067671938
6970.70707432475,7447.07540633409
1677.08505729854,8885.55020001035
871.658823858615,3677.22854749596
1464.50264082882,3750.27506623252
6910.27214357079,8107.75603219525
2472.80846651748,9213.02083305352
1535.84479030394,9050.86189945035
8658.71828012254,8105.32505990811
7956.59082632764,8289.12401870736
846.037196238483,3201.64561723588
7828.84878963432,7976.74021701205
3767.3751865625,3387.64079363468
7206.95758152831,7594.30707162311
1691.61931716089,9263.78493729346
1479.90212777513,9101.96956932049
1743.34149083807,9034.65357495679
7001.25987244359,7397.3788157784
935.685219235432,8921.47669764783
7894.91150385097,7377.173347066
1371.48299441108,8726.93594600716
1099.22244028192,3289.60301919307
8508.81747421059,7225.27939676298
912.379476537469,9147.49401397444
1078.21976042275,3452.62710090145
2320.15239910432,9287.26721126895
8341.69123060813,6626.03708004729
1476.87175522161,3668.37758164358
8123.28742708908,7367.1589220793
1826.52369947653,3657.61880112647
7862.0621311168,7700.89214111874
7136.26792662059,8019.16296024671
7578.22627082504,7448.76850633315
3246.06514271962,7735.91367637468
1719.96315603917,8065.51058525177
1167.01736502167,3346.0349210928
2022.57454176309,9200.74270460585
7173.05392369599,7919.25219080353
1304.36835061573,4350.60134177327
1030.94145679296,8681.13384908806
7278.12515303928,7424.30798042025
7936.76956724731,8329.03320372995
5935.31955157916,3936.12033152353
7589.99489681773,7727.55875153323
1496.02548187034,8970.82190794556
8567.32861823075,7642.7701226885
1254.78785251061,8949.72169039431
7907.46381989061,7995.45413953935
1470.67878144756,8711.02633104318
8657.83513117534,7686.60403872515
2202.30708373768,9612.70826263882
1550.04653460989,3643.48575935722
881.156615437623,3298.20654599339
948.99575983058,3006.90278385379
1933.92151580875,3874.05779592658
7443.72553902836,7252.52464095345
7255.99140029553,7177.73804111372
1640.86730188754,3620.10732602497
2109.57455646102,3652.22070311479
1316.34774051852,3472.59110140998
7740.14541584115,7618.23946086883
7401.65895608062,7241.37552193457
1780.4899507959,9170.89680049239
6698.64616052927,7422.61427394431
1655.96983972426,8974.96883969
7834.16282080628,7983.08904731944
1797.24444222078,8902.94256835001
1613.68422420207,5473.48388088006
1041.48109810072,3348.51052251199
4126.48325525368,3423.19007383856
772.826360040372,3491.70979043439
6675.12216040253,6299.08079293213
2019.62937707795,5698.87665582748
2654.38855613319,8312.16821182581
1581.40471478836,9016.8381992709
7729.80338260011,7914.6085139765
1540.98538640817,7727.94473994226
1157.35198767947,8486.62725499384
1020.44678313805,8496.88424365599
8585.93290252572,7626.71682359176
6800.71492238256,8666.8876077227
2319.81850503896,3819.77547826012
3185.37901232387,3683.82503365442
1183.75428928072,3149.96311782558
1357.58446271446,3485.91362437422
6644.5425528733,6985.10830852446
1495.35491872076,3721.92572952573
1056.9001450926,8670.73527450373
1334.07702597545,9223.57171788272
7124.7421100598,7233.73483368728
1171.49012994644,3499.78490503656
9440.8853517709,8047.46309418568
1067.09638794391,8865.61298274634
7130.46946737845,7572.87028633102
2814.21134755069,9076.93404242253
7237.32907647594,7043.46610170471
7742.67013851168,8193.89061126002
7224.90845217374,7492.8870111733
6532.14874005957,7943.06026261844
1493.60963132769,3744.27506923099
8196.87935275039,7736.89432546539
1492.31508630279,3467.30983133127
2093.70867057718,3938.61071339389
1608.49727869254,8955.49599644996
1253.26052492938,3740.23797221744
3336.57653991354,9064.45512142989
7640.3219182256,6965.27028890041
7845.37225490563,7647.84439654827
1780.59932849102,8907.14543440095
7252.77784402281,8281.94340441646
1055.6606203861,8770.39209223906
1235.17261336271,9028.07185523992
1696.33475063078,7245.42473758901
1907.49922447387,8841.195558594
1461.81117002801,7567.4620460328
8139.94982712117,7153.99783323966
1896.07198507881,9133.93380484092
1871.48677946885,4410.2358241532
1338.62009988548,8951.91097168964
1115.84568738284,3553.7970572503
7125.85066814515,7975.92669834118
1276.2371513409,3433.97460466591
1021.1051466823,8573.27377140635
1796.03160911353,8929.02083396497
1953.5136935442,8319.96650944414
8531.482003533,7201.26160793208
524.167333187157,3217.00549853284
7285.29485450296,6898.49816295267
7275.37060798603,7312.00117635002
1804.69110817303,3406.59200171253
3303.20706453408,8855.12547482915
2289.27728598049,7422.10854910366
1393.8854279871,8818.18026614792
1631.04800345281,9041.70287380754
903.331089296619,5632.24074259027
2673.91063940634,8251.5600656007
7419.21689423804,8001.6332319877
1342.50439387991,3591.97219524844
1696.36907128256,7623.38604310386
1321.49328071783,8718.96347194239
2526.72132562343,4389.64994525489
7245.7344319904,8029.3479627904
7154.02889696101,7515.26154534066
1428.82674914549,3681.60559431303
1458.17550424421,3255.44970737556
1688.77592326733,4988.82981802537
1526.77055971252,3366.08289059439
6522.78139005448,8041.89605091856
8544.20558500881,6508.76583087032
827.95718356991,3225.91434820534
7207.52907485793,8520.17799326806
8616.97014538555,6634.99319537495
1825.6462635523,3816.04216333546
3769.12054948328,8002.61079029688
7996.62491809499,7318.83405488779
7691.98575204961,5725.33026247914
6660.81696659672,7026.20588535121
1817.69436711913,7500.09283037736
1921.11648583914,8214.64557314956
1848.20777084788,8606.39532634624
7989.86098199109,4845.09032793828
7826.00382978329,7434.74827949353
1075.06867877526,3568.73309773337
7431.18073456613,8469.52426207851
8131.14112040774,7368.33651344621
2039.87967135316,9190.60032889504
7387.30632705513,7431.79530886893
8270.52154711615,8689.12723878447
8781.15361553871,7561.01194542265
1653.54691537797,9106.96620358183
7911.66939707898,8242.9483960077
1980.01391013251,8453.17357890806
1246.06420768987,3150.17276424598
1383.49202921108,3435.93616962179
1257.27825648028,3562.85367466239
879.431469092853,8386.34761450577
8110.71083163446,7468.02966733008
1867.9640342196,9018.65357645831
1750.36403151161,8209.44587752869
968.301526854432,2974.95685687181
1206.0205850941,3427.86560536221
7050.6169254746,7736.31227857982
1012.65478355256,9324.52711807327
1373.43494316786,9249.4251682803
7319.31296920409,8246.77570917198
1660.31072384757,9201.38411024518
1289.59399253903,9058.41694674501
1238.86675531228,3585.76805189119
7183.58143194816,8143.92425779235
1598.43466462956,3667.66974888541
7468.25481162453,9241.0171370663
1612.06054843666,8604.92919985981
1553.81943788425,3561.15794986685
1392.95949850048,7780.67163073629
1202.35111395584,9291.38426833481
1518.31746836291,9245.54726604526
995.849928206779,4111.79309752085
4659.92995366757,9222.07263106991
7934.09492954424,7289.67054318216
8804.79646348468,6836.84700231453
1062.0717099279,9203.32277441139
1121.12749970338,3365.81094694219
7086.19478731097,7162.30494533576
7598.06264827339,7592.34445122284
1467.84791277522,3217.17819293096
1433.66479756043,3804.65845953605
1240.57030545621,3419.81667017337
1501.9543086027,3714.42006726948
1194.73566166647,8079.92495863853
1740.40066121955,8819.72892710445
6666.69257768973,7615.27772132228
2060.26159554502,2936.62070109932
7806.35178045356,7426.35037717561
6567.62215427023,6990.56909085876
1995.73768426449,3854.96512342667
7335.74261771258,9731.77754748335
969.347960780687,3026.23028231812
8042.76952154505,7295.71001104888
7990.89433337043,8024.18341413938
2213.83670325498,9352.27308585114
1617.96463962601,3887.8735312676
6297.54875182238,7220.36702014594
7442.04034170778,8366.38493576834
1096.31027690929,3882.567540883
1663.05782236916,8548.60736054033
3819.91969897333,6273.29710602328
1840.1806757973,8845.61657377275
7692.31655191328,8064.82796016229
899.512602456953,3327.41283337629
7188.896218238,7957.5814107627
1296.24147154381,8809.86662024895
2195.25641241287,9113.00811103018
7150.47788232025,7739.37394882142
7217.31972987258,6666.4962407083
1781.52623040994,8726.67038615108
7442.17846614615,7251.00103878297
811.561770777229,3326.34620144616
8210.75674108745,6831.60882327658
7581.16506977461,7991.57658702734
1709.37581458108,8755.77262815641
824.281451601835,8866.1875554206
1323.47934751951,8988.03805006566
7978.41320877361,5761.81417810711
6844.70626367098,7987.77843379653
1763.21136198067,7773.71711769786
3758.54721246749,8759.72760133633
6829.53620428459,8053.06314852446
1706.64464005715,8764.17023145116
8607.88705807672,4778.28307607937
7010.25085869718,8433.32958304407
1427.45728276587,8982.70684236279
906.78008727615,9717.53625285547
7055.91344560744,7530.88279134247
7889.62710081781,7301.17630772684
8377.21944476756,7972.90538241333
1262.90896452049,3339.8315663
919.144748663833,3340.06793365594
7303.2741677103,8190.18146568169
7755.04350935242,9263.54935963905
6228.30104372339,7404.65040326963
7466.89499491151,6808.71397359969
3047.63516236322,3805.58364422484
1451.29634000782,3653.47134232164
882.331939807795,8786.48168661956
6438.28081545363,8077.98544041151
7646.13282785861,7485.83830354101
4133.3132646239,8818.38427546125
7911.18064366843,8422.13163716694
6466.6215709838,9078.07582135137
7469.64961156965,7744.51638150143
2004.48763946439,9275.95937190996
1905.86778347599,9364.06039069335
1992.37358555259,8989.16859930972
2414.88838493777,8898.77392597795
1751.13768438267,8940.40893900147
7745.12864704662,7763.19096777536
2442.74300840255,3941.3214590162
894.679402250245,3134.10294795766
1752.13028912746,9665.93467377462
7315.74694204833,7101.4534874436
9836.28270502899,5778.22259564211
1144.78727195179,4322.18534613031
1383.43720912812,8308.46750861163
1238.21035794038,3298.4526228117
6763.23998389779,7662.51179907929
1885.36362943977,9118.8718052173
2551.46595406066,8978.33886006648
2162.0796516545,6348.30110338995
2078.76092194974,9058.18609936053
821.277885485207,3501.71336070593
6256.36056504168,7654.3916069633
2195.92854407169,8042.55167763012
7898.91886614274,6905.81149616978
756.685677383339,7674.18219886075
6468.31659350436,8052.66164649567
1742.76073958714,8873.92758373734
2606.42610878259,7883.13076248614
4781.32422937054,6861.85399386918
8315.76693093276,5826.69859606614
1977.76373799418,9058.95894255219
1259.02197770796,9018.70313741174
1108.06487777277,8583.76824947239
7221.90881995712,7757.32290603706
748.909958984851,3393.04984075798
1495.79223862501,9177.93619790309
1340.86735111595,3215.95940858812
825.6539395849,3248.79754897482
7697.98144550284,7465.46396841038
1080.5232368727,3221.28604927049
2333.42851721399,3592.25864666782
7479.76681972751,7329.5837288994
8469.44088166227,6305.1377426059
1098.30098723316,6141.63768390504
1280.97546807764,8791.50466500472
1703.2477785647,3852.78911457069
7726.19471854874,6319.87641099431
2295.37408235669,8725.75508854484
1400.34958874681,8636.4445432413
7781.14667221437,7445.36780736869
6846.53740144601,7792.10708610179
7477.13578210996,8421.76737386739
7540.07810880925,8276.0930536389
1302.64607733732,3361.92852425898
1463.00566986665,3604.0803238286
7014.1066608901,7114.284601194
643.200955655113,3047.76832618925
926.698711848158,3258.26936874435
7282.28437811087,7600.98213636697
8046.07346991474,7462.90800344184
920.980022078924,3280.25971698309
930.500280756015,3444.7934555815
7723.82536813474,8089.50911078354
1604.09960626024,9339.18190772846
7141.93666096859,7489.23817667427
8449.23905568573,6384.15481971703
9025.76506390774,7125.3491855527
7094.50331001481,8113.2615767759
7461.17023086441,7344.04693566032
1424.82913379432,3587.21863930782
989.095779252967,3237.90460893559
7003.36487983333,7682.10084905241
1285.09436839473,3491.61788086211
8720.47873664823,6843.56455785807
7673.55820584924,6589.42107427787
1677.9888749166,3718.45166185751
7486.50438787612,8237.68794830093
1428.65345455961,3329.42675071281
1430.87919379222,8928.74001852531
807.135196300223,3700.9297715174
548.611585579458,2980.13492182581
7261.65579995146,7511.81597167514
3832.11259567024,3956.87026584486
1373.03567301026,8822.79143401373
7880.77474306606,6481.02198979474
1048.24475477376,8944.72247262569
1068.38423206605,3604.36759181738
1202.8250484072,8974.17729421097
7664.76379198164,5994.21068030628
6669.67556058768,7113.08431669259
7972.70883042396,7525.18360451254
6652.05393489343,7262.86667079796
1515.79421441953,3687.61179518134
2168.97135539164,8986.79975214437
6706.79252345146,9114.2228617824
2365.8635262925,8824.50755870942
7204.3303085916,6030.5576463894
1368.15076323912,9124.14938332784
5759.41126478018,8435.30970317034
1184.66945148913,3684.81709167379
1352.79351474964,9157.05290834714
1396.73915656171,9091.06455011144
1912.19957483492,5031.62894653598
863.255167267031,3173.56660767474
1666.84588108745,3814.52132439056
1436.42564397722,3644.34607127031
8688.79289784162,7974.40337308474
1356.22526529837,3699.02836339142
1188.75754999793,8814.50977531327
1298.83844552835,3961.21589353959
2193.4902405376,8314.5865290364
8463.2749215812,7804.78024985595
7343.13084025725,7227.49800395469
973.294376085497,3389.54644956953
7107.82058121589,8165.68978841967
1360.26446022281,3509.44923634922
8757.27348169372,6539.84719800841
1085.19096637203,9004.23474707482
1099.2343327491,9133.65497128188
7180.22268943218,8517.1817150255
1746.39203981474,4066.65880892619
2256.14774510831,9153.0535396782
3257.07483121723,8473.75168997717
1854.90614019985,9191.25593792073
6256.42514751854,7510.32904596481
7384.24292298963,7307.68904351279
1305.03045262487,3751.06795804969
8002.55546309174,6519.65470400623
7433.60816998668,7772.17747984695
1528.48726281863,7404.09244568672
7310.66798909766,7584.66675321664
6731.39813193067,7724.8532614991
2374.39765187113,8377.94288447304
1490.02866624455,3636.41030549159
1263.29314787339,3741.11353032322
7982.83467787925,7265.69709159499
8377.22838477316,7045.49192799751
7964.00760250799,7583.63652845279
7071.00672822501,7525.97566230868
1380.63412728043,3910.91957530418
1374.84628650723,3773.09464881175
1526.71221472623,3863.08993058839
2008.30850404237,3665.67470300426
717.593628949436,9080.85441472138
1655.92625388212,4078.50114662486
7732.92020520921,7611.58297015088
1783.17531456875,8884.49598558167
1019.33560393136,8628.9556145805
1424.09474576018,3558.24564723343
1978.00534611333,7918.18369770722
1366.72130095304,3813.26282538955
1577.35969655388,8091.6160894822
7078.98631144921,7532.87302277794
849.036987122429,3127.05579056821
8611.47382883531,8157.52759383043
986.047915044854,3186.90668900882
8354.86666097022,8187.93939754362
1951.03473856422,3974.20068979245
7726.55059132923,6302.88352545625
1574.24417222533,3654.11745510319
1301.11225090615,3526.10229671744
1363.93862513714,9081.68138777319
7391.62679099588,7713.26241654602
7130.58116550022,7771.6714937478
2319.29526825273,8936.8247274834
1126.86305372324,3701.77597415234
807.443851854549,3323.404571157
2656.98892346238,7972.2148036596
8296.44850595,8186.02104721492
6976.62371830191,7593.37590608291
1294.20265067794,3379.5398535834
7078.35120951608,8085.70151146779
8624.32594916817,7514.8865673821
1016.87906512526,3121.41459729685
1351.85992508895,8927.91425642575
1109.98150159755,3817.96856891571
8367.96723781164,7992.03327968641
7885.8495625059,7562.6203756296
2765.78556421277,8445.97879426262
1669.51546920369,4043.44047553764
7332.50588196349,7185.61220819892
1961.62667074263,8591.14235864867
8309.21804940699,7432.42353361727
914.099095286255,8782.49906235521
923.168696741498,3371.59404161136
1146.39723672345,3560.53744160051
6294.71344785177,4086.14741872385
1816.57473035765,9184.04925390273
1348.98453626391,8875.78061080594
1292.61936846181,8329.93557332959
1419.92693310832,3982.71901739505
7636.77594272421,7182.71332956321
6856.24733028249,7400.21191585676
8569.67741103799,7418.87502090097
2207.1202440494,8114.61664571087
1234.25037382025,3542.90156944893
1474.45445817348,3806.02447204959
1376.82902565361,3668.85968445695
1225.34884787876,3520.43699260765
7745.51852495484,7302.59330484439
7610.7854223252,8198.76064194619
1296.20726700986,3469.14323260873
6448.86207501907,6706.34450721509
1786.50928760554,3439.33592281275
1204.40697950598,3074.54244893819
1805.73313453247,8706.55615592512
7770.16733255036,7790.74532902263
1533.58383953579,8822.440437901
8023.10960220155,7683.64191434099
7401.83819982621,4281.81302580406
1737.88510091983,8376.98612958103
7358.30277499635,7494.97606359294
2324.25878759779,5819.3926021319
1031.64734817834,3189.70265798094
5933.81400651141,8856.31945005389
8032.46836168946,8396.56245971544
7578.86780770579,8166.87423005876
7254.62263154435,7652.06032663041
8801.94008416998,7184.52969563678
6874.35264747472,7330.5493867002
1450.6898681649,4481.33402934274
8815.75784558836,7878.20382179388
7738.03999570574,7815.75291720159
1666.47272276278,3949.75263898897
1441.84264052807,9108.07813854385
1214.39065498042,3554.02862303504
3197.9044269839,5692.55651047726
1505.19759128636,3560.08399156051
1568.30540205565,8801.18413022868
2030.15112902709,9278.52724688867
915.908546952693,3420.84538371942
1316.81430504631,3326.63409071892
1470.05520333831,8417.85406227004
8139.95009539179,7641.87280307303
1150.21427237458,9061.76327280548
8235.37960353341,5936.77308767936
7645.32188342585,7819.26876798087
1292.76738487952,9032.04734814676
1457.63846411551,9240.00173114735
1097.06380107732,3258.00626989273
1713.80600865392,3879.20693374013
2266.59243720982,8492.654358078
7526.89906582323,7507.55623426426
7459.98813916676,8566.47981447422
2257.66504985858,8763.16375139198
1781.09917453074,9304.55698959911
1393.07808760248,3600.9116097379
7274.35415545954,8469.17169096734
7402.7306393981,7051.8689628082
7425.38778437932,7233.56750962987
1300.69165436765,7086.48554742473
2650.85784988514,3841.21443568506
6086.76275254115,7755.31057256633
7746.48198628727,8081.09944255754
1426.40937197307,3977.62169382078
9096.65608532017,7859.32259370248
1361.8233663815,9157.80860740788
6339.66212322705,7849.99370391148
1273.1412210126,3475.48526121295
6642.02494024796,7304.89487303507
1063.78867822532,3351.27213165121
1104.09358704948,3506.08642400633
1928.04882221343,8832.50959684671
6596.10104127369,7187.70286437926
1296.27891776187,9288.6556289056
7109.34157391352,7283.39088811776
1605.04081991097,3729.39055400114
8449.42850383479,7740.38806248212
2615.2888947976,7556.06735911285
1649.68976451707,8409.30994068185
1107.66756632859,3366.22484296455
1073.53635267461,3150.42871494066
7685.47157141981,8147.81307103155
1825.81139421362,9015.74625744282
915.655493139339,3571.58514886211
1599.71556271278,8869.94435332525
1918.62397056108,9152.88204096592
7348.22105713052,7639.97408077843
9390.48417227375,8007.35450109138
7230.63707989065,6749.73997163422
1204.81915412461,3554.79525493042
8170.20461293079,7819.00818635285
6502.05093562229,8439.90035990641
7442.83781596453,7784.31596468024
7342.08111628975,7927.76937927091
2045.73010128554,9195.80850689719
7949.71250776838,8206.32070591321
7142.83662711576,8596.35341682746
5997.59483732607,5870.70144906047
7239.26712910344,7975.08190669908
1933.69089575001,8793.24028448419
1470.67717534261,3688.77793495523
7401.91381751646,7337.20991210591
1333.3733455012,3879.2231457353
4060.82552598273,7830.91880103892
7165.942273983,7540.78043510214
1813.9278925865,3761.66195534393
1271.52137385551,3418.14955928293
971.740147677638,3234.70095257076
1051.7254252863,9183.81262377206
6599.54650849393,6668.42306256265
7548.38033144097,7505.0502027568
4780.10550304403,6223.76265051824
1632.49745844852,3701.7382361452
7871.16764667565,6865.18954927135
1012.31335528137,3562.40038569277
2575.51334915204,9289.66882538346
1719.59285085285,3497.91696041487
1373.65611765964,8875.21584074385
804.435393808466,3094.23771060423
7480.51993861354,6908.32581140496
6579.19612563615,8022.09340499318
6597.64275743181,8410.17458147171
3046.55172349033,8717.0736062066
1600.60983852415,7952.97381175204
871.599998468476,3463.93530032387
1788.15140176911,4172.69430205888
1018.28666303553,3763.25200254288
1409.67278912172,3257.22232405881
1301.29251332694,3652.21114617669
1730.99139679216,9007.81700308789
7440.54597981287,7820.40742525344
7404.39039704928,7379.47465904941
8000.8383066348,6892.29418188383
1179.59934463345,3852.04986308669
8474.71568586036,5817.2464293196
1397.21511808512,9052.87971488535
7746.06526088062,6510.76607638576
1133.41985532028,4429.67600573775
7006.80857706658,6310.83896703198
1261.69259341245,3534.99172314319
1541.31946640556,3659.25331779173
4342.3204320117,5892.58991660921
8350.33977668836,7738.75287489326
1555.60342956915,3765.40675525423
7424.86307711527,7561.98082394654
1522.25134489679,8866.10089304318
1353.34782054182,3433.74053709815
1106.01331921926,3666.07585618741
1066.72703164653,9231.47177584734
1457.33172000359,3478.29593369608
1932.93563913846,8452.58838150792
1692.7517157483,4175.2034953849
8067.89784679536,7778.98675616357
1495.36778159475,3338.65400735443
2137.42549645391,3974.25857988033
8519.89080595567,7878.20737106509
1172.48357647375,9108.86035036318
1289.48399752514,3417.97138354678
2659.30284714507,5729.88680206091
2580.72679278574,8985.20796340989
1294.41159709875,3546.11949119618
1806.23026298637,4875.72659723249
7934.31683948599,7633.01274353111
1311.11777785582,8862.52886196865
565.882219535388,8941.60026741121
7935.86850629153,8324.23954917826
1922.77417410799,9207.79115256919
1020.30775891959,3363.11798494901
1857.9473472647,3411.68060884604
1237.93132280916,3922.71431509357
7495.20346490197,6832.3959455517
7454.58968502697,7679.71871654974
7698.10543525253,7398.96975501398
7016.90410434428,7101.86172278898
1675.77523183168,9244.12583886507
2068.20463592202,8221.09725466975
988.248851364123,2989.96683401475
2098.21044989163,9163.61157343841
1042.40435491138,8884.14378070537
1996.48870962241,9097.04253305742
1491.12787247994,3498.37725375029
8580.03164292134,7611.91129736032
2095.46870948514,9155.30702722112
966.860079059424,8182.01807374293
7042.65586683342,7644.3581319376
2442.56022705024,7097.69488444538
8725.66347508866,8358.18378433362
1114.99343465601,8535.63722852186
7800.52181924536,6870.20407892503
1235.97720392105,8314.85712426198
1337.66181519207,8507.80639843873
1394.78606270452,8829.70386340043
1971.73845104849,8026.19289266723
1520.43148595478,3515.81725301058
1585.55317841566,8602.77604647359
1275.76059401962,3484.16029959732
7580.90006003147,8730.46634794162
8072.71115019145,7728.79249171706
5820.67948978025,7168.97664179813
1385.00975800984,6752.77705192508
6843.23188190345,6942.78766803987
1887.54626425437,8565.61132893092
7583.12004729901,7517.67150518261
8962.63167526298,7028.79717204855
1350.32974435376,8047.02935795723
8089.61209288246,7429.7971030023
1407.92494356765,9174.99342990138
8488.60794149495,5392.43119839873
1526.13408184829,9171.77332597376
1648.88220100899,3731.86712747204
7525.39494615138,7291.47780423136
8058.16374582537,7175.53390390321
2554.46641681247,5192.91050737049
1503.7141342867,3393.41086295642
1115.43432247339,9145.25136616504
1486.84789826975,3649.18078202823
2532.10297802289,7569.24307694504
1929.16505687455,3860.45775584491
8171.06600440191,7525.7974010364
7640.24974851621,6717.6037227914
7222.30402202263,8220.87156489806
2063.96417876516,8482.48044916278
2618.13493429655,8341.04032768191
1674.19744975213,4369.31809635841
1580.81723073489,8580.23869840971
7386.57387328581,8172.29774145088
1543.92629237015,3812.06743269457
1181.29301178974,3159.67697930498
7791.89273828183,8230.2265192108
1192.0976300927,9024.20143329816
1612.33326445632,3911.5982788567
1798.39079940813,3612.27401688046
7488.29281772885,7786.55949178562
1837.15096359055,7724.9118425954
7972.47792713771,8334.33635108645
1862.00282354373,9154.37832792271
2534.53697057844,8799.0016037613
1939.71030591722,3547.69424275083
1921.86502527209,3647.55095392794
775.813376301912,3196.25906603612
6899.95096242865,6881.97237531872
7601.74303936776,7361.85510665039
1599.10777537662,8668.47951976379
1384.29777452615,8162.31915342486
1305.86687354842,8779.20113899823
1798.43621479343,9182.40059031259
1380.71164913566,9323.65193465129
9105.98361455161,7761.44860027296
8825.58814210659,9220.1929128429
982.984712904469,8850.57656576648
7961.26614767133,8486.60669623748
1313.88143936298,3419.84053181185
3933.00407725036,3501.27681690893
7438.58713563957,7632.97929427791
815.757211872375,3623.78582838957
8864.32265146638,7643.5523140707
7481.96071584138,7898.68749273862
8303.9006959403,6390.63617062768
6489.75281891909,7446.00594754976
7893.36158936828,8141.71316099785
1187.51959899675,7607.96772776137
8367.27722709325,7721.88187956329
7625.16539088161,7203.92680303065
1180.34351157774,9087.62706088327
1549.17789690107,3719.74776483833
