"Marker.A","Marker.B"
2852.47659330156,2419.27050512907
4178.20292795712,4788.13099780155
4419.95252475571,4353.42522742786
4240.04346862108,5589.62944795616
4481.13881779241,6810.6590849134
2441.8989627358,2697.29127902198
3918.06557360743,6872.77652142311
4160.63638672494,5833.26680417585
3216.56759101797,4608.08811148659
3431.41688098228,3456.05196029082
4125.14692881414,3751.46329070257
4064.09201536216,6756.49851567941
3560.17254475715,4216.57446796687
3600.11548800031,1383.0572617121
4351.08691914077,4961.52490813504
4821.04901397626,6616.06744080026
3763.42698925008,6582.25255201327
4663.6978083349,5150.37671505838
2082.34643818306,2624.43310768541
2256.84420161936,1660.73721427195
3972.27191360895,6290.36487441593
3811.08331670066,5186.52153628355
1489.21020877674,2450.01652192511
4479.91550748231,3781.9820228007
2290.65860283384,1677.7867380301
3858.410969412,4698.90515680059
3955.93650676752,2966.95791312997
3221.65303810068,2504.34750182563
4712.90933259853,5620.37525332458
3374.87863612957,1165.61906547818
4221.31266916293,5314.50671253241
4204.75119272969,5270.12128815747
4347.2549265812,2994.40777323716
3874.44405069251,4959.36538636339
3799.34848720997,5759.38553455722
2900.78550378774,1558.49694575446
4164.02152439996,4040.33897034036
4923.61707635685,9066.99356649264
4608.22396007696,5668.85264797252
7153.13218955187,7290.14903216461
3609.08409207403,1079.12116942128
4167.64031901931,5644.07417591945
4850.63029740752,4559.44030617212
3570.9810098829,1177.15593103062
3067.17139957537,5572.01160673941
4588.34429195739,7139.82906436363
4731.30306714743,4638.89100231402
4533.04111514501,6916.02531088084
4619.66933814671,4694.01779579869
4106.93460373645,5248.07065533465
4429.75726773093,3581.59345603873
3977.69415689,1792.01844149586
1255.8700538724,1168.34701042224
4733.09758149574,3704.40668970114
3522.54481042089,253.299080893973
3059.21108861741,5273.30369678356
5023.95209859047,5852.41918710189
4457.19111632201,1493.93604017143
3758.93816796469,1281.27166830426
3877.9544924143,4357.85801903393
3741.93684041405,8186.95398184304
4140.59130309637,5865.83173283811
5331.37208274063,6107.08249401587
4129.65535215137,4641.44843087775
4801.75360406053,4793.75750978384
7875.11724186658,1590.60688216564
4142.70590399722,7046.56791569342
4529.77114277539,4335.75072360735
3622.07918376872,2514.34993138261
2786.94301479872,1044.79473149326
2676.42728939513,4382.29566975394
3827.1363934118,6162.32261270805
3897.71916971075,5350.53820855005
4426.0000944676,4561.94107213208
3754.93525181364,1558.21278702516
3694.22082343234,3747.25799522204
3787.4439384209,7048.95493359061
4070.65290304246,5917.94610550797
4194.47103055563,4752.32699790945
3806.80176525178,5640.72093377158
2950.49244134411,408.790726996876
3626.5010539278,3670.13723151832
1900.90067552722,1633.23058584719
5118.12904631407,5593.09601531155
6753.18849832751,3306.75487934428
3918.13856743743,5424.76029950175
8720.92049678067,5919.87855400933
2791.74366655756,1350.49275590509
3000.45258281104,787.176459221834
3387.76646455454,4272.3262415139
4061.92532596809,5037.73611019185
4865.76524001816,7110.21904820191
3385.2374234921,3578.46771001641
2541.8007971999,1880.90346116375
3322.79639289496,7141.41984582142
4527.73719981492,7327.71464703629
3193.14853781857,2073.44933156802
4443.71899701698,6660.05495838312
3753.43701361136,5264.26770290489
4341.52633682901,4328.41925924925
4267.5488513745,6078.43912496008
4041.06001107004,4775.57135110849
2763.1601526668,1797.98577481121
4883.43392201728,7923.48133146544
4141.85587409999,6307.69855690337
4226.76594534761,5380.09071639751
4192.15295378709,5745.12093548834
3951.74942280741,4107.11627172643
4224.12160799669,3780.61789175795
4369.18720149458,1403.00524679466
4993.64471445017,7724.79771707929
4144.72996904,4046.70421044778
3988.09104035481,5251.3097265645
4363.31754725862,3849.27097904161
2803.11403366768,157.935416625772
4662.84161447952,4605.18986158981
4296.16650920995,6068.03900003866
4335.04775051961,2859.4892508499
4162.73549766556,7647.50654270903
3624.68475356648,4727.03687100153
4663.44329662593,4061.65087503804
4156.65214113248,5130.94017340304
3632.93814927997,5726.08230062508
4590.88623995397,4384.62602504737
4528.08700167402,6321.05401718059
4525.14814230555,4175.59852548831
4004.93164364202,6852.3737555171
4528.22589250847,5468.74823993986
4124.86406761629,5664.9315112213
4759.56226709697,5696.70020344416
8197.92311753858,2815.10361504734
5012.76531403205,6980.98391182832
4635.03326801054,5706.53201090697
3857.20481469678,4916.34367017596
4621.07074929925,5027.22223720766
4077.14061066048,6240.01169387039
3704.47499210977,4565.63513561301
3969.68566775177,5432.94424004776
4195.14858322955,2473.20378966514
4166.84115459988,5814.7964867712
4359.2656024685,5400.94805169935
3678.8300323612,2692.85848741591
3954.43042842488,5392.19579369474
4066.19101348577,535.184540361973
4054.61589983244,5664.41985636646
4029.51317527171,4941.46338641734
4302.90745910455,6172.60941242195
4760.15973057825,4117.74389277339
3593.42422007903,6174.71227158984
3577.50409666462,5962.33195273816
4177.92776628534,3394.3895160322
2739.21104925469,4853.26043227082
4501.42889350312,5718.35335233016
4160.29667380856,5561.83855508828
3671.08201592952,3534.36602151552
4118.26998196761,6281.84011253685
3832.33232839147,2995.54440815437
3461.27233724202,3044.70386832369
3447.0449886462,3900.07830612773
4009.45125701993,4606.15608584049
1818.82035693071,4680.43483939594
3847.02773668085,5271.99665119981
4373.29947373953,5904.07941323117
3191.03136788466,3269.98486662912
4359.8549712997,6814.46689645711
4213.68892709654,1782.86869955442
3493.05664679717,3353.35691094988
3879.02109016543,6892.32638828597
4001.01509547869,5830.65271300837
4265.08578394531,6750.4745197603
4117.16115775304,3973.10709955846
4579.60214614381,3665.07903699463
3908.89932694575,4462.25802075069
4327.46342744254,5219.14312754957
4218.91283846729,4579.50182788982
3679.99453815147,4801.25938480848
8598.42214447945,1451.88054823467
3089.42824416613,1986.89466719356
8670.95110639054,1239.55710341438
4199.2939689521,4553.13215152371
3820.22775662319,4854.45372979179
4748.58812662918,4652.18979998748
4623.88025410618,7038.83854454325
3675.5364722017,5323.25897053702
4584.74231554031,2810.61394940988
3261.53141116865,3224.0649005449
4141.17167099458,4169.97243636127
4177.80636336662,4400.53891388831
4169.66490354827,4469.8736438381
5047.70777476273,6999.96588408783
7169.85933013664,1117.08479679885
3858.22515098399,4160.87935702359
4400.5725235758,2936.66667715739
3822.14076231157,5812.01198493718
4448.39135512839,5409.13156939011
1436.36598397052,2008.66114128707
3612.55102062479,3856.5453579407
9013.04334833849,1983.48476244193
3282.61461034294,2609.65685376169
4213.05248340317,5047.11334825883
2140.19929664329,3166.09651976721
4172.63543699411,4810.75037093823
2720.40027659961,1419.20229436489
4724.99706587642,6334.18198133226
3606.83254861213,4411.56401887209
4849.19732027723,5916.07074246563
4110.38949569772,3767.48992760628
4511.97079851955,6601.51826014682
2811.18060089575,2329.24906197158
3836.95416320758,4165.71005542174
4384.84685088563,5034.49661610675
4204.4161075669,3959.92204994777
8473.83084961009,1332.704398308
8567.86761282776,4448.61840174417
4082.54214163523,5627.87712834921
7614.00023366549,7514.29276126995
3535.61974136179,4939.13303112391
3731.23940527185,6330.54458045509
4029.89225437634,1470.12358094141
5362.43226679969,4231.6348806199
4214.52431189117,4579.67223855635
4470.73843705734,6719.15997407802
4193.59314261537,3206.276437234
4427.14695052602,5643.61960652362
2433.39818591917,2622.27337448614
3584.03711544509,3056.63853495439
3128.36723943657,3226.28129634794
4051.00292481042,1754.9642700514
4058.63030066666,6061.2191905354
4146.36986199876,7330.04457947447
4691.56464421916,5835.14259007345
2212.09518536792,578.831289468681
4013.44456716801,4984.93967200061
4037.92390171739,4454.81323118507
8768.20040723757,218.120232849179
2455.95915157895,2930.92662853995
4048.16469724638,5137.1916654477
4468.83981475177,3244.92202441913
3779.43663937984,5808.03376272695
4185.27696994637,6477.11382217138
3911.55350842294,860.716748936681
2847.60717176646,2357.60806087044
4797.99793706868,4771.8206250238
2022.34421849741,1162.89112053411
3094.17053500028,4586.32163739308
4208.51130621852,5382.81855562776
4529.0055410438,9189.01098657089
4238.75965634205,7110.44654432746
3158.98154699152,81.0988975438202
1969.83830540733,123.950037886893
4717.53914464692,7002.0116577967
4249.55189948955,5924.36843107441
4259.83808396155,3485.77487880481
5192.70323386701,6221.6551245285
3621.92235984048,5166.51710002486
3834.44989704354,5121.44918727329
4448.08962821406,4125.75742265287
4582.76012934362,4247.49068400182
6257.97211113026,2970.87947273645
4428.21740363854,4984.54176520854
3441.01578523688,4799.95233922474
3788.00402063706,4397.8106518028
4324.11226933901,6011.71848617777
8556.08291993868,4919.75357492759
3447.35047784197,4397.64024113627
4888.0570636858,5331.10166689472
4016.79713188226,2898.53253339948
4033.53160417841,3578.80853134947
4670.96379468472,5439.87779761378
4792.9302006089,6293.20646170895
4101.92351659449,6841.29156507431
3716.92275700545,5292.34233164682
4051.74308493572,4195.83088072779
4774.49576762189,4228.3953865348
3872.78090989833,5617.4770034278
4357.1374253983,3504.13165957432
4396.26558248071,4652.92852811261
8246.22765939131,4579.21766916052
8345.8507476274,2555.89397989214
2267.02527580185,642.312381308985
2594.34978433497,1135.21408144282
3923.25667627344,884.301923468782
4043.44904842143,4823.65083896436
4539.21399670115,5130.65601467374
3919.54150290005,6251.09388431318
4547.78082356598,4093.13583138685
3592.96786776773,6078.72328368938
3372.4153147895,3038.73653500834
4275.61509817968,4930.83576537038
3964.21052314115,4543.29992120564
3766.431591469,6200.68404116388
3987.23481354424,1351.17471571266
4148.25969283767,1669.54613488033
7808.45409946512,36.0313250585906
4854.8213773725,4866.67255515179
4049.02836270195,5923.34512136472
4088.20478960928,6939.15591601711
2297.73810703201,733.129479479895
4106.72108416584,3405.92627587083
4049.77588680465,5361.62039899285
4011.64857098308,3541.75414847738
4893.11558625145,2289.58037650439
4198.45639791411,2999.69304103114
4091.47319008612,786.665015794615
8324.47515160383,4330.06754902131
4059.22554023209,2494.51569436282
3847.63143171611,5642.48297160641
3478.36430426932,2257.69793621876
4144.50738138811,3652.9739596974
2989.03860292459,320.417362183823
4409.25550016599,4685.32262325309
3930.58825562698,1443.29891232421
4751.32013684283,5886.06366522234
5022.90268554917,6164.25506120941
4073.61850175079,4988.406239356
4863.67067634284,7392.38866639922
3685.35130732941,4826.71992238292
3414.19934651172,2736.50518366571
1925.63622926841,2421.54377496349
4436.54202601756,5024.77855670671
3674.7047148964,4319.95115997394
4507.27857526541,5453.11950982823
4247.34394824209,4148.77427972636
3463.99425660918,6496.72077449324
3744.37054284308,2431.48933048907
4403.53920358648,4809.67039862478
4411.78958561478,5617.4770034278
8511.00568861335,4984.76883847883
1414.95838244305,1227.62243678368
4287.64986969048,5281.48763732957
4091.37570345365,6156.0711206634
3941.93835794453,5353.03855165476
4286.35708364611,5504.66598789474
2849.51500578051,2771.17254864061
4689.25099225924,5883.44957405486
4020.243173083,8222.87130694267
5072.6550866388,4906.22770398384
3912.86516443915,6289.05740597693
3953.29734116923,1031.55301927882
3209.77215950078,4255.5042138813
4507.78827794961,5649.92776117203
4194.42377225783,5673.39918764136
4700.31846650973,3929.80122464172
4554.36388164332,4565.52138755024
4808.06724765164,5655.61093575808
3990.51163888637,3738.78989594673
3723.94520665197,2373.40720164861
4223.9659054626,5830.02773294601
4086.7766640346,5779.61788979671
2568.24059101547,725.911868898376
3976.94418446128,1878.74372796448
3439.36206913545,5534.61597967901
4335.62319885952,1145.1596369684
3296.19886742905,3525.78459703269
4704.50059363773,5052.34195344904
4121.3390155447,3825.11748705091
3603.51215586806,2616.02188244149
5032.89447150769,5567.12382288226
4307.95403554167,6817.4222318129
6449.41777855635,4722.54741679171
4373.36521002626,4609.2247464038
3807.5368722939,4218.16567227991
4039.90049091359,7340.38761893687
3977.0622101703,5514.83861669061
2513.84656904956,2432.17118458282
4474.27533939477,6246.94525143642
4880.43124500776,5838.89331615814
3430.55020744886,5374.74836314452
3799.61328170259,6278.77102911829
4287.18573401248,4330.46503295813
2551.50042847793,3260.38034386423
3532.98124744921,1199.60447064551
4810.69238962857,2381.42052010046
3727.07409122618,5699.76928686273
4086.09375428801,3846.88396114442
3955.89012753167,6639.82302599889
4376.74618473271,5211.13002052534
4435.42897294335,5456.69982524639
5210.98613628873,4037.83862723565
3640.16457428253,5753.75944543019
4197.74927015876,6355.03931663411
3745.32661492585,5782.06157029766
7549.31427138125,2232.57821997738
3799.36303144595,2149.26283826038
3393.04513620932,1833.90352276608
4612.04093687491,6257.91369381644
4076.69735397188,4582.22966712007
3331.73479835586,2746.4507391913
3985.26753315541,4365.70071539163
7751.67213420647,2502.30172811676
4131.42809604691,1317.24618457671
8537.25969824975,689.596372722145
4397.45141985161,1747.68978543849
4196.26420740373,4565.63513561301
4298.46182284396,5777.51503062882
3433.57055045511,3208.37929640188
4208.40469158388,6658.35000600731
4366.83645940042,5363.60951009797
3831.79699003563,1588.33361233122
3854.83363500249,4942.42918781277
8479.23471601053,3998.5676371329
4006.53259713386,6416.19010603789
4046.14320068087,3772.03646727511
4622.56021765076,6700.46258340308
4449.71862311112,348.435407607351
3766.42855976275,1077.13205831617
3271.33103825958,1911.81988862633
4023.74027901565,6749.39454744685
4203.90484232165,5243.86493699887
8166.38707890382,3102.61537507
3363.61702657896,1746.89407756816
1402.36887353646,4379.11326112785
3867.6586280654,4572.51160772003
10000,6451.70994720069
3394.21178533069,5104.39966351515
4267.61215495933,5938.74677820606
3949.54757315842,4863.83096785877
3522.49893237957,4992.27071350346
4770.53878613032,5648.10906073345
3816.51241198487,4841.09826951458
3976.41573010675,3312.38139132657
3621.03345827514,2705.87291493244
3785.66125467462,2016.67445973892
4236.44250745581,2693.25639420798
1170.94747685799,2589.59512061636
3384.05101324567,1527.46677022912
4515.99808787543,2759.8630734999
3819.85978625923,6934.32521761897
3358.45897776093,5053.64899903278
4313.05622032335,5415.21265076823
4264.21874512981,5413.22353966312
3823.43429488609,6494.22000853328
3214.51912368618,3377.79456166989
4206.03924811483,5592.5843604567
4120.48211818974,4644.29001817077
3604.29733955278,3848.70266158301
3224.75564553913,5405.43750590918
4093.21068910672,5707.10032836558
4107.3969735595,746.37129740815
3710.66721255243,5507.50757518776
4705.97368878295,6002.85290296564
3831.1116472916,6292.4106481248
3441.6204423133,5278.58896457753
3651.69509665844,5297.96884362911
3904.16567670449,5090.19172705003
3958.46725441561,3793.29170936904
8562.5171858589,201.582192160933
3573.16855393541,5569.85166211251
4878.44703533613,5922.03807578098
4504.0330696493,6656.19048423566
3891.1808394453,6358.39213592672
4025.66920689281,5075.35881052254
4184.68190302141,2081.3489019571
4633.15554022882,6159.53811087404
2552.04509319144,2461.21224900305
3248.26401220979,5333.20452606261
4354.37595817131,4976.24407659976
6483.4284190322,540.242576314938
4525.63295371388,5196.92208406022
4326.73445379383,2086.97520251177
5349.79102907355,7021.44819945204
3328.98977003297,3382.17069067219
4098.15990203559,597.813103157464
4075.56312731655,3686.05012035925
4399.68616300982,6016.94709136799
3878.44901727288,6071.90347418613
4288.29289986487,1495.64099254724
4463.92071847714,6920.11728115385
4036.622105804,3312.43805393033
3612.90071854902,6891.36016403529
4203.99351333754,6440.85525288344
3366.15180678522,655.610967554813
3307.89775723238,1650.22334128776
3838.17005574347,6794.68953346871
3933.67371831154,4621.10275043074
4101.37892157685,5672.31963818316
4408.25089041476,6654.48553185984
3699.86367426534,2136.47569544177
3918.8632209438,5531.49023365668
3951.17484086774,559.73583343094
4488.55969095693,3507.48469029456
3465.87362396252,5113.72023897837
4442.35760431522,4893.44056116523
3788.48709073445,5272.50830605466
8283.79586944883,3403.76675409918
4177.40890958175,5419.87293849984
3631.95767009074,4173.21193044637
7225.59479302758,5924.53884174094
8447.80316146177,879.584867419599
4124.14868856027,1962.229520348
3842.10252388302,3320.6786570801
4481.88103658462,4144.79605751613
4260.82201297501,5939.94007572703
3153.52319511032,5505.46137862363
4955.88679763958,7004.91033054874
4430.13433693333,5405.21043263889
4547.41633028677,5215.16490533933
3716.20308844833,1919.66258498403
5187.02620679335,4249.19563637764
3832.43484980622,3323.23608564382
4421.00457151767,5633.73071360179
4907.32429858459,5304.90240119514
4350.49216883695,492.844889695913
3924.5016556342,4493.4588183702
4110.92828715644,4889.00734670391
3049.436030478,4642.30090706565
3413.25690755993,5818.6042983149
4067.55905056413,6321.50858657642
4637.08524087097,5141.11322505417
3735.36851985892,4365.47364212134
4393.38078378403,6782.69820423425
4743.78216394598,4670.83052805867
3723.59214127491,1924.15225062148
3979.42896635704,4533.07020695075
3811.15950947752,3484.01326382523
8909.06650778968,2072.19894858804
2057.82804432173,2128.57612505269
3523.12633720868,4269.88256101295
3908.69485562472,3565.22557494671
8068.8978794515,4412.30274699722
4182.68344763157,5778.25375875395
4254.75276314264,5442.37814071849
4350.79894055522,6521.61299460908
3289.59603996952,6816.11518622916
4046.64756510397,3448.20926393313
3111.70399752271,5328.37382766446
3413.38758787652,2264.17671296133
3921.08164878513,5043.1351260486
4987.11880074511,5805.47633416323
8279.71078059557,2019.23188830265
3592.78867931125,1133.16809630632
3898.71173346128,5278.9868713696
3618.03825894632,5666.40896747157
5270.45444629652,6229.55490634521
4175.98361776951,5382.19357556539
3768.03393880817,719.433039298899
4413.24104639516,5224.71255407284
3977.22853512745,2747.18967874406
3410.99405066327,2935.41629417741
2192.13120561707,3115.45939191999
4371.54383753964,5807.5221078721
4293.07025787045,6193.4667477238
4498.57274644059,5650.49607863064
3940.67840467789,5194.36465549649
8678.54312687937,407.540423302255
3889.35745313106,3399.33396249311
4469.28271979697,7403.81252388558
3997.91457516882,3898.77126054399
2886.74434838299,400.209143943324
4128.58130737652,2245.19495212945
3155.33296896865,6598.3925141245
4970.44093787251,4888.21195597502
3736.99209731199,6751.04283721891
3638.92940452897,2065.26560244964
4227.03538862221,3926.05049855703
4254.51550691502,6399.08391967598
4536.62615045895,2572.14790149377
4334.33396482132,3428.1475307878
3605.63081167567,4605.36027225634
4553.49095955592,2826.46996421943
4050.27602696517,5057.91137997232
3989.06649834544,4473.16980052695
4259.35671917338,5014.26468372252
3709.41831687993,5913.34290323537
4599.9840208698,5013.41220753461
4449.68296150642,7236.55635753397
3982.50624328136,4900.99909879363
2783.19250046582,1677.21842057149
8858.64976601683,8676.50196411685
4408.43483281418,4982.49556864441
4016.02066993131,5664.19236024091
4352.0144300897,5435.21750988217
7431.9514925784,2554.92775564147
4541.21641167992,4882.75585465926
3889.56733981524,5680.21899714462
4015.70831111796,4411.10944947625
3966.6741091829,4978.00611443458
4676.07208785733,6811.68239462309
3382.60266443101,3387.68345459171
4205.61654403093,3362.84789707963
3614.70271813829,4917.76446382247
4196.18413818122,6687.845851251
4010.08487109969,6454.15362770164
4066.23336585402,5673.79709443344
4119.0951111137,3430.25038995569
3896.39160524989,1792.5300963507
3630.15238076524,4943.73665625176
3816.87661367066,979.324581404748
4800.37781108696,6191.13639243037
3324.36955633104,601.620808987354
4707.06911838331,8625.29673023865
3308.28409989255,3940.88341508451
4055.89811032726,7053.04648100837
3834.7592499468,5660.72579288552
3988.11761301378,5530.35359873947
3702.36775343825,3310.5058168566
4540.71461193414,5060.12798720298
8031.831118074,1940.57679431726
2626.35056694828,3972.93668889192
4637.54766398404,7915.58239535923
4512.26108758002,4289.94408273065
4072.59072552252,2700.18974034639
4253.89716498931,3733.61837621553
3911.13518986272,6237.05635851459
2848.82481749994,3579.09269007877
4362.64735695482,7512.19032495732
4406.7375856528,5341.61553987891
3978.69175336306,5679.76442774879
3272.63128264421,3440.59364084572
3811.28204610065,3393.87807260498
4286.36166147982,5428.3406149199
4733.48589611334,6882.7220769487
3397.90709426554,1813.50096828769
3320.42586621761,769.160816926823
3616.96199842779,3382.56859746427
1959.79644681972,944.543574080895
4076.10498802706,2599.31339144403
3528.29800821359,4407.8132927874
4327.12525261861,4263.57440636454
3774.18985670376,5566.04427342406
4082.54799280484,2620.79591823587
3284.51765829303,392.991506933352
3996.56670654412,6109.69658518335
4322.2029630462,4594.61932600186
3740.37464655044,4384.73935025489
4153.88626307288,5681.35563206183
4151.15973149339,5264.89268296725
2889.24885120787,5345.87792081844
4748.84433210145,5455.05153547433
8088.98910647006,929.653677808211
1114.53444013978,3066.07264705276
3648.41797348227,3100.39897926697
4125.8445289037,6607.14477212911
4136.09002733229,3310.96059768006
4000.12497668097,3468.61181841152
4782.31906150952,4717.48922226802
3778.10020882003,6383.73934829365
3935.86394314194,3581.36595991319
7355.0488865852,3398.25399017966
3627.05348452212,895.781914989837
3447.83719270267,6313.26798342665
3362.13816854271,7605.50771337603
5091.01743075403,6235.23808093126
4408.70132024933,6623.34181969935
3818.42225811512,3806.53342158348
3812.55109414671,4168.72205338129
8183.5402653383,1776.95802884283
9023.96943649351,1217.56323890913
3690.71330080201,887.711828220411
8480.12651234468,4806.48798999869
5243.97011842304,5102.35388980627
3435.931245165,5149.24008014117
1499.01028713107,2426.43134739301
4740.72323375612,7579.25178507269
8741.14561796403,2002.80755603449
4456.20780388869,5643.79001719015
8473.37841482809,313.313393951263
3608.59340350673,6740.98353363055
4840.29713208157,3047.14754882464
4412.60638105933,4580.52471474426
3803.53566082121,5594.80096768736
4483.03466819808,5296.32055385705
3684.92587028506,4366.26903285023
3586.05973272401,5276.99776026449
8230.1713210161,170.552056278264
4669.82576946545,5381.90941683609
3903.06829352143,4017.77710551795
4123.91958651967,5056.83183051412
4356.79310241385,1898.5213023805
5074.57543983722,2794.98521929825
2928.3504452496,4841.09826951458
4220.34520177479,5509.04169404179
4821.65073431363,2238.9434600848
4791.64870676936,2417.50867872187
1321.94909261377,1178.00840721853
4436.92449295772,4932.31322162065
3508.89179418396,3225.31507209726
8917.8484984822,5980.40436335075
3761.69289894959,1635.67437206195
3493.35572696321,3469.80532736011
4441.78804173255,3307.15278613636
4512.48269594118,5054.61522328346
4406.67586180972,4192.47763857992
3875.31832242416,3019.64102611369
4699.96507237853,4006.58116701238
4091.56734734366,6860.84185479241
8817.86091297394,638.618317828054
4398.44921413918,7070.66432222512
3940.31325897684,5814.39900283437
3912.44992590835,4134.73675392777
4619.50240519004,5353.03855165476
3913.84317030479,4731.18592673355
4332.26266307023,2058.04788615431
3727.59169442527,7360.67705963537
4208.22617788671,4665.88608159775
4003.39857454505,4856.44284089691
3587.47526535968,6423.80572912529
4221.15398779946,6905.68184856318
3003.51984749259,7479.11458715072
4186.02574101184,5543.36823768363
2491.49426677815,3959.80872474025
4152.29620722251,5582.35464620182
4402.93501401938,6302.52661431692
4624.4804016724,6681.65102181011
4666.73956900639,5911.24004406749
4214.21657538359,6558.66737748117
3219.39946265687,2397.10612424348
8777.73228566788,5940.73588931118
3802.52741261046,2568.68112271075
3826.48561623244,6493.08337361607
4787.90670173593,5372.81633749841
1445.76731703952,8643.59705983203
4171.68321321018,4570.29500048937
3970.81983856098,1144.36403481188
3649.66808756307,4446.06097318045
5042.15296443552,7471.72646018885
5299.26258929288,7466.21327341409
3528.32890252488,4705.09998624149
4270.89131674865,6973.14121547063
4621.66470336003,6240.23918999593
3405.5915306198,1372.6002627593
3714.77611962102,5330.98791883195
3991.07399409258,4852.6350293532
3856.4345631691,1984.50764929636
4033.91697165492,3227.70208999445
4151.20701911198,4550.63138556374
9493.29121636631,1795.59896834164
4680.72651273516,5739.03985411022
4603.99268641475,3032.144010203
3768.98837903321,4112.45862497941
3097.67158240405,1365.78045325604
6699.57760585045,2294.75210766322
4888.85084700169,4556.59871887909
3582.89203385881,4272.72414830598
4396.31046702647,3815.79691158769
5048.67262006864,5599.91582481481
4940.00433387307,4808.19294237451
3977.36365404992,4214.98326365383
3985.68758326942,7032.47372729107
4258.24396630471,4819.21804735829
2548.15776133854,984.212153834275
4647.34757502054,5061.94668764157
8853.58398334978,1348.50364479998
3462.15912589581,4704.41792072011
3842.2299138495,5068.59566362304
3985.16930786683,4233.79440239155
4429.86265024538,1397.15155582826
3964.82074795269,5302.11747650587
3470.5745002647,3914.05916932256
4033.93117615634,7329.47626201586
3957.24120307195,5881.00547069866
1245.65591626474,4973.06166797367
4210.14903120601,4093.81789690822
3992.49041864864,5696.47313017387
4792.68559513275,5961.08156975818
3361.67313482584,1975.18728526077
4699.18176038617,4389.34297538274
4694.68442641485,4447.02719743113
4386.94711646623,4423.32827483626
3844.64380152068,1288.88707996404
7819.82664244848,6891.64432276459
3591.33460955603,4702.2017363447
8572.88403537333,2010.13880896497
3492.45005659854,5199.08160583186
4149.30538805181,3245.77450060703
3656.1757917975,6982.06388414177
4499.14953415708,6469.27112581368
5126.16439093596,4739.76735121638
5451.53593302689,3988.73582967009
3643.56831394122,4412.53024312277
3916.95801600633,1891.98565160655
4404.15247988742,5778.19709615019
3022.38347342458,3488.33230736853
4062.31942689218,6793.43915048873
4050.10605680147,5216.86985771515
4481.61260740158,5846.33810572376
4155.71358816041,4033.40583562958
4283.49439419326,5373.95297241562
3696.86865461306,2621.93255315308
4373.15940162382,4275.33823947346
4159.34697761095,3015.26489711138
4101.39119670851,5581.78632874321
4067.95557042711,6087.7597004233
4847.42083816735,6171.30236683821
4061.07717404297,2947.74886760018
3811.48646813728,1949.32884089425
3236.23795123367,5159.29938372953
2785.89593890622,5797.57655234652
4403.55097532833,6114.98185297732
3863.82213612805,4201.8548766469
4716.62521896963,5463.69004541618
4211.93162956014,6098.15982534472
3731.75252011852,1735.24356966676
2817.89871375737,458.973179734446
9012.54395946734,2660.80542503612
7542.12547450227,472.328640011659
4160.33427772268,5602.47325337853
4560.30836682638,6965.01436038363
4124.68446560002,6366.80357259828
4675.53700743834,6287.06829487182
4088.45311508342,4204.8102120027
2702.29117240485,2943.25920196273
4738.22410033891,6525.53455421556
2197.30653148809,5450.5620812645
4130.67690211371,7326.6913373266
3993.53026565461,5309.16478213467
3607.38788073362,4493.06091157812
5046.10484519219,8204.51431474553
4396.27977239801,5433.00090265151
3514.20674568874,5231.93027036817
3845.95789030395,5691.24452498365
4146.6313645309,5108.66204445468
4543.77710127158,5995.52143860753
3532.88397340448,5320.47404584776
4073.02550330167,6144.81851955408
3467.20739913554,4450.15294345346
4310.10243439134,6109.29867839127
4692.08359781544,6040.07769650426
4763.79526417882,4459.75725479073
2327.50915669952,2061.96923433315
4211.24182250628,4859.34151364894
4654.40625943169,6625.67175213753
4481.69467148916,4939.36052724945
4021.78630493101,4299.54881692318
3829.51484463084,8963.04813417171
3977.73407390773,4115.12980160591
8699.63902141937,5064.67452687182
3933.38969685823,5868.84373079767
3513.77968246991,6413.68976293318
4025.15332404632,2137.95336311967
2783.22056594882,190.556836106844
4337.24534068945,4980.62020560206
3712.02174608322,4276.64570791245
3682.74648974418,4183.27081117947
4360.54186880694,6578.6151511361
4563.31282363589,6833.50553132037
3990.82210098891,5806.21506228836
3379.0507588163,4290.85364437757
3930.40924858837,4779.37916265219
3598.64829233268,3751.97494555741
2865.69210539566,3393.87807260498
4350.82663905464,5212.20956998353
3975.71365547923,5248.12731793841
3701.58888977836,6486.60480830113
4146.64325024566,3393.65078790706
3411.1290701597,7082.08775685623
5036.11324524506,7569.36289215086
4921.4424805291,5677.88906470644
3556.06698746941,5017.27668168208
3904.04897651005,6180.16795005035
3804.53398988061,3805.62385993656
3736.58492193714,5560.70192017107
4452.92854269922,5919.65105788379
4926.70289697924,6521.21508781701
3974.84560898604,5150.83128445421
4172.47227663136,1539.96975431842
3856.79493086063,5214.88074661003
3032.33301832974,2871.4239174806
4243.40815163653,5614.18042388369
3791.05259370659,6423.12366360392
4792.13975583722,3847.73643733233
3265.44756033396,1094.29522442327
4050.11207283893,2236.49956815622
5011.97765385722,5478.97795419475
3797.1562306375,3158.36736004466
3698.80553183867,1704.21349985522
7821.9570097962,2679.44615310731
4016.5321228683,6333.78407454018
4587.03025393116,6934.38188022273
2440.72055574546,841.337134169637
3903.11963114318,7050.09156850782
3839.16225840334,6752.46363086542
4597.19901211409,4423.8399296911
3896.66888400838,1128.73530470025
3647.62432276414,4583.30963943352
3952.45607200227,5549.61972972828
4180.10712337639,5047.73875117645
8809.04846347983,820.138871820914
4140.76112988715,3045.66988114674
3398.55462822308,6719.04664887051
4330.1579074459,7016.27667972084
4864.39754517286,5582.58214232736
4521.79715818277,2634.6628219403
4411.47641629771,4964.13899930252
2100.36931628372,2163.86868151758
4398.58500280822,5926.64170090883
8887.65488979701,1750.19033997083
4457.39038364851,6695.6885476087
4041.95767589167,6924.94797955199
4766.75283498165,4816.43354552428
4037.72472357812,5406.0629088268
4267.88423671958,5208.17468516954
4562.86000839539,6729.90134318776
6473.38261768284,4317.73497559853
3395.29701897792,2050.03456770245
2130.58193619977,836.847415675278
3812.71032686822,4468.22535406604
3781.79729294548,5304.61824246583
3559.8265358718,4341.20640206786
8666.48552391304,2227.40648881855
4760.4466347186,4704.07709938705
4554.29008062732,7115.50473885114
3499.32672833588,3108.52583435396
4580.25777612314,6262.34648542251
4245.18604852086,3526.23916642852
3574.37110127663,6393.40074508993
3577.8565136962,4879.34594990763
4934.90964367514,5314.96128192824
3668.15514478871,869.298331990233
4359.53158914816,4829.84566840525
4182.02230624886,5364.85989307795
4000.42248242902,5015.57172930626
4643.79504900611,6068.4935694345
4881.2591342463,7816.63764924773
3546.57891223787,3090.51029777277
4339.46450647784,4759.54471420478
2127.51571318501,848.554744751156
4413.53793894312,6139.8174104894
4488.76416506221,5939.99716118604
4143.42607604233,2770.83172730754
3331.1637207131,2661.08958376542
4141.01623444437,4953.79553698486
4695.03669628251,6084.74727960849
4986.54107262099,3281.52162646775
3730.79107209117,5252.61719500349
8569.84696650797,490.685262210452
4585.37992496517,6123.16579352333
2525.21796947199,3116.19812004513
3953.35483382317,4829.95941646802
4153.60509500946,5320.18988711845
4186.00274173685,4850.47550758155
4284.0088788952,5476.13636690172
4233.66217755394,3100.34210523558
3264.22076168428,6135.38461888334
3584.16049967984,3609.95224350996
4124.73673096507,4384.39852892183
4386.99357417664,4486.52526080417
3608.7386349047,6631.41201218259
4385.61749503154,4400.93639782513
4651.28563918939,6282.52175520298
3100.03991084026,2235.4198072704
3694.62866276466,3275.38388248587
4430.52109034803,5922.26557190652
4068.86133825468,6356.40302482161
5293.75201278146,4917.70737836346
4489.82529072297,6262.63064415181
5149.15822934459,5250.57099843936
3516.3326240179,4928.05084068112
8258.72044953494,2895.91823080437
4673.99653755634,4479.98961003021
3776.00634829519,5042.39639792346
3886.59293120839,5984.38258556098
4054.79278587237,5808.20417339348
3447.57102422401,3215.19910590514
4115.08631077085,6552.18838931097
4033.08700594621,4943.79331885552
4294.68509954082,6066.39071026661
4643.17652280646,7612.83917773413
4492.81402201121,5433.91046429843
2262.09040585751,6737.57362887892
4215.18587002278,4888.09820791225
3688.74144061591,6233.98769795128
7996.70751541734,3869.44624882208
4492.35026799403,4760.96550785129
3868.58496532762,5839.74579234605
3542.08845396053,4524.77294119722
4135.11148888331,2323.56588738554
4060.69058990669,7135.39584990231
4643.11169970518,2833.06248902477
4443.23668717086,2740.31299520941
4092.39859005908,3912.80878634258
3105.28655066146,1396.29907964036
3823.07152145979,5827.41321892327
3802.6607731061,3739.6990347384
4330.81664723688,3851.82840760533
5250.48446547995,1776.95802884283
3942.52109217238,6173.68896188015
5616.17412785218,6480.92163371508
4295.76958520421,5168.73328440026
4519.04378228215,6544.74359974535
2499.52162082394,6105.66170036935
3840.23442068605,4630.25249237218
3159.65721526484,1920.85609393262
4314.20746337921,6682.39017279049
4560.93032200284,4016.75379580826
3241.34163118872,4431.79637411157
4022.64180343664,4131.0993530506
3581.85236034216,6699.55302175616
4078.40661535822,4677.53658949915
3671.56145248013,5760.80632820374
4943.54155761642,6339.80849331455
4948.75602335854,6408.40407228395
2417.84898161744,200.445557243723
4543.90551247268,7434.21750792094
4476.53948022782,6657.66836334118
2807.067525174,1607.65640592378
3949.62419131121,1005.80821726126
4247.60411788226,4428.55688002647
4281.53534481473,2082.14450411363
2287.11115069268,2229.50934798644
4987.31143373864,6344.80960237922
4322.92973406386,5941.81543876938
7666.68613321196,3705.88414595141
4405.16311210493,6016.7200180977
4631.62739421599,7351.69730550521
3154.31377263252,2929.44896086205
4095.52291943047,3235.7154084463
4666.25491693153,5705.67953471907
4370.75061650955,6506.66633001883
4298.52625151602,5264.49477617518
4777.65271897505,6507.97337560257
4265.38352680591,1925.68679233076
4016.90997276105,4811.20494033406
4500.79005837599,5342.07010927474
4602.51643429315,6262.11941215221
3924.2011172359,6084.57686894196
3412.21381096888,4712.54477580711
5301.48065339443,8924.06172565352
4255.97733204971,6036.04281169026
3666.16442775527,4707.20284540938
3923.72413536228,3161.89080143143
4481.37520569623,5055.86560626344
4671.4769721782,6547.92600837144
3565.31496318024,5698.40515581997
8353.46698099595,629.638880839335
3950.2258691986,5327.52135147656
4190.34178276613,1493.53823909317
4437.36777127826,4635.4810975624
4136.38431429489,5978.13109351633
4138.28950501029,6006.66071450934
3881.31977594779,4030.56424833656
3917.35917271803,1096.227461497
4167.37459178502,1971.20906305054
5114.04200483942,7982.30218843104
4667.71581943491,6339.580997189
4312.44237793518,7080.26905641764
4315.17808365114,2977.86969290624
3888.97368137781,6826.96988054641
3667.53158002847,2254.57219019643
3197.23456359884,1239.04565998716
3930.88568023032,4561.71357600654
4461.37702234057,5817.41100079393
3828.64472852931,6076.05210706289
4187.6377456071,5590.14067995575
3533.48144906932,3433.1488512801
7471.40198787709,1337.59186502371
4832.18260801737,2274.86099661205
4452.22941811074,4637.24313539722
3986.64511040456,7253.54921868836
3586.98582493525,5480.11458911196
3338.17356389545,4410.59779462141
4118.01458216377,4242.83081912546
3726.72255539837,5879.07344505255
4010.73697386208,5195.84211174677
7306.45671875088,671.751193950572
4348.01748227883,6388.62670929555
4194.47428908087,6239.89794580761
8075.89001643857,4303.4699536744
7780.50035895044,2310.77874456693
4894.33913499967,6711.65852190864
4354.0361816181,5266.93845667613
8724.95374631845,2216.21076174061
4121.89195535654,5004.54662432248
4947.18343356146,6259.8461423178
3801.09558204035,3626.20637653921
3940.41558572404,2271.8489986525
4209.32088769709,7480.30788467169
4454.20431206411,5456.35900391333
3761.27083149231,4514.8840482754
2742.63169837399,6707.39614096911
7594.05421329023,314.791035200707
4052.32552717587,2753.55470742386
4505.58976232515,5817.46766339769
4677.53076358762,2725.25258255639
5835.48043777291,6174.99643031914
3849.93322816714,5823.15083798374
4074.05763171541,5220.166014404
2963.17558850775,4331.60166787534
4642.42105714639,4200.83198979246
3840.62517679958,5806.49922101767
4517.38429012455,5928.34665328464
3842.41518107955,5870.15077638141
4238.85781172873,5532.9110273032
4066.90903810613,5752.05449305437
3362.68515616364,6590.72022843333
3944.53582689788,6982.00679868276
3336.84161253493,6616.12410340402
2613.48071423816,3135.29362893978
4473.39513484177,7002.46622719254
7800.97217373421,3193.77345314469
4335.55385544971,6379.87487414619
3912.94047565759,2141.02223511061
3670.68562019665,6216.65401546383
4480.94397820458,6853.28289430877
3994.19115171721,4192.875545372
4624.48344950435,5715.00011018229
3654.51745416246,5584.96916022455
8344.76310701594,8457.52975474271
4675.00678222734,5958.80829992376
8747.67422945186,2464.11071032746
4009.88379785878,6468.92988162536
3704.24715276688,3859.89817723332
4370.758464719,5549.33557099898
4094.80503889615,6643.51708947982
3527.81586672187,4703.67919259498
4108.99903994593,6952.51137629432
5051.43827826342,5223.23509782257
4089.84782533631,507.336984890336
4297.5501827403,5942.21334556145
3760.66284509185,7708.54400690529
4221.27194663627,6436.8770306732
3447.54072515193,3076.41589794279
3464.51647398942,4637.75436739681
3954.4586217283,5390.66125198545
8202.38089980876,1810.60250696328
4961.52730651608,4014.93551822492
4366.76323055329,3318.68954597498
4129.67525371557,4954.76176123554
3414.37404837178,1246.83158802728
4004.09856780436,1437.95677049885
4658.68134880642,5623.33058868038
4212.35702677033,4358.59674715907
4289.04176477029,6315.59791586483
4625.8110884201,4938.73512433184
5007.17351944057,7161.87927433119
4904.28430605883,6709.83982147006
4371.23013701292,5529.10363861474
5243.6196285034,5870.94658996555
3141.08304318249,3912.86544894634
3874.60370391979,2694.84759852103
3407.32026426766,4964.99147549043
8412.44000833477,2867.84339063482
4227.80342465745,6116.51639468661
4180.81666767998,2688.02778901777
4200.964284731,309.903489199634
3263.29270139751,1893.5199818882
2045.30735037515,3281.63537453052
3464.90429222284,5289.7849030831
3079.95342150615,2673.08112442751
6763.89916347734,1953.2501890731
4431.27530710934,4412.87106445583
4445.58299152945,2417.16764596118
3963.45076898681,4521.19262577906
4561.00212206672,6282.52175520298
7317.97507471972,1168.80157981808
3636.79632211879,1560.25866644785
4727.79710247993,6830.60728142358
4638.19471391479,2272.7014748404
4773.70048562709,6775.93505733475
4145.09266380739,5033.58747731508
4386.86066016073,4026.01770866772
2998.14458939158,2963.66175644112
4584.1897962331,3443.3216915036
4273.70262438344,4057.16142082821
4641.35289135488,6533.20683990672
4182.69092422403,6564.91886952582
4554.65713853674,3675.42249931229
4973.97177185083,5673.39918764136
3380.99048350362,2094.13604477571
3834.27331247395,3032.54191699507
4116.77819227245,4102.28557332828
4498.82403122717,6975.81239209712
3101.82986614706,3328.74884956334
4765.10703398719,5999.61340888054
1461.1620850329,2746.67823531684
4317.75029161522,6459.6097290174
4418.35018939894,5376.85122231241
4514.73593677419,6608.6793138384
4157.71629004342,4296.53681896362
3380.98326099072,753.645729164148
3890.12488083715,5668.73889990975
4217.92098183334,6126.29153954566
3954.19487158417,4830.81189265593
3244.2316462457,3387.62658056033
4410.37327304852,4697.31395248755
2168.20693202545,532.74075414721
4221.1751264025,3847.96351060262
4675.99384969154,6055.47893049034
4402.97767867586,5763.19334610093
4493.30389681146,5237.27262362116
4185.24150793072,5755.97562980559
3882.99215992199,6167.55121789827
2451.30525219001,401.686758764315
3978.85658023815,1784.00533447163
4819.12453602636,6145.67099574198
4067.83489113235,3020.4935023016
4759.36867797908,7408.86987269876
4277.29290400143,4091.88544840687
3899.22143593015,5233.97604407705
4107.70475132028,4923.67471167881
4349.07158905832,8861.60346781075
4040.6047546008,4873.37861659228
4909.15513533723,6055.47893049034
4391.78264613571,6326.16887430803
3623.59571686051,5253.52633379516
4015.73336595528,6129.58769623452
4512.97074607623,6340.94512823176
4015.11132919239,4118.0851369617
4375.27794023203,6462.96254831001
3904.02993081206,871.344264269829
3765.71025813102,3610.63430903134
4028.6560566361,2810.38645328434
8749.25034162131,2181.82755549501
7663.83468771328,1837.59758624701
4493.72938434639,6244.89947772754
3798.22821243357,3885.07497893372
3513.40646326221,301.26505854315
3516.81753282593,5763.53459028924
4430.59954476754,5170.94989163092
3580.1296372389,6136.46416834153
3766.62749366122,6153.11620816286
7303.42474325781,5144.01147495095
4323.03360532028,6774.45760108448
4227.70319218885,6182.78204121783
3506.06205666053,3971.11798845334
4243.13413688029,4397.86773726181
4645.09363712766,5934.99562926612
3938.90007458778,4963.40027117739
4255.95960594979,5022.90319366436
3909.84547423132,4555.85999075396
8405.63758060113,2804.64661609453
3128.71489374748,4105.18424608032
5117.44727507264,6814.06898966503
3978.67480355351,5532.51354336637
4121.10970447556,3111.0263888863
4024.57607874341,5875.89061357121
4353.17128263463,5644.98331471112
4492.22607030153,3431.9553423315
3390.97235180614,5483.69490453012
3621.29819506289,5593.66433277015
4062.86469618727,3996.12395663195
3922.45031832379,4006.41075634585
4425.21594405444,2096.80722140221
4609.20478526565,6159.5947734778
4561.73968483177,3225.08778739934
3586.37308231664,351.902159961913
4344.93585256911,6124.41617650331
4915.12117263007,5282.45386158024
2083.58520308553,4064.66329585285
3595.34905123841,3604.72363831975
2560.29300534693,3873.70862976162
3920.61078836634,4854.96538464663
4112.40671614419,6465.86122106205
3855.75623184681,2897.16861378435
4143.58186749276,5429.13642850405
4415.13040784142,8547.72139713909
3595.25864036919,335.023126155658
2891.81557088592,1481.14889735282
4379.03307548934,6732.68626787702
4689.35745273735,4609.67973865489
3518.11867886933,3186.7832329749
3986.17513149468,4800.12274989127
5449.73071410614,6459.09807416255
3750.38881095241,4912.42211056948
4328.50180270225,6739.3352438585
4541.54339253966,4793.41668845078
4221.38867427912,3047.71586628325
4064.36691367434,4261.47154719665
4407.33031715781,4668.55725822425
4267.64041156473,4436.05875505111
4363.22348953323,5333.31827412538
3650.75506898637,5676.69534433022
8531.97662461936,7590.22065030796
3284.8441404336,7272.87201228092
3875.30438753105,2211.66422207177
4265.5100972173,4964.5369060946
3088.48856207779,2900.01020107737
3609.10928929578,5127.58735411043
4341.04576603806,6444.37890569784
3409.74071379716,3896.72548683512
4478.26509799443,4772.27519441963
4302.21899519178,7234.56724642885
4641.57464079252,6576.56937742722
3733.35334384853,660.100686049173
4360.82525112485,6058.20719257585
3852.3842124747,5319.28074832679
5012.95163388705,6310.59680680016
3992.59250140938,4243.17164045852
3320.7153535981,3504.1885336057
2638.95386120214,1584.2985160896
3800.12480262272,4101.43309714038
4144.05172153678,4670.66011739214
3430.28599292462,6859.76188247896
4326.13344064953,7008.26314984136
4065.06353079476,4088.58929171801
4067.47066220957,4073.07430966915
4285.5085338333,5872.59445688236
4193.48187108424,7027.58594343392
4667.40245360908,5936.41642291263
2856.91376149421,1498.42570580888
3061.01883526101,1051.89869972582
8726.49589307256,1304.23165134637
3944.30214012262,4645.36999048422
3647.17188617632,1874.59509508771
4324.62467358058,5912.88833383954
4067.32943733629,5167.02833202445
3953.87588819789,7110.61737784924
4806.18063400773,7935.75766513971
4688.20042261439,4369.84977112364
3627.18328269811,3470.14614869317
3910.31019109402,5548.6535054776
4837.12410540329,6731.72004362634
4521.2640642083,4916.11617405041
3863.27029289728,5302.96995269378
3017.48940408838,1138.11254276723
4484.70330655767,2720.36501012686
4419.29054203371,5352.01566480033
3455.8009592632,4088.07763686316
3786.63237718241,6133.39550777822
4117.55650942655,6435.74039575599
4656.84582826411,6890.96268009847
3555.22642843357,3077.77981755792
3432.33751710987,4579.44516528606
3430.14210199519,1430.68228588595
3180.99612764071,4200.14992427109
4406.71695159895,1873.23117547259
4896.4691758721,5377.87410916685
4330.42640210404,6833.90343811244
4269.52452756345,5384.01185314873
4320.06267489807,6397.89019929976
4753.65640268999,4846.55437083033
3250.29560169621,2039.63444278103
4243.39496296485,1973.19817415565
4183.3034365349,6183.06619994713
4540.11977581126,4944.36163631412
4040.94156408099,5131.73598698719
3534.21436508621,4735.39122221408
4865.05781548203,4009.87732370124
4318.52793834904,3063.68562915557
3970.72507374772,5802.6347468702
4549.58061285857,5697.04144763247
1981.88974286556,1011.66190822765
3798.16816032906,5652.42852713199
2073.92777060582,3095.28412213952
3992.79630870928,5793.14376074045
4259.09647362864,4516.64608611022
3971.647401816,5429.6480833589
3487.35394921174,5297.57093683703
4067.39295701747,5767.79697122878
3802.89382523559,4964.36649542807
4703.55102846316,6125.21156723221
4340.62351648421,7997.93091854267
4245.90204932634,6791.56378744638
8134.52598441348,4572.85242905309
4266.52257842282,4021.47116899888
4250.30459969073,4994.60106879689
3299.51069682907,4257.77748371572
6995.50058046612,6075.37004154151
5241.20686469182,3782.77783638485
4387.98985491213,4584.61668501726
2495.73933393717,6135.83918827917
3458.57449720548,4788.87014878194
4140.50588305624,5203.17357610487
3996.17926845334,5411.40483922453
4580.28637422248,4518.06687975674
3859.55472914241,4833.42598382341
3945.52933530966,5569.17001944639
4243.382964312,7866.30876427189
3440.31279777696,4075.12008337802
8834.52318274227,1831.74400099443
4306.32094077264,6974.10743972131
3441.12948973584,3887.12075264259
4167.93089702592,5649.4731917762
3835.41245533687,6120.38086883407
7397.46572464631,578.831289468681
3923.24404538763,4305.06158084269
4200.71843946193,3452.0168640492
4143.93805586101,2523.04531535583
4432.997220907,2584.19610475961
4402.00565590822,8448.09585407197
3734.76791177668,5580.59303122224
4137.65114868988,5796.66741355485
3916.21789606766,4921.57227536617
4227.68296515618,4633.77614518658
3667.23264980135,4277.61150930788
3744.74127203191,3360.97253403728
4050.1701158385,4849.45262072712
4302.55073693509,6708.87359721938
3711.02855554983,4011.01395861845
4309.93551459288,6246.88858883265
3375.49785268529,5838.9499787619
4333.09648804676,7095.72695300749
3627.42793800541,5050.69366367699
4082.92155974413,1465.12236616293
4647.89228714954,4821.83256138102
3515.87223406653,3128.47381943652
3322.83711210738,2849.77098002223
3537.37556804806,6057.52512705447
3867.85052688553,3710.37402301649
4530.63738950106,4217.48360675854
4220.90460224154,6343.615882003
4293.82475106559,2803.05520035386
4090.47610639078,6618.73861742675
4141.58538363867,7730.59506258336
3906.06805617379,5243.06912341473
3455.89432516077,4594.05100854325
4102.45233714739,6450.11874288764
3042.13515958187,3244.63786568982
4134.95649342464,6769.6835652901
3973.36826331697,3505.43870515806
3808.86043516455,4841.89408309872
4121.56661838239,4010.38897855608
4050.89484770629,6189.71559878386
4686.72138365654,3213.66456419586
3434.56112957843,2882.96067731923
3169.58760986536,6417.3267409551
4278.39399458216,5612.81671569619
6938.60112402138,5055.0697926793
4837.48558451428,4727.94643264845
4497.74217866268,4844.67858493274
4491.42014245779,6903.5789893953
4552.42916368192,5737.50531240094
4534.59905026007,5271.82624053328
4112.4266349988,5058.19553870162
3390.99113167093,5684.48137808416
4251.54004232943,4927.88043001458
4324.12782205924,5784.10734400653
3030.40587220867,2118.68744355849
3897.45355336542,5495.00459109845
1250.46782537874,1363.79134215092
3236.05892498939,3907.29602242307
4153.25840009313,5155.94614158166
3550.45034985464,1547.35788128028
4250.05817231835,2599.4271395068
4202.11727223742,6096.11362878059
4760.6448816101,6090.60128771632
3681.84039015843,2094.70436223432
8604.50812238484,2098.0007303508
3820.31807874821,4647.6999229224
3550.19489890989,5555.35956691809
4885.1779155047,5575.87608088687
4357.9682085513,6552.41588543652
3458.24446893416,2661.82831189056
3803.37821990672,6361.29080867876
2046.49013265514,510.860531990924
4790.10757215776,4119.7330038785
4135.14338008973,6043.65801192241
4230.72980824868,5302.62913136072
3589.68123458917,681.355769572375
3610.52099570991,6381.52274106299
3748.34309762452,5031.99627300204
4435.73474220187,6075.59753766706
3805.55421494262,3102.16080567417
3415.66812547801,4222.25764255292
4260.9751775703,5709.71484238831
4403.98170296851,5382.64814496123
4143.33842282864,1558.26955534273
3126.82679617908,6600.15455195932
4071.81931208079,6658.91832346591
4014.68058072067,5070.58477472816
7719.91820739169,2075.21115797522
4491.05330082373,2910.58094809295
4169.59389731046,5818.66138377391
3566.37080256079,5183.62328638676
3914.61016445625,5632.08242382974
3593.7708096355,3932.07449447614
3837.60429058438,2459.79145535654
4280.15388362519,4708.68030165965
7415.20064647147,1094.01106569397
4031.16788866646,3474.23811896618
4686.93270194873,6852.60125164264
4575.44499350318,7644.83578893779
4239.87347062757,4904.12484481595
4061.11112171845,4856.27243023037
4289.31590193444,3772.43437406719
3080.11640827306,4909.63760873547
8494.76265958576,2083.67904582291
4061.84500925422,5734.72081056692
4737.04666669825,3951.28396286118
4465.45938303196,7578.17181275924
4413.28066317495,5672.43296339068
3981.3840761212,6004.61451794521
4125.240591496,6002.96665102841
3629.57472289491,6633.57153395424
4119.08559868593,3088.06640584419
3961.70675264973,6915.45699342224
4499.55068895932,4636.21982568753
4067.00017543315,5114.62937777003
4344.6885729116,4571.14747667728
4362.50331828494,8272.71240977811
2043.81133932091,3682.29897141931
4420.71890235192,2128.97403184476
3599.15916671949,4140.02202172175
4087.44740443193,4728.11684331498
4132.25918374604,4071.02811310502
3406.67381107218,3961.62700232359
3307.75091379395,3154.16185313651
3497.30904305207,5114.00439770767
4579.56467824728,4827.4019879043
2436.20122762351,1971.20906305054
4879.17056103651,6566.9646432347
4565.86367399737,5363.7799207645
4629.5294370579,5258.9253496519
3904.45625063705,2638.58417011915
4867.1471765024,2593.57334282659
4101.63109210488,5544.50487260084
4118.58226680439,1295.65012114973
4404.46146381682,6300.31042994151
4002.36808100805,5402.48217055338
4951.61325099778,4715.84135535122
4268.24126364249,4990.16785433557
4288.36590448723,5857.53404422933
4423.8445157144,5560.98607890038
8310.40384614421,1798.95199906188
3976.52812779032,5246.82027235467
4240.18503365284,5521.65842619387
4312.48847913379,2640.23224846358
4360.14122931738,5978.8131590377
2877.67733403291,662.08979715429
4084.23568289371,6477.79588769275
3496.81520757756,5843.61026649351
4171.99395413381,4951.52226715045
2762.1317564591,2499.97158425095
3698.4447863893,4848.77055520574
3442.25836616191,2327.48723556438
3631.1385818976,5140.82906632487
5095.07643295514,5955.56880583866
4378.59061795978,7210.64125056369
4540.94092629424,6217.27899552619
3932.69495373418,3116.65290086859
4673.34257838952,6756.78267440872
4147.98406781805,6072.18763291543
4195.6732643476,5498.75531718315
3698.27143498213,2970.87947273645
4072.45249732344,4877.47058686529
4522.76790759288,5364.74614501517
4450.91353563829,5633.27614420596
5185.86449875789,6665.28356357334
3263.50599795338,1056.10431234779
3987.10877412897,3136.25985319046
4425.8949094379,6787.69931329892
3220.05139893792,2036.11078996663
3832.22637974601,4804.04388664249
3216.81675845475,331.442731452139
3836.45270257324,365.939606475143
3513.01395016528,1908.58039454123
4710.94800498615,5525.75039646687
4614.7405212347,4674.69500220613
2671.28534816383,388.558636041925
4535.5363697011,5860.54604218888
4736.86906782133,5999.21550208847
4545.10130383018,5499.32363464175
3679.45011984831,3223.09867629422
4116.14036757313,6536.44591113657
3796.09101672361,4805.01011089317
4203.87479216546,4867.35462067317
4091.40181024945,4610.87303617586
3457.74202826267,4575.06903628375
4677.96035086822,7882.27831571659
4389.88869046007,6902.10153314502
3923.94588817896,6008.70648821822
3915.13488267217,6299.57127896112
4257.00579043354,6507.63255426951
3907.62199024479,6503.71099466303
7221.9211121174,2024.23299736732
4697.75526351002,4274.9974181404
3821.56033444284,2984.17805898228
3495.36578774572,6431.08010802438
2671.8783737676,2039.97547554172
4254.75395950119,5956.70544075587
8177.85991266627,1462.73545397955
3875.53077325037,5968.64010738658
3361.82663681813,961.820382536957
4377.23723719065,4214.35786073621
4152.01812097909,6180.28169811312
4460.60827346928,8253.33295358179
3837.50505989137,4777.39005154707
4175.34154729903,4692.14243275635
4847.52975613801,6180.85001557172
3708.17533428022,4322.50858853766
3877.01220052195,4557.84910185907
3499.7413743248,3319.48535955913
3952.10690893516,5481.9899521543
3532.20000476385,6574.92108765517
3919.3114520458,3671.3876144983
2911.03746127187,4575.5806911386
3240.88965760119,5198.85410970632
3923.2209648739,4246.29738648085
3643.61193030439,5597.58589237663
4124.43895247427,4676.74077591501
1547.3622185919,3706.79370759833
4702.41941085729,8133.13381108686
3938.66347104723,5474.88598392174
3745.66732683368,2590.50447083565
3650.84164519307,4868.32084492385
4073.5113929349,5613.61210642508
4221.53084296701,4721.75160320756
3635.84248793844,5110.70824101881
3239.48910305748,3485.83175283619
4032.21898910221,4938.84887239461
3815.35360559065,4867.29795806941
4185.81597023982,4878.83471790804
4305.86079943458,4622.12563728518
4132.55159018926,3885.24538960025
4129.21355234915,4869.57122790383
4469.78400581096,7022.13026497342
4095.96973121865,3695.37027296722
3983.29527508979,2976.22161456181
4934.38330058877,2791.34781842108
4705.10553089043,4806.99922199829
3824.90890029093,3295.38853017218
4235.93530261375,5570.24956890458
4459.30621684465,6340.03556658484
4688.19730309963,4166.73294227617
3554.43564268621,4337.3419279204
4120.49023283403,5222.78052842674
3710.55493279935,6861.75099358408
5228.18054036092,5445.21972801152
5232.0057573492,6619.64775621842
4217.38986381897,4849.56636878989
3755.59167829297,6207.21969193784
4005.45064166619,3945.25954408682
4252.17451457191,6694.72232335802
3916.42303855183,5366.33734932822
4179.35040420909,5787.1764274251
4239.43656373316,5118.55093737651
4212.92567276381,4530.74027451257
3680.77456332291,4128.99649388271
4195.08995858374,6019.84576412002
3701.292540367,5593.03935270779
4120.31703609306,4770.96814883589
8388.82046974968,582.639048155477
3933.85229056427,3943.554591711
4082.13533552264,2413.70086717816
3788.36886062786,5462.04217849937
4886.44531202028,6437.3882626728
4158.34630007734,3933.04071872681
4015.8959429142,4201.68446598037
3570.47550996721,1281.27166830426
8005.32726253207,1728.76479292419
8652.7805264143,1560.9975002868
4050.25526897788,6842.20070386597
4044.61145828346,6865.84296385709
3967.05708161428,6249.78683872944
4180.08579499438,5023.6419217895
3399.39410208203,1635.10605460335
4205.96116158665,6325.65721945319
3910.20452971679,2421.99834435932
4321.37656373959,5122.35874892021
4231.57432827491,2784.13031355337
2362.37210899344,3446.39056349454
7583.48455512934,7987.30372035096
4641.6111227664,4188.21525764039
3758.93625697868,3976.68741497661
3776.71221436828,6184.54407905265
4421.3514668737,5570.13582084181
8547.1519930338,1525.98910255122
1618.57552076417,1938.18977642007
4601.6298087849,2836.64280444293
4410.40906518039,5524.10210669482
3970.74260210234,4412.64399118554
3001.05714258608,1159.02654067284
3940.12482725751,6363.56407851318
3386.6574763686,6635.21982372629
3351.3152697825,3134.27074208534
4070.17671474077,5109.45785803883
3783.17818095417,6006.54696644657
4014.1010578943,3348.92411934381
3989.6647264441,2886.48433013363
4722.54534887562,6940.69045772639
3651.09312816633,4731.35633740008
3458.30876992577,5689.5962352116
6717.84386016949,2937.00770991807
4263.54392042404,3868.42293911239
4577.6781026956,6223.81464630015
9091.15641912666,1363.62082577058
4031.17647389727,4128.93983127895
3027.71569006693,3921.61770695096
3797.25164611319,4266.64306692785
3601.72151805111,6368.79268370339
3199.04699342442,631.627991944452
4026.83668552949,6770.70645214453
3994.03130496046,6212.33454906528
7186.52220414517,2286.90941130552
4209.17673233562,6582.82086947188
3393.45214491261,2423.76017076652
3971.36161133227,5755.1802390767
2946.41358618998,2280.08960180227
3775.21791958613,3739.35821340534
4216.24109327427,2490.53747215259
3968.59140737167,5141.05613959516
4044.07000219437,5016.5946161607
3692.98628972474,2568.34008995006
2681.73975260996,877.766272694826
4757.12967891533,5899.9307803544
7919.18857201536,673.740305055689
2794.3228385983,1071.05108265186
4135.66327444341,6028.99550606146
1815.87010699395,1143.51155862397
4193.48077318055,1783.49367961678
3369.14074204687,3757.88519341375
4723.03801173033,2242.12586871089
4079.30627823317,4614.39668899026
4317.15244286981,4345.80960434046
4844.88434012353,5094.51119344857
3523.2984968031,5359.4608772212
3776.31654890842,2051.17120261966
4093.86963798426,4335.92113427389
3334.99293626592,4285.34088045805
4799.00919435952,6560.65648858629
4392.79874144891,5904.47732002324
4134.6727501235,6496.4932783677
2742.15450691562,5016.25379482764
4076.59128879304,4166.0508767548
3788.61956763341,6089.1234086108
4075.76674096507,7173.98477448368
4131.70396164772,3063.91291385348
4051.36650077882,4570.46583401115
4297.5477277698,5205.50350854305
3899.72687948691,4338.13731864929
3954.41835579011,5678.34363410227
4313.05721488356,4514.0886575465
4484.90368442205,6220.68890027782
3769.4413604287,3960.09288346956
2795.9833416383,976.53986814311
3564.57811758104,1921.31066332846
3485.89325592499,6590.32274449651
3284.48317320403,978.756263946143
3699.62846941682,5130.59935206998
3245.28623854192,155.662146791353
4478.78208583534,2853.80607626385
3660.68651252958,3244.46745502329
3755.3127374236,3531.58130825388
2484.19163265035,619.352345409969
2878.13899871496,1512.69051630539
3427.81875017043,4389.62713411204
3550.55118006513,5609.06556675624
2621.93503309455,4577.2285580554
3354.97464333242,3936.28021281191
4145.169005933,2753.61158145524
4219.37418007479,3409.33618062245
3170.42226432475,6148.91048982708
3235.51783208702,6625.84258565931
3698.21614906293,6811.11407716449
4450.58991063257,6171.69985077503
4572.13445333086,5828.03862184089
4026.50168835497,2891.201280469
4418.5660540992,5337.92147639798
2242.88345677324,1965.29860376657
8796.19108887598,2834.02850184783
4751.64603169401,5540.41290232783
3919.56138805072,6521.49924654631
3335.68250388135,4447.25427070142
4274.95514931756,4752.89531536805
4865.63780824302,5694.02902681767
3812.67389263608,6045.81753369406
3029.04614385302,759.272082575717
4421.65754601954,2727.18481963012
4373.56159803764,4725.44566668849
3905.12970036179,2598.29050458959
4582.20883504502,7347.94657942052
3967.52002144259,3396.37862713732
4315.94276951376,5058.65010809746
4496.70070574498,3778.06046319422
3942.73208820459,5306.77776423748
3733.34772035812,5257.04998660956
3168.72458084804,3322.38360945591
3860.54419418858,3373.24802200105
3971.07489981329,6186.93109694984
4639.95135126386,6034.50826998098
4306.62482804128,5057.22931445094
7992.74230507935,67.8002716553126
4637.65795150805,4763.75043254056
4120.27416182117,6331.9653741016
3915.53232886876,5963.97981965497
3340.13325373342,6446.14052067741
4040.79819001143,6254.56087452382
3675.49459223583,393.275665662654
3061.29865343587,1607.54265786101
4377.0126945834,4527.44411782372
3723.67711358714,4555.29167329535
4047.75738376968,5503.30185685198
3932.15806958615,1002.11415378033
4748.44643443999,6455.85858007745
4781.06074612903,6201.76401347733
856.425593558481,184.646337180199
4399.47484565064,6456.59773105784
2520.58887953744,1255.41322393774
2604.96765736641,1684.54967350197
3512.52924226716,2577.26275862121
4397.26668418183,6437.50201073557
2648.40096329516,3873.76529236538
7869.63078447493,6104.69547611867
3329.4499085868,1398.00403201617
3938.6982041907,4824.4466525485
3916.82470062906,6203.01439645731
4698.95459937176,1748.31487121467
3141.86976318535,3738.10783042535
4001.58638423386,1614.36246736427
3711.57657823122,4029.82509735617
3074.53472010272,4457.76814368561
4357.11918451299,5284.89754208119
7671.48487132384,1863.05812382146
3558.90517329209,5774.38928460649
4952.84631124338,5233.23731595191
3909.31079600347,1350.89055698335
4096.69756670634,6457.96143924534
4288.57565413059,5747.6217014483
3415.62336670428,1672.72864922022
3532.96308300058,2358.34678899558
3694.60894430227,1771.16131762163
3914.44514450854,6153.28661882939
4525.94688945217,4184.35078349292
4854.73442910401,4893.55388637275
3945.78830274502,5027.9609653328
7879.1946785165,1076.96154193582
4284.9906319688,5403.27798413753
7979.58862845585,1883.74504845678
4061.42638175748,4586.15122672655
4126.4167582679,5690.67620752505
3941.77659009191,6642.89210941746
3892.46922172001,6928.58495757391
8491.82495917395,711.931269988078
3585.45523200791,5220.166014404
2452.35825694158,4750.05372807503
4060.2522580235,4344.84380294503
3831.21181552366,209.595470970106
4169.76243515706,4949.87440023364
4472.89665871824,4623.77392705724
3652.92430238129,5487.72978934411
4064.04667694728,4680.43483939594
7137.19221217117,108.662287679042
3958.14448432805,3138.58978562863
3475.49213490808,5821.44588560792
4282.56947023494,4870.02579729966
3612.58420734036,5660.72579288552
3507.29858633957,4645.93830794282
2025.56993564088,1944.49814249611
3726.39836430191,5677.88906470644
3512.21241452418,4531.64941330424
7696.14856612323,2049.3527136087
3292.47587486786,2835.50616952572
4163.63887653382,6822.36667827381
5190.62622884828,6813.27359893614
3572.41391838317,3971.51589524541
4215.54333263053,4842.40531509832
4300.95469188453,5653.50807659019
3511.00027852423,1905.79568127959
4345.62177498289,5464.25836287478
4568.53460534295,4651.67814513263
3261.48068329965,6681.48061114357
3344.76887743054,1864.64953956213
4022.13771993586,4515.96402058885
4030.43954121587,4277.89566803718
7246.69722674941,1692.9039190007
4154.64404284867,4102.68348012036
3987.45615359694,1081.05340649501
4287.58047247523,5916.80947059076
3846.53469301204,2830.3344383669
8189.88873304125,657.713773865795
3814.49076550212,4783.01614067411
4231.83451146119,2766.79663106592
3779.24534513262,5800.02023284747
4245.97775378572,5375.65792479144
4917.38691890007,6537.41213538725
3222.99229178008,688.971234089061
4097.77050849949,2887.90512378014
3886.86291358389,6432.61464973367
4647.3037609917,5297.4005261705
3558.33550880643,3933.66612164443
4084.71487251289,1535.3663406182
3263.73572308059,2437.28604171026
4683.35211304767,7033.09870735344
3136.52605475696,890.269256784133
4076.74984451346,4362.40455870277
3528.3557820728,5753.92985609672
4202.70951162676,4563.07770704929
4345.01945922694,4282.44220770602
5007.97965507434,5865.94505804563
4169.2779971862,4492.09468732744
4313.99749984587,6136.12334700847
4539.80882240773,5461.41677558176
3110.06464335095,5459.02975768457
4160.61351980609,4863.83096785877
8216.30760156388,2253.83325064367
4206.66215946964,4955.67132288246
4015.81812635947,5525.0683309455
3641.77068023927,2958.26274058437
3235.96052554064,857.250023010573
2118.01795836329,2094.36332947363
2920.62055326037,3876.09522480356
4289.81950695879,3149.7857241342
3629.30829185826,6486.54772284211
4116.36296895153,6589.98150030819
3829.1079026296,900.328454658676
3830.84491293744,5396.51483723803
4676.28863018164,2932.12013748855
4661.50926962364,4487.83230638791
3399.67758785123,5013.12804880531
5006.8713300673,5026.08560229045
4104.86294852669,5480.62582111155
4384.48498169906,3883.54043722443
3990.35786987409,1911.99029929286
3740.0435754382,4824.50331515226
3823.29612361631,5258.18662152677
5057.05531228015,6275.0203030336
2055.97597059274,1647.49539634369
3741.63044887481,4154.51411691617
3781.97130251306,5674.25166382927
7775.6973893489,572.011479965423
4311.07157395242,5433.96712690219
4634.45073490909,4464.30379445957
4137.1810434897,3299.65091111172
2698.12970107899,3845.86107428998
4822.05336582607,6936.93930878645
3905.55403741156,6288.09160458151
4630.88526438275,7155.45779447526
4316.3560308712,5605.31484067155
3944.48480218661,5241.08001230961
3619.34823611216,1984.56452332775
4586.0671962413,6412.49604255695
3739.18689495053,2251.50310677787
3799.62678843044,3921.04938949235
4482.3255307523,5581.38884480639
3941.03828874939,1724.38876963569
8251.48501654332,3537.88967432992
4625.48736208446,5263.64229998727
3977.38351270739,1544.17526122657
4613.11577788338,5071.89224316715
4169.6728406671,5064.78827493459
4930.23616926581,6062.35582545261
804.562036351132,1718.08040355965
4661.18469228271,5704.54289980186
3859.61084811418,4413.43938191443
5005.5155518655,4721.63785514479
3709.97643191628,6813.27359893614
6107.95177825769,3146.5462300491
3661.89517446329,2547.2554699503
4669.37742441496,5934.48439726652
3777.04591988624,4295.28643598364
3962.75109060102,4781.02702956899
4374.22942663705,4680.49192485495
3647.54459551878,5461.47386104077
4088.26803970378,2658.02071177448
4361.63764672049,7368.9743253889
2654.90029754856,3619.04532284764
4214.10217945711,2999.29534566669
4196.97929615547,5946.98738135583
3977.93546623258,4000.55674823802
3433.42808509857,3284.70424652146
4056.0915719901,5388.38798215104
4106.01775965546,6468.98696708438
4621.53162288284,4280.7372553302
2667.99107669143,1426.41990494641
4376.70135352832,3766.8078620849
3369.60833618645,891.576408081686
3982.72324289843,2730.1970290173
4125.45924451355,4051.64865690869
4334.10323452004,1623.85345349402
4257.62443697345,4673.61502989268
4418.60557686684,3615.01043803365
3989.48459812367,5489.09392038686
3457.35044556896,3548.23313664758
3944.73536399699,2860.91004449641
3852.99240648173,4387.69468561069
3878.61326710983,3406.38105669429
4111.69900989557,3511.91748190063
4569.65542810592,5624.46722359759
3392.79343514096,909.535176345312
4440.39017306227,5292.96773456443
3908.8737843715,5980.46102595451
4235.27633285779,4400.7659871586
4068.40636168823,6479.89874686064
7383.98882580428,1483.8199682655
3714.0390046088,8920.65182090189
4109.20342208948,5777.28753450328
4059.07127028554,6567.87420488162
3621.26598486325,4849.96427558196
4203.48610241606,5567.18090834127
3367.42352485949,3594.26685079457
4839.371437363,5284.27213916358
3708.45233637137,1278.60059739158
3974.48020599258,4065.06077978967
3423.02490854414,2230.47536080949
3612.78678077111,3641.0392930667
4331.49330819862,4908.04598156717
4004.65451624192,3014.24201025695
4705.24584546189,5316.04125424169
3692.94103160422,1606.74705570449
4148.06513901695,6701.37172219474
3854.63953485882,6709.55566274075
3693.71487592818,4242.20541620785
2378.58750307096,1165.90322420748
4159.35683103879,3532.94522786901
4833.36992815418,5035.63325102396
8543.27851817201,2369.20169474045
3813.16343277903,1759.2834193085
4539.3900698771,5923.62928009402
2223.71377456722,3261.5736413852
4631.0605254859,3602.90536073641
4036.77167556478,4767.72865475079
3911.76731092215,6520.87426648395
3815.41227080169,4020.33453408167
3333.65604194468,4573.13658778239
3424.07178238621,4883.09709884757
3994.37205383071,6622.43268090768
3716.68995136533,7172.39314731538
3875.94902570787,4888.66652537085
4464.01811077574,4948.33985852436
4292.68238725974,4698.28017673823
4723.66656458125,5294.4451908147
8232.85981761504,1819.07039481097
4685.99596485558,6225.69000934249
2425.20763959882,2338.34214130926
4475.55155549768,4783.07322613312
3913.00275066164,5997.96554196374
2776.38758705561,1662.61268302811
3660.23382846347,5674.08125316274
3604.78045758124,4999.14760846573
4360.05254631897,3158.02632728397
3838.87540976922,5262.50566507006
3751.85223473936,5380.8861071264
3380.26931746832,3021.40285252089
4254.66325051209,7131.07680635901
4159.56735241313,5870.26452444418
3870.16852977352,2986.96277224391
3699.70273951091,5548.99474966591
3437.12152774165,3086.98664495837
4022.16975718756,4048.06834149053
3924.53674195382,7244.39947674692
4159.01168057997,936.757646040771
3625.25832293905,4938.62179912432
3622.34007389701,6630.10496659885
4094.58936399539,5321.72442882774
3866.30646783944,2050.26206382799
2773.86506305931,2600.50690039262
3791.26045609265,5631.45744376737
3716.49011233861,1057.69562237464
3921.85277221958,3323.80440310243
4407.06854642523,5305.8115399868
3667.98310402628,3051.06889700349
3594.72378860993,5511.25830127245
3448.52392360153,5600.48414227341
4062.47250907458,6062.63998418192
3615.45471736128,4908.78513254756
3307.8583241222,3366.99652995639
4588.04249494574,6020.81156551545
3708.72606215781,6040.70267656662
2470.92481305986,1135.72552487004
4300.27604057893,4982.66640216619
4185.92690153082,2089.93053786756
3448.86530135116,3869.2754153003
3953.32121577771,4582.22966712007
3805.10679366414,3224.57634397212
3977.24050919302,5802.86182014049
2932.86178953278,7457.63184893125
4546.07198860546,6080.03032927312
3711.34845629003,6295.3659834806
3271.65238872747,4973.57332282851
3801.61003582218,6219.66601342338
4805.11877858632,7036.73610823061
3860.01847506686,5288.53452010311
3207.09180278555,2733.15215294547
3608.92009659147,4553.30256219024
3806.90965986537,5158.90147693745
3498.08162532481,3525.78459703269
4381.52761305344,7016.10584619905
3797.02485233548,3145.63709125744
3469.40712090267,1241.03477109228
4374.08509398622,5861.1714451065
3996.78690195904,4546.31234202045
4237.19122143672,1853.96504448378
5126.58713542193,4870.08245990342
4506.22088355739,3321.81529199731
4047.00602903641,5176.40557009143
4354.62860617948,5266.02931788446
6427.14526712213,1396.64011240104
4687.02839727342,5337.86481379422
4391.51918421424,5504.38182916543
3966.0053734736,6490.92385184442
4436.59527076146,6361.06331255322
4335.91725402614,6121.63125181405
4039.8191609853,6137.08957125915
4148.06014274092,6012.62804782469
4160.01648223057,5597.58589237663
3694.39113209526,6331.9653741016
2987.07523452191,2173.30279361594
2479.02075969574,3415.30351393781
4320.19322700331,5905.84102821074
3666.91365268915,8312.66546540223
2978.65783254123,3279.41897872749
4898.60080131864,6904.4314655832
4955.25929615155,1919.88986968194
3933.92777452123,3465.88376775364
4057.14605569885,4080.23494050547
4605.06806245992,6562.41810356586
8521.21145316499,2447.45909336139
4809.97049620042,6271.21249148989
3966.39091376973,6233.81728728474
4202.28231726414,5716.30715576603
3886.28030313896,6816.39934495846
4122.74296313478,4614.56709965679
3691.06994642204,3652.29189417602
3814.93400165483,4384.68268765113
4293.97507533382,2444.16272524491
3386.4634429453,4814.50109702292
3568.83927632569,7159.89016322608
4280.57947448223,6924.77756888546
3882.57860627489,5004.26246559318
3331.45602596079,4448.05008428557
4024.66148235221,2542.70893028146
3537.81771404928,4585.18500247587
5415.47938512293,3800.9639950602
4249.09191917176,6475.0680484625
8011.40335359652,2625.22870984193
7698.844416607,1527.2394855312
3996.16777630402,6492.79921488677
3868.03660456578,6634.53775820492
4544.94989440642,4421.62332246044
3702.82567931957,3080.67827888233
4540.04255319042,3857.11367539931
4195.10180421706,3984.53053418956
3801.04450911912,5105.53629843236
3342.6901042257,1958.08088747124
3896.65889812009,5638.04975714509
2807.18503085706,3353.12962625196
1355.91671318651,3229.8616117661
4342.07547929281,3823.35544921608
2333.70316238275,7355.22138117486
4979.34653831476,2606.98567713519
3232.20876270288,1176.92854061889
3678.40901823587,4269.48465422088
4164.1015951646,6830.55019596457
3830.36632602848,4860.76230729545
4171.98518537705,5726.59395547993
4051.13739480187,4773.63890260713
3844.13292851831,5915.10451821495
4336.34862726127,5787.85849294648
3802.92010148236,4032.78043271196
4342.01485569521,4833.93763867826
2212.9937438064,156.51462297926
4530.45623242996,6435.05833023462
3996.37217294868,6395.27610813228
4842.9156765094,5633.16239614319
3936.20146249778,5502.33563260131
4589.96281843559,3258.95955021772
3869.37916039142,2234.8514898118
3775.80263995828,2093.68147537988
8135.69687369913,7117.1530286232
4412.27781934101,4259.93700548737
4267.56249399838,6698.92804169379
4830.86988341006,6699.61010721517
3570.39927966357,1766.33061922349
6954.26404159544,614.464825837348
3430.48411615145,1620.72770747169
4020.13915761796,5873.1061117372
4123.39818518824,4336.83027306555
3682.35827912714,5715.56842764089
3707.95952427255,4709.64652591033
3172.25151911189,4875.76563448947
4394.98497980143,6890.50768784738
3278.37742748301,3686.50468975509
4674.01233107282,7519.29429318988
4793.14098447254,6518.31683792023
4682.77324212384,7170.85902846135
4077.55350196365,5032.67833852342
3660.56854708898,5081.61030256719
8669.58757766612,3303.23143795751
3402.03098469574,4371.55472349946
4367.54172648504,5847.53182609999
4151.13843432165,5507.10966839569
1812.58407773556,1131.06534285224
3893.879124989,5038.70233444253
4242.4021503095,5216.69944704861
2719.11674300916,3144.95502573606
4116.91110851939,1161.4703268876
4196.9766009275,2435.18339397
4691.40897882797,6425.34027083458
4508.872875535,3755.95316776765
4010.20234137052,3961.85449844913
4353.80171021579,5665.27233255436
3458.99584008776,5930.50617505629
4409.72490550426,4453.96075499716
3595.4763084998,4531.19484390841
3511.88161122011,2760.7155496878
7984.42417250376,1063.0377642
3325.93925573638,176.292065253018
4008.99405494423,4922.48141415784
7833.52554564401,508.132639903764
4579.05472651041,4696.40481369588
3835.95020402428,5076.09753864768
4207.29636834149,7329.1354406828
3918.72167503716,4274.65659680733
3445.4911621689,5586.38995387106
3324.72879600066,1502.97224547772
5130.27246617308,5574.73944596966
3582.77434753798,5364.46198628587
3892.42638773449,5051.43281465738
4034.88802660737,5207.72011577371
3633.17724206256,3472.19213382968
6484.54957107214,1778.37882248934
3745.28494331527,2943.88439345272
4308.37862810001,2029.63201322406
3534.72859009744,2945.19143903646
4038.81786330094,2491.78785513257
4062.5741248038,6300.2533444825
3597.30946128005,6279.05518784759
3380.04200995684,5196.35376660161
3859.2139093446,5803.31681239158
3669.61389059211,3351.36779984476
2618.24043130433,2947.80574163157
3885.1495366263,5212.15290737978
3565.43259748767,3335.22762630591
4130.20540569054,900.555845070406
2608.67308088996,8218.72225121065
7405.49009682477,4332.45414406324
4535.68101878258,5460.45055133108
3976.37902542516,4105.12716062131
4594.59283317905,4952.03392200529
8007.2331308818,3074.65407153559
3659.37914625908,4042.38516690449
4104.12263116121,4945.21411250203
4394.88775587394,6035.01950198057
4291.07887910824,5829.34566742463
3878.20606544181,5635.83357276968
4371.77522540859,6277.12273934623
4210.5150307229,6556.39410764675
4016.30434566465,3537.15094620478
3943.37505052616,6597.76753406213
4421.80877122281,6849.98673761991
3527.30113846698,5890.89436362048
4578.93256555963,5076.49544543975
5214.23192856521,4338.02399344177
1560.6233580329,976.198835382422
3861.7867305363,3741.11982838491
4887.78835421712,6280.02141209827
4879.2623147157,5017.22001907832
3812.29561481472,5077.06376289835
3817.33315555881,4183.89621409709
3810.43128091856,4846.78144410062
1196.91869753736,3767.60367566905
3801.85962312995,6601.23410141752
6690.83301200031,2065.37913908478
3853.19260881463,4284.65881493668
4771.16688062815,3937.98516518773
3452.06952578552,2327.88493092883
4422.59092713525,5375.37376606214
7560.85632702887,2013.15080692452
4764.60545510225,7110.50320693122
7735.79988449379,606.849361320662
3961.5755240329,4509.14421108559
4369.47848684915,4280.05561266408
3688.11627647634,4428.95478681855
3952.12079311586,5133.9521713626
4047.98754635176,6591.91394880955
3828.5854373145,3784.82361009372
7441.76477455743,3162.97077374488
2931.34127828278,1227.11099335646
4306.23689160186,7154.15032603627
4291.10702856114,6329.97626299648
4511.0536031949,4886.73407686949
3944.30861304435,2048.61377405594
4063.82360540674,6159.93601766612
3650.03313459803,6199.43408103915
3698.97348861244,4730.84468254524
4777.57910202368,5339.79683944032
3808.69020903334,4654.7472285512
3617.41987128251,6220.57515221505
4571.64152185556,5206.64014346026
4727.1747263584,5559.84944398317
4084.52469685942,3973.73250247607
4058.63371803472,4860.59147377367
1638.90654420797,600.143194166362
4909.78556756158,5407.59702768083
4375.24321138401,4732.66338298382
3379.32776329048,7774.24133597791
3585.1319015475,4334.95491002321
4098.77859045431,6192.72759674341
3795.60768860371,6819.01343612595
4373.58909779445,5395.4919503836
3854.75742536448,3064.02666191626
3970.31227804225,2394.0939148563
2101.57512473046,2070.66461830638
4134.78656140042,3187.57883513142
3906.5677999026,6470.74858206395
7983.46304879767,2885.68851654948
3627.33504063155,7056.7405444893
3907.51220236893,5358.32424230399
3110.79060502613,1550.8246600633
3774.02850530152,6350.54943956903
3385.15890198253,3692.07411627836
3768.79220120454,5394.80988486222
4620.24884475124,3619.84113643179
3279.3701086798,231.248368785796
4982.08349356067,6827.82235673432
4110.46440279605,6260.98277723501
4298.11689409119,5417.82674193572
4063.31196347167,2812.77347118153
5066.20105925095,6726.49143843613
4590.77071103471,6560.94064731559
4887.50870899287,5658.05461625903
3825.1420472746,2045.544902065
4591.41640083665,6348.84448719321
4064.09535507772,3024.92629390767
4622.29149919375,4791.14341861636
4291.0129826156,7767.36486387089
3782.17203157991,4693.16531961079
3307.85001596891,6130.89474181826
3646.00953725682,4223.7921842622
3758.9847823458,5696.81395150693
4895.98560408437,6025.4151906433
4155.86104998234,6367.14439393134
3681.38791128462,4800.2931605578
7955.23307351839,3549.54018223132
4052.82667670516,3777.60589379839
4726.41684633927,6191.25014049314
2372.30284711672,1625.44465780706
1853.64345530132,1902.72680928865
3452.55493668446,5204.36687362584
3917.05651936253,5348.71950811147
4236.77818513357,6135.4412814871
4076.26168494275,4184.40744609668
4577.43693442413,7207.23134581206
4676.96523749167,7524.52247552484
4524.73436612772,4428.10231063064
4276.57166193423,6671.08048622216
3077.01315188937,2369.88376026183
3413.31171800862,3023.10780489671
3923.54241079737,5747.45086792652
4143.99084140358,3353.01608961682
4383.1752157443,5884.4724609093
2780.30456981112,5585.48039222414
4526.71187288581,4637.81145285583
4357.3213527288,5170.09741544302
4426.99864171058,3776.01468948535
4837.41505241099,3779.76541557004
4211.77708357557,3796.01954859929
4544.21004127305,7850.85086768204
3637.78791623851,5115.08437002112
1466.98372863938,2085.44087223011
4059.44942833702,3888.71195695564
4160.7233296809,6996.72639000273
5172.6562570008,4276.98652924551
3170.22557659272,5140.09033819973
4421.46877287965,4292.44484869061
3653.70662556756,6254.90169585688
3883.97822550251,5563.25934873479
3932.74052183778,5377.41953977101
3766.19922697661,5473.2947796087
4967.38719113721,6954.78464612874
3755.42512740266,573.5459688178
7729.30944784048,2396.25364805557
4274.00750257493,4606.15608584049
3752.11106250789,4180.54297194922
4544.62298125753,5730.17427089809
4200.2655081175,4596.15344485589
3751.1167139834,5430.2164008175
4685.69098655752,5645.55163216972
4250.13623922711,6999.68172535852
4513.23035864869,5592.92560464502
4282.67976723707,5253.7538299207
3355.83939033625,2219.39317036669
3710.20397424,2760.65867565642
3920.58899448782,5806.6696316842
4448.89156018848,5923.40220682373
3555.19997066218,342.922749401647
3420.64395297839,3965.32106580452
3562.70393472516,1861.58066757119
4139.70870460458,4938.56471366531
4024.72153412985,4084.2131627157
3914.18958067408,2210.41383909179
3502.45190706942,5024.15357664434
4518.94332185323,5526.60287265478
3100.31112717906,8745.38254752606
4612.19196770013,1690.91480789558
4607.66520991736,3884.50666147511
4373.49258018876,7209.50461564648
3768.99558237211,5501.02858701756
4950.36256346954,2846.87251869782
3840.60215125439,6120.60836495961
3072.71993568797,1020.41395480464
4292.74610649007,4260.27782682043
3029.7345427419,3040.27086529
3808.06726619,4437.93411809345
4161.90419580579,4366.55319157953
2184.13561365906,1153.00243903991
3848.54591421401,5581.72966613945
4137.46246905393,2978.60842103137
4441.36566449854,4676.22954391541
4090.62691164458,3902.29491335839
4214.63604040973,7109.53740553579
4268.5243050704,5268.24592511512
3804.89943728048,5262.164843737
4670.82932969026,6636.0722999142
3993.78651546332,5088.25970140392
4560.93884412026,7019.97074320177
4531.77823035917,5829.7435742167
4388.42575607707,3279.30523066472
3462.04390461917,4775.74176177502
4575.54340101962,5671.80798332832
4393.8119560336,5158.95813954121
3607.12623241956,4510.2808460028
4005.68637151998,529.501365775925
8397.20541765263,674.308622514294
4369.02648410112,5427.43147612824
4163.80158009324,2810.89810813919
4362.06421796934,4828.7656960918
4057.62098209351,3198.60415154283
4594.50961120955,5507.62090039528
3997.81100149529,5584.05959857763
3884.90455971637,3164.95988485
3674.55461792742,5091.72626875931
1916.37248686264,268.529983498892
4443.65029825264,5331.15832949848
4364.24546930477,5651.29189221478
4406.55819409908,4694.24529192424
4561.54896901308,4154.34370624964
3300.64431107115,2977.24450141625
4198.75426130505,4557.451195067
4701.56223450307,5455.27903159987
3689.16954536579,3065.3337075
4161.51755449335,3165.18716954792
4093.72751602568,5524.61376154966
4358.73788305539,4755.79398812009
3702.32792358773,4957.88750725787
4736.39741858466,4294.94519179533
3363.0622324327,4859.79608304478
4463.03139835197,4915.54785659181
4281.17608347949,6251.03722170942
4429.50604764907,4552.39300054332
3868.20929149246,4860.64855923268
8239.48203813399,1664.31763540392
3453.60171588444,5150.37671505838
4069.93508261045,8277.82726690556
4150.93293656716,3157.57175788814
3264.91292721501,2861.81918328808
8464.44658099042,4811.20494033406
3974.59962866953,3769.53570131515
2019.41458689043,1978.71072664754
2621.42706153957,4793.58709911731
3657.66341903722,4844.05360487037
4053.1400164256,2241.67129931505
4472.62235632101,6852.82832491293
2831.84502258014,1931.76787370889
3787.6563996563,1560.08815006751
5148.81101314752,3986.69005596121
3337.17452955905,6518.25975246121
4615.71866239495,2094.98852096362
4760.84483234924,6556.28035958398
3857.94310590284,3580.22932499598
4000.77634835244,2073.39245753664
3968.9258431551,2747.24655277544
4026.60547045485,6435.79705835975
3524.63418142324,6692.22198025331
4315.33970147893,693.801932487202
4267.15640797807,6510.36039349976
4244.77592600107,3829.37986799044
2994.56469521838,1353.27746916673
3904.59341392755,1410.62065845444
4316.53265049653,5548.25559868553
4179.94959518872,6012.68471042845
2816.77068920727,3731.40176898487
4600.79349798768,5135.03214367605
4143.8909848243,8093.35158898453
4186.04939632377,3245.43346784634
4485.29024141122,1271.78078788832
4095.00594247221,3832.50561401277
3723.22355712921,2623.06918807029
3954.59016580016,6455.68816941092
3409.70965539207,5491.99217028365
8347.92763980076,1080.59873138537
4224.27758918986,5405.94916076403
1736.28495617508,1928.58525365517
4449.65721736531,4889.29150543322
3963.24279141315,5661.06661421859
3318.20050333647,2406.76752103976
5089.18600235133,6526.04578621515
7765.42940222514,4229.64576951478
3597.25249114743,4826.71992238292
4094.93256078703,2843.63302461272
3352.58599086788,3363.64349923615
4765.40163778341,6786.84683711101
4261.35335073897,4345.80960434046
7767.23188350657,1671.25108725614
4910.73716080747,7143.63645305208
4694.93204665918,6643.34667881329
3934.2577028081,7265.25638919352
3603.62019311647,5660.49829675998
3832.47201681745,3396.4355011687
3704.32468067875,3279.41897872749
4316.99751497273,5457.60896403805
4033.26497624822,3780.10665975835
4708.14257053646,6039.73687517119
4259.8252713005,6377.88576304107
4055.78148898136,3867.05923092489
3849.77169143544,4695.26817877867
3947.89008084311,4441.74192963716
2718.82295302024,3706.22539013972
3322.02308578449,1755.2484287807
4142.64818126435,2301.40150649995
3619.75622496457,1785.08509535745
4260.14329906108,6244.671981602
2821.93715493685,6902.72651320739
4066.45586158641,2498.32350590652
4140.1840541281,3820.4571993193
7456.68366785552,620.886781405439
3299.06398886164,2462.40575795165
3951.27919669153,4584.90084374656
3812.98399099566,4681.96938110522
4383.81017347812,5013.98052499322
3447.87527104275,4048.06834149053
4279.60252857912,4395.99237421947
3764.45525591477,2561.86131320749
2446.48947889296,1299.96927040684
3726.70843989576,6739.79023610958
2909.03298939181,2105.21823521851
3626.29869185474,716.307293276573
3754.57736154671,3151.60442457279
4028.23270300895,3674.11545372855
4113.47350821079,5452.03953751478
4107.76600572384,4925.03884272156
3925.31143766024,6333.15909447782
2651.91174876218,154.525511874143
3897.01167730817,6150.33128347359
3893.17231860326,4816.20604939873
4254.32193555411,6457.05230045368
4633.25482581976,5535.98011072176
3084.70764445218,92.9199020042239
3766.5234433272,5318.54202020165
4399.99046064896,5055.41103686761
4661.93350059281,5494.15211491055
3935.24532983466,4128.20110315382
2335.66873557187,1410.56389013686
4763.96857446153,3716.28469372808
4463.53356845561,4460.66681643765
4285.38633913117,2634.60594790891
4034.56463906455,4674.29709541405
4184.16381840494,5605.20109260878
3874.66987141754,6168.11953535687
4176.41488450221,6236.8292852443
4019.73548071552,5258.86868704814
3658.71430026557,3781.75452667516
4124.40895097613,5056.49058632581
4396.74327137822,5918.28734969629
2840.34848653827,5342.52467867057
4221.96003344983,6930.28990994972
4197.20639030903,6144.07979142894
3948.91329898105,6210.11836468987
3825.42555429894,2415.34915695022
3648.34687008038,4727.32102973084
3834.20494176792,6636.18562512172
3425.01423263391,2465.36109330744
2661.85687693204,791.836694096537
4668.93591276438,6331.39705664299
4035.22356265669,4294.94519179533
4569.16576293905,6151.97957324565
3465.99371072149,3440.82113697126
3616.79300053519,6089.35090473634
4300.57902436102,6571.85242709185
3696.625410924,5831.33477852975
4240.19966405622,5799.16775665956
3558.64865523708,3288.73934276308
3893.31466973098,3864.21764363187
4066.7224543879,5062.1170983081
3041.24063154564,1571.4544992396
3755.90854141879,5368.83811528818
3926.39365037108,6009.9568711982
4223.28789414304,6400.67512398902
2551.46372964669,4185.3170077436
4276.35000971011,1998.09039427149
3998.27898829451,5631.00287437154
8149.79318281683,1434.43322339827
4357.58643732517,5649.07528498413
4100.03064141732,2330.61298158671
4473.71595103413,5269.38256003233
3849.15295945766,5830.88020913391
3809.61736544996,2460.01874005446
4420.81333332796,5651.57605094409
4454.12515393817,5427.14731739894
4211.16352259121,5840.31410980465
2423.29652090917,4688.78919060848
3092.93199848048,4425.60154467068
4140.43152296889,6999.22715596269
4495.43346384214,2821.52551775852
5488.96843313523,8084.03101352131
3800.93523435249,5098.88732245088
2863.84912067832,5074.3359236681
4862.88468888574,6985.58753695617
4150.65888692414,5121.62002079507
3632.16761050047,7039.52061006462
2414.71901834413,1253.59462921297
3778.05787385069,2068.67550720127
4462.29726603076,1830.26633331654
4047.45630045081,4369.0539575395
8085.34474998859,5845.03106014002
1266.23332040254,1907.44375962402
3194.94859218634,4202.19612083522
4989.23055493959,6258.76617000435
4634.38776460707,4781.42493636107
4336.24327964575,1441.65083397978
4839.78207097189,4937.88264814393
4339.11264846905,6453.24448890997
4392.64437067879,4950.49938029601
4909.61021978146,6216.54026740106
8564.31461935994,1263.71059540508
3447.26183584103,5664.98817382506
4381.1270713916,3983.39389927235
3660.44910160619,5084.79271119328
4352.7348642083,3662.12370163884
7924.34790621744,240.796096804667
1751.03312414756,2368.23547048978
3133.0891393723,4501.41526279066
7502.22007173484,861.569225124588
4062.03111412515,7126.58692929393
8481.38206829553,4891.33770199734
2953.23672033002,145.943915606364
4342.3079077945,6370.83845741227
5020.72598350825,4736.12995033921
3002.21567111054,4125.07535713149
4039.18275001971,2646.65436260239
4480.269359268,6166.01667618899
2924.7856423005,1413.97379488849
4211.53717921825,2401.4253792144
4111.53324462699,3841.20078655837
2888.19163982656,3962.53656397051
4312.40935554076,4935.66646376852
4028.39446910509,5240.68252837279
8414.43769532987,1303.94749261707
2465.77628255411,3600.57500544298
3368.63868355965,1619.36368214276
3703.48369236258,1941.883839901
3820.95328303446,4159.17440464778
4948.09068529536,6195.34211076615
4250.00240582885,5741.42687200741
4341.55839505081,5405.77875009749
4112.89747896098,627.024631101134
4218.48487272921,2507.58699591073
4616.22607010533,3255.43589740331
3859.46134162792,6793.95080534357
3354.62520908936,1118.90339152362
2063.65929552037,4653.55350817498
3553.68318695396,1476.5454836526
2303.37553993752,1583.33239755273
3743.83317186176,5503.75642624782
3717.90096109673,5654.70179696641
1928.47835719921,532.058794339647
4166.11554052329,6546.05064532909
3856.94477773133,5428.90893237851
4603.64502162727,5463.51963474964
3132.68167979816,620.432159152699
4046.17949598555,4591.89106391635
3915.78316846687,1582.36627901587
4186.09876912143,5530.52443226126
4804.05534993351,5096.72737782398
2912.0308015008,1245.12663565147
4424.66909334166,4010.44564115984
3848.09394912849,1795.31480961234
3810.24961876601,5539.21960480686
4013.83600124457,5819.68427062835
3633.18410529045,5053.9902432211
3784.96814860878,1043.20352718022
3916.36124402908,5579.0018269092
3605.76564700374,6515.07734383513
3999.03315925297,715.909492198312
8152.84330715535,2756.28275808174
3793.79236680109,6790.82505932125
4734.50891596112,4208.3338648171
4256.21496296986,6713.70429561752
3850.28634947107,7499.34651953495
1131.94902712872,2358.40366302696
4387.6941380196,1465.40652489223
3961.52339265014,2782.08432841687
3485.84264074639,4442.02608836646
2504.16846773429,4214.92617819481
3654.55038943404,4920.83312438578
5220.54447742557,5375.94208352074
3980.53333697309,5319.39449638956
4627.70728161408,4620.93233976421
4820.35841299682,4528.01243528232
4161.26004607621,5813.43277858369
4024.8190968014,6492.74255228301
3830.86696759339,5767.45572704046
2892.95427295599,3043.68077004163
4349.57041522104,5793.37125686599
4072.70781895267,4556.03040142049
4328.27153690666,5412.71188480827
4139.43811476888,5170.38157417232
4370.12387172319,5048.87538609365
4597.81514297409,5409.98404557802
5383.21412673371,4395.53738196838
4437.17855881683,6153.34328143315
4150.74720522473,5517.79395204641
3939.17808262899,901.237804877969
3798.80962854142,4361.7795786404
3701.91244694317,4205.83309885714
4064.9639867292,7740.25645937964
3996.49706797214,4747.95129176239
5401.56598201769,5410.38195237009
3008.70718613682,1180.62260409982
3596.36472053533,4788.87014878194
4198.40259399564,5333.65909545844
3468.15992590634,2132.32706256501
3699.45774572648,2801.2367113429
3846.45043894633,5126.79154052628
3913.66461639955,1948.58990134149
4007.20574050623,4747.09881557449
4207.18419575715,6759.34010297244
3860.46210649473,3834.83554645095
4012.48424398282,5460.10972999802
8084.71705878835,3280.44186558193
3598.87972507136,5926.18670865774
3387.21415519646,2308.61901136765
3667.07803856992,3216.67677358304
3003.70186690818,562.293261994662
2483.69324179841,844.178721462662
4012.00514364974,5215.73322279794
3376.23188972204,78.2004758620905
7733.72215870375,4578.42227843162
8285.44333693552,5953.86385346285
4805.30288978591,4500.90360793582
2183.55849751572,157.026106049159
4574.94751261003,4994.99855273372
3169.51291568896,5762.39795537203
3725.42176205252,5444.25350376084
2161.42789244318,1992.35034565406
3326.59103478504,3546.81234300107
3669.85159050089,4300.45795571484
4503.57984419084,4795.63287282619
3530.25558426863,5582.75255299389
3807.26503183771,3808.97710208443
3819.74711623079,4420.94125693907
4244.3268970209,3682.58313014861
4316.22916185521,5761.60214178788
7860.05128079284,1914.54772785658
4570.57635365957,4533.75227247213
3183.81671868419,2235.81771406247
3443.9023797571,4696.06356950757
3361.6507653308,4681.45814910563
4646.16901573737,4930.43785857831
3417.4619205234,7984.46213305794
3265.71742058771,1593.95991288588
3558.78756547582,3252.65118414168
4169.0881104946,7138.63492113216
2532.72293066336,2958.66064737644
3876.04473286484,6936.93930878645
2520.3958817497,1194.83054056494
3734.9393696081,5327.06678208072
3931.46481088891,6155.7869619341
2772.79387037989,3317.04146763055
4220.27303502441,6843.84899363803
4320.85877449327,5729.26470925117
4305.52080979795,6807.53333889108
3008.89185186278,2160.97022019317
3594.00507038004,6160.33350160294
4221.84464312182,6878.63010667569
3881.76492058125,5747.6217014483
4154.32183883485,6505.81385383092
3992.1496346875,1843.22388680168
4790.55313312905,6131.17890054756
3885.40723845524,5323.37271859979
4802.51588059334,6477.62547702622
2897.28439093362,558.997052448897
4063.95617322122,5916.4686492577
4421.92258677134,4754.03195028526
4309.85807291821,8025.04016874443
2447.66783318427,1730.92442040965
3607.41193093434,6919.71937436177
3956.47581939608,6232.56690430476
2930.15489578203,187.942573154417
4163.73963677803,4595.07389539769
4113.22851022355,4236.01100962221
4148.25728000286,4229.87284278507
4586.67044467105,5386.62636717146
4027.56196417419,5860.94394898096
3674.0512202412,3820.28678865277
3035.71058490189,7661.31699523733
4713.29693123274,6752.06572407335
4805.89665761744,4770.11567264798
3116.93139091382,2324.75939633413
3469.38018238777,4955.04591996485
3692.88394902075,5630.43455691294
3807.786553218,2965.36670881693
3960.29884752072,4112.51528758317
3628.10173002989,4708.45322838936
1968.16322901778,2843.91718334203
3664.0303479,5064.84493753835
4754.65844064367,5523.30671596592
4065.47691644893,6489.84430238622
3921.7182906636,4533.24104047254
3794.59768580801,2102.8880913527
3685.86078892722,1233.07832667181
4639.36468900442,6248.08188635363
4056.54058196941,2373.46407567999
4432.82574261325,5769.16067941628
4669.54909423533,4737.83490271503
5159.45092009419,6718.98956341149
3793.01872080808,3977.53989116452
3705.59227146077,4334.84116196043
4003.28378169726,6575.54649057278
4254.51896229515,4020.56160735196
2636.34485332933,3255.72005613262
3515.28100909735,3982.59808568821
4646.41435266409,6723.70651374686
4168.96418031899,4994.99855273372
4266.87998823748,5479.37586098682
3937.30898592467,5610.14553906969
3045.30117571405,1689.03944485323
3581.18989181493,6107.87788474476
4508.86104964432,6587.594482411
4555.78857267646,4556.82621500464
3861.12905575122,4854.96538464663
4352.23611087775,7167.27829018794
4162.55006250631,808.090562841254
4377.75901688906,5504.09767043613
4352.41316470087,5359.91544661703
4252.5480933614,5073.02887808436
5039.37917736656,5677.54782051813
2032.81213561785,596.619647065775
4655.26120367242,4914.75246586291
4616.61312363473,3839.60958224533
3973.93152072255,4658.72545076143
3725.01520628011,5610.94135265384
3721.93454614809,4254.87881096368
3671.13729739243,645.949570758531
3690.69291402395,4908.27347769272
4859.31440024761,3259.69827834285
8626.15463571617,6826.68572181711
3824.29792419997,5375.31668060312
3901.43925032729,3519.41935692526
4630.77618742528,6857.5452752483
3986.88407897849,1924.60703144494
4375.45709945763,7410.85898380387
3303.16266139862,7063.56035399256
6749.35468347361,1781.10687314722
4185.95525071946,6584.29832572215
4170.32135091834,4244.76284477157
4136.16989594126,4410.37072135112
3284.67618577035,2655.9178526066
3804.45848408331,4808.7041743741
4592.28917214809,4144.11399199475
4223.57791796008,5703.97458234325
4495.12457843371,5567.12382288226
4316.17806260066,5272.67871672119
3004.56880426651,2236.32915748969
3485.62651718595,4119.4488451492
4136.10790968812,6558.89445075146
3981.20264999665,1821.17325397886
4021.41152237505,4267.438880512
4435.94500284855,5360.19960534634
4420.42531316431,5545.1298526632
4224.09654796754,5496.3116366822
8982.69691775484,0
3945.41505135096,6219.04103336102
4375.17867921669,4323.87271958041
5139.48576245117,4844.73567039175
3253.11199692555,1522.97710459166
3924.48262389472,5562.29312448412
9309.74131385068,1159.14028873561
1812.11243121879,4818.990974088
3834.78631826916,2115.67523417131
4229.05548021043,5698.23474515344
3832.41727905618,6311.16512425876
3157.00313412526,6011.32100224095
4025.659161577,6086.45223198431
3718.66481592676,4439.12741561442
4526.14165964255,2798.39512404988
3636.33817891589,5544.61862066361
7207.07179969303,5484.09281132219
3618.43215129046,4996.36268377647
3995.21024754747,1326.16874753404
8136.16690348388,331.044903945425
4203.39382259243,3244.18329629399
4207.04889544709,6262.28982281875
4216.60353772208,5523.13630529939
5062.7321990035,5584.79874955802
4784.53070389111,4833.25557315688
4073.43306295044,5128.61024096486
3952.5035015245,6447.22049299086
4440.12250105813,6652.83766494304
4298.37232467696,4891.56477526763
3850.35910197957,6469.78235781327
1785.01150729474,1256.49298482357
3388.22616002837,2148.63764677039
3722.88649704722,6218.35896783964
3956.08931316487,6554.97331400024
4250.89324621788,1667.67066612417
4217.8417250248,5340.59265302447
4472.24035650225,6958.02414021384
3582.7155785889,5139.74909401142
4501.21593434614,4650.03027821583
3752.14617095635,2068.50488510711
4178.29095464744,6380.04528481272
3748.0514032571,3587.04913449924
3448.87421540103,1880.56242840306
5186.12436587188,6564.29346660821
4440.4904460297,6197.89953932987
3447.37625385354,5695.50690592319
4060.57897681724,5713.57931653577
3623.56295254144,6026.72223622704
3644.89277988822,2573.39807304612
4372.48280547837,5321.7810914315
4232.41007947956,4739.48319248708
4528.72311904961,6067.86858937213
3810.35085143732,4317.62122753576
4039.52249201031,6762.35210093199
4199.8716472499,4229.07745205618
3579.53301960771,5656.29300127946
4663.95940248951,7074.58588183159
4351.39685280044,6759.79467236827
7715.62184037176,1398.57234947478
4178.59328212379,4958.79706890479
4416.98933521455,4991.9298921704
4683.65400781209,5292.74023843889
2058.11120537436,1984.9622186922
3414.66558290314,2330.72651822186
3760.33022476207,5678.85528895712
3673.26540436932,5640.49386050129
3473.51219282697,1325.77094645578
4258.33076154208,5145.77351278578
4213.83768812615,6387.54715983735
4020.85042706809,5632.53741608083
3123.71024844296,5301.83331777657
3934.32279752514,5309.27810734219
4633.05341147446,6697.67765871381
3814.68399519592,5499.20988657898
4152.12325987897,4528.23950855261
1626.91683813184,2256.61796390531
3889.61176749748,1215.74464418436
3348.6823577017,925.163906456945
4004.76934314554,4282.3288824985
3294.72606365504,5374.97585927006
8168.13336839394,293.933779184219
4271.19765087713,4769.77442845967
4057.24540804508,4816.77436685734
3833.69278063081,6247.57023149878
4580.87728718261,6606.06479981566
3919.97449066503,1661.7602068402
8801.9053375351,4976.98322758014
3371.50253241691,3649.56405494577
3901.07841883722,3675.19500318675
4212.32116377821,6815.48978331154
4646.46075660119,7194.84168693028
4612.58344676988,6498.76654820212
5059.58912144697,5721.19493962318
4957.591417515,4436.96789384278
4192.57085669705,4737.38033331919
4159.68996475304,2870.79872599061
4625.65194318266,2071.4602204629
3591.88567082144,3387.85386525824
3785.77396785019,3909.17138546541
4349.07564099215,3642.51674931697
3860.19462246646,6591.11813522541
3715.73402463567,6363.56407851318
4433.52472123781,5230.11156992959
4100.02710271234,5185.78280815841
2961.75276566845,5253.86715512822
3674.41525248923,5579.85430309711
4079.05830386973,5805.64674482976
4157.20829503957,4739.93776188291
3494.6964835289,3783.17532032167
4172.70197476674,5749.32665382412
4019.0299638839,4206.96973377435
3691.11380695747,804.453320534802
3860.95247790376,5706.53201090697
3617.12476283553,3485.26343537759
3272.54013145782,4239.25008085205
4909.58858318872,6227.22455105178
4309.25955841909,2026.16523444105
4246.07985082759,3180.64527756539
4340.78588234421,6518.48724858676
4033.41727510793,2175.86022217966
6129.84488445464,5516.9414758585
3765.24422787944,3796.07621120305
1645.29226512204,198.001797457413
4137.77041115804,3962.42281590773
3818.25586602425,6273.31535065778
4121.94837805006,3427.8633720585
4117.96930344761,5637.65227320827
3963.44109699053,4886.56366620296
4449.3306710709,6197.84245387086
4030.94149072607,3568.06716223974
4350.66759483819,4614.11253026095
2879.90454347252,957.78539200915
4566.48042867856,5137.07791738492
8865.5052035963,4785.97147602991
3978.14095849785,3939.23554816771
3908.69150679028,5613.04378896648
4627.11270864893,4790.57510115776
3880.03706671935,7704.62244729882
3634.35566187879,8944.23699543399
3209.15332320763,3320.84927917426
4601.0348224875,6642.38045456261
4478.2599401903,5513.58823371063
4498.27963850304,6305.02738027688
8872.55965830623,3727.7643681077
4077.95049494707,6194.2621384527
4408.83372056083,5791.66630449018
4819.64196051345,4307.95983073948
4012.24163201863,4523.46589561348
3965.14259492081,4622.40979601448
4135.73154569193,1647.49539634369
3741.5854586902,7282.2492503479
2196.31416860938,3599.0404637337
4483.37841195366,5532.34270984459
3041.17785210081,2189.21568245688
4441.39628122952,3733.84544948582
4502.18981878302,6538.54877030446
4132.75608390547,4102.74056557937
2943.12542175451,3940.31509762591
3543.2262513191,2229.73663268435
4609.25800533713,5659.58915796831
3911.9765647678,6510.24664543699
4146.99326333182,5983.07553997724
4378.00044773878,6416.41760216343
3725.06515662147,5284.95420468495
3446.94175549482,5999.84090500608
3640.45813884336,4770.00192458521
3689.03875733229,7155.91194101584
4130.99615135465,5039.49814802668
2119.8158888382,680.730630939291
3949.93711407718,4472.14691367252
4523.13572536733,5490.4009659706
1737.51621401354,293.876931581287
2861.8579558734,2971.22029406951
4402.33290764737,6381.18191972993
3633.683143708,2750.08814006847
3497.56536298554,5491.76509701336
2932.78212423194,2875.45880229459
4352.5320210995,6704.9520376129
3754.34088340805,4319.09868378603
3779.5056243105,5935.73478024651
3600.91490580479,5908.68261550377
3286.01449831456,4585.69665733071
3668.90798822306,5768.93360614599
5708.96779452746,6767.35363285192
4041.98153844074,2200.86619035828
8995.08996176738,863.217356325924
3997.75199990537,6690.00537302265
4389.94421050213,5478.35255127713
5022.39017396286,7447.57296819815
4241.30302215169,4447.53842943072
4101.6234754993,5714.82969951576
8997.55963569643,308.14171564934
4202.62135601939,3655.81554699042
4248.21913255309,7095.15863554889
3941.34625375282,5819.79801869112
3577.67372579232,4117.23266077379
4161.96417123501,5417.77007933196
4447.54243216218,6560.88356185658
7722.13105882543,1624.13761222332
8258.93263424197,2914.95686566763
4441.41761898082,696.643519780227
3999.79055379164,2933.14302434299
3766.42536101513,4652.07605192471
3981.82895515315,5549.56306712452
4575.11421083895,5674.87706674689
4859.95715933905,4222.59846388598
2701.51261002851,4924.18636653365
4509.13857086557,4606.72440329909
4140.01484479434,4775.51468850473
4367.87893601514,5480.11458911196
3957.58341167698,4246.92236654322
3978.99669965842,5101.1605922853
3644.58418987269,4736.69826779782
4015.76290065909,6016.7200180977
4565.08105379431,8593.69844868233
3868.24969574846,7314.01836542601
4150.45556759873,6775.4234024799
3502.18484400245,1277.17980374507
4451.55537586435,3079.93955075719
3829.59128986597,4656.73633965632
4496.08880685499,3889.84859187285
3350.12928153038,2515.77072502912
4158.35540874597,4125.35951586079
3579.70711124855,2212.80085698898
4471.21946085947,5719.20582851806
4560.52244863488,6804.9192477236
3416.87398057084,710.908277419827
4316.45084073908,5504.66598789474
4450.10022721793,5530.12652546918
3583.16803592693,3249.18440535866
2926.32614331475,2520.48788679211
3122.21828812177,4625.76303816235
3775.01450558396,2413.53045651163
4219.51598338543,4269.82589840919
4292.96053389045,4112.68612110495
3589.53098902187,3663.60158074436
4833.06509402909,6277.57773159732
3134.69275255167,3556.92830919318
4023.95363438552,4512.15620904515
3851.01946511911,52.3420347991266
4060.11381574365,4035.45160933846
4318.22826652088,5962.16154207163
4873.02852325448,6445.51554061505
6821.42215555136,940.678994219619
2463.02822921144,512.110862113998
3353.52454416776,6337.87604481319
4438.81305567955,3850.80509789564
4822.68968651414,6749.39454744685
3985.62489387432,1889.25760094867
3858.3818266675,4867.58211679871
4281.71194579674,7604.5419119806
4063.21438301656,5874.69731605025
8310.78188939211,2073.44933156802
4707.09350061552,6424.9423640425
4686.90746278375,2977.69928223971
2913.35643378201,1813.44409425631
3721.37042834918,4585.29875053864
4108.16104786068,4403.66465991063
4928.58842756662,5586.8445232669
4171.80644582956,6150.72919026567
3640.67894114581,7309.35765483915
4429.05093516057,5417.65633126918
3696.70536320268,4742.09728365456
3033.33511810466,2139.03312400549
4251.0575750542,5416.00846435238
4162.16941443693,3319.65577022566
4158.72793254596,4156.95779741712
3781.14709836823,4618.09075247119
3134.66875413709,2332.60209269183
2793.41039460463,2188.47674290412
3989.68337029409,6338.04645547972
4083.26963685027,6559.17860948076
3692.7609476787,7084.36102669065
4852.33999263116,5392.59370048681
4808.5188770888,6035.75865296096
4490.78015679578,1832.19857039027
4627.21532122741,6074.17674402054
7941.28147515073,3720.09208241653
4796.02465790723,2263.04007804412
3815.79740616361,5591.27731487296
4688.94519825156,5921.98141317722
4445.63587679511,7098.96686994784
4243.03534591141,5198.17204418495
2683.38210329937,2310.60812247277
3664.92663376105,3150.01300883212
4160.53733134463,6540.87912559789
2464.98833472696,2272.19003141318
4076.12643172222,5922.77680390611
3989.78897303958,2342.14974142534
2159.36907925081,2413.24629778233
4266.50455231908,6137.43039259221
3350.77089398841,70.6986867299291
3988.58741511269,4249.53688056595
3829.4923494866,4649.23446463168
4329.22514375519,6328.83962807927
4463.93147274731,5352.4135715924
3933.17076885273,4782.73198194481
4536.22010405919,2265.37022190993
4752.5796379669,6168.74493827449
3861.65413098874,4381.50027902504
4274.24891337012,3201.84364562793
4250.60959540796,4317.8487236613
4032.92808546804,6025.58560130983
4188.63679652834,5327.74842474685
3814.37065608748,5935.90519091304
4882.47484620509,4081.08741669337
3954.87199437205,4712.60186126612
5325.6116683166,5244.14909572818
2787.42578052819,1124.41604972933
3947.25269581817,2359.7107086107
4443.95603616087,7313.1658892381
2491.37210611161,6501.66522095415
3785.34758413128,2606.19007497867
4048.44323738503,6741.83600981846
3245.70032593119,3480.14857825014
7762.67352238665,6744.33677577842
4026.55425850581,7209.50461564648
4146.41423969223,5441.98023392642
3567.1536828795,7074.52921922783
3303.06858234201,3265.21104226237
3506.96995751206,14.037440732006
3428.01338477616,6128.11023998424
4527.55166333749,5056.54767178482
3850.41668727556,6354.07309238343
4505.86620248257,6921.59473740412
4898.97983624127,5032.22334627233
3591.79599838864,3568.40840642805
8736.68477257344,443.571734320729
4164.94477488065,3872.7990681147
3865.10864627599,6791.05213259154
3092.05352386296,4432.08053284087
1813.85736061027,2897.56652057642
4204.61748450312,3836.88132015983
4255.53990840167,6347.4236935467
4232.41783852826,2185.2941228504
4239.63680243803,6436.36537581836
4516.9177490339,5117.92595731414
4132.15233557825,6767.92195031052
3951.00370818664,5071.49433637508
4339.24235202534,4221.23475569848
5060.27055688605,6117.36887087451
3795.8485614363,6430.79594929508
4553.53711959336,6570.60204411187
3468.4892035576,4386.50138808972
3533.67880790683,2025.54025437868
4064.10776218827,4993.80525521275
4806.76262034801,3831.93729655416
3511.32285587622,4702.25839894846
2834.11320514521,1154.70739141573
3222.98778748038,1012.17335165487
4826.33365824054,4589.39072081164
4161.79724554777,1043.43081187814
3606.57963243267,52.1147071549734
4175.21214529059,6651.18937517099
3882.00023923338,5425.44236502312
4767.41244152745,6480.29623079746
3902.1697321937,5574.05738044829
3435.44085956284,3667.46605489182
4337.39935807638,1972.45923460289
3373.71352863431,5504.66598789474
4490.00288264555,5846.33810572376
1244.78271689332,1407.26762773419
7899.66228228813,7331.18121439168
3039.22298788362,6285.6475012253
4136.06127193535,6623.11432357381
3544.83975901645,4955.50048936068
4480.60943397989,6468.47531222953
7860.6240865131,2999.46575633322
3388.49380996663,3979.92690906171
4121.32745773164,3716.3980189356
4155.42895884367,3575.96694405644
3967.97348397224,5498.75531718315
3454.76853596823,1264.79046200472
4244.95728247413,4346.26459659154
4026.13321139954,6331.45414210201
5239.06279777091,5432.66008131845
3768.71327360998,6959.50159646411
3357.31493502666,2431.54620452046
4687.20301736962,5416.74719247752
4062.4109819856,2277.98674263438
4927.00329043653,8287.60283461986
3869.40526746192,6386.4671875239
4171.46934372693,6443.81058823923
3870.98377819883,5084.33814179745
4130.82333637092,6352.82270940345
4508.81359780478,6644.99454573009
2985.05066212338,4724.47944243781
4211.89222984968,4689.41459352609
3418.13638112898,1658.40707040615
3536.02255885624,2684.56101023475
4335.77447363971,6876.75474363335
7931.53440094299,405.664980974549
3355.470280418,2505.88204353492
4333.49306680064,8140.40861284121
4171.37157622845,4589.90195281124
5156.30989308587,6201.65026541456
3684.2825533919,4637.81145285583
3667.15104304521,3377.33999227405
3894.84736507799,4427.98856256787
4319.16599494476,4826.43576365362
4271.49742440988,4050.85284332455
4515.72487024444,6798.83816634547
3554.21339620342,5513.24741237757
4446.48162782248,5695.39315786042
3377.68438598611,4907.98931896341
4339.04551127728,5815.02398289674
4197.49974688677,2993.55529704926
3400.74000393273,669.762082845455
3774.42546800235,4305.28865411298
3036.09181892629,296.775366477243
3093.48230085065,1934.95028233497
4457.00602577744,4453.27868947578
3684.06761901185,2106.46861819849
3449.56026984042,2131.58812301225
3745.50794677199,237.613529607861
2757.52845366709,278.134559120695
2174.65299038374,3236.51101060282
4389.24239299934,4533.29770307629
4552.08764112738,5126.96195119281
4779.9632658065,4106.60503972683
4495.81759653873,5206.2993221272
4413.55852753858,6329.69210426718
3964.03722526971,6973.823280992
2577.34672908728,5638.1068426041
4655.05971751881,5353.77770263515
3961.69040187115,435.103820044589
3110.63782092714,805.476313103053
5092.01212518015,8394.50317944133
3720.74248939363,4684.18598833588
3595.7476688685,4975.22118974532
4059.34945832886,3973.10709955846
3782.01709594507,6108.55995026614
4233.42796589037,4698.393924801
4563.95466623594,4289.94408273065
3835.95446613332,6775.93505733475
3663.57599090045,20.9140813204133
3913.35847262654,4457.71148108185
3930.39605718676,2524.75026773165
8131.67515041504,1682.27640366755
4147.26189440759,3468.21391161944
4186.37455929508,5672.66045951623
4669.62580301026,4297.04805096321
3035.77616486533,2237.80682516759
4644.23907378261,3597.3925968169
3455.67039564309,4618.94322865909
4385.01224653871,6645.10829379286
4593.75819158928,4184.06662476362
5334.69710489795,4757.04437110007
4046.59507531884,6056.04724794895
4511.99680222541,6004.55785534145
3668.31165604455,5316.38207557475
8247.77966866952,4580.58180020327
4719.48777527347,5865.88839544187
4067.56239497939,3753.73656053699
3825.81815672357,1929.15357111378
2152.93703893181,1767.35350607793
2882.21711623737,1221.88249388006
3709.19006739324,5262.50566507006
3967.15071306739,5900.66950847954
3873.61954966179,6156.46902745547
4344.54990298232,6322.41772536809
4699.13694229513,6838.10915644822
3247.00515800373,3583.58256714385
3557.8937515098,1851.52136398283
3838.50090882885,6612.99835738169
4164.16777974699,4914.01331488253
4328.51142534133,4863.83096785877
8316.20480351042,1766.04646049419
4544.14508534619,2501.39237789746
3716.38660328016,1823.0486170212
3401.73247999004,984.55308088115
3494.70232262524,5792.80293940739
4361.70792842022,2527.64851762843
4043.48254159461,6147.60344424334
4208.23652380085,4187.36278145248
4437.68455729401,5228.06579622071
4343.83912320989,3047.3181709188
4231.26040675611,6084.34979567167
2392.80943402242,6062.2987399936
4752.63581331197,6314.17712221832
4052.30147039076,3055.27461533927
4271.12322457551,4914.01331488253
3626.26297610212,2752.98638996525
7961.89328520849,4417.92925897951
3828.95960604392,3710.43068562025
3575.04888723533,8486.91142906838
3845.46846358463,3950.65855994356
3140.81704086897,4832.91475182382
3681.91604671826,8465.71369528872
3888.928051693,4430.03433627675
3684.19867047264,2708.14618476686
4668.74573378279,5673.3425250376
3576.58478009576,6421.36204862434
3886.73277368757,7491.33341251072
3774.33401809537,3097.61426600533
2496.51661491545,1025.92661301035
4270.88052893019,6827.25403927572
5041.7499131252,6342.87715387786
3262.35758720876,5018.81122339136
4561.80089110795,4804.44179343456
2554.76949426852,7335.44359533121
3956.00035683161,5418.73630358263
4522.39377828913,6206.4809638127
3677.74806551114,3907.52351854861
3800.79279056006,4280.68059272644
3944.5886179997,4690.49414298429
4740.89441448916,5975.11909555677
3906.52458643229,4454.9836418516
3514.04237547189,4297.90052715112
2823.03936137611,691.585483827262
4478.17240135382,4863.14890233739
3398.0531450713,1988.99731493382
3291.49255142713,1823.9579672405
3092.41400024854,520.919782722373
4984.51887705966,7905.86349024869
4168.39856416697,7278.04353201212
3798.00714945414,2433.7057262921
4210.98340960426,5280.23725434958
2119.66100454927,4655.3155460098
4175.80141310504,6489.10515140584
4954.54078877813,5088.82801886253
4485.38133733777,4631.84411954047
3122.30539877065,2579.64956509078
4431.25930614787,5087.97554267462
3736.61434005413,977.847019440664
3919.19048394065,6835.09673563341
3947.3467322665,4476.01138781998
3977.38909420806,4199.01328935388
4092.35308273279,7048.6136894023
8865.05063090339,4389.51338604927
4754.73081254528,5801.55477455675
7411.93262057664,3996.9197702161
3923.93862137942,3187.29467640212
4024.94496457951,6104.2975693266
3595.93817196506,1044.05600336813
4478.24322754782,6787.41515456962
3679.72620318315,1789.40435032837
3636.18412407232,5223.06468715604
4303.60012488652,4133.48637094779
4055.86153292432,1236.77239015274
3144.69992469689,1399.08389861581
4703.0064702746,7264.06309167255
3495.54053406573,3754.8731954542
4206.28906273477,3671.61468776859
3716.61970466077,4041.64643877935
4177.01685647052,5416.74719247752
4597.64290792414,4194.92131908087
2473.75860277268,1867.15009409446
4458.10338582601,6540.53788140957
4411.31086483356,4867.97960073553
3944.90104979785,6614.64664715375
4902.5997013665,7054.06979071806
4167.25137062006,5332.86328187429
8759.30839315357,637.140650150156
4206.51391028233,4745.22302967689
4685.22221215964,5822.52585792137
4607.26163482915,4868.60500365315
3592.14030476447,2536.23015353889
3919.63880492458,4117.28932337755
4372.78511168092,6530.3652526137
4677.4844658502,6320.8831836588
3104.76804831814,4017.03795453756
3694.91453533545,5681.7535388539
4241.7447580402,5406.68788888916
4147.69457310803,212.664382603727
3562.35681868689,4949.53315604533
3486.39141487477,3243.04666137678
8324.91061771338,1788.26771541116
8321.75476967875,8718.72828957539
4192.37936348746,7701.44003867273
7718.30501332522,5840.20036174188
3907.90164340967,871.28744309535
3867.72115439188,5187.20360180492
3480.39982438277,6518.37350052399
4447.83444389149,6755.53229142873
4234.52735969922,6586.4578474938
3807.68114722659,2679.95759653453
3924.70523615582,6535.8209310742
4917.45065988811,5356.67595253193
4573.80677262534,4902.59030310667
4093.80141837425,7133.6908975265
3259.9398608057,3056.75207158954
3775.27483983142,5082.4627787551
4376.64128376613,5548.88100160314
3296.35813350454,4377.86287814787
3722.87494352947,6341.51344569036
8458.6434566439,2729.51496349592
3335.02668922079,3892.34935783281
4117.8113189874,4427.36315965025
7104.86774068872,3555.62126360944
3531.61169406586,831.334757469574
4302.63035877292,4805.80592447732
4056.60048574274,5653.79223531949
4063.68567723701,5793.03001267768
4718.58311411513,5444.25350376084
7792.42914370733,3051.46680379556
3940.05227098444,1695.00677816858
3301.9348985867,1748.71277800674
3952.71483930256,5416.63344441475
4221.59542520503,5867.19544102561
3814.963013647,471.135131063064
3693.63028708373,90.5897977810985
3978.01835537776,5116.67557433416
3548.22646777791,4907.98931896341
4315.16460805797,5740.46064775673
8624.7212282377,1505.87070680213
4679.20728284141,5305.01572640265
3790.05661505036,4681.79897043869
4371.02086092442,4962.54779498948
3976.12512120436,5587.29909266273
4492.64089122252,6095.48864871823
3112.51943334282,6930.51740607527
4006.62861001529,2650.57571078124
4224.88497347207,6199.03617424708
4667.66011746323,5062.6854157667
3858.24695439348,5375.82833545797
4593.34591681761,5044.89716388342
8487.12365734428,718.864721840295
3402.84949295603,3659.05504107552
3110.45261042926,3533.00210190039
3285.05124229187,1545.53928655551
4623.5632936674,5439.08198402964
4418.60656825407,5337.01233760631
4829.50297764909,6655.11093477746
3703.65619145749,4894.86135481174
4525.13375062068,4135.47548205291
3499.4781270128,7008.83146729996
3425.92532980723,3247.59320104562
3785.89245778805,7213.53950046048
4174.4361776705,6617.82905577983
3972.14541145411,5218.2339887579
3794.02037808672,6991.61153287529
3932.05914105538,6068.26607330895
4546.56819742825,3979.98399452072
4305.47821249461,5546.66439437248
3815.56221009523,5511.59912260551
4407.98359216507,2522.13596513654
3788.86978335256,6730.07175385429
3455.3525231469,3792.38214772212
4169.28656919034,1904.65904636238
3932.45880502362,1398.45870712582
4632.85821580508,6425.28318537556
3622.1066018308,5920.16271273863
3907.43357146842,5858.78442720931
2570.22975375458,3605.97402129973
4002.16003854164,5591.05024160267
4117.9815028927,3919.17402645001
3705.05077559624,3423.48745448382
3900.86657151672,4911.91087856989
4646.97224743576,5595.36928514597
3301.77217268714,4673.89918862198
4344.71094068364,5549.90388845758
5250.66145522401,4589.04947662333
4520.40949722462,5000.79547538253
4189.94793060625,3697.53021759412
3568.02474313278,2834.48328267129
4249.11177711536,6379.70404062441
4410.01217174556,6015.86754190979
3983.58008124982,6020.30033351586
3884.26405933734,3368.64481972845
4146.51763851502,5622.87601928454
4503.10588395571,6521.32883587978
3730.89231787161,5052.73986024112
4549.33369526176,5888.67775638982
4097.62130211187,6523.37460958866
3637.46190437193,3979.35859160311
3241.31020019901,1900.16938072493
3695.19072012568,6152.20664651594
2631.42073601914,5003.8645588011
4171.71437055131,1152.88879669095
4443.38505486501,6560.08817112768
3437.43258923478,7119.02796881029
3179.28897661035,2599.54067614195
4134.46159581066,6317.87118569925
3939.06594225321,5826.16283594329
4728.92634004183,5644.86956664835
3566.59793005534,3598.41548367134
3889.81346910099,5759.2722093497
1203.45279458075,6179.03131513314
2016.69313808265,316.666477528413
2545.10065028288,2050.94391792174
4803.34519417399,4265.90433880272
5104.4153735784,4132.97471609295
3436.13864602927,5251.70763335657
4094.91113470526,1783.94846044024
3989.85101669202,5274.8949010966
3328.72495018838,3697.30272146858
2905.73342417287,6305.36820160994
4225.50791742289,2439.38890087815
4093.63208434252,5183.85078251231
3967.45953434292,5130.37185594444
3462.81720172547,5103.94509411931
3791.77094989761,5350.70861921658
4181.7238167709,6574.0119488635
3763.18119078034,7020.99363005621
4214.96847610075,2935.41629417741
3063.69408575955,4758.74932347589
4207.02359083725,6301.90163425455
3551.18452749443,3140.1812013693
3378.2130931248,5084.67938598576
8946.89248290753,1836.23366663189
9159.13699660707,1839.4162866856
3519.17941626577,4025.05148441704
4061.30888160712,5966.76474434423
4032.07178038081,5378.38576402169
4766.19223728709,4960.44493582159
3748.03822839587,6705.46369246775
4087.88904738597,4193.21636670506
3363.83259123808,2108.28710720945
3075.95733252351,4753.6911289522
7569.70044574801,5510.63332121009
4674.45311402619,6060.3667143475
3228.37444092503,4122.17668437945
4033.93502983127,5761.14757239205
4127.77423383429,520.976603896852
3973.72576456739,5132.98636996717
4422.98410855182,4910.14884073506
4126.04345057065,4803.58931724666
3767.95683721608,4450.15294345346
4004.17698912144,483.467651628933
5105.91373321188,6325.65721945319
4186.85924045351,5269.21172651055
3660.17523137914,4109.90119641569
4131.42352705054,5778.99248687909
4115.21310090242,1869.42336392888
4104.26024048234,5755.86230459807
3659.1034496188,4891.3943646011
2187.50083891225,1988.82690426729
4330.16936812512,5193.11427251651
3176.54901672517,1578.33118277425
4003.8232782309,6123.39286679362
5017.69841261886,6262.74439221458
3793.16299196158,5274.49741715978
3857.3804217549,4800.80481541264
4197.31583899852,6029.67757158284
2673.8298823431,1087.75957364931
4442.32154075984,4171.67738873709
4453.91080738712,6006.49030384281
4162.16459560212,7163.92504804007
4535.9435828233,4831.77811690661
2833.72305869711,1541.39054796493
3051.38905052512,4377.86287814787
2439.91330971379,4103.59304176728
3963.8306125841,3851.99881827186
7572.78371320646,2780.89081946827
2438.28299462074,4024.08526016636
3910.48952710189,7167.619111521
4424.51401336549,5538.99210868132
3189.34138713415,2485.99093248375
8396.97796076889,4287.10249543763
3374.24994366781,6776.84419612642
3362.30503572304,5699.65553879996
3987.60424180578,5601.73452525339
4606.36585810228,4918.33278128107
3616.09227928486,4510.8491634614
4026.86553602608,4594.73265120938
4275.84394523886,5843.55360388975
3740.41700714795,1666.9887063166
4339.30537415215,6543.72071289091
3179.01382472616,4231.06656316129
4532.47972274043,6282.69258872476
4067.57274415426,4006.35367088684
3922.12884463145,4627.75214926747
2734.13007584896,1836.51782536119
3060.28066490911,4816.8310294611
3824.99206510191,3046.06778793882
9097.74835859471,1841.40539779072
4182.81835902591,6088.38468048567
4067.63119066113,5677.54782051813
3956.88772536683,2167.27858626921
3276.58869351685,3945.60078827513
3875.4369926316,5686.0725823972
4242.78095607535,6532.69518505188
4551.82341239185,6807.13585495426
3658.28287981923,885.950001813211
3138.58291109754,6517.91893112815
4096.5383566262,5577.01271580408
4173.99641592162,4944.36163631412
3859.82484672044,4806.54465260245
3654.59340327173,6767.63779158122
3991.61587164355,5279.49852622445
4093.37104702768,3296.92307188147
4511.02157853888,3426.27216774546
4074.45343459853,2546.34633115863
4038.49963467402,2773.72997720433
2885.03500492355,1548.43764216611
4542.06032651962,6462.96254831001
3185.88805218466,1146.0689871877
3759.25734462274,3099.0917222556
4108.97473145677,4153.37748199896
6574.42481288787,884.358744643261
4787.88911180293,7211.66371456288
4132.5948564836,2321.12199545696
5004.97292506512,5436.92246225799
4209.50179199526,6586.00327809796
8481.28724346536,2283.27222185598
4444.87467852372,2001.44342499174
4429.01362445331,5849.91884399718
2821.76862195526,676.922872252495
4808.96241797314,5419.47503170777
3390.48469644075,2781.17497819758
3168.48602829014,2687.40259752778
4287.52820081187,6636.58353191379
3653.80805700036,6092.47665075867
4422.02480857109,3750.72456257743
3548.55452019141,3221.39372391841
3749.91725153995,3706.3391382025
4657.11396811555,4687.19798629544
4481.39885613062,5130.99725886205
4095.18144563059,3758.62434439414
4436.32365739352,6868.6274656911
3772.80847383225,3076.9842154014
3568.30775333023,997.510740080103
3879.02238517194,2812.14827969154
1042.45639326647,682.378762140627
3540.6301629399,5248.80938345979
4954.25847233495,4993.63484454621
4068.50369594276,5108.83287797647
4543.40656044891,6653.06473821333
4257.05489502381,6679.26442676817
3515.41997114446,313.256572776784
4180.32604625343,4914.1270629453
3001.21763027696,1775.93514198839
4164.40023998239,4747.04173011547
3652.34299244539,4713.5680855168
2926.23077379259,558.485556164772
3179.33648828028,6075.31337893775
7872.90998865484,2848.00915361503
4072.63451160487,5495.79998182735
3742.79244592406,3687.52757660952
4618.45971905314,2548.90375972236
3403.17388267255,2510.42858320376
4771.70926718812,5722.33157454039
4193.57993798944,1393.62800872768
4354.07365999132,7115.2772427256
4055.21558117232,1490.58300945119
4291.92936688476,5731.14049514876
3569.32888080072,5518.87392435986
3981.00542183129,5063.4808064956
4239.74691081153,4696.63188696617
3114.88252130196,1217.67688125809
4580.05414700357,4619.68195678423
4133.14714001384,6220.57515221505
1101.63608615073,2404.94882060117
3968.01666603471,5618.3294796157
3816.56980185231,3784.53945136442
2335.42517705345,1258.82312868937
4560.48694019807,2712.35169167501
4516.71477098168,3245.20618314843
4339.79818569543,2329.58988330465
3626.08276500107,5724.8319176451
4107.96013558886,4512.89493717028
4111.27902279289,3923.03850059747
4638.60838620909,6552.92711743611
3191.23813773955,1096.5116202263
7967.31480060381,3744.52973313654
4326.30473516655,4028.74554789797
3978.4507778727,6381.2956677927
4345.93426689539,5220.45017313331
4573.91826687836,5900.10119102093
4422.2373769282,3993.1119586724
4517.0888049927,5177.99677440447
5692.50332027299,5471.76023789942
3762.83333215182,4755.73690266108
4604.01678955801,7151.59289747255
4062.71594517909,4637.41354606375
4108.22693242348,6067.41359712105
4690.42962220302,5890.43979422465
9259.68216409104,3857.28408606584
3521.3086761946,6209.09547783543
4214.6471333322,5402.5392560124
4067.66278376688,1071.27836734977
4437.40966557314,5756.20312593114
4530.38316024549,4251.46890621206
2475.11154441838,2610.45245591821
4324.04467345426,5288.30744683282
4176.91539294657,6445.40179255228
4186.23033770151,5872.59445688236
4144.61259321153,3952.47726038215
4340.88536037183,4825.12871806988
9089.13204950531,4669.29598634938
4067.52860080491,6404.02836613689
4375.44853961705,5160.20852252119
4017.37047280957,5608.21309056834
3751.27584854345,5199.30867910216
3793.84712195724,6863.91051535573
4088.76914037896,5270.17795076123
3882.44227955974,5761.14757239205
5396.77100484589,4810.69328547922
3601.49058003226,5154.97991733098
4273.96157863578,4547.78979827072
3409.31464032839,5644.86956664835
4681.7007899109,6590.60690322581
4117.763933699,6560.31524439797
4270.72703196315,6574.75067698864
3592.74591751844,2681.77629697312
4079.07451508851,8420.92994126645
3964.91527663494,2169.43810804085
4242.13224133972,6653.69014113095
3876.88238656156,5631.91201316321
4612.98489405132,4103.30888303797
3764.45172269198,4016.81088126727
3808.73730311033,5102.18347913974
4538.58312266839,6866.63835458598
3928.28461716126,5404.98293651335
3400.04248096819,5003.5804000718
3055.94271568307,6261.43734663084
9245.83614479671,3185.0214065677
3341.55668561725,4031.35963906545
4307.93892277342,4979.65398135138
3788.79757596889,1506.32538191178
3651.97979202174,337.410064767489
3179.65738927979,4560.46319302656
4237.57843297676,5817.58141146046
3791.04948946598,7864.31965316677
3703.01843578248,4946.1232512937
4362.4606765767,6565.25969085888
4274.01111083531,6405.33541172063
8759.33041944817,829.743447442717
4955.82636170058,5098.7164889291
3996.98246490193,4614.62376226055
4695.53869832858,7728.71927668576
4714.26985502025,7433.70585306609
4126.75281258707,4015.95840507936
3557.03680033817,3561.07694206995
4609.81180326859,4963.68442990669
4357.00623055863,6321.56524918018
4976.76021418405,6191.87512055551
5060.77071752022,4403.49382638885
3973.380756418,6428.52267946066
3985.51822785205,4800.69106734987
2836.96885317422,1712.34046065603
3979.53513366849,2234.79461578041
8135.54980514015,4613.26005407305
4287.19864649837,5165.60753837794
4437.66652602163,3427.06776990198
4285.72791660515,30.4049815576914
3648.04901885589,3343.63885154984
4393.95852870833,3533.45688272385
4034.7887114449,3534.02520018246
4593.41453336014,8721.85403559772
4563.5269508572,5200.1044926863
4467.60070364848,3397.6290101173
2529.15505574264,387.649312251085
3600.39404428393,2429.15918662327
4533.11969999449,3920.53773463751
3875.79380827169,2561.46340641542
4062.35085608921,4080.63284729754
4939.40147999805,2842.49638969551
4798.64545610996,5410.09779364079
3881.32110682321,4854.39706718803
4383.5277111551,6271.7808089485
3993.47951399392,370.088318637268
4820.20057030427,6395.90108819464
3356.46146664317,5109.11703670577
3699.1440827431,5605.31484067155
4536.90734814293,5890.89436362048
4040.17740500658,5970.00423842933
3826.77657515818,2722.97931272197
4455.35469985033,925.959614327279
2312.17894605714,1777.98112712489
4136.22424631835,2093.34044261919
4084.22063491701,5335.5915439598
3942.62190087354,4671.62591878756
4385.55191603204,5773.76430454413
4660.04478499322,4695.26817877867
7583.78044317877,2243.88769511809
3316.25137053516,4880.53967028385
5040.78817059179,4959.47871157091
5344.56450880794,2543.33412177145
4015.49013828419,4476.29554654928
3890.65737519972,3562.27066244617
8182.49866410854,658.73671357714
4088.17299217625,4011.75268674358
4369.44961629479,4868.83207692344
4428.88224504989,6565.54384958819
4406.86002386483,3674.57002312438
8293.82802097354,393.673493169368
4278.83842766975,4818.19516050385
4503.9198713723,5176.12141136213
3856.01534287578,1223.92837330275
3329.11507861353,4488.74144517957
4489.13309876075,6861.18267612547
4773.50237239494,6377.99908824859
4322.04751266469,5258.98201225566
4271.60538004783,5001.13671957085
4069.86516309771,5072.28972710397
3325.29020987456,1689.7214046608
4131.13128272246,4882.86960272203
4021.80873882554,6437.33160006904
3861.68022691881,5221.75721871705
4299.70415006875,6696.65477185937
2528.08128458847,4427.53399317204
3703.9143895828,5443.68518630223
3841.05685024564,3634.38989422997
4227.85502044982,6201.3094440815
3717.3471509075,5856.90906416697
4149.63772005781,6425.05611210527
4053.78361351074,4254.65173769339
4894.05595236954,6729.78759512499
4835.25239568752,6417.8950584137
2767.53594351331,943.97525662229
4261.65903967723,4342.00221565201
3823.83698996589,6875.84518198643
3905.03332543592,2132.38393659639
4545.39888495289,5946.70322262653
4360.26734632059,6773.71845010409
4050.72001855876,701.531039352847
4281.26888230372,6520.6467703584
5686.71935235263,5939.54216893496
8585.58527968696,3104.60448617512
5139.0263130926,5888.16652439023
4409.94100844696,5982.0526531228
4275.91803832638,6077.70039683495
4563.80754410515,5842.53071703531
4023.58502399942,7202.62814353946
3891.02467457994,4286.42042991625
3512.40995894,4453.96075499716
4273.05789689145,4964.59356869836
3532.77922263065,1595.26706418344
4205.79517334125,6496.26620509741
4866.59532432455,5927.72125036703
4027.89217153492,5892.54265339254
3759.64392840496,877.027438855877
3298.80832423964,1045.81772406151
3762.81082821367,1511.61075541957
5593.29968442682,7188.36269876008
3562.47195529608,5447.83424203425
4048.1446034446,5019.72036218303
4833.40668773773,5723.29737593582
4222.87119364121,6106.34334303548
3074.22546886715,1325.9982311537
4256.60347428329,4405.82418168228
3346.66321991077,969.720058639852
3399.00736054409,158.049072188957
2722.18700912259,1991.83890222684
3785.83935638864,3694.34738611278
4117.8967264155,592.641424855541
4172.89851807857,6314.68877707316
4539.18376420379,4609.67973865489
3118.21039949096,1845.61090469887
3796.58971248674,4655.77011540564
3659.79256500792,4536.02554230655
4732.473627869,7448.14128565675
3217.76118278248,6276.83858061693
4094.98204431701,5981.14309147588
4264.24116915852,5825.82201461023
4405.11159308963,3296.46850248563
4681.68058539637,6660.50995063421
3531.16080731053,5361.62039899285
3828.12197042025,4667.87519270287
4093.48620226739,4238.90925951899
3866.10153095153,4112.62903564594
3111.04161932267,552.5750440239
3476.67629071464,2277.07739241508
4651.17231149583,2140.45391765201
4116.57405900428,4984.31426908299
3525.01543300636,5494.72043236915
3599.57830803989,3889.73484381007
4286.55235540355,4736.5849425903
4454.10012285722,5289.2736710835
4627.33383836933,4987.15585637602
3646.25428259934,4633.49198645728
3642.16391174598,1237.79538272099
4616.64520688623,4479.30754450884
3637.31290218836,5437.66119038313
2606.28854022303,2508.78050485933
4895.17192586456,2067.82303101336
4098.03790768709,4715.67052182944
3979.49836500897,7187.73771869771
2597.10773981833,2357.49431280767
4510.64254955965,3192.23912286303
4410.36746419313,3510.8377210148
4065.27430567279,4304.89074732091
4965.55263459099,5490.23055530407
4138.50200060701,2314.81384080855
3966.88728958744,4184.69160482599
6926.73842296309,2221.78018826388
4531.39529200413,6149.59255534846
3680.21261823343,5096.78446328299
3694.60676192219,249.548196238563
4945.57554123327,5840.08661367911
3315.18039977787,6950.80642391851
4012.11514251477,7446.66298369598
3853.62183198193,4975.44868587086
3911.35733469581,4480.95583428089
3877.1250127459,4746.87131944894
4784.12660329747,6353.50477492482
3560.92188733967,5727.50309427159
4813.90581488785,5783.88027073624
4374.25351001866,5250.62808389837
4374.48642723323,3599.72252925508
4140.32976640419,4533.24104047254
2460.14994065851,5372.98674816495
4347.44967176786,5369.29268468401
4357.77362800454,7106.69581824277
3784.83878194194,5456.30191845431
3768.15928207721,2236.10187279178
4498.80449687178,5587.29909266273
3748.31225860538,5808.09042533071
3399.80031100344,5270.86001628261
4799.05146160534,7153.46868337015
2295.32392936673,2819.08183725757
4959.06861805442,6713.81804368029
4753.96415091581,6776.38962673058
3983.98413325189,6200.62737856012
4436.8201411614,5814.45566543813
4019.66103757884,6837.4837535306
3983.26768162559,6403.17588994899
4479.07550424844,6205.6855730838
7411.34126014733,1777.92425309351
4316.37076831566,5914.99119300743
4416.11586814088,5328.48757572724
8217.29522393236,2344.99132871836
3386.88660829629,5648.39321946275
3209.50914993846,1500.58533329434
4434.06835973686,4711.80604768197
4059.35551171668,5945.22534352101
4554.24557416939,5983.30261324753
4337.42465699742,6730.46966064636
3890.67963721954,3959.92204994777
2263.21889270265,1745.30287325511
4321.84343343424,4578.13811970232
7991.89462043366,1242.79659749948
8244.53923272892,3428.88647034056
4415.90169144866,5538.87836061855
3348.10128689354,5721.25160222694
3684.79836614272,5309.3351928012
4088.6489565402,3960.26329413609
2008.34886389192,2756.68045344618
4066.75555394412,6644.02874433467
3849.56283972517,4099.84189282733
3670.34557069738,3615.80582876254
3354.10291265481,2913.3087873232
3897.74979259829,4094.10205563753
4260.55231966251,4050.79618072079
3502.86790848184,3404.61923028709
4701.72302278689,5550.52886851994
4280.17585218179,5727.90100106367
2867.71979455462,3859.84151462956
4161.89710223769,6846.00851540968
3942.73587238547,5738.18737792231
3995.303021819,3791.30259826392
3382.55163323715,719.603555679244
3719.16254376259,3788.40392551188
2422.82511377972,3743.7910050114
4962.05098066401,6921.76514807065
2491.74667771096,47.2271776716833
3431.86111286073,1909.48974476053
4706.43714360617,6555.20038727053
4220.82060581532,3735.03916986204
3440.89245277986,3681.50358069041
4310.3066586665,6524.17042317281
4001.51230012671,7295.88886935442
2296.92572489106,5099.91020930532
4278.55601324524,4858.03404520995
3821.83285336359,4823.76458702713
3926.81469412754,5472.66937669108
4430.59367348272,6393.79865188201
4497.38601187734,6209.94795402334
3458.29731473309,4065.85659337382
3613.75551612787,5041.08935233972
3644.44275743703,5593.32351143709
3966.4895778536,5635.37900337385
4181.35470598698,4374.62338406277
4049.5548165714,5555.87122177293
3871.03148924552,3877.80017717937
4200.83801297016,7037.2473402302
3857.19841094687,6393.91197708953
8454.9425272298,4352.45900317718
4086.19465597173,3590.17488052156
4501.17808910755,6090.60128771632
4630.3357131206,4811.26160293782
4006.06824466313,3302.20833967544
3884.30920830292,3842.33742147558
3436.67777215053,6798.04277561658
7554.4056377295,2135.68009328525
3642.370787446,2552.37032707774
4978.17288654717,6523.09045085936
2687.79874454321,59.3891719465384
3796.6025747545,5939.82632766426
3671.76069382093,3788.34726290812
4756.49137448847,6703.98623621748
4626.67501361088,4704.36125811635
3934.87491839883,4453.84700693439
8519.10951694627,3402.85740387989
3749.09895656008,2412.33694756304
3351.95114112482,4153.43414460272
4952.31896908924,4715.2159524336
1604.77953931091,390.604568321521
5485.89595808441,7034.68991166648
3780.15118794627,5354.68684142682
3375.90020338376,4302.44706681996
3522.04345159361,2400.74331369302
3810.76991555519,5342.69551219236
3990.37837670479,6675.28620455793
4654.3101378985,6266.32470763274
3930.71597177907,5794.96246117904
4041.86028142718,3999.70427205011
3575.64765048116,2496.50480546794
4420.65558083754,1841.97371524932
3520.52651874506,5130.42894140345
4291.11457530673,5122.75665571228
3372.67441330838,2330.61298158671
1238.32158722327,3284.07905503147
4378.14393481461,5606.33772752599
3827.49017507706,6884.3699438655
3738.35253199595,5861.73976256511
3357.75533468277,3449.34589885034
4868.76548946283,2136.53256947316
8202.18221016275,5135.60046113465
4052.15925139198,2573.17078834821
4278.56257170664,6075.5408750633
4436.76235946569,5347.46912513149
4091.11908133354,5897.82792118651
4194.43724991528,3254.24238845472
2965.08534132408,2505.71163286839
5226.77996977415,6352.25439194484
3763.55612436509,4743.74557342662
2157.30917872875,6063.49246036982
3543.07104435568,5699.93969752926
3669.21396207643,341.274618200312
4211.54471591525,5052.91027090765
3825.53273702269,6480.29623079746
2359.12594573258,4428.727290693
4471.6001606859,5418.5658929161
3520.08135614911,7155.79861580832
8130.43773552772,7770.49060989322
1964.82686456625,5637.31102901995
9074.12264947934,2344.19572656184
2418.06509478431,1287.12535927065
3744.94503126045,6441.36648488303
5006.62822593996,6641.35756770817
3804.20993211454,5718.86458432975
3305.9784643259,3863.47891550673
4468.34274346958,6280.36223343133
4590.3601052725,4116.60725785618
3780.33303903369,5843.89442522281
4237.61430529155,5009.14982659508
4188.19379091574,6969.56090005247
3401.31899595469,1906.19358807167
4926.81140009331,5069.05065587413
3885.24319058589,4908.38722575549
5227.50382053272,5418.73630358263
4525.17100491796,5670.67134841111
4757.37845863182,7153.58200857766
7801.56949607434,479.148449514917
4396.66724698949,4731.92465485869
3879.95774075268,5427.99979358684
4621.85600835696,6502.11979034999
3159.80180596554,498.982686534701
4217.18063158197,4652.07605192471
4277.9582414139,5424.98779562729
4150.82867696097,6274.62239624152
4533.84917077813,5914.70703427813
4059.7896663084,4745.73468453173
4321.24097841532,7229.62322282319
4373.93020614507,6359.69960436572
3576.27224132053,4875.70897188571
4534.48828009756,5698.17808254968
4924.35065346357,6972.51623540826
3654.29710850793,5366.90566678682
3365.92738241317,4345.07087621532
3621.87558018027,6235.57890226432
2572.78761219806,1690.5738808487
4980.87660654696,6702.28128384166
4369.52170561984,5577.97894005476
2927.15588301983,2143.18196830989
4465.28605126383,6503.71099466303
4381.22123485327,3098.06883540116
4409.10561805922,6121.06293435544
3924.60098044938,4893.61097183176
1875.04690024071,147.478378030288
3865.71506712969,5454.08573407891
3481.7189136386,5096.10239776162
3600.47285197598,5728.58306658504
4248.07536087359,4148.20596226776
3698.06097565902,2306.06158280393
2982.36506577975,3815.45609025462
4253.17116647011,666.295356919347
7983.95517643548,6726.77559716543
4559.73349866414,5575.42151149104
5102.79368793396,3882.34671684821
3688.57227150276,6506.15467516398
4626.47779537035,6146.40972386712
5672.34165621728,5250.62808389837
4017.82860930258,5940.0538237898
3725.36867840311,2029.85929792198
4354.97043328341,6825.89033108822
4568.55984001742,5754.95274295116
8011.41828309873,1897.21404536914
3530.73046351618,4906.5685253169
3758.49218428339,4526.59164163581
3753.5464997429,5493.24255326363
7328.15485386203,1847.8273005019
4515.88275215881,6541.27660953471
4599.39842186937,5173.73439346494
4996.86757721816,4494.0271358288
4339.18153354651,4231.12322576505
4653.06389152446,5595.76719193804
4858.44876024712,5357.18760738678
8777.7600114078,2218.59756821017
4489.45143166438,6860.67102127063
3491.06105922499,4384.45519152559
4269.8444901022,5564.50973171477
4265.29330383732,6656.36089490219
4064.21381293201,6478.64836388066
3918.005980584,6187.15817022014
4394.59602231149,4782.67531934105
4021.64953573675,1737.06227010534
3822.68411132221,596.221793130608
4945.08538575812,7762.25000674345
4438.97050335376,2907.56873870577
3911.73695751008,2971.73194892436
3868.55951432927,5186.18071495048
2408.85279146048,1423.23739060651
3632.753224924,5887.20030013955
3979.70065811988,5855.26077439491
4424.24410270432,2836.41551974502
2633.94825835149,1996.95375935429
3931.51847565629,6602.93905379334
4188.33559826101,6470.52150879366
2034.19270559069,1862.31939569632
3611.75794587095,4510.90582606516
3130.46978257339,6969.04924519762
3860.84926876645,5087.12306648671
4066.18856281304,5580.53636861848
4781.04393301961,1646.5860461244
3779.56058091497,4306.31154096742
3833.86423219955,5204.02605229278
4179.85643695896,6216.02861254621
3921.00011691765,6925.00464215575
4009.95633158344,4607.63354209076
3837.96622616457,4921.68560057369
4837.4691255692,5123.43829837841
4840.28701768159,4239.70507310314
2744.84468186106,2013.8328724459
8720.80671012633,148.046695488893
4138.75164398031,5408.05201993191
3806.15799780421,6571.0566135077
4727.41070132257,7060.20753469994
4397.44121848932,6030.8708691038
4423.21843795746,6704.83871240538
3304.90473574566,3875.58399280397
3940.3579396705,4669.63680768245
5165.86163072076,4664.86319474332
4186.86950094194,5597.81296564692
4026.79437053652,5354.23227203099
8646.7838411122,1985.70115824496
4720.00185616611,7123.40452066785
3658.42990172759,5456.07484518402
2865.0226010142,2245.76326958806
4377.39846234872,2277.87320599923
3872.18034340342,7209.3337821247
5029.57483111354,6066.67486899591
3579.0435198843,6964.73020165433
4211.66267687414,4955.55757481969
4236.6925318534,7193.70505201307
3809.09304561433,5143.61356815888
4230.27423586355,4208.6180235464
3736.36403507837,2587.60600951124
4085.19233385624,5768.7627726242
3819.83640998029,1189.88619981784
3928.37683525159,4985.56465206298
3760.95964733989,2941.44050152414
3530.64202628512,4380.36364410783
3336.04955142554,4718.68294264424
4118.69386286399,7796.86070911458
3035.42444623451,4561.20192115169
3509.75310522734,3883.82459595374
4273.39083752795,6002.51208163258
3470.08957220526,3262.25570690657
4197.29569033681,765.012078336245
4316.23685285676,3902.52198662868
4178.70312947648,6709.83982147006
3570.04214889359,3980.72272264586
4071.22589368677,6152.09289845317
3370.77338690592,512.395020843301
4658.75847415768,6609.47470456729
4387.13547436561,5701.47423923854
4423.94146681798,5552.7454757506
3124.18627983035,4585.52624666418
4712.78656467315,6568.27168881844
4395.88737321391,6493.19712167884
2567.80367236888,864.183474862789
3386.23011785082,3044.98802705299
4104.35438759946,6351.17484248664
4082.02286592395,4261.01697780082
3880.06401744202,6193.23925159826
2158.59266120659,4619.45446065869
4670.84263458658,4174.06440663428
1493.86279758733,5879.81217317769
8472.06919577545,908.910090569134
4525.62540837008,5451.69871618171
3241.32806171133,4271.473765326
4613.18002813368,4074.55176591942
4370.25775189429,5404.64211518029
4085.99846721633,6314.23420767733
4115.96861645946,3147.62620236255
4339.30141323999,7359.36959119638
4163.6451089954,2597.32428033891
4453.4628836852,2876.99334400388
3616.10452898618,5717.50087614225
2671.34152580969,1706.77092841894
3062.37970732227,1625.67204821879
4162.18930711665,5238.0113517463
5575.02153714912,4317.2804062027
3833.74530111069,2999.2384716353
3528.92902685035,2458.54128380419
8528.84514171481,3991.52075435935
3633.65439493024,4908.10306702619
8531.95094346365,4989.37246360668
8634.83301425782,1696.48434013267
4190.45531513787,5110.19658616397
3559.18367549291,2656.4861700652
6673.26885107945,3090.22613904346
3693.5378047658,1062.81047950209
3961.01353507242,4129.7356448631
3631.9105106988,6159.76518414433
8594.63905983978,5699.5988761962
3868.06648895489,3953.67055790312
3219.13394137011,3474.69268836201
4719.61732398341,3602.33704327781
4341.85739026488,6053.43315678147
7757.92616314444,1019.05003518951
4112.79057856657,2394.77598037767
4722.43515624997,7407.67657517779
4088.77722215287,6127.8827438587
4564.28631410543,5515.06611281615
4369.8029333605,3072.60829782671
4563.97348812949,6227.05414038525
4278.64203625766,1748.14446054814
4015.10070723185,5448.51588470038
4100.4507242238,5242.1033220193
4044.23268188172,3260.60762856214
3781.74433744586,249.150368731849
4288.74877588694,6637.66350422724
4327.27252977401,4807.45379139412
4041.75853874325,4629.74126037259
4874.76926285183,3551.52929333644
4718.68549658324,2342.37702612326
4605.19259796587,7298.73045664744
5012.03281744451,5082.34903069233
3840.56207311112,6383.68226283464
4353.50052805702,2694.39302912519
3963.69998215842,6528.03489732027
4049.65037086616,5270.63252015706
8434.79484448379,1094.01106569397
5196.79966997051,6914.7182652971
3652.19874533921,5952.55680787911
8528.14218925937,7009.5701954251
4071.64747281681,4291.59237250271
3537.64022288354,4851.15757310293
4899.00027975852,448.913929002996
3798.77913480918,5023.69858439326
2748.53933106732,2673.99026321918
8430.85621508653,395.548935497074
4195.23645239664,2827.54972510526
3950.05507433022,5648.45030492176
2244.38430166088,3479.86441952084
4067.19845337207,4744.31389088522
3468.77003630462,1510.18996177305
3749.76806053944,5405.43750590918
2305.63891843457,4349.5607532804
4019.21958756144,5065.6407511225
4687.60066219032,6015.1283909294
3643.54330778857,5495.45916049429
4414.92044565926,3666.49983064114
4082.16516686596,4746.9279820527
5024.01458273911,7128.74687392084
3406.45582406358,5691.24452498365
4314.51496598472,5605.25817806779
7716.85310504957,2044.23785648126
4282.66093046523,5707.32782449112
4006.64447515354,7891.14474463923
3023.52836522371,6561.05439537836
3453.97064415409,7799.07731634524
7498.52395689219,248.070554989118
4779.86443198536,6750.9857517599
4077.81973597747,2448.25469551791
4134.47746187106,6293.71769370854
3449.23825158937,4629.34335358051
3725.70661743327,1062.24216204348
3955.03006437494,3400.41372337893
4518.28288183491,5484.26322198872
5101.91827450847,5433.05798811053
4394.38520964792,6425.51068150111
2557.09175791508,4209.35675167154
4444.24623965074,6926.53918386503
3513.90975319632,4092.85167265755
8870.01244580076,7361.18871449021
4656.21557628988,6917.90067392319
3640.8511309506,5307.28899623707
3410.96320571305,1909.6034928233
3486.84139966442,2347.37834661555
3377.41571801983,5639.98220564645
4831.23014068422,6773.88928362587
4774.79847310761,7088.56632217117
3817.25789124499,5223.63300461464
3597.01347311191,7155.400286161
4013.64315756849,6456.6543936616
8604.18809622774,2564.81664856329
3825.63948152051,1632.26446731032
3825.30708509046,6128.39439871355
3854.41095331342,4189.97729547521
4022.23185271764,3288.966627461
4644.36643653065,6291.8423306662
3500.34961833842,2612.89613641916
4487.56462927533,5345.59376208914
4280.07352682402,6434.77417150532
4180.78899415389,3163.02743634864
4461.87818374979,5335.81861723009
8033.55907726366,518.362354158651
4240.45672097509,6326.79385437039
2346.12401611368,6740.35855356819
3652.64414109229,4195.09215260266
4331.63280789313,6257.51578702436
4294.74762517531,4174.12106923804
3823.36885711309,2809.47731449267
3887.08584127512,6204.60560077036
4547.65606269513,5637.70893581203
3088.6586501833,4882.18753720065
5042.19050264971,5087.0659810277
5021.8801206828,7725.13853841235
4073.04937557784,5704.54289980186
5204.69220404719,4365.8144634544
4489.28812913279,5738.58528471439
4666.46338100245,6178.34924961176
4007.81449468812,3578.06980322433
4150.14115383819,5851.56671091398
4015.67458974349,6281.21470961924
3464.50814697358,6709.66941080353
4220.30626289928,3749.41751699369
4264.4241609945,6608.84972450493
4788.27615706031,5730.91299902322
3917.63921444137,6534.11597869839
5051.74242722848,2992.41866213205
3944.22351040932,4705.78205176286
3806.70364516149,750.519983141822
4367.74561196424,5668.11391984739
3108.41779990333,2426.88591678885
4036.4685730508,5805.41924870422
4210.75876518747,4724.76360116711
4203.8881432587,4326.88471753997
3611.71193705104,2704.850028078
1992.39961864783,1402.49380336744
3614.4027274984,6022.34610722473
8878.92923105948,4344.27548548643
4249.58818691109,5952.84096660841
3813.97911831212,5950.51103417023
3648.21932706891,3303.51559668681
4006.15902534067,4978.00611443458
3996.62351101667,5133.32719130023
3697.12934727735,5440.90068446822
4798.93198793649,6690.00537302265
3143.99998789607,3715.6026282067
2728.87469287139,1164.08462948271
3936.97642295218,5818.37722504461
4818.71666519088,5182.7141475951
4059.11643528552,7829.36812946258
3727.5937052362,5852.02128030981
3819.8117620454,1485.46815232374
4102.9415688921,6311.84718978014
3924.46105836806,6735.35702164826
8871.41079836044,1751.66800764872
3816.66062611402,3695.42735842623
3842.05131383248,6778.9470552943
4439.99972655938,5746.82588786416
3717.93987164708,5078.25706041932
3037.11840185952,3562.78189444576
4438.82547403821,5879.30051832284
7584.98289144843,1525.13662636331
3796.07001979507,4745.62093646896
4472.42541515462,5732.04963394043
4163.1588842268,6102.53595434703
4052.50307675763,8661.38488886006
4631.49974115344,6264.16518586109
4072.43232388894,7186.88524250981
4000.98432292361,4779.20875198566
3654.07480039192,6670.91007555562
8279.52558231648,886.234160542513
2533.44345039715,4573.87573876278
4207.72621094442,907.205138193319
4615.0473120155,1816.3994296121
5559.64344494816,5442.20773005196
2941.70326453569,2930.75621787342
8301.32733896045,4151.84294028968
3460.40524526698,4776.42382729639
4826.2234549426,6194.20547584894
4458.0043386237,5596.67633072971
3838.86429690114,6467.22492924955
4940.53114171315,7708.25984817599
3702.62614675301,2075.04053588106
3868.59238278599,5218.57481009096
4574.54719125069,4961.97947753087
3496.22051467445,1714.44321411011
4825.54169932967,6051.15988694705
2897.56709888735,891.064858940654
3426.29517562109,2383.86420060141
4054.42700378109,5432.94424004776
3680.03980269036,4186.05573586874
4766.44608092491,5946.19156777169
3278.92187761362,4201.40030725107
3690.14452886343,4970.73173553549
4556.50040052698,6619.59109361466
4671.07135934199,5329.45337712266
4484.55977594144,5507.39382712499
4186.30643196945,3479.69400885431
4489.60204578735,3408.59745249732
1576.58418446936,4505.3934850009
3986.05416310774,3184.33934104632
2808.21974972146,6123.62036291917
8999.00642693048,1188.06760509307
3943.31892966283,1946.20309487192
3055.7382147542,2468.9414087256
2860.9857899928,2321.91780904111
4595.84125828327,6926.88000519809
3531.19856083353,2971.90235959089
3446.56216100766,4716.86424220566
7640.83471763384,3469.86198996387
5132.73462540595,3524.2500553234
3830.56007645691,3809.60208214679
3838.04188358884,2362.3818852372
4192.92460332431,4924.30011459642
4685.3616654157,5066.89071124723
4111.94400960834,5435.89957540355
2708.73609557937,3737.76700909229
3859.46775240543,4087.68015292634
3657.60587237292,5493.47004938917
3572.62161391539,3604.32615438293
4120.47040426996,5902.82903025119
4791.79523806539,6092.70372402896
9265.56252800361,6873.68566021478
4077.87758420971,5386.11471231662
3536.29593980658,613.271316888753
8167.26526223581,687.49361926807
4571.99026999017,6809.8066087255
4715.2469375229,5279.66893689098
1948.47182710516,2309.58523561833
4036.94907256342,5116.10725687556
3943.62747780965,6103.16093440939
3968.32895030463,5317.06414109613
3838.04004818578,3980.32481585379
3557.09061568091,609.577253407821
4615.84698576895,6021.94820043266
7816.43809751971,298.082491346344
4354.22817512199,6659.60038898729
4305.79488725194,4694.69986132007
4501.01128869698,5723.69528272789
3285.10794808105,2512.75872706956
3955.33669691603,5451.86912684825
3772.50559057104,6125.89363275358
1645.22992815854,2726.33234344221
3741.62741784322,5226.01959965658
3985.36171719095,6265.47223144483
4066.98281499468,6018.53829568103
4551.22619885123,7160.11765935162
3645.75125556855,468.179901421081
3653.53959167207,4910.0921781313
3881.91827952789,5013.35554493085
4011.82609910809,1793.49610917375
4947.73736239388,4061.87837116358
4071.49262838478,5775.18509819064
4646.21275711195,7295.14971837403
4246.98751440159,5057.34306251372
5068.75104659085,3743.16602494904
4023.84842658221,5260.51655396495
3404.74349367014,4920.66271371925
8117.72533538659,703.520150457964
4904.04556892572,4347.00332471668
4817.47870586283,3889.50777053978
4413.05517407896,4152.01335095621
4417.83929049263,5299.33255181661
4098.46272540182,3245.26305717981
4289.90551822417,4207.31097796266
3759.8603697433,4826.09494232056
3240.02363446198,3308.7439904494
4865.14317651585,6026.72223622704
4553.88466317019,6376.74912812386
3764.09411015863,6325.42972332764
3546.64570851002,6666.98851594915
4003.52892703965,1563.15712777226
4311.48947738774,5187.94232993006
4897.70048843719,5141.56779445
3773.22506458618,3875.12942340813
3684.27833307424,2555.04150370424
3760.54120421903,5174.07563765325
3052.0064424295,1255.46999225531
3145.40531451355,5282.16970285094
3845.17660461558,3263.10818309448
4074.79049571233,5242.8987127482
4878.28381757193,5377.13538104171
2375.49493305889,248.979878779958
5176.91147759651,4227.48624774313
4281.32430972252,6524.73874063141
4049.62473667593,4850.58925564433
3073.82001890769,5753.41820124187
4476.00781608124,6550.4267743314
4870.86771508612,2165.51675986201
2188.85308295753,4883.60833084717
2493.2636191783,379.181397974945
3952.58621077061,2008.37698255777
3243.61847579359,4213.05081515247
3368.20974992216,3205.0829282854
3693.14776253286,3427.80649802711
1373.24511488237,1623.05774562369
5120.33759360596,5457.49563883054
3648.88555295989,5405.32375784641
4081.34425117723,6353.39102686205
4696.87367614382,5614.74874134229
4327.27940957038,3775.10555069368
4117.44724519816,1712.90877811464
4063.70443662538,4186.56739072358
8337.46098148056,3317.04146763055
3969.67398073376,2987.53108970252
3720.63204928656,3553.34799377502
3725.36232294475,2055.03588819475
2991.88682874147,7299.86709156465
3882.63652850268,4481.01249688465
3566.97757056467,4716.18217668428
4506.97405463513,6643.46042687606
4660.79329004873,6598.3925141245
3824.3887763319,4127.2915415069
3874.12895676779,3890.07608799839
4027.12251445774,4295.911416046
3627.11746098016,2999.69304103114
3803.84928576782,5115.19769522864
2977.03566151108,1050.08010500105
3863.57719086502,4645.65414921352
3799.80250859115,5157.02611389511
3999.9892971067,4884.91579928616
4826.18884361893,5549.79014039481
1893.42881492121,3221.90516734563
4214.09314952279,5930.90408184836
3190.00779151853,4025.05148441704
4009.95952691323,5893.56554024698
2370.93628647827,1431.25060334455
3705.96738441958,4721.12662314519
2797.1724437021,1021.15278864359
3760.40873345596,2355.61894976532
2742.52034886563,2941.8952823476
8921.42389936029,2343.85469380115
4028.29093897176,5861.51226643956
4024.02728956834,5859.63690339722
3192.22100174602,5306.0956987161
3228.9142277346,1041.04389969476
4715.28121163802,4811.43201360435
3735.00135069113,6011.20725417818
1355.49009016765,1327.30538245125
4277.74120841036,4885.19995801546
1158.53685720575,2621.2504876317
4173.46918555984,5749.26956836511
3762.99665118094,4524.65919313445
3894.34072275019,5278.36189130724
3899.17962956329,5667.71601305531
3364.13901697808,3623.98976930855
2397.15859673797,5742.16560013255
1454.72550771539,2784.18718758476
4281.18594798257,4870.19620796619
3392.58938527334,4154.05954752034
2484.69057391496,4575.80776440889
3255.93137965223,3221.05269115772
4021.05567585283,5052.17154278251
3241.69141086469,3880.47135380587
3109.35576204274,4826.03785686155
4407.47192030305,6622.03477411561
4474.34372064948,5936.75766710094
3339.116259479,1740.69945955489
5138.91800676004,6017.96997822243
3762.37620531098,5439.1386466334
4641.02569984577,4767.61490668802
4629.19120642107,6615.10121654958
6112.53296143446,4247.71818012736
3579.97958687063,2865.62699483178
3502.07969209665,2717.18239007315
3660.25596515744,5302.96995269378
2740.92858897772,5564.395983652
4247.650611185,4927.02795382668
3264.24835375662,1224.61043882412
4115.67516590808,5512.0541148566
4238.79927472179,3394.44639006358
4276.09871127774,6791.05213259154
7781.05626040213,3789.42681236632
7588.24595261226,1705.46377712139
2998.86421391878,5304.90240119514
7835.27627610496,1223.87160498517
3539.54303189466,1579.41094366007
3906.02137142571,2602.60975956051
3602.74267230534,3482.02415272011
3575.74528852963,3455.65405349875
4692.9473048905,6196.08083889128
3226.8751498986,4950.27230702572
3647.14553763598,2985.31469389949
4143.3022991048,6235.35140613878
4141.15054269634,2556.57604541352
4534.41680120289,4527.21662169817
3059.47439419157,5325.8730617045
3509.67086427526,4824.84455934058
4348.07505957031,4315.85961255619
3839.20268137145,4699.70097038474
4269.90144176845,2679.95759653453
3897.69282002131,5335.76195462633
3834.23754842968,4860.53481116991
2771.82839954274,3517.20296112223
1966.64856021064,2389.71799728161
4130.23902118646,3454.51741858154
3888.87088381722,6734.39122025284
1038.52605275322,5256.93623854679
3088.0215139055,2115.56169753617
3571.08606519134,4834.67636680339
6031.63454406964,4480.72833815535
4045.32589345002,3691.84704300807
3983.06937184672,6073.55176395818
4446.63033138939,4182.02085105475
3767.50425841108,5974.94868489024
3968.74333059833,7128.00772294045
2893.15967523439,1390.956937815
3060.84843201191,2984.63262837811
3519.04978168804,3736.57328871607
4788.23312838536,6486.77521896766
4771.7435979188,5496.53870995249
3824.00677371921,3650.53027919645
4467.1019807572,4690.49414298429
4067.45654420889,8007.47899013143
4207.31365502039,5663.11281078271
2572.98893510977,3652.34897963503
4801.34602012421,6901.30571956088
4442.362002604,6107.87788474476
3564.27584256288,3301.12857878962
4102.56266904155,4463.16715954236
4183.4879286996,4705.09998624149
4142.57544565798,5977.50611345396
2732.91585924987,1624.36489692124
4174.06950172417,6475.18137367002
4097.46645792381,6166.86915237689
4149.8659769873,5365.65528380684
4841.76506724181,2908.53496295645
4483.70455451285,2519.69207320797
4222.21964813627,5966.36683755216
4166.21811872898,6597.08546854076
4118.70101252005,6140.27197988524
4670.35448081122,5989.15662135536
4663.80785220124,6951.3176559181
4333.55549233713,4367.51941583021
3438.17515114266,4935.09814630992
3661.73310866454,4781.02702956899
4485.11613971612,6593.10724633052
2746.10556805542,1930.97206012474
3753.50929766889,5400.55014490728
4129.26047532291,6025.92642264289
4438.32732825661,6547.35769091283
4076.16578540764,6840.89365828223
3748.72108763294,2159.89045930734
3723.76307576506,1734.39109347885
3909.18984256359,6803.66886474361
3383.66399839668,5862.30808002371
4332.30499830231,4304.89074732091
4049.75993820801,6207.61759872991
3596.60040335354,5605.25817806779
4187.36870473689,6947.62359243717
4321.12994724269,6057.18388286616
4591.99221617976,7065.03823309808
4280.47168565504,6602.4844843975
3264.52605985842,2186.54450583038
3730.37532086812,5612.81671569619
5037.64890617543,7449.61874190703
3975.89925257694,4892.30392624802
3814.85527504055,5032.0529356058
4642.93774231229,5304.95906379889
4415.81440117681,6917.27569386082
4120.13130675201,3676.33163810396
3660.04610252599,6341.45636023135
1830.11619451182,2332.48834462906
3564.91307003711,1837.71133430978
3935.91912893037,4778.46960100527
3059.44942155351,1846.97482431399
4509.07351531539,5865.54757410881
3926.40214214129,4356.89179478325
4370.3270830091,5643.84667979391
1970.63879683077,25.460620989252
4535.69653674448,5774.38928460649
3352.30702298638,4347.11707277945
2910.20566684743,2690.92625034218
2696.97508167559,6764.62537076641
3890.54835988699,5919.19648848795
4218.75034439444,5346.04833148498
8244.76268931295,2790.89324902524
4389.46775357279,4002.48919673938
3852.60148442458,5185.21449069981
4254.16633358015,5335.76195462633
8605.91910315187,1230.06622299844
4503.04231586146,4964.87772742766
4011.9348082662,6965.01436038363
3753.03894004105,5087.97554267462
3687.15780439687,5572.35242807247
4103.51909111688,6338.55811033457
4197.68243092352,4132.74764282266
3947.15996520823,5023.69858439326
4038.81670832958,5166.51710002486
3919.91769851699,1551.73390456878
8500.55635584739,3136.54401191976
3329.82976739073,6513.71363564763
4119.32289097758,6425.96525089694
2976.90467948466,7699.73508629692
4552.96357905356,4691.9149366308
4590.80731180172,6188.97687065872
3348.05964095119,703.633792806922
3816.01069139718,4791.71173607497
3211.10100648659,4752.04283918015
3756.36629161242,2784.92591570989
4752.14025448503,3873.87904042815
3928.99806846283,6462.79213764348
4441.49891425208,6347.48077900571
3801.90081900891,5546.77814243525
3369.25789786831,5461.9284304366
4233.64557294368,4881.79005326383
3648.63231334133,95.6478271269497
1747.43451013836,1041.55534312198
4531.89582405544,3781.41370534209
3838.18330536912,2416.25829574188
5053.66953206038,3496.00459305969
2517.39516263714,1884.99522000913
4010.22466904879,7078.73451470836
2750.26134925768,5478.63671000643
4781.69370808957,6525.19331002724
3647.81446959109,4901.05576139739
4404.96040036176,7143.80728657386
4039.96580538024,3263.44921585517
8804.46874134872,7720.93366578708
3482.73157529756,384.182586324977
4138.46820066437,6125.55281142052
4081.26975809251,5047.45459244714
3287.28991890053,2813.39866267152
2931.50152067908,715.000141979019
3897.92712188733,5684.87928487623
4412.09439604738,3809.71583020956
7200.5568602176,706.077579021686
4367.23618543264,1924.94806420563
3887.60780821053,6651.64394456682
4103.19967648553,4335.29573135627
3730.23192341318,4589.33363535263
7009.49100098292,1900.62395012076
3778.04117530258,6325.88471557873
3578.46331343468,3773.68475704717
4803.27887369747,5691.47159825395
8648.53298555624,6201.19569601873
3548.7893326054,2069.4142353264
4030.70789548091,4755.85065072385
3230.53434527718,1517.46434067214
3595.70644917833,5834.57427261485
4143.57688825923,5010.45687217882
2502.78331282352,6033.8262044596
4478.2507070803,1814.52385514213
8634.5270515549,948.351279910785
3208.8616259157,6252.40092989692
3875.31818704119,2831.81210604479
4042.85647590025,3878.70973882629
4324.41168136801,6094.23826573824
3915.54851198537,5887.37071080608
9119.89571484889,1441.08251652118
4213.60636082095,6045.30630169447
4305.49450450461,6278.03230099315
4914.89361096681,4347.28748344598
3538.32337571415,4570.69290728144
2700.97063827324,1585.43515100681
6752.75155751021,5723.35446139483
4184.70889960645,4248.40024564874
3600.34254227365,4274.54284874456
4016.84385466619,2564.07770901053
3377.12897133034,5170.26782610955
3813.69600923072,1802.93022127212
4754.13508971282,4648.72280977684
3992.33249970852,5951.9884904205
3884.26562536792,5672.83087018276
3745.31086070622,5117.47096506306
3713.51858893381,4123.93872221428
7795.93659648842,100.535353306683
5272.20308759323,6676.42283947514
4379.91142207285,3393.76432454221
3438.4417710844,3723.10450323134
3757.71093651338,3565.05516428018
4929.3658095799,5447.66340851247
4070.96448038213,5536.66217624314
3510.17889162091,1034.05357381116
3357.6262198053,3915.8774469059
3372.77793319354,4958.39916211272
4137.98765799965,5649.81401310926
3975.35187031666,3382.34110133872
4835.35052463745,3281.74891116567
4361.37332426466,2789.41558134735
4340.48812285047,3276.40676934031
3573.24562755088,695.393189657152
4284.22198856595,6651.53019650405
4557.06838764911,4813.13696598017
4278.13232630502,6784.34607115105
3691.54015556055,6024.27855572609
4401.28679656009,4161.1635157529
4214.35392356526,618.55669039654
4139.61457329722,5356.61928992818
4097.5849213453,5140.7153182621
3360.63107537225,1524.17050782644
4361.1297167262,6108.95785705821
4132.94786034539,4671.68300424657
3940.98176451134,2578.45626756981
3384.77802254671,7365.10942838618
7536.88740960492,1006.26289237091
3554.76709740696,4172.01821007015
3955.4456064942,5507.16633099945
3888.26254077911,2862.27396411154
4219.21351145417,6742.68848600637
3756.3992981487,2974.91435755044
3979.38304733774,1771.55901298608
3260.89865632513,5232.21442909748
3895.59861811329,4689.18709740055
4274.75264624249,6851.80543805849
3168.62954577651,2028.60912636962
3811.6308325796,7482.80865063165
3986.7372443831,4152.46834320729
3434.39647212018,4227.59957295065
3784.65175132017,6089.69172606941
3093.73474044532,2410.85927988514
3474.62424039281,3977.02865916493
3678.84076829276,6847.08848772313
3669.7401408128,5797.51988974276
4804.24432472192,5405.83541270125
4400.7157483457,6541.56076826401
3244.06848009108,277.56624166209
3932.63348982115,5256.19751042165
4490.0926502413,3605.23529317459
3797.54781725572,5916.92321865353
7801.94890425634,3378.87453398334
4137.99718453536,4403.43716378509
3254.49197341427,2136.58944350454
4609.07973484347,4659.80500021963
4347.37258524697,6189.3747774508
3933.68046675605,4712.09020641128
3741.45192517942,3800.45234020536
3987.15432817112,5113.77690158213
3508.64332205156,1309.34650847382
2876.65836146458,5631.0595369753
4385.84877891714,5991.60030185631
3553.08789881839,2821.63926582129
3773.76399303676,5437.09287292452
3945.02553322176,4691.28995656844
3993.91767575963,6831.51642021525
5128.73856400557,4294.5477078585
3170.73916047162,4760.22677972616
3692.61178262889,3166.32380446513
3919.04204530115,6754.96397397013
3889.20416514027,2224.28074279622
3836.34026855067,4346.3212591953
3358.38030510155,4692.31284342288
4540.55242058581,6525.87537554862
3794.370905942,5789.90426665535
4093.65506826848,4695.1544307159
4213.51801883401,5572.92074553108
4572.33264770968,6899.31660845576
3953.91734397622,3748.96294759786
2795.33343957529,6110.88988270432
3330.93682717902,3127.90550197791
4407.89400111697,6210.51627148195
3663.50859896091,5426.52233733657
4290.14617542838,3823.46919727885
4098.53425856123,6928.47163236639
8702.99112092512,1215.85828653332
6030.02071820546,3304.36807287472
4041.44318429185,4754.82776386941
1845.28867010876,4880.99423967969
3910.35711946104,5618.3294796157
4513.12641846307,3533.05897593178
3976.68856816431,5950.90851810705
4907.59465854156,4892.98556891415
4201.49018733357,6237.6246759732
3982.90788330211,1536.38933318645
4030.24210868262,4921.06062051133
4900.3062381681,3829.60694126073
3667.50593897789,5461.01886878968
2861.05128524678,840.825637885512
4342.5702002335,2339.47877622647
4004.83947545541,6023.08483534987
9034.24442234798,725.684531343553
3902.54447320693,5438.0590971752
3125.27994471608,73.7107705819573
3967.95139306292,5882.36960174141
8252.44036648503,2058.33204488361
4121.11817408414,4957.54668592481
3244.10916964459,3755.78275710112
4078.3676463586,5604.29195381711
3813.88479069911,2659.55504205614
4392.87186746929,4080.1211924427
3390.88423496701,2164.55053561133
9417.17068167066,2867.84339063482
4155.51434827428,5797.63363780553
8987.44304331353,1806.85156945097
4277.88113468944,5830.36855427907
3965.40619048608,1770.19509337095
4524.57140427972,5033.87163604439
4439.22117841119,6723.76359920587
5120.60403230123,5806.32881035113
4431.23177655007,5853.21500068603
4232.11579886687,7841.01863736398
3802.0162287223,6084.46312087919
3987.02530243029,6242.34204916382
2045.09553430756,1018.76587646021
4441.04041139023,6118.67591645825
3801.34574112691,3662.18078709785
4144.69459626991,3336.98945271311
4400.99579025742,6907.55721160553
3583.06999069535,4920.26480692718
4586.38112549519,6120.8354382299
3684.83470211769,5174.35979638255
4682.05947266238,6162.20928750054
4396.4050170847,3854.10167743975
4005.23836965375,6252.2876046894
3389.40093676005,4228.56579720133
3962.82857036084,6012.62804782469
4360.9473363227,6162.60677143736
3357.32275266078,4937.25766808156
4069.93438766569,2454.33556546841
3084.46962153321,1563.83908757983
4049.22275586159,7697.68931258804
4235.23610513235,545.755234520642
4592.53431782701,5424.36239270967
4169.91803535688,4158.26484300086
4502.66081432033,5344.11630583887
2989.6707272963,1446.19737364862
2100.03858592646,4448.78881241071
4407.63754996564,3795.67830441097
3489.77068700681,5610.37303519524
3963.26400912241,3517.48711985153
3274.54512908459,1880.56242840306
3374.8506019495,3994.70316298544
3914.07322261572,5581.33175934738
4173.96306337968,5667.03394753394
4507.99144646825,4376.49874710512
4613.09831480517,4932.42696968342
4213.89627349721,5592.52769785294
4508.98134527012,7318.22323805128
4531.39940516155,6646.07451804354
4354.85106316466,4264.65395582274
3745.90212920464,5017.44709234861
3574.53899021508,4700.55344657265
3868.86205262772,6756.55560113843
4085.97193622888,5201.69569699935
3572.87558017537,2813.17137797361
4323.90891376877,4113.08360504178
2974.36528335047,5126.3936337342
3552.12448981467,5115.65268747972
3927.90172196614,3492.59468830806
4447.57976323408,3292.09237348333
4878.41041904588,5650.38233056787
3235.42355180132,3810.34123312718
3418.41722034341,3872.06033998957
4641.39615492638,5685.10678100177
3759.54267353967,3584.20754720621
4679.68805912297,6152.49080524524
4309.53229989454,5541.94744403711
4332.03381369985,4002.31878607284
4192.72501738578,5088.03220527838
4154.85131289694,5936.64391903817
4164.11734654223,6862.37597364644
4177.95676938118,6661.24867875934
4880.70603763612,5281.60138539234
4801.86971180173,4687.0275756289
4048.41709249551,2493.54947011214
3672.83533319636,3444.28770432665
3993.83073034254,5689.19832841953
3768.7104486549,5221.13223865468
4053.24761456184,5894.07677224657
4178.83048581796,6370.32680255743
4497.63371265127,4778.41293840151
2940.97192434603,6607.48559346217
3804.66339233202,5973.75496451402
3987.13266591394,5856.73865350043
3757.27923409268,4728.79890883636
4333.26775614536,1791.50699806864
3633.83655790324,7842.32610580297
3863.08640689542,4004.59205590726
2725.85644673222,1697.45045866954
4120.26559344617,1748.37174524605
4693.60517335969,4521.59053257114
3963.32964470784,5000.85256084155
4202.79028571565,1087.19125619071
4030.73074956193,5958.4674785907
3974.97559590749,5403.96004965891
3030.74709675572,4706.06621049217
3513.74640978767,4219.58646592642
2221.65748620113,2980.48399550134
4158.4108120696,2585.95793116681
3202.43049236866,6882.15375949009
2832.13412941668,2130.67898422058
3492.54240950371,4987.09919377226
3946.16641871566,4033.2350021078
4261.35559910646,4306.82319582227
3478.19186827221,2219.9614878253
4327.16249605545,5866.79753423354
4401.87912873594,2282.81744103252
3858.49567236933,938.178439687283
4115.07256122393,3054.70629788066
5058.13739109386,4527.50078042748
4509.03147451149,5714.14763399438
3607.53340240468,5554.84833491849
3701.10618194212,2400.40228093234
8587.49378640766,4147.41014868361
2018.6928215528,3319.48535955913
4805.16667216559,5484.20655938496
3336.47220224035,3432.92135515456
5122.59048202798,4095.80700801334
2324.79076075317,1761.84084787223
3977.60808959284,2299.01448860276
4127.10150387347,5390.77500004823
4729.66780496572,6256.890806962
4023.23255124118,1535.82101572784
4016.87220458874,4838.88208513917
3774.13348095286,4784.15277559132
3311.34368528062,5144.63687786857
3794.15327217964,6117.65302960381
4830.43236915408,4475.27265969484
3048.83331250008,5872.59445688236
3181.14291078219,149.296985969288
4213.63069633367,6573.32988334212
3756.72081728939,2174.72358726245
4450.88899434701,4668.10268882841
4154.90316553021,5793.71207819906
3542.87761709303,2052.98990305825
4100.36142763219,5026.76766781183
8309.77139988497,2221.32561886805
3735.26157917649,4080.91700602684
3629.85265142913,2279.23712561436
2816.12571398944,3068.68673822024
4313.06357499406,5572.522838739
4245.76275845712,6103.78591447176
4123.38816391767,1588.21986426845
3908.11904349061,5963.6389983219
3418.12733553397,1782.86869955442
4092.26899346478,6164.99378933455
8468.2376181164,4878.66430724151
4006.96812968462,5575.59192215757
3190.54629138273,2082.20137814501
4221.79764278988,4543.01576247634
4046.90335956252,4688.84627606749
3835.21071623824,4952.03392200529
4482.04665744542,4542.95909987258
4366.8305282776,6239.55712447455
3479.78439305688,4719.59208143591
4780.71912645738,5942.09959749868
5351.31956732256,4864.45637077639
4946.45702917347,6151.41125578704
3111.77454740833,2989.23604207833
4232.51262068221,4018.28833751754
4303.32771120157,5095.02242544817
4256.25032009166,4285.39754306181
3574.32493601115,5841.96239957671
4594.3288918231,6115.77766656147
8512.30063929832,1871.98079249261
4016.11519090649,1487.45726342886
4270.62987966278,5389.69502773478
3668.2180088446,4300.34420765207
3582.73752853494,1084.97486038768
4375.0896984177,4602.06411556748
3862.18211653109,4990.90700531596
3960.11772340662,1358.33545226279
3910.7996205411,4675.37706772751
4603.07341040944,2573.73910580681
2020.47285816477,2755.20299719591
4181.04649371399,5419.98668656262
4530.06719265973,6873.06068015242
4240.30460917067,6875.61810871614
3719.04964528736,5572.522838739
4518.34552017508,5351.27693667519
4300.97660466445,6037.17944660747
4368.78332197624,5268.58674644819
4884.54450090124,4539.20837378789
4081.57560762822,6754.45274197054
3898.53088328295,3526.75060985574
4478.29286657156,1931.93828437542
4518.74434363077,5529.89902934364
3791.91181538017,1024.39217701487
3998.66375226966,4997.72681481922
3303.88088949312,2146.87603179082
1955.36596739777,2146.70540969666
4648.54973237637,5618.27239415669
3973.26641804922,5439.59363888448
4630.47512725421,382.307143997272
3444.49289148988,3302.9472792282
4620.01894060723,5103.83134605654
3688.83373603177,5419.24753558223
4034.53393745897,3246.05865933634
4522.15752716912,5725.17316183341
4156.2718543173,4785.118999842
4345.25666179986,4852.86252547875
4124.98202441015,5931.30156578519
4123.44246096994,6226.5424855304
2601.32628392245,2229.05456716298
4429.52548453252,4410.02947716281
3934.74945117377,5989.72493881397
3709.08200841327,2250.3098092569
4113.17787276025,6896.53210662175
3212.97255428777,3769.30862804486
3954.72052522074,4998.35179488159
4093.48604579313,5817.41100079393
4034.07962066912,5181.35001655234
4180.11330482722,2838.57504151667
3534.20288243706,2446.49286911071
4312.67008191051,5532.51354336637
4285.85490763751,6736.94864881656
4875.6270204537,3726.62773319049
4175.28668936594,5910.44465333859
3590.66457965581,6598.27918891698
4027.32389783207,4430.43224306882
4372.87068215484,6507.97337560257
3559.89276898843,1944.04336167265
3718.34395928612,3308.97148657494
4198.75644460213,4656.96341292661
3744.93448295477,5551.26801950033
4204.04507663785,5930.27867893075
4205.00974514454,3261.23282005213
2513.03733080878,1961.3770441601
4054.41067612605,5634.07153493486
3954.41825930805,4292.27443802408
4324.84469415141,4040.16855967383
3666.93049493823,4316.93916201438
2761.7923386861,2382.32987031975
4447.69526353688,5573.94363238552
3822.8810459344,6216.93817419313
3038.30529553687,3207.24266148467
4626.5377302387,6047.74998219542
4109.22349600484,3491.34451675571
8388.29022402662,711.988091162557
3523.07422604676,1058.37758218221
3870.14530163471,3745.26888411693
3770.78664366168,1232.5100092132
3304.87545280483,1659.94150640162
3418.6683809932,3157.85591661744
3738.96881974983,4308.35773753155
3739.65228650952,2591.98213851355
8487.30081718618,1827.7657787842
4116.14941016407,4128.20110315382
4760.29293488888,5215.39240146487
3593.75396539832,5711.13563603482
4176.86722891511,5118.43718931374
4811.64635554783,4890.08731901736
4029.23358361623,6866.92251331528
4499.35582233567,5897.7708357275
3435.78087456513,6873.45816408924
4248.04977374365,3763.8525267291
8285.82721372556,3825.3445603212
3991.45987676292,5690.05080460743
4549.70595523416,5026.71100520807
3838.46541276648,4376.61249516789
4144.40273006686,2871.76473881366
4091.51297381398,7129.3718539832
3861.47670452385,4710.95357149407
7782.26876070767,1419.99789652142
4222.99739014321,5305.58404386126
3672.58503757397,839.689002968302
4061.13021294573,4263.06275150969
3471.42556324542,750.747320696645
4040.62228394466,5541.94744403711
4339.86808105406,4729.8217956908
3754.72580827466,6617.20407571747
4916.5268374887,5806.78337974697
3188.40425530477,978.472105216841
4181.12647020668,4622.52354407725
4207.44320423587,4258.28871571531
3267.26403543512,2307.99403130529
4429.82001526007,4382.57982848324
3871.28086814854,2176.14438090897
4418.4680592989,6902.15819574878
4739.78135399999,6671.70546628452
4829.41307139089,3361.82501022519
3550.88724696494,2851.24864770013
4048.47889461885,5569.2833446539
4687.82657601779,4806.65840066522
4135.84168015229,5000.73881277878
4033.85396976638,6356.17595155132
4235.56770308826,6472.56728250254
4782.93626916707,4717.26214899773
3649.29677472164,7182.22537763345
4000.90394231952,4964.87772742766
4292.29700710979,4377.35122329303
3724.33424740928,3458.72313691732
3934.747707115,4330.52211841714
4172.93487905177,5749.32665382412
3696.76146001791,5811.95489947817
5282.25432625927,6325.99804078625
4025.21746883734,5658.73668178041
4382.21012623924,90.7034599513969
4495.97795456024,4722.49033133269
3565.132928693,1562.87296904296
3930.67211504375,4551.02929235582
3827.98315855502,6261.2098505053
4426.75775498515,5630.83246370501
4382.18316541801,6426.13566156347
3826.95742069288,4399.6864377004
4442.17932513796,5014.03718759698
4193.65110913571,4839.67747586806
4825.72379988286,4074.32469264913
3524.03752475663,6711.48768838686
4598.92534357668,4938.79220979085
3380.28848411037,3655.13348146905
4450.52933332715,3507.31427962803
2981.75312058985,399.186177803526
4768.99946315068,4585.01459180934
7966.12257076462,1333.95467557417
3789.43601899862,5265.63141109239
3923.95835260505,852.53296696139
3660.80956534409,5647.76823940039
4379.68198994011,7589.14067799451
4609.65417985102,5375.31668060312
3943.38911015242,5293.13814523096
4779.42858725267,5985.17839914513
3691.78375705792,4234.70354118321
3323.97369875403,1768.20598226584
4223.73947572922,5384.29601187803
4157.2654438317,5059.21842555606
3893.22178819718,3635.75402527272
3529.95329097871,3491.00348399502
4074.71979502508,4815.1831625443
3605.4050564633,6004.21703400839
4662.08189245906,4908.10306702619
3498.50681924919,4618.54532186702
3934.7083068091,5351.16318861242
4394.92126650009,1710.01031679023
3183.05640330899,1149.70617663724
7998.55526984142,3057.60454777745
4080.8456800571,4553.70046898231
4167.1591202675,2728.03729581802
4114.60708563625,4653.83766690428
3113.77512979553,3117.33475496234
2940.81662836406,6539.51499455514
4555.02438524236,3738.73323334297
4148.90749598225,6374.47585828944
3391.4648247807,2445.58351889142
3938.08736200803,3087.32767771905
3872.01883997567,5452.38078170309
3899.57404135863,3936.90519287428
4274.4388229383,5721.93366774832
4450.70740397783,2488.20732828678
3388.78495182509,1988.59961956937
4198.38866063003,640.948408836953
3926.48304442929,4001.06840309286
4427.6915008739,2785.66464383503
3791.29524182321,2659.49816802476
4173.49773510482,5264.38102811241
5152.36061192471,5230.33906605513
1084.04755661436,2180.57717251503
8576.8223447792,4128.88316867519
3801.34722590645,5959.2628693196
5013.40687904282,3294.59292801566
4602.67856253642,6355.38013796717
3261.32299106448,5814.68316156368
4033.87006049168,2979.63151931344
3505.47167091388,6312.92673923834
3604.31535352394,1490.5261354198
3808.02985194431,225.110545518554
4055.31588471033,4647.07494286003
4406.02465473671,5383.0460517533
8770.22786408968,2637.84544199401
4319.17927234874,5484.54738071802
3136.81609671056,1985.07596675497
3212.60996039333,6079.68950794006
3843.14584482132,6418.34962780953
3703.41273188123,4574.2732226996
3967.67466533565,4717.14840093496
4322.32496223049,2846.64523399991
4295.77938250428,4852.29420802014
4106.05596274243,8347.27616777337
3862.96808419928,5010.05896538674
3966.41841155918,5556.09871789847
4986.08592895489,9053.46727269364
3716.85126586112,4869.17332111176
3837.7561396736,2477.80720336536
8280.73468566895,4669.80764120423
4479.38114357434,5383.0460517533
3811.1811331877,6574.97817311418
4041.17724331278,6144.98893022061
4418.06460156793,5723.07030266552
2112.36965216549,1708.81680784163
4446.38439919781,3838.35919926535
4615.8923480784,6837.37000546783
4233.26738702102,5301.32166292172
3575.1724794672,3680.76485256528
4144.42342352194,7235.24888909498
4443.37650866025,4806.48798999869
3803.27935150899,5860.77353831443
4148.59671338284,5952.84096660841
4383.22927529832,2940.4176146697
4009.4059069003,3859.04570104541
3325.58036541261,4535.28681418141
4959.919474931,5548.42643220731
3707.60406957289,3580.00182887044
8685.72230831551,2809.42044046129
2098.65061572401,122.529244240381
4511.65838148499,4982.38224343689
4686.82433292143,6505.35928443509
3306.25231114361,3584.83252726858
8227.55060819505,3405.69899117291
4077.59095640525,6369.13350503646
4290.71769961169,3471.85110106899
4705.40836981575,7083.62229856551
3641.01256960661,2737.414533885
3268.37979574278,436.013143835429
4537.71045079791,5962.27486727915
4257.45588080188,5887.31404820232
4125.6928337872,3644.90376721416
3550.34383365941,5348.0945280491
4874.27596092488,4266.75681499063
4345.79811905306,4787.79017646849
4502.55821790183,5471.19192044081
4179.6773677535,5418.85005164541
4451.76182375927,4637.86811545959
3955.53627664907,4348.42411836319
4630.9897268615,5566.66925348642
4539.99294396936,5429.47724983711
4727.61211116776,6436.8770306732
4792.50614895964,3266.5749618775
2989.20303225417,2249.1163003083
4424.23363371805,5217.83608196582
3992.34730833371,3657.35008869971
4285.76791189147,7215.75610769114
3958.39500354092,6083.49731948376
2381.41672605709,1114.5841365527
3575.42688782459,2452.11916966538
4022.04556424172,4022.4369703943
4747.43048819411,6508.03046106158
3374.30842021206,5969.26551030419
3971.72737479425,4321.20154295392
4311.50073471714,4425.54488206692
1666.66208541638,1250.8666842689
3091.01459156925,5586.90118587066
3600.22194167564,3044.76074235508
4583.92784328153,5662.60115592787
4106.4662500031,4796.82659320241
4148.77687344995,5438.6274146338
4209.07556780974,5129.17855842347
4084.51632543654,3724.07030462676
3896.54374266817,3482.87662890802
3265.00601173353,4765.3416368536
4357.89261272101,6690.17578368918
3454.55360648158,5715.73883830742
3736.12026462557,2019.34542493779
3828.71816487299,1512.86103268573
3829.9765456782,4129.28065261201
4992.78146874273,6791.84794617568
3786.51309141928,4373.99840400041
5079.65759722748,4211.00504144359
4067.7639770531,4691.46036723497
4478.51337524096,5485.797763698
4636.75473549965,6522.74962952629
4268.29813949521,3287.14792702241
4678.3070442657,4357.6876083674
3690.24949947402,7836.01795115456
4367.57196718219,5137.13500284394
4575.09509642968,4444.18561013811
3789.06264117244,4024.36941889566
3664.58664449964,2618.40890033868
4380.36328152704,4619.90945290977
3894.09736475992,3037.25886733044
2204.70778445819,1592.70963561971
4363.28545894607,6856.01115639427
4256.27610083076,6053.3194087187
4694.62597708638,6837.59750159337
3979.58209308519,4034.42872248402
3826.44367320452,6012.74179588746
3544.48485516825,3052.71718677554
3062.54803741653,7070.49391155859
4121.88715299845,4560.06528623448
3662.76495482974,2212.80085698898
4105.8895926049,2593.06189939938
3915.94910733644,2550.09705724332
3618.83483033518,4895.37258681134
4590.73960194152,6035.70156750195
2993.55729671875,4669.80764120423
4349.44157540954,9263.17641491883
4240.72656000239,6071.33515672752
3280.41069003076,1403.63043828465
4734.49303265881,3627.91132891503
4264.36233425018,6743.93886898635
3190.6650411906,314.279538916582
3713.57605123618,7643.64249141682
4129.51627749464,3971.57255784917
3265.3611844245,4607.00856202839
4394.79027303158,4456.51818356088
1848.03733736954,308.028046871929
3657.03446188895,3099.31921838114
3263.37664213911,2527.4781069619
4097.67599823955,5176.34890748767
4072.41805956021,2507.53012187935
4406.41611170412,3298.28699149659
4300.95765314257,5833.32388963486
2209.39109282713,3214.06247098793
3450.99724686278,4314.26798538789
4116.84532238443,5439.02532142588
4463.68442596226,1602.42780073357
4195.29383604664,2812.77347118153
8568.97006012842,4139.56745232591
3815.89093027874,155.036994944042
8631.22650452099,4029.08636923103
2381.05797328164,3736.80078484161
4122.29293817259,3673.43338820717
4033.55542663749,5297.57093683703
4375.61430013126,5479.77334492364
3668.98327282834,4781.42493636107
3320.5729205247,6484.0473797374
3839.37331442904,4727.03687100153
3653.9912025387,3016.6856907579
3752.6064165497,4471.5215107549
3071.32223430365,5437.14953552828
3989.31558790421,5563.77100358964
3975.57099300834,4782.10700188244
4110.46735536675,5669.02305863905
8340.77471025766,642.823824736205
4336.10990788526,4257.37957692365
3959.63697069275,2267.01830025435
4553.50915559203,5706.41868569945
6538.97747686856,3705.25916588905
3400.65039728666,4204.98062266923
4409.27384581606,5682.03769758321
4594.54245139658,6168.11953535687
3947.69512139344,5299.27588921285
4978.73227443158,7289.52320639174
5748.76669839017,7179.09963161112
1139.27521601497,241.705394167053
4619.94513446718,5304.67490506959
8736.11569908777,160.5496795782
4291.86374849431,4916.68449150902
2735.32251768476,3813.12573496119
3502.98875615097,2900.52164450459
4418.9249999734,6022.34610722473
8818.03355309643,812.068785051488
2284.23188279343,1847.03169834538
8455.19529055131,1892.78125376307
4078.01596163661,4778.12877967221
4450.84798187252,4152.12709901898
4001.18065735345,5693.29029869253
4005.41191618159,5384.06893860774
3702.14907267081,3391.03648531195
3869.5373806272,4989.03121941836
4597.74219089292,5359.63128788773
7603.21757599844,431.523425341069
3128.37188570323,5551.09718597855
4222.56192160695,6405.05125299133
3759.0737173067,5577.80810653298
4507.02840085247,4692.65366475594
4418.10314322494,5716.64839995434
2739.76723180124,2917.51429423135
2558.26533021265,923.174795351828
3342.55055930653,5810.64785389443
3589.30930540691,1.30713023738005
4322.24344798226,6216.19944606799
4328.77714341541,4788.58599005264
5032.63789194404,6522.92004019282
4537.03209882202,1126.46203486583
3320.66192127327,2980.54086953273
3909.12980931753,2308.90317009696
4106.71296502037,3058.9686788202
4180.94633688808,5280.06684368305
4065.3164701234,6094.57950992656
2850.066740459,5623.04642995107
4313.46654763646,4024.93773635427
2546.31203624821,3824.71958025883
8941.6112130266,3590.68653537641
3262.60856378348,2708.54409155893
2242.35656248045,168.847103902449
4201.32310135998,2525.37524779401
3703.06496020696,5400.72055557381
3356.28772581363,2300.37840821788
3982.21808845637,5943.34998047866
3918.90091961348,4217.313196092
3738.50018271469,1574.75076164228
4516.41105150345,5793.31417140698
4469.81161666099,5306.77776423748
4314.6866277549,4293.41107294129
5076.8282308286,6152.43414264148
3979.00058033005,4238.96592212275
4412.50932758717,4079.15539104727
3445.80621641608,6452.90366757691
3563.18734430445,2983.04142406507
3954.85789988017,5207.83344098123
4086.2129471418,3533.40000869247
4139.04879336997,5877.76639946881
3739.00601697125,744.779987381294
3558.56024049473,3230.25951855817
4439.53764914937,4132.12223990504
4638.44168153987,6802.81638855571
3814.14428339708,5291.20569672961
4118.61382596629,4887.98445984947
3009.77941018145,3377.11270757614
3730.56030398908,5078.31414587834
4950.70844173021,3450.42565973616
3691.94676645866,4397.07192367766
4259.14398626299,2581.12723276867
4602.12315782488,4980.44979493553
4172.7079431786,5323.03147441148
4133.61504964791,6058.71842457544
4649.30800125876,6761.95461699517
3702.52868124246,1416.53122345221
3607.21378387788,5486.13858503107
3009.10769223714,6372.03175493324
3394.35541117354,6393.45740769369
2663.42752790358,514.043099187729
3696.58134533165,617.704214208633
4539.50400989245,5132.75887384163
5393.6774673877,4786.48313088475
4071.50675646852,5200.61614754115
4191.02754305064,6517.80518306538
3754.087932688,5163.39135400253
4418.75424482692,4595.98303418936
3183.79767798836,2978.55175842761
4290.35846118062,4928.61915813972
4349.1887427161,5139.57868334489
4184.18061749497,2371.53183860626
3484.4922529062,6198.3541087257
4127.31824814928,3294.59292801566
3183.10543163491,6285.30667989224
4228.11016254001,5134.12300488438
4433.89990633159,5702.26962996744
4254.48344670684,5599.74541414827
4135.60687445124,1328.49878568604
3923.49524321238,4092.56751392824
3814.69239011161,4948.22611046159
4361.80653253234,6891.47391209806
5320.83066084202,5826.27658400606
4206.52728565259,5386.45595650493
3856.54252102123,4203.73023968925
4037.47710856684,5650.89398542271
3628.97317666607,5018.98163405789
3930.7196127934,5516.20274773336
3969.75615690694,4772.95725994101
4589.6358895405,5248.97979412632
4531.2710808247,7197.17161936845
4156.99301536658,6071.73306351959
4148.80975632201,3826.48119523841
4068.59606935817,5368.44020849611
3641.4800812712,5300.86709352589
3705.24400078876,2917.45763162759
3965.20630688752,4554.60960777398
4465.02914305061,5064.39036814252
4135.25449833539,6629.70705980677
4169.45392779302,6037.0656985447
3928.74212587005,3598.64297979688
4136.36959521139,4882.35837072244
5364.32877212486,6757.80556126315
3301.04455196917,1126.40516083444
4470.75147492753,4131.83808117574
2416.89919981565,1843.05347613515
8505.19307058676,2573.05725171306
4430.5554113583,5725.17316183341
4211.27944061924,5772.51392156415
3942.26048354181,3940.88341508451
8850.98899408066,2847.95227958365
4260.96497823527,3491.34451675571
4457.62568271997,5680.61690393669
3969.45679277432,5815.87645908465
5105.22647110669,5134.86173300952
3783.15024468532,5165.03922091933
4255.72119081013,7146.81886167817
4115.49619369637,5394.980718384
3463.93345762695,2034.00814222637
3624.85718371292,4951.57935260946
4194.9564965645,2913.70669411528
3954.26469126074,285.409017305147
3824.36921955226,3075.73404384904
3619.88359066504,798.14500731567
3835.32106567925,5549.79014039481
4124.55369029989,2424.55577292304
3821.5059516494,2667.96626730007
3834.20396354057,4465.15627064747
4394.81291280817,4736.41410906851
3972.83905594248,6374.98709028904
3680.54168052472,6543.83403809843
3874.53308844178,5642.14172741809
4867.76115440563,6478.08004642205
4276.05125033206,5257.90246279746
1952.41356504877,1327.7600575609
8437.44205673702,2858.40927853645
4647.02814086734,4178.49719824034
3719.15042583089,7110.50320693122
3921.13876868129,5337.01233760631
3904.53312453797,4892.92890631039
4713.52906042785,6237.68176143221
4195.31281368328,5269.83712942817
3813.47792533022,1870.55999884609
3776.02196511064,6225.12169188389
8182.64295788037,242.501049180481
3685.66765691611,5303.25411142308
4376.93112136584,4737.20992265266
4578.87394725887,5363.7799207645
3163.27514784955,2915.9799639497
4360.65734139676,4471.63525881767
3599.01560468913,4952.26141813083
2195.43662948411,5678.28697149851
4452.78997604257,3426.44257841199
4363.26273077488,5167.8241456086
3028.16655361515,2664.72677321497
3759.98434536095,3697.18897340581
3878.56821679438,5421.57789087566
4558.1303485826,6376.12372520625
2821.2726388206,4977.38071151696
3994.9562911858,4375.87376704276
3911.69063325332,6782.64111877524
5157.61890914494,7308.73267477679
3815.64441033286,6384.98973127363
3634.00746768755,6029.56382352006
5331.19040209661,3664.51071953603
3841.33151730206,4371.38388997768
7163.58853138868,3223.72386778422
3182.26216270713,4340.97890594232
3876.1441326932,3472.76045128828
4151.96609459771,5345.59376208914
3742.17025810038,6182.6116305513
3957.56319846226,5352.52731965517
3861.67078217538,4306.1982157599
5292.4037438303,2610.96389934543
3150.93696234022,1075.93854936757
2654.67420334291,2455.75635911492
4512.55648366206,6263.71061646526
7914.96582012791,2569.36318823213
9555.77253256705,628.956921031772
4238.05764640901,5260.91446075702
3520.96657492914,6705.86159925982
4285.80987027052,5481.705793425
3923.03709800262,1106.45717575189
3684.18402741704,1261.9488747117
4537.69246945178,3855.18122689795
4023.18644909791,738.073873083901
3500.80198607995,5376.22624225004
4324.428144397,3946.96449646263
4413.15533999567,5023.81233245603
4151.55971333047,5244.66075058302
4145.18219260898,3061.58276998768
4044.36994793513,6079.06410502244
3029.31067363251,2809.24981836713
4248.62945911437,4914.46830713361
4189.70447881064,2578.45626756981
4734.04207817199,6539.00333970029
5341.8294510353,4978.11986249735
4163.19312466273,5325.47515491243
2385.19810512408,600.654690450488
4013.34720387953,1409.82505629791
4553.21043708702,8012.36635113334
3329.91193790404,3312.66555005587
3632.93758746789,6098.10273988571
3461.90017098375,4199.6386922715
2304.66504216354,3373.30489603243
2672.72297643567,1128.5647883199
3319.64287554217,4829.10694028011
3080.17036626576,4724.13862110475
3926.74923288724,7089.87379061016
4426.49544484413,5954.54591898422
3992.53143086309,5503.52935297753
3646.83014719927,4854.16957106249
4129.39674172843,6904.71562431251
4387.31043160852,3130.23564584372
4061.06087243328,5317.34829982543
3540.50597662081,2523.27260005375
5121.42800222806,6634.70816887145
2621.46857458668,2145.68252284222
3670.52360947933,4467.60037400368
3623.60786667433,5601.16620779479
4017.17799376956,5771.14979052139
3599.32387797835,7328.96460716102
3712.55171322418,5510.68998381385
4759.13903203321,6712.56766070031
4826.27251032346,6685.11801202075
2605.4471000858,2551.80200961914
3970.40337032458,2270.71236373529
4652.28407092524,6208.18591618852
4681.44430454526,4801.14563674571
3696.27055064095,4861.78519414989
3905.0429966054,5223.91716334395
4213.32279541994,4211.17545211012
4578.9849492737,6128.56480938008
3873.43191614273,4984.5984278123
4452.1326369925,3479.01194333293
3836.99249188146,5233.23731595191
3559.45008243753,2281.51039544878
3300.32539259005,1398.40183309443
5028.34994353114,6989.56575916641
3898.238432427,5262.73316119561
4205.38244058381,4138.26040674217
4224.4157075622,4141.27240470173
8293.89060676022,2860.11423091226
4199.65768421833,289.61455064175
3376.92702663052,3463.61049791922
4003.55099798988,7725.08187580859
2510.2894934136,5549.2218229362
3944.73252933293,3924.91386363982
4383.77234916492,2587.26518817818
2649.34628643453,4641.22135760746
3799.17521521432,3601.31373356812
5143.84532009185,4326.08932681107
4217.19377263334,4923.22014228297
3762.3994199675,5218.12024069513
4100.24026402228,3948.95360756775
4003.83580881425,3691.22164009046
4098.85965901043,2089.24847234619
3586.6682317675,8116.36844605802
3293.31717200089,5714.88636211951
3986.53045373362,3586.93538643647
3830.19524865542,3378.59037525403
3807.59674603004,5361.05208153424
3909.15044662439,2956.61466223994
5014.51273391305,6317.13245757411
3977.83276586104,2472.23756541446
5036.1754620646,2876.42502654527
8630.83328430733,2642.67614039215
4207.4851959041,5270.97376434538
3313.61968702993,6705.46369246775
3962.24739661114,5932.55194876517
3616.79102588076,5275.40655595144
3723.20260818341,4578.93351043121
4500.56362199984,5838.77956809537
4298.99589167043,4815.06941448152
4050.29699405274,2924.9592952246
3064.36984055173,1097.76200320628
4932.87527112736,5068.42525295651
8703.72432443468,224.655870408908
4284.94140327575,5198.45620291425
4870.86718433762,6179.20172579967
3560.75475876248,3724.24113814855
7801.13650781632,2260.1984907511
4517.82800825514,4712.88601999542
4840.78821330822,6648.63194660727
4772.62609564717,5139.69243140766
5130.81625552974,6920.96975734175
4262.54315185146,5354.40268269752
4391.82316033936,5414.41683718409
2965.81684271112,891.917335128562
3605.15959477253,3586.53747964439
4813.33859277875,2041.16898449032
3937.93745658567,5770.46772500002
5262.83550247817,4920.37855498995
4510.03488931749,5210.56170306673
4658.09983874261,4768.12656154287
3013.48303553999,4106.26379553852
3684.25687737748,5207.4359570444
4199.5816174531,5504.26808110266
3663.58914740414,5482.95617640498
4060.98355751015,6666.81810528262
9301.45621822119,365.314441413606
3166.86354984354,3718.2738048332
3178.86428512666,533.763746715461
3890.81176556058,6061.16210507639
3613.66438012643,6979.39270751528
2949.73692378233,2492.35617259117
3198.56458073466,1642.21002283591
5123.56835940758,5305.12947446543
8365.01860044614,7303.16282539826
3449.14164683369,5988.07664904191
3842.61776899329,2510.31483514099
3707.30082098757,4118.19846216922
8491.93454508233,3399.84540592033
3620.85421933265,6329.91960039272
3958.80805962859,3843.87196318487
3300.64725710913,5206.46973279373
3967.04496710561,5298.764234358
4257.88650168402,1897.0436347026
3461.42683176659,5885.66575843027
3274.65050741562,959.149311624277
4560.77224571648,5926.01629799121
4157.03246031259,5846.90642318237
4668.64105590192,6211.25499960708
4443.33943495108,3392.85497432291
4623.98358673015,4565.52138755024
4143.05122934677,4690.20998425499
4446.93795031563,5304.44740894405
4687.22555111831,4320.80363616185
4725.90112339821,5045.92005073786
3665.29419717887,1827.7657787842
7858.53169685788,3803.69183429045
2989.97049772118,4791.37049188665
1966.68681818244,1313.04057195475
4275.47263388804,4402.92550893024
4128.21001001194,3564.43018421782
3565.06208234649,4070.23272237612
145.526007417126,2276.90698174855
3001.28194121292,1008.02461306429
5395.07574125836,5976.82404793259
7544.46597571529,1914.4908538252
3612.13112657271,4443.6172926795
4266.44166125464,4698.79183159307
1880.01744242251,1892.04231421031
4031.76562530074,4102.6268175166
3992.45631893904,4630.99164335257
5159.17196167093,6334.86404685363
4627.02119627863,1413.46224574746
4380.51616310721,2008.14969785985
3200.97345125148,756.032694204432
7073.90278467374,1807.64717160749
3754.36206643243,3909.05763740264
4274.12744134502,6245.80861651921
3666.78790650939,5175.32602063323
4030.76072277018,4665.88608159775
7942.20215807183,1550.8246600633
4831.78353865789,5576.84230513755
3720.60217415822,3361.1998187352
3515.50234119645,3452.58518150781
4198.15144011709,5610.20220167345
4702.6138310178,5426.23817860727
4194.53762971763,6862.71721783476
1718.2853959256,1035.87216853593
3622.87624432076,5311.55137717661
4288.15491751489,5512.0541148566
4260.71330158935,4537.90090534889
9338.9916227602,3845.17900876861
4085.4057915889,4844.16735293314
3733.15259743034,4465.04294543995
4405.42032162705,4956.75087234066
3431.01970308883,3750.21290772259
2971.36812767447,2996.96520180088
4134.47626002755,4652.98519071637
4521.49317379713,4579.10392109775
2438.52198715782,996.430979194279
4174.64626701232,6714.04511695058
4094.03032822935,2978.66529506276
3803.8939377755,4722.88823812477
3770.49347686459,7470.3623291461
3905.58260461834,5763.0229354344
4057.8896078309,4692.88116088148
4128.71117338568,1783.15285828372
4826.45831682033,4580.12723080743
3318.917414642,2006.72890421334
3740.41178384705,5022.22112814299
7286.12879214809,129.462709306824
3033.67452626201,1429.03420754152
4108.87355934263,7081.74651266791
4747.24562617712,3317.66665912054
4271.87620033598,6413.86017359971
8111.60928848075,913.854431316233
3230.02899835328,3127.84862794653
3483.43027240295,1196.76288335248
4484.53193682875,4726.52563900194
2390.30540002814,3677.46827302117
4855.21183402785,5218.00649263235
4182.7708865699,3503.67687875086
4147.59212917317,4265.50643201064
2460.31428926601,4758.23766862104
3846.64339295953,6147.83051751363
3528.69780120742,6508.25753433187
4576.24767137586,3377.33999227405
3741.79243521244,4561.99773473584
4137.08070657839,5129.86062394485
3117.79142490341,3031.63256677578
4005.17075992439,5444.36725182361
3920.0220914563,5958.29664506892
5330.87674907392,5559.45153719109
2463.88445259868,5077.51833229419
3488.57060116331,5742.27934819532
3500.91151795926,5736.1982668172
4481.73920893312,3794.59875495278
4663.66134145617,7098.00022284191
4508.10633248909,5206.5834808565
4021.08187134754,4339.04688029621
3006.99719155311,3242.93291331401
3688.84414513867,4342.74094377714
4228.61206364412,3298.45761359075
4202.55777611721,4768.18322414662
4297.45239687889,5953.46594667078
3351.11773371547,3664.85196372434
2898.11480423303,3345.28692989427
4352.60222347781,3950.99980413188
4485.234776686,3538.17383305922
3486.14241616123,1747.6329114071
2897.46619344568,3640.98263046294
3778.91449813552,4953.05680885973
4538.40079938784,3300.73088342517
4198.26009058273,6643.68750014635
4060.23335723216,4563.87309777819
4685.49179177284,6282.35134453645
3920.32162174088,5094.45410798956
4131.14199608098,5907.83013931586
3622.82466509176,5204.4235362296
3133.78372438136,1565.82819868494
5387.87517046933,4135.64589271944
3496.04469182865,3516.74818029877
3894.02735593541,5270.63252015706
2223.47083225582,1084.91798635629
3427.92521045872,3053.85382169275
4212.32077090008,4483.39951478184
7932.37995083856,1414.08743723745
4048.34930301359,2886.42745610224
4204.50158327988,2867.6161059369
4007.61030958732,2391.99126711603
3916.89901395973,4258.68662250739
4237.64239456219,6068.32315876797
3969.41000099565,3638.14104316991
4206.84391233323,3900.70370904535
4412.01741870774,6038.08858539914
3714.36668035227,4332.51122952226
3973.49300054638,5230.39572865889
3874.6541022813,3139.78329457723
5050.54302698256,5973.98246063956
3615.08565037992,2351.0155360651
3865.05271229364,6146.06890253406
3899.56587188994,5571.21579315526
3625.42504638091,5653.96264598603
6645.99918663964,1100.54671646792
3402.74653789497,3209.00448789188
4438.841068432,5105.7637945579
4447.76044721733,6247.57023149878
3599.91290738531,5946.75988523029
3313.71920899075,261.937511550457
3980.69080633087,5537.51465243105
7848.51046007274,130.031026765429
4596.12429687859,5957.55791694378
4984.82855441909,2465.30421927606
4875.17750634657,7095.10197294513
2933.88335652858,2111.18556853386
4491.52984926271,4890.88313260151
3392.60347200614,5741.99518946602
4062.08679014717,5403.78963899238
3785.25084005897,2127.49636416687
3081.12841935838,851.055352140399
3761.44176770876,6659.60038898729
4712.2602899733,4230.15700151437
3422.97389286464,3185.13515463047
2247.67061750333,1319.46258037974
3564.25503598317,6573.55737946767
4526.68121350043,6865.61546773154
3937.1277474051,6323.09979088946
2437.75482860787,2420.57755071281
3338.84133103797,573.943769896061
4485.59536891542,6567.47629808954
3976.96566883892,4858.77319619034
8335.29655603214,3603.98491019461
3592.55088688937,6077.1887419801
4582.22759396221,4365.92821151717
3981.95450048284,4578.08103424331
3865.54280081221,4841.83699763971
4179.75230272335,4220.60935278086
3930.52173557163,4981.70017791551
4119.98651208351,4012.54850032773
4740.54050478377,6049.96658942608
4878.22601266601,6038.77065092051
3937.99841231691,3488.50292946268
4016.08953184353,2597.04012160961
3793.66640317342,6628.7408355561
3795.08948762076,5560.13360271247
4965.87817365919,5140.60157019933
4165.50105895843,6470.00985393882
2919.54158325392,1675.51346819568
4582.88738852718,6940.69045772639
4055.35078727972,5546.94855310178
3010.8494874578,4846.78144410062
4530.44085679538,2673.47881979196
4538.28241166051,7110.56071524548
4059.47210881318,4072.10808541847
3899.61685069694,3701.33760628257
4462.22185289352,3317.04146763055
2251.74359826531,387.535669902127
2545.56617073384,1783.20952088748
4127.41828852867,5118.03928252166
3653.41718698772,822.071161751552
3862.29945151178,7128.74687392084
7862.97003583479,1373.11170618652
3815.23334383837,5105.70713195414
4927.0838537359,6099.06896413639
4634.93756482592,2591.24341038842
4711.38672185909,5782.62988775626
4672.36271467239,2328.85115517951
4152.40256065262,3984.01887933472
6144.26305197113,2032.75775924639
3685.16308204822,3698.49601898955
3510.45082715573,5127.24610992211
4052.76631888404,7719.68285995184
4351.5638716791,4585.98081606001
4342.58522270289,2781.85704371895
4262.26065570902,4912.64960669503
4222.15575656729,2596.13077139032
3250.80047705135,6200.11572370528
3956.56302900203,6180.45210877965
4263.92168019971,1165.39167506645
4349.54494904932,5664.59026703299
3673.90255622058,6601.4049349393
4286.10433926859,5410.43861497385
4465.39122157488,4605.58776838188
3644.99550884709,5620.09109459528
4913.18354715917,5453.68782728683
4183.24854923955,3466.50895924363
3621.10547945718,218.74538469649
4743.70901556672,5138.15788969837
4005.09144618869,702.667674270057
3927.382408779,7311.46093686229
4750.34247313881,2962.01367809669
3750.05556471687,5724.60484437481
4292.1868567734,5811.27325681205
3226.19911696531,5149.63798693324
4167.46960561491,5093.26081046859
3787.03575186486,4467.77078467021
3830.48592325013,5510.74664641761
8472.29599335235,3803.00976876908
3633.11252422336,4945.15744989827
3973.60356682225,5801.49811195299
4507.79487521569,4760.738434581
1793.37919433251,2756.79420150895
4303.26300886562,2156.87824992016
3917.82863076255,3392.627689625
1771.57164064013,2071.40334643152
4255.83968759931,1665.39739628975
4034.13879432894,7080.95112193902
3573.80796913751,489.775964848065
3878.99269296763,7782.19778039838
3314.14658890195,3820.85510611137
3949.04165850789,5296.32055385705
4299.24757110845,5543.87989253847
4599.31747542681,4952.20433267182
3640.56745156849,1060.02566052664
3553.61322884704,4246.97945200223
4658.36144757771,5411.63233535007
3939.50519341066,5054.16065388763
4104.8881672896,6534.91179228254
3774.98768217189,4483.11535605254
8138.73380742537,637.652146434282
3883.8087735225,5303.99283954822
3316.38058329302,4845.01982912105
3927.15259655879,5496.82286868179
4249.93746767527,5046.658778863
3813.57745920359,5748.30334411443
7734.68895320933,321.383507149142
4443.75788179674,5450.50499580549
4121.35140693961,607.133520049965
8483.73707799657,7428.0793410838
4152.6081908475,5298.36675042118
3090.86978631151,4716.86424220566
7602.67057042908,1074.80191445036
4796.43557405086,6696.76851992215
3928.53401253767,7018.20870536694
4329.63504093452,5944.6570260624
4716.22775377517,6948.64690214686
4284.30657719254,5856.39740931212
2902.07513902639,6419.42960012298
3962.3430714086,5268.64340905195
5290.42909484963,7274.40613113495
4321.98433735239,41.714499644639
4457.22230318253,6424.82861597973
8098.85648728442,1024.05114425419
4569.96476722868,4970.44757680619
4289.44719900893,5863.61512560745
3271.00806438565,6861.46683485478
2847.3982447925,1238.25005783064
3796.40952747213,5858.21610975071
7948.04047324638,8442.92348863026
4588.77885474326,5402.08468661656
3941.14113857954,4448.67506434793
4161.20095208291,5153.2183023514
4344.08370340647,6006.4332183838
3742.68350776282,110.480908832268
3205.57880831902,3720.26291593831
4292.90082355408,6456.88188978714
3583.91242766924,4849.45262072712
4104.50114008121,3874.16319915745
4216.02542584433,6320.48569972198
7939.38621964113,2582.71864850934
4112.10971734108,3385.46684736105
3613.01505604848,5393.73033540402
3407.106834191,5619.57943974043
3727.06351449495,5968.5263593238
4579.58911062895,6445.91302455187
3707.8386713793,5863.78553627398
4187.9483839336,4294.71811852503
4360.99906825346,4474.36309804792
4301.83020523821,4724.76360116711
4052.57817982789,4888.49611470432
3944.03726188282,1292.29698471567
4386.75413930702,2009.51361747498
4071.06238602297,4545.57319104006
4488.85061370348,2566.97617033494
2817.5489216239,2542.70893028146
4674.60621726322,3041.52124826998
3833.54606078626,2545.32323287657
3736.97806307797,772.911701582233
3915.14058625864,3045.95403987605
4170.30232083366,5989.55410529218
4422.03771353047,4828.02696796666
4289.18767817898,5349.11741490354
3813.25154576029,6011.88931969956
4418.66271856695,2650.74612144777
4246.78130314353,5245.91071070775
3721.66965589573,4511.18998479447
4264.20874189236,4929.35788626486
7822.72622495513,1245.12663565147
4668.63948952148,3731.40176898487
8870.17564515799,563.48671808635
4093.07432765429,4717.03465287219
3986.12983730836,6166.9262378359
2981.80264562828,2224.16720616108
3349.79037235909,5540.29915426506
4075.90555803519,4239.7617357069
4102.36806553332,4015.39008762076
3686.50481555324,1249.50265893996
4221.79162787364,4372.46386229113
4736.77843996379,6380.7273503341
8531.82222704053,101.899312564489
4194.75184196218,6310.65346940392
3633.45131605183,4379.62449312745
4508.57855531216,3195.76256424981
7927.97487607056,2282.41974566807
4239.25206881231,5917.43487350838
3475.06478522179,2153.0137757727
3769.7532088358,2727.29856769289
3773.76370999961,5137.70332030254
4608.79964483027,3834.49472511789
3759.57107985149,2392.84374330394
1887.96404797913,100.478518917977
3889.64322680346,6584.80998057699
4090.57690004298,4741.98395844704
3835.14371784179,5383.3302104826
1237.71557267142,4897.47544597923
7867.55341319672,205.617248759872
3925.06917737916,4940.44007670765
2633.29411414076,3619.49989224347
4079.02592022463,5253.07176439932
3638.21255831932,861.057728840463
3625.28021406981,5131.05392146581
4166.44390784752,3630.52542008251
5092.33965034923,5606.9060449846
4343.46980425069,5577.97894005476
3528.22756767852,5536.94633497244
3777.44136154479,4069.55065685475
2825.62350209046,2847.2704254899
1976.70207597473,2732.75445758102
4285.32073840155,3081.92866186231
3928.75479170813,5972.44791893028
4644.65948337974,716.193650927614
5213.47458185297,6571.62493096631
4166.57315411822,5245.17198258262
2827.21222893403,5889.98522482882
4603.91717612789,5380.99985518917
3881.7306749472,1786.61942563911
4037.13930918406,4267.89344990784
3704.84952818935,4932.76779101648
4427.15031421688,4822.57128950616
3441.43588561596,2795.61019936061
4803.46664855628,6048.77286904986
4315.43649842519,4680.32151418842
4010.93943762487,3693.3811618621
4039.88183837358,3861.1485602133
4957.98608993625,3561.75900759132
4378.88188671199,4319.26951730781
4183.64433616557,3211.27775772629
3339.92015245229,2295.15001445529
4121.76507616926,5162.48179235561
3080.53790701366,4663.61281176333
3132.05194076296,2195.52383710529
3746.94376930302,6679.1506787054
4095.48063019038,4220.5526901771
3830.75734798134,5468.52074381432
4437.03464365087,3707.07786632763
4820.3248135331,6527.80782404998
3909.42016763886,4505.79096893772
6809.04477177967,2896.88445505505
3925.36943473683,4696.34772823687
3698.34525407606,4463.45131827166
2967.94742744131,2876.19774184736
4436.6979354948,5259.37991904774
3257.00938925223,979.097296706832
1756.67973382007,2116.41417372407
4539.17269183223,5594.68721962459
2184.76282082012,4104.67259122548
8143.38015318435,4758.12392055827
3391.4652954287,3140.91992949444
3940.12024840518,6406.69911990813
4164.10890166477,6718.59165661942
4287.89858190396,3076.70005667209
3968.83807485582,6419.03169333091
4010.67856024641,4515.73652446331
4010.20762780665,3628.70671964392
3742.23627590852,1836.23366663189
2960.85635395993,544.902758332735
4032.43581577877,3694.80195550862
4569.98235980689,5237.61344495422
4313.94014026647,4106.60503972683
4029.55982257395,7489.00263436204
4315.23458713204,5225.05379826116
3857.88153449508,4180.82713067852
8099.57461674856,4615.41957584469
3821.97483835431,5609.52055900733
8287.04296993109,2017.92463129128
3837.07867329314,5611.85049144551
4764.27816055137,5840.25744720089
2508.47256913233,3993.28236933893
4570.33783476124,5585.48039222414
4532.09816469456,4842.5761486201
5702.40379656691,426.692726942928
5092.64737010865,4658.72545076143
4577.43413307644,4306.7094477595
8000.57132027012,6988.7132829785
3966.2623847971,4534.66183411905
3987.71829064428,6471.2602369188
4189.69063140492,6027.51804981119
5482.98470471531,6780.48159700359
5011.03406639442,5411.97315668314
4210.39918277047,4516.81649677676
4504.46498875042,4040.8506251952
3994.23596488369,3668.65935241279
8392.21440076382,5351.56109540449
4299.28989900165,3940.25843502215
4423.58773556401,5167.48290142028
3787.70467135667,2368.00818579186
3413.23863095568,1275.92942076509
3450.61560233925,5651.00773348548
3910.44960488332,3152.74105949
3740.37023005066,2180.23613975435
4181.5292442406,6032.46207341685
4007.25874092207,5065.07243366389
4354.87646369085,4988.17874323046
4398.78701458412,5514.21363662825
4058.36715342033,5312.8588456156
2816.22108070588,1513.71350887364
2604.53943748128,5181.06585782304
2522.86960733062,6365.78026288859
8355.20236995634,3494.01548195458
4363.56032335001,5265.63141109239
4154.71109247305,3851.71465954256
4387.69652252071,3467.81621625499
3768.47921920729,4567.45341319635
4191.46518313164,3410.01824614383
3613.23532333781,4055.17230972309
2877.57332639495,2867.78651660343
3535.70912359871,6587.36740914071
4927.03865639031,4930.153699849
3901.10675292973,3313.91572160823
4877.98669759347,7388.52461510701
3502.15955498156,4879.97135282525
2809.62115390768,3487.42316857686
7909.74421266159,1935.40506315843
3836.58780222417,4330.40837035437
3216.13069759868,1197.38796912866
4070.89906194411,1352.93643640604
3319.58181062446,4528.35325661538
4437.56467233049,1796.849139894
4121.86781007367,4685.94760331545
2744.13161100899,2669.3301869152
5401.63746490617,8157.34396568133
4215.10583483219,5034.32620544022
4232.33445581282,5722.89989199899
3630.03158348658,7019.45908834692
4048.49191492811,5918.62817102935
2330.43363675097,1370.66802568557
4252.05041138305,2817.03585212107
3738.62175001024,5207.1517983151
4337.29371789436,6170.90446004614
3936.15356996468,999.49985118522
4185.63709840199,4873.26529138476
2820.26940732703,895.611398609493
4203.35060058338,5311.60846263562
3921.93441237337,6641.58464097846
3901.03430116283,4608.82726246698
4309.69166254218,4427.8748145051
4518.93972006549,6112.7085831429
4363.5145289463,7218.37019885862
5158.78595270462,5569.45417817569
4053.28449339464,4960.55868388436
3738.56725245946,4350.01532267623
3944.73173421624,3029.13201224344
3948.17448120843,4549.21059191723
3657.66371167416,5095.19325896995
4124.90874352771,4318.30329305714
3525.60727628175,4480.33043136327
3324.07300340804,5146.85306224398
7761.93554967214,2887.50721698807
4525.71695842725,5064.10620941321
4147.96826557814,7020.53906066037
3996.64157312366,4680.54858745871
4151.38771146579,5730.62884029392
3741.90638149967,2893.41767627203
3700.04442630484,3723.21782843886
3201.31393419367,1442.84434292838
3915.80194632733,5781.94782223489
4320.75018360802,5041.03226688071
4363.36089420993,5575.02360469897
4469.2286931458,5688.63001096092
3933.07050009692,1383.22777809244
3864.5550962422,4444.01519947158
4269.64291987023,7280.20347663902
4848.5214119528,7458.93931737025
4243.57422643115,6367.88312205647
3170.62376613877,4475.55681842414
3703.7224210631,4640.82345081538
4269.43804420079,3629.9571026239
2900.77486398131,1994.62361548848
4491.39744928864,6813.27359893614
3893.99346502129,8135.40708092128
4060.14323577145,5467.44119435612
3535.34518477626,2939.45139041902
4452.61412742519,6703.13376002957
3710.7396743071,4987.09919377226
3730.69522117825,2330.10153815949
3163.04988272173,2054.75172946545
8421.5714253638,5221.18890125844
1976.03898094984,582.070730696872
3995.02846102078,4583.76420882935
3817.70311412993,4795.34871409689
4304.99130963558,5891.12185974603
4090.22850604498,6866.46794391945
4125.22664893797,6612.82794671516
6426.07888221009,443.571734320729
3901.05921940345,3741.06316578115
4137.67209350328,5486.0248369683
4355.93835570706,5806.10131422559
3380.17081917967,2480.13734723117
4985.77632065154,6871.75321171342
3745.45321668359,5691.75575698325
3745.37665546302,6077.70039683495
4473.66176525781,4972.60709857784
5650.98140560283,5547.68728122692
2683.87586394433,444.19692581072
8423.72697728842,1705.63429350173
945.622834803456,538.082948829477
4043.35990369404,6146.5805573889
4558.69399028459,3075.90445451557
4362.76428280835,4570.01084176007
4654.43544520992,5787.11976482134
3615.83698224295,4638.60684358472
2550.50432360373,1252.06008750369
3705.72934977881,4892.87224370663
2412.57552245249,1056.89991450431
3396.70053290092,5181.00919521928
4543.33773825526,5869.5824589228
4218.96847196924,4680.88983164702
3931.64604262006,3965.71897259659
4129.76550201265,5653.73557271573
4411.95873826248,6205.28766629173
4294.20198726774,4527.78493915678
3914.11564337177,4633.32157579075
3937.00151124812,4124.90494646496
4660.434769329,3267.48431209679
3633.24310438255,3279.58938939402
4582.83318239508,2752.53182056942
3875.77031528003,4601.49579810888
3745.95689480365,3814.31945533741
3960.82450122887,5578.54725751337
3794.23256674782,4866.55880708902
3958.35705808509,5172.65484400674
3784.01354800516,1051.95557375721
4376.88626704049,5651.97353488091
3051.3232592196,1379.5905886429
4568.60964645254,2231.49845909155
2814.75464776749,3411.55278785311
3616.67810084127,1083.61083505874
3740.46517710142,6122.08582120988
4137.1497073893,5576.21690221993
4776.06140200538,6802.13432303433
4058.09528171062,5442.03731938543
4385.936145454,5581.16134868085
3847.20276033269,6106.34334303548
3989.60061715732,4854.16957106249
3419.63958905563,5100.70560003422
3812.7153749642,4888.78027343362
8266.19670670443,2297.7643170504
4821.62846577646,2865.8542795297
7940.14189456602,2357.43743877628
4308.18287851995,5412.48481153798
4754.10920307785,2795.72394742339
3522.35226149464,1449.94831116094
4734.50869765049,5759.95385201583
4625.73862326069,6058.15010711684
4171.15829149615,6263.48312033972
4372.50013233758,4166.67627967241
3570.81664806177,2931.15391323787
8621.01136466725,2293.38818804809
4690.36301916548,5132.24721898678
3801.38146165183,6221.59846192474
3072.90299320077,8590.74353618178
3822.20178542369,5432.83049198498
4232.76221309368,5121.67668339883
4132.85505274586,4758.0101724955
4455.48856596389,5788.25639973855
3642.92845486399,6513.82696085515
3990.57978362444,4805.57842835177
2942.97352502262,4390.76376902925
3804.80265151855,4746.6438233234
3853.17714871716,4885.6545274113
7836.28736708999,1272.57639004485
4435.6948347105,4640.25513335678
3911.19376962439,2253.26493318507
3758.38924329393,6053.71731551077
2720.39732296389,5803.08931626604
3796.2748977688,2579.13812166356
3145.94744574164,4969.19719382621
3870.68421147266,3056.2975021937
2995.15673675487,1957.11466322056
3750.09067655035,4674.97916093543
4220.15129100805,6351.2315050904
3242.81231702457,2986.45132881669
3388.26927539461,1676.19542800324
4284.90817926282,3662.40786036814
4943.61462091819,7725.08187580859
4106.62917765155,6661.93074428072
3358.23625316766,1988.03130211076
4017.12832467266,6334.97779491641
3738.67332128041,1972.00466520706
3903.47029320147,4468.11160600327
4350.20893305385,6500.69899670348
3298.55303534451,5006.76280869789
4350.41575800736,4701.29217469778
4616.00582091382,6631.46867478635
4842.13582013571,5741.71103073671
3157.66529406497,5630.71871564224
3326.5676736552,6969.56090005247
4147.07401733103,5168.84703246304
4374.85367052536,5171.29071296399
4382.82803475342,6078.77994629314
3696.4914721192,322.974790747545
3761.44788593414,6895.90670370413
3589.79701514659,4425.60154467068
3855.25882166779,580.877221748277
7917.60673921106,3824.09417734122
3401.24377370159,6753.03194832402
3652.12617373331,5953.97760152562
4181.5434283013,7590.10647938994
3992.78719615989,5640.83468183435
3950.73675391118,5519.21474569292
4114.6144352384,7174.3822584205
4685.4383378682,6518.77140731606
3589.08016694687,2647.16580602961
4158.8021511336,4074.49510331566
3412.3944864345,3296.35475442286
4822.08066773604,4797.96322811962
4581.09890319503,6399.48182646806
3746.05171583736,5283.47674843468
4604.21087663497,4785.17608530101
1598.59097836246,1411.58688270511
4081.67344189669,5187.8856673263
4133.62729394804,6292.35398552104
4536.77222056889,2265.59750660784
7248.59074170276,826.958681324172
3974.80010051246,5270.40544688677
4300.43046477471,6405.73331851271
3304.44268620569,5497.05036480733
3345.80008445001,6859.25022762412
3385.29545852929,5609.80471773663
4382.67584611961,7127.26857196006
3556.65880215948,4545.5165284363
3791.17452500297,4170.93866061195
4009.82316496687,5928.45997849216
4477.34290618596,6314.97293580247
3061.93175400242,3561.47484886202
5234.30961791995,4777.39005154707
3359.77470539366,3530.55842139944
8156.89550812732,934.370733857393
4369.38531365603,5708.80528074139
3131.02120265299,3747.14424715927
3360.34887586749,3760.27221131094
3550.37270230824,3757.48770947693
9032.13735508731,2094.13604477571
4323.47591520212,3621.71649947413
4937.05319920593,4112.45862497941
3578.95533879201,5452.55119236962
2090.48330880597,260.459870301013
4369.09171149261,5143.61356815888
4220.16706605881,5021.93696941368
4143.83385647555,4642.01674833635
7762.84690124032,4744.82554574007
4739.69665861422,6839.75702336502
3541.22350108677,5250.96890523144
4573.9508907852,7398.29933711081
2911.27887352826,3300.95816812309
4875.56533352806,3200.02494518934
4461.80325100906,2078.16628190339
2943.17670773329,2198.36542439831
4323.09516990001,6163.06176368844
7586.86633641712,3385.23956266314
4433.1075740217,5306.83442684124
4263.51975257494,6619.47734555189
7976.51345122974,5207.20846091886
4579.30508092823,4217.313196092
4825.65896541468,4826.49242625738
3896.29088127362,4591.94814937536
3756.0805162994,2658.36153310755
4686.66419141211,4666.73855778566
3845.84995089397,5172.88191727703
5091.25524669128,7537.30961834345
7691.71809960937,621.000476611304
4599.43884982574,6472.33978637699
3757.87823310354,2823.79878759294
4103.42668090847,6941.59959651806
3933.28507028038,7037.87274314782
3633.21810174127,5967.56055792838
4307.34794855457,5735.06163189999
3429.70023395798,5344.45712717193
4273.17768243311,7726.2185107258
3581.25652692735,2171.54096720874
3353.2957201821,6078.26871429355
3831.44797117727,7257.64076610611
5055.6221245848,5334.39782358358
3956.47565063625,5005.45576311415
3924.0112764226,3035.6676630174
4498.10981821747,5343.37715485848
3609.27095204198,2240.70507506438
3922.14952768407,6274.56531078251
7116.52092720313,569.965547685827
3719.00596825899,5795.70118930417
8124.61243807724,4539.83335385025
3145.22533718774,4573.30742130418
3222.08536602304,2038.55468189521
4291.49776702352,1626.69504078705
3811.71106413047,5540.75414651614
4302.74099179913,5653.84932077851
4038.70943904789,5482.16036282083
4744.47830159349,5529.10363861474
3506.02224418611,4373.9413185414
4343.51311523,6430.17096923272
7725.2457919918,1107.48016832014
3954.12587856711,4927.82376741082
3687.27309694279,6893.17886447388
3745.67149832757,811.102666514623
5795.46876671279,6426.87438968861
3610.62197833687,1994.62361548848
3705.37745362137,2467.52061507909
3986.93941546294,4280.79434078922
4098.35740033434,5370.42931960122
4248.64514405726,6057.695537721
3774.88303389061,5780.07245919254
3568.08431777439,6793.89371988456
3426.14074719998,1826.34498513769
4896.70722687221,6347.36703094294
4274.75990397026,2699.62142288778
4587.65432664894,7366.36023422142
4512.13097933537,5388.61547827658
4743.27988459656,5041.03226688071
3382.15172697213,2355.05063230672
4191.80698633523,4910.43299946436
4191.39043134422,6776.33296412682
4106.8063925129,6007.85401203031
2988.7465622803,1065.82247746164
4546.41081586405,6361.23372321975
3739.20198233563,1401.07300972092
4037.31475829311,5420.10001177014
3912.30332427465,5747.56461598929
8394.2055217079,4872.01490840478
3245.47274993649,2730.1970290173
2574.3249749733,2630.68459973007
3948.73201830076,4522.2155126335
4206.77261183033,3088.0095318128
4149.8090622948,6014.10550407496
3834.23830255322,6874.93604319476
3741.92173282361,4181.11128940783
3863.97774344972,5783.42570134041
4251.01289795476,4952.14767006806
3920.90635563739,5277.11150832726
2741.87363296303,2682.79918382755
4556.96324048834,3497.25497603967
3971.01172846145,4414.63310229066
3379.19923181132,5960.28575617403
3504.67939471803,2301.34463246856
4116.06798595167,4862.9218290671
4226.80819950129,5152.08166743419
4250.15940997873,7089.24838769255
3705.34183037923,5246.93402041744
4060.06427155135,6322.01981857601
4224.88264691434,7430.63676964752
2775.99566417021,2078.90522145615
4144.14981708909,4563.30478031958
4102.86356801652,5821.21881233763
3226.1916423305,1561.33853304749
4324.52421146315,6561.22480604489
4843.12466556605,4864.2855372546
5339.64069283276,2313.39304716203
3848.72069673027,4678.6165618126
4027.92354046012,5151.39960191282
2788.97904173354,1855.44271216168
4775.40117831249,8431.38715164688
4225.71844845074,6539.68540522167
1104.15697861141,176.007906523715
4748.90883708891,6283.31756878713
8995.74260622325,2591.47069508633
3338.14736587965,5290.29655793794
4790.94558055361,6630.44578793191
3923.74259799628,4312.90427720039
3787.79707820953,5063.70830262114
4259.4744337234,5850.25966533024
3740.37080235929,5995.52143860753
4005.64522748716,3559.37198969413
4077.37496645538,6679.83274422677
3600.29515693816,4891.16729133081
3917.05932649375,4011.18436928498
4138.90762891316,5755.1802390767
4556.39062291092,4497.72119930973
3356.90143552152,4037.83862723565
3528.84900754018,6792.01835684222
4326.4716291483,4594.22141920978
3128.9830973026,2021.6755688036
3970.12100010271,5785.30106438275
3208.97790115225,3943.95249850308
3504.27408288291,5431.2959502757
4429.95369800263,5373.0434107687
3871.10348336976,5997.62429777542
4228.03606942787,5275.23614528491
3503.34297424716,6256.6066482327
2493.95077649781,1430.62551756838
4313.27347354638,5335.93236529286
4567.41417757558,4883.49500563965
4025.82223056534,4893.78138249829
3967.1436528214,4021.64157966541
4467.3567359528,7069.01645530832
4004.4537282767,3974.86913739328
3389.99700993194,2317.08711064297
4223.15326829069,5240.45503224725
3650.97172398345,5679.08236222741
3793.71614818592,4278.40732289203
4655.82208701726,5054.67188588722
4670.5902691959,3503.79062681363
3819.08814783898,164.016405504308
4259.65670562166,4688.16421054611
3829.00769263771,5443.79893436501
4173.80046302117,4799.38402176613
4098.36167079225,5397.70855761425
3702.57515497943,4482.94494538601
3777.56257970104,3650.58694180021
4173.86191624602,6665.22690096958
3624.19813976295,6316.84829884481
3499.75887989537,4562.96395898652
5350.95649484607,4522.10176457073
4563.78319808549,6117.25512281174
3087.61186633923,863.330998674882
3583.43029945974,5749.43997903164
4436.58243472461,6497.62991328491
4248.80341462102,7317.99658763625
4531.87542791559,5569.96541017528
3724.92584425136,2137.61233035898
4538.92274318275,5176.2351594249
3361.16908665398,3039.02069373764
7997.21409212844,8982.93924522288
4124.41839245544,5097.75068753367
8179.83197949075,1319.68986507766
4202.79463002026,7518.83930093879
3952.13993733549,8157.51479920311
3721.73812518913,4984.31426908299
4606.67732960687,6939.49673735017
2088.5478187975,317.291616161497
4020.0867497388,4433.44424102837
4380.70297195763,6129.53103363076
2529.83744913055,4689.07334933778
3895.63739725616,5690.67620752505
3285.71977039007,2597.3811543703
4447.92208247838,5094.1132866565
4881.71613821386,3504.47269233501
4750.08930001416,6863.22844983435
4678.51766789382,5219.93894113371
4426.17615561987,3189.34066153862
4237.09490525195,5699.48512813342
3430.52991464689,1321.62220786521
4245.35260033722,6868.17289629526
4112.57577498375,4610.75928811308
3981.47051027633,6290.53528508246
4417.3507633177,3900.64662358634
4132.88961327611,5695.22274719389
3195.20067399486,3156.71928170023
3868.78585719382,2829.4250881476
4066.12543105272,6360.21083636531
4049.4918577754,5332.46579793747
3813.01591281625,4617.57909761634
1766.98355377716,1605.15574567763
4458.95680601418,5652.37144167298
4253.78690948547,1494.73164232795
4163.75769039225,4570.57915921867
4019.47849152643,5679.70776514503
4222.89167531567,4014.31011530731
4962.46649756782,5086.21350483979
3870.23155554301,5209.02716135745
3681.77031022424,5658.96417790595
8174.61297745195,1551.84754691774
4015.36407484128,5009.26357465785
3138.18806104461,70.8691832889331
4302.92129506795,4302.6745629455
4040.60935402525,4233.45358105848
3870.54987775241,67.9707682143166
4194.18574222247,5740.06274096466
3688.0267467217,2723.4338821178
4332.00942056212,6794.74619607247
4529.22724586723,5214.82408400627
4117.34922132432,3269.35967513913
3913.32708051545,7121.98372702134
4309.42112667383,5793.48458207351
3547.46586065237,2195.69445919945
4169.77213023366,4935.66646376852
3798.01973268664,7065.32239182738
3041.47251935379,6221.20055513267
4767.77931792646,6235.35140613878
4473.26067696899,4206.57182698227
4181.34211101863,5940.22423445633
3002.50571210719,2135.85050395178
2417.35581721622,5933.40442495308
4443.97162797967,2289.40996583786
4477.32312527618,5521.77217425664
4272.54854523939,4543.41366926841
4350.1057903318,2796.40601294476
3961.20456654648,2957.01235760439
4696.72860412418,5853.10125262326
4284.21325609113,4114.44773608453
4514.28730150869,4892.64474758108
3435.743846698,4618.20450053396
3770.96741881883,3040.78252014484
3676.8429214771,5107.80956826678
4044.81771018635,4644.7445875666
3995.05827768871,6546.78937345423
2861.63843899565,4877.30017619875
5231.73351083281,7610.56590789971
3774.61267230559,5116.78932239693
3843.56634547191,898.680376314247
3481.04310990015,191.466146683457
3945.19968744448,5019.43620345372
3190.48029351465,463.178686642596
4266.95243448542,1192.15946965226
3320.25417865733,2791.51844051524
3022.84905239123,3642.51674931697
3703.49024114036,3139.10144048348
4286.61430825315,4846.44062276756
3952.45177556149,6128.45106131731
3760.20118073559,4305.45906477951
4601.6574833955,4134.3388471357
4733.63007740373,6332.02245956061
4328.52478451859,6442.21896107094
3976.92249204942,4269.71215034642
3830.3933431982,6534.62763355323
3430.51524468823,1996.95375935429
3709.39975055706,1952.11355415589
4572.120060003,6399.76598519736
8107.6732408453,2346.98043982348
3878.06499159014,5523.64753729899
2849.77311408184,3487.76398990992
4079.47515011455,6381.69315172952
4501.2910994341,5723.97944145719
3951.38103969622,6609.07722063047
3207.3843376917,1483.42216718724
3970.36405548682,4600.24541512889
3998.04384312957,4543.92532412326
4409.11369804823,6413.63267747416
4074.16534305194,6426.5902309593
3014.17218349003,1481.14889735282
3956.89983015223,5247.21817914674
4591.68782190393,3568.52215449082
4330.51345253469,5343.83214710957
3691.94643547909,5272.22414732536
4171.97692248234,4159.11731918877
3732.56715205226,6034.50826998098
3473.72327759217,5199.19535389464
2950.62864568418,5357.69883938637
4790.3048629486,2187.62426671621
4373.11861011172,6180.05420198758
3637.60887775321,6260.30071171363
4214.06632268844,4904.63607681555
8868.70871767308,4021.24367287334
4169.03043218321,5041.03226688071
3349.2210560641,1797.01976198815
4054.80183267713,3301.46961155031
2347.71810126377,2509.06466358863
4399.48881743339,3663.99948753643
4185.64293916544,1875.2202865777
4100.79617406873,889.58729697657
4765.04601458311,4262.26693792555
4773.99076416711,4926.51629897183
1453.64537831235,2932.91573964507
3931.9982257064,5185.72614555465
4238.99871146093,5229.03202047139
3556.19766357519,5115.19769522864
3411.09413900433,4805.80592447732
3872.90438907166,2865.8542795297
3509.50630906989,5151.96791937142
2501.1806777538,1826.96996520005
4136.65457816357,4788.9268113857
3031.76240600449,5086.55474902811
3927.86260413917,134.748069600385
4927.18378502207,5849.57759980886
4110.23059159042,1514.28182633225
4241.93430020386,5814.91023483397
3612.09523732943,2084.53152201082
4452.56440753372,5827.5836295898
4129.31046494224,5106.3321120165
4322.24127236695,5865.37674058703
4211.12950576947,5376.90788491617
4231.38623904026,5581.90007680598
4157.73863129518,9243.28530386766
4580.77786905267,3551.64304139921
4824.73141910151,4997.95388808951
1350.53482135465,5935.50728412096
9280.85249056025,4152.92291260313
4385.02145445252,5785.18731631998
3515.33630463776,4456.29068743534
4359.21502860072,4601.0978913168
3425.32715244912,6390.67290585968
3805.55011020198,5349.96989109145
4426.60526468337,4344.55964421573
3419.67836113819,6777.69667231432
4324.24074975569,6455.80191747369
7938.90952296669,1541.56106434528
2935.03325211565,3681.33317002388
3772.6594475716,2016.39030100962
6847.11091131677,420.668572453098
4168.37326557141,5196.2966811426
3505.16408772305,4788.3584939271
4036.15113848709,4194.92131908087
4383.36285571172,5123.94995323325
4179.29569391142,2192.79599787504
2809.20603440293,1427.21561281675
3985.2585257438,2540.09483911398
4075.03404131694,4300.06004892277
3502.56896870954,6141.29486673967
3894.54296293619,170.154241985776
4744.80548805753,4777.50379960984
3989.48920569856,6638.06141101932
3681.32662717434,1439.09340541606
3817.89971464316,3745.43929478346
3581.75370591113,4692.59700215218
3654.64214672292,7759.52174465794
2754.54255051278,5385.37598419148
3352.68612810865,1254.21971498915
4429.43813153231,5053.42192576249
4289.40496943898,5863.95594694051
4313.28232576268,5750.46328874133
3662.41513195521,3909.39888159095
2804.60616464026,2083.90633052083
4164.09872527477,5215.90363346447
3872.35762256141,5325.47515491243
3727.47927852589,4629.40001618427
2282.01479225442,177.144541440925
4897.71321824822,4080.06452983894
3270.55925225413,2673.64944188612
2859.7811630141,6075.65420027082
4827.27018758927,3270.21215132704
3590.29609122069,4358.48342195155
1480.53167181081,3930.31287949656
3344.19850244709,6297.69591591878
3889.82395447086,5186.63528434632
2703.15172803639,2341.75204606089
4485.65732160003,562.975274659131
4054.75735439918,6218.52937850617
2406.39470165625,1085.54317784628
5002.24650799161,6978.19940999431
4737.28549410908,5402.14134922032
3570.27780960522,6170.62030131684
4551.46829396232,6719.04664887051
3906.4195266752,2158.46966566083
4311.76934298002,5364.17782755657
4372.82456510272,5612.13465017481
4690.30414813681,4687.48214502474
931.179214060269,2644.21047067381
5453.40582496043,6864.42217021057
3586.57715675124,3425.36281752616
3529.63902506571,6758.26055351424
4362.5048660008,6695.74563306771
4077.59456182402,5895.44090328932
3396.03122900276,3966.74185945103
4184.46685364943,5488.92350972033
3484.79631303319,4798.13363878615
3845.26390761186,5930.39242699352
4411.69742650822,5674.4220744958
4805.94633708148,4148.03512874597
4078.65728765026,3547.77856725174
3383.81430617507,3677.01370362533
8144.11280943656,3951.45437352771
4167.30993226681,4922.2539180323
4775.12400692283,3646.94996377829
4010.34346504666,2846.75877063505
4576.52365214257,4893.44056116523
3846.11573323507,2179.8384443899
4260.88070384166,1158.34458086527
4188.55686112912,5377.02163297894
3824.97594042242,3823.18503854955
7763.68594018156,2167.96044036296
3475.30827176282,6015.18547638841
4012.03206285861,3943.78208783655
8399.8445055763,1719.78535593547
3807.49236776779,5393.27576600819
3238.47888052561,849.236757415626
3933.18745472045,4284.65881493668
4032.84089823131,2100.67169554967
4499.87446817185,5267.79093286404
4311.25383620683,4074.77926204496
7931.86540882074,3882.23339164069
4073.26198375409,6244.44448547645
4204.93782808161,6264.2222713201
2807.1997654252,1026.55180450034
4014.33472399808,4039.9981490073
4576.49210379421,6557.81490129326
3710.41930383489,5722.78614393622
4238.05977813544,4094.7841211589
4154.06248960905,6202.61648966524
4309.39999148353,5377.02163297894
4662.93813785831,7283.55587307639
5011.03480431058,6495.92496090909
3358.06985377659,4846.61103343409
4426.17585592831,6538.60585576347
4113.89781802353,5147.93303455743
7272.08670132316,6595.38051616494
3069.73240380092,1377.99927861604
3823.31114381265,3742.76811815696
3304.40407166111,399.868137611089
3773.99845516719,5594.11890216599
2605.7373679616,3875.47024474119
4288.81592455436,3010.09337738018
7653.59687532411,1496.09566765689
4548.34744654084,4659.12293469826
4247.56045092486,9125.81442345824
4515.35592839788,1878.40269520379
5054.02129559358,7105.61584592931
4613.06551219858,4405.65377101575
3851.97155354521,4112.00405558358
3258.22911130382,5120.42630041885
2584.73701206425,2406.76752103976
3662.10445978042,4679.01404574943
4288.34367008879,4054.83106553478
4404.07515192323,410.609348150102
3695.27015417657,5933.12026622377
4338.35170787954,6416.87217155926
3624.86020076086,962.502448058333
4207.36112954796,5797.91779653483
3939.1447111124,5152.30916355974
1565.46965310193,1014.61713786963
3066.68844376219,972.334255521146
3412.02849772168,5434.93335115287
3749.96219007014,4566.60093700844
3842.94198947714,4753.4069702229
4288.14797099056,5655.89509448738
4173.96773289882,4858.71611073132
3558.51934201997,5474.60182519244
4139.2545848377,4781.42493636107
3933.87820610053,186.351289556014
4196.83360003206,5774.6734433358
3069.97277843887,4430.20474694328
3424.02670390548,6890.39436263986
3487.29856718514,6275.98610442902
4758.84732501245,6945.52115612453
4166.4944951364,2105.04782455198
4021.51828131886,4933.79110072618
3691.64268582131,3251.28726452655
3732.22595655031,3157.85591661744
3597.72483017562,5975.23284361954
3953.44888525568,7872.50359371279
4228.86500652288,5407.14245828499
3694.54616977498,2293.55859871463
3611.06463221366,4562.16814540237
4559.44194953467,8065.16321217983
3745.45839790659,4406.39249914089
4161.15451671694,4415.31516781203
4346.87680336418,5596.27842393764
4677.41423593198,5585.70788834969
5184.08813020688,4397.35608240697
3813.44350909425,3434.22861216592
4631.45716574534,5961.30906588372
2297.02100413986,1822.59404762537
3871.54995895553,8502.37017136873
3827.5482667525,5484.09281132219
3847.17493780383,5045.35173327926
4219.97720100918,6535.76426847045
4692.93502336911,5570.8749718222
3033.91690199887,1980.13152029406
4635.86635839232,6778.43582329471
8923.37199782414,944.60044811228
3599.80304783742,4548.35811572932
4283.42266291944,6020.47074418239
3381.68243355559,1579.41094366007
1960.95369772161,44.8970767521148
3762.2373160882,1262.91499324856
3499.01532526495,3279.13481999819
4410.61156905466,7139.60156823809
3937.28674111835,2279.91897970811
2333.52502111655,984.55308088115
3359.10691110824,563.429896911871
2717.11314558257,3342.95678602846
4336.84066531461,5313.42716307421
8634.4168885685,7511.33784876941
4360.74748491288,6224.66712248806
8651.06068273847,1942.85006415168
4007.78416375132,4395.36697130185
3972.63986014853,4495.78875080838
2607.97791161174,1967.17396680892
3642.50749377234,3155.52577275164
3792.07285527066,5569.90874757152
4256.37086790016,6259.90280492156
4472.1848590361,4329.783390292
4105.15255189229,4652.41687325777
4423.11866534101,5387.9334127552
4096.16473599655,5081.38280644165
3123.80244093873,3189.79523093446
4377.15314673545,4437.08164190555
4464.22803924525,5468.06617441848
4959.93039338633,6582.30921461703
4258.961937436,5845.94062178694
5074.85935689757,7883.6991093631
1947.95041226059,1141.12454072678
4264.42671845993,6709.95356953283
4083.96522704749,5221.70055611329
4036.79399025107,4400.65223909583
4537.81630249056,1801.79358635491
4342.27111058964,1174.08695332586
3373.40927979632,3902.80614535799
3414.94065275297,3057.88870650675
3579.45842147226,3720.77414793791
4549.09372484383,1624.93321437985
5074.60514668631,7104.30922320083
3970.4290021557,3024.017155116
3693.36918880062,5033.98538410716
3327.5316306676,4858.37528939826
3488.77306447075,642.937519942069
3436.75797700378,1947.05557105983
4226.51339733886,114.629620994393
4054.78819149678,2760.37451692712
3260.66865832162,4733.6296072345
3071.55532625506,3434.68318156176
1379.99584997984,3737.99408236258
3087.18967911771,60.1848137457396
4044.12723831791,2476.10225098955
3737.57522846951,4979.76772941416
3619.41092011198,5343.43424031749
4642.47181652706,6056.38849213726
4117.77059742015,5032.16668366857
4131.52203532274,1364.24601726057
3905.52221662953,1761.67033149188
4813.1874355675,7154.60531828735
3257.89813692802,5379.29490281336
3985.95511159832,4177.81513271897
4521.76735231015,6840.49575149016
4265.37326471484,5562.06605121383
4369.75382810566,6202.90064839454
3984.79523747235,4025.6764644794
4678.26928518896,5920.787692801
9217.45849894975,6093.04496821728
3490.3304829758,3636.94732279369
4212.82608950457,840.029982872084
3769.76642195761,4221.51891442778
4352.32627158585,4326.20265201859
4423.67327419691,5288.19369877005
3962.12478587318,3914.34332805187
4470.36591762659,5991.48655379354
4468.79028306145,7177.84882577589
4224.87733024356,4116.03894039757
4283.8151944823,5544.56153520459
4169.95771060684,3886.04078032914
4274.58968789045,5913.11540710983
3619.18032538961,1760.64744463744
4631.16278034184,5924.82300047024
4826.33601325686,5775.01426466886
4555.34900321902,6301.78788619178
4555.21960911472,7071.6305464758
2533.60160392769,4107.74167464404
4773.32281773216,5434.70585502733
3312.0199482698,2806.69238980341
4854.17060470535,4608.37227021589
3833.88196396807,3761.920501083
3978.75563109083,5149.97880826631
3967.02723071393,5538.02588443064
2530.77168158596,4426.90859025442
3517.79746489355,6278.77102911829
3963.62064221643,4867.29795806941
4549.73290351849,6323.78185641084
3926.42613762712,5972.33417086751
4800.05011729557,8065.27653738735
3965.66508130605,7008.94521536273
3977.26288701591,3486.57069238895
3690.86457125555,4021.75532772818
4303.00899836456,6612.60045058962
3732.7174685187,5875.94769903023
3729.4958416765,3692.0174536746
3979.87298508127,5188.96563963975
2814.78308531567,3629.50253322807
8226.46744077384,3032.88273832814
3613.57665428652,7362.95032946979
4049.40782847847,4189.01107122453
4582.58662260403,4750.90620426294
3787.10623201897,3157.85591661744
4160.59321821884,6529.56943902955
4201.90554791582,4998.80636427742
4210.78731127958,5264.77893490448
4575.78285354947,5591.05024160267
4274.08303973497,5473.23769414969
3868.00224341467,4604.6215441312
3673.54286990903,2894.61118522063
4495.64473180773,4821.09341040063
3901.74667529416,4808.02210885272
3523.35916760453,2051.91014217242
3854.34537083618,970.060985686727
5054.07801426064,3103.58159932068
4037.62490981292,4440.20738792787
4033.46936195966,3838.98417932771
4094.40590445872,5332.29496441569
2592.69642614636,3652.34897963503
5912.29410342516,4671.73966685033
5042.62119428716,4746.87131944894
3893.16699597764,2783.90302885546
3904.14386863504,4155.82116249991
3704.30649902961,4414.86017556095
4008.26086433342,8496.91364719772
7589.77402316792,1507.23462641726
4572.15339161328,6394.25322127784
4150.15312706467,1917.16203045169
3630.47568363107,5445.44722413706
4177.1180225149,2522.36324983446
4356.77550861453,3974.75538933051
4111.09246904711,6050.0799146336
3769.41541714695,4304.37951532132
4152.11709663478,6979.27895945251
4023.55178897343,3037.82718478905
4049.31027575824,7311.51759946605
3912.46914350148,1553.49573097598
3842.33642817301,5902.14696472981
4450.54942078836,4542.22037174744
4061.92019992633,5900.89658174983
3988.26590702993,3725.09361433645
1553.84197883176,3251.17351646378
3255.83025751953,4507.95091356462
4355.96557543873,3889.56443314354
4716.49160582743,6107.5370634117
4541.78219259136,6096.1707142396
4381.60153324796,5063.25373322531
4396.32737505019,5864.4109391916
4356.69074944472,6406.18788790854
4377.18638796014,6354.58474723827
3790.87798719963,3658.82754494998
1631.01702792296,324.225094442166
3740.43088879566,2263.43777340857
3977.83807625141,6732.23127562594
3723.16774040743,4017.5496093924
3931.33447841114,6073.32426783264
4115.01253781439,3666.55691610016
5018.3841508923,5974.55077809817
3870.74342456836,5590.14067995575
4845.13210101716,6406.64245730438
4472.39487649318,5931.52906191073
3957.22272134328,2990.94099445415
3772.55059268806,1643.97184924311
4050.6244792117,6395.21944552852
3093.62488393514,3724.97986627368
4050.37414895663,5281.82845866263
4362.52352607229,6066.67486899591
2318.20259701733,1532.1838262783
3913.24584528907,6618.96569069704
3813.14775047704,4323.41815018458
2662.23025426471,2178.53118737853
4038.66507425632,5189.53395709835
2794.60411337989,2330.49923352394
4551.23242231921,3108.12813898952
4325.38161184303,4241.75084681201
3834.20910081781,5694.37027100598
3674.04626513216,5315.92750617892
3965.35926599534,4353.19773130232
4100.74699823393,6127.08693027455
3255.25720590446,754.441384177576
1714.28713258763,362.018205439388
4292.59749538918,6482.79699675742
4407.73053096323,3599.83627731785
4744.61185951581,4508.00757616838
3059.74715573632,4269.03008482505
8372.51391436483,1544.23213525796
3820.56991800278,4818.93388862899
3190.48929271773,6380.32944354202
3888.67282975315,5333.37493672914
4672.14015156861,4745.67802192797
5935.28519474148,581.16138047758
3844.99654494889,4781.99325381967
3133.49256068518,4115.18646420966
2919.08388402818,2551.00640746262
3331.46856914859,3235.65853441492
4639.24816405366,6973.65287032547
4218.80685472267,5273.8153516384
4335.46862466598,6601.12077621
8657.73603926272,2123.40439389386
4002.71856489484,6206.59471187547
4065.39872196758,5739.21026477675
8049.51244131046,4151.33170829008
4556.27035534537,4748.06461696991
2585.95809606434,1174.5985024669
4281.61691495257,935.507368774603
4198.78980147654,5340.08099816962
3943.34316840276,3763.90961218811
7649.77142296012,1367.59904798081
2336.10234771014,174.928105995211
3904.92249409895,5529.21696382226
3765.06397322448,2207.28809306946
3928.07985148768,6542.12908572262
3796.38054049292,5682.15144564598
3905.22942551186,4457.48398495631
3904.66222596065,3669.11434466388
4049.22181981168,3716.6821776649
4883.32699226202,5455.96109712125
3312.86186432197,3875.18608601189
3393.37467522075,482.501480235161
4152.54816037139,664.704046892491
4357.14220554343,3306.52759464637
4047.55140379257,5561.38398569245
4802.73037785331,7601.5294911658
3266.16987448296,6383.45518956435
2869.98528836483,203.912296384058
3863.06391662473,4314.83630284649
2039.68381727325,850.714372236617
4067.000187608,6882.15375949009
3608.879013612,3100.17169456905
3788.34604816644,6751.2699104892
2597.03535515343,19.2091289445988
4173.91282030958,2755.60069256036
3860.70440398503,4761.30675203961
3770.46142326375,3858.47738358681
5058.88961812721,3060.90091589393
8524.29652621253,5817.58141146046
4390.12952420998,4984.42801714577
4847.52507225935,4961.5815707388
4357.61531744172,5656.34966388322
3962.16362294622,1937.11001553425
4030.57614043306,5292.39941710583
4388.67537460171,3268.79135768053
3855.08441552628,4251.01433681622
4726.05218129131,4948.68067985742
3845.49098462742,3732.93631069415
4594.42580158946,5083.65607627607
5198.94949927364,3436.10397520827
3466.11650933189,2018.54982278127
4013.42049054992,5849.5209372051
3696.09691836898,325.645888088679
4441.98787703401,4697.65519667587
4397.66209625147,4621.38690916005
3576.78351931852,5688.28918962786
4017.10138588069,1055.82015361848
4243.02883128603,1868.51401370959
5005.60774432139,3717.30758058252
2920.91294252124,6034.56493258474
8097.19005261985,2638.30001138985
5123.94885860501,4688.95960127501
4801.0305254952,4439.63907046927
3514.27283873543,2555.38253646493
3866.52612743012,1919.88986968194
2257.44190206237,1982.23437946194
4302.38632898487,3886.04078032914
4660.62049714792,5019.94785830857
4071.70539945527,2419.89569661906
3786.72972652552,6215.57404315038
4346.77955370822,4906.22770398384
4022.12717189629,6875.9589300492
1033.14580768527,1708.02120568511
3361.70647130332,3338.1829616617
3193.49733129528,5105.42297322484
3776.08122461483,5378.10160529239
4250.2665534044,5698.97347327858
4120.18599331163,4300.28754504831
4112.46433147432,4673.67211535169
4286.79153601149,2222.0074729618
3089.61478649853,4842.2919898908
3803.44293412126,4765.90995431221
4490.67925407527,7236.44303232645
3830.0104428001,2084.36111134428
4224.37447020229,4676.34329197818
5101.07434151733,6555.08706206301
2882.11823495309,2088.28245952313
4490.58930265939,4975.61909653739
3853.28293816811,3910.64926457093
2997.93846201683,2688.93713923706
4683.31794363885,6174.08686867223
3951.8980777699,6312.1880111132
2727.75157891935,2003.14837736755
3393.0336588679,4610.75928811308
8312.57447671043,2571.69312067031
3381.40947277647,3430.42080062222
4111.21095278269,3183.99851971326
3976.04082756047,4689.52791873361
3610.01378611949,4547.90354633349
3699.66163691357,1017.9134002723
3894.60286413706,5287.3978851859
4495.53040974357,5183.50953832399
4434.05326231204,1266.49541438054
4786.07049690617,5402.93716280447
4695.30369725324,4987.49710056433
2885.49052844054,4769.77442845967
3490.16406590249,5530.41068419848
3741.70125416221,5326.1572204338
3679.02415534818,5576.95563034507
4883.05994263999,5472.21480729525
4526.09249595285,6440.74150482066
4025.27088469613,3741.97230457282
3977.04193262244,4656.45218092701
3056.35453739266,1631.35522280484
4713.14127078198,4590.18611154054
3639.29663257752,4727.20770452332
3901.197387396,6238.1929934318
4308.1540436985,6321.11067978435
5046.51273938034,5007.84278101134
3536.16952558945,4801.08897414195
3882.97594954904,7503.55223787073
3926.06574899623,4192.02306918409
4124.65558963008,5360.59751213841
4493.35989457389,3887.00700457982
5103.91267589472,7336.75106377021
4493.31610159477,5160.72017737604
3916.13514445358,5662.2032491358
2899.62412203208,6156.58277551825
5106.90732401781,5814.62607610466
3177.95355386237,3140.01057927515
4635.0252487346,4713.51100005779
3807.91281282636,2059.12764704013
4108.97637005108,4526.8187149061
4548.31638258098,5578.03560265852
3181.91059072474,1359.64260356034
4410.28397204642,5100.53518936768
3409.46051607512,6397.833536696
3825.49284125608,6067.52734518382
3982.94881886202,3451.39167255921
4339.27594433678,5325.3047442459
2570.42876847213,3285.4429746466
1471.39393959642,47.7954951302881
4474.36173911891,4291.99027929478
3987.88949637269,4204.58271587716
4729.50891567077,6674.77454970309
3946.1954448396,3084.37234236326
4385.67872319653,6084.46312087919
4385.04574950163,4915.26369786251
3696.43031280228,5343.37715485848
4374.61706982416,5062.79916382947
4601.59711280447,5014.88966378488
4011.05496970407,6358.7900427188
4381.58406803191,5989.55410529218
4499.09807184588,4991.58864798209
3640.129556793,6535.76426847045
3936.37845240553,5880.60798676184
3380.53235149319,583.150491582697
3252.3444057372,399.015661423182
4819.67083842983,6977.858165806
3817.3345859705,2322.99756992693
3647.75392173736,6179.31547386244
4327.85979121402,3217.52924977095
3758.14624686192,4635.70859368794
4366.35832811998,5660.44163415622
4387.44448036578,2911.66070897877
3036.74890264555,2225.5311257762
3564.49828404457,2195.63758516806
3393.3349559426,3224.91737673281
4295.77967988141,7895.52045078628
4995.33571715681,7245.1377820168
4227.93525946372,5523.87503342453
4611.78663578729,4594.90348473116
3546.08031452656,1451.36910480745
3799.25908757688,5962.90027019677
4273.5561840853,4200.26367233386
4854.99626074208,5753.07737990881
3853.57783713341,5645.04040017013
3891.89688632304,4905.48855300345
3216.25136792142,5430.10265275473
4119.53592539844,5453.06242436921
4108.23090764185,992.225366572316
4274.042747207,4223.16678134458
4247.30728972022,5288.25036137381
4220.20853712612,3737.59659842576
4796.66740539045,6875.33394998684
3503.80023091778,4981.24560851968
3605.55803426007,4449.24338180654
4442.80148188828,6671.36464495146
3826.20623204021,4766.87617856288
4802.88032882115,6267.85924934202
3972.60643303137,3097.38676987978
3096.61284323949,5910.67172660888
3726.29547219877,4727.09395646055
4175.31379661839,3892.34935783281
4379.48909414888,6943.58870762318
4654.99046702121,5161.51556810493
7963.87418380428,4958.62623538301
3770.21743040664,4696.91604569548
4045.08642547308,3859.04570104541
4276.04130585923,6658.52083952909
3398.30804647144,1373.4527389472
2034.46714113555,4713.45433745403
2910.78543632137,1479.89862008665
4150.867958615,5380.03363093849
4545.32333240951,6651.98518875513
3869.84197766419,5784.67566146514
3544.00492908024,6659.88454771659
4505.65199591509,5711.87436415996
3622.88319878268,6001.88667871496
3164.27297033553,4419.00923129296
1828.2654327696,1695.85925435649
4594.30080123876,5543.7661444757
4149.55594425289,3130.91749993747
4247.06072858827,5526.60287265478
3857.19550987443,154.411843096731
4360.29689048453,4123.2566566929
3672.25451155485,3369.55395852012
3306.38070780256,1647.72268104161
3768.58349432518,5030.9733861476
4059.73014007507,6660.16870644589
3935.77581902227,6079.74617054382
4305.47444541957,5297.62759944079
9023.01458189484,2343.79781976977
4122.52776578755,4371.09973124837
4199.61478524882,986.599066017653
4231.01709340327,5661.4078584069
3769.41753250064,5429.70474596266
3632.72440332189,5814.85357223021
4340.06746086106,6899.08953518547
4318.57213480338,5513.53157110687
4280.70598960641,5153.95703047654
4324.80252972627,4804.3851308308
3507.95225483225,543.538785860702
4506.61392599916,2334.64807782833
4431.66993733208,5606.45147558876
3315.96716254106,2926.7211216318
3327.60239203036,4594.39182987632
3176.01358052196,4970.84506074301
4401.2732666268,7939.96253776498
7776.85900197217,875.493002860407
4087.55037351996,4589.78862760372
4189.99556358623,5612.70296763342
3444.73462886362,4916.51408084249
3201.23672485,1998.31767896941
4819.42397505377,4628.2067186633
4136.28475254022,4545.40278037353
3593.34116810392,3700.88303688674
4036.77865262054,4803.41890658012
3652.97115574219,3783.63031257275
3174.46385163764,2726.90066090082
4518.32418805574,3735.32332859134
3807.7282526595,3138.58978562863
3697.28545760329,7510.99702743635
3976.49140292704,6642.89210941746
4050.69730711776,5051.20531853183
3892.41095448751,6374.98709028904
3952.26142695534,7404.15334521864
3289.05562665513,4367.86066001853
4082.91520759718,6078.38246235632
4506.72906831215,4205.43519206506
4464.21899506325,5189.98852649419
8359.34912077182,2273.55395102831
7383.7024449582,2512.47456834026
4104.17059886848,6474.21557227459
4099.53433698726,5741.08605067435
3866.02228224127,3637.45897764854
3790.49182150226,4675.43373033126
3620.51335667761,3855.29497496072
4216.09516569244,4399.74310030416
4051.03587085125,5769.55858620835
4568.55736990432,6166.86915237689
3920.94214959727,3212.52792927865
3092.97148338275,4308.86896953114
7919.18866023701,1221.99613622901
4020.7909402598,2383.06859844489
3019.00576896846,6828.33401158917
4004.48717839094,6385.33055260669
4646.3638274748,6005.29658346659
4884.23343699081,6842.71235872082
4287.76451975055,4737.1532600489
3745.48125925283,4818.42265662939
4562.35774273515,4889.00734670391
3634.48803700936,3945.94160960819
2934.41887445023,2500.0851208861
8389.69393872993,3427.8633720585
3954.09251184346,2011.04815918426
4509.53775349986,5009.83189211645
1506.81487171489,1162.49331945585
4334.72949352057,6646.98365683521
3900.20451589069,5723.92277885343
3633.92508167518,3862.91059804813
4364.61760297203,6409.99569945224
4309.70781542549,4567.22633992605
4039.65797259723,6196.25124955781
3901.82424152133,1822.93508038606
3751.40244328623,3918.94653032446
4209.60169259698,3754.41862605836
4653.82347858588,6463.24670703932
3865.36927918234,5516.3731583999
4745.01031360719,6106.96874595309
4523.46187894449,3523.34070510411
2949.64403351755,996.374105162894
4277.646953921,5813.88734797953
8396.21243700503,823.946630507711
4500.13342604172,6561.22480604489
3957.52612261368,3048.73896456531
3837.45255174677,5172.88191727703
4003.44912034675,6005.58074219589
3336.0373983323,4011.01395861845
3800.68516180957,687.436745236684
4152.63802301748,5110.53783035228
3856.36148981027,6601.80241887613
3798.18736231847,4419.35005262602
4676.49047892412,6745.24591457009
4317.24475076936,5258.81160158913
4472.56096681495,5614.69207873853
3474.37747201359,226.07666405542
4501.37113962627,6171.58652556752
4149.53812789399,4639.00475037679
5327.11258807858,3483.33119830386
4527.73690833744,5908.91011162931
4220.17177229649,4253.00344792134
4426.77736357911,2884.09731223644
1622.2621952379,2002.92109266964
4388.37672621419,3556.18958106805
8770.66245041362,3140.97680352583
4837.87530148409,6239.78462060009
4018.77035597279,6859.25022762412
7852.46587679451,999.897652263481
4202.14717125823,4969.65176322204
4482.45957890105,6641.64172643748
3569.42543503584,5545.64150751804
3754.18750949113,3534.76392830759
4053.86838924044,5612.47547150787
3779.81291171689,469.998496145854
3739.94149063209,5471.07817237804
2581.92536377296,3872.85615357371
3817.78453287077,2246.21783898389
3858.59000537846,3263.6196265217
1843.57169397574,486.934377555041
4465.98429623368,4819.5592915466
3698.42709428836,3827.56116755186
4326.24472954824,4523.63630628001
3037.92423118567,6287.86410845596
4688.57873612741,3951.9656055273
4014.48696201679,6010.18436732374
3841.81294277711,2635.51529812821
3959.29327582115,5498.18699972454
4150.71513655673,5478.1821406106
4025.95906471483,6509.33750664532
4418.84997251405,6967.28763021805
4357.45536770973,6042.80553573451
4037.20025511535,6271.43956476018
5016.41265425937,6514.79318510583
6975.24692720632,5808.31792145625
4112.9119965562,7371.19093261956
8217.16321427773,8327.27088580418
4412.61693607551,5521.03344613151
3356.97371857231,4797.90614266061
3466.3959782325,2271.05339649597
4523.43204301765,6357.31258646853
4348.55199627175,1597.31294360613
3625.51097018629,4747.21214078201
3825.00459929685,4363.20037228692
3999.11102658442,5259.32325644398
4007.32271548309,6065.19741274564
8583.36195686769,1091.39676309886
3596.93415294404,6259.90280492156
4148.02297892128,3002.93253511624
4215.1843766188,5545.24360072597
4639.67109360705,6801.05477357613
8315.09727658455,871.060105540527
2365.88481387147,1124.41604972933
3939.27828082337,4077.96167067105
3967.17232524055,2849.94139068876
4454.03679111494,5512.39493618966
4193.06815233413,4711.29481568238
4678.81694710594,6136.97582319638
4159.41343386487,6177.78093215316
2692.21261792733,3814.37611794117
4077.99127437405,6453.1307408472
3727.34579852193,2728.66248730801
4089.86317665257,4416.7926240623
3239.99248965652,2002.7506820031
3422.42552330841,1528.03508768772
3941.29895848179,5278.87312330683
4305.80725823915,4231.6348806199
3823.63796523686,3700.94012234575
3630.69546260092,5556.60994989807
4398.83780829264,6694.09734329565
5021.96186392004,5334.45490904259
4500.21175699038,5915.10451821495
3323.57452008903,1651.24633385601
4280.63502551807,3468.04350095291
4207.07210803133,5406.51747822263
4163.06578665702,2525.09108906471
2409.32232800269,340.592631964295
3186.75075931305,294.388427865412
3553.74815596033,2898.98731422294
4251.19781882836,2705.87291493244
3990.65033314918,5728.24182239673
3977.88652928459,6644.36956566773
7812.4888789775,1173.74602627899
3987.66367626544,5992.45277804422
4561.9385347747,6250.92347364665
4010.11825334907,2369.20169474045
3635.91442108282,2748.43985029641
4395.62097091412,4014.87843276591
4066.16195585814,5233.29440141093
7667.51939549056,1791.27971337072
2734.37845158213,3047.54545561672
7836.49489766604,3369.55395852012
3398.99154108242,3573.46617809648
4569.50250141313,4116.15268846034
4198.16345250788,4148.66053166359
4197.39698519033,3856.31786181516
3964.33258304828,521.033425071332
4061.73832327869,4719.93290276897
4131.11495089267,2203.1394601927
3433.26622338198,6045.36296429823
4177.62893804658,4827.57239857083
3935.72805886434,5781.20909410975
4727.0341652752,5296.60471258635
3910.72592516755,2023.21011051288
3427.02284018876,3922.58393120164
3970.39551904044,5120.88086981469
3925.22338683314,2263.55152147134
2579.75029110527,4838.82499968016
2599.03192416592,636.686027897416
4175.97063600802,4522.32926069627
2873.91104703008,4191.11393039242
4103.95365841637,6074.68839887539
8395.55264098282,1087.24813022209
3581.80521186842,6465.74747299928
5132.73439192597,4058.52512901571
5086.10329343956,4957.03503106996
4685.55789216475,5013.35554493085
4605.15364876172,4951.01103515085
2992.00586771744,7655.51964973326
4497.13402976699,6292.4106481248
3795.52588221723,4163.3797001283
4601.08040981938,6441.70772907134
4423.80204736187,6302.18579298386
4236.346777526,4556.03040142049
3196.41596001193,7498.2665472215
3632.46661194425,6812.30737468546
4704.34339034099,6931.48363032594
3179.83192638862,2612.78259978401
4592.24446601334,6021.09572424475
7326.6324723797,4143.43192647338
3786.08466880339,7966.21931177882
4847.37022734194,8468.72527039302
3937.43667695583,2312.14266418205
4270.85322293207,5553.48420387574
3900.10249345268,3047.09067479326
4155.93360255565,5523.87503342453
4026.62294125727,4158.83316045947
3277.11807326821,1131.1789852012
3853.15177414648,757.396666676465
4004.85680398368,4565.18014336193
4418.54218147592,5487.21855734452
4592.76008860224,4980.44979493553
5201.74444074807,5866.22921677493
8774.15535827995,1983.82558377499
7908.61232776955,6369.81557055783
3860.77197660245,5228.80452434585
4121.3006196004,5359.06297042913
3810.65505416281,5668.11391984739
4149.58420621692,5202.94607997933
4122.76224896407,6219.09769596478
4375.68436828665,6365.72360028483
3930.89605805584,4285.51129112459
3251.79941661671,5629.18417393295
3807.05873107678,2815.95609123524
4883.66756079816,7717.46625272118
4208.96129125172,4708.79404972242
3886.48792968351,4045.96548232265
4187.43932228381,5109.45785803883
3838.75818504902,4016.41297447519
4304.21438930526,4728.51475010706
3149.16820123721,6660.2257919049
1889.17851285053,4405.48293749397
5116.45796266621,7203.19646099807
3618.21086210535,5666.18147134603
4442.96655883333,4137.74875188733
3704.70093971918,4197.36542243708
4092.05037124441,5152.08166743419
4331.82231199772,6260.64153304669
3508.5252904114,4688.67544254571
3683.01709632906,5367.41732164167
2461.24165775474,2298.38929711277
4417.08711436589,4845.75855724618
7860.10856938156,1670.05757830754
4780.53588424409,4957.2625271955
3665.81477207136,3428.03399415265
3667.03149346034,5846.22478051625
4841.00487752001,4284.03383487431
4049.56811635587,763.932317450421
4156.11225309197,3618.19284665973
4174.62802475023,3259.01621282148
2967.82409153926,4148.43303553805
3921.72440456916,3351.19738917823
3919.46005499648,1477.56847622085
4729.55426663307,5609.34972548555
7328.50735164838,6954.50048739944
3700.26971452822,5132.70221123787
3324.38078928287,436.922441197815
2944.1612038235,6439.32071117415
4042.16287470848,6144.1364540327
4427.90365512942,5238.5796692049
8486.11460925833,821.446023118468
3827.1104268153,3538.28758112199
4319.7396764691,4978.63109449695
4749.55570911087,5620.09109459528
4820.32850371233,6517.06645494024
3056.51489025763,2680.18509266007
4090.60604288092,4671.22843485074
5005.20344182044,6416.01969537136
3548.66220675842,4740.50607934152
4237.0926368389,4179.74758122033
8364.79517727639,1056.44523939466
4337.97204461102,5328.08966893516
4169.95884595334,3486.57069238895
4557.96667736508,3642.74424544251
3379.40023679766,4260.90322973805
8309.96815420834,2206.37874285017
4277.48289104765,5493.29963872264
4040.88133443528,6839.98451949056
4390.087236497,6565.54384958819
4924.9863255994,4872.69697392616
4358.84054075189,5087.86179461185
7370.78215061827,8258.33448550171
3016.00763783338,379.010908023054
4786.32947418398,5096.27280842815
4457.26228019836,7411.71145999178
4180.37349399205,7705.3615982792
2514.52726250607,3420.64586719079
3911.35861841605,5736.4824255465
3848.51283001342,5840.20036174188
4810.06061562846,6822.36667827381
4155.6106800948,2854.94271118106
2955.40166114165,1101.62647735375
4758.60176510116,4994.48732073412
3897.10578113432,3915.82078430214
4725.73451393828,5826.27658400606
4109.79759273815,2833.80121714991
3825.31969278221,5050.52325301046
2765.33220826931,2718.03486626105
2858.1813837843,1202.90062733437
4022.29257616905,3640.86888240017
3649.05628161299,3265.3814529289
4151.5528757999,6367.82645945272
3767.69125181697,2538.90133016538
6423.10841782964,1187.84021468134
4385.05298394337,3586.36706897786
4005.60263366666,4131.21310111337
4727.76832611746,4229.02036659716
4295.35145999665,5832.75557217626
3848.88709180299,6502.57435974582
3298.78305699544,1358.39232629418
3392.05445351004,1641.9258641066
3002.92166788356,4076.65462508731
2662.13536275353,3485.77487880481
2456.34076246993,3694.40447157179
3924.60591431253,5397.65147215524
3827.77221512573,3485.88862686758
4132.96604670391,5848.27055422512
3775.79496529906,2301.34463246856
3726.61044865215,5306.32319484165
3488.970975096,3381.14780381776
4190.96199065367,3035.6676630174
4550.34720575778,6960.06991392272
3632.5163932725,1906.30712470681
4402.19299173295,2055.88836438266
4597.36302314412,6727.62807335334
3451.85007597513,3814.03529660811
4085.94969128197,6359.92667763601
3794.5707152344,6018.70912920281
4666.27269504215,7375.68080968464
3654.50549700518,5039.1002412346
5461.56327151062,8313.2904454646
4455.82727025729,153.957194415538
3728.46297866889,6067.01611318422
3114.87389051212,6507.8596275398
4280.72892699386,3571.93205924245
3869.27371243412,4513.69075075443
3998.21164154778,5353.55020650961
3591.06037838406,3737.70992363328
7017.47496195183,2354.8233476088
4081.62973003225,6222.33719004988
8456.65577092113,170.154241985776
4153.53538771404,6108.16204347406
4525.95563000696,8672.12625796979
4054.90078263487,5573.37531492691
2926.23143705127,906.182145625068
2682.2698960642,2418.5315655763
4648.12241921045,3628.70671964392
8562.30847490931,2814.81945631803
4330.8526094278,6043.08969446381
4086.80160279241,5558.03074354458
4373.4171066153,6323.61144574431
4712.30702750305,6397.15147117462
3958.26999343931,5803.31681239158
4972.97132140775,5167.42623881652
4052.71449599325,5084.67938598576
5145.50715038013,3859.2165345672
3398.49575171625,952.897819579623
3797.6281812222,4020.90285154027
4912.95983400898,6627.66086324265
4677.84923140139,4663.10115690849
4403.76524889313,1539.11727813051
4381.30300804392,4450.03919539069
3985.04515547024,3739.1878027388
3147.70848824606,1757.57846693269
3756.14900522539,5540.29915426506
3778.74263532871,1725.35488817256
5049.9646739122,6174.37102740153
3650.86918815712,5673.85375703719
4351.33625228827,2697.63231178267
3429.31610341,2101.97895256103
4936.59879371867,6226.94039232248
3336.1347359354,4465.55417743955
3868.64712796374,2172.84801279248
3917.72380585295,4482.3766279274
4187.41051289822,5055.9222688672
3964.59269334204,6231.20277326201
4540.58899833286,3962.53656397051
3226.98943115496,2385.85331170653
4490.97494045908,5246.87693495843
3915.97704260071,3901.04453037841
3511.92925259075,4511.07665958695
4584.65486488374,6036.89528787817
3806.17113958886,5311.83553590591
3769.10913011116,5549.16516033244
4217.96387036875,4720.55830568659
4310.43982977468,4993.46443387968
4555.92965389424,6804.18051959846
3832.65950592413,5278.02064711892
3398.11712504618,4675.03582353919
4063.73831354075,6769.51315462356
3938.09182003218,4628.15005605954
3619.61131051902,5168.27871500443
2536.54477126841,3470.48718145386
8063.50756709727,369.576822353142
4418.55577403686,6662.78322046863
3217.73704610718,5832.01684405112
1874.54851789654,4605.92858971494
4354.70934423652,3602.2799578188
3644.08639328526,6319.57613807506
2858.03722125736,5192.71636572444
8318.63609431011,3199.51350176212
4424.64937377232,4404.97170549437
3667.24282541064,5817.06975660562
4004.72643726817,5016.65170161971
3876.80393410956,4640.141385294
4027.35347496228,5755.86230459807
4304.30973922383,6618.45445869745
4361.19294569398,4584.10545301767
4787.5081845996,7204.90141337388
7678.74686621375,223.860241823933
4539.03963547983,7292.99061945763
8020.30954243481,1024.56269339522
3590.40131148021,2609.315821001
3681.98887986811,5573.20490426038
4257.22110220382,6379.70404062441
4583.25305673095,5247.44525241703
3826.82730440651,4394.68490578047
3837.24363355197,1926.65301658144
4289.93358821349,7387.21714666801
8463.18130614047,1291.0467074495
3715.72139335261,1492.40160417596
3808.82590123645,5947.95360560651
4753.15133109565,6507.23464747743
1466.50630164408,753.702603195534
4145.09564425319,5318.71243086818
4421.30884041042,3411.49591382173
1855.3505748479,2565.49850265704
3776.31233356854,6133.45217038198
3769.37500018525,2770.26340984894
2818.71491381886,4624.9672245782
3575.64289685614,5728.69639179256
4572.84174379985,4617.18119082427
4632.15300086523,4121.60836692085
3026.71784705529,1205.45805589809
4384.55075033478,5749.04249509482
3783.88718443173,5499.94861470411
4335.1955978897,5520.35138061013
3948.24511408951,4392.24122527952
4442.18588824576,4993.40734842067
4397.50932628336,3608.75894598899
4072.02327058383,1397.54935690652
3319.79338309527,3259.81202640562
2655.68729955005,3479.1256913957
4844.10448718143,4654.23557369635
5067.33136517629,5412.48481153798
3840.22074991225,5764.89829847674
2757.3189248906,5301.37874838074
3794.22440229796,5509.15544210456
3610.885378575,3134.55490081464
4712.42197419313,5251.0255678352
4415.11533814026,5465.56540845852
4045.52289561736,5723.86569339442
3989.90722962352,6700.97381540267
4271.65282236518,6217.96106104757
3372.53944591625,3662.57869388992
3921.04415561585,2822.15070924851
4214.42559145442,3528.73972096086
4175.98895897554,3482.64913278248
4776.07495860244,6652.66683142126
8246.06865338328,1253.42411283262
4376.85291500121,7189.15851234423
4428.54863070691,4450.26669151623
7848.17389803643,3279.3621046961
3956.40901229611,1467.56615237769
3395.68461133206,3069.48255180439
3602.32889003705,6193.63715839033
3966.1980223482,6508.31461979088
4012.46065191023,5474.9426465255
2578.67840320999,1210.51614470796
3991.69257938211,4836.38131917921
4732.8986413138,5125.88240173461
4367.15365519871,6689.60746623057
4122.76014291732,6178.06509088246
4047.81311743882,8917.86689621263
3557.37711615578,2091.12404681616
4537.75250071326,6301.95829685831
3755.29676382211,4710.15818076517
3294.080506263,1692.44934960486
2986.53158569473,2488.03691762025
3889.95038184662,4071.31227183432
3780.38906054527,2227.34961478716
4113.40229409997,2586.58312265681
4676.97806213795,5474.48807712967
3930.26112124727,5484.54738071802
3483.71487951385,3602.67786461087
4957.81500283866,4318.98535857851
4045.40779220508,5559.79278137941
3917.43569009127,3953.95471663242
2854.25422092002,2061.51466493732
4155.00025797481,6337.36438995834
3959.87066941003,2106.24133350057
4224.403112011,1464.44040635536
4301.38091181969,2580.27475658077
4357.13463678579,6131.29264861033
3826.91485609161,5273.01953805425
3814.00784743133,6472.6239451063
2354.42442528954,1559.40619025994
4246.82673214282,3797.4403422458
2373.53262084275,156.116795472546
4080.92439216378,4488.79853063859
4037.67668717945,806.044630561658
3841.63698066623,2655.17912448146
4168.99740564844,4699.01890486337
3937.38394822876,2560.49739359237
4196.74827599004,5544.73236872638
2850.08244227944,2965.82127821276
4120.06356792201,6976.32362409671
4255.05114522091,5561.27023762968
3861.19973853484,4827.4019879043
7996.30873402283,3486.62735499271
4276.81830642711,5091.78335421832
4618.21424188879,5273.13328611702
4340.49828831842,6770.99061087384
4525.9392721709,7004.05785436083
4082.05431855076,3934.68900849887
4284.30523706338,6159.19686668573
4448.64852508476,3970.77716712028
3851.19367197259,6987.06499320645
4823.6969622739,4882.81294011827
4306.75417114262,4662.41951424237
4685.28553227082,4886.44991814019
4606.03055147817,5755.52106040976
3788.45529576933,1038.99791455826
4374.27088851995,4753.1228114936
4295.84208746558,6322.98604282669
4620.84629770108,4599.1658656707
4255.96205322331,4144.45481332781
4228.46443326634,5220.73433186261
4065.47896983502,6783.77775369245
3590.03355922635,4324.49769964278
8286.07998915232,693.688237281338
3441.58360012068,6828.5044222557
4300.55265037318,6199.88865043498
4570.08846436727,6159.36770020751
4539.75751311933,5915.9003317991
4580.65776435827,1374.07793043719
8682.5647076538,2886.25683400809
4135.58154212891,4133.31596028126
4769.95915590014,6502.00604228722
3630.80044968362,4890.8260471425
4966.05071059365,6062.12832932707
4226.45426879022,2017.41318786406
3829.79875834849,1641.86909578903
8788.38005056256,5296.77512325288
4011.41610686312,6544.62985168258
3318.16418850956,2274.86099661205
7806.2222774682,5445.95845613665
4792.04686617344,3852.51005027146
3986.35478414591,4719.42167076938
3323.9290334526,3725.49109827328
3474.1445887944,1060.9917790635
4750.72730959746,7009.62728088411
3196.5576924596,5061.26462212019
3778.02006541798,6520.81718102494
3978.44860959646,2889.21216936388
6206.06116004888,3324.99791205102
3817.26153955863,6177.49677342385
4550.49289122002,4433.50132648739
3629.13532649099,5967.84471665768
1725.23258084697,1281.10115192392
4137.54446746488,5326.32763110034
3946.60689228648,4395.65113003115
3092.88392513468,5984.26883749821
2313.80531397033,1885.16584210329
4212.18342929008,2794.64418653756
3949.02149627184,5378.78367081376
4035.34978646974,5027.39264787419
4329.10557446307,5944.60036345864
3443.06487039803,2448.25469551791
3892.84508592089,5191.57973080723
2916.85137090727,8274.47487046819
3906.07954853774,736.368920708086
3512.72876467621,6331.51080470577
4038.46188540618,4766.53493437457
8390.66171758391,3003.33023048068
3730.83571563637,4868.20709686108
2863.12093328451,383.386931311549
4074.65462076473,1887.09807917702
3739.07765559197,3818.35434015141
3720.97823041886,5304.39074634029
2650.32660802329,3263.79024861586
3561.99537048239,4896.16840039549
4169.61397372513,7589.70899545312
2838.44215890822,3462.13304166895
3772.05087477139,6830.83435469388
3189.28195516145,23.1873511548326
7849.15173786915,946.362168805668
4150.61897362706,378.442590564449
3994.79154490512,1336.56897816928
3841.94715730633,5455.33569420363
908.759018786724,1365.32577814639
3289.16257631141,2918.25323378411
3489.53212769049,4360.81335438973
4093.73786238051,5120.76754460717
8165.70376362891,4127.51903763244
8345.72527065696,2312.54057097413
4333.13519153924,6516.04356808581
4709.06624446504,3588.92449754158
2880.39495962347,3006.28556583648
4210.88321271687,6733.25458533563
3398.95240757166,5720.91078089388
5081.84894517656,6542.2999192444
3433.37655259991,4666.45439905636
4408.65096897642,4133.82719228085
4085.55621059755,5698.91681067482
4460.59966319858,4549.26725452099
8338.03853141884,5602.92782277436
3942.85496964958,6631.18451605705
4142.86859594533,4855.19245791692
3712.04609328585,6236.31763038945
4534.59603067231,4124.79119840219
3583.22828082211,411.177665608707
974.165182595243,2622.89856597613
4614.07040177558,2818.85455255965
4693.75311753045,6341.34261216858
3485.07513366606,3643.36922550488
4446.07458001319,5134.74798494675
3284.41467953371,5426.1244305445
4907.41799472695,4155.76449989615
4064.82413863077,3660.64624538857
3993.33523288703,6412.38229449418
2907.17970987269,1581.22964409866
3571.77551323917,5784.39150273584
4066.1677968123,5124.7457668174
3272.39484114268,3321.70175536216
3736.90961089817,654.531206668989
4344.75694874981,4421.6799850642
4030.34802505149,5094.28369732303
4262.84537678119,6002.56874423634
8527.94492852078,5116.90264760445
3959.0027487808,5207.26512352262
8699.89654634445,4959.76287030021
4730.55290005878,4595.35805412699
4277.01469715304,5130.20144527791
4073.32856275519,1233.02145264042
4011.90567942333,6177.89468021593
4193.87904660745,5892.42890532977
4950.74393717371,7274.97444859356
7964.93401905328,6443.75350278022
3498.06088377138,4481.46706628048
4881.0986200982,5834.63093521861
4290.03737924323,5365.54153574407
4851.49285068407,6974.22118778408
4217.81403761426,4831.09605138523
7348.41194553366,1026.83596322964
3503.60942299048,4491.35595920231
4014.86105591609,4682.53769856382
4006.71530930531,5638.902233333
3106.8628570082,2798.28137598711
3414.27995656416,4436.11541765487
4421.5914309456,5505.17721989433
3709.84406065996,2070.8919030043
4917.42344605837,5587.58325139203
4173.205795664,1607.99733297066
4723.04050554618,6010.2410299275
4228.61435836211,5031.20045941789
4533.15811293849,5123.43829837841
3403.61088938839,2001.8982058152
7761.77743276096,6722.45655362213
3433.40915026231,1623.45554670195
2826.15287143578,3793.12087584725
4072.06573312559,4148.20596226776
4549.18798309219,6654.14471052678
3551.24833576553,983.700604693243
3631.96703913515,4024.93773635427
3845.11421687833,4539.66294318372
4771.06421840467,8456.22228630372
4229.58687912746,6926.02752901019
4382.60638423135,5736.42576294274
4351.5798912222,3098.97818562045
2692.79550500355,2286.17047175276
3822.05393067493,1723.70680982813
4224.90241643357,6628.68417295234
3606.14431972689,4123.76831154775
3006.6672229344,5501.36940835063
3643.87907303494,6283.03341005782
4165.49085163105,3677.18411429187
2685.3769109769,6985.13254470509
4494.91665297771,4467.37287787813
4572.74400417106,5809.79537770652
4210.40940783297,4456.85900489394
4120.05621066903,5107.58249499649
4300.36463631289,3196.55816640633
2696.14639003701,2763.50026294944
4022.71430230101,6475.46553239932
4390.89366908829,3546.81234300107
4341.44659021803,4761.93173210197
3532.47151176007,5074.39258627186
4984.32939481681,4519.82849473631
4393.58111043532,4700.26928784335
3864.28190046843,3248.16151850422
4364.18408391208,4816.43354552428
8011.27215051139,6332.30661828991
4554.78633959727,6527.52366532067
8209.79793970441,7529.46734484101
3997.83304746226,6190.05684297217
4010.56388252281,5530.01277740641
4521.79897423033,5410.9502698287
4362.82690741219,5399.8680793859
4276.11631081996,6551.2221650603
4195.03154007289,5879.86883578145
4079.88367999728,4045.28341680127
3493.78173237777,6270.70083663505
4052.78676058515,4087.4526568008
3756.6983496895,4418.44091383436
4227.50274578837,4313.18843592969
3259.46541965877,3884.39291341234
4565.04879560349,4189.86354741244
3882.82930701212,4477.03427467442
3961.14883446354,5140.82906632487
3754.10885484021,2724.40010636848
4424.70191774648,3895.36135579236
3885.72510723088,7297.53715912647
4484.4580361039,5351.61775800825
4289.117637192,5321.95192495328
4339.73951017444,3516.17986284016
3884.81965649607,2705.36147150522
4409.37241133007,6319.06490607547
3405.91287571678,2747.64424813989
3793.14478218227,1812.19371127633
3482.5890434544,3737.99408236258
4094.17629390438,6569.69248246495
4693.26746658566,3501.8583897399
4399.84666548844,6822.48042633659
3959.36844102693,6027.12014301911
3749.83872123758,7633.98109462054
3717.46116888319,4031.30297646169
8968.75082037131,1426.59042132676
4338.31760307378,3903.54529633837
4172.35794343428,2859.60278748505
3462.38808091517,5129.51937975653
2385.72189835549,413.337266665715
4216.6833233594,6304.28865215174
3626.40195814923,3557.72412277733
4232.11359352658,3426.49945244337
3908.00535615345,7024.7443561409
4606.955198093,2925.69823477736
3563.64367730558,708.805523965752
4395.80373570683,7666.43185236477
4185.68066496039,7484.34276948568
4359.60901337093,4022.03948645748
3516.23599893682,4058.01389701612
4764.69307072565,2433.7057262921
3860.28724617824,3197.12648386493
4515.15557860541,5156.96902843609
4452.98219618373,5500.00570016313
4351.96311294044,6854.76077341429
4096.78317764665,4581.54802445395
4048.70077929693,6548.72182195559
3997.77589117844,5137.81706836531
3603.8731364425,3997.31767700817
4356.04330960877,6475.29512173279
3399.77868960758,4709.07820845172
4336.46596021543,4624.00100032753
4001.78409582565,1995.81712443708
3787.3477370808,703.235991728661
8387.03846656003,8054.25185525882
4191.88467874481,5398.73144446869
3405.53788033649,1107.08236724188
4614.16284508234,6177.32636275732
2561.69101600201,2781.85704371895
4186.43513684716,2984.57575434672
3341.71381500925,3110.57181949047
3692.64938482459,4461.00763777071
4111.18045566253,3432.35303769595
3521.97215453638,4448.05008428557
3889.8511498747,5662.2032491358
5020.45717427863,5102.46763786904
4832.62398596701,5483.01283900874
4384.67907987083,3848.30475479093
4115.80768965282,2337.09175832928
4498.78535466906,4661.79411132475
3987.8755725646,4555.97373881673
3941.86836624725,7090.8966774646
3545.98226431469,5619.1248703446
4410.42669795635,5416.74719247752
4785.98325561777,6921.65182286313
4355.07273792685,5071.89224316715
4025.69276908812,5864.80842312842
4482.63863063616,4034.03081569194
4660.03993768263,6474.04473875281
2276.90973931051,6491.49216930303
3295.4531886309,5251.5938852938
3761.07433462187,1753.14556961281
4178.68827465064,5518.58976563056
4065.71088827326,4806.31715647691
3994.62807684007,4021.12992481056
4028.38099807185,5844.80398686973
4222.70285115737,4425.54488206692
3877.68156354943,5106.90042947511
5067.32614150942,4513.06577069206
3264.46554269509,4040.2823077366
4117.88654550656,2379.77244175603
7687.29254595734,1122.42693862421
4185.67474504564,5855.99950252005
4488.30943510402,2848.74788174017
3732.99513107879,2229.73663268435
4241.63370052331,4884.57455509785
2384.92638742767,3435.30837305175
4830.60161068187,6144.25020209547
4117.86693205917,3070.16440589814
4253.60526619656,4694.01779579869
2580.89062481196,1452.9603091205
2060.76320493155,3060.73029379977
4910.05788399974,5287.90954004075
3195.69457578953,4555.29167329535
4785.99375092939,5865.43382604604
4019.86885943737,6801.16852163891
2830.13493886562,5479.83043038265
4855.54426440351,5355.25515888542
2455.14817340851,4535.91179424378
3981.00592286348,6159.36770020751
3382.8160107225,2556.12126459006
4557.77676272736,5359.80169855426
3618.53727720071,1818.27479265445
4084.89754583547,5732.73169946181
1278.46210848952,3051.01223439973
4179.49575659053,4820.80925167133
3628.26780546903,5065.75407633002
4435.30214685376,6104.18382126383
4087.16880045557,6439.09321504861
2923.26335746165,1648.00683977091
4880.6252194286,3503.6202161471
3949.04220499577,4415.71265174885
3645.04122511504,4351.2086201972
4495.10964141992,3098.40986816185
3714.19388438675,738.073873083901
4469.95149803659,5683.34474316695
3929.64413924657,5540.75414651614
3926.21914621745,4845.41773591312
3785.50467636089,5221.92805223883
1316.6471350743,4026.18811933425
3082.3267182512,3143.70464275608
3921.1572099828,5084.56563792299
3949.97386721184,3981.461450771
4521.42103995434,6296.33220773128
4267.40885116667,5765.52370139436
5563.44538087206,7649.60982473217
3836.7685302678,4966.24185847041
3702.10705447586,5941.92918683215
3802.62804654714,5592.52769785294
3346.06171564041,6860.95517999993
4484.82613508339,2717.46654880245
3667.58555085409,8629.95744082552
3817.89225902216,6744.90509323703
3474.38659709596,5389.58170252726
3050.24945899597,1633.96941968614
3520.23008843814,3683.322281129
8195.62853562341,1467.96395345595
3194.07451362531,1689.20985551976
4317.17711728534,4361.09751311903
4042.5730884503,5283.70382170497
3873.74035516147,4675.26331966473
4501.44436378385,5523.4204640287
4119.01946421713,5791.7796296977
3873.45989601448,4356.43722538742
3459.9460452416,796.155896210553
4257.70377849488,4494.70877849493
4416.25208936741,6659.6574744463
4026.90210143521,6664.60149805196
4460.8009913723,5798.5427765972
3989.68395320273,3422.46435620175
4524.32493509462,4527.61452849025
4860.70565174672,6370.55429868297
4318.8059479274,4897.19128724992
3526.98930158234,7242.46702824556
3462.67909009989,4956.35296554859
3969.95762260805,1374.41885748407
4185.75081794628,6855.84032287249
4161.37386030541,3045.44259644883
3567.55125063162,4147.92180353845
4808.6395160933,7322.54312730508
4297.94786653983,7050.48905244465
4807.14760632277,6351.28816769416
4065.53041470581,4814.04652762709
3429.53034153865,7130.84931023347
4046.51621403358,3867.17297898766
3424.32925641428,2818.9680891948
4425.99716549514,5961.25198042471
4190.09924792797,3777.9471379867
3364.22086754095,2748.61047239057
8533.85690008609,4322.90649532973
3253.45879508502,2545.26635884518
4010.84644931147,6365.32569349275
4257.44190079443,5783.25486781863
3400.78052987188,2984.00743688812
3594.07660918259,5322.86106374495
4290.91338874192,2749.0650417864
3764.98853057427,3030.21177312927
3996.42128153184,3256.79981701844
3719.25151135212,3942.75920098211
5061.53886010716,1357.71036648661
3430.59411604391,5576.72855707478
4391.8763451573,6783.77775369245
4825.97248389163,6299.4579537536
4443.62013737621,6469.21404035467
3422.591420214,3299.36675238242
3802.42839911962,5674.9903919544
4257.94180891988,2908.87599571713
3805.45628187534,5729.94677477254
4068.58335721305,2910.58094809295
8022.78176947622,625.831175009445
3925.23623990423,6079.91658121035
4152.05390042448,6200.34321983082
4673.63836670719,3774.02557838023
4065.1265530385,6223.47382496709
3642.12758335736,5391.11582138129
4041.85068321608,5562.29312448412
4184.95087880132,4564.44141523679
3759.96936896753,4093.81789690822
3928.46994934429,2726.90066090082
3872.14281302783,4436.91123123902
4177.3684587525,5659.41874730178
1227.41678349013,1349.0150882272
3546.2647734472,2281.05561462532
3617.16686150516,6524.96623675695
301.791559412848,1820.26390375957
3636.39042302281,3850.52093916634
2404.93422801648,2426.03344060094
4030.54689781291,988.076733695551
4162.05251669872,4709.24861911825
4331.33647417391,5068.99357041512
3875.58230362195,8084.82682710545
3670.38394585186,6228.418271428
4755.61767501572,5626.9675667023
3460.67943573859,2306.74364832531
4058.11506171595,6378.62449116621
3804.1157033329,4709.98734724339
3830.39388947851,2864.26307521665
3888.45231832565,4018.11792685101
3464.50085307016,2044.0672343871
4245.98509949754,6218.1314717141
3348.93971161449,4162.92513073247
3777.48712816971,4763.97750581085
4022.67358205161,3759.93138997788
3622.8919135361,6868.9116244204
3125.43794032016,1037.97492199001
4381.31811825697,5868.21832788005
8370.69627906569,2639.60705697359
3989.47877321421,5708.12363807527
4398.55749182518,6934.2114695562
4720.63457857639,7979.17644240871
3271.19429795824,4112.40196237565
3708.81085725597,3624.33059064161
1353.96963548529,2453.88099607258
4485.9752584643,6742.91598213191
4183.67007926645,5510.40582508454
3154.24412991589,3033.9058366102
3813.77120354964,4938.11014426947
1896.7885174158,1520.41967602794
4140.14376147187,4238.90925951899
3928.09085575342,4985.22383072991
3301.74442718714,6007.51319069725
3601.48952890582,5544.3344619343
3985.55868667943,5198.56995097702
4183.72898090932,3903.82945506768
4565.56913058579,4913.6158309457
3873.42258811255,5870.09411377765
7662.87546198119,4310.91516609527
4229.81941724328,5702.66753675951
4623.57548486226,4717.94379166386
8092.50837403669,3776.12843754812
3711.96405514793,1421.93023930896
3245.68302825153,5360.65417474217
3399.17944486018,4358.59674715907
4795.61324436627,7269.12128619623
4079.27138149309,4781.53868442384
3581.21173150573,5304.16325021475
2807.68048698493,69.1642309131186
8804.13637776562,3239.92091535445
5022.5193309945,6640.22093279096
4355.21776429161,4552.8479927944
2270.12264176398,389.752092133614
5116.79776799721,4547.67605020795
4943.53503652777,4183.95287670085
3125.39700258421,5009.03607853231
4237.77424504736,4991.58864798209
7476.85084274379,1058.0934234529
4742.98983599071,6661.47575202963
2816.86458119466,1022.40306590976
4238.9853881635,4391.84331848745
4163.42142751256,4141.44281536826
4270.15016446545,3907.52351854861
4667.34041796192,6037.0656985447
3986.3952197469,5670.89884453665
2840.22909477083,1761.61356317431
3910.8286259492,86.4979134005662
4811.11081805996,4420.88459433531
4335.23453016189,3462.07616763756
7321.38116041094,2021.27787343915
4001.88737342286,4802.16852360014
2593.90478534654,1673.4107147416
6092.42957107284,164.30056423361
4203.07742815045,6212.84620392012
4707.36699073718,8038.50895422916
5133.40653546618,5755.1802390767
8365.48181056606,2491.90139176771
3175.38931259836,3476.45451476921
3959.8353704696,553.541162560766
4433.59367004147,3368.58794569706
4837.76451731516,5917.37778804937
3449.18178335849,7406.42661505306
4491.62074241932,4078.52998812965
4320.44789693972,5349.51532169562
4971.8972842164,6219.21144402755
4467.0471429228,5666.74978880463
4175.43524974787,7092.31704825586
2512.90047033761,2115.39107544201
4399.97504124393,3931.10869308071
4486.13392204344,2965.65086754623
3591.98380336157,6060.6508730768
2175.33061834636,7246.89939699638
8376.83330506079,4620.53443297214
4983.08297215956,6654.20137313054
4340.63613205626,5882.42626434517
3954.1916528526,6073.60842656194
4924.6970240948,4164.11885110869
1342.81596493555,2143.6934117371
4548.50317902938,3931.96116926862
4392.9122741661,6051.44404567635
4713.47815208919,5936.13226418333
4540.21399181394,2719.05796454312
2132.08096196805,1760.87472933536
3750.91186805613,4643.32379392009
4516.8201828895,5734.26624117109
4460.55240266334,2623.06918807029
4014.31514751945,4698.6780835303
8900.71032806903,6679.88940683053
4341.1717371171,6156.41236485172
4600.31676261236,5384.4097599408
4150.69057986274,3724.46821141884
3582.18998401472,2533.44544027725
4971.63057664235,5449.76626768036
3187.82629981872,5707.21407642835
4558.24050998874,6365.95109641037
8547.1989453834,2188.8177756648
3852.75337430276,1859.193649674
4169.94715558598,3998.96554392498
4294.39351641374,5324.7935122463
3783.29552449162,5406.68788888916
3281.86041837166,5159.64020506259
3648.73041935185,1505.81383277075
5578.92459978468,6881.52835657248
3518.22861402849,3778.51545544531
3978.2897029315,5445.10597994875
4141.76632356241,1623.68293711368
4021.59380671828,4711.9764583485
4070.24709514273,3167.80147214302
3699.31290507389,4408.8928422456
2889.42514994219,3131.37228076093
4339.32007275282,3286.23878823075
4366.30164750623,2708.31680686101
4096.15395892077,5009.60439599091
4218.77402665313,1819.92287099888
3192.50310101677,6278.25937426344
4327.99169652804,2873.29928052295
4431.24007503164,4851.04382504016
3763.41199088888,1561.62269177679
4640.6899258382,4697.71185927963
4219.5812762742,6764.62537076641
8561.29161405385,2658.13424840963
3730.02116082427,1943.98669906889
4298.39028289825,6119.13048585409
3890.39804207523,2747.3032153792
4450.65349959057,3042.88516788511
4289.7215385479,5425.38570241936
4997.74307825485,5607.58811050597
3244.55558498083,1901.41955227729
4366.76403154178,4141.49947797202
4066.51850681949,4592.74354010426
3694.98676434047,4057.3884940985
3836.86846496103,1247.51354783485
4311.11569531684,6088.44134308942
2692.18578875492,4714.76138303777
4241.22601332577,5040.40728681834
3728.7010379206,3080.28058351788
3814.66682489722,4495.56125468283
3453.84839390615,5040.29353875557
3464.00851690546,5035.17868162813
4295.84499361567,5387.87675015144
4674.22076547352,6237.68176143221
3189.63349185298,351.106504948485
4464.26376451717,7484.91108694429
4347.60797997376,4061.87837116358
3348.18207634944,7195.5241753069
3898.29992286877,5292.85398650166
4709.55031409952,4885.76827547407
3494.02985601411,4527.33036976094
4399.45015495212,4953.90928504764
3857.1486145014,1270.87143766903
3684.84581108302,3883.48335176542
3920.00841495572,2785.09632637643
5279.07388978662,3789.19973909603
3384.37944487389,6000.63629573498
8379.02191628072,3195.53527955189
4250.54889441727,5014.83300118112
4723.03202607144,6590.89106195511
3556.0660467848,4244.6490967088
3384.20712218441,3909.45554419471
4448.45975659691,3922.69725640916
3760.42295077095,6215.85820187968
3771.52677337086,4540.00376451678
4234.61998140594,3192.8641029254
3383.50434591759,6827.93610479709
4718.43323380888,5884.64287157583
4074.42391404784,5178.05385986348
7982.32364143581,82.6901877493368
4057.75676024591,1757.18066585443
3159.11105390124,4116.77766852271
3159.87840051925,526.489262102557
3706.63565112205,4981.52976724898
3325.48848106809,2973.83459666462
4567.2007049391,9023.63060611689
4252.08685658249,3841.99617728727
4203.99221945862,2355.84623446324
3550.78872772266,1911.59260392841
3977.56689822576,5784.56233625762
4792.02348144583,5207.49261964817
4080.70938127553,4490.33307234787
3500.43298085671,2295.37729915321
4382.04680850881,3843.47405639279
2761.53213377566,1092.30611331815
4263.06835209474,4628.54753999637
3460.53216407606,5363.09785524312
3793.11301627866,5012.21891001364
3428.2589765209,3988.16751221148
4567.47883331809,6629.08165688916
4262.98598909434,6195.28502530713
4300.43382934119,1540.65171412599
4775.08270409339,6501.43772482861
4055.16959374919,5188.96563963975
4153.46247006991,3516.40735896571
4300.01612045217,4760.68134912199
4884.74739823205,2785.89213996057
4201.74489243383,4597.17675456558
3918.71449132101,4308.07357880225
3835.15322595358,5648.33655685899
3647.81427681783,5557.0645192939
3622.44242251801,52.1147071549734
3858.71140289318,5943.5774766042
4167.09287006669,4183.55496990878
4635.65712845793,6509.16709597879
4729.04174699212,5223.97382594771
5026.57878028589,6990.75905668738
4680.72005064095,7198.76324653675
4743.80320206143,6021.77778976613
5026.94643087698,6659.60038898729
4329.03865306939,5378.95408148029
4269.66126756468,5649.1890330469
3915.9520752188,4142.35195415993
4269.32015057465,6125.55281142052
3846.81900432737,5758.13557443249
4106.59793744168,4543.69782799771
4050.90207057102,2873.64031328363
5947.58365805316,1505.81383277075
3577.64695318399,4228.79329332687
8977.14286566449,1818.04750795653
3840.36881612154,5015.40131863973
3185.23059268747,955.682638555075
3587.94081383467,6783.89150175522
3172.18151965747,796.610571320199
4210.72229734543,6230.57779319965
3200.49695919947,1835.43806447537
3243.52041779258,4768.2969722094
4283.12330229234,4556.25789754603
4122.25280876357,5947.8965201475
2121.00441053705,1194.60325586702
4199.7724876753,5541.83369597434
4158.79939811807,5646.40410835763
3447.8051163823,5171.46112363052
4769.71297327455,4176.84890846829
4747.83502627835,5332.46579793747
4109.6259428429,1575.77375421053
8390.29977892032,5082.80360008816
4176.2865851652,3772.15021533789
3483.52974836405,4080.23494050547
4291.08886414602,5367.53064684919
4195.66701998546,6503.93849078857
4542.31316869849,6105.26379357728
3609.38869108124,5784.16442946555
3480.95229894371,1879.08476072517
4337.78493603841,3176.09873789655
4079.19457146634,2209.95926969595
4251.70938970492,4791.8821467415
3929.14102653113,5470.39610685666
4439.04622262229,4483.11535605254
4776.96078253405,5897.14585566514
4409.36431524474,2920.52650361853
3469.46720115824,2014.28744184173
2942.07171111334,3589.5499004592
4397.37991228738,4694.24529192424
2320.83232548352,849.407220939064
3983.81056844725,3817.04729456767
4191.75506654656,5539.78792226546
4848.10101733958,4567.79465738466
3939.55491119423,1866.24074387517
3841.80134058069,3485.54759410689
3551.26009980889,4099.27357536873
3925.00323430878,3693.55199538389
3957.13558374713,2715.3070270308
4272.57020786289,4541.197484893
4222.19547539185,5633.61696553902
3526.55588763481,6643.28959335428
3446.40310646456,3791.24551280491
4719.23589612397,2785.55110719988
4105.4641258293,5756.08937786836
3294.75439706554,4028.12014498035
3897.28964130351,4721.80868866657
4717.11570641955,6486.83188157142
4260.68763346415,5605.54233679709
3870.33156391596,2792.02988394245
2906.08780625386,2815.44464780802
4102.61017647873,3555.28001942113
3312.29687936094,1356.2895728401
3622.13744782214,770.126935463688
5556.18661250613,4485.89985788655
3991.79150125849,5518.81683890085
4036.81353521842,3903.26113760907
4768.84017032636,6231.54401745033
4159.41288657355,5447.94756724177
5162.77626006056,3776.81050306949
3377.93265071424,5775.98048891954
4915.59475745776,6609.92969681838
3471.9835391251,5549.90388845758
4447.50096299025,5434.76294048634
2595.11461001564,3906.50020883892
3734.71205192084,5109.40119543507
3999.18950874917,6640.50509152027
4032.01046437526,6411.75731443182
4441.85055494046,5771.77519343901
3726.56213117971,5432.77382938122
4535.6433506055,4537.6738320786
4355.11556709153,5236.42014743325
5225.67945203307,5427.82938292031
3726.76716023656,3442.29859322154
4081.28675012149,5828.09528444465
4251.01392126916,5050.4665904067
2891.91392835502,7153.63867118142
477.623797546804,3365.40532564335
4735.21760009592,7122.83620320924
4226.77616173133,835.312979679807
4214.33128072292,3715.37513208116
3978.41869780626,3781.58411600862
4400.34148790985,5555.87122177293
3570.98898855269,5173.2798240691
3986.7122387253,2059.75283853012
3844.94930972557,5904.02232777216
3301.31649106407,4898.1575115006
4224.30315901168,6349.52655271459
4226.83323311963,1719.78535593547
4032.98355892548,3773.22976479608
4328.0619493084,5426.86315866963
3994.48470261189,2655.74744194006
4435.27602328942,6018.14081174421
4733.52066315652,5832.58516150973
7988.42695291478,169.642758915877
4178.51475369315,6895.39547170454
8760.98808329436,3322.7246422166
2322.92684700659,2430.01166281117
4450.83064875335,8343.12711204135
3894.0582867685,4992.49820962901
3522.6091528434,3409.96137211245
4530.96708042737,3274.87243905865
4633.67514345263,4252.20805719244
4205.15104970748,4955.78464808998
4381.00323080647,2531.91089856797
3851.49116440317,5100.70560003422
4552.64674416475,5659.98706476039
4095.21560500388,3596.08555123316
4090.77755571808,6684.26553583284
3852.26930286697,6189.82934684663
4366.26094561814,5124.68868135839
8017.24240307031,3330.45380193915
4085.0175240431,2844.37196416549
7897.05489320215,7173.70061575438
3787.99726602021,4950.10147350393
3100.47087404472,3821.87799296581
4328.61589041531,5312.34719076076
3840.99125830125,4679.07113120844
4424.84397347387,6667.72724407429
3887.53159725452,5297.4005261705
8292.32488060705,3316.87105696402
4746.86186279457,5183.73703444953
3679.71150414498,4941.34963835457
8695.38249648243,2943.42961262926
4549.09172054846,5083.20150688024
4167.88148246382,8140.01028319388
4295.75372633276,1685.91369883091
4578.76213999981,1852.71487293143
4731.95757907353,5349.57198429937
3966.66059091462,4292.55859675339
4622.92161453867,4752.27033530569
3187.25004866733,734.436630777448
4147.96133366747,4799.66818049543
4201.46926729717,5491.36719022128
3887.1826281306,5205.33309787652
4224.21463728228,6122.19956927265
4034.68884153612,1757.80585734442
4547.45438801675,5188.56773284767
3438.23307002951,2723.03618675335
4654.91444250407,4627.69506380846
4906.19296474568,5416.34928568544
3308.28685625,3222.3030741377
3595.18507645088,5062.74207837046
2141.89129836715,5286.77290512354
4980.4123946667,2077.82546057033
8074.07429082535,3640.30056494156
8498.0716098926,2204.10547301575
4029.69018012975,4880.88049161691
3670.16096739593,5060.35506047327
4668.51719898348,3269.1892644726
3642.01093218133,4660.94163513684
4740.38005023275,4651.62148252887
3149.53909147167,1367.59904798081
4218.11258365218,5965.17354003119
4090.88983620761,1834.86974701676
4475.50960377022,8356.48257231857
4073.32641139869,4427.81815190134
4143.64440146928,6371.80468166295
4782.00671532683,7276.22525442879
3821.05780238526,5922.72014130235
3534.99174289774,2354.19815611881
2265.56344385857,831.448399818532
3620.52689829947,2521.85180640724
2166.98045000905,6026.15391876844
3513.46012725786,4753.17947409736
3362.12644708942,706.873234035114
4395.64696509276,4961.2974120095
9742.73231940736,155.946305520655
2757.85419491979,3832.22145528347
4175.10796863436,4573.47783197071
3799.32261734776,6415.16721918345
3472.95410244832,2959.79728229365
4670.59463183392,2952.46581793555
2736.81369111844,7647.05239616845
3615.37198565718,4081.82614481851
3387.87337193929,7086.29305233675
4619.34376548589,9026.30135988813
4012.91776274106,4896.79338045785
4531.73996174656,4675.37706772751
4384.11561375898,3251.57142325585
8329.43229769876,2327.65764623092
4087.81002280442,5246.76318689566
4012.97315783857,2965.02567605624
4845.75266696747,7214.16448052284
4613.63483249345,6757.63515059662
4004.09268297031,3300.0488179038
4274.89582894209,6387.14925304528
3768.43221933091,6169.71073966992
3967.88447969518,5075.07465179324
3883.48066932741,6705.29328180122
3969.55547204498,6256.37915210716
4076.54680965642,4758.35141668381
4107.99251337145,1200.34319877065
4044.37975151045,3473.38564277827
3926.78426188291,6299.9691857532
2984.12363403967,533.138608082377
4367.50979795968,6571.28410963325
3930.29139075591,4983.5188783541
3552.25435783871,425.726581977609
4107.13270737466,4686.85716496237
3059.05962857707,5995.80559733684
4553.43698690394,5575.42151149104
4733.28795077683,3310.33540619007
4162.40505011391,5189.30646097281
4011.39965362451,5507.16633099945
4159.35691450658,2788.22207239875
4468.29538663685,4582.79798457868
3737.12930925126,3603.98491019461
8380.33807457732,1119.18755025292
2887.78250315149,131.735979141243
4513.58111861627,7303.22033371252
7658.96173883552,1562.36141990193
4114.56347694939,3221.22331325188
4730.73677972602,5429.59099789989
7518.06242790977,3680.19653510667
3467.68520308659,4404.74420936883
4131.65183436885,5337.40982154313
3290.35152132279,5335.47779589703
3572.08104453256,2457.40464888698
4096.28658673424,4671.2850974545
4472.51072640643,3542.03830720668
4102.92626859751,4899.2370609588
3640.14571464855,5678.40029670603
9034.81472781635,2393.63934546046
8214.88940667203,2689.56233072705
4829.44586572104,6161.58388458292
8641.27939406864,2145.73939687361
4127.25053385142,4491.5830324726
2959.84430152049,7372.32756753677
3498.91950163882,6535.48010974114
4466.48889033998,3818.41100275517
3835.82699825463,4699.81471844751
3361.27178111146,3745.83720157553
3637.57219103201,4522.04510196697
3406.12883470868,6117.59636700005
4389.70519248218,6151.35417032803
9013.41307347239,1279.1120408188
8970.92107955963,1061.67384458488
3321.9191894665,6388.22880250348
4856.51987735855,6949.32854481298
3629.38794213368,6261.15318790154
3820.37126720574,4844.33776359967
4470.91887224706,7047.47705448509
2825.67791346622,2370.56561435558
3923.69574453469,5500.23277343342
4959.36165283552,5015.17382251419
3926.26817335945,6428.52267946066
4371.61007111883,6816.39934495846
4763.94336496251,5364.3482382231
2801.2304827454,2006.33099742126
4293.72066106756,6955.18255292082
4062.80235322083,2287.02294794067
2337.33946670135,2737.01683852056
4585.6499099889,4168.49455725575
4121.92976372538,1438.29780325954
4376.21924530781,5680.33274520739
7398.48718624455,1473.0788105834
4404.75366617453,7010.87766386409
4158.24053844838,6784.40315661006
3477.47891555368,1218.87039020669
3419.46676693413,479.091575483532
3684.04143449369,3712.64729285091
2567.98039613089,208.288332886779
5294.8171678491,4605.24652419357
8888.16541281061,5257.73205213093
4651.41370196447,5507.96214458359
4314.02327222008,5478.01172994407
4885.08229758833,3893.25849662448
4337.97462907427,4312.10846361624
3868.40768632957,3733.67503881929
3831.97650306155,5620.71607465764
4480.74432016098,939.54235930241
4626.12715363911,6488.59391940624
2966.64416121932,5782.40239163072
4418.60341675982,4982.09808470759
4012.47686704702,4549.89265743861
4244.72077695169,5834.97175655167
4129.11192260544,3487.08213581617
3766.75035798169,4929.13081299457
4347.41411462187,4107.91208531057
2558.27378557066,1518.4873332404
6447.45062948354,1776.73074414491
4344.62169540257,6203.2414697276
3980.52231884623,4117.23266077379
3926.46300168414,6152.09289845317
3906.00968697724,3911.95631015468
3681.39974222273,4141.27240470173
4784.17143845588,7265.08555567173
3218.6395958245,1237.68174037203
2970.20089550825,2488.4346129847
2349.71907241627,4648.15449231823
4265.64544237108,5238.97757599697
4583.58721757487,6719.95578766217
3733.4009121181,5936.87141516372
5429.45881164915,2367.89464915671
3978.8122465697,6198.97908878807
4119.95497243027,5688.91416969022
4016.58826277984,4392.6391320716
4268.2503568134,5541.77703337058
4368.35737271689,6066.78861705868
4092.78061811085,5092.06751294762
4283.34676583331,5117.01639566722
4371.51786657895,2723.83178890987
3874.37886884507,2892.39478941759
8489.67525267319,6789.2338550082
3917.58935517549,4200.94573785524
4425.01205434421,5689.5962352116
3599.76176108238,4906.22770398384
4521.90421834834,6945.12324933246
3751.35536432982,3694.12031284249
3926.02471718946,5754.27067742978
3166.71747874093,6738.8240118589
4554.35497298358,4775.85550983779
3746.08535326978,1573.95515948575
4914.96218343859,5068.42525295651
4331.56538060655,2838.12047212083
4502.59410156478,4417.36094152091
7815.56290045102,1046.89759066115
7897.69855013151,3476.45451476921
4026.22633188001,2979.29048655275
4091.68415743531,5309.0510340719
3462.76895193529,4226.00836863761
3779.27972183664,5553.14338254268
4443.12483251941,4916.40033277972
4650.07569922855,6127.76899579593
3518.49720753754,3649.79155107131
3166.57157005922,1478.76198516944
4361.28308833578,5325.19099618313
4283.91833301728,4689.30084546332
3359.34225586233,3694.57488223832
4478.07273241012,1097.7051291749
3981.52386904781,7007.58108431998
3677.64523016567,5464.20170027102
3998.9301345464,5166.28960389931
4516.68814113148,6891.7014082236
9199.7032289429,536.491638802621
4110.79709891851,5993.75982362796
2024.42929057071,1215.40361142367
4141.82930946358,3304.65223160402
3947.37446564223,5767.28531637393
3973.58529615879,6227.79286851038
4755.20786008246,4501.52858799818
4148.25625639651,6792.98458109289
299.468154743179,2225.70153644273
3938.83688173402,5311.49471457285
3734.46524931593,2415.34915695022
4682.83052275134,6043.48760125588
3939.88422604037,5435.33125794495
1880.85046273956,155.434822450756
4008.56873944898,4610.53221484279
4783.27750447174,6447.50465172016
1948.14718935542,1091.45363713025
4477.97283538352,4552.2796753358
4415.64827619064,4618.77281799256
3974.77495367087,4740.10817254945
4214.3036561765,5009.54773338715
3772.23130412045,4973.17541603644
4438.87883261632,5740.51773321574
4130.81751947668,5030.405068689
3748.55459974598,3442.86691068014
3864.69284639749,4709.07820845172
8174.49671263243,7547.14184866151
2255.92992137993,1421.98700762653
4023.17470927015,5530.41068419848
2995.65601211348,4340.5814220055
4166.02612050402,3951.22687740217
4058.83847632108,4946.23699935647
5094.19892400911,6006.31947032103
3767.49662237232,6187.10150761638
4467.31763695959,5571.89785867664
4331.13851090691,5248.41147666771
4341.94593384881,5386.91052590076
3791.36884176077,4338.81938417067
3825.6015054215,4621.95522661865
3650.93157246158,2247.29759986972
4496.25324392003,3509.53067543106
3803.44685563418,4751.07703778472
3359.1382365386,2742.18835825176
3507.51485300695,6517.86226852439
3481.61899796333,4334.55700323113
4188.20517519305,4955.55757481969
5062.54645811337,6772.69556324965
4042.4642423269,4677.08202010332
4295.15963843905,4434.58087594558
3462.16029681854,3862.00103640121
2489.03776710331,1940.51992028588
3137.28224901044,6297.58216785601
4035.39404816299,3772.37728860818
7506.78123510906,4542.10662368467
4158.30651516216,1858.90949094469
4276.27371172594,4551.02929235582
4036.36265477209,4482.6607866567
8545.38683830582,5677.60490597714
5093.87444330918,6493.59502847092
3718.60919200902,534.729865252327
3677.93765355642,5131.73598698719
2573.69067096377,1455.11993660596
3844.6208350937,6005.23992086283
3385.17021448751,187.374255695812
8338.13930227689,2790.26805753525
3385.61714046313,4142.69319834824
4737.12379483238,5004.43287625971
4492.07207912786,5927.38042903396
4176.89170218653,6408.68823101325
3165.56066722131,3792.72339191043
4220.09231221135,4379.62449312745
3930.58369509865,4811.09119227129
2953.21240033732,3443.3216915036
4130.02790694246,5760.12468553761
3740.79606973283,2273.26979229901
4039.29365060634,8137.1120332971
3704.94992152771,5148.55801461979
4689.06105758271,4592.9710362298
3509.95234920399,6651.07562710822
4597.91146631024,5712.84058841064
7590.79567143006,3737.93741975882
4269.167345006,6961.54737017299
4792.57271919566,5570.02249563429
4412.77288307334,5563.31601133855
4445.72579976014,5971.25462140931
4250.81906375832,4839.45040259777
3436.83161511916,1690.0055633901
4529.87365714025,5414.87182943517
4741.94871203478,3339.83104000613
3268.90368137353,5160.54976670951
3601.58895157322,3268.50719895123
4418.99293060094,7538.9579081155
4132.25456755608,5312.06303203146
2422.582887,5724.77525504134
4662.4776660478,6610.78217300628
4216.7523695687,4614.62376226055
3791.5660707687,5338.48979385658
4345.08895863253,6335.14820558294
7071.48414919429,1639.25479319392
2427.97653541877,3716.90967379044
3920.91037423061,5431.63719446401
3701.42535950452,612.816694636013
4411.40032763071,6967.51470348834
3836.25068705444,6281.66927901507
3663.94303297511,4444.24227274187
3706.32957982871,4446.34513190975
2872.6274174815,5881.34671488697
3546.42155794792,700.110245706335
4017.32267937993,6676.70699820444
3241.75202652519,1545.82344528481
2801.4465430799,1886.5866357498
2972.75405127789,842.587411435806
2698.40672770153,1417.55421602046
3805.08195414133,4430.54599113159
4557.19727085058,4785.28941050853
3952.21512231788,5121.62002079507
4034.64047639145,3055.95646943302
3463.6625458358,4169.8586882985
3656.83241999497,4321.94027107905
4331.2577111893,5659.58915796831
3339.71132969949,3445.0835179108
3868.33814848723,4349.21950909209
5042.62033849598,3553.80256317086
4547.83678161315,4275.79323172454
3995.3157096612,4533.52519920184
3753.95250014742,6090.31712898702
4556.67583878955,5189.76103036864
3571.85357550696,3225.31507209726
4750.67568295428,7116.64137376835
4588.93608375923,4732.60672038006
3362.77185212726,2259.11872986527
4223.24911036482,1180.22480302156
3855.77526839471,5394.35531546639
4453.48767259547,3671.04637030998
5025.12032157526,5083.14484427648
4238.60353254327,3328.52156486542
4144.59858184356,6634.42401014214
4233.59618951889,6573.32988334212
7489.9729524741,3322.32694685215
3673.40315097846,4690.38039492152
4358.57087323416,5333.4315993329
4489.42155016354,4147.52389674638
4403.73787585771,5574.11404305205
3240.36606599142,4367.63316389299
3487.07327468002,5790.01801471812
4063.92427845876,3591.53901156432
2717.81523992528,3911.95631015468
3180.54134956047,5560.8723308376
3939.90710086012,5952.55680787911
4169.03695557113,2925.75489738112
4349.84422823668,6643.23293075052
7612.06076872906,2429.50021938395
4640.92721829788,6908.06886646037
3574.46344807752,5379.5223989389
4322.70228053868,5637.48143968649
8039.81188671969,6999.28381856645
4037.95654945681,6040.81642462939
5048.88257674625,5717.67128680878
4066.81737280721,6084.12229954613
3900.90654770898,90.8171287288086
3664.86023024955,3465.65648305572
4035.85464220113,6019.73201605725
3807.16615540182,2816.80856742315
3770.61533625539,5308.25522048775
4540.32538467131,5620.54566399111
3487.08779433542,4216.97237475894
4174.9257649448,4552.05217921025
4433.56567806505,3952.42059777839
4033.14201827345,3011.11626423462
4199.90617509177,2546.63048988794
4021.3958184204,146.796391794271
4011.52824309446,1188.57904852029
3073.04811291738,4173.83691050873
3874.95577895935,6622.88725030352
5021.43106410896,5855.37452245768
4379.98563154708,4257.1520807981
4208.00783069908,2056.74084057056
3996.37295020391,5844.06483588934
3736.89077359559,4800.74772995363
3882.85415451423,5817.97931825253
4163.87883450983,5083.03109621371
4302.37348270049,5835.42674880275
4222.49123730798,4082.2811370696
4508.62860114738,5622.42102703346
4367.3903388003,5932.38153809864
4314.64136216966,2726.16193277568
4776.18540577696,4593.53935368841
4177.57014040436,5732.27713006598
1907.7328202782,6079.40534921076
3290.85694133409,5713.29515780647
1838.46275012313,739.494666730413
3981.56387541707,4681.62855977216
4109.34704786829,4766.25077564527
2848.70341289473,937.837406926595
4449.14638122449,5174.07563765325
3875.27993962069,4878.26640044943
4028.39078274555,6721.71740264175
3994.49741653028,661.351016172248
4078.51277545377,976.596636460683
3498.14393923796,2840.67790068455
3795.47067552231,4480.61459009258
4038.09793322803,4436.22916571764
3651.99709194836,4138.20332128316
3901.12945536146,5171.74528235982
4147.20702970531,3967.93557982725
4062.63278381167,4593.02769883356
4096.34647961799,5258.6411909226
4691.68030345501,5147.93303455743
3058.56897228541,4113.42484923009
3851.00461373952,5299.33255181661
4054.56928419394,5761.31798305858
4733.3320584655,7262.64229802603
3658.75819698497,4426.45402085859
4477.77172430329,6858.79565822828
4223.34542667988,6146.23931320059
3914.74117259243,4655.77011540564
4016.24277881926,4617.86325634564
3830.28593677856,5245.51322677093
3364.89169579686,2238.14764650065
3770.63144743391,3866.14966927797
3654.41833034097,8105.05875948968
4876.11620029435,7970.87917665518
4346.48402138008,7996.90845454349
3733.06436878731,2487.69588485956
4282.67753789009,6369.13350503646
4090.22404708573,4844.96274366204
4016.62327221345,987.792574966248
4597.43340389303,6973.31162613716
4092.60280999146,6481.26245504814
8498.23496037049,7744.97298685976
4613.6747867132,5234.54436153565
3853.49090292044,1864.13809613491
3825.48796367517,6914.83201335987
4584.08952479314,6894.88381684969
3649.44738935318,5501.02858701756
4584.55220695467,4376.72624323066
2935.93309967662,3853.59002258491
3611.48078941808,6059.57090076335
4755.81964065523,6558.66737748117
4384.52363560189,4801.20229934946
4999.57435629624,6837.99540838545
8402.07417512407,5926.86877417912
4310.72009201683,1041.72585950232
5070.16578971862,6950.80642391851
4706.44168281142,3451.4485465906
4179.03209191191,5490.57137663713
3194.3257252151,2348.79914026207
3166.5920815076,2148.97867953108
4082.439748773,2332.94312545252
3961.34110336561,4395.48071936462
4561.41753689494,5460.33722612356
4131.6680279398,5713.465568473
4308.28341041014,5523.59087469523
3698.32123437196,4728.85557144012
3897.35761747826,5239.88671478864
3930.26701295054,4795.06455536758
3881.64037278814,5223.4055084891
3104.97137845548,3678.32074920907
3124.57605693544,3888.65529435188
3163.12536598865,4883.72207890994
4232.61698605601,4401.50471528373
4305.5247336137,4713.34058939126
3491.24838224377,4180.25881321992
2764.01318582349,7089.24838769255
3900.76783369157,4959.42204896715
3637.93639447038,4779.32207719318
4100.42118027051,5599.97248741857
4313.87014093414,5454.93821026681
8051.66261694543,6915.17283469293
4409.63264644973,4612.4642404889
2750.46308851484,7217.12023873389
4569.21103221665,6103.89966253453
4754.63716867441,6915.57074148501
4263.01391114861,5641.0621779599
4229.34550162025,6701.76962898682
3929.6326448593,5010.45687217882
4138.81064985644,2344.82091805183
4799.865906156,7055.31975084279
1974.00585402577,941.247311678224
3562.39142476903,4801.03188868293
3568.54334405623,4625.81970076611
4497.18814377435,6785.36895800549
5257.97033936076,7915.9232166923
4110.21107590625,3042.6010091558
4264.4031792944,3690.36916390255
4154.98959002979,5155.77573091513
3700.86977907967,4053.29694668075
2614.25106960158,1995.93087249985
4290.59352834115,5777.62877869159
4266.22084405794,5726.70728068744
2169.74150187096,67.4592785373041
4057.20628000776,2826.81099698012
5114.29635627236,4642.07383379536
4077.68173679583,6863.85385275197
3557.11277827313,5887.88236566093
4088.4786763669,6401.0730307811
4173.96106599587,2368.46296661532
3567.84331655834,3414.11021641684
3656.97970144123,4897.24794985368
4498.42238383919,4940.89506895874
3361.87421963312,6844.75813242969
4199.91808835242,3442.69650001361
3455.71066522721,5726.65061808369
3243.84701820096,735.402749314314
3326.74303067638,1244.78570860459
2908.7395566178,2180.23613975435
3723.11582824037,5195.33045689192
4027.91779813969,5479.20502746504
7468.43318754235,1499.8464994554
3652.87048404883,393.048328107831
4430.64893040209,4768.92195227176
4302.94335895197,4567.62424671813
4280.33319313589,5652.08728294368
3277.81332690302,5125.42740948353
4151.58436210752,3627.22926339365
4028.44370160774,5574.17112851106
3635.79638939676,4661.68036326198
4243.17230251887,5659.07750311347
3661.21785259475,4197.30833697806
3730.99312092138,1695.97289670545
4388.8604601492,6467.50908797885
4281.47791801778,3993.28236933893
4597.37759260134,5897.4866769982
3179.11444612569,4839.27956907599
2251.80175823495,2062.13985642731
3865.20042756143,3794.42834428624
4268.98715303199,5885.43868515998
3482.28090361616,1991.27058476824
3907.93665216396,6015.86754190979
3680.26450254595,2718.43277305313
3822.94738645083,4878.55055917874
4147.2348031569,2143.23863091365
4510.77074112782,6941.8270926436
4713.71373223734,5732.73169946181
1824.4408325442,724.206916522561
3965.88319643964,3206.50372193191
3802.54361900215,3445.0835179108
4555.36460897327,3860.97814954677
3836.76970234804,6826.96988054641
4501.8317856206,7270.3145837172
3963.46014674854,1780.36793359446
5199.11833376798,7183.53200036194
3920.71682150925,2420.69129877558
4378.5659294653,6599.13166510488
4057.91050449768,4276.58862245344
3408.66266923646,3087.04351898975
3858.21565227362,3403.82362813056
4329.13524644932,6204.43519010382
4206.42362852374,5532.79770209568
4106.31943098947,4417.24719345814
4538.91089689181,6025.24477997677
3396.99452757694,6710.12398019936
3988.69999459845,1525.87546020226
4273.86895525324,5686.98214404412
4571.44334168867,4299.94672371525
8212.87012719754,2630.00253420869
3945.78692454244,5632.02576122598
4249.8708160345,3318.00769188123
3305.48091959665,4631.27580208187
4376.02110850268,3007.53594881646
7779.26546800266,2302.14023462508
4180.09816487585,5295.46807766914
4958.42774953192,5708.18030067903
3746.26273679272,4640.48220662707
4429.39191906889,4798.64487078574
3325.48720063488,2957.35339036508
8634.5657280864,3448.55008526619
4141.33060693708,4003.45542099005
4989.22643948022,7224.56502829951
2411.44904423028,3237.30661275935
3413.66201786414,4651.10982767403
3572.6310611644,3076.47277197418
4868.14669581359,6627.49045257611
4404.75403392392,6289.51239822802
3622.05589709104,1699.95111891568
2994.68920840546,2586.07167922959
1821.64440472461,2696.77983559476
3862.5133080029,1075.42710594035
3292.88734494449,2845.05381825924
4657.30565213488,6450.17540549141
4826.03671139767,5710.28315984692
4823.22487809585,6552.98420289512
4430.16663854266,3915.42287751006
4269.31091559169,5262.39191700729
3983.74237326109,4752.83865276429
4185.07470939901,5610.25928713247
8667.95085203249,523.306694905751
4340.21990437537,4253.45801731717
7399.00322027695,3989.75871652453
4516.70412445314,5481.47829729946
2470.83523646654,634.526400411955
4107.24677650442,4480.16002069674
4669.17737569703,2904.72715141274
4736.31208468326,5300.01461733798
3672.89505344544,6363.56407851318
2624.33732562114,1340.31980996778
4561.34172437402,4308.86896953114
4219.58912794396,2808.45421621061
3622.82804932856,5270.46210949053
3541.1449400101,3471.05549891247
3086.52248961818,3083.06529677952
4034.61629853217,4039.20233542315
3551.75018257608,5455.05153547433
4327.78136800281,5243.97868506165
4335.54982362972,6755.58937688775
8608.39262364424,3997.43100221569
3662.2807147327,5933.57483561961
3164.99529539377,4722.88823812477
3828.1416669878,4904.80691033733
4583.08054631549,4985.79214818852
8738.42783562519,1468.7027872949
4450.6858990969,4291.13780310687
4499.50212129866,5207.77677837747
4086.45656629654,1674.49047562742
3979.26269139064,5703.29293967713
3591.43274926048,5743.87055250836
3521.61858570504,4809.15874376993
3578.77718717075,5998.24970069304
8778.45659698069,3129.04213689512
3783.45016436124,1064.62907422686
4017.08969179639,6666.93185334539
4581.41784706569,6601.00702814723
4418.60765395416,4262.09652725902
4092.41720052749,6295.42264608436
3476.70681124198,4629.79792297635
3699.35902542142,5117.24389179277
2518.48419742616,222.723606906724
4068.08278614687,3048.79562716907
4471.19884096203,5771.26353858416
3813.76919810832,5353.66395457238
4403.46994093996,7212.00538160644
3041.5645560673,5942.7250004163
4152.22709925748,5371.56595451843
3460.53150451348,1473.53348569304
4204.92117652705,5983.87093070613
3290.14622605737,3995.49897656959
4170.91320585422,7334.13612689222
3935.67945059692,4049.77329386635
4484.00587497333,2860.73942240225
3448.2945191586,6968.36717967625
3645.1385338932,5761.54547918412
4056.19375575372,5283.41966297567
8405.60309752687,3160.29959711839
2210.99852963358,168.96077267986
7670.33108507327,1376.06704154231
4490.6483685142,4883.15376145133
4011.51561331695,6461.08718526767
3187.51495493459,2654.09915216801
3977.296953989,6640.33468085374
7503.82816346935,816.956304624108
2802.42839626921,2556.80333011144
3588.01752935768,1593.95991288588
3909.5265133518,2563.45251752054
3992.2022082209,5296.54804998259
2625.84153354499,278.816545356712
3582.91419701999,6770.13813468593
3973.48028625736,4885.08620995269
4252.86978740558,2282.53328230322
4329.84885920178,6058.15010711684
3444.04484594827,5761.60214178788
3348.40999743697,698.518935679479
5225.25382607634,6336.56899922945
4095.12423431349,3056.35437622509
3331.13276018296,2641.3120093494
3835.67787297444,3667.52271749558
3493.60890623244,2709.62385244475
4233.40416118253,3976.40325624731
4388.71956759778,6545.19816914118
4225.68723678346,1981.66606200334
4658.86708201465,3008.50196163951
3551.03995107391,4918.10528515553
2729.36120719424,5290.46696860447
2830.76154878244,4386.33097742318
3803.51193040263,6689.09623423098
3497.44673939081,921.072041897752
3334.68087753017,4118.14179956546
8795.20432486434,1393.05969126907
8253.77302640119,189.761194307643
4348.18580155607,6116.51639468661
2957.27580014711,3882.40380230722
827.947424638816,5498.35741039107
4008.25920729069,786.380857065312
3538.22032106059,6209.94795402334
3112.1854098937,4247.03611460599
4399.33644469301,2932.85886561368
8244.10833266579,3568.86297582388
4885.26449322875,5718.18251880837
4558.5711339991,6673.24000799381
4735.19923939187,5156.91236583233
4604.29485079292,4711.4081408899
2872.91352645531,1017.00405005301
4221.73840548963,4188.44275376593
3383.60185465062,4155.36659310408
3631.1937597452,5427.31772806547
4784.72790582052,6438.97988984109
4627.46400217999,2344.99132871836
4270.73506525128,5938.17846074746
3267.50285032409,1593.61888012519
4203.22380167511,4964.30940996905
4061.14315065265,5517.39604525433
3979.27108896617,5252.95801633655
3296.82003211884,1148.39902533969
4145.772441077,4968.57179090859
3845.0359574426,5944.03204600004
3856.9720032246,5863.61512560745
3970.78900131813,4546.0848458949
3726.82591939498,3720.66039987514
5337.01533056601,3380.9771817236
1065.22028129884,3046.92026412673
4448.45466739534,4581.77509772424
4026.37553463662,6670.51216876355
4257.64688841181,5744.8934393628
4913.61737557207,5906.97766312795
4234.64039233587,5475.90887077618
4354.88887606859,6731.83379168912
3657.50809141404,5990.52032954286
3377.01466402131,2215.01725279201
4860.0540826041,4605.30360965258
3894.73567389847,5184.13494124161
4734.23107259975,5671.58048720278
3661.92711881703,6152.94537464107
2668.81052468022,9624.85381471705
3056.74173184151,4120.01716260781
4077.48514052848,4793.92792045037
4456.69615612015,5664.59026703299
4126.70348682787,5636.79979702036
4780.6846371143,5433.51255750636
4917.82100171332,5495.68623376458
4806.96674674855,8971.85705478009
3202.96753752767,4.14871711745968
3949.85368967897,3063.79937721834
4452.10102911935,5641.11884056366
3864.36824157002,4465.95208423162
4095.82557070226,5083.14484427648
3316.66514888735,2700.92867989915
4130.30193486127,3416.72430758432
4749.09458560497,4522.67008202933
3532.64926041665,5173.67773086118
4300.27168728825,5386.74011523423
4982.8196303145,4242.48957493715
3958.38243973805,105.991203552135
4312.39559190914,5367.3035735789
4309.88949396554,6143.22731524103
3630.83813359995,4403.15300505579
4289.218032409,6426.30607223
4076.33530408462,1491.83328671735
2949.2300612837,2626.36534475914
3825.07841027577,3117.7895357858
3598.17949422018,4101.03561320356
3739.81845767947,6542.92489930677
3298.3956564783,4951.40894194293
3996.87490882512,6982.97302293344
5015.42511633618,7232.29397659443
3633.5492895142,5526.03455519618
4499.6668703492,3667.12523355876
8728.8599259122,2152.16129958479
8183.38536234051,3369.55395852012
4130.8397975426,5072.46056062576
4110.1380775083,5096.67071522022
3867.53324261486,8605.12146045818
3370.50093824017,6776.90128158543
4030.9265973793,4819.04763669176
4163.23591823819,5666.40896747157
4045.83880898139,4061.42380176775
4753.87695325391,6860.2164518748
4239.24385015397,1055.70651126953
3776.36034285253,5391.39998011059
3452.21443460553,713.579348332507
4598.14904257789,5298.82131981701
4312.21426268629,4359.96087820182
4191.9347002222,5237.15887555839
4642.56164294063,6545.36857980772
3868.23273886243,5809.28414570693
1086.52061167593,2247.18406323457
3937.98527273877,3491.57180145363
8632.91209405666,2520.03310596865
3945.18927867782,5102.58138593181
4308.41784746091,5078.59830460764
4194.66383034302,6183.52119219822
4275.57716486584,6280.24848536856
4145.63243368734,4862.46725967127
4592.36303130509,7032.58705249859
3724.60395221771,4708.45322838936
4430.85566493666,3259.30037155078
3349.74863702953,3951.3972880687
4315.4730729308,5558.03074354458
4600.27211385029,5116.33433014585
3635.9087028623,1251.71916045681
4177.60060015348,3346.48043884286
3333.54315694172,4645.54040115075
4058.60368498905,3952.30684971562
3477.73142187299,1636.24268952056
8435.78722666474,1239.89813617507
4469.64727084612,5320.9857007026
4787.78446241503,5087.00931842394
3937.14015414212,4281.93097570643
3207.01666868726,4756.47605364147
4119.17015057016,5631.00287437154
3782.27328328776,5298.08259169188
4566.06353796021,5616.62452723989
4598.88663752108,3790.9613540756
8552.55048907878,2306.45948959601
3849.99584043176,3681.95815008625
4429.26844733114,3327.38492994821
3994.01891624689,4096.26157740917
4788.6388250185,7758.32844713697
3639.71622885237,6908.06886646037
3286.08313439802,2193.19390466711
4508.52952642827,4401.90262207581
4019.36025697412,5516.42982100365
3613.19930736201,4757.4989404959
4001.57648918688,5893.56554024698
3216.65034138642,1588.50402299775
2707.3563738996,2039.74819084381
2329.18168680227,432.375901528977
2631.48082932457,858.159320372959
4481.78102824511,4883.77916436895
3333.55115654573,3747.59881655511
4711.78694386533,6887.83693407614
4679.06149073593,5638.73182266647
4214.2697868238,5725.74147929202
4276.63814156808,4670.94427612144
4224.61765458962,6184.94198584473
8155.28832567,38.7592501813165
3778.9168756774,2018.09525338544
3269.29518925511,7302.42452012837
3755.16761591443,2684.61788426614
3219.80958242247,1930.40374266613
8358.94378025047,5306.37985744541
4258.03004535103,5313.42716307421
3516.28400629764,3467.81621625499
3690.45841432466,4379.68157858646
3849.81797189525,4694.52945065354
4314.56244880014,6204.43519010382
8044.74017124324,4885.19995801546
4131.64205616811,5609.06556675624
3561.85896933197,5166.80125875416
4920.54868524294,4763.40918835224
3961.23188190554,5051.0349078653
4394.92409684704,6607.65642698396
3472.79724837741,5054.89938201277
4062.13148449866,3864.72887563146
3641.46120675596,5188.4539847849
4385.84273691388,6069.63020435171
4093.41898150102,4141.3861527645
3208.08218434053,2079.3029168206
3658.21297569504,5494.20877751431
3760.62403871609,4638.60684358472
4461.05873702489,4710.3285914317
3569.64941216645,6053.37649417771
3790.21891411262,5208.85675069092
4033.04131573908,4536.08262776556
3941.55236859852,4142.23862895241
4672.45490865426,6897.27083474688
3679.28480719709,5051.77363599044
3906.15957084111,5712.21518549302
3262.11626655786,1621.46643559683
4367.56913241843,4309.55103505252
4850.46268590663,6142.14734292758
4025.92772313268,3189.56794623654
3169.87682603721,3009.1271531295
4340.78734639844,646.120087138875
2161.08773225647,3597.9609142755
5071.9194659584,5662.03283846927
4446.88780427957,2027.07458466034
3942.8119289697,5000.85256084155
3035.90606410526,3439.5138799599
3815.03093464543,5417.25842447711
4032.7796768869,5285.35211147703
3452.68000593527,4879.34594990763
4068.38931362388,4557.67869119254
3547.47042958646,3764.13668545841
3947.88599423708,4684.69722033547
4287.51067496064,5998.70427008887
8197.23664970043,412.427969303328
3647.50654225672,2515.71385099773
4046.90625321867,6353.33436425829
4406.22372377135,5269.7233813654
4863.64796948134,6200.79778922665
3970.13713898431,3787.38103865744
4193.67872908653,6474.27223487835
3946.51719222153,4557.11037373394
4725.54465837203,5241.42125649792
4971.6850176976,7820.73004237599
4178.97395242069,2784.3007242199
3907.50715608869,4525.90957611443
3325.4397891669,6488.53683394723
3811.86759924465,2534.63894922585
3434.76851032854,6096.11362878059
3491.2288918131,4296.36598544184
4142.1484112539,4516.64608611022
4336.64848296006,3789.71097109562
2826.38002754132,1903.63615950795
4038.64145710727,2835.10826273365
2431.28137845475,2131.7587451064
3698.85200468216,2137.72607842175
4063.59787147263,5449.08420215898
4692.7842697719,6311.22178686252
4202.303103941,4733.23170044243
4122.6780383476,6210.0046166271
4205.14557151248,5683.57223929249
4022.32711371245,1529.91055644388
3345.94525566955,3016.91318688344
4082.82799941043,2784.41447228268
3965.21769813861,3494.07235598596
8198.03389212137,3615.52167003324
3691.45006910874,6091.79458523729
3992.84496243549,5767.34197897769
4792.92792489502,4880.53967028385
3671.74123697787,6075.48378960429
4522.34971060333,4886.73407686949
2938.65165111426,2325.21396572997
4328.02818995146,5089.90756832072
5100.30005964096,7087.42968725396
4348.81116896432,9055.6838799243
8558.25913074892,2871.82161284505
3598.9669564018,1665.62468098766
4304.93388466548,5178.67883992585
4012.48887901069,1814.29657044422
3904.33980356412,3875.98189959604
3703.59295472537,5187.65817120076
4622.14339589033,5948.35108954333
4722.54361839364,5561.61105896274
4329.66741806713,1366.00773795396
3811.23707875781,5274.26992103423
4638.3242731178,5152.9341436221
2966.46271184587,1690.2897221194
3954.45936670167,4752.66824209776
4179.36829520687,5441.98023392642
4098.70627430131,4273.23580316082
4279.08118274128,7170.40403621027
4061.09143047733,5452.55119236962
3517.81034800568,4867.46836873594
4301.12010079451,5064.50411620529
4327.02268608729,6191.13639243037
3802.91863364964,3457.52962796872
3862.69419162183,4225.95170603385
3943.41190225037,5062.00335024533
3431.65335320857,4409.51824516321
2050.83792820088,733.754618112979
4268.34905757599,7090.6125187353
3938.60516499938,5490.06014463754
3391.38340763951,5228.06579622071
4449.76402229228,5392.47995242404
4286.53974729548,3821.93465556957
2908.36208159669,1424.54443619025
4023.04329861493,6540.08331201374
2197.86832339825,1759.90861079849
4118.84319089343,4499.19865556001
5357.55749798661,6278.60061845176
3336.29567312804,2374.6007105972
3975.59534929395,4946.35074741924
4789.29169578009,7027.07471143433
4701.85350820825,5422.08912287525
8924.29427656248,5184.3620145119
3754.09980492134,2621.42089829823
2995.71521682529,3917.46907407419
3395.41632209545,4390.30919963342
3574.58028484016,3102.21746827793
3870.58857158471,3064.76539004139
3565.51565678964,2860.0575683085
4348.06622146462,4532.16106815909
2435.0653851564,3515.89570411086
4041.02003122008,6361.51788194905
4209.70805172964,4743.12059336425
4542.55350750785,6646.81324616868
4256.90684926682,5421.23664668734
4332.49035856763,5509.26919016734
3568.38153897886,4685.20887519032
2611.66295569466,7454.10861897211
3123.85537218593,5749.49706449065
4171.10717708659,4811.82992039643
4462.61409071281,5719.43290178835
3626.34850832633,5907.88722477487
3262.54521306008,2357.66493490183
3665.9260326093,5687.32296537718
4020.58002946515,3373.93008752242
3972.00169712409,5550.69970204173
3938.79312222896,5505.17721989433
3968.01835126327,5085.92934611049
3979.93911844402,4548.07395700002
3327.52101625469,4863.83096785877
3948.48145050732,3888.08697689327
4005.64423109763,5937.04182583025
3704.58344445253,3783.23240578068
3769.79991238581,5903.45401031355
3548.43015065392,910.330884215646
4495.47156822179,3315.45026331751
3910.89700138618,2754.80509040384
3802.47257010288,3911.5584033626
3301.22817104822,4352.85690996926
3239.34491852749,5311.15389323979
8929.11067507248,2129.4286012406
6616.90384630219,2303.27686954229
4510.5993327403,6701.71296638306
4295.88025553569,7261.56232571258
4177.49342631403,2892.6789481469
4036.28887367318,5345.25294075608
3915.28752369558,177.20137582963
4224.35729201705,5466.8157914385
3841.27349437333,6026.09725616468
8681.36681401698,1670.56912744858
4574.78731950351,6600.60912135516
3666.28901128929,4201.68446598037
4816.88463178667,4396.21944748976
3401.40961159566,6052.46693253079
4182.79345179709,4729.48097435774
3876.1486540961,682.094603411324
4344.62088863216,4411.96192566416
4132.51162025263,5178.96299865515
3633.20814597159,1172.8366760597
222.898268659804,1252.96943772298
1905.29315080101,1405.16487428012
4780.07564031527,5606.50813819252
8337.68913169822,476.988822029457
3718.24125339767,5737.78947113024
4034.66674449097,5803.37347499534
4067.90411665442,2300.60590434343
4479.40657260875,6078.09830362702
2910.80145176729,2526.79604144053
5541.72091032518,3716.9663363942
3858.64629864612,5922.15182384375
2891.02300545341,2001.50029902312
3270.53347116388,1024.39217701487
3421.42417600549,550.244953015002
3406.78826100525,5667.37519172225
7876.93233372394,1154.42323268642
4195.8853668258,4508.57589362698
3845.3832418531,2549.47207718096
3918.78931798776,3794.99666174485
4674.16188976882,1782.92536215818
4849.6767092969,7385.91052393952
3474.98294444646,3219.46148684468
3537.32602489683,2126.98492073965
4352.61750062732,2909.61472384227
3685.88674836097,5556.72369796084
4196.53482649249,4416.11055854093
3917.34461422809,5489.60557524171
4438.09105413923,5614.63541613477
3113.06988788981,4906.0002078583
3972.53638600871,4475.49973296513
5128.11608130873,3508.16675581594
4318.12617443373,5445.27681347053
4290.87104570662,5237.72719301699
4197.3311673262,6570.88620284117
2830.37425023009,1703.19050728697
3840.81321744644,3358.81280083801
4097.57382026166,3846.65646501888
4902.45534992126,5406.3470675561
8832.32440313714,3783.23240578068
4792.95710893302,3824.66249479982
4342.35209545346,5637.48143968649
2734.38282056225,5433.11465071429
2139.16644306742,5496.53870995249
4466.82688775344,6015.4125496587
3836.69755334149,885.609074766336
3792.7655743956,6009.50230180236
3988.39703917311,1513.20195973261
4480.77445719936,4406.27875107811
4356.63650203192,5626.05842791063
4720.44220367495,4816.8310294611
3564.58735856367,3779.42459423698
3869.72626323765,3235.20375359146
4815.34646512213,5233.40772661844
4992.59845220666,6700.29217273655
3802.12694784749,4818.42265662939
4152.18161451877,6631.69617091189
3283.54034270996,4337.910245379
3321.48554749539,115.027448501107
3595.42053663983,2239.51177754341
3563.95764161571,2084.19048925013
4353.53872805988,5390.66125198545
4088.48003334204,4636.049415021
4755.82830161906,8462.70127447391
8090.17931346174,4151.21796022731
4529.90656167386,4398.03814792834
4595.41220296262,7487.29768198623
3144.81840186284,957.273842868118
3548.73948629427,4577.45605418094
4205.85298454919,6231.82817617963
4215.20317519652,3902.863230817
4365.79218405887,4476.18179848651
3987.44846434894,5885.94991715957
1348.3602460343,1019.05003518951
3341.38360007062,6177.38302536108
3590.5423088859,399.129330200594
3852.15096291539,5087.80513200809
4711.49247771803,6609.8159487556
3646.01881412633,5305.41363319473
3470.91489785636,6214.6078188997
3030.60718996323,484.376948991319
4031.93484190061,4075.5179901701
3887.2949057805,5750.06538194926
2467.66263807814,2575.10302542194
3987.30167302767,614.407951805963
3896.53831519788,5018.18624332899
4018.04662766084,5129.00814775694
4552.60243472401,5552.4613170213
4090.11547703707,6169.02909700379
3734.83012998544,3098.63715285977
3718.1931953911,1615.10130120322
4226.48702791112,5547.74436668593
3140.72888280534,5523.64753729899
4005.98655631895,6174.71227158984
4419.61575870937,5966.25308948939
2346.07680347583,5012.04807649186
3654.09913577512,6322.81563216016
4042.14782180393,3948.61278623469
4269.68625587781,5948.52192306512
3305.54594161304,6985.985020893
3701.16652160341,6040.24810717078
3796.70192287085,1848.05458519982
3850.04187509213,2435.06964590723
3182.51316229051,482.785638964463
4160.28187359487,4851.15757310293
4158.07557360955,5250.45725037659
3408.32855880496,2290.60347478646
3938.1825789777,3369.66770658289
3451.03150663686,5125.14325075422
4227.04327358413,4742.3247797801
2938.40653642427,4372.74802102043
3812.59500697679,5590.02693189298
4235.07331539994,4055.62687911893
3750.32226393015,3424.56721536964
3883.29484577156,3982.42767502168
4051.47397517133,5307.40274429984
4360.29707916968,5259.66407777704
4261.8212169424,5409.01782132734
4296.96346548055,6537.41213538725
3857.01547166298,4439.86614373956
1995.46767495693,1485.63856299027
4096.22026428397,2626.30847072776
4724.3705225428,4685.09512712755
4600.02670875887,6162.49344622984
3883.80859377688,8212.7549178953
3891.33911999364,6105.49086684757
2457.3360267445,1858.22742542332
4039.35767625393,4272.43998957667
3839.54201175515,4964.87772742766
3750.09333735519,4497.94827258002
4771.35005141954,5391.85497236168
3761.64313773851,3953.95471663242
3435.63179029575,5763.76166355953
4400.98557985936,5554.45042812642
4276.05364554801,5073.14220329188
4310.21003660545,1826.06082640839
3882.82168253603,5335.70486916732
4826.39204028222,4498.9144968307
3834.20015107576,3247.53632701423
3514.79687621226,6287.69369778943
4569.32155857898,5288.76201622866
4573.05293347012,4170.31325769433
2941.20469514471,1110.60591434247
4436.4143178855,2209.7886476018
3611.43228148541,517.509877970744
4568.67154172058,6602.2003256682
4817.36766773661,5964.54813711357
3581.15822234931,3605.57611450766
4239.17850565991,4826.94741850847
3934.91968576345,1169.02897022981
3783.30476109726,5610.60010846553
4666.28123708147,7007.24026298692
4538.84387085047,5735.118717359
3777.66324541442,3881.55132611932
4576.84361361186,6822.25293021104
3375.68056565236,471.078309888585
3803.9249157658,5531.20607492738
4025.49491217159,1244.67196054182
4622.69937851435,5765.58036399812
2306.10940760243,924.425178331809
4503.86303922033,5713.465568473
3408.76948669152,3529.25116438808
7885.15752005886,5952.50014527535
4070.92986354761,5350.87902988312
3841.55159708378,5330.24919070681
3706.44603232483,5027.27932266667
2869.07651741481,3077.95043965207
4438.7014228738,5476.36344017201
8395.73428084712,8525.44369104599
3941.87417215506,5049.04579676019
4319.75619967261,5124.80242942116
3660.52696913007,1142.43169202434
3988.37994695024,4774.77553752434
3967.3728704163,5099.96687190908
3815.16382995124,1993.31656990474
3708.42249441275,3579.88850366292
4380.98263479046,6906.5914102101
4092.46526762465,4936.80309868573
3439.06440063037,5150.88836991322
4033.87844348651,4487.09357826277
4452.10358241757,6472.1127131067
3330.04835971761,4438.44535009305
4294.42313979006,4983.46179289509
4138.97233998377,5229.77074859652
4503.31893856532,5920.90144086377
4817.59283881063,7125.96194923157
4278.75183070437,6212.9599519829
4095.16590202208,5142.53401870068
4202.59801225085,4701.97424021916
3733.89228204958,4876.44770001085
3702.83348151367,5429.53433529613
4387.13147604881,4155.42325570784
4477.06646530978,6791.62045005014
3667.88203764378,5656.12259061293
3265.97373010512,1071.84668480838
1710.04172389131,5686.92505858511
4788.15802338888,6975.58489597158
2644.58524118744,1403.85772298256
4484.72231107794,4093.59040078268
2772.24791959659,185.669303319997
9124.40537717027,3743.27977301181
4249.30394767108,5908.96677423307
4793.93402185966,6672.89918666074
4130.61536606281,4617.46534955357
3796.80539783848,5991.37280573077
3377.38321731745,5069.27772914442
3080.94192352494,917.775779495082
3741.60945313299,3417.80427989777
3855.65855071916,3987.54253214912
9008.38030068341,2985.08740920157
4235.33426792562,5175.9510006956
4636.30416632385,3860.12567335886
5030.21684506943,5129.34896909
4237.86690231002,5151.34293930906
3556.58379976698,5273.30369678356
3549.28785217988,407.313112175885
7486.40669202178,6203.46896585315
3932.91312595146,4264.82436648927
4270.54657623101,6339.580997189
4420.70630930641,3980.60897458309
4399.80218510462,5543.14074155808
4115.32462325474,5423.68075004355
3702.11207886494,3747.71256461788
7637.71889942279,1904.03385487239
4331.05634240722,4659.0662720945
3797.37642525601,3975.55078005941
4312.26205991339,5483.01283900874
3739.77354058684,4035.50827194222
3778.20421969949,3330.22651724124
2602.77672655852,6731.54963295981
4187.05927038823,6206.59471187547
3750.45748983705,4116.49350979341
3474.2733272391,2282.93118909529
3695.82730759431,4671.62591878756
4453.72685182412,6054.62645430244
4572.00564459792,5834.51718715583
4039.03134312655,5703.80417167672
4227.7910389185,6028.08636726979
4285.11702008653,5527.90991823852
7739.77221385408,324.168273267687
3282.99042847885,1442.90111124595
4321.81730467601,1396.98103944792
4222.793877043,5739.21026477675
5022.56941603873,4584.95792920558
4133.07606296085,5286.43208379048
8198.71531212749,1922.1064769126
3845.55764642942,6853.39664237154
4052.74605635513,5307.34608169609
3698.11801919123,2365.33722059299
4476.57324421294,1767.01257903106
4099.09040840977,7023.89187995299
3736.63868392136,5140.09033819973
4302.79129265456,6722.45655362213
4259.35381869583,5889.98522482882
3747.43604109611,5175.15518711145
4737.00784425046,5124.51827069186
4110.47392364755,3991.80491308866
3643.55225230155,3536.35513262064
3327.09461457,1961.6612028894
4341.36441488644,4361.38167184833
8519.32955426633,4715.50011116291
3378.38079129882,4527.15995909441
2118.62948926289,324.736590726292
2652.97430599477,4974.19830289088
8336.74409822084,1023.48282679558
4502.51294800543,6956.88750529663
4303.40635742645,5458.34811501844
2908.78615267668,3183.71436098396
4787.20438877688,6406.69911990813
4581.917586703,4618.20450053396
4443.449933966,4511.75830225307
4191.34873145091,4876.10687867778
5067.34851824769,5883.50623665862
3864.87861944504,3803.46433816491
4778.20853683047,5641.97131675156
4106.10010173493,5059.90049107744
3823.02004544139,3393.82119857359
8391.25786992816,1482.17188992107
4198.97836955403,4662.98783170097
4349.66338203784,3155.69618341817
3635.49157505714,6857.14779131148
4213.62926828715,5501.88106320547
2769.65687207837,2265.31334787854
4798.83355189966,5559.73569592039
4821.71843277913,5743.07516177947
3532.41630332473,3240.37548475029
4267.22768998425,5258.12953606776
1903.71199679817,753.986761924836
3851.98480711455,4736.81201586059
3122.86748399602,4082.96277973572
4288.22245771506,5483.58115646734
3558.9694560054,5604.80318581671
4136.83010886354,5428.17020425337
4406.18210460887,1281.49895300218
4442.09526689816,5352.52731965517
4645.03032878986,535.127719187494
4656.8522238904,4351.03820953067
2269.15173024398,1892.83812779445
3102.76004975672,3344.43445370636
3606.24406554857,3264.01753331377
4970.60663590094,3149.27428070698
5064.7326852347,2293.33131401671
4009.98325631647,5561.95230315105
4361.41285453529,3982.14351629237
4430.51595429537,6345.4916679006
4151.83111048379,4453.67659626786
4043.79449792612,1321.11065872417
3774.08291135123,1167.21037550503
3660.81883936388,5510.68998381385
4478.31740569692,6362.3136955332
5046.07249061819,526.375619753598
3943.80692981374,6376.97620139415
4457.18117580166,5105.19547709929
4821.27169211802,5337.63731766867
4085.64618940948,6631.41201218259
4199.54899748873,6138.62411296843
4164.14485686779,4570.74999274046
3754.51488990484,5087.57763588254
4338.00072534063,6424.99902664626
4490.97015701153,4781.3111882983
3244.03816609657,4452.19871716233
4025.82141033585,5842.30322090977
7752.66598054652,7912.00165708582
4462.67417430021,4850.41884497779
3793.96861307518,699.371411867386
4269.22288004631,3375.63503989824
3793.88369902557,5399.41350999007
3859.81317048148,4229.36161078548
4522.83003321946,5134.46382621744
4460.1800059484,4445.83347705491
2994.3230892248,2126.01869648897
4463.34921383922,3958.7287524268
4081.37025150234,5380.82944452264
3997.7105024819,3768.45615185695
4634.78624422405,5148.3309413495
8235.97047999867,2903.24969516247
4849.86853380133,6842.76902132458
4143.41105413868,6263.31270967318
4061.62390806211,3978.73361154074
4518.64107826534,6137.43039259221
2764.49219690287,772.798059233275
2283.29742800156,5257.61830406816
4660.73413293705,5318.25786147235
3931.89895275404,6180.67960490519
3944.38272403425,4891.90601945595
3942.1871246238,5639.07306685478
4738.63161631986,7154.37782216181
4901.08313656771,5216.86985771515
4500.20542356823,5192.60261766167
3888.9834332503,3835.00595711748
4094.97407861862,1124.47292376071
4077.23966765371,4254.82214835992
4585.13776112062,5323.99769866216
2928.44194834879,4072.278496085
4725.53859243829,4570.29500048937
4295.68069833382,4772.6731012117
3991.89867468128,5391.68413883989
3827.79970997751,2090.6692659927
4667.47037110085,4651.28023834056
4122.93267518326,1514.3954686812
4357.67476847858,6726.66184910266
4448.40096406077,5413.22353966312
3244.11081486225,1702.96322258905
3966.88165818703,1794.51920745582
4536.91485278466,6158.91270795643
5261.30714977888,6377.82867758206
4605.65785849253,6240.92125551731
5091.7743767215,6723.82026180964
4480.34762235839,4626.10385949542
4456.57816788017,4767.50115862525
3995.06935804447,4496.35706826698
1052.97621189737,2560.15636083168
7764.52071256463,2684.10644083892
4362.65504713072,4856.32909283413
4352.31426600264,4799.21318824435
4438.2928053418,6631.86658157842
4322.61112026966,3430.47767465361
4926.48954550792,5920.787692801
2378.25143280289,6028.08636726979
4227.88044055157,2815.89921720386
5408.88846574627,4908.84179515132
4638.39116053308,5296.20680579428
7255.99014722251,3501.8583897399
3895.58501794649,2641.25534674564
3643.34611317541,4716.52299801734
4306.59806951131,4014.53761143285
4836.7273944147,7071.1193144762
4590.16744800095,5879.69842511492
4794.00717753872,3100.45585329835
4358.82599189762,5534.84347580455
4243.13452590885,2277.81633196785
3841.68069252255,3012.48018384975
3562.64767276313,4491.64011793161
4907.34841629578,7040.71433044084
4344.18170769468,4120.41506939988
4135.9774660943,4580.86595893257
4740.45708726024,5551.94966216646
7352.5509271562,721.137991674714
4600.24850546826,6124.30242844054
4643.11874835513,5772.62766962692
4449.99003626832,6643.17626814676
3290.03613463306,1792.5300963507
3485.74971077867,4682.9356053559
4417.80072544887,3682.75396367039
4090.59853223367,4019.93662728959
3703.36018465725,6618.34071063468
4933.98023130681,6498.19823074351
4302.02015263344,4908.04598156717
1308.85408054425,158.674224036268
3792.27259592156,5187.94232993006
3373.0265967525,3416.7811816157
3360.18415784427,5098.7164889291
3812.02304267406,4882.1308745969
3867.57661505405,6385.67137393976
4453.17318290644,8179.16752523386
4451.83216060352,5457.66604949707
4436.32082545034,6402.26632830207
8753.16067444917,939.883392063098
4187.38709322465,5496.48204734873
4339.86882343913,3854.95415362766
3949.06995022428,7911.09251829415
3633.48740778067,2901.43099472389
4196.45541298244,6622.20518478214
4752.05216864764,6846.74724353481
3247.02593290647,2874.72007416946
3254.26594263111,2093.17003195266
4201.64221062847,6126.40528760843
1989.38349324581,4513.06577069206
2391.55922163356,1704.61130093348
3698.41822281283,1306.67543756114
3893.86880519223,5168.96078052581
9135.46163631451,4259.14119190322
4298.66211276518,2519.97623193727
3825.50257064842,4395.59446742739
3892.59729525219,2656.71345476312
3897.35079512307,1472.39685077583
4263.95747358182,5180.78169909374
4301.50075395802,5657.65670946696
3861.19456417095,6620.10232561425
3593.470180649,3653.76977328155
3750.65302393581,5401.34553563617
4454.42411866452,3784.70986203095
3507.63967572989,6876.35683684127
4910.37962648509,6045.98836721585
3845.19494815896,4556.59871887909
7828.2439167721,2990.31580296416
4289.48907428827,6093.61328567588
3439.34838961305,5154.75284406069
3993.96840489583,6180.79293011271
4727.18954910011,6022.91442468334
4122.94228087668,4128.82608321618
9037.29956125153,4628.71837351815
3749.40673439831,6299.74211248291
3312.9594739209,5726.48020741715
8408.88391666403,196.296845081599
3496.02648360038,6348.90157265222
4512.67498908011,5105.25213970305
1914.26119887951,4485.33154042795
5030.90868561794,4568.8175442391
4077.71109757438,6039.50937904565
3868.04426606912,5886.1203278261
4400.78134539442,3431.61430957082
4786.7435478126,1660.33941319369
4661.41141298939,4840.30287878568
4148.27299825418,5181.17960588581
2647.95132990787,2051.62598344312
4122.7210480484,7138.35076240285
4491.71430056774,6293.71769370854
7254.09057713024,1319.86038145801
4226.27424753607,4418.61132450089
3411.15403522719,4638.72059164749
4916.2343079398,6891.36016403529
4371.19374819381,6944.72534254039
4611.6457807857,5732.56128879528
4090.22356000584,6294.39975922992
8401.44271745014,3451.22126189268
3853.75260163125,5662.71490399064
4008.76396269727,5692.43782250462
2767.32567133926,3842.90573893419
4399.15419161576,6828.39067419293
4271.56505596142,5651.29189221478
7725.70640161358,3038.16821754974
3775.08696874555,6935.40476707717
4087.76739731543,5514.38404729478
4435.51021860096,1736.77811137604
5302.540798843,6595.32385356118
4495.73683383376,6036.44029562708
5096.02892701558,4426.39735825483
4423.51684808892,3287.60270784587
3534.67370742365,235.169743393098
2596.54308897987,3255.776930164
3524.61955278732,979.040422675446
4099.58888430111,5472.78312475385
2250.10476223164,3895.70217712543
3867.65089783119,3994.07818292307
4206.62390603136,4915.77535271735
4607.11823825563,6096.90944236474
6569.17367323324,3353.98210243987
4186.63308120681,4475.3293222986
4206.50943095783,4477.54592952926
3865.11605811139,3824.32167346676
3367.21632774754,5659.58915796831
3580.71248154177,3768.68322512724
4425.79973594303,2495.93648800933
4247.10366701917,5960.91115909165
4186.66668661489,2818.62705643411
3961.97159690401,2781.17497819758
4849.50754197214,5927.32334357495
8930.76539583478,2209.61823693527
3535.83354102717,1335.09131049138
3923.1317684528,4685.89094071169
4284.49750076894,3281.74891116567
4531.57293139848,4792.7346229294
4075.74850641282,5309.90351025981
7620.96158706152,129.576378084236
2869.25268257625,4141.55656343103
3146.51787541795,5588.66322370548
3318.45523988288,4919.29900553175
4363.60373970548,4874.62899957226
3689.89760365158,4069.09608745891
8565.75411199883,5140.60157019933
7078.8353627307,1779.62920546932
3676.73705331479,6467.62283604162
3891.56898672633,6286.49997741321
4043.29043655977,5322.12233561981
3047.3081794782,1374.02105640581
3448.06911061527,3352.73193088751
4543.42702612263,5032.28043173134
3919.70466365403,6800.71352938782
4884.16137751185,6376.00997714347
7598.49234009199,440.218677172033
2692.5975077737,3772.77519540025
3886.63955714398,6204.03728331175
4090.94954629591,4788.07433519779
3994.44846410104,4529.83113572091
4085.08541178938,4647.35910158934
4742.64581219887,3861.48980440162
7297.94059783113,2376.53294767093
3140.18265022604,4570.86331794797
4363.04838696302,2869.54834301063
5156.01768731252,5096.04573515786
3752.88489826677,4975.56243393363
4595.7904639892,5060.35506047327
3194.06820984378,3392.627689625
3952.39690125784,4296.02516410878
3363.84227945486,5820.08217742042
4567.55152282223,4732.26547619175
4762.83254974094,5471.81690050318
3094.02999061942,6617.31782378024
3831.11680250128,5404.41461905474
3721.4901550245,5814.2852547716
4306.57183404466,2826.35621615666
4235.63497463785,6037.52026794053
4174.61780295164,3483.84264173107
3789.19072269383,3080.45099418441
3011.3805025181,1922.16313951636
4806.81456212202,6850.72546574505
4603.15647948839,3862.96726065189
3948.64214313824,4628.15005605954
4230.79258513188,5131.62223892442
3684.41543649867,3556.58748786012
3724.85346557947,3429.28416570501
3298.71633049412,3908.37599473652
2277.91520318189,544.050282144827
4548.42142961906,6378.11283631136
3617.09609624473,263.130967642146
4512.22931892251,5354.23227203099
1695.59543506954,1803.95310812656
3738.84954837734,2212.45982422829
4243.63440713427,2288.10292025412
7762.5546830683,1636.29956355194
4345.92180626419,4982.43890604065
4147.59125533092,5041.03226688071
8401.69113083644,2549.86977254541
3380.11414138803,3507.48469029456
4111.91414435777,6267.12052121689
3249.25830547566,2092.4310923999
4473.29400858009,4806.99922199829
3526.70878258767,1500.1306581847
3008.88290990531,3300.78754602893
3358.95468491494,4542.73160374703
4052.79777221241,6407.15411215922
4220.73863492877,2419.15675706629
3830.7070204516,5434.93335115287
4148.74120197752,6401.01594532209
2504.25557591428,3715.43221754017
3532.40339770159,6724.95689672685
3665.63202213616,4281.81722764365
4407.38290151656,3198.149582147
4086.04933681339,6349.98112211042
4085.15851412607,5348.03744259009
4414.58659646543,4542.67494114327
4163.01591323934,2199.33164864899
4153.3733147353,5064.39036814252
4201.88283727728,5297.79843296258
2140.90747075105,1359.52896121139
4349.5390124283,6549.68804620626
3920.1000108687,3167.28981728818
4675.43878592707,2129.9969186992
3442.77801724677,4809.95455735408
4333.06785568539,7311.46093686229
2733.68551069007,4686.7434168996
4019.87982038415,4494.42461976562
4713.41647061735,5922.03807578098
3513.16615547389,6000.35213700568
4251.34763452079,6648.2911252742
4031.80353773551,4356.55097345019
3905.35425883395,4368.59938814366
4302.64472461858,4569.21545103117
4514.08299747072,6184.43033098988
3260.38110330233,6491.49216930303
3504.95709974604,5905.78436560698
4073.65988861681,1886.81392044772
3838.11097414237,5730.17427089809
1963.78974040349,7214.10781791908
3826.15967885172,6144.07979142894
3304.73021402917,6832.42598186217
4715.33580058594,6955.58003685764
3665.40762952443,4989.94078106528
3880.73798578051,4360.87001699349
3979.34347406889,5091.44211003001
4700.70915040826,5388.04716081797
4488.65594162258,5544.61862066361
3633.46825895178,6782.41404550495
4498.85618531604,6347.48077900571
4171.03412825068,5763.07959803815
3790.59574491468,6294.28601116715
2370.79358510156,4525.85291351067
4407.50150215215,4139.85161105522
3971.44681464292,5468.40699575155
4756.37130423391,5079.10953660723
4090.52487305212,5861.6826771061
6458.3259082629,6301.10582067041
8425.33588592194,1739.73334101802
1242.98763106156,676.35455479389
3733.63018176349,6374.58918349696
4032.5909310002,5788.48347300884
3373.98809728505,5712.04477482649
3961.16999112615,5232.44192522302
3798.67041739466,5085.02020731882
4182.71274198589,5801.44102649398
4074.05821235649,4378.77201693954
3224.20150046879,2798.28137598711
3786.45773744122,3900.98786777465
3850.93428690696,6457.50686984951
3719.13955163982,5652.03062033992
3699.70520840012,1137.54422530862
4170.86365674875,3301.75377027961
4232.18038342042,5519.49890442222
2539.58514985622,3047.94315098116
4079.09671570357,4638.26602225166
4209.96756185116,3257.70916723773
3922.68290272612,6098.21648794848
3742.96395657403,5445.44722413706
4205.18540225329,5447.66340851247
4329.60948961867,2238.6593013555
4727.48412730757,4641.96008573259
6848.27324414805,4243.8537059799
3608.6621238985,5412.20065280868
2920.05840165895,4133.25887482225
9196.36758638066,3701.96300920019
4017.0149827168,4406.61957241118
8703.8868340707,617.761035383112
4917.06986040609,4616.66995882468
4557.96678687806,5238.35217307936
4855.20406049645,3956.85338938446
4345.16296365053,5418.11090066502
3901.89855187532,473.408400897483
3243.85168794399,3771.41148721275
1839.93595305139,1741.43829339384
4562.08986574821,3885.75662159984
4218.43293930676,5123.72245710771
3785.13509323867,6750.30410909377
8032.43071627959,1365.72357922465
3966.1785771235,4271.18960659669
4751.43127578731,5740.63105842326
1637.47217834353,2380.05660048533
3288.38111694691,1798.6109663012
3161.34087892537,5473.69268640077
3961.45591279634,7133.63423492274
4316.56959513372,2833.80121714991
4300.02252404873,5056.71808245135
3963.5887895399,5840.31410980465
4240.59717769209,5388.10382342173
3994.19197061406,5340.42224235794
4069.55343388651,6658.91832346591
3628.85620998138,1376.35120027161
3378.32124673132,4721.35369641549
7668.06116701661,4311.36973549111
3527.12505838745,5627.02465216131
3366.96264960498,3483.21745024108
2675.81599439745,3162.11829755698
3822.04314087582,5423.453253918
2429.48960130027,3765.50081650116
3349.15885431642,5939.7696650605
3978.7266514407,5648.05239812969
4526.49488044124,6071.33515672752
4076.99969747906,4996.19227310994
4351.29636129239,6513.59988758486
5702.89764437213,7756.22601082434
1999.39871121459,1866.01345917726
4588.68350907114,6001.60251998566
3794.55347934017,4571.65913153212
4085.07656984642,6755.81645015804
3851.85427009215,6059.45715270058
4325.47340400821,4947.37363427368
4596.57176474451,6203.63937651968
4021.46187744947,6839.01829523989
5283.20697702624,7098.22771896745
3658.37555273019,528.25103565285
4410.5833496381,1899.82834796424
3900.11577488262,5579.22890017949
4637.05630916319,3673.3196401444
4322.76004842362,1506.89369937038
4200.03787324943,607.588142302705
4521.15811642294,6385.614711336
3554.13674307129,3092.66981954441
4960.6633847794,5067.00445931
4325.27900491187,6948.19190989577
4582.13981169806,8724.07064282838
3746.19701588341,3046.69297942881
4542.22816609514,5879.69842511492
3585.78220959944,5824.51496902649
2850.91385747882,1990.2476979138
3876.66544801358,4144.45481332781
3488.27153663532,6546.95978412076
4851.59768443988,5714.14763399438
4409.63914516916,5726.02563802132
3837.91375479259,3336.81904204658
3488.10725250576,6444.03766150952
3995.14300549006,5622.3643644297
4500.87340416808,5426.86315866963
5109.28369656302,6813.55775766544
3746.74092976585,4207.19722989989
4591.52695908277,6510.75830029183
4258.18453020631,1564.57792141877
4332.78097798595,6262.0623266932
4340.65774515819,3986.29214916914
7167.12462301001,3355.346022055
4333.14757812626,5522.39715431901
3952.18821002407,4788.01767259403
3627.87931820025,1384.30764469208
4176.00814504983,6819.07052158496
5138.7835903693,6754.5094045743
7722.06664937282,2597.09699564099
3350.66096160142,3310.7899755859
3734.54050467769,1353.84578662534
3444.22772574502,6599.58623450072
5415.57736416871,6131.57680733963
3542.10906048516,3480.14857825014
3078.19359495816,2956.72819887509
7640.82973585177,2633.1851542624
3014.30110137578,78.4278068098005
4580.52726656924,4726.12773220987
3805.14947295821,5422.71452579287
4001.3475427147,4742.09728365456
4471.78108364062,2630.11628227146
5618.81152372873,7606.75851921126
2507.76611296249,1592.65276158833
3811.75813339867,1961.43391819148
5205.52039142057,5716.02299703672
4262.235679454,5090.0213163835
3544.0648053013,1076.27958212826
4061.45139494917,3207.24266148467
3436.69086684303,2414.38293269954
3961.16715289112,5705.0545546567
2258.83312394381,2996.96520180088
3950.9645858285,6330.20375912202
3928.25349557463,4683.90182960658
4167.01741786314,6812.19362662269
4325.89515994906,5981.25683953865
4211.11743619509,2216.55158307367
4465.1272120202,6296.78677712711
4322.53739407433,6770.87686281106
4131.19308565861,5834.3467764893
3493.28749949364,2871.4239174806
5703.73168642838,6093.32912694658
3940.8008061135,4969.48135255551
3198.08334226038,2817.66104361106
5040.53200688978,5005.05785632207
3946.50796732454,5446.12928965844
4090.99501303288,3241.68274176165
4118.73304027139,4654.06516302982
4155.4500139611,1903.06784204934
4126.49870052526,6693.52902583705
4357.92850804186,4852.12379735361
3294.73948316209,1931.7109996775
4730.59132863179,5142.53401870068
3971.48269671383,5965.79852009355
3668.63388094969,5861.00103443997
5247.57747584017,7271.33704771639
4018.69973158255,3989.588305858
4211.92206103405,2302.59501544854
4414.19880519575,4728.34433944053
5115.24108962404,6553.60918295749
3704.72657204498,2293.72922080878
3608.40868855652,6172.49566435918
4500.38213958409,4983.00722349925
1718.10182667443,1378.90862883534
4742.08312697633,5319.84906578539
4160.96183460501,4573.36408390794
5178.84144424417,6599.64289710448
4286.63144195886,6150.72919026567
3472.60626435045,2498.43704254167
2424.09713046297,5978.64274837117
3529.58443988796,125.257162755994
3567.62742841967,2045.88593482569
4848.02474749919,8146.26177523853
8104.98591626874,3414.84894454197
4764.31998159675,5893.39512958045
4356.91010221806,4890.93979520527
8049.60177824868,421.350532260662
5624.78231506928,2452.06229563399
4176.82149753654,4455.15405251813
3415.40701211543,6676.30909141237
3977.66233065056,4125.98449592316
3698.02094116178,5842.24655830601
4095.5127438301,2456.38155060491
5209.76326312281,1185.68069290969
4477.96224040245,4356.43722538742
3430.18184170798,4154.00246206132
3734.75148444326,4600.64332192097
4496.86424341,6573.7277901342
3946.0850626645,3418.65675608568
2187.59399033453,1953.87538056309
3786.38691294772,4177.7013846562
3959.61333095185,830.198122552364
1576.71511179184,1332.4202395787
4329.47039638015,2432.28493264559
3630.98526656427,3024.3013138453
4398.69994679735,4829.44776161318
3845.62372011844,2257.92522091668
3857.17197982814,4014.65135949562
3937.64096898601,3275.61116718379
3999.83378383841,2112.09491875315
4424.90822551541,5508.13255525012
4542.85175515128,3257.31126044566
4632.85434841323,5449.31169828452
4023.07146620411,4855.64745016801
4087.8879117039,5057.68430670203
3866.91803259731,5889.01900057814
7675.76400494689,2582.94593320726
4406.17420818848,6283.77213818296
4213.35304875829,2983.43911942951
3857.25901626557,100.080698018377
3811.72335852543,4900.37369587601
4486.6972426341,4966.86683853278
4715.81812333043,6921.87889613342
3459.28628191527,3787.66519738675
3761.87266464403,3406.38105669429
3555.76558357411,4692.82449827772
4076.21498217308,4990.39535046112
3262.09943092021,109.344273915058
4703.0138143371,3364.04140602822
4027.3833696774,4467.42954048189
2967.3932930112,967.958232232652
4318.82290362655,3975.66452812218
2688.66154539478,1042.52146165884
3698.90412567546,5163.95967146114
3486.27537594643,5827.81112571535
3813.81172670564,4041.87351204964
4189.89333112574,4534.4343379935
4879.99937663175,6025.9835081019
3032.17638893133,2429.21606065465
4381.55092562711,4961.18366394673
4208.46468471853,6471.94230244017
3838.06206268247,6186.53319015777
4926.41658591535,6982.63220160038
4624.7318897547,6114.64103164426
4468.15836463386,5506.88217227014
7498.82402817365,2518.15774292631
3936.37297018012,4162.18640260734
3624.47992799305,6074.74506147915
4711.68155454156,4116.94850204449
4762.80357145042,3260.60762856214
4914.73435227165,7136.92996875634
4492.24924914061,3159.44712093048
3979.70715538964,3475.48850194616
5045.18948254776,7045.48794337997
4095.57438223832,6757.69223605563
3985.15996362423,4849.56636878989
3902.30806303852,1278.14592228194
3754.0464224624,3128.2465347386
4435.43393077589,6082.81525396239
3607.08994138152,5865.83173283811
4499.00515593996,3531.8085929518
8647.16164717118,1738.08515695978
4500.87457245943,2958.60377334506
8989.88966823,5349.40157363284
3773.55090293812,3858.59113164958
2158.47466157684,4525.00043732277
4267.82221397178,4862.97849167086
4455.69664556474,3609.78183284343
3957.56893751032,5438.45700396727
8279.13651216534,3432.01221636289
7929.72474129198,5908.39845677446
4275.7516645602,4136.27129563706
3050.74036786647,1583.73019863099
4138.82113869306,7402.10757150976
5075.04652418877,5356.90344865748
3791.25650795014,5168.3924630672
2040.14878940254,3117.7895357858
4210.48013784245,4808.81792243687
7259.75640730638,1382.09114317523
4075.69007612932,6085.82725192194
3873.90616822045,5671.12591780694
4945.90055817045,7060.49169342924
3998.20547646798,4767.78531735455
4352.81564060529,8161.89050535017
3198.45512003293,2961.21807594017
4222.11794159287,6589.24277218306
3845.8210683375,1260.07340595554
3803.45307409775,5290.3532205417
1043.14933210622,2235.07877450971
3508.7285845726,2479.96672513701
3455.17695206541,3327.7259627089
3519.60224127352,4516.02068319261
3044.94069878538,1195.91040716458
3325.64074873076,2504.06334309633
4131.13623220589,3342.16118387194
3623.7281512117,1738.31254737151
4258.76006998883,3297.15035657939
8478.36209975164,2161.424789589
8036.76023764685,181.179598039864
3430.94931689306,2563.907298344
7608.74615446599,35.8039974144374
2394.22444411063,3149.89947219697
1940.34596482885,2170.91577571875
4227.20839351783,6597.14255399977
4503.60648943544,5076.04087604392
5101.77330190804,5648.10906073345
3875.21922303871,7685.98214208288
3823.28807422621,6455.11985195232
3397.77933138291,1043.31716952918
4138.73467509098,4218.16567227991
4634.28376919436,5809.62496703999
3208.44025083904,1500.81272370607
2478.33704334948,2930.69934384204
4032.95361062126,2598.40404122474
4380.6343092353,3795.22373501514
4077.35212116096,6362.42744359597
2629.57947765175,647.313543230564
3850.18410793639,5823.09417537998
3842.02629178667,7991.67942649802
3975.09831849683,6018.87953986934
4854.28813599348,6909.26216398134
4522.57364325968,5644.98331471112
4434.04663195872,6309.80099321601
3043.38652226823,6441.99188780065
4038.12253715004,2955.19386859343
4628.05457133722,5617.59032863532
3768.18744865856,3857.73865546167
4060.54042011286,3823.81001861191
4576.92506561135,6468.87321902161
4487.56315276016,6351.57232642347
4044.08868008592,5659.98706476039
4051.67139015637,4244.36493797949
9243.95154604389,2753.44117078871
4294.39233173193,2796.97433040337
4633.2480485045,7154.09366343251
3843.01980986528,5137.81706836531
3820.95215989282,3230.54367728747
4737.97478034739,5323.31563314078
4375.7309799952,4897.36169791645
4324.82301239126,6232.73731497129
3659.37628454568,4133.03180155196
4196.41319421833,6684.0380397073
4106.10133194675,2823.0600594678
2099.36197962122,372.645747200989
4135.53543325688,4947.9990371913
4057.9114834527,4780.57246017316
4555.8676540623,5169.07452858858
4762.29524666668,5752.16824111714
3778.99708461389,6542.98156191052
4408.40870018991,4903.78360062764
3481.73321695801,4787.39226967642
4410.9186210118,6002.1141748405
3982.85356787614,2046.28384161776
4071.56996844191,2672.34218487475
4477.675650098,3271.74669303632
3952.03877374283,6308.9485170281
3617.73287879246,5299.95795473422
4621.91101688081,3266.06351845028
4292.82969100973,5981.71140893449
4472.44021426553,4613.31671667681
8051.69100736303,2411.08677601068
5458.66920036307,7909.61506204388
4521.92386731791,6571.17036157048
3488.77523852098,2280.71479329226
3737.43760066915,5185.32823876258
4216.70581812083,6886.52946563715
3348.25543552495,5756.43062205668
3475.96013001174,4847.7476683513
4121.94302336912,5024.66480864394
4250.49844600671,1360.72247015998
5301.70215607917,6856.86363258218
3925.39135560528,5639.35722558408
3924.9135602883,3167.28981728818
3111.2822961413,4060.74173624637
4118.12254487531,5751.14493140745
3761.7396814576,5670.44385228557
8894.35518517818,7345.9574683154
3953.81800207876,3891.61062970767
3557.30004813373,1576.56935636705
4357.20796012091,4583.76420882935
4222.77506002414,6540.93578820165
4014.02719238517,2673.36528315681
4014.35451988239,5152.08166743419
3691.76870414385,5985.06465108236
3640.0121215999,5128.43983029833
4350.10304899422,6905.68184856318
3106.86041752781,2372.44118882555
3822.88719615096,4544.43655612285
3959.00870698319,3884.22250274581
4666.34456178562,6406.07413984577
3749.77220716921,6915.91156281807
4126.12520242809,3490.83307332849
3677.09317663681,5948.01026821027
4359.0608346775,4093.64748624169
3413.87040613731,6218.98394790201
4066.47837055656,6061.33293859818
7562.5302165792,5387.30843269284
4418.2583688011,6804.63508899429
3785.94515829711,6696.20020246354
4442.73148735144,7706.15741186335
4709.35117640622,5418.39505939432
3982.84140891653,4614.90792098985
3470.19954966802,6316.45039205274
3780.9793848004,1380.04526375255
4313.53299776955,5465.50874585476
4291.13564783409,5044.32884642482
4159.67476294292,5944.3728673331
4139.45636495188,3232.70319905912
3780.21891046535,5456.41566651708
4222.83799260043,3310.90372364867
3987.27985758163,4540.11751257955
4340.30621187116,5726.42312195814
3666.40280569287,4747.21214078201
4695.93110017799,3825.68580450951
3823.33965075895,4746.9279820527
3923.71446110762,5666.52271553434
4455.58312973888,5051.5461398649
4113.16067326418,5919.25357394697
3526.69301137015,575.421384717052
3874.75524714823,2940.87218406554
4184.42935984239,4797.62198393131
4295.28167117851,5834.40343909306
4653.95850442356,4640.31179596054
3949.5086099246,6537.69629411655
8791.00617496887,2255.70882511364
3707.7234883226,2574.70533005749
5073.83721436295,1299.40095294823
4912.08620759624,4571.71579413588
4594.82071804594,6791.62045005014
4141.4245915245,6512.97448466724
9231.59136853469,1427.32925516571
4396.33642243054,5790.01801471812
3573.46559565424,4881.44880907552
4064.91617428888,2963.20718704528
4141.61980763039,4589.95903827025
4219.25054654054,6454.15362770164
4559.64756429538,7237.86382597296
3880.71775420355,6121.17668241821
3495.44720415997,4881.50589453453
3682.60661415406,4758.80598607964
3524.2030380798,2754.86196443522
3967.55273285922,6534.57054809422
5074.98754651205,6427.21563387692
3590.37840363809,5505.5751266864
4920.94411798639,5226.47459190767
4585.34545377333,2085.09983946942
4773.73263289593,1992.74825244613
2781.3811422968,2958.7173099802
3517.00329232615,3377.05583354475
4826.69509014662,5608.32683863111
3837.46856460428,4546.19859395768
4763.85899314699,7099.13685775912
3363.9627902619,3112.67467865836
3874.26493361542,6082.58775783685
3295.0589070802,1189.31788235924
4997.47213429316,7791.12087192478
4652.19420473068,6256.03833077409
4086.03940676498,6023.59649020471
3428.00120792085,4583.9917049549
1553.38764920045,818.831773380267
2969.76416583466,1844.13323702097
4390.63091121763,4427.47690771302
5152.0715417636,4840.35954138944
4049.53378227566,5753.70235997117
3002.26475753939,5966.36683755216
4011.02442732049,3664.05615014019
3054.36992139611,5684.76553681346
3705.21821998086,2102.6039326234
4636.80463400074,6021.83487522514
4141.27499788163,6236.09055711916
3902.94227105431,6010.58185126056
4445.8222522866,4496.24332020421
4374.62597156746,6063.26496424428
2925.56313848374,870.889642017089
3748.31860650847,6419.48626272674
3510.1539667016,1849.70266354425
4536.17537817024,5277.16817093102
4296.28799961103,4297.21846162974
4935.30092969038,7628.97956270061
4008.07868332442,4189.9202100162
3368.93500723521,4341.945130193
4551.03827414771,3790.79094340907
4332.33993260143,5055.41103686761
4160.30604466447,5989.66785335495
3651.59980819907,4603.25741308845
4197.24182524862,5078.08664975279
4999.16087601466,4283.12427322739
9036.12519551318,2169.09707528017
4302.99003986787,4189.6360512869
4711.64714037785,4604.10988927636
4155.87706067393,4269.99630907572
4152.81148335257,6736.15283523241
4455.13852024477,5214.82408400627
4053.00252327862,3969.86760547336
3722.95702323797,5162.31138168908
4098.14104639185,4569.78376848978
4223.81516035461,3853.81751871045
3910.54952612794,1588.56089702914
3307.65340482091,2662.62391404708
3721.44447581266,3254.07197778819
3993.12249418323,5409.69988684872
9145.64788241885,2139.77206355826
3389.94327848763,4653.78100430052
8899.83951017082,2802.94166371872
4011.6940372383,4487.88896899167
4522.29876473066,3180.75902562816
4006.06407661413,6146.0122399303
4073.41350471256,6126.51861281595
8604.77156188529,1193.69390564773
3508.57176496481,3322.49735751869
3708.27475371815,4564.38475263303
4317.99594351249,4625.64929009958
4281.55745056055,4069.55065685475
4397.6358341257,6658.06584727801
3626.05384575685,7242.92117478614
4718.26172665274,3553.57506704531
3882.58369751086,3913.26335573842
4319.54555954085,4772.21810896062
3957.43604376049,6493.93584980398
6564.92340083849,3425.30594349478
4209.83347415352,7051.79652088364
4396.237174088,5825.42410781816
4787.96628131182,7039.57769552363
4214.48200663665,5718.92166978876
4828.63825518569,2681.89004503589
3839.68289957827,3332.38603901289
4076.51348093067,888.337019710401
4260.86807991264,6231.77109072062
4374.64336942165,5680.61690393669
3366.6524500728,2464.67902778607
4511.55818538456,4947.88528912853
8254.72388304574,2036.45182272732
4305.78077562323,5694.14277488044
4065.47035856213,5369.63350601707
4049.85268108627,4535.40056224418
4028.56587931598,4366.49652897577
4372.13705923173,5987.73582770885
3712.05867565304,1798.55409226981
5028.44138689526,6253.87880900244
3817.49785380117,4847.80433095506
4590.53636504454,6811.05699170548
3956.76773512585,4723.17239685407
4100.32675081095,4988.86080875183
4112.58951827291,2416.42891783604
2852.46106033389,2849.82785405362
3844.97045459516,2497.81185105168
3642.24588528625,5656.34966388322
2399.75392825589,493.356385980038
3867.56975427661,3833.58516347097
4014.08575132563,7984.97378791278
4204.91637898992,4368.25814395535
3638.69569524644,313.256572776784
4391.79882551333,7448.08377734249
3887.61293756077,6834.35800750828
3995.18104246833,5646.85867775347
4366.79909443134,4130.19021425893
4137.87540849995,3220.88228049119
3470.26923793552,789.392907881774
4383.6156772229,5959.60411350791
4570.671033644,5548.99474966591
3972.9368307458,3928.49417905798
4258.3364624389,5549.61972972828
3899.23277298551,6010.63893671957
2262.92320293068,2703.25861233733
5012.14221087589,5521.48801552734
3765.90044293036,3658.82754494998
3787.55571884604,1921.42441139123
3664.58314425519,5382.87521823152
4500.25178380971,2913.08150262529
3826.9026475815,1309.74430955208
6409.28991519172,5233.63522274399
2533.20810154107,2273.04250760109
8860.76760890266,619.011365506187
4635.94580925637,6261.09652529778
3176.09060181686,3299.02593104936
3643.38528421234,5979.38147649631
4542.76138740782,3688.15297952714
1652.5199035459,579.285964578327
4546.76359690245,7116.64137376835
4113.66898947797,4744.14348021869
4140.78452555065,6043.88550804796
3795.10722123331,2572.94350365029
3861.72036929912,5873.27652240373
3152.91349386492,5130.88351079928
4090.3394184927,5503.75642624782
3338.62615230962,4517.49856229813
4122.14343119439,3422.63497829591
4084.98648360145,6782.30029744217
2638.05939868881,1618.3406895745
3901.93356014551,6314.06337415555
4104.42066579177,3921.90186568026
3070.99511938513,4326.94180299898
4809.69022375758,4690.43748038053
4289.49278452312,5701.13299505023
4258.39170502385,4875.59522382294
2650.45174701306,569.738210131004
4189.77144054308,5204.9918536882
3983.62820352694,8673.03539676146
2248.50634055162,183.850695380998
3653.25628600805,4485.78653267903
3061.23043415289,3086.64561219768
3779.59017784089,4266.8705630534
4016.87246071282,7532.64975346709
3701.14292543723,5817.808907586
4066.77301938944,6415.05347112068
4638.80928153081,4996.13518765092
3750.79613928853,5581.95716226499
4082.19768983141,5652.76934846506
4392.09025937376,4717.94379166386
7920.26202748152,1883.57442636262
4498.63991241788,7188.87435361492
4367.02964955409,5990.4636669391
4261.01020291922,2609.14541033447
4448.16579287993,6837.25668026031
3856.83326140599,3306.01615121915
4619.34467263861,3855.46538562725
3877.08574335615,6012.62804782469
4082.89893697252,7112.49231803633
4353.76087721255,3748.16713401371
3570.2656574591,4353.93688228271
3657.98413037947,3235.26062762284
2662.89877298011,3352.22027603267
4224.66084523976,5082.57652681787
3898.58028045277,4633.49198645728
4177.52393840889,4755.22567066148
4069.00521668159,2593.11877343076
4150.86167709728,6025.75601197636
3620.29339681986,1956.14865039751
4293.32460819537,3252.08286668307
3956.01955817746,868.389034627846
3540.54567618035,8305.78899329521
4466.78443948232,3518.05543731014
4309.91083119287,875.833982764188
4323.58288182257,4206.51516437851
4352.28373109618,7063.84451272186
4633.74666938374,6160.56099772848
4740.12166726321,5705.56620951155
3732.85609877711,6022.00528589167
4104.17495868796,6257.51578702436
4132.16603082843,1698.01877612814
4809.90902005996,4907.81890829688
4585.45103836955,6866.24087064916
3579.29234113155,5539.33335286963
3306.79960477904,5183.11163153192
3785.48555450916,3149.67197607143
3857.77808486111,1682.27640366755
3745.61710922026,2901.0899619632
3159.57877267857,5107.24125080817
3594.98889574468,6366.51941386897
3139.96766785936,443.855893050032
3511.85671675991,4987.78125929364
3363.27913119972,1916.02539553448
4188.7671399615,4403.09634245203
4036.94196716449,4732.37922425452
4166.69529693156,5434.08087496497
3960.24944327854,6100.88766457497
4589.3439996902,5499.20988657898
4336.56681158566,4243.79662052089
4467.96863325155,6670.22801003425
4259.03774161443,4265.10852521857
4645.04853058567,5225.11046086492
7553.85415322785,4846.83852955964
4161.80414874322,4770.34274591827
2980.07765951712,3539.4242160392
3348.19459311296,2285.03383683555
3754.84763734582,4201.17281112553
2789.71619679263,21.1982400497157
3339.43449262329,4423.8399296911
4886.7853666178,4833.88055321924
5048.82127238757,4554.60960777398
3806.16716926829,3453.72181642502
3882.23738367452,4682.76519468937
4371.60660696656,920.276439741231
3812.62516437284,5058.5934454937
8968.61534338305,2933.02948770784
3425.76063480124,70.3577002190344
3303.06997544988,5901.2944885419
3537.49863848691,3356.53953100359
4747.7806509751,5604.97401933849
4232.58888604817,7554.70080914516
3570.66943308686,4633.77614518658
4132.31585455829,4385.42141577627
4196.89743456851,6526.61410367376
3667.93319011358,5088.99842952906
4279.40924574557,4956.6942097369
4327.22270035937,6780.70909312913
4421.31339898884,4414.29185810234
3636.58183546216,3147.79661302908
4460.15573967147,4006.01284955378
4488.7944267886,2303.16333290715
4404.7013704061,6166.41458298106
8367.55296632522,546.494068359591
3896.14584836499,3101.59248821556
3757.65207347995,6187.27191828291
4979.054837296,4827.23157723777
3914.86954183989,3940.14468695937
4069.38217682154,4228.90704138964
3522.99402635553,5286.88665318631
3790.42245565906,3679.7986283146
4127.05725764338,5941.53128004007
4214.9138850945,2049.46625024385
3411.40365983575,4503.17687777024
4351.57945655006,6959.04702706828
4371.38173896453,5948.80608179442
5223.79737279204,6945.29365999899
4439.33357186411,6810.54575970588
3831.66470015577,4485.84319528279
4120.73519932806,5704.20207846879
3882.70142241029,3612.62342013646
1340.67760042927,5651.91687227715
3844.91758620218,3294.70667607843
4041.4750085785,3667.97770974667
2687.42940190775,1995.36255504124
4086.97961949387,4907.02309471274
3377.33925180523,3067.32281860511
4214.6018266184,5928.4033158884
4222.96565351076,5968.75385544935
3344.6568605941,2107.49150505293
1671.77901118818,693.006277473774
3822.45020008187,1653.86053073731
3333.86124407074,4626.84258762055
3942.06281383962,5228.23620688724
2767.74644375128,1213.75553307924
4830.08280783171,5174.92811384116
3668.50471302203,4118.0851369617
4374.17929361418,4101.71725586968
3830.8232433594,2735.70958150919
4284.44828234229,5856.34074670836
4686.71522062008,2155.68495239919
3674.57559223645,2031.67799836057
5514.92338024804,5021.53906262161
4330.11196290576,6248.763951875
3940.15606228031,6690.85784921055
2575.15835869878,2413.98502590747
3050.93575603264,2252.63974169508
3561.24722823002,6093.44287500935
3130.90612192535,1147.43290680282
3727.15704317198,5028.5292827914
8316.58420585828,6576.85353615652
4285.433589963,4392.41163594605
4210.54933974077,3486.62735499271
4259.13088732285,4053.75151607658
4257.7423282148,5204.36687362584
3693.6522412963,3133.02035910536
4101.71745093379,6608.79306190117
4051.69733301831,3562.55482117547
3919.98447714093,4385.8759851721
4056.18293793522,3518.28272200805
3721.58233496379,6721.71740264175
3005.46914457123,1172.55251733039
4528.47470733821,5548.59684287384
3479.97185495765,6011.71848617777
3713.73251293251,2076.46132952758
4374.50035239037,3956.62589325891
4715.16289510661,9262.778930982
3729.39878325336,6399.87931040488
4640.4933996859,3132.22475694884
3601.25896394089,452.039675025323
4461.15265873815,6363.39366784665
3526.80435795581,1400.95926165815
4843.30991541115,5945.33909158378
3460.28343605552,1770.87715889233
3248.66552663157,896.236590099484
3982.75673405456,4383.20523140086
8705.97664757831,3089.94198031416
3764.93261004709,4025.3923057501
4670.45441255707,4374.7937947293
3597.31765874257,3918.83278226169
3488.44859160556,3043.62410743787
4142.40166170452,2789.52932941012
3572.27625886934,5693.63154288084
2806.67445528513,3075.56342175488
2032.2022914534,2303.10645887576
3418.04246645516,2927.34631312179
4166.01986077922,5566.78300154919
4286.20594706494,3866.83173479935
3179.8376500385,1156.2418274112
4097.75402956505,4845.87230530896
4233.46847368208,6784.80064054688
6964.30473348144,3695.19986230069
3698.81910870254,5079.84868758762
4681.48338032877,5745.57550488418
4568.79966605764,7001.55708840087
2471.46910768561,4307.39151328087
4187.01358802968,3476.22723007129
3944.21172352978,5101.21725488906
4175.4775820268,6771.10435893661
8012.88633460833,2157.1057460457
3913.03927498228,4949.19233471227
5504.96824439747,3553.29090831601
4850.09005148704,6040.5893513591
4204.99650149324,6358.73338011504
4095.04637435398,4306.08446769713
4587.20627657289,4382.75023914977
4737.12574763342,5072.06265383368
3274.20677675182,6245.63820585268
3651.59306408915,3292.83110160846
2708.54894806294,3061.58276998768
3435.9292718387,5247.67274854258
4082.99624147651,3940.20177241839
8401.84141003688,2418.41802894116
4040.21595228495,4333.13620958462
3950.44548052426,452.494350134969
2397.81112530366,3645.07417788069
1619.46175311941,935.848295821478
7893.79371417752,4525.56875478137
4978.04593304094,4603.42824661023
4498.77109673865,4935.15480891368
6890.9124539796,796.724213669158
3807.08982546812,4889.80316028806
3421.27560069006,3420.07754973219
4285.89932215683,3018.22023246718
3445.1465772518,6223.98505696668
1442.68921901794,2447.40221933001
3389.26109192473,5151.17252864253
4713.16735794879,2102.54727001964
3988.19832519773,4934.01817399647
7159.12823024466,966.878471346828
4003.07105031005,5617.41991796879
4826.08203797652,2152.95690174131
3380.56651318467,6501.32397676584
3241.11468640384,6914.77492790086
4428.75686658861,2672.22864823961
4362.28671978833,5785.24397892374
2904.29089752236,1003.30755701511
3693.95821149283,5383.89852794121
3487.99651069349,4916.96865023832
3834.73666992683,4850.87341437363
3884.24089579533,6082.13318844101
4399.02889540887,7191.03429824182
3781.33026909902,4579.61557595259
4343.4374436996,5835.59715946928
5460.00217676051,7191.43178217865
4642.83630547567,6247.62731695779
4462.96172282329,3431.15974017498
4336.400206326,2619.2045024952
3372.74750562915,5972.56166699305
2422.75154992114,2049.29583957732
4158.87034262456,6670.73966488909
4690.03029320978,5066.89071124723
4285.44650111833,732.902141925072
4236.48112149039,4433.3304929656
7866.56502193089,1167.94910363017
4089.39419820295,3468.49807034874
3718.59895937695,2178.360776712
4071.17667746038,5585.36706701662
7675.63576620471,4262.55109665485
3883.04158958002,3502.54024383365
3449.77678246126,6604.24652223233
3976.23783481705,5999.84090500608
3792.05839503338,5854.35163560324
6609.62023675655,4311.14223936556
1498.75862150844,977.505986679976
2597.77117110359,4541.02665137122
4659.14090080504,6267.85924934202
4053.77555279571,1809.57962010885
3909.21028471211,5678.2298860395
4759.5180111488,3029.07513821206
3897.97744049402,6525.98912361139
4043.52741035053,4459.81434024974
4452.13163802207,6613.11210544446
4279.67075349915,5548.48309481107
3385.80661444147,5841.22324859632
3658.34518788485,6202.9573109983
4012.85664194233,3719.29669168763
3913.98904469512,2966.21918500484
4907.32236739559,5886.29116134789
4079.37178666299,2985.31469389949
3848.08414111139,4406.96081659949
4065.57739991409,8548.11972678642
3688.00374750548,6061.38960120193
7847.06010897592,4024.93773635427
2150.45071304413,537.62827371983
4597.07318064357,6982.80261226691
4421.07131445494,6486.37731217558
3487.69613261138,4189.86354741244
4410.64182542357,6598.33585152074
4155.26462635594,5784.05068140277
4020.70984996376,4364.7349139962
4153.5982829402,4898.27125956337
3862.54309171137,4015.95840507936
4474.45227779828,5261.02820881979
9261.1504933934,6146.52347192989
1627.46286797007,4845.87230530896
4501.43956736759,6206.42430120894
8066.2396398852,1538.20792791122
4542.16563885073,3857.73865546167
8490.29820835543,2070.09630084778
4264.34811721703,6649.71191892072
3860.58808244706,6220.91639640336
4370.67490017062,6240.01169387039
3229.38429454049,1957.85360277332
4318.45120566729,6430.1138837737
3869.55287027787,3856.65910600347
3358.98232901318,1868.1729809489
4083.2898775458,6040.93017269216
4678.70907448989,5726.82102875022
4738.16450367035,4786.71020415504
9205.75970687817,3808.8066914179
3628.52526129074,6174.31436479777
4046.05085504698,6216.88108873412
3675.09681436233,3095.79556556674
4662.22529576172,6866.35419585668
3968.70365484409,1773.32083939328
3393.18374176341,5161.0609987091
3959.39228063891,6090.88544644563
4293.39989945698,3249.29815342143
4251.29011501074,3423.43058045243
4652.98576100262,4527.27370715718
3705.98837815806,5458.46144022596
4059.00776959653,5766.26242951949
3149.58677821819,1251.37812769612
3077.85781560338,4498.00535803904
4238.56429195634,4112.34487691664
4171.67293468745,4940.66757283319
3583.73923609531,1881.07387183028
4681.93613322136,5264.55186163419
4043.94669965448,4924.86843205503
3974.64979490153,5765.23954266505
4569.69084394174,3929.9720581635
4396.88831917619,5176.86013948726
6061.82886185767,4987.89458450115
3777.23952031585,4306.42528903019
4064.4972002814,1084.69070165837
3871.89105073888,6196.70581895365
4353.72110937994,6088.72550181873
3916.92430542736,5778.93582427533
5194.58356080204,4789.60887690708
4005.91302471397,6163.97090248011
3746.8911345483,1919.4921743175
4590.75019307102,5534.27515834595
4600.16845072742,5479.03461679851
4643.65782435692,5415.89471628961
4618.33128426084,5208.5155065026
3206.42791096934,4138.77163874177
4834.87240792847,5315.13211545002
4395.28210078116,5017.67458847415
3813.65675725467,6230.17988640757
4354.14286502736,4925.49341211739
4005.07719672612,6237.34051724389
4604.9188760203,4749.94040286751
4135.60803922329,3943.78208783655
3497.17921867195,5732.22004460696
3552.11882860744,3881.32382999377
4664.70641195444,440.218677172033
4331.46462610033,3090.28280164722
4638.94284996245,5656.52007454975
3884.27771025496,4288.80744781344
3929.92344174932,6860.5006106041
3514.10170735721,4154.968686312
3422.42283138094,5145.94392345231
4552.81171697201,5009.37732272062
4095.25583591392,6678.52527578778
4954.12627230484,6720.63785318355
3731.67120625426,8935.08640778205
7563.19760955786,3857.39783412861
4470.23763728393,5875.83395096746
2943.31007571539,1851.86239674352
4016.52264518064,6052.86483932286
3579.64227506177,4692.54033954842
4003.65906290483,6467.28201470856
4412.17146992546,5820.47966135724
4527.38686604074,5446.98176584635
4364.29027509768,4484.76322296934
4217.65697355637,5393.27576600819
1423.31190892393,414.019252901731
4923.55002068515,5073.82426881326
4139.94768403011,3597.50634487967
3858.89686092968,4474.47684611069
4057.18465077476,7498.89152728386
2827.00403231297,902.772240873439
2601.45063522284,4676.34329197818
3560.03550497677,1604.75794459937
1876.48740700106,2878.12997892109
3049.55375101096,2602.72329619566
4506.89739074028,4274.54284874456
3418.69672259462,515.634409214586
3965.05793096811,2026.10857183729
4140.45069631088,2381.81842689253
3623.68603681202,4462.71259014652
5287.07470842516,5485.45651950969
3910.66298727009,4724.53652789682
3347.42556462795,5198.51328837326
3699.64204811208,4864.51303338015
4171.80231524558,6241.60289818343
3161.42211129796,3687.41382854675
3336.10883208885,2395.40117186766
4184.53321118537,5538.99210868132
3921.91663107375,5949.43106185678
4249.88563875033,4346.88957665391
3688.48028486625,4815.29691060707
4347.72763532739,1691.53999938557
4785.50720720477,6565.43010152542
3940.73664692675,4448.44799107764
4068.27371143095,1101.28555030687
4775.28219024433,7146.36471513758
9870.77893044136,5030.00716189692
4187.1698403008,3217.47237573956
4068.45952797221,6629.3091530147
3405.02747563882,2866.82050378038
4347.71025411347,1933.87052144915
4238.99431400526,6099.46687092846
4319.30207696898,6195.1146146406
4591.33097945637,5261.8806850077
4661.34168884698,4541.02665137122
3572.19324483369,2466.09982143258
3917.0147429806,766.71703071206
4780.54576329792,4717.60297033079
5190.8300081665,4921.96975930299
4249.72032588578,6615.95369273749
2872.05443230179,5415.21265076823
4758.28992084124,8470.88521501992
9627.40910804028,742.847697450656
4697.28414769213,4418.09966964604
4375.20204180445,4298.12802327666
3716.94161742921,5394.80988486222
4167.98470925389,3998.39722646637
3991.43418370033,6186.76026342806
4721.06136072869,6399.70889973835
3419.00074705556,5357.07385932401
4517.73981519698,4953.1705569225
4820.05825266087,7016.6175010539
3908.77976621225,605.655905228973
3893.72731301731,1653.06492858078
4467.28715664714,2762.25009139709
4334.21581260947,5628.84335259989
3176.81130675493,4831.03896592622
4062.98520367535,4359.62005686876
4210.44041614815,3615.18084870018
3775.3732178624,3912.35421694675
3794.09159476572,1499.16453964783
2935.88278442467,834.630967015338
4449.8169422968,4692.08534729734
3922.04888296202,258.470759195896
4435.05629575105,5617.53366603156
8377.00303753168,2553.50696199495
4552.70563523625,3616.20373555462
4396.64471788076,3801.07732026772
4768.84668320044,3578.52437262017
2319.49523613588,1731.54950618583
4659.02167635048,5247.61566308357
3621.37166529101,6146.35306126336
3812.3991373478,6346.17331056672
4335.25938075911,5105.82045716166
4213.1170009118,2641.3120093494
4307.23154775806,4821.71881331825
3793.2548355265,5839.12081228368
4305.9930172038,3617.05621174252
4170.01872828209,5453.46033116129
2975.90166052948,7649.95064606523
3015.11991901509,1486.32062851165
3795.21135560208,5453.40366855753
4120.01576402252,4954.13678117318
3945.62967340887,5700.84883632093
4237.5653893549,6231.03236259548
3853.00933989228,5941.87252422839
4373.69719043271,4352.91357257302
3725.53182451822,2023.15323648149
3284.50448954401,1678.80973059835
7302.4006421934,1158.0036538184
4121.44181372835,6045.13589102794
4689.62373016603,3163.82324993279
6633.56119949621,3110.79910418838
3967.93495839315,4056.5360179106
3607.52855651856,3824.60583219606
4659.18063289797,6764.85286689196
3707.54597438701,5002.33001709182
4465.83093320907,5478.86420613198
4419.81631526368,6308.60769569504
4194.09718373155,4705.55455563732
4043.69413304466,4321.54278714223
4239.66715818586,5261.31236754909
4042.62990027352,5859.18233400138
3845.08081517244,2434.44445441724
4480.82627351949,5032.16668366857
3958.46013178508,5216.98360577792
3963.62505163256,5196.46709180913
3415.41972376654,1974.61896780217
4374.33994207496,7216.60858387904
4070.82942553606,6148.79674176431
3944.91821242045,3429.79560913223
7932.79194607702,2662.90807277638
4269.51331981862,6080.08741473214
4582.0907380387,2935.58691627156
4022.13698645006,6320.76985845129
4438.96730486502,4415.31516781203
4271.68586379074,4132.52014669711
2373.03202239674,4653.83766690428
4740.74983128073,6062.52623611915
4524.80913550457,5825.70826654746
3830.59325566262,4974.53912422394
4058.05728067239,998.192699887666
3450.24043103024,3583.41173362207
3263.61878888788,970.458892478801
4596.63905506578,6886.30239236686
4785.96075406814,7110.16238559815
3788.12163785058,5897.43001439444
4259.64123143428,6178.86090446661
4391.5052804951,5721.53576095624
4416.94930910341,6579.86553411608
3920.44718099908,5309.96017286357
4221.07528169019,3840.85954237006
4545.68457321136,4936.51893995643
3860.26340779442,5484.49071811426
3447.55396232725,5940.33798251911
4938.63516242449,6151.01334899497
5066.31701276187,5191.01141334862
3639.26255047009,4732.94754171312
8212.73129300399,3857.28408606584
4634.66045954741,4865.30884696429
4173.90116745496,5387.76300208867
3921.7111889535,6823.84413452409
3908.64247268287,6535.5367723449
3883.45059517187,5845.14480820279
4848.83101259394,2165.51675986201
4278.58841936377,5510.00791829247
3780.16311644379,3103.1836925286
3886.87603344827,2609.5999797303
4139.41639209254,6872.1511185055
4029.02565457458,4924.58427332573
1974.4368434466,5207.49261964817
4347.54812106526,5987.90623837538
3932.32986281241,5136.90750671839
4389.43754915669,6345.88915183742
4163.92137762157,5273.5311929091
4156.01208291306,4448.33424301487
3874.01628817898,6103.10427180563
3816.79891564108,4634.91278010379
4389.23625809978,7157.50356818414
3608.92902567434,6512.12200847933
4326.22622286187,5180.09963357236
3101.00475986568,5072.00556837467
4378.83361087319,6769.91106141564
3780.7975647688,4845.53106112064
3738.45664463295,3075.90445451557
3619.5772009231,5234.4876989319
3921.79150742049,3319.88305492358
3822.10667431534,5006.76280869789
3763.86724991885,4018.57249624684
3535.66447654803,4716.92090480942
3705.39516556614,5901.06741527161
4033.11020296695,5182.03208207372
2709.71352033434,701.417397003889
3467.59746565632,6683.5268077077
4054.41787638443,4844.33776359967
4842.94474147363,6957.45582275524
4392.58976466064,5426.74941060686
4378.75627723496,6836.34711861339
4063.31064741922,2098.39842571525
4719.55401283195,3896.27049458403
3304.99238368653,3479.1256913957
4050.53589391331,4471.74900688044
4158.03942372319,5269.89379203193
4213.63072096332,3020.03893290577
3731.22280657877,5132.02014571649
4847.98111359979,5607.7585211725
4514.94784512244,5297.1163674412
3999.34402819729,6870.67366225523
4430.30492645052,5123.55204644118
4525.29988080674,4536.25303843209
4332.83682142787,6760.07883109757
4978.52931277115,6861.29642418825
3987.82192703549,4399.11812024179
5447.58759065379,4306.93694388504
3877.18094146151,1595.49434888135
4659.42286244611,6999.22715596269
3790.98755844567,3696.96190013552
4705.98151547584,4103.08138691243
3532.27328548597,4500.27862787345
4691.49693383109,5054.84271940901
4597.45627599156,3865.46802661185
3663.93800807153,219.768350836288
4433.18819847701,5070.69852279093
2805.12089044077,2756.33963211312
4431.18144623564,3666.49983064114
3582.98797211998,1521.38579456481
3977.49050994187,5181.97499661471
4185.89740287218,5920.21937534239
3508.87122249261,4984.31426908299
4706.79376064567,4806.77214872799
3964.02334044165,4201.40030725107
6519.06489010538,2987.13318291045
3790.14811339622,4186.73780139011
4022.1399584277,5029.49550704208
3344.0493492703,3064.59497937486
3097.02868891538,249.150368731849
3966.09782784134,6046.67000988197
4428.80096318601,2534.35479049655
4318.95574870639,5706.92991769905
3863.92620033993,5874.12899859164
4386.29190514061,4719.08042658107
3038.13127545179,6745.18925196633
4368.49717092297,7022.0731795144
3934.6562177357,4888.83693603738
4166.36222622382,4859.73899758576
3920.55910538558,6398.74267548767
7799.86491227268,232.612314829376
4429.96968974431,6859.9893786045
4014.83586463377,1925.23222293493
3369.0426124701,6691.88073606499
4635.29644706823,6065.822392808
4239.84299140805,6404.71000880302
3449.10531870156,3244.92202441913
4038.01068148846,5751.372427533
3404.00675335942,5720.00121924696
4861.21969617447,6022.74401401681
2296.85708598055,5359.23338109566
1169.91423253053,2813.34178864014
3848.57499639055,7052.93315580085
4314.05587759589,6980.87016376555
2966.22549474384,1726.71880778768
4966.83365620987,5985.51922047819
3522.84057903553,13.639618180627
4306.54530231546,2857.95470914062
4286.39484966881,5319.05325220124
4473.76476154437,6008.59274015545
3900.04462022106,3905.98897683932
4860.23697861333,4550.85888168929
4327.60875186408,3694.23363805001
4060.13073776456,5705.90703084461
4508.70558556028,6184.37366838612
3318.74222877591,4603.08700242192
3983.64460557415,5850.43007599677
3508.11840367613,5941.07671064424
1763.73665703909,870.719125636745
4674.49297612249,7265.08555567173
3643.23355699946,4868.43459298662
3913.36594588688,4520.05599086185
3211.37229951453,2126.30285521827
4294.21092768931,4859.56858691923
3901.60372387568,3487.70732730616
2682.51850663836,732.674857227155
3477.9270555705,1811.05707635912
4116.00123095665,5991.5432163973
2822.48287065501,2502.81317154398
2509.16442642378,4615.19207971915
3882.28925442152,5916.98030411255
3391.7773261134,4034.65579575431
3974.26278432828,5318.14411340958
3335.77021819499,3731.2880209221
7746.65601210233,4875.42481315641
3900.97623105327,5535.07097193009
3506.98946805358,336.841747308885
4412.08503776333,5859.35274466792
4560.04245981921,5653.22391786089
4565.60334316097,5467.15703562682
4653.2177349121,5165.83503450348
4210.20418948659,5923.34512136472
4288.47644878435,4531.30859197118
3656.94156627469,5439.82071215477
3911.5971264879,2853.06713671109
3370.58528672532,2153.86625196061
3933.72831097768,4565.23722882094
4713.48258720288,5947.49861335543
3838.93984904399,3215.59680126959
9112.57144133313,3676.04747937466
4387.28679222568,6663.52194859376
4398.88395322878,4755.28233326524
7377.49982196,5224.20132207325
4211.88135997829,4385.98973323487
4164.61768706571,5832.30100278043
4452.67316603147,6364.01864790901
4690.62439519191,3351.19738917823
3610.30917575741,1170.16560514702
4581.92901383352,6362.14328486667
4120.90740358144,3737.25535423745
4407.36080738067,5461.13261685245
4576.10693559557,5035.8607471495
4264.57785025004,5821.10506427486
8493.59325189281,2855.79518736897
3829.70823867787,5235.28351251604
4025.74686404975,5130.99725886205
3866.7494231907,6327.30550922524
1324.05813583631,4092.68126199101
3419.07665832554,1089.18036729583
4375.81191814206,6567.07839129747
2782.72166387968,5448.34547403385
4008.09607168943,5092.80624107276
3422.65259595063,7230.58902421862
4699.83056857086,4206.06059498268
4042.26511275537,7319.24654776097
2620.9735384599,1912.44508011632
4004.7886945092,3353.58440707542
4474.6739076864,5754.72566968087
3210.83785468077,4575.63735374236
4658.33930670068,5203.6281455007
1697.48960573043,1513.03154906608
3578.98889604563,3835.9155187644
3230.07903851432,3151.5475505414
3944.33070227001,5553.37045581297
3067.44838719301,523.193052556793
8384.01708753754,2107.77566378223
3919.888451109,1040.24819182442
5177.67452260967,5713.12474713994
4659.86913866759,5921.58350638515
8491.87677096619,1226.82683462716
3671.82853620136,4582.62757391214
4517.61650532935,5889.24607384843
2076.2782142537,6416.19010603789
4209.47632145761,63.4242285454779
4857.10062528362,5680.50315587392
2355.67028778919,555.018830238663
4428.50913943224,4966.86683853278
2878.57845715993,8469.06609172608
3268.36352388672,3278.39588044543
3362.4517436373,4269.31424355435
4117.69305922074,3220.20021496982
4385.77401898626,5816.89934593908
3248.65649560126,5167.25582814999
4044.30147336934,3742.99561428251
3816.76035128531,3770.04735617
4484.19194655337,4523.80671694654
5334.38271791694,1827.1974613256
3493.56329377589,6550.19927820586
3893.27716210092,3017.87919970649
3995.26952415492,3017.19734561274
4120.9387714044,3736.11871932024
4617.72736950896,6106.45709109825
3456.39367847051,4990.05452912806
3422.61809722072,3759.70389385234
4128.80501904434,4166.56253160964
4002.37825518993,5300.86709352589
3253.3509980021,6595.83508556078
3435.50976896156,2846.64523399991
4733.85051535023,5024.55106058117
3708.02571631779,8170.24527941796
3744.16623682775,5058.19553870162
8422.9571863318,2036.79285548801
4117.55762877312,6172.95023375501
3615.89498080384,5927.72125036703
3794.21239440126,6097.98941467819
3129.62553761917,2979.63151931344
3483.96935668976,3754.13446732906
3939.19825996752,5080.35991958721
3785.06644823704,5572.35242807247
3930.36643709455,6684.09512516631
4186.59046462313,3906.15938750586
4286.63869151241,6174.54143806806
3953.53248899431,4894.12220383136
4328.92166778864,5950.34020064845
4137.95371689647,5176.68972882073
4495.79350124009,1682.27640366755
4164.90677321937,2902.16972284902
5590.85763593764,4854.28331912526
4174.33508874249,4768.01281348009
1820.94645661234,4561.42941727723
4587.09571266368,5013.35554493085
3443.3278535844,3498.3347369255
3707.29463344038,3543.91388167666
4088.29709241743,4948.22611046159
7862.34757778828,6077.58664877217
3549.37366396063,3549.31268610578
3240.35169371129,826.67452259487
4528.37468304104,7009.22937409203
3912.45624917104,4372.69135841667
4187.23985357044,5698.0072490279
4203.31161751969,6095.82947005129
4645.79530134134,5789.96135211437
4010.08072912021,4075.74548629564
4457.77746777871,5003.01208261319
4762.36498425783,5429.13642850405
3604.58061308386,4272.72414830598
7239.4310549224,694.938567404412
3478.68447543146,5513.64531916964
3706.87788114297,5640.26636437575
4416.92846721314,6204.60560077036
3337.66291477907,3288.05727724171
4586.06209159644,7219.16601244276
4419.95065856966,5345.82125821468
4404.16258181507,8536.24172275948
3740.05617956876,4095.46576382503
4140.95670154302,5824.34455835996
4690.55322235315,7233.88560376273
4146.80934256894,4304.54992598785
3758.067519263,5421.69163893843
4324.38851338964,4565.40763948747
3962.85895843703,3066.52721644859
3485.70368648992,368.838014942646
4708.93230738232,4514.54322694234
4256.81945021326,313.427062728675
4175.05938552569,3194.05761187399
4222.95755155083,5589.28820376785
3728.2624529183,4924.07261847088
3693.09971915382,1675.22930946637
3966.81819980487,5003.01208261319
5169.92874155284,2380.68179197532
4479.08925787253,2864.03579051874
8110.42005312036,600.200015340842
4375.05460117486,2949.96526340321
2182.7157718535,1031.09834416917
3986.84015809069,3840.8028797663
3435.01063974042,4128.76942061242
3566.73893608668,3917.86655801101
4317.51421435736,2792.59820140106
7677.4035443581,1948.30574261219
4537.76168717969,1914.7750125545
3696.1133468651,4351.32236825998
3975.64548076091,6391.63870725511
4174.1267855599,3613.1350749913
3960.37981224215,4448.95922307724
3811.91453719027,5921.01518892654
4037.07935163183,5239.88671478864
4562.60186330501,5283.41966297567
2777.22022714119,6324.00892968113
4195.8264316774,6345.09376110852
8618.85817387418,2225.64466241135
4771.08451236238,3882.00589551515
3637.78755542526,4361.04085051527
4861.18400986349,5428.45436298268
3989.40119624281,5354.23227203099
7814.35739111148,3824.66249479982
2563.62542785818,2900.06707510876
4622.85010094402,4370.30434051948
4241.04507475225,5049.72786228156
4308.16269467324,6374.98709028904
3891.01430006415,3930.76744889239
4227.71742181812,6087.87302563082
4046.46800423616,6298.32131883639
4740.90923142268,5696.75728890317
3530.36036340186,7363.34781340661
4501.38831097944,6404.08502874065
7050.59897904096,1134.36160525491
4092.18470288771,4796.31493834756
8739.56131258431,4736.69826779782
4052.02114032225,5933.46151041209
4129.27597764764,8178.88336650455
3250.48135202116,1149.36514387655
2881.48350002069,2454.16515480188
3975.17299960427,2075.43844267314
3414.61562630158,248.752541225135
3868.54903207082,451.585052772583
3323.13633423367,2687.6298822257
3721.07283638676,5832.01684405112
4752.75986020555,5985.97378987402
4229.79355937272,3565.73722980156
4894.01261620389,6840.60949955293
4736.99161464727,6209.49296177226
3512.54699325334,4162.64097200317
3633.30284025398,5914.53620075634
4593.16945407073,5695.73397919348
4410.30916904322,6294.22934856339
3915.15827970759,5874.81106411302
4669.41080793274,5204.82144302167
3912.1406179064,4034.37163702501
4054.15207322553,3317.72353315193
4065.54505517246,5131.16766952859
4025.18596176531,3715.3184694774
4194.74631571084,4826.60617432015
4303.56695325165,4496.86872312183
4391.41888785736,6913.52454492088
4173.9859567395,6175.62141038151
4146.688375089,4761.07925591406
3875.39311278581,5510.34916248078
4504.2506571443,2608.69062951101
3747.7719228186,3999.19304005052
4305.2082540441,681.355769572375
4707.61155940971,5673.6266837669
3787.96015419631,7407.44907905224
4825.16024725443,5880.83506003213
4380.45321488148,6717.9100139533
4478.32688021165,5131.56557632066
4091.44546990109,5234.4876989319
3241.28880480749,2848.91850383432
3950.33626129717,5335.19363716772
3984.75724500026,5532.51354336637
3561.92998368277,3249.01399469213
4712.36526058841,5050.63700107323
4892.6516197435,4386.72846136001
4234.34654561755,5095.47741769925
3405.36763081598,292.79714426701
9014.99084740957,659.248209861266
3736.09700133408,273.758509403747
2519.54194442997,6257.51578702436
4075.97512244627,2786.40358338779
2952.22488770567,4550.06306810514
3970.91705280129,5301.4354109845
4337.61789346566,1413.57599381023
4941.44058298167,7345.9574683154
4640.36899087777,4883.21084691035
4435.71237066563,6441.08232615373
4312.25070682101,5486.93439861522
4222.35630456985,4594.56224054285
3917.6301740055,3318.68954597498
3881.90012527186,5195.5012904137
4519.43522138981,6068.55023203826
2856.36803309491,732.277003291988
4103.93458484464,4889.91690835083
3126.84112006283,5871.17366323585
3677.10326187299,2035.20165117497
4229.17141600252,6104.2975693266
4795.72706650859,5103.94509411931
2721.42826471868,2355.67582379671
4025.13152462369,4444.12852467909
3545.63547780793,1719.04652209652
3940.11155200751,5407.76786120261
4596.77123180868,6671.08048622216
3181.46863383368,1382.26165955558
4218.78176282807,4963.40027117739
3914.99363449359,4157.41236681295
4412.1146862813,5688.85750708646
1872.44502984414,1385.72843833859
3833.13297820123,2456.32467657353
4119.57812709197,7057.0247032186
3933.68456978831,3328.12365807335
3920.11831351016,5370.8272263933
4727.37995547952,4911.11506498574
5773.2756989439,3740.38110025977
2876.58493147307,1992.35034565406
3402.5477598157,2708.08931073547
4213.84675706405,5360.2562679501
4243.25881490147,5231.36195290957
4435.26933522066,5934.65480793306
2762.29115781421,2362.26813717443
4044.78252082469,2756.39629471688
8565.48801026776,5644.75624144083
3944.97192450648,4347.62830477904
3151.18046280257,3290.1601364096
4358.52664811491,4266.92722565716
4548.04471411497,5737.90321919301
3625.03241945299,2002.06861648173
4234.88586079184,4492.43550866051
7940.68984229725,1207.21988230529
7846.27265676754,4546.82357402004
3479.55796734193,5511.25830127245
4139.384729265,6612.2029666528
3044.33736420544,3535.50265643273
4495.22894673597,6825.32201362961
4215.93650858466,6680.96937914398
4213.02513023751,5366.90566678682
1417.86278190683,4103.53595630827
3261.37016716607,3235.54478635215
3960.15771100382,1490.41249307084
4173.18845538274,4836.04049784614
3343.58167881771,6118.9034125838
3571.86574263846,5032.67833852342
5886.59214814831,3461.73513487687
3830.27203896814,3718.21671937418
3886.4073764427,1479.04614389875
4262.03664159829,4665.82941899399
3733.97965799608,1360.72247015998
4381.48197940878,6049.73909330054
3143.93481521823,2786.34670935641
4175.38288226659,5426.1244305445
4020.00075602811,5801.15686776468
3999.53595257027,3196.27400767703
3665.21160188151,5456.64316264263
4130.40214026049,7119.08547712455
4013.28750321364,3086.47520153115
4327.55490802788,3731.11761025557
4160.52290255643,6023.99439699679
4608.17336097608,2423.30560137069
3972.58216548277,6413.97392166248
2167.46353324091,1052.75117591373
3711.40775383808,5313.25632955243
4044.78087229605,6472.33978637699
8631.61987658853,2397.67444170208
3667.8936475175,7394.49194842236
3426.25823621588,4167.64208106784
2825.35841313533,2068.16406377405
4304.83643188996,4890.0306564136
3995.04531026524,4424.40824714971
3898.10990757918,1239.61397744576
3663.11927074111,4172.92777171707
4229.27916004948,4855.36329143871
8252.76824942879,6575.60315317654
3546.14315522783,3559.65614842344
4653.35590541036,5683.00392183388
3204.18422258458,3594.32351339833
7944.83542124025,7701.21254254719
3528.44480746118,5654.87220763294
2949.11097307244,4891.33770199734
8486.92190583318,2787.48334427362
4708.60581136529,5551.77925149993
4231.16805535417,6294.74058056298
4840.74451550249,4637.98186352236
3961.99285727766,6724.78648606031
4366.92343665191,5117.07348112624
4069.02794931664,2846.19045317645
4058.00704219494,5366.56484545376
4379.42420899158,6680.68522041468
4677.36018167817,8165.92623587467
3531.27052751424,5600.65455293994
3001.60490507832,2292.53571186019
3649.17469023496,6736.09617262865
4658.99183907133,6264.39268198663
8648.60435591413,2167.56274499851
4464.93500272209,5958.41039313169
4496.85077325654,6750.07661296823
4070.72255342374,3671.78509843512
4521.7195220188,5293.99062141887
3875.81188236612,5403.67589092961
3495.72077170314,5883.79039538792
3889.13292422534,4882.9833507848
3109.37099435777,7622.9555667815
4541.10967222533,4818.7068153587
3608.77479268627,2389.09280579162
3951.19846561794,6426.19274702248
4379.68523132547,4102.11516266175
3841.21942927355,5020.57283837093
4145.92522081518,925.277654519716
5207.21558437095,1738.82399079873
4239.58585866248,5207.32220898163
3018.51542038534,5557.51951154499
4590.20819816359,6534.22972676116
7967.26679430377,3058.9686788202
3414.69757410286,4816.09230133596
7638.11089616667,1362.25690615545
4460.5995618039,6133.50925584099
2949.45411102332,5146.22808218161
3232.23673737483,2138.06711118244
3295.92284440613,2014.57160057104
4546.882670767,6987.46289999852
2115.82474229374,3654.73557467697
3876.60264420779,3381.94340597428
4789.2529985532,6310.48305873739
3361.20247193909,435.444826376824
3957.65961363255,3890.30316126868
3907.96784197161,5108.49163378815
4670.52418211092,6174.03020606847
3458.95537870684,5349.4582362366
4325.04177879189,4779.49291071496
3598.87456282348,3100.11482053766
3486.2457905191,4822.85544823546
4817.68227974376,6456.48398299507
4781.10046126677,5012.04807649186
1311.493532908,2391.99126711603
4106.58504791618,4908.10306702619
5021.29864856459,4508.34839750144
1791.26963548465,614.351130631483
4027.57739164224,5537.06008303521
4400.14320345807,6069.23229755963
3990.0476085646,6604.58734356539
4048.74522435171,6372.94131658016
4616.92362842674,7584.36664220013
3547.26111266106,5643.50585846085
5139.07621992798,6254.27671579452
4704.95763783065,1130.09922431537
3533.59488254922,5615.99912432227
2968.54571891192,542.458972117971
4341.85451801469,7033.38286608274
3849.71158576525,4853.14668420805
2413.16090051577,6690.11912108542
2897.09489257065,1741.32465104488
4493.93964540408,6398.23144348807
3651.6174967168,1953.02290437518
4144.51254497274,3112.73134126211
4625.3330085239,6446.65217553226
4334.91302920977,3630.86624141557
4408.37218706062,6515.64566129373
3677.54619431754,2878.92558107761
2331.69887743348,1642.89198264347
4797.45391265522,3469.40742056804
4477.5863606361,5440.55944027991
4529.48481237012,4252.88969985857
4175.69292131929,785.301043322582
4352.42594663455,5428.51144844169
4160.19275213722,6871.46905298412
8373.69783331257,1183.46419139284
3698.4342225542,3587.6741145616
3698.98104214575,2119.31263504848
4053.65650336048,7102.20594117769
4087.36596371631,6081.11030158657
3382.02410097038,4975.50534847462
4420.93009641956,4270.73503720086
3554.74319802699,5536.83258690967
3861.49841678027,6349.98112211042
3341.03268809799,3092.4425348465
3132.45700541917,4489.36684809719
4825.26807757446,6131.1222379438
3616.40694058061,5471.53274177387
4153.67344154211,4745.67802192797
4048.63922943933,6815.66061683333
3695.0165993478,3862.51269125605
4329.29370120332,7757.19181221976
7911.45326013785,4797.56532132755
4316.28420522733,5854.86286760284
4102.00146927591,5283.30633776815
4341.36155961752,6666.36353588679
4131.79132819119,4406.10834041158
2009.53871597668,175.041774772623
3748.70197223128,4864.79719210945
4009.104875943,4274.82700747386
3828.04021910485,5928.06249455534
5081.21968310175,4788.87014878194
4385.26651221468,3482.02415272011
4460.4604636646,7286.05663903635
4453.8825672954,5696.30229665209
4495.95288032003,5423.56700198078
5087.4466932967,5561.72480702551
3441.56170494165,6875.04979125753
4302.4371670781,3605.17863057083
4640.03354321706,5920.61728213447
4504.90769106919,6005.52407959213
3566.11054559167,6573.78445273796
4271.29900342286,5116.90264760445
2103.84032909793,4649.12071656891
4519.24326756483,6234.04436055504
8036.64705556544,3074.93823026489
4328.28657874451,6708.41902782354
4728.66407755231,3248.21839253561
4279.55063847011,4731.01509321177
4134.47128155329,8503.67679409722
4146.65716385321,4791.59798801219
3170.55671076968,1756.95338115651
3275.38142486007,5155.43490958206
6878.90384619743,3126.59845639417
2501.07644992838,609.065809980602
5046.32479814205,5277.22525639003
3889.01993935311,5135.99836792673
3800.1456060081,5129.86062394485
3504.19044951196,4802.16852360014
3026.80436361445,8034.01907716408
4513.46806547537,5436.80871419522
4345.51383998972,5463.80379347895
3752.03613240299,4679.35528993774
1248.68493122977,3212.01648585143
4542.33449598432,5117.6984611886
3201.47390007255,27.4497320943689
3809.76292038556,5771.4339492507
3793.57850533178,4639.06141298056
3626.79347896231,6539.5716571589
9083.1930823235,627.195094624572
3836.97400064193,1956.20552442889
3711.61027241174,5623.10309255483
4371.60797857902,6792.81417042636
3720.72957605756,5571.72744801011
2966.16850742065,5649.24569565066
2245.47386159637,2073.79036432871
7849.59588981454,3494.69754747595
4349.56993139123,5794.84871311627
3525.04592155185,5913.17249256884
7773.65878689902,1580.88861133797
4237.17131434567,3340.11519873544
4634.3306978897,4878.0959897829
4131.12663055935,6393.5144931527
4294.5707423214,6363.67782657595
3551.81959384459,3546.6985949383
1788.14418911139,881.062535097497
3713.62991260166,2429.84125214464
2150.37864215271,1669.71665126067
4132.15742250171,5506.42760287431
4564.21389057767,5487.90062286589
3926.41199143759,4171.56364067432
3469.15522468796,2447.62950402792
4420.17295881921,5317.4620478882
4048.0720375334,6803.95302347292
3427.67303602667,546.948690612331
4406.1800027643,4807.11297006106
3474.81324026081,5362.41578972174
7664.3038858376,1280.02139103809
4630.36307452792,5859.23899660514
8331.06392728739,1514.28182633225
3572.64867511949,5464.25836287478
3427.66466947584,6179.71338065451
4106.62826634407,4674.29709541405
4119.27077418188,5744.78011415528
4012.83088025558,4722.49033133269
3905.68476169218,5542.85658282878
3833.376334086,6990.41823535432
3583.81178954863,5814.73982416744
4628.28593004789,4741.87021038427
3476.13158434586,5394.4124009254
4238.15985421695,4749.42874801266
3822.83682391538,4459.41643345767
4414.62947469538,4666.51106166012
3381.28388771508,1626.97919951635
3799.5636680365,6647.77947041936
4106.778726637,1634.42409479578
3059.66243234517,4559.61071683865
4264.69618009667,2936.43939245947
4221.24037718628,6374.87334222626
4345.27422009501,6516.38438941887
3686.74949581847,3249.46856408796
2615.64720540071,2076.91611035104
3271.18637882721,91.8400948686066
2902.54731479516,3637.11773346022
4505.01006372638,5110.19658616397
3984.75174176646,5158.90147693745
4770.8303612844,5898.62331191541
3995.73255856844,6642.21004389608
3856.64704155358,6112.36776180984
4646.98994919175,4693.84738513216
4214.27607711789,4796.93991840993
3320.82487939621,5179.92922290583
3407.35788181008,147.478378030288
4084.21963129696,5838.89331615814
4488.49114875091,6163.91423987635
8790.06316050028,5033.87163604439
3977.3874028362,4811.09119227129
3222.33213334327,3634.78780102205
7513.25035670746,1427.27238113432
3910.33355841134,5611.22551138314
3785.58466820796,3825.51497098773
3704.15665200422,4783.12988873688
3548.84753030903,2623.80791619542
3819.24421206391,2927.63047185109
3614.33091820709,6462.39423085141
3456.54649476391,6290.47819962345
3895.51032305571,915.161582613787
3333.37666017607,6688.64166483515
4905.41377407787,6891.47391209806
4093.20407828217,6314.46128094762
3184.35241931063,6771.38851766591
945.158057321825,195.387534504985
5515.49537805245,6099.694367054
3990.38167685045,6040.3051926298
3136.17354027902,6701.37172219474
3478.53167809009,3959.69497667748
4369.55721834057,5172.59775854773
3986.24965816951,2429.78437811326
4109.61448700915,5692.09700117156
4659.74008618954,3288.00040321032
2236.84603343728,4687.76630375404
2390.00337742244,6166.073761648
4184.44014370074,6184.14617226058
3980.71249881421,8711.90848007213
3362.8654039534,4226.12211670038
4107.84700758632,2952.18165920625
4248.89062525685,6104.35423193036
4564.57266313926,4217.76776548784
4186.88992382005,4473.34021119348
4079.44616399072,4461.57595522931
3974.12796069232,4750.96328972195
3377.47883866313,23.3010149769092
3958.08134590897,3570.34043207416
4697.28070916878,4557.90576446283
2691.75754992877,2977.18762738486
4034.70799618319,4421.3958263349
4438.06487487122,6349.92445950666
3848.73345140053,6162.94801562567
4265.01291541474,5845.59937759863
4997.36923915013,3730.71970346349
4129.51498466534,4281.24891018505
3675.89280515702,4213.67579521483
4316.10684034644,5171.57487169329
4102.19730242754,4913.10417609086
4496.88006555144,4917.19614636386
4869.67380746656,6181.30458496756
3069.33925408092,2468.82766066283
3778.71084314015,5073.93801687603
8295.85406445489,981.938883999856
4254.24522284139,5581.50217001391
4070.83616354014,5429.9322420882
4254.83874598267,4951.06769775461
5064.82838779984,2879.94867935967
4146.66996618642,4791.59798801219
3760.44188054254,5384.23934927427
3928.10607567188,949.487914827994
3365.36411620079,8226.11037817252
3919.35287415177,2761.05658244849
3635.59030281794,5574.28487657383
4567.33247428639,8086.19095814821
8648.46304370906,2947.35096080811
3754.74597462874,6676.25200595336
3671.43681881237,4110.58326193707
4413.69264395373,5305.12947446543
3185.78553476494,340.478963186884
4301.13898803894,5931.75655803627
5120.21393403958,6347.1395348174
6555.9955267624,387.819828631429
3390.95643993743,6771.55892833244
3844.43025430943,3744.52973313654
3903.31677936367,4817.17227364941
3997.25394358707,4744.48430155175
2601.37593535381,3788.29017744911
4246.57608163601,6052.35318446802
4403.51908403632,5449.08420215898
4535.63172727703,1703.30414963593
8614.26464006893,2251.61685484064
4674.29287022275,6895.67963043384
3825.69482189177,4227.65665840966
3977.90392776078,4592.9710362298
2249.05959423174,4025.33564314634
3593.21295523758,2487.01381933819
4077.19990629597,2700.24661437777
4323.60413178295,6117.25512281174
3986.68129328051,3582.38884676763
4695.4378823788,6743.4272141315
4060.64839008341,7155.34362355724
8738.94697135379,378.215253009626
4357.81110445327,6049.7957559043
3677.82648084218,3285.67047077214
3899.24773200837,2638.12960072331
3241.47499175656,4552.22258987679
3394.73810074803,3924.23179811844
4753.17497697719,6492.1742348244
4255.22350770594,4384.91018377667
3806.39643436849,4263.74481703107
3828.76483294269,2777.42404068526
4729.78962144503,5412.88271833005
3345.69576223121,3360.51775321382
3290.42345677729,6450.28915355418
8709.19607033995,7790.26839573687
3469.57833815519,1578.1606663939
3899.73732746304,6842.71235872082
3254.91107833733,1726.26423839185
3852.52723465685,3361.25669276659
3894.93638277531,3603.35993013225
1584.48645965714,2.33010174545767
4145.32812333806,4214.47160879898
4102.54071965426,6307.86896756991
3833.56420497471,1852.82840956657
4062.46539559105,3375.80545056477
4233.13826385635,4641.33468281497
4222.62033026917,3495.49314963247
3779.19697822098,4855.07913270941
4412.65382727295,5710.22607438791
3748.64669171985,5418.96337685293
4137.25113981266,5498.41449585008
3274.47453359253,3013.78744086111
4212.53189670098,5913.2291551726
4162.05684104297,8221.05302935933
4147.09425173616,4345.7529417367
4582.92258342533,6286.55706287222
3596.58385848733,5662.2032491358
4587.94561427707,6767.75111678874
4454.44183892384,5539.16251934785
4540.84632286315,4352.00443378135
4079.66312494688,6317.30286824064
4132.34995570791,5256.25417302541
3874.21991963797,1002.4550808272
5595.90399345808,3020.94807169743
2414.4813795622,2206.20833218364
4483.37061602407,5315.47293678308
2582.87136320339,2827.83388383456
3703.59850033344,5086.44100096533
3589.59938981489,1355.89177176184
4515.59289253803,1891.07630138725
3573.55546765204,1266.49541438054
4240.60446875644,7500.59647965968
2644.12299368624,1053.26272505476
4403.31197533077,2789.98389880595
2831.73911713257,1196.08081783111
3853.66904122458,5974.89159943123
3653.12088095197,4528.35325661538
2066.65392845624,1486.71842958991
7700.7274296686,2988.04253312974
4207.15760404221,4304.77742211339
2309.17174707552,2891.201280469
3447.51290083152,3887.06409003883
4103.53041313587,2578.39939353842
4254.85383864247,3781.24329467556
3920.42671992263,5129.97394915236
4710.06474224991,6503.42683593373
4198.31643182707,3235.31750165423
4216.53985539925,5529.1603012185
2907.59364347119,977.221827950673
4067.4571182735,6446.59509007325
4482.26306178248,4075.63173823287
4448.48237037202,6804.40759286875
4193.67699686581,4697.42770055032
4161.53991107595,6319.40572740853
4716.17696387348,5332.12455374916
4238.6648659748,7072.31261199717
3675.78819613011,6039.11147225358
3030.24821259546,2755.43028189383
4186.84225290023,5248.58188733425
4237.4673862892,6134.81630142473
4337.99684985543,6124.3590910443
3456.44891672106,5258.9253496519
3788.14473685787,4203.61691448173
4722.31685199368,6246.03611264475
2487.99694839362,2141.98845936129
4353.59001367588,5592.75519397849
3498.49928952476,4435.94500698834
3954.77570233935,5479.71668231988
3541.25969023214,1329.46500993671
3741.39464961005,1271.8375562059
3731.27036933031,6619.87525234396
3144.34330398163,3702.64507472156
3849.81951984761,3038.33862821627
3228.69626375002,5096.15906036538
4270.13698336591,6224.55337442528
3117.53006854745,1770.25196740234
4096.24908107185,5200.44531401936
1879.96353159487,1249.61640700273
4322.43571681623,2711.72671161264
3547.91428191236,3870.52579828028
3960.43527700065,5636.45855283205
4672.51569171047,4168.38123204823
3218.51371846904,4852.52170414568
4386.37322893349,4840.07538266014
4289.52042613541,3954.86427827934
4234.49962979481,5295.69557379469
3780.03332512128,7452.57365440757
4189.45422891367,4214.24411267344
3809.0002931805,7094.07950894594
3785.78877752832,4296.53681896362
3872.27645656032,6350.60652502804
4703.92022475401,7391.53619021131
4359.42361200052,4134.39550973946
3896.16628504868,995.635271323945
3676.64404925364,319.849044725219
4535.31299276146,7472.01061891816
4047.40674303696,5730.34468156462
4650.83006900299,4735.73246640239
4432.79025477524,4894.6338586862
4421.24622737763,5618.38614221946
3873.8591631093,5364.3482382231
1634.04458213848,3231.96447093399
4271.8111323209,3471.62381637107
3240.22628773187,1327.98734225882
3747.93487222813,4402.47093953441
3451.92974846909,753.929887893451
4631.43088151039,6931.93819972178
4121.62659312278,6075.5408750633
4338.18320360995,7071.9147052051
4309.82579068578,2786.40358338779
4310.85324977123,5227.83830009517
4804.6400360129,5489.32141651241
4434.04919811427,4807.22671812383
3867.82009194981,2241.72817334644
8259.09771478514,1251.54864407647
3704.22629519413,2204.33275771367
4477.41055978522,5752.33865178368
4636.01520115605,6266.72261442481
3517.80271958134,7100.50098880187
2911.2315074251,545.8688768696
3453.49373807988,6328.78296547551
4466.33549267742,3635.46986654342
8911.3540062001,414.871729089638
3607.4609574227,4526.93246296887
4056.08754818959,7303.84531377488
4419.76025830256,5257.39080794262
4611.96053553283,2637.73169393124
4355.25104460136,5448.11840076356
4445.41841042784,4114.44773608453
4962.7065435999,4475.72722909067
4115.89697233304,5113.095258916
3809.23697920632,3568.97672388665
2189.63145129246,1007.45629560569
4996.08051622422,6243.81950541409
3326.9449089734,1745.81431668233
4017.55711570998,5505.17721989433
3897.70125664731,5093.31747307235
4003.99228290594,3752.48617755701
4343.80680088906,6481.54661377744
3984.43000788852,6169.54032900339
4535.62629052978,4252.15097173343
3280.50787899616,3062.54899423836
4841.51977243116,5407.31286895153
4414.3705815967,5949.60147252331
3740.42392940636,4982.32515797788
3578.98493969081,5063.4808064956
4098.8468956762,5292.22858358405
5332.76181110819,6789.63133894502
4774.79889016097,6604.64400616915
4498.07823824841,5303.14036336031
5000.95161332804,4276.47487439067
3728.95571723864,5367.3035735789
3572.10123123175,5035.91740975326
4428.41878475473,5666.5793781381
3836.03716597319,2996.45375837367
3510.2695024479,4244.81993023058
4364.46512536817,5034.78077483605
3557.24556628456,4678.6165618126
3749.69759090994,2079.70082361267
3187.76269840738,58.9913510469376
4590.5921075601,6076.62042452149
4071.61415094428,3270.26902535843
4194.85091740158,6152.14998391218
4025.9578541629,4005.10328790686
3694.66946252512,6030.70045843727
4931.49512466503,6440.57109415413
4143.05475754606,5598.43836856453
3816.17650864791,5945.85074643862
4098.26256734252,5763.64791549676
3304.22586461582,5833.32388963486
4164.6075391374,6229.55490634521
3887.31058737577,2761.68177393848
2677.23714190381,1350.32223952475
2136.03364469657,1304.85684283636
4440.36438847569,5600.08623548134
3754.01019852774,4895.82715620717
4048.40310909538,5380.77278191888
3393.66117577285,669.762082845455
3674.74317644085,3830.68691357418
4376.59976011907,4389.62713411204
4256.36044525898,5438.74116269657
5124.41030004128,4478.62547898746
4808.87813102995,6261.26693596431
4450.4098475869,3263.56275249031
4071.01773758154,3614.32837251227
4347.75989681002,7198.81990914051
3958.85690875396,4109.10538283154
4222.47966539273,5202.15026639518
5269.77992647642,1902.27202846519
3982.73293944897,5325.07767097561
3418.0108528295,837.699891863185
4065.41150406173,5128.32608223556
3988.4661970951,708.294027681626
3115.7895680946,3774.36639971329
3935.7167408413,3090.62383440791
3814.5879177003,5425.15820629382
4124.75967181872,3508.73507327454
4079.24582273157,5212.49372871284
3911.47105144062,1070.65317585978
4375.44307510388,5023.6419217895
4035.63411238216,4358.54008455531
4515.22839785776,5767.17156831116
4229.31632965313,6678.92318257985
3436.55385402875,3066.29993175068
3905.29681258522,4906.96643210898
2779.04199241588,1956.20552442889
4235.75663097971,5515.00902735714
3757.70654424945,6117.25512281174
4759.64522547879,7129.76933792002
4047.04328435113,4620.0798635763
4166.47824408158,4929.3012236611
3758.91925060882,2736.78934239501
4107.26517442782,5714.31804466091
3905.22155539811,4760.4542758517
4409.40624795192,3494.07235598596
3689.69397876655,4114.33398802176
3825.7888038929,5435.27417248593
3829.78255156803,4405.99459234881
4031.90883145759,6019.90242672378
4531.38963775261,4249.0252257111
5036.00818173078,4856.55658895968
4049.37384909571,7618.97734457127
4695.51750550074,6491.09426251095
3734.84026966047,5183.33912765746
2910.61714434091,4182.92998984641
3429.00009905745,7219.56349637959
4023.36222946539,3557.38287858902
3357.4937265283,741.199619106227
3769.63831920322,5262.90357186214
3785.03720721667,3766.58078881461
4204.64407795296,2134.31617367012
4602.64484499099,5532.51354336637
4561.56383462952,5632.08242382974
3634.30321753053,4699.92846651028
4623.0086956274,4590.75442899914
4443.03262405836,6301.10582067041
3932.97939792893,4853.43084293735
5091.21148645803,5028.64303085417
4658.10251472345,6249.33226933361
4833.65704163392,3572.72744997135
3465.78671450572,6327.53258249553
4556.80219834153,5723.1840507283
3394.6901329428,3564.88475361365
4635.89874484491,2178.6449354413
7886.97650180227,2738.03972537499
4248.09254231269,8785.1647696284
3744.03888467776,6038.4294067322
8337.9656755138,2761.22699311502
4240.09183660447,6688.24375804307
8067.62171925187,4403.43716378509
4148.10613523191,4623.14852413962
4835.93150642889,2061.2873802394
3659.1527125647,1820.7184731554
8325.26185166426,1835.6084751419
4008.28709812956,4711.35147828614
4942.76525924891,5463.69004541618
4125.34840434628,3467.30456140015
3464.97225720865,6617.60198250954
3661.56717861269,2087.71414206453
7528.65530816142,5180.3271296979
3167.951248216,4995.11230079649
3507.46084132964,4388.37675113206
6880.03175042897,3191.95496413373
3184.16625983903,4914.58163234113
4401.58052292614,6434.88791956809
3712.57702707167,3154.10497910512
4237.79530432793,4357.17595351255
3708.13043600979,5720.39912603903
4367.74530061108,1938.6443458159
7965.78569262185,4407.47204859908
3153.69065577363,256.765806820081
4034.4937561556,3005.37621561719
3804.67516187688,4449.86878472416
3973.81960805459,1980.58630111752
3837.70616422256,6688.1300099803
4284.67250800018,5969.20842484518
4517.57152979589,1856.01102962028
2337.82446403495,2447.91366275722
4747.31143621712,3567.95383703222
4697.80204563193,7663.41943154996
7866.35789885072,2438.76370938816
4618.10552851778,5397.93563088455
3891.54292104145,2575.8419649747
3892.08819518379,6660.62327584173
3334.17398995025,4015.84465701659
7012.98692226919,2540.77669320773
3545.86253183978,4304.09535659201
3758.45200812838,6315.08668386524
4861.15234388247,6111.57194822569
3688.27228705809,2943.65689732718
8459.69010014528,2415.23540888745
2684.48122717268,1958.36504620054
3685.01917431795,6322.58813603462
4230.8393166618,4915.66160465458
3903.71154047364,6080.7123947945
3614.90468691046,6326.39594757832
4604.26006952302,2402.56201413161
4342.1896038705,6562.30435550309
3023.81068119879,6201.13903341497
4715.24534958119,6321.73565984671
3558.48970872329,5973.30039511819
4133.84333676769,6885.79073751201
3511.46573184452,5300.86709352589
1476.15254300993,1584.0143573603
4235.84997707281,3541.24270505016
3955.58632967391,4200.2070097301
4305.82155751293,4081.14450215239
4590.23368442014,1839.24566459144
4727.95441230149,6639.02721241474
3252.53107591282,2934.05237456228
3141.80093126846,1367.99684905907
7823.68262641144,506.541329876908
3978.37244883018,4826.77658498668
5279.07369973575,6543.26572063983
4271.63425924596,7889.72395099271
4340.35116256523,5464.03128960449
4471.90291350521,2989.40645274486
4784.23205916961,8580.68380973818
2210.34695640108,976.937669221371
8250.54947930357,4127.8598589655
4171.89898877193,4663.38531563779
5036.37127038455,3789.5976458881
3119.40230658286,3046.57923136604
3670.53875992291,3802.49811391423
3914.31533394439,6039.22522031635
3844.93119053295,4888.60986276709
9001.29139661635,8720.71740068051
4055.90606247717,6688.52791677238
2927.75083559406,640.607428933171
4340.66142156663,5316.60957170029
3615.77092091557,2575.50093221401
4309.92666471701,5201.80944506212
3035.99280681173,4151.78627768592
3257.31127725397,4027.94973431382
4006.60838957866,6343.10465000341
2861.42352490694,4016.35631187143
4076.79860942483,5441.8669087189
3993.32415175056,6280.81680282716
3155.14441334188,6291.16026514482
4358.83345063111,2929.39229825829
2715.54708813937,4812.2278271885
3964.6622083028,5764.10290774785
7111.79721544094,1515.81626232772
3262.66014988187,3379.38597741056
4137.04329956393,4450.20960605722
4391.09514444035,4610.30471871725
3744.2507785114,3026.57458367972
5100.88540112199,9740.84723887619
4262.26707416455,5408.33617866122
3529.46736379668,7038.78188193949
4010.88073530513,4045.22675419751
4367.37622599084,3658.54338622068
4457.90401504676,7062.65121520089
4498.64325917865,5608.21309056834
4214.87060315058,5774.27553654372
4112.61873141062,2504.23396519049
3989.38384885947,6012.17347842886
8316.05377758442,3824.37833607052
4014.52106526283,5650.72357475618
3679.74911143803,2401.87994861023
3674.32877019464,4440.60529471995
3836.07222297722,3875.81106607426
3734.93766080296,2229.85038074712
3863.8854814452,2530.20594619215
4441.88427562541,8507.03003624509
3565.32861206476,3648.02951323649
3136.09463136111,5748.1329334479
3370.47936753184,5215.61947473516
3928.63512248313,5697.04144763247
4254.44258385027,6466.20204239511
3348.83967349351,2791.00699708802
3935.77096264766,3593.81228139874
4807.27852933303,5382.53439689846
3802.02007674779,3257.99332596704
4301.95543079923,5729.03763598088
4789.7140933755,5894.30426837211
4485.63756217587,4467.88453273298
3873.82318531617,995.010185547767
3881.43890697152,5183.22537959469
5028.22168537914,7153.35451245212
3260.80564778477,3367.50818481124
3863.20083631604,5829.68648875769
4528.87648542437,6110.83322010056
2941.68206424427,1199.14979553586
4341.32662878094,1549.91530984401
3405.12628178742,1979.10863343962
1960.44150787972,1412.43935889302
4217.74678937369,4962.32029886394
4463.14107040284,4371.89554483252
2609.78663015802,3696.6206559472
1311.58113749247,612.191556002929
4298.58172453602,6424.48779464667
3730.62721928234,4065.34493851897
5154.24777254289,3934.00694297749
4501.42679016754,4304.37951532132
4215.46879727125,8114.0951762236
4450.07263969832,7046.73832635995
4097.98450728985,4762.78420828988
3793.56329572041,3758.45351087236
3065.37045212621,1704.89545966278
4505.60350770175,6279.56684270243
4797.98563313189,7501.27896803631
3877.03304105696,3442.58275195084
4024.95332108005,8063.74241853331
3601.01835524306,5776.26464764884
4526.72961322865,4871.10534675786
4311.11003012759,5033.07582246024
3314.32388259786,4805.01011089317
3337.26109668464,5079.10953660723
4042.07763072905,6115.72058110246
2919.40220284815,1818.84311011305
3443.99836330661,1552.87053948599
7515.15698104232,4575.06903628375
4550.91553815965,4754.88442647317
4156.65876636014,3480.26232631291
4734.74545395955,6756.04394628358
3363.21516904183,1818.67269944652
4335.12652336197,6825.03785490031
3178.11553350673,2227.06545605786
3551.31612921442,4342.34303698507
4198.01866817453,5485.62735303147
4394.59417557804,4854.90829918762
4308.40462960006,4761.98839470573
7479.85568265027,7620.45480082154
3726.16701466774,4718.68294264424
3843.82979903644,5018.98163405789
3808.45377398975,3974.81205193427
3871.66489302121,5295.12725633608
4538.63547499095,4997.38557063091
3679.4436613015,1693.41546814173
3673.25072828108,4208.22011675433
4259.12436671935,5332.12455374916
4144.89041684406,4599.33627633723
3851.87376242271,5308.4827166133
6579.91879476915,3592.50481295974
3780.33338313855,3774.99180263091
3609.79895881796,4778.81084519359
524.968869425051,993.191590822994
3476.79649162502,2677.28663133566
4177.12955090336,6276.27026315832
4423.31184195206,4754.42985707734
4444.54532209767,4225.89462057484
3769.06753844166,2424.89680568373
8386.79829587258,1838.10902967423
4092.14796651296,5252.21928821142
4214.79925829715,4689.6987522554
3658.52756938509,4605.24652419357
2470.65357520759,1554.2913331325
3904.50525050559,3310.67643895076
4085.17010059603,3320.9628158094
4056.55310632793,1337.19406394545
3440.27381554364,4151.78627768592
4355.45147479741,3981.34770270823
3417.02726554552,3095.0568374416
4494.99352712771,3800.73649893466
4466.55859754354,2295.26355109044
4340.32870482044,3868.30961390487
4365.22384103829,5144.97769920163
3849.38664840276,305.754777037509
5216.13774793499,8407.40364746746
4124.111519249,3196.04672297911
4444.87181561076,5225.84918899005
4344.17030060311,2996.85145373811
8204.50442014834,3322.09945072661
3837.00015121073,6911.70626733755
2866.76274267318,3062.66274230113
3655.5968191927,5036.99738206671
5211.18733756104,6240.3529380587
4426.49711209246,3324.71375332172
4385.40740013345,4510.5650047321
3583.26112072269,5181.46376461511
4154.36395121065,4743.29100403078
2936.30686622213,4023.06237331192
3887.93480624524,1765.64855370212
4587.0169144449,5518.36226950501
4072.91417042814,4473.51062186002
4472.85442755214,4892.07643012248
2018.54279497926,830.880082359927
2488.78436258206,409.756871962195
3210.41691069863,6930.63115413804
4732.15129534948,6815.20562458224
3449.85397235964,1698.24616653987
4156.11906726819,4695.43858944521
2802.95135042079,5554.39376552266
4209.3479612868,4619.62529418047
3579.3289650273,2824.5377271457
4175.1724637973,6160.67474579125
3955.31889415881,5746.54172913485
3763.68823356758,4277.66859476689
3885.97895224433,6049.85284136331
3456.13819761809,2428.76127983119
3745.63133047317,4381.72735229533
2818.31248590002,4278.40732289203
4317.72073607768,5534.10474767942
2955.07535461713,2486.33196524444
3925.43799006981,5492.33341447196
4315.44945874219,5739.43776090229
9083.69086074875,1660.39618151126
4368.01497108731,2821.92342455059
4357.14589372542,5455.84734905848
3967.6825302252,5653.05350719436
3633.31055759611,3115.62980258652
3810.96627650293,6414.25808039178
3585.25410054249,5233.23731595191
4604.8692839065,5241.64832976822
2341.11158717257,2039.1798733852
4666.19701214006,4486.75233407446
3633.86193660701,5049.84118748908
3222.76742450194,1907.04606425958
3674.00792809923,4257.66373565295
3737.43013798949,3581.19554924666
3840.86133274592,792.689170284444
3904.52779152662,6276.21360055456
4258.90045459343,6324.1226777439
4312.09638319998,744.666345032336
3669.44013561145,4532.55897495116
4537.26771567525,4771.8206250238
4208.64362999404,4473.79478058932
3052.59057467655,7104.76336974141
4035.22483088946,2369.03128407392
4069.02140954623,4026.30186739702
4558.07418715906,6663.40820053099
3266.83249970277,4302.6745629455
3064.94144234977,1130.15609834676
4079.63150045142,6495.29998084673
4302.36389765806,1137.8851523555
4045.40738620612,6192.95509286896
4296.50945177327,4351.54986438552
4120.79241339819,6955.40962619111
8294.22085220973,4603.7690679433
8254.81436185794,4805.86258708107
3214.17965166798,2018.26566405197
3948.52339038182,4940.44007670765
3645.3188552963,5473.06728348316
4017.64489880115,3231.85072287121
2841.75607700668,3642.40342410945
4005.51376207396,6644.7674724598
4610.6505983799,5970.91337722099
3309.88448238611,3992.03198635895
4639.91354495165,5731.82213781489
3645.75816911994,5079.16662206624
4605.74923507392,5626.4563347027
4846.07391896315,6834.86966236312
3502.5839183524,4820.29801967174
3689.09835911678,4079.72370850587
4408.69544801627,5578.60392011712
4379.94827978702,4535.79846903626
3782.79268486122,5709.43068365901
2661.38549843168,2016.78799637407
4589.12061679211,5304.22033567376
4535.35745652051,6476.7159153793
8933.28701767709,6746.55296015383
4066.26409122333,5173.05275079881
3824.8703201374,5775.92382631577
4365.89900674106,991.827565494055
4271.02444823672,7081.34902873109
2717.66655653447,4325.9755787483
3700.18375213948,2176.48520224203
3685.34580556768,4060.059670725
2621.06400764991,5499.20988657898
4479.76908477747,6780.36784894082
3811.13037848529,5125.48449494254
3527.88624624018,5987.84915291637
3643.66251349008,4382.75023914977
3595.71985811447,5684.93594747999
3950.14233034891,4248.22983498221
4292.66288018751,5625.49011045202
3437.58597378164,3295.78643696426
4908.05177560057,6784.8577260059
3811.4914476477,5547.34645989386
4348.93773236958,7115.2772427256
4874.6838053142,4932.76779101648
4385.33455705671,7305.43609523268
3974.72231908146,4375.53294570969
3937.31990641061,4427.5906557758
3954.22885177231,5186.40821107603
4282.55412247162,4986.47379085464
5269.14055348977,6091.16960517493
7301.00654743319,4169.23370823614
2126.7061547899,1792.07531552724
3354.5337666534,6820.77547396077
4057.12969115358,3692.75618179974
4501.48236874882,7088.73715569295
4301.97997896152,5543.70905901669
3743.4576481865,4329.4992315627
3811.35623300771,6643.80124820912
4033.31115700178,6395.44651879881
4008.50471007622,4855.81786083454
5082.87425225428,5343.03633352542
4500.37893115266,3628.42256091462
3703.62498240103,1391.8094140029
9637.5725322712,2559.4742953103
8470.75594738805,245.854132757631
4455.55060698947,4986.30338018811
3847.42474470964,5180.15671903137
4549.84093344523,5398.78810707245
3982.30211071207,4342.96801704743
3593.11920544982,5073.14220329188
4856.702704072,6000.52297052746
3238.32449938419,3717.87589804112
1831.74414257308,35.9744939734415
4070.71689971182,4672.42173237171
8027.95935053641,4943.11125333414
2638.29332681046,4684.29973639865
5613.94089023947,5354.34602009376
4339.64093876113,4986.70128698019
4942.41384615634,6356.63052094715
4101.14582554676,4399.85684836693
7407.57253813907,5523.4204640287
2214.66185292847,1076.39322447722
3942.11045717401,6027.91553374801
4420.79800748981,5544.67528326737
4453.72046661786,5632.76448935112
8979.24908026132,871.96945575982
4043.65432657297,1581.74108752588
3914.02738289032,4185.71491453568
4316.65073996672,4290.34198952273
3655.44857996484,1852.08968144144
3751.33687320895,3898.08919502262
4136.62225277887,5564.56639431854
2864.10714260922,958.637868197057
4105.72209673727,3548.46020991787
2495.43505257259,8244.75152909895
3055.93116220771,3750.21290772259
3836.08630661136,5608.15642796458
5125.07233772112,4846.55437083033
2706.24933595907,3334.14786542009
3820.9984179999,1399.65221607441
3449.34046914997,5623.10309255483
4212.31930686368,5886.4044865554
4043.93438818843,7551.40422960105
4716.12546593976,5371.73636518496
4894.61938201118,3667.97770974667
1447.93503765896,1382.94361936314
4037.41273616115,2907.17104334132
3942.62804877234,6786.16477158964
3551.36614932426,4667.19312718149
3554.19649662056,5196.75125053843
4827.81211507185,5466.36122204267
3748.19273238531,7183.36201255066
4689.8919482764,5001.02297150808
3609.40011241904,1732.57249875408
3007.07855950991,3686.95925915092
3925.89917281475,5637.59518774926
4333.68188813307,1752.5772521542
3941.44696097372,7020.99363005621
4037.58059835102,4398.37896926141
4350.25214458473,6409.08613780533
4180.20554161178,2251.44644417411
4342.01138337887,5320.7015419733
3568.95408536067,5237.67010755798
4443.84049113488,4656.79300226008
1304.94884758499,4741.18814486289
3760.4127779921,6713.36347428446
4635.09015982577,5466.58871816821
4438.87637234033,2652.6783585215
5230.73846342769,4351.2086201972
8797.0712037181,3995.15773238127
4817.77948898757,6365.89401095136
3719.63136822424,6016.20836324285
3827.10984730811,7018.20870536694
4390.06222916201,2172.67760212595
3455.68924311734,3341.47911835056
4666.91318741301,2667.05691708078
4466.62650906136,1636.47007993229
4219.11005032668,5059.67341780715
4641.91111146069,5529.33071188504
4351.16563797941,4384.5122769846
4004.65887884265,4817.79725371178
3687.39651999161,3886.55243518399
4830.2107509286,5214.19868108865
3880.32535499823,4332.45414406324
4164.17594245194,5013.12804880531
4804.71035125879,6722.34280555936
3764.76516079294,3921.67436955472
3802.15443498861,4535.23015157765
3947.27137505657,3458.43897818801
2966.18766442019,1011.207233118
4522.09728602897,6913.63829298365
4576.51715132928,4372.63427295766
4383.55989094789,5751.20201686646
3710.55031033767,3940.20177241839
2111.42189038784,933.347741289142
4287.28008483943,6357.9946519899
3533.73235535471,1410.90481718374
4776.7031598463,3869.2754153003
3660.4306779144,3801.58897512256
3804.77292758596,6033.31454960476
3581.46710545434,4644.176270108
2323.48379722667,3188.03340452726
3837.70942943937,2141.079109142
3706.43368547533,6656.4179803612
4466.78297431353,5484.77487684357
3236.27230031423,6119.1875713131
3774.08385605368,6882.77873955246
4766.69420780227,4593.76684981395
1610.81645538383,2439.38890087815
4048.64326873794,5008.4677610737
3864.08052952013,1149.47889193932
3647.38032063754,2586.98102944888
7608.22857255622,6261.32359856807
3718.84608210643,4882.24462265967
4467.31649058331,3898.14628048163
3843.07848855174,4327.68053112412
1966.33924474257,7259.80071073301
3310.95285107725,2434.33091778209
8766.93838612813,3315.56379995266
4573.47024567573,5400.37973424075
2188.67152879442,1238.02266741891
3202.17368931957,7150.5129251591
3437.41828982154,3326.81661248961
3732.80161930523,5580.0813763674
4205.23095881036,4504.93849274981
4270.00519164626,1650.05282490742
3474.83517572025,1515.81626232772
3384.60642370159,3620.12529516109
4024.55900785855,5756.77144338974
4168.82145637901,5643.90376525292
4161.94993035636,2335.72783871415
2445.69529279481,3208.37929640188
4133.93086880713,2304.52725252227
4191.50733749167,4392.52538400883
4336.96540615925,4425.31738594138
7030.37391123869,897.486867365652
3758.66044750502,5811.95489947817
3972.22135376452,562.634241898443
4611.59146789062,5801.66852261952
4274.47655761689,8358.18752469438
3668.66984849152,4549.0401812507
2363.58343585449,1056.72939812396
3823.38072653011,6391.75245531788
3964.58232146949,4120.98338685848
2470.26603399812,719.035238220639
4334.11884744347,5493.12880520086
2433.86862902546,1878.85747602725
3633.50042179516,4935.32521958021
4292.33784817457,6065.87947826701
4502.59627949426,6294.11560050062
4286.95697664144,6285.363342496
1601.6271946501,3796.92868739096
4617.8416429743,6291.10360254106
4817.95055707593,6922.2768029255
4134.57520504289,3763.11379860397
4342.52202227883,5059.78674301467
3664.89444831193,4183.27081117947
3520.91272270388,3486.4000702948
4994.06826096786,5857.81820295863
4880.42490958283,9666.28348088094
1397.98743677367,3030.72321655649
4231.77954705017,6047.12500213305
4121.79651799414,5617.4770034278
4608.25707539318,6020.64115484892
4102.09345308633,6638.17473622684
3327.75936503474,6388.45629862902
3591.43136907182,788.654126899731
3899.32021024338,5513.81572983617
3834.56624923733,5674.93372935065
3126.62944543308,771.945583045368
3291.92958035674,1153.05920735748
3954.99977549772,4364.4507552669
4107.58185526824,5021.70947328814
4441.80179070155,5777.62877869159
3540.20408588515,2366.1896967809
4244.01553699539,5711.24938409759
4115.41288906947,5041.60058433931
4081.78744246074,4899.57830514711
4036.78010917713,3384.15980177731
4698.16924507585,6512.74741139695
4069.44660579482,4850.58925564433
3456.91985242411,4065.23161331145
4357.91316286991,4492.77675284882
3646.25369377682,4076.88212121285
4121.65048747323,3694.29072350902
4198.28573886482,4656.50884353077
4691.46730750318,6181.87290242616
4191.25770083176,5667.09103299295
4937.10297546203,3331.70418491913
4173.10907250162,5925.44798053261
3921.6577085127,5593.83474343668
3418.39051302715,4894.9180174155
4011.77609760753,3061.69651805045
3719.99640507016,6222.50760071641
4961.03694080886,6935.74601126548
4576.28774906301,4362.80246549484
4097.64562132517,5026.65391974906
4383.18402242894,5631.74160249668
4060.19834183814,4351.72027505205
4271.78850747626,4633.03741706145
4131.45144757037,5626.91090409854
4549.69984596175,5428.17020425337
4521.7908010055,5698.51890388275
3531.29785392869,4600.98414325403
3649.87499794536,653.110413022477
4151.77336436831,4669.29598634938
3576.88136407531,949.203756098692
3597.45534417316,2058.27517085222
4467.03492177921,5953.12512533771
3633.70139090228,7220.87096481858
3719.67563761712,4636.049415021
3732.96454209989,5114.80021129182
3904.49808287516,1769.45636524582
7867.10412682848,2097.31866482942
4257.21306179747,3759.47682058205
4270.71147670458,4159.00399398125
3718.54157248826,4363.71160428651
3067.54672724408,42.6238069176954
4204.42318230489,6607.14477212911
4917.80376645989,5085.87268350673
4023.94080364507,5867.70709588046
2414.46222470752,189.590691141526
4382.59228102496,4122.06335917193
4010.94961368144,2658.64569183685
3221.11549802825,53.7628317491956
4952.26079768229,4822.96919629823
3311.98041215106,222.4962693519
3462.05872999201,3835.17636778401
4614.02790278155,5700.67842565439
4079.47405595484,5787.80140748747
3194.61795233098,6521.84049073463
4745.83173689721,4805.29426962247
3228.05221993236,1131.40637561293
3738.70136391364,3642.28967604668
3392.61074701875,2373.86198247206
4417.56052325314,5675.21788807995
3988.10086873085,6290.30778895691
4464.5826320116,5078.6549672114
4149.99162568225,5075.24506245977
3492.47478595285,4163.66385885761
4102.72053304765,5300.69668285936
4528.95940182029,6333.38616774811
4163.43631643423,5115.19769522864
4980.32715950457,3076.81380473486
4259.10880231202,4185.08951161806
4327.31304207721,3569.26088261596
5342.17101056224,7358.80127373777
4211.15478287559,4769.1494483973
4203.25002187196,6679.77565876776
3859.48146516886,6352.14064388207
5103.08628945894,6175.16684098568
3622.95153500235,3877.51601845007
4480.0949758888,4249.47979510694
4336.15732435233,4847.463509622
4822.07034483407,6960.52448331855
4140.84806624351,5463.34922408311
3834.99021329587,5762.62502864232
3317.44411779516,4209.58424779708
3469.39863522469,4491.35595920231
3799.66550127488,2592.66420403493
4356.40764168754,4562.6227147982
4162.74323149831,5222.60969490495
5038.30858955739,3692.75618179974
3943.78269144259,3559.71323388245
4960.45923319857,4688.67544254571
7897.82155391816,1029.39339179336
3601.75025840299,1822.7644582919
4095.77332020213,5090.3054751128
4299.59573744655,5303.14036336031
3109.53110859832,3681.84440202348
3425.22487946644,2965.99190030692
4231.33124970023,4838.93874774293
4781.45973053589,6182.66871601031
4069.16289273585,5708.18030067903
8043.50993241822,2885.12019909088
8861.38471208496,882.426454712623
4222.89576664231,7191.43178217865
4481.13465253898,4973.2320786402
7904.40600213379,7647.90487235635
4177.19672160365,7412.22311484663
4406.14993930952,4077.45043867145
4144.12798568485,2098.05739295456
8809.81255503031,1328.0442162902
3202.63190170656,942.270304246475
4053.34323780013,5938.23512335122
3827.55834030831,3195.59215358328
3322.67395973614,5301.4354109845
4821.26271646959,5626.51299730646
7951.26615293008,1488.87805707537
2574.90926649999,2615.05586961843
2806.32891731115,4462.65592754276
4824.15124648451,6357.59674519783
3619.72945716726,3521.29471996761
4293.9204165175,6486.94562963419
4471.58769658093,7361.18871449021
4116.76933652903,2597.9494718289
3175.69038246361,5162.08388556354
3840.47258228502,5960.05868290374
8148.86954798067,2966.16231097345
4477.96753969349,5992.62318871075
4593.78203673356,5923.45886942749
4612.00541032319,3753.73656053699
4500.77002317344,2352.72048844091
4208.02180739266,3847.96351060262
2053.44816061037,251.082632234033
3487.20531988778,4450.83500897483
2933.37335122365,700.67856316494
4308.59025751415,4746.6438233234
4474.39547354282,5167.93789367137
4793.69623664723,4193.61427349713
3781.21120503527,5152.70664749656
4194.92668148887,4338.4214773786
4213.78107512182,5158.78772887468
3710.48916110298,2551.85888365052
5168.7566192987,5893.45179218421
4100.52715275486,5650.72357475618
3869.77762252044,3645.07417788069
4088.33955698765,4585.07125441309
4503.83217085502,4106.09338487199
3417.46656845103,4693.39281573633
4099.87694847797,4681.79897043869
4419.80638490861,5739.09693956923
2737.74482426317,622.193932702993
4687.1339849463,5293.08105977195
4180.12779587131,6026.89264689357
4384.7769096309,5835.36966334374
4061.94658029954,3443.09440680568
4226.04469030593,2062.36714112523
3007.05355737465,1065.99299384199
3940.41608151087,4641.61884154428
4191.07490821851,6720.29660899523
4398.40056130922,7308.73267477679
3851.01520898485,6879.82340419666
4555.37825595388,5227.04290936627
3850.08795153674,6616.74950632163
4405.28978894864,5552.85922381338
4136.99091947126,4773.86639873267
4243.02089646095,7063.44702878504
4276.39254372542,4062.39002601843
4510.91075299486,6458.24559797464
4034.75189894304,6512.91782206348
4033.24458174619,5549.61972972828
4433.99185263456,3185.305565297
3945.29400731819,1849.53225287772
4359.24377700812,4832.68725569827
2741.69905722176,534.616222903368
4239.1843665234,4282.27179703949
4256.37611295457,4565.12348075817
4185.74488697236,3848.81598679053
4067.95194650254,6200.62737856012
3876.99173489851,5382.02274204361
3737.27101244444,4014.13970464078
3511.11743642809,4098.30735111805
4706.83616973841,5608.09976536082
795.759301089476,2283.72679125181
4041.30788591503,6168.74493827449
4338.04282897791,6507.51880620673
4185.15055527188,5359.23338109566
8363.38966814222,4861.33062475406
2773.77638091213,600.427352895665
4429.7944752899,5209.82255208634
4593.56408177298,4391.95706655022
4107.57042683979,6217.96106104757
3891.06534355515,4310.2331005739
4355.38237518232,1353.61850192742
3178.48198238106,4550.9722068968
3420.35501613955,2560.09948680029
4269.63813157661,4102.39932139106
4050.94382740778,3111.53804374115
3942.42162570681,5336.671093418
3356.06319010846,2528.9557746398
4116.96651649237,6760.98839274449
4172.50460247105,4584.44627435073
3298.02390069742,1662.72632537707
4104.85040174846,3641.26678919224
8638.17289893069,2380.85220264185
3146.82346720437,8446.39090169615
3034.1207212689,320.133203454521
3859.7467050345,3648.14326129926
4721.2375944815,5334.68198231288
2257.98675380472,4667.7614446401
3824.64801000097,6710.74896026172
3712.49906691985,4176.84890846829
3969.32680728112,5917.03696671631
4448.12722132493,5596.56258266694
3332.80210233556,4990.62284658666
4887.62167609503,3511.23562780688
4214.5669027313,6140.78363474008
4729.87640225257,5923.97052428234
3862.52818535407,4357.4034496381
4206.94485003398,5673.3425250376
3647.42375230531,5697.09811023623
3900.12140929546,6007.79734942655
2905.2609020079,3079.99642478858
4295.49015010467,5879.47135184463
8789.02439368092,2574.42117132819
4499.68531171967,5125.71156821283
3908.65694031099,5406.74455149292
4826.44223869204,1364.58694430744
4366.48166677466,3327.89637337543
4876.22395761364,5393.84408346679
3708.68612743818,4918.38944388483
6886.04414155524,2053.33093581894
4394.71396619088,5426.80649606587
2808.71149011573,3759.13557639373
4630.5300429183,5648.96153692135
3862.38996539764,1166.30102528574
4203.30441811122,6451.59619913792
3805.99752584472,3297.03681994424
3597.41090406295,3332.72707177357
4539.60642308596,3737.76700909229
3180.08450781769,5592.64144591571
4527.74475306064,3511.06500571272
2300.24534273314,51.2622309670663
4351.01572043931,4986.47379085464
2606.2677375774,1485.2976359434
4405.52694870418,3656.83843384486
4533.99420306594,5189.59061970211
3763.79619293641,3486.79797708687
3758.59549720965,5315.01836738725
3257.64175212967,4016.01506768312
3991.6026410169,3165.18716954792
4017.63373122749,2874.32216737739
3347.74467359123,4952.03392200529
2437.80062240615,3674.68377118715
4791.9748702833,6420.8503937695
4128.85903062945,4244.59243410504
4188.2412351552,4744.65471221828
4258.88183747133,6759.90842043104
4948.63546518018,4449.30046726555
3750.86783186688,5010.96852703366
2957.88942110979,5955.7392165052
4274.46155732514,3491.40139078709
3977.4708643923,6554.29124847886
3741.65491348228,6904.4314655832
4133.97558012576,6808.78372187106
619.326322408085,5153.2183023514
4074.22102305977,7238.65879384661
4382.90305513677,6161.81138070846
1518.87378755025,1610.10008642473
4358.57506181189,6624.7059507421
3864.67796222897,5852.24877643535
4174.4063028627,177.428700170227
3359.93091447274,5445.56097219983
3897.19247292189,6453.81280636858
8707.34828674544,3006.45597650301
4215.7565811658,5326.83928595518
4349.7300814451,6346.85537608809
3120.87806810795,6358.50588398949
3518.196459832,7529.52400744477
4681.54529408846,6274.67905884528
4048.21376008201,6102.42220628425
5002.99304161179,4649.00696850614
4438.59158112291,3731.74259031793
5121.89386937145,5314.33630186587
3829.62718736072,226.815497894369
4789.61750367337,6111.11737882986
4445.62034715466,6677.04781953751
4006.20500393872,6025.131031914
4590.26986676166,3767.43326500251
5254.8492265865,5269.60963330262
3976.48970159159,6022.23235916196
4013.52177265881,6368.96309436992
4236.43068627031,6363.16617172111
4077.79729710522,5685.16344360553
3986.94057296163,3904.45443513004
7275.67852577568,472.783262264399
4392.90191320809,5948.74899633541
3339.27174812943,1499.96024751817
3331.93298435263,6137.25998192568
4705.89379327078,5634.46944172693
3844.32274754685,7469.96399949878
3741.54197109257,4580.63846280703
4051.72582551321,5947.21445462612
8377.91554677902,2411.99591480235
4511.81654078349,2131.36083831433
4019.54936535683,4074.04053391983
4164.91090844284,5827.18614565298
8426.31848995335,3532.26337377526
4062.97661348691,4879.06179117833
2550.26841594677,4950.44271769225
4031.33715020057,3689.00545571505
4227.21931335132,2746.33720255615
4372.67139373145,5794.33705826142
3490.54050284951,3718.21671937418
3142.3494261108,3467.02040267085
3670.57109760328,4594.90348473116
3421.82095773188,5974.77785136846
3077.88282685945,1265.07462073402
3422.46762139213,6836.1200453431
4446.39163575305,4194.63716035157
4175.98583291308,4714.02265491263
4036.20832023813,4180.31589867893
2470.94569746638,867.991233549586
3992.73738460375,3976.11909751801
4512.51149526261,4895.20217614481
2867.02419568917,6135.10046015403
3604.12312340498,1141.97701691469
5010.16946268773,3574.94405720201
3804.59340889087,6528.2053079868
3897.1659797534,4814.27360089738
3292.15235544086,1681.08300043277
4259.19566888927,6579.41096472025
4323.8834001909,3251.51454922447
4730.36043526697,5228.86118694961
3968.31544553954,5531.14941232362
6748.85805406774,3915.47996296908
3635.64948147895,2214.27831323925
3970.63187374868,5506.37094027055
4242.82187104521,5994.21439302379
3754.40252456744,2907.79623483131
3780.42335541857,2782.70951990686
2705.07249677697,1795.65584237303
4021.39663770379,7067.87982039111
4881.61317259071,7021.61861011857
4157.74551789114,6080.93989092004
4177.08353422886,5199.76367135324
2972.6881613563,2224.73552361968
3522.73366661381,5502.73353939338
2617.76971387278,1781.61831657444
3990.13083399078,6259.73239425502
3494.87175080327,3998.5676371329
4000.61823407931,1769.00169013617
4534.8927111975,5996.03309346238
3797.18512988102,1918.98073089028
4170.40484199299,6494.27709399229
4627.3933216923,6764.45496009988
4481.11076069604,5285.29544887327
2301.95544398157,4756.646464308
3652.65674490681,4369.79268566463
2647.65649632101,4097.45487493014
4568.95051030855,5725.57064577024
1660.37001438088,466.190790315965
3945.39534735348,5392.76411115334
3152.80618426995,953.409368720655
4244.2640317794,5912.20626831817
4328.47407400388,1602.31415838461
3644.77212151903,3940.88341508451
4636.90060750415,5773.53680841858
2948.06310023706,596.335488336473
3907.16053120228,1270.18947786147
3770.47986234711,4811.14785487505
3628.39730372644,5777.91293742089
4084.52858621863,5578.14935072129
4462.79371590844,4807.0563074573
4118.62681051136,2110.67412510664
2912.75261894232,5114.34521904073
4244.86332510252,5295.52516312816
4132.12901808183,4631.27580208187
4581.47951737962,5291.88776225098
4163.90303346375,2994.74880599785
4008.3211025009,5148.27385589049
4490.69321201221,6804.9192477236
8555.98193934446,6480.92163371508
3509.88998316786,4463.22424500137
7702.86013169691,3061.52610738392
2566.58654057086,1116.0618042306
3984.1812219082,5018.64081272483
3508.39993468233,3721.39955085552
3962.03408482464,6051.89861507218
3833.31904157166,7937.51928011928
3479.83993985724,5021.14115582954
4260.39727217467,4637.52729412652
2888.27110087777,4480.27376875951
4653.64236323164,6211.42541027361
1382.09047445334,1730.12871253931
4194.7827992358,5948.12401627304
3010.0024944193,969.492668228122
4627.91249252111,4540.11751257955
3521.65837402322,4964.30940996905
3999.80572414079,5427.37481352448
4192.99298007702,6807.13585495426
3943.57418167154,6281.10096155647
3442.85602519457,4044.03303382129
3708.56335839041,2004.00085355546
3867.37716003672,1202.16189920923
4069.44418276567,5222.78052842674
3934.20464696364,4201.11614852177
4364.42920174062,4567.05592925952
3655.28296811305,4918.44652934385
3879.8733222264,7283.38588526511
4060.99415491422,4906.0002078583
3478.40578971853,6686.93671245933
8050.34602845133,1183.80522415353
5091.65267099593,6940.23546547531
8668.7637455986,819.570554362309
4072.50167725393,206.981208017679
5041.9426647288,4571.14747667728
3877.61763133798,3274.19037353727
4120.2918975105,6407.32452282575
3101.81951439733,3903.99986573421
4268.5949782338,5093.60163180166
4273.04600280315,6003.13706169494
3394.43910208044,7244.11531801762
4003.88001603825,6388.22880250348
5117.95418389283,7206.71969095722
4039.19173831383,5961.87738334233
4296.12597176593,5644.92665210736
5113.36149506878,6270.13251917644
5014.16044379105,7814.76270906064
4262.8377415365,5751.6565862623
4363.00476039725,4254.70840029715
4545.23176346694,6704.61121627984
3263.07247549828,2186.31722113247
3869.71069086284,5546.09607691388
4556.94359823506,5264.49477617518
4020.3187625086,2773.67331460057
4725.2632843533,4844.28110099591
4143.04851749814,5375.4304286659
3845.83850735393,6745.53007329939
3330.13493082145,7771.11558995558
4242.00943327193,5543.42490028738
3787.13928043756,6981.15432249486
4338.26664291843,4519.60142146602
4182.96705248069,7034.97407039578
3863.42797512618,3044.13555086509
4157.5697506012,6322.24731470156
3560.24108310357,5425.72652375242
4446.68354337445,4009.1385955761
4889.62432765784,8239.92083070081
3234.73366739855,6594.81219870634
4349.10886018416,5183.05496892816
3571.97556663281,2513.38391855955
3875.60920191916,6071.90347418613
4052.17820211077,5760.86341366275
3564.95157468267,4970.61798747272
4665.09096967371,4390.25211417441
2764.32773038463,5380.3177896678
4036.14898698334,4659.80500021963
4396.7425556456,3787.89269351229
3831.60510580721,1331.5108893594
3805.77496429331,3831.99395915792
7379.5665389512,1831.74400099443
4032.72611135429,3699.63265390676
4853.6249038623,4851.66922795778
4669.62123842776,5064.21995747599
4248.56149701046,5451.01665066034
4076.92689534122,6718.87581534872
3706.55929892207,6637.03810130963
4495.71120119054,5501.93772580923
4426.20563941964,1565.03259652842
9144.67802756345,3771.24065369097
4261.50758960688,4534.03643120143
5181.26438819172,4915.14994979974
4133.12135319831,6157.15109297685
8511.37517193246,3167.85813474678
3591.25187707734,5110.13992356021
4177.13622103675,4998.18138421505
5023.06280947553,4840.52995205597
4061.75982337992,4383.43230467115
3863.31583076582,6548.15350449698
7623.66163699655,733.811492144364
3824.62564089753,3031.74610341093
5084.77185107609,4389.22922731997
4937.22008144988,4118.14179956546
3919.80374149947,2934.05237456228
4090.54964247026,5623.50099934691
7214.09714026176,1459.43919157688
2488.3575546259,4939.64468597875
4342.2584953989,7071.40347320551
4206.90679993553,5250.40058777283
2201.15447090116,1970.41346089401
4721.38020757814,7072.99467751855
3478.64414399746,1759.96537911607
4140.54992214721,3897.06630816818
3600.18767719223,2129.59901190713
4557.42020395973,4989.77037039875
4301.29980336201,1727.62815800698
4465.71194103134,5948.12401627304
3345.63656771787,2692.57432868661
4303.89425983121,5325.19099618313
4213.06956669649,5509.6100115004
4114.53988722654,9018.40242378192
3908.81415341353,5532.00188851153
3109.5800093323,1246.94523037624
3843.05725340792,1946.94182299706
1189.14451610478,1406.86982665593
4078.12393396587,331.499552626618
4125.4765806917,6767.58070612221
3780.68262527149,5093.14706240582
4581.36881169828,5445.61763480359
4198.47167566511,4548.52852639585
4177.04439986766,5945.79366097961
8075.01295043854,2287.25044406621
8331.26251431865,1249.50265893996
4510.99171584856,4920.54896565648
4292.82777075806,6068.66398010103
4030.38724133512,3060.73029379977
4185.85541848487,6584.92372863976
3686.3373834836,4950.61312835878
4751.5000815766,6538.83292903376
3543.52956890468,4627.46799053817
3937.48644621441,5757.68058218141
3698.56458577753,3187.35155043351
3842.21804229755,5190.67059201556
4652.99859046965,5522.96547177761
3282.25797134787,2046.90882168013
4362.96414494476,7736.22072885514
3201.51149544108,4601.15497677581
3795.95823730822,4108.30999210265
2670.06163096676,3353.58440707542
4662.28314282904,5024.83521931047
4321.47079541456,5812.86446112509
3713.39904778105,6086.96388683915
4773.49548310384,4959.99036642576
4673.87466751483,4091.31713094826
3862.64044127008,3677.29786235464
4021.56362440114,4839.50706520153
3631.624581025,6463.7016992904
4671.85059214306,5342.24051994127
4121.47389232247,4879.63010863693
4310.33281503026,6567.87420488162
4086.0632616309,3878.08433590868
3862.75230371634,2861.93293135085
1526.27999670642,1099.01228047245
3830.27884177199,5705.11121726046
4302.64200724562,4686.80007950336
4011.6974221177,5607.24728917291
3669.34276313673,2722.01308847129
3546.55823306173,3449.00486608965
3702.60758706705,4075.34757950357
3460.57932319436,5066.43614185139
9060.67273015937,2787.99478770083
3718.40469069906,5030.57547935553
3753.26376051074,3042.37372445789
3495.11127082578,3900.76037164911
4246.31167041718,6357.76715586436
8774.86209821588,1014.78765424998
4690.48953714806,5779.61788979671
3832.66067297719,5217.94983002859
3961.63450844552,6100.7739165122
4469.42090268376,5608.83849348595
4325.06290521166,5947.72610948097
4311.60105147318,4478.45506832093
3339.20732281191,5804.05554051672
4717.01753398725,5906.23893500281
4051.06971641703,5459.82557126871
3563.99006954848,2434.27404375071
4437.45377961259,5381.45442458501
4802.13770636639,4481.86497307256
2465.80547484201,1890.96255332448
7736.42823298207,1752.63412618559
3409.9190886439,2393.18477606463
4145.72267413109,1464.49717467294
4189.94844137472,4628.32046672607
3826.88850271614,5244.48991706124
4260.44763365598,6709.95356953283
4451.48017485409,3842.39408407934
2483.73271331462,2974.51666218599
4240.42663113917,5415.09890270546
3982.47357283652,5390.15001998586
4339.03155935601,5401.80052788726
3630.42022967471,5122.92706637881
3446.50785580046,3026.68812031487
3984.28825744288,5341.50179181614
4109.5832497274,4171.50697807056
3903.92137763629,6749.84911684269
3990.63476135625,4931.46074543274
4528.36942913326,5845.37230432834
3459.55069535879,1081.56495563605
3030.29544235221,3403.82362813056
4111.53232689625,1175.4509786548
3486.28636875235,5182.88455826163
4018.94181444161,4721.86535127033
4745.3876625797,4955.27341609039
3865.22732674261,5608.55433475665
2770.28494036802,4937.82598554017
3708.14069020932,6740.35855356819
4568.33730586186,2911.37655024947
2375.68909957246,1930.40374266613
3331.47489854278,2978.49488439623
4136.84317022245,3735.32332859134
3962.18928187643,7048.15912000647
4862.70523110929,7287.1366113498
4069.54249265655,4596.66509971074
4110.63154316215,5807.63585593488
4248.8820796042,2145.96668157152
3297.56478877196,4771.36563277271
4694.39037683893,5254.94712744167
3784.32272292927,3295.90018502703
3507.85762443385,22.6758664331552
3825.79582507478,5033.70122537786
3813.63839237617,4592.6868775005
3206.47572737997,4231.69154322366
3761.65167491073,7208.53796854055
3857.41007297334,2928.53982207039
4686.23639223067,6378.56740570719
4216.67053522035,1143.56832694155
4448.94095715184,4964.87772742766
3538.4631798395,6442.33270913371
2985.71888556336,4320.23531870324
3938.79496111682,2740.3698692408
3650.98735250269,5114.06106031143
4587.93377509711,7027.24512210086
7407.69441945977,7424.04445626981
3765.1973081457,3155.41202468886
4103.20723263842,4920.15148171966
6449.60688694518,4581.66134966147
3388.64272251603,1912.27445802216
4210.57140512403,4048.80706961567
4537.33587750984,6421.19121510256
4294.76535358478,5064.56077880905
4856.23569863328,4159.79938471015
3077.80170677801,2371.47496457487
2350.57695043478,2397.16299827486
4505.26289582653,6930.11949928319
3224.59264990409,2995.03296472715
4307.77465022528,5931.3586512442
4207.42684104909,6214.03950144109
3511.40852170239,4983.57554095786
4667.48306686584,4665.88608159775
3386.94541171289,1203.75310352227
4435.85807275281,4565.40763948747
3845.2948408211,6975.64198143059
4219.89502217499,5267.62052219751
4549.02689868053,879.300708690297
3773.37646465861,3534.76392830759
4650.81430289997,6637.77725229001
4638.83226034264,3538.06008499645
4527.43451445553,6570.26079992356
4821.72384966061,7038.32731254365
4444.71493580648,5408.39284126498
4536.43534814297,6749.79245423893
4293.12765721625,5370.94055160082
4838.104939508,5138.0441416356
4625.80706222756,4742.0406210508
4152.34233546471,7023.15315182785
4764.11288348358,5066.09532051833
4333.0103251594,6322.13356663879
4306.76680161191,3883.48335176542
3702.7743248453,5733.30001692041
4952.65528031398,6605.66731587884
4375.66438947631,7116.81220729013
4231.40452637265,6366.29191774343
4614.50589554675,5750.06538194926
4264.91994176913,5877.1409965512
4313.66047310882,6264.84725138247
3194.3419987942,2301.85607589578
3898.16155570341,3966.11687938867
4378.87749733441,5456.13150778778
4169.11197587751,6121.68791441781
3749.60902189208,5083.25859233925
3879.34381738999,1665.11323756044
4556.95667874885,5370.88388899706
3233.11451453634,2388.69489899955
4592.73282205321,6226.99747778149
8261.73628801446,1967.68541023614
4330.54569993485,4046.02214492641
4391.25742417571,1559.12203153064
3087.95398873106,4258.17539050779
4937.96031743009,4345.86668979947
4492.57960560225,4711.74938507821
3503.28342749387,6091.90833330007
2792.33946362924,4000.32967496773
4591.73635331514,5035.8607471495
4123.48943866893,6061.90125605678
4229.32201824008,5521.71551165288
4454.80248027625,6016.83334330522
3751.86578142741,5769.72899687488
4055.03053681242,3356.25537227429
4096.26651938004,6031.60959722894
4469.88364045742,6511.55369102073
4076.10434383991,5331.49957368679
4170.78510250862,6813.84191639474
7256.47667160168,519.726273773778
5129.23552411782,3790.84760601283
8183.2582181551,317.51895371632
3645.56622652627,6181.19083690479
3021.41608457698,705.11146048482
4695.21947396144,4827.00408111223
3827.61374452556,4879.7438566997
4256.92403489941,2648.24556691543
4538.80995958312,5332.57912314499
3903.7627629697,2145.4552381443
4309.4924290902,5074.56299693839
2444.6084418827,6125.77988469081
3698.98859166582,3647.57494384065
4041.64435980499,1192.67091307948
4254.45498687827,6620.10232561425
4200.19474026962,5269.60963330262
3315.25461159763,2527.59185502467
4231.60243895669,3605.5194519039
3757.65950426237,5235.85182997465
4679.9814862357,4718.4554465187
4474.31948368195,5221.24598671745
8069.41832442404,1294.05881112287
4610.83218175679,6406.75620536715
3572.41777575788,981.484208890209
5191.20667165579,3685.70887617094
3766.6283926826,5299.50338533839
2769.58980222904,3116.88018556651
2763.55899078189,3643.36922550488
3178.05627621644,4670.88719066243
4063.20916819854,5417.31550993612
8078.04987545721,3966.68519684727
4699.44424135571,5816.72893527255
3935.47330756654,6120.43795429308
3022.0448493882,6268.42756680063
4412.02663915233,6594.41429191426
3996.39310658453,5336.84150408453
4656.53133118989,1193.40974691843
3499.14815201441,6258.87991806712
3328.3249153118,3163.7663759014
4282.77695149367,4637.64061933404
4188.96751535567,5811.44366747858
4395.01136963673,7095.50030259245
3828.46956772933,3484.97927664828
3550.3676471327,5465.39499779199
4474.45809713606,2785.60798123127
4354.61390168523,7358.74461113401
4297.50421289985,5541.43578918227
3364.21525659295,3255.09486464263
4549.9937650927,6337.19397929181
4136.19442067518,6565.8850937765
3392.92221092577,2153.86625196061
4974.2823693732,4446.34513190975
3837.23077557916,979.722382483009
3651.01171706358,6969.33340392692
3547.22465712837,4346.037100466
3889.38065185537,1649.20034871951
3068.46111164336,5090.81712996764
2104.40519003069,59.3891719465384
4491.60628286646,4902.30614437737
4535.04995965226,1257.06130228217
1136.35762926878,1195.45573205493
4226.28058732404,3519.07832416457
4333.4274737323,6563.95264527514
3808.43985462427,2955.64843798926
4027.1348728739,4929.64204499416
4315.55250765628,6601.17743881376
5205.50663724891,5714.37513011992
4380.63155990437,4789.72262496985
3913.1990593221,5319.05325220124
3788.587404226,3078.17772434999
4220.46665027488,2713.09063122777
8411.46235474574,5040.74810815141
7433.5084767211,1175.79190570168
3953.85341729856,6199.32033297638
3864.64083615718,6365.38277895176
7744.37819367381,1283.43129578972
3631.74458091794,4110.01494447846
3899.73204191729,5365.99652799516
3698.1354469646,4914.4112216746
2625.34605361131,1948.24908000843
3920.23987364555,3581.08180118389
4473.26972709416,5221.30264932121
4148.76583012358,4283.57884262323
4162.80008577269,4633.15116512422
4441.43322178451,6218.4156304434
4406.67513427027,6461.08718526767
2194.70452762096,2892.39478941759
4191.16865484165,4356.26681472089
3793.277801562,4515.67986185954
3685.63236020782,4243.05789239575
2880.57405264058,1489.9578179612
4130.58538881583,4183.15748597195
5134.94482733273,3228.21353342167
4981.22487306126,4573.36408390794
4442.04694803877,610.770762356417
1711.52912668879,744.439007477512
4747.06337558159,6855.66991220596
3778.71229622448,5213.63036363005
5001.35415778361,4399.91351097069
4378.23771110932,1352.87966808847
2899.52743811049,2288.33020495204
3558.2033840682,2207.62912583015
3883.44927765633,2810.95477074295
4075.61068709881,3376.99895951336
4849.73953192402,5180.0429709686
4268.56006971306,5763.47750483023
4794.76230995211,5425.72652375242
2353.95149374683,939.030915875191
2729.89302110938,376.964949315005
4469.18342266686,3808.8066914179
2844.35729596213,704.48626899483
3819.67823505434,201.184377868446
4575.95768584489,6548.72182195559
4123.02338388996,5482.16036282083
4808.88263061376,4848.94096587227
3520.62969603885,1633.79890330579
6764.66027909434,3541.69748587362
3729.40735066318,2530.88801171353
8795.79184959941,1780.19752292792
4765.4711018665,6789.68842440404
3939.34956679602,2757.87396239478
4126.99678728764,2353.40255396229
4125.04672440442,2933.08636173923
4012.88238550023,6317.75743763648
9177.24498054805,1236.37458907448
3290.98448512856,2173.41633025109
3879.15916944918,2261.050966939
4374.19448265757,3705.48666201459
4488.72155857925,3535.84368919342
3846.59214369262,4964.02525123975
3365.1889061551,2560.3836455296
3767.42080299899,8576.4780914024
4140.9895931862,6957.512485359
4470.53163626896,4352.00443378135
3942.20216872632,1449.32311967095
4121.96703329215,5048.47747930158
3744.61659534217,2127.89405953131
3560.43473723525,2448.8798870079
3428.61519169887,6006.49030384281
8608.95801104911,699.314590692907
4229.36752355699,4223.90550946972
4882.06361395353,5514.55445796131
3267.77516030771,3114.15213490863
3907.50240809199,2128.29196632339
3384.94293494686,4687.93671442057
4580.8886831764,363.26850913401
4197.47889547968,3995.04440717375
3453.07328543794,2781.11810416619
4213.9731928325,6204.49185270758
3873.6781883483,7215.52861156559
4202.51267142584,6406.64245730438
8519.09845847296,2865.51324676901
4410.16321931345,5067.5727767686
4472.19400874563,6462.16715758112
4469.48170566622,5387.99007535896
2306.57644692216,3450.36878570477
4872.06011548069,4228.22497586827
3847.84731278567,5299.56004794215
4251.95729829352,4565.46430209123
4560.49153344427,7284.52252018232
4585.76766302672,5044.95382648718
3967.27581461586,4514.0886575465
4184.54473004817,2424.7263950172
3788.28918898532,5596.79007879248
3581.64908782817,5489.43474171993
4310.22296342279,5681.4693801246
3749.89938908962,4410.31363589211
3591.76941983939,4347.40123150875
1766.77248879305,1292.97894452323
4220.08245478135,7004.45533829765
3660.28869770665,4383.60271533768
4008.28795721586,4806.65840066522
4869.11071070951,5984.04176422792
3687.55137868445,2449.50486707027
3701.89808985752,3145.6937538612
3726.79543832322,6803.38470601431
3877.90889451267,5340.763063691
4184.95892221924,3804.54431047836
3823.99417365561,5578.09226526228
4038.09345881485,4483.96783224045
4610.96708604588,6312.75632857181
4179.79932029231,5091.04420323793
4328.5609789809,2866.47947101969
4507.09518612558,4836.83588857504
4201.85727450389,4930.60826924484
3543.347835101,4835.92674978337
4792.21151739591,5297.17303004496
4219.36125258979,4832.5735076355
3990.02323742864,4952.71598752667
4001.52249061602,4877.18642813598
4279.3843453864,1325.48678772648
4471.03030292417,5916.58239732047
4474.54324558043,5941.75877616562
4196.28186225401,4290.7398963148
4233.21944309077,659.475547416089
4067.25767082783,4985.84881079228
4231.50295287437,6703.19042263333
3043.96251574555,2324.19107887553
4924.95628688677,6534.11597869839
3613.82652004351,3563.91852936297
4519.31359394965,4566.60093700844
3989.81745114397,7468.82736458157
4476.83138247916,6590.94772455887
3770.97023231698,5749.72413776094
3443.55295125729,4038.40694469425
4060.22981537166,3730.54929279696
3890.79893024691,5406.46039276362
3474.03022600347,3079.08707456928
3914.15383105661,6259.16407679642
4486.82779143179,2873.46969118948
4212.21770201057,4888.09820791225
3610.08113320249,1527.63728660946
3498.97455425925,4517.0439929023
4580.99187272535,9441.79808473203
3739.476757947,1412.83715997128
4175.17551634825,4258.7437079664
4297.70698744599,5273.13328611702
6029.81235850007,5576.95563034507
3746.80662630183,4502.26773897857
4299.53025433864,2866.87737781176
4621.43475739559,4380.76112804466
4351.71606064983,6501.26731416208
4879.66050757329,2606.3604856452
8422.05431742409,385.944359875271
3687.83026533532,3979.35859160311
3998.760783518,4346.71916598738
3681.92055529554,6433.29671525504
4203.13245368289,4236.57932708081
4869.03670310889,4627.46799053817
4355.83797527821,6831.23226148595
2307.72489085669,2124.82518754037
3440.22278977372,2937.68956401182
4447.52177346783,4798.24738684892
3752.44462933961,2118.0622520685
4205.00279116691,5444.02643049055
4081.93624867871,5472.61271408732
4203.64894584175,4436.79748317624
2673.11732920577,3411.60945045687
4354.8074978788,5230.62322478443
3998.8761632138,3661.83954290953
3886.42839100545,6862.77388043852
8030.68873594604,4335.01157262697
3866.3513623763,3293.39941906707
4785.86212403186,5304.84531573612
3968.51374873499,4028.74554789797
4408.12395824966,5108.66204445468
4299.11812838896,8257.93615585439
4477.82139181528,6539.5716571589
4661.87490011122,5459.02975768457
4514.1054180902,4641.27802021121
4321.09148352711,5001.70503702945
3701.2246938053,2591.86839045078
4053.43203533161,5208.2313477733
4425.37232485927,4630.02541910189
1679.12392912789,881.005661066111
2917.24723649356,2111.18556853386
4229.53965424005,5101.50141361836
4657.20891091507,4720.27414695729
3971.72050065548,6632.94655389187
4216.73427427105,6011.49141290748
4258.34612027559,4206.91307117059
4201.77414039959,5463.40588668687
4195.15918071799,5004.26246559318
4159.59149192466,4528.01243528232
4556.58612529301,5308.88062340537
4368.45425096986,4201.05948591801
4283.55956865669,6972.28873928272
3865.52779606576,2712.23815503986
4178.61940476615,3984.13262739749
4306.14712914211,6323.21353895223
3728.44462731778,4672.59214303824
4290.69037327235,5316.43916103376
4512.47778716789,4690.66455365082
4660.35092517738,5248.75229800078
3250.23551682971,420.611724850166
4363.96575178277,4392.01415200923
4753.13342060165,3110.11725009463
3567.01177068812,5537.91255922312
4559.78034896163,5739.09693956923
4076.82126958192,2247.46822196387
3719.22528401014,2952.92059875901
4429.27076775516,4496.01624693392
4480.05769381909,3558.34910283969
3315.71535388645,6163.68674375081
4351.72807587271,6275.0203030336
4250.76589379212,7631.13950732751
4177.96007980992,3422.29394553522
3914.16331592776,4747.78045824061
3108.34188710384,2966.33293306761
3836.72828477292,5492.33341447196
3942.97773144226,5130.65601467374
2985.77829264075,2936.8939618553
4250.51708779191,3764.13668545841
3857.77179633918,4959.59245963368
3734.84570059114,184.930495909502
3686.08382614877,748.758209591528
4196.82336353925,2259.40288859458
3753.34854681075,6294.22934856339
4504.89774981665,2946.10078925575
8030.96200859636,1235.23795415727
4132.00365357359,5818.83179444044
7341.04520399519,1796.28082243539
3870.83726739488,2316.57545578812
4483.10419032619,3949.06735563052
3576.40070193937,2477.92074000051
3567.35215750456,6634.36734753838
4395.17691543808,5662.14658653204
4677.11044320211,4539.09462572512
3494.51862001458,4378.54494366925
3830.67142616435,5791.55255642741
4271.40759238218,947.157876676002
3136.19810093644,2913.87710478181
4139.64945377384,5379.97696833473
4662.70524160316,4073.13097227291
3805.14314644038,4750.1674761378
3502.83644798327,4785.46024403031
4791.01428605414,6948.70356475062
4629.37955764365,4254.65173769339
4528.82348796212,5175.21227257046
3921.6623698217,5084.50855246398
4711.81051717559,5407.36995441054
4422.23509268602,4545.63027649907
2498.60514071374,555.132472587622
8407.50104646329,2516.90735994633
4333.40909811307,4991.47532277457
4151.03900000851,4538.35589759998
4046.63251722564,5735.45953869206
2913.67714419594,1226.88370865854
4290.20014118038,6292.52439618757
3785.69172231489,5582.01382486875
3859.34648993856,5010.57062024159
3101.48444177294,4572.0570383242
4407.22820984583,7051.05736990325
4340.6162510951,6465.0654074779
3846.82915212336,3153.65019828166
3187.60854971901,5923.91343882332
3864.21795867729,1299.85562805788
3595.00696244631,5965.68477203078
4622.01908365052,5064.56077880905
3812.65420188844,2824.87854847876
3678.79191574704,3409.8478354773
3767.17080842546,5086.21350483979
3473.33725560623,5743.41598311253
4156.11939805731,4113.14069050079
3895.40228965824,5477.32966442269
3964.17269867856,5276.31569474311
4070.68499377166,3140.91992949444
4527.55042863711,5028.47262018764
3479.31838088409,1499.44869837713
8748.549241397,3743.05227688627
2863.71310747958,279.555352767207
3132.08074173717,3357.9603246501
5490.6046199137,5022.39153880952
4451.41751396233,6477.68213962998
3886.1536993168,784.732725863977
3919.69192196132,4234.47646791292
4259.25620432899,5019.49328891273
5034.61227358254,9964.59348404472
4274.19424082232,5081.38280644165
4435.60713141374,6181.58874369686
4041.56995036902,6143.45481136658
4004.91015154761,1741.77922044071
4016.65146728616,6334.52280266532
8906.15815268395,1932.39285377125
4463.54695899471,5655.72468382085
2781.09463226192,1011.43451781592
4073.75770831876,5379.92030573097
4974.77160958636,3395.75343564732
4333.13987674217,4557.33744700423
3790.35443174366,5224.31464728077
4914.63716905546,6383.85309635642
3277.13407433807,2398.81107661929
8488.13356247688,239.147965603331
4466.65540752237,6008.30858142614
3683.19678600052,6526.44369300722
2730.42310061912,3537.03719814201
4492.52808276981,5900.15785362469
4496.57863678764,3210.25465944423
4861.25599017816,2967.63997865135
4286.6986634435,4475.89763975721
4037.77804315846,5483.52449386359
3762.05291934744,3242.47834391818
4516.32191536274,5661.18036228136
3994.32027844046,1297.1845571452
3448.60106996058,6889.42813838919
4305.36904625572,4037.6111311101
4212.51967230853,3956.51214519614
3009.09823779138,605.996885132755
3896.137033932,2019.34542493779
3427.17890797619,3980.04065712448
3678.92849305369,103.66109932901
4289.50960140355,6764.85286689196
3356.39992883939,913.740788967275
4163.41118709635,5428.68185910822
3639.47130718982,4065.91325597758
3794.41894916099,5182.42998886579
4896.21926351841,5721.53576095624
3905.05380673302,6458.58684216296
3100.11283293592,518.873797585871
3764.50435398406,307.402908238845
3441.37135258936,1193.01194584017
4306.83799871942,3792.78005451419
4390.04866886803,4577.91062357677
3897.81992443969,7392.04784506615
3288.80910561516,4932.48363228718
3690.47620523235,7115.73223497668
3981.20880829752,4689.86916292193
3897.42029018132,6933.92731082689
4141.1406750385,4225.72420990831
5014.2296224752,4951.40894194293
3348.97168807356,7071.80095714233
3481.99893737739,819.911534266091
2975.75709041812,2533.95688370447
4039.80989280061,3805.96510412487
4420.87896629655,2507.4165852442
4169.24827227755,6554.40499654163
5858.62969267497,1177.15593103062
2504.36399640661,4470.27112777492
4312.21859295459,4810.23871608338
3889.44795782819,4294.71811852503
3198.38232869806,5679.65067968601
3738.34564735761,976.880795189985
4677.97636777755,2628.63861459356
3337.58267598466,4910.94465431921
5277.30222270899,5659.58915796831
3848.45109245664,5897.03210760237
4011.92029579685,4339.84227102511
4518.01548954636,7097.03442144648
8858.82947278053,2495.7660773428
3118.67863963289,3372.45241984453
4334.0852912095,6131.9176286727
4051.60121770268,2127.55323819825
3344.36020268938,3418.31572332499
3499.56923833006,4804.15763470526
3504.06630411031,1141.46557348747
3870.99693587305,5133.9521713626
4227.28518263332,5069.16398108165
4296.57072602213,4218.62024167575
3755.14153609924,4032.09836719059
4460.77959651711,4751.47452172154
8443.53472932367,507.393806064815
4749.64753539372,5926.98252224189
3666.86671361745,4026.81309939661
3309.52142650138,3126.25742363349
4220.84394784494,4819.50220608759
8032.41234011883,1628.45676148043
3257.84756958555,4716.75049414289
3052.0672139767,6580.37718897093
4097.57899676243,5628.90001520365
5374.00694531204,5678.62779283158
3929.42854803383,4563.75934971541
4596.57877976939,6296.90052518988
3246.97659284044,6343.04756454439
3737.66742719458,4777.61712481736
4063.41536095547,4932.59738034995
3528.65227262881,2042.07812328198
4531.03909964626,6275.41778697042
4173.04458646609,6605.83772654537
4772.65308165687,5583.15045978596
4526.47225169506,6025.81309743537
3928.20190900778,3124.83662998697
5161.9995629575,3219.46148684468
4515.61299890286,5487.33230540729
5320.25097607634,6597.08546854076
4155.63677712416,2432.34180667698
4078.7410753249,6347.53744160947
3879.75039943963,4686.28884750377
6972.02678766709,705.452440388602
4854.49242187565,6737.06197402408
4160.74427079027,3117.44850302511
4469.24802105432,7213.76699658602
3678.77413358098,3805.05554247795
3073.46484862335,2395.17388716975
4006.05421955788,5083.54275106855
3739.55177932497,5210.78877633702
3525.54201954319,4446.68595324282
3993.79209834631,2878.64142234831
3795.60547292601,5434.93335115287
3670.35607260507,5433.22839877706
4304.02428969543,6203.58271391592
3888.1935052028,5179.19049478069
4229.89184128686,456.415751170724
3435.40291918815,4201.91196210591
4362.53929136415,2224.22386876484
2508.09182501674,1096.45485190873
4128.62300084648,552.347706469077
3082.83349170225,3261.40323071867
2083.94237884693,648.791158051555
3373.95292235879,4594.96014733492
4468.33412510735,6269.50753911408
4288.13084488977,6474.27223487835
3890.08272884317,3834.43763965887
2445.38610463894,2401.993696673
3287.24580217457,6348.78782458945
4139.74168300398,687.777777997372
3760.59403376465,4761.70423597643
7357.93788708176,3288.56872066893
3830.51694085378,7354.08474625765
8917.3313280251,3395.24199222011
4310.56769790442,5554.90499752225
4215.16023665505,5962.786522134
4417.43206751423,849.918717223189
4356.52403520411,3292.4902802754
4001.14223974113,2911.60383494739
4926.01313018378,5290.46696860447
6988.50224876623,1358.16504159626
2418.11868794189,4043.35139115516
4033.04291604277,392.991506933352
3322.72282433233,5316.55290909653
3992.79006355745,5872.8219530079
3445.35327583984,4444.6968421377
2904.84982072646,4921.34477924063
3984.19605643886,7490.25344019727
4064.39365751348,5247.16109368773
3904.56020785184,6918.86689817387
3630.55530015857,2698.65541006473
3009.57091828557,2061.06009554149
4413.80231541945,4336.77361046179
2261.63087064491,1618.62484830381
4017.78459972416,3392.40040492708
3919.3984161375,853.499138355162
4127.94327693767,4263.00608890594
4019.2022213109,6207.27677739685
3476.95648065787,2011.84376134078
3489.58073941028,1704.44078455314
3880.9341705754,4835.01718813645
4850.90774491801,7051.51236215434
7581.44188962007,517.112024035577
4380.23313738178,6026.83598428981
5065.16610930612,5686.69798531482
3532.36056224699,6235.18099547224
3732.47597864372,2178.41765074339
4274.16412934858,6626.80838705474
3057.74799654152,872.196740457736
3644.74968358155,6609.5317900263
3905.34618011536,4847.23601349646
3736.92161494892,7588.28820180661
4266.46201398724,5278.87312330683
3326.016060052,4905.48855300345
4965.3880501745,4159.62897404361
3246.35021031453,8153.08158474179
4690.99312222057,5126.84820313004
4601.72577838438,7286.5682938912
4617.75092279826,5800.70229836885
3491.76072588282,1261.66471598239
3835.49287064566,5551.8929995627
4186.16758936275,6100.66016844943
3979.37761380068,5006.87655676066
8735.00980932014,5231.98693297193
3163.45776671578,4573.47783197071
4157.85629972703,5501.93772580923
4351.28120948365,3029.98448843135
4373.6049788937,6342.19508835649
8098.53281212459,8396.15146921339
7309.44687531087,410.154699468909
4985.51593201326,5484.6611287808
3014.22708621939,3986.9171292315
3893.78384839549,4386.61513615249
5092.71663034753,5886.34782395165
4621.69532932131,5835.36966334374
4196.80068729667,6226.99747778149
3675.607916698,3014.12826219418
3522.16767411135,4114.5614841473
4451.74454154386,6191.3068030969
3839.54926470962,4710.61275016101
3607.0504420092,2626.70637751983
3791.18141777344,5863.72887367022
3304.47398498857,1937.73520702424
3979.7183543641,5333.9999167915
4178.13406309229,4276.07739045385
3882.21389065877,5036.65656073365
7607.13145632829,2605.96279028076
2571.89420683888,1082.41743182395
4117.37822045952,4594.96014733492
4412.43880233987,3603.75783692432
4531.1881404999,6010.5251886568
4177.08250772842,5650.8368999637
3669.90770418207,1495.24319146898
3543.07956004851,148.615012947498
1562.32219972594,1394.36684256662
3901.92968493135,5812.69405045856
5026.32749584301,6645.16537925188
2191.89001774372,1825.20835022048
3674.9948610962,3003.15981981415
4148.20213949324,4908.84179515132
3866.06485915868,3781.35704273833
3994.47476115364,5123.72245710771
4171.3188733195,8050.33029565234
1344.59994871835,2762.87528288708
3288.85876504361,5597.92671370969
1945.21421760713,147.364709252876
3770.97154667389,3693.21075119557
4712.31750105382,4468.50951279534
4042.20017085713,2538.10572800886
4522.65874816619,6061.27585313916
4015.61101163866,3254.81070591332
3067.5603417766,4533.35436568005
4558.22472699503,5319.79198032638
3922.49229171162,5366.67817066128
2199.17381292333,404.187366153558
2185.51676013278,486.252417747478
4175.83562000572,4150.30839858039
4156.72535366211,2151.70673018896
4351.72063446203,5487.16147188551
4404.93952744608,6322.13356663879
4545.93199331807,4969.4242670965
3803.33764399195,5043.93093963274
2582.11361621499,735.743729218096
4616.5605214514,6146.63721999266
4698.38530262093,4722.94532358378
4290.32094150366,766.944368266883
3838.18329748003,4391.21833842509
4133.37989391523,2677.7412007315
3036.55311312325,5540.12874359853
4390.18524875211,5108.66204445468
4147.08833135449,6069.3460456224
4868.65530390582,5226.19043317836
3631.93946039601,2256.50442727017
3522.37041649049,9553.8707949952
2841.50544816859,3188.94275474655
4273.39582017435,6364.35946924207
4717.66304157742,7480.30788467169
3777.35108913013,6277.06607674247
3888.65352289425,3283.85177033356
3641.71526856955,2933.37052046853
4470.65703546897,6002.51208163258
4181.17771424588,5896.91835953959
4297.41932695133,5598.15420983523
4910.67459043787,3900.19205419051
4511.47089422446,6189.60185072109
3947.26867315513,5108.03706439232
3661.9151452944,6317.87118569925
4334.54228111206,6450.57331228348
4976.64077783404,1092.4766296985
3810.88935792341,590.652313750424
4153.42236285944,4984.14385841646
4047.09597861902,1236.43135739205
4074.40389293859,7078.73451470836
4331.43518535935,5679.99192387433
3543.42866276871,2326.17997855302
4073.70537598617,5766.77366151909
3787.36905201031,4939.07636852015
4063.07699125132,5518.07811077571
4278.00016328326,5795.53077863764
4267.59899206707,5196.35376660161
3152.24686685674,5923.68636555303
4519.8273956664,4506.64344512563
3986.06409608405,4802.85058912152
7552.91269749536,172.711670549498
3926.30460637475,2695.41591597963
3752.54525088269,5820.65049487903
4582.98445681666,1986.38301233871
4217.56725782866,4692.25618081912
2903.86971149108,2285.2613329611
3784.5821044758,1832.82376188026
4082.32454140085,4982.43890604065
5073.62977832368,6757.35099186732
4506.45491061667,6166.18750971077
3599.61580016826,3150.35404159281
2785.30680578061,1821.40053867678
3649.61778046428,6441.7643916751
3700.4933445702,2239.96634693924
4442.00776932409,4955.78464808998
3910.64203462518,3380.46573829638
4607.31778271888,4730.33345054564
4060.88742506759,6752.12238667711
3146.51586752624,3962.36615330397
3720.50913071299,345.593820314327
3852.21149111816,5687.09589210689
3442.77472216551,923.345311732172
2559.46372361876,313.199725173851
3930.34045999892,6627.20629384681
4128.75045143073,6618.39737323844
4073.78599973243,5335.98902789662
3133.81257293486,5208.74300262815
3543.4056186767,6313.55214215595
4422.81753213863,1174.93942951377
6180.11708342817,5292.85398650166
4642.11119964677,6084.2360476089
4138.14933068607,5123.49538383742
3532.95433697992,6012.91220655399
3586.16746653484,6661.3053413631
3961.21707148292,5303.48160754862
4342.75153835464,6970.07213205206
4172.12002109006,5424.53322623145
4213.3989280399,5672.37630078692
4731.18473031798,6066.44779572562
4314.50824430375,4514.54322694234
2597.14638969675,3268.79135768053
4803.06197579175,4587.17411358098
3378.59979498114,3815.68316352492
3575.07488592136,5927.89166103356
4787.66851545861,6068.15274810143
2027.86824703067,500.403480181213
4460.18518087492,5008.751919803
4619.23237141502,6568.44252234022
4526.04485501825,5699.71220140371
3916.75860899681,1965.63942509963
3728.39613493663,3876.09522480356
3478.09924726562,729.264952475526
4367.47304325889,2778.44713896732
3033.29251854708,3234.46502546632
3576.09753105707,5057.96846543133
4604.2907223439,6837.02918413477
3936.03800210943,4774.20722006574
4351.18914834174,7586.81074555633
3484.53581038344,4761.19300397684
5360.6517026829,4923.50430101228
4434.90568063981,3916.33243915698
7286.68082416771,4170.25659509057
3697.06979357295,3126.14367557071
3721.77382003316,6885.90448557479
4069.4696300717,5802.18017747437
3684.5926066725,4997.1014119016
3963.33384054512,1015.46961405754
3792.45092859637,5520.06722188083
4387.59314353244,6214.43740823317
3852.03763146772,2184.55539472527
3994.00584912911,4827.9703053629
3726.16527715206,2852.95360007594
4083.62407249691,2224.73552361968
7608.65349773923,4406.61957241118
3654.1297093756,1787.01733243118
4069.30037190575,4257.72039825671
7947.17574898928,1726.43464905838
1720.76300715232,2659.49816802476
4654.10107491707,7336.52356764466
4122.7144514005,5627.36547349437
4566.44770400878,5898.56664931165
3941.49756733637,6448.01588371976
3997.81720498581,3589.15199366713
4593.37885602198,4030.67757354407
3230.40127819263,1160.95888346038
4202.93527421611,2283.27222185598
3988.88782381256,3852.85129445977
3164.11280248041,5583.71877724457
3976.15577490709,3666.84107482946
4000.71748512739,4744.08639475968
4331.4586109533,5455.50652772542
3300.91104405336,6749.56495811338
4196.56327240339,3585.85583697827
3976.88407857877,5756.94185405627
4178.50440298519,4630.25249237218
2856.52124150572,7829.36812946258
4156.20929755221,3828.8682131356
4199.67469962657,3880.9259232017
3721.2789707652,5527.05744205062
4379.73264932673,6677.27531566305
8024.91794024398,2048.61377405594
3700.92288968857,4260.56198554973
2829.65458167662,3996.69227409056
3934.94950432733,6006.37655578004
3546.02572979809,4351.77693765581
3521.25011115461,4351.15195759344
3772.07511804455,5506.31385481154
3962.49829360681,5841.84865151394
4076.09385485812,7712.06723686444
3918.70701034497,4149.68341851803
3757.1232511379,5733.75458631625
4504.89557656314,4061.59421243428
4240.59171625873,4954.76176123554
3422.38643963959,5201.97985572865
3792.12123946968,4854.85163658386
3496.37696253219,5107.18458820441
3071.17254374312,2858.69343726575
4184.38560463913,4706.69119055453
4342.73220359796,5281.9422067254
4030.50185634142,6639.59552987335
4151.66319159243,4620.47777036838
4192.79028935183,3285.1588159173
4343.0975543161,4907.25059083828
4145.10695770059,6162.49344622984
2340.85263687341,3131.42915479231
3682.12114639678,5138.10122709461
4647.85188968765,5205.90141533512
3756.61891863345,4414.17853289482
4680.28215831692,3006.00140710718
3580.39399186025,2055.54733162197
3915.81271762744,1158.74238194353
3904.85809549967,3419.56589487734
3469.10167946666,6083.72439275405
4328.79645697995,5089.33925086212
2926.61359454316,3422.40748217037
4472.07104870797,4791.14341861636
3820.52713579603,5015.5150667025
1791.51069856177,4130.98560498783
4783.36346314102,4206.23100564921
4276.9974311779,4479.47795517537
2916.07995822067,7104.08172707528
3920.80023191871,5045.29464782024
7870.19250379921,4378.48785821024
4516.7445125566,2468.6572499963
4492.41947333843,3704.40668970114
3843.84219250464,1384.47805535861
8909.4739128708,3763.2842092705
3866.20475802457,3779.25418357045
4573.08741502104,4846.15646403826
3413.63799127445,4571.14747667728
3070.11368335356,936.757646040771
4083.64293834498,5462.26925176966
1747.36370427774,356.164540901449
5236.67703065855,4972.55001311882
7401.37427611949,2544.81178944935
4884.91450304112,6792.13210490499
3453.87791900429,2243.88769511809
3157.41970379687,4719.08042658107
4325.60256128591,3678.49158273086
4593.40473405953,5755.7485565353
3756.12113485494,4955.44382675692
4057.46869564403,5846.96350864138
4495.67776009648,5258.30036958954
4599.96602856127,5090.41922317557
3575.24600974374,6322.81563216016
3761.21528007337,5192.94386184998
3579.91833767134,5989.38369462565
4255.7572701341,4526.59164163581
8259.41256894893,5625.49011045202
3625.05414870682,1003.19391466615
3281.49121469581,2350.33347054372
4253.14792233149,5837.07461571956
4363.06150650909,3931.67701053931
3980.23213327119,4553.47297285677
3914.24178373041,3948.61278623469
3300.00789969846,6776.16255346029
3594.40295699104,5071.26684024954
4717.11894661057,1667.27286504591
4042.862451372,5344.96878202678
4056.62172972446,4783.24363679965
4181.20653867511,3971.91380203749
4301.40700703479,6318.09868182479
3885.10916280192,4988.74706068906
4473.39079179591,3057.32038904814
4112.00363144678,2055.49045759058
3797.04766662382,6622.09143671937
1769.22376167542,1788.15396734839
4792.22273784471,4142.69319834824
4716.17985174934,5809.85246316553
3593.91685377871,4414.63310229066
4380.44369928869,4698.05268061269
4328.6219731299,5782.2890664232
3985.75641648251,4248.05900146043
5009.0363994881,5745.40509421764
4153.31526215802,5089.96465377974
4173.70712041515,6462.05340951835
3871.46814623127,1928.7556643217
4251.05969224581,3211.44816839283
5026.27136628727,6812.13696401893
3935.2026600688,5027.1655746039
4836.67252918897,6732.34502368871
3767.35479803125,2820.04785008062
7955.8493089267,1043.5444542271
4205.79352046081,5307.40274429984
3133.77360456965,2106.24133350057
4402.29877715821,4164.57342050453
4276.00603496498,4091.82878580311
4386.98599433758,5329.45337712266
4153.21779277243,4348.82202515526
3495.98717943459,5511.37204933522
4049.88147771238,4418.72507256366
3670.29891458741,2707.29370857895
3685.54459531796,820.309388201258
4631.1110627827,5947.95360560651
4242.3119238901,4989.25871554391
3995.52701543948,1410.39337375652
2965.73959919798,1356.85789029871
5071.30834404498,5164.24383019044
3725.02598637409,4528.6945008037
4005.46250149267,4106.77545039336
3486.46151940407,401.459447637945
4972.23724939567,4455.15405251813
4516.14530253633,5835.71090753205
4663.82420322388,6877.26597563294
4522.25011089074,5983.64385743584
3776.36442384143,4903.55652735735
3828.76174642739,5913.79747263121
3908.70096598232,8930.65403903124
4091.87228564574,6032.40541081309
3774.06679893366,5635.71982470691
4385.69898308217,5915.27535173673
4509.72580767042,3441.38945442987
2253.23179800356,2641.82366420425
4168.33118424159,6347.25328288017
3936.90683678204,2889.04175869735
3975.18304407109,6835.60839048826
4450.9673797946,5157.65109395747
4180.92722462373,5960.00159744473
4519.47092332451,5701.47423923854
4294.45816358091,5492.61757320126
3684.56706626742,4989.94078106528
3591.87833951676,2141.53367853783
3338.17700587846,1860.6713173519
4640.73634644782,6345.83248923366
3713.63307166424,3365.29157758058
3924.37957856724,7203.82144106043
3883.42349549783,3586.19665831133
4105.82400478722,5506.37094027055
5720.82969226768,6650.50730964961
4805.91636957728,6362.19994747043
3644.23358875556,6371.97509232948
4264.09821162222,3794.31459622347
4368.10642153017,6556.56451831328
3887.79050543665,3370.06561337496
2795.48592536578,1632.66226838858
4684.3870764848,6331.28373143547
4349.60534286638,7049.52325104922
4127.55421000394,4577.62646484747
3573.8337114779,7435.29663452388
4462.55143719252,5856.85197870795
4300.88400015679,3639.73224748296
4883.09936795773,5535.12763453386
4206.56459931612,5047.62500311368
4538.37097804684,6715.63674411888
4283.80828314484,6435.11499283838
5289.90289529397,3328.91926022987
8379.99263372301,2634.83323260683
3163.77417532333,3535.16183509967
4039.05658357037,1943.19088548474
4618.99574629485,3480.14857825014
3908.37035009686,6347.30994548393
2638.02011240028,849.748200842845
3101.8070165802,1211.42538921344
3621.77017580414,5714.94344757853
4027.18241489039,3857.17033800307
4311.04475931803,4774.20722006574
4163.21546033479,3995.10106977751
3993.05163228971,3477.0797062592
2411.51699099522,5658.33877498833
4040.97591741418,1796.33769646678
3766.24800159106,5178.33801859279
4383.88727390484,3922.41309767985
4225.30792903009,4833.88055321924
2276.06164691167,186.805938237207
4342.18877190969,5272.90578999148
2919.27927862359,3707.24827699416
3670.10089043201,4836.43798178296
4031.06824476555,5678.79820349811
3917.98012324203,4179.57674769854
4178.15367414737,4115.41396033521
4994.15860110819,5019.77744764204
3402.35913463193,4810.23871608338
3853.35813121066,3241.7962783968
3841.23640058815,5059.04801488953
4202.47911023325,5724.77525504134
3814.33882857897,6521.21508781701
3945.67616981814,5069.16398108165
4592.1485083249,4870.08245990342
3029.5666747555,3340.96767492334
4544.62253375463,6103.38843053493
2847.61503440931,489.889607197024
6439.76284679213,1345.60518347557
5116.66212880395,7286.39746036941
4383.21891198985,7393.92363096375
3962.751496614,4744.82554574007
2630.77387439843,3162.34558225489
4325.77186540302,5607.13354111014
5459.22742615781,5086.7818222984
3587.48807460564,3640.86888240017
4199.32795497739,5294.04728402263
3436.26584463321,6370.66804674574
4058.54881692774,5235.79474451564
3948.3670503764,6153.74118822522
4318.39763983263,4845.13357718382
4390.27728760703,5659.41874730178
3406.53994965288,1483.8199682655
5410.39908474281,1900.56707608938
3344.57902021577,1799.34990585396
2277.49412878936,5451.86912684825
3529.05447259446,2904.6136147776
3314.27860419495,6691.82407346123
4930.40024476895,5939.2013476019
4252.55607672011,6035.70156750195
2307.33418038125,4456.68859422741
4122.89495588864,5369.34934728777
2708.73249053891,537.969306480518
4506.58731986017,5718.97833239252
4238.77289488892,5679.99192387433
4036.46277506731,3009.92275528602
4494.99350764781,4374.85088018832
4191.97475100195,5233.86271886953
2933.23194198653,5260.28948069466
4387.98322585119,1853.16944232726
8152.86793219534,3121.93816866256
3899.28749815042,4645.99497054658
4707.09449853302,4772.16144635686
3936.63716738206,5798.37236593067
5023.24598702736,2835.79032825503
3576.34473900316,6556.10994891745
4354.65272836582,5195.84211174677
3570.43981855834,916.582376260299
3010.25227378371,5564.79389044408
3980.36025341023,2179.04263080575
3777.92893587219,3461.0530693555
4039.11812556891,3740.43818571879
4493.34340329684,6766.78531539331
6935.42860736192,4925.55049757641
3862.3362529183,7603.51860227091
4876.66347063684,6210.74334475224
3221.00035484053,1267.29101653706
4718.32846575319,5345.25294075608
3877.66606978092,6144.81851955408
3631.64019497639,6397.94728475877
3342.09144985256,745.575642394722
4528.4888638652,5584.51459082872
4369.07049266814,5016.14004676487
3925.02781940725,6068.26607330895
4511.76949636247,6558.89445075146
4179.90800631254,5905.95477627351
3252.57784548648,4975.10744168255
3763.89660640777,6823.6170612538
7640.7061200518,1219.7228663946
3662.63386318614,2631.7074865845
4274.05580452589,6691.59657733569
4897.96667589611,6890.79184657669
2917.02976821279,5885.32493709721
4547.72015823021,4575.01237367999
3369.42114072866,4743.91598409315
3716.29642177786,111.390219408881
8414.94876262627,8194.51209661619
4524.45710945914,6636.29937318449
3997.6462859441,3234.57877352909
3278.81262318158,2372.49785142931
2969.12727597825,2070.607744275
3483.65769352749,4608.25894500837
3933.33913781359,5947.21445462612
3977.81407208563,6608.73597644216
4215.3587896995,6137.60080325874
4319.96078955816,2377.38542385884
3773.82970388553,1538.09428556226
4274.89641639918,4432.64885029948
3713.411867192,5167.99455627513
1884.07093670873,523.988654713314
4686.76248970453,5444.76515861569
3634.79473332753,2775.0372342157
3688.41002840399,4761.47716270614
3488.35689427927,4232.4873568078
4681.27379143643,6413.97392166248
2017.99267219331,3106.25256451955
4445.85037388225,4750.73579359641
3750.99927539399,5696.47313017387
4538.80456321313,9174.91637531329
2246.2774539679,1466.88408685631
4472.22636977539,4513.69075075443
3472.68754463597,1056.27482872813
3509.74800395655,5871.45782196515
7111.20823672074,5960.1153455075
3760.49169171028,4843.25779128622
4182.73219858438,5271.71249247051
2207.42688944572,4421.73707052322
3874.41694841473,4902.02198564806
3884.85320807708,3821.36633811096
3795.66296243624,913.854431316233
3936.592154617,2635.51529812821
9249.65400359322,3266.17705508542
4341.82317716957,4984.54176520854
3273.58505094976,1309.6875412345
4147.32250621986,5472.72646215009
3783.09336822423,4579.38807982705
4090.09446154039,6110.20824003819
4720.01573991743,6258.65242194157
3214.27490282902,7353.45892048478
3014.64080012661,1296.72988203555
4502.84200539791,5121.10836594023
3518.31063465774,2175.06440859552
4544.8533117348,6059.34382749306
3723.59499906957,5077.17751096113
4922.68587393331,3162.45911889004
3724.91830981903,4987.26960443879
3283.63877940366,351.276994900375
4303.44938356101,4724.42277983405
3954.34790723416,3979.13151833282
3714.61794180193,3787.32437605368
2900.19335900473,6785.25563279797
4195.85116265625,4978.06277703834
4264.03310929844,4998.35179488159
5567.16796893001,5787.40392355064
4200.22035306489,2335.44367998485
5118.91478140227,7683.70887224846
3731.90401218526,3855.91995502309
4439.47069085596,2758.61290194754
4283.50134731895,3471.33965764177
3567.66476683204,2415.97413701258
8160.48379685769,935.166336013915
3925.29756451391,998.533732648355
3725.15349235962,2588.23120100123
3847.2208275997,4207.70846189948
2952.91109224464,1850.15744436771
4004.81408252999,5289.04617495796
3934.24880926082,6263.3697951322
4220.08451041898,4629.05919485121
3814.79184107046,5807.86335206042
4543.42743489788,8625.06923411311
4680.02329876148,4358.76758068085
2778.93234564582,837.13157440458
4223.37992915038,6991.32737414598
3872.18294108359,4868.43459298662
4180.36853469208,7561.57728125218
3062.3823124738,6218.98394790201
4001.9442559382,5250.45725037659
4448.44568352659,5157.76484202024
4281.9982105,5412.54147414174
3431.91564107268,3398.36773824243
3936.10056258048,5375.37376606214
2780.73983119575,5593.55058470738
4013.27668050502,3358.01719868149
4301.29861824421,6266.43845569551
3683.29682802206,3274.13349950589
3189.65850636488,451.641873947062
1498.2305416485,5907.4893179828
3747.34193299375,5575.36442603203
4041.13558940072,4450.77792351582
4760.23167759501,2176.54207627341
5385.83635109039,6059.57090076335
4448.1860615797,3130.63334120817
3777.62075074005,4130.36062492546
4137.00662406363,8148.81920380226
4021.95857259062,4151.33170829008
3259.17709686739,3189.62482026792
4336.47428335833,4348.82202515526
4100.90178590534,2341.01310650813
3796.86313437289,2836.75655250571
3661.83566078853,390.320409592219
4669.56742214548,5680.21899714462
4353.24914344467,5172.59775854773
3810.30260184021,1785.4827907219
4293.62898345739,6231.99858684616
5699.86104104232,3759.2493244565
3901.56153334884,6104.2975693266
4512.53349275091,6892.2126402232
3567.5876039842,4924.52718786672
3771.47522694715,2276.22491622718
5338.7877200939,4109.16246829055
4713.31776021746,5082.12195742204
4386.78923368672,4554.04129031537
4146.65140772051,6129.58769623452
3985.80036061412,4929.75579305693
8167.90309449042,1836.91552072564
3450.40304372776,5801.83893328606
4051.68049399709,4842.23490443178
8737.95757219924,1722.51330087953
4314.91047131112,6790.3134044664
7481.52704967995,327.975979097577
4213.11081280173,5471.70357529566
4603.01063259328,2881.0284402455
3774.5170859377,5482.2741108836
4300.05160488804,5763.3070941637
4226.98359869587,4129.28065261201
4147.18846085709,5721.13785416417
3937.66284161998,5632.19617189251
4092.05735675126,4449.52754053584
4708.66077858745,5257.90246279746
2227.9364357126,1709.10096657093
3251.09438815524,5032.39417979412
4943.87315157805,4109.27621635333
4151.20235952705,4605.13319898605
2339.09492986819,3528.39868820017
3372.18756733312,2853.12401074248
5157.87476390596,6702.84960130027
3358.89022305214,5259.77782583981
4001.54818783091,2157.04887201432
4506.34846502202,5378.61283729198
3879.6843173819,5924.70925240747
4591.70974976576,6896.53210662175
3930.75784444795,5163.73217533559
4106.70039234872,4496.12957214144
4596.46566629643,4728.28725398151
4515.38932650437,4228.56579720133
4194.77126920311,4567.73757192565
2805.7959382741,5048.24998317604
4502.20380798982,7714.39801501312
3802.62548357643,5108.09372699608
4677.36218166831,4467.37287787813
3614.61127539214,4685.37928585685
4420.09405001245,2641.08472465148
9188.69842180485,460.337099349572
4697.72201674815,4973.40248930673
4278.94802386191,7401.93673798798
3638.19097544713,5974.4370300354
3968.40977045434,4599.22252827446
4112.09527064039,4431.17097119395
4281.55524871763,5322.3494088901
4306.46352307811,5038.92983056807
4066.15781230632,4438.84325688512
3858.05265158917,4652.53062132054
3307.20776344219,6362.99576105457
4043.24879063554,3773.8551677137
4146.75456543826,6600.66578395892
3894.86894223532,4431.62554058979
8932.29447316262,3634.33323162621
4411.27497219274,6371.2930268081
4441.30074252944,6135.55502954987
4558.13648233348,4662.41951424237
8753.86318365409,5229.20243113792
4908.90028034532,4794.38248984621
4380.42963592349,3971.34548457888
4352.8446227397,6467.90699477093
4128.61890118235,3587.95827329091
4534.27021385041,5071.89224316715
3655.83626464987,4687.5388076285
3791.34006776377,4292.3877632316
4002.36129218283,5111.56071720672
5243.71996124329,4999.82925113186
4661.12497028081,6136.91916059262
4101.8334433652,2970.76572467368
3938.62846229226,5198.28579224772
4236.85363494386,6310.71055486293
4017.81930877888,5935.27978799542
4650.97036199524,4726.46855354293
1867.09442549306,2698.54166200196
4137.70676940442,7384.31889677123
4203.19347876352,4660.37331767824
3930.98556060299,5384.06893860774
4769.2453220275,4891.67852333041
4007.31116283703,4713.45433745403
4106.06478523528,4903.78360062764
3705.85494639308,5606.28106492223
4073.92635495871,4072.39224414777
4170.2554717815,5194.19382197471
3791.47832236509,5947.04404395959
3586.02940039135,7087.42968725396
3778.65645400972,6391.52538204759
4365.32201116063,6303.32242790107
3864.10708803725,1840.89374293587
4372.98432077429,4640.36888141955
4082.69049248977,5011.76391776256
2929.84952377934,2267.70015434811
4555.06244895915,5689.3120764823
5062.14073430162,5184.98741742951
4298.02671105293,4712.82893453641
3829.82569674959,6073.0967717071
4107.33297081936,6742.91598213191
3834.15036936121,5655.27011442502
3429.05022618316,3849.61180037467
4293.67999773786,3054.02423235929
4168.52627628932,4334.78449935668
3854.56555475235,4537.27592528653
3755.34418862965,4221.348080906
4102.09585884544,6133.96382523682
4035.43396237045,4257.83414631948
3820.46154982704,8461.16715561988
3896.64010273281,4894.17928929037
4132.46382581758,5388.04716081797
3888.216165489,10000
3110.26985410465,5272.45122059565
3345.96381539516,5349.40157363284
4379.32986840438,2246.44512368181
4282.18667060289,5831.84601052934
4575.48068617639,2860.0575683085
4006.41850925689,3592.95980521083
2924.05962196291,4404.63046130606
3682.56612761663,5072.97179262535
4683.55134809336,6925.17505282228
2925.11170003509,142.875003972744
3836.54338744624,1265.52929584367
4175.96671170307,6374.2483621639
8958.30193178057,3801.30481639326
3255.35258678339,114.629620994393
4071.59899447992,5892.315157267
4139.15979042721,1755.2484287807
2222.3895455338,3378.24934249335
4167.02901318807,4593.42560562564
7941.2908342992,3986.6329705022
3903.80112597219,5911.12629600472
2695.5489976191,2565.55537668843
868.469089003577,2017.24277719753
3881.57826079769,4043.35139115516
4738.05802960445,5667.31810626324
3466.96441967645,1711.94255386396
4383.06921978898,3677.58202108394
4281.45558428536,3628.30881285185
3725.33375031224,3915.30912944729
3787.43121311292,5582.2413209943
3561.03160240225,3812.84157623189
3828.86331209982,4034.99703994262
3290.69359142739,3374.95297437686
3067.60658350003,5048.47747930158
4457.69891289463,6530.02400842538
3254.90225454425,2892.45166344898
4176.55827626203,1990.98642603893
4122.93467127864,6667.55683340776
4175.936506927,5847.58848870374
4345.48241733663,3546.35777360523
4348.59345115101,3932.52948672722
4451.19160935098,3752.37285234949
3423.53624470759,2761.39761520918
4175.72876335651,3757.60103468445
4441.8750873861,5191.92055214029
3290.69172640308,3123.87040573629
8349.40504157581,899.191819741466
3498.21533018193,5514.89570214962
3822.16341071818,5718.41001493392
3582.24845005532,4115.30021227244
3893.4174861326,5258.9253496519
5235.33441471155,4984.03011035369
3884.87037447531,8483.16070298369
3548.97212519036,4682.99226795966
3741.1931442077,5859.06858593861
3356.54526718676,1667.04547463418
4090.1030313285,4974.42579901642
2310.99475570794,3616.77205301322
3086.97015832827,4267.438880512
4150.31033747068,5790.1317627809
3903.08337813978,6304.28865215174
4322.79568545749,2837.09737383877
3249.50116550673,1572.42072349028
2996.09499528641,5743.245572446
3710.53840441665,3437.01332542756
3806.53626406056,5140.7153182621
3785.77097430151,3091.41943656443
4217.91343265836,5209.19757202398
3963.94793904518,5210.95918700355
4327.65405886253,7058.33217165759
4480.17093343161,4247.03611460599
4113.34670368206,4668.3297620987
3985.29319607915,4224.01925753249
4420.31313950783,1869.25295326235
3816.67556180499,5107.24125080817
3842.13965888041,5185.32823876258
4219.76472314428,4776.992144755
4521.99304381925,5602.302842712
4407.72732402154,3687.75507273507
6932.08636214982,6782.12988677564
3811.64912928929,4734.76624215171
4633.47101479906,4908.33014029648
4043.16593227188,6317.81452309549
3559.39078222993,4595.52846479353
8256.56009750494,151.683924581119
3639.14083388299,3871.66243319749
3862.11397440978,4199.07037481289
3767.62262726018,6206.93553320853
3850.7147205562,2243.09209296157
3539.27023745623,6622.71683963699
4159.00495881131,5570.36331696735
4035.34267223147,4583.87795689213
8281.89918456832,2325.6685351258
2738.05198381046,1406.52879389524
4644.55039670912,6038.48649219121
4363.37085416261,4911.68338244435
4394.6161366812,3718.61462616626
3741.57160600343,5342.41135346305
3463.03551151492,2791.85947327592
4921.05990296613,5921.29934765584
4091.81126544544,4738.11906144433
5190.54614918373,5452.77826563991
3895.25240212071,4428.84103875578
3849.40537258869,7037.81565768881
4634.51801486229,3658.99795561651
3816.68239949889,2391.47982368881
3519.07597085867,183.168709144981
4186.65720157421,5071.55099897884
3755.98049189206,6521.04467715048
3893.53248425788,5196.69458793467
3670.51290132397,1210.57291302553
4143.44623312843,1887.38223790632
3786.42543306446,5689.42582454507
4461.21175710184,2556.57604541352
3741.03700820669,1167.55130255191
3881.21812055799,4501.8698321865
2670.74126236294,2120.73342869499
3061.74131465004,4842.23490443178
4166.24551957422,6902.10153314502
4543.37317614259,6315.31375713553
4415.11976705043,6382.9435347095
7950.63662423399,42.1691549329456
3148.80761549085,6262.11941215221
4320.64831324795,3797.55409030857
4526.72378537176,5292.56982777236
4528.84776346822,3767.20576887697
4051.60012630839,3672.2400906862
3665.36116783239,5412.03024214215
2511.36041928759,1142.14753329503
3958.63141556882,6646.58617289839
2707.07376839893,5587.46950332926
3753.90305741411,4295.79766798323
4317.98543958795,4443.27604849119
4229.5301236905,4977.15363824667
3984.38620710315,6098.8418908661
4583.35622000507,8455.25648490829
3866.97182158627,2110.67412510664
8769.89626845753,274.667806766134
8395.81440107199,407.426754524843
3086.16127172887,697.950618220874
4256.57892458422,5578.77433078366
4344.49169930492,5633.84446166457
3189.98796200458,1699.95111891568
1271.98401772112,2831.75523201341
4016.6219429168,6533.60432384354
4828.12699048691,6721.83115070452
3259.02908987773,2573.73910580681
3872.7753868116,6267.00677315412
4949.21473165699,5444.42433728262
3639.1945774397,3839.60958224533
4411.24665484397,5485.57026757246
4040.89438426041,5119.80132035649
4062.51649457445,5607.07645565113
3756.95193375879,6523.54544311044
2995.01650049841,2751.50893371498
4565.5444639366,5825.6516039437
4635.92210025408,5138.49871103144
4483.32519458692,4992.49820962901
3389.88772464273,2149.94490378176
3835.88037067124,4450.38001672375
3372.36231773301,5643.22169973155
3323.28628457571,1784.11887110677
3897.098132009,5277.28191899379
4003.92625694068,5022.67569753882
4194.27173304586,5837.75668124093
4169.80013651891,4299.83297565248
8040.52005429939,1826.11748901215
3007.19144426583,4157.69652554226
3399.29576337465,1781.33415784513
3453.17112568678,3661.95329097231
3690.08006994371,5558.20115421111
4581.13821375251,5324.05436126592
4234.12292666033,5358.60840103329
4206.12472253974,6396.24233238296
4036.79400173989,3958.78541503056
3401.79605013603,4980.33604687276
3976.65422120782,4474.53350871445
3886.91188871119,4135.13466071985
5558.0610229229,7292.64895241407
3838.64102433535,5378.72658535475
8512.64645566945,2183.41875980806
3924.2489482104,6807.24918016178
4535.24970818342,4502.21065351956
3693.23171175989,926.016382644852
3682.95535597464,2074.4155558187
3441.54777030314,3960.54745286539
4246.59095725254,994.328225740204
4319.3629016954,8016.17458553229
4098.97552952358,6444.7197270309
4212.00860114321,5160.32227058396
4246.87233614773,5570.24956890458
8815.32444092212,2510.88315259959
4156.32378017845,5057.05890378441
4533.04716624012,1793.83714193444
4203.02098630645,5824.96953842232
4641.49849383326,4370.02018179018
3832.53656656995,5948.97649246095
4043.10919847934,3619.49989224347
4207.23569001214,5052.34195344904
4044.09600780374,7065.43613989015
4906.89203679506,3778.06046319422
3968.25825681981,5452.60785497338
3975.99515816928,6098.55773213679
3588.40353075098,5036.71322333741
3567.05965588508,3861.54646700538
3716.19388169599,5715.96633443296
3817.95547567359,3805.8513560621
4336.92633135811,6662.49906173932
2864.25138959061,4577.17189545164
2664.59706896708,818.206581890277
3550.56227821248,6121.46084114752
4149.14834645874,4724.99109729266
4509.09583702583,3377.39686630544
4014.32656123646,5196.75125053843
3525.99550613154,2445.24248613073
3099.08574972617,6961.83152890229
3436.31211129854,2385.05770955
3660.07967632781,5647.19992194178
3356.73151090735,4870.65077736203
4403.77834461777,6178.5767457373
4265.28444860037,3695.42735842623
3531.81973058261,3168.76748496608
4945.99272728089,5754.8960803474
3976.64247598726,4228.05456520174
3877.29032579369,5658.33877498833
6903.63607796531,2237.01101158344
4279.17461257912,2055.26317289267
3820.14603085401,3662.35119776438
8214.18109095218,1913.01339757493
4954.75208942492,3200.13869325211
3478.07766748721,5107.52540953747
4070.5318895295,5516.48690646267
4620.57028517299,4241.41002547895
1993.32777074825,3233.83983397633
3979.4819689938,5167.59664948305
3501.10613827653,1575.83062824191
2849.60117362874,3228.72497684889
3786.03460711951,1227.05411932507
3574.03256499412,5556.7803605646
4670.75062587717,6942.6224833725
3779.02987255883,355.766713394735
4067.8757769399,4940.26966604112
3963.04376877637,5087.57763588254
3866.72572850115,5866.57046096325
4218.52019433479,2724.51385443125
3456.09774738297,3521.46534206177
4568.79244007185,6356.00554088478
4796.7217889914,6309.91474127878
4053.06363961622,6457.10896305743
3997.13198166092,5512.79284298173
4430.94437177811,4462.25802075069
8884.27715043799,2151.36569742827
3940.77731443281,597.131143349901
3693.89365068842,5453.68782728683
3737.31325975352,4626.21760755819
4112.22490178379,5923.91343882332
3982.73631454084,5600.19998354411
3406.78429768609,2047.76129786803
3174.60417531655,5583.0937971822
2645.69605981564,3192.12537480026
4738.61734518579,6848.96385076547
3916.0010869703,5408.50658932775
3828.72618449162,4195.20547781018
4477.87016688278,2449.90277386234
3884.66921557836,5177.31513173835
3740.6692055345,4809.61373602102
4102.24868328962,6795.25785092731
3966.34022965754,4116.09602585658
3521.01056617465,7054.58102271765
3339.31344784966,4643.15338325356
8961.60129263178,2284.29510871042
3577.05294281493,6223.13258077877
2406.50161071654,1310.71053380275
3866.73005480169,4605.07611352704
4318.78894917,5566.55550542365
4600.99113128136,4286.87542216734
4764.39895529419,5907.31890731626
4060.76595144924,6524.34083383934
3975.82834089898,6480.80788565231
4227.07109821089,5297.4005261705
4614.71407413371,5659.47540990554
4358.33301002882,4217.42694415478
4486.22401044722,6536.04842719975
3970.68068368143,3436.04710117688
3825.78251899229,1646.13147672857
4157.02501351024,5841.3940821181
4565.87027437723,4708.39614293035
4264.82890634712,3277.14570889307
1642.37364973602,3118.81242264024
1753.44279455689,1507.51878514656
3653.55497463541,2253.03764848715
4239.96051997143,307.630219365215
4099.20497269809,6038.77065092051
3865.38406308824,7120.1646037275
3995.14174009599,6606.29229594121
4152.52576427604,4801.25938480848
3587.43611507948,4624.9672245782
3245.53702541979,6975.81239209712
2703.38897871124,6216.42651933829
4350.91090848757,4606.26983390326
2526.78405761464,4717.65963293455
4040.21125866204,5615.77205105198
2813.05450139993,894.588511755055
4789.00056487871,4748.17836503268
4410.82335312423,6114.81144231079
3538.39124793369,3849.15723097884
4204.57582696937,5667.88642372184
4213.2514242202,7099.64851261396
4202.58169743953,2213.93749190619
4201.51668229524,3219.46148684468
4991.0948071382,8813.23982122558
4698.73682899008,4291.76278316924
4285.63155821098,6683.86762904076
4149.78102192582,4963.45693378115
4151.77352907251,7484.57026561122
3605.50207751584,1067.75482024919
2917.55952409721,3411.26862912381
4070.63558350527,5862.59223875301
2859.15999089848,5123.77954256672
4263.38091378212,6019.61826799448
8336.56462114686,4696.34772823687
3781.7501955985,6173.85979540193
3743.03188258538,2425.06721635026
3393.49266814417,3168.25604153886
3674.40812570873,2100.27400018522
2970.57084890474,5565.93052536129
4442.35075260436,6214.15324950387
4054.43214699467,5658.85042984318
3782.67488428083,3628.47964637363
4082.63240876955,4474.76100484
2970.5739121971,4158.03776973057
2348.09421499279,2006.67203018195
4419.26306859936,6778.662896565
4952.01165147332,4363.76868974552
2619.34435036995,1078.26869323338
1144.52198371659,1106.45717575189
4206.0739694288,6652.95099015056
3633.38867523243,4089.78258923898
3065.71720937972,890.894448274123
4090.38028399012,8634.50398049436
8267.40596096887,1416.19019069153
3175.33434311893,1799.1792837598
4762.44219356105,6256.77705889923
4174.92649391348,4752.66824209776
4706.78020357453,3696.79106661373
4531.5541377276,4529.48989153259
3998.41442923966,6936.20058066131
3676.65426662752,3645.35833660999
3860.27960163557,5421.63455347942
4080.89803698638,5595.5396958125
4210.93644050246,5157.87859008301
3858.235821158,6382.48896531367
3117.3876742305,5479.71668231988
4249.30320768086,6339.12642779317
2907.5674589668,977.335470299631
3833.86194484599,674.194980165336
4718.93666448393,5459.59807514317
3827.84049991158,3661.49872157647
4049.92158252278,3440.30948211642
4291.55706426757,5231.07779418027
4534.77147358625,5577.69478132546
4579.58165720101,5295.01350827331
4470.94803865264,6336.56899922945
4381.49931307156,6658.63416473661
3751.07017048566,5789.16553853022
3956.38278365938,6307.13023944477
4093.28236012924,3857.6249073989
3272.69787512782,8504.98426253621
2465.34542967375,5872.93570107067
4106.48957188918,2221.4391555032
3890.69199618595,4428.10231063064
3635.89957084221,3337.84192890102
3843.21095632454,2124.25687008177
3064.24055631108,4286.30710470873
3865.42928352596,4544.60738964463
3777.54685302981,932.438391069849
2120.06480085544,1029.84806690301
4026.32309233147,6532.58143698911
4774.05754176808,5070.98268152023
4420.24187877296,2768.44470941035
3553.61831823606,4686.175099441
4398.49253462995,3816.47897710906
4346.99625594851,2449.95964789373
3350.0413549666,3439.34346929337
7499.25375586293,2951.61334174764
3944.06394727329,4754.31610901457
3960.12849747457,6163.51633308428
3217.63562037436,166.06235099813
4340.28021176807,5568.65836459154
4639.76686684923,6722.51321622589
4392.74000379272,2973.09586853948
3583.35059808457,4394.40074705117
4123.13935181364,3249.24127939005
4427.80949928653,5259.43700450675
4144.85903117735,6176.87179336149
4298.40017763393,1161.41355857003
3742.48554959161,4876.50436261461
4244.74014566008,2698.93956879403
3359.08801468447,508.757778536848
3941.3280968976,5009.60439599091
3936.48859418521,6159.0264560192
8916.70361424138,3240.6027694482
8664.22288541544,5056.60433438858
3699.82081309679,5164.13008212767
3823.28628952484,3421.32772128454
4937.65194843407,8681.61682124429
4252.94815955715,4527.04621103164
4105.62365720842,4550.1197307089
4527.88978567932,6018.59538114004
3337.08914029346,936.473487311469
8965.31107314989,1042.18053461197
3811.84782865653,5078.3708084821
4196.23712273678,4343.76383063158
4214.9328455069,5312.5746868863
4709.45754211063,6257.1749656913
3741.74243544745,4609.11142119628
3269.113166565,2668.93228012312
3772.32305187322,6451.1987152011
8070.33876272179,1375.83965113058
4110.72922928531,2360.10861540278
2683.27504050987,3458.04107139594
8373.93766503384,1823.44652381328
4612.96842386934,5246.53611362537
4233.93235010311,3767.71742373182
4908.71177586659,3530.33113670153
4294.65927657644,5545.07319005944
8172.25966157321,3616.88580107599
3971.15406596765,5900.66950847954
3340.17025525957,3498.3347369255
4396.14676691956,5189.24979836905
3579.39236451979,2574.13701259888
4005.93586574188,5361.05208153424
3427.20825087778,4832.17560084343
4680.16172027776,7360.84704744665
3822.51985119563,3949.7494211519
4266.22333298466,6472.1127131067
3380.51663759129,1480.52370586283
4533.31208928315,4959.47871157091
4694.86223407137,3635.18570781412
3924.07959707845,5093.14706240582
3337.39942350977,6500.98315543278
4286.73931372416,5657.94086819626
3587.39946707661,4945.8390925644
3541.85092415443,3435.08108835383
1796.86121915676,1885.73415956189
4243.93688338356,6583.38918693048
3912.34867564015,4895.20217614481
4152.6888318236,6405.960391783
3149.30237707916,1871.63975973192
4381.49742670508,3480.09170421876
4187.55059991457,4509.03046302282
2394.27656816156,500.971797639818
4732.19973142429,7022.86899309855
3439.50517499264,6344.98001304575
3700.21105088253,6891.81515628638
3395.47018700907,1993.82801333196
4288.46562433592,5764.21623295536
4572.84611170615,5502.84728745615
4926.80317537802,6243.70575735132
4344.56813548205,2470.64636110142
3679.42364758929,6097.19360109404
4337.76248655406,6294.17226310438
4409.48704927692,6146.40972386712
3389.93171988193,1081.50808160466
4415.10585012846,5529.78528128087
4021.84747203555,5466.02040070961
4527.28484424842,3518.33959603944
2078.90492498339,4729.87845829456
4252.60575482523,6446.59509007325
3611.1079929255,2484.45639077447
4672.29502336889,6003.30747236147
3654.78539687388,6358.10797719742
4351.54304380661,6897.21417214312
4018.53935500477,4279.25979907993
3641.32145350244,5402.70966667893
4666.88721998733,4202.70735283481
3931.86703033134,3522.71551361412
3577.32030656605,7038.38397514741
4261.98802063626,6737.68737694169
2578.14169072821,77.0070131632884
4882.82307004581,2127.78052289617
3722.94962850713,5118.49427477275
4822.50044790132,6072.92636104056
3790.27938454046,1444.49242127281
3917.08219161064,4485.16112976142
4430.99875333912,3038.45237627904
4496.83519966272,5460.28014066455
4262.62226444216,6027.0630575601
4617.15029726707,6464.27001674901
3686.1610548075,3697.75729086441
4110.17181407826,3452.75580360197
3211.95436784749,2787.71062897153
4386.61771174744,3730.71970346349
3411.17719420971,2677.17288327289
3527.75966980698,6650.39356158684
4186.09049560616,325.98686799246
4580.76368207226,7066.68610001488
2414.55346025906,2055.7177422885
4560.78221314561,4703.50878192844
5131.77856350324,6439.832366029
4111.88753958984,5126.67779246351
4327.81075129003,5028.30220952111
3872.88520863899,4717.31881160149
3529.33950320533,1607.14485678275
7164.42889983536,2242.69418616949
3122.62254179755,2862.84228157014
3831.37154403091,3977.36948049799
4762.83151261306,5947.04404395959
3619.69778943628,5541.15163045297
3702.03471672418,3057.206852413
3559.50817561335,1759.96537911607
4345.2136749645,4995.1693862555
3505.79886264971,5105.25213970305
3457.18884372511,6729.21927766638
1464.57014444724,2435.58108933445
3394.04231138868,5586.27620580829
4065.01811726994,5312.5746868863
3806.04674476431,1545.36877017517
4413.10849744545,5329.45337712266
5267.7298252884,5632.02576122598
4315.67579210662,4212.08459090179
3928.674026332,5872.31029815305
2916.9630113907,3000.65926528182
3900.92499659153,5156.1736377072
2718.8338523391,6215.68779121315
4070.83953232723,4731.12884127454
4203.75624718553,5516.3731583999
3474.89674038071,2309.18732882626
3723.23258957459,357.812645674331
3980.69392562268,6595.83508556078
4058.27372975771,2863.86516842458
4651.47730459549,4921.85643409547
3704.21317851015,6530.47857782122
3283.13101394862,5017.95874720345
4260.7618495703,6650.16648831655
3926.36712810691,6174.08686867223
4252.98809369201,6659.6574744463
4607.10667881068,4447.82258816003
4059.55422827182,4907.70516023411
4376.36737028906,6558.38321875187
4088.41592349972,5855.99950252005
3249.50700290272,380.545344018525
8022.23243615993,1516.95289724493
7179.36849282987,3368.47419763429
7655.64268464384,3654.28100528114
1644.2509700895,1270.70092128869
4370.10830542239,4162.18640260734
3120.36765636695,4218.96148586406
4083.40124261195,3915.65037363561
8671.59328474632,3403.19843664057
4443.85503217083,5509.49668629288
7377.19013164477,656.008821489981
4671.34617611672,5636.40189022829
3801.21535500977,4641.67592700329
4024.51738187837,5436.24039673661
3601.52703780849,2603.51889835218
3834.79653570963,873.162911851508
3503.07937812352,52.6261935284291
3957.4027244546,5742.16560013255
4306.80741200295,6819.24093225149
4264.93342494525,4290.79655891856
4672.86091972129,4631.33246468563
7834.91378572115,3215.36951657167
3599.65319929521,4682.70810923036
3463.48832713613,2914.16126351111
4242.05655966296,5814.2852547716
4104.57750201172,4574.10281203307
4040.22098229423,3125.40494744558
7735.13996700272,906.920979464017
3657.69065603651,5590.08401735199
4194.28865548165,4992.04364023317
4018.86716809051,2396.4240587221
3997.5320983804,3504.58622897015
4290.53253838691,6287.01163226806
4134.31517115895,5986.03087533303
2299.82775642361,348.378586432872
3793.74549977116,4098.76234336914
3830.82950270625,4932.99528714203
3969.31866378488,4363.14328682791
4542.94477172945,5836.16547692789
3533.39096926559,2519.86269530212
2703.33406436811,1451.25535674468
3871.6335068252,6271.83747155226
4010.79207418626,2668.53458475867
4749.52816179071,5576.16023961617
3631.65969866151,5336.4440201477
3726.94880236552,4935.15480891368
4506.54633868906,4705.27039690802
3768.2803308973,2095.55683842222
3908.53805173212,4792.4504642001
3845.9924451338,4932.31322162065
1711.83668779623,288.477942152994
3616.72989345774,2935.98461163601
4289.02284302511,6959.67200713064
3814.25707902086,5264.04020677935
4530.44520399906,4543.75491345673
3455.24061910307,4549.49475064653
4346.67824421235,4076.99544642037
4541.976078138,4636.049415021
3740.51769306324,5268.87090517749
3763.74267961824,7034.63324906272
4705.65454985279,5103.37677666071
3437.29892730385,6377.99908824859
3629.63922656723,4356.32347732465
3707.80030044743,6561.45187931518
4463.82377125909,5213.06204617144
8810.19529487906,4738.40322017363
3406.32234617352,5790.7000802395
3699.20877693142,3164.56197805793
4817.37359988726,4917.02573569733
3139.73900697771,616.226599387642
3403.60288090366,6037.40651987776
4918.95953476353,5391.4570655696
4076.13779895027,5095.53408030301
5338.29727886225,6480.58038952676
4347.4035611136,4450.09585799445
3343.8986341888,4020.61869281097
1656.51031041037,1736.891753725
3363.46237043196,4011.46852801428
3651.52834320183,3510.44002565036
3618.8390630561,448.516127924735
3385.29492477171,3916.84367115658
4460.29989543009,1509.90580304375
5180.19969950215,5983.58677197683
3555.95302081282,1540.02662834981
4725.47029581708,6176.81470790248
3374.71548953967,3234.80605822701
3788.65780178898,5570.19290630082
4205.03126438615,3858.53446904582
1616.32196756113,1010.18424054975
3252.87399413735,5440.04820828032
3025.40050794101,998.988407758001
3522.64593000215,3122.22232739187
8609.786693472,1292.69478579393
4581.9429580659,4487.60481026237
4423.24077093455,6057.4113789917
4405.21333845114,6044.9083949024
3478.84109655511,2493.7200922063
4061.11237673293,6832.65305513246
4347.17403468233,6264.10852325733
7194.00056132763,3949.57901048537
4279.62270063977,5077.23417356489
7133.31040656013,3410.52968957105
3813.23716515485,4687.70964115028
7745.07443093708,152.877393887034
4021.98039699263,5745.51884228042
3965.04921042308,4870.87827348757
4282.23069592535,5034.04204671092
3363.07439377094,6201.99150960287
3907.76959743463,5756.48728466044
4257.09243502382,6260.81236656847
3605.28245885888,2426.77216872607
4330.08887897755,5043.53303284067
4043.18393415826,5622.648523159
3821.62200284654,5787.63099682093
3844.36649304936,4865.59300569359
3519.21779432208,2463.71280353539
3904.98093148746,5711.59020543066
2728.36737262895,134.86172516357
4193.04166669389,3982.54142308445
4404.94807149295,6600.94994268822
8509.29092243426,2713.14750525915
8156.66050938039,3062.83315296766
2589.97957405938,407.369933350364
3829.88391300777,6642.49420262538
3852.05544745348,502.222127762893
3476.67503522072,5813.54652664647
3888.12630316502,4942.77043200108
4129.65019811557,4972.83417184813
3886.67605720313,6817.19473568736
4320.4365803702,5564.85055304784
4942.82813235329,6199.37699558014
3130.67081283504,5328.60090093476
3632.85640633735,5528.3078250306
4201.32065967734,4310.57392190696
3342.38038318857,1753.99804580072
3895.3874569432,2600.96146978846
3776.04568031478,4843.71278353731
4712.5376564416,4001.40922442593
3766.23016031517,1254.10607264019
3812.3526464841,6007.34278003072
3437.99155058983,4674.12668474752
4539.63590978704,4923.44763840852
4440.13644216838,2988.55397655696
3396.90070008199,5010.17271344951
2840.37097113081,832.755551116086
4090.22317204339,2990.31580296416
4737.62111530631,4210.32297592222
4220.6924101733,6393.96906254854
4324.96021516056,5780.75452471392
4541.70424231837,4863.26265040016
3871.89114027908,4455.72236997673
3630.84607120717,7202.74146874698
8087.29029918576,1089.63504240547
8483.06840393275,6494.56125272159
3526.69758554883,6310.08515194531
3445.28017875892,3515.15697598573
4384.53226276433,6453.86946897234
4799.20677275837,8944.35032064151
4096.43557629791,3695.82526521831
3995.05670558967,5067.06154476901
4312.11692998194,2073.56307963079
3982.40334536999,6609.75886329659
3959.67154161808,4958.45582471647
4965.78767938768,6180.9637636345
4206.34853279933,1991.15704813309
4447.25591241343,5588.26531691341
4946.52802391492,2795.21250399617
3735.06948131469,4967.83306278345
4661.09803779655,2381.59093076699
3195.55929461033,913.456630237973
3779.96610543496,4459.47309606143
4566.86497503627,2283.32888445974
2569.29211813984,1760.30641187676
9042.63454383748,3522.60197697898
4036.42021362404,5785.13065371622
4355.37453902266,6036.09947429402
4067.31434029685,5678.74154089435
4786.1335012931,4714.81804564153
3518.38758931664,3435.42212111452
3332.21374947553,1168.06285169294
4108.94473602929,5654.87220763294
3713.0646565168,3470.77134018316
3907.28893752349,3810.4545583347
1771.42072058204,139.237774880518
4313.4220681601,4995.4535449848
3458.42332216185,1608.4520080803
4900.03692158624,5013.69636626392
3686.53103482823,2640.34599652635
3591.94058755739,4608.42935567491
4074.56337768523,3641.66427312906
4277.71507833639,4965.55979294903
3720.08863725546,5221.13223865468
4004.99411949331,2038.49780786382
4212.04742719232,4937.54182681087
5121.10608928459,5897.2025182689
4755.79701123417,6472.39687183601
3890.95883484253,5212.55081417185
3953.76749046564,4562.56605219444
4351.49037890772,4824.04874575643
3735.12785764271,5991.88446058561
4415.65090315923,6587.08325041141
4094.22287682461,2801.69128073874
3528.28435892186,4859.45483885646
4234.54953991313,8603.35984547861
4127.23417390542,3235.77207105006
3398.56310043422,5158.61731820815
2096.13260461642,323.088459524957
4782.21261115126,6547.69893510115
3274.82419645426,2164.15284024688
4384.3170206191,5502.50604326784
4196.61173925473,5927.09627030466
3353.97251214091,486.650218825739
4870.68382247319,4188.89732316176
4406.77829935054,3318.91704210053
4043.97121271288,6155.2757299345
4040.8304797953,5400.15223811521
4578.35793041353,7922.06053781893
3488.87622633616,5994.10064496102
3898.26529584067,339.228685920716
4015.11650538783,4319.43992797434
3973.30510863062,1162.37967710689
4951.12731943119,7325.49803980563
3629.78668471643,2268.43909390087
3907.72810715033,3991.97532375519
3979.57578055397,5823.43499671304
5354.76442300641,7152.33204845293
3882.97350876948,5594.11890216599
3876.56436662433,4253.17385858787
3906.80716682279,1453.75601699083
3981.07155106678,3519.30560886249
4079.27166629215,6591.28854589194
2667.59780894523,2493.1517747477
4804.7340256595,4298.63925527626
3430.54960963142,2191.37520422853
4207.83654361964,4981.30227112344
4143.1306786059,6768.54693037289
4737.41692951587,4018.34542297655
3322.41248052752,4289.26201720928
3184.15594709406,4959.02414217508
5023.64028279114,6536.38924853281
4069.23439657412,5656.34966388322
4660.33877931451,3812.21659616953
3417.01064815394,1747.6329114071
4382.24885017351,4414.86017556095
3832.53373634696,6057.52512705447
4558.96835041257,5202.09360379142
2978.18650026008,6310.76721746669
2777.57205231837,4617.69284567911
3990.41550483051,4053.80817868034
4413.53296909219,1370.72479400314
4135.00919859095,5227.66788942864
3978.73982224107,6149.64921795222
4079.4272198596,4523.97712761308
4347.06755047727,5996.14684152515
3950.84800668377,3892.51976849934
4098.68413025006,5623.61474740968
3913.16854203241,4311.42639809487
6990.09153810526,5608.95224154872
3021.80129092973,4327.85094179065
1656.84091855941,3867.22964159142
4423.65368546466,4745.33677773966
4662.3156410007,3185.64659805769
4360.9430137519,5127.41652058864
3035.25105074425,1361.40442996754
1680.98618760341,4903.89734869041
4298.09174274435,6178.51966027829
1194.6599156679,4939.53093791598
4212.84985766385,5141.73820511654
8602.78463681812,2765.83040681525
3648.57636680618,2200.07037677413
4609.32105038177,3299.65091111172
4296.94799786331,5545.81191818458
4104.63230077857,4570.80665534421
3606.1580948129,2300.60590434343
4601.0506922162,4939.53093791598
3984.01616086523,2921.03794704575
4140.20860682623,4449.30046726555
3565.34129360594,3335.00034160799
4347.81422528389,6067.12943839174
3750.33184965118,5978.35858964187
3629.06940346877,2351.81113822162
3866.05586522826,5589.74277316368
1956.03671341873,1614.53298374461
3389.06451044594,494.379325691383
3360.66629309011,2498.20975784375
4438.8336840252,4715.32970049637
2986.426303396,2178.98596820199
4013.90506711597,2185.86244030901
4585.31264372976,5683.62890189625
3761.982800772,5945.33909158378
4172.96650162515,4947.71487846199
8520.92860175224,2012.52561543453
4748.43305142754,6104.69547611867
4612.88970459776,2379.37453496396
4635.07628405931,5894.92924843448
4083.05260400498,6493.31086974161
4190.89270543038,4972.03878111923
4579.30760481069,4848.71389260198
3725.87595592858,4433.61465169491
1734.15369267467,2731.50407460104
8361.06120686646,867.650200788898
8784.07762671549,1846.63379155331
3351.45454602265,1378.68123842361
4447.28856538587,4935.78021183129
4069.36090632893,6643.85791081288
2689.54424098675,4300.74211444415
7546.23024616568,3725.43443566952
3643.39145668577,2429.78437811326
4191.94150380319,6289.73947149831
4380.40853053202,3566.02138853086
3990.57131968473,5868.33207594282
4097.96356581323,7245.1377820168
8117.87584359476,5109.62826870536
4191.1014800583,4615.47623844845
3987.36913065147,5001.02297150808
2994.7700099661,5249.37770091839
4599.04687446939,2569.59047293005
4596.83241039802,6650.90521644169
3505.12607599001,6016.03795257632
4639.58514228879,6410.45026884808
4876.37468425037,6942.67956883151
4756.7755410522,3657.8613206993
7397.89394709858,1389.13834309022
4030.2249364116,1336.79626286719
7915.62160543496,2221.21187080528
3552.99803117996,1435.11518320583
3726.81094453303,5460.84845812315
3140.1428940031,2667.17045371592
4179.0574987458,6098.50064667778
2974.13579231884,4363.08662422415
4138.1380945619,5525.52290034133
3645.82040183223,2033.43982476777
4648.03866072399,4446.288469306
4032.52742155434,3861.54646700538
4493.25185432697,4719.59208143591
4352.44987213153,5586.50370193383
4569.04381433623,825.992562787307
3263.04920036617,5487.38896801105
3585.56300306633,5721.0241061014
4411.84499516343,2895.46366140854
3715.3764685223,4828.25446409221
4092.8153789039,5481.87620409153
4589.93321946954,4968.85594963789
4255.80373054673,4532.33147882562
4410.97528133246,6645.39245252217
4923.87627185376,6461.59884012251
4403.60061883358,5034.95160835784
5279.03928054173,6069.00522428934
4554.61176992911,6550.7109330607
4346.09688593943,5779.5608043377
4123.00520382225,5809.96578837305
4481.98482124083,6374.2483621639
4027.62656987105,6839.07495784365
4062.54747177187,6138.90827169774
3454.29577902887,5567.29423354879
1591.80346828508,4136.78252763665
4286.42633012606,6669.31887124258
3815.65871014419,5499.72154143382
4100.92679574776,3656.27011638626
5357.98338164981,4343.19551317298
3203.79319567289,220.166178343002
8755.1295078876,8430.25051672967
3826.35530309984,6654.65594252638
4383.13848471403,4927.42586061875
4225.26111384911,6325.54347139041
4182.15186779276,6441.1960742165
4236.62155051041,6124.6432497736
1997.6783024626,3338.41024635962
4698.69129956711,4837.63170215919
4111.82087954113,767.114884647227
4144.60364133037,5523.64753729899
4305.80049923369,3111.87886507421
4214.39130188782,6010.92309544888
3792.76943342406,5449.36836088828
5478.18021412142,6663.52194859376
4353.43211686646,4958.73998344578
3903.58069134575,4715.04554176707
2604.29468636326,3111.19701098046
4031.86958282945,4658.27045851035
3547.28203617638,1469.83942221211
4075.42738680124,5493.75420811847
4530.85692466512,6455.40401068162
2255.04039605231,3207.69723088051
4285.7159408394,3279.53251536263
8144.66018171779,4967.83306278345
4405.21262262141,5409.18865484912
4293.43738069674,5300.29877606728
3504.55910088574,6363.90489984624
3568.10336054844,4476.18179848651
4269.86652815911,4390.02504090412
4223.87021273033,5079.05287400347
4464.76853499437,5175.26893517422
4087.66190768949,3086.87289689559
4220.97733732418,5849.46385174609
3467.01772474912,3740.94941771838
4074.11177402317,1087.75957364931
2961.39811174434,2918.70780317995
7732.83149856027,2296.11602727835
2964.69935298195,8065.84485484595
4086.82724503079,7093.34035796555
4137.95346895745,4790.17719436568
3546.94933026484,3707.70284639
4364.88521246963,5255.91335169235
4930.77555508071,3551.64304139921
7936.78724734424,1875.90214067145
5150.82389235926,5192.26179632861
3515.3171024194,308.028046871929
4437.24847652495,4838.08627155502
3011.41436369247,747.223773596057
2511.87329368424,3495.72043433039
4515.80432344566,5341.3313811496
3951.83298018595,5871.11700063209
4133.30659722499,6847.25889838966
4153.43773171061,4747.66713303309
3749.08207197207,3314.88194585891
4910.36225015944,7319.01905163543
4437.8628369825,6841.34822767807
4010.60185049987,5461.9284304366
3472.04312308157,5657.25922553014
4697.26314930011,2594.53956707727
3659.93074519764,2869.32105831271
3900.17750914698,5290.18280987517
4565.45955151507,3622.51231305828
3375.85739472669,5853.0445900195
4641.47646441184,5876.23185775953
4490.1728800724,5184.3620145119
4355.74612360192,6081.50820837865
2454.78858181129,2645.74501238309
4099.44706343769,5321.83817689051
4242.24370067905,6427.44270714721
1974.09626226184,1265.87022289055
4298.0824070626,6029.05216866522
4614.0791236283,5766.37617758226
3981.13146608886,5615.43080686367
4106.22902550194,3933.55237358166
4793.50938906447,7067.08400680696
3547.31693785118,5084.50855246398
4210.52785808527,4611.32760557169
4425.21443360045,6578.21724434402
4181.67065200878,4791.37049188665
3946.00089833287,4312.79052913762
4743.69495188204,6366.86023520204
3974.97252133014,634.071778159215
2602.56602844328,2604.14408984217
4148.49930411455,4844.96274366204
3981.80763516967,4650.31443694513
4529.66131043451,5051.5461398649
4649.25431344809,7329.36293680834
3954.73678420368,2953.94348561345
4576.79092265926,5392.42328982028
3756.81128717831,5298.70757175424
2249.18426305353,3694.74529290486
4857.7541176449,5052.62611217835
4018.60427901895,5609.34972548555
4199.76375011327,6690.34661721096
7641.62583788942,922.54970957565
4585.3484614188,6932.27902105484
3904.0179700397,5113.72023897837
2181.71391280405,4670.26221060006
3325.3053002772,3286.29545083451
3975.09823114763,5572.8069974683
8408.21445847922,1997.91998360496
5300.08730930234,6329.86293778896
4100.0822380867,5453.5174166203
3576.20424353757,6237.3976027029
4027.72376512863,5709.88525305484
4373.52347018371,7058.27508619858
4032.21691835212,5211.1866831291
7267.56701800275,3731.79967577694
2800.19938702896,4867.75252746524
7944.10446888889,3596.48303516998
4278.32954279053,5168.84703246304
3859.65172248501,5302.85620463101
3515.99367376586,4716.69383153913
4224.31101603214,6516.89604427371
4481.89481547983,6506.32550868577
3917.17840538112,5138.61245909421
4071.5809693226,4456.6315087684
4098.07045296313,3692.0174536746
4110.90627123413,3176.15561192794
3997.46134815757,6588.21988532862
4191.47992590651,6222.79175944571
4809.64686756377,5759.2722093497
3549.91005174217,5761.48839372511
4104.5494559981,5257.84537733845
4309.18710534266,4022.83487718638
3728.95899609032,4760.05636905963
4221.55919705864,5449.25503568076
3893.15722594879,5075.47255858531
4581.60907170196,5767.17156831116
4147.08736250234,6012.51429976192
3067.1885845754,3759.02182833096
3379.87322270549,6675.96784722406
5133.81935011032,5812.12573299995
4824.47519696854,6974.95991590921
4729.08370966132,6715.7500693264
3681.10241419542,5193.00052445374
960.982307686403,6457.90477664158
3713.9285938813,2354.76647357742
3746.55254315115,4732.60672038006
3982.60446874717,5913.51331390191
4026.13531085389,5244.66075058302
3426.85896679156,5140.65865565834
4839.69463372764,5931.86988324379
3726.46639718043,5467.78201568918
4178.12739318971,5318.42827213888
3992.91680856514,6713.19264076267
5411.48001449407,5334.51157164635
3683.33531648597,2451.49397817538
1651.52016448553,6556.22369698022
4519.64786749853,2709.16928304892
4032.7749817523,7282.30591295166
4093.67546834409,2924.10681903669
3907.43477071371,639.016118906315
1442.66395452726,2138.57855460966
4409.06662408263,5806.04465162183
3541.06421129613,6026.09725616468
8770.06807335394,2999.86366312529
3804.90705934555,5022.73278299783
4936.06505095844,4279.14605101716
3890.40090681786,6134.47505723642
4116.99116141769,4542.90243726882
4558.04743067563,6065.87947826701
3854.3924292322,3543.28869018667
4230.4598380007,6240.80750745453
4568.86639819107,5465.7362419803
3954.04687291723,6942.1112513729
3917.52043274333,5732.10629654419
4432.6518978887,6233.70353922197
4132.42621127735,3271.29191221286
4505.69532567452,5160.03811185466
2599.50835849691,674.82011879842
3607.32291668341,7389.94540875352
8121.92269096413,91.7832670870143
3982.81079279886,3405.69899117291
4548.83149698267,6468.98696708438
2673.55230578728,6539.62874261791
4076.19283714696,2886.54099273739
4074.12877584019,5582.2413209943
3951.86183419309,4825.46953940294
3812.95144847067,5206.18557406443
3768.20849069522,2532.93399685003
4323.38092453892,5667.94350918086
3857.52062642925,2650.97340614568
4312.71558669075,5527.68284496823
4445.72435488268,7030.25712006041
3534.56462892932,4712.26061707781
3832.47165911721,5527.85325563476
3103.04972823142,3766.29663008531
5097.78140377827,4917.30989442663
4403.23207086517,1931.82453631265
4893.0992893179,7538.33292805314
2960.11458518524,5404.86918845058
4169.96022721413,4458.7914533953
3161.03580585863,2907.56873870577
3820.93783423628,2655.97472663798
3767.23147613603,1134.92992271352
3355.86936400059,1542.52718288214
4039.25803052451,4494.87961201671
4336.90809243945,5435.78582734078
4424.95592760044,6377.43077078999
3703.97905743697,1043.03301079988
4123.97386315759,6507.91671299881
3931.53447897315,6764.28454943335
4291.22878306247,4929.5853823904
3686.94548895364,2234.96523787457
4071.38253853647,2369.71313816767
1776.75431281492,1131.34950158154
3413.74320691643,4636.95897666792
3946.89987576894,5936.58725643441
3708.26950520316,5140.14700080349
4619.59997340808,6174.59852352707
4638.02497187416,7407.90407130333
3528.59764251285,5464.37211093755
4153.0126037241,3634.38989422997
3062.30255434304,6004.89867667451
3306.83174355434,5373.49798016454
5190.20209679633,6182.21372375922
3851.28877863056,6205.85598375034
4445.24184495643,4798.81570430753
4444.62359318207,5475.11348004728
4003.47664609319,3918.83278226169
3464.13966153422,2369.08794667768
2466.69942610708,574.227928625363
2678.02098542058,5709.88525305484
3674.84939369796,5396.3444265715
3826.2895415379,145.432432536465
3953.1897480651,5246.19486943705
4051.62672886924,4740.90398613359
2825.76887089154,4601.60954617165
3728.22918505712,4607.63354209076
4388.67021208495,6419.94125497783
4567.0703060036,4957.37627525828
4157.66388521025,5210.84586179603
4480.13874316307,3365.06429288266
4758.27998141348,5238.2955104756
3652.24017048715,4172.87068625806
3949.1999536358,4804.66928956011
4101.89019629542,3616.31748361739
7849.61597952031,5258.12953606776
4095.76300507275,5773.08223902275
3731.44685177037,909.023732918092
4160.05989794353,4831.209799448
4356.60649012562,4946.97572748161
4239.90009720831,5967.84471665768
4364.57935200664,6755.30521815844
3859.51181444037,8040.04391879369
4759.72298486039,7101.86511984462
3102.52234694863,4942.48627327178
4201.54586587549,4347.79871544557
4286.73308914112,1280.81699319462
4474.46799844087,5078.76871527417
4239.98022828411,6043.20344252658
4665.88236890958,5150.03589372532
4303.86318347591,6264.79058877871
4381.31155135161,5082.40611615134
3489.16536026952,3107.67335816606
4517.30135782205,4992.27071350346
4271.52479312057,4531.08109584564
4009.73722453949,4921.91309669923
3631.75697869927,4044.31719255059
3774.8819119229,3986.69005596121
3844.03254061604,2209.16345611181
3870.81114814996,4725.27525602196
2929.54073621977,5009.14982659508
4335.58379480289,5021.88030680993
4031.31278847324,980.859017400219
2675.74995451038,2626.30847072776
4459.37107466509,5338.37604579381
1003.85830909285,1466.25900108014
3538.02866906088,3111.82220247045
4001.03836761458,6215.85820187968
4156.28804444116,1964.33237951589
4513.84301786864,5811.72782620788
3128.04855623077,1887.26848984355
4417.13823582222,4204.41230521062
4288.70505219373,4961.5815707388
3564.6699327141,7253.89004002142
3498.81026036044,4468.16869146228
3425.19560915656,6152.20664651594
4652.76522093588,6044.62423617309
3476.96337819406,2610.11142315752
4157.86330189322,3454.51741858154
4004.68431801853,5339.62642877379
4036.27672085529,4035.50827194222
4412.80053989564,4872.12865646755
4113.81205299694,6777.69667231432
4480.96947688955,4529.83113572091
4622.80674496649,6438.69573111179
4305.44862461658,5157.19652456164
3898.69817064067,6110.43531330848
4375.96633708153,5843.21235970144
4381.75921836269,6488.42350873971
4233.87506764608,4492.77675284882
4117.7475016002,5787.74474488371
4298.47454290768,4395.48071936462
3366.9515416897,4929.41497172387
8377.8267006792,3804.60097308212
1777.60885958766,2979.74505594858
4041.76835727337,2492.81074198701
3907.07336579018,5794.39414372043
3787.40839934072,3881.94923291139
4330.97310614721,5124.34786002533
4192.65033860136,4795.34871409689
3662.37059607803,3627.96799151879
3878.77082214563,1044.62432082673
3762.61827271144,3890.36024672769
4078.50281038453,4985.11008266714
4548.91174487516,5142.64776676345
2714.55216665736,1415.96290599361
4123.21106456821,3777.43548313186
4844.17649267934,1963.02533393215
3391.10517086869,6907.27305287623
3811.64394598245,6187.27191828291
4439.25623220909,3756.97605462209
4119.24868654606,6308.6643582988
4244.30078637902,6839.70036076126
8258.94544681082,2474.51083524888
3880.4328913959,6837.59750159337
3190.80835676462,4413.38271931067
3512.30691241559,1101.45606668722
4206.69861304577,5622.42102703346
4443.15157754978,1830.20945928515
1887.19338968235,3606.99690815417
4204.86611113667,4776.48048990015
5006.01117435134,6490.92385184442
4515.7006594034,4697.20020442478
3179.17263226419,3841.71201855797
3098.86693299244,265.915733760691
4241.90488539964,5452.60785497338
9011.34698285354,5233.46481207746
7933.39281228199,3149.89947219697
3578.73576749591,5720.11496730973
4029.46036972253,3843.92862578863
2367.20074866586,6540.36747074304
3869.38062388635,4201.51405531384
4445.46756025372,6734.16372412729
4153.37254491912,7051.8531834874
2937.01211871021,4782.50490867452
4826.49237200779,7100.38766359435
4772.99841791518,5301.88998038033
3529.32413498113,6233.76020182573
4599.8829985452,6091.96499590383
4442.58889919799,5397.42439888495
3181.32283422218,2682.28774040033
4343.91819400184,5655.27011442502
4253.73511756788,3132.84994843883
3332.14905306858,836.222277042194
4145.28279824004,8464.74704818279
3844.36242916155,6680.11690295607
4056.08505724419,4798.13363878615
2490.79972278772,1223.07589711484
5755.81594634626,5290.637379271
3395.92202849566,5460.33722612356
3836.35765441681,1805.37390177307
4187.74779715223,4511.58789158654
3718.32505968165,3589.15199366713
4198.72079583015,5847.36141543345
4280.5144419931,6029.05216866522
3654.39126720799,1860.9554760812
8786.91026236143,3768.28574119042
4420.55867860225,6191.64804728522
4133.96656497127,5179.36090544723
3609.16224067392,3569.09047194943
4117.48719254695,5815.0806455005
4497.93041372953,3868.65043523794
4616.5034929757,3343.18407072638
4017.05173226161,6140.72654928107
4960.08212745678,6881.01712457288
4650.45008961156,6279.50975724342
4121.99184486365,4886.16575941089
4451.90494860243,6661.87365882171
4382.07375778761,3032.99648639091
4301.06951986741,5352.18607546686
3310.56261586296,2730.70847244452
4853.45582217819,7047.93162388092
7733.59527488526,3513.16786488061
3653.54746432026,3857.45449673237
4607.4737825898,5588.77697176825
6149.31199393091,462.042051725387
4262.28278574086,1441.99186674047
4460.92810814913,6764.51204555889
3320.04317140076,1293.60413601322
4495.60450884188,7128.63270300281
8463.64183328907,1410.73440651721
3985.51682288395,1548.7786749268
3994.71734828719,6303.83365990066
5109.60633946788,6060.9350318061
4838.44023637077,4871.21909482063
4289.85498957386,4319.78074930741
3922.88441258565,2733.66359637269
4050.75300980768,5662.03283846927
5662.94302636817,7139.08991338324
4099.43208502446,6961.20654883993
4361.26941055978,5574.51194984412
4218.75824881749,4451.80081037026
2262.97146584931,4306.59569969672
3953.14696685009,4171.62030327807
3457.04682669551,1843.22388680168
4803.05873957398,5073.54011008395
3461.43764615874,5129.0648103607
4045.18006635186,6896.3046104962
3862.53106645554,4815.4673212736
4469.89798349196,2228.99790455922
8121.49778213014,1502.68808674842
3292.07992325936,1888.12096603146
3885.87589118383,6347.76493773501
1916.03916765388,2208.82263477874
4058.27588271971,5885.43868515998
8291.82724487642,2251.84413953856
4784.35197852358,6166.6420791066
5002.92618873143,4518.35103848604
4865.65950764226,4196.00129139432
4405.18222852213,4393.94617765534
4572.73485753527,6587.3103236817
4066.48262250566,4298.98049946457
1924.34452054242,2419.04322043115
4582.44530264071,5005.11494178108
4619.4454274159,6205.51473956202
2838.76708040661,1868.34360304306
4090.81553341921,5080.07576085791
4108.66341703683,6145.38683701268
3731.52738895935,4604.39404800566
8108.12499396308,2976.96034268694
4582.11195916044,4419.91837008463
2980.78761352185,363.666336640724
3951.05217424088,5568.03338452918
3976.73543939108,3289.59181895099
3341.09226451369,2004.228349681
3854.49509495222,4799.04277757782
4395.76294975884,5235.85182997465
3275.5418871596,2191.7731110206
3797.32058634966,3371.59994365662
4510.37826406132,6876.41349944503
3925.83996522381,6120.38086883407
2293.61407371864,6558.04197456355
4329.26378614026,3790.84760601283
3941.60797504681,6332.64743962298
3358.85592674927,3451.56229465337
7861.21627036038,4570.18167528185
3873.14725418666,6277.17982480524
3150.90389615954,6033.76954185584
3559.93837883179,1167.43766020295
4557.35299524205,4722.60407939547
2460.91450641381,4556.25789754603
8352.65007332356,4373.4300865418
3904.19853687973,6175.62141038151
4334.22012494882,3849.4980523119
3625.51377811443,4661.56703805446
3663.90966384799,4465.55417743955
2610.19691025125,2257.12961876016
4097.69930413396,2760.60201305266
1905.40364627618,3969.47012153654
4170.13317337179,5613.44169575855
3445.36689655854,3800.9639950602
5121.41731146229,6878.00470375808
4449.62786688398,6789.57467634127
3870.96077851118,1199.49072258274
4512.94810860174,3806.02176672863
3996.31355768838,5386.45595650493
3627.21937733015,756.430495282693
3850.64517469223,3040.44148738416
4454.93527753948,2327.1462028037
4233.80474600021,4427.93147710886
4256.07002714689,5619.52277713667
3559.12495985815,5063.4808064956
3194.55696820667,2262.64217125205
6748.37690688355,2067.19783952337
3779.58309197417,6106.17293236895
4360.98803306017,1637.43619846915
2188.62151804007,5709.6577569293
4223.44755261311,2622.21671188238
4197.21051569112,1346.40078563209
4024.38456834714,5967.33306180283
3613.04097438811,5169.1878537961
4118.63132643506,5564.73680498507
3625.37374199837,3386.77410437242
4377.81606707031,5793.14376074045
3747.24620342288,2272.53085274625
4591.71031214209,6933.18858270176
4563.5257666521,6909.71715623243
4935.54368031284,5142.53401870068
4244.70035585905,4734.14083923409
2893.82266894299,916.241343499611
4799.77635580097,6898.29372160132
3837.40462803941,1128.39427193956
4614.90976979773,5411.63233535007
4063.07267210405,5197.20624278952
4645.68174192312,5096.04573515786
4854.96916375271,6976.83527895156
2545.32520233425,999.670367565564
4531.63515874316,6748.82622998825
3153.65388746173,3397.51526205452
4323.30729333005,5286.20458766494
3737.11603818966,2205.98104748572
7372.29056339969,1663.74931794532
3539.18857553568,5853.95372881117
3120.792739459,1532.1838262783
4175.10315526453,5364.12074209756
4024.02826688184,4612.7483992182
9338.36123291141,3194.9100880619
5337.10003919542,8491.57213965524
4712.08382518328,6988.48578685296
8921.05297953322,2117.94850400573
4477.49161283473,5240.00046285141
4333.75756578464,5843.72401455628
3410.88618948435,5193.17093512027
4520.2717488861,5592.52769785294
3575.33750270924,4950.95394969184
4254.44588455926,3563.74811869644
5114.84891265135,6708.93025982314
3764.14356695055,6624.93302401239
3221.41693925754,3559.76989648621
3973.22004510947,1649.48450744881
2989.75891610778,6349.29905658905
4206.80503820583,2629.9456601773
4404.77640525974,5092.29458621791
3608.45179565266,930.449279964732
4569.0361203866,2859.26175472436
3872.37549784617,2545.20969624142
4161.72375088534,5843.66735195252
2588.07395554879,1769.57000759478
4632.95843879495,6782.4707081087
4251.39740865814,1629.59339639764
4386.97619694537,3715.43221754017
4871.24854176731,5418.67921812362
4644.3166320614,6278.03230099315
4284.8235662981,5127.47360604765
4315.59869227492,1770.02468270442
4000.3857255684,5460.45055133108
3880.52732410956,6969.50381459346
3835.04227436931,4717.83046645634
2857.73647249067,3605.00779704905
4648.24272993849,5669.47805089014
3818.14386276879,2678.87783564871
3719.11886790265,3848.58891352024
4096.18921042053,3432.63719642525
3484.65644384426,1911.59260392841
4077.69080100064,5710.62398117998
4162.45393895069,5430.10265275473
4243.82587361672,4518.00979429772
4058.91419956407,5353.20938517655
4855.98939585368,7269.68960365483
5221.83218015378,7064.52657824324
3815.49629637596,3717.30758058252
3961.91737935613,6684.09512516631
4283.95349167303,6048.7162064461
3914.77406244573,5876.3456058223
3894.91250158544,4753.06614888984
4259.0289420578,3879.8463737435
3732.40363965729,1368.39475585115
3762.3708087937,1459.09815881619
3128.66362395314,1921.70857012053
3793.58376109817,4107.40043045573
4036.72378208574,5367.70148037097
3774.13407403543,1882.7788242061
7848.19864554354,817.524622082713
4817.22783159722,7949.39728414622
4351.74588661872,1113.39073331792
5256.35930191676,5837.52918511539
3461.91128151612,3601.65497775643
4022.32859604551,4799.72484309919
3916.57658132204,6172.15484302612
4694.51438680653,6175.73515844428
2733.85531277121,2223.37139257693
4456.89344298381,7049.86407238228
3963.47558920168,4821.88922398478
5222.09355113695,4302.84497361203
8141.44732450527,2214.67622003132
4337.17291660497,5413.67810905895
7902.30060164768,1870.73040951263
4132.47811620451,8218.26810467007
3460.51753017514,5054.5585606797
1624.46765133084,7033.7236874158
4614.26476211839,5535.24138259663
3604.24326027193,2365.96220065536
4021.41557406028,3125.6322321435
3861.17686140635,5382.53439689846
3997.5489864524,6366.06442161789
4176.09889878254,4650.88275440374
4016.86651503612,4918.04862255177
4050.47820124766,4795.57621022243
3821.18478375928,6935.0639457441
2033.4723244051,2145.62564881084
4486.09324975524,4259.93700548737
4515.21710164907,7013.49175503157
3999.18702131443,2885.97267527878
4296.90593975093,3918.49196092863
4953.55272258745,6649.48442279517
4915.8158370088,6281.10096155647
4341.95108095866,6069.74395241448
4691.14940785302,6876.29975138226
4901.95443231427,3803.74849689421
4288.0738465926,5669.76220961944
4154.63482266604,5862.99014554509
3663.55841413362,5064.44703074628
3214.05018528287,3237.64764552003
2934.47180229848,1445.1176127628
3785.10855266294,4582.45716324561
4899.46113265455,5706.36160024044
3696.37617034914,5787.00601675857
4337.60311506744,5987.90623837538
3870.95730766476,4164.34592437898
4067.02609756534,5910.95588533818
3527.44901198993,5901.35157400091
3538.93867198904,2030.82552217266
3582.02674237332,5251.48056008628
4374.59740582178,5376.39665291657
4081.57015694014,4076.88212121285
3728.12513657927,4563.70268711165
1701.00753911172,4384.56893958836
4391.41505514762,5255.91335169235
3308.78189405153,1357.65349245523
3538.9042788583,341.388286977723
3604.16531801855,4722.66116485448
2316.10729611331,2378.18102601536
3504.62487578068,3268.3367882847
4163.21777144636,5544.78903133014
3527.53651176617,3448.72070736035
4589.50004987629,5916.01407986187
3440.2920378179,4512.89493717028
5433.97339917883,6714.61343440919
4102.92723597934,6597.25587920729
3944.44766304191,5241.81916329
4439.66314869776,6780.42493439983
4092.91313365778,3284.13592906286
4090.25187365014,4801.71395420431
3929.38010484068,5078.42789394111
4955.36228172131,7222.46174627637
8770.99202828813,2676.66143984567
4133.8131802629,5001.59128896668
3371.61739604022,3901.95366917008
4527.12653275468,7693.4269316485
3902.28652177831,5751.99740759536
4033.77609751458,4629.62751230981
4912.14220696529,7507.53046008096
3733.61732661383,5416.69010701851
4082.9823398293,7053.16022907114
3936.60790067761,5509.6100115004
4312.60423069466,4491.81052859814
4590.38188413142,8319.03028265441
4966.48762603037,5740.97230261158
4095.06143231781,3632.40078312485
3499.88498684593,4583.87795689213
4936.47758920396,5411.00693243246
4050.67698713622,5020.80033449648
3633.45235613264,3702.75839992908
3756.26361207589,3671.61468776859
4066.412582342,5017.50417780762
4950.38393494177,6215.80153927592
3335.34629664429,1013.19634422312
4061.75068822276,3805.11262793697
3750.99697701813,5496.53870995249
4452.62451051266,6905.68184856318
4353.16341069543,4921.4585273034
3909.23480728606,4071.02811310502
3843.79938285969,3091.02174119999
2700.19063763469,1224.26940606343
3182.88851388267,4983.2347196248
4363.42883491434,6276.3840112211
2374.64340367989,1320.485572948
3652.6138119829,4406.96081659949
3301.64231960781,2342.66118485256
4217.74406106042,3793.80294136863
4461.96608634095,4491.01471501399
4014.12346516688,2862.61499687223
4046.0497064692,4372.40719968737
2850.12105199476,1306.78907991009
4123.17844758883,3415.98557945918
3711.37704417885,4350.81113626038
3919.02967433643,6228.1341126987
3730.60941022581,1274.79278584788
4134.19384040206,4799.55443243266
3603.51529082584,4449.47087793208
3966.59077590282,4577.796875514
4747.54894894269,3967.99224243101
4494.8303697814,2042.19187134476
1703.3450452194,319.167058489202
2460.77759962895,1590.83416686356
3927.16658148865,428.227189366852
3760.92791983314,2145.39836411292
2126.33407893667,1767.06934734863
3590.52885185719,4333.87493770976
4711.28966304412,6019.73201605725
3817.40673000234,4126.38240271523
4273.20573522199,4820.6388410048
4026.61139215205,1457.79100751864
3740.57450436065,717.15976946448
4232.48951450138,2787.02877487778
2836.21389378789,2362.49563329997
4435.90571337369,4759.71512487131
4273.63362087063,6560.42899246074
3225.48705326056,4542.67494114327
3516.81329311313,5515.52068221199
3846.32357632072,3267.93888149262
4055.763996652,2966.84437649483
4045.41012850663,7637.90180851651
4330.33902870923,5726.59395547993
3437.66689202394,2416.20163313813
2863.94758939407,279.043856483082
3728.35321191093,286.318314667533
3625.29201055287,124.120527838784
2829.28514725659,1577.19454785704
4280.60097891035,4993.86191781651
4756.9202848006,6606.46270660774
4977.32680468504,6335.2048681867
3781.93973411286,4390.76376902925
3618.86726219434,6642.15295843707
3646.60783440929,4975.84659266293
3677.76363373834,6067.69775585035
3043.46440535896,1038.48647113104
8037.0155102346,449.652762841945
4914.7442274896,6780.25410087804
4775.06603364512,5282.34011351747
4665.79173095423,5394.58281159193
4167.39442653271,3484.58158128384
8341.14741031563,2727.29856769289
4349.29622182442,5720.2287153725
4693.66961980219,5868.61623467212
3880.17393931073,2892.84935881343
3576.26735560614,1459.15503284758
3555.86285914504,5792.3479471563
3438.43005882079,4526.47789357304
3225.43359076605,2114.14090388965
3712.3891218228,5972.90248832611
4292.47729279166,4067.33404962409
3169.99235027206,1539.91288028704
4365.47265636654,5600.99579712826
4083.22670625199,7210.69791316745
4126.7752408426,4809.67039862478
3984.78963896008,3311.81307386797
2520.92554504647,6013.02595461676
2648.15017357132,2201.49117042064
3820.2036079141,1472.62413547375
2826.30321382025,434.308191459614
4150.88934745224,3835.9155187644
3763.4509483861,6375.89665193595
2126.78549736627,713.238368428725
3687.66211219787,5529.33071188504
3836.9756118107,4645.48373854699
4671.56060111856,2471.38508922655
4720.8527486976,4816.26271200249
1727.51958556308,486.366060096436
4120.75809176807,241.932731721876
4380.87068842011,7217.00606781586
3146.0624318432,6721.09242257938
3430.12594941797,1155.67350995259
3513.79171653026,81.0988975438202
4244.97463310426,4787.67642840572
5038.52053203773,2234.39692041596
7433.79226970076,2881.3125989748
3297.82863347009,3749.70167572299
4142.79761457279,5311.60846263562
4707.57706615044,4655.42887121732
3859.99704073933,4613.43046473958
3715.4394755859,4576.83065126333
4350.72482856723,6389.47918548346
2966.18408730634,3174.79169231281
3535.24419185435,2969.97012251715
2643.52106272089,5269.04131584402
8402.43831428631,2487.01381933819
3483.36107444594,4478.5688163837
8027.41280083128,3606.48567615457
3828.69522742977,4536.36678649486
4337.17050376135,3438.66140377199
4145.91858943553,5447.55008330495
3535.31501586091,1181.98662942876
3273.70606019731,4890.42814035042
4297.20711382894,4718.1712877894
3955.17339331137,6804.86258511984
3799.40847722561,5463.51963474964
5112.57545629944,5545.18693812221
4112.38357453512,5367.18982551613
2406.21368101902,1798.83825099911
2265.95704942803,2967.24207185928
3132.17190681803,2843.06470715412
4893.65880613286,7131.13346896277
4112.55296046996,6018.70912920281
4345.05523545771,3247.99089641007
4129.3373609803,5288.13703616629
3740.62358574327,3213.32353143517
7903.1297168279,2401.1412204851
3957.71353379776,5095.42033224024
3516.36173607779,2346.81002915695
4529.92467801358,5318.93950413847
4182.01322403139,5559.90610658692
3776.88808123133,2665.74966006941
7300.15740874527,562.804758278787
4729.46846623597,4867.46836873594
4863.85050644588,4826.89033304945
4335.30354935802,1610.72527791472
1740.61318450179,1520.47644434551
4729.60817756867,6677.38864087057
3879.05767017266,5584.23043209941
4792.33663235186,6133.16801165268
3879.59840161556,5907.09141119072
4060.80067534224,6268.31381873786
3759.69391982041,5323.08855987049
3847.11007366733,5727.73059039714
4393.13237050457,5078.42789394111
4094.38306297644,5490.74221015892
3630.1835180734,6052.18277380149
4029.41360819899,5184.3620145119
3511.53783481289,4736.47119452752
2589.05163368104,2400.00458556789
4571.26845859481,5634.5831897897
4678.53536575943,6325.03223939082
4077.48014549494,1981.72293603473
4331.0850159008,7975.65321244956
8570.94419206567,2558.16724972656
4695.28173487458,3335.05721563938
3656.30675150142,5531.14941232362
3770.53804242906,6450.00499482487
3594.88270486857,2976.33515119695
3842.90646321016,3714.7501520188
3866.47869841325,4464.53129058511
3794.16527148776,6789.63133894502
4629.68809256267,4581.66134966147
4503.56507078455,3176.21248595933
4031.44449357265,4303.01538427856
4131.07166778649,4374.33922533347
4316.11043799494,5564.90763850685
8631.7616607568,2896.31613759644
4805.69844160821,6260.81236656847
4819.77054005467,7172.96146477399
3944.44893575618,3069.99399523161
4199.52494080853,5632.42366801805
4831.33584971549,6089.46465279912
4192.38126514549,5401.34553563617
4620.86603597951,4703.50878192844
3996.30346354272,5520.57887673567
3408.7841157115,1197.61535954039
4356.87767750514,3265.77935972097
4090.47828125296,7633.92358630627
5123.33734887716,5733.86833437902
4319.93205789403,5553.88211066782
4537.41128592687,7040.88474110737
3595.83297174244,4130.64478365477
4274.78945655089,4696.57522436241
3649.07543992582,5032.28043173134
4014.60774800706,5988.30414516745
3562.23316478464,5271.08751240815
3966.94608260578,1780.99312508445
3253.05961901409,2484.91117159792
8325.63862234143,3427.8633720585
3758.69062494304,5150.88836991322
5086.59247287449,6484.67235979977
3124.99001927882,4774.60512685781
3020.46192711153,5029.83675123039
3891.27872079938,2848.06602764642
4070.45124910504,4599.67709767029
8127.36278647641,1889.31447498005
4469.71195776106,7383.97807543817
3357.98684628294,3988.33792287801
3650.26648078382,5692.38115990086
3646.35376219776,4556.14414948326
3998.5588409093,2423.58976009999
4516.09972479766,1490.63977776876
5584.28509879458,6317.75743763648
4736.86123037042,6880.2779735925
3084.70772856477,7084.53143735718
4327.09840200008,6530.87648461329
3063.15482159662,2517.41880337355
5020.97305057463,7233.25977798986
3655.3701114139,5232.04401843094
4491.36022257971,5742.9614137167
4258.0431278523,4985.33715593743
4899.32829243419,4211.68668410972
4351.95097154207,6609.247631297
4938.13796592997,4154.17329558311
3482.85606229249,2190.69313870715
3681.02181302197,6127.54192252564
4240.56120116597,4152.80916454036
4292.90094953331,5139.40827267836
4490.85630924671,5007.1040528862
4949.00567789102,5385.66014292078
3801.84886118761,6750.58826782307
3630.20481615305,3084.99753385325
4177.9844807416,1453.2444678498
4832.61360704172,4295.11602531711
8769.45195392578,7407.16492032294
4271.33646266573,3084.65650109256
2102.45438704874,1653.2922132787
4085.34808047145,5304.61824246583
2902.353572505,3506.06389664805
5276.26537468233,5668.68223730599
4173.41054321091,5118.03928252166
4420.411920915,5536.7188388469
4103.18936284069,3300.56026133101
3429.74500961978,5839.17747488744
4351.80466778368,7484.39943208944
3584.04810981824,2418.98634639976
3385.73740459168,4103.1951349752
4625.04761670845,4065.85659337382
4873.487668837,3792.89380257696
3747.16368387138,4244.36493797949
8263.05103586102,4206.74266050406
4635.22814283111,6434.66042344254
2336.118297225,4431.90969931909
3287.78302890261,2866.76362974899
4223.43404101972,4957.83084465411
4262.80121240881,1428.23849967119
3353.63749842266,5181.97499661471
4524.61356944536,5767.96738189531
4405.65146718986,2488.88939380816
8273.76537447494,2361.69981971582
4436.80856716913,4545.97109783213
3540.27833486008,4189.46564062037
3311.83305749773,1601.97323133773
4142.02407410723,5821.73004433722
1881.42897583335,1186.87409614447
3558.55175700318,4404.34630257676
8799.6937786391,2080.4964257692
4099.5729482107,5259.60741517328
3668.04380589295,3303.28831198889
3760.68543869075,2661.31686846334
4238.75682955171,1874.53822105633
4050.35264796164,6900.96489822781
4083.90685700696,5736.25535227621
4453.52880835896,4638.03852612612
3676.38932278027,5205.10560175097
4627.16693382903,2778.33339090455
3523.80674422842,5300.07170279699
2858.45610500365,1190.73867600575
3368.58121520691,1199.66123896308
4684.95780583766,4985.22383072991
3897.61355473997,5634.75360045623
2849.33411868812,945.1118915395
3992.26578596603,6531.21772880161
4253.10849745649,5312.40385336452
4454.06030819716,6290.70569574899
3653.97532809878,3246.11553336772
4253.0635749075,5163.78883793935
3699.42405637308,4419.69087395909
4735.61530502188,6728.42388693749
5270.37121256297,6357.53965973882
2033.90553944047,5133.55468742578
4373.27902835131,4441.62818157439
7344.52587807382,2649.78010862471
4284.51834235362,6854.53327728875
9005.29431023899,2679.787185868
4830.25774178943,2812.14827969154
3763.21383481131,6609.02013517146
4657.62254119935,5979.66563522561
3300.67357658059,5040.1797906928
4213.92067396594,6205.85598375034
3500.30988893956,6691.59657733569
3783.82132206976,4642.47131773218
2470.17342259699,4333.76161250224
8377.85097199976,2713.09063122777
4613.14744108218,5039.21398929737
3961.03961264399,3915.47996296908
3694.47769690573,6134.9300494875
2877.74756916121,4071.71017862639
3828.27618573734,4943.67957079275
4250.07914421297,5568.03338452918
4036.33550626919,5400.43639684451
4580.0356015959,4195.54672199849
7688.99444021876,1429.943452047
3411.59207879805,4141.9544702231
4282.56350101103,5134.80464755051
4081.74999636273,5234.82852026496
3568.5716773483,5416.17887501891
3823.68453469087,4362.80246549484
1921.8780327898,4776.25341662986
3169.73516233516,3055.1608672765
4243.12353092356,5450.33458513896
3249.06033598831,2378.35164810952
3882.18578870791,4258.23205311155
2033.41538129329,5238.92049053796
3587.73722463567,2289.86453523369
4090.95619227091,4432.30760611117
5134.57158300577,4561.71357600654
3954.71019685018,4872.07157100854
5002.96974232533,7599.19955872762
8841.0635951666,1954.15953929239
4443.61117989146,4501.13110406136
4572.24223962419,5360.48376407564
4567.50890198781,5985.29172435265
4293.42072206462,5302.96995269378
4748.58465871385,5209.14090942022
2412.82415478917,1195.2283416432
4613.26593678192,3610.23640223927
4339.04155983645,3417.690531835
4535.88169477213,4326.48681074789
4433.64634304665,5358.15340878221
4434.36397660113,4681.68522237592
4071.05843028146,3995.83979790265
3152.72346844081,7032.075820499
3718.63591813703,6329.23753487135
4284.26514371111,4931.06283864067
4593.75930173102,4461.63304068833
4461.88723623734,6406.5287092416
4008.61221666541,5689.5962352116
3842.22963894914,5063.7649652249
5191.59736331644,7100.27349267633
4648.63712094642,4130.24687686269
3243.38415566642,1171.75691517387
4887.14967852717,3409.90449808106
4217.19246424014,5914.19537942328
3802.1447236048,223.63290426911
4222.88610532329,4968.11722151276
3778.55967419703,6266.89302509134
3294.60870307507,3385.46684736105
2966.08435052188,772.798059233275
4512.34208103322,5213.91452235935
3523.04774651642,5975.91448628567
3483.82961284296,4349.8449120097
3547.64476742586,6729.5605218547
4057.76639423687,2244.74017130599
4263.16060739349,4103.7063669748
2533.15352850576,2317.31439534088
3335.06680089523,2470.87364579934
4698.64682646601,5443.91268242778
2771.33499798166,2436.71772425166
4066.56946845473,3408.0860090701
7779.50260718473,2283.32888445974
4442.25235982684,5359.34712915843
4186.10475097054,6062.92414291122
3163.79048240339,7891.14474463923
9311.3538428329,1835.15390574606
3875.56963943775,5733.86833437902
3351.78300451086,605.201230119327
4515.69749715001,1872.15120315914
3565.44265720421,4857.74988648065
3918.65253916651,5313.9383950738
4756.74034776536,1896.7594759733
4053.36091857561,4185.54408101389
4867.75035642951,6048.82995450887
4278.25249308651,5849.97550660093
3307.20915067118,5178.16760792626
1297.19994921166,764.784793638328
4176.58481755256,5487.72978934411
7969.93501093044,1829.01595033656
4187.72245238843,4704.75916490843
3580.46380140421,4678.84363508289
4025.57294887857,4282.0447237692
2681.4452970162,5150.26296699561
3874.49226419137,3330.11276917847
3478.24215889249,3213.32353143517
3473.2379232507,6688.69832743891
3699.51739046262,5058.877604223
3378.38450242968,3473.10148404897
4056.07388425873,1792.64363298585
3399.43035331766,664.022087084928
3717.5340354134,4477.48884407025
3086.93877232598,1938.75809387867
4200.68063717072,1012.05970930591
4290.43264327633,5820.13884002418
4424.5164156566,6569.18125046536
4178.00978860749,5740.91521715257
3286.84010154873,1424.9991112999
4803.747888743,6680.45772428914
4355.60938653098,5488.58226553202
3854.68412190899,4132.00891469752
3102.22230888478,4033.2350021078
4359.82047275994,4132.74764282266
4204.14585320826,6609.70220069283
3997.22855344521,5354.06186136445
3878.577737542,4746.24633938658
2419.02190474925,2019.85707979264
2947.78066284971,5662.14658653204
3456.26398359564,6758.48762678453
4145.01742594535,2424.66952098581
4051.62151056046,4888.66652537085
3271.45069934075,1328.78294441534
3565.12849732874,1849.0208094505
3911.35540244362,4914.18414840431
3982.82979134814,6436.99077873598
4059.79943369284,917.605368828551
4523.67525857148,2902.8517883704
4559.58690847799,6339.63765979276
3565.45346764264,4884.51789249409
4403.14228005528,5888.73484184884
4667.39268476035,5148.16010782772
3511.88769241106,2117.20977588059
4031.9316571904,4271.2466920557
4221.5823665332,6926.99375326086
3705.64706055161,5364.0640794938
5063.09635887221,5548.02852541523
3707.96376109748,6665.51105969888
3475.44901597019,4450.83500897483
3910.32031520862,2875.06110693015
5174.99798561546,5319.45115899332
3423.81205881977,6111.96985501777
3990.30889946814,5312.46093882353
5025.13306676605,4443.50354461673
4683.97787144548,5100.47852676392
3017.43587270528,1877.43668238074
3570.087086135,5628.38836034881
4336.71281768734,4118.93761314961
4541.39937892265,2737.58515597916
3778.02307395488,4908.33014029648
4201.53757642594,4457.88189174838
4952.85343734818,5994.72604787864
4052.30451145176,3929.85831010073
4205.36685963452,5305.64112932027
4172.81147658413,4748.12170242892
4232.20117274356,6221.0868070699
4338.16487413459,6650.90521644169
3870.51920297161,5324.90683745382
3089.45165253543,4485.89985788655
2787.26675078584,4696.51856175865
1916.56931206427,3313.85884757684
3865.04195395073,6271.21249148989
4326.76144438015,3300.3329766331
3689.17603678897,582.980028059259
4708.32403868099,5388.89963700588
8010.63660912351,2577.77420204843
4799.67386395971,4936.85976128949
3905.28225131373,3715.54554274769
5015.72067632579,6444.15140957229
8109.79841286026,5377.19204364547
3275.40261025696,5878.56179019771
2615.86301929632,3097.72780264047
4177.44746421449,4303.92494592548
1860.23826110242,942.270304246475
4211.93116869287,5170.66573290162
3826.75351710548,6648.0069665449
4916.73018628241,5400.77721817757
4249.86354892985,5604.00779508781
2585.67670098757,3559.76989648621
4905.08947123884,5411.29109116176
4474.86989079779,3217.24509104165
4758.50621417507,7256.5041311889
3535.05724549259,4585.3554131424
3730.51514639334,4278.97564035063
4051.29658318109,5384.01185314873
3207.02795688634,6490.18512371929
4367.35385123451,6580.03594478261
4747.17523985913,1331.62453170836
4487.14375996353,5428.79560717099
2667.5588562193,176.803548322917
1865.41488771947,3050.33016887835
5605.26078209643,5921.81100251069
4039.44107155936,4842.8603073494
4737.64599874062,6254.21963033551
3806.32204591276,6394.76445327743
3798.30614930728,6644.36956566773
3586.52763433765,6364.58696536762
3419.29196865365,1726.43464905838
7952.0789528809,1352.14083424952
4884.05308092836,5395.37820232082
4364.78719256777,1536.95765064505
1594.48764900435,965.344035351357
4708.97879443564,5091.38544742625
4161.92572465722,2789.0178859829
3770.20687437358,5203.91230423001
8792.97254520252,2530.1492835884
3712.096592575,4874.79941023879
4293.21366411964,4687.93671442057
3600.63928940126,5523.02255723662
3797.9451729474,3016.17424733068
5170.04580992102,4586.54913351862
3480.52841532898,939.030915875191
3899.30775987885,3830.57316551141
4331.16437826232,6849.19134689101
3699.79322130762,1725.46853052152
4046.68903371782,8.63842487526007
3917.66728361059,2879.20973980691
4031.64490413772,1828.67491757587
3795.8935209871,3531.35402355596
4114.73896743699,4513.23618135859
3989.10064877087,5612.53255696688
3675.82432929281,7250.65096879157
4694.50133453673,5228.0087107617
4062.53845061809,1671.76253068336
4360.75773096976,4346.54875532085
3938.63073527496,5014.26468372252
4461.76316143797,6956.31918783803
8249.9579375987,5181.23626848957
3489.76695617211,5710.73772924275
3759.24351866929,4196.6833569157
4200.14711169813,5399.18601386453
3170.47060660267,3763.39795733327
4441.30955055587,4942.25877714624
3953.67407793915,4907.59141217134
4102.20899015686,7404.43750394794
4435.99855335845,6929.03994982499
4286.23943120914,5964.94604390564
4319.86532243635,6309.57391994572
4777.65555575697,4421.28250112738
6883.3915490394,875.152022956625
4562.93312175359,3827.61783015562
4164.31653613217,6426.87438968861
4144.36048224105,5430.15931535849
3411.02794977643,2696.72296156337
3866.32747866664,4902.1923963146
4241.11157621342,6662.49906173932
4246.3950378335,4014.65135949562
4583.50013725763,3578.86519395323
3523.38318235914,5145.602679264
4128.27450449353,6165.27794806385
3880.24461124797,2086.17960035524
3055.62015222594,1037.06567748453
2083.10966560879,3170.41556331051
4137.79611308902,4852.52170414568
4530.7754758112,4194.97840453989
3509.76651766165,6475.80677658763
4148.01127212747,6093.84035894617
4734.34356793937,8311.18800915196
4036.00795620583,7447.91378953121
4181.08751821822,6193.52341032756
4690.10542385635,6015.46963511772
4134.57928203265,4355.30059047021
4489.5639284961,6784.8577260059
4203.89902789129,5901.52198466744
7990.35508687316,6191.64804728522
3343.2059407242,944.714090461239
4138.95043086029,5900.10119102093
3109.91910242741,1865.95658514587
1369.40174125353,4094.27246630406
2163.83761717524,905.727470515422
4901.08121661564,7867.90039144019
4490.62684031854,7554.52997562338
3844.75143144259,4446.45887997253
4207.90763170034,6116.17557335354
3545.97714604899,4369.0539575395
4801.4626520745,6119.35798197963
4634.19977275465,6001.14795058982
3553.31695583028,6991.72528093806
4189.80851306169,4960.5020212806
3477.80363201329,5097.69360207466
5239.38946325104,7356.69883742514
6919.65074348208,1471.48750055654
2969.62950654349,6846.63391832729
4049.78530153245,3727.70770550394
4132.05618461079,3479.69400885431
3324.93053295258,3656.83843384486
4781.99066688669,4970.67465007648
4400.38414059132,6416.30385410066
4441.48625000028,4339.21729096274
4506.25640402582,6178.69049380008
3896.39966517684,5426.4085892738
3792.07131979051,5163.84592339836
4645.69510838489,3954.06846469519
3724.39025692449,1238.87514360682
3528.27045170657,5311.66512523938
4132.46116156113,4043.805960551
3983.94425423318,4939.07636852015
3149.88307532026,1546.05072998273
4839.91787950951,5952.61347048287
3841.12957888404,6853.62413849708
3564.99042075161,541.492853581106
3984.63428495858,4753.4069702229
4640.89300719583,6370.66804674574
8309.18869934377,1544.45941995588
3042.04821949295,3095.28412213952
3402.21654617823,467.270604058695
4853.72103809056,5894.87258583072
3852.2381013747,5984.49633362375
4543.76310281005,6959.89950325619
4435.4460100005,6710.18064280312
4679.41172802763,6353.73227105036
4297.51565301092,6127.3144264001
4083.07355715606,5543.82280707946
3489.98228465475,5397.59480955148
4633.3047253968,6721.49032937146
4058.59849596605,3396.54903780385
2057.46644811897,4044.26052994683
1732.35435915883,2349.76515308512
4396.43721978186,6326.39594757832
5624.16404616401,8017.36788305326
3662.57178897488,6289.05740597693
3923.46742700844,4639.97097462747
4349.61929214935,2488.94626783954
3780.21216102694,5905.84102821074
4169.69501712386,4578.59268909815
4056.59368049794,4956.63712427789
4181.17329723787,2075.89301206897
3918.18330990292,5210.78877633702
4597.07315206733,6064.91325401634
2784.99609264999,5562.69103127619
2555.18673551,2455.98385524046
4670.11635400982,4317.2804062027
3412.57906649382,3017.76566307135
4833.20776426143,5949.65855798232
4650.17684094222,5886.57532007719
3505.08299352736,7063.56035399256
8277.88883209983,1537.18504105678
4313.69921896344,1540.99274688667
9212.74407815266,2131.13355361641
3896.36240181578,3688.66421152673
3032.2460346519,5535.24138259663
4240.75803606209,971.709169744969
4418.03542318809,6373.9642034346
4429.14325585091,6292.75146945786
4473.63677160272,4655.99718867593
4358.20079505878,5240.90960164308
8844.78792055533,3256.23149955984
3795.54912582528,4935.32521958021
2992.58563703004,5197.26290539328
3986.01549659803,6035.58781943918
4178.80781984048,5687.66420956549
3164.24870848052,6329.74918972619
4712.9458973081,4679.01404574943
5121.5560804179,4668.27309949494
7746.72861405973,2478.14823612605
4510.57826656305,5694.02902681767
4657.00684534671,6258.76617000435
5154.37806988937,6230.40738253312
3967.79469605539,3929.06249651658
4266.61345936899,7126.927750627
3913.3520834196,4974.53912422394
3983.51454084594,6708.70318655285
4399.00996145294,4431.62554058979
2910.58043746136,5930.96074445213
3937.47459600563,5904.2498238977
8412.79599630834,6979.73352884834
4047.13961402335,4103.76345243381
4218.23052938393,4939.41718985321
4204.50120066731,4907.08018017175
3713.72284701295,3913.43376640495
3466.72459504718,6006.94487323864
3085.51528663344,3866.88882025836
3937.75839229626,4109.38954156084
3738.771841838,5486.99106121897
6593.19187600643,5538.76503541103
2858.00271445828,6117.02804954145
4034.07443881553,2346.58274445903
4138.74582855649,4214.98326365383
8721.54938355878,684.59515794366
7754.83202890951,1128.2806295906
3530.71126372363,5829.34566742463
4377.55792871438,6043.20344252658
3628.34280208269,2273.78123572623
3190.27698225116,4592.28897070843
3997.31653385078,2088.56661825244
3788.89964473298,4047.21586530263
4555.81444283825,4907.64849763035
3992.60657627043,6973.65287032547
4524.57070133794,2685.07245366197
2380.92247589475,3647.74535450718
8645.81948798076,2585.95793116681
7546.49553081778,1679.66220678625
4238.61560577125,4856.1586821676
4138.14850554419,7660.80534038248
4214.8509736499,5123.94995323325
3499.83601036495,5891.46268107909
3982.55248041861,6400.44762786348
2552.54590681154,147.933026711481
3685.18850035415,2082.65615896847
3504.96097182711,882.199170014707
4384.04983956834,2323.45213932277
4717.33901677002,5564.22557298547
3832.14212687771,5906.69350439865
8114.24644280097,271.996735853454
4347.63759824859,4831.49395817731
2509.17747407273,2679.95759653453
4861.2537387198,2042.24874537614
4082.54361898136,5972.50458153404
1492.85989111851,2924.61826246391
3179.82995098577,5008.52484653271
4258.59216186158,4635.08319077032
2127.07362507634,2549.0172963575
3509.43482270868,2382.27299628837
3975.62143760759,3811.07996125232
3839.51804471669,2490.31018745467
4640.74048933282,6639.59552987335
3688.68472355499,4039.88440094452
5251.30631710771,6138.56702750942
3651.03215552025,3215.71054933236
4867.21849790468,5969.03801417865
1384.11721375774,178.622169476142
4370.63498972297,6206.08305702063
3704.28260012569,2566.63513757425
3803.5231224153,4719.76249210244
3770.4317700853,3757.48770947693
3496.41419180189,6425.62442956388
4465.16996910816,3422.29394553522
3262.06266594255,6782.52737071246
4922.37646337796,3544.25491443734
4462.08793985741,2114.8227579834
3908.03655988173,6078.26871429355
4034.48991563568,3220.02980430328
4258.78512803465,5054.84271940901
3995.6294800826,5034.32620544022
4677.12821981863,6123.56370031541
4627.3974126167,2278.95296688506
3433.83500631267,5178.84925059238
4117.23292725674,5928.17581976286
3519.7528231786,4876.10687867778
4150.16088336733,5771.49103470971
4091.73078709861,604.74655500968
4376.06194052464,4953.79553698486
4023.76114198824,3054.2515170572
4029.43170561428,4744.82554574007
8388.16935957135,1592.08444412972
5271.15254322128,7410.63233338883
3933.00703035955,6134.6458907582
4409.40492972392,5624.80804493065
4498.77379368138,3702.01967180395
4328.36727044069,5425.78318635618
4461.48771123956,4979.7110668104
3347.10609838575,4192.76179730923
3744.78898627959,3142.96591463094
4597.65672642967,6288.94408076941
4289.73120439398,4411.39360820556
3988.99359412226,1614.98765885426
4354.51492092506,7331.35204791346
4521.30768089452,5002.67083842488
4146.99156889101,6490.92385184442
7311.77026983181,551.211071551867
3744.35892788184,1714.44321411011
4799.33437988484,4721.35369641549
3726.77625771659,4637.07230187544
7400.42588808358,2830.56172306481
4333.84675525801,2963.37759771181
4175.71553159804,4206.45850177475
4194.69199732542,5560.24735077524
4170.58360276907,6543.54987936913
3161.78155463637,676.695587554578
4172.65430947454,5692.89239190046
3521.88425721698,5052.00113211598
4326.1804840638,5509.49668629288
3496.21788869759,4954.47760250624
3671.06695474079,5518.41893210877
3406.6315571908,6557.81490129326
4122.20649996099,5569.39709271668
3885.84964583794,5426.23817860727
3255.84964926886,961.820382536957
4581.19709181388,5780.18620725531
3497.68003325291,3799.03154655884
3428.19077748063,6230.57779319965
3089.98187544952,5612.24839823758
4553.01224062082,8407.00616353064
3814.92353971358,2275.54306213343
3672.75014289422,3568.40840642805
4271.37107512789,6150.6154422029
4429.55498520138,6375.72581841417
3475.49958288467,5099.79646124255
4300.73459849894,3288.85287939823
3995.45089627127,5740.97230261158
4533.18244395804,4814.84191835598
4090.93750912144,5217.38151256999
2917.40808665702,1818.50207735237
3313.94493752709,1967.74228426752
4073.30117870281,5127.30319538112
4528.20315311213,5052.3986160528
2992.65474709146,5168.50621112997
9093.07114813892,3455.08573604014
2502.27476897504,7105.90000465862
4905.44472186904,5114.23189383321
4483.92841092633,6884.93826132411
3951.83134622981,4212.99415254871
3974.33290015144,5649.30278110967
1355.54224950827,1952.62499758311
4898.1791769865,4499.31240362278
4302.87443924271,4919.52607880204
4394.15099255112,6154.02534695453
4759.66035696069,5081.15573317136
4557.19789026902,5561.55439635898
3517.32281420408,6925.06172761476
3870.82567054866,5624.52388620135
3988.61115975655,6057.75220032476
4127.3703221487,4368.03107068506
4013.95796950489,3871.66243319749
4789.66329255921,5242.21664722682
3748.2884778337,2598.06321989167
3330.42050591843,6266.66595182105
4864.87765739078,4168.38123204823
4359.55521174726,5938.51928208052
9097.72546388723,2160.28815467179
3788.69582791426,2777.3673780815
4504.61045580132,6207.95884291822
4087.70441779524,5602.81407471159
3842.71221199227,49.3867853358043
3734.24046598583,6304.23156669273
4006.28629142513,5561.38398569245
4415.36550683315,4983.97344774993
4317.36242157252,5746.88255046792
4013.36618918118,6135.55502954987
4423.88278012203,5522.90880917385
4400.72462923883,6304.79988415134
4014.1773942815,3363.75724729892
4015.22585048817,5782.62988775626
4207.9630701343,4267.89344990784
4073.60737595577,5759.66969328653
3915.48828450839,5253.64008185793
4054.55113910904,6507.80296493604
8145.49112967042,544.845937158256
4058.0378819095,5978.64274837117
3714.46170170885,5401.40262109519
3407.10640453552,5982.16597833032
4078.22161070001,2948.37405909017
2496.26953048319,1384.98960449964
3639.88086313561,3064.59497937486
2891.82683694407,3149.61531346767
7005.80044902866,2827.54972510526
3924.73291285365,558.428734990292
4350.85019538207,8798.12190025829
3695.22315328258,4691.28995656844
4377.59851623401,5297.62759944079
3669.47815735373,4310.11935251112
3757.61121156011,3071.41478887812
4570.68878045526,6181.19083690479
3167.27975914339,2901.71515345319
2060.06520345154,5419.9296011036
4601.18568160933,4538.52630826651
3731.17408106698,3439.45700592851
3848.12518926129,5370.71347833053
3671.6205426802,3586.25332091509
3983.91563096665,4620.98900236797
3715.08753833429,4782.10700188244
3754.04180502267,3677.41161041741
4850.88525466787,4892.87224370663
3914.71547186004,3275.21326039171
5144.66038414791,6692.79029771191
3883.48785210717,6592.65267693469
3766.50751342632,2511.4514700582
4185.13191099843,6181.30458496756
3674.51356636815,3007.42220075369
4801.16468732285,5946.93029589682
4367.48896931211,1575.31907910088
4078.1395169258,6603.96236350303
3795.89197915222,1098.21657260212
4462.6235830306,6698.70054556825
4668.41656373026,2843.57636200896
2917.01655376372,4749.25833734613
4243.04476645226,2206.71977561086
4204.69655047959,4129.39440067479
4409.37306331822,5273.2470341798
4700.79687344434,3687.6413246723
3979.02922152646,4893.89513056107
4542.43897297673,4069.0390019999
4362.35512641013,5425.61277568965
4143.30302315346,4635.99275241724
4244.46559536611,1420.56621398002
2515.48771389753,2309.6989836811
4085.71899018927,7209.22045691718
3647.49241075453,2808.39734217922
4448.79123410587,4362.97287616137
3607.57000149389,5073.48344748019
2837.67183355477,862.933197596621
3757.92193506675,3334.71618287869
4624.79875191797,6050.19366269637
4599.31593252436,5453.00576176546
4194.39083878019,6359.41544563641
4333.99727218964,5134.69132234299
4407.76022712959,6574.46651825933
3888.7458814908,5208.2313477733
4208.01950528559,6728.537212145
3568.60588748477,6177.04220402802
4164.3963854601,4358.14217776323
3152.35474475236,4792.39337874109
8194.589697469,2512.58810497541
4307.48924376176,5315.13211545002
4416.38111926951,5792.00712582324
7996.68748891771,2910.29678936365
4104.71218504303,6651.92810329612
2219.83979873267,243.69450527217
3888.26215839187,6021.20947230752
4453.76259847974,2514.46367944538
4236.16510797747,6336.39858856292
4389.80992904307,7383.75057931262
3714.2288258959,1356.85789029871
4356.13513935659,4394.96906450978
4329.87861618,6988.76994558226
4449.56262835642,7340.67177766618
3876.22626771198,6157.946906561
4128.78787200582,6477.68213962998
4267.65424412376,5580.3655350967
4295.99156108877,6010.86600998986
2991.24306406117,1969.27682597681
3975.76368593946,5228.40661755377
4139.24105298426,5728.81013985533
3738.44046006898,6723.93400987241
4608.10782720179,4774.32096812851
3865.88281822917,4131.3835117799
2887.04707579958,629.582059664856
4039.38825569341,5491.70801155434
4002.11752483072,4595.41471673075
4488.25338638906,5043.47637023691
3534.62401709246,5523.24963050691
4544.68131274218,4407.8132927874
4044.65433912469,5089.39633632113
4453.76256769371,6108.84410899544
3385.51944551932,2772.30918355782
4468.93034746767,6678.07070639195
4247.92209014329,3850.46427656258
4370.13406273199,5551.32468210409
3839.42490670802,2835.9040763178
3331.08727728515,1003.98962253649
3498.09147590767,3636.26525727232
4635.37672835729,4625.76303816235
3876.15585546652,6559.46276821006
5249.60275594423,7408.01739651085
4075.18546278284,527.512254670808
4266.62365455127,4781.65243248661
4655.3918346589,5549.39223360274
2143.74492239737,2899.72604234807
4414.76400352488,2451.55085220677
3485.99112585137,1466.82731853874
4439.08222282167,6537.81004217932
4812.75148077715,3923.208911264
4740.45180007468,4643.8921113787
3782.18814856945,786.437678239791
4955.71316471586,6811.73905722685
3366.67357235216,2162.33413980829
3699.50516627501,6747.63293246728
3362.26171512166,2355.05063230672
5523.60687878078,7507.92794401778
8608.81261858716,1237.11342291343
4954.94459092698,5693.80195354738
4083.94326366094,4156.84404935435
4079.02418252391,5233.52147468122
4853.46125273772,3519.64664162318
3945.78338426496,5721.36535028971
4569.788321559,5167.5399868793
4291.15158118195,6491.6059173658
3833.86152342107,1500.01701583574
3490.57695259285,3668.94351114209
3753.74652840358,5631.40078116362
5232.84403693056,6390.95706458898
3633.34732843473,3241.91002645957
3972.11570990329,6508.31461979088
4759.88703125018,2238.31826859481
4849.0928141985,6870.38950352592
4300.0078194536,4133.60011901056
4931.24966625525,4618.65906992979
4150.49215860713,4786.08522409268
3597.22758498319,2614.60108879497
4540.87758857046,6847.82721584826
4519.83869655474,6309.85807867502
4370.17887006772,4208.78843421293
3642.72950063766,5808.94290151862
3314.69019163354,734.152472048146
3198.81358630286,6112.65192053914
4129.54404551407,4464.13338379304
4374.44426554714,4065.00411718591
3612.07035298131,3195.98984894772
4278.36931630328,3576.87608284811
3788.78937186625,1732.40198237373
3917.33048077243,5611.56633271621
4214.10198953183,4287.89830902178
3753.06346537003,3847.05437181095
4065.32658971252,2958.60377334506
3999.10892556658,5172.7115066105
4421.36449335642,6633.85569268354
3913.20804112559,4256.81125946504
4635.90084336754,9335.92104962025
3348.22312574507,5172.88191727703
3569.16051579372,2271.56483992319
4353.69665675037,5899.6466216251
5093.70176157248,6212.61870779458
4007.19282389822,5714.48845532744
4243.7328379457,5151.51334997559
4352.06487922054,4511.81538771208
4374.86867310373,4435.31960407072
3193.00112624235,4750.90620426294
4458.78103229957,5982.27972639309
3974.12803599861,6601.85950433514
3946.11457764695,3151.20651778071
4557.46112154375,5572.63658680177
3240.19133124837,402.880241284457
3756.63706422916,5385.54639485801
2913.30066731395,2098.39842571525
4948.06516676972,5479.71668231988
3162.72513629423,1660.68034024056
4266.33317394312,6203.46896585315
4186.66989414487,3813.6940524198
2845.86275980628,1639.19791916254
3866.11300293811,6712.45391263754
3648.98373272488,4916.74157696803
3571.43948600334,3357.44888122288
4453.42529279391,5653.33766592366
3826.927179014,2959.05834274089
3907.43576406838,6582.7071214091
8333.59490935026,5091.21503675972
4498.39959730752,3365.40532564335
3163.65758043724,856.795347900926
4246.7632514107,4083.81525592363
4282.30534627899,5377.41953977101
4448.58624454638,6780.53825960735
4210.79996710718,5413.28020226688
9040.6195540863,678.400539930393
4750.35572458008,5017.78833653692
3462.97564151781,2802.08918753081
3639.52864110638,4637.81145285583
4937.00707464147,4239.7617357069
3275.43152088216,4554.66627037774
4047.9641954209,4166.50544615063
4466.74173945141,5848.78220907997
4114.82992595961,6346.91246154711
3856.63843615901,1695.85925435649
2891.40554583813,1996.95375935429
2503.16549762485,3296.92307188147
8959.37026436091,3756.12357843418
7378.36833280231,5968.75385544935
3954.53119674038,5404.35795645098
3677.26314841164,5491.70801155434
3541.50508764382,5956.36461942281
3625.36999864369,4510.22418339904
3214.89563121221,4988.86080875183
4019.28404108627,5000.00008465364
3882.87395753417,3111.70845440768
3600.59152754316,4127.34862696591
4054.50654314849,6723.6498511431
3901.28535456847,6465.63372493651
4367.59915691674,5949.99937931539
3970.46215982848,6007.85401203031
3631.51734622317,5669.64846155667
3132.00942884734,1621.92111070648
4068.93094545981,5874.35649471718
4908.32306468363,5182.48665146955
3554.861672183,2187.22657135176
4991.59882742139,3689.51668771464
3789.86464008057,5903.73816904285
3994.17256917846,4891.67852333041
4249.50222636478,5877.76639946881
4988.26031772391,7208.42464333303
4021.35627791596,3025.09691600182
4273.57146174945,7053.33063973767
4433.68164222617,3781.47036794585
3753.72245646076,4035.11078800539
4465.22510097652,2535.77558414306
3759.60166914078,2767.02391576384
4250.31013627253,6108.6166128699
3790.75049651114,3174.50753358351
4056.23661311014,7142.15899680181
3002.64942420067,2142.72718748643
3514.41904942522,4743.85932148939
3963.64791017487,5048.81830063464
3420.90414777398,361.279398028893
3579.88736196635,6476.54550471277
3143.57492143409,2175.97375881481
4142.33340701142,5298.99173048354
4031.83482140629,6293.54728304201
4165.47063211787,5580.47928315947
4388.81019375431,4234.98769991251
4032.05363231182,4202.70735283481
3302.57692791008,4193.27345216407
4516.6834037824,5643.73293173114
3969.04211156502,5807.74960399765
4222.85872274647,353.607112337727
4167.22932304081,5296.66179804537
5070.64086663971,4755.90773618286
3458.73023012425,6653.12182367234
4027.48463284298,5058.47969743093
3604.65225582698,4988.63373548154
3559.33378179832,3079.71226605927
3035.38182670064,2337.8873604858
3697.40440524978,1209.49315213971
3928.17893619426,117.641711453534
7371.03983776565,2331.18129904532
5268.36192029671,5467.09995016781
3667.08791433871,5049.78452488532
3782.49740452508,1008.5929305229
8007.01917833472,2954.73908776997
4331.93574198561,6795.25785092731
4204.72856340761,5677.20699918506
4352.80027701852,5246.53611362537
4403.68446839874,5034.26954283646
4097.8907772682,5452.9490991617
4261.01423470298,6233.0214737006
3284.13720887915,6713.19264076267
4612.7434843552,3918.26446480309
4745.34841765869,3397.17422929384
3417.16498755316,3291.41030796195
4225.26218695774,6246.71775531087
3635.47741651565,6066.50445832938
3720.65364221478,6470.69191946019
3648.87730217153,4608.77017700797
3762.30549927974,4880.99423967969
4074.67841062118,3952.76141911145
4267.39973471097,5769.67233427112
3453.72924414301,3370.97475216663
4553.77769183616,6137.14623386291
3891.20866093575,4837.06338470058
4222.17036661998,5599.00668602314
3388.7171141771,5653.33766592366
4381.69209442746,5231.75985970164
2320.8387428133,1046.61343193185
3946.24063147445,6312.87007663458
3233.31721343334,1192.27311200122
3346.39781278078,5276.71360153518
3586.19147890367,5523.4204640287
3704.2719009639,5192.09138566207
4796.60542451941,6417.38382641411
4045.50429830268,5151.79750870489
3645.0499889169,4556.42830821256
3920.74363681434,4123.99538481804
3535.01764305356,4662.70367297167
3529.03344537395,4354.27770361577
4297.20448541169,4731.29925194107
3843.49166555575,5530.97900165709
3979.9039961097,6288.43242591457
4798.40181940394,7220.41597256749
4574.61477621767,6876.2430887785
3602.46804812072,4181.05462680407
4181.92290656398,6419.48626272674
2964.8522532076,756.714654011996
4640.36269079801,3593.35728914765
4318.62742062644,3256.57253232052
4080.64228186744,5454.42655541197
3944.54978912876,5166.23294129555
4128.54975500083,1914.71834995074
4238.24645888823,6553.77959362402
3683.02894293384,2042.07812328198
2398.69691459542,1581.91160390622
2010.3111239755,5129.97394915236
3955.94231149577,2237.23850770899
4465.05065090557,5292.17192098029
2259.07225252203,994.555510438121
6615.16953894239,369.690491130554
5297.88172964155,4788.3584939271
4266.54284319359,2363.40477209163
4410.51187116004,6025.81309743537
4227.17833703206,5249.15020479285
8796.71194819677,840.314141601386
4157.68756263855,5042.16890179792
4606.19298854718,5548.48309481107
8674.91798333253,986.428549637309
3823.91368575378,5942.44084168699
1867.12333907395,3474.57915172687
4280.36004517829,4528.80782601122
4286.22303603753,4763.01170441542
4172.2929694031,3473.10148404897
3498.05251023145,6948.36274341756
4000.77122308489,5860.26188345958
4439.28405354444,5873.9015024661
3671.94337039196,6825.71949756643
3807.24953012416,2753.66845548663
4026.1555595229,5223.57591915563
2789.92859852506,2791.51844051524
4315.49655755856,6709.38525207422
8755.80954147085,3476.7955475299
4686.11516717507,1005.29666812023
2641.02392175963,376.112473127098
4014.18876737939,3102.67224910138
4142.24176860569,5705.11121726046
4530.38022805162,3737.93741975882
4055.45111105639,6341.91092962718
3867.91987838104,5419.47503170777
3682.35158168995,5483.97906325942
3770.13389281287,5172.82525467327
5273.80671375371,6379.07906056204
4292.846179368,3839.15458999424
4141.36154025303,4987.32626704255
4709.03989337034,2995.65794478952
4287.89481645902,2419.27050512907
4330.28544348068,6145.55724767921
3191.8770208743,4481.86497307256
7616.20543192313,2790.04077283734
3930.7240233843,5492.04925574266
4344.72719832726,5584.05959857763
4622.58810665453,5667.60226499254
3789.682494802,6011.88931969956
3783.29827177254,6043.43093865212
4355.34914693469,5656.46341194599
3898.97836464996,591.959412191071
5037.31303011814,7036.90651889714
4093.45232963256,4427.53399317204
3281.64705111107,4981.70017791551
3800.60842472134,3634.10573550067
4305.80516061417,6681.53769660259
4111.81451006752,7323.67976222229
4350.28182476366,3218.66588468816
4120.46842625272,2873.58343925225
4213.79028642285,4606.38315911078
3162.85601910845,642.596540038288
3604.60825756508,614.407951805963
5013.05384302319,6663.52194859376
3710.67664139808,4625.76303816235
4089.52455953978,4276.53195984968
4656.62554871879,5083.37191754677
3384.16776545205,1322.70196875103
4086.49615447805,5455.90401166224
1823.94701182659,2639.20936160914
4943.90747028058,6535.13886555283
3404.22275627074,6513.42947691833
3642.61228526331,3843.53071899655
3097.54432443328,2745.37097830547
3135.37582916846,2596.86971094308
3347.69413294584,3075.73404384904
3781.39835244675,6389.59293354623
3763.60885439531,4822.23004531784
4597.31013648149,7080.09864575111
3785.89183162634,4079.95078177617
3883.50728041923,5275.00864915937
3158.14074578603,1715.46620667836
4494.2142732714,4687.99379987958
3453.81370135524,6550.1426156021
4047.22892582292,3781.47036794585
2711.19128832254,1038.08867005278
5095.71618771667,5560.81566823384
3649.98393079254,4290.00116818966
4145.12636010166,3965.37815126353
4213.09444881509,4312.44970780456
3216.65938572367,3976.23284558078
4472.75758734244,6255.01544391965
4097.04071316754,4976.30116205877
4256.3841248238,5737.73280852648
4505.62296400127,4790.00678369915
4044.38548269775,6448.35712790807
2084.1437287759,5523.53378923622
4001.01508428092,6674.49039097378
3836.20839711363,963.525334912771
2249.12100440413,4766.59201983358
4225.71911688672,4993.12318969137
3345.0135544747,4201.62780337661
3724.68915973739,3545.90278135415
2997.79483742319,1273.82666731101
3874.72150860874,4828.36821215498
4665.27373905105,3925.59592916119
3361.51371331176,4681.34440104286
4725.20957367845,5847.98639549582
5196.37615600707,5128.78065163139
3865.4925746359,5725.28648704093
3753.816908213,4972.09544372299
4627.60997947937,6795.48534705286
4367.17693246163,4294.5477078585
3692.86667622443,3454.6880406757
4362.34417052679,3438.66140377199
2606.4586456112,5030.80255262582
4450.02475265332,4285.22713239528
2809.28972838006,2977.30137544763
4706.72145087125,6412.32563189042
4136.54422381536,5741.65436813295
4576.32000124989,5107.86665372579
2911.03113216983,4023.63069077053
4711.69294028392,5606.9060449846
5259.04633857808,5460.96220618592
2885.06649473547,5832.07350665488
3664.49926964479,1706.94144479929
4542.66501057684,5146.91014770299
4674.05346277941,4692.76741281871
3481.78629900335,4099.84189282733
9539.097355555,5226.19043317836
4586.93523433643,4312.10846361624
3562.08275569778,4212.82331902693
2703.14537080573,1444.8334540335
4526.83479843278,2737.81244067708
4591.16472833096,4250.61643002415
3471.0005527462,2824.65126378085
4854.06419255511,5925.33423246984
3455.4947716493,902.601724493095
9155.09473085309,2125.67766372828
3728.42557978253,2669.21643885242
3994.24873787951,5965.23020263495
4391.30338450176,5633.27614420596
4305.97030098873,2163.64139681966
3308.13536447493,424.646794663332
8095.96280079567,2796.80370830921
5320.45421508658,6272.3491264071
4750.60181589248,6067.98191457965
4918.1237239511,5525.57998580034
4342.12105677003,6697.10934125521
1999.85746065137,1941.14511177587
8380.81657990495,960.45646292183
3912.06702934716,3680.93526323181
4518.82443517874,6374.36211022667
3808.65229680605,2790.55221626456
4630.23236630189,7161.76594912368
4536.22204107822,5611.39592204967
5079.34825929999,5222.55303230119
4578.7714886235,6423.18032620767
3676.1512729848,7044.63546719207
4333.98161194851,5513.47490850311
3982.81160528683,2858.40927853645
2215.66531653016,1502.63131843085
4354.97677725146,6962.11568763159
4127.47424839338,4686.40217271129
4614.7808066423,2803.73726587524
3784.45525710021,5064.61744141281
2249.27242503004,1529.17172260493
3981.59366868222,6200.34321983082
4215.80649004904,5656.46341194599
3784.11675173535,5430.72763281709
4783.12276571027,5881.57378815726
3976.64807900622,6743.25680346497
2745.23246535002,2013.03727028938
4594.56626343249,2576.18299773539
4560.10485128259,6761.10214080726
3811.71693330247,6262.40357088152
4300.26009929054,4957.2625271955
6801.16455793339,1660.56669789161
3722.41035855133,4037.49738304733
3284.23638285258,5856.28366124935
3020.60856302769,3959.18332182264
4282.30013053131,4008.22903392918
4492.51812655687,8067.94813686909
4127.12364511742,5376.79455970865
3824.95934413167,7608.17931285778
4122.99443389372,6857.48861264454
4079.16049883729,4487.71855832514
4454.89767030565,3766.58078881461
4328.73362923104,4206.23100564921
3677.36553897055,4637.64061933404
3132.31603317527,5499.49404530828
2525.94279398555,2516.16863182119
3917.19694052683,3624.16017997508
3178.72685106962,6050.93239082151
3537.6585237074,5900.83991914607
4682.48175498803,6977.40359641016
4248.80567018705,6119.35798197963
3687.88219462107,6887.49568988783
4788.91583235358,6528.7736254454
4153.6763556006,5498.92572784968
4034.65198413363,3332.55666110704
4087.73387354431,2673.19466106266
1595.46711964132,4898.78249156297
4681.52116852054,6216.42651933829
3744.81507043541,776.435301539727
4122.54247629714,5649.92776117203
2717.00913767408,1522.80658821132
3495.18477691629,5860.37563152235
3840.58793677325,3309.14189724147
4425.019452677,5035.69033648297
3941.43717420453,5252.56010954448
4109.59645154363,5763.42084222647
3982.77765158453,5100.64893743046
4524.17595730517,6412.83728674527
4089.06006150581,6274.90655497082
4580.18124571763,6665.11315290681
3566.09175874781,6157.946906561
4169.55933087854,5561.55439635898
3431.35679349212,3600.40459477645
4654.48272706285,3347.5033256973
3622.54340981622,5400.20890071897
4689.05419198009,3598.81339046341
3251.35169934629,4810.52287481269
3870.02630154608,5307.00483750777
4426.2356440001,5543.87989253847
4300.71162975901,6784.68731533936
3123.78187624514,1935.91650658565
4354.83479493161,5246.93402041744
3434.31246358866,4272.66748570222
4125.44166358253,6668.52305765843
3706.01113868625,3093.35188506579
3499.07849513341,4962.26363626018
1471.34344730834,2689.50545669567
3631.15758229758,2854.99937378482
1986.99118186916,654.076531559343
3702.90622740555,5343.32049225472
4281.6859570795,4586.37872285209
3605.8081518699,798.429166044972
4450.91138789377,6416.41760216343
4167.50557742747,5569.2833446539
5751.7754742154,3705.94123141042
3735.30778915923,5703.00878094782
4652.51333373486,6313.09757276012
4134.28562935072,5446.1859522622
2016.37524438117,1684.32238880405
4194.82982909946,6412.60979061973
3514.3897741137,2366.13282274951
2818.22996270052,1036.44048599453
4193.27987543349,5321.61068076497
4100.9550761235,6162.03845397875
6154.45996363633,5519.66931508875
4971.75721491149,4481.35331821771
3878.36431382504,5094.3974453858
4121.28217982742,5698.51890388275
4038.59323688404,4823.8783350899
3733.86023284354,1748.03071248537
4701.64127907666,5056.14976499275
3586.1359281896,4951.01103515085
4367.31630235694,4885.88160068159
3363.51934415425,3602.50745394434
4214.93583175037,7258.54990489778
3847.29829124563,5997.11306577583
4107.24351186454,6523.54544311044
4524.75655300344,6315.93916005314
8382.01439909565,1860.33028459121
3830.41825000514,5651.121058693
3723.84693621853,4483.85408417767
4702.82671257627,5298.99173048354
3902.50244480585,5495.06125370221
4589.91313712984,4951.35185648391
4349.41887336085,4835.18802165824
4354.15569892702,4641.56217894052
4274.34990070237,5561.49773375522
4698.32732829873,6183.86201353128
4784.44058767063,5280.97598247472
4456.6481791612,6274.28115205321
4580.68233702081,4286.64792604179
3790.7574171616,2546.57361585655
3896.74057127867,5259.55032971427
3858.50702630286,4295.45684665017
4834.25488725954,5992.33902998145
3671.50339272736,3062.54899423836
3818.56457375009,5323.59979187008
4377.94668798847,4073.35846839845
3540.09816612807,6692.27864285707
4107.63302586945,6170.165731921
3248.23630662003,5539.39001547339
4176.23463217171,3937.30309966635
3801.76926339048,3860.92148694301
4644.18456919849,5213.80077429658
3965.58042932716,4806.82881133175
3685.74128280646,3874.04945109468
4416.39477152326,4879.80094215872
4469.61668339884,5878.50512759395
1781.38075972041,317.973602397513
4646.21171155134,5891.00811168326
3784.80007014589,4021.64157966541
3957.44023928075,6031.83709335448
3886.61574868665,4118.48262089852
2942.59263582116,7978.21064101329
3996.53095956125,6838.90454717712
3702.1046401973,4139.90827365898
5027.39189553369,6707.9073729687
4479.21508668973,6253.42423960661
4006.06954152843,3453.72181642502
4569.5955678772,4447.02719743113
4312.4504742393,6051.04613888428
9032.93942493989,7155.57111968278
2795.48681662799,4907.81890829688
4447.34040706272,6252.91258475177
3640.57365868116,5469.25947193945
3649.22072927444,3495.89105642455
4125.42337579529,5353.72061717614
3857.06592573925,3220.2570890012
7662.28115859253,5301.88998038033
3737.54856337824,6097.13693849028
3461.1029059961,1350.60639825405
3734.98655373186,233.351148668325
4218.69643042456,6916.30946961014
4009.51916297208,4142.4657022227
4709.89581692447,4959.19455284161
4285.22197977495,3437.01332542756
3883.13066760346,6498.3690642653
4319.43198719766,5290.0690618124
3579.34303463902,5325.3047442459
8323.1146497143,5966.878492407
3266.07855810879,4422.30538798182
4015.09597759942,5734.60706250415
4295.08192349891,5218.06315523611
3957.58766187301,2794.13274311034
3246.91415333208,194.591892705784
3622.55671846318,5515.74817833753
4472.50622779873,6728.42388693749
2115.90723885087,2676.60456581429
4043.19455636149,3893.82681408308
4542.71926705404,6790.54090059194
4531.83022515866,5084.16773113091
3563.28742835631,4213.95995394414
3324.92286360362,1798.38368160328
4658.62211655422,3686.22053102578
8329.69198153102,2963.88904113903
2982.00695580719,1241.65996258227
4308.74469792114,5974.26661936886
4332.16317704438,5581.16134868085
4035.64793660953,3257.31126044566
3554.73786922299,2416.03101104397
2951.81043348235,1029.33651776197
3700.13712144757,6685.97048820865
3268.08953658272,1308.49403228591
4468.83441125893,4850.36175951878
3266.63080043686,3565.05516428018
4361.34884178026,6222.96217011224
4430.88137504611,6432.21674294159
4225.93256377393,3766.06913395976
3614.87417136387,1830.77777674376
4803.58465999376,3658.42963815791
4354.39052171751,5709.71484238831
5035.7128088976,4831.94852757314
4138.55558279096,6688.75499004267
4316.19104824309,5596.50592006318
4560.59356830855,4206.34475371198
3776.27388687483,4528.75116340746
3196.24326986631,3029.70032970205
3477.21723707873,2987.5879637339
5142.35821381822,3132.39516761537
2503.0895616278,1886.07498089496
8598.27131598303,8355.2892747976
3978.5139650673,6590.37940710027
3875.27090624009,5249.6618596477
4210.33631984581,5348.889918778
1926.83150446165,922.776994273567
3795.39338428908,4880.31217415831
4245.1532792153,4684.81096839824
4921.83531257376,5008.58150913647
4364.62204854105,586.560396334326
4332.67359300781,2967.92413738065
7980.6482445632,1817.82022325862
3967.23087553199,3907.40977048584
3640.6999648076,1886.3024770205
4764.99449566864,6211.48207287737
4002.05296361461,1406.01735046802
960.464154868054,2546.23258309586
4297.87094205031,5184.13494124161
3346.59094854729,4869.57122790383
3393.95129777288,5626.39924924369
4547.81889725037,5367.3035735789
4354.67688651247,7822.77581608486
7471.40084929426,4007.71780192959
3832.91743706127,4551.19970302235
3604.139149608,4502.72230837441
3771.52447643356,896.293464130869
4147.98856987267,4835.75633911684
3699.08590374317,5457.04064657945
3650.56777454037,5433.39880944359
3182.05224121397,5743.245572446
4310.5957331734,5642.48297160641
2005.29748229672,3533.79770405691
4240.91977751502,4200.54783106316
4090.6841163023,4490.33307234787
2684.77581045818,2684.61788426614
3892.20341237096,5323.31563314078
4795.83816237327,4571.82954219865
4775.17724903391,6199.32033297638
4496.09436521876,7890.34893105508
4242.01082762491,4048.75040701191
4390.93860285873,4671.2850974545
4740.57050829798,5875.09522284232
4204.45609002148,3201.55948689863
3788.53152251845,5347.98077998633
3993.3602143682,5971.59544274237
3721.97008492394,6186.58985276153
3702.30504958857,3913.54751446772
2486.35488277229,2544.18659795936
3788.26249982556,6045.13589102794
4100.19486335593,6660.33911711242
3446.25721065971,4768.23988675038
4383.62747908315,4554.72335583675
4027.77497746701,4061.82170855982
8744.0853096672,7198.47908780745
3957.4656554348,5717.38712807948
3854.77696386443,3007.47907478507
4167.05898809774,4094.10205563753
3876.38499040516,1877.32293431797
1916.44043362091,131.508654800647
2389.73125069614,1380.38619079942
8194.13599511664,1005.58082684953
3585.30367501199,575.535079922917
5185.63634340787,5221.53014544676
4056.83626861883,5478.86420613198
3674.64188612052,5830.93687173767
4745.46972664649,5746.25757040555
4403.14547956384,3524.36380338618
4368.68463046284,4867.29795806941
4478.27503334888,771.831887839503
3705.87023812419,6353.27727879928
5009.85936629581,5028.35887212487
3745.25563011323,1387.94483414163
3541.23296998041,6094.46576186379
3833.41542689995,6149.02423788985
4448.49590690303,2364.9961878323
3915.55101985552,3511.06500571272
3951.86143499769,3403.82362813056
4287.32542899535,2844.54237483202
4378.9177740868,5747.22379465623
3867.06716894603,4068.98233939614
4448.16203663865,6852.31709291334
3863.88319725547,1017.57236751162
3787.94801799001,5793.71207819906
4002.24863811971,6723.19528174727
4516.21655641919,5966.99224046977
3346.44290801341,3174.67794425004
4826.03979438668,4583.36630203728
4223.82827765528,4603.31449854746
3171.07904692921,3030.60946849372
4028.74196016537,5004.60328692624
4391.02103562257,4535.11640351488
3966.42346333156,6950.01061033436
3893.03729855084,6442.84436398855
4274.30651531435,4560.4065304228
4461.1692986056,4364.33700720413
4895.98360787216,5641.45966189672
3626.11396568871,2804.64661609453
3974.98193698087,4909.41011260993
2406.59875139341,1595.89214995961
4084.7072655713,6120.8354382299
3668.83601313303,5149.694649537
4187.98078184954,5824.91287581856
4388.44359563847,3820.28678865277
3881.24225560232,2215.81285494853
4037.4728537928,4728.96931950289
3914.01723509365,5514.32738469102
1484.18079969637,4204.01439841855
4110.26382931687,3752.82742174532
4516.45304644594,5757.22601278558
4284.28971440641,4196.6833569157
3441.46709236664,1553.66624735632
4318.09051238631,6553.55252035373
3776.20767502573,2087.42998333523
4284.62171340483,6670.00051390871
4824.37240094151,5275.80446274352
4015.46181391346,5163.22052048075
3855.89622398376,6080.82614285727
8260.01774414101,1406.6424362442
4669.7075935694,6195.00086657783
5134.52588858626,2300.66256694719
4286.51698377579,5855.54493312421
3761.86393959362,5452.09662297379
4088.60467426779,1143.17052586329
4450.32476022517,7229.56571450893
4867.55256292095,6682.61724606078
3928.25529230949,2264.23358699272
2981.93535785837,1610.32747683646
3750.26930300444,3020.4935023016
3983.54748496102,4320.12199349572
3468.31641745496,423.45331214319
3130.53937012903,3131.37228076093
4153.77439582719,3711.85147926676
4030.87355716507,6447.78881044947
4153.78279389244,4965.67354101181
4396.34812203072,6284.05629691226
4020.0823996833,3004.35332876275
4700.13180204618,3039.41838910209
4244.4759015281,5433.17131331805
4395.48755895204,6295.0818247513
3839.69811441669,5996.08975606614
3914.63615756028,5883.67664732515
3534.07783395227,2094.81811029709
4308.50567828428,6599.64289710448
4584.38483261616,5938.00805008093
7965.05266654627,1895.79325172262
4330.6155210442,6661.19159330033
4284.16961332097,7061.51458028368
4285.82292997807,6055.08144655352
3767.62248954783,7098.11439375993
4766.4905032836,7528.78485646438
4411.87387594404,4236.40849355903
4707.96105797987,4954.13678117318
3904.90752570558,6764.79620428819
2371.55846686121,4193.55761089337
3537.95111494169,4441.57109611537
3666.9762539299,4684.86805385726
3839.02695183345,5326.72553789241
4032.11453951792,6613.90791902861
4693.65292476463,5904.42023456423
3351.11164704875,1783.38014298164
2790.89961452782,5033.41706664855
3348.23980853196,1214.94904202784
5133.63687703226,2788.16540979499
4288.0601500455,3092.55607148164
4180.43551258007,4878.15265238666
4700.68924264077,6942.05416591389
3951.66628991749,1036.32684364558
4584.57977101354,7504.23388053685
4843.12740953234,3850.29386589605
4093.41489828495,4914.07040034154
4162.15257064883,6900.51032883198
3732.02559942819,4886.62075166197
3707.68384080998,1261.83523236274
4933.1780228362,3340.96767492334
4857.21740718792,2085.04296543804
4823.45647890628,4833.19891055312
4500.75435808404,6072.98344649957
4213.74436733688,552.972845102161
8272.92941765891,4934.01817399647
4659.12791681516,4971.24296753508
3203.53465376762,5371.05429966359
4058.43296469203,5691.41493565019
4072.80802083081,5788.19931427954
1527.60053769981,1264.90410435368
4202.73387953041,5477.50007508922
3708.91171608667,5817.5247488567
3844.23200063885,2701.8946927222
4535.65360806993,5807.69251853864
7887.40089461912,1976.5512048759
2110.39075344825,800.418277150089
4203.08607438304,5375.26001799936
4868.86296155937,4615.07875451163
3663.03440024973,2453.71058540604
4403.74414296317,3991.52075435935
3837.7830951368,4517.83938363119
2390.98188751822,6141.06779346938
3695.53731921333,6112.48150987261
4379.00259226264,5853.0445900195
4346.91923300979,6424.88527858349
3393.52413850761,2091.57861621199
4522.38770460041,3859.89817723332
4359.03588746423,4304.49326338409
4189.0920591027,6094.29535119726
4147.44132664721,4401.44805267997
3912.58190083256,2712.976883165
4880.59446503773,6745.01841844455
5076.41386163724,3774.36639971329
4195.96997572634,6088.44134308942
5171.53965018241,5549.84722585382
4277.45136945548,5019.54995151649
4014.61789615339,5484.31988459248
4632.46011007071,3353.81169177334
3737.41050492156,6290.53528508246
4097.83040027623,2724.11594763918
4180.1526699947,5790.01801471812
4860.48484913157,6174.93934486013
4390.56719481516,5806.10131422559
3828.52537805107,3408.02913503871
3435.54442837961,8250.1505449557
4247.18176682341,4696.57522436241
3854.01322293342,4806.82881133175
3610.0276398289,5059.33217361883
8455.00145286125,2120.90383936153
4102.1489459635,4542.16328628843
4474.3210712842,6730.18550191706
3428.37196161195,4539.60585772471
4487.4211397931,6649.76858152447
4603.79789680684,4659.00960949074
2977.00224395152,5993.87357169073
4491.75444684761,4417.53135218744
4162.6423721202,1790.82514397489
4878.4318476977,6000.35213700568
2872.51679622054,4769.49026973037
7231.98233126713,2812.3189017857
3287.10187274468,1243.99000073426
3918.98666034004,5951.53392102467
4730.63878097211,5168.9036950668
3379.55239161201,5373.83922435285
4060.06359169824,6499.05070693142
3511.77492738658,5293.5927146268
4930.02477523966,5478.97795419475
3916.10102908763,5054.16065388763
4415.4106433692,4218.05192421714
4513.75023088928,5789.50635986328
3477.42255455548,2629.20693205217
3153.08149907107,2076.00676013174
3551.3059082543,6034.50826998098
3877.29016969482,5533.82058895011
3654.17386473122,6174.200616735
4073.91016432677,6199.20658491361
5108.78048371824,6592.76642499746
4182.96231993663,5142.30652257514
3824.76311645201,4134.3388471357
9132.70677985769,3471.45340570454
3826.39076853358,6816.569755625
4125.64388556202,5601.73452525339
4557.18228480227,5396.17401590497
3881.51258834447,5592.75519397849
3151.48430866975,2005.25123653544
4021.9526017786,4429.46601881814
4143.36623173424,3496.40249985177
3402.7704701152,5686.01591979344
3055.03791562148,4224.36050172081
3558.16354510759,5196.41042920537
4135.43129774356,1044.6810891443
3818.32435697441,3912.07005821745
3819.38075256308,4737.03951198613
3480.464665356,6072.52845424849
4844.75120330456,4543.98198672702
4151.67338135704,4809.10208116617
3867.51043289444,5688.8008444827
4127.9861863346,1651.07581747567
4626.92713193628,4378.82910239855
1981.84026777591,3846.03148495651
8862.73471579024,4886.73407686949
4398.06185632286,6241.60289818343
4156.07276203207,6516.04356808581
4579.12193242391,5199.99074462353
4396.77458761631,5047.34084438437
4415.14459815541,5280.80557180819
3773.26867409741,4577.5127167847
4743.67199655857,5739.03985411022
4139.04829955277,5304.39074634029
3799.71268647289,421.975697322199
4028.85710167608,5026.19935035322
4669.17130306769,5369.00852595471
4353.00500855197,317.348463764429
3381.3809489876,2849.48682129293
4265.29174896111,6238.53423762012
3606.4197933508,3230.65721392262
4504.27277589247,6191.13639243037
4151.86576414456,6250.35515618804
3635.8055166232,5321.2698594319
4389.80227318355,5756.20312593114
8485.78526745475,4719.64874403967
2785.45486852159,435.331157599412
4536.37893425638,5528.3078250306
4301.91589142507,5867.42293715115
3988.89002241346,3269.98486662912
4587.00405514637,4742.3247797801
4244.89591020851,4806.26049387315
4473.19929652828,5639.35722558408
4026.15968237318,6108.44620220337
4517.00144382074,7100.10350486505
4089.65841475241,6614.1349922989
3796.60241796904,2925.41407604806
4193.93674909843,3930.65370082962
3325.29256989809,2146.59187306151
8395.27570925,5546.49398370595
4788.73854542568,9125.53026472894
4245.58221132668,6995.70350314829
4408.13415772509,3897.23671883471
4090.81654495849,5380.09071639751
3317.29454117814,6212.56204519082
4412.86360859082,6390.38874713038
4269.30206787925,4271.36001726322
3870.64431177292,3564.14602548851
4647.8760162385,3472.93107338244
4260.74977930951,3869.78707015515
3897.38318787252,4169.34703344366
4587.87200363976,5539.27626741062
4274.6936399203,5975.17575816053
4320.90940918878,6999.90879862882
3701.77237174198,5427.488138732
3586.71095588436,3373.87321349104
4309.3464546024,1268.08672440739
4640.38434459483,6451.82369526346
4056.59992413852,6183.12328540614
3163.92721684627,946.930486264273
3504.53357454517,6103.84299993077
4025.17951669121,5446.41344838774
3875.08035166996,5658.62293371764
4577.99074276433,5181.91833401095
3957.80746977513,6206.14014247964
3808.35525995195,2852.1577864918
3295.81422747193,3023.10780489671
3524.80685371046,781.720622190609
4412.59859851448,6039.50937904565
3670.37497467986,1260.81223979449
3889.36227884257,4166.84669033895
3284.1453387679,5738.07362985954
4711.93447526307,5398.44728573939
3705.09460117641,5188.96563963975
3371.38658608069,4077.67751194175
4803.85896601256,6695.29064081662
3796.03244756481,1419.08865201594
4600.62289250695,4319.78074930741
4084.13767774178,3455.93821222805
4172.65165305579,5039.83896935974
4204.45356472169,5363.89366882727
4044.8982329572,5417.31550993612
4091.79352268612,2997.30623456157
2610.06158530792,1483.8199682655
3880.10598847134,5864.75176052466
4942.46542131956,5251.53722269004
4507.78759304952,5115.36852875042
3247.15559610724,2029.46160255753
4922.48376624009,5801.32770128646
3743.23304203535,6626.46756572168
4307.28909429433,1572.3638494589
4261.80892019922,3344.43445370636
4367.76123098262,6000.57963313122
4195.26930869385,4811.9436684592
2403.96879720368,2218.65444224156
3382.71660427445,2526.39834607608
2978.17064644713,2130.79252085572
3981.93437353649,1335.03443645999
3979.57069211102,4274.71325941109
2721.43024829265,3818.92265761001
4158.60149873425,5521.2605194018
4774.6387649297,6130.72433115173
4366.67508597006,4662.64658751266
4013.64033600917,6969.50381459346
4231.71026618882,5048.93204869742
3527.31801444652,4783.58445813272
4320.6897428524,2317.31439534088
3884.73655950053,3346.93500823869
3407.46398465989,5955.96671263074
3203.43094549318,1602.6551911453
4000.01656528586,4847.69100574754
4321.00882642791,6467.22492924955
3951.85669877329,1168.91532788085
3343.22186374095,5258.01621086024
4609.97060709151,5902.31737539634
3680.31324232593,2351.86801225301
3216.88920007022,4199.86576554179
4338.90786284369,4911.74004504811
4288.87341893011,5710.28315984692
3336.44248248413,1864.64953956213
3858.12961617064,3740.09694153047
4726.47520613908,6469.95319133505
3723.85070905454,5182.77081019885
4431.89874027461,5321.32652203566
4287.71146277927,6955.86419558694
2901.6471854441,318.712409808009
3150.13793980397,5584.34375730693
3862.9385514862,5296.66179804537
4173.65947117653,4595.01680993868
3972.76723558413,5704.54289980186
4401.67546225439,5012.84389007601
4946.07635822679,5002.15960642529
2928.08316571837,476.136345841549
3589.88229164784,6648.23403981519
4167.27393358076,5829.34566742463
4201.9099421321,3146.03478662188
3209.21792615836,3265.6656116582
4282.83783808965,2804.24870930246
4675.00158814497,6371.52052293365
4219.52525017102,4647.13160546379
4135.32418714013,6133.05426358991
3814.20911787902,1625.50153183845
4624.81347124841,4565.74846082053
3472.94438164031,4440.88945344925
4719.25801459903,5066.54988991416
3511.1549025491,6182.15706115546
8166.53740153977,1737.91474629325
4073.45305129976,5349.00366684077
4888.31050730748,5420.10001177014
8683.88840157482,3344.2638316122
8751.97288921931,8089.48753769231
3821.6288714444,1225.63332567856
4527.94842685834,6528.94445896719
4338.12865611047,5026.36976101975
4638.17242965947,6244.78572966477
4127.24565954734,4770.62690464758
4372.34541741742,4660.99872059585
4218.47459243407,5483.01283900874
2444.90158599565,2209.73177357041
8451.43286702866,5124.00661583701
2815.65886031238,4405.88084428604
4474.11848593322,3462.92864382547
3841.04362799553,6122.93829739779
3620.90134808608,5795.64452670041
4086.72317585514,8040.8963949816
4274.79576556076,6916.65029094321
4709.40061631582,4736.24369840198
3917.98203961346,6263.48312033972
8759.81271328751,8102.55883924023
4047.62149465911,2642.90342509007
3451.84957042869,3529.81948184668
3779.50529405809,5756.31687399391
4418.76544412618,5209.99338560813
3513.53906328664,1141.29505710713
4127.24789228913,6722.68362689243
3449.23770369759,5412.82563287104
4172.23677747104,2989.74748550555
2809.3136456356,4065.68618270728
4208.61202475339,4856.49992635592
3882.20847445507,5677.15033658131
4233.95237386548,5568.09004713294
4867.99212613746,5838.21125063676
4919.56753163885,4441.62818157439
4390.85363865209,5099.51230251325
7746.83099252209,6459.26848482908
2619.27585946176,1783.32326895025
3684.01169138992,3438.88868846991
1833.94726662213,690.051047831792
4602.06689860329,6210.2887753564
4416.15563946948,3029.58658163928
1643.92680690811,3505.60932725222
4476.92509907688,2776.74218659151
4088.61513240558,6132.94093838238
2537.17448107397,1767.1830954114
3904.83325409257,6260.58487044293
3888.71976674902,486.820735206083
4849.85814002504,4751.98617657639
2389.59442343686,2690.86937631079
4088.08849859552,4848.48639647644
4553.98937939538,6234.10144601405
4099.39112750525,4459.13227472836
4317.4966180214,5336.9552521473
3002.75193982063,283.760886103811
3435.47995610886,4376.44208450136
3534.34127146515,982.1094003802
4228.50051529117,5122.98372898258
4428.99290463239,7030.08670939388
4147.18222576965,4245.55865835572
4491.69114265318,6797.81527949103
4522.62660227638,2354.88001021256
3769.99665430976,5913.28624063162
3768.72960077262,5984.04176422792
4567.81828996994,736.653079437389
3766.1888262269,3590.40237664711
4855.01750211279,4147.92180353845
3783.72203582493,3680.59401904349
4334.01633960193,2338.51255197579
2927.97494583244,4296.87764029668
3124.59913348591,140.65856852703
4630.28966263943,4369.67893760186
4631.34901115898,5007.04696742719
4176.86745098658,1487.34351536609
3841.30952160539,4976.52823532906
3642.05206256576,4620.3069368466
4655.70249405944,5895.04299649725
3270.52245866519,5463.17881341658
4874.27683755872,5191.52306820347
4140.76197375802,6562.0772822328
4435.7050162294,4743.23391857177
5643.65760326294,7640.85756672755
3548.41657283396,4719.47833337314
3495.43698775496,4724.36611723029
3915.89966030904,5981.71140893449
3434.54362566925,3203.15069121167
4135.08021354604,3934.23443910304
7151.24321957962,586.560396334326
4174.42294124154,4995.05563819273
3795.06663765279,3831.93729655416
4139.5291555628,5871.40115936139
3863.6794508272,6500.5852486407
3493.72864392897,3823.58294534162
2396.24075737645,2792.99610819313
4236.36136003705,6914.20661044226
3710.40950114102,6908.40968779344
4239.49735402099,5629.07042587018
3892.47598207238,4891.73560878942
3283.82327941693,1648.6320312609
4810.37549603909,6329.80585232995
3925.1159742909,3331.53356282498
4741.11329218169,7610.68007881774
4750.27018090074,4665.94274420151
3814.18486282481,3193.1482616547
4121.97520577341,2721.38810840892
8121.36899411413,717.443928193783
3917.57856504208,3593.8689440025
4072.89560862105,7017.69747336735
4262.66595115532,5309.22144473843
4314.98402402339,4155.30993050032
3774.58410224167,1366.34877071464
3910.21141449796,6020.24324805685
4165.33444541234,6746.61004561284
2777.17943866606,1098.44396301385
3207.80306836006,1977.46055509519
7768.75129568607,1457.50684878933
4366.04682767225,6643.00543462498
3350.64012053185,1873.68574486842
3314.35096983744,1853.68088575448
4164.39380222331,5211.98249671324
4516.17866574519,2856.93182228618
4553.4200861713,5767.00115764463
5252.05268773863,4031.70088325377
4132.01691132025,4830.07316453079
8983.48558976611,1768.20598226584
4425.95444733081,7034.68991166648
4184.22967720926,4826.83367044569
4016.51430831136,4401.0501458879
2565.59939899066,560.019992160242
8790.55564035039,1272.34910534693
3831.98269028271,2112.72011024314
3988.09150163928,1166.9829850933
3314.47585124815,5315.87084357516
3382.86507880677,4416.508465333
3687.48063698664,5131.11058406957
4095.77278610414,5400.20890071897
3302.84892491443,3222.87139159631
4150.09854515219,4084.55440690402
3816.98929339831,5350.82236727936
4083.21687658274,6661.19159330033
4363.0391285272,3924.00472484815
3308.76382830549,2742.47251698106
4064.1387441995,3087.89599517766
4033.96737841932,5295.86598446122
8022.16498006749,987.394668174175
7087.99810828765,934.370733857393
3529.65250869395,2427.90880364328
4608.05799279914,6561.33855410766
3588.38478765905,6511.26953229143
3851.78117362236,2519.63541060421
3996.98415449464,3409.73408741453
8337.56797197715,4622.69395474379
7546.69843900444,1041.66898547094
3701.43292241275,4542.2770343512
4630.61696731135,5432.48967065192
3588.3062370433,6148.34217236848
3369.05294496108,4427.81815190134
4302.8277286536,6281.55595380755
3757.44649801495,6174.25727933876
4123.61693983912,5609.40681094456
8272.52030624085,2046.39737825291
1640.771784038,929.312645047523
3997.76155112087,6627.77461130542
3689.9233449169,5349.91280563244
3988.43192135741,4760.85175978852
4556.48067908359,6107.87788474476
3353.28192022779,3401.49348426476
4973.99800503935,5698.80306261205
3994.666712396,4771.93395023132
4414.02503777123,4518.74894527811
7511.86336550467,1172.66615967935
3760.66448170546,4867.01379934011
4386.80166587966,6074.46090274985
3852.46727288098,4337.05776919109
2243.91481964447,2074.92699924592
4057.62387514301,3539.82191140365
4560.186888406,4716.52299801734
3562.81085162764,4808.64751177034
3652.84163961592,4553.30256219024
3828.08927127222,5631.51410637114
4016.84078603527,3683.77685052483
3900.28508001631,3307.60735553219
4294.55245586272,5258.47078025607
3839.89645620179,4598.88170694139
4602.24387936385,6337.02356862528
3813.09175090477,8425.58980614281
3893.79912222311,4975.95991787045
2443.79360902174,3492.70843637084
4038.1083305676,5020.4024277044
3404.58116441041,6208.24300164753
4276.30480106416,6391.3545485258
3837.90864158143,4338.93313223344
4207.46640491855,6095.09074192615
3813.43323887824,1270.98508001799
3535.80984542936,5512.6224323152
3126.22737775594,412.598459255219
4117.01057496255,4481.86497307256
4171.8673842143,3808.8066914179
2226.56647320032,4746.53049811588
4590.61788191457,3814.77402473325
4521.87216961556,4663.38531563779
4690.1876304703,5507.28007906222
4584.53009703345,7120.05127851998
3548.40444046711,4006.12659761655
4112.07340084151,6199.49074364291
3039.4750366829,6583.27543886771
3892.15736400717,3620.06820970208
7746.66386845602,1549.46063473436
4021.63742633268,6526.67118913277
4275.71304279909,4910.26258879783
2851.41222366432,362.245542994211
4426.71542722924,5137.87373096907
8259.1061804217,1169.82457238633
4045.96338359908,2929.39229825829
4524.69244853428,5216.074044131
4101.49321777816,3839.38208611979
4672.37302375297,5363.72325816074
4602.68226221789,4273.12205509805
3594.21121507013,203.400813314159
2167.97470109255,1260.58484938276
4976.98033920822,5320.01947645192
3687.7950169484,1347.65116861207
4023.99730377423,6363.39366784665
3694.86529718922,500.630817736036
4881.56988157425,7088.05509017158
3564.22413213615,4898.1575115006
3704.42129573941,5937.04182583025
3716.137858363,3261.97154817727
3994.54116488494,2053.38780985032
4092.64908217289,5490.51471403338
2372.48194306099,1291.0467074495
3746.80781268497,5780.52702858837
3678.39440234179,3433.77383134246
4549.69239259926,6232.45315624199
3418.05346041729,5722.44489974791
3930.93589730395,3641.0392930667
3121.04474799085,1949.10155619633
3898.17534863767,2010.25234560011
4886.14320173466,5662.82865205341
4064.84564870839,5390.43417871516
4367.51670045829,5216.98360577792
2727.59717294956,1511.32659669026
3717.29715385667,5279.15728203613
4447.74790081,6029.62048612382
4328.43846014661,3810.22748506441
1891.58030485964,2418.19074424324
8221.10609172183,507.393806064815
4757.5378078325,5618.3294796157
4221.90589427167,3990.83868883798
3780.99714263087,6105.60461491034
3626.18487269141,1700.00788723326
3142.50587461387,4133.77052967709
3880.177466689,3772.09312987887
5010.83808283821,4603.42824661023
4234.29972068333,5850.20300272648
4076.12389196479,5357.86925005291
4571.52459432664,5407.7107757436
4280.31135770655,6408.57490580573
4487.58336187896,7025.08560032921
4206.61287832072,2319.13288435184
4641.67081328062,5429.3639246296
3964.45903372777,9456.91600569932
4305.27425318601,6523.3179469849
4122.7758408079,3220.48437369912
4306.85002430349,6137.14623386291
4734.55215110351,3812.15951071051
4366.27157176395,4772.16144635686
3857.14194639099,4369.67893760186
4421.60844226105,5328.26007960169
3626.08172416547,3452.18748614336
2738.2388321938,5722.89989199899
3938.08802773006,4065.17452785244
3709.34086526775,6530.9335700723
4271.98442403443,5627.59296961991
4524.6780424422,110.139915714259
4824.39665283939,6921.08350540453
4270.71735024232,6326.05512624526
4315.79090429856,5338.14897252352
4484.68085030903,6493.76543913745
4086.40257700073,6655.79257744359
2097.30399455597,3701.84926113742
4322.88821170199,5462.83756922827
4303.45804001702,6830.03896396498
4213.56364147751,4251.6964023376
2710.05964231346,2402.67555076675
4089.00698317997,7739.85812973232
3335.14221895881,461.530608298167
4108.08298502444,4693.39281573633
3764.6523505989,4667.36353784803
3708.41602661674,4330.97668781297
3685.83394808148,5457.89312276736
3922.09273994891,2130.73564682434
3480.48391118413,2610.85036271028
3901.49962593991,4990.56576112765
4087.19569081038,1542.47030885076
7028.37360558855,1826.5722698356
3343.96613644492,2866.25218632177
4188.94720840473,6108.1053808703
3173.18340612939,4757.27144437036
4238.39654493619,6800.316045451
3373.80481171845,3879.44846695143
3170.92658979107,4129.56481134132
4199.55698832309,4869.57122790383
3576.55228123082,4661.39620453267
4280.69868096361,5184.3620145119
4269.18975712469,6802.70264049294
1627.87766673782,2162.9024572669
2969.14688616433,832.926014639523
3897.3125712414,6065.59531953771
3228.51135948559,3476.62513686337
2795.21419084056,3054.87670854719
4552.00948868658,5965.11645457217
4320.02660204664,6432.38715360812
4252.37467504425,5061.8329395788
4358.38163400662,7019.06118155485
4233.36004740745,5209.82255208634
5046.98121575108,5057.79763190955
4503.96616668469,5981.71140893449
4424.86454413639,6346.85537608809
3803.21170988036,3368.98564106151
4068.99946238771,5441.2985912603
4078.03381291362,6901.19239435336
4972.58811529155,4990.50909852389
4303.34936761061,4039.71399027799
4383.81355724448,5812.18239560371
3589.18800161832,3095.79556556674
4828.28179604632,5027.84764012528
3608.92377107836,2767.99014001452
3790.34233933429,4749.71290674197
1796.34578573122,2536.74159696611
3993.98476612436,2363.00707672719
2431.55426516277,580.138440766235
3646.09282104082,5538.87836061855
4114.35019577301,3572.32954317927
4832.80846750502,4063.8674822687
4308.32975231913,5971.14087334654
4053.090017053,5774.21887393996
1707.14995091463,1632.77601645135
4052.44442115991,4988.9745568146
4170.95219389338,5544.27737647529
3960.84918659588,6033.03039087545
3411.26662383084,4602.17786363025
3784.56800669854,5444.99265474123
4787.99961585049,6039.33896837912
4680.2082991315,5148.21719328673
3897.46962691047,7005.59197321486
2180.95609359439,1471.20334182724
4075.02485216701,6597.3129646663
4337.65813234507,4337.910245379
4905.26730147242,7373.63419026526
3570.27327893403,5041.08935233972
4498.7726165465,4509.37170721113
3397.09690527313,3469.80532736011
4229.41720740847,4782.56157127828
3867.58656128387,5270.5758575533
4610.14419683628,5036.54281267088
3816.88728695675,5320.417383244
2908.7183902812,7302.99283758698
3302.04116620613,4476.46595721581
4684.22492942465,4263.85856509384
4235.93897709074,5429.6480833589
4066.05870270815,1798.49742966605
4314.72282296441,4000.61383369703
1144.15201485512,1110.20811326421
5030.26506592503,7167.619111521
4822.05999577196,6870.44616612968
3556.15853369331,4604.28072279814
3693.53474520491,2051.1145400159
3599.93216023326,5124.23411196256
8083.63461449471,1523.26126332096
4615.34796484145,4905.03398360762
4484.40746531307,6586.96950234864
3475.59331834751,3679.45738412628
3887.65647707876,5858.67067914654
7913.75096302424,3438.83202586615
5003.38030233215,6589.35652024583
4195.00016732298,6089.97588479871
4154.90258520089,2118.46015886058
4065.88512391561,5358.49465297052
4446.5443224666,4354.163955553
3867.89433967229,5274.8949010966
3541.4778265257,4667.7614446401
3319.48004422469,4976.52823532906
3436.88241575987,1429.54565096874
3058.08183274539,4216.00615050826
4173.44588139175,4984.31426908299
4003.32222169957,4873.43570205129
4182.12758323245,5782.45947708973
3855.6990978809,5982.39347445586
3747.03754350923,1871.412475034
4123.67506284542,4259.53909869529
3307.0710337448,5125.71156821283
4400.0877257877,5482.38785894638
3963.4066005034,3775.90094142258
3111.34219010868,4689.9829109847
3199.72874429727,3180.07696010679
4176.78766026129,4442.36690969952
3456.86708433707,5695.67731658972
4463.47773061127,4821.88922398478
4671.89638888864,6525.81871294486
4019.08276698685,3538.96943521574
3387.22486299505,5133.78176069607
4599.63745247247,4076.370466358
4861.06679191294,5946.13490516792
3862.13212498099,5872.19655009028
4550.09069615079,4307.61900940641
3955.55092349419,4061.25339110122
2577.68948035339,1241.65996258227
4553.03114196282,6677.50238893334
8431.89721219555,202.491502737546
3610.54753897461,3648.0865986955
4053.30167842692,5460.45055133108
9378.19735741076,3576.42151345228
3926.81540176176,2732.58383548686
945.122671003115,1724.9570870943
1283.39850207795,1253.1967224209
5070.39821706801,5164.52798891974
4073.0988821877,5442.6622994478
4102.48909434562,5831.33477852975
4463.11200498257,4911.91087856989
4462.35300181088,6369.58807443229
4301.8741537288,7102.20594117769
3473.20558429704,4685.37928585685
3630.87935368756,2791.97300991107
4372.71171711149,3659.11170367928
4312.07548748804,2567.14658100147
4777.31843031907,3869.67332209237
7542.17554577381,1863.45603061353
3422.02798592399,3188.2609006528
5453.28210240459,5323.25897053702
4130.32045036583,4749.03084122059
3526.998331393,6361.29080867876
4724.29384172184,4432.87592356977
4291.68150116217,5378.10160529239
4011.52148193776,3800.28192953882
4216.28789637323,4123.71122608874
3920.86349818234,4855.70411277177
3891.84133553635,345.082350458655
3221.06235063213,3710.54443368302
3910.37110099945,6390.95706458898
4748.62516580309,5323.37271859979
3789.64870724001,823.605597747022
4046.13033612047,4401.44805267997
4573.5453307894,5991.77071252284
4403.6958638361,4952.71598752667
3389.2560170345,4990.73617179418
4572.96645366745,6355.60763409271
4062.74882891649,1596.74462614752
4359.40476481732,3111.3105476156
3487.29346117446,4961.92281492711
4281.44908540182,3921.84478022125
4223.99309967759,3144.27296021468
4226.8449981988,3467.191024765
4464.95916048797,6979.16521138974
4339.22980097362,6032.46207341685
3977.04908975611,4013.62804978593
4520.30197964149,4166.22128742133
3882.77461971986,5412.14356734967
4034.99294965098,4649.80278209029
3338.27640198088,2332.94312545252
4137.57299862368,6160.90181906154
3754.23107352675,5465.7362419803
3777.44700900389,3995.21481784028
4098.98054602062,3757.88519341375
4241.35439759697,5309.61935153051
2756.92002987264,5338.26229773104
4060.8501109025,6155.90070999687
3723.32436564479,5882.82417113725
4358.96092451441,5657.42963619667
3718.29077961288,6571.68159357007
4963.22068346777,6457.62061791228
4557.03554902035,5767.34197897769
3357.58217910895,4586.03747866377
3495.24058641069,4405.31252682744
3914.31626256789,5188.39732218114
3834.81853602621,5324.67976418353
4849.08641816208,3014.01472555903
4457.59727983061,6995.58975508552
3742.75525149279,5405.55125397195
4212.9935340118,4559.26989550559
3380.60819337546,839.007043160739
3779.11957478446,5393.90074607055
4697.60811155868,5908.51220483723
3165.54238936599,1171.81368349144
4700.50902158385,6935.51851513994
4355.49498607669,4989.31537814767
4620.85135459763,6048.77286904986
3215.10454503271,5537.34424176451
3913.14018658187,4427.93147710886
4293.63744216333,4505.1093262716
3723.47689603784,6460.74636393461
3262.75943430233,4157.58320033474
3893.71766340148,6366.97398326481
4439.49461441852,5036.59947527464
4185.57434813724,5649.30278110967
3710.70345579089,5598.15420983523
3814.67721706002,5573.43240038592
4521.21892877813,6859.30731308313
3089.48663482509,4470.83944523352
3959.38071816616,5804.51010991255
4291.53056304152,6537.12797665795
3222.72153861983,3854.89706816865
3032.86501222509,2756.16901001896
3654.22913384993,5248.07065533465
3819.16309160126,5611.56633271621
2955.41283715364,5928.74413722147
4411.01538606599,4885.59744195228
1963.45012870788,794.450943834738
4201.7587695084,4003.05751419798
4037.14889609141,4529.14907019953
3796.58388279024,1520.19228561621
3948.90752526421,3962.70697463704
3824.83002393171,6821.57086468967
4017.0942651866,3105.62737302955
4361.72585366521,711.760753607734
3364.68472918075,4045.4538274678
4224.80736944233,5277.22525639003
3746.10601058871,4539.43544705818
4047.47586442503,2536.7984709975
4162.20571403069,6113.95896612288
2649.55218848182,2915.29789842832
4710.33779380752,5884.41537545029
4967.44219374045,6787.01724777754
3945.72115198343,4666.73855778566
3138.63900147176,415.496867722722
3728.1634639085,6508.20087172811
4039.91492224056,2399.09523534859
3971.01849018538,5305.18655992444
3991.2441242373,6504.62055630995
6205.62765069745,1477.90950898154
8577.52502145131,1238.30682614821
3411.44419023057,4609.85014932142
4338.12301145007,3099.77378777698
4062.42710406335,6478.59127842165
852.51643229689,2582.26386768588
4407.33230119913,7681.03727276671
4706.8771326158,4276.07739045385
3793.99787980284,4329.55589416646
3731.45918148837,6313.43839409318
8924.95224147932,4232.43027134879
4285.00325325267,5890.95102622424
3859.99019205425,5531.71772978223
3770.41054859199,2306.62990026254
3867.90287291858,5378.61283729198
3879.39998419157,6996.15807254412
4608.40220318679,5228.52036561654
3929.01868474943,5253.07176439932
3600.94252634919,5961.13823236194
4094.89001074704,5788.71096913438
3720.52641696998,3701.96300920019
4232.81108285556,5676.2978603934
4569.85788559442,4017.89043072547
4704.46878800497,4106.54795426782
4620.44875674872,3923.94763938914
1714.1117322131,5447.66340851247
4207.37771908211,4187.81735084831
2040.53936479642,3798.2357329747
8885.31208697922,2146.25084030083
4196.61061125381,5439.706964092
3946.65776906392,6361.17706061599
3790.86077224175,6215.40363248385
7088.95911394999,3726.00275312812
3947.54539178109,2420.12298131697
5122.75282778187,5721.0241061014
4065.24765732166,3450.48253376755
3588.07040576706,2094.36332947363
3864.47090346613,1625.16049907776
4207.73423457536,6348.21950713085
4086.24945725164,4588.8790659568
4830.98038018022,6389.30877481693
5212.07560237552,6671.64880368076
3750.8545179076,2714.7387095722
2949.36502939482,3526.86435791851
4202.99210693208,5629.6958287878
3484.35366706194,3405.52858050638
4426.48005816114,4961.18366394673
3872.31580991097,4612.80548467721
3993.69743309809,5542.17494016265
4605.07742280439,2928.31232594484
3476.26030819864,5805.47633416323
3840.46606299792,3993.680276131
3706.64075768603,1204.71932777295
9152.20589769686,1732.68614110303
3755.06595419091,4049.31872447052
3812.39710285563,3448.26592653689
3675.50616634768,6167.94912469034
7098.34427984486,2968.71973953717
4389.61634324041,8161.37969620583
3415.34178409638,272.224046979824
4188.82168934254,4604.0532266726
1970.81949019576,660.157507223652
4349.34003889718,4967.09433465832
4231.01732561796,5501.82440060171
3409.25209976177,4675.94538518611
4296.71714236127,4889.00734670391
4016.95697214769,3633.93532483414
4606.51007255018,5569.17001944639
3682.5067329614,4505.05224081258
3853.68891329838,3647.68869190343
4596.92473012774,5295.97973252399
3411.0770256451,138.214795526493
3871.39934425437,4946.86240227409
4183.47591992731,5480.45541044502
4069.47856818863,2058.72995167568
4074.26000048877,4510.67875279487
3707.78360776242,4107.11627172643
8631.75454166243,678.968857388998
3555.13552888088,4975.22118974532
3868.28988688788,4891.56477526763
4369.17387699266,5678.34363410227
4342.42337890166,7388.18379377394
4035.95760139133,3715.65929081046
4670.34733079894,6570.31788538257
4108.13179515591,3628.87713031045
3917.83094563161,282.794767566946
4176.64728674481,6115.60725589494
4555.3447736057,4965.16188615696
4083.13446935735,7003.71661017252
4134.59625422963,6564.29346660821
4577.64977954596,5950.11312737816
3959.98856175622,6927.1641639274
2809.10786146121,3232.58966242398
3331.84396631337,3875.52690734495
4083.86552554797,6351.97023321554
4550.30439058132,5192.65970312068
4120.29223655261,4133.54303355155
4437.87154015666,3213.60769016447
3108.98163907071,1050.47790607931
4575.83707539196,4889.97357095459
3937.59113345415,3213.60769016447
4388.27256766777,5135.03214367605
3934.26638307565,5505.74553735293
4875.84964255678,5025.17646349878
3937.29182723912,5019.09538212066
3121.31092308143,602.700622730084
3718.94740204138,4372.80468362419
2906.20508003419,1444.77658000211
3133.87124719507,7064.41283018046
3910.65857660126,5913.00208190231
4833.58389772216,6237.28385464013
3321.01833369957,6003.87578982008
3298.13961439662,2756.39629471688
4494.77443138233,8444.34428227677
3973.70360767114,5030.85963808483
4286.54260929828,3799.59986401745
3372.13855335941,2919.56027936786
4447.07375950297,5314.79087126171
4986.33219722025,6202.44607899871
4288.65453439315,5356.5055418654
4382.49286205259,6013.13927982428
3864.03578929713,3790.1088778877
4713.9467340904,654.92900774725
4785.71896275212,6157.60566237268
4121.82796566327,3004.12604406483
8564.089487241,2301.91294992717
4061.25471909909,5337.40982154313
4286.86490439658,2262.8127933462
2576.07985069463,964.661969829981
3436.33573284884,2827.49285107387
2920.87406955252,5491.82175961712
4149.50259725952,2861.36461389224
3561.22792203702,6430.79594929508
4550.77920238668,3263.50608988655
3951.34262674879,5360.93833347147
8043.09680684951,727.446304893846
4451.27524686424,6159.53811087404
4384.01425016527,6587.13991301517
3792.11759082506,4813.47821016848
3741.01942363388,4505.90471700049
4309.93233920401,1958.70607896123
2898.46467655408,902.715366842053
4628.0492812933,7090.83959200559
3949.95678468805,4305.40240217576
2988.45254871517,1002.56882888997
8273.02640964124,697.666459491572
3373.50154023983,2399.89083750512
4272.73166218574,5880.83506003213
1454.92809504696,1235.69262926692
3650.19697651214,5471.30566850358
4546.0059124382,5034.32620544022
4192.80797066271,5936.41642291263
3442.69247130187,6842.54194805429
2094.36346961958,1672.50136452231
3523.98566724182,2315.43882087091
4347.58523948032,2913.70669411528
4310.56748034138,3510.78084698342
4298.91609523188,5219.14312754957
3417.42309326496,6241.20541424661
7618.20109468748,924.254661951465
4159.27547484421,2826.64037488596
3700.0911068289,667.147833107254
4719.18338743096,3444.28770432665
3814.63407670282,6021.26655776653
3875.7895899145,4633.83323064559
7578.95028815384,2486.16134315028
3985.48246556961,5409.64322424496
3867.56038864519,4793.8141723876
4180.73222130809,3536.18472195411
3718.31360576121,5988.58830389676
3723.62312433335,5284.72713141466
5045.51971661364,7066.28861607806
4276.84039155752,4706.46411728424
4627.4352372707,3799.03154655884
4349.00049943127,3244.01267419983
3966.90981376165,5318.82617893095
3930.08605709625,5698.68931454928
3042.86837213605,1253.1967224209
1169.46677090869,2717.01197940662
3996.72440163844,1306.27763648287
2560.84236062065,136.112028858192
7805.64812334008,3852.05548087562
6553.76021563253,6656.02007356913
3992.2458912802,6177.83801761217
4092.91059156409,5266.65429794683
4152.75595212244,3247.19529425354
3805.7807383625,6332.81785028951
2017.91365201067,3252.36702541237
3246.6590330325,3370.52018277079
4769.73066107834,8435.19454033534
4262.02847665137,4397.58357853251
4197.41320349926,5569.56750338321
4096.00363999638,4849.33887266435
3874.08672065447,3976.80116303939
4077.17900952564,2976.10786649904
2882.38618639384,1431.53476207386
8454.73626223753,3233.32839054911
4180.63934752681,3552.1542733988
3950.30326384263,4854.39706718803
4327.79213491973,3937.53059579189
4140.82759872029,6329.29462033036
3620.78039045664,5436.63830352869
4141.99042940978,2922.57248875504
3627.13681378982,4764.20500193639
4788.69811697841,6462.67838958071
4964.4127872777,2617.27226542147
3699.61410397107,5215.10824273557
4166.21329500319,6278.20271165968
4680.29578971077,6428.86350079372
4202.56559908527,4454.30157633022
4521.6335848114,3418.77029272082
3651.34688136235,6596.63089914492
3332.65144613765,2551.00640746262
4604.92740579739,6131.80430346518
4188.11987113338,7101.7517946371
3809.20860804706,4034.59913315055
3623.9180467735,5744.38220736321
3660.84330273934,5751.20201686646
7322.43986385257,8087.47411257958
3552.25855129517,7970.94604641349
8478.15302573604,6555.04219710286
1244.17240371351,9274.31508764125
1645.1198511795,9025.59328670421
6737.47115862924,7474.62757121606
1294.37303089177,3248.72239970657
2008.76558946109,4193.49962694161
7991.98736243254,7438.32926693582
1003.49251212372,9266.59616695818
1695.56945828572,8587.78496281507
1065.73997691203,8972.42932116357
1272.66731149171,8833.48092847369
901.540669262143,8133.67569105704
607.097058730808,4570.57218360473
5704.33924085007,6906.70966634228
929.033428317723,3260.9007027852
1248.74542176337,3780.1868434592
7462.29682758546,7550.78258574521
7293.07393879442,6564.44450458109
6970.07958154356,7839.13267480666
1520.39208964532,9082.51365296607
7809.73831360958,7617.07891893724
1082.79084089605,8938.20238629173
7043.32965596925,7831.576127564
1068.58216689909,3445.64748306444
7679.40446065585,8222.89645206353
1388.35364254159,9204.43529375048
4250.61535226236,9413.65581879529
1146.71366141546,9045.08770102834
6878.03356145473,8247.73698768632
7839.96531329442,8359.90527106376
7788.99318458139,8447.89119096068
1414.63880381599,3634.3305095738
1400.76629001314,3604.50423168274
7101.68129588962,6136.11281210056
1113.95532264854,8894.178825492
1389.85584420092,3447.31406667849
1518.34422809117,3619.69320281589
8604.30028138562,7598.08272569957
1055.47355318649,8632.38242040199
1704.91360616134,8966.9642059591
2415.76544634917,9377.8406715086
7823.55036130095,7900.89870275674
2199.78756088489,7956.39015821021
1601.61820836089,7494.35007615685
7266.65402484242,8538.85777529725
1169.06015401688,3545.98884053855
3218.23405450711,7553.67599523565
977.144537270003,3266.6161508316
7252.76293220338,8811.00613110243
1622.19029283871,8950.19543402937
7468.56407837317,7276.65909933222
1408.52459559552,3482.22585085614
7755.96380623266,6992.26381465017
7640.03535268032,8400.46319165345
2343.29158153362,8588.2004084423
1194.12157785351,8086.80730882201
2098.53135212113,8994.0464287867
2754.76612252748,3951.16672157978
1508.3357533645,7646.39732682558
7969.19956708347,8256.99660397624
8430.41483136369,7243.538173465
7507.3335384302,6444.01710687033
3926.07690909832,9132.07725181062
1709.21100848673,3534.6756660591
7340.47450367576,7980.86517131135
8217.68973561903,7203.32869976332
1299.16219626115,3704.06888442951
5165.38937055623,5543.78914776277
1500.81348478345,9074.09764816693
7497.79629994688,7150.50629685156
7438.90494067185,8087.03462624369
817.093690021654,3319.90225504547
1270.65600472262,9053.64030066598
7593.04887565771,6318.85731907836
1223.13461382106,3167.85200422388
1521.03970391818,9276.37165586316
1719.59285085285,3497.91696041487
1687.39452557572,7425.2720159183
1598.61444488992,8616.54924719299
737.67652991653,9068.5205037228
1301.29251332694,3652.21114617669
1281.19530524468,3780.86538920408
1125.76929741773,4816.38673169933
1821.34223550983,8932.09571257605
7672.52606144093,7590.70774778608
8525.09100831312,6544.1867015016
1742.58630063563,9205.23329067855
1519.66071966938,8202.37129441496
7458.14766013331,7773.11176822311
9251.76206065452,7664.42116795069
7038.7374989959,7793.55496943979
1521.64186972579,7906.52490839725
1248.08272526245,3539.71354990774
1779.91377906473,3987.10282460594
1684.88501725709,3898.08361646601
1244.42140446227,8940.07151733899
1925.34890790711,8142.30730994812
1226.50541081763,3839.61858284
2102.95072997799,9177.94993365528
7978.98408171832,7236.15853560564
936.66200870984,3583.36872477077
1358.07861468814,9024.42975487688
1853.70896737592,8776.3066635993
1108.28392559163,7432.01230204145
1588.81382757832,9134.39100393975
1105.96259164001,3380.36402592127
7303.90611565873,8047.62763617114
7788.28932917461,8095.42116427842
2428.42627207633,4266.84633806012
6738.66483261199,7786.2620899179
2016.16679538914,9202.75146770593
5705.89722818362,7423.67779097775
6873.43281960867,6585.4493533111
6851.58084711104,7014.02906936107
916.108222175012,3030.48520080094
1848.2200628676,3654.84215935181
8112.28458398217,7918.13717299273
1115.14324765677,3726.22116397097
1581.55548618352,3382.18121247639
7437.29603477607,7620.4199466888
1614.77782082213,9102.22654884323
2018.9696820625,8757.55273925015
8702.9697661926,7536.25150037101
7456.31153577971,7725.61840909904
673.840422004025,8013.0735886672
6864.41253838408,8157.25939311308
7871.18912482339,6298.52465287409
1382.63749689177,3602.22822621533
1201.3027597042,9085.55567032221
1944.37225957886,3803.60075771949
1631.08043430038,9271.47759070151
7635.80456207057,7525.23865330471
7498.93066949521,7628.10947183191
2182.26248473209,8248.1793331909
1555.21285250771,7693.91725671252
1217.34144093185,3704.9895199575
8165.30494276006,8375.31545559192
7381.14356911785,7208.37672005883
1487.71525259629,3768.2547366067
6595.83982479017,6863.0411405995
1202.53913310728,8879.93177926301
1930.12013527724,3889.19200146301
6654.39767603304,8382.94390625043
1822.00498634916,9350.25711792163
1872.71091182444,8331.21012340863
7615.50123838288,8081.83490046874
6933.7038615422,7993.97630206978
6830.91924926846,7319.04044218134
1671.48841305423,4625.60788868967
6206.47683974487,6910.52815951781
1818.34763506319,3167.43711874329
1770.17171039626,8382.48350250899
861.696199134749,3012.13417988089
7321.76859196281,7964.09246791738
2922.32760061191,8522.43458743985
7676.6041763451,8314.10322179372
6231.69438680481,7720.71893683783
1460.23848337614,9001.84179147502
3023.6538980936,8628.79710732034
1571.63756555452,3631.23014839495
2185.1354370776,8916.83480834561
1989.16642939487,6568.33878207489
1929.06905089863,9127.45662610522
7185.26568205661,7986.40574297257
8019.16556716225,7933.39250639127
1136.50766682415,8980.32111340971
1260.34844033838,8879.36675216838
1923.56135002134,9018.17492564556
7699.0772179597,8342.87124544967
1530.45735840271,9192.66654915458
1667.63785333555,4142.33179646104
1365.69853436262,3450.37975604171
1128.92828369089,8959.82567991311
5503.56178626441,5652.10200889432
8239.55652239494,6545.67795264681
8066.24376549695,7246.27552003411
1164.19445375202,3472.35731725962
1816.24903634483,3785.43342338754
306.987403898428,3011.96629047872
1128.14561812471,3470.01844639519
2089.00668902872,9341.92096622251
1554.04329061866,3781.69900129452
1296.81325845564,3812.50385454021
1140.9905951194,3228.34617942678
479.849645666487,3110.2362619279
5993.0690084049,5160.49642723206
7141.98600743474,8007.89064894823
1537.91707390375,8318.71055625269
1137.4786323117,3176.70670910005
776.926713849218,3340.3482945381
1251.47049193551,8980.86154315376
1120.88243603033,9095.87927902196
1223.28807182519,3644.98390238488
1609.43158970733,6044.02361045179
1344.26915061948,3769.81852181294
1531.81411237794,9192.60130263074
1830.72239881426,4661.98033280144
8077.85380027442,7690.68113988545
1819.27137099927,9269.46205051138
1321.20368820019,9146.13639431003
1230.08681216297,3806.63036780934
7906.69108549324,8254.13835568179
7860.63734035328,7703.07615668354
9047.08769007176,7426.9310632844
846.591572484189,3451.45616540398
8350.54605788733,8180.81736646683
7249.92647721667,7940.47482488945
6648.77821368031,7312.18150117972
1579.93456311551,3675.08470803881
1018.14414031665,3191.69408983712
2136.52403395645,3702.06835109083
807.135196300223,3700.9297715174
6430.00139619031,7017.5064873312
1164.67949724103,9108.90579261106
1197.6995997246,3639.94789555635
2111.87048796843,8377.37579291977
7165.942273983,7540.78043510214
8012.22327719002,7339.79098640743
2094.5129442425,8888.86642763189
1881.4025796791,4189.05074019453
999.821704468509,3572.46563867195
6830.0853092034,6578.24027621979
8568.2574085219,6657.37840915089
7705.84507863262,7893.98594983859
1453.86839989115,3519.87692402014
7947.62825698416,5773.07226099822
7485.82018735273,8049.89496490283
1279.04197376954,3658.61409139715
2034.53377191398,8343.49567564274
7838.73771987848,7512.34109806209
7423.79022359414,7326.58204861387
2111.83241912294,3760.45441545015
9424.15915909799,7544.32443324679
6976.62371830191,7593.37590608291
7626.02384336796,8034.02428442975
7392.96794286858,7452.75441567626
1580.84030635881,8846.32334637065
1332.28896548717,9079.824142108
3769.12054948328,8002.61079029688
7800.48930951747,4888.7325919579
1307.24170724812,9022.06968749647
1263.72184799901,3678.15173414912
8352.31429198751,7300.45502647751
1839.8746343562,3817.63983349584
5740.56777172076,6003.41173088935
628.677511905794,3386.88253517755
984.326435184266,3080.9763063917
1654.46622169186,9344.0403454956
2104.68662497693,3708.21338351344
1583.93128540502,3898.16705599225
8548.53788500159,7744.79196590844
1616.53466004032,9180.34769418418
1068.59026614576,9223.76844196871
6682.45658746639,7268.46131685591
1217.19840460514,3653.06482529158
7771.21422865543,7203.74151680499
1523.74882959824,4165.68270926153
798.035646248086,3457.487304776
1625.92814628494,3407.67255193437
1954.8243446009,3579.25060890923
1324.50583916772,9281.62102609178
1536.4517858879,3631.12073367577
8017.49869028323,7445.47075170937
1790.65335708661,8669.30264027335
7838.27165574844,7383.90899557232
7327.67058267828,7715.4130697707
6830.90881047543,7385.83689984075
1598.01177649089,3703.98244151742
939.052365136145,2843.9744088925
7130.82893528683,7731.08422861551
1514.16025143769,8364.71701586653
6378.60957123738,7212.94843311797
1701.86261095662,9162.99874979614
1736.20157802654,9232.25674116981
1185.11598136095,3612.34037162397
8131.03470691489,6116.70074221822
1627.48814631407,8867.4601632559
1452.70339898174,9100.4130877138
7156.40610703474,6753.12078815655
7233.98737226323,7723.88490537555
1092.83118938379,3278.42063882079
7394.71258854881,7789.58699974171
2006.83288314554,8991.25726007504
7366.29212954823,6914.66662534565
1744.01427201184,9041.27325962752
8263.21142213135,6875.8595194923
8214.51849017819,7568.70607080866
1567.49181037518,3835.49928438284
1659.9358488336,9105.95314882044
774.526435533832,9037.48669120842
2168.61999589372,7681.59851346052
2829.9773388784,3423.64118917597
8791.04886981012,8276.20701961529
7747.42054705321,8083.4977231887
1976.06128144859,9206.61225651379
1421.99052838836,4065.32897071639
7562.88971130542,7150.19305245596
1371.15858509303,7739.57995763823
8123.59531672062,8319.79238092113
1336.98191922454,3792.4856391496
1525.95839313134,9518.80681724871
1294.30843956486,8910.5353229859
1285.97160027963,9031.22048121165
1536.80615728166,8997.32522627616
2182.55278134034,8940.80238790388
8254.31619609127,7291.34949682716
1055.19923315266,3425.34006301111
8164.84260709738,7853.0532428947
1228.27150244125,3431.27912045472
1251.67975437613,3641.02588063122
1564.75452140074,8881.51113272525
6648.30477522307,7722.62599614257
7774.05669132876,5198.07351646255
2381.55220414578,7435.9305377814
6806.33343734914,7722.118187994
1000.78293359765,3372.69481128002
1628.30422210518,8071.02114653887
802.799221340461,3132.15325453533
2077.05404370368,8649.13770897453
1747.61491997433,9154.97842727379
1306.63422306079,4177.7849485387
7650.4596400869,7968.98409691086
7036.21979358611,8238.84900143961
1239.21117866386,9191.05675798854
1308.55496129706,8820.51756733116
7093.26950714184,7827.77579721659
875.959748129363,3722.0158058838
854.003261389127,8726.00111914511
1209.08956455541,3348.63098261654
1809.10824965268,9326.46930704481
8265.03272544827,7613.98340906479
975.394014544454,9041.10570584395
1501.68411734059,9034.69951938758
1261.11036981736,8509.63107761239
7705.7570171649,7041.26935806305
2152.71163033,4645.99105323546
772.668553923415,3249.04811417206
1526.41290756851,3453.00142116602
1500.70005633225,9367.44287149281
1394.02010778827,8996.70328847858
1287.41538940145,3633.65727441029
2122.98505619006,7452.35712348312
1215.61255608203,7562.94526995452
1123.38593371854,3434.45971601195
1504.55476210674,8977.37396867617
8123.69081433969,6170.137386095
2284.32118756941,4010.18003138386
7816.45387964643,6818.26031700419
5760.80259671903,3948.76409789779
6812.93600787891,7607.31440679807
7899.29714580053,7807.8218354127
7965.54251026356,8348.44182981928
8262.94820148674,7347.05152790155
1382.67830082217,3312.06117707056
1562.89701171891,8041.49968121616
8055.3557811077,6637.71700656804
1493.9473943546,3946.14277236817
1027.80009468373,3681.00572206615
1513.00453531057,3653.23953406024
718.106134373484,3006.44765032787
2631.90801285749,8432.96981937802
2415.18377978565,9347.48695233704
1701.20210836929,9032.07327923529
7599.73162587362,7848.4777635012
7641.7636923445,7826.59301814111
6840.69318333758,7314.11998197169
6533.68919368782,6915.98829782365
7738.7139194041,7995.6437499121
8524.0170166546,8217.65590625294
6988.66676074438,7760.93177552269
7319.49711720565,6740.81516783323
6731.68032048071,7660.1356977814
7477.96624946727,7385.06452764541
1978.16761151133,8849.4708076041
6782.52111535158,7410.06239844228
7963.26522848808,7653.5121171293
958.003877504625,3499.11327632369
7090.47150853266,7705.76759796099
8557.50066979582,7822.18088598665
2089.32552341236,7956.24493426179
1455.62935627729,8926.64319384253
911.694111856905,8457.01368156216
7197.38881086681,7410.34756962416
7744.3434640285,7296.84415234938
7086.31044203971,8464.59069310826
7872.51711212263,7498.49791106547
1763.21136198067,7773.71711769786
1889.96596940332,9214.79551440032
1334.68166942136,3704.77723161375
2131.65485617976,8921.79628641987
6742.97372638446,7077.74170293607
2250.60867849127,3485.9989239727
2762.57638965075,9230.64613331088
6589.33688597998,5463.04616257121
7502.91714095013,6968.57302418092
1911.03766015954,8902.62765681974
1590.13016963233,3423.41625186255
7632.66286935252,8099.72630526584
8340.1711920377,7168.99390101494
2125.58678322676,9096.73385231025
6652.05393489343,7262.86667079796
1657.94329676998,7756.00684197307
1260.48590711906,8113.62564764876
1650.40503230559,3389.48147649791
6972.35099386277,7526.87797169311
1226.4369753314,3352.97042658747
6942.77177248882,7516.98503434259
7884.42690068619,5927.95552978849
1353.02931805916,3299.53852523092
1737.85077696262,9089.93492929382
8224.52649276488,7424.77479873947
1383.94288507567,3212.27984222449
1545.84085212075,7857.49752496063
7386.89232431128,5995.90303655822
8042.07401356821,6107.65573465937
7510.12816851168,6194.73935157887
1245.42520726653,9358.29260450942
1067.85385655398,3672.50166204214
2604.29530800621,8270.090447945
7796.25783424972,7360.0527476082
1323.14951043598,3223.50406038289
7636.77594272421,7182.71332956321
6808.86282367786,7701.51867098375
1291.27693435485,8970.06786418369
7211.25300060836,7393.04641474162
7741.28918916022,7270.98238423571
6680.11705100371,6693.45914689395
8147.08745808989,7054.35255656346
9036.70177708375,8034.98683641666
3897.42281834449,6874.370711401
7344.2024869296,6975.73830448319
7367.90186237019,6964.84384608298
9457.72343910224,7648.69360333875
1480.33195540845,8967.28915166571
2617.09675781505,8396.57374443762
1785.56790429754,9172.51850481578
7850.20832408594,7376.37479636393
7753.35266979171,7701.4764247441
7984.62626133942,5548.92409602665
1009.92190278946,3755.62643251593
2104.1376856536,9414.17802184544
842.083695797812,8153.11363263686
2159.85738938694,9025.14933560897
1262.76459537172,3677.68246996332
8067.43146089573,6489.89216334919
6296.16249011772,7777.64717648509
7794.48923639549,8142.71990868401
6166.34641601801,8078.72764068003
1866.31666616822,8666.12193803338
1643.24836749217,3830.84815491802
1303.41007420021,9109.96535427654
1161.32467795635,3829.03537913158
7105.67654368713,6735.38084362109
2776.77233354418,4096.41930412609
1181.50409421958,3433.13689484937
7120.76084354815,7571.03021745409
7111.00227613122,8012.48980556386
1390.32921714555,3711.83503960479
6374.04184914762,5960.04902583185
1084.50325167059,3415.51528479486
7689.36243377774,7489.73399945955
1708.58091327204,4087.57738898169
6069.12842249405,7226.97137126086
823.495228189735,3436.8687502899
8229.93415988982,6934.38826800808
7734.8740980098,6974.03540947341
8403.10988125993,7381.16155069426
1618.03581443173,8439.14291534884
683.322024309095,7457.8382304929
1414.29222700325,3532.10859036283
554.83017341236,3081.97827041668
7203.01208830953,7541.91598430844
1854.38050843458,9254.09565047346
7512.25957218462,7895.13187418645
7435.67010439695,7403.1252538592
1429.51931383956,3982.40486956172
1292.07609742348,3519.97151603073
1401.33719447516,8896.38120928095
8012.46477959959,7417.2909449378
1073.36367184264,8350.57621629016
1334.77063361505,3391.7064620859
653.412966624227,2996.24057949651
7433.43454996747,8721.95236925566
7557.93975951919,7391.78405534421
7344.03140709124,8556.7817753601
7396.50815817285,7701.66416662566
6876.44924756619,7411.34171556257
8205.82557839672,5992.47135043961
1218.88546493785,3372.10701684158
3154.15527974088,9160.31787566638
966.879127112205,3185.32043463134
7836.23480667583,7920.81022149364
1183.64339032156,8702.37603736627
1110.43091626612,3739.9424718152
8108.61473541974,7167.53443037155
1330.59928968866,3469.35203059512
1912.9902803324,8899.16374174594
2480.7848068893,8086.88868396308
6695.16956631034,6974.28314851994
7719.52318143301,8756.04162398525
1898.12670592559,8895.70047201885
1433.08562777083,3665.72152161513
7256.80735164151,7749.03202146019
7758.23069501243,6853.76726465071
882.131009648115,3564.96488618532
2058.5054715816,4027.15873234188
946.685460137787,9085.57533480931
7297.30005176862,8265.84578999653
6824.8891972981,6503.91980802346
1402.92757376378,3818.21061757772
2291.56155627137,8196.58157586867
1564.03900104843,3433.38991616397
1331.94096165588,3481.2687076436
1313.73348935562,3820.31425099451
1287.52805459564,3385.93766428616
2895.77886344675,3329.70489084684
7369.97881544874,7287.0768059238
8346.97022015028,7581.37691085414
1936.3253578436,8756.85824356136
1821.1566879184,7732.10762683072
2271.53227579246,9123.32943297873
1508.9304650736,8868.96503579659
7091.2134402157,7476.34121384466
8181.03327589944,7363.33380047597
1189.20452398233,9015.38264466306
1062.21431696254,3575.56805083248
1373.6960850769,8882.08977860106
1785.94060754321,9054.01142517621
7633.7322761111,8064.78252524537
6446.03926512587,6994.33902293487
2092.0825031701,3603.71344276927
1989.04983752307,9413.38656454045
7159.39151913812,7894.55648710773
1977.00653965569,8880.82990102199
3981.5888754322,8759.49225190054
8454.91440970368,7405.97433413926
6893.863093713,6484.9115629881
7491.49973756724,7997.3875854813
1896.61914122987,9074.3311672807
7410.18517198018,7492.39291207174
1029.85532894463,3300.19886007171
1134.58395832773,9030.17659951085
1536.17386179674,3603.9851992182
1487.0518907294,3731.7958008857
8061.92082666451,8542.56960568772
1515.94888800143,9177.33467963468
7436.01561225837,7286.50705928436
1400.93688481698,8107.00995804814
1443.06499628206,3882.43836465948
7956.55671462255,7193.72746241428
7714.61925638485,8417.42592075666
1260.32789964526,5182.22572586383
7894.00535629255,8067.03459658943
2229.88856206014,8292.03330128539
1603.4698062731,8757.41361095191
7228.27560563444,7686.35208611929
1605.69458542675,3747.44004613948
660.10388945554,9229.146115037
7898.27145961658,7142.29810620848
1920.30935000645,3541.20787922222
1308.31669635751,3450.51981561177
1420.25002703368,3875.39920751616
6931.93428940756,7135.83673765046
826.866675060136,3061.61898129702
1736.50301349083,9229.51928799652
963.600725564524,3558.28020488455
1154.25862418047,5132.59925270917
2504.61372524855,9276.9497380338
2172.28908024982,8484.29328729877
7777.83415101995,7892.63417284425
6360.68620085176,6288.41209136326
1330.46480302675,3592.79202539121
1230.61909283842,3645.2764965705
7546.41828959441,8654.13820883081
1215.78483120629,3316.76871456819
1690.79719552408,9311.89843868377
7649.07774934172,7958.70361311785
1870.71544842407,8553.01522164179
7530.61398831521,7158.17493129662
8575.61821395853,7717.05449853097
1807.10831980495,9330.11127817089
1247.14403383385,4070.46467310199
3081.3092002553,9198.37072880105
8195.11362689329,5844.12955789841
1489.12680991664,8637.10875802805
8481.93286500472,7786.36503033463
1497.02075880297,3852.37819900866
1371.04516607474,3907.34807639906
977.800832639813,3505.34809850115
1515.02493336814,8930.51487294942
2095.72369863828,3795.16364036877
1876.04733489253,9060.92838982527
6522.58356021898,4995.66380636945
1929.78083558827,9451.41791996746
8207.43930739597,7280.18825368798
7218.71276665139,7235.7861421421
7677.01137366005,7845.00815492807
1136.62465459143,3782.73638175289
1928.15285539739,3916.5837352359
7889.71560838578,8434.43681799028
756.065469866727,9057.27499994977
1347.86697861629,3609.07140749244
8134.98292077081,7497.57987822154
6876.93486256861,6873.11964621758
8159.67154223986,7249.99056126916
1439.98464750811,3438.06074632463
8728.55550127314,7941.53415985777
7562.92729249483,7993.27429605742
1311.63756892758,3461.69650639804
1107.22514828683,3005.03600728559
1121.37131179876,9012.0579225214
2710.59554994509,9327.80746655193
1096.68492710147,8976.83227134412
8498.84761777888,7392.87074476339
7534.64144388642,7441.72421968967
9376.16589326222,7669.10204983512
1376.1135631136,8699.15833673789
1068.67969162418,3446.1625433339
7780.88110638219,6812.45294430902
3256.06815944491,7301.03342977641
7528.48691644265,7964.45171401111
6674.24586900636,7668.1764581244
731.28363812209,2969.64749162136
6812.78362401488,8082.79864248754
1770.9563329057,9316.26012096049
1113.40877582642,3479.70887806516
1302.14767315986,2867.74347465675
7647.39596168372,7660.50631727345
7366.77344775133,6931.97583752127
1488.57649163453,3888.63459972009
1137.06885048073,3524.95448335474
4736.29254272274,5164.2601200668
1146.56453443839,3507.56184980327
1680.26978425402,3779.16665454493
7500.82153215706,6471.58158297199
1817.8052939939,7883.11425558021
1340.8026336665,9012.72696372966
1078.86923119795,3424.81497630954
964.09429696166,3555.36084767528
7615.75049535269,7221.6931666799
6596.6252195198,7656.93539564344
7771.29042161084,7193.9240307988
1438.60302577914,9185.49599096244
7994.58713004681,7837.36147331862
1718.5656126837,8882.36046766119
1720.14897655486,9144.28411077951
7796.00992587007,7792.34487319276
1935.28530820598,8892.90944787178
1371.33087755153,3495.19307072421
3252.22319858492,7973.82098579168
1184.77807992514,3385.87997905668
965.065445614591,3414.19873135302
1580.79425416868,3487.96551366103
1342.50439387991,3591.97219524844
1306.78867432713,3296.3289125066
8049.14499818614,7492.48122144155
6952.23248610003,6920.06282812002
7170.27631853308,7708.63880490075
7243.28693612024,7525.42424246527
969.56536208293,3508.90674859563
7779.86994667087,7296.02997411024
8517.3756749586,7111.81333097419
659.348961672626,2978.79265817293
7842.12466191622,7797.87271709873
1917.91622075053,3722.74265845894
1427.19073150107,9157.73897956624
1243.64811136778,2870.53817192855
7428.02569098889,6386.0724273787
7593.77575610466,7834.39922780546
864.316141754436,3332.83972185549
8456.81531319296,8063.16024561352
869.86093830245,3041.08005874489
9158.0085650277,7707.0550348627
735.573262324182,8978.39811095105
1680.27608958318,3842.14925485332
7581.25939832521,6079.58348678463
7402.51657384424,6723.04292609897
3568.82940919057,3767.93977309379
8144.92242519159,7700.16625049847
1729.6593831823,3891.73414057667
915.163163121057,9032.68067649439
1946.50649787294,8059.82871387291
885.968402281937,3474.61034748767
1781.61425552672,3990.55845415641
7815.71183892589,7443.53047834415
1261.89998310659,3700.0252376068
7676.35230566981,7261.29552964608
1141.99192626595,3187.90991574067
2057.61596443787,9124.16006580882
6426.46872110673,6946.29158109324
7249.3776926946,7953.03465554638
1485.83031751796,3499.51235791426
1376.60090550705,3852.08977551655
1528.99639470145,3639.11704014397
8386.94841907502,7402.35285116957
7950.08425504404,7526.02432599929
544.994951293843,3437.72095031434
7647.43815345967,7426.55796153964
1783.72329983543,8677.14996787775
7448.68278820557,7625.26003632952
1714.52665675831,9118.48523821436
1701.82409586804,8141.9874104161
7618.40059441094,7485.98644921828
1565.77192270611,3707.49468013636
984.967131323222,9111.65863662249
7393.19850386915,6668.98948920685
1325.42918757296,9163.36848011527
8199.80069595554,7592.17551409644
1699.42003904782,8948.99211160805
1624.26303518488,9216.30408325071
8501.67581440978,7206.91293284196
748.65700661713,3198.55416429978
7431.18073456613,8469.52426207851
1473.18414212959,9091.78580573449
1354.76077627499,3548.91332463681
8150.72274126516,8476.86220641122
1621.30881305086,9055.78509580368
1483.42265188585,3654.86986778998
5348.74957071777,9453.34852793597
1016.67949651902,9129.66949925978
1487.99050665847,8870.81207400344
983.552087102997,9101.06327384636
6349.15915711392,8934.60958639575
1429.35364335314,8327.26000974244
7885.66623848703,7683.99125748646
948.008017121887,9159.8375015624
1343.42819915711,8840.1270782846
1548.87386424897,3880.31652153944
6809.50107416041,6758.61018941657
858.067672715049,9020.34854655844
1385.49642005885,8615.75578294674
7811.20619441559,7763.21008253161
1478.7809787649,3572.57793487712
8206.21995356362,7713.6609871393
1157.11129602453,3317.04780623451
1242.37624470612,3809.39806208762
7768.39536295742,7351.48544426391
1518.65898042797,3775.46496507117
5942.82540512509,4100.82405959442
1976.94380557571,8465.25074234137
1086.62718527105,3226.9168399859
8836.23225237923,8230.22908327096
1615.41429518682,9250.64761447964
2293.85669331709,9291.22363024889
2707.29642775152,8241.79495958445
8817.73916132945,8516.91723559048
1599.17459050009,4128.54728404063
6762.18043628461,7838.49012488718
2003.50644062951,8936.89328142385
2921.63075466672,8313.55073047525
921.47313334746,3458.71342981044
7888.18615567762,7978.18317075267
1423.17063228432,3693.54272582333
1327.30935013563,3420.0631218907
6895.58746397689,7906.26503892707
1943.12963103225,9173.03523170334
1850.52868530886,9062.06534531011
7357.0730012174,7720.68351409079
1123.44589438165,9067.21892049701
7309.17503769857,7616.15848133899
7957.86581821287,7965.70336472965
1802.13898569721,8052.66468133119
1018.38873666509,8736.25861373005
7273.14690999031,7923.79905914184
7558.25199424133,7661.2694933716
950.278903894522,3760.39245507689
7832.71703736661,7016.12056329363
1317.2291697855,4163.33579095961
1029.89866428093,3590.6336434873
7432.56792702998,8616.24122828226
2721.1000551631,8757.49873618025
1757.12257409576,8959.30644020779
1321.22092399849,3947.3219793621
1051.98165908527,8767.29264172053
1120.40159067007,3112.63015378504
1292.93472053751,9195.44496322667
8389.90153031609,7801.86805206903
1437.40898487037,4005.19077614524
7378.0654748745,7624.06497702288
1900.53269867965,8721.46546970857
1527.09573904119,9071.07125583498
8726.28002739931,7790.3748125996
1340.84087102726,4272.67667063765
1218.01135363208,8928.98253614382
1699.08669195882,3344.24718298876
7676.88825725606,7058.56312967103
2152.30779275108,9401.55810694521
1414.18958197845,3749.50178757539
8085.74767412558,7798.95277258246
4864.78866011381,3769.56326965296
7665.50733413287,7872.590288944
1173.72807266523,3546.89304183661
1942.16260527534,4658.9119806446
8124.47669044365,7942.66154888518
1232.56957985607,3520.60946767
926.486603928099,8879.66574784079
1525.9340286318,9072.37534191788
7279.51212081396,4691.352009458
1443.17234828141,9032.57054555031
7029.61290060147,7206.43048569755
2270.13375094491,9046.08374408054
7863.741436494,7402.22061765688
1626.76156642917,3891.89815009512
1338.50485642553,9039.98482800388
804.863880931728,3243.05712270796
1593.69684682202,3931.37235042531
1557.52585451437,3885.99528354881
7659.21568318813,8274.60811206449
1412.80942453237,9306.92722273101
1533.00471561369,8689.58321280617
901.383882740757,3277.0491328198
909.407011803438,3361.97067786018
7295.97279576634,8526.93720583267
736.045225313594,8619.64942069436
7971.36133480819,8256.7282790839
880.285644052965,3079.91079972332
813.241946728259,3071.71105704905
6583.06875959479,5427.90282719457
7409.67965785639,7776.80828877147
1591.99519131808,8032.61174734087
1494.94873039288,3164.8554311068
7442.05919648314,7884.87962045712
6378.08229835457,7313.29092379148
8759.0716719602,7170.38519849601
1724.25025603893,3758.70002744837
2518.19205287257,9105.07621545694
969.067369987644,8715.43756908897
1530.75558923427,3802.08869647239
6688.43353634828,7450.70560778484
1448.65361276887,3484.42545601511
1279.49123177299,3767.78146831544
1348.72593712788,3684.86721961576
1071.39293813371,3115.62962070868
1570.83634026466,9446.58767787311
1593.20622092835,8962.65101887363
7727.27584005183,7258.49786712807
7312.44418289093,7349.39241861867
1608.91754401841,8902.80398948942
1838.15664820703,3681.09877606774
3246.06514271962,7735.91367637468
8151.05360772418,7512.82829666394
7569.71541966895,8128.67729209193
1063.60859059357,3509.56430327545
7634.75249771093,8378.07672008383
2463.15087374954,7610.3356353981
1720.01913036743,3462.07283918293
7688.67453511522,8024.25872398129
1874.87761045877,9284.2813730574
1527.70606044442,3921.7301039907
1341.31446457156,3272.89558042921
2222.17107526521,7577.86641357852
7791.27023945388,7563.36910821881
2425.20845710746,9258.74931169542
1563.46057953435,3457.54126593948
1461.81374233487,8816.82133558294
2768.52297651976,8252.8339172615
7386.88830274244,7778.82580998567
1877.71473512584,5124.40845905266
8681.33623641603,7418.14886901921
1706.45022567624,9228.45683899715
1465.74602787343,8816.86478141381
6987.5338834565,8476.12670694233
8059.28339042889,8215.35467767533
7632.31994733306,7445.26260977365
1750.69315760218,9022.25363795906
1374.58703848612,3853.14505688481
1049.79182232112,8993.20377381181
5072.4518544847,7584.92940270987
6901.74605809306,6649.69982702135
1326.7330762889,3737.09288204545
1812.76454432696,8955.58977282573
926.296622230105,3705.81650757998
1861.61920456539,9206.42643158025
5559.5743424904,3483.14212290914
1619.98489604636,8898.11603161757
6386.48145842738,8194.37533474739
7358.96438255782,8384.0914424181
1501.98340915109,8873.0393568538
1392.95949850048,7780.67163073629
1107.66756632859,3366.22484296455
1136.31627251363,3519.29235114621
1280.54280365619,3914.01669973388
606.831034049168,3336.03636225665
1362.90381744581,9108.09291316418
1741.83674796147,8739.72530231044
1261.54374532591,9119.70969831148
995.288186832868,3805.65009885306
1050.63202030012,3633.70466785096
7118.13577747155,7466.51826205772
2196.91861466976,8229.53674353869
1123.94811568326,7705.45129842533
7587.3828526164,7724.44419689392
1078.23085381495,8989.40801861336
1215.32231776541,3734.44540957833
551.808819376203,3409.53271112326
7625.28315897881,7090.74135342163
1688.39126411563,3636.11110045432
1361.30703318902,8968.32263602021
8806.60424190268,7407.45205690015
7796.95213949667,8365.0155783472
2798.7725763818,3681.87235915344
7704.55134779704,8156.75543080327
6731.69107876936,6288.60969149504
6329.30078790535,7506.74271929889
7709.48766254358,7656.92053106761
7671.77887985507,8227.71708847339
4217.45173457948,8626.09486036169
807.818983293759,3339.5386127929
8546.00957283888,8207.00605965505
6920.61599120541,6826.74372971606
8380.87408469934,7365.00022849371
1969.76181510874,3730.89118346183
8688.28818521784,6949.44659846934
2399.50060230125,3859.52892391516
3313.23392025827,9129.5966624079
1120.55087546137,3457.52221133846
1486.84789826975,3649.18078202823
7277.85971410182,8595.25325532363
1293.606845566,3637.83438500148
7896.4535223204,7710.0071899931
1455.88106447076,3516.11227827744
1478.92608295523,3129.65264856525
1734.73043872914,8985.10067856052
7053.16984015395,6586.67385264519
1413.74672033643,8893.45480352205
1311.87711914138,3557.59064151763
1382.61175370268,9214.89783587068
4043.70097855208,8420.60500011174
7082.78030222877,7327.57607688215
7560.64611444097,8008.94771050487
7217.12506228522,7955.6201016586
6759.68397373117,7703.39251718331
1649.9203557222,9185.3563815306
1165.30810161027,8953.8533586203
7641.13036845982,8093.0874851614
8622.02406491841,7923.02936224768
6613.63152310669,7474.71818024742
1306.78245749771,9202.60903307748
7253.35960607082,7437.90574345296
6850.78979613621,7728.57222613644
1483.36423939367,8698.22585770437
1360.86434951757,9052.50047171134
7253.1524991082,7430.74713699488
7611.72033143085,9013.08921659246
1651.01530893091,3626.44393651997
1564.53535830395,8354.89952125853
1310.27519824255,9082.41125281218
1191.35596375956,3444.69607722474
1615.27573044913,4030.2109146755
1930.84461373708,8852.78602879039
1701.20279991892,4029.22920055691
1168.18490035797,8928.12451967822
1394.2132264986,8775.10191451614
1737.76449311542,8883.11182445241
7632.36998865729,7839.84194060599
1202.41907632755,3646.57588508525
1260.19390031066,3548.30319107201
7433.32956729186,7227.57802947172
7121.89188965881,7909.37464715041
7939.01750005535,8403.87062109572
7289.65507688089,8171.09981367637
1461.00366963361,9042.67431528705
876.583046151856,8303.50603087047
2203.68037554018,8673.21485844907
7681.45160911871,6641.50116161659
7268.76473317562,8407.49271266969
6002.71078822055,7400.10976729194
1586.39256968304,8945.69418977669
7628.59714882105,7958.91223782723
6332.64771906395,8319.00111489359
1885.97027704216,9151.70523095051
1446.5110542756,3996.49204638183
1078.26037132009,3433.12283109915
1219.50991399039,9027.12226790893
1831.96278014009,3733.47948753043
1415.93164525569,9111.00464152174
974.41652871816,3159.67808822639
1602.90879535978,9047.89202796876
685.098823250894,9000.51625518096
2049.35484738938,9107.47896121564
7204.3303085916,6030.5576463894
7610.5099497902,7368.93879727566
2066.81975718321,9129.14758407051
4244.53522320909,3870.17521404916
1955.87127057623,8814.83331000331
1542.32036317215,8777.83696935083
7640.11583828535,7738.68301134878
7697.21330605272,8067.11178787335
8357.20464250922,6492.07672729965
6954.71540270075,5570.82466382397
1306.43818725671,3384.24228718509
7604.32696846921,7979.18329825286
2548.26848523712,8665.45285797648
3046.17403643325,8578.23733611499
1200.83717590436,3820.35090554539
7828.21224848666,7915.82132229544
812.140760044574,3355.21988703071
2204.45025593587,7981.28494483037
3364.76125483821,8623.08290990041
1480.63727998642,9006.66588151286
1447.87074735312,4019.40575036175
1904.98095032177,7991.70070918085
6411.77080443818,7629.38206514954
1668.73969440107,4026.210462742
2137.27348196265,7460.46363073343
1275.33352738118,3731.23174196588
2028.33610761509,8236.33233021113
8621.7776781106,7557.2631252697
1513.47488455831,3569.0406982264
1383.76100110914,3276.57578746316
997.933979696257,3310.72496988813
1199.96918052123,8795.53029388562
9233.38749511688,6186.25960988309
4082.06234317141,5521.34524252643
1521.60940014684,3484.35057833055
7964.47855040459,7255.787046159
7506.03275290449,7692.53004199055
1383.83884976143,8960.03926560316
9072.92676638284,7116.85520737715
6737.97175221801,7336.88078170266
6371.81378243255,8794.6232877307
1666.7245685078,9467.78396649479
7728.30551402706,7716.123207796
8099.71452918809,7118.57035392405
1048.69131185192,3620.74852619313
8035.00492997082,7680.67878196468
7265.35318935092,8580.80626443283
1684.93533608802,9082.21528651311
7457.54405354655,7151.53295557429
7033.07212277584,7358.00417272727
7230.63733695385,6562.8962402837
7798.19827459362,7579.8590903908
7226.27730491629,6352.62582530837
1385.30771422845,9066.14483921784
1947.95413325157,9094.18705593874
8555.1527980779,7612.80063133128
1614.77223081473,8884.66006418915
8143.25999154697,7181.5380509053
1090.23092101262,3772.12351890834
7802.76664876548,7593.48384388413
7454.92099318025,7997.26893873495
7429.82414418944,8059.8092549058
7805.37269653498,7945.44776495076
8882.94561566756,7582.33066270984
8127.12708957433,8635.6215129628
1322.04467284783,8776.6935934048
8334.90602761579,6079.28234153483
7067.90551338116,7191.5787960907
3194.51287288714,8226.5416281035
6829.46275274781,7405.6154914905
8375.93264180007,7197.44334321999
2196.37265033014,4220.21091260533
2093.2876154037,8277.70811459457
1474.54267876768,9244.37982174014
1178.521397888,3717.57097876231
7492.02264602357,7125.3808753122
1011.95992056604,3248.36825261937
2020.45171433574,3745.21241861032
1938.62178134642,8391.3048546318
1018.42465413018,9006.39306835169
9341.75677904696,6994.2794912885
7485.08299524907,8183.71657593332
1618.91865838839,4073.68491320347
7135.3759064002,7600.74900334841
8853.66247398336,4915.19137567042
7772.59400768649,7677.69791305187
7603.77520107634,7405.37095490997
1506.61490958761,8841.05336222564
6832.81561797334,7607.4148007322
1679.61429793695,8834.66351087006
3347.91534207078,3536.82253817909
1304.80546551432,8547.66016948973
8503.17792786557,6813.77056773147
1366.72130095304,3813.26282538955
1052.58563754776,3599.66532302945
1216.53684450813,3262.94322787625
1487.28054163933,8966.91102479951
1339.05527713083,8446.07050712006
1384.52007644775,9191.14891002471
1286.00802670476,3884.10899586514
6971.30464480487,8477.36283646268
1480.06986079062,8726.07767372117
1285.8061166982,9294.81326597152
675.58257771139,8930.30185757414
981.892233548494,3822.12624773575
7880.43430879583,7089.60112491307
7454.78181281755,7859.26816216166
8552.41575525469,7408.33236472408
1757.19279684518,8795.16751236101
8774.48436374732,7138.39701853686
865.887071118974,4733.552391395
1515.90882727318,8842.31108812185
928.635929528505,3337.51178837048
8204.03229114333,7712.45049744428
8020.26192267924,8106.3286444205
2655.63291159567,8772.16435927636
1143.96407476586,9115.74948718181
8151.00806448226,6345.85301086921
1534.18487431296,9180.14332730407
2163.33104250567,9044.76620794243
964.85208710436,3253.96272485819
1896.20512395217,9329.84390114476
1656.0028759653,9103.06723322365
7651.85878973167,7527.30822559016
1841.59563439947,9240.17507053131
1224.92872748036,3588.39947612929
1915.18627876335,3608.8612827879
9097.41142765276,6873.64097770917
1838.39336604031,3610.26548203353
8070.32997175218,5347.73128323996
1367.83908227935,9155.51170638199
1677.87510256568,8904.09098972018
1326.58549799817,3524.87861888571
7136.53555758853,7510.83585878178
1339.22223123449,9017.61328686973
816.076257926659,3174.56279825543
2545.39733256785,9067.82147041949
1330.86678442756,3520.99079302227
1172.98225769744,8939.86644735722
7045.56804165663,7985.55655738619
1534.23686254723,3511.51625530738
1877.42042803983,4773.85131283774
1298.22450724421,3443.64601211125
6768.47132589551,7670.17980531856
1731.88906800779,3252.18596222042
7490.23712042566,7779.11145413144
1568.87521928706,3897.58737809669
1586.84775765467,9214.39301626699
7779.15385961268,8288.92257188494
6925.13928988194,8301.36267164094
7747.71291664407,8420.63425492893
6231.7236602604,6969.45985650703
6662.56047216044,7874.25546432807
1852.97791506269,4146.07521880182
6785.00151618846,6968.37148522747
6943.23473881555,6867.93482586042
6718.31799567937,6641.3126796603
1051.115851836,3991.72738136974
1664.54943809501,4786.95619150592
2573.86195334157,8424.58462285951
2307.15833880116,3742.38139915869
7056.64520890871,8164.27313798027
1194.4244249839,3371.96426958424
6575.85938623647,5246.40277913827
7655.87720491466,7416.22167874398
7238.43380734371,7298.81753094648
7055.77640610797,7733.91336641026
7694.50059283777,7461.05885092682
1830.03405477014,8998.40312249851
1169.7669834685,8381.67307527673
7434.20432684556,7654.80845490013
6665.13868080775,6802.83724663911
2378.85520354242,6420.71273005296
8174.40955727907,5461.56416272391
1729.88379690928,9221.36057987733
1277.2427965359,3341.05345569918
904.810604128357,3404.98403145654
1148.48973459828,8352.4718524264
8378.27897856533,6596.8792726852
1753.76323672524,8067.95158055366
7145.31038416322,7124.89012265644
7043.25663018884,8358.07506637357
7217.31216571833,7192.29499562228
978.501807449103,8682.07251164341
607.535849759159,3597.3078141593
1678.86993160331,3874.11910751936
962.988999543886,3713.11777398176
1462.02743856272,9111.9158272186
1834.34819318504,8417.78519019542
661.459655809456,2979.04586617249
2100.92423156791,9362.45241129536
2340.87769718878,3826.35319864045
7511.17364164148,7910.28753675048
1485.82974939067,3930.12274552012
1392.55411564307,3690.80761787822
7563.9762184571,8595.7258182313
1591.06328304078,3875.05871245664
1840.73173618049,9017.49343024633
8320.14545113584,4990.56895188161
1468.25867086464,3533.12854571561
6256.42514751854,7510.32904596481
964.927546961297,8737.51626164548
1129.37473392841,3424.72869042191
7529.84086633875,7224.01151249447
1276.93694531765,3829.27345485233
2632.19751356457,8676.32216598228
1050.25377116803,3367.03308052772
1458.32115983075,3800.47815296271
1422.35238302101,3646.34304094149
1591.21368488086,9035.04297705262
1320.73912998187,3640.1150735242
7461.2775752835,7242.88102626388
1165.52947191056,9387.61246390792
1078.21976042275,3452.62710090145
1019.80455247988,3518.77966807225
1123.63331289146,9220.47979617537
1294.35392039986,9049.48567179501
1819.7708978605,8712.5853631052
1352.13731225817,3711.76810977931
1526.91481930248,9351.56586059018
1664.35992340109,8847.01193703366
3511.90938660129,8996.94230693965
7318.92872134249,7026.06281196577
2642.89752130924,4370.50517329389
1914.88526166234,8292.82587029939
7594.16905261671,7561.23146788398
2126.0733872873,8700.64035038255
8013.35692809218,7799.84346439609
1909.54301152237,8916.42947781097
4110.32973702763,3508.58620541133
7927.73637961361,7318.34859994213
1765.90985873454,8769.29404060689
2019.69459809013,8211.17376283264
1413.33029788289,9257.70882284644
1853.31398615953,3575.92712691958
1655.317154741,8267.68776799748
1822.39573379557,3587.64352394461
6785.85341186384,8672.31679798925
7621.99899676903,7811.38537470075
7668.69354735653,8329.47278503063
8048.85780802461,7359.1783907336
3375.25537689314,9385.6345790322
7100.05320498396,7475.35581127574
1751.37252021773,8610.18945844037
1548.85592699231,9036.85793243959
1263.45937655913,3760.21400619805
3340.16360498944,4333.22552651808
7691.76547278548,7501.32024829248
7586.43112983633,7423.72366883531
4256.96297892258,8436.32435246972
1512.91023046711,3574.08812887774
8115.2441490078,7056.21985611655
7142.03220443432,7153.84607516636
9057.73823797352,7265.67969173187
898.073838376214,3352.38791236865
1375.21130173077,3552.98991918285
7411.06172445794,7730.26184092137
1627.55118394225,8989.17103999821
7675.2832342307,7471.48264783724
1453.30993509002,3480.0318951735
3755.39320902297,8359.7531430226
1577.35969655388,8091.6160894822
1735.51830865407,8954.58662230786
1547.94863894765,9441.61738845464
1505.50289718851,9154.08772936511
1525.49326669823,8754.83685637623
725.628597416283,8840.81542106926
1354.21089371221,9445.62380372377
846.691410952612,3249.82417319108
1302.86589835461,9055.82079167358
9062.8313613054,7846.01637134767
844.512216602834,8944.14123053667
1464.50264082882,3750.27506623252
1054.42112977239,3582.8254393226
1707.11206351858,8585.29623763414
7556.56827756411,8189.93159404915
7722.80014131145,7422.44738162122
2085.16788291202,8180.48976817613
1148.28488111858,3151.35431709787
7087.14511399646,7377.20853614457
1224.69337776741,7859.70563747974
2019.75214865945,8956.99886049994
3299.55396234861,8755.38472784687
883.487885762591,3467.35009697271
8144.33457922922,5138.34691815383
1165.80666672199,3557.66416254403
2202.93062212946,8931.37163985277
1030.95013322312,3384.37583939568
7715.68174141332,5660.2403174692
1759.3715102487,3781.77187749575
1713.01847356242,8989.76684806304
6959.76548252317,8055.13005354502
1093.36872013492,8864.23105682333
7878.21552970627,7941.87238150716
1173.91961830958,8770.52357618226
1331.70697082593,3743.60109834843
1183.75428928072,3149.96311782558
7944.50268699529,6663.78100055174
1538.82919094365,7952.67366659498
1111.44480627856,8877.95852344349
1602.0866954032,9450.77841761065
912.338352533212,9096.04612387032
7583.20096253112,7787.25749969164
1375.78055145708,3495.11007347423
1233.40281517761,3676.90824216554
1097.59139538833,3184.92546029919
1814.48113749037,3622.51032855863
7664.54051645687,5361.60723698086
3931.66721996634,8807.0982769299
8044.99289674004,7711.24950796733
7304.52114216774,6739.28261331779
7512.44996378143,7970.7462372755
1297.17018653027,3573.80847663519
7567.52353399599,6534.7660448788
1258.71596050805,5862.80149384382
7316.77330713248,7505.93909679621
7795.90813188878,7799.98068967327
994.435903054593,8025.75188781496
8654.6498164532,7641.6033717785
1892.56208693573,3665.17783511008
8768.19522044172,7473.01230979287
1437.49917591128,3638.60007316215
1329.15425652066,8619.21880201035
1050.58890080194,8109.5964810483
5906.80020779162,7448.33175489394
1267.76776721994,3580.31670356656
1042.89771202492,9269.11207867436
1469.58238563974,3381.03069149634
7250.20110402119,7971.36780685967
1415.69444854129,7941.40626065771
1203.78577647957,3749.32618665635
1190.0392778456,3603.34065161297
1889.37742306146,3482.24167573389
878.995118246936,3198.01950735725
6099.07837186141,8859.88048156654
1523.19027805992,9286.61810983802
8273.21123938205,7855.37242693741
1028.26093612173,9096.22980294288
7588.20292682038,7874.48795926064
1497.62555406454,8651.33832245087
1461.38152663621,3725.18546345758
2041.40020634964,7719.37130115027
2427.37684613295,7574.33004410192
8244.90180510865,6555.03285992738
1428.62931235363,7881.89752237085
7144.21435228202,7965.72501206482
7557.9199145678,7991.57634647202
1678.84972515012,9318.72174929145
1888.72020134353,9126.52912546024
8091.58100548691,7194.07311763068
5657.42713252992,9229.56046407675
7668.13360043075,7591.24685135544
960.12308819867,3636.06060672863
6675.41220396799,7573.36913782605
1782.75155907532,3565.74591262602
7688.66324052434,7783.32403482764
1140.36445268948,8871.01019595333
7057.21602964379,7893.95744812958
6104.09119885074,3630.98366498087
2299.44369679833,8225.13236781504
7706.08347875699,6992.0567199249
1172.6737130303,9168.18631957219
6942.77990109831,7223.76135058661
951.200000621329,9095.65587263453
1788.14427222458,8430.98100909408
1216.27363572788,4372.42608909683
1139.33639506657,9085.32451203636
8661.74160305201,7478.20281898009
4195.62529105646,3495.28144632652
1459.79968043878,3727.8258648068
2167.68057439817,8579.02185532023
1657.21267010631,9249.43087977625
1399.73441965914,3700.79861010895
1279.20191848447,9270.72075223061
7292.0781475293,7779.8991225525
6829.3240696724,7250.21232847213
7971.12470801201,5937.46830342838
7302.77041140685,8159.68852063999
7665.40092311892,7562.28231654836
1775.77647592296,9133.07486723087
1364.77726482429,3426.50104065158
693.596468483822,3456.54038458053
2842.8818747776,8032.89464909544
1242.16215961262,8861.4968399791
7780.19217056364,7693.37650780405
8352.83442956039,7122.6006380277
869.313224309045,3709.39321903868
1231.62785667281,7967.06380074575
1377.52251804651,8835.86234095531
6560.76661444774,8177.9218780108
5117.5146756394,8933.06438299872
1872.09740721767,3592.73393543905
7297.14950769684,7975.99887623262
7573.49438384586,7147.06599332324
5104.48217354186,8925.73778307538
8009.59261152691,8116.48225797893
1030.66489363072,3300.17956235818
7400.46219982551,7364.89723188962
8608.79838615447,7816.80870924995
7079.42768759996,7781.77409765415
4317.1880918589,6876.22003304342
7355.21972183587,5974.10238005776
6918.49912095641,6190.61435711214
1423.88094816937,3541.88666145111
1926.71898662225,3979.72783423727
7622.651263467,8066.08491601435
7160.02514003025,6572.25554247357
1702.45607440013,4612.52443521182
1405.84086691615,8795.71801884631
1235.57224897928,3317.53012429305
1248.45815598828,3709.25397752611
880.033588910955,2987.83389803058
8365.06047188358,7115.79554999299
2049.44124381281,3638.85341798595
1304.80966294087,3550.76711478838
3313.1918715885,8271.57281421123
968.556608568302,3539.50012976492
1673.46686732191,8488.386870725
7070.26925023297,8226.0730957955
6843.23188190345,6942.78766803987
1021.19568602308,3312.42597118419
1234.46058418317,9023.7527779737
1003.26632471385,3372.39495082607
8879.35123328401,7583.6498551767
1338.2628054258,8787.10275686479
925.999741192292,3358.7137695304
1821.26178977657,9224.1143014014
1650.2878265019,9346.01913560532
8857.3815556533,8258.8769562883
1389.44113248207,3651.05806748547
1119.18746212817,3551.64984276902
1542.57881165325,3563.96197824064
6706.79252345146,9114.2228617824
5380.65572224279,3805.22938347544
8732.82599199175,5044.7866182316
796.887994251179,8646.65498039089
1679.14444556489,8921.41681975968
8502.10034759874,6909.28359202275
7865.1873959535,8063.91557569119
1906.9649124146,9075.25448450505
1166.19343639739,3477.10716125447
1474.07693279721,3293.16272817427
8185.10927855114,7539.86400290643
6143.47017535874,7631.16100670095
7335.96413515584,8267.56515166184
1464.08973904593,9235.08561926167
1035.95933833473,7353.65854644958
2191.59684738072,9056.571740917
1654.55138531201,7887.77446601427
8318.67362158802,7346.24038877338
7702.71446258115,7748.37408823534
7615.77148761234,7898.55473800792
2412.60006919269,9031.79402470084
1806.43189955798,8400.0445801762
1285.50878874605,3669.18860855882
1082.62867906769,3336.64428611509
6650.03671380931,7878.37879824963
1045.10385738375,3223.90411225643
7875.40628184394,7724.94436846721
2045.36190766017,8269.33840319841
2408.63597694502,9253.60363842682
7362.32192933572,7932.34178394178
1162.66154156445,9061.79645836633
1633.25279366719,9172.59831605389
8178.70994831749,5999.43557156029
1407.04568892055,3680.2942717169
1525.74144354987,8774.17896124515
6576.45407413059,7677.78941430812
7650.21621795867,7895.17797496429
7958.16169932812,7758.14793317818
7480.75371653684,8103.87919835193
1547.58291294622,9216.3795697029
1831.08223030312,7981.28525330162
6830.14918374934,6652.8013522462
1207.65185964964,8584.41622973151
1835.89620191557,8635.27218357005
2078.39337670375,4856.40822580468
7431.54247294707,7865.524671062
787.939222542937,8291.12370600944
1783.56320326621,9052.55652255348
6564.01120429565,6143.69467030054
1584.07447466945,3943.55277993678
1510.63984186292,3413.1752829736
7858.07052715185,7282.22512680785
2970.65421287358,8571.12861231309
7510.35909337454,7075.20444887779
1806.35249558763,8729.42744626047
919.989374851902,3403.32640967909
1322.99647935431,3921.92883199196
1617.9260858478,3736.61679653661
1648.22817310214,3822.42546968531
6788.68176640632,7839.09507010095
1652.21714289797,8534.62533556347
6982.32911953443,7714.82177506539
1521.05443513297,8925.76324700936
674.338586818482,8873.72918613353
1089.13322272868,9055.15178997208
1068.68563003021,3672.03693949023
8378.41096953062,7946.35947300239
1735.04039458849,8205.34483707832
1186.45872971801,3254.88396923637
2151.89571188394,8301.96723929549
6664.21336214371,7553.06990793297
2754.31551068517,8537.84489581842
7416.43694575466,8160.97271489865
1696.40545127773,4233.80327047608
2053.27946347247,3935.45007292291
8543.31250384765,8083.65440094468
1074.36739160306,3137.33724303906
7210.81444604154,7756.71348263228
7766.02556378714,7948.68970510535
1437.92261120372,3711.02561077882
7814.31809423633,7660.56374714824
1474.17885431625,8800.27377763757
6995.50362011829,7939.93895285387
8000.46863489988,8629.47408036076
8377.14035888811,7223.93570323912
1406.75033405795,3522.32155263069
7658.23400726948,7189.60865524183
1131.12523811732,3679.85678309133
2259.22507466343,8269.61099112717
7093.05134468896,7217.74486467853
7700.57138128766,7524.16259907125
1902.48840319588,9377.28154017373
929.460464463191,9247.72456132785
5388.86842227227,9032.99706469737
7061.62821892527,7748.88331948583
2292.69895448618,8185.09726215352
7706.58310322939,6108.22838673971
1240.99639887111,3448.69244853486
6271.52214088223,6971.09773604661
1132.82033859516,3518.19685023282
6970.58055326806,6755.50102783447
1754.14298828761,8565.07144664093
6922.55554590127,7923.63519851421
7230.56627270012,7809.16897105946
8979.0633031127,7816.37857831324
1422.33172267632,3666.18226872512
1095.85449156435,3374.34631502696
7171.51610837048,7560.97394123193
6791.36647534557,7163.52594909067
1712.58883823386,3768.03120257171
7917.72731480622,7372.18580846804
2239.96515211495,8117.56918758228
7886.35312094568,8115.61726037998
7365.00850248411,8370.40413026406
1912.29372807948,9063.97602049581
7909.19164624262,8094.63919961055
7298.7180387187,8040.81156422089
7352.01085250263,7121.38191358218
7260.59483999132,7486.25924564736
1903.60183431643,8469.45080169648
1460.15540332211,3505.45890099479
1433.93960899372,8811.20999136471
1338.07801763827,3664.50219430595
7156.78194819251,8339.5411901675
1677.9888749166,3718.45166185751
7379.57689927385,7885.81102471041
1445.0334492912,9173.67634549581
1230.54588068905,8319.27362072524
6793.98204524915,7637.93666672477
1211.25848560036,3525.55258024139
2359.94661482346,8889.24754772725
1276.93002482561,3464.64513238755
919.726579117568,2569.69925460193
6698.35372248285,7527.22372350631
4436.07419171365,8135.5021173944
1514.98952104804,8997.19456118696
1463.75291759552,8974.34295065551
7769.3722476235,6809.51085190752
3041.00499808286,8548.43076349453
1639.6656834428,9451.31400443711
1449.46739562477,9222.98531886956
6443.63568936013,8921.6766014515
7891.30945184733,7664.8648548424
947.289914187903,3279.32849886689
7267.49321694188,8424.43922485462
1631.33754207148,9060.95108823665
1607.51476260868,9097.29877816898
2519.99203142067,9158.4224816564
801.13792696061,3401.64319163883
7614.1851185424,7651.79136874745
3949.50032242427,9263.27774243297
6622.53259250534,7509.32390008021
1196.0431579281,3596.68338704146
855.434058463362,8241.72713265334
1094.40240586915,3261.85832153486
7350.91232530582,7684.76052051928
1804.11775718519,9139.03688435755
6879.20583615753,8018.6948559445
1304.45271977368,8947.78679422054
7417.28327048714,7938.53885418852
7694.31945179861,8124.91275929611
8437.18467059588,7418.604222124
6522.12055905157,8070.81771739765
1498.53237779288,3848.64494289516
1009.93906544217,9007.36892297575
1217.41924010874,3304.72644233588
1471.50348513125,3819.51675892785
1031.64734817834,3189.70265798094
7723.10254626105,8242.23398855171
7888.59023600421,7227.51356720988
751.111979890813,8515.81852307356
1279.98360160765,4962.95679909515
6815.53979867916,7958.10255322544
1612.6395510407,7387.03659833406
1245.75201964203,9210.37969334555
7564.04589376768,6756.91923477664
8844.14599626628,7522.23168692099
1453.71881564232,3626.62625547138
1497.86836870041,3736.23585519318
1185.33958019044,3501.91315498386
8042.55979270905,7888.96422429242
7213.38887718443,5783.39551928188
1491.63493745021,3242.68294266586
1440.76550703524,9649.32032155422
6527.26499987412,7493.003949284
7199.91304675627,9139.65242854597
7423.86178692887,7350.57493731628
1716.02015053695,3476.47467210552
8279.59336688166,7581.58405789779
7462.43884409466,7416.44199396841
7077.32365805076,6960.07490898601
7471.23860847712,8217.5041102523
7382.08488798085,6744.42455179735
1523.94451421199,9155.49305428771
7343.65208549023,7765.07721855645
8293.59033126896,7469.22169377022
1428.57033413204,9194.28644173151
461.820786837959,8332.61704846804
1455.03264799971,3579.27087713604
7334.17840849212,8195.78169744254
1772.17162298839,9415.49366834022
1633.54466528005,3950.7885258036
8221.91367857267,7869.59467742527
7450.653951369,8300.39796847177
1319.67353870115,3040.52805052208
7577.2441943747,7814.85283132549
2013.47224440759,9033.99770586979
7695.86116195349,6540.36128438502
7897.34925553874,7862.40560429754
3837.80556855715,9127.715864547
1263.59077206726,8953.27511720233
1620.87043462525,8989.12285167239
1437.07599658891,8724.76019275461
1262.62826108486,3183.80624185467
1541.83004250191,4045.70091786053
7249.79910729603,7189.46762708626
1615.03453310434,3724.7979560091
1356.83967251138,4084.80241766443
4048.75715707526,8402.14157608591
1542.79033808253,3808.29381807501
1945.28351077271,8101.35663280919
7393.61359096084,9008.92273506439
1811.91110337149,9242.52309926494
1005.52008844557,8944.23958280149
3371.18405422953,8356.72931857425
593.754243745679,8461.01666619488
7791.23822150988,6252.72203232734
5688.11001796928,4153.60946639432
1700.84428184096,3570.85985925911
827.127317670342,9115.77220499599
1707.84118637815,3388.71337333182
1519.02188485423,9003.43803252208
1661.15421288615,8774.44485818808
1837.81582053331,7740.28271920171
1171.81210422086,3519.64315783422
6119.50785738082,6295.55184877962
7450.457981189,7860.22527796775
1676.43302182964,3709.21133763395
2247.14088856474,3904.27414409229
747.577884571737,3391.40106376952
1556.0315475885,3822.36524175481
964.584026847525,3405.00939441307
1060.07837021255,8962.14936032933
7196.98457178681,7417.60846302295
1392.24995546125,8928.00248832759
7691.57173874127,7430.00282372658
8528.19884660613,7465.89656365394
1482.86535803504,8527.97084318386
1181.29301178974,3159.67697930498
1266.88219243576,3391.80696638471
8452.64719098727,7763.52449565707
7546.89954850652,7643.87366888603
1064.1118777459,9031.66277833986
6629.78147272508,8280.43538977894
7128.13836229901,7162.77658672163
1336.20026218609,8829.9174540503
7458.31585411128,8739.17855401547
2148.37966756946,8899.49831920083
6627.98238871772,7803.64202411343
6472.06548800029,7182.35059660998
2158.33282249102,8926.37701089664
7676.60738834928,7677.79427883163
8141.26547210209,8569.89635005928
1679.53954649016,3657.02269689036
1928.04882221343,8832.50959684671
5995.00059332826,7687.90176341419
6743.10902163248,6925.93186947302
6429.78413658955,7607.12906387842
7811.19473070202,8247.31523657166
1606.16860920147,7466.15585019344
7520.58136732124,7287.6686786903
788.434623290625,3384.07070821503
1077.52634418519,8159.9399838283
1404.84829107236,3633.59736198972
1034.16010650059,3421.31438426222
548.557624154512,3166.05576171867
1331.16850317855,3452.42445406695
7532.02194426648,8024.53855019716
6763.76621546378,7839.26593902613
6541.91273665134,7436.87952896572
2234.62402852053,8687.32427734767
1750.57805013726,8823.26574744662
1850.56639633538,3734.69622318504
9034.82044179281,8261.42355728909
5084.9704855138,3320.52429885269
1916.14591796883,7648.48285237588
1569.00514543947,8975.94953914946
7491.88990478731,7300.61951547233
6912.98085267717,7538.06957263534
5769.170411204,7948.0388747568
7094.50331001481,8113.2615767759
1923.976540104,9018.81268039659
6802.34224246752,7870.32065897788
1076.10997550169,4129.24211852918
4702.10163034872,4474.686157306
7649.74129372266,7373.96752721882
1487.04435875473,4303.07058054766
8506.33899018865,7340.76641833587
7168.90424431567,8195.53200668488
7637.94574371711,7007.5415295936
1620.80662466054,3728.46827041258
1901.80465594975,8927.22465258731
7286.18089841434,7111.87874042998
2152.48685156484,8697.38740420576
7410.15374515247,7947.22526834166
1382.91215415472,3766.61067525206
1262.31203566321,3913.54936169349
1412.53945538789,9046.34830472719
7329.41964576862,7544.38792881733
989.391894702051,9300.23436849611
1363.65909663999,9065.28111423243
2103.58561714915,3318.98048837883
1270.91692504621,8261.81112129322
1629.30478644874,3721.32836416772
1297.96686308631,3545.82525787027
7664.13495472601,6370.52448270663
1198.25248055661,8658.54484315696
870.108347017606,7682.61349800117
8470.08790405763,6354.92667046011
1637.65416978583,3522.93625642108
1762.67091537188,5880.00336167944
2028.95095276348,9424.64637414984
1414.14176189703,3518.56741209099
1347.61111983774,3805.28217982654
1703.01266797213,8721.28507963898
2408.98698380609,8578.0946269155
8188.99720844065,6488.33115751581
1875.31147720911,9140.60218086925
7673.30321138403,7587.25023068024
1190.42321243159,3875.25387180559
1165.0370252909,9020.47398176288
1180.54000168778,3796.90219638916
8841.06037885993,8227.81010457871
1597.68586109967,3546.16403551832
1912.41440711635,9216.70882335999
1492.31508630279,3467.30983133127
1274.31074115565,9137.62312680774
2853.06479686077,8738.34801057349
2268.13908141942,8293.88277998876
999.495831582875,3180.38487442604
1722.89828721744,8292.14952946766
8141.93608223248,6969.63436590134
3941.23941227604,3812.44056318336
1333.3463116455,3597.76175973591
6666.4632645404,7397.46093237057
7416.34968372398,7417.79168233392
920.659086512092,3337.33982240053
1381.30806843197,9122.61426835141
7536.89924421902,7846.53897199885
7595.07173367319,6864.73644228519
1896.27330858337,8075.3567027174
1396.60677633784,3350.00702657698
7723.51373522663,8125.96464892473
1569.45495688228,7717.91856769937
2221.62511152637,8691.54768638927
1771.00043555807,9382.81281234559
1525.80552135134,9037.10220608152
1149.03523458989,4031.71821828322
2789.49292811925,8589.76184474564
1765.56214239057,8976.67390548848
2371.01050553741,8741.12201441383
1420.85680945668,8587.95122693893
1883.91739714033,7812.31880130764
7056.10692539116,8336.24859775074
7112.87713124948,7668.54722822769
7737.48784767149,7631.40738931413
1207.21888833854,3962.82865235211
2966.05962756848,8432.570267958
2354.02292630314,8447.94697215416
1293.26624542354,9049.16437153939
1342.57751497152,8942.29065057913
3013.82350103399,2897.62516334255
7610.34631634184,7493.0225890677
2557.90340411916,6016.12041120763
871.658823858615,3677.22854749596
6558.63632921491,7607.47489790823
8193.49939607564,6747.58827778459
1031.62611424625,3269.71774852083
1708.19055242396,4761.18247015484
1582.38586501055,8787.67269713899
1620.86578183377,9318.19225673746
7490.32337258358,7862.4250310959
1231.1298087462,8933.95276599506
1887.90149883883,9246.65397838728
1655.02392823503,9000.47416901378
1802.16507508952,3719.4067139377
888.224432731825,8931.58736661638
7327.17513526705,7387.12025933356
7237.95873532606,7932.67283889383
8409.45877876338,7049.27028683552
6544.857146901,8020.82995173518
2319.81850503896,3819.77547826012
7268.89673232561,8062.37013336974
6376.61275839463,8654.02645556977
7445.06076389068,7883.00707021683
896.035051733493,3329.56239345573
1094.89863344831,8401.9485506717
1821.24419525847,9129.5147005621
1578.85133646292,3708.93927609875
1304.85457592575,7985.29111294566
2089.31499559295,8452.94605226951
3956.03928797456,7472.66467877513
1396.37464931888,9070.59970822682
7471.83812823917,8181.38625931243
7661.03803343217,7856.70898660509
6385.70087778536,7334.75628536472
923.036247044325,3708.58917865422
1589.77567259928,3456.29345376349
761.632692574537,8221.87355182165
6586.89629443205,7896.76470478908
7731.05357994711,6920.81883964267
1853.68420514946,9190.222715321
1424.67049990765,9021.54533863849
1507.07332484378,4128.60968334454
7247.63094971078,6812.17862074866
1174.46495857971,7017.40239594854
1336.46989473027,9190.22730623391
8616.21776928519,8237.09506922815
6646.90819752298,6984.72027991431
1480.70976907307,3645.14166982535
1383.1353740445,9187.20387518872
7441.46478109728,8174.95818972865
6980.61499275804,7231.79501527442
1710.2704002597,8518.73309468057
1029.38816303438,8895.04100980436
623.97752422469,8770.29199307471
1861.80007099368,9231.68687083313
5657.1040886962,8709.28379655977
1271.99726735789,3034.04693278265
1087.26612849881,8945.04229299462
7471.49875366001,7755.23697797178
1129.55723922729,8413.03367466769
7775.00079419633,8077.3260149009
7208.04733974794,7011.7961265917
7518.74317816416,7805.98972287212
7546.31497843817,7586.99196491544
1719.11284839793,3381.3968840978
1293.84609514394,4082.30176576044
1389.81145279384,3769.77224874922
7409.85943862379,7872.63491686024
7244.05581587204,7814.33288151226
1593.18289701251,9284.42295673194
1707.4926064822,8183.58674562764
8998.53483181827,5447.62944667207
1376.73315706106,3436.45664717295
7068.14925178705,7521.64812604418
1565.52064494804,8966.41630210513
925.688871502034,9318.6059474501
1333.40355363572,8689.49871980478
850.920948351799,3511.41288157442
1029.9015024769,3675.15704491307
7863.97570650935,6888.54857680578
858.411953677121,9078.83260693627
1875.27154808996,8623.60921443377
1752.37818881124,4221.62592399705
1298.77128970657,9154.62045978734
7342.45648141399,6596.29659026218
7668.77209652765,8137.27330832193
1909.4455195104,9127.06196901131
6878.14677828952,7825.28635600566
1284.09825918624,3567.93057278088
1509.76634880024,8975.29084387434
1068.17019080422,3510.64974427902
7882.82565202711,7310.78306466402
6872.02682685964,8218.578706856
654.819846905081,3213.83150836069
7521.07944161182,7822.64410514184
8404.14499665981,7536.4055031866
1105.29302064547,9006.3884646809
1919.70040838311,9284.94431423042
1671.35213278656,8189.52273597782
6645.22953342644,7352.21913695829
6734.14953794467,7491.7448344607
1479.40533418076,8560.72748289683
2291.97316335484,9127.40191648382
1162.01844056948,3411.05290214759
1449.62220569273,3610.6340228857
2031.04103069163,9173.32034386762
7283.0628340905,7329.31460703155
1366.73824842354,4569.08619023127
1426.52320293976,3295.98668148315
7593.75671406367,7691.09609642152
1000.04024932269,3312.83258487809
2890.69309475785,8248.54116801729
1428.80201367457,7620.49690864759
8237.75355774322,6216.53378759451
7715.24228024575,7978.98263813315
7017.50986431575,7500.58842695712
7849.850842925,7832.56901705383
8591.9704807372,7169.0994684358
1466.60976630487,3632.93189713768
1427.01168113732,4048.50523721935
1505.65827596535,8955.51551464293
704.505491396438,8872.65737233803
7797.61906471215,7395.35880968937
1197.85696226011,8733.81522776406
6724.73373804005,7378.9104857403
7555.40876214059,7950.10448935895
1402.83353355514,3473.06531589036
1592.15448998779,3622.52503311074
2210.62706503218,3780.01705943263
6452.22583719658,7467.31669274348
7493.44397908707,8247.00250285021
1567.14413427727,3650.10371760547
6839.7123947231,8155.64544912709
3286.05027893034,8457.42203594506
7039.79718099432,7773.8367513635
819.574021950445,3410.37286699987
6526.50583950141,7721.02130917049
2131.27495236585,8980.54769631316
7715.2979331257,7749.95678753514
2182.41394460707,8004.89868823107
6272.51574468219,8580.87209399694
8968.56466683926,7870.54016113078
1022.63680189226,8682.3864296676
1071.73362594813,3398.72518018838
1364.83483286984,3512.88164979376
4157.42295848915,6257.57551852344
7525.7556054163,8371.67934831263
6956.66130953721,7508.55918392941
6698.61477946532,7472.60724906826
2224.19242003893,8892.25994361323
7220.58743610708,6430.3405296272
2432.35507414551,9346.4249634991
6806.15773844422,7998.30514574094
1186.11800960285,9183.91093517651
6405.94383883417,7727.36158444767
439.610997470154,3002.08323019615
1396.18798059609,8994.01603190946
6965.78750088123,7328.59924968405
1315.74555187498,8901.8385168003
1370.20738581891,9193.16664328799
2390.83952443009,9002.98806860993
1336.25055226816,3556.15380111081
1726.50345421437,9039.64625382577
945.511308834555,3358.71528244833
6993.72451661193,7561.34746275042
1736.47538474624,3286.91150811453
7070.12912756395,7113.41521237595
7513.86850991488,7046.74491901485
1556.72998874106,3422.29081834127
8044.94433937272,7885.76526180437
1449.44924278141,3540.05095988497
1352.14110050561,3631.62148196592
1961.56824872846,7883.31476220645
1273.19344997051,4241.51558550101
1575.90293140042,8898.79014006441
2210.66758873768,8969.86692543488
987.105125248732,3680.15969770013
7325.27859916042,6561.01039504007
4017.17227025569,7963.7767635534
909.458292676383,8526.04797195622
9311.13067863147,8166.82314109898
1295.37298746207,3435.4873881132
8127.58439889998,8071.44909936701
1660.53280500857,3526.69069190724
1597.71592762539,9332.22230352345
7173.05392369599,7919.25219080353
1545.69869502579,8977.86309601119
7714.19030566401,7984.04168735126
1292.1064363029,9414.5270684885
8039.700429128,8379.65283327239
7991.99906760028,6918.66066394217
7818.90216921712,7847.64114747007
1550.56445839845,9146.48095716361
1806.47598685746,8777.73943794332
1977.50220771373,7474.65282887105
2465.48572022695,8601.454565757
1698.88919847058,8105.45902690102
1341.57843211665,8384.2073847622
1095.76834838666,3456.75929237793
1590.89388305793,9093.54485630612
8291.83750484256,7865.10919863503
8937.20344564706,9054.36864335374
6266.16905219268,7705.16220217788
1586.18998174231,7205.08627989567
1548.81207196856,8775.03090393692
1220.45359382075,8653.52360334065
7319.34258758312,7826.31820985169
7513.36577706396,7316.2655223494
1765.66969217235,3918.76796875355
2403.89478917549,9315.83206718919
831.502209664289,8253.43450885031
1681.64964403871,8935.93119171882
7755.86418053889,7444.3928426324
1590.03383160628,8480.53450735307
8398.97828069595,6710.20493578184
6797.98492953808,7066.53504807559
7267.42467418294,7357.63540032433
1761.22075464094,8938.6686806755
7328.45378440168,7111.26840806129
1924.41474114453,9272.01991878561
763.246666177742,9005.56608045842
6042.90733637697,6565.18902956786
1677.71516005146,8800.18274600226
1425.1199416627,9113.36883336886
1383.43720912812,8308.46750861163
1219.53000297374,4177.92403024104
1284.24505283934,3472.29476097168
6718.33829724404,7981.8556981816
2014.94473771463,8989.80652105115
7242.63024212112,7491.39043023255
945.519747731182,8964.110378954
7461.28407796837,6849.02136001572
7831.02605635883,8506.74991558059
4033.97471507168,8847.63078164335
1624.77689605937,8998.08746448482
7724.47953432821,7766.74764691197
1504.11841515574,3619.66385059097
1197.09637803325,9004.58099517185
1118.18507261045,3253.23034307019
1672.12554740127,9199.64432993549
1304.42714642506,3583.02014968392
7536.28269385213,7415.73319038369
2233.06128101443,3966.15101253815
1207.02836941936,3216.963455684
1645.29547640659,8909.21989275478
7210.85520006348,7815.66135879585
8488.19294126375,7100.64035604214
1375.63145419634,3943.81990876292
1395.49648202286,3402.09716798152
1458.54554199736,3744.3407755012
1598.33146415995,9172.38988990113
7239.97903642001,7954.40391960161
1379.96675776563,3834.71218534382
9312.3848447994,8090.98794315876
1552.76735782946,9319.5717193692
1012.8717157635,3571.83997034751
1434.07456006357,9251.46769425415
7246.5368211534,7493.8762836542
1018.76458264475,8777.84940210584
7340.52292283624,8117.7915354668
1779.4090869096,3934.36222833281
1558.3616347482,9104.13092766063
3517.07920317888,3494.75042424799
7441.34181882921,7746.86391227977
7466.69276307652,7829.42554299696
7051.85261027793,8074.16572566011
7078.91545011251,7353.32183393576
7601.78123467193,7464.45926106337
7026.78560315547,7841.71265385083
1199.32689106218,8986.38565140455
778.369607129964,3348.760585715
831.315885481544,3520.64262431378
6863.50774264503,7281.37211701425
892.994099785381,3395.75617590325
7321.42828265288,7860.39102150638
7897.12657804676,7817.85873540193
1029.19061753345,3556.07913943583
7345.94368878998,8522.04589418866
7131.07625733905,7805.48661225713
9124.06615879334,7249.02994533832
1296.14661117211,3556.39675595729
7522.27772720241,7602.02310727259
8628.95303597107,7040.33512990953
7047.10262331217,7773.22063966419
7048.51021458014,6197.72627521199
6796.34811103132,4455.6825358502
7021.83053196848,7760.55616930787
1028.96479399691,3346.54225860797
1309.65817531016,8646.54175211596
6580.31730289065,8242.03671221372
7900.97017449821,7773.70359016496
1211.69824992946,9043.51588802389
7738.67682021294,7179.35438891709
8255.98451900507,7176.10632944511
1769.96894270115,9209.86788148872
5300.05046568302,8561.09666077446
1460.99910063368,9016.01445411675
1338.95843548571,3099.87592818822
7206.6265035245,5694.39987068278
1614.73280912261,9123.38863267206
1594.46608156778,9379.07775349665
1799.2787799105,9124.73981821323
1530.10336336928,9257.52730391361
8263.70216143448,6313.02373662577
7559.76960278307,7437.19906620139
1518.80447965926,3927.49286974254
2531.47017206736,3793.31103673716
7192.09046973,7884.78595140423
1934.07413625883,8989.51589219052
9063.63827241176,7861.00904438013
3243.13657131681,9264.56327586233
6500.64519350994,7741.31256271184
973.093822659421,9006.32503280798
1538.11566590053,8832.78567900357
1325.40627744262,3822.16242774832
960.65933306903,8998.64951993022
1453.39101630592,8946.97790025753
790.209238652706,3601.59875424347
1035.91768118694,3083.14671679691
1786.61834336943,3925.16459762947
7430.14999515921,6619.48308303681
7562.51184102483,7326.30409046399
1529.72727848385,3725.86064716398
6575.12713746558,7610.19822987016
4272.37944465773,6376.00911724591
8060.08318890733,8099.18050043861
2646.85831549787,8712.76856241365
6790.38232305252,7692.99974491966
2281.03646524051,8434.23166702811
7501.57975561161,7639.31675075477
7304.33727525554,7489.90893746427
1055.97041209873,3077.16219322615
2283.723733512,8181.95376006646
7390.23825104861,7272.82881529107
957.127792536204,3704.78945993453
1265.35229978202,3308.031453468
1905.4658627281,9173.9079192343
1429.43397644664,3529.01473638296
2145.67128348286,8382.45352553806
7472.62773267646,8039.34627691855
1302.06752677001,3941.48470201577
1803.36907697492,8535.57418615686
8483.32450308954,4769.02710134486
7785.8454943172,6970.75257632321
7158.34465461092,6854.69407917797
8282.34173533308,6543.82644917163
7459.50129359998,6952.10385373097
1250.96566391139,3700.5463397186
7179.79949859145,7483.50878602722
7442.78422202553,8417.95058272708
8647.97691514203,7913.47806499509
1142.17008501328,2891.94533406868
2794.98234633185,8223.84884283511
7224.86513739604,7324.27484672042
1198.14003233229,8730.67533390846
2619.09212428811,3246.05942580427
1156.75213929002,9323.33463963106
6691.17692006046,7463.23879195792
6837.98004045592,5233.00544310014
1306.01823006361,3810.74074043358
1770.32168936936,9017.43298182639
1543.92629237015,3812.06743269457
1385.5930803576,2558.8294696246
1662.06735119212,8551.03923453422
1616.73302716325,3603.80441880892
7601.26358749488,7786.1543648832
1891.49218528009,8260.05815342107
2796.42924134146,5237.90329417451
7800.59180435468,7640.5732105649
834.27947743347,3227.33742087982
1282.51659114131,3508.55056923728
7773.1063859611,7828.17637608784
1710.21185416972,9586.33340726049
1444.31837116047,3913.01080229413
1830.3575392459,8909.75968467061
796.070490049535,3271.23307142573
1114.85568309482,3446.6571993794
7478.14676354425,6618.1367667434
8341.69123060813,6626.03708004729
1356.5176012767,3357.01722747145
8595.06539620834,5195.16312877849
7375.28672447454,7577.72918495108
8546.73832452689,6484.28109237097
7014.47995238062,6760.02095943582
9231.39940075255,7272.2968789727
8027.02959520635,6896.79092739989
7846.28457708093,7221.86848008435
1530.2837430689,9182.81636690678
1662.52480007285,3624.15573960377
8423.1863844055,5954.99045822006
7833.20068848047,7543.26210635421
1641.40140163596,3720.96353020225
8242.19407192276,6501.8894963305
773.397095100098,3034.05284477961
8547.8174522776,8034.59039091139
1655.70835397519,9064.86805466566
5963.6945602033,6558.2193326762
2953.53704749639,7970.54124210186
4763.93518379221,8243.09404862472
894.163328628505,3387.15126803834
6716.27861581824,7184.71971124396
1872.00222553909,3794.69056534858
7387.09360565594,7441.48457800077
1657.75556202684,4058.42082178544
6830.97051586611,9638.0073841058
9275.67176618504,8344.67070170413
2434.65652825937,3687.13977603939
1417.18928966293,3759.3665392724
1157.32205285915,3563.35076126431
1090.6743240048,8975.88617261513
8848.00535064503,7460.70520520504
7857.18737035358,7895.27931707582
1228.16158423449,8898.25199455014
8218.92910036268,8039.76903510619
7467.70855663345,6546.75277876713
8592.85632151934,6029.15662476153
8868.86544762238,7413.34976892319
8127.64404840301,6875.39815896643
1333.422346411,3639.98597214261
8409.52269055794,7718.6329543446
7764.55196474909,7560.5184810067
1160.0285935284,3384.6359576185
1376.82902565361,3668.85968445695
7779.01070033399,8792.70825271501
7618.90020523062,7969.10631030474
6920.72239134761,8003.36838444508
840.074199953166,3041.6721503078
1715.24931732714,6981.68189104905
1117.72934548963,8609.77691650853
2040.85216735831,9086.23652754059
1609.49431169685,3660.24328340761
6490.51837890833,7309.55358632589
7355.24237429432,7174.95985090516
714.851602428438,2793.93888922497
1616.7319185496,8839.89840983859
8129.46395924019,7369.4432292234
1611.87024702458,3865.05111017558
1274.10420533782,3445.02622540518
1421.9363076545,3781.09402178198
1277.02987078508,3220.82498575623
1376.25345256888,3548.16422669558
7536.03069858855,7239.06838311698
1723.16784609529,3406.93230768589
1904.90930874918,8024.36169521924
1206.59192682732,3238.88783955326
6706.8528126591,7443.98533107945
1071.41897901919,3851.79195124033
5256.25091528124,8843.93851820947
2038.32997830492,8544.04948269511
8287.26329314901,7862.38549237425
7812.35861825721,7309.09844427833
1401.67399988183,3909.72956035338
1407.92370743129,8831.69670731471
1377.6261362932,3446.37266595195
7452.74739203342,7769.1589232701
5455.68832693314,9086.14858987177
1308.92600332552,3346.00046106412
952.803602283324,3385.53866063811
7466.96467016121,7419.9357689512
7759.58861312873,8010.35908366237
7141.97775507376,8560.54010595909
1005.1314393783,3243.41504784967
1751.61183904255,8468.58261630469
7394.61106752012,7495.68448358718
7746.44526861303,6926.18898296884
1795.59230723748,8169.06488260154
7296.37639034983,7995.03224318751
503.187165941607,9376.9365116059
901.759180352677,3354.42746709881
7648.97359217001,8098.64374912863
2213.46380281413,9021.63834292125
2670.64612576171,9180.05247853616
6520.87246016008,8660.19548881326
7656.31618525396,7174.60913975168
941.982833668156,3202.81906174648
627.701653450344,3183.99389968177
1438.26191692621,3787.68242499025
911.062160900513,3336.97758747621
1104.36263432704,3287.62140509342
1225.83620371896,3367.43404252544
7621.47907279772,6565.26437777693
6918.85596324705,7689.52805714117
1152.48865213041,8804.28075447362
7823.9017228316,7954.17959473463
1480.3546496689,3481.64281236959
2657.22543147087,3907.50289112968
1816.76062555609,9122.98835770285
7465.67325442034,7706.06584561875
1425.13845933724,3870.04007679239
7103.46488749984,7822.30944678974
1904.01607419385,8112.94074484483
1424.16950845868,3430.76149649073
8238.92099166385,7963.72446459402
1539.18071145209,3789.1633609937
7716.51572750784,7507.40726593233
7538.16376798067,7839.21452653238
1944.60704370734,9109.02345928605
1801.80875527963,3473.02911349988
1081.83321074573,9006.13196334259
7226.38792037317,7848.20333659099
1549.66871919628,8797.00757027202
1054.70835222298,3564.75667312886
7831.55612518205,7573.70554352806
7672.45584565144,7109.75535008896
2399.34679247564,8322.62566392781
1304.03165635924,8693.93163730007
1729.80877130754,3750.58995656199
7617.27691229344,7916.89361428907
1296.12640990986,3430.46586758899
1924.59317072448,9225.14772919943
7723.02682053613,8103.76557558857
7693.89389560762,7450.3350276091
1934.23375453731,8564.05479032973
1491.51811396495,3378.21935558707
2101.41402891481,9153.5869826605
9237.12737357504,6375.93786211356
7007.08604183065,8035.80178112696
6898.01957154536,7903.19300764309
1020.46197737436,3357.94090044497
1032.36043924812,3372.98549928965
1963.43533415069,8998.11120447506
7198.74217564044,8126.04633563152
1704.05656859888,3860.03676028387
1114.6084690701,3379.19994721765
1076.35025776026,2518.56599045802
2737.92201796245,8909.96385395913
7465.47750591269,7662.21266279367
1228.74022164065,3549.15378719812
1353.7563679845,3466.11437020015
6242.145016216,7771.76685037061
7667.98373334265,7878.39828357769
2085.09720182019,8512.82225432372
1194.08775953804,8827.54605189547
8082.46230880612,8105.13553484405
7245.20150544488,7740.59917499456
8652.93005796062,7155.07443256997
1576.13767527831,3998.97974523527
1300.5305600639,9269.19614122504
5875.71315112077,7469.89285608231
7611.56800181859,7780.62592561451
4224.24422573123,8232.21285844935
1787.33799147136,3568.85864012289
1473.53729399661,8793.61862298027
1177.06854476829,3512.06015392171
7213.72818612062,7551.64001259197
1401.63010323875,9245.1873598497
1434.81576926139,4089.53148826188
2407.6311852395,8706.96555174481
1034.39417853669,3144.04255923019
534.009986014898,2837.87364991401
1870.1376098919,9044.03354233585
2128.74395862996,9487.60013371973
1640.40452014134,9501.82326824704
1511.46074629683,9163.66435948546
4869.56142886722,3340.99176054727
1170.9365640186,8204.91544282675
1074.1119113728,8812.69395406469
2052.09917987244,8716.620307727
1764.38931687467,9168.18796148244
995.119715303714,3178.90249536306
2269.66986233946,3860.86986502286
8402.53168621168,7310.68790418903
1321.87076928557,3779.26631618674
8585.93290252572,7626.71682359176
7124.51373044807,7400.62522322108
1622.84727768022,4014.97655182666
1078.63415403919,9032.38871851149
8039.85206800427,7408.17144756633
2108.00647289946,9056.0951117732
1501.41033055071,9253.31281317268
872.639332517852,3126.13308563346
3192.2348499135,8627.0858217498
1153.70835525577,9045.53944532199
7280.81663912983,8040.2737434026
1298.31328150789,9081.71690378804
2535.38885176368,5351.47422510929
7258.64991469315,7204.04928972012
1420.20276093106,9311.71936095895
2161.4579282888,6786.39261455141
7368.20465136302,8067.21705123594
1891.98972109117,8595.9772519497
1684.16710940335,9333.90257872574
2341.00348712751,3771.19377084168
8460.32870695126,8816.05313289638
1943.24324176254,3988.92768044313
1056.9001450926,8670.73527450373
7902.57641649508,7884.70349598591
1215.44187167715,8720.5642633901
1404.28132169811,8901.99490618491
3656.81645319302,3081.21051817189
1128.33909481211,9239.16603460429
1143.99236108014,9005.63531510889
951.443446584019,8682.72903892637
1638.54552011806,3609.4487425232
6818.22522294039,9057.17212237079
8821.72216182158,7332.2032466941
855.926864581668,8218.50377963692
6613.75438898093,7331.67956665207
1149.13218400786,8228.26219817077
7843.49377806555,5226.15724454816
7076.48745068946,7537.87944163432
4367.5568227247,5224.11958608099
8322.79993475605,7593.44330855571
1435.10686774319,8672.99961157436
1051.82756886361,3545.51600613347
1620.71275236522,3516.61203407485
1476.49952052451,4056.00645065568
6933.13256523628,7480.68033203796
8557.3478153965,7779.20148317478
1719.8561450013,8312.76837602958
1960.87327199463,8575.84293531884
8679.30853857482,7768.79004048899
7080.19138290287,7260.01848108033
7048.14215742518,6975.89122824928
2473.18703281041,9318.81206549705
8359.49966733652,8162.59624759521
1992.23859714205,3915.26301072627
2340.01193964016,9157.33907842134
7477.23353238762,8017.70810039497
945.103983680704,3131.94189880559
2055.94228971591,9259.67193668333
1198.49120252913,9246.46545431088
1294.76207970427,4316.56984727036
1518.63696964434,7388.24615575068
1334.473686102,3431.13803528589
1308.8046932039,9016.55415240337
1231.79978915844,3828.78942028024
1278.38969162583,8221.89818641737
1153.68184206912,8213.97575109907
4164.78628864012,9037.89755648055
2099.45729161438,9223.35974653116
801.134076806503,3319.19039554925
719.96691599632,3266.30773580538
6481.21653955584,7035.97277678066
6781.57035097126,7261.14977658337
1313.89439270097,3278.99224225975
2033.42434074566,8251.01872676451
835.987549930633,3276.08047969849
1630.73228769564,4061.47351832221
7419.23283045685,7596.53072588969
7703.4745784706,7405.04943118759
6717.41595116731,7658.95453998163
7662.63514622195,7535.6604423867
8166.00292526332,6880.36929299328
7726.84695587006,7174.04650117056
1789.58834375729,9272.63984949566
1460.54186173884,3401.47491584733
1326.26127540564,8792.90866903339
1019.38166716153,8670.72207171042
1724.04185419242,8430.14462662641
923.233556646072,3257.30676486524
1505.16648268646,8664.82066831347
7853.8700534501,7948.06339195425
1674.64013970571,9260.77045030223
8534.88682582546,7690.23600502459
7749.59147185913,8089.99738973636
1397.32375776267,3273.38587091343
8426.16144013835,7237.43769682413
1703.57399811062,3562.79506105952
844.948973837821,3270.17575757968
1268.10631719289,3462.83056366212
6996.46149647717,6810.12269370437
6766.62745784164,4774.4068981938
7346.20958246825,7935.85371692249
7279.58061613461,7687.75838344885
1960.24868723016,9004.05371387685
1424.28416965711,3743.94648390458
2543.82722710837,8735.0017076531
7571.39171406373,8105.51717509336
1270.17061067643,8986.36214557591
1884.9067566912,9146.2338529021
3864.93066083126,8698.47445585127
7516.77944440925,7017.71612752763
1780.84452477495,9135.23061429405
1613.02709542284,9126.34459481619
7236.24826925927,7596.94745182941
7831.54517822378,8060.05193471859
8309.82420002335,7498.96269793086
1834.39392151533,9182.9931076155
991.977881985511,3524.88458432254
1579.14029943425,8997.0878165539
1676.37497641037,8970.57372385083
1332.33068630914,3435.33686518256
1609.0096105608,8958.78541023332
1152.44865951375,3543.67303819131
7665.04926633973,7494.58461533001
2284.3229605798,5398.61637054259
1720.58653157843,8155.86842246738
898.851608269387,9012.61474111221
8004.32400271978,7827.83714954659
1447.32894099241,3285.12384514046
8289.43359961359,7810.44188737132
7160.7608569762,7373.3691698668
8239.3839944204,6945.6829204386
7239.27747707413,7220.59845858639
1067.09638794391,8865.61298274634
8471.56426659708,5917.66770672899
1645.9513675548,3360.74727745159
3116.3166423741,9038.81865720666
1425.37454002701,3730.94323407382
8204.5667938098,6918.38919340735
6573.61968659345,8300.50524007786
569.347808489077,2982.61977055044
1043.21996033657,3593.33566095089
1804.35085570453,6347.51434176052
1780.15686004389,9096.05796135509
8050.03418077843,7686.8900954175
8648.05673223177,7477.79452894325
7835.55734456261,6849.50216806784
7996.38366364424,7671.42862339259
8669.42719846395,5238.82164220251
1014.09038856089,3315.00705091201
1311.87552918114,8106.19135267258
8782.55290323946,7587.42060784927
851.21467791429,3248.18268434602
7598.83906736332,7463.19884018618
1289.70174205308,3238.51871974865
1603.78199428264,3652.52141224362
1245.62947982938,8781.41060966157
1379.85403018036,3948.52030972878
7406.11983026767,7510.27934118084
7109.15072610651,6655.65543160293
7360.29547980541,7999.98584849907
1654.25574838081,9407.63073909927
7989.86098199109,4845.09032793828
8196.06708303818,7366.35399940062
1502.19689841924,8854.85013625421
7410.93003374458,7564.45344639268
1723.07056545733,9009.89830478145
1023.40151363078,3643.43399659513
7164.612809333,8083.73333658044
1214.43264769817,3170.15446827613
7725.15818665079,7908.32884589735
7740.80722019981,7552.17815581574
4834.20717758073,9135.26905120149
1325.5900066672,3652.33764206091
6693.28188959342,7953.5408813424
3096.61551688639,3846.70877632637
8185.31213648404,8067.78229996105
2840.22304755641,9157.82304652766
1842.77515329535,8617.02368724099
1129.32632480026,3444.56491196219
1368.27744561717,3771.20347610409
1451.40920578446,9088.68118655176
1791.20525691937,8932.01630524627
1706.59987027637,9094.61571125387
7013.33316245077,7506.28738282794
7466.13007656532,8250.13300676894
1451.61241240399,3625.29096317297
1184.95275085483,3811.74318242552
1244.45316282591,3102.34112208156
888.956401489301,3322.71935146664
7420.52602161987,5628.31715471329
1186.18799986829,9120.78910734908
2026.55728015131,8769.40886859179
1444.2378863676,4053.29730637381
6885.05631151291,8045.28316984514
1744.12836582354,9045.72032249659
1522.25134489679,8866.10089304318
1612.37620805203,3853.16270668033
6154.13642478353,7308.66831348388
7063.02314566659,6329.15910118888
1859.48075723734,8857.04326504922
1304.23429475926,3713.95428986802
1796.70945964692,8519.90545158012
1555.60342956915,3765.40675525423
7404.48469002966,7788.37823056944
1214.49726034613,8451.36494457335
1346.39723216271,3912.47610133979
1636.96470698137,9220.40979106233
1927.72541994446,8702.03821559016
7407.5751713374,7309.6241761655
1617.8744451532,7966.84169230527
7124.65748973502,7316.89781162592
1396.43733756897,9212.89239319425
8094.24996875321,8281.37683289942
3283.40484117394,8426.71064036497
6529.226547915,7666.85434237705
1136.59125710376,7997.98798931871
1427.19905041797,9161.47630317313
1498.37813589055,8963.14636627617
2154.00653334549,9240.96476986538
7807.34006932795,7901.94509194563
7838.56743571523,6953.2106086397
7542.53211833449,7795.54285716331
6939.11850613779,4734.0495407837
6834.42964761436,7867.10092615122
918.464923822239,3352.32650680264
1522.33114850583,8982.57794685573
1501.46202880637,8750.098881905
1364.28032852284,9346.00194669351
7109.72980112012,7046.78960450358
7343.2494219441,7581.79364892074
7790.57496219383,7253.54643099407
7608.90187326609,8717.81745416039
1916.91668916566,3849.38498287079
1433.95837211973,3411.32871425398
6642.99859498122,6565.51862544126
1499.67084174864,9120.40868464109
6677.54796729241,6859.67732535183
7056.12942896454,7963.33113077356
6458.45225156946,7380.48366786619
2147.82596609577,8428.37538784061
1563.7833127834,3691.51031748934
7657.65595909734,7925.70512534623
987.751891745316,3383.18281039251
2140.28082675275,3599.41218051324
1765.85055387132,3556.35985717789
7987.40680845674,8067.64019551379
1457.33172000359,3478.29593369608
7648.65688543667,7698.33089324776
1352.74368950522,8266.87509497361
1690.01015524546,9172.08539374151
1515.8799156998,9077.22363916443
2129.46578961733,8586.85199341696
1607.81725020572,9272.75626087551
7806.35178045356,7426.35037717561
804.697644794981,3707.09955134878
1485.08674899114,8943.15312340128
1638.4545838421,3913.2632969232
7739.11979114786,7881.04001454885
5878.82770427286,5157.0130970746
1050.3865071252,8660.57335241349
4867.87590013565,7520.46423891577
1984.10567473995,8944.7409643514
1258.94383830517,4061.16014451166
1373.89804813214,7999.5334616932
6812.8180737594,7169.24370462774
7265.78641777222,7820.93040967223
1584.8855050563,9353.82646474891
1504.75299874065,3028.39300999305
1425.17766314063,3822.45086501012
2004.48763946439,9275.95937190996
1015.88563801046,3127.4902922536
963.164772491555,8630.59709695046
8283.93315670069,6785.11962779565
7095.60986640716,7108.80902696317
679.044203276725,2901.88841611141
1252.22935103513,3777.00407758017
1625.3394432853,8786.66587811895
7545.29876835287,7642.08536410621
766.858568676935,2900.75836240425
8010.7676435719,7467.58435995135
6804.34005476006,7234.24207678798
7393.97152122397,7594.78812498417
1864.66285237947,7503.23086332141
2155.77708188258,8949.17888963494
7667.46314611946,7701.03954230038
1367.14615647757,7837.33735844694
1675.24135839656,3706.77452626835
1661.79449162966,6330.14219161736
1253.75751951632,3494.24244162404
1711.06560044363,8859.46554859431
1822.06666944281,8399.19520015919
7398.39718176433,7933.05068907569
8150.62292158104,9446.34200504571
6567.60202009592,6747.42231345308
7431.43974703979,7423.7646614177
888.987412360206,8978.61847539429
1452.99503397672,7638.9681151096
803.183802077432,8382.65766773128
6682.79962441454,9273.0250887932
7603.40436812511,7946.88201481437
2227.08336948268,9172.7371257759
8841.52528410104,7841.31630053316
1768.40369856697,3470.39060796376
8083.82286054581,7813.39190582856
1121.53977759629,3480.21110982159
2208.55143696567,8786.86485206292
7311.26099996255,7765.15185050824
1423.35078395317,8843.49333096226
1721.99844445247,8881.24180744494
7106.44975332553,7384.90511679789
6795.41014224245,8093.86514828622
7931.78364804293,5496.20878903934
6732.45023786605,7691.17316260525
7325.92219461204,8397.90663104901
1180.68912356682,8897.00690333545
8006.20993458486,7649.42252359881
7678.30757033949,7206.83832156291
2267.89947041306,8747.90540965793
7682.65498241494,6911.57489011603
1255.05318493284,8893.15413333566
1497.16717030858,9106.69036752947
7569.32263190774,8035.27338265962
7142.00972417797,8129.24611432369
2006.38115029887,4039.14424709916
8907.04920007105,7817.55422708259
1348.98453626391,8875.78061080594
7636.17811466793,7558.81157128535
1872.16026624405,3996.98094968171
8320.46090798585,7399.00167623012
1555.75353138464,8888.43553697999
2877.1456785973,8512.41619934238
7659.97658769699,6949.23572859646
1525.92744515191,8889.25260783072
2088.79983396976,8290.08108476196
8346.65593458933,7346.63420932239
1041.24359655771,8578.12112357339
1382.25440762835,3442.81084558018
1390.31740412418,9034.22899203701
7539.62341102487,8431.81859680489
1421.80036129974,9069.65166826304
7763.06824217768,7743.66795182541
1350.53424338634,3222.56142254311
3331.37851513249,4059.94817942598
6673.25214892796,7387.79973492658
8809.86373796918,7514.63584188325
9129.03720243384,8221.92517071925
1632.32212836637,9022.03995889657
2073.33009856267,8796.79994192125
1674.05928497354,9336.40210579684
1773.51472678965,3466.37292819008
1197.43385945523,8227.60840011978
1358.35714327594,3753.63357525677
1697.19857878176,3828.93066667827
7488.69280055125,7676.95107138922
1279.61088415209,8124.89125864663
7521.43506972036,7328.43933678567
1249.31542262457,3495.80450891675
7708.14365749967,8269.01960294157
1399.37261228424,3758.89668349461
7900.80688089743,8099.95937745276
646.14981846649,8872.96543902896
7138.93559015975,7574.41889988722
3415.93310989698,3811.17939553664
2060.72249798655,8991.32093486164
8354.86666097022,8187.93939754362
1672.59152433045,5091.71866307793
1748.39381329746,7928.24998530519
7327.34668838312,7761.93039693483
1419.91026902894,9154.61554936851
2013.58347374021,8835.09482420998
1861.1333562324,3908.96703414866
1774.42934161728,8092.58846122861
871.283465980645,8433.40420056858
9081.04269047426,4729.32690892752
1610.55909771445,3510.76501054655
1441.01719625138,8940.88592454341
818.391097459621,9012.71302426894
1401.57918593791,8383.78340615232
404.264968390827,3154.21751247155
1303.23401143,3321.01889166762
8762.89960909562,6792.60902840774
7116.54895024234,4948.21134786018
7484.99934040655,8199.02515303277
684.036898529105,3225.64122628994
7879.86380916133,8208.26756456807
1889.88978328505,8526.2961366265
1675.72423210612,8831.15906747857
8190.66188530906,7486.41325936192
2422.63112546019,8655.85581664911
1110.56724284367,3538.81204326166
2495.34512851147,6030.54847960119
1186.59805684502,3575.15031390116
8287.58355146146,7761.44264946993
1907.84040084185,8806.67827406966
7475.0627481823,7286.01469818744
7186.51986981425,7342.27523093877
1903.4731082503,9263.76081336153
8055.93296542195,7977.95730995106
6281.87341065839,6848.45401912167
1645.74002195443,3757.34685787373
6724.70052280989,7642.9026778283
7219.07660742749,8025.26058794867
7956.59082632764,8289.12401870736
1359.00318747444,8945.20725143735
7131.84645503968,7360.7186683641
729.628411869819,3552.373796436
820.459499388476,3330.08492399242
7145.00102249524,7443.50244861483
1707.91040206605,8868.08229829538
1587.3013444335,8776.9330633281
1663.80453989772,9211.97965459213
1593.65428158769,3938.18681166324
1681.81607512717,8788.82591884635
1884.84081341243,9141.25080272675
6958.73158769329,7651.77077951979
1639.04581140421,3820.15147863568
1349.13829174569,3467.89180849205
1145.2507294675,8237.48770106936
1966.32640245896,9073.58636981127
1945.09084662669,8858.78632393287
1059.85284174761,3875.58277039563
6364.91423902527,7675.56921740539
936.270467548358,9038.77410038291
7481.83496699982,7603.02957460068
7474.98189449035,7810.61348717922
1258.84447454641,3544.69444504714
1398.64740846611,9111.84115083919
1912.49654634307,3670.67824863357
7858.1071953804,7851.09908201145
7905.71229602964,8501.14848608571
1688.77592326733,4988.82981802537
260.427577250114,3146.98747208508
3562.38898707489,4459.28741456911
8463.76909139178,7112.90709123352
2989.87932284786,8894.64504152629
8494.85682351819,7169.58600520793
7086.73802534653,7302.15410721165
7064.20205547827,6792.20210919
7610.78976057452,7058.49966758988
1029.53767230536,3210.79010063573
2236.01538717217,8182.21468532706
1891.85235075749,3629.81910921337
1071.15601007476,3140.3877713317
7503.77479420573,8265.78918194249
7105.92023886629,7941.26077171169
1724.17309026971,4606.17880504298
1472.40845018866,9327.87424536437
1331.98120866899,9114.47721915935
7508.96143650154,7319.18274259683
1282.83813755389,8679.45871776384
8375.16027903196,7078.466476126
1518.12399904129,3738.33624497409
7462.80859880442,8127.02387237955
7142.83662711576,8596.35341682746
638.066204078116,2971.35562609919
8188.26888849205,5625.83027992122
735.529438457009,8696.11565460857
1091.49259583549,3254.97814083249
7160.95638216398,8040.06726748306
1740.01949121321,8916.06137908508
7496.00872028527,8089.63968315771
1865.25547012152,9044.91397812274
1480.46454076357,9242.77180932201
2792.25788128166,8773.51997543941
1037.72484021584,3528.11734687855
1490.52034554831,3638.82828113174
1991.51074728433,8941.49212710922
7022.61623439305,5789.86234239675
1151.46226570539,3443.72306813746
844.67621263795,3395.11220020204
7563.90247759731,7948.59271219459
2091.33057984985,8850.54393239387
1230.54609950863,3696.47341317413
1783.20389639192,9326.47600695952
1588.36908068351,9072.6907078938
5574.01807321599,3396.43938181382
1698.43270368708,4088.76186321942
4723.7465002006,1346.85182503336
7101.63003916758,7700.58653257058
7827.02555709674,6974.34889393009
1445.15698206887,9103.50244613813
1595.95781169969,8976.93137249264
7905.30961463051,7645.58274361776
908.18151026809,9284.15084315062
1871.15435381315,9044.5794936583
1379.07251169754,9009.24177008941
6895.41154943612,7282.42720366259
1372.59077258966,8298.23359074564
3208.36872292727,3750.70520412858
1282.53497216106,3572.16615505033
1014.92676334375,9380.97885770814
7743.58649444817,7989.4171380285
2005.52056130918,3542.58573153072
6808.76935315559,7160.4299301738
7036.0507179449,8126.18882679027
1751.82538273977,8986.30793548514
7201.6346667873,7743.28681207136
3881.08346810995,3696.6410850296
6203.11730530064,7188.97787802218
1485.67396575795,3736.90500445987
1469.73411493011,9079.99438728518
8883.68585364017,8140.88511501574
7574.30734640502,7778.92646626865
1510.22638648553,9066.13748277363
1562.10963187776,8919.40604001687
8523.25205357924,7957.27012096073
1468.10720509853,8508.44337078282
1337.46785539217,3408.58932216252
1228.78779690017,8977.67731454494
1285.34800729915,3391.30215233861
7411.6205412895,7870.20376953522
2072.46889827495,7009.84114571693
7378.74377590977,7414.67165682345
1752.96076106845,2598.568788163
7706.4579774833,7881.1553803413
6765.11762489441,8069.35924875012
7360.56582585981,8374.8990610714
7709.55693481057,7824.90219470049
7097.89232190979,5446.69153897657
2237.70924912094,8634.24405316819
7440.81564472225,7941.23144290116
1816.94836633718,9112.79658977504
1176.79261224244,9100.21822212027
3368.69293867135,8965.67328152942
1088.75790039121,8727.57790542612
1556.18360821722,9005.13923767006
8676.77768183953,7277.45837481499
7155.70464842336,7608.96266071427
8389.58073824697,7224.92549641909
7546.36080993466,5949.10802917567
2267.23690776329,3569.75247656272
6399.47301901951,7562.09047257256
1714.35206734473,3593.57917615726
8048.0517857136,7140.23526876275
1217.42254231062,3914.88251213076
8470.6982666605,7969.07121485979
1660.21793670928,3555.61587627114
1530.09966879458,4134.86610721622
1272.10968364444,8940.68974520703
7780.37363899244,7418.0548729183
1618.36908170529,8022.35206518035
6524.31965169032,7125.53516864941
6342.90974624018,7661.23921744859
1225.15428407262,3541.13552512763
1924.27973328782,9170.61014329958
1549.17789690107,3719.74776483833
7076.68972944169,7691.25860773082
2525.2784268784,8711.67742075759
9988.00952347118,7146.5039597278
1575.64439056298,9210.52457727427
1169.47188243755,9218.49979363907
8281.36217668926,8318.81745528043
1143.16639450807,3266.36341639209
2336.55797494558,3433.7658739629
1247.75995489498,3605.46871026928
965.117829157747,3373.68919827226
6943.15081384658,7355.92213942308
1274.40260841543,9058.11274998471
1407.90147174625,8931.02344954981
7912.38561695206,7808.10474202713
5887.81241979892,6078.96752155913
8282.7237038741,7450.00947941639
1947.89803180728,9153.16942398794
865.910548268415,9153.00941451567
1342.86945805954,8941.86507721612
8494.33001167858,7620.67184039208
1774.9260134106,8959.01545436468
1447.17789788829,8227.0067874637
6240.59877520379,7279.81930779828
1935.60460065707,8392.29287543339
1897.79506129033,9003.08617541215
1566.3534469098,3758.05290462325
2350.56949687031,8788.83507118871
2878.57603350131,4091.48798813959
1536.76799476241,3163.6540594589
7282.68818908983,6688.74891025064
1510.29151613215,8029.08486403121
1220.25521988196,8955.45306816502
7048.26802058838,7927.53123064778
7020.2224193388,6883.10236807021
970.439042291087,8668.85810981898
1490.79238516473,9180.68936183785
2044.88082508149,9090.1351106825
1333.4989891732,9128.0033360921
1192.89782223779,3299.22201926914
6442.55698561087,7754.44476894065
7115.08813004119,7374.27572110165
7601.78817803196,7821.04733686456
8387.23046297771,6640.17191003368
7593.75456838037,8236.2543067434
1910.44948366173,7299.42268390561
798.267559666521,2971.0409844414
1154.16226581151,3356.03773183098
7467.01422031614,7918.99466873158
7472.25491934118,8540.44028215823
1888.8034620214,9347.9971207636
7078.75993804265,7291.98692487702
7518.0358084428,7615.84790720677
2034.56735090842,8722.23474291976
1068.51329920837,3045.0790886485
1475.47792604087,3685.13710236835
6924.12544586076,7029.84123970278
2237.39852824278,7478.04881431469
7634.47422869502,8135.20994012473
1505.76063488467,7452.85139698501
6486.59734693803,7100.83644849844
2217.46751925998,9032.22111358482
1384.67787914526,3366.78077230659
6519.69992899412,6926.52524550587
1817.91201389341,9168.15665147903
1984.46092096479,4208.69325796847
1198.09093653668,9199.19917389984
7524.39343532217,7409.76620385743
2003.53530218273,8865.11646964005
8256.76198454122,7638.8238578621
1051.20658858287,3544.8027325463
1345.96720284246,3864.76256299281
1827.31054559976,9020.74909925376
7000.13610161061,7406.8156446556
6662.4382660169,7317.6824213498
1523.37454782372,7801.27067411094
1448.56559472552,3945.1567421215
672.911800275406,2991.83845949161
8039.38776422992,7068.69395799156
825.417308752162,8980.70815430948
1310.22233883869,5494.49375024655
1218.97268543867,3352.99661189461
7988.46238437779,8137.5776431126
1452.64355305479,4077.65582638529
7573.62544782124,6547.29692606615
8135.84008004193,6807.87494278887
1433.36004252944,9295.69497175426
7021.49131050025,7573.37029941355
1588.93356452253,8150.12049562696
9396.59247894301,7950.46967270459
7115.37213388287,7932.35407554837
1479.01916333016,8917.19147274257
1435.92520239282,3797.50471322607
1540.98538640817,7727.94473994226
7519.7108178635,6413.17758180018
6188.26435182012,7971.84217620337
963.489062108217,2981.46004895909
5617.31466294033,8549.6431847549
1234.00271378761,3478.36179118326
1327.97522856205,9078.30648947264
1161.36897624717,3430.45140829817
1728.95773406012,9157.34650399143
8423.0783462347,8160.32680956226
1779.22390498186,8342.4082310942
7512.50864463248,7311.43135945553
7785.74510415784,7550.85862937532
1866.39179060502,8718.97812156828
7260.13023724494,7687.6861798038
1813.61905867999,3850.94736041215
7526.89906582323,7507.55623426426
7701.03589386825,8154.30662816253
1313.06589740729,9054.01518288309
8640.45248134737,6975.52696447641
1515.00750517602,4164.79821584376
1306.79753904187,3294.83520608197
2237.00966656622,9326.43719509736
7351.70258173922,8047.78715503629
7570.37731242435,8381.03379893133
2746.49125284156,8691.37106647905
1157.8446920814,8425.21171305043
7839.63774885776,7294.31470060549
2416.1842387359,8562.23404447703
7063.42307174528,7544.08675170361
1219.52014471757,3480.3151748266
7687.3223795745,8039.12191545023
1686.32236171239,9070.05382949149
1549.07412535134,9251.43183166138
1014.00796664682,3397.8455869202
6970.51360795849,6883.77144156227
1457.31826953145,3276.33139776262
1120.40857642542,3346.04585976724
7261.14115552558,8233.77406307357
7312.549950283,7548.39435362294
7671.7196046328,9306.37835308844
986.36828925704,3218.77745632594
1565.8487393674,8054.30051452656
1231.53621708318,8772.70645531558
997.34370491634,3634.59621941796
7506.64753364221,7773.26455730266
834.225376313806,9100.41468511581
7613.59744804069,5400.23544062064
1747.71192695035,8461.28524168282
4266.76342832453,3930.04022220949
2030.12290309668,8453.4042670654
1593.69163979679,8974.43326992183
7047.70821435728,7698.61396465607
1309.8061930674,3531.4828520451
1268.13367337654,9052.54073055728
8904.07568212827,7467.51893334655
1692.11152538244,8672.63157375145
1670.69050642153,9019.20889042919
1680.87639589641,8797.84527498489
7712.66137762681,7980.07513238035
7104.17877768871,6022.58614651896
7155.92290400709,7365.35724954683
8826.75998989405,5524.26254939739
2073.84754020219,9143.96161143527
1417.7272094649,3446.93132663762
6833.99915921497,6669.82080642885
1527.24922657787,3611.01920560351
7443.64111545862,7711.68936119666
2368.49180638056,8104.11477446153
973.838845924948,3200.81250063373
8374.12570212179,6180.04915439675
7523.27052479222,8532.78805177165
2286.19976695865,3921.18989637201
2202.30708373768,9612.70826263882
1468.44597302598,3976.45048003085
7697.98144550284,7465.46396841038
8304.49945381003,7378.43198545533
1672.60666890443,3756.79120303559
8128.97265640384,7234.12080431313
2357.70746939083,9820.47999391977
1495.68933882678,8741.81311938269
1207.35349218641,8752.01793109112
1210.52297748462,3140.26966111877
1328.0744895117,3647.32239313581
1561.86585281397,3537.05145900832
1163.9236151133,3252.76713908287
1488.68234250557,3656.11771889772
1402.07871221753,9171.58490283577
6855.93127939155,7235.22877562881
1633.9982897708,3894.09813172623
7649.08706121927,7902.99284803595
8454.09554159331,7572.70359810156
7744.98914725138,7963.29306967
1115.47199372604,8968.92584307848
7227.49078792319,7031.46480680242
7429.78467962861,6885.64411930488
1169.51438363569,3415.57463571823
7394.01102955666,7927.27490531727
1584.67261687731,8836.42914490009
7715.61849934198,7651.33110101038
1533.45983557833,8372.51926179778
763.03443639671,7888.50966968962
4031.27063887378,8662.44927754975
7278.10694763858,7318.05791480182
3038.93590864834,4018.07630663543
1120.73149219088,8829.4151917916
1894.63369787626,8601.43040834421
969.693946816323,3137.51715004012
8737.65632110876,7468.18116009956
1305.67538518644,9013.85089807334
1015.94869046504,3479.14231785864
7807.46081716286,6242.89071028223
7890.93281186095,8140.19348430454
6906.65230512785,7947.06760358367
7439.86657268069,7638.74942404643
7569.45923486877,7693.30274209601
918.483926253118,3468.08426962512
1726.57589148122,9278.9153877851
6869.81426546854,6898.32277869818
7358.83656977676,5747.78029955583
622.062600624208,3280.52540263396
7112.50908839053,7730.22867468889
7149.05421537817,8182.14566776272
3029.01940167747,8797.43242043662
1776.33301465358,3585.41792585116
8273.75271641569,7012.8072091832
1552.60622738172,9571.43955433518
1229.18926336503,3349.51373603781
1281.89678240251,8434.69506356573
8987.54311287025,7989.89678034434
6751.57196049662,7838.05861028832
915.821033674286,3476.68148884264
1116.64212991042,8829.92633697448
6146.0383759341,7308.6178354652
7235.28862465469,6877.59258916254
1167.26159453174,8855.9968339101
1839.77930803508,8762.69530276274
743.54173702949,8824.170274823
2023.86548914193,3752.64854790398
8293.88009208216,7563.25150429775
1854.21352450593,3734.57253530739
1342.87754996395,8967.95734035109
2833.89698329225,8603.79785185399
8370.96589438872,4779.0271052569
1716.95259513132,8345.76479890634
7907.41629612333,8077.14509252802
1342.65070993052,8258.82622840008
1768.49772146651,8740.53373414568
1220.50343895565,7563.45258897894
1663.31795773745,9367.97012510161
7162.08951126393,7449.72848826521
1405.88886728062,9106.94326400169
7654.91737324212,8249.88702090763
7397.6371792224,7670.95842249497
9022.06290037417,7752.27920904352
643.819666875717,9064.63005649356
4071.65768026476,3516.98233525304
1595.1314588709,3761.90608686948
2071.92910053496,9045.82124143939
3276.69893356296,9084.94518114203
1363.15573866937,9073.20579379667
1743.75404752997,3851.20747001132
7380.21877807215,7134.59138090077
787.066218080486,3301.59470565397
1348.55139296599,4098.18628333372
1176.60092326401,3109.7083906252
3834.73365131195,4082.89113476363
1670.30720982222,4720.85259758958
7656.13162784853,7945.97105303369
7400.85607592049,8157.52682731518
1387.03486480709,3661.48514494944
1379.40831876377,8576.58059012339
2280.65784597296,8786.21058722328
7469.22775913952,7659.63585510421
8084.00515017565,7262.77875600007
1925.69215377188,3574.17912626661
8271.32873134845,5686.3451058177
7378.96362278322,8116.04980544422
1574.32353812958,3555.70196667193
1175.29921943001,8925.47497822186
8673.25014207852,7270.49382648077
4384.50203053607,9068.01202853197
8090.80139854165,6858.52257307122
1740.75455694392,8960.31365820352
7176.42889250498,8049.23806507996
7920.23060787936,6802.25448749344
1251.09384279963,8635.00986540677
1277.055128641,3471.7584104123
6990.22073594073,7598.23759671015
1518.31746836291,9245.54726604526
7205.34570242546,7417.24637684418
6677.36411739259,7596.04282360434
7575.33558020583,6357.38121930924
2252.35623571378,4104.19270072456
1095.46827168797,3633.91310659649
1882.95039326219,8429.8446572833
1262.36343725451,3769.53386361187
1247.9941405785,9280.76153601603
7055.913363074,7483.11339247994
2703.34530777995,8111.43698488042
1367.70293589034,3634.83508764967
1343.60737420749,3481.14679899961
8005.53699997738,7889.567090462
1675.8709620458,9228.06214839589
7382.77276423159,8309.0113192937
1082.47854323098,3584.76944225518
7234.24396541628,6816.46776595074
1038.67024536129,3159.88062439816
1583.81862686365,8110.74597041608
1524.97683718273,3749.45283314518
1511.63087822406,8965.37598943667
1425.28409615537,9351.38877421153
2455.88135133348,3229.06079868331
1627.22519160638,8479.38497266449
1591.41240537581,8965.70619886955
1795.44929185325,8173.16786149795
1337.35685364227,8965.91575717813
1478.29796218166,8882.15841322142
1549.64186055852,8710.10354444232
7843.37954466878,8628.41437522782
1386.2419212444,9009.94110952961
7538.27730230535,7797.80676372791
7181.56116633077,7283.70997313196
7734.33046043021,6855.74782564082
2077.7479175271,9072.23322693574
856.497227616872,9016.69307616434
1342.5390745208,3696.7811001137
703.640473221593,8753.45512180839
8444.87882367163,7693.21738773298
6945.58013696347,6795.81878570118
1052.49877762527,3440.39692763028
2105.77965848785,8807.15033145406
1515.08761626233,7985.98713460782
1211.63397303704,9184.10589654331
1730.81479785715,3840.52654407596
7291.6311695109,7536.21706416819
1013.30416526265,3278.21076315624
1759.0274903509,3794.8280687361
1269.80482468273,3558.88737958042
2917.24214028599,9078.56670812547
7595.38794541414,7557.25691077171
9186.0308409553,6692.01008970046
1733.30896911071,8944.88493999947
1235.36175086804,9241.12965392042
1241.84170495615,9081.39623711867
8397.29941201143,7258.41128429582
8163.99764897348,6924.14364948282
1678.67986662774,8196.7216175736
820.842540771577,8887.68296654401
6930.04194297108,7586.35997521806
1640.47752327137,8097.21326046461
1527.21778739555,8698.46288977451
1020.94395038891,9427.69407396914
6837.23657419476,6539.32104195773
1185.63924845305,3675.0658588152
995.972764616687,3823.85213159191
7098.45187506184,7607.29908004478
1370.39275273938,8543.4420520471
7205.44460389179,8002.01554692869
8443.05869695985,7899.1759265806
2905.90816653446,3979.96359770372
1371.48299441108,8726.93594600716
7325.45744803184,7570.68503549232
1317.87047570728,3807.77102125988
7351.82899179638,6912.23928533094
7254.5953795096,7566.03966136145
7474.76143743958,8161.67698193211
961.109560056127,3375.56017105356
1263.97556991736,3348.73709942225
2091.85977612266,9215.81878379198
2046.21868563308,8834.14408440586
1600.70946077424,3664.33480418358
8217.61351225299,7227.71453369202
1646.01118331873,3995.70235339771
7450.77712422866,6665.75300342735
1694.84931981106,8848.88767799463
7440.64895161683,7753.69743932359
2071.5325228259,9031.5145555771
3522.80383417876,8795.45378600091
2053.92038544077,8671.45014346785
992.27917163588,3335.99146770239
8082.64256639732,8029.36288214015
2691.45757795847,6394.17974714993
1264.01938463589,9144.40385335044
1345.77810664973,3889.26001011681
8130.65503396745,7836.68810970284
7870.57889338969,7638.95641734834
1487.49914189143,3685.47220959533
1550.4411726894,8008.63321395057
888.175238389545,3411.32925633921
8663.80700502865,7679.2625481296
7729.47673426759,8033.04325859537
6485.25930183658,7892.75890228276
7943.57750866918,7940.07401028316
7589.40648964202,7974.15330946757
8041.19876439386,8159.57314045923
8575.29986190949,7232.61390725226
1898.26400444784,9071.43052429439
1771.02442164461,4791.74477146045
1572.01986875348,3429.30023862101
9056.1524849762,6010.54348016638
7225.88672424595,7880.08941806786
1514.33805584911,3806.01200057034
7555.95307139895,5783.33838972228
1794.4575321159,3680.20684590206
2475.52634884048,3558.58800903285
7627.5635915429,7460.02657418215
6451.21587750475,7369.07236816628
7908.79453259302,7201.55895973299
8584.16956280573,7672.78835600462
6117.39764166655,8107.58799263092
8100.51121116091,6688.73024870862
1349.69377370012,8894.46744803557
1532.22452635944,8657.854795277
815.177919183302,3243.98511422847
1688.75267055346,9209.92315053941
855.173188478483,8664.06658052464
1412.57977886269,9300.36402142538
1285.38536823658,3617.9800694715
6742.29979656422,8011.1145507895
1641.62718670217,9145.22592407897
1367.74812489371,4133.50395462321
6935.03223197853,6940.89274124596
8054.9601412577,6834.95355761136
7229.50155942013,7804.96684706863
1274.41751695971,8766.18086123886
8539.82058857059,6851.14260113611
1730.63379327025,8551.89425836976
7828.4781311707,7457.30833265678
7283.16589619686,7043.46344290125
7680.36144596934,7977.57978389418
2619.43572974349,4245.84270299249
2225.89734481495,8558.02193043922
5609.19816566064,4593.70957262642
1133.92739393561,8768.22492653375
1624.00576679827,3629.61223818747
1655.48464068379,9058.34425155694
1500.49783944383,3700.60537053243
1335.5500992461,9281.99464231251
2020.23297428083,8650.39299002048
8311.4479596403,6865.22674421013
1602.87409432271,3769.55022624166
7404.27800370499,8387.94058414254
973.104850416675,8487.86605252155
7741.85006418261,7639.64154345389
2146.25443383232,7943.69095539436
1013.37562252395,9095.43665724807
1546.34732699865,3794.75969908364
1100.48518395691,8956.39116303846
3692.62764310235,8557.69539442773
7283.95528093289,7410.29259887311
1773.61156317695,3606.17890315029
1642.03893743552,3766.24218912092
6791.0726806004,7422.8140567429
1150.6876143858,3439.88817096395
2564.38327973458,8754.29323358608
6876.9055504491,7554.09226708661
6369.20996396445,8033.5811826685
2065.75180749439,9183.13493370431
1912.74769592798,8781.12474507815
1447.42019056361,9167.17517304855
1436.33872529887,3521.47358445329
2851.08753799134,8228.38486732842
5898.71256147546,7932.19587924633
8658.82426736173,8039.64383164124
5922.28626802773,9240.75941228113
1754.26736911744,8691.65500356059
1243.97714294189,8975.49108906465
3173.60722958875,9506.12949896601
1017.90740697509,3189.94163872439
7733.08844446772,7464.73308417536
8032.88914893859,7809.65836689691
7440.54597981287,7820.40742525344
3772.34643830929,9219.21616876472
1841.30002897099,9065.89567023388
7665.0136526566,8304.21265123409
7638.73496197366,7898.51798229955
6717.02954960095,7631.76928064898
2149.58086874015,8600.94906151494
1199.65422592411,3378.23579382572
6539.70261764868,8287.04432593397
1535.84619791371,3368.68667904198
1070.78850756592,9162.12139557691
2062.50366550471,8762.8966453512
1250.25655960435,3665.39435807226
1630.60655852145,8903.69505886398
1421.62298596571,9200.65860878018
976.284935925995,3274.16665539277
8993.38482350926,8134.04376604977
7131.60960433609,7291.57683625652
1046.85657663444,8833.61954322181
1011.44756550762,8823.0853010575
1411.22331064653,3599.98774418474
8238.28243273504,7586.59559832297
1252.59037230484,3429.17697217298
2275.23505791503,9074.67886395466
1393.46309037996,3405.46968902402
7212.47895146238,7102.69625458571
2006.0430266706,9012.02363600949
1250.19145880345,3272.15132175944
7978.26850556929,8195.64373636378
1455.40443769241,9197.40142081659
1473.75531110717,8656.42223744139
7757.270341247,8090.70798487267
2021.13225726694,6146.07952133572
2348.17670997297,9243.09669686698
7407.48337318953,7275.50139571744
7707.87668422607,8030.4430020126
1630.30625541986,9102.20338555047
8004.12325781603,8414.74683930897
1203.74580943518,8978.25920653882
873.358022256384,3388.59997682572
7424.82630298211,7716.24217355332
1776.04632012367,9471.79476604126
6890.84063265621,7988.64371825158
7457.80769728149,7122.57460248682
1102.48065382553,3576.75075626126
1655.18571514825,9066.45993696056
1647.61177371062,3464.38237974769
1165.8140055129,9194.07325917005
771.476470330209,8979.68199228268
7456.53539621689,7982.88855127102
1764.54558092903,3934.69709082224
1420.73102266768,3912.59603051397
6525.76592609341,7104.77184587543
7875.06109559023,7641.98947954052
8050.9571370628,8091.81223485186
1537.07720283215,9225.46502691983
952.045471459127,9187.6909253555
1462.68384977984,8824.09183777643
1659.99027322613,8907.74573031146
2075.7339164904,8932.91541930307
7599.85612239801,7914.82060914766
7500.19184887601,7678.02347603152
675.056365393265,3233.14545568859
7477.63883117589,8100.66616457105
1874.77128090547,9320.42010743653
1315.63872591821,4718.67995785116
2376.24954788812,8988.75897536635
1188.70152757427,3623.90360355401
5406.8544530887,7692.01252612537
1270.75344786387,3798.74741353174
7104.69818957774,7366.10242485669
7802.74964776023,8105.64560407634
1443.82761139094,8035.03225364118
7936.58785934082,7017.16740940551
626.51078547765,3300.49119143676
1310.1597034027,8623.83685396589
1337.0069752311,3828.27072888743
4023.36001603162,9124.43396056168
6604.60800782898,7093.55897479073
1373.8730332917,8964.51249820429
1555.84405195378,8821.9492411321
7332.71362000523,7103.57700028448
1020.27908941286,9128.68273496723
1722.92575278697,5233.63431518139
2096.93297373211,8539.7437214269
7880.71504142776,7702.74253866997
7901.76962194547,7013.20913624132
6472.93005458532,7617.50352558336
2766.07640236894,8798.00840771716
2060.26159554502,2936.62070109932
1227.5950005981,3602.13778270631
7100.37627319785,8336.33815208151
1183.4002924686,4182.34580345119
8018.87569326894,7374.73077298379
1187.03368931308,8972.61644047867
7556.31856131747,8165.99115046144
1406.68277168122,9168.85371259544
1246.06420768987,3150.17276424598
1222.19971873338,3206.28672877433
8706.80191025103,8100.60784511507
7608.29771733657,8211.98481238419
2084.0593868655,9049.71779529986
6977.70808632352,7546.49887433992
1182.30087227361,3244.49865033748
7595.57193219993,8123.6424590721
7259.03646866417,8172.6528119984
918.40771340053,3361.87878630769
1395.91276295718,3366.06255652446
1800.80395724676,3897.80170233962
8695.18606173839,7257.77200782148
1402.81138386132,3342.28235924448
1670.06269843024,3777.68573402155
1838.5827404375,9141.00721669221
1818.52374876901,8390.57790323437
1794.03415183616,3969.50321557407
1041.99559187312,8908.17239074018
6548.03152204536,7599.5496551873
7759.91955742564,7783.11662132593
6735.76732349295,7353.32148811844
914.222084877754,3246.85893610285
7398.64432738905,8153.05355639316
1371.31858903153,8925.13244453834
6245.71176935695,7065.98349529827
8576.82086254506,7221.20155062565
1479.83977683802,3803.01860227475
1182.1392652934,8744.52051632699
1490.30294549837,3472.95833860274
7701.12326136909,7421.60053708818
1040.71354507859,3233.26433589679
1462.6247707683,3224.87157240001
1984.50459289776,7227.03679468708
1117.16952635822,3371.5284448923
1616.57242011609,9190.81980905555
8373.36634375041,7683.05653766795
1293.84654721926,8816.88094491675
6726.86757814004,7572.33682709132
7761.53573825209,7140.34767292801
7850.32444820658,7211.32636870557
8134.79830292454,6890.31054385788
2769.36670234021,8001.20883969184
687.277491574257,9124.37347659137
926.26541075112,3107.80075918422
9391.98289772515,7965.20307520254
1715.98428648675,4065.80418862477
7646.27001227186,7186.73586207557
1830.85823793323,3742.79883630669
1497.99006501268,8639.21048489074
8320.09303800248,7730.75272249844
1569.96796690869,8828.07129388203
7745.38310622021,7524.53737915199
1040.06353488794,3788.00415843898
1516.90230900537,3458.71247077264
1780.4899507959,9170.89680049239
7716.89037936276,7609.95697425638
1606.16398871935,8735.58360631343
1952.65582321237,7883.99083988611
934.078940972526,9002.83971578597
958.612895484959,3497.36687378874
8152.22067592241,8048.28932456571
6975.19250154861,7341.90532541746
1055.90303484925,3387.10399860769
8050.62509631516,8185.89637110754
3769.69687601602,9051.08696929367
1964.0166844368,8880.21800424198
7524.92381860021,7828.7883472018
1625.06575721401,9120.38132089692
1326.86966962329,8943.23443200004
6946.90945322886,7495.49621009017
7442.17846614615,7251.00103878297
6950.67033520984,7322.2110437743
8299.58142664387,7390.93445042865
7852.37809018374,7855.01839800393
977.648871159178,9088.49051305038
1409.00362766204,3645.41406936218
1773.77543420065,3587.93206164183
8412.50870625915,8576.51559825489
9243.12111267984,7324.71051815944
5911.67013888647,8083.1396715944
2134.86525227371,8963.41355586188
5357.71228147628,6177.94958325176
1214.22372898928,3507.17544061192
1822.15721346545,9245.42540887325
1788.796844001,3760.51838813739
6711.04524081007,8326.44192135939
1396.42525308611,5068.21451716105
7503.50995450427,8562.61181276665
7180.22268943218,8517.1817150255
6270.03919368517,7071.48980452974
7373.84316602253,8478.1997989398
1706.89241689657,8847.03334486125
1026.52538544649,8299.0508161681
1445.58514621976,9120.42547621371
1646.9293168389,3805.51245836158
4563.34968096576,7988.03660518366
1227.05710449681,8951.70890865608
1769.084135685,9011.69052453994
1360.59232453233,3510.54059820029
6480.18522704051,7152.81274911717
7535.47365086372,7379.6345681293
6702.23213968337,7666.17660116688
943.283119551868,3531.10710911003
1408.24879932019,3458.13970292429
7531.43814220558,8061.67213797462
1472.16177503832,8750.34718142871
821.350586437153,3091.279715314
6748.25578470418,7894.55922095618
1535.25098177811,9040.29030719403
7127.72349987418,8125.66829666717
1123.18537574597,3478.22202745644
8098.78763429543,8112.71075088881
1799.02288034831,9030.01106141644
885.074354466056,3513.10657937615
1411.66729586382,9294.78013451992
1222.70481094991,3507.92412529514
1614.93876971869,9051.35557854013
6251.65572886499,7376.34454869604
695.080406077902,3002.74445675253
2264.7526800391,8734.19174719005
1327.33723456001,3746.992780133
1431.55559243631,3275.15118929767
1975.33250188929,9304.82951482376
1168.68822009915,3701.06120247524
1294.16107896075,3610.45322254286
769.575173775521,3009.86351272157
868.613755679558,3222.50622186515
7102.23487659592,7699.51182928991
6860.76387655356,8948.80202311694
7338.42654938175,8025.95731109835
1216.06735505558,6692.35975731234
7214.59341357685,6787.91090072009
1514.15628925641,3662.83641159005
824.340952081841,7741.31691294569
1151.7998989816,8271.16952514748
7387.48478808565,7999.4700481202
1191.48092864011,8944.95609594438
6895.49254703196,7852.10905289793
6951.19706087227,6929.33651843549
1322.7172922173,8871.08701305395
2567.26295157394,7818.75843909879
7636.57523651751,8226.25348276374
1671.35592699027,3779.88700696981
7877.86234239138,4996.10832044835
1309.19814344481,3962.31722243943
5412.7896377355,8682.84217705859
2098.3825114573,3914.52079211464
7670.60011123666,8323.10848910113
1152.98142892516,8818.04951197094
1478.62819890881,8714.31756101566
2463.97095994854,8649.1561877398
8538.12633413052,4810.42289127272
947.03079086145,9001.2263710039
1706.72527682454,8908.29111807394
1214.03276813458,9008.84210472434
994.633500289331,3514.55709641652
2016.13937928107,9199.349666146
7643.2435587851,7302.99527545886
2029.83302903872,9115.66865648482
1720.71677753429,6667.81501075801
1933.30457606484,8848.88982305723
7419.21689423804,8001.6332319877
6850.35040858257,8439.37207247227
7556.50268730462,7587.54336599825
1863.51009445906,8932.7714957767
1402.48737318202,9104.25757053852
8320.80668481208,7394.75541920252
1066.31749333443,8911.14686263002
761.161767786712,7874.11173211066
1041.77512381667,3067.95188208047
7259.31294012822,7212.19813101858
6649.17645957974,7164.82802598075
7423.4754520867,8017.01726721756
6897.64197797307,7488.35244348041
2251.06466596333,9063.60110292058
7980.66807931168,7415.18757820683
1470.07965913455,3450.33073175356
2425.14602060501,9035.00671208974
1834.98891323283,8136.85836498208
1168.71086436103,7989.95116387514
7212.96958024731,7241.60415171578
7978.61307505658,7131.58311140884
9075.30220510724,8149.70993846978
6630.56584217503,7951.53584215713
4523.57078572537,6119.29556803396
1989.33455764586,3683.97536057964
1192.22021746689,8971.35724298493
1202.75287779824,9136.14261515149
1238.64888720223,8175.44745027923
8440.6658365045,7728.38252867308
6576.28874086293,6831.18080744202
8335.15752152118,7873.96623268744
7606.98639750107,7624.86821568732
1098.05021570684,8202.27653380839
1502.20978748429,8991.2243816058
2330.64713685834,7576.68757086605
1511.45112502606,9212.95672035199
1438.38238074052,3431.94768609307
7346.9257450933,7941.617042174
7803.78215690594,7956.06398872295
4846.45718611354,7731.08880083981
7932.03761920405,7930.8091122619
1781.18973018613,3433.25498449239
6377.27110844232,7691.14672497385
1372.08071883182,9214.34738063553
1518.92428396027,8936.5029190347
825.6539395849,3248.79754897482
7286.34127536788,8011.87543838124
7563.26676092801,7679.27465866181
2497.22258708497,8337.52710663189
7078.34871878689,7759.70912022722
1521.52952168743,9178.54989505063
1330.37353650138,8628.76756117117
2220.64274509969,5851.42676316765
1830.948856529,3750.86018450121
8677.99848335869,7310.6413298433
908.024207907564,8329.16422781251
1200.7091093795,3388.53188449957
7875.48265160381,7989.99244300985
1426.93102554956,9059.64932361554
1441.22768689433,9312.72114053834
6964.57705743674,7864.44840446951
1625.02152440882,3951.47208613058
1560.75087929029,8511.89437615491
7455.53916355199,7612.24073125333
6789.66951552191,8079.22748498854
8287.12211986561,7698.48155059087
1121.75427099705,8823.36738087887
1478.59174471757,3874.68775460009
1053.89252199626,9033.26719676609
1549.10984059295,9079.83977312132
7761.86489233869,7118.22942692217
1437.84780459291,9245.22727324398
1206.76473360576,3564.57106412008
7711.68866054746,7810.1313531669
1122.51242357465,3501.61749712686
6567.25388703426,7686.24871428298
1381.26616262031,3641.37341944242
854.161957098287,3434.917886133
1389.82093134243,3642.64873512479
1403.04330999405,9178.65557238001
1666.30485937177,8747.04745074873
1675.76764853678,3706.77076313496
2426.79211369759,4338.86230736016
6757.68282504883,7656.5155179068
1185.6887472165,3320.49508681087
6308.54029906877,7315.96029313752
8053.91820882121,8467.10714403033
1468.3767870484,4261.87505813
1034.49891094077,3658.55962957539
2773.17686535145,4191.98269570178
7093.15412269783,8144.25390571002
2268.56941299734,8494.55078812309
1596.50000043162,8520.85776592205
7375.82304059371,6365.25102889362
8980.3985047881,7800.44287573968
701.551938761366,6956.70740049803
1362.0428364215,8758.38968121976
1269.06228422637,3818.76120853898
1823.82851729452,9122.4111063884
8263.67972940895,7615.80354569543
823.457514351535,3249.3235826941
7703.91757942389,6698.64529089322
6633.93383883986,8178.42798261292
2013.11125820617,8487.42202932039
1398.96320727752,8896.78234258402
1138.47801245038,3687.63026861397
3999.44546849881,8762.51657841015
7470.89559235535,7579.92083936555
1334.93629036913,3459.78425062829
1566.281219344,4571.89827998369
5644.82672050514,9333.27195914733
7334.88910600755,6461.48136939206
7556.09820592302,7756.68430673142
6149.69238287039,8818.78541745027
1936.30731771993,7985.65122729151
7437.47921712094,8382.6656643371
1056.03114061215,3540.74753080764
8227.90203677823,6841.61560795693
2319.1102829525,8811.79763963065
7229.87160606567,8148.58399405425
1972.14814276899,8202.05907944072
1742.67954661785,5570.4482102979
1232.27020589298,3593.30403367698
1385.08226850908,9020.26701867083
6980.12026002375,9081.59522828061
7803.64117732456,8463.18055712865
1226.22719437992,3343.87328761988
1328.00089948244,9230.01693026394
1412.64889072051,8092.69752512315
932.898503491675,3684.17439658201
1999.71199177371,8785.17677473592
1359.31556108594,3483.19442787199
1412.52536848602,3662.59571414752
6175.01696244455,7117.69009099434
3470.62488412289,8954.20612898432
1189.33424914974,3303.78509093966
6837.44510785608,8610.66853710755
1477.06590039099,4614.60624121465
8162.23795607523,6812.4091993042
1961.12028607932,8054.51224387592
1377.6271719763,3143.54386139027
1845.38729940725,8927.70426615144
1672.57340910116,9026.72107775676
1347.52253291232,8055.98965968916
7317.09487673899,7060.06307162199
2663.6765632554,4128.12108649932
1661.27715317881,8231.45487118505
7525.93045388689,7764.82766706604
1474.76860122325,9064.11299065673
3677.53616076265,8738.45363032986
1798.43621479343,9182.40059031259
819.937416418374,9155.34547747097
6682.69484283941,6559.3084664891
6902.32886906624,7408.0990081868
7891.70705002724,8109.02143853627
6170.32693273495,7568.80649850219
7160.18674684025,6779.09041079176
8282.91457239131,6630.74590889169
7284.02567508656,8274.74222223885
7247.95238629653,7917.59086127918
1720.12789740295,8912.20654299757
1021.1439249085,3315.25736578675
7032.39847473759,6990.43442214005
3819.91969897333,6273.29710602328
3696.87352953122,6782.01518000905
1480.19145352139,9123.58482721855
811.037274484278,3553.05606678917
1832.66304217647,9216.52149203302
1302.814838104,7233.65869246593
1085.42046859166,9131.28386008428
1189.86255016677,3342.33363727658
1162.34652665415,3742.06064343813
7441.70241035002,8137.09501346091
8508.84909135233,5439.66713629551
1942.08885858893,3603.35379840167
7619.1064788517,7901.13270847035
877.39884550368,8851.97937140397
1142.97719769736,3516.8193976667
7007.24578400996,7658.7367465204
1171.42315595876,8227.13287880647
903.711484319373,3148.28118618805
1516.50793008086,3796.85271542416
5928.34548730187,7129.30493419158
1236.89760404952,3461.43195460567
7544.82346540721,7469.76887659824
2370.96220092415,3867.48331040757
8578.19413441268,7442.55914931602
7451.27686887689,7438.99136658336
7769.54954467154,7128.96621181221
7835.72883725029,7883.36731168938
8297.66693742056,7855.18999508588
748.596865095252,3093.48343579134
7554.37224863941,7229.89041448152
656.781703179416,3005.43473848008
1551.33731935566,3795.28749950288
6743.3172498091,7795.64382464137
7287.37704186471,8390.19673944464
9012.06662264078,6839.70833573339
6580.45757679479,7013.13098141644
5963.00272877382,7246.77971367666
8331.07586683255,7212.99452689373
1871.28958339723,3673.55845967069
1286.81815430333,8909.98088126298
6512.11790002455,7679.48139593774
370.516587138511,3107.45896106272
2187.79368176222,9451.92783341322
1600.2213289086,3434.63693969308
7653.46978761226,8269.22138910842
8036.48361191669,8032.28713972096
7296.20336397166,6979.86262514172
1217.58409906344,3805.37060107039
1203.31601360086,9229.32901252515
7308.8428286571,7513.53939949701
824.784881917173,9057.2098924126
7792.1090388933,7543.99494025999
5149.53384924296,7772.08170858321
1020.13940514928,9093.9649077731
8032.94356841881,7276.89893853716
1637.51456639592,3562.27882463865
1538.71586161088,9078.47853438217
1741.42524986467,9095.41882438643
1501.37344655828,3618.73038226747
7648.59011040155,7118.97325018912
7706.85702984919,7755.99839729878
1034.20574181517,8853.98174268428
2175.96668381196,9460.7825403286
1562.38233273581,8140.1095456713
1896.48350358047,8564.71161746595
6181.85451002748,7974.25747128799
6354.42111270421,6661.17003206815
1060.12085895225,3140.066500573
7654.4210749849,7702.9795761692
8673.6338758509,6459.86820890808
786.142203013387,3279.36822699237
1304.16872319696,3486.15374822641
8181.77757870608,7301.80405325739
2643.22033398249,4331.64280270423
7702.59165723995,7986.66370408487
960.086424392636,3368.30935582265
7972.35062524201,7765.60080666448
1435.12056355347,3843.83445501214
7645.28215806513,8520.70205532994
7351.97442100571,7966.8634808193
2313.37520915424,9186.35728560589
7926.39826563699,7129.98461776274
8126.65411061825,8044.31896488424
7245.26765695107,7040.55935016781
2613.45324828313,7766.28121277375
1391.23881085657,8589.31433890528
8091.40965607081,6923.51763648706
1542.58710857546,3645.60967339464
7280.07113035514,8181.79041962447
1791.17619383019,3201.604079667
7046.70490841882,7570.10947260086
2178.74602778372,9059.22307635034
3023.69699206767,3108.1320109567
1613.98808024182,3711.98961693018
854.081916023388,3682.41485359937
1960.38993969171,8923.92415573388
990.718849108376,3252.01824250026
2606.42610878259,7883.13076248614
1862.75483737192,7974.23420661785
6651.6194647688,7109.59776292179
7145.34386664282,7602.08812567785
5859.89924973199,8796.52283930032
1682.55360982028,8506.09840277741
8190.56255288621,7943.49894136083
8480.52743941241,7023.59319683422
1753.0071514825,8342.88965397328
649.492619983944,3002.80426177901
1188.88703979187,9154.17771272685
856.86934776032,9147.39962645187
8026.14920345406,7089.93071740007
929.466403410987,3270.10028101174
1924.39717776175,9244.47386674496
1916.38691538234,3615.28122549713
7353.40424434744,7470.2317259467
7667.46258953564,8433.23944065973
1521.07097880737,8937.60106792463
2472.80846651748,9213.02083305352
8858.40346243215,6188.58736050182
1492.76939252804,8684.16657625502
6941.27909564824,7037.05621904106
7139.69276651055,7750.87087350842
1933.64738307082,8654.58069918194
1331.57955023061,9249.70692120915
1275.87490843168,3453.46280040237
6774.35065993579,7627.26955070515
1362.04999806927,3457.54315505675
757.693274581872,3145.27898709968
6838.04549337182,8578.60898664644
2086.9735591104,9197.49960156674
2226.53679968173,3758.65152510208
980.671770496328,3474.25837345184
6897.96778805455,7632.48312351988
1146.21011645152,9053.60522459196
1360.62708020142,3177.16230867244
1272.34112635422,9047.86945557208
1859.49792687496,7605.03370769707
1248.90410269465,9495.54754842542
968.904033339437,3492.34675109737
1008.71598780173,9010.69441516741
1365.54039684883,9145.71370285249
7029.83467164872,7419.10711718825
842.689689166631,8755.27789623809
826.262688783248,9124.74600240739
899.512602456953,3327.41283337629
7321.76748237251,7401.73241295111
1785.42112196054,8735.776001988
1721.73083175202,4234.87897387552
6339.66212322705,7849.99370391148
1159.57057986802,3528.25133892262
1094.56457451436,3234.12780528439
1215.16377098674,8891.13909468027
628.964651669756,2919.64437836478
1524.25568562501,3839.96737861051
6706.59102261755,7589.65884396592
2184.51927188359,3525.102561772
918.220419882864,3142.0313376418
2184.96745648898,9017.68585436078
7777.26426222648,7937.31466488689
6823.89296877536,7191.35645217279
1277.229226416,8105.93342224633
7957.73252143368,8477.33301084672
7588.87810833064,8395.01439008391
1604.84517488372,5819.64161260467
7185.58824063174,7656.09386445993
1144.89400286119,7909.0586764744
8419.61351763626,6115.81916647978
7310.53404125018,7878.39234956797
1995.85140297123,8824.92759087575
874.031452959546,3533.25384270906
1615.37607367848,3507.76179436344
824.214416759353,3382.59695877188
1647.22350791243,4140.80845639625
8544.20558500881,6508.76583087032
1416.44263142127,9019.01476807438
1278.90876865618,3745.92077327896
7097.2796858043,7680.99051420672
1834.04840178092,9007.43084440614
7421.83056695514,5804.05176661212
1668.49082522775,9096.38760696548
7197.87362413496,6251.77704023271
1526.19141654139,8768.60134167166
643.80396442225,3280.24496468092
7277.2729066923,7737.57038971102
1086.19801530916,8975.96763321451
7314.66924840238,8169.23112838914
1387.53469104308,9086.13176929321
1681.34170166374,9015.52119454743
7617.66397837449,6506.48657304263
837.982560817975,9174.48142216167
8749.12528435288,8024.81842226836
9511.94420843814,8263.97991606443
908.443749721919,3264.01543229044
1024.74893221191,8949.80627292024
7085.58946925341,6845.98308358405
7086.19478731097,7162.30494533576
2518.02767070078,8721.51163779261
7407.64927398605,7792.47339987579
8607.97284846116,7035.29804882163
1276.84774472404,8953.81416647778
7838.28921165925,6872.15557515132
7320.134416248,7260.02154494125
2155.24356340119,4822.84231342853
1611.34465371404,3685.93054325316
7426.53478328929,6310.66768342856
7013.51774638309,6822.16989310299
9240.58406445546,6377.58832342581
2010.36036830384,8338.39175031938
7938.78203603335,7062.28636554757
7948.08421613171,8945.80164537186
8214.85145638024,6572.98705458667
711.511394832514,8625.32858859963
1711.34219377197,8906.8498389039
3386.42122564047,8780.73837973177
1553.93007451516,8961.29035473534
1280.58076771461,9119.66430357887
7140.78238461976,8493.7167043307
977.824309986744,3072.23309983219
8591.61993773865,6489.21191334066
1402.83690454418,3430.35078715447
7394.12304489564,8776.91333096264
1372.77979320633,3770.0637391945
7220.28745446866,7245.49274723403
7547.01650654298,7362.68780117846
955.099056374366,3271.82460001118
7444.46501346131,7947.98365119868
7202.78230604981,7133.35226051606
1058.1304831218,3340.66736410026
7324.94538308894,6345.03664135569
6882.91436599193,7640.92527332047
1579.68219222428,3793.2599307907
1239.849455233,3396.89498313206
1368.63466853011,8006.60546257221
1313.1383805167,3805.55931764975
1839.09481787747,9115.20530479743
1200.57760736604,3449.76265409072
1314.4749425226,3587.29124962588
1105.61849414669,3597.44235065688
8282.36835405139,7514.37084260582
7213.38911174528,8062.64363210943
7856.86106981231,7351.35870064246
8319.33156715577,8126.30946260995
1541.00828581301,8976.33582413997
7198.07173209158,7389.08336425543
1443.61369202698,8674.83940458043
7683.13767793985,7627.84813334477
894.628316028269,8386.7828540199
2058.55406990333,9132.56343023708
8116.33588816831,7270.90048320098
8103.65534987148,7634.05440701044
2848.08169807777,8956.30611722519
2328.59820732627,7718.53874935267
1382.58945081593,9033.07077018054
1899.40897957291,8738.85035046629
2830.42080612523,8431.84701082765
7043.55092101971,6336.18671824939
7337.23539632306,7884.23041908724
7131.77450254938,7993.04254868188
1363.28331417238,3523.2654267551
7501.21647731711,7776.15659422753
1742.76073958714,8873.92758373734
824.65131203045,3289.2687189588
8139.94982712117,7153.99783323966
5380.89779527338,7005.07356693609
1529.50073162795,9196.03262354964
7510.11069346993,8020.90854295869
587.551381304925,2980.62914901561
980.936283837872,3184.6814523939
1819.25306363568,8826.68604472055
6845.96663690088,8367.99609221802
1136.575898625,3688.86419141066
1254.78785251061,8949.72169039431
1170.90296398075,8622.53610446106
7536.09543252318,6991.6330690945
1260.26409563769,3454.45594974348
1439.72268268969,3493.23130752964
1491.69011040063,3615.82589578275
1231.51936411451,3515.80727636432
1102.61754976924,3502.57964880113
1658.92256775396,3742.46014206957
6930.10720785603,9126.4143387172
1766.13336522412,8790.7372831987
1423.20146441721,8796.2101628442
418.602016863911,2771.93744638275
1997.74177715608,9547.60703816401
7075.16851313449,8098.94965666619
1793.14429922429,8345.4612188443
7925.51811165435,7403.51697133304
1743.24838506687,3945.07967168921
1578.41346708383,3508.10614355963
7532.26302862773,8103.1133370569
1539.94635163643,9003.73030648442
8913.3282693825,7510.96955592994
7326.88667534293,7975.68548458454
7276.52341563738,7632.35033682856
8117.28989938475,7791.26557820224
7840.64682647687,6196.81844778903
6506.5163440219,7939.2548905298
8706.52806028112,5641.86946873095
1773.35600402572,8224.86515666918
7598.34738368276,8073.99357683189
7335.74261771258,9731.77754748335
711.70204489977,8957.38820005832
6327.73150224036,6582.67118979755
7177.0061098693,7413.76574760137
7370.34763056873,7528.03872289168
1242.9392586515,3727.35419591473
1225.92272463866,3653.43635431959
835.611170669868,3205.6925103664
1400.21456445568,3931.38739349462
7934.43784368572,8124.11072522815
1472.64403468576,8369.0727647525
2256.77886932033,3424.46304767872
3616.68637123755,3043.02162703451
7992.16727674837,8120.81755643959
1246.33754808965,3508.34745642724
896.953851204257,3362.81936947599
1429.44921065861,3799.80573311896
1055.62004235834,3545.53638370181
1496.42420960219,3946.58150728001
806.167131610541,3383.65581065281
1357.15973066771,3378.07354752885
1084.4210077059,9412.21404853044
1028.39630635119,3139.24096237412
7007.45764519122,7887.11637531751
7679.14991670098,7257.42726021926
3105.48786643467,9166.64547621114
7552.12502963466,7967.20141999128
1844.74638808979,8226.80497850552
1441.07509362876,8244.39722446992
1246.06811103024,3502.96909953114
1407.75149941537,3135.06169394334
1413.2237929855,3927.85713346548
7405.61947432075,7632.04015692353
1554.52593977542,8222.02167026564
8147.34799098108,6886.37826343007
890.980400673436,3071.45032201466
7534.76310454252,7244.42003649334
7792.99273259977,7300.40805938189
1102.96660277807,3269.11920485881
1033.74051657216,9055.13011603343
6735.63904563034,7281.06357691308
1078.20556167964,3309.76895587972
7704.09112521952,7611.52183523869
7080.47763058774,7684.72658628348
7673.7102752637,7029.2025633709
1860.78223946004,8419.1952738857
7300.67754310057,6411.8664830595
7355.51714443339,7341.8108349394
1336.91991386232,8891.69555876186
7707.49564540993,7893.41212132771
7675.7958818588,8282.74207394771
7345.52298870691,7891.99826906666
2703.60366657012,8037.15243345086
7391.98381129722,7585.46617296266
6634.66829646278,7603.53393475448
6293.14195794571,8028.56712306829
1114.91086808686,3439.24887079139
1516.84785551621,3762.83461254628
7511.54972246593,7958.24166333318
1034.11832304935,3749.63929895391
8104.88304398453,7844.40896510567
2383.87219838511,8368.72360584778
1569.30243328384,3854.0054040658
6665.05247285002,8299.69120823556
7670.00807083606,7299.30422926838
7359.69868112673,7553.53054358147
1584.41669848816,3486.24995966987
7694.28304041526,7677.56837659308
1052.68381793942,9047.88052482687
8030.58543158421,7859.0856214846
1636.38497518394,3795.14563046778
7150.59991416992,7717.71701358252
950.102826338197,3216.62382254083
1353.88451492832,8755.01894884398
6862.72262454724,7327.00508788924
2455.7715168798,8677.41162985421
7991.99739257412,7337.73675188245
1834.38807144114,4128.78817354777
7006.72541310242,7551.20307092112
1449.01174607817,7752.33908346
1962.94667333691,9174.94999426207
8634.037226553,7637.09665252235
7389.4884332372,7727.62283991409
7471.15299798507,8444.80640274869
1438.66724689075,3628.51848203558
7041.3812289053,7906.03709577978
1307.33067122804,3477.74678027222
7386.34613601925,6787.77648764616
8472.41030090548,7749.46038712323
7826.01776092483,7939.19932251576
797.638396549191,3263.88036846189
8521.49856313841,8208.45489511856
7899.15137933725,4326.12101733831
1518.83688317945,7274.8643308088
7707.48211219279,7594.6778816204
1355.18829071153,3688.61485901551
7329.59697336945,7057.77110943919
1419.94398459556,3589.1688335868
1100.46692932187,3532.25798884677
2015.55357413036,8978.30549457783
8032.96163145054,6490.06797731967
4513.82414451186,9007.73036099102
2051.54827196482,8177.43453318978
1239.99788739281,3692.56773831106
7217.51172009157,7431.0798260786
1176.37518045213,9093.10011423024
1772.95165802539,8438.61354585301
7670.91020673164,7101.13863622063
4713.53435186111,8876.95392414158
6086.76275254115,7755.31057256633
1350.30567698135,8825.0994512169
8329.12936746701,6929.24979071108
1384.70889360237,8927.97560733071
1404.49869057133,8795.57202738464
1882.02984685407,8796.51883925642
1621.57881263771,3782.8509386303
1664.54281581048,8931.42886694257
7780.49766344071,8291.70439408228
3244.79069984404,8935.34430673929
7519.89619714169,7459.7655150228
1042.61063424193,3898.90307389069
6843.39303972339,7661.41966854645
6840.56164936386,7695.39756605137
7643.51620698892,7824.74135995078
1743.41437085089,3377.48199267608
7521.99100415177,7271.72618177941
1163.12381361069,9031.51675640298
7417.26829182933,8149.58765196884
2004.9121630277,7988.03456816312
1650.45051959039,8762.32228000612
7323.09600721142,7500.51690334652
1186.20275555448,3503.61011295572
8562.33403309952,7585.28887820877
854.33990345867,3147.4622932692
7930.01314178859,7967.95015716402
726.416333207073,3149.61490092072
7746.36947642977,6975.78591750398
1938.97448905411,3758.86010138096
7489.02740170215,7425.41769653529
2211.74760908469,4024.33829432615
1618.31901165007,8938.38995125926
7610.28258741662,7628.7745058433
7854.58326159662,6033.13254835595
1582.93315627243,8491.16669649516
822.081281214499,3610.74290401803
1388.08036349863,3710.10373010984
7828.56608094492,7774.64428587941
5437.40076985239,8880.66979289965
1618.85312879949,4039.99457009931
1097.7661658084,9252.85329000254
7909.07445387912,7721.75196539924
1154.1397910042,9065.13782048598
996.303243979376,3532.31385596822
946.99712481791,3652.9607839247
1600.88836617177,3840.19055889442
7531.54993849335,7665.32029647838
8703.93027430958,8265.8240512792
7772.48128459966,6862.28683856109
2133.79176607964,8936.06277225676
7325.0949243151,7988.71659403168
8798.10007877884,4498.48241375821
7652.36524907304,6228.57754355109
6672.10797846799,7146.96176519506
1381.80890681826,3537.42865200929
6928.23777179649,8059.32881973787
1580.85813826384,9380.74713937784
8149.97114021274,7961.73924814677
7476.419930678,7554.79523516399
1694.26279813466,8175.70980402094
7779.99173626055,7545.69681325565
8046.23755029615,8434.88520697666
8054.08478317801,7731.99393429793
1265.14621005594,3401.67282819189
2255.65496423996,8343.30656250144
8974.10069170384,7857.00314364707
7656.43828519513,8180.89303670781
1198.00480859053,8537.06156686618
8752.98691251601,7601.99391058628
6719.52220076766,7228.69041023536
1362.0055414269,3698.45378950561
7812.22857633463,7592.12591666572
7183.5824151621,7028.67155693396
1936.39305888809,8984.35342222888
7543.89069073379,7767.48991371168
7237.04598461631,7673.18848161604
7217.67111009262,7809.68415606582
2217.66155086155,7741.68301732262
1276.87709981021,8975.68926400467
1190.72404847184,8901.71092661077
1854.3723298533,8700.71769740892
7578.22627082504,7448.76850633315
1642.32144011714,3732.92511219568
1017.75854750663,9440.57329391641
1312.72780456624,3204.22829611733
6802.99939442931,8353.03784672543
7354.93190350768,7093.65902684565
7246.53432978475,7654.01516697051
7172.05407063767,7644.61271098379
1114.55631614252,8982.38620276198
987.325372098719,8612.96397717583
1293.78899222583,8943.43967590038
8178.01406369112,7679.55092932765
1092.97472167489,3623.88799482686
7193.15961145694,7280.7686280279
1543.12742948756,8570.83958182976
1575.65525043769,5167.3895694243
973.130992278124,8033.87975585066
1559.82812111298,8874.82177963038
1051.42659143747,3526.74960621022
1523.52327512501,3429.72865773384
2557.19351085264,3303.68926928909
1517.86192744845,9329.39995994498
1564.11728826255,3458.9045858573
7901.89646597585,8163.2067574513
1872.39648056453,4002.19938014603
6998.04346837776,7401.31966630915
1115.82808889978,8840.33280103005
1651.42432827175,8970.2250387417
6632.83900594806,7874.23157426045
1759.11255360683,9094.7980163505
1498.01735396828,4285.67873517625
894.017204048866,8057.50623007771
1562.65815462889,3841.74919825763
6956.00773794467,7401.08377151307
1473.66751218757,9114.30705558841
7410.36634607461,7880.68816875147
1723.72579669296,8141.31821614316
7878.63177626906,7237.64726607639
1148.36258094305,3392.29513410594
8554.09906139569,7469.26068334226
697.292118735039,9056.64730873821
1674.84161055477,9160.39254964348
8631.62702352519,7243.51990727672
1386.33358211387,3773.23996635897
757.479748433671,3348.23008091319
9296.59488051968,6653.75088252925
985.93902078693,3394.63542500297
8195.86782220338,7694.59231137941
1559.4482357535,4015.3216971135
7530.95210622812,7334.13157708375
6325.1120643098,7038.60783354971
812.240656614708,3513.77005484108
2676.89549250322,8556.4922266165
8889.72753031243,7808.96717654017
1715.18353689716,9071.17663096638
2231.12807907863,8187.58247902318
6441.65861047808,6852.88891176676
7889.62710081781,7301.17630772684
2162.59606447854,9103.05975712865
6391.82540360704,4058.79373488812
2671.09564934609,7631.39205349064
7521.30233423956,8273.04726215939
906.155251731861,8701.70692213143
1687.34188184029,9217.23292009949
8326.93030690818,7745.40745307652
1108.90611475939,3199.46996655994
1285.51510151217,3637.73446543675
1765.51210540506,9291.65137527988
6274.05716311878,8152.39851665514
7627.51826818578,7450.56732914274
1574.04475294297,8008.53929181204
665.277320456911,9025.90051770692
6833.71631738624,7430.40249466214
1341.99116257824,3646.70680618873
1314.7368641919,3686.98579245646
1093.7184646315,4081.23073065818
1089.28355923734,3298.85444830883
2512.59771527437,8920.16407489481
1716.94276351358,8833.09613900124
8498.36759033408,7777.81779626006
1894.09340808553,3958.90709131189
8851.17519678109,6225.28909910609
7589.28337575767,8081.91547694635
9071.51525118263,6375.16148192075
1571.13358679375,4087.57913534636
5733.05277040239,8502.33451332182
8266.73368547768,6844.33985955536
1114.00326413819,3297.74420343747
7922.29019975208,6930.30634583105
1743.68355852456,9016.36350847812
6604.82957056947,7752.71327082747
4072.15014847584,8285.8909257137
1488.4143952224,8976.37251370344
1713.96741686965,3510.54183789987
1064.78713051192,8749.19559814542
1836.41010401377,3684.02067828698
1363.2593762559,3750.73811678744
7117.9905814365,7100.19681325036
2321.81322323221,9097.99962689099
2019.81224889207,8431.78756923182
5273.16074129928,6927.22742621369
1451.66518561079,8551.62363072249
7027.97852354455,8486.33000896064
1637.01668971083,3836.61638387054
2275.98436665391,8870.9194238463
1759.27404320041,3591.86202311613
1230.56323496323,3586.48120456277
1640.52394691651,9129.09103468086
1052.31902291088,8858.32777948054
831.668104432005,3262.85685971282
1234.25316875123,9301.25368059719
8750.71050705685,6301.12948412348
1138.82165324436,4095.29402449717
1827.32724664937,3756.52006140609
1670.58587070551,7782.73448022585
1662.241768812,9303.43789621254
1152.00434907765,3312.54678068497
7877.14783582914,8487.08668927983
843.946566290695,3118.895290751
1601.48217498522,8830.26124571286
7246.56133836112,8185.37500292218
872.139900559667,3882.52406368409
2027.82054212616,4419.30342255946
1741.25601043677,3713.45143231376
8437.47424196296,3439.1099232918
1741.11451192651,3920.87395040964
7466.39045535998,7342.87816761651
1421.64865043085,3959.32023091794
1117.13814224108,8398.56516393279
1709.37581458108,8755.77262815641
1447.62828974139,3909.55094029795
5952.91856419615,7877.97467177407
7878.52234009837,6841.62204003597
8035.5560380772,7400.4861521568
740.199345026518,3640.7227396001
1038.64288716115,8958.2737476704
1419.63366873713,3508.27534086127
1757.14293136867,8843.82955026831
6999.27341469547,9048.65704338792
8068.38132154506,7302.53500178281
1603.11267412836,8892.4940087754
1253.26052492938,3740.23797221744
6913.25039707795,6521.47551634282
1180.34351157774,9087.62706088327
2547.00572519402,8874.04640725356
936.372663928605,3579.52436307622
7791.81837718851,6882.89395618573
7158.12818634964,7741.28952613339
728.696981161154,2899.7809339723
1221.77162063115,8772.56703299369
1954.14885886908,9047.87615581444
1585.57353098163,3639.05226815261
1955.95673828543,9103.95155022687
7574.69988034268,6908.86059572837
7684.57569106747,7962.81117389229
1388.33249230693,3520.1522661488
1533.97360486353,9167.91911528952
1751.67098991539,5411.85871638418
7497.08074264295,8457.38338059627
804.435393808466,3094.23771060423
6303.05711721443,7110.96632098352
7466.18599489311,7719.91559442887
8808.08232404134,7434.70380782035
7039.88632712765,7889.42572692787
7575.36637121116,7669.47377114178
1684.020293056,3894.63499107289
1231.9184882604,3636.33715104833
7083.36925636469,7412.7883202072
1000.27443340376,9107.44351428493
2614.94306125207,8804.1881209174
3823.52632718142,4381.22605152526
8206.47615181013,7532.648207834
3212.3024401833,9075.09655600339
1404.85789652467,8673.41552697195
2761.55632773547,8875.3840145066
9296.28400813321,6910.19170975175
8484.06733803099,7385.73004412754
1349.49357116774,9266.56441940056
7454.11374737378,7927.34366113889
7691.91268979842,7449.59032989101
1006.89126549725,3499.99342128771
4558.97523556358,8856.92174964342
7610.14045873756,7894.2289132154
1322.13770479198,3236.04968467841
890.320642782566,3677.46500365094
730.661443045309,3438.45369100545
7294.91800138908,6696.57969874124
7020.06368691267,7642.76178657864
6901.56534193769,8233.02075177322
1721.84736826856,8449.75430689371
6990.98646180845,6920.54035640098
2215.8113613118,9444.47692143158
1212.25694325416,3744.90322876966
1051.80815926202,8326.37577160609
9012.16840094266,7371.10922189082
7444.71373546612,8254.51941052209
7489.76247661641,7409.648109027
1614.45808838607,9420.22418123326
1554.6016238617,3718.7161974671
1363.11588646394,3913.38772401984
7966.16237230165,7046.78736771864
7260.32339193098,8143.96052884388
8731.29346671976,7123.99116968876
6141.83331865369,7278.44936087006
782.917567688823,8187.57860626503
7716.80111512806,8032.95395717841
7388.42236834311,7728.95672347873
5524.28247967909,9107.22780647986
1533.46832025798,9716.09871764891
9121.33036824794,7724.47501976194
6603.10342080452,8213.42122157571
7643.79422613585,7487.21940459812
1734.78084473855,8796.20054819902
3625.52159396531,8355.92772305229
7709.35352990587,8328.06163638353
2626.49123174789,3719.32232130693
2287.6975365478,9642.09225907777
8531.482003533,7201.26160793208
1152.76993361458,9124.5256962578
1630.90500891099,3500.28036489381
1368.98939568399,9043.32269629678
7586.50383987978,7064.50628889589
1280.562121768,7969.33013697136
2088.63502462458,9091.28168709544
1060.66077229089,3305.31800870571
1501.75846404374,8586.52842753035
7156.08467685575,7780.10827066234
1652.32266798054,8021.31839853931
6750.45320305721,7977.63813821125
9269.95102674052,7667.50954335712
7283.93164881867,7211.60542646154
1167.93679510823,8086.4238318866
7273.25944562393,7535.50600039554
7206.83744741423,8187.80243987701
8925.73098613251,7732.97322314957
7866.20972378158,8703.08499848665
818.575361942232,3244.3400337187
6943.08781247409,6400.3979308847
6469.82894925616,7200.94337645275
6688.8796334941,6755.69369882661
1682.63000995661,9096.61747569827
1752.16961137206,8711.26935782125
7958.72760225228,7956.5022772186
1808.18078801432,3598.59715599678
1276.89465486897,3587.27754374559
7640.19308912481,7168.57761725052
887.83282386738,9350.97054403527
1154.40780597373,3320.51166555214
1442.45954826105,9200.09920521572
1736.92335231314,7408.9673292057
2129.19279938925,3483.87034008966
1210.2180023778,8933.45861223184
1996.29424269289,8303.62898952357
1484.7678826379,4139.63878783469
1040.73109651705,3390.43012442375
1019.48625878774,8708.43448837419
1054.75250608964,3573.59579549039
7166.76427192855,6974.95463759757
1145.52782432341,3364.51754882312
6752.76684699452,9032.00689692249
1263.12465605444,3703.44911016247
1307.05889825224,8944.3488044927
2318.86911688217,9074.87729104941
8024.54429049395,7501.59566385362
8466.7058526161,7897.60056664765
6903.31832880553,7966.02801279188
1409.25084784593,8854.2933247348
8152.69718324402,7450.36500473795
1526.97623578758,8193.89880596288
1978.3539195048,8740.08365524926
972.318414194401,8965.1958643255
1780.41063651876,3593.17120597455
7352.06471203241,7237.44477460032
7889.80891281991,8224.81850680987
7391.15354533816,6965.51244663246
7593.88254122928,7974.05674539317
1164.0404938064,8660.45612763538
1091.98381146878,3544.04144353661
1425.35966941528,3724.42979232945
8150.79608194002,7551.30823010481
8463.08341556362,6675.91231080418
2163.63346461696,9129.19917058396
7099.94599873485,7142.52105042065
1417.61554343558,7960.37756980443
886.055552591796,9103.77499730428
6743.06109485601,5356.76585436695
1218.42316246007,9058.91878940675
8038.97789921624,8190.57061736772
7545.54088501718,6745.44950547984
7146.51028712244,7936.93971004365
8121.8913153706,7543.70385121918
1415.27758731475,3608.4182054039
1786.94778773613,9394.47719118403
8308.72525843912,7219.2152874681
1666.46330826869,8283.27490604733
1794.03687507484,8821.89744079875
6637.97629255321,7357.46709089362
993.010013067849,3261.54605834028
7152.96578933371,7027.48840306704
1148.77959460514,9013.89236174919
7576.99187678807,8180.22785108882
752.003630099868,3161.30115566252
7753.14668846598,7091.75833749175
6222.18901409484,6792.42017948853
7626.50946666267,5453.46737584049
6706.70667521104,6946.01626270368
1840.51848582584,8733.3344599199
6710.41892454298,7227.11987449407
2777.10850933363,8853.96167162199
1747.00733904718,9441.97641086104
1767.53644941284,3420.0522437603
1685.9245998892,9060.27200912083
678.930721802495,2933.74913005719
7573.27728700205,6654.55118626515
1759.09331723653,8848.04260957619
1594.25630080175,4968.83041120802
1255.88588696551,3094.8951510382
737.749334401218,3390.39649621688
7109.8590420671,7554.40046490487
1650.41646007564,9035.44123096704
8757.27348169372,6539.84719800841
1822.21359960697,8642.45354659181
6249.74939583027,8056.03067042616
6857.68641384368,4535.80640661942
785.031017560072,9091.07911350716
1080.88659184793,3255.807781623
6379.5945434399,7484.59510243493
1766.90886124151,9152.63997963549
7133.24965404155,7313.20609499862
8336.11994266716,6362.47240092846
2415.49622178623,8311.45537735269
8379.87413434909,7859.3309679522
1090.71764405025,3624.71187187969
7963.03235532435,7694.52687578671
7780.4521586341,7223.54467301686
7386.34917143146,7127.00883930108
6747.18580019129,8186.83801062515
8462.29106748395,7636.65916665455
7607.42865096634,8033.03983571622
3915.48953781877,9315.5746241485
1770.21447097191,9534.16476317411
7032.03627077778,7318.47084091451
6497.21478860971,7366.93695128625
1299.08052775766,4151.00052821311
741.658679626664,8650.31329513595
1248.27301311304,9097.50473872094
6889.64553669695,7165.32225818825
1325.62219397679,4006.18613560259
654.52288281444,3212.11126414165
1544.60972975151,4024.07153593541
7951.64818022534,9287.26631098104
1508.3128447043,8699.76690902501
8213.17063405956,6981.95537052605
1889.35724729175,9010.89985606652
7810.75441838681,7156.67715323883
1754.10988079895,8701.17070053089
7119.636574015,7401.8150471198
1927.61574731996,8836.11034266329
1951.83861397492,9086.59294394421
7910.90123663156,7210.89014588459
1208.37896451437,8440.15041636115
6898.39039450775,7214.07850962393
1671.22030345922,8707.14682576934
7028.29979658212,7490.42235974355
4943.49569956017,3968.79011057956
1124.00871144341,3441.35773241505
1420.3962959826,3715.87071131887
7215.57898083982,8005.31593587131
1461.04835289266,8902.14468215294
1787.06455089879,7302.38689622967
7341.33169451424,6997.73317036187
2130.3107133442,3272.1226362929
7456.30271735288,7588.65850040263
1862.30449896986,9196.84001418577
1322.4784551502,8883.79425426244
922.265142019354,8631.846266288
7834.56179598687,7342.76762620684
1287.12294126928,8197.98584820727
1144.93251646443,3681.52090795069
888.591754626159,3421.08684427086
1166.59355341769,3543.78468115818
8007.71602897082,7226.87767186612
3292.2472427606,8693.69849994223
7136.26792662059,8019.16296024671
8245.7708578079,7819.25560448658
1457.48220522112,9350.54698612052
1898.27891681377,8678.08670405972
1388.96533330689,8103.49240593332
1472.54077008679,8925.62578615434
1664.23959665128,8982.84293752692
1341.89964295564,8751.44236853268
1487.23242721571,7751.42509724325
8106.65459361459,6433.57375708648
8166.38854741939,6563.76214323598
7633.96643016361,7276.14123993304
1341.44463038077,8961.17012312305
1655.83855102018,7885.37229264202
1796.99402903777,8920.28185916058
1269.09223565242,8570.74767673471
1437.95510255186,3699.3474835002
2000.37654383045,9078.73767268343
916.959434900564,8947.36215749474
938.525762710962,9304.97087267928
7607.2799029547,8085.52863008557
2865.11420218144,8864.55093719983
7297.79675446044,7139.53535589602
6683.87285977452,8348.55207377491
6624.30500721935,8866.08165688821
1233.65451277446,3629.81487254158
1170.51826697562,3562.02799269947
1093.82279170135,3559.26507175245
1373.20838723373,3806.51241169875
1215.64681433329,8913.04794631236
7911.18064366843,8422.13163716694
1257.69488831557,3537.03979214369
2208.28845041693,4131.12895783409
1525.79284903755,8962.94188197317
1479.34777692193,8805.51581657862
968.677263804297,3244.69572943597
1825.6462635523,3816.04216333546
7486.88295970204,6682.78829418853
1152.35139295286,8960.31065034718
1368.17780328234,9254.12134351856
1948.64293373237,9187.48596021383
1772.68201853157,3878.1018367193
7691.89733298654,7546.71488440616
907.057555135328,2974.49460216963
6413.65872847389,7517.91371257092
1707.28482553199,3920.22595513471
8441.57635538305,6448.43131719633
1990.83123794869,8964.81276969732
1975.00353345533,3780.67497610295
6890.3735749632,7592.1289738422
8386.27842493064,7467.31459763933
859.11188117156,8959.25879528845
9308.54512974289,6956.36708358635
7729.83774588108,8149.62510992827
560.573235239496,8666.64068256768
2140.56960797805,8671.68825839843
6613.04866731084,7960.14109404278
8089.88714636262,7898.1910382287
4271.16150071054,6568.55192651229
1394.31561744773,4187.97948600174
7955.02024443478,7672.18983901127
7771.39574286234,7844.10966660665
1254.81209001943,8232.48976300081
8000.20024189193,8902.34136196318
1149.73906191129,3490.31532707418
1517.82477918828,3541.67838802787
6594.51581729792,7438.57843535105
3303.20706453408,8855.12547482915
7039.25092546541,7968.10058117008
3045.00592667648,3955.31013783502
919.574686547987,9355.88738806255
7560.9682901682,7695.13906120128
1949.09230595895,3978.15847896603
1595.17828252413,4007.16517674976
6646.53655733666,7140.21794628229
1516.49506408714,3635.80633928022
1338.62009988548,8951.91097168964
1861.27557587003,3621.47700963216
1207.9582186675,8918.2098288663
1009.57275340117,3464.01156828935
1210.95147131639,9167.03664683158
1154.15511250448,9125.80156700278
1124.76438574311,8192.88484495471
1296.53493624184,8986.10558016447
1359.78355094862,8987.0078046111
1099.61920089743,3142.82705226736
1097.73994128146,9407.79855362007
6560.20931588991,7027.39815834697
1702.0126795325,8552.81820882582
7397.31239277035,8119.71979929626
1773.41245908859,9369.81076610378
1774.33466762731,4008.38497616089
1134.04743025179,3466.60636769418
1600.49713678625,8596.02081510952
952.135999976296,3622.87287727951
1661.47712778783,9256.80691814182
900.914045186294,3827.84495794627
8250.57183437999,5339.47012288569
8161.52997969612,7653.47037422711
7462.87209150311,7789.91500140851
7195.19170843558,7423.0455741236
1671.98016376856,9155.08381550907
1052.26409908241,8739.40205101623
7589.08785770355,6251.01538212869
1493.68861104076,3657.34669618732
2146.44805770986,7305.77468894208
871.494410264495,3434.57911394641
7089.25672926134,7909.7332850229
1310.83065969904,3632.05940605548
1826.71506962635,3399.04305475826
1196.97498807864,9204.96679895763
7430.9351717495,7363.17061967897
7387.73184092592,7161.57998602161
708.871427435456,3364.15528118183
7260.26904967199,7489.96391951936
1301.78588621703,8958.61304107772
8412.87101513232,6663.10099944875
830.882242576225,2891.02637183857
1169.21126431584,8819.66511058024
1098.82246302119,3278.22164560117
5269.55186871727,8755.33508179913
1217.76781597204,3612.40782498789
1385.39604437672,3820.51711516361
7967.55046833396,8323.96156721331
1731.39047617489,9114.65944129153
1049.62654419397,3214.62566014458
8172.87362291503,8062.29280640245
676.444049643166,8749.08999735843
8340.86190563297,8033.12508783131
8228.61875611001,7420.59458000499
1195.47440013869,3942.05683801546
6993.14203981749,7001.53461669667
7297.39392069273,7942.59686829387
7218.73970512588,7291.80980614556
1374.99402666899,8262.32033389071
2097.41078929042,9191.96319662347
1377.13388907468,8420.11876793156
1381.22083841402,8960.35917213107
1518.56391220354,8779.09213703564
7559.45764615063,7743.28348477733
7739.47078288067,7394.89533271554
1652.70869411988,7905.12720170629
7225.25164042019,6204.36809491598
6785.88931285223,7328.34560523497
1176.88531021834,3271.11431390213
7371.0584085379,8232.59277773977
1497.8660298125,8742.62028010165
1861.74485129269,9406.17823014157
7347.61257786543,8450.53950420679
1354.16338935788,8853.17989019081
1188.40600364207,3659.15155223489
7233.7345775168,7155.93839684244
1040.87661984706,3744.51063593766
7316.20981245437,8410.17348246277
1634.20137379687,8894.8773551735
1830.93054662678,3736.67544287713
1518.41936157658,3902.08528962099
9111.44115930141,4659.01379586941
8022.79880364121,7742.80956958577
1849.52837770956,8829.43049861401
1196.20415961287,9097.70428739665
7693.62166250987,7679.58354423804
1007.19612040948,8947.17647124064
2173.65487170438,9069.69168905454
6347.74198339946,7447.08727292616
7840.93558039457,7431.0111257191
7326.17580970862,8202.20959585454
1276.49604681209,3549.56533557685
8251.15945437236,7325.70795752601
7874.97877610052,8321.03978059409
1246.20786731795,3872.54707991994
1684.95519646186,9171.27131083566
1129.04234141357,3199.0820717946
6644.5425528733,6985.10830852446
7478.87769060108,8346.53951817735
881.840122431878,8950.39814567969
1036.6601578941,3384.09168323388
7363.37747703523,8454.00771410773
876.03614345411,9193.44438732323
1421.12495382484,8609.60363364613
1752.55539780892,9215.81355574539
1670.10174495886,3618.26150888656
6945.48576835426,8157.07937232932
1588.29768370451,8807.97104273901
2252.24545239579,9262.68517182019
7301.04337897012,9013.77165366439
6329.05396728735,6940.27263648065
1384.59051589607,3786.33810895053
7418.11955615366,7699.50370357301
7673.32032139379,8506.03182364493
1925.66077452123,3619.7457858309
6898.84933831307,6717.06969830094
1779.69687603467,8343.17072526389
1699.57036140236,9133.13760613602
7126.06767928319,7491.43423096648
7292.53296964227,7728.27390193553
8006.9931596731,7164.33388518137
6704.87895391495,8190.89351915532
1336.72007068562,3175.38578663277
844.08254058498,3370.68650788408
1286.91558293254,3680.88272392482
871.359774508009,3492.61316151626
1309.69793653372,3530.85227589457
1397.50545237328,3816.11816466703
719.66189600299,3023.60540108696
1518.08842479888,3624.29022390952
1534.47608364921,8678.52109021725
1818.19015985373,3295.87343163998
6992.34204982815,7619.6474210736
1508.89052921195,9420.37417612526
1473.9001054537,8225.8956766602
2517.55368095751,8431.21367049197
7624.50981506488,6553.28768459865
6943.0017025425,8043.52026966569
7055.59105678407,7446.98810128296
1095.2036591616,3298.25077717295
1860.30946464157,8840.61900482347
1582.50528231201,8755.81697943344
2170.62942454287,4176.38414565376
8509.50483777364,8113.98037911168
1916.96517873458,8901.28610384482
8333.5555451837,7579.36117899384
7915.24893525889,6614.91358135021
1201.1642813291,3553.26469704022
2215.97302837411,8785.90310390439
8279.46052473601,6995.55474598158
2587.50870269726,8784.74122462304
7741.02172636759,7274.67064299309
1501.10862134041,9211.45294981882
1805.70096923905,8693.53534612633
8006.20670975969,3672.6912392975
1324.65273735464,9116.2676824606
1931.49959639774,8640.77503368418
1407.25318721606,3741.10867275293
2146.58014364096,8434.98416194247
7080.11213384154,7895.86445878705
7538.18473408716,8212.39380633904
1636.64879048128,8975.77402034195
1544.57823868455,3306.71407024395
7704.49496907247,7445.24858380893
1893.599024327,8852.92968198474
7355.5602855176,7523.02573031184
1570.90051993868,9054.98931852911
632.898714705982,2770.23081901421
1223.37642209818,8861.99118308049
6898.82847401092,8035.34451484915
890.317310111126,9046.67203037364
7352.58074427958,7796.35406553566
7865.67461721796,8216.17597424092
8139.67906015802,6385.31890979447
1909.10070133731,8692.36452738923
2010.32403791732,9098.80528148851
7746.90161260939,7823.49782674804
1973.17923761878,9003.91531083497
7249.04695035617,7752.45509505668
1525.44252424995,9006.97970217479
1173.14934913647,3351.8020252546
7241.75409063264,7481.02058342699
2249.27116271566,3684.04065426171
1018.49183357709,9134.70850408854
2109.87166808569,9151.94505351552
8300.64754185832,7395.4423552932
1151.79977267721,9157.3427289937
7537.45389809232,7258.81364977108
714.844725367805,3403.94481557367
8209.79418548297,9276.80475177829
7941.89298234015,7911.62807311065
7652.36448163123,7830.14896727782
6901.10058804599,7405.54570374042
1390.4212005049,4134.771597062
7806.45668217751,7365.30179891033
1083.34157902989,3451.80386150827
1373.03567301026,8822.79143401373
2861.39023648375,8385.7940497739
1623.61103115522,3803.1190282232
8244.84678566395,7411.18745819919
7124.7421100598,7233.73483368728
7424.34864315567,7701.62653949304
6777.48741145193,8076.37431189895
7401.96078003555,7516.39145196111
1482.2441145728,8941.78839536716
1530.62188799156,3607.988638582
8287.58513270994,7363.02929802143
868.831697228976,3115.01771861599
6583.22878442715,7753.7978989164
1440.65140767162,3470.6094283457
8602.52631522402,7125.55241934816
6181.51834132365,5574.32853554079
1424.55000363619,9279.57823111105
1873.07879064929,8665.83462253332
1176.00063684565,3498.31344130189
2341.88017424683,8110.25001371812
1000.88000716521,8807.28628577152
7968.83728299863,7081.12265339384
1642.15486474665,8884.40797478966
7165.40888420747,8054.60500380716
7031.80776760473,6434.76481961626
1468.35704167845,4129.12650522987
1768.5127716205,4552.07270510559
8827.30601573291,7053.1026615231
1941.78750104791,8182.68869565376
1302.44834172552,3103.65530933548
978.437268436342,3458.06792266811
1519.97173762305,8759.35268717814
1716.33976553264,4154.28837839456
1613.47571050254,3948.25075529596
1097.06380107732,3258.00626989273
7861.38534433123,7956.40247282959
1321.9235182019,9091.66169269984
7811.9971848005,7071.9059816686
1573.66691671069,3384.97797476256
1036.59587825029,3250.51785198103
1179.56776714434,3465.78035967401
7085.65347692301,6992.9408946144
1079.63877109378,3446.74611586301
1301.47257423708,3369.67333373026
1563.67881454042,8743.99990908136
1347.11354987164,8416.99501916849
1383.60684180071,9087.28907214419
3150.88501869712,4001.16182950373
7858.68071148062,7711.52707119306
7950.91817290833,6655.19356097308
909.180052388767,3479.87950103917
7000.88735964204,7636.66156844161
1699.12616715467,3994.67298762601
1447.08325254002,9031.22297152484
7927.75752703668,8376.32468080989
785.418123318915,3462.54163027693
7644.76626137996,7820.84869087598
7284.89473061077,7514.47555689338
6786.56871977268,6545.98401215082
1976.92907664902,9055.56428283708
7636.45907021037,7385.6995340579
1593.72186496265,8215.76583204545
1728.54188251168,4593.41136619785
1354.0918447493,3956.18617956276
1249.15208575074,9100.87420440336
7430.22518092162,7575.84476704236
7881.68208902118,7912.66309465457
739.239455933619,3001.55266101971
5969.68618825072,6458.15354946479
1253.733303764,3526.85475760695
7678.57751222128,7035.10761331997
2482.23808136426,4024.97371117041
1456.00694772792,9287.27286792355
7440.68258296184,7687.73652779328
7596.8790549802,6997.86528499729
7503.43097334287,6716.05090375821
1021.19579245918,9247.69276252908
1910.44539075714,8940.8306319814
1580.85308688773,3482.03852916221
689.967393875496,9280.80208138469
1366.31882091467,8844.41752301056
1074.44341389316,4059.66518477289
8804.68631592878,7655.32363579998
1520.37536969852,8955.15560546998
7779.93350741807,8221.21352701682
1209.06070949036,3616.29925180128
1325.79845934965,9089.80332399233
1758.62978968772,8890.24947123296
1345.7041078145,9104.74554017656
8165.25047079966,6913.2119573833
7807.53188816925,8207.24166724066
8522.43983781929,7151.74842829242
7541.22137136441,8353.12585537524
7144.27641482639,8015.92016832363
9102.92770779468,7177.8107436547
1256.39719949239,4036.5877156839
2010.62004980174,8190.32792595315
982.56026917729,3374.00437542218
1629.43488739725,3505.24726866802
7448.75904169021,8386.67125689613
7290.14944421298,7298.99662699394
1118.10564319113,8997.46858176681
2454.61981258693,9104.82636706324
7805.95630921381,6873.32840301438
7079.63571370989,7941.79300279151
1324.82088884917,8222.92323017125
7283.72424269778,7895.50049886508
1210.5808408384,8968.84029093765
1940.16555252562,9222.91522436433
870.653721663148,3179.64423796032
8683.00672808227,7103.50119583798
8235.27745816577,7557.17296608055
2006.64511893031,8676.97546860203
1142.05403584798,8128.49025144132
7801.77230059883,8483.96166859646
6346.30067633454,8041.93090259539
1531.97220693795,3522.07620920945
7674.76295269732,7998.22228037799
868.690870031216,8825.68593819673
6856.24733028249,7400.21191585676
4601.12206118688,8488.86779413505
1116.29119866709,3596.64174392624
7577.24719436196,7048.44308686158
8251.69384550739,7538.31437383011
2494.51094008493,8637.63475919862
6790.25902255565,8229.5227213816
7332.69400804181,7728.00654642863
807.688012285599,3443.07499129219
1664.09686815379,3709.79457183861
7663.92007722921,7636.07268470452
1001.43039408389,7433.41508560518
2255.35990866079,8584.72024816565
6858.3258005027,5290.82142100509
1389.69317929625,3388.43483773886
1189.88369382664,3305.10823236324
1675.77523183168,9244.12583886507
1915.56730870423,8356.92885189676
783.295046464284,3559.26156667407
7625.63250364638,7638.43098712264
1966.7140748755,8632.99576725619
1472.40575033693,9179.24734630751
1966.41448035992,3896.31949515414
1515.21707773176,3522.46251478072
8614.52818079623,7495.55841711987
6773.57792610873,6364.277762406
7495.7178354793,7080.5201581192
908.209507308478,9156.94695239157
1658.7871140215,9361.4880677749
1555.18745416495,3820.00643165538
5187.51197745516,7423.92057860378
1035.87172257932,9128.80905633123
5059.63708346837,9072.79767745347
8172.0919005756,7840.17993817837
6085.83139862585,7678.27630636611
6605.55456439177,8067.97239112894
9310.33663562253,4946.36842824176
1654.70140662913,9156.71337292194
1696.10043366756,3760.17746393272
1203.27817238509,3476.78706147662
1337.13854310019,8282.34153486405
8319.74721215822,8051.5144917724
6851.33100535133,7851.59592138604
1826.22312308138,9212.48267780683
811.920943763747,3522.9441443976
1530.11193357802,8512.96929867502
6177.44456784552,7552.20996978854
6841.04131703094,6648.13567787999
1332.00277871074,3331.34913645722
8268.02763080281,5966.22213771688
1589.37248300041,8446.75683083002
1575.99953149207,3903.28089325609
7283.50060561171,7305.66857985945
7817.72383667032,7671.32792118724
2196.60227968619,8633.12654552727
2865.92500171363,7931.22760756391
1842.62923456633,9028.68245655413
1677.41529673744,3557.37077162063
1587.38202222246,8050.08131426972
1012.65478355256,9324.52711807327
7891.54275484131,7935.65783650707
7223.89397092203,7449.02263430564
7402.25161024759,8243.75977721939
6730.16528434532,7650.48501496513
6388.20254485947,6941.25225218348
5632.92659760683,8195.49242081863
1122.16432272929,3188.3522211522
691.09487464701,3137.26536642918
3113.32653263815,3585.20791618781
8355.86345216856,7645.07696604533
2926.13951198992,8942.7755006764
2004.28237883715,8760.46771857965
7330.85547054858,6580.12702951542
1084.68300586882,3281.4884377264
7596.84279288541,7749.10492580706
685.76548012132,8591.4654408004
8347.55923448157,6898.34962802117
3116.39309968875,3161.0867947028
7291.29148511067,7470.17901351901
1689.32964749195,3730.92244127468
1550.04898087124,3824.74254735334
1721.07313387044,8923.89996482301
7044.4749223965,7584.07487409241
7977.84261687962,8093.20276320043
1420.9675902834,3693.78532082612
1353.50287521713,8300.86352463508
8353.11766007981,7493.21612232705
1378.75762931112,3529.68912783889
2192.08578876474,9015.82071491627
6731.39813193067,7724.8532614991
951.449491238211,3197.32748552337
7522.53574340743,7200.32233003058
1380.99017007917,3680.22221769411
1651.39726790054,3821.54273498394
1622.92189277561,3869.1579248144
1295.03974997012,3812.59234465364
950.094728866192,3891.41409277581
6739.15132658245,7166.08454025375
1144.46944357644,3301.71638008588
7875.85667059991,8057.3629702291
8816.93772955076,7605.95251866221
1181.21363862697,9202.11013369498
2105.68845844648,8057.53048402199
8099.96181597657,7677.69255076222
1446.86734458015,9314.70358180355
1675.0564227489,3816.60455487309
1867.91229662654,4188.47162111552
6472.66754666994,8037.72033256423
894.679402250245,3134.10294795766
1850.38543804887,9022.51365610229
7290.41770518717,7575.08673764683
1121.98716739082,3632.66227603376
8343.87303416948,7416.66937082575
8104.79897544757,7316.70245740519
989.457744915126,9358.37123021475
2583.84862013927,8899.65571863662
1555.67174536937,3445.08074414652
1795.70225897135,8882.48413572219
1659.18824921076,7593.00983119704
939.062033168868,3207.06788185757
1435.48647878466,3635.62848886013
7331.40312197621,7940.28073663081
1915.49636772431,3656.27411605146
3015.42883563228,8625.66812677123
1621.34323228098,8658.97383631661
1637.13833250137,3927.05857514924
7326.7726431732,7939.71809730812
1657.39636738777,9088.82000908302
1524.89287402386,8995.03239570714
1526.06848092033,8890.9561552367
2070.97639448447,9206.11842025896
1879.77390521394,8938.74260942233
947.512636020664,9020.30311474467
7095.25297600153,7325.62989689899
2004.39340506255,9172.3650972126
1676.30856953342,3799.06894576818
7212.93849166573,7697.63607848934
1805.0892703497,8884.40879323739
1702.87300983351,8720.87684626277
960.908899685686,3729.90820212137
2358.8263212014,8945.49218416768
2182.49430086133,8888.3030788954
1775.93583962968,3845.0608839952
1256.66725026292,8929.10613147542
2092.69329833874,4520.35526659028
2861.92862247092,5858.68852431466
1064.21799337619,3583.9241711544
1626.69126302483,3791.70386197405
6113.63167497178,7745.79304707211
1244.42140908419,7154.60115334988
1295.87996354314,9067.23432084172
1216.93799949789,3508.76203723742
1146.75839782694,8563.54577038265
6591.75268501634,7308.30526862285
8076.16156544298,8071.14364504417
1018.39127209045,3147.76531764907
1808.53981900378,9182.11116188248
1867.39547555387,8684.732117315
1680.03047882008,3615.33574168198
1673.18713499519,4487.41572985248
1212.6048307174,3915.40635012086
7308.74381327319,8266.90783273381
1385.36333773491,3154.58352323963
7109.14947755802,8114.95433643152
1614.98160671595,8821.29113354522
8497.58252329096,7533.70940018278
7894.17381293691,7331.2794223213
7458.33991092155,7834.42267807937
1742.52284276897,7833.1473412855
8257.68640484139,7685.81626527941
8074.705504431,7757.37365380192
2383.32806083289,7806.46069928885
7500.13419713607,8101.53661643598
7495.56898233029,7916.59769330181
7362.08925551469,5044.07700392671
1505.60122831305,3452.62067193538
7401.09959958445,7361.74281444766
7577.78847141983,7971.56830800834
1424.27077519428,3782.91319958122
2335.84728573711,8889.19795246099
1785.70794380532,7619.18133257714
7684.77180359458,7137.35846912277
1628.97600243684,3593.13000548023
1916.848214755,3489.03743494817
1612.27889386312,9045.30838329835
3195.06776250275,5564.25157577941
2025.90051888372,7913.52371230096
1416.04612050754,8723.35295269915
6710.45108539656,7267.61979475144
6436.50755270251,8229.71491072592
7530.35078680239,6946.43823863435
6598.4334690825,8392.62454887036
8102.50112911969,6993.22365434392
1097.49144571364,3330.70664867869
1073.70501678619,3171.90459905594
1992.49371302556,7957.78552219989
1282.55224234156,9158.29372523163
1151.92035740576,9158.93640080767
1647.38454670567,3446.50439052365
1400.39372530578,8517.48271914552
1164.58482017835,8703.38125724859
2341.57334704737,3690.94598633108
797.846122713772,3055.67938038125
7404.26944749655,7381.30158773862
8111.25492259709,8307.45408075071
7752.45318657893,7522.50388717187
1635.87379434769,8916.55457441236
1531.71363034202,7901.44495248078
2315.8093311593,8684.48865797051
1803.08694788126,9009.78995778138
1541.77576601642,9124.46395424305
2305.33235761393,8413.95860310907
1308.24149664804,3609.30453801379
1697.65360353013,8824.7181027036
1899.50098927151,3833.25936135223
1532.78553525445,8562.28763166976
3610.31493585,7795.21282501161
1378.4154051194,3767.94178801619
7526.15085706597,7493.17148063515
8007.78728782095,7122.389943791
6877.0981858146,8092.51131559114
6666.40915977809,7021.50468506532
1109.86622205016,3304.51682162861
2025.74302806075,9316.32685434856
6755.58326355374,7832.52888825027
6133.47900462943,6436.19291825113
7030.13431114259,8321.75397625618
5734.33712543221,9003.49146053682
7094.33348331159,7198.77275684946
1537.38726893261,3636.85081238984
8312.99579133771,8385.90315362128
7509.00456139545,6993.89828008013
1344.04552929468,3864.30356968142
1018.97627870357,9217.17480174986
6987.67172164785,6858.84475864097
1384.29411682744,8047.68841618668
8066.80152033158,7813.90311502189
2181.055118919,7623.76120471521
7718.01174209308,7356.16672062512
2546.9069148587,8988.9007867259
6548.45911949313,7740.02141566333
1449.40418069749,9056.21246966176
6442.71696921903,7235.06120371561
1399.9257176722,3643.33134011529
1482.07680845947,3955.35784701825
2693.30024636696,3586.63727577798
6810.23723644549,8307.78715777362
1832.13946485176,3982.70518145635
1188.56751668982,9098.46609945858
1371.80436407972,3788.40123506684
1273.1412210126,3475.48526121295
2734.92556594882,8143.8299436358
1583.53017246967,8759.3192993933
7816.57490319075,7921.97884961785
1408.75295597296,9237.65723066265
1359.03142928439,3710.23924385655
7000.30419033491,7836.97933246833
2465.33400693155,8502.68817358146
9242.48147419423,8078.10064548646
1724.02181118305,3775.50406676298
7252.51273022866,7843.93225461572
7761.68976443523,7509.84442441717
4080.24768994711,9044.43941814734
1356.58310943607,4052.06636655061
750.790679457724,8872.40349512917
1523.44121005557,3651.4350658528
1796.942537478,9062.73773748932
950.214643089111,7272.04186923113
1035.72450118387,3432.30977100829
7827.00820448553,7524.52811413826
9001.23014137273,7861.95989642615
7456.46028631432,7208.67979345456
2200.4332685744,8296.51145100178
7026.23525871794,8018.6729671739
955.385257392744,9202.95738569568
1362.11484900632,3638.39413773271
7425.59001161042,7791.09359498987
7003.36487983333,7682.10084905241
8281.92032495863,7918.63997187443
1385.69480471639,3633.04963188006
7799.75323538962,7625.67483748973
2119.91578737562,9260.91300796303
2205.85677103642,8725.35593630302
1533.14931439681,8979.13174898075
7321.04987829455,7366.68310398148
7252.58346995704,6973.23846957703
7048.80184217748,8208.37869619697
7823.17912020625,7936.13836885541
847.952686703969,9015.12158451687
1927.93067992784,8179.05004815817
1249.48401862359,3535.41170391878
1267.9464946006,3309.70247719418
7919.49696294339,8330.49306616945
6440.5752540574,7949.50163416955
1330.98398270229,8817.09099095725
7596.64624764826,7782.71082617851
6374.9053691571,7363.52991892621
6614.35450331107,6930.07318980972
6440.46334772254,7892.01671563483
876.316478752126,7679.90163503251
7247.07749783911,7949.6380987031
1799.78166905168,9280.27388922802
3187.96727455333,9151.6332351806
8578.80010263883,7226.30199200256
1330.23909476389,9076.2471110765
1268.74855816139,8198.44481567302
1442.15455990557,3767.43580115516
1496.15614844215,8867.07358465584
7846.94200804876,7956.2445117654
1075.21370870836,3493.90763420925
1551.07915882129,8834.45823199109
639.677428032679,3522.34620925765
1594.86160801273,7554.70587940486
7795.23284227546,7308.49624442237
1798.55486409303,8604.53751233041
1363.62222096883,3978.10109482867
1870.0997993611,9206.13716444112
1049.5245286917,3758.69458587825
7249.25251193615,6361.94757601273
1712.80481409001,3740.54647955369
705.629250568704,3223.77990388739
8514.83787822398,6078.28935131719
1242.30403054145,3909.18331135611
1852.14395257834,8749.05355515437
2124.99112394324,7590.51411789788
808.793836510194,2863.41807225877
4204.48877498793,8293.56926015974
1358.78826551421,9161.5237645681
1129.80046843419,3489.47653783345
7087.2491358169,7960.08857762513
7880.97724598824,7475.40893092595
3939.30960283392,4045.66444191434
1565.83068247893,3768.23657101484
7651.02853562011,8427.23900213663
7883.62353519212,6982.48344928212
1127.4832071653,3305.7417049639
547.44314361317,8837.30738276929
1306.23303820595,9460.58369507444
8773.16820777316,5243.68401622484
2748.93334946856,9207.59523083265
8167.83463135555,7023.00365765614
7528.57942798216,7514.19760221983
7800.00895954638,7575.52910112702
1037.40485917423,3430.04514096018
1084.92355099232,9026.60799808443
7479.76681972751,7329.5837288994
6822.7377104678,8202.87718869267
1082.7981531461,3265.81829803694
7898.54624247425,7205.71650396138
1396.94986746306,9199.26214755715
1535.30988595063,9264.14211042401
1253.42011233886,8687.12240286723
6919.32281298151,6864.95367334741
1183.9784338086,9163.28283377421
6752.36103648014,7734.13928956478
1476.46053164515,3463.97967681964
2075.05924261158,4724.96211011652
7824.30820868739,7876.47983358559
1587.21272943345,5458.75873209343
2497.48341247419,9037.35595220671
2651.86172218024,8890.89219454439
936.865915486276,3427.3381804878
7869.10057399305,7782.11736497747
1745.26478108705,9278.46800573483
1080.29021056109,3659.88565191971
7667.21328201914,7624.56101997026
8418.31794564397,7502.32858930509
8235.37960353341,5936.77308767936
474.564168636786,3083.67826791311
1571.31796176004,3665.08202036705
7145.18725393082,7791.02847360817
7712.37228150843,8285.75031831268
6977.84863285825,7504.08487150556
4326.0642876675,4632.30321022218
7708.95092631057,7862.05224212218
1376.14515113088,3438.72951620079
5437.60666302632,7208.75566751228
7795.42661354292,7093.9052583244
1165.77841185908,8291.7130242733
6511.60129717203,7413.92019269867
1354.33667974692,3687.48982249635
1334.85179479035,3286.14334508199
7243.45902350501,7750.84510717647
1099.20680596271,3479.25581894038
7983.36528647144,7371.41870888474
1657.21114353441,8952.89798450745
1308.3986669773,3740.37532000902
7435.30292675205,7940.46743186981
6932.99314909032,6988.05419260007
941.018372235858,3380.90318094744
1409.68491420136,3996.10139883909
2063.35861444508,9183.67869250536
7013.66415274286,6773.99804132802
2047.37547582248,9524.67038441293
7126.78414641114,7626.93583066404
6927.90384637204,6966.55791680418
7113.36844421639,7442.86489831716
1156.97157950327,3388.43371751786
7285.97752496369,7352.48269343972
1204.45495647197,2998.40134593443
1273.87273283186,9001.64392826306
1235.85657736799,8720.7702339841
6781.68292636009,6158.2497645434
991.960484641507,3135.44709651617
7590.00095730264,7244.59358322677
1296.90199267501,3552.94143746642
5279.89181396804,8299.4256125949
1055.6606203861,8770.39209223906
1620.88696299146,9334.76498578698
1537.6561312517,3752.27052476811
8040.67052669737,8035.99978049995
875.619319215156,3605.27889533641
1724.90286515024,9028.45055399767
8057.59306485586,7025.16203826592
8237.36018025166,6368.01661696654
1341.91435009089,8543.03358764096
1769.10536015782,8620.10060704036
6351.77510979409,7419.46403273685
1255.9712789201,3682.13516635952
4053.47642218471,3424.46280073576
1300.220430881,8914.26398727331
1416.96803785793,3874.31164916739
1467.00511336146,3737.43735190248
1025.41345897967,7789.64040588526
2182.42660897442,8497.0430373594
1018.36979970367,3413.4176998341
4608.56148685812,3729.07061278653
9351.33141002677,7305.8180009439
7391.62679099588,7713.26241654602
1634.89483656903,3626.51450861882
987.92229959005,9084.98533549435
7630.95676382551,7320.83750633109
7546.23994049583,8212.40177437799
5882.54698442078,8106.6860261162
2591.16727501721,3332.52944839859
8141.53723775741,7869.3518393375
1608.0161916085,9210.82124239022
6155.77185598732,7595.63417441652
1515.64685139886,3754.68531396489
7240.73174298166,8325.31088461865
8273.65795393668,7350.85432759517
2406.84994465428,9222.15547989204
7677.18423690614,7792.23866466398
7196.14117448591,7370.68774720268
1388.45988555367,3756.2559555165
970.828689784129,3570.77026050505
1789.48663356475,7977.45394662332
7794.38018113746,8122.03395981115
1863.11071485769,9124.96774435639
8066.66206120197,6938.35108633205
1485.25266404001,8867.61768011223
1178.84183742899,3786.90254869711
1398.24153927884,9078.47123064986
2072.79949153312,4149.40678419078
1062.18477764773,8721.60695529384
1108.22824935981,3266.56779866484
6900.07008391714,7440.25460535435
7340.7284200872,7954.07685271185
1960.06979022203,3569.1384701087
732.409959922822,3506.04155620137
7855.11267009242,7246.49396734879
1051.19501452743,3415.10244110417
1187.5153708148,3665.69671238828
972.567202131061,3768.3461211168
1386.51177542137,3369.38605956428
8903.01283929798,6701.32127763798
7059.83608564439,7491.90602086593
1602.3444346006,8854.78899237627
4383.49767932468,4479.7989289883
8191.86755808329,7525.05503601212
2364.64457599606,4000.61063958147
1647.5707547125,8122.26981935369
1927.26021305817,9070.69326209976
3126.34474064773,3882.86274049774
7694.1862934657,8119.8747406126
7843.40646061019,6768.34247430807
8817.63741906425,6913.86703385948
782.597476490037,9236.79767441746
1472.41820804318,3388.6475648449
7546.85470616508,7799.96172691357
7290.57002431712,8248.37331375874
1599.74765902806,3822.85936230131
2297.86247836196,8280.73973404802
1064.58677930176,8924.81197405816
1600.70298044284,3790.10807481186
7470.4736685239,7775.78247949674
627.004441278407,3149.46630454064
1817.3341771016,4279.45892182604
798.149767944502,2926.86014884705
1805.75797977265,8556.26928194644
7635.00180712415,8186.59508672597
7294.45782357597,7003.70204904138
1726.98999491147,3962.75875600067
7772.57949879298,7459.51429636236
759.214700177363,3268.17592975931
1654.04457098106,8842.6885194985
1971.23271694763,3946.73863347732
1057.56367547586,3523.32841034338
7018.56036694978,5735.80130123797
7830.11797385581,7685.40574921406
1376.99276617042,9406.66648899673
1295.52404053695,9005.69251360847
1468.91577631546,3824.96564816789
7522.33449302326,7456.21035242435
1996.90210713971,4373.8092804923
8614.90652014319,6508.36976128545
7129.63726973119,6361.88112650231
7187.17751660058,8600.88245102125
7622.24650313872,7489.91967916624
1382.70174110625,9315.38741495757
1185.24930698852,3387.26288539739
7893.38687124638,7733.19371204096
670.124822691633,9026.47509620361
2729.17022403265,6638.52568648533
7534.30165011557,7181.53794181596
1379.83981962553,8936.28076224722
1763.74913574663,8993.73822605237
6998.89506788777,7917.40862449192
8011.00194695166,7550.81817956922
8791.11227367071,7656.52942071422
8032.70955925852,7308.9725888976
7760.37943850382,6861.28176238438
7889.22852095181,8151.59701070272
7493.48052966469,5177.56499684261
1834.22114077042,3646.32812749246
8190.31178809193,7288.09531111925
1762.50530642748,3813.80593719079
1540.93707173476,9014.8587784139
1677.05499198187,7829.61362237877
6808.23589194898,7302.22455272294
7807.2765950062,7873.44373366605
7399.47129111106,7838.95606081674
7752.00678536147,7723.00254368597
7014.04482531179,6093.48323287203
8907.24431876136,7725.02715777992
1697.84831986326,8263.65042315227
1124.96275000925,8208.7792609726
1403.50656986108,9060.15979223313
982.823900414679,9016.45241361344
1507.9572832349,3416.87541839969
2482.50154576719,3643.22388409011
7388.57218380033,7734.55319048123
2451.95866301904,8889.03551060192
1630.17319617075,7761.78577183252
7139.05634435383,8323.40259927471
7147.94497077841,8294.29386119093
7847.34780616811,7256.3752211422
7678.33504074233,4152.53712535586
7824.98820399214,7577.54530138381
652.094572881655,8881.68356890531
7433.60011544865,7900.51846618667
1665.43216078339,9256.24263895249
7741.06328013457,8252.74119267427
1452.57911862321,3685.18884010918
7079.59170628178,7528.03504204015
1133.87133925039,9030.0750010216
896.11813201233,9003.30517582803
7560.62766061471,7881.36116658544
4677.35734906184,7622.30962881025
7244.73797811093,8034.01992908628
1553.81943788425,3561.15794986685
2458.38317290766,8400.29203385449
7114.66415809492,7768.30474960834
1248.55165218695,8917.5592643437
1464.26633737395,3144.28161374157
1852.3823686641,8606.74837172108
1188.49879642703,3662.93251603608
1713.38348232262,8851.96328681763
1105.82738516113,3583.43583602199
7875.6673028207,8069.94844816091
1516.66354430225,3722.82859217282
6567.62926345325,7856.66217962499
1798.03264365267,9000.99720827335
6761.27901276362,7491.54771431331
1228.1893105904,9278.31058914923
6811.02373087462,6948.08770094137
1791.11219618441,9199.20483017872
7256.96721921575,7658.21505352076
7786.82609599666,7923.50925788772
7737.19837035338,8255.64601453165
7482.61222697982,7354.81076675176
8121.37899146082,6685.95945271717
8381.53191242164,9288.91341746278
2821.52830678407,9251.88675827707
7108.12222997564,7351.69234354816
1439.31309148212,7972.93630840076
7296.22183182301,8734.42147983515
6232.93831699973,7758.84682270048
6857.40916516369,7393.88228021397
1441.63656824866,3896.20871486191
3191.43918710743,9298.55766592555
965.678913965834,8867.05825873726
973.294376085497,3389.54644956953
2474.33733503764,3401.83830684574
7768.86738509592,8451.75361072786
7237.19799242157,6924.50896802104
8150.8184415864,7093.90137541272
7723.50484031078,6575.5697623416
1941.78323291833,8816.93417999638
930.760267356103,9130.31399066116
7268.6323123302,7025.44159436963
2873.88047037502,8616.47830088026
2185.88122568304,8886.22781915652
1857.03858475305,3992.51346818984
6432.53195411137,4100.95788173201
1435.06675610454,3725.46357104725
2993.65510828531,3671.73487201166
8202.40556612354,7557.67808701839
7785.69103336543,4766.0745803817
1297.98570412083,9125.882594366
1738.72954219583,9301.84733540716
8318.09399496035,7947.57640576741
8720.87448818029,6374.71812067397
1254.46332189672,3867.62769007111
1361.8233663815,9157.80860740788
6914.0808682311,7206.3901351408
820.21695739136,3299.94155586218
3620.23895026061,8055.52418597984
6620.76942197659,7333.11615609214
1166.73517966814,3611.35676461448
7462.43287287685,8863.8538881567
7826.00382978329,7434.74827949353
1410.57077831874,3632.17206792584
1360.87915627494,8164.34026836203
1295.60258800661,3516.49801188576
1350.42126508242,3917.49841777652
1607.69838613141,8540.69587699125
1340.74086737582,4327.30254113818
6669.67556058768,7113.08431669259
4881.39789003698,7871.96310465898
2028.70774362051,9122.36370230018
8195.51691966608,8403.04634056332
1511.78698915707,8862.68929520355
1995.21978838388,8622.91745514582
7882.50061785845,7449.16323811936
972.472786852748,3256.86828648397
8101.77404311667,7799.06963777603
7795.42557589377,4574.22871239721
8153.96185230516,8368.65667792798
4184.13294101316,3943.40886227349
1502.64940533518,8180.19569849063
5398.74379366555,8163.54085293724
1060.57181601133,9142.23699968332
7188.91302337993,7175.37911926773
1688.59729059421,8316.73903952266
2022.2456053159,8666.9161637581
8043.82241232137,8473.69450594733
567.416995250162,3414.28088394164
1557.03183804547,8083.75672305093
1322.35602913379,9130.86418467599
7616.7432596042,8075.21417409773
8191.68827883944,7385.49531653005
2211.45274619664,9116.39276257394
1106.46498636897,3768.80293376769
8006.40883602672,6948.91154911494
6767.10731620241,8272.39480322672
1768.50050283648,8258.31884814224
1504.69301752041,3729.98284786987
7594.31033970835,5832.72496021926
1542.1374590673,8826.67630321639
7747.05437008139,7350.99311426439
1491.66461483205,3564.24337809481
7428.63827717016,7605.46451634776
1325.24308566396,8730.27530690526
1447.35270447392,3475.454973472
8660.55147142551,5817.34557391355
1551.67158318596,3549.96830462631
7108.50301423651,8680.4546127907
7161.95976290103,7055.77730575372
3487.31006440192,8240.88579910755
7260.84003256776,7586.49791032872
9083.77349223114,6907.09084573993
1602.08500713435,3769.53510742699
1654.5715253193,9125.34934911015
606.341323022706,3450.70893029326
1154.47230484873,9143.29375180188
7363.22817375127,7114.68184149578
7594.71829750362,7606.02988791124
1492.99763140275,3709.09107848166
1176.25155263135,8945.12739118354
1622.65113717228,9346.58813802883
1409.66798995996,3836.19571443973
2044.31447924397,8985.75970567009
1066.76866120914,3592.51690352312
6863.95032752184,8141.46866299089
7524.32359744797,7681.40803963357
8541.9572913329,7568.87016881959
8399.4072995646,7441.99734123091
7314.57268369957,8088.17054591153
1643.51557809497,7564.44434716004
6887.40552597243,8356.08442197858
1650.39565991886,3824.39372128107
1116.29172791276,3416.54407910752
966.02570761903,3285.74311568858
1637.71634390787,9080.41039010837
7070.45338848031,7139.20566655719
7623.71049080836,7035.55473566671
7177.96214391299,7880.26338431046
1601.29922904007,9406.2571004509
7123.09571288079,7808.43148795385
8002.45481983366,7550.80759432677
1587.68196384852,8943.79935644017
1208.30816029655,9135.53824419475
1050.84803790132,3680.77635195975
7449.95004401761,7479.1673903915
1047.09997195686,8539.75746590251
1712.70627146156,3766.8826447935
7487.67739618763,7197.77250329811
1654.25176701269,8088.8710239685
2059.76846962954,8401.90482868888
7033.72554193197,4044.17785347081
1500.58935906638,8719.47381360651
1551.88074227003,8484.29761775748
1012.15042418796,8894.54808976442
2179.04494162185,8798.09623852752
974.778250230056,3368.05351214877
1209.21477375741,3541.39631995107
7748.08066875794,7704.40208723362
1171.36480366125,3738.11562341156
2306.96612101662,7868.97001657751
1013.00351754728,3336.14493233494
7582.89416525138,7597.6720223071
1600.17978679687,3956.63512005572
6439.2959392792,7458.97912089339
1385.44227752578,8668.45829128739
6244.83416204452,7897.87285426496
8059.85490910531,7549.89407064503
1391.93766009791,8252.46241668414
2657.63539295864,8279.63050673586
7932.42123021706,7798.19132677748
1260.80426464138,9033.70128383497
1016.22835889365,3425.53520538056
1736.99934615168,3765.82449295298
1278.47254456558,9028.7818288984
3485.3036317846,8615.67373602633
8162.22938639281,7312.56053086007
7906.91459067614,8772.10342313245
7185.07611850967,8120.60866829761
1875.70462218544,9286.2662024913
1721.08282217398,9022.81136729031
1507.01072390283,8705.67158496281
4415.6947950578,4035.07911100536
1459.78716514679,7413.89294557156
1296.42020199324,3254.41882459079
6921.17058614523,8574.74983156725
7382.96656770621,7014.53470276634
1329.82644778412,8394.21972828611
6448.86207501907,6706.34450721509
1658.42359013071,9262.89864516103
3699.61121826264,8884.54633709767
982.74887428318,8551.85080760321
1613.11044604501,8947.33079864632
7737.21485699629,8175.34298774196
1498.714768826,9148.51993977644
1392.23684138564,2919.45977632275
1668.13746929913,3410.16890116413
932.642532850751,3202.31912453009
3961.39605220098,8901.2638590495
7180.54212528921,8170.65879482045
1279.94774696182,3302.87888348101
1978.00534611333,7918.18369770722
8941.37432538129,7952.6523766094
1911.61194486371,8895.92367077591
6847.06564470217,7231.05712055367
1262.71224672901,9094.0250086605
1399.27975684934,8940.98281915888
7317.54418443596,7518.79132631036
6890.26251468309,7530.45912605163
1643.54685550512,3559.33176147171
826.255921692885,3060.96553046111
1025.76489014071,8953.1156864693
1537.54646317746,7480.53161101229
7882.84420662509,7547.26407667917
8331.6109209214,6836.54412495562
1711.54066174973,3750.59033576281
4504.4260757862,9269.84676982127
7745.04040440479,7591.14280694962
1056.44902272655,8858.09785304125
1593.2975675336,8899.21332630877
1115.5755296788,3666.69149734236
8130.10733000048,8334.32871836625
1534.30288007348,3902.04475999131
1317.96536212815,9009.7902718122
2498.20446887676,8027.90478358157
6919.34281838028,7953.0706977664
7119.41524701276,6699.91349197489
7850.5273458739,4897.78741485756
6268.04418835083,7864.64661323178
675.481912501652,3209.13034734611
1040.26206401519,8838.50245619962
1706.24407954493,8608.69311521962
999.592361238074,3348.96945899811
672.668064093609,3105.07180328546
7273.73968829997,7877.60757505126
1478.33683459292,3472.36309676971
2211.93164791598,8480.4732636952
5982.85716794981,8982.46384474023
7429.84023553162,7964.86589609404
5627.67726629256,9216.5894772406
876.563239083145,3085.52853358479
1118.63837768669,3472.43038031063
2138.7911411727,7449.64978983701
6741.14272993013,4999.36924327107
7483.77023966763,7589.48145547062
1699.84464554105,3906.64120121292
679.614920550759,9164.98913011659
1186.37946089144,9010.01306369152
1576.32097008325,9002.6963091881
7471.88206480491,5315.75592909362
6525.29553005822,8033.35990213316
1382.46209758255,3776.47324588613
1633.25015140545,9191.4905469426
6832.8645454221,8353.26655775096
1780.73767794211,8890.08396885638
1085.65349871818,3033.63744812098
7455.87703738894,6238.09277682491
810.329690336999,9030.61160346496
1248.08840089208,3639.33450845314
1370.00484213423,3703.48236480082
5680.44468912287,6466.53039527573
7161.29403052645,7368.91682229329
1634.6771506815,8990.23449667853
1299.98605150983,9193.36959954009
7342.70923888586,7426.94044747382
7982.12267558733,7238.33196200496
1300.75360011542,3446.88904416373
7527.37374927506,7058.37310693242
1421.43350394326,9110.45890834333
7728.0363784602,7321.15827406928
7918.22721212127,7191.00626888977
1696.33475063078,7245.42473758901
6717.41232808096,7730.0957632249
6174.26277515344,7813.31072786644
6619.92934795569,8001.03466644023
1446.17103474528,3768.43744395922
7369.73791968804,7632.58659274213
2046.41578730754,9091.60589406178
6158.58078495771,9086.54530576986
1301.79054495629,8518.16218225371
1946.03423642547,8881.74803607022
994.856308680585,3447.47006519034
7951.44360698344,6995.0083927657
1573.18369163224,9199.26904121602
1429.89738137105,9101.54120209973
7951.40768532818,6487.27842880671
2197.82616275075,8482.62486917105
1803.52928645211,9086.23541553365
7219.79196926198,8156.7906452214
6292.02845756168,7231.19387236585
7570.01239464414,7496.80503548295
1389.84101439563,3733.67113629111
1472.20117340941,3667.90713490515
7863.89749722031,7854.37196338569
1520.79646164862,8940.45390191614
1219.12645036545,3465.0914599923
7243.29516372444,7581.4196719754
1346.07478727532,3792.76998340127
6678.88239572389,7176.29876180352
2834.85980299006,7601.28326814548
6324.24354783463,8598.63630479664
1019.33560393136,8628.9556145805
6825.39236237187,7593.97181807914
2886.67822331728,5414.70674198183
1145.3656185852,8836.2155108993
1605.97401792134,3700.47885602274
8037.86727279322,7825.96755825225
7483.96439022131,7888.39568892081
7438.0416114869,6648.96419004949
7243.48823968392,7128.721961622
7836.07849629322,6932.30793542715
1075.06867877526,3568.73309773337
714.144407763978,3108.27035081339
7437.47311837474,7919.22761229187
7529.75654270937,7443.00153867446
1734.56420674853,8835.19775654854
7777.46471540406,8656.73808621838
4526.82461583036,7196.49637869932
1595.20655820223,7566.13914631506
1495.29914290415,3682.70504369117
2120.52395857803,7855.17181104073
8864.32265146638,7643.5523140707
1208.21323751653,3576.57918432043
1947.97888563881,8587.18337104143
7140.64686764571,5926.15985137524
1567.22332396944,9170.10028379136
1550.04653460989,3643.48575935722
1674.78735038977,3656.4162067896
1241.14246570248,3289.98448517233
1817.09598672458,3499.93939390709
1120.49267249061,3949.02337815268
1597.21693449562,8443.75215904351
7220.55825087918,7661.50900249825
2375.93388673953,9070.53288306471
2713.27286282581,8943.92240296872
771.205351741933,3435.34003527377
7472.85432841631,7828.72105523951
7871.30329399994,7570.99600267358
1173.92160012328,3172.72552189683
7399.15915361585,7657.27455329587
7437.41810899916,7451.751844061
1081.74149173074,9002.50490261852
7533.81737409385,5801.50962916908
6375.27860519612,8080.90504696323
1871.643042292,9063.40108761368
8464.07813217774,7555.07276409553
1010.48671346511,9023.26067578928
1294.15969220774,9384.33391454618
1458.49930521488,8975.4645757405
7285.92870578687,7867.03923743356
6956.32993225342,7830.56771670014
1730.94766673126,9307.7713399288
1538.01306101659,3571.22159674821
7525.49771985008,7067.93029707014
1103.95822894812,3697.17613033674
7584.48696369054,7234.96128900755
1202.32879736071,9218.29907506405
1489.67658884699,3381.87747609271
1717.890084275,8763.45999558112
6473.86944636624,7783.48428891226
1482.26080602902,7845.31817942115
771.9032069079,9080.10941623775
1090.31928256381,3364.33270662525
499.352070215831,3103.16094552495
7407.5370243033,7881.90362698833
1764.9897988844,3847.59619707418
6979.00120113611,7483.39315681616
1295.56267315405,7507.65198998109
7656.17011531491,8153.5825786562
1858.31604366015,3417.84370673348
7632.3639995832,7659.97640496147
1682.12077379469,8808.11932374473
3424.47594022449,3642.91579943756
2676.45848335347,8792.86642596409
8924.3423923281,8137.30716318309
1447.32418790738,8934.57983459784
6030.85386696543,5224.51704087226
8314.21023336859,7720.16575381885
7199.6658175623,8027.76518931051
7164.83723349467,6692.58448218984
7186.14092323242,7552.56744261171
1075.71708694291,3420.39660289616
1133.04577816488,3714.93365942487
2920.28789611532,8766.97703100833
7956.01775805755,6649.80157509253
8037.44169975726,7098.38640232655
6828.07096770049,7901.81676164022
1237.66738181568,3871.39256831768
7491.2786680085,7683.92824025558
1642.3807921855,9177.17935964343
9027.29953583024,8270.49186842521
5228.25629681777,3850.01576726991
7320.38969115967,7546.04364682728
7336.48554004234,8360.26032004725
6022.23003513017,8165.20575296596
7916.71558685733,7703.55526497302
1341.59022397638,3734.56240114008
938.595721407086,8372.69752733124
1169.13685563372,3706.32306830329
8112.59325809493,7282.72384764516
1213.68298066699,8996.18689132338
1298.62534400848,3651.56673522026
1209.01643696425,9005.16064861784
1266.83446697345,8998.4189875561
7958.83896454215,7516.07801478209
7002.87233360851,7770.06394627347
1157.89569670317,9050.64914977347
7718.86536285938,7801.2582847939
881.156615437623,3298.20654599339
1455.43488071077,9147.99355643881
1601.12163798034,3871.64625627328
1261.46888643869,9037.11886400405
822.41413357328,3396.3463659767
7757.47199203078,8044.59669594301
977.119109942359,3573.10867654779
1091.38974391157,3292.59167251158
7350.13701748171,7209.31274820905
1167.7340952907,8163.3727389584
1807.86567658169,3728.14814398809
1567.0307258378,8074.75353212837
7362.78279564823,8506.3482772698
1569.50734192438,9038.24855619869
4685.72845773097,9193.11183610276
7713.85248185713,7804.58902716029
1782.9614859037,4538.29816225862
7485.27008600837,7759.70993937629
1167.03031243467,3056.76775125091
7678.65553757069,8456.77797145721
1199.95413339866,4087.58989317674
8044.1489184533,8105.06113801747
2650.85784988514,3841.21443568506
6886.34952011829,7065.9192977117
1468.75423814746,3559.20395264174
1473.29094801605,8257.76556196285
7897.39234271784,7645.22464589353
1158.90455114098,8879.59460373589
1686.67678521685,8547.61685984537
1118.92977134258,8151.47637924055
8187.07528958011,7489.234993795
6917.41381544484,7130.81917252783
8046.33539821075,6239.76203127455
1130.74866862656,3602.66292470221
7160.79489191603,8111.00732511404
1281.57163344765,3394.63037854424
1980.41837178539,4031.90850780444
8519.90302268531,7743.20920271271
7929.34703913196,7280.25767145449
951.367113032416,8310.14473363392
1996.04714417273,9034.92761220402
7495.37769572276,7703.93167256381
7288.51269728295,7175.0227409156
7078.16898739886,6902.37209227178
1506.82733807083,3705.76646446559
1951.03473856422,3974.20068979245
1264.54773418853,3584.12480378896
1666.99009545833,3792.01464059812
7069.88784480608,7454.5396449384
6916.89960553536,7375.3099789487
8301.52133567313,5683.18681229628
8449.42850383479,7740.38806248212
1522.33471182473,9263.68748453369
1428.90121586041,9058.59602901596
7005.68389660004,7945.65084028429
795.786690875994,3357.47096291203
2339.53520419848,5537.1029666529
1639.00128825552,3847.20781468626
1277.77184121631,9167.17880654504
2463.27761981435,5169.20633301857
7162.12489181084,7840.83195661404
6587.56734960866,7527.7395337051
7582.63777936467,7287.75677640679
1736.46931181773,9106.41102961052
7817.76528847451,5157.1388711137
7309.39603090983,6993.51927397712
4035.82860074529,7731.98453075817
1700.39799407278,9112.16860577431
1351.54588379554,8385.40307765029
1776.93384130121,3894.66486323523
1410.78928452828,8996.61243800559
1070.74014609055,3378.36578090063
5368.40438123946,7479.42454589467
1294.59707734896,3669.03714396088
7737.54368261874,7251.22549087521
1983.3434492319,9218.38097328415
7194.09116060212,7138.17730540661
1914.72398945493,8886.58568009323
1623.60514822531,7977.16598965733
7000.73848202413,8126.486003557
1339.56211309011,3696.48825152351
7627.9959507987,7511.40609565555
1697.04985175107,8293.68892640016
2019.12678582713,8915.40186900887
8655.03942931593,7002.70749356089
1392.52238062776,3378.288017324
1663.10287948551,8986.79329466419
1412.86951744313,3574.85739336751
787.099426282142,3333.50262361608
1452.56702092859,8870.16804223693
6676.58873105087,6925.46140538087
787.796442656854,3314.05374543741
8823.3002728605,7383.41943774546
6261.25689596998,7494.9013678398
828.212464919208,6012.95535391685
7222.7688714418,7567.14365249116
1862.86453995298,8881.68264182617
7775.66953286324,7359.1679065136
7817.63288828965,6981.11612250534
7072.30514849976,7375.1454023295
1448.42931224009,3854.01003297678
1245.87799603007,8917.00325331612
1590.42537154032,8145.63174639069
1929.50404873644,7995.21883565863
1050.54429391222,3305.67837185511
1362.35230353932,8859.41019057434
1278.97658259299,8986.57766157179
1613.77938373822,8804.85673924611
9183.39746850956,7913.76491668221
2733.56956105484,8828.83707668017
1918.37996711525,8639.92325198136
1098.68619762313,9163.35919214405
1751.13768438267,8940.40893900147
1260.93449844915,8939.10426467416
1397.63185638116,9298.71367378384
1204.85877267914,3461.78708968712
1221.44408675493,9231.84858175686
1414.45507151266,8951.13115039104
7178.63944394864,6701.14183313777
1268.28357302927,7765.51452488904
1364.31194935351,3652.17354223372
1742.52740945835,9051.77496534493
1635.6965021799,2758.6566956587
1427.39118031717,3504.95282315535
1983.75643111414,9077.48273423914
2115.91610349014,3276.97075411368
6033.91222901332,4154.93559210874
7273.28558010075,7821.01907730397
7850.84844849011,7083.82682374175
841.816477449783,2849.03614843297
8145.16817221005,6964.11655892121
5009.87032147276,3486.12395154447
2338.21063852881,8591.28506845488
6990.53476775544,7604.96160135764
6149.55656877114,7535.54886602683
1931.76542680495,8045.87252379906
841.8646354149,3531.86290891866
1766.44913680537,3511.39759335252
8083.57748560526,7912.77537758285
1729.73701931889,4243.72114469958
8333.33759853626,7219.96873509357
1246.90612777151,3919.83909804391
7270.00930221413,8386.58571315404
1598.37589208848,8904.70434353066
7343.07711897883,7973.24702187399
1933.8338105276,8964.60449357179
2070.87775440586,8665.15702965538
7843.37348214642,8062.79544138797
1605.61675682523,9042.34699278587
7875.20540293994,7343.0701361526
923.835225360713,3218.30385536799
1095.60196685634,3253.09818298353
1183.92485637089,3352.44990088096
3574.41320938242,6725.05920379857
1175.55294811393,3900.27501778867
7630.03633591225,6917.8744654216
6720.92911539981,7276.954627514
7285.55497840492,7650.15801461918
6961.52175045885,7974.29433659822
2867.62641051587,9025.61844563664
1516.04559904381,3532.55937097931
884.023726775868,3703.18758843067
8680.92378771258,6166.67186721576
1264.32769063369,9195.73841368781
7160.4882423855,7726.75972400692
7213.963954659,7263.05846428033
1741.02445164617,8890.874909632
954.501496927332,3433.34793315981
2483.32509024523,8122.25404395391
7626.59254625916,8165.63526328033
7098.2373259953,7556.1507850856
1414.88104563285,8915.03506620923
1857.87691748573,3846.9241373559
1356.61522646163,3716.60708617184
2701.94585751453,7227.78463731689
7732.0988832774,7756.61128072159
1574.9014458977,3644.96101875814
1838.74044471262,3583.28628330159
1497.07372247608,7645.84673133473
1184.88503750943,3655.88594575537
1620.36906679602,9158.62622703799
1451.70806573206,8845.4882926507
7421.64505133716,8426.47802000774
1874.79047331976,9292.23707735563
7674.81273572561,7822.38801381204
1347.25861481949,9081.82913851884
2013.4583024013,8213.88548595203
1484.06365053482,3497.43392834435
1656.34874596124,3821.503809715
8456.36777516226,7332.66114798019
8206.73760461413,5792.53352348306
2700.64626598687,3406.58681851412
7827.54749586541,7148.00259903394
8268.6416583935,6471.37437869927
7490.38049687649,8042.74871134646
2069.57631734093,9165.68015076665
7002.66234057027,7544.63458994612
1231.22313536417,8413.20611390177
1231.44990266794,9203.36405422737
7539.97020579052,7031.63971771834
1060.14163937251,9028.84522912838
1053.69372561895,3422.70434603302
4301.23841487028,3612.61651825622
1684.13077883763,3628.96534370027
1680.46954742361,3744.61087289723
1678.50509256763,9189.2486068761
7742.26738126933,7409.07788278062
6993.31360420963,7596.96911639198
2085.16824165651,3784.13123136011
634.403099214077,3235.05106938851
1194.42303942312,3739.88555536551
7880.27610047483,7662.90840924202
7614.91765404348,5202.73826702948
1454.58062065842,8794.71333679166
1568.62553540336,8778.63351951121
7640.3219182256,6965.27028890041
1470.19820587374,3487.30520437485
7465.15413883775,7269.82518760419
1772.41583461933,3811.44643590584
1748.53746652886,3676.59824414465
2448.13672593513,4036.84980902896
8106.87597388163,8023.3212574424
7423.85362655791,7353.15373505059
1147.790788587,3732.6923925014
2115.80951593844,8730.96157549626
1648.48459333819,3555.32222694816
6761.44632057533,7813.76269607261
975.040878949149,3388.95870336289
3677.03342407386,8536.8673877746
1030.71851300877,8852.41120677991
2660.21241026578,3873.73680131669
1442.00871999234,9099.74336103783
1662.39502698543,8971.943769348
7554.86587844315,7891.06819411722
894.425591915467,3206.58611835973
1180.08696404114,9165.80697345086
7026.86244333693,7784.5638330862
5237.87308859735,8583.21881718452
1290.95789149807,8744.838335013
6917.70045530083,8019.37320678947
1238.11541014214,8713.64313708987
944.661372060312,3357.91474736925
1288.66420765651,3625.30533338951
955.054214613782,9097.03995233797
3049.63850225883,9199.85681062137
7162.79023077834,7904.53787199637
8678.15175473521,6401.04545982049
7721.33988679705,8235.00416314533
1902.87141731837,8452.87511713402
6570.72384933816,8259.86104417637
7693.54397893742,7519.43643521699
1422.64859030421,8571.77941372881
1491.2521510494,7993.36184902224
6552.99808251436,7985.27757877902
8408.43695890638,8212.02167021608
1096.05485112847,8392.25513737527
8196.7921431978,8053.23009362885
7588.7739050675,8559.21197022009
939.527669846016,3388.59833354848
8718.7018627916,7382.30942190793
1015.74495468647,8921.71477506836
1832.42609427935,8488.60585996735
2018.9979377827,8575.10109045308
8080.35314669363,7165.25883318449
1738.82147219368,9205.93390872697
6628.84548866722,7778.60339947541
7176.42624497856,7377.84474680349
1616.15180836165,3778.2973748942
1426.91768512605,9478.47437933336
1088.1695569133,7948.20891412446
6443.38516892226,7096.02244137619
1513.73132101555,8457.73322503222
1598.43466462956,3667.66974888541
7585.14981097165,8173.22934900601
7504.69667779515,7605.82639116517
6070.66090767267,9260.815742996
7269.94192819274,7142.31250159703
1190.07710865782,7737.03494603561
1636.52205097216,9077.70461906401
2257.30894215995,9571.14530676719
1306.01707059704,8295.85743272839
2054.2327538562,9256.76804892197
1768.95460656683,8997.06004111579
7758.39468802461,7037.3348492954
1278.5773940183,3530.2758987194
7410.5940264475,7791.87200005119
7462.41344868401,6809.38793032761
7790.89156913397,6716.17649427585
1918.19936406067,8930.23264839752
1436.17204470613,3656.51336313812
1080.5232368727,3221.28604927049
1527.95891413688,9240.39929487006
1442.86597381528,9221.51196647673
7588.04391728341,6960.34521974307
1372.44073065153,3809.03374659355
2501.305151906,8495.64646627127
665.728477161801,3215.22777466168
1050.70058690571,3604.67333534411
6487.35483449594,7949.37060544633
1653.90404624629,9008.1891518169
2044.21062904336,9009.7103614958
1002.05981460306,8731.00791281684
6683.44289672412,6767.38693394986
1505.60769047258,4355.04237003915
7044.35148244095,7515.05610692419
3885.81295315291,8675.37935765458
7407.65960641767,7490.64977083888
1622.88570139448,9088.29473899207
1369.55730904647,7699.56317671801
7277.63450507493,7689.2614071286
1124.87471830691,8849.38444765884
8124.0297252132,7688.57960336452
1143.75747483063,9228.47123695675
1263.11458476189,9015.35708015268
2030.39035314169,8531.98955251136
1490.02866624455,3636.41030549159
7224.96040908812,8034.02474253684
1798.40487662598,8283.6672233802
1303.9230677159,3426.53553279356
1240.13022434243,3293.46029339707
1546.06437088382,3873.75441212714
7478.47654510908,7312.80578795784
1495.34566376665,8941.47489106603
8378.74566775867,7975.99053057664
7333.7399350524,6727.17256119413
6942.54616083416,7718.89787692026
1472.63160596972,3834.76129306527
8151.89878462595,7713.28821076761
7711.390053521,7036.99963026493
1192.14676516993,3415.76086342863
1899.66681990451,3750.90359598916
8877.19018456078,7708.85915134734
7326.72853677791,7417.95453467056
8044.45649470427,6750.96535945314
1370.14842247415,8926.98323701525
7654.3844448858,7264.02393410844
6026.11229933885,8303.17426691771
7560.80028782025,7893.24156399514
1181.31852378747,3310.58776756316
1261.71996126474,8615.28164971084
5686.26119888202,8514.10137751064
1737.5539336918,3457.29786078272
1372.56343325841,8775.57244761665
7675.4608974456,7303.04922302154
7175.31329562378,6672.43636597748
316.4612376358,8874.67299406833
1607.14671297262,9261.2215755795
7388.22529298658,8279.41796393589
1709.64424590801,8528.65756840148
8786.26043606197,8122.6696573572
1870.98154012846,8990.40765827324
1112.18686772869,9093.20330697993
1657.22306142626,8400.15113687103
2369.71170935908,8569.83496959198
2077.76871156423,7466.99975548003
1535.99902396189,9004.56506689889
2341.50881691403,7461.35382148393
6729.63813903221,8421.93549032106
2199.55716829381,7750.68795136528
946.848999810878,3191.33889908097
2379.99652720833,3664.91674356066
7615.40186374185,8247.1511636901
1950.90265664698,8496.57522126227
1632.78187692691,8172.91907319369
1496.34161768297,3644.60091732262
1244.24866209065,3392.45549779777
1783.09194978399,7961.34953067735
1273.73124171895,8920.9275926395
7141.02740420406,7713.22053345071
8045.87535503668,7443.47093828709
6863.71480857803,5830.09399321231
961.001190352448,9018.39478272411
1231.86562501007,9009.92129957846
902.583502057914,3396.53577603562
2099.96033058692,3887.56657127922
1786.6918330339,3748.40700759064
8664.38539334188,7705.67995350648
1459.60755923108,3795.45364204623
1362.7608851126,8758.82922509379
7979.36346258442,7682.55806250256
5099.6999083188,9064.17410551851
1622.99201614732,8774.07405150284
1295.03502445833,3358.20823350959
7870.43159864281,8258.26443653013
8715.39244089811,5819.59979457968
730.048320465745,2971.70427330144
7045.89892545898,7351.5913365397
7042.12987479097,8010.8596365999
1209.27830155825,3121.06842812541
1800.89102123836,3610.81347831004
7933.50754663708,7709.249762306
1441.68030125246,3550.29715876144
1052.50709259148,3697.95519003487
1181.05543526245,8816.01027876447
2460.0612881038,8865.96367627577
7131.01990345257,7350.3523231912
3465.85855362124,8649.89188472341
7721.15078012305,7689.62235444302
7072.13313925866,7766.39590697513
7254.71342102126,7957.6723251286
1557.91430928983,8877.18181324553
7527.40145194401,7830.52482721047
1671.92284458882,3746.98155559601
6976.61663084808,7607.49375323191
1855.57893415497,3516.68179234326
2117.43752570075,8875.31196910504
7646.13282785861,7485.83830354101
1383.03554973169,9282.39480201798
7217.90442228966,7902.67608325317
1217.25690780695,9049.32683016851
7534.55029221431,7766.51662610743
7358.17321062966,7653.83533253078
1760.74035781269,9035.53768911828
7717.39144403294,7869.55326131637
1696.94664256293,5004.21102177205
1715.95639992788,8481.33375952291
1041.937259759,7892.61346437873
7712.32793576783,7935.83542645733
7250.39798121875,7513.23626526728
6875.17039750841,6817.38439734584
1141.59272316954,3626.0302538142
1614.03595449244,9288.04775631736
2502.5811855169,9040.05474758286
4878.58095674235,9043.59535054864
1059.30204099827,3446.5452568774
2574.03724222882,8443.23584517854
6999.82444437304,7238.15978796091
1106.27237881444,9160.91452727002
7948.26018738815,8395.57916243544
2089.44973397015,9412.46162003337
1466.02697189875,8373.93450683024
1305.71883870347,3465.68307307969
7952.15312086765,7641.66525918407
1433.80638885469,8061.10493565781
1897.03202896209,3365.59967893117
1771.48116499875,9109.3068126844
1309.45911704903,3408.72833949064
942.55148440448,3466.57921356359
7072.23429679661,8935.61887316941
936.518103393472,3584.5776817026
1250.09280362974,8958.41766682988
1145.61081175351,3628.25169284085
7852.58927080526,7350.85069161566
6734.68443632252,7474.26239508381
7925.04832554692,6966.35174806775
1374.03500460099,9203.40012287844
8036.578049799,7280.11606450599
5901.14100796039,7849.35781588497
1114.31445105382,3726.81505741707
8367.96723781164,7992.03327968641
1569.44033379156,9237.8594164401
7957.61717818513,6002.84913315881
4897.19010531167,7339.57064135769
8157.0218909587,7218.99137421322
7739.87597704943,7364.65568305929
1072.37975567857,9082.2180489101
904.807097805853,3279.10921573181
1791.64558271386,7922.71111994658
6979.20394356982,7391.49436048904
7456.85135448634,6848.00185193089
885.716356133525,3310.70729162127
1501.03851641132,9247.86213845557
1502.39958346634,9145.08153337268
1215.17649702792,9241.40965680844
7018.41473995292,6687.27512897296
8355.35962977964,6355.66153469684
8422.80036289817,6853.88003693798
1133.58926771876,3411.17594142617
2189.03909576006,7845.18455634523
2649.52350204309,8989.33986092645
1554.58050164766,9169.26376828804
913.22528909709,3385.51020694233
7783.08884254995,7210.19320359714
3381.43311085188,8691.8280713234
6864.22718355921,7052.78144993244
1406.96519002962,4028.56405614471
1510.25138144165,3742.92396905604
1091.42101132138,3023.5600608681
2361.62409849957,9081.34676965643
7216.28508873447,8426.77237753184
7294.15237832174,8280.64035698533
1237.71463362779,3660.27037343316
8122.52009676461,7530.49940406529
1480.96045223049,9031.69818860977
8492.14313855267,7955.1629956603
1900.34818176382,8170.08543910068
5181.51558443617,9143.95701162868
1502.37930233478,8189.40636592382
1772.65899548059,8725.82929329203
1335.69669516665,3178.10764476024
1889.70909794622,8684.62566767862
7004.74646210693,7539.8198995808
1739.91111078277,8919.47892201266
2981.06683653152,9237.90703462953
7155.91991732938,8059.38965289315
6684.6316092734,7930.72724981362
6914.05858027902,7819.74147283851
1399.34160037204,3758.3850484024
1537.82392202639,8886.09294806805
1592.62660324067,3931.79795248362
1157.96276302995,8892.78669452463
7431.33362590195,6843.89828933884
1452.75219026947,3753.382099277
1182.41758660367,3719.2818008038
1321.67360161065,8865.98667898336
7148.79931045653,7890.19709964842
7018.93116622957,4965.26329833152
6797.61803417694,7127.50614970278
7627.77369240909,6131.70665322647
1764.62450208538,4438.62680206589
6868.99123488087,7730.17006526327
7363.3196102126,7081.4606940001
1841.78158993051,3739.1408692249
1594.64547894989,9269.75929222229
8993.84520747423,7852.48513184956
8523.97840414989,7259.092720302
944.218963994133,7803.8330301023
7708.08774949834,7249.18841821125
7335.03605777629,7322.69961239551
737.286637209898,3371.62805173096
1599.1012055744,8997.31019961946
1160.99515583211,8153.2609688228
7456.86703680445,7522.12555778179
8825.58814210659,9220.1929128429
1343.96728939012,3438.48202189196
1235.96889884905,9224.89523685328
1664.2412984677,9175.76646141682
801.64583044808,3263.74203927323
7387.42368272726,8182.21428745742
7911.68244698532,7989.30756212725
8985.62642107245,7740.25737086245
1944.17411551609,7475.19051320443
1659.35341966123,8491.68464605702
7672.70988602814,8007.38863382553
7318.96225473405,7982.79460525071
1561.53081409105,3496.02211043593
6793.67818170024,7460.53344931595
6887.03839986991,7530.22475058075
1272.54106585754,3603.96526995615
1858.21920021316,7528.85927478797
8716.66867554169,6865.13814371645
7428.41325682699,7269.66048162167
7114.50681975023,7956.10727569968
1094.7398409879,3496.10922202227
1171.92685300252,9271.96496675362
1245.19036015482,8415.46070172465
1949.62109297345,3788.18675090187
7171.59329836498,7462.28130507017
7714.22211390521,8129.48848260853
7177.18996988123,7241.55571943008
1008.49238734061,3418.59462850309
1473.89898799603,8022.46505406652
7141.93666096859,7489.23817667427
2119.95393694421,8998.92298720462
7496.56496702629,5446.79954228091
7016.90748189865,7047.36094020212
1434.72308503928,3169.93792031223
7376.7545503751,7294.28309963594
1016.59178477971,3514.95518646638
2296.52442549029,8783.89164264843
7337.43045667205,6942.36709969988
1080.2332385078,3256.26500062819
7005.61980211623,7392.77950335646
1966.94377803818,8246.58573051238
518.436586570025,3178.61715773216
6386.17086624935,8141.81748870938
1872.73068464483,8415.92469933789
925.60415516531,3353.06038068403
1394.89784117269,3725.1016752991
1846.28262982661,3986.38118741647
7636.44313773666,7217.69858556873
1790.48150416659,7401.19834435776
7220.30324351929,7227.07742393764
1268.68191171513,9272.43880124274
1043.20879139009,8876.38408384803
7161.86223491264,7669.36038022087
555.996205457554,8654.47141790439
7492.03719834966,7414.1574790382
1486.47202158642,8729.18480379447
1771.66182603335,8963.79278572028
6796.23665998734,7768.56858152631
1122.39948050205,3464.44006138801
790.562400287789,6581.05923926697
1996.35191333192,9127.76966490937
7000.95993077251,6776.66702837562
1506.61854893998,9136.12268722391
1666.79900301722,3763.18573687566
5147.62974489714,7854.92609228316
1941.32966872133,8023.56037594737
8147.67328953722,6546.35170318424
2137.95236385718,8801.41186611886
7435.86481982584,7171.92593226351
1205.77782579288,3689.79023966504
9006.25537640792,7062.88496905968
866.022968243488,3349.47148374962
1327.48208746986,9086.57169580319
2935.11117260302,8597.15493014505
1555.6055267611,3554.02772816863
1319.69932778882,8897.2453428465
1439.22060512469,3945.30785033641
7720.15786670587,7518.83868374846
1421.21346245463,9276.24092448791
7675.82600136133,6637.25893664786
7711.61414482539,8062.71659933385
1771.06747848454,3896.40381067444
7026.87017478122,6441.09200685843
1619.77509851756,3921.54662771395
1274.5477405189,8903.38351177489
1494.59731652006,3649.64347167747
1426.45268443039,9021.78381490185
7523.2396399497,6981.03670463231
7690.45149175702,9238.52714340426
6975.61390321001,7190.33562710903
1084.5117598395,8647.58372852792
1011.73534212222,7964.78778307576
1385.06865133706,3901.39671341376
4788.60115377128,9198.50130725848
1582.35436391161,8454.8642265877
3624.03643787129,3373.67026762065
7411.42308062726,7420.27292733699
6823.1205145649,7353.15024452051
7643.0233523747,8053.78221085631
8453.29886730222,7669.53681327199
6898.06526454242,8031.13599241593
1664.82349445216,8298.44924959937
8108.86513141029,7817.52357695165
1713.47072449024,9421.41820640692
7095.38325989457,7680.26089791756
6599.8774919414,8220.22106898049
1536.28975493882,3645.4724351543
1523.37378459279,3686.93630575568
1887.54578713269,8826.12197162299
7628.36603429946,5767.30514148908
1722.33119418637,3153.01145262832
7024.41420704852,7579.4658396449
7477.04517489238,7611.87046394021
1048.73942653635,3682.89146231144
9440.8853517709,8047.46309418568
8570.08613511035,7634.11872146934
7246.5275640918,8303.91360624556
4336.10307180461,9194.89519549192
955.106194884095,9168.6609125691
1792.08586061571,3599.48979469386
1326.55220027633,3709.99351996922
7490.90713504296,7496.04086937172
1622.15502228554,3630.66725764978
1535.08408547401,3743.93562329668
5176.05213130522,8301.18333321674
7836.33120704888,8327.50927280901
7138.1807279135,7058.90136547368
7633.67374843432,7014.7570155386
1235.88785928781,9117.01076064745
1139.43446116529,3510.77387617114
767.437810756085,3304.88337735063
1530.57116348867,3415.07674030233
6004.21161399857,7534.07282228881
2093.25905745793,3739.37850124048
2056.71168021706,7443.116053036
2697.43567062874,7364.17883519166
1613.03549548246,9237.87649656713
2053.90515444706,9029.52541647237
1342.52939550845,8292.9346046477
4018.29549946291,8322.3895562436
1501.95743014133,9161.64832683076
1478.37153103068,9298.81477650685
7897.53156836952,7768.62557541905
1846.83321254991,9195.15888567988
8474.6097267522,7256.90639259624
1800.26729978474,3641.12805693048
6534.98346457944,7401.58039557759
7683.08014073994,7837.05964666921
962.142544150059,8858.22907033257
1566.51953736337,3331.55255255694
919.389363122486,3643.89083490227
7418.83045206448,8270.51332172194
7579.86860582325,8025.85916986659
837.025886432299,3340.46011307901
7876.32773469692,7697.58053780023
1333.62011161763,3675.61249557297
7347.29041664128,8038.15422633214
1149.88247379827,3797.04752175561
2079.78981337525,8170.47600177539
1062.71943033955,3578.58931417101
8508.91828243488,7599.40975571235
3009.55064899112,8642.70257826784
7828.04818639826,7561.72800048296
1876.97239872524,9256.41498921947
8239.60825821576,7243.11010646474
6975.35891882769,6949.20786400284
8668.05616985951,7777.61366827608
6977.2813871203,7891.37772002436
6489.75281891909,7446.00594754976
6865.87804238038,9173.42743062565
867.574490473471,3162.22097774629
8445.04614372786,6993.56747452171
8937.5617513147,6999.08873853966
1255.96086989491,3276.48432995702
1375.90492556815,3494.13137656192
1560.9713563214,3630.57348711338
1260.93594354722,3315.63559730566
1239.99832501584,8529.35898268416
1223.05970476499,3558.34122393308
2439.98782661133,8259.20981505883
6801.13793719824,7954.77819856129
7761.3904149761,7798.24939295069
1378.77167281586,8903.27882650102
2173.85595881581,9006.4558042786
1842.83895603756,9224.75681128698
3285.38428505102,4352.79669717157
8475.29687380587,7973.89032388264
6750.87667540298,7519.10455487652
1660.83180176298,9438.67126263196
6177.36115168143,7402.71054947923
7753.76372304093,7890.91477350481
1507.38663778071,8860.97156910598
1121.10060880934,9003.56022372475
1489.63469706195,4025.65158033327
1942.18011444708,8749.87958470369
1294.63359131436,3240.0084317573
1435.96926516966,9261.31190157974
7420.49550862547,7385.28439642876
1321.21847646035,8831.56686379979
6671.03357003271,7008.28172623292
8262.49152000556,6780.65485511715
1927.94878283327,4391.0272117302
1636.64028063133,3639.92055449292
1456.19620411984,8969.57285361118
8645.02212554727,6729.53495201937
7571.99656431575,8225.07953092968
1520.67390838405,8855.79032923813
1233.14622203551,3421.68931599437
8234.59925730201,7707.44830192664
1148.41016601182,8309.39157612849
7839.1623758489,8130.18317310037
7466.26793652451,8378.74643162574
7061.10859544232,8116.742416486
2031.42229099015,3344.52190345405
2321.52375896672,8594.43181891442
1528.32119765698,3613.51371176678
1488.2453535935,3870.54011436602
1612.84166762327,8806.20322914141
1378.59236826236,3656.97177919978
7573.10308611605,7793.97831070317
7878.64876344303,7793.43837646123
7135.35328862603,7402.19002270113
7755.78986337208,8125.62987540651
7774.03744948766,8231.63350505962
8570.43652787116,7714.53469010165
1459.25615886236,7519.02802023908
5726.05696572552,7383.79038859722
1305.2790807386,8352.37082482781
1832.81749548081,3838.15074742845
1676.23046328415,3720.88178608648
1081.79592474775,9279.34453412323
1150.77809775983,3541.29278573598
7061.83280652615,7999.16785818812
1848.82424320877,8846.70111431715
7343.08653452867,7479.23121054971
1041.1598236271,3875.46021566922
6269.80947926235,7323.10202528694
2665.89280100005,3768.31486346221
1123.34821902036,3717.78579724124
7550.02381128098,7155.60099308065
8587.33892149776,7777.00527798499
8229.15572316221,8080.78032692025
1239.58345581017,8941.93679451977
7582.36619909563,7362.5158264987
6905.07141715608,5501.96855272808
7288.06549203385,7542.4425704015
3981.87793304696,9105.00898059162
1445.1751256099,8903.26290291719
2001.50049440366,5607.12232761596
6571.30591494008,7551.11436779401
7623.89082504704,7519.51481921282
1317.65576515632,3255.48347395157
1310.21022529297,3633.64977693546
7423.91022069059,7469.9524029273
7716.19888833336,8044.85188520261
1630.17420880885,3226.12283509742
1219.75373010319,8687.77288935976
2139.41647234045,8702.95733213178
8386.69657303407,7115.08094707872
1102.40373014759,3283.68051332482
7616.86920940389,7870.31580069756
7349.97730677557,8213.85513520217
7044.13213715214,8129.48537018135
7434.49101266895,7990.43804556164
7223.92175818676,6590.09143983682
2203.22095086715,9155.03093569574
1368.16113191046,3686.72538704627
7592.61030641154,7538.38370701009
7382.14604651882,8280.50287381144
1132.77262350575,3638.90221920226
7397.40089209847,8337.98005296307
7649.21865163884,7535.59578715138
1460.14430443346,3752.04213184402
8625.62193298616,6820.76951551224
6892.88097007191,6954.87457279836
7671.17532697322,6918.98501335863
6908.9814129482,8034.86702345993
8038.91230247506,7303.54744623134
1753.84342260978,8512.07812250777
7445.22481401936,7584.42158876939
7466.11747489024,6894.34945094335
2016.39233204243,8730.13858886453
1372.04272748089,3606.29839559707
1547.54629115976,8959.1444389534
3735.9286178185,9270.67158524176
1506.18112248265,3785.37824455886
7726.19471854874,6319.87641099431
6480.27666267684,7226.27767655751
0,2640.05128427313
2245.21762666361,8563.21399394716
7889.11403343422,8004.03666206881
1035.20857300384,3368.18528313118
1764.04475771295,5997.53145009783
763.736620701329,3579.06632638317
8057.82699524146,6654.53376049867
7367.37749819046,8114.58268050883
1028.00247406733,3206.75308153641
1622.02150368669,8981.41458668272
1743.69500012173,8327.10826107599
1369.73273532928,3654.85688624649
1384.83498123824,3773.06780458568
1036.23829670385,8903.32579214509
1892.66319865487,8581.09279419209
943.123470983584,8280.89218607853
7999.22363261895,5868.16286849443
7573.2832734299,8038.42998087702
895.697847595238,3362.82378411229
6560.81099949266,7342.91502529035
1344.68352741005,8957.44600841025
933.707954450809,8655.19896813353
7425.46763352583,8009.7764499103
1562.57186124875,3637.92032622382
764.097996448467,8709.93863278974
1767.37269685794,3777.16966033047
7576.98280827682,7848.6867068312
1492.00112659673,8217.14631181065
8076.50389690365,7414.359908517
806.125022708765,3083.84438857027
1215.86591511226,3116.06331178343
7507.92953259482,7465.91788727749
3231.73901576586,8891.40007652006
1165.44404484449,3232.40232888104
7708.18030658463,7785.62518589547
6596.73877908758,7222.07064330017
2203.66192853609,8743.54346108903
1145.37505253032,3600.61233509423
1097.81617305504,4571.74707610608
1604.74287959468,3708.70169184501
1296.23449693353,9119.91380817303
1264.72913854776,3675.63668100256
6991.52973845391,7672.37645273619
3144.82864922923,9015.56215815727
2437.12076010229,9058.40354040067
1507.10886509779,8921.60796435146
2327.98588378308,8366.47628892555
6732.26206312823,7540.79009738228
987.772411545404,3092.36226104308
1014.90958620711,3391.54261176728
1356.84664189548,3717.1574468957
6874.88298596126,6806.16639913492
1040.85325997799,9196.56783434486
7291.03050948681,7177.82050993927
7389.56628409772,7944.28412380103
1322.73584502177,3785.08545648188
8537.63391223515,7450.27618214732
7708.47830144698,7618.46608562893
2400.56866410925,9102.03733123659
1809.90655082754,3926.52579450459
7980.46384431159,8290.07692454144
960.335484405982,3713.92629934893
863.632858187334,8777.59268490565
1345.79984154642,4207.93713886115
4663.31497639623,7105.03896449066
1343.98774924922,3532.62130180342
1314.48135030289,7448.26793670412
1706.97012707172,3386.36986502018
931.39965903457,3382.79166860036
5796.47204214811,7759.41408962535
1137.60293154748,4242.38739399371
975.051475773634,8977.98304183041
867.512880929099,8824.83679498393
8550.7258220299,7855.60378255979
1035.04250373661,3148.54955409426
1699.57894659371,3699.71402568113
8140.92271483384,8082.8104740889
1178.3049502913,3344.85487586955
1525.47360422957,3489.77572710275
7697.57025668913,7858.83947911827
7295.44983982412,7003.94200281458
7430.91778108954,8342.35371038849
648.523985515304,3273.87805072717
2486.80857850113,8014.3505621689
7657.12146820415,5169.90490737372
1536.79745344408,3484.00450523416
7638.34078964403,6993.04265576055
8171.88858629431,7332.39530587254
1900.44164164636,3543.05497698307
1830.44247281368,9015.729326661
2850.16243800537,3758.9935118738
6714.25430998976,8497.5953812161
821.042084439902,8238.40852526325
1161.10071201425,7901.99122219464
2217.60270680926,8726.64775105719
1384.84446742906,9040.30845374748
1285.43408995075,3526.65369071454
2252.77974264924,8917.50533778013
7015.11747035983,7849.3144254877
7897.58672961648,7855.29611193601
8521.04112653861,8147.33343493966
1182.8449012774,8825.66486421125
6675.91945605804,7789.66016296585
1473.11783468602,3813.02892693074
7541.72009082632,7741.21069002592
7032.97167212311,7240.45613368104
1821.00553661595,3746.11552791116
2728.67475994613,3510.13692273014
8606.21503913477,7052.30404097578
6490.4510348881,7751.22113961691
1099.72673671185,8711.61444596336
1802.24272414799,9043.25012765182
6941.84690594091,7248.28499790414
8579.77328107321,5666.50110156189
6568.56980579802,6810.42405261931
997.337439642438,3477.85468111362
790.039147832278,8806.93711442628
1973.01854168305,9012.17222996334
2217.72506105612,8432.70008922816
8451.72011738738,6177.61785642492
2031.34561044396,8676.2390694008
1211.20356863474,3548.65524523048
1167.95779875199,9369.49882366764
2032.79829747077,4212.31979783464
1510.58105714719,8881.41659585794
1264.53462866849,9177.90496593781
1472.68179447717,3721.11156905241
7963.74407386663,7093.93852743879
5567.13192954857,7857.01729277574
1831.73019430585,8743.53544665236
1822.76777467216,9201.90446010737
6445.18452829842,7475.80066206402
975.242729890252,8905.71672848518
1394.78370553572,3619.41630591063
1829.41955723061,8751.40450318288
7428.07655608689,7978.35144441013
8680.47427079197,7590.24419473589
7466.55556520608,7801.87471712157
7863.24793164179,8172.55344383301
6289.08694207598,8222.68097012215
1284.67518064924,3454.63267261384
7976.65333606104,7607.75241724583
7561.27783481449,7604.07270163306
5744.24280544781,8269.19616241928
7686.40842909374,7719.55371724212
7262.20057597611,8027.97023245051
1427.52016658253,9169.41878430004
1623.1727729621,8887.2166158264
2041.85688461015,7020.10701836379
7329.50724996809,7192.84754290166
7038.07374817058,6932.29858693159
1301.98350437888,8600.00471545512
7594.34287162209,7387.67146790785
7084.00789696191,7287.10571473702
1306.18851321934,3293.73016317587
5973.34127846663,4491.66243019427
1966.48123772895,3824.01612776515
7381.19857238654,7341.19298807741
7422.95796222048,7692.91678937021
1397.048232631,9063.91788201562
1260.67731193506,9041.17075688949
6153.85195210697,6778.58181896713
1508.75876442097,8975.59347333892
6813.91783344042,7897.91200926918
8434.26987171802,7904.20158137965
1351.55321487654,8104.21211278958
6891.39182656502,6277.46156350464
2439.03366395531,8887.57715593347
2369.75233116282,7606.14944343436
7359.85901999527,8092.81014419136
6977.19712766607,7513.07873254698
1612.2391394192,9098.29974746813
8319.32886052951,7657.75912594068
7767.76773882321,7809.70359015991
7660.76977022913,6841.98036179729
3280.61698359347,3310.82888321939
4583.26203885831,3807.31652851062
7878.58767745142,9322.20422201538
1211.81266603803,8941.73123067105
7240.2563662069,7703.54278063481
6209.51066358001,3821.77629717654
8394.86870508879,6125.28131260329
6880.01565560316,6992.38698720718
1033.40100836563,3190.92589829663
2448.38558648703,8812.91793470124
1580.64386566416,8943.73027399126
1376.05633665363,4579.49024978741
7863.38291893943,6906.4052304206
4079.29922874619,9084.8107284791
8390.35177949263,7783.13594843535
709.214368784153,2690.35192818395
1425.0150150652,8901.40490412549
7583.20274373084,8122.11462046015
1268.40940803855,8945.78655844974
8638.96183481932,7224.79696846857
1124.2809714739,3245.24289454282
6120.16361854752,7238.35258847081
1475.49339543431,8604.48943496441
1597.46427202833,8956.42040760627
7130.6958256987,6944.98498129398
1014.52995526218,3244.56915616492
7779.60894290199,7323.04166468795
7120.28167535281,7055.36852466054
8136.56655028726,7370.79419351061
7550.82107053799,8181.44958513181
958.425275255893,9091.85585017373
1413.90218538807,3493.29431957249
3381.97451902169,3717.89850063145
7571.13334830357,7585.79185779559
1388.3429638339,9102.93190898034
1381.11500085474,8938.08628277347
1458.9271263123,3663.37979245793
7846.24544098994,8037.0916030817
1714.11844320834,3853.15676974363
1415.78601276873,8970.20506774194
2535.98612041307,8493.51810741495
8224.60324392688,8436.14210050915
2263.84220964785,9005.2572736138
7474.32764717486,8299.9769988158
7269.85715731588,7885.32407136198
7863.87496067813,7617.75158680206
1796.30917674742,9033.43362486625
7990.52063708143,8028.21971266057
2182.83687495067,4197.50524692863
8601.5176435789,6419.95890591579
7922.95456532739,7478.7121678325
5157.13647367885,4570.99110015006
2595.02007561263,9537.18034736334
7495.31197880383,7577.42406988354
7027.45755954412,7308.31576549356
7843.24695519348,7876.3445442368
7229.35885562435,7192.93140526191
8284.2140736165,8291.39544458396
8549.02279124085,6643.75419086497
3099.38152776786,3293.8828662744
1017.18341922073,3231.96339041209
1585.36896413728,4010.98488914251
3238.69905054592,6050.80953786095
1697.17086902027,8888.22487769684
2024.4285504316,3711.10512723824
6603.92381900338,8193.11202940123
1414.35402422935,9178.80500225325
1465.58249671679,3821.1712508919
1572.82976003683,9152.52956221434
1159.08431439498,9101.07734370742
7375.13048158984,7397.18020043051
3271.36373473117,8602.70060446353
6824.1707073623,7707.64884436862
1547.56380723154,3658.80474030758
7109.69463024655,8172.83347560517
7962.73586121963,7397.78496949926
1138.12487369708,3671.87640327191
636.084068986517,3119.45953276943
572.156377032584,3314.09426805303
8482.97066938306,7618.57222576405
2906.25750343011,3947.80230109786
1485.09421257846,8885.22645937656
1183.31665591283,8976.35683403865
1428.10570926048,9032.7911213417
8020.80981015148,6292.67773869208
7624.14923239777,7679.19918472001
2042.99912258561,8456.94353482163
2095.24111945866,4545.69862340189
1415.22990407172,3955.94629304911
1499.60051960418,8700.22529070867
3034.49016123825,7999.32706459604
967.225415341119,3090.09453213943
7572.52203812417,7812.13104728896
7081.89848315667,7130.57544000857
1976.04311811475,3614.57500690053
2351.97680766899,8977.23003532219
1298.5678203695,3936.81744289354
7646.77202886003,8408.48800465615
8229.53400362053,6933.56886761414
5681.90490728303,7241.25489118098
1630.73444100773,8794.71336822592
8054.51340133445,5452.74748632971
1475.03116773347,3389.08331508153
1484.45261074578,3545.21176835324
630.474902367194,3419.59774854916
2205.77086236497,8889.65393936722
7435.89662484008,8126.85392440409
7729.39052789421,7146.9599064588
7433.61983987443,7852.75858304491
1065.90186271283,9259.10397890044
7594.83472511184,8124.99442856312
2087.83889940792,3815.56364682536
1139.69653120932,8772.50441863485
6727.021438335,7776.32829648768
7480.79130891499,7593.96007880459
2334.66550548915,9002.68308430623
7231.42786252643,7226.00585663185
7444.20673977819,6973.73315361831
5407.5437721622,9004.23375783525
793.434431653306,9258.24618327788
7947.89897538518,7415.93803541226
1790.94691588662,9299.18449748774
2285.93694698751,8877.06637584203
1930.45446111191,4207.6439791548
6655.19903362376,6850.08167740045
1394.269177828,3759.24363135034
1394.72087113729,9047.70105322242
6572.89577919314,8938.46384756843
2195.92854407169,8042.55167763012
7140.48617773488,7718.28707089336
1261.69259341245,3534.99172314319
1170.17080032075,3152.43525042634
1325.7098005577,7997.38837422969
1403.74439580503,3628.06597795101
8316.56376709209,7229.1344811153
1386.93180221776,3687.17551106666
1205.08914655946,3733.08986564111
7914.86696319827,8131.55276281115
2620.65414720068,8794.61527227389
1388.68844789889,8610.80683002746
1316.02461956667,3694.28433758251
7266.85321615443,8331.56414479772
2171.47693909917,4120.08682615663
7950.2466766265,6948.45437960395
1111.39632868325,3405.49191697692
7601.6549083768,8352.34706651368
2711.46646290029,9624.17794355347
1662.41141211347,3949.37122030924
1429.10589105249,9143.13519916143
957.965497532361,9005.91981653253
7299.84217336278,7235.48070686993
1419.3966894735,9131.81081067403
8098.46215293489,7063.10694950337
6802.19742585412,5855.85883450358
1575.45765425016,3649.41593683845
1664.283835043,9111.73392114113
1315.45130298996,3824.88186206308
7493.04883573767,7376.65128806914
1415.82348433333,9028.15238724241
1082.18173878034,8930.37126967462
7936.7610169963,7772.3371402213
2146.27027468167,8258.49196402317
944.268601741933,8977.37578386531
675.521775185019,8291.51861004659
7075.08865357398,5604.24808468627
1331.79383338086,5332.84371387075
7941.47502134814,7934.19648958347
8395.89026496115,7834.08557518394
1509.05778646977,8712.87057172891
8458.65736701081,7835.34104964511
1766.39330124806,8835.49401714539
1962.15359249209,8637.58826142672
1584.66535934375,9298.14707555582
2976.77609280557,7267.94030733855
7177.05573774771,8547.65679937055
1550.32601507278,8947.37425636084
8049.83833176108,8158.48085277341
1796.55692269565,8816.67915851594
1930.83589588339,7752.08801706513
940.01117264944,3427.15219846999
1341.79807681189,3525.98017218054
5966.90643564056,7848.48748465193
7740.7672780788,7690.00214301263
971.082012910085,3793.91417866462
7943.47774718033,7794.95556977149
8506.0912511352,8094.0803227381
1358.78772342287,3767.74262113054
3467.65668414012,8859.04608280497
1160.95843225037,3133.88138202612
8398.23136772322,6763.87087890846
1026.69411414088,3424.23364006935
7780.30240473374,6114.05406677661
1071.17838084818,3471.99244591152
6899.90485185936,7230.30369484624
7185.79496966174,7445.40840968052
1140.95032897566,9085.17624341574
5198.6545213106,7397.46074922814
884.087022320863,3669.64958673391
7060.08985204425,6578.70115574496
1710.85389438549,3788.63361644849
1850.10510651897,8317.80351191425
1181.92509600857,3549.74328228853
1133.67381151178,9209.34673739813
1550.21443351372,8910.43442384837
3885.53201177434,8217.4073489319
1154.19543185165,8985.36256397732
673.743387805266,3533.77555090801
7235.00164453299,7638.68124759903
6434.71756925598,5609.85069820989
7475.23261180554,7780.66444556106
1173.46706814253,3565.24583568193
5491.73395566859,7373.77315844998
1585.74709269929,8827.45706050613
1507.83134145092,3696.90801770584
1601.97718684732,9292.52992858945
1420.03980837728,3642.26082423821
7075.02221382608,7525.4085080643
1016.04518060847,8378.29111937378
1200.14850110057,3226.17500079869
7705.13192958511,8198.88500449654
1060.27922533736,8560.73520029873
8675.20257802971,7264.80305218203
1200.65151759289,3842.44055492705
1581.39017980979,3941.91272219592
1364.78029926499,3639.45292257238
2228.28486960656,4366.21697195566
1013.35141789305,3368.17076196776
7120.3149000878,7987.78481716396
7566.33299465041,7195.94840597419
1712.19717684199,8510.07984666279
1678.53173179995,9194.16665849147
933.090581556104,9053.47470779802
2095.79429359025,8385.04692488844
7324.3280236681,7441.91643167869
1104.84192690738,3428.46676742041
1460.87278044842,7797.45607724824
1666.47272276278,3949.75263898897
2530.38632073038,3291.32869584681
7710.16777187887,8127.98833695234
1637.97274457743,8791.41980970062
1703.74979282435,9206.07480144445
1585.48264484207,8788.28676220798
2236.61913480522,9055.66914431836
8350.88765913116,6367.82126512497
7489.9057770014,5129.10436040598
1923.89451211081,7660.91718278272
1138.0833810924,3422.19579840991
7363.43690485985,6625.54594515733
5911.4210428524,8179.70835082114
981.972854068582,8857.65526243342
7860.13605229229,7751.26452631088
7434.3266519278,6591.3068945153
491.315383387233,2912.09462309018
5790.46539584335,7214.12942515583
7317.42358391155,7967.67521734237
8108.00768654778,7396.83004363915
7684.23934089322,7913.91525464665
1481.05726171794,9088.19583030871
993.760955436971,3183.49258511478
5928.49625424083,6731.30636179078
875.744803049091,9162.12067341609
1343.27193088363,8336.08676423694
7440.62896918813,7509.28405826469
7953.53080910288,6770.88896906756
2069.19041514368,7677.1304054163
1530.85730776634,3920.32389274654
6540.50381615892,6965.92701344762
1256.05454454393,3596.15076190692
1638.0715973354,8377.14921399934
6657.41399866115,7612.60781319038
1923.93900801162,3665.10326797612
1866.8100533981,3845.89498376834
1274.42181680515,3656.52544416493
767.160315967985,3004.19810136535
771.892587791956,3117.84406989665
1287.49035363034,3912.32536555194
2709.08532645749,8874.91607540325
7444.65534351343,8194.89069127678
1167.10870828667,8898.90081888906
1598.151632677,9317.59361731404
2212.5743648033,7608.74688614843
1371.67531372692,8518.7148185092
1090.4045712689,3702.92879328812
1670.6235506774,3624.07498006406
7403.1140197286,7590.86229500659
1503.46294635303,9055.19422864442
1217.71981819338,3145.69542814119
1586.08551864211,8600.86424776302
8308.36630884349,7448.25690751512
3883.97713564168,3249.73455332072
7353.72730286818,7149.05223376038
7608.90656298697,7502.24635364118
8688.88216399359,6259.89356083635
7617.31980817025,7089.77782232777
1944.88703572618,5298.09984350982
1635.81447196837,3632.2917464858
1090.41337329407,3192.64648413732
2611.20504734435,4295.78273502052
1311.95438403466,8938.03149535788
3204.43244800007,6181.59539340737
1611.88759772341,8243.05795223842
1374.03753974355,3754.29058920744
842.565278542279,3603.51688845921
1102.46055039863,8556.65749990751
663.187410806062,3240.01252679452
5807.78338356827,9001.18545364475
7750.3146949712,7298.8957259773
8048.07071763088,7946.02601058716
2117.44448166631,8415.96775912542
4265.90416968713,9305.11433258296
8207.20321800707,7249.03466554174
1512.88165038323,9452.02228271258
7327.96607386728,6262.1584544274
955.309984156663,8299.53336344604
898.27215034451,3349.27882038005
1996.44510247594,8958.94222365792
1083.63991862287,3206.42428478709
1820.27520433124,8298.26910636655
1216.34624978526,3517.61627577718
6920.63172719999,8629.29402865838
8827.15623950585,7445.38947391861
7888.44916614795,8455.03184512214
7082.04109573942,8044.97552842915
1669.7414452959,3971.36202791355
6671.0320220824,6310.36216285641
831.730876301639,8792.1283456234
1191.7492816394,3374.53642848995
1035.91591821886,3441.74027027003
7392.48126590437,7612.23519174645
1686.06525299347,9191.30567751739
1280.82043836981,3513.68307501684
6885.15651842974,6841.91898186878
6750.11514199877,7449.51440087847
1632.17551413579,3529.05500213234
1364.34612147183,3603.60163693186
1446.64672725405,3806.29175736928
1707.64669325037,7442.01713447159
1363.88680929498,9129.98937342749
8361.12129817819,7717.95729173505
7975.34118730339,8016.41809595066
2296.18985215119,8790.6748048359
5797.38876379225,5129.75267161169
6969.25689075723,7415.57931709727
2051.07874438944,4406.42681142661
1281.52460877741,3640.2691283148
1300.83393009323,3641.25944212014
1720.35038091857,3858.6059910361
946.176793088815,8578.34678971088
1659.14375098802,8239.76592799174
755.914583225241,8677.260057901
2160.26529848403,8867.72005449465
953.851785679723,9044.39286428441
1878.74397557909,3847.32501035571
7623.35073739662,6799.72150274354
1470.60976919741,8602.70366647458
1381.27134732304,8384.06268730763
1683.50174953001,9140.90280166778
7673.65425462662,6913.19942309253
1568.65964463194,8606.67750333719
4661.55763193757,3351.0756298298
7629.67302532394,8003.25389266404
1516.60194688753,5849.30804782322
7618.09104228856,7975.24893361485
1403.90146700801,3768.6242534041
7662.80114952012,8133.86569486177
1520.89289918209,9129.19614852446
7716.8651919747,8099.4738952167
1152.0937720283,3362.13847725582
7439.27914248789,8116.34064345546
1557.4902632072,3743.36022077844
1884.94029595895,9200.38392179518
1093.11948045417,8533.31871153285
1459.15553678985,8981.36238097048
7358.30277499635,7494.97606359294
7803.0906674569,6922.69446165704
1360.55980284403,8825.348328627
8718.0808646062,6667.40118810717
8102.90286842072,7555.71903124002
8554.6406477662,7701.10400723557
1231.67820934043,3612.42022661286
8647.38161951824,7104.96640510999
1600.76961585045,3710.67487088664
3347.06300340597,3383.13982553898
1753.14124036727,9084.02143552363
1902.53209909797,9581.07352745451
7008.69706716622,7579.52801256016
4188.68752997517,3568.14538647758
7564.74679851635,7189.75585125767
8820.44055836704,7952.58279161814
1776.46007205578,8414.33156062333
1399.45391675398,3809.26848844521
6109.65256836449,8978.31921147678
6560.050628574,7644.11867994443
1848.82640027594,8564.90976823248
5978.95743456954,8420.37676449442
1286.35931353062,9199.73749867331
1845.24574451969,8855.451657222
1505.67467283942,3683.91563460924
1577.7400748807,3949.52041553992
7732.32094118264,8378.13341678827
5724.28821190413,4251.47989480913
1077.24393918364,3332.98276429923
2043.31256831284,8509.41032964942
1072.82856954642,3832.83887330897
7973.47704737021,5575.41112717033
1281.7171899853,8499.31027733805
1493.63301329549,3930.25711289402
6398.7139107658,7965.15232036792
8080.12757472,7325.62001295528
2242.45235225777,9008.47877677203
7781.77014095365,6845.98815221903
983.861147935377,3541.86810828826
8178.37027362334,7227.99333175929
911.8441488024,8857.24304117478
1410.46047337839,3532.6174433046
825.55513811292,3450.71045320155
1250.68902869683,8526.01821844256
6363.84638141297,8807.13972323707
2083.32267577333,8737.06832281983
1511.19518604331,7516.42121831643
1336.67217019613,3524.01192375516
1731.19437884152,9387.36053942198
1357.97786623219,3685.42646493693
1272.89950297503,3450.68616420226
7541.50970867941,7949.38908248642
8144.97344683425,8212.19655403116
1145.97904719296,9346.13182507705
1458.02350735933,3772.83549154316
7842.00861091668,8198.85394436998
2448.33108146766,4046.98998878814
8399.11796358566,7732.46039244288
1644.98038437703,4106.34939886218
1210.73586211326,3720.99228117968
2402.17086677433,3657.49827871322
7361.43577036603,7169.22041897405
1094.76165682457,3732.28468903116
6943.70500428782,7205.29670949963
582.909970242902,3114.68942422295
1485.65926876311,8837.03841289799
1990.16006166761,3645.89682833094
910.929227301818,3144.39450937695
1550.69462086373,9401.04644930839
1769.26034510711,8899.12005804466
8404.74773751487,8157.22723454428
1775.88815340255,8846.15309762944
7985.20467234563,6927.15821436077
8836.67676368104,7843.37782972528
7691.98575204961,5725.33026247914
6454.19179995844,8142.00088877326
1631.21602379873,4069.60951368706
2526.28437135351,5238.45712132734
1876.1597695351,8848.59420168501
2472.56233201541,3703.43179542889
1128.26150431104,3691.73241790142
1708.7799182335,9053.98605283883
1585.58803847911,8944.80409839453
8470.13990915972,6880.84899752284
1069.48990278701,3593.36161939427
1385.55507009609,7829.57932188231
7156.2306860372,7822.82322058296
1205.51626533888,9080.90043864109
1401.61543534381,9050.82859425278
1964.59284288593,8772.14747586363
1446.94336795869,9247.53557870079
1416.86542669669,3640.49001983749
8170.5161207571,7703.19227463335
1490.60483058088,3702.63557873321
5602.26644763983,7815.49180984305
7938.94802633075,7690.99336649074
1723.97791906637,3741.37370948621
1084.47303309431,3473.40762643632
1490.36174388631,7701.41734772718
893.770447395186,9028.34006553066
7929.69889196968,7278.72223346122
7905.42749539756,7498.39900539133
1377.29389386181,3510.33050672179
7641.99795970616,7309.4788351915
2626.16830584898,7864.63645186356
4812.14971939986,2777.61163645188
7565.62522043162,7614.6628463144
538.311200293139,3049.31696377989
1336.98697303514,8925.02182412723
1886.20653234916,9179.01544091101
7831.83176916439,6189.96204791908
1557.4143888912,8517.45940147637
1411.49824538356,9048.15008224471
2257.8713499503,8282.38468957838
1683.10439367828,8901.45928247021
1461.92843093342,3354.81175303992
7372.03382513592,7063.75151510725
1075.39939801008,3714.47623410545
8081.91875839744,6405.02879089912
7986.89883341217,6468.07511189441
6858.01208505559,7347.29831401598
8599.78070301564,5837.61419669617
1175.68228822168,3575.95333599484
7470.99303943886,7687.98377875938
794.020588673982,3322.31329982384
7035.6625692287,7256.49194875963
1629.79011820762,3741.33733386485
7532.51158592565,7891.72994131694
6914.01417835339,7426.58749899434
1075.4854568161,3255.54022241637
2131.30238008049,8871.01675803038
7198.02760828141,6982.57631356582
1876.10640900789,3955.55030035028
1097.50415111534,3441.93347471117
7559.1998422029,6723.38849073707
8054.83263114677,8242.4411187004
1097.57317966202,8104.98143241395
8245.33642017691,7244.86667868306
851.947708569827,8998.60297181385
2358.42048154051,8664.88890510804
1435.91079498467,3492.78462532242
1421.21757612865,8287.42751082932
1381.42049979366,3731.94033189639
967.178092580306,9167.85331111255
1495.95384226497,8337.79336811933
8588.78599608031,5607.82579564347
7371.28915367196,7716.38746700058
2190.07632512409,5940.08005990932
2093.84013103237,8776.69942643086
7259.93862174446,8109.93179610553
6709.19152941411,8084.15791800863
1600.84208741111,3525.81940784821
1504.06405387139,3669.62454140466
7936.58660791112,6782.15106343799
7481.38589630067,7856.79005650649
6552.74095364752,8011.84545091903
1888.83737599545,8371.28154893037
1278.00612968394,3737.44134216119
1854.63217249043,9057.54989672278
7286.29311244997,7063.47131326829
7680.975086623,7961.74602105342
7269.67629158021,7943.18059944724
1172.62612439011,3817.04932831637
1569.17865863575,8789.885274684
5192.95318623679,6928.43725621985
7408.18380096293,7309.82884747579
1259.86724918894,3769.10924968762
2378.01521944992,8928.93336898467
8011.16869803939,8033.68527505708
7746.63815663466,7458.89334510281
1559.3787055176,3697.4048430252
1038.59202485052,3920.50924528162
7402.034376962,8285.88907900435
1579.54078629474,3918.61534935755
3403.95595974163,4150.51763382748
1745.54672393419,8812.07278415962
1025.56235352812,8958.25098438196
1229.26436357271,3500.14767620252
1447.29304354009,8919.35832321107
1237.698929435,3755.93013095358
7888.33771814375,7886.27782484024
1722.4866511422,9083.41855990963
7031.98185817731,7482.76948658301
6915.0478249547,7583.40655372518
1643.9608619925,9298.21693415007
1067.66492711349,3468.96836266927
1794.25610358731,4670.64146723892
7563.62535566627,6573.25740200536
2249.68010295321,9176.28756649199
2147.70497788145,8965.48997269995
7420.92668924188,7326.57153360325
1385.78020090124,3404.80363871307
6208.93297942404,7669.48396869687
7400.60545132563,7111.54745879946
7456.81638302706,7837.30128053885
1747.25900787214,3813.83210183787
7029.48870273983,6750.87412388066
7730.58280031851,7785.17587976266
6688.19459119596,6955.197435804
7662.43209158943,7696.56251846542
7155.70207155868,8299.7422485786
1781.40842586098,3660.89785787884
7964.99919638082,7477.40516361622
2147.22496517215,9102.39731792713
8793.23187911234,7611.73086676243
7567.30550781497,8341.07318608158
7601.81083099033,7735.25630475002
8589.84125667424,6156.40742345624
1551.73715829244,3721.06875371398
9048.46575364883,7051.94952360516
7387.30353235349,8463.76505268585
1280.75753235023,3218.87368543348
1320.51589703197,3715.92236662241
7004.53070386408,6642.64344858524
6909.58137125697,6996.61349592196
8608.25975420241,7835.93972685996
1718.08967152434,3744.95563707594
6618.15506424636,8300.82097342575
3571.31081983701,9323.60658019184
1224.51116227334,3686.97534788639
866.583022966535,8839.38007361598
1531.78938880318,3831.77979126417
2695.52050000675,3734.52946211346
1573.20910744867,8362.06734163278
7323.33951812641,7839.64203678957
6617.81456891075,8397.51914267446
7782.49430432862,7281.64865264868
985.57934508487,8611.17373479444
7931.38087644529,6512.62115310166
7046.52950956208,7576.82039302558
1578.23674305568,9182.01077928052
1327.73935062539,3713.66963257944
1284.62520079507,9133.05592233282
1183.79371207841,9074.34857693091
1148.62658452851,8193.6857580673
1500.56511632317,3629.50859488847
2224.42938244327,4698.51082927283
1146.91805304756,3592.68501470404
1301.54925051456,3618.62436334282
1633.71408664864,8984.04703528307
1964.91320204698,8968.56301214685
6685.33183388927,8575.58186727364
1972.24958487667,9300.27373855098
4988.09245383737,5217.37872998689
7002.88279939,7942.52949545994
7828.63338436183,8367.4814098909
1493.62427452039,8998.61048148118
7800.40961716622,7458.65532025729
1114.10111553221,3552.17727187345
1386.97386892492,8976.93985932989
8005.50300061332,7889.74048459082
8592.61393246396,7082.95306831758
778.809495752914,3325.30647002808
623.397008663268,3040.23208963281
1620.39350328556,4198.03683089599
957.151169713534,9102.76969928968
8188.88241843669,8116.64627877295
3093.0860753563,9037.80904667178
1452.82087057343,8806.50386770982
1463.74399222124,7793.92988077384
3592.56222956353,8352.02325179277
1558.58500126199,3858.35593219902
4595.28739086261,3423.05146226046
6355.20359338664,8099.07041031804
7564.70910589586,6512.24725556842
7768.17847081987,7824.78696330542
7411.5003255657,6446.99136177604
9371.28995166528,7564.29691337199
1495.48785562017,8827.27413407567
1470.5678432682,9466.04741097648
7180.97422313465,7872.8467052691
1737.95326948833,9034.45066210435
891.694362618521,3573.90260729139
6966.77908397239,7762.93886040034
7273.04438870601,8088.39756119865
1016.97666156619,8745.02804261391
6827.71481651903,7908.45601823347
2124.70866576509,8530.88287717
1215.97659527971,9173.46255572373
605.036272287182,2991.01997566182
1473.8438108002,3694.26334741815
1244.19979848542,7415.53717405169
7825.55738427482,7984.83822235553
7141.02867844225,7523.13743539184
1809.80058780831,9279.5232374303
7893.81529149584,9173.55488354059
2836.63909269103,3862.19610831993
5734.55953641002,7113.45120945035
1409.51447153471,3593.28636513664
1616.29229123909,8767.59668583411
1609.00979639049,5326.80931649054
1395.69734406773,9157.78523500718
4607.94727324955,7598.54244080688
767.403303765813,3126.85894354239
1492.16746952141,9078.70316813191
1822.46469949668,9156.70929501608
2027.5230283463,3648.05951767902
2075.52444514113,8703.11743572475
7956.59587174139,8219.03876308705
7107.90044417565,7305.06772214675
1014.34719642685,3065.1998626519
7070.76291635701,7197.99784183027
1920.54995397835,9036.62974178817
6863.07912820901,7202.03898613381
7366.49768902114,7260.73359902897
7256.07123850672,7038.19636500773
1799.20089656658,9415.84670336971
1087.31108856594,3484.673332885
1901.96416633251,8964.58209635336
7839.44999228968,7825.78496227576
7025.44749815139,7663.53978376316
1218.04484718219,3755.04364385862
7346.20467141239,7707.88192661902
1665.88226955015,9074.19116118391
6224.59345496688,7836.14723852126
7079.61416912455,7259.03846324344
8190.9996215759,7186.94922118425
1209.50305487733,3437.35039939914
1846.51068152865,9802.94536042214
3116.72571882082,8147.82058439833
1576.29762289247,4006.18773410862
1746.25556651158,7897.9416487826
6724.65772286818,6805.78117520608
1537.08001452587,3848.61625179632
2337.34458580789,9109.83417820728
1771.47898791184,8458.09506754598
791.611804715254,3563.63710415896
1085.57011968569,3138.7415783841
1009.04068522594,9151.29079899146
7409.56552826248,7516.39966864924
7524.94958819225,7805.79872724456
8429.73809039784,4655.97049993563
1196.53186063444,9049.41786465664
7762.77221150741,7821.89064457948
7725.42706404845,8027.80273560063
1067.17316710358,3709.23810683173
1176.85491541059,3776.77440314165
1159.55828246365,3782.52529060131
7226.90384675014,7116.41065899297
1472.28700065902,3762.29760648236
7410.8123170626,7638.9329796274
1785.538412949,8895.19445122891
1802.36625517323,8475.16213688759
7463.28571943116,7741.24437663069
1174.24258869743,8896.48098822473
7630.62379302644,7339.61689281139
2329.20572557007,8164.59535134362
1222.95984420867,8916.69912156359
1232.53179538076,9230.01764287567
829.264878488365,3302.75762328802
2331.10757818274,8890.39727560496
741.171505398241,3246.38169083735
6137.72142217132,7246.12020110794
910.096987567748,8812.82559675249
8020.08168725114,7670.50329051374
6665.73807257422,7666.76542737913
1407.69795696525,3800.09576599946
1496.59843209216,3511.70467166505
1323.83415523867,3826.033583022
1149.54799733575,3634.08300817209
7659.77652315635,7809.06083078742
907.629768800582,3975.52768474522
7407.08369562194,7764.93912225384
1446.27996073795,9191.4344145902
968.736254982658,3485.05933838678
1481.34371972137,9149.5256032059
6835.13860401461,6763.7686915855
6735.22513296325,7510.2644495157
1302.64607733732,3361.92852425898
830.853698266049,8618.25306671591
727.608672692723,8293.67114671849
1033.22339098635,2844.91091199223
983.071333187472,3182.41479079566
7566.83573773479,8083.52242011732
7851.38670641921,7081.97536995059
7217.80179775389,8142.81945888818
4853.11723594841,8426.48276449698
1865.87960738259,9295.42661254967
1714.62943263271,3958.83408271197
9179.02455075358,7496.03917905445
7757.93301683839,7563.35948120687
1400.79466919783,8008.07288092495
1399.46677968201,7639.45317559219
1822.22134797473,8832.16573108015
7898.91886614274,6905.81149616978
1525.92495066417,3066.87633653355
532.307913137116,3496.13208084928
3291.82326738489,9206.02696237744
738.83749844135,3162.79255206435
1338.68361494666,7470.56944198036
920.4925136914,3174.25431885769
7597.86566355957,7841.05789271106
8067.89784679536,7778.98675616357
2870.49137259595,8634.84506528082
5125.07048894322,9080.86194542309
1287.76152070378,3237.54464651916
1500.7278993858,9121.34181845399
2041.98996950123,8868.10542208021
8210.75674108745,6831.60882327658
1440.32715717549,3641.18323679268
6968.06243662006,8027.22660797208
8901.32324211994,7968.89615338169
4943.94583062329,7932.88142444862
7517.51983303237,7747.85713849805
1272.32937661907,8219.58506135997
7084.44746797618,7372.30288822081
1373.14899074569,3547.97602352848
7425.17557812247,6794.16358101902
2510.85183043434,8803.50429546678
6432.448928666,7883.56788506707
7098.13992156119,7584.83810435005
1185.91144800068,8185.10740466214
1987.87065012937,8693.34556581407
900.985019345122,3154.92699449969
1079.31017530489,3600.08912351365
1575.39761287297,9011.4664139997
1509.4573811839,8938.79991355252
8050.24556400592,7786.55029435053
8022.80023425769,7682.72017919731
7245.31137104246,7977.67740625069
6873.44025670239,7284.4943071743
1503.18014602725,3857.02676861901
1533.58383953579,8822.440437901
2026.08921570077,7378.66949627674
1955.48443117086,3539.08658298287
7339.72155328328,8404.61846814926
9117.0370683667,7644.48007422605
1226.25549910608,3701.51244409134
7893.48026862438,7140.28264325376
7631.35939693681,7570.30736744146
7510.56614785256,7043.3024132216
738.177267524157,3087.42378283685
8559.77300192683,7064.97776697342
6500.56610273968,7491.3457161197
10000,7197.69626970529
7611.39002169907,6399.25423531569
2043.59267218333,3698.37595291305
7106.65736754281,6871.64074212561
1475.24112914333,8924.66963701301
2268.43667570147,8703.94187009632
7786.76600197295,7275.87283866433
1655.47807241634,9112.52435178195
1016.63451461032,2968.27979766729
1042.16826095202,3272.42497754146
878.175990288933,3394.0279522161
1704.86333769325,3902.8991729922
7388.6918264344,7489.42456392422
1082.44691760352,9287.71125657155
7292.48310351385,7666.18897600267
1270.29062629723,9266.29422236723
1416.64168797117,3474.31916186686
3651.88637867817,8645.09692362146
7587.10578834521,7404.27661614938
1054.13432481058,3387.36060078339
1374.24744270092,9000.30240449206
1644.18072334172,4172.93156913034
2031.35602287068,8974.62531954297
7569.07638391986,6829.89857850399
8254.50705610972,8262.41471943165
8094.87786081606,7601.42903397226
1393.07808760248,3600.9116097379
7568.33206920741,7766.00888058716
6282.98554337582,5270.43333558382
7214.70685470667,8557.19458057042
2399.3793562165,6535.73640403242
8698.32807168843,7155.71592895164
1338.28934287158,3659.16626929883
2058.53358449548,3859.93578247299
7075.83650873449,7252.50906150028
1272.97145480118,8219.05611346835
7589.14195634661,8047.63742480213
1925.61724910801,4151.03566715865
7019.75577837147,7518.65105748479
1501.24105102403,4079.90785010159
1564.64865228789,9058.80211773707
1832.51933038705,8126.4597672545
895.218288926863,8917.59754445694
1533.92782877622,8423.76243590404
963.02156729462,3923.36980717817
6561.89280037373,7910.91342416701
1290.61607228439,3802.91597390541
793.003520995767,3358.04364378349
1013.70027324782,3284.05088474266
1430.56344306059,8711.45969187334
2335.59098394394,7868.65205968211
7125.85066814515,7975.92669834118
1935.43431143922,9240.03846463736
1155.50227369915,8998.84497776458
912.019770272715,3497.22031965498
7439.05779016521,7744.3316606976
6068.51392251988,7284.61090033617
7517.20316526126,7477.48989807228
1078.68649205979,3465.76929867803
937.208342970245,3409.37162505981
7645.97215112587,8062.62494187328
1606.44511762605,9435.71758420664
2058.1174743621,8788.62948657766
1878.06293120411,3949.47741599979
1892.77278061894,7885.73886181036
6294.71344785177,4086.14741872385
6091.42466488568,7776.11448225128
7304.00778737039,7022.82225746521
7426.18230244231,8908.78109329376
8037.74897546166,7916.69333286564
2019.62937707795,5698.87665582748
1782.57792534937,9123.99001593592
7063.19561145805,7740.48145657873
1505.59024135384,3786.84315477187
7939.77434151531,7819.91709496312
1738.43656107043,9366.06799180693
7869.57071421068,7500.63227707005
922.05844482799,9100.82243790864
8473.40839046566,7819.79810017824
2244.20717664576,8888.83225746969
1639.93738435387,4854.66577016516
7858.17682343626,6711.14733912668
7947.13104129753,7835.11638273176
1129.92342980306,9162.34131338014
1388.56662026794,4413.34481296106
1554.22926155444,8252.59877080861
1855.39886506562,3421.53294612019
1668.42800057052,9237.24133846734
6568.71366710385,8193.7491335097
7447.42447286985,6778.07349592282
1279.18166227292,8778.6250311182
1329.18754784036,3660.53921374343
1794.51596974495,8024.90827839829
2985.2364293239,9002.68813142848
2183.30400747934,9211.49387875266
1277.98751901619,3835.95562540474
7237.58030956246,6949.94655814508
1319.86688142764,9036.27607366204
7440.46366744745,7888.33309024548
7317.21487147203,7266.53812248533
7755.04350935242,9263.54935963905
978.079684177208,8855.26424753775
1234.88971436524,9009.52071219688
2046.7796861651,4387.13777038577
1555.05720405979,3587.28908190527
1529.15582753715,9036.70813964341
1239.74247222682,3238.06660217359
1051.95267776452,3435.73752198946
1922.31040950928,8915.00070795407
7689.24345244461,7895.42996158391
6608.97379357554,8209.50904881425
4713.88268122673,2812.26236533775
9220.92025368244,8183.65986274335
2122.64863611373,8798.08184379288
2127.94395379805,5092.23026001315
1059.84637781412,9265.1837768691
876.174484010336,3514.34960180049
7090.33403843456,7920.7800015857
1533.6614516131,8811.76416568075
2193.33495841153,7930.14340080375
2226.82709325953,8949.77240298503
1194.05331475899,8952.2937059579
7712.99011384674,7819.55848696348
1301.85568673517,3764.75029820186
2494.83112082599,8177.23290831
6742.64744754936,7371.56134665533
7370.95339144358,7189.75555657844
6684.00329079689,7158.53085669843
8168.31389793648,7154.28651089849
1291.12136356872,8984.48009067548
1259.17047568649,3757.51316744035
7552.06999877869,7965.58338702516
1330.58236162217,9273.27061111808
7120.46124654652,6009.44904277813
7029.66695967866,6960.41301266415
1223.66340139247,3432.94303849793
3937.48923844971,3830.58068658026
959.521248554322,9177.7415369751
1134.07147934141,8219.66316772377
1677.56502519771,4974.18191286367
1604.75522910476,7373.44551317287
8299.51623710737,7601.52802983841
1092.16265789877,3546.501712449
932.592341042251,9235.6551490076
5853.7888911108,7907.60058320263
7815.76985789554,7136.09591739404
7318.54360529954,8266.32592734429
1656.96799950404,3772.76533804498
1331.88250361886,3782.07398027496
1914.5847471639,9226.19610423319
8277.38440592418,7606.37791566737
7319.98061662096,5769.23962610446
1365.74678971911,3652.08483937324
1710.07104005492,9092.4095301041
1134.37951044604,3484.17542030531
1550.95429451833,3631.02173957672
1887.83002287009,3578.22196395666
1213.56654494284,3745.41059805233
1952.96084005022,9203.36115328601
2334.36380969418,4072.40392085911
1299.2166803573,3800.28931076736
1328.34825607326,3733.36312537802
7466.55948951765,6266.29129693818
1632.97239668276,3949.24318754019
8302.21417630822,7432.91947152236
1312.81455404097,9469.10118029932
7528.46641770594,7667.31920853025
7220.96060375899,8934.48087796411
1695.40277305696,8703.27093330382
1262.84127475157,3552.49211658605
7495.42076181342,6840.18569174876
8496.83760509177,7692.45736744667
1192.61094494378,3528.09018724296
1689.12976448669,8576.63345328523
1516.4491870949,3747.30493073334
1191.61922625604,8160.96920108133
6960.90867162656,8580.01522830836
1520.79055656673,3718.20674463984
7537.36618185818,4545.78587079703
1183.89102030935,3801.74125071654
1353.88073768737,3857.33581437063
2324.27471836835,8628.73972273621
4194.98824113662,9001.8030304677
7842.28201957415,7809.28086438267
1178.14439046362,3936.84699540157
944.164882439473,8862.40713352178
1690.60711746,9069.98272493564
8047.21432667377,8210.12647052761
834.923128095225,3231.59238401875
2018.40242104255,7291.76360045436
895.837359736743,3272.08124678679
1254.75059495784,3257.79393879667
8503.91073341326,7881.25822934844
1356.06548030304,3538.31135738508
2306.64936830237,8643.2321923503
1492.39782706926,4039.54455633146
7038.85894014836,7952.1423455123
1345.71003400991,9207.44039478102
421.740531903315,3082.73622053479
7487.15190195579,7544.59791941818
1836.20973235977,8837.55297427173
1881.71638181201,9235.51419593235
2387.47396366886,8758.43417396041
1257.85800105153,3768.05894124341
1653.6583223994,9327.2280146494
1363.74518701408,3339.45477973864
7442.83781596453,7784.31596468024
6967.24986620713,8159.99908907657
6897.45746709444,6093.28778582538
796.417602082707,3150.62322653809
1568.35922527303,9046.76750794137
1094.80200117567,8963.31071433515
1658.053419515,8710.55261484169
1705.64801167429,9187.95750462107
1657.84818836986,9056.2106260053
8206.83022195463,7886.97642040903
7155.5842366404,7204.71634469411
1305.96641635809,3399.53078829771
1667.71350609589,3351.05995575719
963.295917540743,3123.75746601117
7184.41991157893,7037.94854560795
6966.61810253689,7420.84220975308
7420.32480489831,7727.58424061177
1179.56965827618,8003.42359501119
7500.41397795137,8108.79555686994
8592.52430717668,7316.63188654917
884.77985986464,3368.04674422294
1881.03762227151,9524.11550580843
1425.47716306366,3911.82284195237
1845.35961530466,3913.80659777737
1414.45399708852,3686.56801660111
7899.61056867465,6799.95596925692
1024.30130022927,8772.02265096728
941.279636751292,3210.42389841545
8158.06975928296,7510.51373389796
7327.25694965447,8305.07387999341
1387.88578254786,8110.20112570291
1478.3337831657,9146.5658692742
1527.80752910621,3990.38942973899
1735.23484424407,8709.23359462423
1754.7672414347,8851.51742717244
7260.11351033655,6672.53665395622
2249.22523318556,3888.78871907193
2184.21956982245,6628.83449798006
6772.94503759787,7250.90453820001
1155.46155549429,8805.78126913298
861.673396252626,3393.88567005984
2687.93236493055,9024.66974479038
1774.73954278524,9121.68515179132
1533.76924534764,4181.0275411694
7931.83061836041,7112.59758608129
7435.51675367002,6321.4062050681
1216.69768165983,3875.11873900782
8164.62385221841,7744.76777039042
7137.86358161878,7259.87480996574
7026.48706990728,7387.2164509469
2211.57515021953,8337.07602663281
1606.26770666633,3668.43893006082
1300.69337173613,3905.23298790066
1904.86738843981,7926.04972338024
1857.59883724505,9004.17523070777
1419.73812974062,3465.65847986127
1450.89787339663,9110.7893675851
7186.04276453496,5355.26903829531
7903.00259620823,8086.29788962585
1019.21097426288,9059.05675312429
7903.00630130475,8094.11496733867
7757.20601968568,7132.25835271148
7867.59034853186,7583.22361039817
1778.80047107869,9304.95540512685
1149.40005842538,3642.85632147533
1491.03849734923,9111.74935364173
1592.96119119031,9139.90499924803
1290.24105739826,9070.73545985531
6664.80274579254,7413.24355250123
1937.43676496047,9304.92618591917
9263.90371397756,7997.95559953004
2510.42808275342,8237.35047447467
7563.81723664197,7848.57476673408
7789.42660431144,7159.58132711397
1331.66197126011,9306.16921540463
1308.11382441186,8935.82755174612
1644.24799488807,8612.87894405972
6463.36264057216,7373.96700450949
6220.46546235858,7693.71095073811
1592.26958130309,8764.89308534696
7486.42288846561,7659.70931483113
2365.77572419379,9219.60373725567
1571.89670863747,8958.01515773907
7562.69165656197,7803.21274248538
8778.54918433504,7610.08233604829
7136.13094706016,6883.82430252099
1629.84954331878,3543.19693590131
6718.46779435304,7670.81521770872
2639.46242045293,9066.50250898099
7278.65479829243,7422.8287510858
7626.94230265011,8218.35511173912
7261.06282235911,6995.81259804915
1286.04788950117,8719.07173057912
7891.16164118086,7794.8608064449
7994.90457270257,8192.93833097496
1446.15980861965,3764.49228399165
1597.81926812161,8962.96725539337
7738.74637699737,7673.23888587524
6956.86386190246,7530.14123388944
7572.62804982564,6889.37652944297
1268.0787811357,3562.31563654812
1715.33197998022,3655.57233050705
1598.34586046653,9028.41152755263
2052.79995547341,8505.03889317291
2268.52789099707,8658.22562527486
1561.66295586261,3556.41132504463
7091.55750631571,8054.58506315999
7306.09816836478,7187.87157913691
1152.71686670218,8939.36924096965
1548.43140484588,8948.76633353183
7634.45939292535,7732.29838959172
1408.91421440753,3595.83228557536
6443.8757369363,7276.91750033739
7407.70004021293,6258.64629896179
2184.8812599006,9125.45518318397
7473.33094069845,8681.41359991551
6143.58675016172,7959.64857975223
2050.89891618729,9331.61682175327
1117.19260699772,3202.76011644787
1339.81019096259,9016.46360797483
8501.81978984641,6926.49625175854
2101.09944146006,7911.49714819149
8526.49614590162,7062.26955061554
7525.86391427497,5966.45704840633
1202.35111395584,9291.38426833481
2325.62378622585,5055.38935105692
8411.69464993813,5815.70417539826
1782.41849248917,3821.8794759175
5453.69201239036,7263.45415630159
7443.13230968652,8248.01754742808
1208.23174159834,8806.93434870887
1126.04718622129,9135.93778958189
996.351208178116,8839.96391049447
2540.84113960855,9201.10985556328
1827.03290484866,9058.65371040022
8241.48899553415,7531.29893099063
7086.61539161274,7562.0655585581
993.02494909743,3345.39669147119
2351.26713108927,3579.038438304
7014.11998482322,7945.89647152968
1781.72503070774,9252.93693385294
7594.36807953979,7438.14269711556
1754.1056347252,9081.20351530313
1659.089486881,3736.94515495339
2245.80323650987,9223.09618806208
1396.78594591439,7752.51937780162
7231.09116573138,7700.18807103111
1138.63623674836,3343.96227024632
7996.29979740924,7660.53662137238
1272.27130083595,3630.43981192717
1573.24874319791,3353.23004364291
1673.66953434015,9149.36261797836
1620.58154348097,3612.65045415035
7506.69439577534,7916.67933152564
1860.80449333225,8946.47232786502
7286.23020900027,7393.44889242073
6668.47104526587,8248.8510735615
1538.30390438009,9523.29155081078
1275.81702734529,8992.40237274607
1268.41351816318,3687.11237931502
2181.57997759057,3984.88305246943
7368.49507912833,6780.27513531122
8421.69454183401,6685.17894334886
7086.88026205883,6919.87078780008
1618.85816597816,9211.18578975019
1350.68250409987,9248.69959684254
6788.07939402977,7958.97679561668
1392.5622187105,8754.977742849
6528.01054794782,7771.15660755527
680.150413366502,2999.38266807299
6804.17313213898,8190.295900483
1537.14618288594,8903.9857468851
996.488978788405,3861.66756457229
1569.02898730492,9035.4778123492
1543.76367198819,3615.80148635756
7759.26674675036,7862.97783693572
1042.19865517323,8843.71746537953
9078.12293505888,7706.4910902018
1699.6447405285,8948.77973081349
7573.73247982136,8177.18172795477
2388.88445483058,8380.33733192525
1623.07910296986,3695.5033240603
7714.38471589452,8623.31224642888
7626.7760132023,7392.23565065453
1014.59941703636,9142.93095403739
7798.15345400527,7348.62945803362
1693.18172010269,3815.62529560494
1702.64534405513,3670.62393377566
6928.64200653693,7033.67284624689
1537.65163179771,8554.8058406936
7778.93888783216,7173.888174423
9143.75201619821,7791.55533200172
729.169033998199,9197.50287391111
1118.28557880548,3375.7217184539
1063.33539740135,9299.87561869085
1968.45309699329,8557.82334069804
1206.93717057389,8278.50974945035
1507.16958015967,8418.53582298502
1147.04932961208,3500.52732126215
7483.83522861726,7332.98850832026
7795.10603403204,8375.62127577505
1943.60053284297,7284.16880974247
7134.19557791639,8583.74011651987
963.038096895145,3300.4139946441
2746.52766277232,7733.51003003188
2054.05388987853,4886.53517931554
1448.97568193092,3923.678311593
6641.71038233996,9288.3478996107
1010.2808854646,8927.44716163086
1060.71810560776,9139.63864813551
1030.4001926733,3494.57810816759
1573.36698490231,3691.85222722098
1747.93263805022,8816.45202176811
1840.1806757973,8845.61657377275
1026.4729269441,8981.7883797042
6631.49799848263,6546.91730810229
8066.38638757715,7640.91889301948
1521.71126977193,9162.81895073407
7173.73177262306,8033.74668349642
8400.84573058651,4612.06853744407
5503.95222952156,3570.92744092112
1025.31306936518,3848.7066528075
595.035919705481,3019.54211788459
6930.40092063185,7769.46515979294
6712.52556954683,7577.7512129462
927.778146256368,9250.55116409498
1489.04903187141,9121.5082625561
8118.20931133451,6080.70480329075
7706.92812827047,7600.25942507254
6071.78630850219,6448.39600929203
1408.64031254162,8804.63434452904
1083.82297370643,3554.41458046071
714.332477933606,3053.42124287518
7468.55374879309,7767.37179727263
8243.70792420363,8160.41213666751
2057.01757083516,9352.10241761448
1928.23588397477,8514.84471516745
7921.12090886355,7455.41913688601
7645.36246055275,8425.03320381246
1634.81163032811,9113.86098683556
7503.31175790251,7458.21007552257
1997.66658819666,9083.32381886458
6860.47595334426,7932.73543721431
3549.49812198548,9196.92904322667
7754.8844289622,8188.29350071279
1587.6971237091,9119.83172219827
1413.03925777785,3562.28920928992
7828.45081481752,8297.31377621802
1890.67886891778,8921.22304411566
8801.14273269258,7461.61692817407
1576.80419169368,9174.58351576885
1945.47013733329,9437.40858703166
1716.53681884943,8713.3985935967
1365.21143917921,3441.654352383
1705.08473836642,3596.02951577529
1347.3783832299,9212.76436542866
2439.58602610869,5518.21977717172
1918.08522551272,3924.47862050046
1917.59739145915,9087.31171802558
6946.49578196902,7405.89502914888
1563.89133151116,8585.07035321136
652.602593979484,3184.16651415778
1633.20449039344,3476.02159037374
8952.13507302906,6540.0052078814
1891.92101121367,9532.57249576014
6699.64565169606,6948.67739814985
7772.32928870933,5690.95387719919
1231.23396410186,3565.43458438764
1260.01318078731,3142.36319810009
6402.80020233378,7283.64028015906
6414.40064004297,6816.60821650677
1021.1051466823,8573.27377140635
1507.2370610616,9060.57308523481
1248.03121311999,3632.02185343241
6746.24065825663,7123.53898600988
1378.68999677687,3404.53020725297
1338.70161247849,4143.6226650395
1365.04688501415,3905.32710029128
7838.13867973852,8246.91736625781
8092.51460142354,7513.59843824987
1854.99622176841,7336.78369040055
1437.08068001165,8082.0262812393
1824.66066767773,8472.69049865972
1327.76316395137,3619.6596276906
1558.2080567821,4600.89597759021
1306.35991241673,3477.53711899821
8262.87482910609,7726.81459939737
1051.92527287176,3453.37405923478
8048.36273310024,6946.65478628046
1680.97426602392,9289.24937361424
7826.76423244165,7739.15091495689
1227.59357485287,3714.14895356532
7764.67603831425,7082.9527647704
1145.92078610768,3473.73915387698
6844.34804512215,7686.47227508319
854.757166554808,3451.87828296586
8381.22193477389,7183.57040030367
7631.93732802222,7680.2480936331
1378.44863271222,4426.00724717227
7829.47851113475,7810.24979801346
7673.50728427906,7493.90722712316
7504.96239053234,7319.56299742707
1492.83750381892,8426.21538450292
995.978630047414,9153.75988909805
2010.01991829344,3908.17989102038
1648.04448055535,7674.51201765481
1161.4704649017,9081.64407830994
1850.35014633014,9063.01469249078
7951.20221818379,7623.07274974172
8083.02209505813,6492.64374355844
8209.20417259938,5097.77481812337
1715.5977471637,3799.90123680863
2089.31666923704,8276.54521957433
1326.11990739057,9194.17267291983
2293.92501888953,9511.66398641132
1717.3331588941,8934.76596897118
1976.0113331426,9064.43463726171
8448.02699128589,7925.52605406731
8091.06171372958,7591.05129480493
3693.65033056954,3633.75383183432
7140.04216809785,7835.98176271292
1797.24444222078,8902.94256835001
7486.96928999425,7876.87485479376
1606.28577294144,8244.51382666266
7130.58116550022,7771.6714937478
1191.94486568228,9032.40505890191
1771.0466170383,8985.49132361151
536.331964848313,2986.21778711694
2497.70509474222,8646.70728336343
7403.76710195242,8098.50272171955
1338.17889111653,9862.28508472175
1335.92521165174,8850.77355288257
1111.39164975973,2966.32550802201
6433.59651699361,7101.86064592382
1089.37519644025,9007.71030091012
821.277885485207,3501.71336070593
2120.62392774825,9148.61099759902
7096.27043939005,7751.50657276379
7113.37399793938,6315.88686660079
7099.28949554971,7103.21577835214
1348.62603992961,8135.63743463896
1297.2079353141,8724.05805631653
1409.55703213821,9087.40440711355
2618.13493429655,8341.04032768191
1642.28887018282,3999.93077866763
1349.9370105871,9308.34695783604
1000.74219671076,8639.5012934596
8764.99743130481,7043.41116872031
1347.73184442817,3822.35829378783
7740.98846620949,7498.86057974854
2182.66244876818,8645.4834364551
8113.3462708437,6069.90945511641
8545.19266025987,7596.17984109524
2028.31503493977,8934.6491991464
1123.91428658507,3653.27568436798
7663.90240005263,9486.78238107546
8003.02994147695,7286.36818604562
8903.99613831218,7776.51371123049
7436.57245908272,8040.82908283135
1440.99883356312,3655.01815405218
7220.33386159774,7626.14072621879
8345.71703329496,7563.14286915405
7378.99773674722,5597.73104032851
2525.95338444144,5555.5018367068
1350.83761842234,4680.93929151262
1022.98998445885,3504.92178220527
7450.87724118757,8059.28113890945
950.097459961975,3603.51735300859
1726.29819251239,7712.81311003582
7812.33574708335,8196.15749148677
1281.70390465715,2958.86878121774
1539.62995645323,3973.56687531317
8115.80650196731,8473.35954590124
6229.69293478228,7226.93232499076
8127.87022969488,7023.11459064406
1735.65066230968,8996.6484044153
1042.63396556789,8856.00815030358
1252.63557676712,9336.44928850161
7559.74161231056,6821.1435993114
5215.89962566084,6511.45042858088
1745.08992984961,7773.96556848693
8594.42631847354,4264.62454708049
1234.37402207391,9021.39078049589
6988.50506508578,8501.44042061589
1193.09614605553,8746.90558580108
1469.91779639075,9239.14277185771
1851.56822142373,8304.29186237422
2115.4821320236,9076.13363665806
1266.22608744651,8681.46692396043
7912.59462231798,7313.03394653716
1113.02816381207,8783.13135037624
8169.48977701222,7492.93716091303
1519.13536593146,3756.21920043919
1487.44296038879,9277.688966023
7120.23114509268,7906.84316630283
6735.92475675924,7055.65092752183
7138.96461122857,7495.38646862919
1515.31068117887,4253.10578293818
6312.48264508018,7434.82465256221
4133.3132646239,8818.38427546125
6845.00672647517,7414.79619426472
1684.59464282488,3503.89619975873
633.084316663169,9098.55735871265
7707.29078453542,7037.53702677924
3921.23768606894,8485.69195581433
6812.46252106392,8143.59651732539
1822.69231462693,9018.91528890598
1149.07155059937,8445.85290851972
1197.45682257511,3676.62189175588
6685.51118129972,6779.43832608538
7450.00779352116,7724.28931232992
1783.16202728491,9195.43589062663
1335.36977244707,3784.67624797872
7375.05464057857,7762.19014750762
1029.76083002235,3653.35036994691
1555.38359701921,9024.67708378336
1296.85917899165,3539.53875068868
1204.12618614586,3411.20279165627
687.674820294071,8880.07258922019
8501.84771593629,6904.5149050528
1073.95689981872,3379.30394028556
1492.92691585109,3927.36231492329
6220.07808329264,8270.95285720802
1501.97028375322,4014.4596998548
7531.34710182205,7591.52207182813
1007.31392575945,3352.68141109318
1346.67582981004,8967.30866754837
1167.80844443597,9039.88795269896
681.557508698162,3375.08361811633
7356.35066927164,7320.95385602752
7008.59112657938,6882.26905579578
7076.0398937486,6641.08770450341
1555.07834848364,3885.57736015413
1856.6996596854,4529.97802937166
7656.69202340027,7526.05996712553
1406.18979450588,8746.36815653743
1148.27860059945,8958.13203012189
7990.29414618914,7432.93517054152
7580.90006003147,8730.46634794162
6168.85162647307,6624.96778204561
6515.41338342547,7680.57221262363
1550.9848663512,3537.88681219702
749.909242296801,3083.45456531545
1769.2185019506,8990.43741327462
6554.06950963645,7231.33583370563
1152.29606467149,3323.7389342237
1764.837725736,3473.02516672404
7484.66256636567,7387.27976434732
6997.09883650777,8084.00802070781
8255.2537666864,7326.0377333412
1021.16183218492,3312.27226800388
996.027072244703,3474.24554174418
7987.78470934947,7529.91740175402
3207.15277619445,9101.76674739384
1752.80239248296,8887.28487649026
9049.77535612375,7745.27226766684
7450.7379975558,7810.43815648698
7706.46216747042,8122.19136783105
7823.19927718108,7771.38526197843
1960.43783277926,9176.05250711273
1274.8728693944,8876.45557011851
6857.76470388439,7382.41382053038
1079.50571432136,8936.6859826002
7114.57320717614,8220.74728647247
1494.50593926165,9056.96440470633
523.252652684558,3365.6430298477
7715.22804546621,7543.8012485535
1941.82902843851,3684.04233152304
7603.80374859928,8043.88082620145
7457.21249769303,7122.88834913331
7629.99258200166,8278.81970490207
7360.94528406819,7932.469738865
1140.31549398137,8800.11681235155
7414.81399301529,7886.02141092873
1532.63547308454,3570.43912267307
8486.44950279803,7380.22600358661
7381.7431417655,7334.75181239114
7068.87500781954,7852.01294654968
6990.83365540286,7739.95923354302
1177.45418076573,3323.88625540179
6897.49704810334,8088.39204214414
1267.29470245932,3047.94395035263
1244.89443463193,3593.54409245891
8060.34750168337,7780.19089213427
7730.5211099476,7284.33886388088
1268.80495524361,8979.57517840345
1931.72187896702,7096.06279955903
1376.44685409069,9070.49048770805
8106.56350878028,7489.92425625127
1395.65858342273,4065.00246728054
1629.93940970753,9153.7997547762
8153.07586462188,7421.77513420586
7249.3703468325,7880.64695958642
7953.77895706134,8007.61061487488
1439.83080291751,3548.16583525563
1111.16753471741,5472.43200145563
2979.58446990786,8239.30211006062
1365.90864548377,9141.54104746837
6739.0102660255,6705.56458641727
7705.75317015798,9597.19530931135
6929.99425038317,7277.84718072299
7271.26997360514,7763.29209554101
7562.61115809895,7518.04159613105
8053.89711915807,7735.34580353363
1401.54132297952,3613.658187799
8411.41764719971,6816.86551688867
1147.85955330499,9014.76795646011
7842.90912457617,7184.71554108863
6821.15053935327,7322.28098461676
1223.18189754465,6339.48826837117
7482.25580434299,7953.32534231417
1201.00825205888,9036.23332078982
7357.13257994577,6551.37624788333
8363.81114537308,7996.25921819273
1715.09032273841,9089.04305451181
1046.640551013,3426.69939351807
7487.32933818775,8243.63575131878
7622.18998874424,8169.94975685239
7646.91286183158,7110.45446163583
6790.09892315428,7175.29325776041
2199.68494816115,9338.81053676899
2130.62316279654,8539.70448087788
1168.68728722732,3469.51006174725
1504.7407565025,3597.95620837571
8108.38826314319,7723.69909730111
7222.21379808648,7510.98625209837
1280.97546807764,8791.50466500472
1797.98519850547,9085.56765523769
7694.68524281709,7358.77221815169
6993.27751666538,8410.10736904014
1707.09848886099,9083.3680054682
5546.64906974696,7219.40816263259
4779.78321965833,8274.59911179563
1415.96951768405,9210.16773459532
7776.41940985975,7640.97311838814
7583.95167505768,7842.23773019761
1839.00932870452,9146.08782657718
7010.58650016306,7658.17493283066
7830.13077260706,7043.50100044783
1190.9119070816,3470.13733871547
6925.01290344734,8257.43822045773
1895.54078093504,3548.76782172828
6360.23412116351,5924.03356295711
8711.57033300191,4848.84912359897
8025.46093591568,7781.44293448302
991.85442148094,3319.84107355114
8083.06200296749,6213.75436106196
7750.42824594974,7493.97848137373
3211.33418480184,9077.30304171409
1711.24376622501,3472.98630553594
6938.61105369451,6904.18984952115
8924.40635068384,5355.23776233685
7338.47252418229,8400.98933230465
1030.55001971072,3641.61229373089
987.560774432091,8117.13715630743
1184.4248894838,8192.98752255426
1697.84215219701,3981.42066034593
8892.33192661211,7815.01375483296
7751.72853335877,8062.07282935842
1341.07190921871,8191.21524242541
2318.31192258153,8150.22524846456
1283.06381699302,3041.24951280573
8503.55548184795,7603.21705990372
1247.03231920089,9116.80667413444
7731.16862896017,7276.76369211531
3272.01618470707,7648.29968198487
7816.9868224631,6856.85701787075
6648.96391068138,7964.89511820824
8056.459187504,6528.8648864582
1083.91828494929,3583.05720969401
1234.86796243745,3518.70404103501
1205.76205453236,8684.27122812399
7385.82112710305,7713.26989037301
983.932768726492,9198.94222708015
1356.51012046116,8958.61141943026
7068.93910490498,7056.08157775933
874.901510142951,3401.07403347658
2046.83145130684,8745.45132707199
1509.18601413742,8460.36052544007
7571.20304649424,6901.70775776736
2951.27198909866,8544.85245711248
6268.17448113155,7324.00632928704
6220.15436575082,7528.33359411316
4255.05953302642,8711.29485588603
6589.18331276669,7264.37385648522
1450.27040929771,8674.9074559296
1285.38655676373,8716.84412414614
6708.38765712117,6635.23478111177
1236.12961184814,8907.92083093665
9980.19028759364,6946.62872092167
1465.69062290083,8936.25955592113
1008.10431568004,3548.28761701455
7521.05022489453,7522.08234613011
7504.86641960378,8172.05695930712
1348.4526993671,9039.9280302498
8710.85065799697,8173.09608738627
7583.70352110687,7631.04001487688
1489.50023292665,8955.11800517174
1813.24530310306,9346.02287156103
8462.70308451588,4467.10706056406
3446.88812455838,9011.92090127336
1618.73204436276,9033.9094132474
7399.12425454282,7444.91103274298
1306.29040395291,3519.48336758107
7552.41946422322,7494.05801982393
7669.71671845975,7519.14079495054
1299.01894457755,3782.87819629409
2107.71571495013,8790.95645086287
4457.38850935495,8584.11463935987
1462.5475599555,8965.65327169448
1727.19710963935,4022.7757610731
1102.81694370238,8971.33770548265
2071.52891313048,9135.57572867592
8495.11784016306,6813.45334888005
7850.23054503194,8267.51638581261
7754.45850112266,7952.16952781441
7752.82338234096,6891.20036673971
7124.48866683629,7473.49104064368
2009.91536646334,5528.30970366178
1385.94550857754,3479.5580604641
1015.96341331293,3247.33752970847
4659.92995366757,9222.07263106991
1381.99362499331,3822.46646902245
1207.27933943836,9437.02743839233
7967.79748198258,7579.70796541557
1429.45046810105,8655.38772493458
580.958800600891,9088.19747774765
2503.98658817015,9438.06428165707
831.50725423485,3155.60855752351
7792.23432771325,8165.21701301209
7205.08054523585,8229.03211955053
2923.64519003759,9141.57704400123
1187.29285100015,3501.27042293532
1494.05121196106,8777.42112190466
1858.00933340823,7492.72108582368
1722.87450818066,9034.11527380728
7775.16310188316,8423.4084189987
2292.71525666706,9204.71824822689
7429.74857748422,6129.78691666034
6942.60157841537,6744.32998107908
8717.94204139765,9195.09975309928
1701.92348516352,9175.5076922336
1799.03648935831,9146.82714739492
1904.42797134551,9131.26234132082
8174.00208592052,7174.76912043978
8143.63104851434,7506.39280878082
7973.22259323597,7000.04427427411
2738.78738205622,8915.6008954462
1613.68836223751,9265.78432624847
7040.73324205117,7842.23338318712
1184.3880622014,9229.27858252802
1384.68618709471,3888.42408458557
7596.03478181837,8609.47115655062
7481.77174156314,7859.16636821124
7556.69855932341,7772.44479867802
7039.70506911463,7902.70252452922
659.965881958823,3165.94517168244
1181.98389432714,3389.74979800794
937.506598802623,3436.21021875236
1538.96711212482,9151.50001982598
8452.7248829521,7249.32049524638
2392.42206015777,8424.91175081354
1110.01868089661,8736.11260543418
1824.41336260608,7683.29409304401
7604.0735936123,7331.33493600796
8148.96591605287,8088.37662954521
1727.53611908761,8923.69369380085
1274.03629371095,3379.0626817137
7278.70131955922,7401.54075832471
1741.51484434009,3492.08255257299
1723.63600590808,9078.66473147328
2298.53148094456,3342.6649234306
8325.07887766721,5501.19132076357
2423.64455659292,8364.38991793564
667.43924818056,3244.05569275737
802.469604468428,8615.76267212246
1148.43252608404,3666.20534951018
1421.31944712102,8625.38081978213
7096.47194557884,7161.91893245235
6942.63734185315,5621.85311479556
2361.44577612484,7348.1949118621
1451.26346998168,8969.24761650773
1042.79949862321,8799.75349221551
1548.80672928208,9058.65806702669
1998.50719034015,9219.82662595895
7299.35891979254,7219.19655033979
7833.01842815276,7009.60308605822
1867.31044312196,8586.78529643555
959.951187147486,3242.27407833733
1969.29158245914,9061.45983602367
1737.42232629765,3787.87738807251
7957.02123626399,6885.54710288834
7827.61623719621,5480.37408621889
1447.9869899573,8673.06782434888
2069.20620645586,4049.59694761003
643.126076509982,2980.36701896673
7242.78917114182,7433.38586314486
4876.58059562612,7984.82325691872
1713.50491999111,3509.68363806821
6756.48807809899,7565.09603528213
1551.84823334209,4586.59512373066
9122.35501449838,6913.90384771559
7172.75277317502,7850.27702066578
6546.34388414535,8068.44003802334
7466.0476984817,5153.52999251321
1386.20442185047,3767.95743907774
7090.17491429653,8328.97038432662
1826.84587312689,9572.38731890808
8918.43872100787,7821.89891377085
1542.96793957474,8996.68478277385
2189.61564271768,8180.72131236086
1015.67476551877,3379.74322012077
1704.56257209376,3630.52775882875
8160.9470978584,7442.47193491366
6847.98306618265,6948.06150030905
1193.70306938938,9052.52497679948
3879.66406987115,9071.3945209755
1866.77877003254,3560.97991924437
1528.4498419087,8736.7470108355
1696.41913153818,8268.48139540001
1175.87393839328,8899.25466924485
1199.83162700004,9161.43592072745
8833.08299037663,6992.56968512797
7797.79531301837,7674.8632823625
1459.96034267085,8989.31004546522
7226.71896090546,7702.30234897464
1665.55062772109,8449.07933357099
6250.69159052706,7643.70510898964
1457.32734755426,3635.73615582112
1424.38922692254,3628.81222347886
7546.19187183297,7738.7343447605
1642.48759987239,9022.99401229576
1173.73377902029,8747.01429901774
6946.22391274131,6862.05933111913
1647.86542027594,8639.46563005188
1012.90601714886,8741.81224633707
1476.09642825776,3840.75073541548
7257.9658742713,7506.14258820228
2020.61897204194,9076.92167137833
2227.86200006507,8999.60914803577
1869.90932193009,9126.62967327736
8696.38526613792,8366.30063972614
1453.7327362713,9016.10721118586
2022.57454176309,9200.74270460585
2434.18028316217,8611.4534536124
6832.16936297235,7580.57466690502
7249.83200533104,7288.58681573384
8192.87430850967,7138.76006810531
1329.61284594246,3388.55532121212
8731.06330817718,7446.34256072673
2071.92247667392,8986.76544203133
1253.01388969763,3471.79315627168
2088.87669023968,8267.25793300942
1672.48933514782,9162.95404611552
7416.4944747392,7996.94502703185
5226.11472611851,9213.93537295913
7962.98408091953,7852.78145596783
7438.86628954071,7176.0007432123
7435.9598229281,7617.20771562622
1136.1468392442,3689.26554220505
7772.16880683874,8069.99888753244
2195.85329497019,9103.42476432189
7487.72549546385,6893.7511540974
9174.86270323339,6776.89671222564
1237.78613473816,9016.06757222763
1407.92494356765,9174.99342990138
1969.80428147365,9009.88337759492
1897.54681655634,8612.40677190952
1509.03894331169,3662.43916350643
1439.89092126738,9013.79300237715
6237.65947365534,7691.06012269613
7520.51441845523,7244.10840971473
7517.63117354817,7890.88314744546
7582.51500762477,7863.63699449999
1399.1095880924,9193.08234487023
8280.23228480238,6106.66381176429
6675.81523986305,7454.4261668287
8637.39837147743,5733.72676700112
7087.22149155275,7494.71415533905
7517.0923835351,7459.05791318052
898.565074931986,2962.36313809005
6777.49293731489,8060.03920097242
6866.2720820726,7580.2300714272
3200.12936888364,9067.38157885217
1492.54665458093,8815.70698470183
7045.63639317236,7373.71694389459
7805.60830606013,7426.49291909453
7566.46316439339,6310.9569347428
1437.29547925943,8915.11339949854
1597.78526019001,3639.33456111184
7892.05425191612,7074.13127697787
1635.15534319179,4192.29311580238
6133.93960684595,7577.50948997259
7409.68415319828,8036.94801459433
6967.06718221556,7510.41163886488
1642.57090651078,8713.31325069849
1335.57412418222,8627.34703164475
1580.90070538825,3798.23518257858
6723.87617888671,8051.39868504217
873.121125507764,3284.01647956974
1658.43839351778,8395.99331860328
1424.54269994972,8067.7336672523
1391.46543335615,8853.17839386567
1605.36064247489,3830.43018343567
2036.63338037883,9118.52020656612
2294.73080845498,9412.24121384761
7399.32190388806,7620.85130831458
5942.99133185765,7911.08757798043
1389.5499551997,9100.09092391805
7672.82910888835,8196.00240645858
6978.57002543406,7600.50539016257
1342.6819452323,3754.64790795352
1186.54078560914,3283.14922926276
7403.43073187476,7097.83876506895
1191.74207708372,3334.75119895889
7760.13097643444,8389.79234785583
7475.82311313318,7837.202681703
1372.1056960207,9191.01925999211
1252.98102184072,9330.455460978
7757.84494327682,5709.8194560854
9511.06206201314,7305.46290612979
8974.1082053736,7025.93834026365
8323.23251674398,5753.99949929693
7523.27610051552,7580.6362505526
8904.51176932521,6839.5565177833
1092.1110438324,2841.90593335802
1578.72155808153,8329.76361453765
2033.06285894832,8462.13878529024
1200.44187603748,3749.69891706594
1231.6052354221,3967.9987450527
7326.76668624684,8607.64303281616
1336.58886761684,4197.17778856993
8982.57168930087,7219.87183246686
2580.72679278574,8985.20796340989
7657.47504260614,7801.32269767545
1754.73544799181,9060.41613548457
781.242600969128,3097.80138985486
7225.06911944162,7185.95196438607
1084.11001422672,3703.49456366967
8227.17169059832,7335.59809057846
1874.29872142781,4227.99070581847
8211.89135269306,7727.57129693525
790.210113800339,2957.57302966319
7583.51971041814,7295.89994355346
1559.39174969513,9051.58573212357
1810.79025020458,8919.14165375937
7999.57735445723,6692.76204812468
8055.6352475857,8365.65279874961
7254.81568537549,8442.4078470594
7202.36176217252,8228.39411540233
1538.57676912118,8603.60390718232
1261.2077397606,8888.68335294611
1332.17470014608,3277.66452311288
1180.63243892036,8983.15816720607
7114.4165069061,8424.03785557425
8646.0441272247,6054.18459529704
7826.83120496139,7719.76755781401
1131.10182912744,8268.224124388
1570.48211154902,9110.25587236063
8398.29241064488,7188.85571749961
7629.43699324501,6613.2941282806
8322.18190446366,5677.42247583946
1393.6852454995,3802.35262661088
1165.75179540767,3696.13747388024
8318.91128839193,7592.55255031873
3566.7950620296,6159.24419984153
1080.9648275885,3377.11044680318
8178.34633506276,6929.35187132557
1280.1028570213,8742.08254479422
968.3640626147,3446.42853582697
1619.18964725333,3678.10718016242
8915.33645050232,7465.48007757327
1958.66909142043,3998.023279148
970.734404858253,3429.77058710624
1425.31841142541,9233.27209517491
1215.17906966385,3309.24484956048
1130.74196792329,8977.77280832596
1478.26150664908,3759.47929031504
2015.30760302007,8760.30285409994
944.198782020393,3458.08609726403
6945.06947316553,7866.82201284365
1495.91512670561,3684.47376092654
1620.57567318901,8917.42364210488
1097.42660669479,3268.87290697185
1013.38867949351,3236.125112766
3841.99037443845,8721.54852343205
7360.63276747137,5860.58251867861
6753.28884127768,8336.83511391811
7337.20246950888,7555.51104243897
939.623814353107,8991.92996498734
3937.07406849012,3723.3830902344
2736.0287952588,3291.48375331592
1128.37747746381,3352.40450020986
956.789102988166,3670.54300892789
707.142900610611,3277.56830018594
1144.78727195179,4322.18534613031
1355.64868685737,7993.70718225152
910.298200876242,3176.16133344279
7147.02639796584,8193.9472650941
1476.57129129704,9364.89249873572
759.12642822664,3076.31740478426
7643.18529601036,8049.54080767884
1350.93058574953,4234.90900779689
8843.51620826608,7827.70399845949
7253.00421234906,7475.6711557645
1032.67348513954,3374.50496543401
1997.36135409706,7613.16329072654
6916.35643251017,7286.28053526787
8834.79562741204,7399.0062347644
1450.03096008767,3722.77230405535
7039.81249107929,8177.19174372529
6548.48057178309,7797.98748598982
816.739630476757,3120.06231512602
7290.16876939762,7086.81180443511
7957.82941682695,7617.09006410716
893.685180770459,7006.53487373608
7235.82299105794,7767.37849786941
1403.26904171182,8239.46139612998
1528.50173356677,4391.69942665816
1366.89467600191,3875.61226244601
7689.08268068456,6874.36458327028
1576.29121441071,8822.57160442022
1608.65648406856,3749.15057999072
2153.70269889951,8711.00817224529
680.158453730168,3291.40255421817
7289.45218150388,7679.02397684563
1058.78713426298,3514.47814737584
1273.63369378906,8377.39064680573
963.55453853254,8996.97368208352
5234.73025527053,8958.0602252689
8152.36966056071,7711.82254735921
866.89355217102,4058.35066542359
1227.44203172547,3473.67048251895
517.041962267224,3286.88702242733
1297.452910025,8724.50296660564
1368.73409003539,3336.65334874987
1272.93155777624,3573.27683809953
8049.96751252393,6436.70352038625
1058.30346212468,3126.71229782076
1973.80869537006,3605.73643405931
1443.0986989784,3965.78548789225
7289.7012297443,6983.76134586006
9025.04904015098,6218.22986322328
4373.84501328554,9350.85966956664
1180.32508619923,9304.94728043677
2068.63344914784,9096.57853257856
7352.70913855993,8109.90259058981
856.308846388702,3408.22100089953
7281.73692345899,6670.41038849652
1511.80150427933,3420.15525691535
7299.91958116405,7348.37377709388
7794.46099578106,8739.70043435435
7134.9429662045,5946.18912534849
1024.10119276934,8663.00426638495
6731.92931191774,7830.32342916027
1214.34630941349,8797.71760099148
1579.71024536132,3715.77288233637
7758.40141624098,7673.4905424772
7502.3004461498,7105.74718228019
1554.00994034755,8969.19757758565
5990.76508366036,7747.11937179296
7129.9362336723,8153.69203425767
1624.71359088,9293.97842405641
1595.232650469,9346.69469568811
6327.79453594136,7622.36696217067
1457.36688857683,3794.41376314297
2717.18446121333,9352.90953498018
2571.5919395032,8834.4473215744
7412.19829813346,7337.66224771759
7225.43770952085,8385.62643672571
1851.77152228362,9112.68165940437
1285.24468762158,3488.62213683389
6950.77911414482,6865.83212754395
7543.0004351341,7503.74905337783
1582.59464464312,8925.6111210308
7264.98766075748,8325.00170581459
1399.65177685141,9165.27333733178
1571.55592571876,4088.94324077903
6888.72556558511,7614.70743496171
5855.83338297168,6866.15631627692
6815.58898978793,7402.30082291879
1488.29207699812,9259.18646296695
7965.45191246023,6091.28603657847
1319.98886181158,8975.84648781809
1364.14837623838,4772.15600598398
8224.73885301737,7904.72362925688
1105.50189053947,9036.06121667842
7597.62250589666,8728.61230031367
8745.23741347842,5653.37468650348
7344.95087867068,7130.15976062047
7765.89845373385,5562.23188767361
869.473627235436,3290.87482671416
8078.18224978555,7817.28691834735
2266.11469822029,7927.02045583994
8627.76614242322,7922.70352410179
819.365055872511,3343.82520192975
1642.09767145804,8598.54357636704
1262.90896452049,3339.8315663
1472.22188631245,8287.71431979975
7969.080165853,8558.08435960126
1949.36728262427,9243.37828325266
1790.38511308757,9171.85988221608
7234.81178433212,7980.14981299363
1299.82996814722,3156.53711289468
6981.14030091557,7306.59032333941
1935.33046717213,7733.27404371318
7518.13647014938,7610.33379992478
7641.19962340888,7428.79104856435
2030.3765028192,8375.77726936491
1767.19907297904,8928.47977328287
5242.51188872271,8254.84134030155
1895.2399719925,9027.27903764364
930.070570038293,3477.11176304097
1096.83456556911,9165.48630741323
5539.55621928548,3716.53191591728
1152.88630201988,7626.97341835476
8275.18081580915,7189.11585373685
7214.97603307164,8063.4568320296
1694.99266851392,9014.3361585095
8463.28363608114,7303.77538994363
1376.28207417449,9126.53368884071
1098.54804944553,3298.66290351844
951.469339223323,3481.1422523029
7243.5679110354,8363.76003773103
1727.51123253561,9499.1258227222
7101.13564720481,7009.46996565896
1205.16165642181,2980.74049995292
2208.5082847847,9166.84033941917
7257.20167959122,4899.56773318208
2469.20542680273,4217.57006512964
1141.31287945265,4149.91549767549
7166.16295474732,7721.23361423446
1748.81101808647,9084.2284215787
8207.06833588078,7857.17027352778
884.154669483707,3402.4415089131
6603.46058041526,7664.65059955977
7858.08137483425,7542.15177474766
1307.39513642374,8427.28091329338
7543.80541236869,7459.8532415243
3303.3453273796,8180.27236017519
7932.51285866774,7998.75021848893
1278.96679045188,9128.28866385634
7712.92569760765,7296.48005357572
8091.56412839939,7737.46141812461
1020.35263553409,3345.5998851304
3876.92728004228,7346.59449743707
1478.35936141462,8582.61614103275
1521.22422677974,8828.70760069237
5859.14437456626,6394.07300435863
1806.96076951298,9010.86553395141
2489.91940479691,7667.63935669088
1686.13609380222,8970.90249323798
7471.28502938155,7639.27945599456
7654.08156964645,8475.90848730846
6666.55406319741,8222.68773623492
1075.62800520976,3335.74982911984
1622.0975980996,8088.82375438172
2225.0702215712,8842.91345607441
1423.7617286621,3620.24261633178
8113.31647508409,7416.02640891037
1604.99012742994,8845.70905454259
1578.46448893226,3707.39261365728
6968.09116941412,7853.69955131462
1513.31703208156,8986.38687460494
7873.64685895797,5193.40261995105
8834.93697757882,7034.48310497142
6504.36715701629,6887.88489209436
1549.06965249606,4061.84021362861
2585.20960309599,8809.39156897881
6823.50129069616,8289.41584423669
1008.68697818,3315.96218736904
1765.42676625143,9258.51313463945
1864.77893754658,8843.07288716102
1663.93492258898,8238.7426226931
8309.04747471952,6452.31860357312
1139.54438280045,8926.47183386816
1735.32876719956,9326.30780012174
8452.96616406194,8526.91139003331
907.505332044149,3237.61542415544
1877.20432453265,8371.07073179891
7015.90322135152,6914.75602889614
4093.48528517358,8561.10625860189
2730.01799567724,3580.75252608971
962.833177747409,9053.0515379265
2410.76764728887,8161.43101054353
6389.25421479996,7288.67624539894
6874.42109811346,7954.18369597751
2593.55533939792,8341.20726656069
7142.05303286686,8327.08249576829
7478.17770464217,7634.93756310349
1623.15876897175,3947.15340996406
6376.40652468281,6659.16312473288
1397.00540790987,8478.13653280363
906.150832508919,3539.54146873819
7079.11341474076,8065.83436970065
7759.28595783136,7772.10778383073
606.386527047685,3439.48256437876
1653.66245292299,9017.36850586588
1621.49642197818,9125.83234357839
623.317875774044,2717.41302307421
817.536113311948,9047.07988882437
6372.34254971083,6738.20838434501
8651.80590098011,7623.75145982778
2156.01933905228,8312.57016710838
8524.21689392527,7365.06816546043
1041.84196114875,3990.36053942427
1671.72300974158,9020.58565623971
1298.82788828705,9082.64428890509
7712.92017936425,8062.22255699106
7360.87691592848,6874.50681814046
1676.64899124166,9143.8242165762
8045.78219655894,7756.56542612606
7626.94033112623,7884.11678094067
2481.08705474851,8869.23674913781
1359.27793717026,3455.2054269811
2315.93426559037,3594.39866680495
7899.73718029593,6595.98573694754
1171.94906795352,8163.72084688244
985.31205293376,3441.86770856482
1126.93590894813,9406.442637963
1338.47327189393,9444.61715833317
8504.67147249625,7132.25142075355
7496.53538116261,7914.65045809365
1456.10708737058,9138.18620880293
1302.25682972837,4084.07447213973
7177.60900109468,7858.62260576417
7029.24082863839,7625.8745674598
2918.53533137129,3364.60361346305
7452.33763723853,8085.59699300069
1641.5141179517,9022.74654468534
1253.23089044042,4028.37537618159
8159.83708065311,7838.21963370079
2502.56573608177,8030.0721866835
7006.13767325809,8371.90915275932
7758.87948617471,8465.07128186312
8052.49982616183,7505.21355263135
6362.67978444175,7427.82448634021
1338.78661448292,3786.75520698581
8753.5773929108,6618.35705220694
1906.44410571931,8019.25887251176
6875.60404312171,6802.55450176468
6557.21497466593,7340.89998122222
8030.20823318239,7446.91481772743
1636.16406881701,8978.72324368399
1575.89945180505,3940.73398358566
1160.93638801503,8571.91955996628
7185.53210991037,7203.07661710663
922.43799958162,3363.32815603217
2384.67522257783,7498.95729587604
1263.33966029428,9121.43841438369
830.380051560062,3339.76797187075
1165.97107914048,7843.32225603806
7307.3161892976,7152.75247113585
1823.21128314733,9131.63917994432
2005.39000882668,9020.80257993202
1856.68759278339,9153.45496525026
6155.70360537404,7657.18568865871
1131.24685510703,3393.11939566954
1467.69086004333,3760.208691071
7756.61266767099,7809.00432087176
1796.07494457006,8546.43977820504
1340.97953529995,9125.07168951063
6903.14726610175,8069.78219668476
1210.8898971609,3485.57089344322
1598.1027934473,2868.46493096398
1386.73519674148,9023.06452473286
2153.95596851824,7929.92383984293
1460.24611204267,8938.39012699898
1537.04646885976,4069.46195397
8161.25624772392,7448.7473970707
7392.90649050283,6806.01646222727
1432.38470978559,8921.44551248421
1314.98151746012,3321.03051283625
2501.92769688417,9152.44685964087
6825.25573324352,7819.30944856054
2436.24504248327,4983.37319254894
1584.34041365307,9326.24493171132
1864.41180206782,3736.91877491472
2627.00511017235,9088.83796174793
8123.63344204374,8446.69921527204
6298.69044804894,6628.7021415405
6707.98784311677,7455.22212785212
1016.59318733488,3178.13212707368
2328.80442333549,8698.23343070982
7279.27995982079,8142.49229282605
2036.9486391591,9114.99932017677
1455.89726732819,3758.04685597284
1750.3134333125,7937.34310064025
7859.34287592619,7888.57983737333
1646.81513665554,8744.77445646905
2825.52422986395,3401.69728304297
1046.59523078616,3814.51055603076
1117.91304108075,8885.43749597215
1433.22893469159,8992.94604315977
1257.01648867443,3680.79185706622
2392.17079025295,4696.92535928497
1777.72985570633,8447.70371547055
4056.42202272192,8916.0786209821
7352.62080858644,6785.34639969496
1862.87665003209,9154.7551963491
8064.1645291156,7396.98308971559
1411.57841904989,3821.68045772704
2469.78586001044,8401.49676766439
633.169749729692,2952.47962138419
2744.20344433489,3954.43269767571
1121.14270441841,3580.65352679103
7722.70001063572,7366.39914712178
7676.04867047219,8385.4674396361
7675.80742553244,7688.08022209983
879.581205458781,3615.09655607271
6842.11465203195,7031.01166987949
2258.48339590714,8954.01626376419
8970.80830824823,7648.2979225291
1086.31436892757,9246.65212444737
3028.9755550926,3511.25032522607
1370.71517208291,8964.68230631644
1714.58328718132,9010.05800097726
7138.04574555122,7787.71896634197
1529.03490642973,3722.12508914316
2139.83201927157,3778.1086208539
2366.78872037844,9466.83260855826
915.908546952693,3420.84538371942
6877.6316688254,6856.41068014513
1430.85153277565,3738.06076768359
1127.89292570434,3618.95960897495
646.161455761396,3503.0705650566
1232.8764178994,9191.27552330769
1537.76894825224,8976.45299643637
2673.91063940634,8251.5600656007
1717.17045907394,8599.65505427277
7621.71830682325,7999.94118899076
1603.43818980406,8904.67280426724
1255.65643740242,3225.62606092058
1011.35555385259,3426.29894731462
753.734894736561,3218.34041957749
7159.79952965357,8169.24335474317
1696.24964988585,8056.77345353517
1887.5941968649,9202.8977261808
1158.1990587476,9026.63475483291
7341.81367124705,8205.5150927159
2553.75355522415,8632.27283455345
2559.48588525652,8964.70333906328
1425.44045967976,3553.57210944737
1502.65685113629,8904.51924505692
2141.23311214416,8368.24370513057
1292.21716798287,4055.99239873652
771.414858454685,3374.02352343113
3312.1082171715,8820.69197531686
6997.26237598251,7190.46085413497
895.42446033576,3195.73083372278
975.475640909912,8627.60516749341
8272.60343354781,7189.84575307523
6872.28834370046,7317.60508136766
6020.68341181592,4664.13418024387
2264.07781205924,9691.64744364686
693.927408965207,3371.28743617008
917.423179782856,3542.87312596089
1319.43686036422,3702.53793334451
1684.21290929803,3597.30160357145
6772.12715937388,7915.53308080214
1186.10883350135,9098.18937650411
2041.83192817538,6063.78698842602
6631.59561802237,7684.08875649946
1852.83479131389,3564.87116870758
1214.0481845804,3627.02918556961
1424.51349846122,3421.61323257418
2358.72395511693,8592.85943063401
914.504972958949,3290.72977130083
7388.28608987343,8111.1650430099
1195.71630129713,3689.13389945498
8016.52152583137,7733.46151762577
739.579558358022,3299.75638527326
2114.13033763588,8499.89312804126
1638.90116152569,3690.36064319723
7942.06551321355,7700.24570545882
8113.66781851417,8255.65012200139
1786.95731781578,8378.18384746794
6624.67444489657,7986.20870963335
7773.39448456078,8482.52978755362
1360.04731683954,8736.19400781891
3139.99462702609,8538.58129448504
1764.71161517558,8948.55863511125
1367.14314970096,8563.16647946503
7442.01347711644,7553.90652474277
1463.62037783114,8951.78521440224
7522.75842061815,7690.34040968757
8498.232953491,5787.2447799297
1352.6701500573,8949.87806283452
3438.96233245736,9212.94943153322
7054.55609854794,8189.92156306991
1358.7015744974,8998.89996897457
1311.27446766936,7878.31147802525
1754.90836339554,9041.13940783722
6805.04129662863,7492.12582864703
1334.07969287311,8848.29703499409
7473.04670851588,7426.86931948625
7336.98563709518,6919.32791398641
8005.00414871869,7612.09554627714
7404.39039704928,7379.47465904941
7679.06185188554,7299.70493973729
7245.02162634417,7513.4262693475
2768.40876871976,8230.03477682575
1224.88136103304,3500.91949372838
6649.13631665099,5300.41901946364
1018.69585449663,3208.95179338792
7077.85082311039,7790.86308214503
7045.66105940015,6801.53523737946
1105.33765628815,3051.63573752236
7773.94336881929,7653.11403166647
923.07586921718,9395.55770174715
2518.69801057977,9955.62809486297
1223.86113772781,9214.63179548471
7327.10414518772,7933.38885615548
1814.40209272434,8778.01048445368
1095.71712954044,3268.41619238456
1653.54717196524,4244.88843130789
2611.29974970521,8803.16836943817
1548.51977969318,8621.7051496272
7696.54939004575,5853.22033589916
1204.15244149277,3447.98979352844
1399.19848387677,8884.39774810932
7297.00936742347,8044.37828525644
6504.94366716843,6781.69788180931
1535.62229636398,3710.77482464957
1552.89785939797,4417.18445435224
1446.24730434916,3483.65978676529
7167.77282782809,6841.7833889295
1633.66990447625,4205.45277949025
5197.35410224407,6954.1182965637
2753.48023419836,8790.39413400846
1582.8222577998,4246.86253102606
7337.65218445065,8106.62081019304
779.928281821494,2920.07286088256
1465.93759727111,3939.98575832879
2329.12399166231,8992.89285979439
1223.69029962343,3400.95716642745
6742.65106027132,7592.59549323842
535.775325967562,2998.85111490089
3979.76289843943,7640.70703759644
7804.97013708145,7008.52103510518
2244.73271041239,8220.16740385532
1524.02088324823,4380.34172786134
1879.88249833866,9203.3726710529
1273.48800402532,3787.31378812098
1081.14971651132,3376.89534945321
7206.07571880116,6804.92726355014
8004.37392288186,7299.18115388014
2010.11923335615,8487.20149991573
1191.44765342497,3173.00339385638
2951.78320689719,9136.31758193778
8468.76555803959,8200.11038595318
2030.71621654212,5646.52901390653
6234.31857614277,7381.25172962114
1000.88441101377,8900.28586078051
7265.88016820714,7675.26847519778
1925.73909545045,9212.14033370603
1391.18757139104,9149.11723967762
1191.4621204175,8541.83884798874
1345.26308151787,3858.4014396417
7711.39508523579,7574.82627453174
1871.24269527088,8701.87171334041
7993.85751612416,6452.46176638014
7827.1610732341,7950.52537100587
8854.43987076518,7947.36373247181
7519.59586162188,7736.89635955252
1888.15481931013,8525.52068962294
6988.5562692436,6827.16448789461
918.722290678757,8755.9429939181
1174.27310406687,3557.48985355943
1318.10562597832,8711.52959857766
1158.19824040309,8028.83257408863
1496.28779617425,7927.35098395996
7632.02705162225,7268.24584695845
1219.39811007091,8191.62593631698
1209.31871237225,8993.58761914531
7373.6737152281,8783.01791654445
1801.74521718551,3960.696160554
1427.20276459295,3622.87151290302
1938.4354456269,8301.35824463682
7592.29375934289,7613.09543765838
1739.82854125804,8390.1358453813
1104.38429107822,3579.04647854017
7377.25209598353,6596.69229688438
912.225075065066,8777.93190804131
1759.70706710133,5213.1159113658
7783.43444319896,7881.32701843329
8090.31563747516,6431.18997251152
998.403074917671,3554.32359080152
6500.63224764834,7351.19804850593
1662.18551905091,8826.87244959212
1287.64422219083,9195.12825475695
7206.51132373507,6713.32063412514
1230.36931001477,3651.97225125702
7876.51721865087,6522.06134769505
1557.40714629239,9338.61352748783
7526.654672307,7994.74378369121
6980.99867903612,8144.69239894917
1723.65053996992,8666.45961686815
1847.51080922694,9173.14715845141
7674.74437421547,5932.24023445699
1658.47400370469,8910.25994848162
2015.98618266484,8589.90430930197
7425.13019070213,8648.57107583439
1281.38627159479,3808.58169342125
1694.2545466856,8451.47295797093
1635.04394488299,3950.87220488871
7552.35446975517,8591.69779837628
1431.38428955869,7902.55993249291
2222.73903458915,9502.30101822051
1310.67761563717,8865.85762703962
6110.23666530158,7705.82026074484
1978.15845590494,8847.34869798159
1835.03271596652,9092.39888093443
2189.7664257761,8753.48215655578
1649.21224840094,9166.9538632961
8927.53811514939,8499.46537372783
2083.00674668484,8068.39781703013
7576.27820242114,7376.16047652018
7553.60629972635,7318.07837316135
6958.68597828825,7180.32862764834
898.003963477311,9015.89394846806
1799.93392988715,9381.83867090295
7133.67388065641,8354.54123407265
1968.6012300283,3696.34163583541
2015.14288878629,3991.7422070151
1928.21524025153,9086.47705725575
930.500280756015,3444.7934555815
1651.71835475286,8103.61156927902
7262.66867454745,8342.89729254707
2048.03762854679,7785.94132359398
8322.9899446871,7086.51738881516
1787.18809938212,9158.34317566497
839.868693244888,9127.80697558966
1878.38315672132,9284.71263917992
905.146001078121,3386.62002028079
7399.84879745275,7714.45936393189
1571.52526842601,3917.60276148949
7594.73134038691,8092.21148723426
1573.4378232513,8281.66124341716
1930.89416894857,9020.91773961895
1909.97514740481,3976.7302090497
1397.25227411097,8984.36267358529
892.975238182963,3284.44310663406
1022.00779898783,3204.33026677156
2195.25641241287,9113.00811103018
1975.79231126652,9006.07192771438
8347.47298678376,8095.12330139309
7340.56869310484,8322.0729526284
7644.16041775443,7333.861868659
6859.41648759751,7893.97644416633
7076.23858981338,7487.89360476724
926.008863418617,3550.19013414184
1746.11520834077,8807.15132408923
2227.20336227129,8000.40127964024
7430.48019146739,8349.42559250416
1523.56014803028,8489.50843904693
7913.93028013654,7333.37927956988
952.447260851568,8826.48270291371
8183.08269032094,7342.09991234957
8062.11672670383,5895.71118268076
868.488782076426,3491.52942925194
7149.45174672565,7548.46328290815
2442.56022705024,7097.69488444538
673.13204680418,3167.11866804033
1480.58383619051,3586.64570273601
1372.0380534161,9033.57652735638
1317.64130209891,3364.81863914896
7146.96382478992,6525.68322657207
1652.1270029505,8712.05765307458
1983.38315192934,9032.51495876579
7230.52658993823,7715.13171877766
1157.43347048321,3732.92479008377
1160.94040515497,8992.35275213313
8787.43991699925,7215.3459916597
7480.70046509064,7509.73137830553
1934.6692685589,9064.36211681328
2005.8954350324,4847.12923568045
5948.62837369002,7312.34591106428
1059.58544628692,8315.51756149238
7208.29287777228,6927.24907477565
847.289453482316,3372.0464257736
1721.37671624474,3954.02514854261
2199.96635892763,8715.81723568876
6897.24232549018,7637.99565877704
1734.29601021397,7588.67792680015
1115.90311821712,3252.0989036418
2297.7519018425,9213.72935118302
7940.36953771181,7376.04989458384
1382.02124168897,9122.60992605984
1618.99949057848,3957.87990527574
1131.70159574814,9126.9302886132
1688.85444729357,4460.40183127317
1752.38949473819,8728.30067030328
2737.8984898024,8324.63359671254
1293.26923815525,9206.81792092128
8495.90945941451,6282.06553682333
1086.92368957777,9235.07812251085
6262.87054106388,6564.34285565859
1344.83601956549,3982.23260756968
7911.60352990811,7694.91720581891
1451.53307302969,8876.82318074525
874.959740669087,8904.77160680885
1803.66393656672,8133.55476462809
1467.92411760603,8820.92012542685
1168.22188521228,3392.12195435933
1892.76033573484,9030.91854464547
1610.05017020687,8098.84411357437
6520.24716311864,7074.9123907498
2137.81668180106,8065.67299758047
7882.9009348418,8467.49386145729
2117.69146828142,9073.72329273008
8415.63354269796,4728.09471705305
7872.32438095624,7461.27176218626
2341.65087398924,8781.15800190795
7345.90070815139,8351.85809499865
2541.70127139986,3497.99407537088
7536.1024204599,7149.09115278931
791.546982557661,3390.79677831504
1702.36614272907,8521.49260270592
4349.78788939521,4044.68088950842
996.106849836105,9110.72397036811
6950.26091012567,7705.20134429441
5247.0945492615,4124.67241596293
7026.49574541825,7761.90360888912
7294.58236886509,7142.16967760881
2097.36626757892,9294.71945490597
1789.68727934597,9242.42105752406
1405.0272401297,3706.01118857768
1819.31456605291,9418.90608266162
722.063594485997,2923.56854238018
1254.96110360835,3618.89017114817
861.813140089306,3291.8754075056
1249.37016035727,8123.18106905288
1155.13775263694,3284.30327960118
1752.31465062971,8873.00062422878
1153.65959241791,9131.80915545643
1077.70756883237,3513.53099460993
6976.59877035986,7214.98964800619
7593.59126951644,7428.81727589166
1719.84221677861,3985.38184594688
7081.32685252122,8431.09237381433
662.830142024099,8859.70395478991
8099.2472748733,6874.20083431981
8439.58516328995,7939.75406017844
6216.44115521278,7353.30937653829
7704.45667334217,6098.26110966769
1926.00685376199,8638.98505911135
7778.81528612472,8141.52996680861
1185.89236950129,3485.03405115226
7250.50070080213,7198.21799955112
1858.45670910631,3934.0160016054
7338.0067116767,8072.2438744561
7383.82484792905,8342.16248430331
6594.01031537872,7129.53361245156
2589.97763855716,3794.23503367516
7338.5580548094,7776.18897945524
7995.92303799802,8010.8879279322
1123.64503703672,9145.28700626607
1292.84094716417,8943.65863877379
6167.94732803583,6824.56134450419
2255.37293460305,8567.59076321305
1388.16837176853,9266.14920837762
6675.12216040253,6299.08079293213
845.905069900586,3517.20659631435
6913.28334192963,6741.8522987043
1465.75802055273,8692.63454404065
2149.33201089205,4153.63412490309
1407.07364515375,8121.43343956514
1190.88332681157,3313.20088366644
1428.46620498129,4282.44626711489
8844.29549695298,7349.1851693132
1790.67740020812,8386.77832771815
1942.97138770065,9025.37281303383
1255.13319924834,3577.64277987132
1300.3281983513,8327.29717335978
1634.57231990031,3885.78153439
1062.54209412594,3289.27937240182
1224.34711061197,9135.04870883067
1190.38291285141,3731.44494180931
7546.76786984141,7879.63884605135
1813.71818849825,8820.52545366027
994.989077043426,3344.98871198813
1991.13339059759,4110.63534033702
1662.17393665579,8443.2012273819
8127.61536608,7808.293864072
1843.70001078785,3538.60586310465
7469.98924274914,7000.62059324768
3397.83648463364,9391.73574009568
1553.35101881369,3757.65230116314
7491.50481661717,8142.4077849979
2916.56963927332,8710.4715721331
1727.00607379819,3859.67811397007
3155.19761861219,3777.43199172078
8101.76678158476,7336.62145514894
1466.33039402473,3524.89274408579
1045.43435319494,8968.47762408848
999.4929461227,3642.0375996875
7581.49069987156,7033.33829585739
7692.12674272579,8033.12900847492
6670.33162321523,7782.75830074556
7343.87529722367,8086.35319586321
7384.91083515899,6589.10513760976
1688.99949243439,3417.81617754939
7561.87755461379,8270.2162721345
1663.62814606235,8992.71188933239
1499.26145690448,3894.07544244488
1776.4018246099,9091.16686215404
1078.89801546042,3223.85040941764
1146.26877339162,3329.03515515304
7844.96770102794,7771.64352656993
1714.47601760104,8147.64927436989
1778.74331846027,9328.56013077062
1771.83265586731,3791.44636154946
1497.22194146793,3700.15757567268
1208.34885761069,8724.50452132073
2591.02593322418,8469.01877701381
7401.50306190188,5902.5101903417
3787.85769286243,7610.23513694931
1603.43306241818,8811.64337695069
1463.80244961908,8760.48436878338
7437.1959211267,7905.15056750506
2054.37688003824,3610.63213490434
5721.1867235521,7531.57897842863
8061.8145111035,7456.79749764759
793.552136760174,3368.88124945774
1640.8736348044,9151.38367119189
1216.39941174069,8618.15603583764
1688.27958909814,3650.55074068876
1573.64448920942,8277.01944362991
1857.69383612454,3399.09178039288
786.399476049158,3355.54939963323
1306.48540291937,3545.0044318901
7061.31907816689,7535.862075034
1168.38945385729,3549.59022232318
1672.56794643954,8960.29768874173
1219.01997929566,3259.405922751
935.685219235432,8921.47669764783
7250.77858016812,8530.07202757767
1774.37255755602,9122.74639822458
7310.33840046723,7420.36070727016
1415.64469558373,8732.70310653089
7630.02673776393,7557.38803292231
7516.50199715421,7878.0963855717
1630.82756864234,3875.38853085338
7404.83727930973,6848.07465995499
1726.54763195372,8326.45085230094
1729.17249987112,3744.28652593333
1122.11288451139,9036.13416213474
1726.96956983014,9206.7549272831
590.890323045969,3350.71251939795
8082.61027303621,7683.95333459222
8177.72735656573,7418.37005017375
1850.91804600296,9387.5165298023
1055.02477562145,3392.67769487168
1521.23745287276,4387.33363019067
1833.75854256227,9397.39975502817
7765.13601509498,8363.49336855569
1600.17713817902,3180.92219195991
1354.49315707561,9126.83493289997
858.658799326539,9112.43245370722
1884.63098642915,8874.77909683962
1655.98979960691,9097.06361066719
1818.36295246234,9234.8592633487
1532.61805458537,3745.74225458113
1090.23919219017,3154.18953319309
7741.4573329013,7374.70701350731
6383.1274355481,7544.86654456719
9009.2360435073,8425.87109422441
8095.30397609015,7619.62265310365
770.757670229634,3125.32489442589
2785.86183674402,8353.40149803064
1367.11231798241,3652.42192562886
7632.53256126732,7902.7745235767
739.941677691423,3681.39852737895
7782.96212129862,8278.40868297356
7564.57284245103,7659.18129983453
1373.63976561167,3533.41412502406
1053.51785616779,3305.62266225757
969.179124883731,9404.30378394156
1697.86136493419,7919.05922211339
7458.31241481539,7807.66163708446
1043.48445394086,3125.16760952414
8397.64249872703,6584.99973431161
1568.0171399038,3934.04690540203
1621.89415061057,7780.50450730065
7128.07991420976,7582.41833245
1892.09741982064,9077.91171417627
6612.0364600002,6945.08429030533
6747.26724378364,6975.30590781568
7722.72448687705,7398.54190589071
1015.59425245212,8650.31493448632
2962.28849309615,9543.21785406617
7518.55881451578,8474.87488331522
7742.67013851168,8193.89061126002
1344.81689781767,3749.27947720822
7185.33176062448,7480.45679585544
7768.41278548242,7275.32874460504
1679.38197915579,8212.0004398198
8560.05072189066,6714.56064617864
7434.92171066672,7811.19626210983
7696.94334061847,7395.19847618389
6964.25120880151,7565.8950924176
7017.25131922334,7561.94411091453
5828.08704286358,7761.38713183028
8471.4804405458,7915.51047547276
1784.33075394646,8058.53447009194
1066.72418735972,3163.2270004334
9199.77512734824,6744.95887886534
1067.69656224357,3401.61684260883
7315.85007447111,7593.04885429761
1120.50589553325,8968.42955545302
7669.90371555154,7784.72953569606
7356.56267721824,6939.16468280986
7694.8092590866,8705.13640735874
1436.01090742704,3398.30116787431
6774.44816856996,6656.26047649547
7893.09811816194,7513.75421256234
1180.77234653075,8615.97944436731
1056.41707163046,3268.66396905604
1941.63273553934,3908.29370184903
6958.82504438149,8332.45714824649
1842.54041993911,9214.70048629061
617.675055440356,3288.94462937738
8643.75984008722,7511.89134247941
1369.59129779566,8946.46577531118
1247.01875750333,7284.79315464416
2211.97776007808,9025.26801580079
7210.74465682978,6452.50918862409
1591.85078386371,3656.99892586254
1599.93160476669,9051.9056370632
1381.55912364737,9090.70991204711
1426.47779128005,3815.05117684294
1369.56496729138,3700.60821159452
8740.3719098871,8187.68308004887
1083.0525233789,3981.21321124697
1873.62520647329,4159.64187361761
974.409291378216,4408.17654885832
2405.63157797545,8402.17050488144
7707.82330874622,7693.02814345613
1854.2691793779,9308.08473708278
8143.77913671867,7644.52772064964
938.062304998874,2977.11052333871
1467.28549567834,9052.93398660403
1684.693135475,8039.92449917779
1123.60244872098,8984.76462573027
1812.009686458,8747.81845577203
7636.73002427549,7706.00326407682
1582.42768923132,8854.17437032567
1652.13205084855,4437.60902905333
7532.33829756743,7003.35644482472
9066.7454019119,7706.03316036009
1331.33817052053,9098.28555806896
1449.68713705262,9087.37923310401
1607.72367269511,8384.79848544771
6034.80468585929,6839.62603365431
2113.58051930513,8818.82001900118
8100.71773392893,8416.21795833833
7676.91493658885,8353.77556309046
5818.94926959251,3479.51247265011
1697.10977671367,9018.84278583962
5839.00842037141,7438.47661900713
6463.74639700973,8880.63174978632
7590.87433617467,7785.85501221099
7064.09122485659,7942.80481050526
810.890899373171,3196.88398805634
2182.92294735414,3516.91322149456
5469.92132196494,3819.25117023157
6112.61624005305,7003.64461873421
7438.85737977532,7789.78225441552
608.093623025007,8922.37143695413
1605.84401295565,3587.36843290342
1458.42137000207,4076.75180820447
7891.83619197628,7829.73834193736
7600.84405336513,7872.87816822331
1345.58773206279,3433.91853491687
6067.74844849072,4772.18261975841
7217.79922976016,7334.89254319906
1178.3494834199,3458.57069741568
7898.14560870542,7216.97342725152
2210.36988140571,4158.40415188322
1293.13474580705,3604.35427264767
7420.62324115703,7445.79331853953
1670.59572433939,8768.69783200047
1499.85354378857,3915.42119612788
3089.27652894832,8617.07089531048
4830.56569844201,3837.73537773736
1814.63253592653,9151.53673202875
7494.83883905436,8200.42595392008
7981.95935619614,7857.96009312905
1550.62230940986,8987.58239174735
2035.9493061526,9133.96207888479
7307.30931806881,7929.22508999221
1383.10738035852,3706.45181020453
1297.21933385199,3900.3433984036
1108.98180963646,3130.63707972876
2115.31342888128,9109.96355685456
1653.77284852719,9131.11661219282
8728.39896658059,7382.55128701582
1388.36596078392,8758.83388542363
7169.42455122582,7760.47391705034
1266.09270446895,3279.44264680015
1750.08357588379,8315.6519561769
6690.26446926392,7400.98634858795
7634.40923006488,8239.1629707735
7933.19191277977,7629.06883604445
1607.72019737076,3844.89450893889
2187.33192637749,8628.12497477888
6870.81670515867,7704.78084573098
8680.02907621761,7342.98428536479
6498.39769439166,7468.97562413431
7505.85538894183,7133.6732619868
7923.906120811,7606.09298136431
6819.72887847821,7507.25964515979
6791.23610285346,6323.93940827153
2025.16063397397,8937.11851915317
7837.17835048794,6986.30346017773
1204.60587360842,9027.69855128167
1566.09677680767,8720.24053056465
8512.84053459037,6438.24923660311
8703.95145671471,6864.42639833113
7701.58686396036,7968.71152583379
1456.71028847088,8160.28267582163
1065.55724980512,3239.72499641489
1746.50770036069,9163.85988324079
7264.88748561644,7809.66248031884
1051.46104318273,8593.72410868257
7068.15963610745,8206.18746132423
1195.34238871827,8225.29088611361
998.817547634726,3413.29399000587
1856.36587553979,8790.31938826502
1127.34426287153,3059.43312358711
1494.82226378871,4120.66395577037
1787.02050865613,9065.68094393754
7451.58629042634,7616.00160555329
793.555227541997,3461.23655523976
2029.18909880992,7114.11224988104
1790.57910553087,8713.47544143805
1056.01335288392,3184.55315459891
1362.22704535404,3408.47160874905
1274.68254306321,8230.38177979053
1870.98379328993,3533.28986323858
929.910185823949,9238.96072562238
7836.70651846751,7452.15664702722
1608.75738338342,3678.88625417847
7832.15086101292,6021.08493555485
1689.68338976491,9276.55317670587
1449.4551015905,3942.59646862483
7750.05947560115,7482.25871155848
1089.57720798692,3619.50393243158
910.676345791679,3348.65011095499
7748.0380483131,7788.7041123703
1954.8840405226,8893.6635950969
7784.48528552435,7535.1835958146
7582.59796280006,7275.66603277217
1875.26726181534,9250.70168463979
7524.0014246745,7328.14582525754
7589.99489681773,7727.55875153323
1336.59085587778,3414.15855448855
1714.30979592468,8263.73908703476
1540.53205384239,3541.78307179919
6763.23998389779,7662.51179907929
7302.8812606635,7664.37303878079
1057.62426702981,8765.02724866032
7623.65168511736,7988.7428854785
1162.82076904431,3278.26648588225
7263.43774734097,8007.93067409464
6496.04022351829,7046.75282807663
8143.41212369705,8067.81146940578
814.2858454172,9493.78624768873
7983.12220063494,8036.02910889303
1966.04868484598,9244.08360827303
1354.18180210109,3427.10654142724
3615.34687720685,8514.23288638511
1297.42360452857,8940.84758399376
1724.02995294838,3921.48926385511
7832.41190816996,8260.39227663753
1974.53224291084,3840.03037466729
1857.99709910534,8896.17440826386
4403.27997769136,8337.672628825
1788.24503029984,8967.15642316711
7419.23155099064,6992.73007164842
1350.7367612174,9094.42337438017
2413.36024127181,8842.89913296318
1639.43775206865,3742.80260433344
1845.14434040992,7998.22479016416
1373.4730151723,3700.47231664527
1625.27247016847,9159.05382851858
1780.98496285029,8755.80584772061
1369.34676300307,8905.38548010294
7583.5272481344,6440.15156637587
1897.407583332,9316.37431587463
6903.16290039434,7246.55706853729
7666.67109219117,7090.59802350499
6468.19618457118,7694.7771069786
7732.92020520921,7611.58297015088
1523.34010425972,9131.78564690979
787.094377198523,8956.01115010451
1898.95349038533,7910.3148605618
4248.44727012209,3834.84816382723
1069.74320452601,8801.26099067244
7719.89049412214,7140.89064062466
1051.47585728018,3577.49693880004
1382.32906509498,9415.92260453342
1117.53932973578,8909.37419842723
6941.08773383899,7978.33746963783
1424.42551216974,9141.28844149797
6587.38251802195,4367.47320341089
5763.68037688075,7842.07674006253
1062.63325512587,3200.5313545476
6626.26682762925,7412.56619308695
2056.29760913816,3649.52965107129
1515.31300727755,8897.62873264958
1592.30739716139,3856.29136957294
1069.64742990912,3520.50238289989
1159.91260032798,3511.74255537091
2068.10128352694,3783.70527853262
1565.30860599411,9298.80061862426
1388.60936054431,3662.74479144082
1454.94254670209,3595.25448674508
6741.49090799422,6127.39522492086
1724.99179535512,9022.713021255
7654.37247076298,7605.28049532938
6849.65477696276,7577.12998040158
1012.06308239977,3883.73953064613
7660.70544048419,9143.72870988857
7499.71043385645,6037.27697702391
9162.43452121278,5893.6718929679
1349.08026507916,9119.03795960625
2392.59426800715,5675.29669656266
2239.52072751246,7969.14889127938
7599.60737828735,8256.88440950673
7522.76686593973,8022.42754123103
3468.35279819038,5696.59235214345
8375.34242266498,6650.85502457736
2206.87788210014,3422.046904135
8089.3324475542,7434.75600895183
1904.44057565056,9195.00797512324
1141.68548912754,8955.19399187691
2132.27618939232,8097.06722306215
8638.89627223952,7251.9191670231
1657.09526736907,7331.93385277631
1308.67037034993,4024.86404119413
7212.9064422334,7424.53304683006
7261.96039552147,8193.02691345799
1492.38097951116,3634.02626211428
6563.60332217008,7774.03186116169
773.6328989087,3507.60477421141
1815.63903335582,8781.06726540784
6663.4509990723,7411.00311255201
1613.42467444801,9001.23079838065
7805.42136755969,7743.95460743364
1347.66573950415,3772.67075338866
1248.39155889479,3270.04938487967
8155.21093810461,6733.49411450579
1222.83651792638,8766.86110303334
7811.42353996406,7777.23840403403
1364.73547395903,3423.28186629978
1048.96790604972,8102.25909005688
1365.2390128448,9219.55412816173
7406.33686597056,7922.00082621841
3302.52543226537,9204.68525000063
1405.030210581,8571.03121514666
7714.56361408888,7675.00379627053
7870.72728571816,5404.01112737569
8390.05603972905,7244.17938065311
8139.55867406181,7425.87017157875
1410.28049754029,9414.70540429764
1147.23179226244,3519.24137038563
6878.73706645837,6645.88415912947
7395.05993636336,7864.4135518848
1518.60473370031,3877.38729019652
5430.01451491683,9094.44481282522
1237.81453725856,3823.56650735075
1472.49105680246,3808.12179492179
7108.79586242427,7516.63238231055
2611.54453432973,9296.97450208665
6542.09557884453,6939.14487619389
8040.77499484309,7541.21317590194
8562.41106918729,7890.61191484176
2047.90271368834,8267.72515095711
1191.91837420359,3632.35504572023
4160.56760728981,4074.64888419658
8519.6721295769,7178.9147098258
1219.83048203639,3600.97217180681
7315.55060416878,7664.06995307493
1261.70495327619,3433.75530628793
4574.18508510117,8525.26774682313
7305.01506906323,7264.20680839288
5361.84453636973,9107.36145793832
7303.32686922866,7797.6765814078
1227.56605963729,3180.49071292276
823.445165425906,3198.22094027052
1403.23990850513,3427.19302945497
1657.22493065591,3894.24059502266
1016.38742811934,8191.76431570561
6119.6539320206,7661.34597127792
1849.6544250775,8806.53444145376
7055.91344560744,7530.88279134247
7611.62115262421,7083.55652183231
1471.20935641274,3721.65830999689
2469.37943584193,8007.2144401997
947.973359066401,3576.76059716487
1003.771892106,3310.25495925693
8076.01024650934,8005.97562287499
913.961978116248,9057.4612468667
8683.14301185597,8170.69120782522
1706.6295642988,9060.97629136406
8447.6151805079,7631.66232581668
2107.54925638269,9105.10998535694
741.173079764212,2776.27528664116
1423.87686613404,8129.44760835576
2570.2063427722,8916.78095817909
7720.350870828,6395.43809805027
7516.01925138689,5973.92251995342
1355.14221307507,8833.6140613843
1089.77520908714,9073.15007961832
4970.62671252854,9050.52266762854
1425.47887347683,6089.22834511373
7562.88213254044,7179.22031730436
7628.43307114785,8095.60618858102
7637.0114852818,7482.84597419514
7392.83550998805,7861.46288214416
1931.20861577757,3808.81636374714
7710.35388516395,8012.47908612485
1781.09917453074,9304.55698959911
7371.59680229801,7822.14276465182
8074.36617103448,7915.93771682221
1852.32853310965,8320.91308302742
1393.7020088477,9312.19444572263
638.116157817715,3097.86780863764
1026.02249425544,3356.23068434987
7743.97843182318,7512.8668270114
1837.43800442877,8720.89597794083
7860.57887735293,8074.06765626266
569.401939995816,3284.3912507949
1066.16420925349,8841.33269865395
1485.13471123113,3743.1620293102
1268.10155794845,3347.13218996688
7608.01646934796,7607.29772970292
1626.60523296877,3725.56511792447
8083.14783168283,7779.52492666857
1105.03927473206,4022.0253525478
1075.56811885785,3087.64039514337
913.5076645927,3107.51790966823
1625.79031803992,3865.96749144131
968.800803564015,3336.24799501534
7564.98251057743,7729.35482919299
1737.95683629007,8482.40524981872
834.197004992675,8265.791091137
1960.79226020079,9114.99120343906
1588.03614448281,3635.06440862975
1778.27694974656,7934.94488037151
1196.12403623996,3527.47496065803
975.45434031785,3542.28381714616
8296.14561989494,8517.51997621829
1061.19286484419,9117.43101228763
2852.11479809711,9112.60467408626
1223.7521429311,3734.25003367579
1473.10271986927,3861.60768871153
1033.34997966277,8272.26225732341
3039.64271877275,3311.74720033784
8847.29848486031,6273.15350375431
1904.74125949264,8983.62093373797
7554.29549195499,7966.58687977728
7604.12805950948,7706.40903439214
1361.41936629739,8832.52890057041
7787.54969978066,7595.27174696539
7784.22567619157,7717.31741517205
1391.09523875908,8454.23615260508
7565.67110029847,7504.30187125677
3061.76979655144,9106.63536065315
1990.21860443585,7936.27540201005
1177.20432308706,3419.26460850775
7202.78217123457,7411.05785241614
1179.87302629546,3624.98640749627
8682.61538404355,7575.1070841357
2108.40624991282,3918.42873481521
6922.53901465701,7642.69892538007
981.974077136946,7662.7882559587
2035.93066828182,8512.3865276266
913.837085915396,9111.37795282103
1253.64953877562,3369.55293340027
1562.3952231193,3879.62081764834
2069.9729962859,9171.87935455945
666.029607891835,3508.85894706487
1723.86502285395,8955.20386342645
768.933145346591,3301.86899588189
7378.98135277116,7044.01004729903
1122.32095485854,3373.02143483605
7786.90609697991,7436.88599043572
8710.88527483163,7444.34716463484
1471.70626555663,9218.96972204865
1454.8443643594,3263.10258167036
564.108151558517,3113.50902400161
2387.01415305923,9040.37682315212
5193.78201874665,4064.31705431135
7685.97925803864,7093.99819439925
2669.59449201955,8523.10161935285
1801.59311122495,8995.15263702741
7170.79164850121,7574.19150972936
1351.82451186187,7716.68393156314
2244.34205774687,8710.88469728566
1099.39662981392,3585.84837315428
6944.17666977951,5961.83094808904
1798.2791178038,9104.13530817096
6819.02344688905,7829.73148653006
1559.48614343845,3352.16703688441
1331.40788707498,3808.07653972399
1127.51084902934,3342.77267315763
8682.11231656238,7405.49275311897
1136.85332087072,9251.44747513942
3525.64227912706,8372.76327850694
7765.20449315786,7801.99220572404
1716.75391115659,4197.25282593715
2156.52276736576,8982.53368336509
1530.87880369134,3516.39339427159
7415.46763190987,7696.71947565649
1592.30779659653,8390.80192110695
7590.94423709237,4989.7621201569
1297.35967709739,8273.01181522336
8664.00221376611,5839.29388457062
4691.78843638262,7668.2451293457
8650.8596272146,7257.521093405
1215.64686381925,3521.19313203263
1106.15609433192,8791.81249260684
1420.38805997563,7649.702221225
6910.93617483693,7659.74477222151
7031.8364018615,8470.88458298935
1842.64428559232,3855.41267994131
1370.20090915555,3444.50442663064
8576.94736337997,7416.35034159433
7521.3931040718,7188.47585192457
8868.52300139887,6478.14239459733
7466.55519519643,8267.48339818513
8116.72141881855,6523.20105035674
7045.30013881428,7957.12029128523
2110.31873794822,9085.11737462999
8111.67367883275,8674.33613217775
6288.4559996228,9124.91468525398
1088.04607352778,3569.12584314207
2226.95788969759,9226.55460562203
1024.38091812495,3452.09667751964
7366.7924537676,6974.42220228752
7861.37460394832,7175.40670101952
8308.55494651139,6982.14036325899
7932.73112823814,7846.42250017748
579.073848800057,3154.76366854057
512.3403435491,3095.06919337889
6710.43172949757,8140.00337044105
1106.92840191911,8894.28037904761
1406.86961816172,9050.10735675445
5810.11616986921,8991.12330712405
8367.22845175069,7820.80903181788
8145.27655882916,7280.67406961568
7614.19425910275,7703.31543658467
4001.12479869459,8945.46172072644
1066.4964439784,8395.80910419906
1493.32386582837,9230.08966423041
7624.7378514408,6952.70114625086
1794.42761257639,8659.30209010688
1452.63215809139,8927.59384680747
8493.26842657056,6496.51284130491
1493.49664856721,7982.64229308257
1881.9531933473,7954.03708186563
1757.31505024008,8703.22075090463
1223.512448744,4882.58012335202
7698.95015176178,7563.85802242087
1047.74521509205,8970.54876377931
8557.20604153347,7447.56534346383
1048.11415201986,3435.45886075439
906.52396776691,3070.28511109271
8106.12717158427,9010.94486632524
1453.13234591278,3798.15279283635
1417.01797310249,3457.63750611729
8136.131483984,6711.54938069508
1683.21715033178,3987.17386584295
5550.10340664003,7786.11710442894
1768.1373444163,8786.83430406381
1730.99139679216,9007.81700308789
3001.16293297881,3759.1156848667
2153.43900908134,9368.39665731481
1838.55237369407,3983.11990170563
7608.70575069199,7730.19581860954
1324.86897228867,6852.78464319836
2099.23259677132,8494.73827679533
1285.99093900612,4156.71834811677
7299.4852688442,7953.14653232058
1452.33005678532,3686.28311227161
7294.31587995779,6876.87900622889
1299.84042649909,3623.18534178498
7807.65627926251,6468.55999353947
8755.28129604223,7306.37282332161
1829.19137256817,3814.72173074762
7871.97087847258,7279.80684078034
964.801017656482,3396.00991335504
1399.67710380284,8865.88782207885
1094.7061774401,3226.03599234409
7884.4606700626,7174.39424187074
1298.08140648438,3295.17188700132
665.372794319647,3304.9430070275
1194.01209520811,3554.68846327086
7369.81612786327,8314.70599224594
7119.71522440832,7715.67002806943
1675.71894802262,8382.464898829
8372.57608145426,6508.07371056228
3795.23293695177,3718.37141452584
920.980022078924,3280.25971698309
1182.05930908641,3427.70473291736
1653.56426428204,9136.30379990556
2137.38696746052,8466.90150169813
7418.85522179868,6774.17578326246
6923.23746979762,7628.44038638033
7356.39999349954,8186.07391499221
2759.19449255614,8506.67442733571
4600.82121473262,5992.67684001615
7198.06267930315,7601.36674597305
1442.1027024273,8641.57418091051
2258.64755180342,7950.08736451303
1364.35514054341,3834.43615392527
2439.49355429842,8870.97638523041
6676.74351573,8883.4029592185
1471.10052328754,7894.53168432695
7779.53878601495,7881.43625668887
7858.34229131057,6739.29816806915
919.144748663833,3340.06793365594
1571.62119758729,4594.35822952835
6816.49476498656,8283.11616387287
795.509098150561,8758.34464360818
7896.31254577024,7803.63233753056
2298.58209808757,8867.45261311733
8719.03518542248,7603.94901291957
1977.5068676868,9194.74251070316
2025.99684880527,8754.88249832983
1224.29497299239,9150.34413793229
1328.33618769126,3800.43113353672
7626.57878336291,7480.69495024117
509.074230679014,9248.76575537068
7707.34993761285,7039.4903919075
7421.16129668552,7366.75472520996
7386.38390190205,7874.60733551418
2097.04012510763,4059.61000618441
1959.63048694517,7871.05318929996
7726.4595842182,7851.26407260975
7284.5093495529,7229.67724315198
1466.40053353617,3918.75353894545
1054.86296252076,9078.44454610861
7047.74815166016,8059.4431379188
7385.12328646532,7813.19589516755
1366.90130876893,8402.27686294883
1047.05136827059,3275.0345284617
1112.13371896432,3207.46796881381
7583.28381325096,7841.14346486993
6785.40191419272,7390.6626745247
1630.29379881423,3979.92565089324
7486.9880563892,7581.7061834534
1567.76670620477,8825.72756481033
7471.28593789724,7542.46528106336
7967.22809067496,7096.79637975852
760.567379689507,7872.33407079633
6721.33877306229,7642.77426030541
641.154987782503,8741.77283318469
7257.90155327304,7373.16713327877
1086.15290519192,9364.20263083213
1819.34379062187,4061.3018324001
1816.91137334913,9075.14042283272
1312.94464627592,3591.29827808615
6809.09955478414,8109.22867453264
2166.52542623181,8662.21424301909
7661.4915884971,7307.27708024194
6854.41340403797,4253.27630006713
1329.32775455916,8850.7969675331
8531.65820521584,7397.24741911021
6648.28772863447,7331.73544527302
1756.64690299475,8977.32305977616
1907.96841411116,4488.13288613772
1613.46625622065,8533.26180593947
7835.24096540793,6955.97205964121
3268.03137041082,8854.38679256695
7933.72148587265,7686.31824608358
1853.40868160593,9073.02436466837
742.116403373235,9255.29440632679
3011.84111300551,9564.19177629098
7494.34221746791,5877.01683135437
1572.46543056972,9200.03540028713
8560.49977260677,8197.97692813251
7014.78467911218,8050.86613692347
1730.69225144981,8758.54592276366
8147.45608824821,7215.39736972927
1624.64496813948,9221.39591449776
1289.6918660627,8186.4920281412
3539.15078715661,5952.47337191143
1985.91787972626,7367.01901732381
6859.17246823704,8017.82583101127
847.403588987973,8754.50720716594
7967.38382828514,7296.4192816713
7408.38826855198,7854.38747773878
8674.00945839444,7341.127905416
7640.35459201241,8044.99748101069
2049.11768246162,8754.91685995615
7726.60472996148,6958.65561911143
1401.78328937738,8600.97914783942
1120.34170914321,3681.29308242102
1000.32816733264,3584.91303787719
1422.11169202647,9029.32235015001
7438.68439121694,7748.86521681155
1029.14473730124,3275.10784055046
7897.35416761008,7105.30975643007
1803.88665892079,8971.05817946828
1743.49517762497,9362.85189046685
1014.23948694129,8834.61505017093
1951.49678088911,9049.69953610709
1127.24702739549,3536.67370570376
2780.54449718503,9055.96449836822
1818.28728510259,9077.65254131858
1575.88120020081,9142.27147943336
7516.13207837547,8440.47979730067
1192.04255657257,8195.36933328871
7408.16590633525,8300.16225743921
1248.15141597883,3617.0704050973
7488.01207877097,7719.23181914131
8720.16369833769,7271.65726310172
1732.11807321926,7929.57305813375
932.83308211367,9153.34438701961
970.201405789642,9090.57191313414
1874.16791662181,9147.42126884173
8782.83883216612,7367.75469305014
8352.94015804307,5049.0268151504
1201.21622007097,8368.45564632941
1152.56141274496,9344.05399564274
1499.43218057876,4556.63218487703
1320.51785197164,8558.89677961022
8278.22561284698,8546.87906701832
7721.06724751182,7906.93698312329
7285.49666935584,7293.7615287362
7307.08947402886,7794.3778200431
8195.20400375135,7024.9884141896
2014.35003419924,8278.84467074214
8493.6242078316,6673.53671761442
6475.50085543257,8350.75680539461
1770.99537281305,9305.2271910242
1113.90905682996,3096.16525364246
1923.15673860933,8250.08394583086
1699.56667803786,8981.21578743637
1702.85844789467,3391.98535197623
1432.23577111383,3607.51337998781
7101.01008783304,8323.0694143617
1158.81846057643,8977.41501496344
1973.7185322357,4174.93001315329
1183.02994299117,8858.18820525015
8473.7222177815,5986.271291005
8820.03854598271,8020.70279322062
7600.50661963249,7787.55679235481
804.357107253681,3240.48531127408
7960.72664711999,7921.1474566142
1985.4810691318,3758.23870268226
2879.83960722933,8133.54238934126
1382.09253252803,3596.17984988363
6747.53125591368,7690.23817152296
7450.23631880959,7487.45451746333
1551.34071453468,8692.13402965316
1189.61797993933,3715.56645242531
2588.47856527591,3727.35296073901
7354.04991146002,7488.57003562911
7020.89774717227,7736.00678621227
8585.40951529723,7525.71267331514
2200.67855284335,8710.11857181499
1706.97069837963,8504.43644892905
1625.63602881143,9131.94873752766
1670.58670824329,3847.22364568314
6735.58146827256,2967.76345881503
1851.13371931305,9032.81807492098
6916.98084921854,7930.92348178263
1232.0896242965,8894.99914518619
7902.68757182537,7301.33673254288
1683.3147574144,8981.4765715907
7840.73593312614,7846.62147361268
6422.29481525637,7207.74743535993
1540.59923674812,3903.59094892624
2149.67826463944,9040.00459835226
8140.42531877464,7767.01035679654
1362.84245157596,9005.27771375033
1769.76617191515,9087.00449363485
1568.52077748719,8779.97026338247
1555.64541464244,3593.11960645691
6906.11315610213,7790.22367941598
1027.5983134423,3374.02050813466
7800.82321044054,7603.78449846405
1591.90305990789,8278.72522384549
1254.74278650872,3273.90853838226
3517.84429830365,7511.64946629315
1048.56584938995,3261.30045147742
1851.26077620729,8813.44507990444
7401.10271188751,7017.64732105409
7716.22094353893,7917.42927185822
7494.28689508171,7538.99375757674
1264.25848491115,9241.31337392015
2114.30717993243,3541.8590031189
1106.16216177844,3092.21916165421
1307.273033623,3462.9689685545
1643.4040788683,3697.28695574452
1213.18907755454,3675.15918281314
1570.0949294631,9016.04475722557
1655.92625388212,4078.50114662486
1610.5991513711,3714.07912107585
2079.08306307653,9233.12107848098
1060.39097672851,8291.41236415004
1959.63170268773,7838.05916313789
1837.3091560369,3821.10922839125
8146.29035401731,7076.33807281756
1029.19128039227,9307.32950626625
872.782791029595,3621.98234213274
1678.87064485377,9179.26670032629
1154.36199274477,9193.57725794252
7028.89883507806,7809.2882480328
6975.74388055138,7826.935992919
2167.61648054925,8629.01022990221
1760.87612619317,8323.29987000731
7196.82899761343,7842.90240782363
1685.70964658318,3696.02182902942
1606.22307973774,8674.05019917624
7339.36184890368,7156.79961972372
1615.56554511395,8936.84875936205
1420.76722021907,3594.31084370666
1455.89717672342,3609.97567561466
1083.53873301967,8855.41856311186
7680.88049703739,7568.11315571115
1584.81059832236,8963.73890536178
8587.27877690688,7338.43274301736
8115.22398125734,6114.99446780532
2404.98598128219,9133.48187114932
7511.56760107178,8380.04424604171
1484.05873601478,9142.45982377216
1174.26814640206,8764.69749945543
932.357004188077,3532.4732409632
1950.30725544658,9079.86136505482
1476.45336891495,9034.53257940976
7342.80121866565,6879.21442343289
1713.83778196181,8927.53742991946
1591.99355838513,3866.15560665366
6578.2397190605,7028.82853597196
8006.58121557195,5768.81407667497
3484.37071040136,3355.60996403592
1797.24472288082,3915.10964021265
3334.47498399998,9162.6987397591
1052.78831569931,3247.94302252467
6303.78428703803,8789.10958548758
1629.37031979799,8507.07856930932
1695.46090652302,3679.30259894054
5532.86870653714,6788.05551115795
7667.18713635466,7053.145368602
7497.08839868286,6732.55775782201
1995.20579331438,9065.95688636466
6428.59424862402,6894.64566750076
968.783097720576,3244.62949393012
8354.76569709071,7786.72518926012
865.219954872029,3483.16393399272
1650.34809124129,3565.16636478276
1632.01479503628,3668.05945531424
7997.70892177808,6849.56316110013
8242.86403727538,7960.55207429298
964.727721741336,9340.0570008266
6966.76646073654,7746.55726055477
7188.45670519401,7526.64105791716
1690.40306744418,9190.38504007497
7019.21913515526,7880.33600431252
1347.47856915391,3788.9487069184
7352.19098626549,7548.05349138258
1610.10142399972,3595.54483370124
7773.79883489276,8016.98667273519
1003.7039945977,3555.52398906924
1393.44433649636,8801.20060748941
7918.11773172358,7069.04471680183
997.633554476217,3401.407182685
1929.87310264806,4158.08495787297
1465.58148269353,3668.12040821107
7398.73776587672,7684.14894708698
7143.92654624419,7235.45364887506
1669.99805094155,3880.89923123586
8251.53566481101,7890.22257383502
1394.87415066414,3654.90044090125
7867.62798213125,8224.93475573124
1539.44864578123,3681.43243623228
2136.14983606816,8535.5322690244
8340.04449947414,8023.32441019266
1381.51323766476,3621.32594548621
1560.91519012815,8875.76433673079
7441.50955075294,6869.27467690475
1359.60631449643,8750.45593720852
809.178860830813,3378.02681731411
7556.81666154552,7529.63526526587
1789.9543636742,9114.96434562222
7838.83388988842,7793.85182238262
1660.92425663498,3730.495444015
6585.69000837112,6820.9690676754
7323.44077783215,7367.63117557322
2187.19148869988,3941.45559570369
8517.62500205843,6983.92363198409
1218.85346680903,9145.91813120515
8235.15471216983,7022.66202773746
1441.64075777599,3670.15063267727
1316.19819500381,9031.5980579259
1629.41014479806,3522.73939830389
1362.25021678077,8538.17572921898
1444.22990053689,8975.24592971814
2025.77905616264,8003.0424068691
2128.93070771803,9008.75501147922
1066.85682608684,8252.87017042002
1426.14552051075,3743.66745561398
1625.58398015079,4312.79286815088
3805.85595152701,9013.19689188257
1861.46363055739,3662.17970027543
7133.20451733487,7710.93000154294
681.884206134614,8374.54868030129
1520.749331961,3328.64202151591
1537.56130224006,9172.90954937653
7620.51969198451,8010.77495909081
1349.59515629754,3130.38909619108
2005.03162089585,9298.67649994497
7572.14634308164,7607.68365195359
1161.05417905888,3581.9004282089
1606.04492324108,3559.19105757205
1026.78462073399,3675.69468197205
1634.3191414009,3816.89644276112
7357.61525735425,5931.57488508804
1252.30312259739,8802.4480799239
1523.16662664661,3820.04052382318
1917.02397463367,9608.78901285774
1811.53081179003,3949.76630446167
3076.3641819768,9043.00532801097
7043.64443719085,7923.56248610192
7452.23035283916,7088.57769470954
8410.72036091956,7392.70503448301
1432.05899634702,3369.53290957628
1689.34943428524,9207.2760221832
1401.98636226937,3998.54633068212
1231.24507570092,3973.9332367496
8569.67741103799,7418.87502090097
988.417956614914,3351.50852655695
8525.34154737333,7554.00074072317
6660.32581127789,7337.11799177592
1835.83133709069,9334.92072449576
1376.94896319086,3646.13094441579
1096.3509616267,3383.62250658032
6573.93087110686,8015.0780873427
2050.12040430145,8823.86917597246
1135.69641643403,8802.58247531479
6913.10744523824,7684.6778029001
1565.83550397811,4407.68798744268
7099.82467430115,7734.56275932563
1662.57564448282,9374.23346120046
6395.86428305555,8466.25733978071
1325.44707458907,3850.56327743439
1529.36587524382,8773.02893418035
7960.58876627856,7772.70487674078
7656.05888849683,7236.64033030628
923.168696741498,3371.59404161136
1717.87880720528,3903.70472289363
1722.57132762242,8887.32251181767
7117.13148058076,7310.43038877451
795.058056259133,3275.76021591731
6822.20144214191,7045.58305687578
1674.55737358833,9092.38529678855
964.868139700048,9023.5551380314
1989.76774411657,8667.05271756941
8061.18713698116,6343.10548999441
9224.85363899359,7768.78435757595
6830.91917040447,5319.24326539646
7232.00399240142,8137.76880622638
7110.75292877219,8203.9902509493
1389.92669002676,3625.55830335135
1577.41927970259,8914.67988872014
7469.11058737389,7192.6013261385
1587.38104477449,9074.53726191009
1477.39435941365,8986.49219832841
1710.55399355601,9125.1966717232
937.907042933928,8977.73748360646
1603.22270452328,9246.61979116254
854.565348055474,3363.50981565277
1566.08148748101,8750.4545890166
1124.67919233464,3569.73159405363
1101.77973900192,3365.22535728664
715.122387204741,3538.80140367132
1341.16755061671,4052.14114088331
1450.95399758024,3496.74529227048
642.161990738389,3011.02032225621
1227.0548563133,9027.35049360049
896.261292339055,8827.73805751976
7261.04518402128,6787.55109054364
968.832544304007,9008.91306068001
6815.60597558471,7458.8508733377
1910.9305562105,9062.0727200904
5433.23766727087,7421.63106975772
8774.54869454087,7437.60222432897
1211.91234364064,9105.51151340392
8539.9884251837,7205.83057976708
730.296218959367,3303.56198209902
925.197210882672,3217.67697787743
8222.0417912219,7950.56978903192
7451.76433609531,8106.44247968377
1445.79472110842,9060.04230001869
1239.13751828376,9276.96981234158
5045.47963109205,8882.01744758798
7332.79529034122,7709.85479681619
1539.12075590151,9450.42508974732
2123.69910760822,9385.99734385058
8267.12233857831,6316.8272763739
7330.58553714047,7660.84882317132
1001.33305862867,3043.36557114539
1412.7130720717,8602.91124412816
5253.12925970194,4002.01523322834
7981.96016625272,7352.59538257036
7001.65108874524,7478.26105583291
1027.25164600255,3235.76559547157
7781.91014528516,7584.72752381428
1176.23606102837,9001.99813626409
2168.97135539164,8986.79975214437
1601.04867781388,3679.04412474488
7135.1611004145,6933.45195123025
7371.40305442171,8324.25967332835
7116.91674970101,7316.19227367229
1491.38428496526,9294.26235168111
7809.46511511129,7386.75390088722
1728.18407257414,9445.1790909114
2242.35820918546,8013.62180511443
6234.17171329584,7251.23924699035
7750.21052661374,7802.65664032866
1237.50108143588,3860.79041177777
1047.6872231405,7457.09896489757
7840.25450364265,7361.65769208972
1116.34585986583,8819.83358355269
1572.86837078939,9368.96672462042
7787.66476752177,8041.8522421775
1401.15062009936,9243.84889048951
1656.54080909548,8549.29021316827
7452.79500500266,7591.79176878874
830.395168149422,3389.87021436005
7567.54124467199,6843.61972670879
3177.59416347674,8555.7918809696
7572.13556234944,6341.6767219892
8046.07346991474,7462.90800344184
8232.63693153598,6812.62490902234
1989.38034116249,8651.08523815349
1182.54343806131,8398.92342784291
1720.20896424939,3459.11546915095
994.586133762759,3307.43047687985
7610.30745983595,7668.18481883534
882.52775975227,3483.64643232434
8737.90424684188,4885.55093076918
2288.04107357626,8988.79163695342
1655.21546020197,3492.40918683887
1246.18395611123,3595.00627753953
7192.88004415198,6962.60903533652
7146.78247418829,7615.60892695191
2233.69357010827,4030.60377687936
8267.96454108517,7457.53116588222
7167.13442046626,7401.90015054966
1128.57269046413,3261.83956436156
1748.90083630152,9468.33585803164
1474.53782608829,8950.80863772156
6638.26995915546,7283.34694065176
7302.12901377274,7869.44377491147
7015.16126691205,5979.02574580131
755.142439363227,3235.43764264914
2285.94593102053,3764.16621737654
945.382435979194,9008.95743657265
704.432972689578,3068.79829975096
8413.69691060127,7305.45456439967
7398.48564429511,8536.61093960055
1256.98977519151,7752.4313407647
1061.37045195263,3562.53672055406
1002.08923890301,3668.34928110903
1477.19477600521,8783.8773159129
1520.43148595478,3515.81725301058
7667.57665442993,7918.78848248531
7801.00158070472,6641.04898189796
1693.74403279017,9049.76571924479
7686.96390844942,8597.53179045416
1628.24771782087,3859.04790234951
1293.41187393495,3261.64099150044
1429.096591531,3773.41415524402
2807.14436409964,3570.35473174689
7200.99755353685,8199.37588119158
1538.07889373325,8755.42304702793
7289.58215428334,7232.66427109814
1842.12610184663,9181.72702561537
8726.51381655005,6516.73534269084
1847.36482844753,8193.57833555998
1547.24057866559,8927.28118464164
7380.29424295859,7791.83322944137
8580.76352202585,7325.8840267262
1655.10995527148,4007.04967399983
8857.39520617097,7461.0585464869
9117.33042681591,7080.23023272272
1295.30383873461,8998.54347259745
1760.81352378075,9054.33077874871
1526.99738655177,9145.34004550124
1602.30443449009,9298.8302819921
1131.09190890458,9028.14399992915
6114.41480768547,7451.81191788112
6822.5208165221,7823.41989662658
1257.50010039052,3234.77760822143
1893.16124397005,4113.36347973578
7080.41663868757,8152.96680437742
1030.85854940271,3159.38523823582
1430.80790185414,3654.6549403151
1691.10865833843,9261.80101620298
1309.33186291502,8343.63222374152
1339.70783961183,8853.29426336099
878.39682649302,3533.5982336353
1557.8508981244,8867.89491646709
7132.44675684686,8084.49310423843
5446.54737899644,7448.78425057835
4376.89227792688,9039.94595881417
7691.27476195692,7443.14476416983
1102.79654361853,3556.48778894302
6844.7825541582,7633.77210598272
7296.6359670535,6993.7634135354
2229.76170085896,3502.03031620727
8900.29813955048,7158.50423210728
1052.02116591315,3522.77820821857
1862.97205601404,8710.92078879951
1712.43361498659,3561.40696650013
1431.4367866634,3415.39288607606
2045.79559332986,9250.35052769374
1205.37464259235,8646.76613187667
2015.06308189813,4682.45170364173
1418.50308051035,9319.79446191582
1340.21911221783,9219.10961528677
1754.21154767467,9051.47249920795
1275.76059401962,3484.16029959732
7309.39721891362,7645.73228743696
3528.76787638849,8915.79085235043
1460.99577330176,8140.31657214728
999.260098173506,3341.53768925164
1540.76812572454,9236.55441365541
1329.46167001018,8433.87420944549
6144.14694508193,7418.74241579094
1172.69426834825,9129.64624093213
7567.69569440929,7070.76321627935
7621.62788414761,7169.66688109839
1785.74559547406,8621.89142136666
6938.07914269935,7984.59110907901
7900.8836265707,6677.0573586024
2097.87812173824,7828.52628698836
1860.87283821645,9212.77961810988
8645.24544179409,7483.94461893649
7715.59812063592,7828.63333299454
2011.1921499916,3967.10154082217
4644.53640531158,8642.04804089704
8341.2672272854,5740.20035633263
1218.3762553429,3534.84107146626
1647.89010845491,8755.78490812049
2051.06467455893,8834.13624328316
7727.53262673471,8094.97126398239
7212.98984299937,6809.09610216236
7650.0575957081,8231.11318608263
1539.56388978154,8657.75498375758
7514.87447503378,7896.3172420205
1092.99885047257,3264.89276677141
2297.33142110819,8676.14399643088
1880.62099667853,3789.97155155866
7638.26967445738,6576.15215843666
7173.53780127454,5475.61604325831
1777.69594532533,9203.68936107857
1789.33808952944,3873.32428063092
2110.46070911262,9267.97192430319
9267.50878868072,5562.53056139051
1428.37233830109,9152.05046865867
8592.17996112016,7587.46234651285
1809.34253572868,8924.89038544778
1374.97329605238,9093.02963674634
964.691233851546,3330.55613682884
1189.10382219678,3503.3902506539
7768.2124763478,6764.13546438914
1883.84389784467,8987.26256779905
6996.46804703559,8528.28940392931
3844.06453383059,8721.80805414746
1860.43028233439,8941.5221602578
2149.6833329643,9253.80755317252
836.742554305924,8414.80551707406
8083.13582778843,6300.56340423184
2430.86684597959,8156.55305073099
5323.79554946812,9096.47671150391
2858.72912273504,5902.32713881424
8850.10490310451,6240.95813572558
4298.63198461181,4137.08614050543
5868.29384025412,7974.0817784435
1243.60871884768,9207.43022890594
8432.70201827272,7992.56474964014
7614.36450298924,7747.38444796633
2628.20179845178,8721.43282801162
1916.50531776542,8856.74367339178
7975.79797014709,7013.87954130766
1039.03917002323,9331.92086725093
5111.68168216141,5788.15307652352
8327.47457095884,6599.5194706264
1653.23143809872,3765.80487984057
5831.98624657762,7834.78696779004
1291.93745358754,3588.01504178803
6886.47148170378,7076.9821500003
8651.39531589459,6718.99206199527
7777.6407694466,6940.42210933599
8501.54328060482,6611.35519067946
7429.51204622093,9394.97301094018
744.218550141604,3466.20822559362
1162.78574911027,8948.29066413121
1037.7819612665,3264.97758871119
1696.09160058126,9235.12116570196
1324.37413847346,3989.05012640617
1452.54470563357,9090.31280263422
1409.11363617884,8978.82191581165
5997.59483732607,5870.70144906047
8958.0821986184,6922.17943415176
1216.48094784454,3836.37523111383
7761.84156129759,7303.81463103205
1937.81344415274,8939.62906038265
2898.96964822068,8959.02701660297
1553.85715197322,9075.34562833934
1054.41621644464,8897.13315942554
1313.6054632863,3411.14002255439
8084.85441291544,7548.25063685974
7462.79429783432,8038.85483501833
2420.84818534199,8089.39057087025
1425.28617169525,3662.5681649083
7169.72368694151,6636.68346547224
1747.55223878752,3432.0868299378
1442.64590447623,3483.12318872015
7871.80779457538,7570.06661854915
1294.56210285061,3600.90156847497
7440.8541377225,7941.47068165907
6948.56429123947,8095.03348512875
1248.17073300131,8347.74746489006
1315.66046216321,3471.37605015319
1324.13411780659,9210.82719131805
1261.22562129279,8986.80035076021
1378.66761350161,3718.77283614939
2426.25977213052,8972.0331577352
1655.16546217041,7748.74229436681
1950.82717014273,7329.76864148734
1970.39140261826,4528.16989628778
8716.75868632917,4809.38224297434
1570.95655502202,8641.8624243905
1808.21502831003,8902.68246148536
1551.08082788735,9225.44699958479
988.853997967644,3164.22094315364
1266.31609741856,9200.00937848469
8123.20840787815,7312.61706347418
2016.8309276523,8665.22346651091
1831.7223418797,3864.23393500958
1441.19089867933,9068.65408778089
7665.55623903676,7619.38463906718
1331.01723955514,8509.84445877939
1103.56309634123,3467.51306243883
7639.28107320857,6719.34501242136
1397.54525743655,9046.93239326179
8204.49858160421,7677.30231695291
1050.30659879715,8324.05115022719
1186.25029775751,8770.08249301803
8194.30384444464,7534.92299426589
7411.70296683637,7676.10293849051
7215.51686003653,7651.82585691466
7112.24661793882,8086.78548747
7296.53565777338,7533.73878678706
1698.21736447567,9331.7239448239
7495.40781440695,8073.46575201521
6901.99145473416,4784.29566776779
1609.11570121651,8283.81513251078
2258.22027058278,9324.5620291525
1114.3254855063,3482.11759798832
2702.92910942072,8300.58396049292
7588.49926988584,7730.14572407638
6573.5353381393,7884.09791026606
7130.46946737845,7572.87028633102
1315.95719386407,3621.65693744614
3351.05833674507,4135.18360189023
8043.02198109393,7480.01575217624
754.67140489248,8785.07865196248
1173.46039143152,9359.94997227448
1720.68883974921,8505.73111497947
8516.90510294423,6978.6254848713
2422.60853639176,8487.07673756904
8456.68075026757,8727.69049647361
5913.3305810748,5147.01083997655
1290.74988369777,3635.3561620377
9193.85588909572,8053.43473269957
1011.02787557719,3446.65652550831
1992.24731803133,3917.66564729262
1421.30477663434,3558.8959694369
1264.29245394576,3514.78986462292
7529.20204857018,7334.71941109666
2311.05804231819,8946.19180783637
7753.86743828631,7916.90212518664
7648.49233940586,7874.18836893473
1405.48254213642,3170.32255757808
1039.82540952044,8854.5539997096
7222.71849541829,8292.28087696749
1284.38201667991,3753.78054582281
1683.3331608746,9159.9494245829
1202.18213519618,3612.35991906866
643.200955655113,3047.76832618925
7137.02628758693,6919.11115042101
5726.44021080404,6765.14627040672
1519.66657551726,9222.27542008162
1359.19513747541,3850.0273116824
6593.04813046133,7325.12398237247
6247.51332629961,7176.72121576581
1549.29424059747,8999.61042862516
6440.03236752997,7391.41066013714
1600.9304024823,8471.10217711862
1416.28915858774,3778.48054102215
1058.05772976792,9114.70215901148
1710.89047992093,8823.54474493158
984.8763974539,3141.77893722938
1531.84670049245,8291.42282313861
7259.85228923432,9507.44233812105
7421.14320946414,8031.30429822386
1781.83967933854,3739.23778268335
1162.52117548183,3995.44295333831
1275.82577909432,3102.82654788134
1225.70423612422,3630.64484460527
7393.94319716675,7287.02854392983
2336.48004645094,4270.29564400463
2302.571036491,8157.15529636981
1002.62199948127,3532.52698009539
1862.40765715174,3524.02041676312
934.086227581957,3410.24869666961
1556.48512528509,3827.87751838858
1352.96478646593,8637.41568651849
1294.54098872486,9001.48238915618
1785.69056492796,8984.3090180486
1084.83863056638,3268.81421971096
8329.19882091245,7500.10336328759
1630.67996702766,9124.62073668909
1970.95397943235,3599.85488177463
904.837360429083,3428.02518530708
1788.9175998433,7677.69490887967
1351.66110495555,3611.5615688854
1514.57307049562,3619.93783808725
2019.00726258854,8883.04121314136
8899.86554068463,7591.0151462448
7842.165789581,7368.45441314549
2330.76883214876,8926.64300089164
1203.31623171055,8779.87816978443
1548.98455727482,3883.16049037185
1563.84942086707,9122.50496873636
8022.52533864001,7270.62386491527
2088.13243455443,8976.15063795528
1392.83064070211,3647.56205366938
7197.4645349574,5785.39087611815
8518.48672931706,6334.29804209218
7440.58543419667,7528.08430603876
1733.08990007276,3896.4321314347
704.051430966569,8815.02042563537
7696.40380936807,7336.07513506147
1508.29041857716,9045.28996244371
7851.3695401686,8052.77832460953
1348.1442835178,3679.31787517189
1706.44781329729,9313.29543041328
6824.82906214664,8150.73629686111
1234.03804733056,3366.68718071524
1188.75754999793,8814.50977531327
7028.52757770047,7641.41122282086
1601.30586214332,3940.03766873559
7636.9657783867,8034.96811118235
7944.71313618053,8636.3527123142
6599.85001234001,8312.89493469106
885.147127129775,7524.90547077538
2333.16696410962,3633.30192545881
7586.29938330616,7196.25529252725
7407.14809998287,8084.2553455858
1633.84522420535,9067.36684968941
1707.41681692198,8574.45491726554
5982.29911846938,7478.51718574247
1583.84637175524,7572.50976186387
8306.66393679191,6264.93268177268
1077.71219570937,8403.50065340929
1731.45139576556,9074.33499970291
1682.49797686679,9337.2300805467
884.243776521934,3832.3197092078
8238.62742252218,6845.40605422314
6924.93046740973,7788.56386691307
1487.13175610325,3557.15862622114
3465.28252649123,3953.40504062527
7212.93873208138,6986.86113570094
7366.40579511368,7681.59336306676
1078.29622289686,3431.38212997017
1239.35439809016,3279.46033771299
1433.66479756043,3804.65845953605
7336.39770351593,7339.0246462594
742.521966063766,3045.65421277092
8464.64505993086,7554.35821374403
7017.41849301747,4769.34901399565
8050.08945749403,7655.84194045916
8096.21032097906,7696.10179868669
1521.57089068591,9091.13512134313
5285.83731887324,7404.62083116773
1376.54929147227,3981.82316753615
1463.6726731209,3766.58878852203
1737.88510091983,8376.98612958103
1198.60740431484,3423.72279114798
8307.61052094137,7151.80336763033
8300.70736558646,7405.81036387313
787.142584420812,3118.665738128
8049.74895965118,6935.91730812433
7791.31247952089,6666.61183158812
1484.94470900875,8807.90652810952
1380.57308240927,3527.03756657708
1688.41819379347,8838.85023998698
4245.25366774343,3376.45981705688
1467.84791277522,3217.17819293096
1411.26141908986,3717.45889787868
8537.21464494364,7347.18429482201
6490.2042801231,3376.61769351707
2050.52338535543,9037.61582539091
2156.55524026394,9247.95082012474
1748.63637280743,3425.62486542337
6252.29747182964,7315.34545911793
1569.22006753592,3653.88963775492
1255.14879310148,9163.7201160797
1405.66600856683,3415.82896404418
1601.34028343062,3612.99705606396
7307.79846973293,7923.25016514934
1607.44804872722,3726.96414816633
582.558411726099,3162.75017051117
7769.36391432786,8245.85435013813
6941.18194586319,7373.99414095681
1406.1136249317,9245.39165469833
6559.01164160242,7853.26811504899
5812.42580087191,8925.86791185189
7503.8340048839,7393.02575383257
7141.16001714379,7071.38728798747
984.82057224404,3371.53941009595
1817.50588489146,9211.37314700314
7434.26006423417,7538.18016773922
8061.5819885046,8193.18531328577
7482.70295864113,7833.34050672412
7704.07609388738,5930.67240061433
7739.33653608071,7388.72267870583
1320.03459958085,8944.20118476892
7729.82472846271,7765.4159173259
1491.36601569716,8583.6671920237
993.374172938836,3368.00760095384
1610.83115541625,9333.94366337547
1396.41277357526,9056.86753368171
1210.31436145585,3626.0190077151
4057.54050112878,3579.47529152502
1121.42732199217,9001.10235222716
8451.98094927767,7867.95708129126
1257.5498274072,9219.68091679413
1442.93436877489,8999.99737856284
2077.02498010032,9004.19267564852
2474.73065282933,8421.89058518572
1918.88089770778,9276.05183446714
1999.51669225308,3917.2528490291
2137.81233210086,8977.69476839062
1117.33839464106,8324.02062199193
1181.43552298282,9267.0110791423
7220.63028375949,7953.3959583871
1249.72604815146,8863.04165872774
6502.28975352236,7434.02460861209
1625.49256424799,4357.43230832201
7523.52135939993,7628.99482102006
6961.02841590022,7406.83414673315
1190.30562484271,3192.88338758937
1710.39227589106,3523.96284585955
1180.20626537096,3197.47263578187
2780.8089766796,8493.6372944776
7913.48467694065,7033.7307804096
7537.41012126853,8442.27565558675
1639.90732232302,9231.37473809677
7465.54778299716,7530.14368577617
7254.35481199421,7820.5011103284
1255.76425834436,3698.40861350726
2236.86651320024,8798.65951181021
8559.97187188684,8036.81646891469
6055.19571405424,4049.68004506865
1537.97199181375,9073.25937028976
798.599715201149,3394.97373445023
7752.68714868275,8936.62823642752
7461.05751939364,7667.89735597647
832.036124766757,3207.85356005666
1738.20785473374,9400.92058655389
6673.52476298499,7320.60266549942
7643.5358777008,7246.04476861265
1793.95985056553,7791.43767893649
1240.98127717431,9133.74556331134
7554.18429214704,8022.70723827961
7210.47730685682,7934.1136789357
1461.69492718977,3904.9320230105
1673.84807057678,3582.56687795273
1176.62219342059,3752.00270321764
1036.39325954588,3440.4635826122
1088.54294797985,8978.35322826298
1039.121524224,8081.70556142692
7762.88880685292,7386.00902592685
6854.56936805674,7779.27160669451
1958.96392015558,9184.99527860203
1953.51768670664,8112.67447798965
7879.05277429977,7100.72880577518
1984.56143427852,8778.26205365229
1497.9108114803,9194.56993451112
1823.51202916774,8582.67137400326
7670.13047786371,7442.36851444939
6987.49312456973,7387.80934463781
1132.12998028473,3400.44274879558
8680.67501270267,7781.55640289465
7296.01407546334,8325.61112147997
2495.58154361916,9115.75798314666
8285.71591446551,4716.34897727275
1335.6138590949,8932.25431588603
981.66445356022,3278.91056899322
1423.39429378717,8484.15233108833
1480.91700051422,9017.83220373119
7293.69866552344,8120.45100524705
8013.70521192553,6644.96379739281
1531.49915804259,8222.33768770163
1388.98529402047,8960.64280625471
1612.40751394583,9256.41021159221
1528.50340791173,3551.80035394396
7579.780694666,8213.09040973485
8801.16055635447,7816.30331705669
1528.60850511982,3731.92413613454
7576.68610447805,7611.87101715034
5978.80699365403,8054.66061475127
7091.32920071515,7657.34153902782
6587.91216944806,7856.5744671412
744.123446972142,3156.57475482759
1236.93621058743,3286.8072314745
1738.0965974378,9161.36384220189
7239.94332722063,8184.19380267835
1239.22198440593,3687.63356039917
1674.41944423951,8570.74715544367
7185.12812028379,7350.45415244855
3728.78667617621,4593.36252549612
6733.32904512164,7512.51161088271
1172.79438625784,3396.5014257429
1228.0489018166,3813.6483480998
5260.95790660677,8992.56408042833
1508.50276689221,8294.06131368455
7498.12321270558,6916.45047618242
1059.96091523289,3197.04347549912
1314.94546228917,4033.40051138683
7446.30525990626,8188.33520834086
2272.78353672678,3768.01243676222
1152.12522941397,3588.23704844549
1126.50420329538,8326.7329657063
7525.39494615138,7291.47780423136
7685.93769404432,7909.40330941495
7196.73040884655,8010.49373829003
7893.43798107066,6236.18373987137
1121.38810838047,9019.63459915659
1864.81830844881,3563.74125987436
1239.83247683347,9335.57718744087
6722.35356850692,8432.88269896339
7668.51724808356,7700.14759846478
8378.05631688083,7166.31687904616
1341.61693903031,3633.82202254256
1526.00113772049,8999.78658875477
1516.48315105087,9045.47007471572
2086.32096411767,9236.26237119797
2069.68416912633,9089.20218064061
1264.7769161412,9241.85662133932
6868.80515084647,7949.67228311733
6538.59871077116,7099.77359476383
1342.22793751259,3599.66575841002
7674.41478082057,7547.64662384311
676.3755142104,3416.56290073794
7230.94382917796,7851.34505203046
1148.52157229306,9245.08929196154
7599.64990067062,8030.85207865195
2061.44864758531,3997.18277802037
7917.08304533275,7954.49806186425
1222.10349175139,3735.3624597761
1036.22377230263,3029.34576568473
1228.33112420126,3867.02971439193
7645.14442928259,7633.68678919007
1286.54618166962,9031.05101946698
995.470823402493,9096.96726434836
2014.76030497051,9218.54544179615
2325.66013351806,8953.44858225438
1207.95741217916,3411.83818885088
7596.45801306165,7686.75730537504
1703.59322766221,3790.66535002587
1239.20258694518,9164.98771668617
1753.87220904098,4059.05107158343
8666.61473450941,7813.66344579837
1424.0541885547,3600.41348235792
1590.45503652858,3826.41165093971
8818.96165980716,7013.81106712964
988.436770894541,8900.54002498394
1111.17881345544,3679.55236676797
8935.584627407,7357.58603280535
7675.29197081548,7075.98870528565
1377.88952159239,3578.65768104729
1738.81631789761,8574.46208428457
7661.43834234799,6790.93198602685
1160.08108372249,3487.49908446891
7970.37197380741,7815.07941715277
1402.96287652986,3608.16866349566
8407.49387558771,7879.27489926739
1496.26521297452,9259.10070022996
2949.99455955882,9042.75441272574
1244.60467800441,3305.01457272227
5920.79818849519,7828.60386235975
1415.46477137709,4201.89103697771
7185.14997967682,7856.63851036452
1527.25408558574,8895.69821581261
7987.20979867103,6867.32452670384
1305.38860740694,9264.347011752
7513.28520880171,7670.59087147786
1692.93520088332,9110.1521682068
8357.00578917833,5842.4941580921
1863.51749254746,4012.27954223163
7158.3115121902,8237.36721131918
2059.9010025113,8722.20366535957
1082.34020650051,3435.42844497774
8118.09916651658,7519.09790221396
1237.8671633762,4099.47270290158
7868.12036341311,7705.40469096159
8022.79333062056,5425.26332222661
1604.87303894114,8953.17810595945
722.87118455475,9113.79594054604
1427.74720820713,3921.90922203104
1344.62424060575,3714.58836909962
3312.98063493375,8870.53906503042
1079.48574189,3357.81574584194
1491.81383575352,3841.48689543224
7626.62380088051,8092.89163210649
7455.32915496572,7276.41946454906
1428.05521036327,3795.17824393705
2029.73772871747,5222.11795561061
2394.90373812407,8945.32096272696
955.619709208527,3380.22267795713
889.542267223862,3357.32616045171
7041.72167326411,7759.16919966319
7147.32584377968,6998.48344609568
5097.9061180768,7925.74773586774
7108.56714858512,8546.74231546878
1490.81467792406,3526.08442252662
7157.00921327548,8083.77549134643
7949.71250776838,8206.32070591321
6537.54347267585,8148.11572191581
1060.76610875057,8991.90296168346
918.05934123595,8719.21403500627
8029.74773258054,7089.14015579222
1814.71850122595,9124.30655345598
2007.03824247829,4714.82809753692
1561.64925527685,9135.21870448648
8516.52096511556,4763.91820058264
1264.8471869316,8497.14265810203
707.797588175102,3467.62273101219
1207.13675769986,3423.59365785573
1308.91505480647,3367.09856350854
1701.3531964393,8630.20787298794
1621.96490039473,8997.06410914439
1318.34608082525,3489.78615477602
1481.8859323544,8609.45307760061
2142.9198712194,8639.33580842412
1534.88610489904,9244.23872181846
1718.45595674567,9115.69839720453
8657.8828297468,7484.99791794293
7123.44094979978,8151.87020084585
1079.91993052445,3991.02134547704
1337.66181519207,8507.80639843873
1632.49745844852,3701.7382361452
1062.31538036758,9117.65435811614
7279.79229252547,7874.08476225602
7529.19034628973,7505.03855097365
905.320940648547,3264.22286437919
1639.26020094773,8949.63779706811
1478.97274546072,3911.18627298487
1432.51990265509,8372.08152168331
2670.56134646468,5814.47613297195
7735.73596092137,7040.65484898357
7576.74624718118,8573.38088674407
1587.13374818152,9132.9553075136
7172.69789072141,7545.27851172352
8973.18721924582,7255.60509850011
1691.83782055069,4606.08658989036
1671.25447346639,3777.94619284537
7966.60985920302,5545.91720001488
6536.34471491521,5746.13993955979
1785.46792525334,3650.00675381102
7458.09286289979,7581.57763727851
7702.50157563238,7319.02994828371
1408.81078493694,8514.95664977844
2475.81224195769,8526.48632573657
6478.07696980517,7059.3528804035
1373.06081024003,3500.31794259364
1012.53088703732,8742.18866973366
1668.46771179055,8539.10053431882
796.401577641524,8923.98781715352
6795.23219593072,7979.24444766524
8945.29013596816,7689.12302663547
8590.75012758808,7495.14840403679
8089.61209288246,7429.7971030023
1686.52854368339,3510.68974223695
1216.3739684869,9004.85487920157
1390.49157359388,3611.2074916148
1333.17346844067,3712.01580317104
1592.00031918273,3487.1816701929
1337.87508292095,3735.56692452108
1424.80949910005,3892.65824946171
1627.00667703024,8574.7481798688
1340.79508949711,3464.78850521804
1022.57652215007,3321.46867373608
1178.29230660753,3464.39779418672
7487.71857358854,8114.59628627348
7379.59578621305,7699.02911365518
7256.7918310031,5430.47496761707
7875.52241180254,7784.1236541374
1249.41134838558,3475.79663380314
8383.81713716085,7769.48608177261
8516.25595437857,7085.97631426679
8720.47873664823,6843.56455785807
1319.8026995086,9318.05894844603
7422.02759507079,7244.3411686685
1199.67280287311,9172.88201191815
1330.10433186595,3850.00478268631
1626.92606454341,9189.20891650003
612.826912430496,3312.37359270163
1585.91138136889,3916.4651758719
8351.00503565291,6268.23218780931
7563.92688249824,7639.60879710676
951.046046747431,3294.44643096385
7846.66551715774,8429.92004677645
3149.34050446115,4537.05649684962
1634.44768275544,3496.13936445859
7367.09563725702,7470.56995115933
1847.28323891362,8924.43666745978
1105.3670676098,4341.59310548882
6940.39430761064,8059.17486115204
1560.92043306878,9109.09082857204
1337.76303144237,8003.17628967338
2112.37310613778,8549.44247879846
1072.83058502346,2278.96233140725
1095.85289573237,3275.20381942901
7131.27926601804,6921.72012851685
2304.36454372195,8927.46919236519
2043.2641284904,8059.7360287268
8350.33977668836,7738.75287489326
1402.22947243277,9203.02494313232
2371.93893958478,8996.513203111
1634.83666785155,3759.83329792575
2419.58195097711,7947.3856613617
7574.86400568595,7034.28744740115
1993.77188141065,7360.85888864116
8558.06423874776,6756.94772184166
7361.78345939222,8344.6834727902
8906.04486070605,6571.43545078961
8141.48716499786,7842.47629133678
2166.10800203436,3554.94947928139
7860.9300995301,7814.36500282214
2342.45818615522,3802.70820466426
8840.49573809225,7970.63073626819
7232.43399698945,7005.21042243625
1426.79322054912,3935.86970616016
7268.70994997317,5302.11243990233
136.733316449456,2780.00011607404
1449.41935716966,3474.60019735609
8079.76751261183,7097.21571414349
1491.51240672454,8967.98417836694
1583.76881360974,4246.24852296086
6672.25719760851,6872.46651810723
1398.72886515038,3540.37847463183
1454.98787031566,8436.88635000246
6987.43753905675,7041.60647779241
1467.27036355931,9216.14176479786
1647.53502411838,4533.43352620702
1412.3256229673,3724.70300033923
8688.79289784162,7974.40337308474
2257.66504985858,8763.16375139198
851.995501109318,3169.51145466485
6900.60011295912,7585.24023265002
3181.63239815833,8939.87126824084
1515.88353149168,3517.91232474278
7189.32306298227,8267.58441187685
2251.69712471449,8927.63131363596
931.143889767606,3078.12890065585
1742.3688434692,3737.31776297528
4663.35444529846,4336.64808848531
1436.48385492586,9125.31554390849
7402.14458906917,8025.59385840034
1397.67190666168,9236.904227561
1290.20804761202,8580.99123346428
1326.56129478655,3456.8467530365
7033.77940204981,6993.74428770476
4551.22268616799,8820.98915449828
7552.58216907317,7250.03143920266
6969.58578078173,5603.43539337678
1323.82349218235,9315.66687159657
7986.8490944302,6758.2093988966
8591.68371634121,8053.33293779562
1346.6846703144,3819.39635347752
2478.65545644717,8851.20348996887
986.382976559033,3253.61681904292
2051.21108986913,3471.70785954487
6989.29914369309,6187.61351821468
8573.31951576236,7029.89959968189
1317.66982933798,7666.29968210828
6636.6581425505,7983.16978780865
1212.64160613943,8851.55025127189
6807.60341365985,7767.87466916666
6583.99221978163,7536.20508661148
1183.30763095535,8871.33996430136
1869.02191084072,9099.84534218043
8096.678734941,7205.79187236893
6821.7313210388,6839.81017688048
6735.12199887567,8674.36661553023
7359.16359966753,6908.47192666379
7357.86454682562,7756.64181107073
1771.78094233139,5652.13143287046
1747.16882962635,3521.84702516738
1886.94759420173,8667.62938918875
7476.54949673552,7536.22262515408
925.744412669772,7883.20051188692
1550.32231695895,8537.53679357613
594.692754142981,3432.79217481194
1245.90719550382,3623.04496073683
898.81153765558,9252.51854988276
8040.721895656,8026.56281989093
4330.25871295209,3720.68330103383
6729.35024562609,7653.419471774
942.055293386668,3617.51640655712
7099.00667087113,7613.72088126938
7443.66431570504,7259.89880205987
727.551592606747,3569.36290281542
1357.45086510577,3266.31338358299
1806.35336018172,3624.3328197797
4612.11222778469,3902.92942588721
4361.78222477164,9455.21130012988
7262.09610747539,7768.18986100095
1676.30977604761,3605.55419890389
7492.64067342788,8178.59775712241
6785.15056676741,7123.95044339652
1584.74661336573,3758.07200274684
6090.15030143032,7984.12438048781
1897.1352755612,3645.65682712199
1366.69324673441,8978.4302211468
1184.78660403076,3692.81769455325
7113.12274838258,6296.13664370139
1265.61826597958,3399.85146132859
968.962241602846,3373.18817156616
823.811947578082,3098.97919087546
606.312706271803,2939.38528161731
1855.05584986151,9118.60503148909
7793.68608264553,7490.50910501254
9018.37198939774,7716.32563741447
1065.56408647877,3365.36065723807
7002.32772963724,6493.59776910514
7627.56762189495,8443.46637827944
7659.4955434287,8166.33999057467
1059.84326153446,3432.73521481687
7002.27589704872,7420.69989969522
1176.78772471892,7685.01457241918
7315.02402371889,7028.33225730043
2451.86848155985,8413.42858884521
8378.42363398301,6561.97060924448
7012.62047421858,7416.97410752376
7632.92866000922,7727.00101569718
7969.22514393196,7018.2106512941
1927.87950583434,8416.47479632291
1497.2059296226,8922.11919402542
7404.00826088156,7563.15669087235
7485.66914436448,7224.57247456829
8394.07630640207,7547.9643084406
1474.60759526937,9173.07151756417
1502.23864225396,4361.3649867668
8428.13717373555,7534.87932514321
1429.61574256234,8927.07893070454
1133.62644716321,8875.24480518758
1661.50613102908,8665.09920039104
1352.58237360307,8899.18038804959
7159.18810837435,7350.32750742002
7896.79491447369,7139.12595628507
1371.31430436875,7500.33066195282
2628.01347909098,3328.86873640482
7833.16177115751,7097.62790663567
7595.88740610942,7182.75823033576
1671.16277993937,3911.59810727337
6849.03867096054,7499.37428705596
2674.29991656791,8799.43885887095
2123.12921031094,7853.82393279718
7754.79840633046,7078.17033323939
8345.92980944656,7635.87073428784
784.513935018811,3276.5559389426
7026.87281441321,5481.38572599798
1614.76719057477,4050.55012515563
6906.79388779341,8053.31384785412
8011.62941869487,8336.6018941947
1067.84038536292,8681.52031596665
6885.12275722206,6407.62221303921
1235.57907107212,8844.79173191822
2170.12840275282,9129.89867907897
7666.93416400181,6644.41865825077
7232.05669192557,7196.65671507907
7016.10573958166,6947.96561028792
783.79891517035,3396.86037201668
6629.81640034652,7296.25593815557
8027.54260089734,5940.4801853415
1240.33802507755,3232.30094995089
2070.0374095617,8486.27040683933
1601.54132545124,8044.59234769724
1524.33907489279,8452.69261657715
1886.12838819086,9035.54105208996
1416.01167840473,9291.56068184263
7586.02762922957,7725.31061603607
4543.30612340396,3116.1920481306
3501.35153725181,3711.85062784153
1659.61748412151,8907.48527864328
7926.85966656543,7668.82353823966
1368.30571568191,3927.87693251063
8743.76017014326,7858.35625994165
7888.49941430842,7005.82000696037
8268.01267900904,7746.81801953631
1813.44443208029,3831.00060450516
6668.25634300653,8203.82593564276
1405.4428012419,9133.03050900779
7658.98834997053,7578.74435482215
1435.03826619756,8727.33541246181
1237.50757300897,3609.05500278744
736.307960358816,3027.49906535855
2360.38812379708,9251.67323412829
1167.33371551954,9121.76443727908
7956.30494590227,8403.44757447814
1646.64894368919,9190.53331196745
679.298261936943,3230.70924538196
2771.40801268746,8420.94626417111
5649.0728734438,5389.00235024282
1416.82216659747,3569.56290264271
1056.28982968155,3578.89250250986
1415.61814581584,8996.30278491498
3537.67719077139,3805.91157625957
1594.30547037384,3319.90092144053
1677.69525222117,9032.60775420676
1233.99904853774,9050.8723283253
1963.17478518577,8822.69801942718
1813.9278925865,3761.66195534393
6725.13722886646,4425.44773046851
802.403005251355,3125.27554151244
1627.12740709475,4248.14195505784
1025.72320570675,3468.26090654848
7049.71733445896,6926.71007847457
8080.32501661119,8116.94931057653
1739.71039214321,8672.58762608917
7354.57817538363,7177.42825468605
996.944267775567,3638.25484666403
8990.18207117409,7572.3179426852
9062.05838709935,7325.64067667379
1303.98080355938,9118.76201553483
7670.38823384903,8027.82855201724
1255.41931523424,8883.67169844347
1774.09172777111,3457.71787169384
7583.28035631514,8169.8705518895
8590.54734881314,7186.24275206909
968.45104936937,3280.66478506937
1589.66773088711,8535.57033994882
1642.2274627936,9019.21967688877
1107.6496432626,3140.44929451242
1676.26503666377,9295.23650657286
7890.46510626728,7599.72030209032
978.223840080883,3283.07320139556
1218.44186208379,3684.73462255672
1094.30971257911,8426.91386496685
1487.12444088454,8676.45482228253
6615.90521643381,8457.45918934884
1118.13849766318,3692.71897208736
3252.64736233369,7622.12568728035
7318.95536497798,6432.58285827398
7309.4368871646,8195.57247829317
1250.17316265027,3159.6455476705
7167.55303052663,7817.7610884638
4172.20374300031,8397.28739604343
7023.49795088614,8459.76417267025
8013.43339357255,7554.7372070371
1251.92498017596,9094.07752554803
610.965380457438,9270.95741904882
877.910767892044,3174.72913671314
1092.75929326158,3618.90929668716
4572.68060933147,8227.57390956568
7005.09841827245,7901.58818936337
1119.35178620531,8013.98097757444
1944.042702055,7111.7929646695
6963.44805431738,7971.0801386274
1626.78402256661,8613.86391568901
1581.84753700887,9169.88562428384
1316.95741639995,3507.17937681966
857.874324574449,3246.26758302517
358.271424566583,2556.73569339585
1222.11606512695,9081.48342607927
7635.93926084095,7121.93973106187
1545.86040359331,9066.88591474528
1555.18316536065,9024.29504269863
1257.21381742824,7818.34449413371
6700.02654545874,9160.25638771898
778.031761806172,9071.84185537114
6669.98168103865,3658.54038240778
1679.75434123254,3610.37000938266
735.24252905072,3040.7465230671
8083.72603639699,8044.17456001191
848.049521825213,8979.17938123121
1871.52752282548,8807.73519406908
1548.67403819499,3786.48543985081
1904.21635431859,8906.70937490317
1289.55945651866,3617.70459889803
1393.45357920631,9124.11733240895
1850.14738971714,8870.71283888898
7781.33180759039,7549.37510537592
1566.46309659172,3577.82050083774
1100.92889414222,8611.06474538997
7071.82101740414,7200.78270722105
8779.33038230875,7734.24762914151
7412.59927966139,8002.43856082023
1104.07998812441,8371.61482835324
6774.221140985,7497.9663320335
7923.60107993557,6075.85348840711
6885.56260952371,7123.01406481777
1343.48213882246,9025.33448105732
2032.37995987736,8920.64281315361
1646.20387036179,3963.03090615945
3256.78220934629,5239.94713734418
1312.63897784024,3248.63743797539
954.69315496359,3518.30688214839
1432.57267898645,8468.51589831982
1699.99634907709,3612.22224766915
6959.22413733626,4417.80296323773
6839.81652999762,7003.35615428634
1468.13451405743,4008.84163336826
1291.49536929916,5671.37998326089
3474.8960010407,5075.90243438012
7374.96974675119,7025.60593446368
2184.27816582355,6623.1263376401
7348.22105713052,7639.97408077843
7305.33399581074,7877.65194379778
7611.3220438021,7357.01943853655
1868.49103775001,9052.39327338639
7739.95717574773,7881.73652476973
1672.56595828776,3669.0235548381
7839.73111292079,8077.22790139053
1442.37805135524,3682.05331278349
1278.41931316343,3479.59194976633
1422.64221598071,3862.88736011244
7555.12637932848,6746.83340023333
8153.00440606679,7511.46663191832
1279.03256055431,9151.09523198968
6814.58108573765,7022.6032390952
1810.12633364218,3746.7384043142
747.006188449647,2330.70964185393
1784.65379066253,3489.65389236745
1659.75226024436,3094.31319350024
7494.63495199582,7777.54260802788
7885.48497449992,8153.04817923404
1594.87348833522,8564.4331569659
8160.34305468924,7100.67388176581
1552.77339032504,8168.62959188581
1100.45592321061,3497.41019985102
1405.67119977883,3570.82948273847
7559.9754670181,7743.28057528033
7495.90533578176,7718.58386704751
1414.21531558371,4091.55924308886
1889.09833616997,3825.68583010353
654.941259971238,3124.39438076518
1686.83917735704,8743.14701181873
765.830424782928,3121.15965415638
8192.53536577701,8016.29142323515
7874.26034064362,6889.57115884677
7352.98570174975,7209.4146190598
1334.01840949717,9150.51412879671
7370.96234915237,6667.88155913121
1553.80688598204,9016.42599193892
1065.19987424319,9238.62724824864
1566.33460266134,8304.88109805849
1514.62171262683,9067.75770858819
6411.83728875206,7350.52112393824
1972.59797468316,3800.35718126605
7828.31396840941,6153.89002725142
2149.39360166765,9151.02948715264
1196.99541150238,4858.31968040223
7254.88521687311,7011.45888252724
1172.10265628078,8224.50052521587
782.593805060614,9113.34869744529
6452.58526567713,7112.66567144834
1726.28501282602,9250.57829404613
1076.8031397003,3396.13502456386
1417.36445648313,9197.66483221042
1061.86979065817,3320.09400790155
7361.42711238535,7842.97339753031
2107.94587817146,3801.25860280493
6300.92994073668,7984.91059450078
1436.44710013099,3460.60071104742
8132.81787856329,7822.16101849332
7778.66284961997,6744.83672320133
1573.26806171963,9091.17286817861
1650.91311585278,4200.19829960102
1506.31019948828,9077.36253350759
6982.40648565375,7309.49182336033
1510.10713941672,3296.29064209606
1294.53769431587,3304.59630145101
6850.16564004707,7988.35579765221
1328.83550596753,3286.2739736128
1493.12856617332,9322.15482108636
7410.88425874461,7569.378136782
7331.37960986165,7954.25609691235
7940.07785927666,8691.03926071213
7996.99824899608,7812.82511702657
5768.2235781493,8241.26922012103
824.281451601835,8866.1875554206
7787.38541682916,7674.98717828166
8537.01877653842,5091.72344867021
1201.79335418071,3780.59788116344
7122.09390051315,8072.54615460862
8889.3338217908,7433.11570051956
7297.69720142235,8411.23821606071
8010.67832552679,7503.91808129337
1668.37090148645,7998.36025786526
6839.54466602714,7596.96799297579
7589.37361190493,7538.35460672261
1934.64462923048,9191.61850133765
2272.38514935347,8183.69002564214
6466.6215709838,9078.07582135137
1581.38517496014,4434.15730388275
8203.60776775672,6431.58269939504
2102.66105648446,8383.38542904706
3891.53199067009,8501.07383531156
7339.79283516961,6600.28595886082
7606.42147496431,7618.28034691695
7695.06373559535,7584.33861289457
4413.22156748417,3440.77108783184
1735.83592685096,3885.4541407381
7303.78741068793,8434.91202928246
1736.22153950361,8525.85585006459
1282.81472958194,3748.17648030314
7591.55066221296,7562.6261156194
565.196148560454,4286.2552121563
1952.17153808903,9694.21382753596
1604.40233930295,8868.54838633582
1106.73112224974,8744.13838410319
1543.13073216936,8174.78363739322
1012.73382244725,8851.64809302957
5457.57804779514,6749.97430155015
1569.70117878623,3868.67908833089
1291.6631436737,9133.34908292053
7898.42008320714,7604.72608644818
1252.76844978233,9006.7991383705
8488.58330503359,8144.34816225968
2294.65781147074,8208.02228293054
1582.83264377314,8419.62916280386
1823.79922483268,8896.60572360851
5979.98158360447,8051.83793297788
6307.30718644684,8032.70349249464
1182.41249882184,3289.67591314877
941.648201868484,2954.46960937533
1906.02545963112,8850.33370042124
1767.08782893191,3607.98726640236
1273.60887576502,4434.08387468986
3311.5149593785,4301.53750209848
2638.34189785903,8682.27062420887
8489.31809826802,8247.5360184546
1513.72769310748,3863.22971987754
483.829408127132,3261.74727236549
1780.41895764384,8853.24822448563
8645.92728910728,9882.88131917409
8145.68258892323,7845.31654228056
7646.48498746216,8452.32313711963
7724.7964048923,7366.72345902201
1132.32068681397,8994.71180856257
1703.95392409826,3680.76844438368
948.021149001009,8213.15368688709
6803.8238280134,6664.40227149086
1883.35381618387,9027.96234977974
7075.49294639307,7438.12370803961
2083.030042964,3868.39525974679
1714.29522903357,4865.25357880188
7668.89236421341,6952.82412407079
1947.92181697409,8824.87262063502
1064.02230483175,2961.20413750408
1316.54790507555,3309.72709976373
7632.66454204025,5505.50187111626
7763.02398717022,8029.86047425861
1786.47715131751,4000.92802228917
2455.48452691857,8198.19048589461
8348.24094776577,7499.07607017126
1128.50122376008,3755.63519412289
8134.03714734636,6041.64783377543
1897.6105941347,9353.38213581533
1146.97420684756,3352.32099077225
7623.81696368371,8238.67233881491
661.27780813421,2990.22231118483
1413.34562375384,3626.24874448528
1692.02942911677,8990.90636198316
1637.44204831829,8970.32680167937
1361.02965307688,8412.32056264018
1535.21672833088,3930.53432240138
1022.87761518911,3411.52174622416
877.728540775496,3307.54254979137
1674.75760576007,8864.2711486347
1075.59191522834,3274.0641740843
1742.52365227362,9090.34600016641
860.192819473099,3245.25244220363
1223.05113218668,3532.83494684115
1422.48497716914,7468.99776976818
1154.49262876429,3798.57342622574
1707.03147952039,3666.2775269792
7239.31210953874,7847.65288504905
1885.36362943977,9118.8718052173
1323.68419087905,8988.80143524051
1455.2355606083,3446.42151069888
1799.37233156565,9116.19633866327
1786.45952724372,3632.14396491227
7530.89882153568,6215.42142960103
1247.02521687746,9016.51180401376
8169.70852135713,8709.25386210416
1038.82380092288,3631.89729625994
1762.36402211448,4074.8432095006
1636.38650419761,3470.31400855163
6543.55016317725,9457.46001081772
8219.76249620177,7246.78518208206
824.738604670805,3085.51541396639
1313.17125065053,3879.41723770552
4272.83626628976,6157.56608409675
7892.48823300569,6588.57071288399
6996.51825771211,8222.47005042564
1971.08321975417,9055.8940733958
1073.99198775849,8379.98284681334
1457.59827620756,8474.30763577543
7859.16249545907,8304.08178883423
1113.66266032695,3094.85044819886
8492.01802363466,8182.09689760704
1745.32669238292,5761.56416281024
6343.06957293675,7275.93666922427
1699.5854322708,8360.95052022648
1569.02726874218,8019.89439590648
1093.74096152899,3280.93108186998
925.406664345979,8945.48289098265
1594.79095790765,9282.09551079022
2164.37087243043,7361.46615562215
7158.04084851051,7292.79113689135
7752.89578344226,7414.68476810496
1071.76544899662,3652.78203816811
8692.68476312211,7738.83365507587
1095.08650122214,3791.05674313501
1508.58910979258,3915.19206096074
932.157986053286,3377.0027470253
7189.84725309076,7748.15340483897
6852.91413268363,7743.96439196585
948.813253127902,9026.9144304528
8197.43449202419,7435.8215986423
1376.95531426765,4078.76582398337
8552.27637697765,7435.11792509539
2337.3930789805,7988.20959189706
6024.76334093028,6845.74833973207
2266.59243720982,8492.654358078
2391.04553963082,8506.22816236588
836.428224420943,8785.15819467247
1578.08294088071,8120.07543240185
7461.85834411734,6564.17605574615
1786.50928760554,3439.33592281275
7430.97427898621,5530.11010612984
5816.21377081802,7555.98484552599
1789.73367767238,9194.76074662344
1446.3623663695,8821.31495714401
8087.9743076992,5213.56814699079
673.138492396978,7672.71559193951
6699.39379860242,5652.75713595047
7166.18092020916,7912.21139636161
6813.4696503942,7831.8543526401
1798.28551798527,8693.0853565967
1574.41390542527,9103.98455502207
6974.89602806257,7757.96590197801
1581.8878986258,9051.79378464947
1677.2207389448,9491.96723766219
2883.16034563837,9074.69081756476
1804.41894236584,9104.32660048296
1067.86675237005,3326.28889918489
7308.5157931737,7347.29132491386
1608.08538477548,8821.24304382445
1807.58890734336,8867.0251107546
7125.97200518779,7754.85331939803
1823.61813176566,9267.26417321219
3158.8428897891,5240.43203613711
6915.78330089472,7608.10287592975
1387.11427174933,9040.14748091231
1271.66812558886,3451.21659880859
2144.59705720833,9085.79816365064
1723.98161884946,9229.30896393981
1573.15921446484,3982.88120811058
1272.7721009489,8124.46141158441
1149.64553667428,3743.11604087225
7434.5128575167,8284.73946243465
6567.62215427023,6990.56909085876
2635.59409577017,9180.95415150408
844.413927806946,3277.43986620059
1793.46080918623,9077.29687569274
1803.19207448533,9056.09838988677
1743.29615187498,9055.59922695456
7684.25072332758,7157.9482095668
1182.58066909564,3227.32955622035
7658.56890277625,6179.39214394418
7166.88500350788,7693.85721091999
1129.32358658138,3600.78628069925
8010.52438716043,6472.70016359371
7553.55738545915,7638.25025522756
7230.11380359229,7380.9995609545
2238.28026347807,3982.6778306306
2281.2173873648,9045.19731754162
1369.73702720548,3412.22893162364
7435.20587937508,7756.26050788882
2415.55951022572,3661.4296989458
2013.04806058892,3932.34785141659
8629.54788686582,7275.04915325786
1432.89390691177,3726.74321541773
1566.11332231131,8504.05718316575
1369.54584540748,3586.08347965552
1506.69396609486,8486.66885429541
3561.63422255461,3738.94414006218
1805.7652174309,3840.29776579069
7433.11915669567,8060.95408472452
6957.51430657436,7345.82887079606
2924.87588538366,3645.76165852066
3578.82781313958,8425.36997059356
2566.42356406039,8756.53670553344
6927.69115933924,6845.72000251107
6676.76180973331,6989.09055711713
1440.95595799301,8709.76289475445
7340.74375823917,7523.99043905928
6253.48186902346,7253.81326506571
1394.12901798542,3585.0229244185
1843.4133339336,7879.5945448458
1431.91899621313,3499.31519165693
7526.04006728677,8430.52038105868
1270.85105868059,3130.33824362441
1426.40937197307,3977.62169382078
2001.54388864525,4059.120757765
6626.60093326468,7612.60015138055
7704.97859648585,7173.29958047995
7606.35479343467,7426.05539866585
1591.45643861337,3544.94091246646
7773.33820191466,7905.18671784445
2082.53903057503,3570.43634733455
1258.32881318741,3672.56514111467
7728.18330166333,7758.08450310862
1188.42883142607,2928.9144530037
1536.34690934538,8897.17535449771
1002.63822267716,3383.49675617304
889.460459509606,3585.22011848079
6852.75187671021,8238.79534105516
2083.45461418561,9036.6349811607
7440.49927448115,8034.06287647654
1692.05050259187,3421.41016185645
1352.63514844754,3381.2846917453
1143.88911626641,3574.547711137
8913.33768446106,7630.14264762944
7068.65211553693,7366.26545145072
7700.02006203045,7983.62287889111
7422.12542128868,7131.84379975704
869.089539361211,3100.55595962067
8069.83647856769,7377.388464533
2411.02984055586,9448.49724343854
6797.53526187187,8025.50075240011
7636.1285856413,7747.62918361346
1327.8529887313,9230.13895314015
974.32513672389,3680.14146378418
4963.3496871215,7527.05186210365
1960.06213029577,8926.33357142489
1762.22189008514,3884.96720612976
1450.39058430706,3762.70165486379
6568.20266038506,8257.98548501102
1323.75600309286,9301.87856946498
1186.36138036576,8672.58141501361
7160.14782525542,6750.68421520328
3006.71201516436,9904.47263237219
8629.99485807581,7155.416745687
3190.71125667994,8803.40866408469
7320.26335320329,4578.32230567722
1358.25301480494,9284.66959207696
1041.43289429955,3480.00165287607
928.869325598656,3687.78054599687
1435.75504574232,3820.18782307977
3067.65006043071,8794.62445288447
1143.77878057438,8280.9701502429
1455.66881908206,9399.70175329887
1508.41512981385,8779.46529643808
1791.57675568355,3734.09329140485
7216.6032778581,7953.07559972296
3294.35914865046,5619.39383775595
1397.54703269188,8003.83252104974
1709.03523632025,9325.77455226152
1499.41277546906,3691.89947670245
1267.60953604727,3343.13281583912
932.824475689413,9312.27140941286
1978.12594534191,8251.51922027235
8212.57489482721,7275.64394925536
7506.191087327,7655.41131312409
1319.29715449266,3556.52887469826
3415.28816530805,9259.85946093258
7422.3483828738,7701.29930341313
1078.33958665819,3165.09337027631
1412.17753319668,8587.91931008386
6178.60299744159,6729.96370667966
6866.18490411727,6681.80494638243
6811.83546657854,6876.35444125531
8195.98286444109,7391.09287569687
7827.15261088382,6973.03076727736
1012.89992947032,8473.25436744153
7088.84808539203,7279.10616084015
7884.75777417817,7502.01789916106
7770.99025315595,7735.85316026739
7149.21156458373,7179.76633400729
7804.69778856688,8014.54450415818
1056.23423896652,3350.41052083137
6864.99288516307,8143.64598195813
8465.51433761157,6769.64300553823
7399.3689610884,7841.073853464
1639.20679521355,8958.94712842783
3646.88499350309,8202.95948189999
7119.67374114114,8000.40422994864
1084.35246672603,3670.71685372369
1014.12888286111,3433.55102618197
2170.85718631744,8770.38308710592
7565.70965766873,8157.54203048233
963.152283650828,8752.83800330322
7597.94750933093,7662.8944701722
2014.12512152883,3713.95047049688
1548.90478952143,8675.68490614689
725.199684772663,3484.57092336615
1514.99140672395,3700.22710946932
731.845954754615,3556.24385705933
2091.32276287232,8685.92690285162
943.866774662629,3216.0876550233
1206.458875609,3392.73431283623
1212.27595067413,3545.08595315788
7050.6169254746,7736.31227857982
7492.50645443533,7833.21897433193
1292.66648557067,3720.27917815896
1150.78194091083,9197.86922363794
1707.14841071162,9247.74011119033
1827.20900100734,8829.81746807116
959.608836233171,3095.14014258286
697.218122742834,3370.01428675861
6765.75316120309,7463.65495885001
7351.06813904248,7986.47649379765
7140.70901961097,7646.61380817555
950.058360457993,3282.02370278715
7242.65518695536,7491.72723694849
1639.26058244711,8968.95233718272
1266.0124629444,8960.59183548716
8196.57373541687,7963.27179920089
1594.56762107924,8903.60601180685
781.162619936308,3275.54639302487
7641.60661572271,7381.2609750414
7710.91472889526,7714.16648526922
1738.83649385727,8938.73820903583
930.955696075596,3285.8238727444
1293.02640870816,3396.40444393405
1551.49509792471,8839.69770917194
1798.16703123289,8737.33608188315
1942.73704184965,9109.61565272212
7642.53306352254,7543.21725086692
1059.47184694637,9399.76207117789
1429.09756324008,8849.46508144845
6785.70309288712,8061.28189453702
7533.94746401204,7762.19815251929
2222.15696234471,8158.02266257046
1067.69953579192,9236.76033866051
903.06610036834,8986.80951883497
6680.33391263498,7743.21306751888
890.837929147493,9013.59849863657
6727.34594014163,4746.55791930225
1396.07527606315,3281.22666131915
1348.96641785403,9070.09567554007
2222.26681449127,3462.08756234401
4611.70001698461,8339.98977272703
1464.68387032566,8438.6764619057
3976.9056553714,3994.1215743142
1169.27744625627,3665.43943231082
1912.10963096841,9284.86719347263
2630.64161696971,8546.78988648503
942.762560598767,8012.33117989731
7379.29666792605,7562.15933267964
1858.44761968902,8187.50142733652
3822.96736119432,8906.07763519953
1817.02451225078,8751.80991910089
7767.3501690532,7429.56776244532
1199.03481701358,3686.52740502488
2663.47343307852,8726.94187000113
1130.03158620962,8884.42895042636
1343.60715706824,9109.42022807693
1547.70174320351,3717.7272833748
1133.33117259375,3439.0918926079
7169.78780971973,8012.41829054475
804.940600884632,3141.73959211314
1869.7713734947,8745.65668363883
649.987341766962,3216.9714129354
7802.42487208226,8045.76624823884
7645.96748282246,7849.01561118166
1186.101513456,3466.82394080289
3717.95400969947,6683.94787105758
7848.77642816369,7278.9756499927
7819.12999149013,7725.28941196125
1351.62699701904,3864.27409092103
1029.01067824492,3138.08388059168
1232.02329742651,3252.8321221196
1431.56872372476,9042.38944085524
7910.09581071272,7233.50111742532
7364.96257013442,7863.73870047085
1457.31218690965,9124.47942234545
7155.86890773204,8573.69710812551
7348.42504478611,8078.60809552299
1803.24711946905,9199.67063339899
1127.06888051036,4052.94667955907
952.096991788488,3103.88879293495
1515.9726809374,3832.74742582968
1003.322926861,3495.96408442859
2382.08110577535,7781.01035417405
7594.97255054579,7631.43716044461
7458.79404799474,8766.10810202156
1320.45957519388,9145.04840612542
2691.20339974121,9046.81130591792
1395.68298234598,9371.88673391146
1402.96024952005,9274.57598567555
1505.98300417595,8996.06353483789
1845.03824664394,3258.36234829241
5057.17557117954,8964.28178410461
966.326114141266,9198.39730678952
1286.81424736908,9091.57699512535
7750.67637056647,7509.53517230351
1531.75679919452,8972.86744778423
6682.51772930987,7533.51880880588
6320.96403166432,7548.26797659914
7771.25554902803,7914.94709597269
1021.05562004821,9250.11989827389
1126.1654350488,3259.55206675878
1644.47337132192,7296.78769413092
8393.90335688609,6814.71091857172
1734.2115294728,8578.93482370509
1661.31346531549,8213.29949114704
2264.15000544122,8638.30826269083
7160.95866950111,7971.69827675172
1549.43920774457,9086.36982982514
1541.98950619564,9133.10133962304
1208.24966922741,8011.4192995383
1237.09600995527,3908.54035986906
7340.45035963741,8421.22039948345
963.731498912347,3419.35472250172
1613.68785108966,9023.37310734548
7055.35207551101,6640.09715316632
6183.7464402602,8049.19401393432
7106.60786495286,7874.2439937705
868.786540908383,3423.4436325036
7219.90229486772,7121.90468411085
7421.18554509734,8022.03072990165
1259.78823321829,3996.20342944159
7288.98764817781,7764.66064313919
2139.9093563906,8405.15091106377
6818.40624903599,7855.81327557505
7663.21116030908,7687.90070156467
1656.32420375157,3586.74546896703
7816.15455118787,7846.73552184938
7980.86103660085,8123.99878075187
7273.77392891627,6213.47962627295
544.129401781547,8884.08882456464
1904.25943364779,8408.46683431981
7086.90095164023,6905.06538035251
1707.03683318472,8737.20916876412
1570.12386523737,4120.02896956068
1442.71514571479,8874.34480503637
1881.92457664391,7898.61719515256
3274.61528838224,7338.7430822634
8141.91282156463,8274.81817814995
2514.43338893286,8063.02019077266
929.091020096015,9177.32526745165
1037.86893687614,3139.92086874032
8381.26576323081,8092.46472653035
7557.62248642507,7930.67210441858
1370.53978497292,3616.63754246625
1851.95789686684,3958.47591896307
7595.03350961177,6473.63219810393
2157.56682344327,8532.84138102054
696.132123248082,2981.25170160155
991.931040920484,3049.35687037106
970.730210391312,8406.33131543243
7979.46031615528,5143.86706141449
1142.76997848939,8527.04659702392
2361.8548193716,8940.32956693496
9055.40922046078,5746.67069024145
7732.38036460002,7621.80238190986
7519.83109546142,7703.06180251349
922.33992513168,8732.57926540963
1805.04086397909,3471.38667775658
1378.7071278487,8817.98654365895
7730.62570158035,7733.80500745246
7697.79498735443,6830.40470162671
2010.5192126409,7009.52083629679
2314.44255682755,7980.95823328191
6871.31651697183,8105.3617352543
7802.66213320146,7731.8164244496
1684.38588445906,3649.00936666112
7575.6838009051,6542.23447767342
6999.54959827097,9025.89149568704
7087.32150477217,7072.89979854047
1864.89156663005,3949.3072278974
8318.65177629004,7187.71281110908
1049.50995166979,3549.27818772052
1550.54096709749,9136.7304862722
7762.34267770271,8188.61948428511
6974.45471744838,7690.9805607317
853.590215369138,8372.63319611344
1665.06651948619,9250.66890351859
3327.42123112799,8857.36667466462
1164.86679163472,3555.9121719606
1196.75164299167,9006.34651741228
4288.7280443249,8114.20463816011
1168.19284659249,3879.31015677553
1076.0670512116,3657.19512686176
1386.78608519151,8998.2292630005
1574.29114407432,8034.31016073209
1306.42321413786,8939.54185925562
1572.10772143699,8954.29193896039
7605.38961197463,8177.80412070402
1701.15075732936,9162.29029232814
1444.3872720081,3612.42895301048
3321.02231203969,8538.79565386805
7248.69605943203,7805.72859890589
1346.04627870016,3581.95826356891
1604.65011347599,3674.49588401882
1246.44650997208,3501.86291726151
7775.31750260288,7111.27312284551
7200.18083212785,7435.11969108663
8222.46371387845,6335.66353413113
7946.12569185695,8044.81478628297
1473.22587594063,6246.35500831705
7477.48989240272,8271.15157735799
1020.32867401729,8721.05240334513
7893.79910843301,7102.23019784209
1473.47054468344,4136.13004842065
931.496967008475,9063.95170140018
1679.82521624641,9166.89592741795
7774.56369756754,7782.17322925168
7095.99154858402,7499.96535339259
1271.1839459796,8885.7293871275
936.795277735072,3047.52568838756
6992.14787262204,4688.11373721698
1786.80883574206,3693.43873648309
7406.20362168002,4752.88803976934
1663.05544191225,8975.00680718594
6794.20332682603,7406.71922168249
7624.34144693109,7604.57195138887
7362.91671747315,8473.52089739783
1207.29152697938,3308.23613482817
728.758400638866,3300.4111827663
1630.16572534332,3662.59322901495
1878.54641229808,8578.02932592121
1829.31696482026,7293.67065505981
6527.81389708792,7927.03961126111
769.410643379576,2969.4449775581
986.047915044854,3186.90668900882
1345.1480238529,9036.68241542133
1388.27831866413,9152.87066198604
1843.18450469231,8984.71277879481
1291.43355799035,9033.29997228555
7692.88951473314,7357.1114885828
755.527661846589,3056.03971552989
1207.43813656688,8928.64446227192
7139.44925636748,7758.92786103085
7722.41663141014,7017.23761213258
7838.36252946972,7429.49780522415
1196.05603702561,7639.31481597057
7961.16436966181,8315.77699849295
1515.10763569544,8811.82079858443
968.799868051781,3457.19408406499
1479.01370943313,9494.44492157018
7743.32279880418,8223.55432427012
1151.25938325635,3362.86382117529
1240.16896125669,8965.16727467193
8742.44491829961,8119.31720252527
6767.81688321856,8032.21269299597
1879.00133713806,9281.9901962221
7942.0726866668,7676.22523872993
1692.63250613425,8927.1460680333
1441.12035938449,9075.91500798954
1193.8698700636,8481.8499947361
7466.95418922119,9443.02737278813
1716.54922094512,3544.90444969037
2593.82296486668,8645.68473606295
1470.83014455606,8424.39482069265
7126.73142420407,8255.16321752483
6935.58089414565,7214.18612339502
2181.84973582898,7505.57244966274
699.642162258411,3291.1745648484
1136.7917441597,8334.17128584262
2067.66954798033,9096.51949243426
7090.25095204466,7820.90677847202
7001.79660264942,7191.8796711941
1400.45418075719,8712.3532142311
1885.59908660298,8798.87671397502
6962.78804056491,7972.00278438495
870.02665713563,3405.55852625005
1712.08078959299,8812.88871223441
1881.6335146093,8902.04742916235
1163.18239311229,3528.16078740195
7445.77144487976,6268.64110361254
1239.8205050472,3644.8652389158
1381.27805448483,3753.07275101401
6154.36560944628,8139.52110884475
6506.96412140182,7800.28176615236
2015.6790134568,8050.93755447015
1496.20776030884,3894.62267280853
1902.13034851285,9043.86780320856
1056.56918372067,3437.01291511684
8135.25460611888,7539.85052733685
1382.46044891038,3358.37354280075
2227.10468224465,8897.96496900491
8630.39337807199,7862.93294087525
1536.14341446979,3855.51011362698
7872.13642387289,8107.09267822185
1014.02313368428,3333.48177116825
1483.17887675628,8836.65880979357
7923.79058164117,5721.11043010333
9105.98361455161,7761.44860027296
1186.3863190556,8964.75761980201
1578.48063519372,7903.09268708814
928.179124229959,3277.53741374176
1236.77667209086,3769.92241931516
1655.23712203588,9148.11864570626
8587.19285159618,8160.68336659716
2330.79402874684,8661.28341857745
1194.73443159846,3297.14128088973
1468.75814154614,8874.80193188864
1771.30517779414,8189.51139473467
7458.91930351047,8592.18304155137
1191.6044047698,3435.23710416859
1411.39910997205,9045.45042678975
1135.57946634469,4207.34282227597
5005.06884652784,5474.46638608993
1318.32529053035,8862.62254229932
7244.79410986137,7858.73784016159
1755.21690842202,8034.73745443925
778.554105986023,3375.03988989079
6890.02920162867,8330.48762264227
1021.21481717815,3564.28904317035
8114.87707906179,7102.94803543977
7794.28502546904,7173.27731911895
1436.42564397722,3644.34607127031
1686.31733329568,3435.18470969848
7062.32591313684,8298.21134586985
2704.11673170666,9474.26692305887
8041.34002375464,5891.77920211785
9374.74196682784,7679.17870511302
7775.59655293265,7498.69691533611
1663.49876101345,4057.73315454177
7215.07404185705,7117.98452592183
2075.36487594423,9116.90534780248
7114.56923381417,8334.33347990622
7644.33702696268,7984.11932849472
1580.83071407228,3577.00753751371
1293.01664824612,9179.58502879512
8527.37199865254,7023.76887298734
2005.10520008401,9274.87840281278
6783.73409441936,7212.91535236164
756.246799834221,3460.12563462739
1647.35288174943,8994.42658879318
879.071046743642,3442.02167930482
1462.1679937948,3661.72167002392
1340.93910778814,3786.33881347708
6643.7128201259,7159.37832177262
1052.83599231726,3543.08469382837
7693.66108190283,7364.18123529231
1692.44406411826,4345.81439972871
1006.14674946734,3389.77500351625
2010.15189632573,8812.40523643745
7407.88847741512,7602.78810577853
7079.9280219666,5961.65327480525
7168.55265849585,7357.0262387777
2040.81117744219,9318.52784616393
9172.80963380925,7114.67259958031
1510.84298241948,9113.18065481158
462.70047823796,3238.49625275538
1767.4570145214,9377.70624483682
1302.5341347871,3714.71605484835
1664.55951098415,9131.7891935985
7682.2650520371,7065.78863018405
1358.27446027103,3593.3092169903
7676.81636643035,8130.31552298344
7372.98344454291,7679.68046521317
7395.04505939492,7179.31772297506
1054.21905426135,3458.0028778739
5411.14345534948,8351.59582561547
1481.29751791812,9056.23236033287
7885.28534807325,7367.04592273031
1527.65500318877,9103.4311161167
1519.84537092419,9055.74036246889
8112.64075861987,7737.1074279249
1328.39238749473,7868.24977059881
7519.53158603576,7391.86906767976
1582.293851823,7860.23451613151
1831.22800229368,4443.21269170877
1515.65022744499,3695.12357388348
5270.68530450029,9066.69003878914
7102.10229732093,6594.69950091936
956.503250607756,3549.15951691985
7032.41022411743,8141.85762875041
6827.67361672139,7840.46517016514
7687.76408539836,7435.11042699493
1788.20104550587,9109.5973878483
2285.03953332908,8029.57668567195
1923.09866451772,8276.52875163463
5329.18904270915,6804.52025306998
1899.82291162842,9173.98870083781
7021.08698114605,7720.75813616535
9231.59474159483,8150.66869997525
1588.80427585856,9090.29604032998
1255.90499568664,3553.28408156048
1163.63870416433,8867.54550624307
7547.65675747316,6990.86910256018
1675.29830928677,7899.47656845207
7458.78979358218,7958.71954883517
7506.24060296718,7642.76908975782
7389.95125855223,7779.31537049653
1340.03070031231,5099.63042832514
2139.45280614119,8900.27206125407
1288.33381309126,9102.73130173462
7572.70679589036,7944.42221745814
1148.93741959456,9096.24570771772
823.436226173,3642.06800152159
7004.81544688581,7034.33028465801
7535.72537918322,7882.53256682535
1489.54074817293,9149.11537227472
8728.90734494025,8084.51793641066
2604.89548882331,3791.7511707435
5639.04513408022,3758.25795030313
975.9726239001,3488.1747947966
1349.17751779272,8565.66328013713
1564.14608749075,8205.1375167858
1105.67401292088,3495.24779592889
1078.10775713051,3161.08831811408
934.232648197708,9101.91201977833
3216.98118491837,7114.72840909839
1573.10479006662,7784.23316824837
1944.226430318,3972.36461124151
7477.13578210996,8421.76737386739
7672.42301202657,8145.63299847116
1075.22357442927,3358.21431944552
2051.08807939774,9232.60665952874
9159.89475007875,8108.46514253157
7887.17088777371,8297.22195227625
1445.49580677707,9033.76362362009
813.315952046902,9113.70754064148
7727.08276406692,7051.51132305091
1053.93893108657,3651.88011320599
1296.73190823488,8986.12965348811
8636.64459870654,7016.63584308613
1628.26919573881,5582.39850385454
1649.23116915871,8881.42834389306
1525.58276175828,8899.93189402161
7711.53597928553,7945.59550668254
6830.49529697758,4885.45114666813
1557.50605900073,7585.633895589
1144.19349551718,3272.08312581088
1789.01536289331,8956.10461013921
8404.14646078267,7695.83127431796
7459.7601453221,7966.76471531203
1854.40495845975,4161.95843538218
7310.66798909766,7584.66675321664
1456.02500486527,3451.67049749223
1818.23852544992,9139.6658738576
7855.35368125153,6284.5652186757
7779.13607490411,7359.81543971772
3118.28810751783,5332.37016686174
1725.04355348918,9283.85196230691
1629.00615712303,9285.65544531973
6700.8476756813,7793.76478982577
663.91217329801,9016.38169200936
7480.51993861354,6908.32581140496
3183.92513194059,9077.50854104672
1738.04339091265,9149.73116634744
1680.95716126703,8513.49371642225
7983.93876897222,6527.3631455393
821.029459970872,8538.99954313088
7671.97610227214,5347.59118852194
803.963517808075,8367.32810353309
6779.60926019636,7159.34011811807
7409.36381204852,7127.69821379313
2080.13677443563,3868.54668197296
1653.4425135309,8906.02010935122
8176.0041888537,7586.31028125587
1149.26037060204,4405.45015176568
7223.93911222342,7985.27324595484
7203.40825105257,7986.36825258099
7708.01531652244,7473.1704321109
7506.72364997333,7775.71517778536
952.1975012596,8604.34870429082
8619.07138981568,7672.12843285833
6232.14376365863,7921.84408440479
7480.68294867985,7806.32224093287
1495.30342951372,9123.54750060955
1662.52179862793,8875.78492255491
7338.63815895883,7460.42734393735
2105.15242782994,9031.28813400202
7189.80190275096,7218.59867318476
1203.54641218867,3286.66938807706
6258.77997969442,7444.0559208206
1000.31552197562,3768.10795605787
8048.04898464499,8734.24335372358
6775.57638589548,7584.40020177196
7791.15641994769,7605.05254789534
1776.67896118946,8063.60960200854
7374.09396691885,7449.00353279252
1333.94179271613,3717.5615605747
1159.21424633425,3409.7795138767
1315.67555852149,3185.8947712565
1299.48858975434,3288.50496605973
7443.23243524541,8133.58038426933
1532.27512829384,8821.47478999848
1497.67235856897,8383.0431504911
7729.23841382105,8152.12680012247
750.982044753676,3096.70288393908
1707.76057700147,9073.85548766321
1232.58686183778,3515.30006976139
7481.97643352076,6618.04680465631
8059.10117343347,6336.10615321849
409.006048072101,3300.19530346301
7345.33567843121,7551.20141057813
7582.99531287336,7808.3432795131
1274.43264479066,3593.84083006357
1197.87464726609,9151.40295078899
7484.64896187374,7319.1342819267
2142.65075029887,8690.30119348003
1656.42610277219,6778.28378177455
852.082795876834,8934.12861308754
7206.66107773541,7804.33252544129
6920.54278753926,8019.82338879371
1721.79178310466,9228.20317411763
1411.85310846086,3754.61100797793
1298.89007075089,3784.68425607837
8261.87186108006,5651.78690569672
1847.73317962444,9209.27031441287
6963.00722851254,6186.61783531122
1859.17191396243,5394.84061372891
1574.84420530582,3623.28325706452
7535.14472987612,7327.59879783911
1090.89570602252,9076.43899518727
8212.2999448413,7307.47086173331
7697.49268167696,7867.52987499717
1042.16437820125,3365.75056912765
787.933862341897,3310.02132620589
7510.03767150165,7686.70041381802
986.566827201174,3620.73257957114
7517.91530222254,7553.63818179838
1217.81660177439,3462.68484978808
1041.8544405461,9053.74112531621
2134.18754421202,3667.72240671288
1396.63995719343,3931.32916021377
7657.63533248716,6451.77922639971
2022.82553077823,8967.47431205197
1211.80981608934,3458.10333035685
6911.0136992411,6557.94530029674
744.877560342791,3063.32677319693
7337.80159021537,8031.50849324733
1519.02042345684,4402.99268589475
2283.50215159409,5858.52027818514
1126.5974159034,3727.5574768518
1811.40522148721,7268.42480398805
7108.77962684166,7345.36181360256
7314.81511166351,7498.02900619818
7193.92117950321,7280.34221583904
1540.4332228764,3824.73294606332
7955.87224862542,7747.85148936398
6080.87080474548,7641.137299004
1630.87215668767,9341.35684995748
6974.0541962124,7769.7003458209
2080.67440701644,9109.55740537817
5436.04742990897,7551.60221883888
1242.42272454851,3570.276594456
1168.48108788155,3480.86383745455
1839.19710781298,8447.73116972357
1730.49736145097,8411.1408452042
8175.68319767024,6465.6829444478
1620.74380593683,8952.24493269755
1044.80937738564,9006.87699636006
1407.98195841202,9328.0534787662
1188.24238959016,3396.98644140942
2179.88035936515,9126.52937673588
7835.1249364637,7902.19759211952
7017.89733421382,6605.20222138758
9093.56290843244,7853.21159293352
1219.31617550791,3318.49705592082
527.805352461117,3195.98285748099
7771.15746714483,7693.5270534999
965.207163980636,3258.69303134009
1399.27519229066,8588.45528973128
833.099464008554,3475.82746958016
1301.31026572743,8609.12041762886
7530.71307995177,5221.00958248895
1189.5539940003,3163.04689814073
1331.9429509751,7234.30162369543
1593.38844620427,3311.32133492647
2415.65852627245,8168.67874974095
6702.43965133984,7610.02554772294
1203.28231974775,9067.74601548168
7037.12115332136,7710.64843336713
2006.67509071717,9305.34717281462
1595.47993124867,3938.28149055794
1300.87151328696,3795.94119707691
1300.07169104913,3383.40351357173
7875.07264164981,7597.72634572705
6885.14782325062,7240.8852574966
7345.06917585684,7082.22398621381
6342.43256803736,7411.76562686317
7813.37550484108,8533.09912555168
799.925720629231,3240.90323465707
1692.9096594508,9050.7892534185
7277.57817458299,8346.22304650615
4504.28522738902,3819.20688773604
3087.11331440616,6072.13701091847
1877.87585356913,3380.49534314787
1183.66409321101,3583.81646028364
1828.20650747826,8350.54751736542
1596.33087658447,8334.0203764995
1146.67311820033,3350.75211736046
1794.06917926966,3378.49141113851
7842.95378894284,7948.03065003669
1700.74196893518,3696.51248357463
9521.91304115684,8434.27198304568
8167.50301746616,7130.62034226786
951.062568985231,3503.86919928692
1474.81060598089,7759.38568820691
2676.27040882623,9367.09681682977
1129.68756490885,3674.64010119669
2396.35835681521,7448.16746466168
1646.75450614892,3573.15158071282
7083.6237678961,7678.89250938701
1644.79312090592,9137.23934603348
759.721372708501,8759.1189062441
1506.7359582148,8871.16989984451
7777.12830409373,7320.93462964132
1834.75871205777,3925.52816734582
7184.22050981977,6946.10486837888
1742.49363710058,9050.89980528978
1105.78633369416,8910.83233117478
1073.8814004585,3143.86405099639
1198.87123696225,3968.26378094794
5544.7539871882,3433.21475898345
8073.78989463419,7409.67159669039
6689.73790995026,7490.10333375372
6559.15151855568,3955.8263148885
8178.62384186477,7384.77191907231
2242.44129062426,8308.48297982309
9616.81646902809,7465.18918828276
7286.22094031221,7318.11845953715
7790.48910059065,7725.3587187781
1266.5142104817,3423.68773561709
1619.27327764809,8010.81077793667
1666.52528335211,9064.2191781851
1021.45359505001,2924.11764767162
1565.81828566513,8845.48025679357
2566.25697984091,9145.75442747885
7380.10248890228,7672.3787797079
1232.97095964746,9477.96130861356
1922.26813369003,8874.21591158428
1997.93089190763,3712.22674801766
1696.41424906881,8867.48800821207
7534.64993821525,8634.33746403869
9035.57792687357,8690.25942476935
1113.67725537887,3339.06369563447
1743.10605664222,9096.02014559747
1670.59807855696,8917.99341501522
7921.57421069064,8480.39680084975
2376.96631845438,7901.08607929348
7239.26712910344,7975.08190669908
7772.66018608699,7245.74192704127
1293.25802072599,9274.66829725138
7130.02048056566,9500.5026950532
1359.67360671981,3678.67130311477
7308.761971788,7541.09567828628
1631.60568303812,8975.93835308369
6521.1620055769,7977.62939375005
1533.2527361589,3922.54166555114
7309.28024162815,7263.33377644803
7613.54073851497,7402.33642251162
7707.12683199167,7321.91816811756
8204.97084880255,8170.17658867557
1085.62920084689,9107.60265572232
1147.15106355699,7702.99964549856
1908.28110202585,8978.39288101519
1762.74884134004,3602.65342796648
874.167039668284,3064.95626384294
1305.08276703298,3416.99075401527
8446.40818104255,7995.3231275603
7024.63568325972,7507.35072348829
7778.78963126599,7097.60982444556
7523.7287827733,7654.25034382698
1649.74969379409,3700.17087374331
1073.69672396714,3564.09124352727
1771.97577809937,3700.59251812064
7937.34241103057,6693.64951128427
7964.07363064117,7789.19639179385
6819.14894841833,7224.22525563443
8300.20259285258,7270.36170257866
1392.39822502822,3736.78526765249
1436.40963018014,3847.74909266108
6153.52685087452,3991.89939928293
1818.73641173975,8791.0231683142
3401.65642070863,4766.22067728754
8394.62699096909,7209.90183771994
1183.65266138088,3631.49760594077
8279.76719486454,7948.99596400282
1368.84942021928,9073.17489752485
807.688767288195,3162.81174737613
1215.65084802936,8742.45698259415
2142.79816949662,8518.07899497548
1320.42581367408,8860.2051620598
809.700035371778,3237.76076065513
1206.57235576723,3566.67934175558
1138.89093072223,8932.54714677428
1434.19372414074,8846.94127868594
1929.94486642786,3791.70361489681
1449.16373112233,9215.70484282155
1842.18933231672,3965.42278467629
7596.53817721944,8497.15569464417
8833.43305935502,7937.97241129709
1383.16684956445,3557.98282271301
7874.21403413057,7753.11978055112
1382.67514713805,3965.78040242638
8096.20241779278,7797.70606432536
7019.91854917885,8277.94237730978
1104.12744983696,3315.49917382949
1751.83276586925,9131.3555236086
7720.27819414273,7485.82726791294
2485.82500200004,8446.30660720533
2247.57739095854,7905.80471667607
1172.52957568999,3352.9072634925
1405.71206210816,9039.75558663583
7183.96501748535,8160.74449401947
7098.37053918847,7419.25352345791
998.664638564968,3562.5727341261
8678.61084274995,7324.84453898179
6689.35867977009,8246.00315243364
1152.55718412555,3158.39357109633
7726.32158015937,7287.47403026511
2412.57457328054,8746.02010839666
2199.76714592581,9176.54554105859
7189.97312125622,6094.49361252676
7999.24365906096,7067.33493923741
1358.76920386468,3635.70035124027
7461.11335261133,7569.22441988688
2331.92915960835,9067.13793725462
1741.46755817888,3883.96704898733
7994.33703162429,6083.26316233103
1698.38746964359,3721.04638186728
6650.73035288722,7494.08101112685
6925.91437040807,7597.50339817256
1216.98004253328,3231.50242830907
895.560996389974,3501.39713529451
8008.78593423647,8145.2435235557
1694.45239144277,9140.13815123191
1948.76924156151,3242.41494074239
1553.26227791328,9133.43677334979
5510.27121926833,7738.48125309125
8213.30572987517,7145.93338505532
873.223320410108,3093.06147291951
1653.20461197303,3626.72137116436
7417.99817832467,8445.99157381231
1163.669213159,8951.38886169616
7195.68937873867,7814.58806715358
7905.56878334069,8443.76643120009
1232.67972813116,3398.98487547971
8092.623494822,7061.38116065688
6290.97208339103,6753.58382027596
7358.33988343687,7100.8515966565
6529.33442282849,7389.31204653926
1561.876896778,8920.49838921332
870.995744567832,3114.80442753469
6955.20637312571,7911.8639157772
7382.87827915125,7856.86425524374
2786.78275632718,7637.34583261087
8228.05900134645,7742.70050001079
1076.06097209305,3699.05228281057
1000.67745219871,3457.4601405859
811.561770777229,3326.34620144616
1543.6426729458,8948.63460586114
1194.83050519482,3669.19346884594
1571.82209183856,4005.25679693786
766.733613616391,3041.58492046024
1085.03922606427,9059.30573477366
2163.89672285351,8785.75214849428
1292.59716854076,8544.16473605304
2019.41924465134,8292.40110656007
1180.34968226299,4070.7940151742
6493.34571335602,7689.89524338915
1462.58011003155,8013.8426946284
6992.22864923997,7052.73276679034
7972.41966068445,7612.08314413917
1617.9974712682,3620.89196218246
1085.87427047054,3295.69500826127
1343.20126285362,9093.81876610032
1650.73630612357,8838.58180844925
1433.732428027,7858.76510320799
1156.86169733517,3453.17548736783
930.714225673407,8639.93236440635
1702.24473184055,8376.81621240721
1840.97231080668,8238.4061854784
1786.59594863901,8375.9573008822
7716.74808681016,7514.155909188
1245.22395032514,3499.75083885534
1894.77094562996,3313.16917575122
2130.67487389476,3955.03161926674
1149.15170749693,9035.99761617407
1424.28499668087,9153.25128157721
7517.85763629915,8040.67678807258
7496.87787294528,7967.24066477319
1221.36798532471,3655.17592776944
7955.87508246118,6971.22750742326
2145.62468942594,8409.04044346992
1822.44263456285,3811.14331159213
602.156899522336,3305.51289022885
8442.87582511679,6875.66932319299
1417.97058362488,7972.4303901577
7704.21543331576,7650.02052198658
7367.50287822779,7627.76467094079
6655.70964126523,7361.96599405514
2033.34524767805,8946.20024579639
7347.63090875708,8125.76424773028
1518.27024083313,3928.19254730754
7923.73902405393,7825.40139558381
7852.80325909413,7331.33704287713
1728.66628126794,3741.64800538123
824.214720806496,3090.40122209235
4210.6925014653,8303.41519161236
1364.55845181202,3801.08539937359
1310.94719679158,3706.67012662635
1590.69503343285,8866.66097311591
1893.58575324718,8840.88749261713
6862.01986472607,7140.9334000648
1767.76096366903,8310.700132633
2091.73381312177,3594.37092999611
8458.01982125674,7060.56315660995
1206.69904107887,3559.97419556278
7942.18486054848,8612.50445074406
1226.13436833882,3360.93887107322
1713.36642922472,8447.6139411194
2444.69960655133,8923.40361825939
7443.32297004349,7745.18320115922
1736.88980053417,3517.1650216494
6941.09482421555,6779.76637860825
7117.77964537483,8317.69556049897
2342.29203289512,4726.62956955278
7442.83737420158,7706.67325510803
1182.53279016362,3552.80021583164
1177.0320907577,8751.85270905475
1243.7941034039,3491.92674696049
1633.49548330291,9368.11672328214
1433.22965584733,3491.45953718868
7772.92590924901,7862.77633185772
1281.68803004935,3356.73389215554
1975.95435462968,8350.17537418364
7931.6635896833,7498.06818329494
1514.5187155221,9080.59736203762
1317.79526706163,3434.32903876505
7669.87451789123,7154.2314734536
1105.76993806029,3369.26377703388
5238.57508194344,7505.74673410526
1388.78958905429,8833.38509326185
1491.63233380174,3794.31840657168
7144.62118939356,6890.87063125901
1253.8100263292,8985.37352835482
1520.94821261717,3962.00237709693
7639.61912640047,7063.8070513782
7760.06329227365,8202.20818438343
8383.41552412352,8247.34857587198
1370.49328856184,3312.74452376322
1442.01763335274,8953.60644328158
8403.4892481516,7915.10692433506
840.936212385669,3285.07606387328
1721.02118262426,8173.11219909222
929.160636773378,8996.21365371973
1562.64454995719,3827.94541217006
1443.285492859,8831.40864707599
1098.88188033878,3261.2824445762
1527.44014947124,3647.78065692961
8115.93686691268,7514.60377386645
7238.33782226478,7869.11563157526
780.408919643141,3290.33831906592
1387.82111403278,3542.26006550469
1441.17072855947,8464.27623552112
7229.33632876664,8358.51483505852
1556.29218023297,4449.7097986059
8513.89937995894,7748.32770353639
8293.62834688185,7974.01163431451
1880.09814800112,4265.77351802217
1440.05700351433,3770.92148844513
1650.61692089443,9328.55593757725
4353.11954865434,5925.7200837692
1309.14861161134,9247.33861565088
3365.28430757932,8730.69555901255
1051.30093231796,3608.19464645282
7466.37085109755,8284.29269854496
1153.96539394368,3628.64659371619
1704.48595638374,8503.9129685881
1771.81996992878,9054.37809088784
1779.04276061339,3787.48447635101
7691.7806390486,7903.20106897209
872.553492897538,3442.93604995328
6881.34572544913,7292.07982794123
1144.19589499441,3645.49426343317
7214.48110942857,8162.10129913422
1857.5926257564,8329.73100767856
1320.22559397703,9223.73767136129
1482.97343115814,3649.19318859979
7880.80028758447,6834.51549802598
1271.36461892304,7114.23720671696
1623.24749641911,7631.44508421007
7008.3854366529,6662.45195789673
1604.53773205484,8945.89150491586
3241.00068626808,8940.50473851908
7951.63949240653,6482.82792084117
1083.28433287269,3670.14759034845
1870.75913144643,8282.67940388996
7078.43770968971,7765.42702133898
8348.23618025739,8090.24770928228
687.339988223896,8984.6456380184
1657.65272883698,8959.38757464598
1387.45102205942,9162.55321297499
1358.07008218286,3557.56558450384
1775.14658809078,3791.05444412744
8870.17843887756,7075.68600000893
7585.59429080543,7751.19479088839
1805.16963868054,3567.2637899382
898.679177298971,3451.75794303353
7219.08635401414,7382.7584310373
8606.09271981118,7790.3593156589
1614.11711386856,9311.85054779461
2038.61356985174,4052.09212306176
1957.70906025996,8506.15796476054
7600.74494794887,7814.19676675519
1096.04644583053,3464.0288759551
1169.76242094481,9072.00838482016
7443.32312997077,7317.3627407539
1769.87326786722,3613.94478704352
1548.58324015401,3711.70144260578
9025.76506390774,7125.3491855527
7944.46034026014,7919.49704454082
6808.52633598441,7568.21763192096
1860.05718565577,9086.20001300591
1014.70693893708,8915.77448150656
1025.76485225918,4566.91480166034
1525.00864983073,8843.07728707878
7166.67383187465,7128.15700553314
7829.86260092465,7231.70451252551
6710.85074368138,7468.39675178755
7318.91192721562,7650.5809633531
659.808443218314,3794.30962997958
1074.20507019733,3412.75676859967
1522.01424803212,3933.87934478536
7418.62718100298,7848.95131442351
883.101422035932,3375.21528476314
6551.85324891736,7594.67821042287
1668.69421907402,3845.5065041633
2335.27378088008,8062.45485059613
1477.93311257506,9164.52660464812
7174.80977859803,7710.19858735381
1609.12820863015,3771.0208689451
3977.33352105981,8087.59040696861
8874.0059864772,7204.65193316516
1431.35458795402,3678.54146806421
1248.87062262791,3857.89647873198
6746.61663743521,7733.92624056639
1760.50316009942,8771.48811249132
7321.3713787258,7727.55490710954
1812.7767274984,8589.40284219652
2926.42645750265,4016.07100976706
7334.25630300685,8007.02638492673
1745.85185610923,8659.59774774869
888.900249734233,3293.44417955103
1197.67385918101,3126.67570407261
2025.89416294902,9124.13529570021
2124.30293466627,7670.82399188566
860.353720773802,9102.90165991863
7297.79128740115,8042.9601969166
7932.64711831227,7006.0022385053
1601.38092177098,8567.98835965853
8603.22544000152,7607.52958001369
7797.08620626832,7545.65332518196
6689.40714884077,8005.97472184517
1163.41969342262,3484.77390023717
1419.95195148048,3667.52302088735
6957.95175396251,7954.634449991
1527.83281820912,5547.02746960135
7332.97731504678,7996.3510168639
6758.52231547208,6922.71404785844
1064.75997665085,8827.283039933
1818.02544214935,8853.11111399466
7349.17656847623,7606.69439616798
1418.35789921575,3400.89845866794
7346.13233797345,7266.86557054983
1221.86328506364,3549.84038549743
1372.37504464759,9014.38342706892
2009.0762747527,8997.81943186112
841.86499813448,9223.02258895196
7624.57929166063,7318.94364854549
2265.6325170371,8802.44930568274
2596.17005690444,5835.83582488405
2596.9260673291,8688.89936741041
7144.70098541799,6931.16846255796
1287.83180799924,3403.21260567258
1874.70819989014,7192.23306910508
7392.34009220395,8160.73246157825
1077.83677319725,3524.54711925788
1685.72981640787,8726.38810117093
8070.73525680891,7436.03833095339
3094.17964261787,3539.1549474565
8100.96511577103,7454.39753646491
1710.04422548424,3911.40908364892
1263.19329850757,3632.2239747396
1334.54729293592,3676.83489453435
564.212634321113,2738.79348815651
7295.66118103981,7276.7874959575
936.201460453352,8768.45310737145
6800.25139928021,7608.6705306543
8285.57702077983,6851.23397362842
1302.54398483442,8675.42945035411
1131.15446653174,3408.8431413067
1849.53640296183,3412.038241161
1605.37898546019,8295.22009039604
2198.52963347949,9198.9959783331
6967.73915344467,7456.05441449958
8788.03294663749,8214.15699646745
8000.25660926429,7539.99050294943
2419.18632166143,8347.7278585704
1402.70085999631,3555.89155922639
1479.42118140402,3744.41949957198
1228.09911828323,3624.50165564348
2058.15282843718,3992.7742482936
1732.54279731498,8825.18846919553
2260.37026426125,9314.63838438898
7405.50549537613,6887.56257239332
1291.25005190919,8942.51275299955
7486.03823398909,8601.27080678973
1359.99017005455,9139.73216213385
2132.68402261767,8223.33136928274
1318.73606443028,8210.61406526302
1169.67724771681,3917.6228857321
8899.47308531496,7368.71088336462
1007.54299096781,7959.21043015353
1251.29039442946,8730.12881845572
1198.17815971299,3764.04645414423
1068.57427831792,3723.68502146639
7475.24573276039,8007.26634245261
6232.38522222878,8105.30191256765
1630.87482508426,9347.83159837322
7477.6670895448,7743.63160830259
2049.80195069957,9307.86574114242
7308.69851711682,7628.99451853643
1114.79741827258,8808.87220415492
1469.67820817482,3896.72883580384
1355.91934837967,3749.90731859269
1234.25037382025,3542.90156944893
1135.68738360482,3236.5586659034
8251.23554688198,7204.01198881894
6177.32889025746,6996.70393933244
1495.70798412459,9144.76021692435
1942.73283933666,9331.03455880181
1440.7184766937,3481.06251365739
1262.7210695253,3818.56157027887
5983.07991807779,7551.88011713916
8204.96745347414,8311.69850755692
799.847301118897,8752.4507928179
7204.10941774811,8129.79845358447
7654.89595523925,7172.19549416027
1476.29141512608,3840.41287137592
1732.32984135529,4168.92563637428
7153.83497778245,7649.19435712998
620.669646683815,2912.25083848229
7764.72010342787,8252.96317350418
8804.12145895079,7139.95637769717
7130.00036959831,4078.10913428676
1027.02059517294,3602.14205856196
920.409970926644,8908.56995020689
1514.80080141287,7283.93549464742
798.167099704568,3477.35931683674
4111.2166419343,8068.82005835315
1795.35600489993,9189.54983152427
1203.03063034342,3728.7964776132
881.255948861091,3334.32755975134
1357.68998680243,8941.66697192528
7218.41930689956,6509.80670807639
1087.8429700601,3356.82346898911
1666.70413638605,9299.23954850249
1524.90315929336,3550.56353778489
6608.35724383512,5706.34013536256
1278.83060716267,8871.07361514768
1083.8493664946,3028.90528226534
2894.47806895431,6316.14096303058
7301.64576704496,7693.55529743138
1408.72235016701,3675.02108697121
1398.82852262935,8568.02427122856
8124.3980961558,7661.91162744252
8328.86877752579,7642.4092922506
1651.43346597027,8925.46206367273
7128.24261614018,7461.96818979777
1168.28017345082,3539.37708991348
7468.44864300488,8630.73755113543
6977.79211711533,8334.29442854681
6833.77059113989,7717.92060491758
1290.23853911357,3492.54158171627
8593.91907222736,7664.74281298614
1145.87000958739,3578.12462424796
674.154692630705,8906.79895944951
1445.62231430683,9203.13906471033
5228.19980343756,4404.88988859256
1558.57182533775,3687.02438520608
1622.74213647922,3500.83109442125
1403.67795683883,3414.79120394198
2272.50103561354,8526.73997227324
7074.29098480264,8004.36269049693
7047.25671867741,7341.05668801935
1595.29570325179,8769.52772436788
2226.95753262859,9079.50833289807
3805.58099251624,8955.90706126326
1284.69130779686,3698.76156816059
8436.15627236775,8188.85063789074
7137.0282597461,6713.40147403894
7183.06796393204,7132.59224802872
8065.48649127914,8063.22442986679
1147.9429517275,3202.30390597235
6976.95740380779,7940.38292518753
1222.50373608205,9102.72641282111
1253.38109459666,8923.67858260361
1804.86892316391,9037.81291430384
1718.50413245928,9039.10572056687
1693.37061124875,7830.83142221378
1474.10578491115,9226.221623265
7922.75032186372,7957.39874257297
1589.66312806248,9130.53289535421
1787.35383011138,9073.12018000951
2454.3827851237,8476.49136970693
1462.47457345838,7818.67762608241
7240.10675413225,7403.70989112671
1105.67644185694,3560.33880384192
807.624512620126,3410.13072585734
1460.15666236087,3375.2534653478
6657.3765428917,8229.47916826553
1708.64886417567,9173.84976062207
7595.7887482916,6743.13913095404
7377.1009487516,6930.60325071521
1028.57208905153,3581.66775192445
848.368549361874,3195.66952002713
6794.25155180191,7808.72563900762
1849.63412243215,7722.65136574585
1387.17331180118,3778.36531050797
1220.447755762,3596.07154212322
999.274232231382,8816.83067138128
6954.36053680957,6419.0503445388
8058.7855273349,7857.00606947614
1571.61088504167,8003.18456584488
1121.57791746808,3242.39048726118
2242.21900283566,9026.2178195817
1963.40209250587,9052.8043691406
930.805867796278,8976.13765848885
7298.64550114955,4000.65972119403
1622.18289009569,9179.10613186534
8033.39682494295,7415.24951408021
6034.01958210812,7534.7378333371
1458.39171874576,9111.31757092031
2476.11482414309,7521.86869020088
1576.98977084764,3774.63498180743
5313.51656076605,5670.94709744664
1534.62914086289,3860.37879281161
1184.56459842723,8864.74838299165
1567.30179729864,9123.42831651401
962.105689614099,3266.59324710055
1334.79847822289,8926.60234346399
7071.3214362464,7905.37194851551
7889.97799593136,6935.18484954501
4110.44759492523,9066.14594824265
8643.73441787014,7896.57818319941
1020.64251422298,7622.04877292707
8268.87506031397,7241.6108721788
1180.09651032585,3500.81792093888
1596.84006747426,8664.84947490905
3104.01674811896,8770.41828057534
1931.06415926317,8999.39663204731
1867.50390715189,9047.00217480166
1494.54579870537,9163.5569145886
1495.21740244943,8896.63824309721
1017.24688542707,3405.57049779033
4329.95484930035,3695.48264075176
1602.21394786098,3733.74975982923
7272.82724489305,8292.05174572924
7950.28685138042,7501.26713358137
2947.46612867911,8923.49075351186
1522.86266733882,3628.2874678123
7486.05486186666,7639.95636658047
7357.24403770408,7656.7274358114
8227.86135645224,7616.86423193482
758.54338387716,3471.33138840184
7724.21799870616,8100.71980916817
2064.56460779044,8389.761276538
571.459430584053,8329.77880140592
1113.2409151507,8811.76611724039
1292.76741093142,3742.0453257316
7546.70688204363,7912.09608425218
8039.07150946856,6532.92034677654
972.365634007797,9193.42476300157
1246.68823944861,3211.9347427566
1107.37724623506,9003.34274496471
7395.08977731118,6394.69634796276
1670.6034000619,3799.711083217
1470.26229924457,9063.9009685471
7871.73508903192,7552.32167292451
7035.44709744932,8105.95091971404
1628.30289710694,8917.70053325316
8445.43285916795,6812.06237027144
747.963231256594,9154.10538935371
1139.89853032809,8913.177220875
2241.4686760135,8774.75373761477
1090.97796168488,9170.17965002956
947.251336785096,3379.39934454675
7270.6485547644,7383.26936641179
2583.09403892401,8036.06576230844
6843.18678396462,7389.93932431762
7103.57452048455,7356.2373519949
1036.45014481544,3326.81154100167
7083.26315600244,7246.57556572968
5671.98424824621,6017.03938298295
6969.15945123116,6504.58553262664
7193.36072735289,6362.09486472217
7640.23690504621,7225.54041829351
5396.16456728689,4500.69264266368
6470.10600606204,6706.08910572838
1125.26939504293,9113.58538014178
4150.8139115934,6581.47573612478
1814.0181268673,9084.97315792402
1279.698252373,8866.45613511158
688.611850327937,3734.99586647125
1027.02556433586,3354.67075967795
8029.55344757034,7874.13203946505
1578.5924956032,8828.46830016891
7579.19546785516,7794.83747205871
7612.81052271343,8193.04001216731
1440.89340397339,3821.35610565895
997.841940162521,9060.15715854795
1042.77182462442,3631.71271258589
1401.87554376616,9329.95065249532
1438.55104613848,3630.58786935243
6831.07475808736,7555.51471741511
7244.4522109758,7749.23109501965
1452.04591968947,9028.9093439046
2385.39128031087,7632.10676526123
8442.13710782551,8208.96611140333
1994.84030910514,9003.04185596892
7757.86742706868,7005.41255021979
1175.01721993219,8682.70101417586
1010.07681288748,3493.17259202736
7344.25317158645,7170.67399435832
1269.52108251148,9027.99215456563
8802.79992906221,5536.95499509353
1845.8333484163,8655.67750987439
1806.07124809023,9001.4922381784
7532.00266647617,8432.2023916687
2747.65850042436,9197.83743016623
7486.18480549938,8146.15490996132
1885.13188548965,8917.51833853644
8282.61591726767,8021.16114197939
8095.87840025249,5763.67644267748
6666.22143548454,8133.06430449895
8105.841500013,7636.73271791539
1086.8647408976,8922.22822617064
7839.45920721621,7669.5475319101
7255.26027360343,7374.10124215083
8916.56622834964,4765.07092948036
1350.46260712071,7904.38344372218
7389.01325503544,7692.0502112656
2094.2256925929,7783.92865431995
882.952146042782,3233.30647639579
7939.57316915097,8342.14795938217
8387.61373851631,7629.32417857768
6402.0387706925,6313.57134660312
1343.83361965589,8844.31590386858
7094.54890125232,7955.3027380364
2386.96907011754,8680.81375814963
1544.29324014306,7829.18817838659
1992.35254763598,8567.94373022953
7634.05302861739,7597.82494834512
8234.58910750206,5609.36929630372
1077.92638148795,3201.95750773086
7559.33342092941,8115.63590333074
1180.58966165642,8909.26782477636
8236.24795304986,7393.36388723599
937.652569867913,2992.64402739691
2236.13636437316,8957.35687916127
7929.26040749148,7209.52227306455
5936.25725787588,7882.30165181349
8698.80473876524,7285.56996762523
1206.41159088014,3509.43567252259
7166.64843176002,7789.59948843223
800.864251256017,8888.31631958327
1888.65749653441,8844.85332828292
1231.04616199999,3756.60304570691
1543.74239202641,3704.45888831328
2300.37630744598,8552.42509889103
1014.383589961,8097.00967014078
7833.57609845015,7316.67956923219
1123.13503118469,8017.14343532024
4510.47838366757,9176.20101416468
967.799456434418,3817.24938956347
8189.94826388143,8228.00851137484
6672.77668132246,7858.26478822876
3156.28146365693,8934.03170230372
2235.34705420777,8983.75090865066
6301.3961114556,6122.3058955829
1221.94051792668,8548.92252414708
7368.01653113783,7578.44785393844
8062.53045845892,7082.44959609535
7166.2421084794,8135.5549770207
1979.92099253414,8040.83881035764
7953.63719162693,7216.29872815434
1582.1489977464,3771.24248847424
1300.69165436765,7086.48554742473
6317.46501569174,7774.88493818814
7314.38823986897,7621.81711619787
1473.48895247893,3763.92750690042
7688.71640888947,7494.4406364203
6695.85667961525,6828.80581539317
3049.59967981615,3709.13232398663
1356.66656337508,9241.27115354341
749.271415913417,3468.19564125442
7135.61152945749,7685.68690860052
1616.33647333567,8644.47084960846
2091.33023710915,6443.54597155454
1744.41835831654,9200.38279327244
9111.18451365963,7684.00306442157
1463.2523039064,8173.32485951089
857.468580114387,3451.09978439104
8342.98397904357,7672.73576907298
1418.57794609036,9266.22853054842
1638.55454599343,4120.18457140501
1089.43416812916,8927.43259097678
7419.29145610413,7982.68549860038
1792.26707938938,8833.11730775606
6980.77371487903,7053.72220661295
735.701707715417,8732.57571052449
1655.96983972426,8974.96883969
7459.98813916676,8566.47981447422
725.97200610323,8920.75950581602
7061.49037722196,6769.08561914511
7793.86726315872,8051.42204569454
2198.01727170127,7880.70651564077
6804.01739364878,7988.6441697016
8431.84846853577,7295.89584352912
7993.65567654429,7554.73701364519
1789.91663706636,8944.45245360451
1131.68545567738,3632.0453463146
1363.85808678911,7922.90122741196
7099.74759437915,7806.91252490998
1758.85232950211,7837.88955308774
1813.83751499339,7880.49859868436
6888.1023839808,7692.48558883022
7519.81868681282,7515.15300771991
1384.07720990862,3674.75696207998
1635.11105756243,9055.44754296436
7030.57367433649,8030.10659492544
1325.1911602866,9290.38388365219
8897.7028382894,6271.98574044284
1295.83020978251,3526.88720475336
1628.80195847007,8649.54941171613
7681.56305180138,6463.5651714693
1306.88025872249,3236.13447580534
3566.47936722974,5354.25303343496
2467.24502530864,8928.79415386781
7109.34157391352,7283.39088811776
1538.20915885722,3539.27825616379
1427.60691451777,8899.62195554029
6535.84360545118,7334.8719247722
8077.17373628489,7724.94295630771
8527.10183078583,7511.51723412053
7871.32548908157,7263.89256518768
1155.8615535675,3386.75211659599
7539.60805840488,6475.72208388748
7247.57688252923,7650.93863879736
1622.96908601025,4060.87337855567
1274.01868662901,3180.42539723453
1013.41316285151,3116.07573960584
8207.96194777802,7328.39297410329
2583.05626348161,9082.76411530279
6291.74205231203,7706.46530485196
7050.7488039721,9031.94231108611
8821.65088806103,6778.69786377968
846.037196238483,3201.64561723588
816.035203523422,8722.77113897865
7890.49046554397,8197.25230388737
1231.81105685772,8975.58526411193
1732.75055664877,8705.70021713539
8522.76583325442,7159.12861294845
6877.42338246114,7468.04334011513
1208.76740288157,9051.23200453006
1425.61082899778,8333.45636603107
8076.38670827421,7275.48288030747
1458.54965978785,8835.3554356798
1105.92507856793,3189.64710344359
6741.7330900176,8816.71945945542
6877.09372368719,6932.7753143408
1114.47050548234,3666.78003732514
1717.58713889196,9079.94182480549
1414.08939656982,3567.30056075061
8714.43200166247,7549.94607080111
1527.12027964863,3091.55408624084
7063.95895548925,7022.14792328861
1311.11777785582,8862.52886196865
9115.73769125806,6143.51748707962
1503.7141342867,3393.41086295642
1166.9680229228,3617.29418950012
1452.08986402614,9101.67977798365
1290.03548265529,8907.7050505569
6316.09154462151,8096.43061396061
1884.86486449683,9192.22364848986
1055.61418825266,3343.87277269835
1296.16439969648,4279.73600575865
1443.84541866865,3789.86641541395
1336.6999541945,8696.37507037186
1292.31403736953,3422.0092048022
1685.69507639039,8607.2402970062
6180.84880562026,7807.2181132268
1378.67699341438,3754.54706711052
7810.8781765322,7301.55049476289
3169.97723760532,8623.65884366272
2449.06141012237,4036.10004012724
7990.36594054779,8029.3509996433
1216.85734775799,3457.00783552295
1964.14334985176,8571.8195057204
7932.02663573906,7191.82390561196
1881.6907473284,3908.41764131499
7864.37372773959,8338.06910393418
1468.82924121595,3766.33895563566
2386.30797365624,8972.73934721545
7703.89927805828,7936.68597276364
7790.63690871244,8175.29565696656
1817.69436711913,7500.09283037736
1346.53198448736,3866.64792874517
7911.66939707898,8242.9483960077
6231.80480759689,9071.84813614297
7031.56742174117,6887.48197412614
799.177751481752,3134.54676097691
7567.51855461031,5550.33713830954
7783.24839713644,8176.71397378654
1381.74048449593,9165.8753153695
717.119188711924,3278.69603449328
1018.36170056592,3178.60952604366
7271.65322819186,7138.78005441236
1109.09948900995,8942.78975867713
6962.74271950339,7998.043811837
7592.24544069556,6716.9739110639
2445.7016838834,9150.49153527026
1283.26129803583,3071.40441352608
2260.33963322568,8931.6105838319
7843.39122215816,7165.3978537256
7640.03735431789,8005.15407582656
7655.88623109754,6896.33118125546
1377.25696142128,8590.52944758611
6253.55848383934,7293.43433123178
1267.08500911743,3420.64492190387
6883.76288286823,7779.06738201802
1070.96638375817,9081.60031117693
1615.7760333104,3901.12472148271
805.319420977196,2973.59839531444
8644.26583628579,7972.20671536557
1318.88649458275,8683.13941030356
7402.87874968657,6932.15390934761
6550.16596626672,7798.36055628696
1163.42711172298,3690.46094507493
1136.70142700921,8883.14383261803
4604.01924382996,4786.77618080971
1387.02561180741,5343.53791261397
7642.78335832337,8001.83818155427
1823.20870737779,8683.2001451958
8530.97630964546,7730.1003399633
6848.64527812973,7603.48221958078
7314.26920869047,7108.91787347921
1259.48123725797,3548.24042709967
8179.45412802871,6873.84932060533
8828.59536933553,6216.29210589284
1990.07444813856,7881.85989931684
1186.31442400006,8930.13425114101
7007.99822439404,7305.07208598306
1861.71544436855,8907.70110043153
1286.21239853224,3405.68254544999
2468.89771785181,4624.69478236454
6490.52827672703,7543.35480767734
1785.19948635794,8649.49471868576
2307.10690472623,8361.60826187103
2231.06078553868,8389.60500681754
7911.09860731073,8158.07356348079
1648.93623211413,9507.54856277616
1304.989434843,3432.32911058028
1218.96977835192,8989.10484719103
1037.64936413812,8716.87804848241
1051.22283534272,3583.54686137903
1048.09989266425,3415.4098436973
1892.0134346762,9310.50751816862
7929.81975301603,7913.87456529516
940.661151301584,3353.50508421416
1388.77057656019,4004.95482718007
7803.08202021684,7627.83074493224
8259.11417424212,6032.19702713786
1377.34627066679,9217.17950587003
7534.57691882676,7692.49979304482
1552.91156810476,3628.17898739974
1046.67166855849,3200.57735091045
976.193681819013,3701.38891934191
7809.59976312616,7977.27029902747
9175.50450055448,7892.80207697639
1770.51398350355,7666.978636111
6473.32696872835,8219.12567274615
8410.09535683281,7154.02851538421
1232.96174380098,3496.04549687157
6709.08897409374,7461.90981013724
2116.28859589213,8067.63958273732
1407.74365999153,8866.89039714154
1479.42289626607,9037.26444331713
1154.18567342995,3779.18540094128
8156.4107290674,6625.28366041414
6642.02494024796,7304.89487303507
1261.28204429498,8887.83759027483
1464.18433983796,8851.3101602126
2016.16475702189,8553.73728183743
1441.84264052807,9108.07813854385
7934.09492954424,7289.67054318216
2143.76307476951,8857.03620224498
7659.61055056619,8726.69119321924
884.623292247985,3609.03222831051
996.78392242962,3332.50474507021
1325.26750094186,3822.98015848686
949.618340168974,8888.91096120791
1196.20816621402,3872.59035865293
865.723571043865,9229.75523086941
1253.57450021021,8990.667065057
839.408090474129,3245.19448315111
7965.33940355117,9340.03609691599
7748.30601991204,7555.68167180982
2340.74853094265,9426.36873821526
1291.82397451718,8859.44251411465
2197.55428919526,8470.93943456826
7675.53952011891,7515.39672961332
7446.82245744039,7911.24931744701
7264.26796310272,8291.87585511451
8235.86454498116,6639.89467966842
1187.80651841602,9196.33246304271
1014.58908403609,8329.28803457009
7583.13284515345,7499.84115188259
1093.50456337184,3251.80620657059
7183.19252513002,7185.6644645042
1710.5042812588,9079.92863706401
7733.9586929481,7393.92054392098
5261.71060591818,8890.13961245141
7914.424693538,6921.60141025621
7470.81605200413,7273.47887616423
7854.91653574246,8072.1110219163
7161.80342905691,8067.22185420162
7395.4610507892,6999.56796725106
6400.33269689053,8027.39288277308
7427.54226283816,6422.72449004485
6812.77580855761,7287.35120943965
7645.88589092904,7194.03777837995
5887.13156305652,6714.54083244569
7774.85593960478,7660.12294246173
1478.05039640239,9124.69708624266
7924.59938281634,7934.79949054544
8009.31661194235,5905.46822212171
7557.80481122722,7195.62511304982
1039.2014323644,3909.96041563368
7407.4168807424,7755.99620335896
1273.84055015959,8703.92743137817
2242.24421499581,7179.8592981381
1219.78076001467,3605.39572570934
6137.48487372194,7513.13695720107
7153.69348939957,7636.94233717414
6363.12418817467,7534.01364718078
8125.57598639838,8105.41059225721
6970.70707432475,7447.07540633409
7134.39703801743,7417.69597711686
7005.65174520613,7262.08017898576
8342.39482580269,7548.2630766155
7912.41996388764,7525.38147843727
831.832209880791,8645.91237257823
1306.19027078446,9188.77916142853
1519.45663736476,9049.88094872646
1081.57787042478,9155.9847464096
7914.15810221652,7560.603525264
1739.03629063816,3699.48480247142
1459.99673340769,3555.45832275753
1188.15590926864,3394.22505368439
1638.00721380926,9213.201655837
5493.8909610658,7531.92146019583
1051.5045818732,3483.94039697268
1929.81343907115,9085.05838664363
1476.39822622562,3517.19081977721
7407.88698620936,7665.64459966256
1612.11487061218,8763.65300684378
6865.7736610845,7250.96902979707
1949.5523297148,3493.14213571321
781.579004819049,3129.72846882568
7245.63182388466,7216.41595201276
8382.6306644628,5616.08193364902
7823.69204108483,6462.14213357732
8046.46071528255,7972.97577047626
1335.75319349951,9161.62404526198
1978.76118800699,8642.10538266124
1236.34653356092,3337.17775287834
5122.26188012645,8131.76453028707
1417.96253459642,3603.16351825098
1447.28390205222,3575.16990425433
7614.18287958328,7490.76305680598
2733.37055765732,3865.80331624566
6832.10554042624,8252.36122582488
2225.16980056301,3787.30892773763
1342.69457099311,3900.41935033451
6554.36208337334,7350.16504650161
699.26162325926,3343.17949383655
1424.49365929564,3431.68252017969
990.862616653286,3213.85444228569
7255.30252749254,7565.66910403193
7745.24744554362,8325.51285863903
1938.78207809017,8744.86907348007
1444.34393354999,8677.64371507379
1585.14834294515,3953.07307774668
1627.29780302526,8791.39545107151
2213.22229053872,4153.927821485
1612.13585359624,3777.56859515642
7523.09419275362,8140.53621955488
6909.17291638535,6995.42139302067
8876.82520806654,7742.39479382323
829.128063304968,9173.05637732698
1376.06018043405,9142.87816044249
7112.78286638745,7583.50150407352
1312.20635944556,8978.40347001152
1068.48375541193,3652.69145371808
8818.86926133223,7112.63604956952
1714.65787239915,4091.1933988128
1351.64972963256,3273.44147158627
7899.31114331317,6194.2945123549
977.940735734177,3570.73945059471
8310.83900685959,4502.43863183331
8800.32688389896,4620.16233444224
1223.23269165799,3682.31737687546
1422.40618954452,8985.44713674568
1782.42495456253,8814.09556946855
2491.34653163358,8404.80916631603
7110.84291053141,6952.38407198929
8300.70745757648,7759.68553602907
1754.4451442849,3514.09416322323
7331.96005248975,7054.18581652308
1306.095550685,3755.18686962828
1832.05210908806,3503.37090687076
6139.14679755521,6881.26311737933
1318.48290159561,3982.3549015029
7132.63286362287,7062.15772693886
7844.81889551856,7251.67478974194
760.475927713417,3229.42915096689
6401.99698584502,8156.41023619068
7701.4458795533,7619.99912309447
7662.98525034211,7870.22201612734
5784.67682168814,6601.39626103528
7652.33744249941,8199.37569410923
2983.20488159025,8961.41114629338
1897.65579635437,8020.55887845452
1421.86729859473,9194.30954865045
7762.32214421546,6831.94854464672
3686.16232238943,7497.71080866388
7305.61372758877,7000.12378470233
1733.8111024132,8902.36183338024
2057.13529269455,8898.75855866342
1219.4008041743,3256.26655660561
1648.06922592518,8603.04317263004
1641.34561658654,8949.49263125456
7001.44467370189,7584.8841560181
7854.07992840911,7705.49118270182
3863.45909419032,8709.22271950779
7691.32847994957,7549.99371687526
7461.80781201548,7432.25721941097
781.744862244739,3240.11170485734
1381.61718800771,3733.98564155359
1176.64118376003,9188.71477993376
8148.35353073236,7196.74503334439
1339.95057553505,8825.72263684278
1592.87597482258,8925.36759664248
1548.33148135945,8509.27529560979
1593.80636864499,9008.85880289967
878.465194538156,3625.13487751209
8045.509180587,7687.01265112877
1199.17799823326,9085.39370383838
8016.05553946268,6982.47638489357
6901.25719571578,7680.66398197126
1704.85406130848,8517.36857940124
7114.3825697287,8343.88933897077
1446.03162989886,3712.47566831609
1419.03367049776,9076.05169786
1735.78245550504,8772.86652354733
7880.77474306606,6481.02198979474
7642.00607551732,7343.40419861672
8724.83542765496,6863.68743208472
1572.22396868531,7955.94604464624
3701.26218624991,3620.0438836493
1245.3412639484,9290.50860925151
1053.8573786186,9109.07736133831
1484.13041093207,8826.58647477496
1266.44204966505,3792.4508605304
8078.17212416009,6354.19574797844
1904.24944589514,7907.21622104449
1468.12671424417,9053.89908588044
2228.40172110225,8513.99331040536
674.716358433777,3131.97200653189
6820.78133972498,8190.88823840015
1235.48018073321,8660.29837300778
7983.62433275511,7131.04194302146
706.328825521548,3453.08672534975
1040.61123831966,3602.2165847061
7019.57717070338,7772.1304314941
1495.69975306366,9034.36019535942
2384.72418662834,9040.93517033401
1642.81085074343,9074.62982025054
7212.12157366066,8199.46376641866
1180.82858493868,3519.73293462429
7090.57146428842,7040.21214035188
924.812948450221,3237.21602603662
2084.55202120823,8638.77742838553
2190.6608439161,8999.07904863204
1287.25639234915,9074.54771824664
7977.33299879268,7564.40904021667
1409.52566623054,8976.35636905212
1199.76410005495,3474.73953766221
1559.61932186902,3935.76361671614
1324.5588459756,3256.62799001687
1119.75219219305,3641.00208730018
1076.57780706641,8675.343824131
2638.84387691397,9377.52870224917
1435.19173634718,9019.70161523983
6762.76338404283,8777.0918191618
1034.05465508113,2915.25144747748
7567.06375415001,8395.45873167254
1389.18724416604,9172.50205994441
7046.47051023482,7602.46497007597
3822.49245426799,8960.25875934608
2546.00859570803,8231.17761497137
7350.28271813094,7560.17510723098
7547.94417134338,7417.76989248937
7027.67550500669,6881.14544192807
8203.56546484855,6910.08032329479
2546.80535077724,9203.27333225607
2064.67517389033,3490.44549727565
1595.30746823146,8891.15569525406
1516.61591880195,3281.6140008936
1467.60787741807,8892.76945429826
1053.3543282868,3478.10421906412
7685.69614242559,7424.44748682902
1787.54230272919,3314.87923749709
8003.22961342329,7908.99480329631
7565.40202955878,7558.08978790348
1170.71980418197,9032.78408246505
547.84398116056,3018.46205789481
7166.0187037048,7811.74038554528
2769.25373772452,6313.8878194779
7898.87419216982,7521.52096483781
1344.97237900113,9429.53712415982
1211.31232667478,3601.94155177851
7581.23466553736,8043.1475026399
1298.76359262362,3078.51694989263
6800.00439171841,7846.641167646
8197.52830173881,7776.71843285874
1402.85473253576,8952.37261146199
8118.40629045066,5817.59856939747
1050.05137495756,8803.21132039098
1719.69646450164,8602.47220053441
1970.23931449852,8799.57139183303
1423.16168929503,8897.10509241589
8661.36997646761,6902.21804348117
1977.96688550803,8943.81394382889
1200.93595827074,7882.88425383528
1311.45293722947,3340.11746985436
1009.10469973852,7894.76219464194
1881.55389604272,8797.35693759485
1555.93703492186,8659.22645108535
3785.60147819778,8854.3141966777
1094.68187619377,8988.58394859491
1589.91197424261,7751.15449445038
2089.94719274976,8836.50254365877
1515.3564911865,3764.43435034105
7310.22024684862,7764.31409440873
1014.77398723778,8983.91932044566
1201.30647836559,3554.48276047013
1315.27272522207,3521.44092067665
2013.77054070484,8991.36084678183
1155.61408623286,3231.26151387698
1514.06567367559,3740.51774236078
836.73174505894,9247.96954043853
1571.3596834441,8914.3913483077
8309.35750542964,8208.95064627717
7769.0785364305,8356.94765040648
8740.0647130109,5754.29252603323
7510.26962335615,7913.2525661219
7595.93065356249,8441.70325708849
1334.62071862107,8982.54712075612
1545.95899895761,8868.97786333908
2584.50630628486,7745.24188431072
1100.9050880904,3198.90551207427
6581.58291318529,6654.05804929206
7722.47042610769,8041.5169471694
6833.16517495756,8146.28576770781
1436.2050376827,3638.75036823216
8279.14634521447,7022.91233021327
1793.07726157325,3802.64402595471
1530.75511163441,8009.29223641871
1569.38984935921,3756.40273187709
966.954309722101,3136.97818703889
1435.56490987613,9117.24132600597
2372.07862702469,9307.08120316321
2019.07970383761,9188.68652887673
6831.89998587345,5872.84695670922
1592.2997668613,5122.79696052396
703.061589515287,9553.8221694141
6924.36339173794,7908.32313136187
1872.542575088,9248.8093663015
7209.13508716437,8055.54191386836
1517.55410114449,4010.5385620854
1258.20126345792,8213.93306038278
8220.77918122663,8309.9521433315
7663.10937194356,7812.50142890547
834.436031627877,3372.2210744501
1278.95277509932,8905.03942583193
7292.30168975289,7845.23760004059
4097.68154256953,8286.12235068671
1070.96307194843,9000.66827740009
1122.42881471923,9660.30345507891
1392.25266573796,3556.8444592794
6764.15839500614,7246.69888141949
7959.35845525297,7395.30594539997
2659.30284714507,5729.88680206091
1641.79456724811,3859.32547232082
1138.8031136525,9118.20641731103
1696.75688592498,8411.78580489433
7397.43214960338,8237.98452682086
1251.78094492184,3808.21408256122
6605.39361643303,7789.72831610327
1501.53707181127,9255.17674996508
1120.4504683168,3839.68213245376
7586.08872050919,7997.60844050165
1185.60839958348,3452.03422453473
6781.71481813039,8716.75861729794
3297.22834114595,7963.79626931141
1253.99583413359,9171.13382428584
1164.57009440468,9163.26028600354
8051.29064784949,7733.06136438285
5862.06673852057,7031.83798489239
955.556440935969,8851.57812927976
7573.73438828275,6739.52479961287
1389.93425749704,3434.4537905027
6725.26168900823,6634.0469078009
1445.37515266068,8951.78821416349
6350.52532812803,7104.37204591154
1557.02057278246,3809.38393157421
1108.02589899647,3524.30216067258
7306.76849092431,6785.45213452568
1220.93798845334,4149.63279660898
1199.55002675192,9067.21145352431
1499.20686950144,8908.72251549086
7404.29342050251,4525.00493421179
1661.83386964545,4110.2811336394
1118.2770037484,3323.47367670037
7435.40656603047,7981.56012097983
1976.30285832346,8739.30281584986
1363.96473046791,3508.8463140312
1291.08213430493,9120.98312539545
7496.88184858623,6737.66154200738
7741.34394853677,6783.54756774017
7717.46857725187,7277.91231226664
1029.68454362017,8884.57880869732
2336.96001840252,8995.85273519094
1415.01582092102,7954.40188836268
7315.15341781128,7570.88713213483
8060.03326755975,5643.31383257533
672.794428321424,9061.45492139501
1222.22115381062,8791.5098067173
1470.65750479004,3881.04337987669
1628.99307804444,9242.35032514854
8568.18756602371,6952.37364956498
1726.8211499884,9101.535127561
2214.77093783834,9156.96661757724
2509.1414286065,7881.17226385247
7535.56344204493,8294.23521577295
7861.28714789366,7082.4490272613
1181.02406980018,3597.56837743878
2084.42507018394,9035.39581883214
1804.87203552776,3880.62303425636
1364.92513885972,9078.36314379275
1179.14179416543,3545.98295370625
1712.3705999833,3794.74443610215
2226.579414274,3902.24337311512
6511.2004768551,7593.69332776292
3066.77191490679,8618.66241692167
1111.30366398681,3470.60116176748
2027.3553652449,9018.24510397227
1703.95437920476,8755.51759932612
1457.26786708947,4790.73065313832
862.140780636041,9093.83508778239
958.7500819656,3569.42627962173
5988.17069143456,8257.57164870395
3969.6379665794,7399.24370851513
6915.78707127505,6623.51377521271
919.414341671864,3307.85246660865
1365.33735829522,3268.32686272688
1630.94880859078,8998.79683300446
7362.08493750406,8126.34001590924
2608.85807296934,8363.73205450725
1286.43179644372,8839.74453671797
1335.0308983301,9031.26271891405
1130.06233094075,8874.72263881764
6456.10052242462,5326.0056772172
7668.97037268083,8082.8201170596
1189.4827041147,3150.96693827267
1621.12889186681,8338.04663537168
741.368314487029,3264.71674098341
8005.75003947776,7368.25087879347
7885.28786476624,8247.13717713236
1457.18961406658,3757.25621023573
2052.02734539578,9167.19302906424
7537.53448538751,4126.33087986072
1865.66265248039,9246.39065886707
874.147029707385,2101.36075548168
6554.29646837457,8243.7742429721
878.445827408777,2950.7101949602
7295.30741442455,7595.46354257656
1190.89545317793,9018.49233371287
1569.25359473249,8268.14940261139
1513.16156717134,3378.37911217521
3075.51389179992,4391.96351391391
1285.05740282817,9200.10737229606
7295.7763766634,7082.07696119151
7279.01489412661,6718.08053713168
6746.77379753417,8143.38210595293
1195.25703006555,9454.70704555898
773.396378123852,9146.50737662659
3761.57075668542,6655.35763775066
7960.81011728457,7081.26539911839
1430.75018877589,9620.43141659136
7432.18335889157,8193.61570198674
1267.62795129671,9179.24816156731
7535.06990212772,7498.88307838567
1248.94682715113,3698.57234266015
6988.68911425812,8413.54501371346
7312.42494237422,8192.50981641448
1272.22757887264,8556.30204082051
819.956306385737,3345.03406038242
7618.24707146222,8314.15372986089
1884.08702960618,8184.59718127851
7363.01957943279,7634.56890971336
2244.62959501964,9001.04383073597
7405.5527477135,8241.13168441357
1277.62821890085,3521.77322193067
1372.22059652785,9385.79799412734
7113.9423194928,8448.74693509177
925.663534255913,3395.58528435817
2143.9877048668,8127.66041367551
1647.48079608967,9071.34599924367
8105.13534229167,8228.06747901637
7869.30858614275,8138.39852991268
1205.3463141308,9107.76343206531
1931.82147795069,8714.99165855976
7086.81401883748,7723.07419140883
1789.1619975081,8286.68044705965
1438.23725809812,9086.70145284371
1214.52075327605,8443.76617325492
6802.14865915821,7841.8483868922
2320.20842712004,9041.51164613992
1276.29473251998,8066.57121811536
7376.20066861833,7520.85231786986
1006.72326370252,3903.28620226026
8490.57474014846,7226.05516279421
7809.1379433899,8103.98558407009
4330.12990536094,8602.56782581196
1646.97242467888,5300.84828987319
4882.51789356796,8873.2275592364
1192.8876674655,4130.70111584714
7306.59451804969,7559.04542449984
1425.55887736551,3825.55384012512
7106.46804262012,8108.49864751839
945.212776800893,9028.43832060692
7725.21109022851,7703.28666072894
7619.97574493233,7952.36633693073
1467.68359740129,4188.94975684983
7377.70827033744,8032.65656881487
1665.7788826595,8583.77400401763
6969.90805183952,7477.92441974568
7667.1139815602,8609.59462030469
1578.10618500328,8873.63032643302
7997.92027529817,7737.06165445685
1017.2424395559,3131.26652084484
2521.2867677756,8667.07517163277
7154.2944427759,7538.01549898789
7433.13114651731,7711.60329047768
1733.3857459906,3592.70757860189
3039.05873502611,3903.48173972558
8334.79804814707,7357.65531710898
7464.46154134341,7074.07945670571
7428.23595333341,7280.15119290921
7137.66401388177,7320.46287876328
1431.65468389008,8521.05304167557
1178.98427373418,9088.79490895684
1231.91387774197,9248.66544727927
6708.88259402768,6397.35257937871
1446.08516075057,3587.97842998837
1999.6228598727,8500.54005667358
1707.26339204118,8561.12154871113
6684.42410146464,7498.82752787108
7744.27212847854,8155.70701513689
1595.76005131672,6301.39395179688
1576.54667497761,3706.32609352586
1535.98533533123,8971.42138029048
2544.37930617343,8992.29082011793
7223.95002388056,7210.14843752049
8808.10079250126,7626.58328835524
2438.97293663481,9000.37547850628
7367.75409100969,7245.37097808481
7450.571921441,6898.15776079924
1292.61936846181,8329.93557332959
7268.27821769927,7243.43980518211
1431.40542874587,9156.14705511351
1762.38692082286,8752.15320856286
2487.46413547637,4287.82648653689
1007.1271106509,3117.32636097656
608.156764633211,3446.86193184358
1925.84622030687,8862.7232930555
7530.49551857934,8453.3952928999
1360.30229325827,9150.67003989258
6915.43014945285,7499.47676117084
8944.27317194335,6892.4355279336
6604.20169757572,7113.18971861526
1534.10119520405,9100.71506925289
1625.28019169975,9081.23743899511
2833.84008613227,9063.31952163663
2072.58811697853,4112.80351398477
6738.05917634877,7269.19883220697
7079.710966408,7866.4288767674
7096.32591033209,7342.92341162517
811.089861542784,3242.24919159326
1334.97071056923,3472.71223345113
7994.2415937638,7641.75056780795
7536.1072497332,7405.54167916677
2148.51767212948,8898.0542173893
7759.28573584662,8324.51736825618
7176.91082310595,7203.87285263927
7785.85372670932,7865.91538980461
1164.86284634183,8383.1838130312
1702.38279779016,3692.6416194096
1976.8247627935,8993.65835579319
7215.01770712671,7972.2153621918
1083.54845719303,3504.90104843337
1367.937461049,7688.10745703874
951.819907651965,4018.68397388423
1365.24731837479,8660.03474032614
1121.18743577087,3787.27082794606
1575.8708887061,8695.09894210599
1450.91891896397,8467.59309293092
1314.71531098434,4019.56907203131
7651.14330298419,7890.02208434487
8565.82745296178,8346.39340353468
7350.22482743444,8668.73533499779
1606.59870335754,8912.87069291876
1326.05313987042,8997.9684983296
1640.35189459769,8430.32863775104
1214.91120173374,3532.72278036664
1544.28198496366,8748.96925196667
1735.23678361157,9177.33853605665
1462.34985954048,9198.21139520889
1202.4913275913,8902.2742417806
7415.34250942407,7183.54897298521
1109.97007311053,8377.96747552926
1737.18812625733,3652.05220950827
7560.18009630991,7834.39100092373
7664.73019112695,8115.45047113429
7583.38047693898,8205.39632256272
8500.40451984778,7531.36266887723
7997.25351062587,7815.46791043664
1431.23907006129,9269.58984307034
1600.34723069908,8796.43114153151
1708.71525904274,3712.84068987913
947.428749458979,9165.64295443972
843.22948422234,3158.43516660639
1340.4290465615,3873.53393384283
7335.42998962446,8179.56663326605
1318.29870194522,8761.32242997041
1135.06895192496,8785.3965431558
7448.89000298135,8047.1159636085
1370.63884045182,8747.51580177406
491.438346517372,3378.5023528497
9392.02363299984,6714.50514684889
7240.03061809682,8556.78707622525
7998.35455684131,6309.06771510763
869.070731977844,3894.24481182621
1500.88001422413,3596.41252934158
6998.42622140261,6960.99401781527
7632.64238981787,8002.63827420441
1584.17722425445,9153.04445650957
1133.85144292343,3196.28169244474
1201.07165698574,8854.77627146855
4354.23607216454,9349.95645666183
1651.74535625035,8139.01554820469
1360.73995226587,3701.27392251542
8962.63167526298,7028.79717204855
1168.2761003806,9072.93109022514
7815.2669719623,7737.95682137342
6682.4777027209,8252.02822322641
1403.78091063044,3699.58219113951
7274.9545564652,8149.59266636641
7601.938211271,8283.05968757352
2188.41006545392,8202.56226736636
1560.01802225854,8199.65727858231
1349.92624207695,3163.92768676798
984.405969391456,9192.54073538678
970.747582001411,7906.620646399
6533.21571603981,7967.856499649
2345.81933868237,3296.3446511863
750.164658707681,3272.00940700718
1514.30811675518,3761.68885115497
1690.1988892863,8608.26399766999
1661.04867574897,8998.23753270248
1560.22676956319,3526.1782774117
7812.89320558795,7224.43424489999
1496.68396350831,8898.47490915315
1680.91206240328,9609.84511479255
673.904127640194,3077.09153114918
7075.14994424881,7784.33815393608
2347.85206256857,8664.8616006504
1594.30696052517,3891.95334515864
8218.03380154991,7619.12859309498
7474.1518605905,5109.59207902995
1014.57089909044,9156.0829775839
1775.68941322048,8356.30888788468
1361.86671258211,9270.12348903602
1485.27802289477,3651.21226928986
6427.89516876013,7600.64436432706
1800.74252498249,9112.73372355593
6130.00942862505,7636.2064203364
8377.81433418802,6211.77359244897
8177.70285594818,6982.2531074151
7479.98405365375,7383.69127903684
1397.19629293161,9253.08845741559
8371.31542051341,7411.94125287487
1704.17259306205,7921.12582772424
6017.65856943233,7458.62877033965
7458.76692401397,8099.71063526809
1393.8854279871,8818.18026614792
1643.53395048463,8392.54846257806
1931.31814002018,9009.42337670722
1258.42431087002,8949.77408371557
1248.57834139444,9229.73465820236
6084.47752823457,7320.19362708172
1879.78432620619,9112.80623397114
7134.15261823303,5113.57942894493
1160.48777650859,9103.93532785941
7559.34995481291,7533.77292118946
1270.19921044376,8900.14983490589
1560.46828166939,8712.82219830729
1127.84038480073,3389.52966623622
8629.17518351661,7281.59237575907
7145.47003782889,8306.08154155533
8844.97768945017,6475.55946068338
7405.94266468288,7577.8875109557
1313.56522805654,8949.71871201364
1353.32452365105,8900.46519223582
1814.72885086713,9105.40781042071
6587.85486508456,7539.97512880494
6087.5578092675,7595.04490470399
1103.55705989948,8819.21453176481
1442.27537152255,8074.10679980779
3062.40383652671,9288.26698135802
8735.31236876512,6303.87765176651
1069.10790165721,7696.37176626177
1983.90549296359,8954.79666419611
6783.63191523415,7188.58925035312
893.299183430126,3458.05803117908
805.433119862979,8659.50709944952
1919.67907575086,8883.71171673646
1809.49623645362,8748.31927745385
8152.62208311462,5851.09236391325
1732.42546258854,3720.53689066211
1330.35414043302,8070.74638270487
7497.55393201051,6136.18795453517
1408.94635605317,8306.6935509937
7839.865590826,7615.01319489801
1647.87345674782,9203.76157235454
1051.47642062985,3448.15268112858
6861.99951464172,7559.45567193066
7496.96880012105,7261.83361318016
1125.41530753298,8427.39076214061
7615.15897787761,7106.86343487111
1399.94938568815,4291.15793401006
1426.49782336175,3550.19823491399
1802.69466952673,8324.98799762019
1929.00659596796,3803.17315053136
8424.82662454885,6117.0981465
6842.34940021225,5328.14487827332
1183.09788220843,3685.40966382642
7481.09987645739,7962.58467757362
7592.46428889799,7117.87043141581
8594.77625141949,7635.94262023097
7531.37619245121,7466.6205727492
1640.86730188754,3620.10732602497
3202.88235173427,8641.3387194881
7510.18711699618,8265.36489515743
960.179739096446,3363.21929743459
7256.63203615635,7587.85845267861
8701.37074247551,8117.13085950152
1523.78150794729,9281.98543332509
1708.69779802548,3895.81717660951
2075.5126279073,9041.99363788454
4309.16074722219,4048.27334558311
7517.32454825266,8248.10295370834
6422.87685420991,7631.80677271883
2738.45130877832,7525.47811806408
7550.2108177654,8363.83187450019
1004.05446119458,3422.92229329365
6927.3715539344,7663.6634074085
1323.30667853125,9173.60651588177
7619.67427464015,7504.28760245544
7200.91581475132,7757.40489449239
524.167333187157,3217.00549853284
7451.06725825387,8293.1932573835
2289.27728598049,7422.10854910366
7690.43004665519,6975.0214385221
7664.625818057,7285.24982569793
1114.69739007519,3238.67490819765
3473.99919420132,9028.09498226488
7938.7615016261,8415.85207985676
1694.14537301447,9198.24713187917
1181.77900690071,3635.37183380052
1389.96286585281,4329.40588646163
1420.68295947629,8913.56747106
2735.16668861717,8844.35041891213
1587.39252596233,5243.57863057535
7096.49720341545,7609.98614388429
1474.80551659949,3263.81601646121
556.452941221443,3308.40152070763
7869.72213835242,7226.65894623492
8159.12586899732,7379.10446910049
1405.67482907951,8963.87445457348
1998.25044490943,9374.34969998732
1162.6436758562,8685.26708549072
1526.48230014719,9216.48929965484
1063.87945841031,8271.60890160974
3699.75302655879,3767.43135666259
7540.45690605884,5617.54004037594
1873.12848869938,9176.42697672065
7876.63954186466,6574.60163764901
8006.85798241697,8126.04635069083
1739.92590770486,9179.99358735361
8830.83808751686,7492.87143178428
1725.97634773603,8208.21312987231
1351.23386730865,8564.72179967555
1221.69276931757,3782.30431713524
1252.00659472235,7716.50076321587
7387.9384907217,7182.36268654009
7390.55879873731,6981.5106942297
1400.77416404604,8889.29326074533
2000.10570662036,8988.1076007821
2724.26093078418,7749.62626587805
8330.97444192062,7644.28682117361
6216.9768975983,7523.63912584874
1693.82905008828,3388.08864554606
7161.44088254825,8258.38446126397
781.160566588458,3343.60095765635
1443.02775175537,9239.10805393691
942.279668631478,9012.41732615004
545.754973348731,2091.93935947729
839.466833980178,3252.70948409984
8698.64745847382,6811.98990112609
903.424666429928,9068.22404890547
7886.5906444435,7710.27958164854
7336.95622184353,7333.1418819816
2014.07622601925,3568.11707131903
8488.60794149495,5392.43119839873
1785.41009897422,9174.66613120431
2170.50806820706,4093.17692222509
1747.06016174559,8017.05833252463
1333.78615424487,8803.57089761524
1188.95779383755,3156.19968730617
1482.76335652978,8860.47049077275
1398.02894443315,8918.90415272525
1077.53109756525,3213.27469900649
8764.41339153843,7096.99811634459
1323.03823074866,8935.96075157409
2055.93943691354,9061.63602427407
1439.83717258513,3206.30538119934
7028.46844385397,7313.8527020436
7446.62405207744,6764.60150224548
6960.85270341852,8981.870624634
1192.73694653037,3386.68618410017
934.390542107364,3587.04774010329
887.722836475144,3133.66537995695
8075.02349800507,8061.08937030062
1460.70276295084,3566.94089591354
1608.27396348722,8622.07814138094
2099.66162315727,5278.55543160049
1912.27100862415,9244.19780422926
7066.2253751903,6707.6222866136
7294.44609612106,7387.91207245632
1178.4522764469,9136.34138083884
7307.95262311589,6929.33432749656
1227.07211350598,3127.76444098772
2204.39297256563,8182.8326099815
1989.90193348829,7893.77178902522
8153.7835411422,6358.21967209861
7559.37907445038,5267.04000603536
6971.79319158162,7050.81264930269
2225.88406245414,5753.19293761258
1435.53883850251,8306.93517735653
1267.36009567029,3602.19729843298
1408.10297621356,3625.50657658611
7909.74474568858,7135.86738248256
1224.49504145809,3552.36462993711
1127.60527531392,3950.19715254552
1625.5027774689,4180.81855339464
8243.95757754112,7255.72675320546
7759.87400188956,7640.09249385141
1569.72941089937,3708.71874722911
7285.56122515327,7035.93717712746
1326.13735382039,8764.73864204226
7745.93054178448,7520.07003762552
1133.8757321475,8732.00359004135
7063.5566145841,7460.53805832391
1248.52035815161,7723.53893976742
1097.50572632604,3331.91646837638
1526.99713623676,3327.88346763606
7614.70082246932,7778.67159669695
1084.62894093186,3690.23828653358
5601.63748582387,4557.72349481628
1844.99009963866,3715.11336293452
1599.03914229402,8724.72342559811
7046.59271032123,6291.8428428463
7475.49420904854,7661.74160411739
6763.46984792548,7595.97041792269
2387.25082062981,9202.93666232666
1089.39170677271,3170.78449271893
1728.68725005232,9266.78975983556
7418.88016008292,7798.12747483914
981.785876225926,3371.48807035603
1005.02162172022,3562.1765554167
7740.0216823415,7578.3377226489
1051.10317658759,9078.93665244276
6977.24982562957,7505.84899447533
7274.25241580819,7494.61081127413
1365.14321033118,8803.40110554987
8670.42466166551,7065.62464700064
8690.21668710003,7509.2133134404
1520.55297307076,3710.65562918815
7079.71591731204,6931.06433772489
1779.13895709753,9102.01567421287
1299.73702336442,8624.15279677371
7253.81387492263,7678.18730779862
1204.40697950598,3074.54244893819
9467.38133470162,7768.03285613658
1387.86215173313,8031.73061852995
1115.84568738284,3553.7970572503
967.196861315169,3261.45974572107
640.211689857401,9068.25774548453
1267.65204614331,3378.09926180914
7295.87945159373,7471.58867281048
2186.05968383506,3760.99988962194
7386.43659731575,8404.4027722865
1025.59370281375,9046.02778064094
1604.44676484079,3519.47793600208
1377.76167849241,8516.46662208652
1335.42717844644,3828.79230470981
8921.21415157933,6976.37434123448
1758.40118414764,3344.33001662772
903.331089296619,5632.24074259027
1201.37676670235,8554.70316951098
2125.72455430068,4171.67410527691
1207.49811447541,8493.55978823466
1138.81506012352,9103.31295006119
1219.44107393187,3148.87049743651
7994.77549957486,7621.64109754945
7799.71309020066,7315.10972582913
6604.59837518932,7725.79591048333
8442.26014757049,7128.53781026074
1370.69664566604,9055.9381170112
1535.38802857719,7729.63072937553
2244.03558860656,3301.66268092579
7527.86989372786,7723.0532093354
1254.1411118823,8905.65859143842
7154.02889696101,7515.26154534066
1389.20389893793,3934.52021910772
1173.88964572864,8822.42944396239
7247.99552697495,7747.89299674893
1226.78372433001,3899.33493266216
1612.45381576856,4115.05597061649
6422.45234602577,7635.2371051111
7300.63754554705,7111.11040776425
1491.16017895664,4391.53997033144
5600.2577083854,5434.65376350802
972.187830999061,3168.58796794889
7608.67202591172,7432.24845154722
713.479746580349,2967.63747719981
2025.35417440399,6396.30132830825
1308.72167519081,3521.84358351488
7912.37862229983,8107.41199930317
1486.71469734525,3715.17204860653
801.535730995868,3408.32703946764
3133.34335888474,9111.19173035836
6455.73586177754,7046.19295969198
898.62976029691,9175.84062114002
7274.9999058074,7650.28468078258
1721.0951226735,3732.30116943609
1329.54532230742,3796.52200686744
1954.09841257459,8259.13174556356
1795.54579985599,8705.11488148201
1519.79196513162,8536.89469575361
1538.44757396442,3755.97555404635
8183.65534165359,7990.68171709056
1453.96173841222,3462.2896259343
1947.95812024428,9287.14628143788
8507.41502592751,7631.62332081833
987.485236143375,9015.73723928272
1300.06606571165,6357.79542283065
2037.92273161982,4817.11845225697
1724.81216029768,4004.59114983407
7813.57697498528,7175.25941914725
1413.72342518763,4285.79150853087
1888.75253116868,9007.42704733068
7527.37557939405,7632.74092577654
989.133758843087,3486.9055945165
1432.63029410438,3741.77651491065
1058.50075687186,8561.03506984114
7718.00436810917,7185.99542485729
6618.02837355061,7725.42199817786
7238.00343114641,8041.28940232636
1980.68302597772,4335.27602917063
1634.22015359514,8692.55629992714
8944.3432234769,7632.4879500571
7150.34838245765,7903.00397840285
1686.37210202471,7868.22250325432
1503.67397526573,9109.72363322804
2052.65585821223,8963.05971781767
1080.46932829679,8630.48908474346
1733.14144346799,9022.54785666269
7377.30963793256,7198.44652925318
1887.73605286513,7734.12398709939
1590.97042455113,9232.91354692655
8086.679495433,8442.78538165047
7739.79063566869,7803.89177969676
1928.6453173636,3351.69179767413
6856.77132753926,7924.54005148469
1109.17632016808,9076.34812793559
1630.75096400832,9071.39985497902
1083.08882761706,3373.08239746851
7052.88693806437,7588.93090194221
1545.43275494574,9164.46889279551
1438.0810364595,9295.42232609702
6689.60902284435,7256.13596355374
1763.42894035971,4983.74371516294
1700.3758253136,8670.86121693852
1420.47208877248,8142.82316344396
1795.96907368379,3598.01109343516
6157.54927843107,7570.14290172235
1795.11321997093,4056.44221914506
1028.28309922188,3430.62135243968
1130.17566483323,3329.00029732588
1063.5233315318,3114.87596517282
1675.13399183236,8648.37484291949
1361.92067625732,9005.01615033934
8352.33827187711,8401.80578628127
8231.05208757729,7238.32855047148
737.437264047256,3375.36111739156
1748.13917250289,7851.61448897226
7819.4738769122,7198.26566170818
3082.28028953509,5085.38277585926
7813.72473158698,7945.37044844856
1668.8223336198,3563.61733055295
6570.41102266811,7765.22251794371
1132.40431930867,9158.81254382185
1158.06948704129,9031.21358801783
8939.33687674944,7902.47332712555
1546.90804579773,3784.38495463916
1263.43015422982,3410.71835524205
1947.83931417895,9103.82114992711
7850.15568946982,8542.40315920687
1577.71168898541,3961.15363536394
1557.52543166134,3838.18891908409
1056.26417487529,8869.44517307284
1903.34183796319,8515.02684490088
1402.32609413529,3460.49044766528
3505.27591887823,7032.51557281367
1459.78897864804,8988.822846145
8304.66796372537,7307.52251055779
2262.67071778077,8833.59273692936
1361.56738033096,9354.24077217693
7978.41320877361,5761.81417810711
833.737952041578,3143.07051350977
7628.3336475693,7888.46982604254
1403.17739990091,8933.94688879558
6606.8734648116,7319.41221244528
892.092254316305,3535.24840419905
7211.52042619207,7879.92600174823
725.627038952557,3043.12279287844
1981.21770860584,8962.54578715928
6736.02751871479,7338.01494233245
8036.94375983921,7563.94804340681
7385.68150055118,8295.92996870712
1469.81023621812,9005.34766380973
1267.62284338333,8996.18402889368
1352.06293778482,9414.49075974523
1978.99069976849,9073.58094408497
1004.81307635372,8623.22233728146
1320.77739605553,9222.49678684462
1567.49480706621,8844.47627415407
6825.18498852698,8038.49421946443
8474.84555883639,6132.51085561879
7342.65851087654,7203.21184273194
1788.15140176911,4172.69430205888
1849.42660765977,9225.85403356084
7105.91551126785,6252.31180785301
1747.00623227993,9204.29036699203
3446.47565391245,8944.55271592875
8431.53268222707,7373.6537267469
1606.09093393408,3540.33326071784
7577.2061346939,7449.74307195132
2463.77849871748,3964.43365583191
1355.61479326844,3646.43375470658
1073.53635267461,3150.42871494066
6904.61055873774,8022.02497188952
1581.38614474398,8922.63348923552
1660.34713700503,9346.52604791774
6838.87518094474,7006.37899894291
7636.40928984312,7395.69953936493
7558.4137211415,8027.56524175112
1089.34125973041,3753.35399767893
7195.63708098652,7890.00622234699
8555.79231245842,7838.1145789393
5037.7361115537,3975.22717310533
808.182641002429,3267.98905671869
7984.22605410845,7740.0264933978
1564.12646430434,9241.26910801891
1164.2010380593,9059.16664240998
6717.00127703595,8299.6637337427
2040.65294089835,8534.72557395782
7184.7604063002,7879.07766035128
1386.1220812413,9187.29042255449
2122.54560388203,8882.53062489849
6487.3608720103,7134.33954204896
1221.38046901465,8968.64388070939
2582.54828501689,8897.91005118433
1043.01643253157,3578.80912461038
7336.5096814994,7272.44873690296
790.252320696088,3052.15005731442
1047.8527782515,3180.18498762775
8623.00457609132,6666.83873019451
1587.34955156633,3657.600877429
7930.23787158551,7324.22311899471
1673.18368705541,9324.24985806701
1518.6757992817,8580.25094968938
7392.8447523568,7409.26022281414
8524.4910341608,6849.84466212635
1223.09543113518,3381.02812123445
7337.90483218617,7339.43874489401
2071.26174659952,3125.93416217583
3604.83869517132,8494.09266552282
685.656247284563,3251.77661425462
7775.09549573443,9223.48638150911
1733.70722572375,9138.11630479442
1074.60250470993,3511.32473173088
1472.0935180349,9239.49554775941
1848.2108047729,9117.77342763871
9332.97246980609,6271.23645068949
7429.01368568705,7176.43409795802
1028.04424972084,3399.764724177
6640.56022393947,8175.79037736808
8293.43975403807,6576.43012267279
2252.39614692175,8756.32689096984
1572.32950702637,4018.83753356989
1652.9552027657,3559.83924471289
1572.18065914809,7203.75557271187
1777.80401050538,5981.02027688278
865.667418008523,8825.99432377767
573.329451797107,3670.43259026598
2126.30622610129,9340.74925395129
5628.09111226938,7438.43739928903
1202.70576017129,8605.31982894756
7138.22384655592,6853.99809191973
7993.78514615633,8112.38739399579
1285.16225648411,8807.42691418814
1236.12497008841,3450.54004266705
1016.38421504882,3613.10839740092
1182.82684028847,8366.91540720779
7772.72404577848,7330.88322548418
7604.91003991327,8022.81833428208
1529.70034675136,8140.86455316338
7442.8276089102,8222.88859505539
7081.78454884688,7126.32775968044
1595.83925480315,8307.6468880181
7792.16850768693,5928.07157118805
2104.0291769622,9003.67278035228
896.50868585085,3472.86448631507
1563.5301950105,9044.54561806481
7225.12531429858,7024.74742374317
7141.5728296025,8265.85618896789
3027.45353329416,8621.97615365486
7813.26978309317,8229.47552093132
1335.74840781191,8941.82489952894
8003.58792665127,7658.5857408379
1778.57740328562,9018.09743476265
7872.47208740091,7659.16680053104
1446.91994300995,3949.83126929709
9342.38069068988,6668.74507071495
2789.61702823733,5646.59967141976
7613.6706864384,6973.13870248174
1494.2351609206,9142.68198401626
7312.67130979331,7382.95852243122
2274.14387095004,7731.91485324225
1558.84595691294,7434.53806605296
1865.49488614842,8905.60822891328
1626.50442230689,3568.20113441761
1152.26782842895,3516.70600325159
1367.06178212348,3172.27444490712
1879.10456208661,3837.75371326797
7929.34461743436,8099.48123929197
7617.36035173773,8140.20177218282
1776.37045931002,8909.17144662377
7803.01097666274,7271.86989547372
1160.29700610504,3509.17255053158
1449.82256170788,3810.51022381916
8165.51947767738,7640.3425702577
7237.87305603989,7744.21797109384
7617.87751140561,6753.87135546817
911.538056144424,3467.19091025333
986.368991308297,3368.49716563551
7795.91382155049,7410.88329146539
7262.08262733599,7608.5856286631
1161.48360214801,9116.38011567106
7843.27811702177,8082.54392930413
1523.18847605473,7562.86131163822
841.409525469551,3316.84304655962
704.164169453241,3296.48380053376
1861.77157617577,3989.05051688744
1004.4199358951,4259.95124664991
1317.9167207353,9081.40268078391
1271.97614224803,9040.05786198496
4885.05201165642,8945.22674190206
2208.18518318734,8233.47891895817
7768.021162362,8396.05271577861
1693.90498154512,9146.48814501
6890.76392194808,7694.12265614149
8080.69456148995,7523.12094405749
1765.23819568041,8687.34766189897
1699.2597394761,8886.22580552923
1172.35769804382,3227.26898845562
943.779560946462,3177.53834730536
1228.01798594148,8856.35932254997
1868.43693605752,8143.67270179808
2924.72520817543,8710.3839688093
6468.31659350436,8052.66164649567
1149.87078254986,9116.36084925877
7850.9122569834,7808.00324849435
8314.03175618669,6653.8896872607
7458.73350656372,7042.62821778565
991.578364752306,3235.39936920233
1178.66125021275,3394.64489271663
902.250260641408,3298.02739769527
7538.99101904194,7096.98842249557
1430.14047497329,9073.27225134602
2561.87452072714,8553.28245033197
1190.77961779246,3501.3561217861
8021.01576850542,7713.83821874034
1287.06207262059,3252.74177121465
1807.36420722493,8697.7245568442
1765.63981731291,9134.93346134613
8276.98744743843,6361.45344760664
1854.83634171657,8832.45530924232
724.29569712594,3523.88451355017
1137.42137707741,3578.46400891968
1758.97846705655,9102.6674473407
1528.91271995572,9238.36213252793
1846.37536142457,3531.96112470416
1562.4762375846,5859.16811395653
1232.09364464007,9018.76316038683
8487.96136845735,8318.25134289427
909.702165996548,3454.65339166758
1523.51725470316,8915.10228578666
5356.09746756177,7173.82286122867
1360.15915182496,9086.9967425973
1516.13974893998,9245.4430478729
1185.12902338701,3433.12710066668
1768.02392831385,3609.0309755931
7664.76379198164,5994.21068030628
8361.7797218575,7696.91320673269
1473.46482347597,8926.14292552374
1667.3240025162,3499.06311085443
7560.6218657643,9010.14347105166
3555.53049072805,3517.09436383202
7030.38783088923,6204.55482518254
1072.04137635397,3426.18099598101
7932.11286569195,7172.98644366403
1309.28750736609,3698.61684646508
1682.3920653492,9350.98928145018
2433.77467501817,8081.77137742624
1378.36730560749,3760.54739174768
8183.15924664906,6925.53234682685
916.387442137321,9022.53984262133
7199.88783755662,7986.08650617923
8473.9026303735,6248.82156645207
7765.32643256159,7960.11605271245
7959.15977452875,7971.33413284444
952.615849245867,8883.5181467067
1287.82704187396,9101.0951895111
7978.91476325497,7030.66763624829
927.890272720263,3592.10114202364
7979.74563622669,7083.50953235039
996.386674896479,3601.83712754911
7407.75392440476,8002.23794439827
1223.70623136211,3621.16191964018
1925.92770898701,3794.47850793744
6486.60428883321,7864.82176742084
8285.85480436084,7595.34797288291
546.885418750612,3076.20367704277
7020.37956233605,7711.59726989903
1363.47794938741,9340.26508805149
1978.04743147671,9164.0279380422
2495.02536503778,3763.08815404573
5029.81133450751,3729.39463176298
1136.0998390868,8986.69456142088
7615.76011902456,7561.57993911271
6498.57524485026,7936.13094922774
7940.24232814133,8084.26399621506
1606.52357156041,3630.52486163444
7049.87783180512,8093.74033355946
1366.50482785047,3661.51574414255
8942.18283858229,8190.88320732649
1215.74021199676,2667.64581927699
943.467261918365,3266.15217045134
7562.76143075885,7986.88008271355
6530.25829774292,7254.03159104826
1638.6440886183,4103.80053163379
1751.02677421825,8764.61811127115
7242.49023125735,7321.08630904105
1449.83209400217,4434.9577100416
5058.72686195441,4048.55197177698
822.676867082157,3357.98147312519
1397.04652054917,3801.89372455184
7144.59976717456,7916.15205323174
1304.54175170489,9259.30876488241
2078.76092194974,9058.18609936053
1027.23598376471,8897.12744087897
7389.50614853766,7001.34736059122
1871.94140562323,3841.46809930689
2441.84350814407,8230.95885580736
1493.97738402749,8731.84229352058
7444.71810882889,7806.60104876927
7779.25384736781,7795.02595624555
8384.14276131332,8410.20048724875
2179.37226129773,4512.99035302184
1079.39431549079,3334.11970739918
1743.93364084046,3929.03963404041
1584.97860813053,9376.36363366678
6256.36056504168,7654.3916069633
7118.56248276611,6990.45895963036
8011.40643600847,7946.0978378127
7597.09491070396,7800.33509112624
7697.15676145822,8187.22830503137
961.466061429626,3268.11588360725
7927.99950418193,8606.25819724935
7767.51095744149,7166.40418930671
6836.44413710854,7878.76229910378
1733.71079120293,8949.8597316396
1374.78161006241,4103.48793618086
3009.5844727472,8592.07893454434
7131.02317462681,8334.15137926728
1860.67479116697,9139.00490225848
8432.8746333721,7875.19275307191
1170.2030131466,3520.64260209905
1848.06505922135,3742.95980705537
1555.26764544899,9121.17361091276
8193.79824225239,7744.10644565672
1415.63982327743,4726.04938011452
1263.29314787339,3741.11353032322
1086.89965893704,3319.4319603271
7310.46056933734,6897.79753052601
7161.45559062811,7354.42332613548
1307.21613477819,3345.64166222531
1336.33663351776,3662.39816254948
7576.7704279234,8511.20419477537
7466.24974897225,7591.66323062584
1196.37720281832,7960.15940430445
1328.36045069288,8884.24624063597
6052.21249590051,6171.64139019782
7265.33189180147,7223.50422658495
8845.59850477501,7984.72540556661
7219.96369015466,6806.92828399189
1569.66935215857,9085.91911023598
7637.82009927189,7654.05725484542
1247.03894829257,9265.72360991048
7135.48292516514,7765.88007046103
7611.29429175058,7544.35038137839
8596.1018164862,7638.28792102354
1554.36876239004,8926.82879974638
7618.70662509096,8173.29424834576
1288.08080832937,8919.10464811527
7099.83632318062,8425.94488513075
1335.82315264029,9159.3514462011
5960.34308511232,6547.35391299773
1809.09285692111,9077.21128476249
1165.46830898983,3604.84406829736
1048.46110176069,3322.70817180072
1337.74920020647,3935.20625247865
2069.69874747245,9229.02180981691
7971.79876375136,7559.73163971416
1244.46754247472,3359.44102309356
6562.97577842145,6789.96562793788
7151.22798618156,7779.37461001889
7535.02084610952,7459.53664096833
8043.68571798234,8245.93491801211
1098.01211553829,3607.74892968024
859.234768228138,3286.34588709397
1414.66874209633,9200.06904120766
1568.70840957407,8977.38084645078
1531.70705116434,8637.82858812909
1503.33676516333,8181.05949401926
3553.58654124261,8509.71206767229
829.003933690802,3251.90766812394
1518.06356700115,3617.88157227349
1678.27717012318,9111.55215361682
1432.66101518189,8254.06237810421
1486.49063612065,9345.8730093403
6700.04568609028,7199.84254896722
1741.55315657473,5173.60424884056
7719.46550869278,5730.03420383803
1444.30484471492,9085.43647397845
7020.88972901199,6703.52170022855
7438.06467060819,7613.40624309297
7981.28723362413,8032.65544031055
1938.81892485642,9056.44170682396
932.001500449984,3277.36648651861
1691.0811727281,8937.04485040474
1519.52246255514,8887.56489285929
948.024341157421,8931.78795408752
6979.6255640712,7875.57026168967
7364.52294948085,7695.78455807048
7351.86607138281,8412.48006530378
1291.30204760691,8446.03196058716
8241.98315976982,9226.5258887873
1790.17674697249,4317.48098933596
2101.10768854254,8863.25940119275
1283.95423640837,3714.40128620528
1302.68151087218,3442.47893361079
2256.51227431913,9130.96538181332
1353.26611134233,3348.32607198792
1295.44642670094,3706.10288948334
7392.6034014022,6726.36960559396
1224.24491882871,3938.38955093337
8342.53187019422,7574.66627170952
926.527484047711,8781.85774778259
1086.95117181438,9119.35516100585
1404.18658434127,3855.15319033538
7339.08324342224,7891.97060974984
1636.28508394091,9318.94553715647
877.775536431057,3535.64866897533
7760.70365897685,6833.43137851237
7528.38455815204,6878.41402795567
1767.97415826636,8872.33843815538
1946.97120206944,5934.78822184714
7708.55516436142,8329.33828184054
1529.03249040566,8041.3765473077
1489.72127926639,9030.14357412621
8668.3021305607,7309.84655975823
1358.89613706983,3563.03478089345
2647.02785568159,9056.27085221789
1705.79750683321,3841.95020986237
7905.62007937637,7186.8349716908
1684.61010371053,8750.43474742592
939.818776151791,3559.44984273424
8867.25744236705,6857.61734070171
1668.47313230883,9027.49615771942
1384.16516500967,3281.61926819803
1355.79835291575,3801.12011264808
6391.35606534585,7012.46565818293
1480.80035737332,3958.57907786182
6944.61152617622,6374.13389679508
7956.34439468785,5499.86445070168
1976.66816443646,8627.30818570129
8611.47382883531,8157.52759383043
8616.97014538555,6634.99319537495
7995.51110138145,5686.17080497155
1951.77262439446,9110.47429133544
1084.35801217793,4222.4195092
9376.55556518239,8113.78985940654
8376.43381045728,7003.97757643392
1613.52700761163,8963.4147751396
1415.00719678206,3895.71420697324
1186.44234584919,8483.56742286196
2148.68945765911,9254.39194477223
7735.41151134301,8337.3925560119
1487.80160956598,3809.36962646971
1164.86297920376,4006.43040633878
8354.51190987068,7219.26274006583
1221.85751576258,3788.85830332009
1921.50705421015,3638.82355343198
1910.07222276746,3722.7645858114
1570.09010206007,8794.80641743578
1526.81309849989,8849.28157691348
1490.96292699287,3734.09299499856
1642.03656265969,7815.75493537727
3117.70412555848,8434.50435221368
7189.20673827786,7431.47168031908
783.951260386287,8880.37588875969
6123.21658922789,7727.75771504953
7490.92428397403,8073.44882404364
7434.36987345024,8030.40700392359
8614.46342433407,7482.94862609949
6987.48447732922,8483.86250857378
7779.44399883671,7551.10426212318
8681.09732461355,5188.81985211948
7756.10523234641,7385.25459065542
1825.12715924079,9374.26776335539
1144.39720003129,3622.16253282613
1983.7689937829,8910.9486982347
792.201108280441,3358.6389125253
950.002549765719,3256.15692534278
1732.01386405366,3724.58560922633
1401.32322860372,3653.71786743063
1424.82489747852,3496.29380209673
1534.37459966876,4054.08579034986
3843.11393996715,9197.73354854778
2532.78382228514,8928.63178712497
7093.8062578514,7984.94950405769
7702.22632697622,7065.86818865856
7456.24940386331,7600.58504067897
7291.54840966048,7447.13478696593
7685.86140868823,7424.83870994162
1865.99034103594,8646.56520689844
1703.24420959753,9020.44350121553
1173.79789355526,9376.35292354157
998.707937562075,3364.84683928947
2098.71067785179,8829.10297684673
6917.68747262994,7621.7423789146
973.375596669895,3661.25134406442
1324.56961084145,8713.22166583106
7222.05228996364,8137.81688918896
1360.75042396497,4208.96673815627
2714.4575582867,8947.96175492163
9218.79506688569,7655.24861289897
7096.76160204932,6711.07972502094
1114.17282742408,3570.55004325233
2521.09693136891,8139.15793026857
8293.57773289207,7083.15495076655
1215.01135022108,5665.47150109073
7447.53060575079,7350.88568706388
7573.66051072307,7706.92041356199
1493.74883298725,3544.01912643566
7534.22628958081,8070.37342623647
7827.12799031153,8389.25525083976
6710.8788364191,7559.89383744283
891.08174141847,8829.8192926001
1279.70117705182,3255.16141783165
1047.4712825848,8927.37998488321
1341.80314260847,3513.90351106056
1280.46980384207,9391.58627296798
1312.20777276486,9071.80879695416
1650.89149941687,8632.8560949363
6923.54881238627,7928.06785853709
1801.35954595134,3471.12924595481
1504.66448271638,7975.47312915366
7799.57526513566,8117.98471336166
7791.89273828183,8230.2265192108
2167.45217931205,3694.36901550396
1824.48477745316,9075.47068184117
1219.37914661006,4476.12626542704
8062.83303355018,7603.97518700627
2388.7737625296,9537.20650740643
7004.5413047773,7579.10488237104
1170.49439060385,9183.15719317091
1175.892991165,3115.81688264929
8304.00245022577,7936.2807428765
7382.62010113682,6850.24167581844
8397.34851378085,5330.12079463441
3735.61791957898,9041.85088258049
7659.98441505598,5729.97925796748
7001.42145349473,6913.87267336373
7059.06286625981,7792.18506398185
894.795788551323,3368.42687460778
1056.33820072998,3535.10062015702
1011.99550023462,3389.53165318475
1992.59255681078,3237.83575451446
932.402526162229,9204.84196721892
8488.53424529125,7591.02586920393
7547.53901278786,6443.84386174882
948.834217788118,9062.66640942383
1415.11216805135,5131.67995343957
7644.21907594613,7454.58371191975
7836.72919445225,8165.5636868629
7328.08350556553,7635.99434122857
1513.39728879117,3587.24337701267
1257.68884063393,9176.17782273552
8248.53412692579,8360.91088111664
1700.34416820579,3904.71863751735
1488.42872367201,4157.54679628705
1202.09249962292,3301.71123781984
1374.10771088136,8957.12826375552
4018.27666079162,3788.4656134229
1386.554456341,3789.53787444409
7609.50849956291,7136.73901710729
2272.56567687587,9130.48448343403
8823.95069292062,8040.37089434575
7870.07286310382,5363.02383484766
3767.3751865625,3387.64079363468
2047.82905006586,7742.8218518575
7581.01985863134,7782.81172635642
1899.09182174861,8495.73008545495
1825.7373653383,8026.83686303316
8434.93425679539,6669.59956268391
6953.76324638477,7379.8047275186
1600.1802132086,3537.28439521416
1728.8403631134,7833.09088508135
3107.92783998546,4795.60953985991
7969.28449575062,8113.12401556351
1595.49838372111,3677.11336760864
1658.23340797437,9012.58308968203
1572.0700807211,9237.75268647264
7314.25040725402,7701.96142835481
5991.86987435874,7066.99203123417
1056.14808087261,3463.28280410639
1640.93433015505,3357.1079577936
1173.25046306318,9277.43857464276
2684.33261040422,9772.30853046387
1311.79387036125,7947.43207225012
2146.813881717,3422.01326387122
1079.83819967022,3455.960092891
2031.8506895071,8262.0866002145
1828.84761545787,8874.12757012148
5140.56539842291,6773.16728647773
1321.23366871972,4170.23699480782
1331.00429557308,9218.80060262685
2325.970512136,3906.00369468447
7615.70756317683,6936.56997354244
6177.34290943559,7767.73374299591
8711.84137234048,7367.55481540533
7630.08408630621,7355.29587298357
1987.94412247436,8644.01316544366
1215.28942380485,3517.4134244212
1211.33085024694,3569.82773033904
2715.63663068408,6828.3563392598
7371.83464731247,7908.56200571965
1384.99865086909,3472.94103659801
7329.6014559635,7643.84739074712
1096.72890537164,8674.57154550247
2814.62174828539,3837.8326385647
1285.61475291177,3680.60295188333
6659.63605067192,6441.87469021424
1186.94898274665,3406.99445018645
1512.4786550368,3381.86691170319
1139.53728020617,8709.81346083274
1294.41159709875,3546.11949119618
6665.76941913736,8138.92312812662
1434.2501931754,9260.2494525501
1370.9636737875,3765.92419674466
6263.29437385925,6965.68864091277
1391.24693997041,8054.98973515514
1206.91840872556,9306.39915300948
1154.09770276001,8855.07814428397
928.961980798592,3225.19911508914
1629.148753675,9061.75977185849
894.130655499175,3850.81743573291
7611.21101084579,8251.50488186572
1372.85776473063,9343.16395727098
1281.75617872437,3818.47670677632
1635.95170222706,9043.5370445046
2541.99965933124,8808.13323698868
3202.11875056101,7545.92682964648
1397.37509309774,3688.37170436438
8131.14112040774,7368.33651344621
1731.59322153055,9005.7723623146
7434.99468270148,7399.04627842267
1316.36478204189,3500.39551124012
1136.06992406844,8478.09677611682
7457.70017961722,6615.45414138101
7723.87712180019,7947.70406596557
648.878377238963,2158.30206292998
1599.91054812139,8750.09625223727
858.296649062697,3042.50527181365
1572.26434477147,3669.99986959912
6617.11770034456,7247.47947275745
6677.60777213578,7832.06999332271
1613.73281576483,3743.8695027735
842.446559883348,3128.06623673562
1032.62185018889,3689.03989317785
1119.05074177633,3522.79636206185
1744.94017140802,4020.6418136704
1265.58316533762,9298.27107685221
1257.02364009201,3698.3446914372
8923.99057525998,8000.58315418928
1707.30690152411,3795.56825817686
910.158106910073,3358.03092644893
7747.52757896532,7164.68330980707
6828.95348595799,8071.11218427234
7969.20047269709,7271.41026781842
1317.86398995195,3690.68506664278
1584.53610044423,8148.14715359309
1442.292290541,3481.19200081638
2126.94397041332,3998.13584929703
1105.43386365773,3460.55825243572
889.371298247857,3457.60152419372
1969.6198810125,9022.96673214508
1317.44940792248,3386.22955977767
1433.27266831778,3410.70833289057
1222.04821350305,9146.48911894176
7175.46134962452,7717.54108411439
8342.90016909599,8172.76472503002
1661.31444853635,3773.01223038249
1798.238777537,9274.30029353298
959.564009501297,3355.59745417753
5675.77596921843,9189.02985383057
1140.04506523308,3104.61109495615
1961.08897982693,9062.3168845545
1546.19219697982,9052.68513823161
7321.82494745559,7536.84734892961
7350.37306462575,7921.33586053617
2183.46594318458,8662.44725219422
6739.27439758992,7923.85383653338
7500.5591642802,8146.19578592673
893.765080707856,8593.67916842167
1926.28683652864,8883.37743689614
7727.26435029641,7864.14931891713
3608.57912580037,4029.49949109317
1494.36361350839,3794.18811164281
2110.11128309221,3771.63020359474
8139.20645407107,8150.9110719384
7633.76092165137,7278.23978619117
2488.35703341698,8516.0334452901
1194.79801957523,9284.63046523935
8322.60887108293,8317.67774929161
1284.60234760307,9041.84008809173
1325.71999684889,9204.80806322493
1144.4234613835,8690.09408467244
1143.73840729554,8901.00121214306
1790.1149737897,9031.95281356999
2139.03835708568,9176.43690980956
1628.84290212827,9098.39620814885
1738.13753772513,9015.48298374331
1064.04201844219,8786.39119944154
1173.15043035689,9169.03010799791
1233.24275398375,8978.62644672246
677.879366904547,8455.7578581287
7485.02156797066,7781.09410118579
1642.18871583442,9120.14451736121
1037.02438264711,3425.82103346165
1376.18785651528,3681.91919193894
1522.916430326,3686.65016778089
1182.19881072872,4183.33999987953
7455.90206325216,7856.86043852854
7613.57684486543,7361.12274907108
7308.11981312816,7671.0781678911
1351.10050261559,3680.82456352815
1501.66783828578,3647.44444626696
2562.40075725487,4231.11558285617
7292.96167549078,7861.50442268945
7673.22502731484,6708.53145927655
1998.94520297131,8072.14810346161
9156.19369629439,7867.01078535111
7625.78277436178,7975.3473515402
1509.19506884721,8871.74776897083
2637.57977167826,4394.47953547871
1224.654980067,3459.91055872956
1333.36606191545,3705.44415983419
8368.28268418686,7614.59123283373
7737.87108351678,8011.22784445136
7199.81609470699,7704.68246481774
1673.11639209435,8541.08025270477
7820.79578738849,7391.06169155172
2567.3593946394,4139.01617910399
916.851604842851,3939.3798429022
1705.7620313846,3869.16364103382
7958.73797113603,7589.17606009806
973.788480136346,3408.92554881932
2160.64003020352,8748.46952027032
1515.84197793631,8940.88164648103
1316.84814696146,9217.70866402588
7858.24973814766,8633.94065726483
1608.08396798028,8269.42548149392
1572.64970801773,3877.55133963453
7276.12347928369,7531.4763820401
1223.36430916009,3602.09150853861
1797.43461237286,8050.07746340561
851.309636865573,3338.08583538656
1988.75141828939,8910.17665669929
1304.17006078437,3414.7824315573
1469.1215927281,3535.12072733952
1640.9140144232,9204.9009174783
1175.65022554361,8116.91441982971
7871.68264639051,5909.30416234794
1500.85595446304,8921.23379492048
1777.85532298842,3655.0807963462
7507.14708936593,7646.27806492039
8065.12585329962,7613.55090641942
7125.87653925817,7277.70078379667
7057.22817864831,7242.37320731986
1362.04770084052,9052.69023011646
1027.70052316934,3665.69360472367
1601.63132506451,9087.25876494299
6856.79848881076,7398.01397688727
1477.11071749194,3492.82454052111
6866.63875272465,5836.34008590836
1018.18128211496,8210.98835938667
9171.84190806084,7385.13190684259
1446.93410183304,3242.31438947199
1531.57672213154,8941.60687576941
738.185702998221,2975.0802106839
1165.63536021031,7869.19195738336
8918.33769296882,7962.12364729974
1009.13154895021,3508.48884816783
1777.02816826829,4035.41824560695
7333.2573829252,7150.24126547646
1282.10542742311,8445.30413281322
2584.50522985967,6572.44584250601
1494.07730994592,4274.81489237943
1165.44597536171,9032.80516991158
7953.33711720449,7395.26717268888
6779.93998141555,7946.98360080138
5272.67584084866,8014.87896805532
5004.08904867539,8862.70589083773
4110.45927025046,8637.62139711607
1288.75266844264,8967.55807737145
1298.29686324018,8922.05420833976
6853.60089305045,7317.64278119897
1337.54624566724,9255.96161688056
6928.41038952812,7784.59551727391
1317.30616981547,3395.25015189583
7619.52020586218,6869.46604250007
2349.07263658828,7768.05795949562
1119.77318698837,9002.73180945071
2073.39174495796,9408.15576616825
8095.9082588009,5589.41928530864
1542.19038472052,3731.50396549598
2020.0075743124,9094.31803576754
1333.02458427946,8992.61044643115
8541.71633580585,6939.66356996373
7563.37149940982,8462.47913591436
1191.75466443358,3185.13597147425
1025.80886555367,3240.49953997079
7250.62574405373,7271.50137406738
1540.3704219196,3882.32321471193
1150.21427237458,9061.76327280548
1255.00439032739,9186.32749494331
492.973578002172,9010.09866341532
7765.12273879121,8376.72235775526
7192.53777527531,7930.3322379096
959.300733579145,8741.59404320799
914.690425112799,8992.09445679267
1453.05465012823,8792.30185519597
8070.32555335529,7247.61182023507
1160.98015034841,3585.47230949157
1643.71897790001,8264.34440611692
1578.75995518196,3832.52907328758
2497.64758132354,8722.45599440645
1808.04060656357,8700.11370463621
7543.28640401145,7822.95569927557
1211.26391706755,3546.56380676437
6766.566457226,8889.66780489122
1311.07565945288,3601.71595637878
1894.43701938808,7095.29301046956
2572.82943828393,8957.98148045439
7591.53953431318,8232.23011978884
6900.11560886684,7483.43745517109
1472.27561710059,8536.9694635831
1422.57086519095,3807.2377443973
7228.63980560439,7754.19718769244
1956.12510508973,9320.17709237552
7000.07631462633,7592.93338457193
6938.85672773601,7027.70507005513
7827.28125956315,8030.32215064062
6886.14521524599,8294.38651696232
1428.28936332763,9019.624547573
7323.63262869122,7073.42596275462
956.087735554601,8386.17821078146
1116.09443667358,8692.52609861744
6622.91576785024,7931.0577384595
1123.84881084035,3445.34896572783
1689.29745350372,7812.79706855519
7748.90512966141,7982.41345119657
1714.56294604662,3723.50916047297
1604.79069248482,9085.33076913382
1227.5555944158,3765.05794157133
7527.3623802464,7170.7631724485
1653.23813025496,8861.8853810257
1594.62507355031,8927.93872650736
776.92722520833,3307.95658133536
2565.12433653653,8135.40323301991
7527.22773647783,8066.73894780949
8574.7029884402,7743.62950138317
1426.56219350697,3712.13442749475
6055.33211772669,6892.64394865475
8611.12713553566,7910.12862961457
959.139826173262,3266.33697565659
7257.09178010225,7353.84491857024
7775.181987283,7519.68937970329
2022.60657029035,8659.17993743027
1807.83657364622,8025.98644369849
1538.46664742858,3701.58808995815
512.81572842842,9048.50362397255
1433.69871183934,4100.02022516089
7600.36021012027,7451.54852611098
1304.86821972938,3433.43108298438
7521.41471927536,8411.13342161819
1472.76915189684,9166.58631415834
857.568665023113,3196.57068019889
1683.45808139321,3743.75719553925
6816.4966091593,7462.1401839438
1701.65259931237,3759.13347182052
1299.63817577295,3726.5993163454
7068.46003110893,7122.02837221401
1140.07791028587,3758.14131808994
7899.15590043035,8245.92774634312
8252.74559909448,6821.71147595459
7699.08034718222,5503.07448468257
1902.41185364317,9058.5668320163
1356.95543617314,3471.45378225969
1897.34874322203,8133.83400377541
7785.48361737923,7261.59224530531
735.790224658453,8754.76391552592
8529.60382008022,7491.00444692945
2487.76882701462,8464.38118760759
1251.20647255919,3409.02031225028
2606.52529602015,1993.20257258166
7719.91980986076,4921.96522454626
2725.10505220785,7722.7893148958
1638.4387226053,9145.62204997104
1542.90091939825,8662.81433298044
1276.98555776626,9119.334803741
6875.40297286032,7683.70958369219
7270.63810900116,7727.57482466268
1580.19174364603,8865.17119486751
7780.18895255817,7585.53708796298
2164.86200855632,8089.67572545337
7759.75370018982,8111.60510878246
1186.92887301241,3324.53470775278
7529.21470765873,7898.82901766778
894.314819853808,3423.33448629722
1551.50688720485,3501.34081296913
8011.46931640268,6946.98448532709
7494.55032228914,7837.79730391376
7240.62025279742,7403.93228199251
7568.28042235464,7307.39505405876
4774.29050854972,9010.05999719874
4789.19811558665,6507.90591743092
1134.40716275627,8807.84373879857
8400.73787299053,6874.98672331625
1533.37207017961,3801.37621820058
3350.78745431264,4223.0094578683
1402.05844681952,9058.28982609162
958.539599753076,8862.83277098295
7001.10741617519,7707.47816244069
1039.37781248119,3999.42482610971
7485.77425157972,7578.41950290583
7584.74126190435,7774.78536330121
1396.42320903723,3696.86123828451
7454.58968502697,7679.71871654974
1605.2361656808,8965.65728419169
7337.82308492801,7757.49726151503
7334.22256751681,7192.96147792304
1785.55634419096,8988.20798008731
1768.86568376448,9223.18186726478
849.060377827989,8970.83160604326
7677.00170937456,9220.27849330052
1530.94100515767,3514.84157133983
1188.92528331606,8919.72184850848
7032.16337947524,7859.23644324692
6730.42432553087,6716.13438417768
1515.79421441953,3687.61179518134
6724.15813458507,7680.85355102808
1158.58827696471,8524.99286854307
1610.88232920663,8452.14667998611
7833.71872170949,7953.48010607397
893.3563466381,8974.4957693005
1814.84640416039,9106.65678181938
7558.10725729842,5424.80898807652
8576.86648440415,7638.01412849974
3859.63533293434,4133.19518180598
1427.9879503931,3622.79470385032
1481.553116833,9223.00120151085
1065.91867258766,3611.8873022717
1758.25672234072,5728.87133667862
2828.17560868739,8058.0869381285
7680.19912016325,7381.60015688282
8577.77976992544,7786.89941045749
7995.23737179699,7566.98387844617
7401.65016719639,8003.82494128306
935.833370861151,8743.14732131757
1377.75573414409,3424.53883481716
1398.14787722243,8722.23559721708
1521.94728239111,9099.23614096712
1000.54254615815,3152.36669110003
8550.54766190246,7624.19771806474
922.910017644544,3472.87359691519
7061.15155223048,7482.32751191777
2844.96512272433,8863.46257778208
1058.46945556128,3232.08534497844
7540.00575846783,7594.87495508088
1290.87636428181,3543.34709205915
1717.93976892375,3720.33693039366
952.549113780878,8924.97447661964
5925.75809349078,7263.54483662875
7960.03770522846,7274.32864073689
7263.10824705135,7767.31478598649
7724.96366727785,7989.01934404277
1461.53246482391,5012.49234054894
1444.61543066699,3489.06040373429
7403.86857299282,7535.61151662829
1900.59162996358,3910.52270119875
6896.49686901117,7130.66176358486
8440.96610173161,7951.05517922044
7389.35996112639,7421.17938142547
1718.46962592782,9163.62012638402
1726.69364666371,8983.34006491373
1275.16165300641,3382.93865725365
7977.07301282886,7313.09955255722
6293.41608838089,8298.8221521764
7270.23222300312,6889.08474091393
1527.4870043933,9246.2581986401
7509.92750672669,7475.72519472993
8558.93920309824,5959.85206040315
7517.81650275506,7830.2356393039
748.400808380488,3446.59636695319
1081.93076538879,8800.81809409786
8645.84132580538,7580.60734788559
1878.97946038186,8856.78422171651
7404.82925412301,6857.40681107198
908.838040732715,8691.27050727654
7705.94492438226,8071.28545422659
7621.9355758435,8278.35093059317
8048.56378248935,7891.63682752004
7410.02715272852,6264.94906519231
4469.83822178263,7888.94361154126
7185.90653005966,8201.32787538381
1673.86458850058,9103.60929401721
1278.27315381043,7635.57111797063
1583.85808930441,9182.54931852861
1481.85545213692,3887.29624474401
1343.29621340727,9165.47405915694
1395.47934936489,4004.72875107868
7820.09422297063,7786.26046944515
768.489696791774,3170.24912086457
2039.46208238096,3800.12670067823
8160.80849465353,7437.06458258947
7879.67459316891,8002.80706023111
1652.72580959095,9124.53285597181
6797.19999332071,6939.16070539213
8004.4574294109,7515.51328601915
1784.34144315249,8828.04166324364
1352.7398187431,3715.89090819597
7855.64454955964,7027.61644073133
1133.18458375014,8923.50744251342
7162.841824004,7682.97720625626
7597.35279246928,7537.67716473105
8425.43943389546,6907.84891277327
1101.50576718007,8472.067671938
1210.36991067837,3725.86373422964
7010.17214879634,5578.4860627136
3800.84374529914,9082.76786803318
1302.93842378469,3648.60224578321
1386.38683118818,4705.49868866715
9248.61989307693,7718.32821943315
7748.8443932731,7420.44778715074
6589.72854601739,6868.84790114073
6829.53620428459,8053.06314852446
7434.53364712265,7381.27033219353
8558.29055865634,7629.46461491757
1145.75904499562,8136.82754386314
1263.46844064461,7670.5299315551
1495.88351222501,9340.55106057531
1191.55257880567,3665.02020094911
1214.58320015029,7404.57938663499
2078.79607037536,8443.11842118639
7161.27567683311,8136.21121158504
1573.16538255289,9232.81925811221
6992.18239434122,7080.73448137424
7699.70829392084,8191.73819179364
841.955094514983,3280.59293606993
5806.51124326767,7789.46129505278
2913.92879218458,8426.77726719596
1169.32822027497,8244.39257739322
7025.46285126065,7241.22214855306
1010.26066521375,8458.1479672258
1585.55317841566,8602.77604647359
6581.86746798915,7548.5917640644
6641.57728820932,6979.2313826824
914.906520045227,9053.06107155942
2260.11653397865,8768.86654383504
7388.05493957823,7974.55250000791
7443.83159261903,7546.77954425193
1527.37677002191,3598.4816913594
1974.62841924711,6240.10255622705
1008.28120531218,8426.4955322955
1416.84504582146,4505.93147483065
2346.57227647639,9529.82930879884
7495.28516805011,8587.93596711664
1331.24940825944,3474.46442383924
6773.7101749293,7500.71723467117
951.866357116813,2933.63150250372
8525.92266968433,7335.64482374217
7979.11451684647,8085.35359733792
1894.34603152897,8630.78815580555
7347.7895664831,7747.07759323226
2526.72132562343,4389.64994525489
8049.52177081212,8030.76271529678
7958.61967109535,8119.85259964513
2175.62064099876,7991.58877106511
3455.40291574243,9128.67794930261
1793.97055818624,8909.00994379626
1517.34595166403,4196.64024466745
1592.13826094061,3956.49037992076
8356.5610795725,5943.09314873186
7797.08718828722,7882.82578753131
7697.6184007241,7304.72987112128
8279.30610636149,7494.38065264476
8141.64202877467,7728.52328205156
996.702012852308,3934.79323409552
7018.64522009149,8179.21843358483
1303.8714779338,8741.93337989053
2103.7117373331,8631.73597778408
1500.35764893361,3606.9751207981
1884.1427584508,8834.40724179606
7259.25896352415,8643.71236442822
1538.51236870753,9104.57502875602
6779.73477495654,7703.7007480075
569.150417095881,3217.46711818592
908.074686729026,8256.35003719914
1489.04579454408,3560.97040975054
7141.48228211042,7702.5661808258
1690.19001192442,8868.21807642513
1298.81253397458,8954.17303760196
969.546930549233,9147.73620867073
1250.20185646658,3642.50588054749
6739.19043175907,7479.2166039282
833.343964027438,3245.56368989972
4586.67760363906,8728.66095128925
1647.72037125782,3668.29300049132
6729.11390844869,7537.20119549099
1787.26382360331,9896.03443241918
1106.017006352,8981.10723083459
7406.78575797885,6929.09939279173
8330.53554989725,7831.27422511607
7969.09044439651,8250.49716094199
7449.04502679421,6956.15680898071
1154.1391679486,8259.40633280259
2536.95106047559,8013.91083487415
1601.52705831424,8737.40539691099
2486.64959326128,3836.57823383269
1346.45342197628,3234.65703796573
6590.92975959569,6602.21841513064
7565.52863395688,7696.99936456392
1756.56316966605,6559.67504529065
1450.94463787423,8918.31639644383
6093.9484817968,8089.35403317578
906.859677431314,3434.98193005306
8774.24832676451,7736.2027679739
1931.36693565782,9100.34075032573
1873.83888962102,8988.21746683188
7906.30715579446,7938.8343373244
7098.20059742796,8142.46916665482
1360.88697630489,9017.78352739745
1612.61160990961,9222.6099698059
1347.49178600416,3942.95949590557
2143.42067428063,4581.69656127379
1618.69058647578,9096.62272345173
8778.19227677766,7724.84643080722
7304.78990076863,7880.75523658028
1319.45557127965,9068.87537543997
1623.83091559787,4099.65117354017
1944.92580507441,8994.34063292323
7651.05764460487,7220.74656978616
1224.40158669638,3350.1718737013
2178.82088055374,9438.56378051591
1771.92799331558,3957.46175244014
7257.04164785198,8102.3525908266
3206.18272888457,8208.72380639578
1643.2595208051,3607.48076717103
1718.58708941704,8573.85617033373
1354.27823159493,3618.86459201109
7437.73470269031,8206.50416787375
1029.64936699495,3368.9914096046
7342.23697955519,6914.52704003611
1983.94389641207,3991.13363995323
908.91565990229,3113.40131462384
1771.17575207864,4099.73599331143
1695.16923580664,9229.97383593594
1540.5109808828,6530.56991557443
8162.31447537096,6532.49559336676
1753.15290525121,3714.21391859557
1982.96667911943,3438.14112169313
7011.81077783358,6276.93394478734
1069.48452071521,8153.04278648896
2039.18249474949,8976.39318193798
1459.1297697357,9092.78370395656
997.97580428404,4362.29345880785
6938.36363173919,7432.06845739202
1271.42158046818,8908.70357155469
8815.75784558836,7878.20382179388
1265.60928576382,9299.79428827513
1274.57893349741,8883.13306691377
7599.86357645201,5596.75100977017
1253.25011497957,3247.72106367418
7438.92022316796,7583.90430028478
6456.59161840584,7726.90053072018
6927.24424710816,6869.87617419739
7179.47849563977,8221.64340543688
7537.67439630236,7215.41220568894
8096.79547397148,8567.39375899839
2307.88050630462,8335.40095083991
1181.39886234497,9035.81578859697
6856.64150201005,7306.29882890475
1569.59720308479,9117.90389128665
1798.81729282522,8860.58788623129
1249.31816255231,7569.1043183134
7481.06981546552,8004.83013836216
8502.62822725617,8237.95539601408
7629.50878240735,7323.4451687914
1224.99086533876,9042.32579530467
7720.7360538364,7937.83085079675
1494.48527160031,9037.75344998389
1189.48191901448,9267.33098536555
1048.66017279028,3456.59732843968
1362.44357969586,9124.37991121006
1547.86556621285,3621.13369631
1834.15659209407,8826.52605461496
1621.09924343814,9508.01138114818
1781.52623040994,8726.67038615108
771.553389134817,3093.89716792778
965.215516681235,9028.73272313076
1602.83957137914,4083.20026709289
1397.39972540428,9035.37795777214
1532.1641257476,3704.69568647093
1832.70468020524,3856.3086215944
7183.84142059257,7696.29890863423
8539.96976905185,6428.50752277351
8385.12293694902,6467.45787014712
1481.60785677511,3621.46995701123
1354.71917160122,8749.47945165975
6530.75776152651,8553.64022060516
1694.98721926622,9219.21292500851
1569.11284249964,8749.00281291947
1536.82337737054,9330.34862307892
1245.59675767858,3219.02743454359
8343.41835373858,7683.4102808736
2031.90356156388,8981.42119746812
8395.29305212965,6639.81562992949
7688.87129675344,7278.40891161535
1809.43398751581,3811.74681422592
7592.73184633584,7733.63126590309
1063.85354289433,3313.48432851489
1814.90085204371,9090.3152095201
6841.7353946734,7903.70614935933
6342.32496127135,7509.42701896443
842.808506486544,3093.76776781026
2225.93054196058,8869.01876618115
7937.89617014484,8322.41631895043
1502.2772699566,3553.9447481595
7535.20432705435,8062.47763098973
2227.3522295151,6410.02484540801
7855.26412278351,7087.78442551285
7470.89255636084,7487.27399632881
7841.08815307645,7449.86014349139
3157.87142385712,4735.54983470524
1752.73615632828,9136.80582003113
1239.96273185853,8913.03434435445
1605.92264212938,3501.83440550345
7940.70085003658,7226.74728006133
7876.37577550701,7777.0026514152
7919.6696138534,7110.74170041247
6888.70471139382,7349.91366129102
8737.30860793593,7066.19198637732
6660.56200139036,6636.01876589934
1274.15367094063,3501.75575239015
8014.45251391243,7196.76604401369
7229.11559457896,8036.69949465547
4410.40124965591,4006.31046431186
7283.64112854412,7730.64922488777
6800.71492238256,8666.8876077227
1186.99722283356,8764.16016754151
1347.54062960181,3389.91123555486
6859.87070299014,8494.84989215714
7131.9504698785,7755.47512407946
6549.59870145083,7832.48837825088
7540.28474652053,7384.98687078167
645.681376687537,3613.48775087768
791.093627403385,3679.62827980319
7496.49300022486,7880.69906143736
1047.82726980966,3399.48056118665
1851.54995770049,9393.40171441094
1193.13732164604,3408.75110918804
6929.67967065045,8004.82297622617
2127.14588083633,8270.32554039884
2426.69889498431,8776.31003779851
7575.94334398152,7570.61544410648
7939.47903322624,6489.92960660312
2086.16539680551,7748.58814784406
1782.86736420687,8754.60447454032
2281.52547464229,9087.88635530587
910.807345336436,9080.54976442804
1209.39975685086,4393.68065747763
6157.20946990071,7594.36930628238
1515.45950641062,3435.63534531255
1231.55019431773,9076.48472946156
2206.62832672658,3662.91176268597
1056.22380591501,3026.01523968072
7577.55480056387,7332.01131233528
6124.24402822339,8111.90281223879
6681.37512855681,6496.78362524945
1664.21079580888,5867.16701225758
1406.6132445041,3467.45670319238
1818.75211106492,4529.14865291919
1722.26041709032,9207.64975970308
1303.05422170638,3529.31709918232
1253.41883258558,3194.44209726642
7309.14894631808,7862.74766799646
7833.01939145695,7345.23143424634
976.716392233688,9165.78948567694
6578.5563445882,6653.96507035766
7904.44288126868,7331.47016258695
1660.31072384757,9201.38411024518
1480.540350087,8852.19237157684
6964.26966504116,7589.82414251988
826.711771015548,3161.06308724698
8456.09497459838,6548.42296554671
7418.38346320909,8239.78201465483
1628.23846956352,9003.95445637369
7844.15580984208,7713.64870946236
1142.92596253343,8220.20674119133
7746.9316535588,7565.38360419747
7582.22958107856,7841.81793665167
1394.06629754482,9200.55342771284
1675.69245733771,4002.49365913923
1049.18685078837,8615.16568286673
7803.69995492342,7418.96150356254
6586.74716488729,7979.68547109837
1238.86675531228,3585.76805189119
985.031787753399,3171.04143081547
1468.07988328095,3720.28581524558
8444.57679997402,7490.12996843235
1363.45849515871,8988.33593740552
7780.28781214054,8097.87763392118
1394.48696986817,3677.48803668206
7055.51556881554,7016.87642419179
4048.04701420958,3985.9154293021
648.444776635025,9248.51768169193
7266.63742917353,6991.4660305449
7731.26617502826,7759.79474267877
663.714438748671,3451.96383154948
1683.73782607668,4469.1728829537
1274.87367225667,8605.66204811264
7251.41851921004,7866.28337873456
1880.03331525741,4163.60859906008
7430.31435972553,7306.34652635697
1039.22246264603,8837.25879740529
8016.78373451261,7783.96809145647
8130.83296968883,6800.13347902552
911.702948829632,3389.95304450503
732.746628300799,3024.45454216477
1528.43653282011,3860.46618599537
2510.44919765567,9164.75665745185
4782.50442767507,8851.88534826539
1896.3412780764,8809.9799675804
6869.14951308979,7252.10571881422
6057.44753185613,9057.02723158633
1036.75891898677,9534.69431754564
1217.11846968174,3750.77057002774
2015.33416064312,9145.2884811937
7537.39890170373,8113.21235544738
800.044587253489,9132.58020902176
1169.19343736297,8982.53090078703
6384.11343088706,8080.67900979606
8013.49726572754,7110.08413633019
6565.85352867971,7943.34368083824
7461.06127878454,7832.02399123419
7656.50915301712,7803.56495625638
1329.92238909769,9238.04777591179
7771.99654251673,7636.29494017766
1475.07884371891,9253.15537429181
2767.12288715244,3817.14994975409
5656.34639300853,8946.40919065576
1637.46859941753,8837.22120872302
8202.10762973869,7873.48737656675
6624.7534808431,8192.04007923822
1931.92547982722,3438.85983508642
7303.45966554296,8111.89741173233
1422.10945870912,3110.66832079511
1455.41476761507,8960.86356273048
1529.97332862152,9101.20500503663
7139.82442012757,8025.0463690716
1700.53558502446,8950.14042494609
7384.50009927129,6462.06844715673
1450.97999560781,9031.76921870786
1613.08445924812,3459.17963693762
2132.24881904934,3486.63515139084
775.057464815222,2939.04724828224
1426.23248708595,3569.44543947737
1850.64483141082,4157.41158001065
8159.57014170376,7983.77979456847
7873.70788321126,7524.77554048523
7647.30774833773,8238.30476069815
7135.49840357539,7431.80723810824
1228.42094727192,8557.0487358091
7016.03346172707,6959.65794107277
899.128455755858,3056.34333187176
7520.45128450389,7651.10697342714
7293.68421873488,6846.93815638512
1459.93209159444,3671.46995380697
6249.48448555114,7402.35682152725
5516.41755982113,9498.39850822186
1282.06493936779,8355.37326483135
1382.05358272052,3682.49054695672
771.185659332093,8637.96209533463
1338.13412768912,7642.86660186716
5387.89790101339,7692.71498903221
6048.06050452226,7453.02587555464
1985.21890700705,8631.27924611087
1240.33850615618,9059.73065668705
7479.00320095311,8470.22956062529
6856.53919484091,8512.04446485109
8078.61994318138,7177.62965692724
1641.36082574172,9209.62380762454
7048.53169439428,6451.27634126215
8059.25864641856,8021.20184086
8295.38578951844,7401.31287726962
2094.63108630516,8987.88978707661
6894.65486206845,6841.41538353215
989.9801542112,9198.07024041752
8958.82857022666,7416.73996638826
7360.96618624692,7996.56038809931
1504.58076463102,8561.95057035044
7294.2339717565,7223.41634455696
8598.29224059739,7752.06010279039
7653.73633056872,7398.07760938143
1492.15181976883,2728.32081772342
1691.27242962656,3521.92764486806
7081.30925057142,8968.04272135911
1243.64197887556,8806.57010601644
1248.40784152309,3908.17381768666
2106.17558292719,8913.56443268536
1079.59515391195,3433.4978282864
7574.49036149937,7823.82000167023
7041.1749029849,6722.11349771133
7719.46073979311,7818.56657781993
1368.44949650025,3614.00978330792
6734.33420856556,7743.05146455594
1764.99108861085,8754.68674369162
7691.75713800984,8022.37413584627
5791.23153331996,7699.18713812351
6632.99659709715,8586.03175387424
8060.12695146748,7395.07039595915
8114.90109035993,8237.80692541458
1261.361324804,7925.51068849172
7459.35823686128,7276.64458829681
1470.50982719659,3841.32396059679
1315.70003210246,3607.06615399887
3165.33841714554,8804.450938911
7670.33691018935,7625.59143112091
2147.55009190398,8824.58553872197
3770.68401338813,5951.29679177717
1969.81113407467,9349.59199210605
1091.61873077818,3291.49314005898
7169.13528223349,7771.29158407486
8074.85599482019,8183.92244555065
1797.36754534639,9153.77602268504
6955.06476414013,8102.63411307396
2171.46753703674,3745.53179064917
6850.03914212474,7093.72198315623
8571.92864718776,6642.62323108561
998.318835186613,8930.19988637079
2345.86334314381,6462.19021771713
1486.87291820273,9181.41600341052
7280.1708216915,8090.52492348487
8869.5629037856,7638.93713815299
1175.76563463847,3452.21319860594
7306.10464740402,8371.63888991427
7063.55704632965,7766.52707621226
7269.64454223494,7884.08392012159
6300.84636832592,7024.55214713242
3293.79051786412,3671.81685692445
1918.01126146247,8074.25888101817
1976.29002101297,8693.03003794127
1411.71722855411,3976.87600833201
7566.56588895205,5215.34701868243
2216.48957919578,4104.21330239298
7322.26339165596,6764.19471985644
1550.43179431546,9076.39334450307
7002.35536784915,6522.81951034138
1254.56754392973,9240.74004141704
6643.50381301385,8133.04195190527
6279.07743210519,7464.39430429753
6646.43531050673,7289.13572628369
7031.18194890949,7536.08443593099
1349.14383567738,8882.84307533133
7974.56001249571,5904.03548720783
2316.7049031355,9011.12764770236
1050.43553063389,8903.68719295244
1264.52135846087,8851.18770425468
7059.49136055399,7726.62078266779
7050.20933956718,7146.37222422265
7907.03968410025,7599.04728431075
8050.55537028392,7004.47944549134
1306.60101365358,3691.96214059376
1306.39487305727,7859.33584924914
1357.71141365933,3661.14085075939
1594.65483681666,9157.25843359031
6637.97552488747,7457.69258762455
7785.38090247492,8130.6417056254
1863.98154398524,8472.24507766075
709.94582778017,3535.03980649655
7879.95356543865,7225.47461367231
1423.43032295028,8904.34711384066
1475.40134079653,8865.66630326131
4950.82995767703,5576.64465154518
1181.61988112694,9192.44706197355
8778.31431106126,9273.94607757905
7429.09446072501,7430.81243765375
7305.87729757951,7964.83527979264
7540.67163711401,8032.49147357685
4042.90217665869,8839.98566160719
7970.41936845863,7407.01561916775
2292.67792202031,8014.851627404
1411.53877330571,3811.46221039409
1058.38337099326,3708.59001376634
8392.03267565932,7795.83555071515
823.479454656038,8728.19346256781
1703.42424092475,4029.5456913897
5933.21322556517,7562.68926717285
1351.13599301485,3401.81729841972
6774.76322321543,6115.32474898108
7241.22643783673,7142.30061709191
1013.16028620653,3337.61313199033
1082.13430785693,8050.5419385587
7773.2006205399,7363.71701861907
1090.96649097874,9004.48201532869
853.432845167157,3403.95684047141
1334.03916918178,3477.99492387485
8963.43956506561,7314.2406497539
1121.46130530448,7733.14467590197
756.292229871447,9057.85219691233
7430.21061547015,8566.47993899626
7378.45319571078,7318.15769823031
1542.0433344617,8650.07027827295
1573.50785682244,3876.15326635262
7883.91106284088,4195.89930166377
577.569961442628,2830.6165136509
8093.90814646467,5542.96479551232
1248.53359321642,3407.67853123185
7842.57622515404,4318.26982138525
1560.5834013273,8737.99451448192
1310.65650862719,4153.44280023037
1947.81945226891,9582.64753349792
2472.82615767232,7572.92317386889
1569.91019648902,3639.74106060864
8447.41457134034,8284.47454124373
7761.64636834639,7755.07187380616
1496.85939383855,7581.05975106843
8293.41791546295,6722.02206248253
2136.47297756368,8886.2291701126
7253.8256232984,7576.67594413604
2069.61367269578,5865.01471151694
7566.54001215429,7326.28797555503
1813.28772692613,4011.02374464481
1221.8025398686,3792.86771024739
1109.14413288661,3346.72762705594
8105.08303518568,7873.0606655272
6937.50083494328,8093.53583643146
1169.89249402655,9183.04530444021
1226.67041104931,7877.25168704136
1436.03623395848,9163.23510830161
7249.06471961231,7678.82465254655
1777.45271121333,8123.61384460472
1720.47208390633,8572.8715602745
1286.19242099944,9196.42938597354
1619.19425664554,9110.71012525689
1999.10640198761,9346.65464073161
1101.52825741234,9224.98948766998
2231.02282782391,8481.65239601888
1377.57881915057,3481.88344682235
1049.05921663587,9001.45952621443
6753.64756663845,7823.63383960442
1247.59306368894,3436.38590113719
1306.14857670991,8824.02005176806
6173.43691285133,7353.93231368315
2868.84852013388,8104.28357765618
1400.0806829018,9076.18025374182
8856.28845362019,7296.89516436919
2010.99597668061,3590.69446326896
7440.93761561375,7123.96835996543
1168.78297058227,7683.80919726847
8282.82498095574,7247.84765321085
1804.92896881453,9055.30849853682
8782.05876401643,7103.0572739267
1115.91867625957,3730.09445018414
1226.74586679693,3604.60226873295
1340.77637356007,9072.7316133105
6486.40881309669,7463.56242397006
8814.82763533563,6186.10750609869
1330.66735526119,3323.77102360208
1302.82600655006,8193.0223430906
7185.59955884317,7987.50794179375
6994.73477120609,7274.29489028039
7800.52181924536,6870.20407892503
1560.76970955889,8917.139491803
6609.18519991881,8020.75693729391
2296.3543251799,3941.96910784996
1616.00046010093,9270.86295884661
1397.81470440603,3804.43374276763
8701.32983457465,5797.90478005657
7059.76951068351,5240.03531571985
916.600060591649,3372.20216558822
1471.69922881571,9088.08765274919
1424.08580783111,3793.14707516339
4895.75601779656,3590.74995365814
1881.25484441039,8399.24467284108
2205.36380853778,4160.08237968315
7575.66782629081,8116.85536344999
8865.88709812132,7749.04392958222
6741.31607885726,7719.0742331648
6560.25487984041,8296.94567518424
8219.73223926822,6731.20624360998
8155.23948904801,7818.15579909722
7469.04716288537,8130.8742950741
1323.42251589901,3389.70678623683
1665.78049019001,9214.78122717825
1952.21486895162,8834.75013679745
7567.05683333911,7459.86760142291
2339.90450364623,6273.40228180705
1109.21347178438,9080.19326191658
1295.11897535908,3560.43717897903
8682.22731152818,7008.12038635342
7446.03087350167,8429.05763428256
3027.3608644296,8846.17042803855
5853.93968462306,7800.92668604389
896.01300819183,8698.02768858051
7413.22663630553,8270.70470063496
7207.31377400356,7013.72793061358
7180.21606724279,7577.31630222857
2100.01535939323,8790.1633515489
854.978263178398,8853.18277992273
2934.30531590484,8760.73621114509
1568.11196856412,8461.01400806194
5196.0055902317,6755.27832508468
8000.44775185791,7289.05234959195
8011.78948578575,7370.6428949124
1481.76128007593,3724.6218100071
7991.28770888358,6542.45366312605
1559.50775869861,9137.69332257296
1027.61178542519,8703.84997100575
7002.87026131513,8102.60824710215
7006.30808563026,8278.04474281818
1167.1575710811,3373.52612901539
7900.86183646894,7220.44331310183
8183.1292077142,7054.2036921736
7358.12065801967,6969.20470144446
1281.17557924538,8940.99969729511
6325.37785812588,7143.59800606991
8669.87107687449,8058.34862980614
1350.11689840095,9254.15864564633
6963.87443716942,7268.85645701471
7634.09465668924,8154.07680475893
2253.34503821515,8337.75153126073
2539.06005335291,8896.32010691315
1044.23509528465,8867.55399585917
1497.33601023558,3286.76097171093
7196.32335795634,8155.54716679021
1918.96487501382,3761.43779261795
6762.9512336468,8587.43127202581
1175.55493292901,3638.5076932561
2447.09401985091,9259.7952113747
7593.11677828139,7559.41652775195
5096.8569316774,4986.09421924129
1210.41281410983,3213.23291015987
1770.65128851719,8055.26147832849
1116.16845483255,3240.96770481454
6919.93754042027,7936.55086058106
7477.58266925418,7783.46265900145
6450.55213639212,7467.95470110075
1608.97259082576,9014.53080766684
963.761869801126,3276.74071908204
7927.23232855119,7890.4821645968
1801.11525345034,3528.97686829912
7576.18537945893,7810.30659982106
1194.18807093622,6588.60286671885
8355.39898756103,7839.14672198833
7638.85358941273,7975.83704332777
1592.30788335675,8645.44459170062
1122.80991202034,3414.0801458463
1265.20982812073,9133.88020826168
8753.9922052633,7314.42823893495
1641.32840807359,3564.13599438163
1477.6070115955,8282.0896034235
8001.86856083379,7838.53483050384
1623.5504059709,9041.14919159302
8942.49108682619,7350.72437512771
8673.78722494297,7159.43754154749
2020.62261960266,8965.14449169049
7207.49866112831,6737.46871304267
8252.64250240489,8564.55185459664
1788.20907079776,8230.43800514966
1186.03097070553,9129.53452371078
3376.91271891708,3368.35811250574
7172.03690660151,8791.60345066355
1274.99316753836,3715.53220594837
1779.11481479548,3624.19768095319
2813.93307922417,8924.68961239775
7702.86513031233,8011.48658526664
1168.06597799601,8977.11718522461
1413.45627580492,3195.08125201431
2179.48395582126,8743.79301226854
8127.31725794597,9166.02406086395
6813.48690750708,7724.52016686402
1957.79068084488,8735.43661747222
8882.46704623695,7229.11730525062
1279.84972139835,3711.83595277841
933.541273349094,9377.46920940215
2404.28134032591,9242.8572083406
1185.40693858519,3158.68600948774
1420.69116238621,9096.52801446844
2271.29364130689,3760.52783620979
2408.63970727928,9145.35364127177
7530.18142011113,6440.18434074105
1117.49841000238,7783.23461708177
8332.15054045631,7494.20769299097
1394.11454339035,8783.48996174713
7388.94450279566,7818.86562810476
1196.58225467708,3656.5014789031
7159.25267978641,7044.63622347635
915.391304646084,3343.09575935096
2443.42477656116,8384.0097114355
1669.53971523492,3529.03590024163
5877.33425212306,8245.54911654114
1407.79468058098,8820.91552450008
1829.50218907507,9057.2611796995
1446.2717493818,3603.44817730896
7494.53425495728,6705.38207699953
7456.85260518726,8334.53066231756
7270.75198361625,7964.61852463464
1822.54128547339,8709.3224990269
3454.66666592042,3340.76316969379
1264.36735016587,3455.95548725801
8176.08097597093,7362.0732059397
1926.83304771152,9177.79452480415
6834.66904715074,7984.3102387379
1404.29943982301,8789.53101683172
968.301526854432,2974.95685687181
1346.65144339305,8568.85668654287
1254.37632913658,9072.46684573953
7797.63094843227,6837.70811274086
1936.3065908671,9293.18977317647
7387.58869745505,7515.78751452641
6587.01315680007,8196.0788361681
1596.55011860581,8564.13238118979
1646.42962875155,9070.29185673827
7726.96264200887,7232.95140316866
1579.31348382514,3846.45788563199
8143.17399446283,5999.81731631181
2151.26833456746,7416.04388184804
2215.62111461731,3856.68598138981
1319.25684071976,9083.8551710183
8691.23687013128,5234.5532850381
6658.51340385817,6891.96269125762
1377.32408050245,9368.41560134532
7725.68491053672,6131.4326582515
1331.91575715582,4484.07037422427
7800.28244934197,7470.21244725497
2020.6831121657,8946.6303484494
1899.45543089559,3685.20465192678
8337.26209521886,7549.57626575688
8162.27236792511,7431.82332623465
7805.69159881466,7801.24995256523
1623.85953857135,3924.55809728236
2015.68278472219,8501.01240330029
1020.15422794046,9020.17687061872
6473.74531146163,7489.48201440797
1548.87399424536,8507.73891718258
9046.32490191358,7150.8839418383
6889.71763542645,7048.41896232579
6980.8614330763,8216.20655804464
6356.8329259239,7321.6436380729
1227.02463546067,8788.05884112357
2875.87856471972,4223.63674852626
1533.47271995754,9219.97697126155
1306.42065997902,9120.65636209183
7890.02897448033,7133.21690239057
6152.84466639125,7281.98651966353
1091.92501795557,3769.90215080905
986.890992545567,3336.98894114763
1426.3582875872,3953.68966267721
6164.97182371839,7191.80625391164
2531.82096977602,7664.75027092367
7695.11451932363,7512.75553325149
1057.72279411988,8959.34367055126
1239.88836327672,3947.26147938742
940.524986242148,9087.43488319677
6715.09598986721,7733.03522574691
1482.74839237084,3889.90555915225
1961.62667074263,8591.14235864867
1725.75634967963,8841.00310614825
843.072869287668,3457.14421802282
7079.23545915867,7760.31835197231
1491.12787247994,3498.37725375029
2069.07974631338,8798.82285334656
8288.18605426393,7185.76489784129
1515.68033436582,3397.30915053488
1093.25404127518,9228.79578495434
7150.49815108826,6059.74374624893
7187.97218958545,7534.73814546703
6838.08696106608,7359.09836767433
1821.85521032409,3951.91718477301
8895.34167370001,6262.02680440093
1694.1962102402,3392.71377599662
843.980696176713,3478.68838472047
2102.25329990133,8861.2888132411
1367.06522800487,3680.44762018792
1718.59711435731,9141.32975245902
1799.34157322469,8187.08442295368
1489.75713511675,3495.74450975056
1022.25487931099,8381.80975406872
1009.52289449346,3591.53255272182
7149.54594871366,7588.67711003315
1238.21035794038,3298.4526228117
2218.04745064061,8839.19275702359
899.692465643596,3174.65772147908
7688.82934494978,7923.09608346233
1866.5153912371,9044.28066480564
6270.47948567809,7229.04164473578
2094.83239688991,8784.51027642814
7626.40121096684,7757.79484730284
1531.17916557779,3881.927355492
7517.10763167827,7960.79491334789
1912.19957483492,5031.62894653598
1530.63620233094,8934.3389458411
7505.32512431342,7392.59713130832
6902.36677549905,7022.02420542447
2338.6455668197,9261.09380516449
7452.41268914065,7536.14043339861
1294.67342456459,3471.42018475065
1513.10564475528,8559.86746120699
1569.28672400182,3753.92370078395
1155.42107932955,3676.77511381411
1727.69302163134,8497.17724095488
8456.19038480777,7680.49274758598
1035.80167554272,3234.91241638376
6489.90218243049,7711.18151590586
6555.26334957565,8078.99058199017
8390.20963544282,7463.923674082
8433.26488287123,7696.92786578743
6879.9727931676,7732.45332431875
7336.00346848373,7788.45568278235
2087.97715130815,8791.41740264583
7692.31655191328,8064.82796016229
7504.09164956997,8170.76226399943
7080.66231511269,7631.06840976403
3959.44757334497,8304.2905494258
1719.06713203833,3650.58699980316
1673.94428974316,8846.24151474804
7072.47339544493,8531.13403705748
1630.76878417074,8522.33260932687
6539.86904004871,7696.15254320117
7821.66255220922,7902.98790648728
6796.40491078152,7279.1761558524
1182.13253389361,9221.02303546488
839.384081136965,3420.09663618148
1218.67587548751,3652.42396060161
7541.58797964252,7519.066787133
694.135772135577,8750.89157646048
2142.63832739116,8545.49091854312
7108.61986495367,7719.44762123035
6950.9948721892,7303.67116317626
2797.81112579149,9054.0313682991
2161.37554048434,9101.50638662705
1421.93597805433,3581.51384882329
1323.69273652485,7570.81450240353
7045.16481881012,8222.92681273652
7937.00132844489,7528.84137612479
7920.45980467846,7222.60504310897
1802.22026037273,8967.51055740174
1116.95803313294,8996.24723215067
8821.17652191374,7470.75988652055
1465.02848629241,3919.02732929951
7350.69280005942,7731.08562119055
7537.12000492295,7008.87977779101
6844.44436451193,5410.90840026699
1469.27596711541,8725.62351781346
7604.52275098786,7506.13446464683
1548.37610390857,3361.13183288569
8079.26849544706,7678.94946075992
7138.21190646971,7630.06752873282
1171.22758066256,3727.24957837033
7459.52969664697,7670.42539767784
7117.83921933495,7174.76327872561
1597.82270869938,9137.85810630534
6376.55435769158,7131.1082975188
6713.27309386483,5380.91687438165
7644.26421899902,7364.93671357906
1673.34834541114,9084.02397075426
7896.40438084701,8104.36528215544
7214.19095773267,8498.08087222262
1400.54955980867,9005.45075205623
7001.67040391789,8443.5217179961
1020.77258711755,9117.1360686938
7424.95456342791,7363.22725132167
7592.39822395373,9022.9125064897
7770.79167787353,7690.83464366538
8351.42311161848,7179.17626109633
7049.00237200517,7785.5443290018
1132.38476774302,9219.72762425963
7570.81901619433,7067.26551533672
7530.97526764017,7179.04010370976
7243.17818333451,7472.2944895274
7311.20586647428,7204.79675700206
1212.02091836236,9236.10499949628
1290.77078615943,3884.96891080087
936.236848800283,8995.20981287881
1526.35563202251,7917.99294131816
7686.03359296303,5725.39933473005
8506.98990935542,7371.5902262049
1005.44475620774,9211.04133082086
2150.80567699698,9252.75056707946
640.665389102347,3016.00849363748
8384.7188585092,7128.50838801998
1412.79629690082,9144.7547117402
2021.36755644281,9073.11348473741
7126.23702672749,7689.12871686973
6828.49459355351,7254.68069774528
1857.5169580121,8814.98187422086
8713.49109679283,5881.73019307343
8031.36317239853,7478.70598189281
868.309766705941,8905.80193282873
2210.2185017305,9082.95928657526
1410.45115545085,3679.31230423931
8900.51377462101,8049.32179771404
2955.27814919892,8777.4397933188
7665.52190037664,7528.21864520786
1822.23166964783,8507.02142085449
1339.02801559027,3713.8660344743
7396.6537852344,7196.07680841343
890.934760457731,8031.25416756726
3134.277416417,8407.1358580165
1693.00161703817,4280.24460043775
1266.39826560615,9225.11879434611
947.108697996389,8124.54906481317
1203.9418899036,8715.63559213337
8704.31148401772,6890.77228039965
1587.24859567705,4733.54607118526
8135.19027513927,6372.93725234573
8789.47284243023,7352.51402556475
1501.29479991407,8891.74066255701
1681.75991281716,7349.60251294096
1752.64652393544,4042.64353907808
1169.98457657557,8940.0762712215
1295.73877345878,2210.9564231086
1517.74892884426,8958.03072645711
7379.80320913347,7788.52989949094
3256.14709021587,8951.75141456809
1436.27432741041,3668.80180773019
3032.27196185727,3752.62474751846
7582.68712217126,7811.30923236437
2769.47063068155,8201.86206633345
1013.15515448894,3052.15131150138
1065.24348825186,8916.92021146456
920.898592535988,3469.04444666936
1378.3588821919,9200.29439334387
7619.9815307538,7530.72126228496
1759.32943832839,3616.17731574771
1374.2919162604,8950.29643413651
1278.10290975564,3250.28451208707
7245.7344319904,8029.3479627904
962.428678095704,3184.27670359616
1462.90542039647,9173.96770003757
7402.60542385209,7377.63907798927
940.443507180439,3318.2217597695
6815.41236928152,7147.6845836138
2447.3053410444,8364.42997364472
7095.10294167882,7773.12074344568
7871.42280480598,7277.02384490792
1770.31517073491,3723.85621307363
1439.41768105639,4013.19813886667
2121.48884636111,8997.20847280784
1217.70202611989,3865.56380037411
1126.37118107212,3629.15294145043
1696.79341050302,4416.53009043353
5653.10425686404,4672.87209594941
1422.15958674158,8313.20809655537
7846.81652709015,7861.59099684393
7245.059779771,8324.43713448307
2155.95878604184,9154.94754114631
1595.20190796835,9315.99616209999
1310.87277341706,3878.64876974161
1056.5832761783,9384.34627508436
1462.05414349343,9334.22317530635
1806.20788450123,7820.1467048811
1488.65431577383,3939.3633884728
1040.3363406672,3391.47264142399
1092.98694933588,8874.83790158468
1683.18366647908,3987.12403219483
7012.45842549209,8126.57968228042
7729.36640558119,8578.93850456034
7851.18802049869,7277.72414955905
7441.91447692007,7898.7169134115
1980.01391013251,8453.17357890806
1078.74343155745,3831.71090184537
1624.10418188069,8314.6877292699
7568.99375255306,7823.57437041263
7516.31631751337,6742.6629783484
1051.99971808162,8905.10564195652
1853.25221692648,8890.42377740619
2079.89592173058,8904.79226558298
8522.41416308578,7142.181249661
732.307237963517,2954.44170580599
1302.03462241904,3626.98175725625
1465.31952621396,3593.26905607378
9116.12490283223,6766.46312642073
6487.74477209798,8174.29553293789
2219.32583723447,3968.55189466268
1216.93791961912,9106.49632662262
2038.69024497115,8312.30605390064
874.256051094471,3141.23917517168
1129.93888678913,3281.36576384429
7856.16023637851,8573.46823955518
2279.79312687863,9182.45552194159
8855.69980790585,7876.36158745619
1390.28329526982,3565.19960830505
4777.9474834281,9169.51555907007
7228.19231878111,7709.33270241676
7057.94927459106,7605.7383510613
6453.33780289158,4132.53353841244
1245.862729234,3342.37463123865
1753.3570803253,9263.73138645178
8268.22858566301,8193.54437008625
1489.61345756434,3684.52845724709
2283.08393664405,4067.62124453142
1282.79630983622,4225.84606865521
1302.25141873479,3293.03337626571
1929.24717073052,4158.72263028149
2132.43856596435,3379.42096056904
7583.64557568389,7482.25144981086
1399.89003960994,3408.45513231369
7142.24084472264,8314.07452161982
1127.12486523649,3495.00304707547
8261.27054832217,7421.31426573039
1516.55052576092,8203.08815939732
1007.24447591811,3538.06521113614
2502.64382661433,3934.74146559404
7267.65026572511,9675.01108835883
1830.80272563924,3469.53653189509
1369.69927904069,3418.64386386548
1779.47828890969,4282.23707527735
7679.65361987474,8087.82200785465
8680.09548088082,7142.68898980329
1637.87845768949,8811.16405266595
7298.8733474068,7497.36204293509
1654.83247612832,9172.87087338142
7983.08909348828,6808.20269605432
6960.7999443375,8419.89013107944
1220.63019298009,3557.93390068483
6646.34275503498,6829.41035777708
7915.27242526131,7747.55971912443
8341.718639356,7930.55774408915
7303.2600002924,6659.36520992545
1290.62989835681,9077.25145850187
1204.89755591694,3567.71978724151
7927.95948509438,7890.51589905993
8246.24685964624,7963.82736970274
1151.94539502815,9410.80109293126
8789.62525554864,7646.20700122945
1415.55747810006,3521.33513697358
740.89777526113,2947.30114510004
8941.4279010249,7759.051034195
6211.4791394152,7802.38676168545
1087.57378084288,8957.60326134873
2336.80399387924,9664.45646403459
1967.46672877257,4097.18929261273
1175.64712261302,3667.1916380099
1298.52495693281,3546.36651834333
797.935307930777,3333.19659646471
1929.09868850681,9085.24256962409
1476.87175522161,3668.37758164358
1620.39534888965,3560.37603787183
7646.34113322795,7910.45201369489
1736.9121438227,8959.99146838812
3769.88646198875,8047.33096596084
1782.81559897041,8220.5990806499
7721.37089057329,7381.02316385695
1657.1028619461,7887.80081307018
1811.61171180538,8397.51488386131
1182.77864147607,9262.91156019206
2014.055234543,9024.34668477552
1622.50934714518,3771.4841367858
1589.24715076745,3502.38327595668
1381.42325747818,3774.83371363263
2234.44623124981,8645.78777027783
1393.63738162455,9371.32688349355
1927.22796505059,8990.54870125431
8219.80896180538,5889.63598012523
1344.50886932945,8399.49479748741
2040.20002765347,9203.93974245924
1652.19517267587,9165.5087194772
1554.4606444997,8935.60964301324
7454.94703769642,7040.34289790378
7217.43630171658,7912.22340557601
1078.28015504743,3426.21901008804
8965.61045949438,8044.79945597006
1629.85786754542,4255.08852478919
7786.04230421624,9336.43863586436
1455.22099347603,9008.83056166734
1099.04016163208,3517.18778805135
7905.9652249157,7536.35603968898
3987.91059897783,5262.02544156428
1456.96142040544,9129.22573776485
1339.00231943243,3561.899413782
1795.26831232514,8776.94756080334
1813.85710185333,9540.96380567921
872.395157175288,3206.24168763408
2225.69375829891,8973.7566451646
1370.3755443684,9385.44452794582
1497.52258211357,3562.41655384842
9012.93203536682,7212.64384022187
950.364908068623,3743.92624288588
7669.72896436113,7486.19216000268
6741.5667883844,8033.53720207938
1513.52122634974,3650.74872640403
1506.79810154833,9262.8426691622
1179.59934463345,3852.04986308669
1151.97059764711,3361.199960163
7449.59786946359,7972.0019107781
1778.15522067369,3709.20183613249
1143.32214029767,3497.72269093335
8202.49046720458,7213.00348008781
7709.83056898794,8276.50046917876
1006.04323577546,8062.17235456603
7649.57116501808,6101.61675342898
7148.63191779272,7906.13213743991
1690.77031278682,4096.89937486361
7782.51830108355,7514.81871797791
1590.34319236261,3671.95162737621
1920.57259435083,9155.03952438154
7082.24101354462,8163.68047822435
8630.75834956695,6958.43184259837
902.267866750379,8692.32581935269
7096.69778091118,6309.87739736688
6908.06560656592,8305.79558592855
2412.25054909521,4047.51350378255
1039.86906251022,8879.79638220475
964.299244972004,8801.52325275526
6012.44335894466,9129.79134574844
6527.83839089516,7677.0554921621
1348.29880801879,9222.27502254548
1432.51925416903,3829.82122675334
8279.30310464138,8315.501326712
2445.0402314667,8790.91575316468
1416.39387285035,9048.1891057984
1644.89188736525,9295.44839419523
829.076827580877,3316.87463694964
7969.6099016946,7238.5592937886
1862.00197711562,9242.07431410053
6561.95378811042,7683.70937753278
6811.7042211995,7027.70812372896
1270.26553945126,3665.64259447042
1998.65095748424,9044.12991577821
1696.38045596229,9201.88550360209
7059.39639740866,7462.95325526465
1541.76626588937,9213.13782959328
8311.67221132365,6968.82133958148
1791.34149979532,4160.64326567258
6400.89954149692,7768.38778677559
2799.74173441965,8792.19413837928
1881.4294740539,8971.09823304943
1520.12904266741,8285.11868416069
1574.76136822042,3858.00146205502
1096.07318141484,3857.93517316992
1422.25767212329,9090.70345259356
1207.31964957666,8603.60005691245
1440.63314730196,3442.06908391654
7835.55591150488,7803.83868567254
1736.31244384127,3978.01834697745
1030.43391525707,3372.29429975902
7235.63132233381,7682.53795067633
844.975002508561,3548.19808280516
1031.3760595062,8694.9085100099
1684.97540396078,3505.78872549908
7079.50709752256,7291.59899864901
2114.98097096221,9000.4879573962
783.529694613398,3271.32458158588
1211.52436592192,3693.00993590472
7783.99002191379,8605.08764239376
1303.43243283687,8865.41953159763
5417.39816223117,7555.54573441916
1512.11813616079,9306.45027119695
8377.63494378781,6492.71677305116
8470.60963982749,6653.46937834552
7890.41324435451,7474.81539440836
1519.90240546636,3697.59889946446
1123.0901929784,9026.17473353152
1339.15099235438,8931.94202370115
1311.88362720461,3443.23399536152
7839.72140140651,8211.7118159749
2058.04132671866,9117.96851112106
1390.6541155013,3405.37725510476
2030.15112902709,9278.52724688867
6516.36279266222,5467.67021016714
1495.2455321511,8588.52207267506
8300.96552116951,6942.08068216246
7795.82413964967,7839.0983856229
3319.45856140305,6805.80338858385
7466.95477134574,8038.15401315363
7512.74005715724,7228.82389003266
7351.35531234164,7592.17583115656
7608.29262594163,7757.58729131521
1570.7379307851,9100.4560369804
7455.79773931755,7706.27216519298
2100.52187321187,9515.84609595562
7942.23218391718,7794.39074137539
6757.36377986771,8062.26737246048
8913.00415553069,7321.68645359588
1297.45916746479,3654.19217885867
6653.94404486374,7676.90490013852
1523.53951343895,7761.76161639558
1048.80548652019,8957.39838675307
3738.84589302898,8193.85114647939
1099.2343327491,9133.65497128188
1146.82241489468,3215.51132936083
2394.35346927294,8385.79017555522
1250.30760902963,9136.82145680631
6356.39020014595,7136.10912255084
1032.70937031508,3298.90427853497
7274.94628560901,7426.85623662886
1179.78647769454,8240.18521734232
8823.6996546959,7449.33994991282
2278.7641498022,9319.13015079115
2228.90133226505,8539.89063928985
7055.64683953192,7443.43275158726
1341.96666350881,3572.99493535412
1847.30303525206,7679.19410623137
7989.6700448258,7169.75252484315
600.432857233538,2981.90783688256
6149.99605372162,7409.16956396657
9017.63472767598,7514.70102537693
7284.38758986962,7160.24953855901
970.64643524471,3078.01102087175
900.515539128742,8985.51901809523
2253.09558441211,9039.59720379796
8073.59914821516,8260.27952660913
1003.34959690116,3654.17883163882
8830.92749571569,7171.19640413066
2000.81322536881,9052.87069462646
1596.90213815622,8423.7355009222
5557.63389450976,8304.38581861489
1166.74667633901,3261.96467268366
8803.50568073615,8022.30533686038
6555.21749748394,6707.90945100869
2591.11491412747,9004.3352671798
9324.57694662637,7851.20310913613
1748.70604941535,8817.92087778366
5965.8683898158,3212.40997542835
963.093024902491,3413.96040121896
1556.82173467801,3651.22934263412
1413.49458021267,9215.75746404651
840.965913316767,6953.18825503824
1158.75363844884,3273.7376585195
7787.67804756694,7756.67332050605
7684.09387604505,8257.82468227947
2554.19794586929,8220.38090651506
1293.09181376886,9351.52150015805
1890.70753178134,8183.06125018424
7665.46591262861,8142.43689054529
1580.60224649157,3318.85420224956
1506.58639250106,7958.04462344521
6478.67044377207,6986.77460028502
1076.18778774941,9128.66603883179
2256.14774510831,9153.0535396782
1220.42240453918,3736.26142580587
1262.69341991697,3616.95355624441
7807.36172881424,8178.33999087652
7263.97161295693,6850.32322303188
7772.87604013443,6233.07831496979
996.820629898611,3601.38282516522
1524.08116593501,8368.48799666545
1371.44376147003,9020.51145514206
8110.96266903779,7580.58753325474
1321.49328071783,8718.96347194239
3111.54899460462,7921.53039919615
7711.22940569185,7601.08084071736
1343.95743818338,8864.00578068514
710.42682372122,3170.68216891208
7306.77781944791,7645.40625494764
2126.96342251843,8910.58360592045
7916.95807746035,7117.59130114658
7701.87377219849,7600.05545458157
1540.06758548037,8924.55873416599
1898.3940997631,9072.84818706137
7306.94167255808,7547.69383908569
2656.91201787369,4168.43698663574
801.910183612361,3399.44442181487
7005.98375978055,7645.27887613614
7784.03749447262,8068.88184507436
7683.61841048456,7071.99669386333
1110.11487988704,3557.59356321146
1581.49283596059,8984.3577165326
646.192910707001,8357.83280434378
1083.34279116387,3000.20511670034
5997.82947340479,7703.41984499387
2745.73183231466,8939.96693843899
7503.62972786182,8526.59907283603
1848.15852215645,9438.57299125555
7556.5159098461,7266.17839691897
1761.12497693917,9164.21007426218
1164.6805277017,3033.87519676056
1218.36911514176,3325.54882039808
1132.16557378353,3632.97636747614
2383.83107408498,8504.29087296674
968.844355021727,3774.17721645991
2211.50933655106,8983.08625615163
1475.99395042785,8170.97094566829
7402.308228849,8291.89397606024
1025.32902456619,3617.41619679726
1698.36941576926,3324.71848376387
7430.34228133493,7717.11105082318
6753.28388791323,8328.63873971903
9252.27820946357,8047.72412533288
7745.89583535078,7408.6953495798
1168.73422644886,8473.13875162631
6875.13214333003,8333.98082704985
7302.60963836936,7100.9649168562
1807.22463376763,3708.83494434365
1261.64013087122,8162.90384754906
8975.24668694813,7625.59074309866
1551.76701875852,8785.1753808164
1250.19403686663,8900.2126620183
6928.20619642989,7838.735137917
951.422860432504,3538.63201429777
888.497507214642,9103.6795572147
830.830461630927,8768.38594816842
7834.67288917218,6349.73778261731
1974.9768027337,8745.49343442952
705.531549044597,3281.5553091
1959.09743122089,8875.25244996027
1594.17774567563,3838.07742260683
7936.541964614,6135.59273935172
7833.61708049718,8146.89093647193
7412.46547860494,7971.85463756272
8079.89204816615,7406.18570392857
1185.1672968055,3449.60406830394
1557.62450733719,3735.04424018275
7561.75756853482,7199.96438350698
1515.74440134859,3788.00578643604
1951.03290788904,8468.99881067755
3386.88528282732,3656.79902800847
1212.75091893544,3294.12652421586
1295.23090968282,3372.5799889716
1498.6476066524,8991.05485058731
1831.54341735532,9170.42548728336
8070.75774053032,6667.77640397255
7464.48095082291,8953.38310750447
937.464041609512,3197.62096820784
672.680141108403,3082.63900938318
7491.306987198,7217.41251353685
7735.55651252313,7940.22642532723
7837.4070166041,6747.05710674769
1635.44546880609,9180.45123508468
964.677567903917,3728.18834804194
1167.1586223977,3860.22968411432
1498.29428106543,9018.43740873769
6841.93700847354,8056.13877315483
1970.10110539632,3482.91286120256
1371.46962229564,3646.06858953169
1166.53881385606,8383.3383399355
2975.56001678202,8539.47950841858
6904.54348958573,7294.96530194778
1604.40665426489,3501.27852086497
2318.4615897271,8336.36398350534
6544.61795520374,7285.64663746113
1171.22262860777,9065.09826897228
1062.94731843765,3199.30663952832
8057.29624419094,7232.14094870666
5617.88933415138,7067.50263121256
3269.10236255312,8449.44874985644
1392.91054397452,9146.42131457761
1285.5326068464,8848.8232172578
2769.71247704163,8534.98538803576
1850.51182539592,9527.60969412585
2138.01339788824,9420.45785998829
1741.26223383156,9102.84797880627
881.812124270731,2934.6584252285
5158.93958083716,4436.49062645009
6813.01892253673,7502.26854130686
2320.15239910432,9287.26721126895
1702.11321741412,3598.74586008611
8271.61627072128,7675.11645051961
6360.94590177295,8113.93093674646
7258.42227453964,7450.74332090888
2373.9385743145,3719.10666210671
7366.09494801634,7510.83310539714
6532.96431786588,7725.3880465935
6700.40164492578,8731.1971134449
7322.23963268311,8027.82152887724
1485.64923689368,3546.70111694428
4030.17783027968,9297.41455398789
1718.70474832035,3615.46922741982
1184.03024189162,9258.57885817048
1657.77818307645,8546.3287642831
7397.06388952006,7963.6603979907
3632.01549343251,5076.0352599703
1519.50875584301,9170.54985477555
1476.84020189315,3611.25085156528
7696.57919946856,6997.61867511513
7503.87277189753,7789.54473289295
957.070187373694,9199.54979941852
5610.97680936101,9031.21186214058
1261.51174083343,4181.10075080633
7322.29548750167,8046.99942769726
8554.712080147,8084.16061391216
1456.95936436451,3702.01761063485
7072.92519298555,7997.4337041417
1025.22880023345,3323.17985123243
7500.48024876699,4501.86454354274
7918.94598224506,6499.30020291697
7509.22765083721,7369.23890469191
1100.32802917757,3506.45862808374
831.024557220722,7631.10741832617
8554.5661987057,8487.11114811723
633.443445003925,3398.25153196302
1469.2545520045,8358.17628772775
1969.25813410781,9000.24430935628
1487.48946616469,9175.64942400479
7842.99064257402,7955.70768020431
889.313605712413,8520.11711837928
7245.39821725657,8049.3178225301
1084.96019177895,9394.31119145034
1083.58790833094,9001.1387636833
7178.80671450239,7831.56659491363
1114.37230733106,8801.93151490371
7292.7885980287,7153.53454736529
8866.77102239671,7208.0195141956
1418.37817930695,7844.04947292567
1216.7033077371,3445.41604123594
725.879225198606,3330.87619883402
949.968805142964,8788.91129061727
6654.0181793954,7995.41877633338
7187.18914348254,8017.88031857808
1716.22363145935,8973.00786869754
7943.82122176256,7695.78270897881
996.921840513251,3448.09878983519
7117.00229269291,7388.52887719236
1690.20387585345,4539.45137331819
1699.76099732053,8476.1342488578
1332.72355438064,9271.30413180262
1239.94789632594,3943.35430939342
1647.8415930198,9072.88541153885
7306.94371699247,7159.60502950674
1344.47926254789,8959.94859039298
1310.35441669348,4597.77729820741
6624.73358264042,7899.84276910977
1235.0892701761,8241.61966674136
8037.67733633471,5989.95389679161
815.300099869047,3342.64631347045
2196.5860025799,8270.75312605273
1490.15707007841,3295.06288610211
7491.0526540328,6938.87630341828
7777.70036893362,7488.2310030331
7270.00721360006,7430.65595972791
1207.3320714026,8740.67190035518
7210.44047230169,7231.72170146167
1524.04563365791,3742.30066266164
2587.67174852,8901.01097608538
6993.17801025844,7339.38872873496
7088.19606925823,7103.92957839618
1383.49202921108,3435.93616962179
717.677276453151,8945.25724923726
8474.57127198395,5653.24651372343
948.289785812938,3537.21061362275
1391.75966521304,3731.8411581491
1364.71343560379,3571.77131130911
2765.78556421277,8445.97879426262
1266.497818391,8998.32657386879
1548.94695673197,3757.57603788645
7581.36934032574,7903.95317788385
1535.30157128996,9237.21733838059
7284.59047693239,7297.96228768707
1272.96786521505,9205.99838269048
7923.28262900123,7750.53645438308
1699.27310624972,8839.14830363261
1526.27573127301,9278.30590862804
2095.46870948514,9155.30702722112
1503.57584419497,8902.58657802645
6920.50314120646,5108.52798125495
8665.88102183751,7843.64251538937
982.97464643286,3273.69543156708
1682.82426787424,9024.24114526762
1812.38847802653,9044.07111161486
824.314602851215,3142.49457190102
8244.63775621022,7409.88267979848
1397.45286763904,8995.65548967571
1645.53328067397,8559.62370407282
8115.38987338607,6807.86868701573
1362.00144855028,8880.93922471433
2816.46342452265,9306.23638560908
2421.48366976465,8583.15471426219
8179.62916097879,7135.34328192817
7139.43493367968,7140.52686335137
7534.54496441636,7610.14708386679
914.151123836736,3228.45909211416
757.960865232322,3320.0490744055
1655.84437372199,8759.40687889214
1169.1207975609,3511.20874011751
7715.33236489408,8446.37394122547
1480.7275253821,6718.9426685354
8054.10498962416,8182.60575644017
7025.03221238988,5853.43063722074
1655.49742567643,9237.9534006356
9102.72200183466,7657.71433887164
577.71469155544,3170.33780396677
7726.02192538023,8002.2349257153
7613.51585676378,8293.05639044078
1383.39074636724,3523.34234827321
1124.05973469871,3562.08790404971
1388.55809418438,8809.44255751714
948.948105412809,3354.69783136469
2569.69699711721,9298.83983875236
1945.25514763831,9040.5411121367
1961.02045648322,4168.39767692682
6664.25484366113,8248.01748039567
7119.11408170114,8294.94583908032
8685.51490136568,6983.94079740304
1683.0009738934,9192.35965549023
7651.15418351576,7639.08100627684
1858.28100073769,8879.0012969509
1302.73417156453,9077.77685094805
6975.80918426936,8072.41715072256
1301.27361054674,9314.89289764469
1046.92650363949,3632.0861762602
1166.78317624103,7467.87790843795
7120.98521157585,7755.63380998012
3076.86670734362,4654.78472741181
1075.97210683547,9198.05436379433
992.266354293908,3183.76045136227
6435.46029852814,4880.00866463118
7343.21040375343,7706.54005043736
1393.28310649928,8871.37471864486
7205.37266019731,6626.87532827646
2335.52055454927,8347.16613371458
7201.55707950147,8049.58271275593
1752.8348685265,3436.50050669803
7365.66074182075,8383.42073274353
7616.03246288099,6824.64913124041
1788.24742025792,3721.32966502352
1200.60341201106,3353.22731086459
2345.56096204461,8298.10509450623
6896.58603803752,7615.22963164438
7504.29855913677,7892.16952149834
8806.18276970593,7398.50957791214
1907.3608136589,8572.89114605602
1680.21065560938,4017.26606066088
8266.53891833526,7566.12981717506
1074.56374185717,9066.75973897652
1199.85482328815,8926.73828527712
1915.04924809335,8883.1072865881
8068.31694959342,8472.78590418891
1581.22940375461,8951.90724258341
2109.21506766032,4002.54922632789
7265.90589944917,8377.79658547191
8437.0910680425,7279.30384135677
2003.80113769799,9201.4452248556
1026.20818795906,3912.49770915117
7147.12567898648,7333.76587369214
8678.77674856965,7883.07604687883
1215.70026794733,9094.75108232514
1534.53568370918,8083.65888331161
1575.21786348132,8694.38528785995
7775.70468247787,6652.76673380581
1192.75126928231,3485.81051472519
1409.91442472346,3585.21437095223
8264.53254440081,6635.33786998361
1241.15000410107,3183.34272740276
6937.76194084232,9277.10842885085
1037.21256389665,3160.8032375428
1428.18526091198,8236.6283619056
698.876716419824,7186.88572160367
7044.46256147202,7557.42590242563
1630.6435617821,3811.42011651477
7502.35814519677,8021.94767053552
1836.05410666316,9274.27839414546
7211.47653652983,7974.16017362136
8253.82920380978,6385.54759067491
9288.53235816056,7461.77535828004
7218.82632135291,8153.26566800668
1034.38666283479,3913.75210379325
953.912272714657,3290.35022833276
8707.8863688283,7225.25405931377
813.98161581513,3455.59780077584
2196.72976237436,8466.59795218569
1317.98793630546,3565.48107561746
7115.31503920404,7567.21256247783
1310.23154430881,8219.42659491077
1171.24983849207,3542.21399214468
1125.10624359659,3642.49298482695
6765.29733341214,6684.79071587785
7197.91619886785,7350.014301573
7740.93406277477,5189.50011225709
836.483304711718,3272.12054351366
1493.66809914196,3629.80981431208
1442.52171395487,9105.72842044342
6366.57300966204,8113.09280801294
7867.91580778351,7261.36166193675
7256.7356048585,8063.23300087641
1027.98501462926,9047.13358509208
1500.54669590237,3708.27453110261
1236.84792337833,8948.77097486579
7173.47869878209,7925.14317455857
7565.75162299185,8246.29549031552
7918.35883223721,7356.31675724693
7503.45499038283,7951.67539019689
4446.10727471751,7458.15496756958
8290.1646698857,7888.62676347584
1359.17202563838,3705.48155582476
1115.09025605267,3283.00428834208
1346.17872614848,9651.0880283433
8572.56614923829,5742.94024468269
1446.66726126107,9015.6979310544
1508.08357726572,8888.47974430431
1489.79125588861,8990.30327048471
3510.0315683495,9496.23786279458
1368.50550830761,3843.4071564283
1488.10457948518,9113.98880989258
1646.28480554213,9178.26667117418
1667.54333695726,3154.2449305714
1226.90487001089,3798.15468205112
1317.07010113083,8717.63977102834
1365.99661886028,3845.35382908001
1661.18364809016,8954.76865463526
737.193631838675,3162.04109257911
987.892943685981,7550.89453781598
7580.73151710769,7868.79638274383
7967.15124258019,8510.92989599711
817.165545923782,3284.6028799996
8709.01259354113,5868.20473305232
8218.99231466827,7820.01645192674
8769.09506561667,8749.80012660232
2221.88992294681,9401.69854183456
8242.88991475856,5008.97290275353
2145.49785922807,8645.98087140016
7770.75574171514,6469.19691290626
1069.27677345037,3437.27087032701
7411.7700240509,7403.86780859143
1250.36839573127,8656.59602658786
1889.96568158762,8452.16006755208
9037.20704285475,7478.32511482952
6141.24982495127,7624.31376739051
1351.0954975591,9402.62513623665
1210.23674690301,3420.45899012397
6726.95640134311,7339.0154263923
6716.93009495,7630.60538045761
7514.85963847514,7481.67306041462
6746.55889028898,7596.83673994966
7772.87269980948,8053.94039906376
668.751056207077,3253.67979396831
753.745777572023,8107.01835536382
990.448816079834,3870.20309248297
1854.80720732117,8086.95712039004
7506.98967447693,8006.31966941573
1365.68735316611,9247.54799893655
7041.1365819951,7525.71824974447
1227.51939522595,9063.52531573475
7221.47239437171,7375.38601145784
1843.20901926437,3641.26355292453
6993.89507251817,6249.52643830142
2105.42424416205,3684.29446934915
7517.40221339052,7856.21194812875
6993.03189482835,7483.29831190758
8433.8634797211,7794.35067582594
1999.14325353074,9078.50042355806
1991.98085794267,8214.85286827569
7046.10764293121,7940.85428268742
1024.01299135506,3217.24335475303
1889.78994965873,8945.55410308604
6915.93001319336,7884.97382696136
1342.68359818367,9143.0531098556
1088.96043776288,3303.77566491835
7407.82747106982,7725.35653039969
3508.30497531333,8738.03205248782
7128.96161999528,7542.15005450209
2119.1568267909,8120.39870034049
6733.04351074661,7078.02148212303
8244.56557276539,7265.66609038975
7165.10399369578,7779.150517555
8294.98722972756,6677.45106284977
6733.73239064325,8408.82272355677
8547.38595358296,7241.5331738271
7443.23027394403,8648.84708970356
6728.79218756624,6568.09591756113
1369.83084737268,3917.67679934126
3785.63604190468,4797.27049608602
6439.21767348081,7851.26046321903
1101.41830166494,3246.89489040202
1166.30051619284,4423.89223837783
964.811386534817,3054.87136942233
7571.11739447216,7388.40159675299
1830.32401356073,3555.3023999516
7132.14381711822,7378.11193142945
2517.01022668058,8837.21640395036
1567.25803580987,7983.20231576773
7595.08867943408,8053.03717393587
4990.35012349271,7775.49959259111
1479.16837772048,3625.56288248271
7274.09495843918,7829.9664733951
1583.98737363062,8876.84300704113
7678.46149811044,7187.12303501224
6574.69155192316,7208.90766114766
7601.18274483559,7445.50066893645
1601.94599279574,9058.96211034572
2024.67027946828,9261.38719108701
6875.95836126153,8603.14765424347
1014.75849075747,9090.73880384842
677.708774331943,3234.70201623386
960.025704392809,3644.3287968638
7413.90871253993,8255.69639545143
8920.21457693661,7601.68983819633
8027.52659095811,7888.81822557128
7025.79409705612,6877.24847493131
7454.28677558166,6367.02955646989
1594.30772341538,3500.69023996785
1070.67415752988,9138.21954313988
7724.4524798752,8105.97536452923
7424.86307711527,7561.98082394654
1810.20626564654,9168.76483680537
7579.0897962434,7431.34680328297
1349.49887215432,9051.39525346772
7826.64702378445,7909.02811092002
8781.76652525626,7806.74709605621
7371.37295643416,7308.02250014606
1206.80244487281,3580.16486526776
7524.68360184245,7853.07323875896
745.799285835815,2990.42259323101
719.433649424169,3499.28257041091
8171.06600440191,7525.7974010364
1570.27916302066,9063.68336738372
7358.85530204452,7407.50265029253
1861.06711418715,3618.23125164406
1538.03462036605,8882.2705633783
1215.79691056516,9159.05668795481
1625.76610168898,3728.33529130458
2138.62306460685,8849.00451432364
6901.3774301928,7917.90939194491
9051.53228207516,7468.24756563433
8672.59997932923,7450.91638433111
1036.62618115619,9086.25545532477
606.847977235951,8417.91375757482
2031.45417858389,3629.21575675114
7473.47785395938,7863.76912486833
8065.90909568944,7190.54240041355
1668.42668355019,9371.43278991101
8763.0501732848,6922.59587195225
7649.73421507588,8059.76806609685
1374.49401552877,9089.09374797269
1167.12132885006,3791.83661566396
1865.39580007321,7331.22676684983
8318.17295086133,8087.47970687747
6927.11954009447,7681.3510079233
7625.16539088161,7203.92680303065
720.716551141294,3371.95649722072
1334.5255051908,3502.28030010583
1621.56164903001,9067.51161367059
1413.96849787814,7528.88546878262
2329.33183304633,8651.91479600938
1378.26092671686,3557.10773689191
1695.03971731383,8800.54429479783
1122.9296651997,8905.0051705748
1624.53609849481,7466.02350493725
7880.15398228089,7638.12413760053
7834.0312302949,7758.28547883487
7826.17369569794,8105.24355278095
7805.83483256209,7088.8470729846
8655.23110064059,6782.14151072255
915.599589127176,3401.32409254461
8488.98874483405,6672.82076917639
1420.66621955785,4024.03252999133
7458.06258607121,8107.28495039653
7798.98553294997,7935.18799025978
7463.54244663624,6783.35125695382
2351.55679158802,9315.42176997929
1992.89207493269,8957.22805327498
1991.33440582,8655.1692897297
1368.40780379873,3490.07919477464
7077.43857364484,7523.15356563386
6009.5625698889,7190.91914570998
6318.58204771772,7688.27819585963
7422.12724546607,6841.78773044457
2573.54780765398,8760.69036108104
5305.1986095383,6208.56465663087
1126.4332859921,8259.79902407741
8247.30964518735,7024.02205199675
2412.08041487825,7525.51861415132
1615.28065115029,9269.74585110033
8955.31627115233,4060.10688713409
2134.58785229022,9069.53222853247
7243.37839203856,6801.55162771469
910.332487048319,3179.64824078194
1813.81047315075,8887.87205385809
1459.78725280502,5223.2746977529
943.82570314171,3367.17899823659
7082.28570321679,7276.51456070631
1442.78043448111,8991.41504408188
7701.96522290645,7320.4603682304
1568.30540205565,8801.18413022868
7422.38155231785,7046.65860635725
1872.91553397076,9099.81339953482
1911.74529781337,9104.81512095716
6612.22163982768,8163.05972251628
1750.66366318571,9086.63183769129
1462.90646717744,3306.1408386967
7701.41727121277,8208.29614826891
1230.98405978053,3620.65251614326
7333.91339440331,6240.33711544879
1202.4616147435,3431.01493945983
7160.64061512007,7457.66203878437
1108.83492148197,4019.81528278695
1490.06799208266,8949.93745915159
1232.04322944831,3621.1715651195
7402.19750131818,7969.90357032842
7057.89735907412,7236.8604850865
1085.84542563953,3581.40930038513
778.844443409526,3446.24948206227
7695.7615465956,7432.83606232654
909.599934669543,3173.47250102153
1464.30240359714,3676.52033027277
1075.21138751722,8570.09553143952
7823.68327339252,7180.80473028375
1566.31504020477,3602.27826928681
1983.08999639988,7919.36346477082
1281.71993146778,3716.04750244271
850.545018895668,8859.36442909427
1797.33773361247,8801.22966022913
7077.45302797725,8010.35554953258
838.395191565517,3138.97333483535
2008.30850404237,3665.67470300426
1559.94393537058,8681.55872230994
8996.59211935054,7646.75179291872
7704.3119684945,6739.7577102538
7522.75713004137,7453.59790777515
7036.13387637053,6755.37660776327
1423.84877204983,9367.08726705416
7034.74933408436,6646.62530411916
5079.68043153383,3485.56457822049
1198.61718871943,6739.56683017355
1260.32464703888,8735.2188567645
2297.18919968423,7348.35038163138
1529.28362228161,3565.0031567107
1160.33917201303,3421.12489335424
1904.09401627941,8769.16777111583
1176.17932230664,3525.06723415172
1580.46323262955,8223.41318780502
1807.99532338908,9332.9855607901
7347.46631606545,7497.80412205078
8330.92577685538,7234.40422130402
2506.01485251688,9241.4323762373
9431.2589348812,6878.21087363718
6956.12367968213,8519.63892778934
1091.66015227884,8886.90294121271
1085.90267771812,8055.61543622308
6574.99323296283,8136.04030111619
2439.36634356209,8558.97723296048
7640.1999557798,7888.32447087301
1225.18078263563,3246.50165843985
679.35223667672,3253.9327495877
8158.63090422901,8623.21017923162
1298.57841174285,7140.18519057878
6613.23130889121,7049.96064343018
1599.38596313322,9016.17031987017
7955.00150054536,7595.74594020526
7017.85155754376,7943.70866965996
1567.7663907895,8126.14805574984
8579.71232091846,9151.33160939736
1255.99966664779,3170.6592466743
7173.22584842678,7688.08581651499
1377.42843121558,4000.39042440089
7460.72979220584,7171.58354175533
6596.18398230111,6679.30025434066
1115.3740475312,3305.54175329555
7441.213590184,7333.94954269245
8379.56512904347,8013.99400495111
9311.24861158689,7569.71675253824
1411.38708593808,8905.0769888469
6660.30404430493,7541.42937587614
1123.48993348142,3276.38628426345
7196.3729223732,7373.86283312071
7352.95045977881,7142.29230721705
1313.54665055166,8945.15850319027
7043.88427626109,6901.11438525026
7223.83724822223,8399.92813768535
7411.48042461925,8126.13262328916
7261.65579995146,7511.81597167514
7351.86285446041,6652.13722792479
1435.27861011922,8325.21143398502
1964.71781929431,8596.58643971238
2719.7411007425,9333.12617541599
908.778968656878,9075.16651851814
2583.64525157344,4443.47205019012
1055.06473995098,3786.87790823906
2020.9247210005,9143.96445184929
1559.20421450977,9276.77729413027
1580.59693204462,3622.86987397271
6762.75276233743,7105.93926533162
1505.06631089787,9143.76202916114
1946.13388208606,9003.44070395395
1211.25859509836,3905.93693264696
7563.98976260606,8151.09786999096
8225.80265473976,6273.85582826211
7584.53933465554,7603.20194177145
1038.9745721283,3542.86947527796
1657.96861501961,8639.17929777829
1887.34932193894,3936.95134848382
7525.88821739285,7659.97615641722
1502.37424942834,3534.37253029992
987.126011192411,3345.62930286218
7346.77762401616,7130.31497068487
1643.71862734833,9344.64640375465
6668.1325450771,7132.52842749314
7942.14148635859,8142.41121666354
6889.83545082853,6100.02891968106
709.017187122995,8714.28697243612
7279.61783798374,7359.79215515559
810.259964949347,3046.00743122415
1973.79870904633,8762.12839318763
1240.79098784411,7337.26758672996
6744.67943509017,6704.93260120159
873.487784670412,3293.18301713664
860.54028918565,9382.00015549797
1239.32311393067,7901.99179422922
1441.16344200753,3625.32955365868
7870.21619303807,7484.47095799521
1597.5363911464,9191.83997765402
1474.72220149388,9261.10989559055
6494.31311812119,8198.02483999771
7706.72678633022,8546.82281410289
8239.72320261885,5895.68548085301
1461.81117002801,7567.4620460328
2046.8965531432,8159.25051840329
8311.22132525442,8806.39297900415
1236.30317862029,8565.71632203722
7254.28955832293,6776.04554940309
7363.23516990903,7603.63259719353
1752.63119901079,9185.1334432121
1261.93603159031,3734.58680991269
1347.32379726405,3376.95040578986
1039.0335218733,9047.32917511298
8472.45238820751,4343.49732536138
734.168952746129,2956.69515614055
7719.70663765674,7864.52262981912
6924.48264104724,7835.98509194834
2047.76690880633,8839.61119745518
1667.69363746918,9010.47378389327
943.19369227201,4334.75390504494
8376.5857765804,7507.2453054516
6259.37480869474,7132.96228697952
7946.51307202162,7477.34060921954
8069.03340996917,7593.79949359058
2683.26069029928,9048.34109666839
2621.74506498458,9063.15655405355
6774.69127522394,8185.50068723183
1180.4144197941,8860.38465240614
1471.58108427164,8799.38722497962
2467.96104627837,8535.23512176215
2152.02028928723,8219.93184483739
7811.06465426587,8111.36973097325
2421.32095210298,8268.78247463149
360.710976632891,2846.91351061869
7515.98213622539,7316.04799963717
7750.97613880669,7759.17856611471
7435.30310177446,7322.37789995963
2027.33252629459,7445.82041771461
8563.47049845934,7135.16504956073
6859.12807125744,7924.56672267993
1247.13730387786,3733.20383509142
1778.38556633261,9418.45082072806
2450.23958480477,8784.43277570926
7122.42319693021,6740.24062773238
1723.13373303873,9009.87891693165
8503.88272648391,7805.60664828902
4631.81294316225,3677.94345370471
1680.22681847701,8805.94780687116
1701.19060053004,3769.94410291784
7388.41859085933,7608.43629116461
6583.55634638034,8023.02377042467
6854.52257428044,8144.66137791066
7679.58674679019,7292.43684054556
1033.44641665492,3132.66050232935
1482.01653298067,3534.45799995609
669.289834123201,3313.48042294566
8547.58402685028,7801.05774736482
1656.62046478865,8695.44672847022
1435.45111046449,9194.59337124839
1602.78851887394,8398.86723243485
8364.57867383398,5931.37075065387
7250.61850418098,7953.33065659887
5830.04431472121,8100.48049919427
1558.45484262223,4097.12976797936
1661.77503713606,4152.31334247877
1116.48160001119,3338.80719898053
7288.61289931855,7615.77243111368
1248.62410905935,3793.17606800986
1710.22081329817,3806.3251217871
7935.86850629153,8324.23954917826
1700.82373550791,9144.82946289035
1118.36792748624,3299.86902507628
8705.88054269022,7599.23302901241
1284.69558809304,9001.33507583413
7802.14260467174,5116.37653572114
1690.9275371297,8909.40542039402
5505.19610558419,3792.52148290397
1329.14195702871,8871.58399715794
6785.32301862685,7283.12950033703
7699.81363507136,7749.93022487377
7465.22425212063,7349.55762151889
1862.89381052418,3799.97802591846
6952.28302067683,7324.23012102235
1290.36065283927,3706.63079245719
1022.97634126801,3291.87216929555
1151.82509690644,3723.3999937985
7680.3081526376,7983.95481342034
7671.38858538189,8075.656320223
2093.81136135629,8570.11846181178
4092.84949057303,9166.05749462903
7029.74421136384,8394.25105096249
2164.38777584677,9038.96686579508
1702.01512769472,8976.4712106164
2189.66794546139,8830.34967332799
6192.72782493549,7712.94023255674
1172.91842923037,8996.18568905906
8370.51687836754,8227.26621382798
1961.75306284788,8594.63298983186
7698.53293968545,7828.37474129774
1094.86373184844,3270.40828400417
7618.91403691241,7846.23743546999
7397.21779911535,7743.1617933145
8573.17994893233,6970.51843385961
7925.01701979376,7655.9106963206
1055.74678867657,3546.29257390948
8167.81583036266,6398.93403149182
784.568825501435,9070.26963150984
7176.6386858967,6316.78978116152
7065.52344491908,7889.08091980504
1078.21462853091,3394.41084308145
7239.17072401633,7969.49250632015
1084.21659538363,3364.48458587506
7313.07749256485,7393.63664843432
1148.40853008611,3564.66380531718
1339.80549337307,3695.97938466553
1129.65835525019,3189.61740249149
1458.02359678021,3661.8622066873
1545.87209898926,9150.43330229751
2028.9685958731,8768.38124607731
2343.77291482493,8938.74846877584
6818.16179860013,8196.3062290144
1630.60910236673,8869.70770040067
1358.94727736148,3877.56703905778
7723.2292674879,6972.62776518496
6631.12226134814,8067.86576868998
6059.66182948486,7802.67453932718
1068.89137749703,9145.81696184787
8237.78462224953,7359.40625746534
1169.89207300738,3819.96924000213
1188.65624255147,3571.99827708924
7746.06526088062,6510.76607638576
8884.60849259781,6932.76560732297
7090.29951230102,7715.8152819214
1503.22098221562,8254.54165917855
1202.23373615431,8963.07819722111
7038.14982062917,7710.08550485394
7982.83467787925,7265.69709159499
873.328492782129,3154.88121452508
8711.73254570622,8733.96228204768
1425.33566371794,9224.21250003718
8315.79081889506,7383.87495601697
1027.49564907354,8801.69072618861
7089.84961856913,7829.14585376132
1000.29354769032,3461.57521330205
3644.31684481662,9133.48338845173
7904.73375197702,7568.74012841472
7267.16084784257,8826.57288402296
1450.72749042089,3790.33922747362
2342.39851436175,9163.95777931551
1282.25754339739,3526.57297347981
1480.18801597316,9054.20235836538
1020.63007187693,2915.13185409118
951.93780692645,9156.07790967854
7615.48838053768,8294.30628357588
2626.03237484737,9076.45882370911
8151.37306092445,6467.85211548581
1987.63531783438,4087.18357590518
1064.70228578225,9117.77397344796
1473.74938689606,8968.67017549067
6896.44432669171,8111.02232402801
974.245097891227,3311.84104896247
6426.57376728124,8264.83077831388
871.599998468476,3463.93530032387
7368.74904504413,7491.21420397829
1262.07528579802,3467.24101736499
7216.72983911361,8414.05709155504
1316.34774051852,3472.59110140998
950.872510690995,3471.25449056055
1774.75259208165,8241.8283692159
7440.23759426244,7098.21359862467
1670.22314567338,4205.21004124821
7235.34035268604,7150.67216314183
7276.02950707491,8252.25421844866
1511.94159616487,3348.16871707739
911.173077104325,2919.14540563902
7579.06187877025,7831.22181170335
1775.91616751291,9117.7255266117
7929.77533279096,7578.91502772472
1556.36314074925,8793.53250398904
3247.06363652403,8743.22857379084
7598.74844391706,8230.74670817458
7081.75415025151,7563.84624402459
6612.33662976221,7056.28005031212
1333.14631884185,9190.44000380247
1726.64087429651,3676.37910880826
2556.8625538768,8974.95144155439
1536.69631246669,3943.1862205915
7485.07442890944,7442.50398318223
1235.17261336271,9028.07185523992
1312.10936150327,3827.5554140852
7710.02187494919,7554.69663386749
8540.04113682264,8411.27008251725
901.987947064811,9235.3554379538
7188.27757712803,7280.77267467377
1399.10107576765,8871.82635144393
7618.95394231283,7499.22519343092
5368.49420445896,9139.0607390019
2010.95651335592,8889.65022924794
1621.23442526804,8565.56639124424
1732.32016560048,9108.60322394441
859.66688381019,3268.90112225927
1246.93301349996,9096.79154979704
1575.3105776145,7183.76553541854
4826.60985431908,3499.69114599306
2139.65608204487,9278.39729865209
1250.41883929523,8968.31651192084
7802.98283014897,7706.14252728872
7679.53973964849,7816.85948865733
1537.28181765744,9013.54049088294
1916.28784215434,8590.41083838351
1883.59436876237,4034.35343316023
1156.08229503445,9203.26153898947
1858.90118014751,4151.97288927016
2358.44043965294,3302.27933585876
1747.46706592426,9313.02768224139
6878.65684113531,7951.55799216736
8310.20305779418,7443.46668184907
7578.67834796001,8176.88969872434
6174.89613263327,7393.48324207856
7068.36736923822,7354.35030251499
3086.08882232977,9032.37959269431
1526.13408184829,9171.77332597376
6996.50721546338,7894.1003268116
6429.68705800323,7854.57048533583
957.941210702068,8838.95454437273
8133.27440164085,7204.93405246243
1253.82216888654,3457.36226830982
6649.93823310209,7371.93853832246
7359.89562291888,7405.17850580161
1649.47078876506,8923.78194033829
5647.36434226746,7764.31549592736
9097.85566518567,7619.5859901773
1521.04366955962,9068.13797478542
7577.62222004903,8258.94263240214
3636.10665714889,9127.03688909009
7168.94867248202,8143.90144710737
1219.15848731394,3360.59300166844
1450.47430347488,3597.67814990384
4008.00624386834,8287.84772814874
6895.98336524749,8833.73513668687
936.551216522177,9075.14876021237
1927.00128837315,9047.60616352789
7706.94599941025,7540.65280195382
1934.62538112829,8456.72461573766
8074.92553159144,7214.50657748566
1685.44808376162,4960.9823639296
1235.19189415435,9097.50538154025
1907.97059508589,8895.7513802508
1753.73862048598,4262.24091444699
1156.92726025208,9117.54546479316
7336.69822452116,7866.97490581238
969.682865598579,3462.95171646093
2008.31802478215,9183.38633401288
1658.8124111756,7738.32143311893
1753.61659505199,8979.92046570232
1071.59114135997,4019.73100574191
9228.83664168961,7581.11125071397
1789.80003197045,7880.66396059835
6525.1636351798,7054.05718650298
1083.24765473023,3598.66002363709
6153.41665547512,8000.01941119271
6110.40443278671,7366.98041785772
7484.78807717784,7360.4710918167
1261.24906842091,3523.91519126671
1493.9500740889,8514.06845919227
1790.81998212933,4167.18924695228
1323.87589100685,3290.46034654274
9069.4788276466,7999.46604937787
7727.97524676615,9225.59678898127
994.890637809326,3561.49455663351
1437.34141766011,3794.38161966288
1301.11225090615,3526.10229671744
2197.85189213688,9125.38211859725
4881.7943779183,2733.49905117183
1193.83599532922,3486.80337756838
9188.01540341894,7091.09386653666
7122.21967445266,7521.09496243916
8204.48322673974,7084.70056227553
6458.47456690069,6988.29904265442
1376.09268340435,9238.47437939217
762.342171786282,3521.12216768649
1868.21499084116,3929.56610411982
1708.95116522758,3603.39106285221
6330.28575887537,8311.00571887704
1463.00566986665,3604.0803238286
2047.62690821762,8588.06320016775
971.289730699007,3356.26759001875
7186.31603345826,6467.82666815002
1845.42394921274,8913.87628180599
7258.60800733933,7964.04656814102
9162.383169426,7970.97417008659
2319.51816259182,8078.30514232059
6371.93523472636,4778.42569440537
1671.61906916389,8992.26417681989
1087.64071044018,3493.4460496227
958.87539637433,3182.32846235968
8755.04971216505,7952.96994790487
7878.62243240847,8124.81774756947
7458.10333692015,8767.82202599023
908.109611769089,3202.84851147903
7077.99001428995,7404.5735653174
1486.84004468089,9180.02559614139
8248.66129801944,7465.38993404944
874.770880956065,3158.83799658797
1345.32653294088,2704.5099972541
1032.67430857834,9147.80480283742
8549.76251208019,7152.43664174129
1292.21932840688,3372.15980910186
7092.97277398706,7794.48461731079
1798.51435002779,3913.26408579095
8011.16631549194,7965.48014207605
669.043933933082,3727.91957147168
1793.37072881538,9704.49880442662
1412.94961869565,9222.54362272835
1291.57765268919,8220.23113665087
1278.48286711421,3878.90898581266
2035.20043351639,8477.30273343306
1417.22683089179,9195.62247789153
1211.09765022009,8280.16589693053
4308.17581735375,8507.58521427506
2018.42490502924,9095.33854638698
8612.98196650826,7550.20096404549
1157.8510085963,3404.21836911916
7039.42349805139,7994.77305760267
7658.62906170475,8250.28575523004
1201.98572224263,3423.8043526469
1393.64368369181,8903.24561285338
6507.0801391139,8027.73863018734
6910.92112535241,7632.82790487076
7972.79320708145,7437.99832206266
947.043017946666,3389.09614672094
2155.98957578613,6734.48743083052
1697.9448237362,8146.84452466721
8937.22437219589,7461.30089603876
1123.59285829115,3627.9857674646
7757.07738911595,7515.4693925901
1217.91427762525,8968.08879320079
1049.47508739786,3410.91392594521
1186.65681346741,9315.08712519867
6666.00186009675,7555.60137188785
1530.90756418485,8528.99084448002
1254.29895228,8852.86491932724
7975.9504467115,6949.83870336573
1370.26970418534,8441.49528619484
1171.77541799656,3715.03530747848
150.669143527259,2803.43715846533
7754.97717663643,7619.71581460715
8012.62227049845,8028.74689971806
1453.15720145575,8373.54110805276
1628.40464799401,8910.07811587426
1170.97806218114,4529.03973917479
1959.39918404999,9157.56509831121
1615.02739206786,9019.83402950644
2267.66718968149,9387.61351007255
1488.91301700794,3651.03699832622
1675.19933966627,3976.634310195
1489.44149086739,3392.02428653851
7188.896218238,7957.5814107627
1750.03662737003,3703.82327888387
7000.78091483847,7231.21681338209
1921.44989834962,3906.22746547179
1211.98659107425,3385.03558401891
6517.65482971314,5746.28976083151
8702.63782113473,4222.17958169831
4480.84467398208,3787.31336182982
1193.79209699647,3318.69413603774
1268.09233616601,9157.39599411174
1605.67301567042,8863.10070826469
6597.64275743181,8410.17458147171
2072.69491355741,3825.47002749004
1689.26497042336,8167.83945529485
1714.65364756238,7935.29459778452
1244.33880231022,3367.75104534124
1434.93374129174,3647.84651692443
7091.33444175053,7909.63611887664
7991.29948183596,7721.4643034805
1279.91725033177,9022.17464102057
1526.18875598668,8921.59488620591
1366.15242229183,3589.23284340357
8577.36966965869,7112.82679758668
1538.34483813227,8886.72057364377
7851.4227644924,8032.52978498855
1833.36627265878,8089.21221569921
6682.54831675245,7251.88525291992
2595.01863380452,8968.89537626138
2005.89175985012,9188.59861749031
7676.05355997363,8351.08822743622
7372.75079251274,7409.7811570645
1506.95075617218,3255.06122042603
7771.32417489786,7194.31917037148
7570.82111390348,7462.37233488271
6879.72710097111,7737.18465798797
735.503197717203,3319.66835646487
8453.32025546456,5877.17589673399
7860.36027110148,6636.10882165685
2967.20660729012,8778.91277375522
1489.58414967283,3903.41917080809
874.755311303298,3748.6482464315
1446.0753539416,3206.53951402661
943.16734529451,3211.5026878739
1686.67615589335,3710.79384494924
2266.51561592951,3944.32212088551
7261.44000383485,7553.09889135147
7251.86450964198,7602.24122361572
1276.87459664808,3652.24607437756
1710.04372896528,8856.08766626492
8137.21782040984,7505.49665878935
6631.88086928036,8432.1097668196
3241.06428400273,9037.98155156746
2982.30195712547,7384.75904708593
549.278063062466,3494.31321018438
1380.63412728043,3910.91957530418
7895.35207206181,7668.43698366545
1726.12169455691,8378.49176111428
1079.58659473481,3482.94919369397
1220.99546476438,7830.42878287428
1568.2559510325,9064.50146952615
1053.19274583258,3227.28413285356
969.279378603869,3309.86274597136
3361.92731186233,8129.23281973555
8215.7479294473,8087.15861812469
1201.40480180872,8860.13982406752
1433.60115529597,9092.25547800963
8587.64399100393,7760.13352310381
1321.41564427588,8926.94800172366
8102.38955605486,8226.5179881941
1072.68305219437,3447.45012299173
1867.05796035731,9245.39756126312
1696.13545031655,3793.83718494395
8331.06040937181,7507.14850437778
6850.45235820156,7506.22369240853
7571.17999891212,8401.73452185137
1584.7164648027,3281.48436637528
7617.22494856755,8541.52221124392
2323.91773319382,9095.57139319415
7654.31094835649,6683.23193722629
7796.88952200068,7390.98274903575
950.303087927341,3375.38713161
781.743221800649,3198.92133483035
1832.87197374354,9214.36049689387
7487.6396716175,7867.6631619265
1591.18147659854,3413.83506163339
7159.422302427,7348.78354283204
644.616233397608,3374.44226092247
8795.52358866578,7035.74480848482
8306.44045700973,7434.53250346396
1837.90024191011,9121.34068767508
8198.02758175876,8286.42791733239
7309.5867311051,7895.16775168306
1194.18983370754,3280.07297959066
7559.2226440413,6451.71623403884
8695.43864602011,6775.37393879486
936.832630580129,3547.26668786838
1397.99853258895,8246.4478205179
7905.45631966219,7757.54154904434
1147.44617461402,3597.46272352234
8440.33486750561,8123.13527661729
1411.23992257522,3601.72363482199
7955.82332656642,5455.33448232778
8833.53900061369,6261.43849884879
7902.65345046896,8152.812303701
1114.26119362779,9279.90334197261
9064.40203049381,7771.06299017949
962.788092266581,8930.20396857273
1311.74884115719,9225.01925259443
6560.08066093135,6976.51909057651
7283.34367935529,5713.35701400787
7435.35627125994,7700.39224895441
1282.36732465852,8299.43678821816
1435.17992124503,3889.47583561745
1697.68274542968,8892.71101536779
1506.89326767471,8102.74567876213
1585.0989007298,9002.12546646927
7696.83581874268,7462.23561593507
8441.24533195514,8254.85743623921
7473.54013761833,7853.33907007958
7791.41198092043,7330.37413449227
7319.64792936971,8352.64164155471
7712.98387899015,8109.22654765081
2058.46057333947,9113.11440512603
1900.33556430438,8224.61547642365
1849.72353708903,8929.74592426246
1421.79957239314,3732.07313299346
7523.66178294169,7836.95767427781
7976.88286444166,7236.8718991786
1298.38087355686,8371.87653144165
885.185409334302,3203.0350849015
8206.07670493287,6820.11068560698
1995.44034332913,7867.20653496751
6942.93158714311,7466.63222216562
1191.59290914811,3351.69404539119
1703.74469149445,3783.80767740306
1157.88665722428,3505.00254894437
1490.19233808596,3536.29475063491
1025.74667866559,3286.19483230089
7746.53437354588,6554.05562731781
1330.64091975782,9121.61862632014
1530.4272680837,9008.55911367946
6913.54930161902,7547.30898348661
1881.445996017,7562.76028004511
7512.94999946917,6810.51195047144
7405.96208106762,5925.00344918481
7776.33409498624,7409.83117277732
1265.15639176457,9028.85652944964
2024.41496817808,8835.4213833561
1944.15925200977,8503.01938928621
914.099095286255,8782.49906235521
699.639174849059,3471.77932522793
1360.67468889454,8208.80745644923
7622.35177149592,6519.54900629824
1558.61496402399,3969.70626499609
746.69946338101,3304.65056453524
1617.36701216741,3819.6225897158
7632.4196091197,8396.09840897791
722.123072766025,4376.43112594949
7601.3371482994,7142.03421428633
1167.66116813195,8723.79924761635
1094.34797275038,9090.47619260503
1581.41399793825,9023.01049171482
7709.48946170083,6841.73389950316
1562.04252330754,8604.88346207184
7348.60910885194,7074.2334444982
1344.01735118038,3426.99967083586
1232.90873827461,9140.07215974759
7815.15912181071,7836.28464037426
1428.22320527625,3920.67791344685
2127.05931152895,8616.33225670118
1476.75709902306,8627.78862571226
5052.16556632372,7225.49269533746
1663.88318150371,8788.84636851664
1265.81158042992,8797.56528284161
7186.20817006285,7580.39664168345
1249.80875046815,3400.17019911485
7106.81220132321,7791.22389860355
2169.18566945236,8902.15984260152
6875.0215468748,7352.03541709968
1485.0944289538,9007.93061991922
2861.66628748058,8014.84782413799
1788.27992632628,3637.42965458648
1476.87039356733,3652.36766391651
9624.13817935733,7613.02541104249
1514.18389453486,3395.31613801557
840.20658269423,3297.48371347069
2064.3987815982,3701.7938513837
7431.28840790266,6929.28842983713
1112.43713119202,3253.99720130523
6472.64414020848,7050.25693147528
896.672352447358,8721.1085258867
7248.15627334542,8498.96180961057
8148.36534604973,7437.37475606135
1571.10797596679,3738.286141452
1306.9930521983,3807.95947168747
2232.5282318978,8859.47855672158
781.508542623912,5485.91356566708
1674.54924780693,4226.20309818341
1978.64455574776,9579.17587578035
7035.43954024542,7803.52788214393
6731.02343389283,8077.71839436955
3110.63765551833,9157.88001031697
1567.35931864318,9256.88668739033
1820.99128030087,9229.53891172732
8134.77829707271,6837.84015454223
6560.26242449358,8269.45519886289
1732.58734571705,9269.70268867879
1004.42843994705,3207.35133983933
821.629900220623,3700.65626331446
1654.53449511769,9222.41282466171
7345.17847935563,7156.60039420728
1283.33008592769,8947.16404309432
1828.09407190709,9403.60755967061
1544.30417871205,4539.35506926089
7041.40526135871,8096.01339194426
1772.04273045704,3938.60935810747
7358.31069017794,8220.64487777202
7996.0450817992,8163.82362983949
8220.55143506396,6980.25516152399
8843.30462478057,8508.72207980436
1420.33388282923,9091.90323240458
7392.23344586949,7353.41106975053
1082.36669443177,3305.68126478663
6948.78532439046,7672.26661706524
1641.48779929016,3788.47597734238
6799.43311641569,4596.92012071645
2367.70412695056,8954.37231520197
1335.00807760089,3529.61300602623
693.238243010738,3071.14986998365
1276.12897720963,8995.2935347702
7825.23654223181,7820.27322052492
1449.25304774324,3750.62068252682
1950.05845095508,8867.17923116162
1206.14867686933,9118.29781378426
1360.85561794741,3568.51440083237
1074.52534361008,8993.91412629452
6903.99475540063,7273.98387525403
2445.5870008505,3454.03229903486
7722.21866670255,8455.18404346888
1686.21480196193,3652.10111539854
7669.13375908768,7744.93704960385
8007.63333937079,7338.55924311393
2055.46067977344,8702.71234577473
880.483392626924,8922.86716425157
574.225095444534,3135.56364773789
6920.78535832745,7811.54436733608
2283.54337132255,9343.79456706733
810.106589125118,3570.49818867849
1116.19912192577,3443.35490994397
1063.78867822532,3351.27213165121
7753.63926376597,7420.61755928689
1375.7768969607,8113.18263332059
1642.08126822967,3742.1461094559
6980.47953294392,7542.67386572362
6443.0941444255,7082.50076128048
1100.95603629886,3479.1334543201
1645.11027286607,3946.80395295346
7176.56352666326,7890.52712097999
7056.70124860729,7970.22876597036
7533.44179670296,8007.34301145444
4297.21236231897,3556.32073856275
7733.65003929373,7857.84342241576
502.397361879571,3174.89473595956
7846.56586651747,7417.10052521402
7618.14449761617,7218.96507797062
1705.41324291791,3523.58724536646
1837.23583543817,3652.59468478409
1637.5617492521,9193.30342449272
7998.87436099197,8496.0361823549
1318.17588473819,9216.52319305797
1084.14415931102,3507.75989127236
1115.76551746866,9056.61486925987
7706.58227018022,7244.60966744849
1685.03404199134,5312.27579289681
7836.71243974623,6699.616629358
1334.46829529905,3839.94933578041
1641.84297269743,3458.09516720292
1118.9060023303,8802.95418153325
1866.8488174185,5669.92722810746
2829.62621329851,7943.66864498098
7134.38714555921,7395.00192363238
384.999381039054,3048.1705121163
7680.04601939021,7683.58001659658
7524.63779264867,7149.81833611744
8547.14020235787,7544.09560556248
4823.27669014575,6547.02224199974
1969.09012176193,9058.20697707346
7708.12877328247,5324.23373555633
8578.82928167877,7178.12307484501
1784.38558949486,8938.52675385671
978.446811528645,3137.69267981329
7478.4628821028,7206.25004072644
1220.13263786727,3742.99733190527
907.773454398413,9094.93063243358
1870.26456280244,8939.82633853029
1139.24957950487,3980.46865792646
7409.30238913746,7595.21219985916
1599.10777537662,8668.47951976379
1888.97035099464,9266.25551294221
995.233127625059,9059.35270843923
5960.92821405345,8712.35436082237
1817.4358111858,3671.68367004483
7977.29330309728,7357.86870832004
1438.46735890146,3812.37467651862
1115.46232323508,3438.97129685492
7408.88347743804,8400.22091645992
1549.31479146868,8897.60713361282
8062.42234860129,6125.98592755953
7743.95843872979,7247.5962106422
7783.9829645876,6869.5798796386
7733.00165059491,7928.72049540712
1872.60714807057,3379.66500878603
8294.54545820479,6972.09761007943
1744.09842700885,4179.89945847507
1752.71015883691,3087.61200431119
1471.97955279643,3576.01188270225
1162.68307236579,8666.36692276995
8330.58194964219,6762.52131350419
7799.35313883623,8055.48928381139
7912.57956258724,7953.70465693382
956.73896419005,3252.69248753073
1464.73998198443,3354.940802111
1362.60605364347,3671.01203292176
974.586541676127,8969.12790364623
1775.37776217654,8766.30324126484
2033.27688436883,8437.7145163137
2276.79484530947,3487.82317954087
1012.31196634617,8967.65081537928
1956.32996802627,9324.15044588784
1484.49758829265,9023.93097726125
7302.04354312038,7634.33226817218
7402.43495085659,7180.88237103168
1488.11775195459,3890.86305703851
7139.28032207757,7436.88771111647
2554.46641681247,5192.91050737049
7538.43292892224,7513.69640408363
1386.82781936978,8884.3343766485
1566.20106600455,8367.93024090365
1014.63054807975,3131.00755000446
2175.10221635702,4110.52566203424
1653.54691537797,9106.96620358183
7840.47614476803,7749.61376875262
839.322796139263,9094.55199235535
7875.34970493878,8131.10778354743
6935.56168177531,7000.06834554462
752.829054548718,3217.41877018972
8573.23789665296,6586.88519200741
1252.57514092371,8846.01549742762
1577.1919171185,3946.50775384526
7775.9202395166,7409.72202256254
7486.62915213531,7595.29522822161
1501.38847869639,8331.90993234027
7417.84437674087,7796.06231448118
6670.76569977456,6474.56297868338
1774.21194264275,4107.71864556917
1930.86482135374,8834.29683629394
1418.1648606674,8560.52954966693
1541.69476035088,3636.6340341422
1871.11293609993,6888.80385628935
1800.74103756838,9109.03617093612
1388.41743419971,8452.58843094673
5712.73884495474,5971.28653916876
1071.71516135348,3432.51115355911
1344.42006073138,3650.38282502202
6930.25063583936,8072.49597247831
1043.33872470096,3247.94310309259
2336.25414357815,9175.30854847306
8832.52201070077,7384.52544978835
7926.40527509113,5450.625547715
7629.95998222697,6579.64254781985
1395.99820625536,3360.65213683962
7604.7609653561,8240.39916795812
1050.42706817994,8953.40481867859
1551.7318667789,3610.93087209075
945.62703675057,3345.10191385219
8408.55159422873,5519.74681323487
8046.31446362578,7452.35258649977
1333.76995312633,8857.44409726551
2122.87769829284,8878.18935350819
8041.26199371866,8145.68861772887
1633.00936695611,8894.64792226747
2089.28680061638,9111.01086641752
7345.89405253967,6501.3602841793
840.721548759136,3287.78542070594
1860.20777579551,3622.48775829136
6899.95096242865,6881.97237531872
7172.39009941458,7109.01836822485
7629.02945847214,8329.63053880665
1306.57183026949,9242.03217388167
824.542752285698,4118.06464411183
1215.73872872772,3702.1743295561
7111.9761809709,7899.66269454935
7253.08517455971,7699.40700476622
1844.95995651566,8546.05622214038
1709.95085444168,3843.51417878065
6765.68602679524,6944.11149900653
6122.42038687426,7761.5176224112
7874.9221178538,7529.98779911619
1563.00622424805,3226.78157682226
1419.92693310832,3982.71901739505
8679.26457029757,7532.21258351017
2151.51320352214,4184.06366455079
1603.52092952349,3888.33827103238
7711.26854221407,7931.23606829083
1724.47184743456,9110.55435821688
8305.48013024698,6083.59480751375
1623.35467499607,3581.67218159436
8787.34534766749,6751.96788346325
7804.68756692463,7442.61384392071
8841.53233529579,7180.16713562034
8363.171958369,7007.09046474794
7268.89075819999,7702.22564294372
7694.92199521274,7719.52952765528
1113.85242560462,3496.6313929509
1201.94301765125,9233.17726244448
1090.28760129848,3490.0451306058
8211.79544441573,7634.84422081223
1199.54683957153,9023.62631316793
7523.66676383544,7742.88921738343
1112.30392509584,9426.74604322467
7757.00350789247,8367.7697505332
1488.45930690789,9431.11979639486
9095.21400267726,8144.76320360064
6717.873223065,6798.73693548241
945.400128121237,3255.66661229747
8557.26332828786,6380.63187778377
7266.69502764242,6951.81897957729
1567.15690519888,8999.64060832424
833.746033564127,3331.70984577968
7996.12973599876,7913.16470116412
7328.99567621168,7010.05206145331
1209.17617711224,9189.51777022829
1816.28778521004,8852.77741579527
1183.24020311303,3950.94420328273
6622.64442351823,5333.04124655098
7332.07898193811,7471.91505635079
1274.29755303427,8960.89387906442
1425.47879013065,3544.18396064528
2837.06244108815,9073.77158354085
1479.62196370581,3777.37419944599
7964.43288450899,7546.29873731724
734.845468640215,3440.39917512998
7902.25806203402,7834.87606795584
1657.01839273623,8947.3148868051
7671.10856702122,7049.4041508096
9140.19587578476,8292.46208900801
2057.23254238225,8286.81797743818
1456.414024299,4079.287154015
2230.97768715436,4041.81462964322
1745.93059680076,3623.86952414708
6684.69340154687,7770.26071102767
7054.88310466691,7897.5310364482
8845.49408605159,6484.19581690773
2314.66213796526,8973.47159338292
1909.57540358103,3960.87623773571
6720.81499854688,7117.43824697775
3445.69055822736,8320.26175223051
1143.86719402201,3349.33250880959
1326.51649110657,7910.85080629157
7150.99925071168,7605.03831537492
7677.42151176042,7158.05904206092
1317.51557346551,7694.47525767204
1548.16069442668,9209.56105069949
1595.92276094332,9051.8922270196
1656.05140968472,4087.29286160324
1712.72514315787,8868.13953574032
7051.82102193578,8288.43696648173
7456.65094892521,7438.08374322344
7476.66519404226,7379.83744052358
1415.40086256701,9336.48541110439
1526.29852212218,3714.0402420405
2458.30574223503,3768.93407541017
7463.1431331691,8720.34741478282
1470.51040449332,9268.16996625028
1356.22526529837,3699.02836339142
1631.92987259001,4133.4870369577
6833.10767839664,7716.98428987952
1001.00277902726,8482.23535601255
8500.17510799713,8091.68527597965
6628.76294717684,8041.61518198087
1567.81128903158,3522.23991716927
1501.9543086027,3714.42006726948
1025.18347764956,3318.7297142463
7543.49382956498,8157.02541019442
8722.63697859066,6700.44304237436
1426.42941589183,9348.59991927565
1618.7787030563,7939.22480605232
8269.68422824545,7395.49595391549
8814.3473023895,7241.91566909452
8926.21781454806,6287.65099009827
1640.96920512073,9190.05805509109
7989.53872703104,7838.17273248943
7690.4767424084,7972.1196416354
1621.35453059823,9141.76028865698
6714.49658401546,6854.97775230831
7425.38778437932,7233.56750962987
7823.01754161222,5086.52016716274
7735.89370686221,7468.37957889296
2356.41646651073,7755.13385757525
1184.66945148913,3684.81709167379
834.837154846044,3538.12810376799
2802.38563545064,4014.27024503764
1875.60987148256,3948.45249028691
1517.33302730184,8689.18784191608
1763.63145590991,9108.23475690614
1386.23999283621,3674.6096584887
1437.31944026421,3685.13225627519
2801.77305657889,8814.09880510638
7888.08806444317,7377.05901249574
1610.48761098506,3873.04850456941
8104.48090272084,8034.37526357056
1332.79906540672,8729.62858065635
967.736116139782,3246.92683291744
7023.0627255835,6574.16768478451
7644.67635633163,7809.26707703172
1420.23480603646,3537.13885142783
1243.73081390301,8879.78656345084
7639.69313344855,8185.87972331831
1430.15820088082,3974.66168353262
6777.33802620366,7412.09593441972
6716.81413734709,9117.33546331036
719.732906235732,3258.01977568717
8802.15875068617,7962.81363914546
7346.1525803825,7631.57704970386
2059.64091597872,8767.55969904193
1808.10703596453,9022.59880011756
1135.78077085918,3060.88259208118
1364.18023205004,3418.99152247772
8248.98630445196,8299.28938748682
1257.63877515408,9085.76633837533
805.806578494866,3301.61376260997
963.945533520814,8946.97051345634
7022.09440797933,6074.97233478719
1122.16592296444,8965.24066152729
2266.92406946177,8429.79819335695
914.975683842852,3470.32577280781
1753.59486626597,8975.73641455968
1499.64518538176,3542.74048145246
1428.58686967736,8993.42905184873
8396.84374444622,7666.44010126581
1027.97824143731,4098.30093738611
2218.74412255108,9187.20136359749
1750.15353341546,9066.29506430142
1582.00903558683,9183.79232887815
6082.70493029203,7199.09611313701
3356.49949991271,4702.7432100972
1231.62020446832,3822.94659937262
8070.87588336061,7541.50807908281
699.351706847194,3175.14252138332
2046.60121878909,9129.07503500002
3248.46335506638,8686.24785593962
1007.95504912046,8246.91326183179
912.330172395242,3186.22063262817
1033.63990124449,3428.92230427696
7334.61194559539,8439.9103599412
7499.26081416825,7995.9534363288
1062.81452322962,9355.31057259617
2483.42991696924,9131.15136415813
7240.03558003103,7709.22195596378
6944.18861057494,6810.95948120354
1080.4809215158,3681.75826460703
6069.557763715,7543.32833477095
1404.6406069273,8924.62424902909
8270.8833998922,7159.37433801756
1539.60580993372,9441.09196358424
1465.88300460166,8764.80843742346
7449.53437558995,7085.26721220707
2207.29154323789,8895.56702185946
8529.09326115519,7305.99670168163
1638.59708551141,8036.03822063702
8634.09000974313,6682.12650321608
6797.70712879611,8113.79920089035
7741.37316794438,8400.13544077391
7008.57245080561,7674.63113931676
4856.55743839073,3826.11455384883
1318.07882761242,8832.07172832207
7840.6285253492,7988.6376870891
1022.0553331956,3678.93224628993
1094.05278015255,3218.84126035944
7338.78899731939,7897.91835269544
1858.50307576693,9299.45471417747
8918.29537856492,7596.62446283227
1006.48668337317,3412.01427086451
2206.01200255136,8991.97204195805
1731.86174299088,3934.96918539417
1673.50762738287,7605.86504334815
1506.10395428881,9070.66532304919
6415.24263625386,9208.92874872948
8748.30879133374,7297.55693400796
7661.91743288854,8333.90682513338
653.522560152452,3061.50298150677
7648.02749278935,8088.3779536453
8874.08730993722,5842.31380756346
1413.18986826318,9071.55920155473
1518.98646134401,8917.54283221386
2054.6504099215,8822.60567800111
1365.14904271002,3389.19271606884
1376.35307290077,8980.0028286471
2070.68729593494,4333.47573217705
7030.05130970405,6709.38940336866
1476.37296748072,3706.04774645557
1224.60545909458,3691.70234200921
1420.89812596289,9036.45691616829
980.687448796558,3086.53207645412
1569.25146635967,9259.36348330926
708.850419252284,3283.22533320507
8065.84732249179,7663.95429252031
9013.06737110107,6814.56969645839
1293.43950625921,9034.81705906892
2401.03964481916,8678.20823414698
1536.03410795994,3598.66453197518
1084.82620017854,3331.25186179985
930.225481634221,3455.33290367816
1364.06134641198,7853.53987878063
1818.50160930737,3324.35740234576
860.581326444309,3094.0098010452
1933.69089575001,8793.24028448419
8302.75525650461,7794.92273692804
791.258909687008,9025.93164989155
1984.2531195342,3790.33463462018
2402.92567632505,8089.10499261651
6935.03566289212,8112.23272619716
7212.25041132733,7312.23476665741
6557.92849544926,7653.65791482921
2012.64393716598,8518.59914609482
8851.34799417267,6695.58085852567
1115.26157021817,8884.40538935418
950.801339573305,3124.79440953971
1511.25616157851,8822.6633135494
7107.65558692967,7686.50329303471
7419.69350679622,9480.36385461511
1151.82258817853,3497.45948018747
1772.10720198063,8905.09181042549
1920.00719521723,8580.61427767466
1505.03441554302,8779.1579009703
1423.51298644958,4054.96652815562
1412.38827628443,8531.86018168973
7305.11777495926,7578.87592406501
1906.41664849556,9112.37054877336
1260.36221851608,8793.00082467876
6497.84018586617,7196.64309536528
1402.64621853874,9074.77862902839
3107.69782455854,9549.7557704623
1520.75727379229,9269.17940568742
1998.35120972679,8538.56406519388
8623.00412134956,7835.31848525678
8022.73952253773,7799.74445476115
7463.91973627974,7414.59967266221
1476.5688585419,3585.31680948705
8108.48888309218,7390.06291674999
1376.83072182369,9066.39596283644
1666.14497843501,9053.30367938447
1275.36684483535,4650.1763947797
1647.96175655927,8549.76274511586
7682.16369760526,7835.9236632421
1149.41614477022,9146.07905300041
2033.5154644604,9031.99450711729
1193.36123312933,3478.88041774328
2227.5275943552,9267.51060410283
1384.96662504179,3391.97589404837
712.813904316834,3337.67171830606
7907.46381989061,7995.45413953935
7619.15559020211,7526.28137261364
7299.61416903739,7645.32247348529
6597.61964241409,7509.23688074723
1797.09762628703,9148.20843951867
2063.3120755757,9426.49404630555
6968.78952346476,7305.31410960373
1275.85392169592,3818.22942987793
1766.56421283,3616.95772997458
6741.34457743341,8416.30401723439
7480.23702197973,7959.51292236673
1367.64680252927,8699.89504653799
3421.42384741884,6708.7378978353
1618.21408760327,8922.25296319579
9145.41787121508,7771.95215819488
8062.09292597423,5167.50683040601
1466.21618167379,3685.46191815184
8082.85513152154,8232.8212730699
7748.44361652005,7837.91974741123
700.648293864376,3173.38407938834
7801.01920439559,8246.18376630725
1244.34042294285,3882.37045871711
9033.6366373938,7493.89569299791
2644.7941634477,8852.19447950189
7155.0515317002,7541.5326069598
7383.59573861498,7731.00853324721
8303.53350011949,7608.63673882532
6948.44234327162,8459.44661461772
3400.87302778583,3585.35395960285
7595.46193970532,7399.84654099147
2482.63169713778,8944.97932479383
1540.67323978535,3793.79808341684
2559.37851462034,9170.2619633103
6883.26735534401,7451.98892943565
1939.97409051165,7862.32820777522
1233.23202780772,3678.13652536147
8259.42363081553,8025.35385973026
7340.94722983472,7968.96091212551
1478.71883367217,8932.21284671137
1259.00359002189,3316.63973636672
1768.9159470632,8343.98014267641
936.090081761247,9099.52588860389
7927.15379001901,7096.01484269472
1624.80463347582,3881.26066106356
6955.07510390748,7748.4582991211
1375.81165576669,3495.89681984021
1180.87408759212,3396.04199454937
8396.43420717215,7237.74903821078
8121.56278322133,7959.6457925111
5315.80122154624,4976.29167156795
974.553872662468,3429.92890497329
1699.96500185935,8266.19170415955
7000.50390827987,7304.18583046382
6253.47668476587,7770.12597198673
2039.70018524004,9498.77367027298
1170.20461125519,3723.95031405824
6698.26747652709,6231.85857488388
970.812193238187,3281.15026220913
1850.84194363105,9109.06960177621
3272.86559232649,9009.21772701852
1340.61964281108,3895.72790062908
1683.75182811363,3532.14367911576
7623.34868295652,7952.14926652532
6305.16344698706,7682.34488935556
753.094610276898,2842.09287845318
7532.08902001789,7726.32185862665
3343.14153370421,8872.32664742328
887.071132689302,3736.38702510934
1955.6698472333,9086.93505862619
8083.12785255061,7920.31039734144
4507.4987095966,3802.41145937477
7789.53854265626,8401.05486944008
773.459040223219,8053.47135899809
7270.57761017026,4861.5576079909
9527.86158356564,9415.40592812172
1583.85658182868,8195.88523919977
8097.99706618859,7387.6197053459
1651.63969925049,9120.8304434861
7123.38984622634,7235.04124308092
8131.58159630693,7363.60548024076
1489.9283609841,3315.6175421892
2072.87908020742,8431.54084402437
8969.34798452075,7559.85203605528
7638.29547060328,8566.50310086771
1144.95333053562,3591.79768293807
1558.02540676499,3761.54737661022
967.05199629881,8933.40067773304
7597.49366132029,7723.19021974421
7584.07874251993,7549.4272242863
8733.90637072024,7351.21650539336
7440.13188842436,7747.56758394471
1067.11493468632,3361.08160198341
2374.39765187113,8377.94288447304
1801.269718233,3537.26495026413
1294.80391207845,3492.31087503416
632.946543238157,3074.2216841498
1003.55450629078,8048.31319418266
1145.37261633759,3312.84805640677
6935.85556511865,6981.59974043079
7070.66312899339,7776.98627462659
2185.69642641824,3808.7418195245
6549.94148471957,6743.53146984011
2064.30691560418,4152.64077759729
7524.32768653901,7052.85691272856
1720.71403107343,3611.10136196853
1506.99489493699,9056.82741054146
7267.87016566616,7309.33382752612
1191.27031168603,3256.1319465483
2251.78317035045,9135.89935728774
1415.51723758914,3630.36421604826
1760.06500012659,9150.91493520103
1127.36452932528,3147.54394991691
1495.54037082365,9036.13964206053
2000.00673007925,8920.11513642129
6092.56194819131,4467.84674693399
1298.60677600563,4065.49382672115
1241.21115078583,8427.2302168914
6953.20140075194,7985.86303864673
1344.65805853857,7945.07373801837
7173.44789974182,8032.58072098947
5115.57378631187,9105.10729753591
1523.87657365087,7813.2740687398
3002.22711935688,9053.18808380931
7410.50149359853,7833.18983344663
7700.94482850575,6763.0502006931
6981.49809420242,8226.05325986035
7094.1080934328,6482.73797866924
7288.45025926696,7200.74640018818
8261.33570894455,6852.86294761541
7383.21073520788,6028.94240699769
8139.02540941533,7680.41624063572
7371.92048301628,7549.59441180325
1525.5062090334,3504.84148593188
1290.49614199285,7999.10512805254
7991.35949359019,7935.56871635622
1691.60696310718,9071.4264504008
1228.03368055518,4704.50987061588
1451.4788192686,3729.44645219769
1403.84320682535,3230.73947277286
3038.77342280323,8975.39008581571
1508.29568461663,7964.57299756607
5293.96444686891,7572.64729220273
7997.50532570026,7911.11886249167
7308.50717368796,7874.25025069364
6974.88432223867,7189.99667728837
964.45790169856,8858.18334425155
1441.23218917149,9353.38884989606
1221.80150716212,8815.15503963692
7299.27808190145,6033.20528205266
2290.99608755702,9503.88380034042
1661.97429168258,9010.21814556413
7531.23726794685,7316.83925350992
7661.11644104292,9146.50454777993
1487.769647879,8972.05026048093
1159.7429947285,9139.42979896768
1344.1809520915,8545.03427484051
1452.95060723197,4292.69345078503
1459.74461862638,9121.99975334723
1404.80660838436,3943.47933779625
7702.93465875359,7150.24010388321
6396.81021667321,7369.96251379193
1237.59159461357,3774.98749360841
6266.30421090041,7266.04641231781
1417.82449694858,3696.99216001836
1566.68790291186,9044.81654007413
7886.69399045453,8144.12721021515
7901.01498567945,8076.59762983587
1628.79088911352,8272.44105338218
1545.7895660452,3480.18725422066
7310.82211207744,7997.82819257982
1914.1141721672,7684.24367776289
6916.97086277759,6087.79992643574
1541.01334317558,3925.6157059171
7712.71658215028,7736.2994154172
1721.52059811079,8281.80426057107
1587.04985517499,7560.49232983905
1347.26865978041,9056.67346375837
1097.82299850718,3055.24472700317
8182.11231140627,8688.98130731801
4781.32422937054,6861.85399386918
1049.81793084047,9107.94322161117
1497.86580892597,3730.25141647341
7963.88012162606,8011.25859840717
1873.15726035936,7506.06461294552
1583.06219158369,9067.21556426593
6746.03803687718,7890.27607709683
1082.60061655305,8773.01186799627
1450.04983259822,3828.12482017925
1203.0283202043,8973.86677071701
7854.27468564047,7439.69985085603
1172.48357647375,9108.86035036318
7553.02189854398,7876.21087555247
908.900579963568,3697.55036216252
1188.96893400274,3212.73859219995
2062.91949340263,9150.89750403016
1020.98536522886,3726.9766907675
7766.80325698132,8147.77714223077
6436.09755321853,7191.94844098611
1672.86105803405,8656.8307119395
1813.74715254038,3648.9100503382
8385.09687226293,7115.15070658963
1092.85476045064,3470.08863131978
8062.88299061936,7799.86393929308
2167.60942361591,8645.58997011819
8034.34413358258,7307.88187172947
7915.19795221542,7504.00807522176
1238.74747525886,8937.18225212136
6499.79914534132,6040.7529313929
8027.54568067387,7983.9061682066
7870.13144736483,7689.2724495993
2003.24104460133,8687.74344081046
1855.78839186827,9099.74797445726
1704.56286066841,8901.62524670452
1490.4311429334,4421.52767549648
1087.30257564413,3114.74574409627
2181.89152758671,8568.84884217003
1668.38763635216,3746.3682775736
1643.56109875489,8444.47682787671
1690.80906474026,7516.45657407178
1202.8250484072,8974.17729421097
1917.37825922864,8915.00954290591
1292.62089877447,3535.55645579713
1387.83051318122,3524.71380215629
1443.77630108761,3988.64224578961
1257.41560081229,8949.89932504651
987.584546336351,3077.0550988819
1306.13530508544,3851.68628576797
7265.37565063866,7942.56780288011
7797.44940936604,7725.79099559196
5760.41230125586,8207.4406956668
1385.91429393846,3411.65495998655
2198.9049322872,8445.86391742601
1341.40438251534,3828.59041604403
7969.99997602707,7776.42983484795
696.229580181412,3380.24796882769
1363.23477757751,9031.52245783316
1127.90856908823,8632.68791517875
1517.13959310545,7231.27322538639
7426.40970959349,7726.19590298989
1352.27113615747,3755.44311677583
2267.73865745159,8691.14775500516
1047.05044658833,3047.96595525866
7672.00410083765,7028.1024626058
728.090190586475,3562.66182520546
7322.87788110836,7958.29665690118
1753.43509445579,8600.40167343222
440.831473141788,2983.49149168761
1113.39971842825,8520.06665514796
8348.6760947059,7800.77653888567
3372.67709021775,4324.54809552268
6885.94958898074,4589.6001456576
1174.68392156161,8850.45160830687
1975.74010407853,3497.5139286917
1386.04880950075,4070.0270660528
7770.56460684762,7680.36845100221
1801.49214681741,9283.6458642255
8212.67654219046,7769.2865012935
8307.65050062153,6129.94758531027
7559.66145224817,6927.31557389471
1003.84625417165,8215.82386208544
1109.46752762439,8527.16281070067
7487.64007247056,8340.17586482329
1286.11783017809,3830.25643817091
1518.16230236942,3667.12103654713
1389.4383809716,9168.71004913918
9024.23918997091,7484.88538009348
8184.51851068049,8271.91652459525
7812.41653763791,7192.90825460142
1122.38330735547,3516.28858804224
1282.02612855852,3491.76471233388
1856.66102950695,3703.72191096702
7974.80837751423,7514.85647233642
1183.5314506357,9349.45034249355
879.573824414234,9015.19411762097
7764.34016677336,8205.264459828
1855.30338487721,4115.71548308286
8635.98646699171,6890.16269011768
1139.12612188227,3589.4635238002
1772.94664640769,3492.85459654469
7703.69743424042,6204.25738207205
9232.15640982634,7438.62851355065
440.164374617261,2930.52129285539
6294.6385650718,7058.11720244751
1625.88210384087,8383.61171879505
2950.59338577402,7842.58353518727
7363.04832009057,6659.12340582445
1472.3045611076,8826.49811783632
7821.05965878402,9404.71996494617
2656.08460892199,7431.99551748218
1907.26564153497,8681.55112449341
7929.00749694371,6930.74084250253
1625.06550518642,9203.55192777031
6663.74620410567,7652.71857059424
7131.12485635076,7883.05354388691
7669.50521625542,7072.46997876021
6887.5983277834,7355.51545292827
7689.75192961172,7714.70762978976
8913.78024551424,7675.56765781561
754.225525399996,3034.92930354138
1757.91581353989,3605.41891671191
658.042679246474,3669.98337229747
1303.04504958532,3807.98023076421
1652.74520149011,3689.09326170761
1460.51920852648,9108.58691345205
2090.0641879648,8622.38593892552
6998.70548773335,7316.12041245015
1663.27369280698,3607.38139252318
8199.19073560382,7287.95592456242
8742.20521746458,6059.64294219561
1077.69514822447,8918.29083732105
7688.6090895595,7354.96738996066
1620.51286271381,8289.45820651835
7411.4267700885,8037.00322849295
1575.64004248108,7228.2666268349
1142.72704672825,3532.2647341773
6031.57364875049,6980.20445612887
1517.4105969693,9046.56681746608
7206.1144717229,6669.14651536358
1419.45298269864,3522.57596308864
685.181044443014,9092.77695559416
8633.20466789693,7291.82422751738
1695.50165832654,9023.54296534711
7707.45659370576,6522.54268924007
1607.5828523649,7359.64579851296
1045.87727062338,3118.5512791702
1508.4548996387,3996.71215896583
1430.12351133929,8919.43141893625
1711.05333257655,3686.11842243604
7591.60828839077,7041.98399320437
7448.68358347563,7188.99224626207
1169.23376107397,9537.13853625399
6855.85369164759,8030.59408629251
1858.82708378287,9005.55998790413
7894.93131776575,7421.02932089836
8127.20805118626,7463.33466812931
1802.92228383589,3636.99475481083
7308.85317339967,7250.19339842418
1485.41244380259,3978.58270849577
940.631279710589,3484.84437566659
1331.27733249884,3642.51330658995
2456.95893635124,3857.39210470297
1245.02603725579,3465.70672028855
8234.66209035468,7158.17033537905
1100.45124699882,3842.90426667388
8442.05509376784,8099.17195513434
7878.10602000067,7417.32009238466
7297.3225518944,7825.06744880705
2120.13676125451,9075.00103488587
7421.24701209425,8021.04218872579
952.760493009623,9285.98033233502
7075.00964060281,7574.7258251427
7207.52907485793,8520.17799326806
7937.84087473891,7743.03106518283
7168.58631322176,7731.06689840669
1966.80718723302,9239.33568326384
7501.93888385544,8041.50175455475
7441.67027666335,8044.92170772405
7771.41053103412,7837.70194955467
7108.21640161637,7736.32091412118
1156.85452517602,3471.08698503837
1897.42633533499,9250.96747108952
1587.12450175834,8108.53295728243
877.89374433425,3258.69083364449
1827.51666504754,8512.17574537941
7352.76045877604,7527.7106377629
7632.11230516741,6738.96290322278
7165.34850544653,8124.09060823797
1137.05869647056,3327.76296338558
7918.3624171167,6478.83539058197
7324.04806564596,8141.68351162501
1993.15175848254,3869.86928714551
7598.01903876122,7612.1932772321
2778.28785875669,7640.23972010877
1483.03796596045,8714.93187444558
7733.31590809643,7253.77781831125
2070.8242217687,7865.33268250198
2089.01952276774,7933.11691157176
6674.64281889121,7217.89900286379
1731.14883799123,8736.05826542135
7070.63677390032,7436.40158403636
7811.65288815569,7428.44491377376
8157.3459553981,7555.26571983862
7805.77408732184,5291.73842545994
7575.74244337339,7720.46629167929
6850.24650591216,7797.02214344154
9672.61167955252,7032.97356699232
6910.27214357079,8107.75603219525
1483.82266648284,3239.43174333697
1410.44548626518,4347.14540057135
1637.42947470392,9342.98972229096
1397.36196684936,3447.72109276919
7282.28437811087,7600.98213636697
7749.47779567883,7515.50170393351
1330.87735381349,3957.85765636021
1060.43206444764,3404.9342016101
1396.4575484669,4103.5336715318
1336.96074473056,7790.26889215065
7561.0394707422,8421.11136152712
1412.66906128887,8997.66040214945
7604.20188060919,6962.0087301486
1944.30737974444,7911.35749372768
1566.4815691806,3028.15858103419
3909.78775199524,4219.16345869503
8073.4581742499,7807.78936668562
811.765923341284,3243.01808175562
1132.37293568477,9065.00547185011
1033.77720929898,8849.07180463284
7969.19976287846,8049.52237647788
7300.96882892291,8319.23710502773
7209.17862975986,6933.58700137069
1030.64911086254,9137.6952234682
1742.40520388472,9123.12065579835
1355.47935949739,3599.45101316396
4120.71943587463,5951.45658011866
968.305262260874,7253.73706631411
7609.69485425868,5295.95812177427
1342.76226109816,9111.81218769542
1111.73808231616,8906.82930804416
1110.44048595927,8940.68412017282
6057.17531038873,7781.48891941076
1708.07857337235,9120.38303435237
1198.44988281179,9119.74274134063
9128.1080805129,6734.16803037553
1492.56400951766,3694.96481066242
2009.26200667379,6130.85579243444
6674.47116895583,9291.75258709148
1456.01112999915,8199.30250544348
7224.31737419228,7413.29738163079
1549.73580060761,4352.44902598969
1350.54619918481,4140.6041339258
7479.50459001177,6670.12316698789
1937.72720314419,8776.56517318158
6835.99311222439,6497.12353173663
8638.52547538535,6846.06834803215
7879.27007078789,7713.44528541821
7858.75470990151,8613.51098697938
1691.02749144759,8919.13882310504
6123.08542238294,6464.35762598117
1743.34149083807,9034.65357495679
8164.6037382251,7927.20341219396
7538.40276821656,6542.31620789113
7412.64904946815,8300.13274615969
1338.60556142525,3682.27702647233
9311.6419643718,7892.24494886666
2084.15133879,3946.9369225949
1296.27891776187,9288.6556289056
6680.92776245061,7705.42242775595
1495.20243537673,3937.32780387967
7510.31511526395,7719.97443494145
8199.05084164185,7376.43945447753
1386.82264878332,9046.12511716563
2096.72264068292,3228.04270688273
1673.74572327405,9255.68405199718
1439.71253112515,8882.32174914137
1373.65562447641,8895.98265914808
1449.20862200626,9156.29576910254
7600.73506614708,7406.17790468062
837.52346326316,3339.43219827167
3632.18643774778,5528.57515103343
1698.90641595906,3867.32761354889
8485.76035601177,6231.70451938925
2229.54239600526,9127.57993679884
8273.93149117295,7368.62933019139
1315.03772230519,3781.59312688589
6540.9521869792,7471.71171809584
7176.78531940403,8307.63686449167
6332.16369979158,8181.8222909298
1900.90217600531,8325.94110044616
8159.2581703379,8064.31332454441
8272.06508055722,8009.80674327212
1679.55003031211,3435.89395120577
1874.63432539236,9080.47900231613
9049.32172328047,7593.18587008478
8009.88129939329,7202.62183956998
7514.2752512348,6631.17582869004
1566.07807936455,3853.65583730254
978.775588998951,3446.78562598453
1573.55289123731,8342.8049634387
1023.76385470013,3464.52024416017
774.143658369771,3254.09770010555
1180.3356606293,3311.83099659916
3260.11495351712,3845.44872302636
8488.38975574007,7313.26510852388
1241.46090232142,8223.67987200657
1305.03045262487,3751.06795804969
7533.68838286414,7248.5864028526
1059.36923418793,8576.518892352
777.410947878232,3034.8427157376
1820.51702075765,4076.50245411753
1234.59369197135,2767.49165714593
7184.48576936231,7904.66204526073
7673.98918818871,8423.17015934797
842.207031291007,3099.62421618772
6324.85954648008,7345.46028972588
1490.42306879932,9116.52180086969
9259.56382421723,7359.92006588611
1754.56242083049,5033.13073859704
1730.00460252347,5913.14295048103
4376.8904173193,8302.05197901654
2438.31158684193,8714.94052311676
978.562857381568,3219.52206890624
1799.24967336464,9076.90016272933
8697.59538960205,6273.02093026041
731.92082715489,2974.90540948051
1392.6731590379,8253.60580890598
1432.08941826398,8667.77375331671
1694.62583437471,9373.85814154576
8013.31833010758,7876.64549734043
943.845082689299,3615.97951042925
7756.79812117814,6954.75908919629
1000.65556394488,3596.13434817623
1361.33554172312,3981.47350329846
1133.86875217161,7910.53413106811
1375.24750698466,9038.54077925105
2775.41651502254,9024.41943676891
7320.27689195365,7625.00022383337
5819.63208352236,3242.73066204075
1927.85218373498,9009.08425754179
1210.17337981873,3954.72352129754
8398.39091034308,6322.82354077727
1458.1382309692,3469.29038300372
1894.31140250609,7748.58830440904
1638.40906899375,8990.65886025885
1123.92242420104,3360.46968700233
7355.00390626117,7326.72738514324
6936.28256817944,7831.50551112306
1373.28196365168,3474.17279755727
1910.44957263155,9260.80438338818
900.065513690965,3269.66501275966
7785.16724318944,8255.19869299844
6687.05248436105,8216.6382455029
8238.14318641815,7452.96282756409
966.860079059424,8182.01807374293
1725.95766694295,8861.80043824575
7148.5073519473,7748.60031393941
1254.45792654533,3501.10007037226
8800.97699663887,7533.90052455029
1620.15131358735,3935.03438960176
7869.08872604868,6749.37087865344
8143.23356087448,5318.06670245895
2178.46679772748,9238.59358934093
6598.11640149338,8299.7930698386
1246.21383240236,8540.44891774099
7713.54852114541,7671.56182106509
1271.81709983721,8224.37497966581
7284.9426715554,8261.93217145046
8273.82187320713,7418.3773211991
8527.47847304539,7806.21221819545
1161.42839635143,3306.52411265538
1876.62487743957,8935.83111567217
186.471635263644,2932.83447502264
7711.33466757564,7836.46616425619
1184.20796541367,8734.90339310278
887.930442251566,7169.68731270622
8595.45315672319,5573.84596568367
1922.7639320955,8344.62535804013
1482.01600535463,8827.14117235853
914.540592117466,3422.29315951372
7286.66449977235,7150.09531551137
8534.62783236847,5968.08727632795
7615.13934977764,8057.43594631238
1267.20198800542,9054.08713174434
7421.64838286369,7601.89440089915
1502.40824803428,9171.95524361497
2120.04185562382,7735.47617289821
7412.51677010698,7296.98185182528
7957.33043961724,7039.38329351293
2221.5208727746,8671.53956237215
1218.16449167617,3423.37051076072
1377.72533279996,8078.2385015504
2161.48869830131,8285.93610277367
1524.92139943507,9088.07875270693
1386.84916920043,3440.62356849007
1605.7583705924,3381.90720213845
7913.0083274941,6914.67425203396
7504.58555345943,7186.219370716
1127.72556396776,3412.22613279096
1628.26029288611,3915.55674465271
1551.93865805384,9028.94332469579
1654.14767368239,8657.92413044167
7078.98631144921,7532.87302277794
2389.13930552478,8043.23004719447
1187.52383661402,7878.02648962692
1103.57596536927,3337.31596580259
1558.84459294693,3763.70064880676
1759.35266386073,3852.96811005235
1548.20515736709,7714.03717998658
1087.93405875993,9032.92615711157
7640.38087860713,7963.24751551449
8322.80245078986,5574.59349514236
1943.10711152018,8417.45990352319
8707.67031249622,6953.7013656057
3502.85174977156,6616.27868260671
1138.98899966277,3798.99866836361
6854.60191866272,8481.04463589906
7502.80385565219,7576.78271978053
6640.80426730158,6966.83164520346
6566.46885561755,6190.27001367671
1196.17086359458,8476.36364625759
7977.12765676668,7837.23094946503
947.413266008226,3571.46831954623
6666.36592845674,7225.42564170687
875.338527436791,3397.84990761463
1945.1230909966,3577.08974190116
1702.94092920551,8754.11806804999
836.151288159473,2977.62253221247
7246.35170431539,8154.22099189354
7592.12562519254,7750.19489159801
1330.51056184323,3723.9398192363
7280.95676081463,7585.71164338304
1725.3146903701,8625.90684414168
1209.93588855652,3653.19651527306
1740.31135885452,8820.40551880345
1892.82007212278,8555.79757913591
7946.8989378567,7470.27872260466
1358.31486736242,3368.44133362996
990.525765995648,9236.64021928267
1661.0982585587,8791.41372103758
852.489463519661,6062.58148694151
2543.30565743547,9449.70735990098
1747.35506014125,3604.67734874059
1797.66587324683,8999.77378457502
1743.61965314844,8783.05353390214
1061.52037574104,3345.04302342506
1051.11148733796,8994.75540209568
6779.07836623133,7709.97831435189
8145.71106466323,7594.19584419712
8023.19593594615,7391.29403247891
8304.3284922391,7180.85302874399
1771.2052892749,9182.47406673932
1333.3733455012,3879.2231457353
693.454035145318,8684.48895131454
4751.92181852401,3841.54894542218
1717.8805949562,3838.68505717407
1484.32115957827,9139.6849096033
6586.6684744177,7105.22117006854
7823.60747331175,8057.30029925806
735.957854481615,3764.49595250517
985.304097236715,3353.51737432384
7288.85392605464,7143.97199668273
7940.32265554653,8072.21127418552
2726.30801799751,9305.5589151615
982.984712904469,8850.57656576648
1464.83777426075,9107.25138138452
1093.65369212182,9389.09255091536
7119.81067152361,7941.33005984811
8744.57194119649,7117.08279744788
2202.5087114673,4129.31849121408
1657.40927422705,8905.5012368077
8499.46026658085,7450.30788610524
7640.97802725595,7546.2844507351
580.401006390929,8990.82212833006
5902.76605096269,8943.25395332109
1487.04538549378,9131.65989366759
1605.74202276367,8934.05194531428
1259.17959643968,3304.96524428702
7523.05706639049,6998.6533879255
1598.61817921694,4123.26881766549
6980.68442107804,4111.79539523404
1196.24774493536,8673.9473341765
1627.90723193903,9430.77532917436
6712.20824155235,6304.52272548054
1026.35875819253,4215.89255148569
1091.06637532553,3920.11991282576
5206.2275912573,8424.11118216109
8723.52930063895,6834.73351766104
1496.22497794328,8053.40420541193
1696.84554783706,3835.32910378192
7149.77303572746,7531.20675648233
1875.67598707886,3902.99703295092
7537.19890646337,7270.80912476338
7234.01982298527,7094.46016601763
8097.58774968941,7236.37947991923
7934.41106559366,7496.46873450936
6264.15251389287,8033.42964359457
1704.06989014401,8875.32334502955
1117.37592805165,3712.94852735747
1549.16217300215,3624.12799665966
6781.50416896289,7433.47397511172
7127.86408654711,8138.57179062097
6559.00141764764,7598.55385012302
1231.798004414,3678.41052721825
7661.33445268423,7490.15105761391
1630.22025384637,9239.68074069747
2086.42721400835,9231.21617365833
1967.86886601497,8886.02534065597
1342.91565697448,3903.3905145492
7782.00959288141,6758.17536984192
2231.60387223597,9126.34252157923
1862.02070436989,9164.63205358331
1429.10061117549,3854.98007328461
777.505730944783,9050.66365509151
1279.63796006746,3528.55603271452
6580.20501614093,8153.78693798085
5649.84363868464,7057.74947565898
6628.15543680885,7430.13703183768
6786.17109160351,6806.09983976569
750.74680905166,3192.06955764379
7727.45810804579,7833.42431707508
1919.48756212889,3590.14557527944
1181.3401120185,8957.0785750885
7325.79129476838,7774.19644071183
1516.17767031241,8548.18984174377
7493.92911191476,8433.61500237174
7097.47074103539,8462.28456053603
8160.16262201622,8052.39863004151
1208.67068956252,8813.98388554865
1094.01340486638,8733.29925059002
7171.58073255896,7879.96305857724
7911.16880468945,6811.54514600198
1114.17645290503,3902.56646875297
7760.51250165112,7050.67593671453
5198.79847401297,8138.97289864485
1457.37914481958,3763.08051908437
1665.57612014982,9190.5203803156
5972.2064171756,5515.27520522414
1477.30229969381,8979.97313198796
1964.14146555394,7621.69423408253
6498.36146064219,7958.68544263745
7330.0969727716,7644.78336727888
1328.44164994937,9182.65470920163
6852.27160083124,7913.87506904137
7313.88907708266,7652.09352562109
1857.46738828775,9046.71110381976
683.003228453659,3435.99251533177
1607.94656484069,8834.18762947934
1825.22382766837,9314.84470084392
1608.72317680335,8594.66405722724
6904.03177274092,8429.35200228441
869.476367000148,3010.97570672761
1576.56666584333,8194.33481689397
1454.49495201328,8841.52265968766
985.628821743845,9144.77344995272
7134.73325584342,7472.95081753702
2352.50593025823,8916.86658403395
996.873701993404,3436.56112713905
1329.11390355293,8861.59448273303
2521.62341150805,9012.43602981487
6869.61407066592,7991.22044582745
1822.25318978227,3620.60016037523
1743.77096979653,3607.05546701422
8607.88705807672,4778.28307607937
7004.79750980578,8033.93252812885
1300.43164635691,3327.79758501436
7590.41147903139,8184.8259010185
1738.88612458888,3719.18199145163
2733.40294452252,7488.92529633634
7299.60557826192,6671.01278189368
1632.63295552641,3839.74791452502
7305.68752974352,8183.829022322
6133.58632100627,7636.48719007077
712.890540837072,3154.27244415303
7745.31415745218,7585.06817330575
1826.5577284549,9198.09052429687
7682.07720743437,7255.35082349821
7350.55566868512,7822.69254457695
6860.68907466865,7761.35526792928
7365.89652658437,8122.57848732859
8517.47720268608,8504.56432563588
2696.11560402926,8808.78042839115
1123.01456251022,9090.58223512865
1357.71010198737,4018.92839881873
7641.38530049287,8288.92620733768
1312.26969227999,3795.97623737402
2161.95491204951,8841.03487928439
1133.704184296,3341.78967697523
1320.64456543987,3455.9602076766
1969.17621785876,8776.79693579034
2021.90103426149,9132.57015828235
1758.45764961769,3858.95224312012
7648.59807723538,7513.29883667805
701.378132333448,3069.20690442571
7961.05002636988,8074.76015766637
6965.57671842689,7748.63971589107
1562.31176455709,3913.08529050989
1438.11233631759,9015.31541065423
2058.88685801744,4082.23324095757
6417.39237744702,6910.36016392099
7128.85155946524,8293.46462052472
2398.19561473076,8816.88292760229
1589.1900195047,9311.78764091145
1973.09355192696,8770.00202789202
7697.60373792778,7561.93689330519
2442.74300840255,3941.3214590162
1503.23357878384,3141.40286312882
1848.56959242264,9175.50583056385
1347.68346427062,3608.75274673433
1887.52476392285,7737.06653591412
1387.07912061395,8717.3296904607
1988.73400572088,8205.51118403276
7827.97146897854,7523.50043159592
7659.80188163199,7031.59418988448
1220.65693864343,7984.01268482555
7624.29335007053,7114.63356105289
1776.4320521353,3302.64397743207
1254.42374361808,3565.54023340072
1710.05770002587,8921.18372280507
1347.51298494059,9043.42115449133
1189.51051463346,3726.21994117707
7654.64823947481,6845.80890059217
703.880588262016,3293.88884386327
1954.20647547997,9217.95735830709
924.053503514916,3551.53640462496
8626.95941597981,7562.59188565318
1523.18021929031,8477.13777074084
1545.29463620352,3249.63809669513
1838.0648531554,8861.60448607459
1054.03474347695,8297.80569318145
991.382954882588,3625.37710578583
8273.70105956716,8008.37500649171
1857.9473472647,3411.68060884604
6790.04615373111,7180.61185430652
1685.04948198326,9112.27499919885
1858.20284151543,3965.20307782025
1048.76834754452,3584.98031756238
1702.39895148904,2859.66900371267
7177.15282642156,7697.70706698313
4819.83076170108,4270.18737234541
1617.40379898546,3910.6461832706
1582.87878856951,8375.62440203843
1223.87464486869,8839.12181945685
1286.9425539271,3542.86800221253
7812.11327533594,8280.11966444418
759.30121267877,3031.10943398892
8855.39970456926,7168.09705133376
8016.64321416573,7619.47638619015
7887.36773160179,7143.3377338649
1226.33680195902,3701.49212289145
5122.0139570303,9199.44364630105
7396.88332912259,8235.85405887366
1036.51438953252,9337.97182525615
1920.20019636491,8068.30529012734
8407.40553086795,7263.93720850143
625.238081048318,3252.63610707752
7900.50179467396,8092.38975380478
983.737816948144,3224.0123654464
1644.63329619153,9019.67003120128
5218.8800843235,1649.00655491622
5551.60775308056,1532.83258112407
8198.77208746001,1487.48645323022
4697.98524865715,1333.16654265053
7249.5648816018,1664.17302436025
7913.17839144806,1718.14926087331
6523.47320439771,5566.90337504683
5506.37422192205,1119.0489934894
6941.50114719006,2585.19003349318
7986.9414337324,1838.10201741443
7269.42634390349,1483.80971745794
5653.33892317525,3898.74732634682
5582.82126666362,4065.98678312453
5585.83456986997,4282.24910356838
6424.40590454071,1486.00551222899
4747.75657384726,1052.56171364488
7017.26756461722,1771.41053862993
5727.89604829049,3625.75150627386
6895.31285305737,1318.45970454801
5885.64319206894,3284.73612690701
5930.88473524774,4353.79201320971
5956.5006943647,5190.95937329642
5092.7030533102,1447.40004908655
8490.03162994593,1617.0396045619
6040.22319521712,783.701945725905
5959.45779663571,5155.31558218322
4414.28610777349,1473.59662086082
8762.41651506262,1771.76791302155
5755.80705892757,3585.10321383879
4777.7091749765,4022.68316956349
6092.01995138306,912.846594191028
5502.62374860841,2622.16148516936
7427.63665255296,1875.89047482375
5851.95698097792,3556.50654336688
5900.61160022906,1784.27895635301
6292.82547399581,2400.38400857379
7864.79479247845,1253.5554126814
6761.05247048908,1685.87585462912
7060.90172661568,1368.35070242222
5510.51610320872,2073.82024488114
8841.2582353996,2324.3986958752
5172.38662022693,1506.58488087485
4526.2070742758,6995.7155889828
5874.06200940882,3805.34872594479
6347.51474625886,1598.29855130888
5201.2197096871,3730.38451293271
8600.34327146362,2095.16570075838
5951.33488105268,2008.04802877966
6324.67972937462,1707.9361642762
4306.53073557259,2040.88300835545
5244.72940952368,928.268286063386
6363.95171215209,1385.55968619908
5451.35624707481,4558.05394515195
5766.53830736351,3051.67322056627
4966.37982327732,1338.63057032731
4400.49580216579,6618.80151103423
6370.57617776951,1523.94714508995
5563.11661421753,2168.5977393077
5892.80435690425,2464.57344667056
8199.53533625436,1827.07191508419
6437.85177660171,1744.44787962427
5358.50887504849,1647.57674238995
8651.45257548081,2473.76523360797
4285.98696655894,5012.17936933182
6678.66094436573,2500.11498083387
5643.48383054733,3163.50662830465
5384.42997510816,2190.19852259987
4259.1274161487,1636.80186248803
7782.43892249506,1373.55929769747
6167.83693057782,1102.55486348238
6198.02871321123,1620.25670899267
7093.69351687893,1328.62167267018
4310.9117020891,882.922158169528
5778.62255759327,4161.58128328422
5944.04042247541,1285.31816409574
5293.40106235151,2382.40904255216
6093.72057443343,922.497907483338
5378.4462515336,1008.23689541073
5129.92080155864,1374.52958386884
8665.66799745389,1895.14207792002
5965.26308302011,3287.23837756794
6200.74776564535,1454.2938892896
4680.23071879227,1143.1519224559
6880.48608624824,1163.93549004175
6303.64635612148,1325.65989565434
5266.74760918441,3811.93600527137
5811.99693455471,3819.95320211082
7840.94451512225,1227.61416832206
4910.5332724021,1955.85897918449
6122.98307080832,2780.92411376611
5637.05458082421,904.267509060172
5076.28893232022,948.898783184192
6709.05666003443,4084.62568441426
8565.42933617727,1884.00992861309
5300.14632359287,4129.92068383317
5571.37030098518,3775.93483976655
8510.29500721214,1423.90992691319
5279.77272446921,2672.56303288683
5889.64666116773,1760.99313810624
8627.47201061506,1989.91978231978
6334.82200632442,4461.59099582438
6144.58676885201,1856.79194219251
5512.15024200896,1623.78016432672
6758.42834416883,4691.3856692594
5886.13124088859,1353.0820810149
5863.05173958174,1944.42026900109
4356.04142579674,1595.84742912289
6012.83505082938,3433.28565890664
4997.41204715681,1366.81873793266
6436.37680263158,1505.92105059336
5300.24350944071,1906.52976461508
5637.98576440508,3444.72415911684
6415.32664772945,2847.87091996554
4889.34336811828,4416.04066899054
5475.6697440824,1727.69842220233
5807.74046387428,1837.8466899995
8496.96879381959,1739.49461176396
6202.77421211447,1942.73523404648
6241.05645431268,4342.81293436781
6299.30559224132,840.027204954959
7783.41423286945,2137.90742602801
5220.52626886889,2743.18667984514
5564.19301191603,1795.3602921448
1999.99438256073,1838.61267224429
5948.14835116492,4362.01330400254
6832.46055303202,2561.75093480816
4384.6928581388,3104.93460330949
7566.36213530563,1794.59430990002
5318.73526623132,3340.60180728785
5180.41883032425,3034.1066524246
6658.23985573983,1294.30575209316
8617.81660716137,1649.77253716101
5564.25913522238,3332.68665742509
8065.40301435108,1560.35691844793
5053.11873494297,1940.38626382379
4913.78499178686,1645.73832201051
6039.77199770574,4343.17030875943
6084.39033857832,4205.85539298982
5463.27913704529,1536.45818842141
7473.75284520956,1064.30677473156
6997.11055582607,1112.35935222633
5855.89510892172,997.104641117202
5972.25970833579,2626.14446685831
6685.43359848381,705.67390872129
6067.11883709506,2018.10784493853
7614.14917962127,1193.45142319668
5522.2855525477,1483.80971745794
5340.11886576163,1291.65032598059
4631.6696627292,1332.80906327231
6289.76342775993,4271.72986604119
4967.37145986001,2889.7446160137
6389.49663258092,2459.82427276363
5355.65654645618,4375.64812391681
5343.33432951484,2791.69888868142
5498.43997227492,2666.84378278173
8644.21323838558,1802.66253022781
4829.39350208425,588.376473306138
5952.35444284208,1415.99477705043
7170.4740536142,1375.80622094348
8657.21121190169,1445.30630129218
5544.82289177263,1406.85401360138
6171.17286185526,1690.06324523125
6317.96205235718,1244.51690618224
5702.28357305526,3392.99495083639
6556.26672120398,1398.37718542041
7039.92549011809,1737.75834334781
4600.00571669562,2683.79743914365
6759.79545343663,1382.13838282833
5461.0500993271,2184.7345999097
6186.24233307971,1152.3437093933
5296.91947973771,1755.27388800113
5680.45422344565,4041.83272568308
8592.88209729442,2495.67215783021
6018.86692912753,1952.9483306436
5578.13278958957,3776.49672805795
4410.89654250584,1877.6267432399
6979.15873193518,2616.69735250599
5831.43116939092,1958.82086118694
4580.72784639692,783.599846255915
4867.68173316634,4248.39260435967
5837.90655414592,1261.01103618926
5993.34419597594,882.513655302964
5163.79747497719,3562.37907391022
6952.71078126071,1028.20345726345
5745.18213331569,3981.57545576012
6428.60571455769,1282.61171449483
4553.74764178321,1072.83473138747
5944.05186178478,3145.42940533312
2311.18533309707,2220.48043799959
6457.70726844726,4040.76060250822
7659.16395388358,1372.33378909778
4891.25535704608,3139.04621995992
4323.00156879692,862.189614072032
5173.98080686064,3083.89549833552
5384.40897818536,4013.64466306433
6809.95398144819,1354.71619746776
7576.37543057403,1053.07236847474
6466.57244773139,4429.36892802834
6680.70565758311,1788.92587331006
6474.89769712577,1350.37563141399
7137.98165031032,2601.53098804856
6333.61137017272,1588.9024604449
6220.39238388493,1797.70926236749
5557.67056916122,5008.45150508459
4681.06111193737,2502.46395105657
5972.93813941618,3846.09906535655
7219.86223115073,1077.89015121108
5501.55570466282,1695.47614443308
5898.62469591889,1000.52594448795
5213.15686079237,2712.03673522395
5192.70867527862,3301.38343236566
7125.98413431181,1637.00616641462
6610.50683831618,1784.68756420618
6927.40433000126,1131.35573289428
5270.94006696039,2982.3262106826
8088.17948161511,1852.40035265039
5114.82643769662,3288.51501464258
5894.41371089484,973.461238505606
5181.42705467576,2395.22643678689
6535.46620412981,4226.74100755235
6230.27679433783,1680.10547604907
6658.23990434197,1472.6774631644
5617.93969326432,1786.0662482575
5443.79509335823,3315.27315974845
5960.04548558877,1523.58977069833
5545.98615432708,2009.47773631933
5208.6117756616,4014.97253360052
5633.13916986853,3487.56814133637
5769.84862324805,2704.22363233788
5026.29578556168,2054.92601617648
5827.74790144476,3950.93616596878
5867.40929914252,1037.80374706741
6161.62261985633,3930.15259838294
6278.17364196469,1767.58062740601
6575.70925410122,1777.07876524669
5296.73240348629,1629.03999306351
6777.78999917252,1609.02230273585
5688.95743623729,1622.70783117866
6394.55488619814,910.701822908314
5216.66119633566,1383.82352276953
5897.55708756382,1787.34288533214
5202.59619517039,1949.57805076119
5564.27190983179,1981.13639326234
5557.72970234239,2656.78375664965
5895.18103482606,1135.13462062985
6375.13673711535,4367.98830146897
6126.32199936531,1617.90763378338
5523.63130026139,1512.9170427597
5435.22561802416,2191.83253406613
5742.18143778307,5460.27898253011
6558.55612770856,1039.38684003193
5795.49571034288,5025.40516144651
4830.07204923005,2749.51884172999
6452.42629629231,1965.76572487833
4837.01650305366,1496.78039213091
5624.49284949219,3978.25619936605
8860.4482325408,1832.48481428602
9279.545872226,2549.8015697949
8179.68955135838,1390.56418752094
5757.8442770955,2149.29511272308
5292.71868118297,2716.0197169129
5373.02722846732,1140.49649634333
5312.05193839237,3231.62802460202
4796.70830451881,937.817552379006
6708.08388574869,1800.67093439673
6584.70257204959,1346.69889564171
6609.61828181179,852.895675171339
5106.32861763316,944.915696508639
7559.15205754784,1833.04649260422
5807.81599257559,3673.13993852733
8520.66513954943,2247.08551264042
6111.38848562969,1589.82161814132
6188.36033367094,1998.65193791567
5547.80544598813,1782.84924881334
6236.50544698104,2957.91703579942
5776.6814929476,2642.79198229017
4585.51738937988,3591.79296008846
5761.14688140787,3981.7799696599
6893.13053468073,1923.12604658539
5991.0486226707,2269.2479742508
5316.22245508104,1865.37102732336
6062.44693393555,1942.73523404648
6089.91811115723,1491.31636445413
4747.51475491939,1157.34810572857
4863.55570559712,1355.53320320089
8461.71571830667,1700.83802014657
6179.20372647566,1712.78738515983
5199.13869876646,1769.01033494569
4996.08050770898,2572.3216157701
5303.35251248198,2853.18177219068
6543.65549492142,1371.97630971956
5296.78291719767,1790.56009474952
5186.46454271603,3451.5159523432
3939.51245779688,5229.30971899714
6545.82430972778,2228.54865832738
6041.51262296749,833.644019581764
4859.46284900878,3521.52668752177
6473.64702802522,1691.03342641602
8053.78342089567,741.470822792828
7558.61663660923,1501.06982970973
6563.74756660222,1619.59287871118
6863.3037028969,1350.52880686562
4508.74108155024,3689.22556566778
6620.94706331589,1063.59181597512
9031.67338691201,1791.22382004441
5678.72856329918,3181.89020217945
6524.62851280689,1238.28689626068
6192.67302104851,845.286928705151
5927.09557618228,4057.71425887015
4687.69718398726,2793.63925105095
5871.51755168918,1515.01068556747
4735.26097430328,1574.09347037909
6500.0815541913,1088.46072718641
5757.9122821131,1726.16645771276
5112.31029560878,1973.68087474109
6608.56008156629,840.486783803168
6532.45049640658,1312.79137294465
6692.1031000929,1068.34098988206
5625.19478207925,5178.6016104032
6324.51912160563,1225.26519809936
8298.97237301565,1763.69969269375
5833.29585783838,1817.93115163514
5622.76555784698,3187.91601316102
5754.2271355482,3905.13051172001
5545.45458099365,2296.72107811311
4817.75868673691,1938.34364450437
4762.50434597035,2010.29474205246
4402.28145612615,1217.40107172495
5680.19976317408,4749.24294547132
5859.83514433536,1330.46009304962
6544.34793090162,1663.56021756711
5706.31805828938,3242.65812693226
4451.25230257285,2828.61910689606
5515.05962361609,3817.65525537647
7076.17598779586,2041.70001408858
4863.05375313452,2070.39894151039
5074.33650676196,1180.53177201205
5061.5484453499,2143.93323700959
4955.1471405153,1512.71273883312
6274.66734113622,2036.18506791006
6600.78819967711,1115.47440968041
6456.51449878165,1086.16278045206
5007.52039187312,1494.43131692161
5466.46306109053,2152.4610886789
6057.4079898938,1287.56508734175
5289.92671921026,1272.80712076428
6061.58675058914,1358.2396528018
6012.45436959396,1249.01064768765
5507.14072636458,3643.67523883395
6068.12140290426,1470.68586733333
6266.72486621211,3959.31115714626
5826.71919986301,2724.39449811717
4802.14360016619,1665.14320554502
5201.44187250157,1545.90530277374
4573.83131957295,3647.86252444948
5290.2948615581,1779.73408637265
6749.4057785208,1708.54886608275
7058.76481790567,1591.66003852076
6001.61600899147,1389.03222303138
4217.2563363615,1136.61545664447
7506.96948954933,1090.65652195747
4982.97952190236,1432.28460313086
4935.20965863076,3940.72306937167
5489.22589138148,3620.0830696839
6893.43151942312,3163.71093223123
4634.16239476984,1128.13862846351
8006.36741068433,2382.51108952885
7229.46149858737,2758.81267564408
6217.84302400346,1965.61244444009
5774.72842734939,2194.94769650681
5515.87977033726,4376.00549830843
5131.4679500198,1881.25235053723
8731.59260539969,2562.15954266133
5136.23117886483,2131.21788975155
5977.25283125971,2344.72263211953
7377.47832769681,700.516284441088
6121.63228515595,3777.51803771766
4354.70390883706,910.344343530095
5677.04921883195,893.441710656515
8202.41533044074,3022.5658952645
7107.29614410779,1180.83822790193
6040.81031681051,4451.42913268882
4973.41274815565,1976.84685069692
4388.67936147924,902.684521082261
5439.86320858993,3739.52506640856
4624.0152653424,3258.18207575451
7825.53966226911,1370.69967264492
7327.79390726518,1153.87567388287
6730.40968953237,1134.16433445848
5830.05664965035,3393.25027825132
5621.99208592444,969.733479244981
5986.06875673703,2939.12485407145
7960.88494191503,957.528891803393
4592.55491181674,839.66972557674
7683.73650661666,1826.15265240117
4617.79336949458,982.193499088098
6341.31898758025,1845.04688110583
5783.75393825108,1474.4647550689
4609.4790566734,4481.30244023537
8028.47146101719,1666.31779564297
6382.18916596417,1413.33935093786
5385.1292433286,3234.28334572799
8528.63389640379,2166.19774559666
4692.91869192372,1970.00424395541
4435.19011971383,999.453611339897
6364.04016809664,3958.69845533971
4998.78790313644,2855.73504633996
7995.72977728826,2131.37117018978
5719.11112490077,1972.14891025153
5541.70331790048,2885.25076952169
5851.17829134366,2594.43284391892
4950.07403701726,2795.9371977853
9425.93015401975,2155.83136856131
7925.4894153297,2355.70171096143
5610.60180465733,3944.09355922728
6044.02540660626,1718.91524311809
5884.62933551367,4127.21454919206
6436.20693885356,1454.90669608275
5149.66602948005,4178.28003217762
5775.5020615536,1796.73897619613
5686.57432523191,1423.85879843825
5436.30304590793,3987.80578064148
8005.26664203413,1786.0662482575
5925.19320513573,1596.20480351451
5324.57438618934,2270.01395649558
5233.39959523742,3053.76686337404
4970.55334729231,3082.3125103576
6601.63908035205,1149.02445299924
7784.06375365813,1860.87718083135
5717.88544691497,4458.37420635342
5107.26519031403,3637.44533389899
5610.85967507202,1506.53385738651
5642.15670660621,4843.30548114144
5295.66971706456,3946.03413157001
6397.74345289746,1448.5745341979
4563.72578093883,1063.54079248678
5353.67911349865,2550.15915415972
4792.14470190876,1916.6408142355
6197.33424146865,2265.31580607699
6626.51491427753,2337.11383316004
6608.65827235003,1472.01363288291
5054.21326487525,1246.30419808674
5720.91258623039,1645.22766718065
6514.93343021045,1385.04903136922
4577.01936940007,974.789004055192
5700.01200140033,1721.05990941421
6115.22308263899,4176.59478724981
5455.42809774124,3741.00621738299
6599.99104832591,4015.32990799213
5487.30305443784,1791.53038092088
6527.34058877368,4907.85250360304
7357.64444172864,1039.59103897191
5507.49052884238,4835.8501725934
5197.43120541008,2561.54663088158
5547.44781240713,3405.09738631469
8677.03206055806,2600.25435097392
8636.56377464939,1850.91941164917
6655.44011963061,1765.28268067166
5839.07721205233,1205.45181169829
5580.69965230472,2394.76680544538
6056.79749491074,3003.0589647533
5647.34080495706,1338.83476926729
6466.77136383751,2751.96985892938
6175.79264974827,1162.45465402713
4576.59723892951,1814.81619916766
5084.29658159372,2256.0219721629
6631.74455216771,1589.71957116463
6265.84671403948,1427.79086162546
8160.02773497534,2286.15060712438
6584.67778426039,1497.54637437569
4423.27570694754,699.086471914813
5202.48665143754,2118.09414461354
7459.54382304352,3014.75279237843
4616.96172952287,3383.59885997241
7317.76945845278,2268.83936639763
6805.82703418967,1680.360803464
5803.9748637048,1719.52794492464
6830.49926047323,692.192631711762
7476.37688229433,2244.68530895618
6139.03483944795,503.81202298339
6452.09035686917,1053.12339196308
5224.59720022243,1466.24314931626
5575.73564896393,1111.95084935977
6018.46132522433,3334.57599630627
5725.51745475769,1782.49166444852
5243.28034121391,2131.11584277486
6141.63248429232,512.544231072581
5074.10452153502,3369.913226543
4837.50979814312,2584.8836825899
5519.3063885835,1094.02690682647
8939.61867665177,2063.70940523392
7414.59083718102,2203.22022076119
4996.05851824652,1247.32550774645
5834.52669291564,4279.79787639579
4626.18376800876,1625.97606408438
6783.09894823694,1532.06659887929
6696.9530813994,1154.94800703093
7318.01299922177,2692.42754776285
7059.36065868814,852.53819579312
8325.8236823307,3003.0589647533
4916.71660514264,3024.04683626572
4881.76735429461,2122.28143022907
4815.2625615384,836.044065786105
6145.11452025367,1270.40702206664
5268.38252930039,4014.35983179397
5417.95243186466,4766.34988227149
6645.7979481523,2178.14711060992
8057.03886961808,1058.79172356644
4443.51300317311,2161.85717954288
7266.01091621574,2210.16508445258
7215.88997562598,2340.68841696903
4622.47116044583,2128.81789604051
6224.61289241472,3240.97288200446
6774.38528628786,1626.28241498765
5663.9660908652,4412.00666381325
5332.773400612,1268.10907533229
5217.24428356382,1603.96677792564
5937.42984790584,1061.90667603392
4880.08200345187,3794.88030193275
6288.61376925223,1457.66416917201
5174.41356804424,2791.95421609635
5555.41778188325,1400.16447732491
5124.35305000061,4565.04983233169
4559.62224086273,1791.63242789757
6138.74416047652,4168.1689825572
7287.89326361252,960.694867759216
4922.21064733701,749.232744710652
6112.60688539355,1421.05019687404
5464.72282533951,1862.0517709293
6737.24045349229,1920.87912333938
8327.31769277165,2146.58855813556
5401.69210411227,1862.76672968574
5319.17646903214,1937.52642879804
6271.70936007531,2122.12814979084
4917.6980422506,1070.79211206805
6639.70799079823,1980.93208933576
9062.07901222157,2428.72535163078
4760.81622003278,1791.27505350595
5334.36912389184,1274.74758812041
4849.17632486624,1421.91833108212
5156.93938707323,1749.80975533776
8279.50915804212,1574.5531017206
5058.73981819003,1014.16044944242
7447.27261858387,971.725075076058
5962.80186014091,1571.33599728983
6011.07533359124,1166.84624356924
5928.26181452668,1606.41790011162
7155.78418503521,1020.59476329056
8405.66345331515,1913.01499696497
5053.95124038272,1630.98046041964
6361.1400923234,1067.2685517474
8908.01438922463,1623.78016432672
6524.14035694935,943.332603544126
6007.90365727435,1832.94444562753
6803.44062085366,1623.01418208193
5366.64864635853,1495.91225792283
5770.40626615613,4027.94299830029
6155.24736441286,1246.66157247835
5533.54317062028,1955.39934784298
5257.60627527275,1116.85319871834
6609.06548988414,1077.6859522711
8811.75114703637,2045.32583135912
8151.0700437464,1525.83658895773
7119.93051688015,1209.48592186219
7198.98269457634,1424.72693264632
7986.30697042437,3132.91836200165
5087.12920948009,2174.21494243611
7563.86343105897,5452.61916008227
7315.29625338469,1346.59674367841
7149.71347020956,863.670450086652
4668.49854465191,1070.12828178655
8747.03467728475,996.032202982544
6496.61634838922,1954.48029513316
7061.40662110416,1258.91728839489
4294.64381992575,1838.4083683177
6668.71515991784,2358.51031252563
5406.45063679777,2337.01178618335
6690.50644910382,1027.23327607868
5788.99990006221,1613.51604424126
5500.05736852436,1832.89342213919
5078.77584612765,3564.31964625295
5425.54358831508,1268.72188212544
5348.44545119164,3802.99954574889
4429.14637959122,1146.21585143504
6753.99636361238,1919.96007062957
5633.68391899093,1147.69668744966
8598.39217502126,2014.22691022627
5728.97813642451,1266.2197364511
5953.90291949507,4848.00384153324
5337.93164518756,4089.78346617436
5667.41954502622,3901.70920834926
5387.04248138278,2983.09219292738
5260.96718227195,1189.26403259454
3742.65505147768,3908.85837596724
6191.66925737631,1257.33430041698
7183.64010039971,1598.04322389395
4650.14889990753,1184.77029108914
6509.47135035406,2876.67189436404
4718.95572365416,1014.97756016215
5195.73652264506,2042.82358069818
7179.92942524148,3129.29275470432
7374.14455827003,1707.17018203142
6098.36909918179,4677.85331626823
4836.2371160326,691.835152333543
5678.04924173184,4239.4561448372
8108.82696523408,2150.46949284782
4204.30189703465,817.762643874594
6454.69757280837,1958.92290816363
6814.13688248232,1326.98766120392
4947.94579345786,4476.65531330512
8601.73780289662,1812.41599548341
5190.94301328059,2139.69471793251
5534.88736739964,5045.57602722581
6338.54065070732,2044.61087260268
7669.04802112569,1640.93822960182
8204.13904063874,1641.85738729824
6774.60759106698,1876.19682572702
5214.27862808876,2622.62111651087
5804.67475431605,4147.23213453312
6268.42535527595,1702.82961597764
4742.52142774818,3047.38367800084
4857.92631658686,3702.40054426734
7766.24959549264,1422.63328983855
4640.54578632159,822.613864758222
5240.03363129223,1951.7227170573
4891.69089446983,1550.55232471738
5152.80590312793,1673.67116220093
7999.00254871414,1867.97532496098
6822.29816320709,1503.7252558223
6120.48510522684,1147.90099137624
4487.07183625282,575.201599693184
6076.28645117134,1765.07837674508
4898.89580549838,1091.37148071391
6862.95882505096,2344.77365560788
6955.21806482099,1650.23216850252
5891.96181306699,1514.04050438271
6966.10515968248,1196.77067959074
8425.82353933383,1481.61392268688
4393.91207481767,1667.64545620595
4495.54224458706,1157.90978404677
7916.59711051113,2044.3045216994
7766.60025358385,2301.67455594663
5624.97075865522,1633.43158260563
6369.70313823839,723.9553306328
6215.07418104772,2383.53239918856
5044.87938429493,1167.30587491075
5437.03992010807,1302.11874999263
7531.04709131699,1096.01839767095
5751.43011993913,3873.11253787735
8646.64592026696,2581.05377136599
5197.22836650608,3134.80791085604
4821.90394193857,2420.96348220626
6878.44304751452,1425.28871595112
5679.66214332357,3275.18675560478
5002.63040546024,1773.5041814377
5279.14446744272,1224.95874220949
4415.56500397496,651.901923641514
7744.8377620295,2130.86051535993
5415.63065211636,1242.21895944789
5190.12501692412,1393.62811650008
4124.41879832772,4392.60178027873
5609.32115665059,2643.40468409672
6267.97982762389,2137.85640253967
5492.53879708954,2512.98339855695
5859.62722546465,5108.02919690643
4909.90275982251,2854.81578365693
5610.54280829125,1613.0053894114
8347.81109306778,2018.72054674508
5712.42598442286,1434.27619896194
6676.18797350241,1425.28871595112
6539.31456068744,1150.91379188043
5027.40317870946,1539.82857329042
6094.73053886528,1972.09788676318
6462.72946023931,1149.07547648759
5179.18714791282,2560.26999380694
5882.25490774442,1836.77435685145
5220.42658820603,1852.55363308863
4843.97324869348,1598.14537585724
5650.70236129484,3980.29881868548
4689.72413041814,2440.36836574077
7163.77965860711,1092.75026975184
6539.00751041126,1360.33340059617
5206.67535505519,1995.89435983981
5159.50759357148,1528.84949444852
5076.89472676992,2397.37110308301
7238.61667684225,2347.78656109867
4780.6467605912,987.197895423363
5722.04688452082,900.846205689421
6438.83563246261,3885.82767516219
5979.83680594665,1552.54381556186
4621.57583796355,2510.94077923753
7178.84166361289,1715.18737887087
5192.79231597358,1479.21382398923
6354.72759097847,1741.38395064514
8784.55846565616,1807.36068064641
5701.7140663747,2673.83966996147
4859.12011442488,761.641688572124
8421.17400998404,1636.59766354805
5251.86315117505,1742.4562837932
4037.69823454131,922.957538824848
5930.07185248922,3535.92706973441
5452.37920631117,3665.27602212612
7064.57584241068,935.877085022875
5379.34776785005,3820.46385694067
4994.95639937501,1345.88188990858
5462.29732664917,3006.07166027088
4471.51486202299,538.536551413571
5841.41222189068,3155.79578236847
5218.47272148927,1790.91746914113
4739.26408435584,1291.95667688387
7179.14978680711,1532.37294978256
8845.0053017582,2226.6593194462
7212.56237165848,1710.54046191382
5518.000090059,919.331826540913
5405.92834626406,2444.50462786796
4740.2133332228,1218.98416468946
7213.68426885112,2374.64696315443
5431.56744974867,1920.72605287435
6885.74466801817,1095.60989480439
6743.95918236906,1339.90720740195
8093.18287850384,1320.70652280742
8805.40665075389,2084.33969238152
5554.73710898365,4239.91598615191
5986.35381083189,1378.87014992261
4643.83643498014,766.595008925743
4878.49520899426,3087.11270775289
8895.86938846484,1092.13746295869
5216.8073104802,1417.93524440656
5037.98427119073,885.679736245389
5496.45120642613,3506.61565047927
8847.24688042323,1650.33421547921
4916.0064448014,1305.54015834999
5849.66559118858,3887.05349872169
5847.71557925401,1973.73189822944
4492.18975422502,1609.635109529
5618.27620651173,1482.27775296837
4873.89878923707,1290.27153694266
4821.21885143332,1544.11801086924
4544.88352855809,3218.60632644071
5738.42137400107,3170.4004685077
7391.95915140488,2164.15512627723
4755.90133894002,1315.7532549471
5594.78935268115,4302.57324978591
4875.63910719954,2555.72533379979
5395.78152827058,1340.11140634193
7575.43955324581,3008.7782148584
5023.414487517,1298.85051708692
5102.00716749523,1583.43843276812
6275.62681159686,1066.29837056264
5766.79159633675,4478.59588564785
6492.93048662409,2510.27705394264
5331.57649078499,1841.98295212669
4567.47017677663,1282.25423511661
6237.47273827801,4748.73229064147
5963.20193406436,1330.00046170811
5457.69849558085,5939.01788551973
5349.26945280249,4672.90004840791
4725.1970936232,1829.52293228358
5198.3583358985,1001.44520717097
6987.75047323178,2102.57019579129
5428.31060068612,752.398825653077
6769.21260304406,1173.89325922393
5214.03560054433,3145.0720309415
5093.02416449231,2071.62455509668
5994.78053226353,944.353913203837
8351.10425987429,1601.66883119129
8588.13729522198,1796.07504092803
6083.84449581081,3460.29913142744
6742.30484663937,1090.09484363927
6559.81737052437,1448.47238223461
4863.38107308821,2981.25387753454
8719.89748742083,2645.8559112693
6198.04911005528,2908.84314864494
4201.06629283507,5583.448843502
5950.28781363881,1206.37096939471
4895.44734001585,2205.05853615403
6074.50609044734,4320.54821580755
9023.82698424642,2554.85709460511
7780.38980771562,1705.33176165198
6870.54296123619,2327.8710227343
6367.96294527388,2851.95615860438
4378.03477966018,1039.48899199522
5451.75922084187,2138.82668871104
5375.8570267936,1815.83750882737
6172.22911332953,4724.83356061494
4641.57908937446,1912.86192649993
5547.05009196272,2900.87676532063
5961.28826536065,1298.74836512362
6363.23142447282,947.979625487773
4785.68212296037,2132.3924798495
5067.49437828449,1097.85681805039
4664.12976030202,1820.17807488114
4244.08298082558,2016.67792742565
6033.92802787935,3008.62493442016
6368.03805781326,3744.63161470712
5694.81671072535,2174.98092468089
5978.44164727307,1239.05287850547
9301.00890202321,1985.37491233943
6892.02755253163,4507.70321094962
7072.79545990297,1799.49655427199
4601.11770808052,2073.92250183103
5165.44104045499,1347.97553271635
5469.14414318699,1966.83805802639
7598.97172300371,1187.47674069005
6402.96948581342,1448.5745341979
6155.67319425721,4278.82780019763
5582.00329082117,543.387772297199
6045.87323547885,1411.19457965515
5990.25943722963,5313.21039153169
4743.22311233611,1330.97074787947
5168.04434608095,3175.25168939132
5787.58580172379,4927.46148109093
4896.39891928288,2956.94674962805
5615.35224153258,3331.9206751803
6900.06915194201,2357.94863420743
6853.81662611196,2215.27163275114
5188.04668464595,2346.8162749273
5356.62799044372,1215.81808374704
5526.07602485093,3590.51632301382
6092.4605565339,1750.26938667927
5080.1968732442,2095.26774773507
6976.45659752524,1422.42898591197
5655.85548173377,1495.0951472031
5106.85463335068,7714.25774810478
5222.82022202252,4119.04407191437
6563.14269881112,1463.58782819029
6976.63923108206,2529.27332962399
5548.50519043324,3366.08331531908
5627.48091104633,3875.81909246487
6991.25017760247,1201.11124564451
6183.40252119021,1479.46915140416
6540.26132097389,975.554986299975
5474.25739308603,2976.30060967422
4646.93912826626,2048.54283080328
5332.76155438095,1339.856078927
5940.94406041243,2447.82388426202
5114.76835577216,2564.40646590734
7476.59282894651,1176.80401275143
6342.06310087221,1871.90728316159
7767.1490908583,912.795465716081
4938.32756686847,1648.29159615978
5981.98618561154,3798.35283876505
6513.86443489659,2287.58031466405
6461.79044540817,2160.73382290648
7005.16331821526,1240.12521165352
3682.42303973482,1195.34076207787
6456.83317981295,1105.66981594986
5574.8768241147,1452.50659738511
4619.39234286174,2271.4946875236
8805.13527721528,2614.85903711315
5382.79871756088,4703.84589907572
5024.98554788486,2534.99257972909
8524.38029494315,1861.38783566121
7215.04325428031,1969.28928519898
7054.35014220557,2146.43548767053
5757.12995135705,1104.44420236357
4672.33824862724,836.503644634314
5540.16801480429,1956.42065750269
7344.9096589164,1770.84886031173
6547.97800186084,1983.9960183149
4768.32366030699,1440.81255978677
5206.47261373301,2495.72339129176
7304.55658710227,1632.0527935677
5120.86817058448,2542.90772959185
5635.20565296065,3191.64366743505
6532.88423743347,1815.02050309424
8945.11134476644,2460.02857669021
6112.2278850375,1337.55813219265
5361.70752495832,2977.47498979897
6047.46453995438,1850.97043513751
6407.91824841706,2512.88135158026
7981.28321394935,1946.10551392889
4789.18669022907,4106.78835599783
6797.19012196109,2831.47894192181
7728.74852223148,1618.52044057652
5297.48700340276,4228.5795329184
6084.85478816643,1936.60737608822
5354.02057132807,3042.89004148203
6148.99095992298,2318.52616533186
5288.85607964582,2333.53924935105
5932.63099964153,3697.14071553055
5310.02441302238,3662.97807539177
6518.63739435493,2874.68029853296
6800.37229263731,1583.64273669471
5845.33567654264,5109.10132008128
6151.32909163329,3851.40970760849
5548.58695835564,3461.9333528669
7901.40809822276,1014.21157791736
4748.58659582519,6883.6268538295
5634.02406475964,4139.01042379388
5986.67623766352,3625.95560022724
5844.47506016151,1327.54933952212
8160.38533932665,2189.99421867329
6963.37871721984,1307.42949723117
7806.49985620674,1302.83360376247
4999.27182662425,536.340756642512
5859.97615552639,1454.54921670453
7204.696682128,1571.94869909637
7629.66997234736,2208.68414345136
5228.5604020908,2911.34518933267
8787.83568602694,1941.10101260703
6737.23700362465,1701.24652301313
5575.18237707357,3810.25076034356
5328.51007778593,4400.9763515098
8625.28535458404,1954.58234210985
5309.02206899753,3488.69170794597
6907.71075151516,2163.38914403245
6103.60375748913,275.957869397801
5237.77529048653,1786.1685052074
8664.59857996676,2286.4059345393
6042.65253766217,1091.52465616554
7379.98529839655,1835.5997667535
6250.59163267192,1694.40381128503
5770.1134142066,2050.38114619612
4681.01488124549,913.050793131009
7620.11576250213,1025.75233507746
4796.44070964802,1789.43652813991
5265.66339440306,2614.14407835671
4699.89462280926,1768.3466096508
6346.54608628626,3963.60048973848
6812.41835332978,3694.79195528105
6016.34996298303,4682.65372363672
5705.52952136879,2974.20696686645
5605.86936436436,3690.65548318066
9065.31155275706,1983.07696560508
6117.87143021251,2156.03567248789
4969.10242631356,1508.72965215757
7901.22731285069,2602.70557814651
6952.92921847402,1720.54925458435
5048.06734101164,3267.27160574202
4496.49232803967,1510.00628923221
7683.11552828803,1261.01103618926
6041.7710867023,1595.43882126973
4887.35278816959,3046.7709761943
4688.39612660768,2115.03021563441
5499.29903235551,4135.94649481475
5243.79794579555,3248.42861049891
8715.4223343117,1898.76789519056
5903.19128260532,1320.09382100087
4799.62949392254,1036.47608650443
5940.94339249382,4661.41031473616
5703.46617543782,1258.91728839489
7754.17022116498,1277.04553485476
7472.3116382204,3208.18892591701
8412.94863637685,2071.72660207337
8694.09593705644,1359.97592121795
4516.3071979161,845.286928705151
6372.57472138028,2272.00534235346
5886.50892796863,1599.83051579845
5932.9055517611,1170.88045871974
5213.89426330526,2584.16872383347
5403.99058363516,1610.04361239556
4380.9871242766,1136.76873708271
5570.16936194781,2127.43900201597
5952.19073672882,4777.94166291993
4503.26524849401,1515.31714145735
7500.76430211359,1314.47661787246
6343.71288821371,4382.08212280515
5325.58786440991,2587.84535461914
5666.88918305368,1574.80842913552
5041.53304718587,2481.37382259425
5178.32418857737,3594.14172033795
5065.84696263,3234.28334572799
6273.77279314555,3091.96392863652
5540.83162016476,1318.71503196294
5990.50645904003,1372.79331545269
8987.70383750147,2597.19042199478
4519.09532883827,765.063044436176
5637.60288336548,1697.46774026416
5729.24424728722,1779.98941378758
6921.76537289645,1570.67206202173
5311.91556127057,1394.08764285499
6563.04213269397,3563.85980493823
6334.1359674835,2181.61943746901
4508.76660860546,1171.69746445287
5602.40107970742,1507.24881614295
6485.40705624882,1477.22222815816
6997.36938341142,1840.80857200195
5468.24475612329,2745.17827567622
5049.19968577983,567.337525812067
4835.10694963256,1509.95526574386
5828.58734955166,1062.77481024199
6958.36534569648,1874.00113594256
5648.8356966883,2494.85515209708
8978.16101128934,2153.78874924188
4284.88495194676,2723.32216496912
4528.55335873207,1201.3154445845
8411.3320865531,1830.34014798991
5998.95850942047,3446.40940404465
6872.77701490639,1669.9434029403
6917.60862294654,1204.32835007528
5219.5624772048,1393.62811650008
8122.75643918317,2104.97018950233
6803.18875263104,1081.41371153172
6870.59967774054,1744.29480915924
7634.7419906271,1607.33716279465
5793.02549966996,5312.90383065522
8793.4952464499,1608.86912728421
6308.07921780108,1736.94133761468
6563.75746497661,1997.37530084103
7330.15138940954,1132.88769738385
5590.94082526258,3189.55002462728
6111.77007571925,4472.41721417445
6439.67224381463,3659.14816416785
6380.24360326304,1386.01931754059
5731.71765690262,1323.05559801671
6916.43890353409,1937.16905440642
4581.46228322841,1329.18345597498
5349.22855048824,2605.87155410233
4815.21479032601,2419.48254120503
6688.29993211106,1220.31182525244
4758.98057783232,3619.57241485404
6244.03942262804,1158.7268947665
5428.67566371024,4339.08507012059
4597.50484114238,836.963275975825
6466.49696668036,1401.59428985118
5403.76110080332,3396.67158162207
4885.02808410846,1876.75850404522
5876.60740013107,1215.1031249906
5267.8744483104,6495.88697747727
4202.18224035183,3635.35148111802
5414.53065150239,3904.51780991347
5028.13085264619,1327.44718755883
8703.20333770297,1246.66157247835
5477.36388074644,2717.65393835236
4413.29108069274,1983.53659694659
6143.60858096135,1179.61261431563
5768.65155443444,1215.1031249906
3317.5458245173,1616.73314867203
6240.09802417103,1701.75717784299
5858.93228422765,4187.36935219192
5404.79606353705,3348.41470020072
6711.16699832813,2037.20637756977
6968.00295530947,2895.92349746031
4369.26633404785,1325.55774369104
5470.69970620345,2045.78525272742
4400.69931374313,884.811602037315
6579.18936731215,1396.13026217441
6770.87134681374,1609.94146043227
4830.88187507395,2845.26662232792
5517.40406436585,1511.64040568507
8787.44537982318,1959.28049252845
4720.43409245042,2156.13792943778
7282.06591598831,1339.75403195031
4556.14016177625,1268.10907533229
5050.05982571306,2965.47460129736
7853.7873659938,1429.32282611502
6289.56283779171,4353.8940601864
6569.8887152192,1262.38982522719
5899.53853403852,4549.32157958286
6114.459286155,4096.47279247763
5452.13440330057,3379.81997223684
5148.21027160546,148.038834518973
8747.51619577622,1907.90844866641
4845.11034194017,2119.1664777616
4445.46876920297,3178.3666418588
6853.78203102698,1799.34327383375
6027.4633413745,2579.52180687642
6557.58977973683,2297.84464472271
5233.20620854955,1559.13130486164
7013.46208970609,1438.92311591899
5648.93869655568,1593.14087453538
5853.22630444329,1833.19977304246
5508.43879136873,1709.77447966904
5499.65724506978,2148.93752835825
4071.05939586556,3684.93623307556
6227.65303521686,1942.78625753483
5058.84353144889,2236.36176121346
7281.26626712225,967.844035377195
5216.86212133434,1664.7858311534
5005.770318847,2438.47881688638
4852.54625205579,2698.14679786795
4869.15069421952,2008.30335619458
5876.3746710907,1847.49810827841
6170.72596886865,1044.34021287885
6115.46734040394,1920.06211760626
6149.4392205799,1555.96522391921
5946.42151009311,1390.35988359436
6065.12717496327,1210.81368741177
6175.54269867977,4096.62607291586
7931.57569027672,2326.84971307459
4790.6085203804,2462.07119600963
5626.46634278823,1904.07853744249
5832.27836697038,3801.05897340616
7132.10577847157,2175.4405560224
4817.38555856273,532.664020870231
4048.13880885665,2180.24075341768
6168.41292271862,1461.13660101771
6692.42834790452,2202.24993458982
4534.36808719274,1958.20794940719
4882.31780755019,480.219801340042
4548.26221144313,3238.52186480507
7063.56981885099,1046.74020658989
6726.54414094387,1293.28444243345
6274.53028261116,1760.63576371462
6046.65270634322,1181.34888273178
5776.29364100606,1462.56651853058
7438.39649619251,2097.87204537269
5092.70259935265,2167.83175706291
5046.85806665326,4089.98756012774
5606.24153896633,4405.98085283167
6287.67469194908,1252.12560015513
4906.1802378711,5296.971483953
5201.40944014802,979.691248427165
5968.60128312141,1568.47626725067
7039.35390852973,2025.81869087471
6522.13915550693,1343.17533532106
4999.4903152455,1885.79722051759
6264.37458857318,3065.86950882554
5702.07453967499,3265.02489246922
4570.08992661206,4313.80765604273
8758.93226679576,2201.94358368655
5510.14972398097,2673.68659949643
4982.75404052522,1304.41669672698
7280.73243341106,1650.28319199086
4525.36300019406,4812.41086393518
8779.40535503552,1254.11719598621
6204.44391471514,1959.89319433499
6976.29163192084,976.780494899668
6831.06811458277,978.925266182382
5129.01977473267,2529.42661006223
4788.10779053117,1837.64238607292
7283.52749391376,1640.83607763853
6023.38265893084,1032.95252618378
4877.15766464794,1421.25450080062
4493.61776216351,1473.74979631246
6059.1755427313,1080.85203321352
4551.28665955526,1457.56201720872
6586.69477078305,1768.44865662749
5649.87799644521,1332.9112152356
4495.8170574904,1249.41915055421
4748.39672056257,2134.99677748712
6487.6697967591,1865.37102732336
5402.34019656326,2023.72504806694
5166.90544400973,2025.76766738637
4905.69668110983,733.249269533492
5044.54893679665,1569.59972887368
5871.17092384456,4216.62995793193
6520.91105005319,1544.83296962568
5028.89951372934,3134.90995783273
5018.12054758784,1797.6070054176
6212.47212542112,4187.26730521523
4979.88981512805,3621.10437934361
5936.62719865717,4267.23601954918
5516.89805085545,4781.66952716715
4770.55013840358,1898.15498341081
4733.80992429462,1113.53394232428
4891.88424378307,3606.90809108434
5612.95841395462,1151.88407805179
4344.28128221148,882.768982717892
5608.92562017594,4498.46061049708
5702.62172362625,1061.44714967901
5030.87003400959,1863.02205710067
6171.57049939234,1571.89767560803
6737.22811150137,2702.28326996835
6520.00676444726,1282.30536359156
7318.84673458126,696.482121783889
4660.84799706673,7059.39416227652
5966.68311726462,1589.92377010461
5726.43680550724,1656.61535387571
6592.41558015928,1640.07009539375
6629.83618388987,1606.21370117164
5799.96014374863,4379.06942728756
6638.85820723601,1050.82544522873
4894.02539793433,2102.67224276798
6479.86614235301,1481.76709813851
7614.04348201257,1818.18647905006
5552.71323423451,2450.9388367295
4928.33876558135,2460.6923019851
5648.54403671831,4065.68064219446
6385.49306148737,4360.68585341276
6676.04426960813,2641.71943916891
8322.30172798302,2640.85140994744
6246.09670236069,1103.26971725222
5292.00490184647,2026.89102402277
4750.62898012928,4885.53697152763
4708.77344927488,2228.80398574231
8576.14867822203,1817.88012814679
5092.0950600191,2327.3093444161
5928.1946989409,2629.259629299
6894.5840221724,2077.54810912836
6526.20018240018,786.765874705039
5998.28469087149,1333.31971810217
5246.72089351474,2164.35943020382
4502.15762325617,3179.08160061524
5201.03512341327,2582.33040844063
7511.05086274557,1325.81307110597
6207.78650333822,3690.14482835081
5853.10409848424,993.478928833266
5061.71622963708,1592.63021970552
5608.39123353575,1757.11220339397
5230.22204461402,1595.28564581809
5868.4138503682,3550.78729326177
4811.23887836962,3908.80714250569
6337.99587006537,4503.00527050423
5618.07136934801,1261.41953905582
5041.69145388359,2375.87257674072
6336.89569428785,1348.58833950949
5851.87361953403,3735.79762210774
8226.89447117646,2026.58467311949
7205.94994541275,1822.16967071222
5856.61058745519,4108.21785356431
5817.68349091902,2058.04096864396
5680.82222009659,1536.81566779963
5944.68915615254,1148.92230103595
5928.86558856155,1553.30979780664
7531.61674918417,1369.06555619206
3702.33602952505,3560.7958759591
5868.70738232314,3575.50281904822
4612.36032629452,1310.18707530703
6751.01158680502,2006.15847992527
6094.71304727624,4169.24110573205
5177.17199662934,1211.78386859654
6073.51092268231,1679.54369274427
5067.54456866222,2774.03027356306
5511.95440453292,3272.7357384054
4434.66800173171,1807.25842369651
5866.13841365841,4358.28585970172
6277.45068526629,1152.13940546672
5140.11711646696,4121.18873821048
5858.39025410434,1952.48869930209
5996.54784836948,3048.09863675728
5567.99757374708,3997.25289499381
5608.43175144941,3339.47824067825
5942.32915088255,3693.00466337656
8434.81572333798,2115.18328609944
5223.49362173256,3799.27168150167
4594.35384122072,3817.60444186133
6011.39862127766,1135.747427423
5080.50058080946,2500.3703082488
7708.98301107049,2538.87372441455
4795.60687983238,1643.95103010601
7012.90065613252,6127.09172339843
4744.26782014584,2014.89063552116
5279.50970169725,5378.06355492336
4725.22268099791,2902.00033193023
5215.1799786849,4461.48894884769
5539.95602012904,2011.97998698026
6002.25917502428,624.173387377676
4744.17536883125,1766.81464516123
7146.24589528899,2898.32349117135
4766.97705698224,1655.594044216
5781.18908605824,4466.95287153787
8712.82683386205,2199.84994087878
4553.67104150691,2388.79222792535
7398.9801627677,2811.05274872759
7633.04280089071,2384.70698928651
4908.09360285373,2652.74975147235
6593.87622028979,1368.60602983715
6550.71999323473,922.497907483338
4668.44755270759,767.922721982027
5097.52018445913,8010.8465772206
8161.54795193572,1929.61127893527
5030.41898833021,3157.68512124965
5761.09294572755,3835.01751959156
5384.04670471152,3138.28023771514
4482.94464497951,3429.762098586
5443.23083753062,2329.14765980894
5551.88753704479,1021.71811992696
4996.22481850796,947.366818694626
4947.41196787203,3953.89804797122
5099.09317332567,1552.033160732
5299.28643073946,3052.28592237281
4184.29473511622,1014.67110427227
5274.91868774922,2451.65379548594
7180.58412658628,1500.81450229481
4410.06263915847,1004.81548705338
5402.82535214108,1448.93201357612
5660.314202532,3554.10654965584
6868.0600767483,1341.49019537986
6135.83519306388,4836.05426654678
6637.00562244067,1461.44305690758
6877.49106852518,1936.50511913832
5585.97164812886,4760.47735172815
6807.10197361631,1664.42835177518
6380.74020922119,837.422854824035
4767.14882590824,4267.49134696411
5723.17505990494,2392.57111566092
5245.70520388445,1340.72421313508
6502.64433884411,1554.89289077116
4467.64870472802,1657.07488023062
5421.61695242902,3519.33078776411
6078.68837584136,1575.52328290536
5808.0679952837,1066.80902539249
6221.50236881367,3816.58313220162
5446.0480896482,3739.32097245518
5821.31874762172,4035.70486772481
6368.97156207847,1674.48827292066
4586.59281428202,907.842092869161
4752.21550060969,1873.89887899267
8520.55013759519,3989.43979210774
5334.47409584785,1898.76789519056
5557.67796529366,3931.48046891913
5975.51231945133,1322.34063926027
6521.96305384835,1677.80752931472
5261.56009587535,1418.03739636985
6730.88356505634,2084.90158067292
6013.87000876297,1825.13134274146
6132.08632895725,1099.84830889487
5052.19361414183,3568.45569840693
5025.71517431152,2125.70273359983
5923.09784432213,1773.81053234097
5200.10791957845,1832.79116518929
5682.6671555311,3646.02441902984
6421.0441960497,1304.31454476369
6085.58241449218,1248.80634376107
6371.39331444369,1634.04438939877
4815.3439498531,3260.22469507394
4942.66576476472,1512.71273883312
6566.61228227404,1604.57958471878
5830.35547090593,4090.85558934922
8186.96192307741,1553.61625369652
8590.42380889525,1505.97217906831
5906.23509849226,1254.37252340113
7557.24108378478,2311.58109166726
8574.41515986501,2121.71975191087
5428.81728966574,2237.07671996989
5563.29029735589,3833.23022768706
4479.58528506819,1522.56846103862
5464.2993877326,1672.8541564678
5761.24702827258,1186.65962997032
6042.597509162,2421.67844096269
6035.07443584508,4205.54883211335
5698.52223231911,2496.84674792816
6571.6116397772,1097.55036216052
5716.90004487394,1365.54210085802
5661.91244067529,3376.44969235443
5549.26211938334,859.483164471117
4612.19366056185,1757.67388171217
5979.97414812056,4469.09795778038
6150.79134698581,4138.60181594071
4362.87422729595,1473.80092478741
5597.35220224557,3483.2275752826
5571.12080163996,3044.93266080146
5619.42321699585,4073.44251161898
4793.42265883441,2573.13862150322
4371.64910499551,1579.65965001915
4744.47116951821,6040.74024363769
5848.43138561588,3466.58026982394
4411.30077920956,1493.9717905667
7911.6037524969,2495.41683041528
7517.95066484458,2223.1867826139
5416.07232693701,1082.33286922814
5334.5361934475,2027.40167885262
7620.76136972154,922.446883994993
7534.71810810919,1999.87755150197
5926.96701756288,1842.4425834682
6323.89712377026,1357.52479903197
5619.08303092577,2159.55923280853
7023.70069122664,1962.49749197262
6834.13642843824,1635.83168130327
5092.21294200856,1709.77447966904
7706.89533840752,2738.74385684148
5430.99182390498,3579.23068329545
5241.26607161282,3189.14141677412
5704.63982687425,2045.58115877404
6236.23043260046,1687.15249170376
5338.71798634458,2610.97810240088
5877.64875314585,1281.07975000526
8922.31205135004,1984.71097707133
6176.62102573435,3328.80551273962
5034.28363156846,3782.11393118636
5518.03787734472,757.862800836552
7659.52135097963,2475.75661946584
5632.26981448324,640.922844799619
4801.08381290426,3252.0031943079
5802.47346405965,3375.0710083031
5296.55170477143,958.294874048176
5044.6763133804,4903.81807847933
9184.57024451624,2092.71447358579
6774.25756481403,2382.35801906381
5181.2108166642,1753.74192351157
5422.73465624727,1399.34736660518
7369.25437824685,2390.5284963415
6030.38957498617,971.163291771256
4717.0932937638,1134.01115900685
5961.15697329133,2372.19594595505
5366.0450053469,1249.26597510258
5531.76577409153,2691.81484595631
5129.47430069055,3133.32696985482
6884.85330603844,2238.60868445946
4886.84797266854,1496.16758533776
8550.20163909558,2482.49738920386
4708.32913328367,1495.24842764134
6649.87847898949,2331.2413026167
6607.81789846715,1753.63966656167
7511.8231364975,1333.98354838366
6112.97747700737,2972.62376891534
6888.75435964021,1149.48397935415
6064.83134708281,1233.28249992542
6379.15868499832,3583.72452978746
5797.99303858142,1347.31170243485
5390.46394591053,3635.65804199449
4862.52595739518,1147.95201486459
4832.81674711945,3284.73612690701
6382.2742408052,3235.71326324087
5393.16444362237,7522.71179334019
5246.21954556394,2761.87660462321
5392.81092572751,1524.50892839475
5452.51192818542,1292.05882884716
5049.804172601,3113.20712756387
5568.82050358223,3863.05272171847
5963.06448915562,1134.72611776329
6575.67344577614,1987.97920997705
5985.24066171384,3191.89899484998
7860.19252008258,1917.81519436025
4366.80306733008,3898.59404590858
5602.37382411637,2114.16197643973
5664.81864133046,2761.82558113487
6566.24633948911,1378.00201571453
4685.95231414198,3427.15780094837
5460.53935270146,1861.59213958779
8112.95641969544,1448.0128558797
6080.87970032694,1841.67660122342
6386.22927036189,1142.07948432125
5286.36970480599,2921.50726244144
5316.5965872279,3820.1577160106
6678.81264474764,2099.09765895899
7089.76077880119,1361.96751704903
4613.49856594119,1005.42829384653
5534.66561412828,1551.62465786544
7015.04457590098,1825.69302105966
5707.41451733615,4469.35328519531
5224.13233309582,2883.51450110554
4859.08437309316,1583.64273669471
8288.27973989495,1401.13465850967
5254.44846373039,4183.6419078911
6293.888995209,958.192722084885
6594.2626520351,1744.141528721
5208.6628948143,3542.77009642232
5783.9379398854,2660.20526999361
5933.29525628649,3560.74506244396
7546.77260768525,1676.83724314335
6138.37733406212,1272.34759440937
4877.13858613782,752.756252537996
6344.93982500804,2044.15124126117
4619.89207699908,2486.32730042777
6351.38063013371,757.556449933279
4962.27900381201,1473.85194827575
4647.57600924118,1356.86096875047
5904.68900452734,1817.42049680528
5312.96816853508,1298.13566331708
6203.3022738575,1548.76503281289
5366.36863968105,3314.55841096521
4720.86310836627,1466.9581080727
5382.01385561367,1800.92626181166
5465.41669509475,3137.71855939694
6256.79222141167,3550.12335799368
5730.02022483878,3923.66736603305
4581.2780974322,1455.31519894931
5833.22132003155,1650.84487030906
8119.64942879977,2422.29114276924
6275.27093868434,1856.38354431254
5119.01661437415,3117.95630147081
8641.5830741243,2319.54747499157
5473.66962817983,2902.10237890692
6952.78387966691,1757.72490520052
7220.25977404384,877.713457907681
6109.53974010595,3273.91011853015
6780.04613486135,1519.8619064511
4460.15985712615,4213.20865456118
6150.71455955354,2523.80940693381
6729.45799264906,3797.28029564379
6163.51033519004,1860.62185341642
7660.65947484505,1100.35896372472
6536.65030931879,1735.20506919853
6473.95548542367,1915.31294369932
6461.75541942093,1547.89689860481
7054.69225645337,2550.00587372149
8509.83249103387,1723.00048175694
5561.06510449836,4431.82015520093
5651.75266645213,1985.52798280446
7027.81722738637,2055.02827312637
5398.3517690234,3620.54249105221
6754.9452904748,1391.53436870571
6542.12190070877,925.255485559198
5640.89961193806,1311.10623300345
4550.09073635396,1417.52674154
6465.43116664242,1637.46579775613
4845.73076670029,1792.60271406894
5824.53797062861,2948.16357054382
5718.32992177385,1596.91976227095
5230.05622955888,1488.71196182991
5663.91691816458,3009.85054800645
5856.90692936358,4466.54468363111
6332.27621666607,1519.24920464455
8532.10506471638,2086.94419999235
6256.08808506759,1753.58864307333
6572.18110602425,1219.59686649601
7044.61547094776,2050.89180102598
4990.70842514749,2658.16265067418
5143.37916453468,1419.2118814812
5619.695870346,2387.77091826564
6606.3120062266,2222.52305731901
6167.18163782568,4360.22601209805
7007.61006531372,1718.8130911548
5975.92646124247,3279.57855512011
4509.27842925225,1815.22459704762
6255.86634183384,4269.89134067515
5482.23154122008,1875.32879650555
6158.25552863469,1456.23435664573
4408.7500559398,1539.77744481547
5419.1009443965,1195.80039341938
6056.40817807314,1853.88129365161
4541.76708646622,1710.1829825356
5180.8463903595,4352.56618965021
8200.65731906888,1831.41248113796
6292.81209666506,2080.76510857253
5425.42580546902,2166.86168086475
8349.46378859174,2542.60137868858
4962.6861419972,1349.30319327933
8575.42297849507,2730.62461302533
4938.41503142638,3521.1180796686
5528.29261439238,1978.78742303965
5768.19493336874,2111.45563182542
4621.62658757556,1080.80090473857
6101.48433444822,1608.35847245436
5348.46340393176,3715.37142891352
4691.27007620605,1360.63975149944
6381.03552776388,1175.16989629857
5440.15309726734,3111.41983565937
4888.72033128874,1330.46009304962
7225.27545641935,1555.86307195592
5293.03506054888,4039.07535758042
5258.55841305691,3138.89314949489
5461.41135296076,2055.74302190961
5534.53914162256,2023.98037548187
5780.55048483167,2699.16810752767
5691.18429639898,1065.37910787961
5472.91931383067,3698.41735260519
8406.69333061554,2874.78234550965
5471.61453588079,4053.11836540145
6556.2795660787,1775.59782424547
6281.73991263584,1242.16783097294
5325.25193113591,3037.73225972193
6035.60439195148,2852.00718209273
5164.47477560994,2047.2151702403
6131.37287738434,1236.80595525946
6648.81855076941,3566.10693815744
5107.75038533217,3470.61448497445
4272.08099490077,2690.84455978494
4448.53621090543,2311.42802120223
6126.34510689978,8173.49014052961
8570.87170956243,2209.24603174276
6098.77368272533,1274.39021372879
5748.9637372723,1864.04336676038
4889.65352723569,3011.07616159275
4992.9085646831,3262.93103968825
5380.16800801656,1604.47743275549
5238.65385824442,1558.62065003178
7895.77350634992,1576.95320041824
5112.82970472397,2356.72302062114
8653.11982854383,2448.0281881886
6086.7671971611,2035.72543656855
6544.47082475477,3613.6998843107
6596.63204914672,1298.79949359857
6701.61137527164,3339.83582504307
5830.88155979976,4258.09504612692
6676.50027724683,1132.63236996892
6612.30650869159,4138.19362803395
6226.0883078641,1746.38845196701
4768.74290053661,695.256560690896
7368.77291091851,1100.15476478474
7970.69647801985,1418.75225013969
6585.30310494222,3563.60447752331
6549.67169761486,2117.53225632214
5541.92398016756,1542.68819834297
7633.12095641337,907.17826258767
5599.92872932775,1086.213908927
4774.0390690222,6704.38700855018
4213.13541698334,1779.2234315428
7123.95887515933,1687.96949743688
4429.23819523719,1141.97733235795
4639.62340225428,1630.06130272322
5653.06314137932,4035.09216591826
4827.89195520139,3112.74749622236
4105.43271308334,808.519780955548
6211.43413406758,1248.44886438285
4870.66623607548,2356.82527757103
5581.55653324597,1566.58682338289
5526.68500570812,693.162865389828
5685.17124970439,2360.50190835671
7143.94982868018,2076.62884644534
6708.93905905177,1377.74668829961
4548.96728494759,1090.55447498078
5826.51929379789,2736.03751222716
6332.6203422706,3784.76925231233
5282.45583083444,2511.29836360235
5780.52471121515,1344.91160373721
6787.72784750592,1254.62785081606
4282.58077389048,1453.27257962989
6181.70685382964,2337.11383316004
5779.08071017227,587.20198819479
5766.88313659297,3641.17319814622
4544.13447574929,1443.416962411
4904.26598036214,1306.86781891297
6521.71669521451,1922.92174265881
6465.26390160646,2260.5156086817
6848.09176592634,799.634397414721
7690.70167905375,2446.44520021069
