"Marker.A","Marker.B"
4700.53007850803,4549.6808411725
2884.8348663376,2038.89735577215
2753.30046536958,2463.88997812984
3099.11991902254,2774.6403146716
3030.16641155993,2038.1292724634
227.811042094939,30.4403542885325
182.182703166926,4.12339460482114
339.146594577732,85.5806507686897
4628.45062732559,2039.09948295866
2851.89127916637,2364.11999886809
259.672719461666,36.7062970703686
430.703846840123,254.841956752867
797.083124276392,205.361221495014
4952.26744735854,4715.42513411139
3097.2563351233,1890.89982980891
500.228434384943,7.11487696518157
1182.66969711676,512.271141493073
461.092683272594,159.316648407844
629.628971575609,31.046735848065
4050.31120501035,2600.52795621117
287.145905123192,117.557171674705
2530.26861090363,2359.34979726643
697.049463009965,26.0339816225962
2608.32959438172,2429.73048360951
4789.17164236653,2439.51343943663
2271.52759871744,1242.79921898055
1800.2452944189,1101.14848667375
3694.45248339231,2582.579062049
2219.22637248949,1638.88765366719
2954.26947348858,2280.31806734069
664.255956060666,312.205652284644
489.798235290103,287.829113591436
3327.35174458826,2283.26912426375
2914.95327236014,2249.91813848946
2963.88815555589,2269.2010720826
499.807622689441,370.903387247392
441.224214493577,98.9210450784051
505.097875246691,230.182439998545
4694.42842182212,3570.6980260259
2127.45871437934,893.402164377913
2884.5344048301,2244.33942814176
3209.4633539299,2301.42014561243
8439.01756858252,4526.71919278487
2692.07194971157,1827.59359499371
2781.104294168,2002.11020782717
3283.82757703662,2269.68617733022
2867.5215998928,2533.42173028957
4377.88560026888,1725.11511143272
3008.25379596672,2503.34520493675
2882.12980957918,2591.95776350311
225.496577769679,39.3339504950095
2206.8424209368,1793.95963115831
3196.8689588965,2475.33037688635
2325.24156605155,1551.00275297228
543.241696948376,401.384166973226
248.58123409305,84.1657604631138
1751.91163530179,1293.77569541859
4180.85420342906,2726.81702234314
227.570567516665,23.4467536352575
2756.51642711621,2028.06333857517
880.073798976133,334.924748048462
2691.32049487918,2440.36237361998
909.6210120176,657.196334221346
692.150028683603,341.392818016809
369.35505626002,19.6063370915515
2904.94380969489,2572.75568078458
285.522758169276,48.5105247626016
3288.276093304,2469.02400866721
436.234536342692,237.378167838331
4485.79433356185,3353.97725664897
2865.41746614938,2527.43876556885
7109.66446584916,4002.76509991147
252.999794528774,108.057193908695
3030.1965179234,1826.05742837623
2804.69985547958,1749.32994837672
1551.06290210488,938.799930468248
3046.15740652081,1556.9048668184
869.733768439907,571.211429079634
2260.4662197123,1404.0967138162
2785.55281043538,1774.43414494136
2694.80711283347,2138.02052803706
2684.34695790697,2382.75612546439
3410.34234402209,2768.69777538819
2989.01673289573,2780.98710832804
1757.95338032438,988.038113102288
839.224732351254,476.252076856841
209.385364336133,48.833928261019
610.000977374866,379.594856267358
465.6314433645,89.501918187
213.803924771856,18.3127230978821
4456.18713359115,2932.66334908578
207.491711706375,22.4361177027032
276.956180606626,64.0338926866341
2802.71614719007,1833.73826146364
2845.12818567486,1996.61234835408
378.372514248695,170.43364366594
834.475528778642,132.797561537622
1715.6315103982,819.706592176061
3364.77425545399,1955.66138036698
683.55338239043,352.509813274905
793.115481899648,166.633652559537
650.248895187015,283.948271610428
3033.8935793584,2007.00168574074
3900.56155094775,3125.85651395284
5175.53955060504,3957.24605750923
2098.60281870922,1440.43918195085
4216.29270494165,2815.42958090949
1193.49052627772,688.364346381317
173.946768741163,20.0510169018753
1334.70397257182,739.825928066977
2331.91449098444,1779.52775004144
3198.28185053448,2312.69884261973
2779.42104738599,2690.95965945612
399.413249555603,263.897254708553
482.193518407593,194.163375362313
2050.44964724115,1330.68411967546
670.718512778761,460.5670071836
2404.3248111015,1614.8345184724
2026.52336752678,1219.3928907826
3515.99701388152,2900.96980624088
3471.78130316081,2271.58617288343
3789.58648453465,2596.32371073174
3245.89386011905,2040.06969345391
288.288140553515,52.1488141197967
1024.3831578925,587.17947681399
402.569374904821,49.0360554475298
3118.29707043021,2503.99201193359
2460.26288603749,1863.45095788074
2898.48147877452,2429.528356423
406.356717797292,81.2955544146599
2299.21130312558,1316.4947911824
4330.57405219182,3723.62745534
2836.5316146476,2586.78330752843
483.455953494098,232.567540799373
367.401303802171,181.752766110547
2110.38569671509,1361.85213183544
457.42557766926,214.456944888001
293.969136075744,71.6338748994417
4639.00110134252,2944.62927852722
1550.70207733861,1051.82945316511
2610.01284116372,2439.79641749775
297.90674735492,115.091219999272
375.306595091046,89.6636199362086
463.91812785197,247.888781536894
376.118149751527,151.433688133921
3935.06826051072,2575.74716314494
2474.42040346262,1761.94268481499
4897.50156368453,3600.89582769062
2983.78665543248,1980.68472605702
2525.21887055761,2338.97537686614
816.350444242679,326.394980777705
790.019494011475,595.911371271259
1008.81304989302,922.144650299755
522.77207935663,43.5381959744349
3985.47594700778,3288.64974996867
2993.2548056824,1975.67197183156
195.167841165299,28.7829113591436
1053.87030873883,611.192186571478
2866.31915173552,2781.91689338599
3204.32359555708,1971.58900266404
402.328900326547,20.212718651084
3068.97140663652,1866.28073849189
600.292126748938,172.980446215977
289.430338350884,48.1466958268821
377.651128146828,196.71017791235
3533.73116728774,3059.23539327887
5079.83443174754,3294.7944164386
1626.0278976948,1013.50613860265
318.346333849098,167.967691990508
4849.4984724384,3812.36129021826
2545.6282754224,2557.71741810817
375.547069669319,93.9082908529363
2154.9018689433,1351.22024182497
2586.89807847687,2248.8266516823
3736.23319143499,2973.89729513399
526.048441994985,332.499221810332
406.176343047109,181.469788049432
638.165480407736,386.103351673007
553.221053250146,263.775978396646
952.544106022419,124.389070578771
3008.70478929161,2402.72629149166
2646.65379083358,1792.18091191701
8454.40733946477,8438.24408070534
540.296015079864,295.429095804244
443.719053569019,206.371857427568
329.558018873896,210.293124845878
280.503048920823,19.8488897153645
2418.75268367066,1173.34831769543
401.39710837693,144.480512917948
3027.04016677646,1984.80812066185
319.96944317006,24.4978150051138
3083.82016616709,2688.00860253306
481.56230086434,105.752943982472
2635.17152486704,1666.37695103267
2705.77847381181,2471.48996034265
930.631716226939,654.730382545913
3149.67783627334,2254.08195853159
330.700216671264,116.34440855564
749.380795601393,268.182351062583
2335.52153439264,1722.32575625887
1891.89267760695,1476.66037377359
1205.00289860775,699.60261795132
412.909405441047,69.531752159729
774.238942531294,360.190646362317
326.281693868495,73.2508923915284
3044.86494033674,2677.45756339719
2535.61881275716,2191.74593421164
2815.3403475233,2515.27070894089
746.344945174266,306.303538438527
397.098785230343,165.218762253961
2685.30885622007,2443.79853579066
2422.69029494983,1423.66262547045
2933.13841909124,1522.42196879965
3050.75615354195,2598.10242997304
3032.21033257639,1753.33206666963
1069.10977360142,815.461921259333
1051.16502618268,497.556282315084
3383.65064429053,2559.41528647486
3558.22871524909,2426.57729949994
457.545814958397,36.6658716330664
3027.10037950341,2799.70408579895
3309.88794632607,2438.78578156519
3975.52669706948,2546.64084828738
224.985559882609,45.8020204633564
1990.60376632583,1454.02212888438
2551.51978969125,1738.33422943053
5321.14175203502,5051.68392159082
316.482712316908,136.516701769421
6074.64020437743,2738.13614478775
5337.61354562064,2198.05230243078
3695.98549942056,2222.75224462241
2874.52494216485,2717.51917176364
2874.01403717665,2137.25244472832
2752.18833630274,1746.58101864017
2355.08946639825,1523.91770997983
3356.14757806325,2381.0582570977
509.636635338597,368.07360663624
612.91662814581,299.795043032878
1798.92272187135,1409.51372241469
459.529636146769,106.238049230098
732.307702671229,654.406979047496
272.357283053674,16.1701749208672
5158.61676369454,2350.29449931075
330.670185573696,75.9189712534715
333.706036000823,100.255084509377
298.417727609036,10.106359325542
3205.5558490142,2927.61016942301
328.415821076527,109.26995702776
311.222528490181,150.706030262482
3392.81833303295,2566.57058887735
767.325543020128,353.803427268574
409.512805513555,77.8593922439756
3037.65085352034,2245.18836232511
3817.72118226767,2924.37613443883
2884.68463558385,1852.81906787027
3220.79538914269,2234.39477056543
1098.50668062322,633.870856897994
3585.91241965723,2809.44661618877
3045.16540184424,1842.10632698519
2631.05357647063,2491.90480618024
1853.68875607718,973.121126737788
1543.96909021058,461.375515929644
1972.35840686777,1197.96740901245
2077.74242051954,1419.57965630293
786.38241950571,152.808153002195
7997.91358196984,7870.30711204719
2905.84579634467,2682.18733956155
2062.11225032493,1297.33313390118
555.745923423157,207.059089861705
7886.45801799564,6604.82922274012
418.770738080504,79.0721553630406
915.031501863986,375.956566910163
350.688922739418,177.710222380331
316.542812144999,142.782644551257
3060.76561620719,2071.27813105118
2822.01342298801,2189.96721497035
3599.10773770563,2606.02581568426
672.010978962835,579.094389353557
472.063893719118,37.5148058164119
3511.27784140648,2727.01914952965
2949.76074449424,1913.82105275924
1053.84020237535,390.671426088152
376.298524501709,74.5040809478957
4244.12664010354,2834.46996187881
2236.99078279099,1395.97120091847
1687.67730031422,1256.94812203631
2668.62631809011,1744.11506696474
4527.99622962957,3241.47326463704
494.908150730124,76.1615238772846
3300.35958334919,2321.30946076509
434.821795236527,6.42764453104471
3885.29190445578,3133.25436897914
2412.92138212877,2036.59310584592
3241.05456325374,2457.09850466307
635.099523617132,387.154413042863
3137.11354760343,2253.43515153475
4409.02581626784,3100.14593582866
287.747091568876,8.57019270805962
1032.1081496971,546.309359701499
290.452298859115,33.5531129607995
2784.20013152435,2131.3503308822
217.651367492418,25.3467491884593
3452.30369024564,2729.32339945587
2628.34851971221,1536.32831923159
595.603060637373,319.724783622847
824.015298586234,298.541854476511
3315.92969134867,2906.9123455243
2323.70870055511,1267.62043748408
2967.28475548338,2064.36538127251
7793.33783150628,5887.47983781315
2846.39054549546,1934.31674947144
729.181683685488,201.035699703682
3412.53649579231,1945.15076666842
318.46653350528,157.820907227664
1074.12948284987,625.947471186769
2970.47091193017,2675.92139677971
3470.69928045744,2291.43506259879
220.025969278724,44.7105336561978
353.604573510362,198.974002401271
246.236701037267,34.6041743306558
419.582292740985,20.5361221495014
315.821426043133,105.752943982472
3419.02923413979,2196.92039018632
4095.27837056345,2760.08715724282
3109.82062379322,2340.63281979553
2517.3734532991,1710.80450662775
2568.56270099202,2148.1268873626
3736.83441551362,2282.90529532803
5437.01572591313,3725.16362195748
2961.99446529318,1945.23161754302
3530.6952415947,2109.88442367475
2801.09281207138,1737.97040049481
3289.56855948808,1939.1678019477
2320.40226918624,1514.86241202414
576.726521269019,225.654791020702
2147.26704569732,1338.8500580105
3503.19217536742,2375.72209937381
605.071436685027,259.531307479919
2930.85394823059,2290.30315035433
3947.57233645368,2785.63603361779
3776.21082936902,2593.6152064325
2522.81427530669,1484.90716298324
2924.93262866191,2468.57932885689
366.529611680645,48.8743536983211
287.236073681806,5.09360510007317
2192.65494768001,1155.31857265866
367.341166341125,83.6806552154878
2548.60398838848,2445.94108396768
3677.49959011833,3230.72009831466
595.783397754601,463.841467605076
429.922323277211,40.4658627394702
257.027611999518,28.9446131083523
2927.93844799147,1859.48926502512
2396.11887014036,1393.38397293113
624.188450631654,424.224539048951
2880.26622567994,2190.00764040765
5300.01069763768,2646.24912579992
3386.29578938563,2311.56693037527
513.363878402976,149.937946953741
3237.59805166292,2195.58635075535
390.666334875725,60.0317743937195
3675.36535001143,3233.02434824089
3669.53404846954,2391.40716904705
288.167903264378,41.7190512958374
337.042498467269,30.2786525393238
2749.51308484416,2431.63047916271
3263.26764035444,2473.59208308236
249.242520366826,88.2083041933306
3280.10010817452,3099.37785251992
3634.12565332044,2178.97149602416
854.885008909343,528.643443600451
3375.83563445913,2146.1864663721
1125.28854891341,745.323787540072
191.651041581625,55.7871034769919
788.937396042198,373.733167858543
2334.67991100164,1450.14128690337
3606.32182452202,2266.61384409526
2079.12520579405,746.011019974209
488.595900031689,301.573762274173
2418.12150376036,2078.06960451795
7709.35492633224,2902.22299479725
4141.26734609296,2390.4369585518
2681.13069509671,2423.62624257688
5817.22176473878,3649.48720332782
5667.41189794923,3088.58426076024
3018.17324060517,2361.24979281963
563.170303188439,257.429184740206
3120.22056599276,2618.47685037333
3087.96822092697,1864.17861575218
480.96115205161,20.2531440883862
7097.37023125963,6169.73024105688
2835.26895376337,2305.30098759343
2686.51100331371,2555.93869886687
86.958345301201,9.82338126442683
3115.95238684261,2069.37813549798
7218.71513350881,6383.21697544963
2689.72726612397,2468.61975429419
417.478234263476,302.867376267843
3658.35254507413,2009.02295760584
303.467505588012,157.699630915757
3823.28628952484,3421.32772128454
6630.77827300278,879.016549960994
3234.19011026738,1986.89466719356
4579.10432277825,2750.59958349569
4537.99780807161,4879.28928730387
4183.72898090932,3903.82945506768
3753.57028781067,4145.76185891155
4351.39685280044,6759.79467236827
4385.59490545814,5149.18341753741
4516.09972479766,1490.63977776876
4426.71542722924,5137.87373096907
3946.05320276067,3806.36301091695
3198.38232869806,5679.65067968601
8117.87584359476,5109.62826870536
3966.90981376165,5318.82617893095
4645.68174192312,5096.04573515786
3731.17408106698,3439.45700592851
4650.83006900299,4735.73246640239
3041.71880026197,5699.20096940412
3824.87761099234,5961.53613915401
4143.34863450088,3508.73507327454
3951.60332354858,1317.07566819637
4824.07132412331,6620.32982173979
3575.61369601586,5918.68525648836
4616.92402099709,4983.34804483232
3595.7476688685,4975.22118974532
4922.24610579495,6483.02449288297
3570.47550996721,1281.27166830426
2502.27476897504,7105.90000465862
7373.50307191587,3658.20256488761
2741.62343294914,5010.00230278298
4170.79655546651,8981.74594770191
1718.2853959256,1035.87216853593
4112.4266349988,5058.19553870162
4462.6235830306,6698.70054556825
4531.69684926813,5094.79535217788
3903.73493778697,6190.28391624246
1342.81596493555,2143.6934117371
4192.43103252438,6207.16302933408
3333.27330244207,5938.12137528845
4064.01318805096,6219.15435856854
3959.61333095185,830.198122552364
4121.78646159774,4969.36760449274
4318.8059479274,4897.19128724992
4469.34623167251,5528.53532115614
4680.29578971077,6428.86350079372
4446.96559999423,6655.50841871428
3314.12731157948,2107.26422035501
3384.20712218441,3909.45554419471
4340.32452864302,4606.66731784008
3108.98163907071,1050.47790607931
2242.88345677324,1965.29860376657
4914.96218343859,5068.42525295651
5031.09450053047,2013.32142901868
4488.1678697644,6706.65698998872
3954.41835579011,5678.34363410227
2953.84971474284,353.948092241509
4639.58514228879,6410.45026884808
4077.81973597747,2448.25469551791
4069.55343388651,6658.91832346591
3294.74212271298,6419.42960012298
4363.19531762455,7513.78195212561
3971.5086454595,6127.14401573357
3861.17686140635,5382.53439689846
3780.33338313855,3774.99180263091
4127.30673598535,5586.44661647482
3808.16054697396,6424.48779464667
4663.6978083349,5150.37671505838
3944.06029538396,3789.42681236632
3495.9813381848,2313.7338684951
2238.08034167957,1912.38820608494
5016.41265425937,6514.79318510583
3321.01833369957,6003.87578982008
4492.88665016858,5287.05706385284
4201.68668153662,4358.14217776323
7861.21627036038,4570.18167528185
3906.43762438296,4801.71395420431
3769.14631845093,3841.76910401698
4218.52355968666,4496.69788960004
3911.97389673247,4940.04259277083
4943.87629656131,5378.95408148029
3807.7282526595,3138.58978562863
3301.8214893321,1798.44055563467
4207.36158419447,6830.55019596457
4258.39170502385,4875.59522382294
2227.40453874409,269.666618416102
3882.02299258199,4770.74065271035
4352.21899861596,4884.97246188992
3933.21722937564,4703.50878192844
4016.30434566465,3537.15094620478
3445.39603280655,3071.81248424257
2806.32891731115,4462.65592754276
3999.53595257027,3196.27400767703
2986.53158569473,2488.03691762025
3369.54869435034,6261.72150536014
3868.58496532762,5839.74579234605
3898.12564802238,5579.2859856385
4237.17131434567,3340.11519873544
2692.5975077737,3772.77519540025
3193.49733129528,5105.42297322484
3863.57719086502,4645.65414921352
4339.11264846905,6453.24448890997
4359.0608346775,4093.64748624169
3401.91871023828,3062.71940490489
3967.49637859245,2932.85886561368
3883.83135581045,4958.68332084202
3318.82723151752,5626.74049343201
4411.69742650822,5674.4220744958
4585.4823228379,6975.07366397199
4993.64471445017,7724.79771707929
3624.86020076086,962.502448058333
3774.1565428336,4799.27027370336
4148.58634504149,5956.25087136004
3831.21181552366,209.595470970106
3816.01069139718,4791.71173607497
4662.37330285136,6381.46607845923
4339.56283263314,4096.60239874224
8422.9571863318,2036.79285548801
3774.8569380377,6958.53537221343
3642.370787446,2552.37032707774
4267.39973471097,5769.67233427112
4324.91705624474,4991.9298921704
3486.99057613449,5496.42538474497
2798.51302060644,646.517888217136
3374.30842021206,5969.26551030419
4171.98519491559,5777.68544129535
4748.43305142754,6104.69547611867
3971.05678053789,5908.91011162931
3694.98676434047,4057.3884940985
4150.45556759873,6775.4234024799
4270.23624620496,5216.3582028603
8488.13356247688,239.147965603331
4351.5798912222,3098.97818562045
4919.32940056018,5192.54595505791
8475.15246791626,3607.11065621694
3668.92907339042,5332.57912314499
4484.68085030903,6493.76543913745
3864.91993361971,3175.07585104212
4340.10609698457,7212.85785779435
5259.04633857808,5460.96220618592
3721.37042834918,4585.29875053864
4861.98470479892,3432.23950106081
3717.64329780214,7439.78651158896
8428.13563076078,2495.36817055073
1182.82590194526,2801.29337394666
3627.77151386764,5473.63560094176
3855.11196249895,5654.58804890364
3903.13343423511,5231.2482048468
8832.32440313714,3783.23240578068
2136.31254546837,4155.76449989615
4395.17691543808,5662.14658653204
7862.34757778828,6077.58664877217
3728.86881362913,2473.77210712374
4030.9265973793,4819.04763669176
4457.90401504676,7062.65121520089
3074.34450788262,1462.84909632851
4713.89753787995,6604.98525035746
4276.99625220724,4990.90700531596
2937.01211871021,4782.50490867452
1856.55145496067,4250.21894608733
3704.28260012569,2566.63513757425
4570.671033644,5548.99474966591
1316.6471350743,4026.18811933425
4414.57271004608,3439.96866078336
2949.2300612837,2626.36534475914
3779.24534513262,5800.02023284747
4201.90554791582,4998.80636427742
3380.82902465502,5837.47252251163
4079.18908749771,4427.64731837956
4025.69276908812,5864.80842312842
3435.58207747447,390.43407836963
3804.77292758596,6033.31454960476
3201.31393419367,1442.84434292838
8412.79599630834,6979.73352884834
3744.2507785114,3026.57458367972
4854.06419255511,5925.33423246984
3572.11210930299,2448.42510618444
4725.2632843533,4844.28110099591
3971.37076252847,4214.75576752828
4047.00602903641,5176.40557009143
3715.9673477195,4523.52255821724
4063.59787147263,5449.08420215898
4250.30459969073,4994.60106879689
4420.07277355192,3013.44640810043
3918.9630907818,3916.04828042768
8313.84614927945,3404.73297834986
3741.33730703077,3206.61746999468
3410.86356298751,4391.84331848745
3977.26288701591,3486.57069238895
3626.7530930933,3248.95712066074
2708.73249053891,537.969306480518
3726.51026132704,4888.72318797461
3634.48803700936,3945.94160960819
4376.88626704049,5651.97353488091
3559.39078222993,4595.52846479353
3887.56508720893,976.653510492068
3948.52339038182,4940.44007670765
3329.4499085868,1398.00403201617
4475.50960377022,8356.48257231857
6609.62023675655,4311.14223936556
4210.11995679973,5085.4181141109
3330.42050591843,6266.66595182105
3347.75086512916,269.3824596868
4500.20542356823,5192.60261766167
3481.73321695801,4787.39226967642
2599.50835849691,674.82011879842
4004.7886945092,3353.58440707542
4176.09889878254,4650.88275440374
3597.41090406295,3332.72707177357
2944.13663867433,3495.72043433039
8763.42696645606,2587.7766316054
3570.20738544084,5445.04931734499
4434.36397660113,4681.68522237592
3965.05793096811,2026.10857183729
3972.27191360895,6290.36487441593
3749.64334297139,5806.9537904135
4049.89658773361,8746.46251983951
3622.34007389701,6630.10496659885
4179.0574987458,6098.50064667778
3653.97532809878,3246.11553336772
2367.20074866586,6540.36747074304
8946.49869726113,724.718412806687
2981.93535785837,1610.32747683646
4561.80089110795,4804.44179343456
8036.64705556544,3074.93823026489
8554.09670030365,3235.31750165423
3778.68830121319,3814.48986600395
4062.03222676884,5138.27163776115
4253.09286921945,6052.06902573872
3974.72231908146,4375.53294570969
4357.00623055863,6321.56524918018
3838.64112173477,5728.01474912644
4244.30875993036,5774.6734433358
9558.23314237167,1326.22551585162
3668.66984849152,4549.0401812507
2374.49726358561,1345.37789877765
3117.79142490341,3031.63256677578
4471.54906587985,3723.84323135647
4647.97240243287,5321.2698594319
3981.86002030337,4769.26319646007
4268.21646563325,6104.18382126383
2104.94856441378,2289.58037650439
4408.40870018991,4903.78360062764
3911.11377362831,3811.13662385608
3678.77413358098,3805.05554247795
4106.8466610402,1568.66978597797
8738.2758359658,1242.3986907074
3870.80001206834,2619.7728199538
4686.61237517291,4397.58357853251
2014.6033702019,1572.76165053716
4185.62221629059,6703.19042263333
1473.3957319663,5778.82207621256
1900.90067552722,1633.23058584719
3958.63141556882,6646.58617289839
3935.61392689991,5849.35052653857
4481.69467148916,4939.36052724945
3641.31409755608,968.526549691256
3140.81704086897,4832.91475182382
3917.89301701876,5378.04451983338
5160.99439241952,7882.84663317519
4053.00252327862,3969.86760547336
8433.46896858257,855.317733079935
3614.33091820709,6462.39423085141
4314.09498159824,4966.92392399179
2165.44398740232,2057.53644272709
4526.09249595285,6440.74150482066
2879.51930897243,1427.72705624397
4442.09526689816,5352.52731965517
3462.38808091517,5129.51937975653
8364.79517727639,1056.44523939466
3735.84890138616,6052.01236313496
2943.12542175451,3940.31509762591
3493.78173237777,6270.70083663505
3991.16887620464,3693.26783665458
3928.29298603501,4968.3447176383
4145.18506592496,5243.69452633234
4628.27946705368,6877.83429309155
3394.79617793224,408.05191958638
4703.55102846316,6125.21156723221
4441.04041139023,6118.67591645825
4240.49309999492,4003.96665298965
3163.27514784955,2915.9799639497
3554.59038695499,1747.80342778745
3515.28100909735,3982.59808568821
3796.70192287085,1848.05458519982
3702.5680024685,5168.44912567096
4474.6739076864,5754.72566968087
3737.26020971343,5252.84426827378
4641.54914588848,4251.86681300413
4545.23176346694,6704.61121627984
4942.5295528124,6882.21042209385
3523.38318235914,5145.602679264
4100.24836447004,6993.77105464693
4132.01691132025,4830.07316453079
3172.95160739491,1230.23673937878
3849.99584043176,3681.95815008625
4517.30135782205,4992.27071350346
8499.80481892777,5351.84525413379
2701.51261002851,4924.18636653365
4536.82453422789,4302.04916002789
4612.28623026343,7383.3530953758
3645.82040183223,2033.43982476777
4079.09671570357,4638.26602225166
3512.51721144429,5646.85867775347
4480.82627351949,5032.16668366857
2609.27768780184,4578.25144490984
3513.02104755881,5830.59605040461
8747.67422945186,2464.11071032746
3722.47840319989,4202.19612083522
4030.34802505149,5094.28369732303
4271.02444823672,7081.34902873109
4568.23656779182,5044.38550902858
3623.46665768862,4868.20709686108
3847.29829124563,5997.11306577583
3768.72595192526,6525.47746875655
3957.34931996496,3535.0480870369
4250.49844600671,1360.72247015998
4659.74008618954,3288.00040321032
3977.33847541243,2935.98461163601
4188.73879995505,5634.24236845664
4718.93666448393,5459.59807514317
3850.20682745196,6014.16258953397
3684.70275617253,6487.40019903002
3607.12623241956,4510.2808460028
3836.17081430561,3965.4918993263
8260.70230909614,4581.09303220286
5559.64344494816,5442.20773005196
4140.70328497622,5455.90401166224
4370.73378444319,5691.52868371296
4277.28075086331,4297.04805096321
1914.26119887951,4485.33154042795
3576.55228123082,4661.39620453267
2049.35864076741,6487.7981058221
2597.14638969675,3268.79135768053
6996.72273813975,152.706890720917
4538.94959807234,5296.09348058676
4512.30860948044,7339.42181754145
4070.32118495338,3799.03154655884
4620.98460834255,6981.15432249486
2919.05952453842,7233.54393671916
4593.37885602198,4030.67757354407
2460.91450641381,4556.25789754603
4873.06127682303,9092.45368121183
4027.91779813969,5479.20502746504
3506.95745794766,5320.24697257747
3475.36127350534,1917.27577851446
3210.41691069863,6930.63115413804
3306.8101573269,2751.22477498568
2928.44194834879,4072.278496085
3793.71614818592,4278.40732289203
5006.01117435134,6490.92385184442
3962.49060556919,6506.15467516398
4193.27107593801,2530.66072701561
3557.03680033817,3561.07694206995
4444.33173855244,4788.9268113857
4142.1484112539,4516.64608611022
4286.53974729548,3821.93465556957
5349.37212177173,3842.10992535004
4398.78701458412,5514.21363662825
3453.09053763361,2234.34004638458
4299.76940775014,5055.58144753414
4419.61575870937,5966.25308948939
3879.05767017266,5584.23043209941
3698.06097565902,2306.06158280393
4378.14393481461,5606.33772752599
3640.56745156849,1060.02566052664
4634.45073490909,4464.30379445957
4435.85807275281,4565.40763948747
4232.20117274356,6221.0868070699
2852.46106033389,2849.82785405362
3865.36927918234,5516.3731583999
3356.39992883939,913.740788967275
3153.52319511032,5505.46137862363
3885.1495366263,5212.15290737978
3800.1456060081,5129.86062394485
4070.45124910504,4599.67709767029
3074.53472010272,4457.76814368561
3540.6301629399,5248.80938345979
4512.66514206445,6561.67937544072
3857.19841094687,6393.91197708953
4096.78317764665,4581.54802445395
2477.28153106018,520.749266342029
8173.76818844619,1890.11007713658
2437.80062240615,3674.68377118715
3773.26867409741,4577.5127167847
3654.14173545794,6039.22522031635
4740.24756996717,5273.58785551286
3995.45089627127,5740.97230261158
4320.5022720935,6375.83956647694
3670.16096739593,5060.35506047327
4521.20574160978,5763.64791549676
8002.63257031211,3070.22127992952
8338.03853141884,5602.92782277436
4327.31304207721,3569.26088261596
8237.54424895701,2031.33696559988
4098.85965901043,2089.24847234619
4658.36144757771,5411.63233535007
2867.94170483234,282.396940060232
4300.88400015679,3639.73224748296
2911.03113216983,4023.63069077053
1051.4975127617,3242.94156822776
1331.57955023061,9249.70692120915
6993.17801025844,7339.38872873496
6356.97148662497,6904.27761860452
2823.27217389426,3627.70004255015
1271.58211061792,8066.73043712143
1641.34561658654,8949.49263125456
7569.59975554626,7200.39875796497
1077.25281375056,3371.61183513799
7434.36987345024,8030.40700392359
260.427577250114,3146.98747208508
1984.56143427852,8778.26205365229
944.338950603018,3419.73042604182
2611.54453432973,9296.97450208665
7540.18620434364,7996.48846781337
8753.9922052633,7314.42823893495
1980.41837178539,4031.90850780444
8474.47808547039,6708.0852793631
977.648871159178,9088.49051305038
1215.28942380485,3517.4134244212
1752.37818881124,4221.62592399705
1290.20804761202,8580.99123346428
1293.26624542354,9049.16437153939
7307.95262311589,6929.33432749656
8093.87939641437,7858.34289218852
3173.60722958875,9506.12949896601
2482.50154576719,3643.22388409011
1556.0881761618,3277.13280190396
1323.42251589901,3389.70678623683
1147.70008466067,3727.60961983644
1152.71686670218,8939.36924096965
6788.31192545032,8039.20394915455
1420.23480603646,3537.13885142783
911.702948829632,3389.95304450503
1165.30810161027,8953.8533586203
1870.38604634805,9070.82617050269
1320.7840913632,3641.0785098698
6689.60902284435,7256.13596355374
1410.45115545085,3679.31230423931
7945.98410450208,7394.12986517157
7280.07113035514,8181.79041962447
6835.13860401461,6763.7686915855
7388.05493957823,7974.55250000791
7285.63381870111,6855.62258481035
1052.05084566887,9237.03191816224
2203.31885574158,3630.1180757217
1249.41134838558,3475.79663380314
8205.82557839672,5992.47135043961
1931.20247693583,8931.51038600955
7169.55249368284,7665.76983761169
1695.5411648134,3947.2156521679
2075.5867455553,7237.08939022167
1073.75369521263,3391.87039080906
8855.42057021132,6533.41410435329
9001.01272444775,7539.50204361467
7496.96880012105,7261.83361318016
8578.82928167877,7178.12307484501
7582.63777936467,7287.75677640679
1458.49930521488,8975.4645757405
1833.57174473958,4343.61232871198
7412.19829813346,7337.66224771759
7455.71665934137,7405.87549645745
7876.63954186466,6574.60163764901
7271.99807671396,7690.51440041937
1101.41830166494,3246.89489040202
1796.37317269811,8547.00918275127
1425.81118805937,3516.90275180719
7590.08458319465,7844.06436121043
1973.01854168305,9012.17222996334
2191.10816121844,7577.25546532922
1102.28031611691,9251.53587041037
6860.76387655356,8948.80202311694
7111.06864392725,7351.92310512936
1449.94537376586,9018.09647210843
1982.03028267772,7527.41985615974
7716.8651919747,8099.4738952167
7785.78804131507,8143.29724789723
1317.30616981547,3395.25015189583
1115.91867625957,3730.09445018414
3677.03342407386,8536.8673877746
6710.24646943323,7999.25631392506
1414.93214567136,3970.56130432198
7721.37089057329,7381.02316385695
7448.57928555446,8243.52809645338
778.844443409526,3446.24948206227
1981.30887652493,8091.544624692
7821.12017479368,6302.55786689592
7818.07150055688,7329.34332487253
7103.21884686101,6468.18800704962
7809.04895888683,7172.17724895891
960.68989058494,8807.98976871773
7616.03246288099,6824.64913124041
1216.7033077371,3445.41604123594
7228.32314936038,6997.74596489526
7295.80672540316,7906.23860486199
5898.71256147546,7932.19587924633
6194.37675967203,8015.69739599837
3039.64271877275,3311.74720033784
1207.13675769986,3423.59365785573
1170.33599379621,8978.48150583823
7455.53916355199,7612.24073125333
1817.09598672458,3499.93939390709
1817.91201389341,9168.15665147903
1181.39653966238,9323.9094657288
868.582312213076,3177.49173825911
1159.03128726691,9295.24477876296
7700.57138128766,7524.16259907125
1469.76354324553,8989.33907441114
7588.21166663253,7805.36861637183
2486.80857850113,8014.3505621689
2684.50059476926,9215.18453356303
1705.41324291791,3523.58724536646
1059.84637781412,9265.1837768691
1258.03659527008,8982.60644000254
1553.91458810183,3240.26872390566
1561.37947144859,8970.0734926797
7825.83430644154,7693.74170630882
2224.92944197802,9603.68893258149
5704.91564021411,7667.03141141991
7726.55059132923,6302.88352545625
1293.82685032267,8919.08452447296
1895.04290551621,8370.96039427424
7528.21770493591,4755.23722324462
7130.98295749411,7787.86216905091
2123.12921031094,7853.82393279718
8428.93749128695,7291.14907827428
1689.68338976491,9276.55317670587
8724.83542765496,6863.68743208472
7601.85045929711,8471.75859768149
968.556608568302,3539.50012976492
1328.9401125238,9025.7515648746
1666.84588108745,3814.52132439056
1755.12455078558,9181.09479505822
1683.11322000636,9063.38085583433
647.639999623005,8827.81847354807
8987.54311287025,7989.89678034434
1969.99514600046,9046.4996198507
1807.99532338908,9332.9855607901
4415.7718951452,7923.3088197337
7743.32279880418,8223.55432427012
1220.42240453918,3736.26142580587
1329.55344076709,9030.55019198443
8025.12616674867,8352.65582988443
1195.34238871827,8225.29088611361
7638.16080023843,6237.75385446729
869.313224309045,3709.39321903868
6732.16369106079,6607.02148590763
1100.32802917757,3506.45862808374
2334.02212160559,7942.69345322645
5925.7809649651,7701.13045803382
1355.60548198742,9261.63179150252
1544.13208965195,3764.45901436725
7452.33763723853,8085.59699300069
7281.49272055538,8144.54191170392
1920.08917095095,7822.30512611655
7886.71493046723,8899.401338779
7828.63338436183,8367.4814098909
750.982044753676,3096.70288393908
1574.76136822042,3858.00146205502
1864.89156663005,3949.3072278974
964.292315014227,3284.92678917842
930.070570038293,3477.11176304097
1137.56906485053,8933.74827300295
8111.54985248656,7341.09567805141
1745.32669238292,5761.56416281024
2098.53135212113,8994.0464287867
7273.28558010075,7821.01907730397
1708.19055242396,4761.18247015484
7347.29041664128,8038.15422633214
1620.36906679602,9158.62622703799
6560.08066093135,6976.51909057651
7893.81529149584,9173.55488354059
1216.94210641927,9177.96344775783
413.275939473614,8670.98218029087
1266.44204966505,3792.4508605304
7219.90229486772,7121.90468411085
6281.95014745323,7026.23086406524
7593.75456838037,8236.2543067434
1786.39599388219,8530.3401847528
1385.36333773491,3154.58352323963
7577.2061346939,7449.74307195132
2919.04847838579,9265.63323460932
7250.39798121875,7513.23626526728
6355.20359338664,8099.07041031804
724.586836002002,9170.98208634729
1534.62914086289,3860.37879281161
1834.37281713368,8920.428601288
1893.68507455145,4364.18766333464
1582.69048398183,3580.51921928643
6960.90867162656,8580.01522830836
2165.14523833041,7881.36164509783
7560.36423868165,8295.05235826378
1115.3740475312,3305.54175329555
1606.16398871935,8735.58360631343
7435.10394204587,7629.21561570097
7594.31033970835,5832.72496021926
1004.06698721754,9037.01966712859
2057.70814211587,8301.25195972856
7336.00346848373,7788.45568278235
2975.56001678202,8539.47950841858
1998.76594140893,3758.25639384717
1427.20276459295,3622.87151290302
7172.69789072141,7545.27851172352
609.400406153994,3111.96725606633
7243.8868189043,7178.51737743435
7223.17923619185,7940.56633534486
7966.01217370682,5803.53087881287
7783.24839713644,8176.71397378654
7784.13167059336,8110.26042551976
1126.69577449242,3574.99736561767
2284.32118756941,4010.18003138386
1535.29780209238,8750.72740941434
781.160566588458,3343.60095765635
1211.18397524174,3260.35744291565
1777.85532298842,3655.0807963462
790.039147832278,8806.93711442628
7000.88735964204,7636.66156844161
8237.36018025166,6368.01661696654
7468.90712488939,7016.34197262956
6912.39249977471,7376.23345272196
7405.57578019791,7136.1006527903
7655.70547182532,8031.22493700483
1963.02756327103,3825.48018016795
2586.6415920754,8864.26419282262
846.037196238483,3201.64561723588
2768.82249090535,8029.86342627223
7517.10763167827,7960.79491334789
1191.4621204175,8541.83884798874
1927.93067992784,8179.05004815817
1853.40868160593,9073.02436466837
1615.02739206786,9019.83402950644
1471.96459960334,9128.38699609229
1606.04483473853,3707.49121301865
7612.25330342825,7357.89731475453
2063.3120755757,9426.49404630555
8055.97566071791,7040.98536499693
677.708774331943,3234.70201623386
9065.54195944154,8075.93886963945
8924.3423923281,8137.30716318309
2103.11882492454,8716.38217868178
6871.95482940212,7529.40706037173
1822.22134797473,8832.16573108015
8503.55548184795,7603.21705990372
1429.09756324008,8849.46508144845
930.805867796278,8976.13765848885
1227.5950005981,3602.13778270631
1602.13675450379,8881.28261709452
1183.24020311303,3950.94420328273
7303.44109650748,7815.95791214159
996.299207421439,3122.33113366542
817.137706778308,3536.58468111559
1470.53690989553,3734.65606219104
1872.86646576154,9210.59390049059
2810.33565420142,5660.40416636841
1485.00613906364,3794.43004319569
6708.67572985863,7959.47566536512
571.459430584053,8329.77880140592
7708.01531652244,7473.1704321109
1589.14154679239,8944.96652737771
1937.51794922977,8853.67854687826
1380.7135311923,9157.12711464115
1443.285492859,8831.40864707599
7136.80168426846,6665.25682917708
1239.20258694518,9164.98771668617
1012.89992947032,8473.25436744153
881.275537877807,3061.39291463858
7435.20587937508,7756.26050788882
6883.42213004451,5975.6817035068
3678.6587698406,9620.33254381519
7972.41966068445,7612.08314413917
7293.68421873488,6846.93815638512
7463.709961796,6133.00743426147
1192.8876674655,4130.70111584714
1223.50330129319,8852.95550499705
6357.93259107998,7166.88883356132
6491.63129535926,7243.30825407669
9010.65566829792,7984.62845528529
1654.53449511769,9222.41282466171
1019.38166716153,8670.72207171042
7036.02422702403,7641.77821589777
1039.04260742535,9195.62273715823
7890.19830538226,6789.30041043237
1357.22126985841,8359.93116332784
6964.49568071068,8075.59527084151
1109.75057512387,3455.53829552137
1214.52075327605,8443.76617325492
5920.79818849519,7828.60386235975
7527.37374927506,7058.37310693242
1059.71404245918,9140.65137604493
6904.54348958573,7294.96530194778
1138.0833810924,3422.19579840991
1507.06113802826,3886.84478393523
1750.66366318571,9086.63183769129
2164.45029988145,8917.73925055647
2328.59820732627,7718.53874935267
1300.23746477046,3336.81735259464
1773.51126352648,9127.86712991515
3470.62488412289,8954.20612898432
781.162619936308,3275.54639302487
8335.17933731482,6458.41868017067
985.57934508487,8611.17373479444
1050.87073878495,3567.81859181275
1894.05728455309,4650.49683254348
6203.11730530064,7188.97787802218
1528.66338526379,3874.75282009016
1256.62518997143,9141.27014566814
1124.92036392065,9347.56561894326
1844.17908710801,8393.45909337696
1154.53706062041,3219.04510232802
1814.74429494913,8629.01766386524
1469.5913807972,7894.74289272006
1299.7278422181,3593.17935429879
7192.59351249762,7346.75636455664
1765.66969217235,3918.76796875355
1722.89828721744,8292.14952946766
1783.17531456875,8884.49598558167
7519.34628173017,7708.66249280503
8116.61431283987,7406.53757302667
6898.06526454242,8031.13599241593
1227.09655813696,3703.13000633461
7148.02854256202,7534.80926370388
8608.25975420241,7835.93972685996
997.910343952688,3463.17256365225
1703.2509648574,9183.45175667032
7963.88012162606,8011.25859840717
6917.84716098628,7467.42100864882
7158.34465461092,6854.69407917797
6723.19532613172,7872.05827549304
8895.34167370001,6262.02680440093
7521.99100415177,7271.72618177941
7474.22535427968,7590.0701323348
1478.62819890881,8714.31756101566
1586.57149545417,9095.62341158788
1541.53842376258,7825.07365356506
7433.61983987443,7852.75858304491
3208.36872292727,3750.70520412858
8965.61045949438,8044.79945597006
6795.99778192238,9431.35943569389
943.373899016535,8609.85190405701
1538.11566590053,8832.78567900357
943.654108632993,3277.81686804937
8768.55452534445,6690.34044656071
1338.84742800286,9085.31409670423
4901.07773560156,8821.04275797614
7056.07508746272,7890.6946905489
1165.63536021031,7869.19195738336
1371.04516607474,3907.34807639906
1434.99916046917,3603.08244353091
6859.17246823704,8017.82583101127
7487.45906690038,7970.74397088218
7971.49959343455,6871.66861213905
1435.45111046449,9194.59337124839
1628.97600243684,3593.13000548023
1468.09843788233,8517.15303682787
896.672352447358,8721.1085258867
1606.0179586859,3523.55143099846
6678.88239572389,7176.29876180352
2122.54560388203,8882.53062489849
773.874176224544,3459.48811493858
8153.49752347796,7207.52254320046
1013.30416526265,3278.21076315624
1037.86893687614,3139.92086874032
1280.68888880047,9171.78566766891
2756.24345018606,8805.94593417435
2323.91773319382,9095.57139319415
1607.4437687862,9215.25822460528
8661.36997646761,6902.21804348117
1710.4618129873,8824.55359996352
9231.39940075255,7272.2968789727
7640.38087860713,7963.24751551449
7975.9504467115,6949.83870336573
7709.59726259682,7913.43615775088
1030.76664409012,9246.53554629369
1013.38867949351,3236.125112766
6796.34811103132,4455.6825358502
7455.32915496572,7276.41946454906
2953.33409953156,7457.5270842934
1741.60021662906,3766.98414882406
2277.51416654188,9059.79104263214
8110.22776911615,6470.1757186866
4321.95643536731,8224.90260108515
1604.83233055926,8916.27612933171
513.344710567536,3371.33295553503
903.472192846522,9001.01076650451
3157.87142385712,4735.54983470524
1292.38409132525,8764.83999141352
2204.04204267668,9201.39821992747
1382.46209758255,3776.47324588613
5198.79847401297,8138.97289864485
7707.6430097929,6917.98543989777
1656.34874596124,3821.503809715
8915.33645050232,7465.48007757327
1779.11481479548,3624.19768095319
1141.68548912754,8955.19399187691
8122.52009676461,7530.49940406529
2436.03278016994,8903.73311231935
2981.06683653152,9237.90703462953
8271.61627072128,7675.11645051961
1702.09356145425,3920.02275815514
1764.99108861085,8754.68674369162
1898.26400444784,9071.43052429439
2292.4344253521,3640.98185228014
7670.13047786371,7442.36851444939
5615.00418564399,9502.99116076103
1195.25703006555,9454.70704555898
1783.20389639192,9326.47600695952
2396.66537764549,9233.05788862532
1955.87127057623,8814.83331000331
1369.28520852835,5087.20341242466
1540.47146763339,3664.6398178155
428.046116553185,3132.75114839132
7471.15299798507,8444.80640274869
6548.48057178309,7797.98748598982
1620.39350328556,4198.03683089599
1644.05441174109,9089.91513350818
6330.28575887537,8311.00571887704
7567.06375415001,8395.45873167254
1183.5314506357,9349.45034249355
1663.62814606235,8992.71188933239
1525.49326669823,8754.83685637623
7666.67109219117,7090.59802350499
1860.02412867209,3613.95166050355
850.545018895668,8859.36442909427
1027.29598294208,8575.94380633138
7309.4368871646,8195.57247829317
2029.18909880992,7114.11224988104
1955.48443117086,3539.08658298287
8083.14783168283,7779.52492666857
1309.19814344481,3962.31722243943
1906.41664849556,9112.37054877336
2920.28789611532,8766.97703100833
7230.03036551536,7873.14612364126
7899.15137933725,4326.12101733831
8631.97944173976,7782.25450662384
1052.49877762527,3440.39692763028
1493.22732984392,3501.39264690716
7749.72839978646,7685.89117627671
1519.13536593146,3756.21920043919
1626.78402256661,8613.86391568901
1607.14694312156,9038.87561893045
1408.25710995493,3671.62704774312
1766.32036728735,8842.40793612546
1634.22015359514,8692.55629992714
1704.84487042565,9030.01502025306
1395.48211688528,9025.63539957216
1424.47008625132,3780.62596400792
7313.07749256485,7393.63664843432
1311.48033708933,8660.48971424743
7476.66519404226,7379.83744052358
2075.06185591513,9092.65858865873
1435.91994035483,8985.45723050124
1041.46980798031,3286.70973085334
9512.44751350782,7762.48854749904
8003.02994147695,7286.36818604562
7210.74465682978,6452.50918862409
6552.99808251436,7985.27757877902
1738.81631789761,8574.46208428457
8836.67676368104,7843.37782972528
1096.72890537164,8674.57154550247
6855.6249838722,8116.95201394516
1326.58549799817,3524.87861888571
1018.14414031665,3191.69408983712
7827.84031325886,7614.95981357359
1403.39708114784,4093.00025394201
1152.53455251599,8769.26534249636
7925.20763043778,6351.2265759829
2264.00709316586,8827.51963488592
2370.96220092415,3867.48331040757
1573.15921446484,3982.88120811058
7446.50403126178,7221.75468586404
9122.35501449838,6913.90384771559
7198.74217564044,8126.04633563152
1465.93312170749,3775.90335377335
1420.33388282923,9091.90323240458
3050.35521462692,8753.51604625246
7402.87874968657,6932.15390934761
1165.09009327984,8370.82459647179
1795.35600489993,9189.54983152427
1486.55358292942,7586.69677539547
1182.30087227361,3244.49865033748
1645.72575683694,7934.9353199609
1746.62347648638,9223.31062085006
6544.61795520374,7285.64663746113
1820.926529844,8701.37780621076
6721.30312911358,8041.64185994027
8035.5560380772,7400.4861521568
7307.3161892976,7152.75247113585
7771.38794636116,7309.79589013287
2335.52055454927,8347.16613371458
6474.05621817796,7590.28140543799
7179.47849563977,8221.64340543688
2678.00538795339,9110.76251714716
789.304254726409,3215.46705608704
2431.27749552775,3916.24792531363
1409.91442472346,3585.21437095223
1620.88696299146,9334.76498578698
8231.0266787151,6240.04418360255
1252.59037230484,3429.17697217298
1240.33850615618,9059.73065668705
1236.87529271361,9221.0995212932
1002.91436846442,3457.24895292641
1307.99332833383,8430.00694967367
1359.02643046023,3600.18482029433
6989.06458916982,7935.47326603085
1217.71981819338,3145.69542814119
1898.12670592559,8895.70047201885
1622.96908601025,4060.87337855567
7310.53404125018,7878.39234956797
7733.35942977623,7329.76846528027
2306.64936830237,8643.2321923503
7494.34221746791,5877.01683135437
2045.96959198313,8923.08601334776
1954.85654663907,9217.96391865725
7176.37041733672,7830.94587382545
8742.44491829961,8119.31720252527
1594.87348833522,8564.4331569659
2343.29158153362,8588.2004084423
1145.32395285578,9287.51714099272
7656.33659240371,6696.83201626011
1299.63817577295,3726.5993163454
2252.39614692175,8756.32689096984
1076.37159020577,9169.56758651322
1319.51107526201,3667.8310325758
7977.58046080242,7987.47653813518
784.568825501435,9070.26963150984
7234.51545702998,7920.83545519803
1363.48728831616,9045.27665388374
1586.53352286499,3617.3300046067
1324.86897228867,6852.78464319836
7872.13198358623,8629.56659436586
1013.01069075023,3222.2341110028
8917.26942719324,6787.3195321209
7802.12631885676,7346.20791742337
1554.22926155444,8252.59877080861
7557.93208047703,7110.78086049952
1817.2394383748,9432.23018603883
8155.23948904801,7818.15579909722
1741.46755817888,3883.96704898733
976.716392233688,9165.78948567694
1013.00351754728,3336.14493233494
961.109560056127,3375.56017105356
1635.82116995842,3860.35440186421
1424.38083235143,3606.84395405833
4811.76784954308,4020.78423065208
1564.73549438794,8870.03874579369
1222.65130387744,3369.04761964439
8288.18605426393,7185.76489784129
1021.45359505001,2924.11764767162
7733.65003929373,7857.84342241576
7219.26279137911,7819.05222889212
7577.14033451705,6539.62624698955
8213.65424564404,7757.28584609953
935.497713598974,3341.15658436415
907.773454398413,9094.93063243358
2029.76011436499,7961.7627818091
7592.29375934289,7613.09543765838
2227.10468224465,8897.96496900491
1448.35746886647,8805.51485210069
2339.90450364623,6273.40228180705
7378.99773674722,5597.73104032851
580.958800600891,9088.19747774765
2286.19976695865,3921.18989637201
7012.62047421858,7416.97410752376
1191.30750647834,8541.91528712627
1190.38291285141,3731.44494180931
7640.3219182256,6965.27028890041
1984.25537269371,9024.84249806424
6992.18239434122,7080.73448137424
5610.57993880704,5563.27760437818
1007.24447591811,3538.06521113614
7352.70913855993,8109.90259058981
7754.37929539946,9021.1181971335
7904.67004272971,7985.95162450637
7385.84502757907,8002.00738087821
7070.63677390032,7436.40158403636
7163.94124422102,6991.01379104386
1698.21736447567,9331.7239448239
7643.51620698892,7824.74135995078
7526.82982795717,7737.10053157496
7905.42749539756,7498.39900539133
1718.08967152434,3744.95563707594
1366.45623571758,9106.78580296057
7033.85699303849,7913.85403080838
1145.87000958739,3578.12462424796
8150.62292158104,9446.34200504571
1178.66125021275,3394.64489271663
7364.75361530277,7715.47436984415
1857.29242834199,3719.82064260755
1306.35991241673,3477.53711899821
2050.52338535543,9037.61582539091
1206.0205850941,3427.86560536221
1491.66392877735,8330.588139551
8004.37392288186,7299.18115388014
958.612895484959,3497.36687378874
1369.74768780157,9004.18579123519
1573.32974781969,9012.99565216261
1362.22704535404,3408.47160874905
1452.95060723197,4292.69345078503
8141.64202877467,7728.52328205156
1304.98328812198,8780.87195801861
1073.70501678619,3171.90459905594
1739.91111078277,8919.47892201266
7511.56760107178,8380.04424604171
8234.17576611149,7650.60557098557
1223.10321015806,3579.94524771732
7277.11174093846,6476.57627809818
7618.90947886652,6904.53376980168
1742.85016505392,3652.23267061958
7630.7068105424,8056.81744955368
1213.68298066699,8996.18689132338
874.031452959546,3533.25384270906
8903.99613831218,7776.51371123049
831.024557220722,7631.10741832617
7255.51423849102,8225.57335161709
7036.36622479627,7100.22012394048
1311.00973108381,3777.28219370865
1666.46330826869,8283.27490604733
1114.55631614252,8982.38620276198
3652.39475330965,9133.33948387012
1281.85668684457,3766.92923372681
1928.15285539739,3916.5837352359
1331.88250361886,3782.07398027496
1459.99673340769,3555.45832275753
7538.2200204189,7287.07731556278
1069.64742990912,3520.50238289989
7706.33618810586,7725.73759404331
2433.50611734641,9059.64080663571
1877.71473512584,5124.40845905266
1467.35134658653,4326.42291401468
1337.0069752311,3828.27072888743
7601.21949332016,7908.52960922526
2212.4147933827,8514.61376835051
1202.35111395584,9291.38426833481
2080.81481253597,9040.64611108746
8147.34799098108,6886.37826343007
3692.62764310235,8557.69539442773
2724.37107567013,9076.36928845076
1403.99766032317,7970.83722832579
788.434623290625,3384.07070821503
550.350413473803,3200.65511160463
8350.33977668836,7738.75287489326
1279.86277147291,7125.65428101317
1493.00059759629,9257.40716023324
6678.08128028284,8072.66614608835
7673.32032139379,8506.03182364493
8874.63209509299,7461.22549706137
7594.97255054579,7631.43716044461
7352.06471203241,7237.44477460032
7755.44805589699,7706.8942779807
1029.38816303438,8895.04100980436
7458.14766013331,7773.11176822311
7972.47792713771,8334.33635108645
1906.08069399631,8614.78176830907
3193.46419209649,8557.62645059955
1169.1207975609,3511.20874011751
6924.75510852472,7300.16848718613
2546.9069148587,8988.9007867259
6695.34337745063,7313.05579434569
1149.41614477022,9146.07905300041
1453.86839989115,3519.87692402014
1599.10777537662,8668.47951976379
7347.19940695329,7758.69470764018
1127.51084902934,3342.77267315763
1401.87554376616,9329.95065249532
7198.80941103528,7890.71482563915
7225.12531429858,7024.74742374317
1532.27512829384,8821.47478999848
7411.89545324409,8112.71729145081
8345.71703329496,7563.14286915405
7164.29159402118,6806.51712017486
1727.51123253561,9499.1258227222
7689.92554313874,6988.05533242921
1209.6902658687,3331.47477548464
6630.56584217503,7951.53584215713
7987.40680845674,8067.64019551379
1286.91558293254,3680.88272392482
1489.58315541976,3532.19336892829
1248.03121311999,3632.02185343241
8204.65850278909,7053.37517401285
1622.24530363927,9122.12086784637
959.469984011124,9391.89063635759
6649.17645957974,7164.82802598075
2178.46679772748,9238.59358934093
1566.11332231131,8504.05718316575
1506.55554082515,3641.32174934019
828.685159467719,8960.41400014991
7007.77978348565,8674.92385456091
1885.45774431962,8856.63817377237
6246.88781732682,7266.43979605862
7107.82058121589,8165.68978841967
7819.04070287967,7051.74464972378
1019.80455247988,3518.77966807225
971.601756323394,3572.68645998492
2986.54976662262,9484.99799815176
7685.86140868823,7424.83870994162
1442.15455990557,3767.43580115516
1521.43795620534,9199.13918029408
3260.0428750243,8381.56629274337
1049.19191528231,3485.98541317563
1513.73132101555,8457.73322503222
1532.78553525445,8562.28763166976
2151.93513997147,8755.01709100971
1078.68649205979,3465.76929867803
2266.06951305319,9197.33225182203
838.986146070845,3236.06042318245
7610.28258741662,7628.7745058433
3832.11259567024,3956.87026584486
1276.2371513409,3433.97460466591
1646.75450614892,3573.15158071282
1287.12294126928,8197.98584820727
1632.49745844852,3701.7382361452
1085.57011968569,3138.7415783841
7392.25552008087,7518.48056510245
1200.7091093795,3388.53188449957
7450.7379975558,7810.43815648698
3562.38898707489,4459.28741456911
1225.23579817565,3803.98016866769
8349.14022180045,7313.26842911943
7941.89298234015,7911.62807311065
1902.48840319588,9377.28154017373
1457.54401403812,9271.3096264134
1204.55665358217,3499.08929373219
1886.94759420173,8667.62938918875
2291.13072826312,8938.29433096625
8199.39232440978,8075.56380118077
8547.14020235787,7544.09560556248
8011.85020238236,7460.84599802114
1369.0679781746,3358.54315576408
1081.14971651132,3376.89534945321
1373.6960850769,8882.08977860106
983.515533348131,3329.26781154039
1642.55666721219,4923.09819845798
7095.86276529117,7648.85983013896
1102.79654361853,3556.48778894302
1253.1216066881,3174.25656148309
6980.14527715064,7589.07595621932
7876.32773469692,7697.58053780023
6508.63941784322,7783.57495154327
1142.05403584798,8128.49025144132
8104.79897544757,7316.70245740519
1318.29870194522,8761.32242997041
7518.65952961048,8202.28792948541
1143.75747483063,9228.47123695675
1372.00086546938,3720.997168477
9001.23014137273,7861.95989642615
2157.56682344327,8532.84138102054
1266.00533473424,3258.64646585943
5196.0055902317,6755.27832508468
1699.6447405285,8948.77973081349
7463.54244663624,6783.35125695382
1305.94456535573,8907.87811350028
1583.38872493225,8942.46345163874
1294.81726449081,8877.17569241417
5791.23153331996,7699.18713812351
2972.16911868388,3515.84211396916
1157.87282278289,3348.63659297887
2229.98048792724,8872.40791586069
7786.90609697991,7436.88599043572
1454.63991006811,8782.56888626561
8022.80023425769,7682.72017919731
7229.50155942013,7804.96684706863
907.318745621568,3370.19181004392
6544.857146901,8020.82995173518
1344.47926254789,8959.94859039298
1469.91779639075,9239.14277185771
7262.39372756768,7897.43906140049
2113.77897710011,9499.4078137163
1128.50122376008,3755.63519412289
1002.80105380033,9139.73800742706
1128.464287832,3376.45226480402
7353.40424434744,7470.2317259467
2383.83107408498,8504.29087296674
7615.77148761234,7898.55473800792
5995.81462914525,7193.04769529083
1112.02390050056,3315.10750913344
2340.87769718878,3826.35319864045
1572.00400642173,9227.48580512116
7627.77369240909,6131.70665322647
7399.58587290124,7137.253004929
5388.86842227227,9032.99706469737
7297.30005176862,8265.84578999653
7672.52606144093,7590.70774778608
5104.48217354186,8925.73778307538
1183.31665591283,8976.35683403865
1458.39171874576,9111.31757092031
4702.10163034872,4474.686157306
1426.22932125486,8915.12171657511
8321.99685214195,7453.80440427893
7393.19850386915,6668.98948920685
964.85208710436,3253.96272485819
1289.5927877151,4117.13562203385
6070.66090767267,9260.815742996
1151.49434985547,3499.62946796128
1489.33430648691,4094.32787576311
7429.82414418944,8059.8092549058
1830.80272563924,3469.53653189509
8396.43420717215,7237.74903821078
7043.53044013715,7789.6652966303
6181.51834132365,5574.32853554079
8631.21279823226,7657.99916967748
1582.1489977464,3771.24248847424
7212.61680348226,7306.86647454606
7858.34229131057,6739.29816806915
1623.72017498639,9033.86800395214
1761.12497693917,9164.21007426218
1977.96688550803,8943.81394382889
7378.98135277116,7044.01004729903
7270.00721360006,7430.65595972791
1525.47360422957,3489.77572710275
1488.51289535578,3175.31103086548
7372.36116207826,6026.76168919079
1028.57208905153,3581.66775192445
7711.73974341927,7656.73081109399
6685.24339765438,8595.59008284276
1806.27420934203,9070.70043800302
7408.51497014028,7925.19808141313
1790.57910553087,8713.47544143805
1638.34849204555,9342.55988387957
7548.23198892461,7816.70405561633
6797.61803417694,7127.50614970278
1342.91565697448,3903.3905145492
1382.02124168897,9122.60992605984
7703.69743424042,6204.25738207205
1866.39179060502,8718.97812156828
2935.11117260302,8597.15493014505
2060.80153429883,8194.92931036482
8301.10327138707,7636.79821960337
3753.73086454465,8389.70830624629
1173.73377902029,8747.01429901774
7758.40141624098,7673.4905424772
2444.83575416025,8850.35205758876
7541.3754198404,7765.12436371524
7977.63491021404,7606.46513787891
1891.39863535866,3807.76406641303
6992.14787262204,4688.11373721698
5396.16456728689,4500.69264266368
7645.14442928259,7633.68678919007
2181.94033186843,9066.02487688879
7249.04695035617,7752.45509505668
1027.97824143731,4098.30093738611
1012.31196634617,8967.65081537928
1206.32597596713,8725.38900858976
6901.08994950562,7787.72045260809
7721.06724751182,7906.93698312329
822.676867082157,3357.98147312519
7482.25580434299,7953.32534231417
8456.04293538051,7249.52590300716
7105.13977234202,6833.83928376631
8159.67154223986,7249.99056126916
7019.57717070338,7772.1304314941
1714.47601760104,8147.64927436989
2505.60171154593,8859.54552561338
981.819325573487,9168.11190147533
2652.17392705968,3540.44286801419
4876.58059562612,7984.82325691872
7398.73776587672,7684.14894708698
6959.76548252317,8055.13005354502
824.314602851215,3142.49457190102
1167.12132885006,3791.83661566396
1853.27228380305,3886.0765762832
8429.32324855534,7511.79891236408
1235.0892701761,8241.61966674136
1055.47355318649,8632.38242040199
7538.16376798067,7839.21452653238
1105.68029693642,3599.16523796069
3615.34687720685,8514.23288638511
7932.42123021706,7798.19132677748
2331.92915960835,9067.13793725462
7240.10675413225,7403.70989112671
728.090190586475,3562.66182520546
1552.06407673671,8784.1877019816
659.808443218314,3794.30962997958
1966.22499493372,8756.90138724733
7520.45095038266,7245.16620698994
7138.33290703049,7331.51994621606
1247.50426798559,3369.95637269499
6110.40443278671,7366.98041785772
7706.08347875699,6992.0567199249
1177.45418076573,3323.88625540179
7139.7611351917,7508.55458100075
7283.50060561171,7305.66857985945
933.541273349094,9377.46920940215
1307.22176638345,3228.33885819701
1570.73359710712,3930.41036944953
6581.74713759464,7846.61452497302
1579.93456311551,3675.08470803881
7140.82931682414,6961.64110420189
1893.07114476655,9004.23986579549
1435.77287309028,9136.12155286307
1335.11690256117,3444.16543546913
2445.0402314667,8790.91575316468
930.760267356103,9130.31399066116
1035.32787818644,3728.39792688522
1743.49517762497,9362.85189046685
1215.41981159566,3195.7207472926
7708.14365749967,8269.01960294157
8152.69718324402,7450.36500473795
1506.18112248265,3785.37824455886
1515.3564911865,3764.43435034105
2115.91610349014,3276.97075411368
1209.27830155825,3121.06842812541
2241.4686760135,8774.75373761477
1524.33907489279,8452.69261657715
755.527661846589,3056.03971552989
1639.8010400258,8904.35010942321
1927.61574731996,8836.11034266329
6220.07808329264,8270.95285720802
1313.1013116337,8928.37582982806
1779.48549085688,8719.61895086295
1617.97532108701,8846.84768360312
1143.73840729554,8901.00121214306
7972.79320708145,7437.99832206266
1350.71682474047,9131.27482844759
6222.18901409484,6792.42017948853
8122.37340743461,7877.73665514138
1813.28772692613,4011.02374464481
1527.4870043933,9246.2581986401
1435.09019773904,3880.30123532712
1059.96091523289,3197.04347549912
7144.2747188023,7856.80257608695
7451.42610607511,8218.97372017505
1081.40826167844,3220.38630392441
1601.01077096554,3884.63621360415
7738.26308382745,7388.30623423145
1888.78321585372,9214.2818403303
7101.03902399784,7841.32282954127
7680.19912016325,7381.60015688282
7401.59707391111,7940.24182670235
7643.5358777008,7246.04476861265
9033.6366373938,7493.89569299791
187.691936965975,2955.53371383116
1344.08851017384,8916.26961324985
3032.27196185727,3752.62474751846
1748.1769128908,3634.86350461883
1354.71917160122,8749.47945165975
7710.02187494919,7554.69663386749
6698.26747652709,6231.85857488388
7344.78067805444,6959.10917318712
1030.85854940271,3159.38523823582
7491.11848722723,7719.48380848494
1802.86012786619,9523.94899655404
2300.79139957844,8329.14598169607
1431.23907006129,9269.58984307034
1314.11520152936,3382.83375583274
7683.02228062412,7523.14585028365
6188.43603519394,7876.17701398389
4558.97523556358,8856.92174964342
1325.91338634493,3377.32558428636
7466.96467016121,7419.9357689512
1114.17660118936,3334.73513798251
1093.7184646315,4081.23073065818
6614.35450331107,6930.07318980972
512.3403435491,3095.06919337889
7664.23448332471,7399.03201840964
1475.93117371793,3573.35978252205
832.086874978784,3010.51558609247
1393.34298779408,9274.65192821981
1428.80201367457,7620.49690864759
1598.01177649089,3703.98244151742
1282.83813755389,8679.45871776384
960.12308819867,3636.06060672863
2242.35820918546,8013.62180511443
989.457744915126,9358.37123021475
6785.31626507925,7805.31698162457
1235.57907107212,8844.79173191822
1414.29222700325,3532.10859036283
1223.23269165799,3682.31737687546
1276.34095037183,8970.42686195343
7301.49980037838,7574.51160232846
1806.35336018172,3624.3328197797
7530.97526764017,7179.04010370976
7704.21543331576,7650.02052198658
1395.99820625536,3360.65213683962
8463.76909139178,7112.90709123352
2324.87661466207,3603.02087045918
1470.83014455606,8424.39482069265
1976.8247627935,8993.65835579319
762.342171786282,3521.12216768649
1260.34844033838,8879.36675216838
829.003933690802,3251.90766812394
7113.9423194928,8448.74693509177
1542.35944203527,4217.5983051115
1112.90028844529,9198.27367399593
1335.7339725789,3208.38979661697
1361.72309210438,3514.47544377091
1231.798004414,3678.41052721825
1377.72533279996,8078.2385015504
2069.07974631338,8798.82285334656
7303.90611565873,8047.62763617114
2094.63108630516,8987.88978707661
1183.92485637089,3352.44990088096
8294.98722972756,6677.45106284977
7450.571921441,6898.15776079924
1110.56724284367,3538.81204326166
7623.71049080836,7035.55473566671
1114.03122753764,3674.97632671539
7829.86260092465,7231.70451252551
7470.81605200413,7273.47887616423
1564.59905176465,8916.28084932599
1028.28309922188,3430.62135243968
1732.58734571705,9269.70268867879
1828.09407190709,9403.60755967061
1169.93988959331,9142.41998153931
1846.83321254991,9195.15888567988
1463.00566986665,3604.0803238286
1789.80003197045,7880.66396059835
7476.15863957249,7445.04827002341
6659.63605067192,6441.87469021424
1814.50853653229,8897.67795920463
2530.38632073038,3291.32869584681
1888.56881787943,8909.59930759929
959.951187147486,3242.27407833733
7101.48076243556,7946.32521163595
8653.20041865084,7614.92233928628
7197.28581712997,8103.50660535424
1763.21136198067,7773.71711769786
1559.38121626323,7611.17616347731
1383.45741370563,3735.17257098787
1542.97800992951,3438.22052518672
6384.38239179336,7315.25417283731
531.686965323377,3090.2827820703
620.669646683815,2912.25083848229
1051.10317658759,9078.93665244276
7806.78985101212,8069.43532272627
7375.28672447454,7577.72918495108
1741.38106815906,9035.83576777805
7445.13559315647,5909.52910539517
1432.69973325664,3579.40971375241
7506.29097441848,6662.27303494981
7866.44258619418,7895.14477735651
7751.51500022212,7406.99853733858
1328.12235666249,8640.66614593129
1028.80842028805,3350.79670793181
1049.62654419397,3214.62566014458
7518.74317816416,7805.98972287212
1400.11302945471,3936.24270023154
836.742554305924,8414.80551707406
7124.12526074905,7911.09805381152
8163.41535184371,6918.85646558708
6666.69257768973,7615.27772132228
1366.33285801513,3192.18244060281
1993.77188141065,7360.85888864116
1388.86309020933,3516.0230094312
7561.0394707422,8421.11136152712
1006.82634179864,8874.08505056842
847.776879568371,3082.19384519132
6971.79319158162,7050.81264930269
7355.24237429432,7174.95985090516
1776.20143280788,8942.00987687272
8235.86454498116,6639.89467966842
7635.66165373812,8194.0986268393
4893.73316055295,5069.38264942365
1856.94461827147,8870.02730645642
461.820786837959,8332.61704846804
8376.04241314856,7273.11628038346
8030.67723396987,7771.85222230371
1150.81972971175,3867.69587907689
1022.57652215007,3321.46867373608
1235.89118624255,3333.07231466833
3813.6774609271,8561.36300740094
7288.06549203385,7542.4425704015
7446.62405207744,6764.60150224548
1304.54175170489,9259.30876488241
1228.78779690017,8977.67731454494
1711.71357496901,3220.74020264408
1716.33976553264,4154.28837839456
7671.17532697322,6918.98501335863
8275.60091247331,6490.53648232024
6384.7502992175,8208.59086605581
1297.13398385693,9101.80716110123
1251.07300479874,3694.60674100616
7353.18293738634,8120.57180314554
1571.9208683629,8810.59176140668
1210.62878004046,8964.08959900303
1510.10713941672,3296.29064209606
1023.64815845496,8989.03472733539
7143.49429038263,6841.40298785543
1348.98453626391,8875.78061080594
1973.58042763711,3893.90913213992
9035.57792687357,8690.25942476935
7280.90405802232,8311.02567851948
1394.34955468163,3849.21480748071
2481.58146627057,8289.11738434622
1310.10050630338,3238.52147235337
1264.13929005294,8991.15149692643
8507.73707161457,7280.85262961813
1448.65361276887,3484.42545601511
7443.13230968652,8248.01754742808
2009.42163393244,8943.59933727071
6657.3765428917,8229.47916826553
1598.08716304656,8431.60845695242
1394.269177828,3759.24363135034
7567.05683333911,7459.86760142291
6878.9869042082,7533.11899379393
8683.14301185597,8170.69120782522
8011.16631549194,7965.48014207605
1539.60580993372,9441.09196358424
1695.80864369015,8899.9238659281
2276.99652646259,6379.86382809477
6836.44413710854,7878.76229910378
7433.37142296383,8165.53111657913
8504.90755851579,7938.4976493754
7450.07402973559,8162.7656897681
1832.68582081475,9076.17624782768
3640.08277284989,8818.68195756649
1106.92840191911,8894.28037904761
1491.63233380174,3794.31840657168
1437.73436859794,8622.7163921404
7802.2968085433,7815.8885246498
2039.87967135316,9190.60032889504
840.298447601332,3204.06544416955
6623.86775130142,7208.14497083323
1762.33843243385,8920.23202940508
1231.79978915844,3828.78942028024
8594.42631847354,4264.62454708049
1458.46281121953,8107.24771958945
7535.35842354077,6667.27889037744
7564.9201098487,7708.96638762707
8103.65534987148,7634.05440701044
8183.08269032094,7342.09991234957
6226.17231075799,7424.99719987549
8156.4107290674,6625.28366041414
7836.6875719628,8096.61009041994
1539.04947333558,8671.45442606552
7515.86112227797,7885.68818959278
1656.62046478865,8695.44672847022
7206.88880982668,7094.19241585695
6756.08846554572,7366.24209310238
6024.54595586319,8262.40609306632
2137.99499140332,9381.00388113771
6167.94732803583,6824.56134450419
1169.21126431584,8819.66511058024
8400.84573058651,4612.06853744407
818.575361942232,3244.3400337187
2297.33142110819,8676.14399643088
1161.87640883201,3279.8890178617
2074.67483177304,8905.41357952972
1460.15540332211,3505.45890099479
7815.42373870531,6711.92973146876
1419.71516098991,3853.18356405765
1100.95603629886,3479.1334543201
6443.8757369363,7276.91750033739
6719.23088338458,8242.82156547293
1663.80453989772,9211.97965459213
5900.95288339916,7131.38104110118
3679.99328347892,3620.37833476239
1210.2180023778,8933.45861223184
2879.83960722933,8133.54238934126
7592.39822395373,9022.9125064897
1197.12433215754,8777.71543633471
7028.89883507806,7809.2882480328
1046.85657663444,8833.61954322181
1994.04855010054,3568.08593498582
1467.68359740129,4188.94975684983
1042.65068454974,9340.95472774691
3485.3036317846,8615.67373602633
7705.75317015798,9597.19530931135
544.129401781547,8884.08882456464
1638.54552011806,3609.4487425232
7562.43429260109,8144.80722765293
7324.04806564596,8141.68351162501
1556.64305249643,3343.80367778733
6965.83192662706,7794.14779950504
2869.6574166532,8952.21626213705
1273.38808091128,8518.14084759627
1649.04790557839,8832.67408959025
8149.87516042258,7350.19928015664
1512.88165038323,9452.02228271258
1823.41820464243,3857.86924535885
2307.38941544933,9391.47393486966
669.487298395681,3015.74087221149
1924.39717776175,9244.47386674496
6429.78413658955,7607.12906387842
1593.2975675336,8899.21332630877
1310.94719679158,3706.67012662635
6666.22143548454,8133.06430449895
1690.3392084482,3483.57608716133
1311.0565903184,3653.08811952852
1336.02787015369,8858.55842937164
1643.71862734833,9344.64640375465
1183.62302071305,3495.81651335519
1241.53783458611,3504.12974325974
1931.76542680495,8045.87252379906
8231.23871356759,7314.56540838792
3350.5986401118,3988.8657710806
1527.3913943267,3602.96843283408
2122.64863611373,8798.08184379288
7871.68264639051,5909.30416234794
2279.18384985301,9047.49089450004
1524.05524347891,9118.97282350334
1190.9119070816,3470.13733871547
7409.36381204852,7127.69821379313
1580.90070538825,3798.23518257858
816.260620900525,8943.22393009616
7905.9652249157,7536.35603968898
1169.93253982279,3572.26191069713
932.402526162229,9204.84196721892
3270.70681002171,3977.58487285398
1074.44208711459,3290.29133746631
1124.00871144341,3441.35773241505
7448.89095248122,8362.492842538
8448.9205480672,7858.92063186022
7387.78766820847,7489.02836568765
1446.64672725405,3806.29175736928
1174.68392156161,8850.45160830687
1584.67261687731,8836.42914490009
6189.50856324343,7224.10585892999
1592.59884265601,3543.17916372817
7730.79614174421,8157.17036685979
7573.41246261326,4557.1504593045
1166.25417175337,8955.88330309579
1505.16648268646,8664.82066831347
1444.00834448072,8956.46063083173
7282.88293262346,7264.05677500107
7675.29197081548,7075.98870528565
6362.93441947243,8147.42074668878
7675.00128501433,8139.13057076842
1699.86963860874,9110.98028799491
725.627038952557,3043.12279287844
2091.09161227311,8738.47339626014
1774.33466762731,4008.38497616089
8106.65459361459,6433.57375708648
820.673044346984,3768.07830619944
7538.7720880021,7734.24769166827
6977.2813871203,7891.37772002436
8363.81114537308,7996.25921819273
3614.06803937105,7703.926597012
8835.64516874173,7789.48652181103
1643.54685550512,3559.33176147171
7911.28999126884,7783.88681202487
7287.37704186471,8390.19673944464
7564.57284245103,7659.18129983453
1249.66643838317,9301.56525661346
7554.23043475,9214.16361246599
1237.08619794318,9067.00632319135
7436.95660120307,7902.36231645621
3113.32653263815,3585.20791618781
608.156764633211,3446.86193184358
8412.50870625915,8576.51559825489
8472.87998543925,7119.32153163181
1448.59288276967,3677.61302250141
1887.34932193894,3936.95134848382
8289.70010801853,6400.7748139414
1211.64873664496,3386.66860898638
8426.16144013835,7237.43769682413
1451.70806573206,8845.4882926507
1354.50400676661,9031.61289667721
1456.97562827877,8758.85861823253
1038.59202485052,3920.50924528162
1408.83665260883,9195.70473833718
7261.00633647409,7608.14453072838
7830.95996476222,7677.84624544386
1220.50016001058,3541.29305686692
2763.25907408611,9236.21526688986
1176.28772630648,3444.22620252065
1074.2671425276,9244.97511476151
6560.81099949266,7342.91502529035
6924.12544586076,7029.84123970278
2170.85718631744,8770.38308710592
2182.26248473209,8248.1793331909
582.558411726099,3162.75017051117
1769.39989572143,8965.44486031088
972.093845678304,3665.52514503252
2434.48839258816,8904.94269792264
7212.98984299937,6809.09610216236
1506.69396609486,8486.66885429541
1633.44755011016,3894.03094202738
1277.055128641,3471.7584104123
2021.8408554754,7940.68589508464
7796.95213949667,8365.0155783472
1659.9358488336,9105.95314882044
1065.53625313229,3197.31179075398
1042.76929912976,9239.96696211105
7192.53777527531,7930.3322379096
2325.66013351806,8953.44858225438
7813.41025265923,7327.93849698772
8422.33598471812,5412.02120576616
7055.59105678407,7446.98810128296
7450.77712422866,6665.75300342735
8062.09292597423,5167.50683040601
6554.36208337334,7350.16504650161
7544.95597903891,7555.92696700852
975.394014544454,9041.10570584395
1268.46380034572,8957.60954875473
6405.94383883417,7727.36158444767
1837.55937087501,3842.69466891329
7923.82944171223,8620.84810033804
874.755311303298,3748.6482464315
1174.47089050068,8356.79325530745
1515.02493336814,8930.51487294942
1991.98085794267,8214.85286827569
1807.83657364622,8025.98644369849
1291.49481127078,3700.77669163609
2175.31749693266,9260.65448799711
1754.26736911744,8691.65500356059
1996.14316084884,8921.11535061066
1716.48491825129,3328.59009193361
8150.9469381123,7261.61577852011
6154.36560944628,8139.52110884475
963.164772491555,8630.59709695046
6321.34757843871,6989.73262097647
7160.01432005129,8137.48896795533
8364.06177090529,7947.08231128499
7001.79660264942,7191.8796711941
909.439890207058,3102.03199994267
7624.93250052312,7556.49454108716
7504.69667779515,7605.82639116517
874.770880956065,3158.83799658797
1702.43288054293,8154.84618829748
7739.95717574773,7881.73652476973
1545.79010343249,9052.29196745414
1285.82459204706,9093.75971856088
6927.69115933924,6845.72000251107
1352.39329691675,8834.41528320124
1203.02804996191,3386.38675479275
892.081399571865,3265.90489020285
8066.14623383475,7332.93080392437
1023.89830539948,3309.45242985075
7916.71558685733,7703.55526497302
7955.02024443478,7672.18983901127
1548.43140484588,8948.76633353183
7948.26018738815,8395.57916243544
1652.37367588451,8864.78831572274
2047.62690821762,8588.06320016775
1472.40575033693,9179.24734630751
1549.29424059747,8999.61042862516
1106.55446241426,8965.34995339535
1169.8133810921,3536.00085880782
2861.66628748058,8014.84782413799
6766.62745784164,4774.4068981938
1934.07413625883,8989.51589219052
1337.38984772816,3903.05521743049
1662.52179862793,8875.78492255491
1209.31871237225,8993.58761914531
1433.66479756043,3804.65845953605
1912.74769592798,8781.12474507815
6435.67513238246,7698.99357751403
5656.34639300853,8946.40919065576
7387.12832140208,7739.59452884841
1458.02359678021,3661.8622066873
2005.39000882668,9020.80257993202
7355.5602855176,7523.02573031184
1116.12797967527,8077.6006485936
1441.78827325417,9055.88004924474
1133.98914659564,3427.05410849424
7673.55820584924,6589.42107427787
8578.19413441268,7442.55914931602
1521.56593962165,4265.81670812598
8360.85052806587,7066.96362583839
1618.46348819129,9046.62053868564
2002.50968777463,9326.14007749607
1155.42107932955,3676.77511381411
1429.51931383956,3982.40486956172
7005.98375978055,7645.27887613614
8496.99474677346,6975.81333959776
1944.60029973765,4085.29739576624
3808.39129442718,8547.63082710742
6525.76592609341,7104.77184587543
1496.22497794328,8053.40420541193
1029.85532894463,3300.19886007171
7711.390053521,7036.99963026493
1490.36174388631,7701.41734772718
1649.12568399618,3666.46113611366
7410.50149359853,7833.18983344663
6594.01031537872,7129.53361245156
8665.61247970432,5921.20592155876
7308.85317339967,7250.19339842418
1264.54773418853,3584.12480378896
2065.02115760071,8637.23099966625
6454.19179995844,8142.00088877326
6964.57705743674,7864.44840446951
1630.53183291069,9529.53546635721
6599.54650849393,6668.42306256265
6599.85001234001,8312.89493469106
6950.12547481521,8026.82453674498
7479.67949005528,7832.91448567063
968.783097720576,3244.62949393012
1848.82640027594,8564.90976823248
1954.8243446009,3579.25060890923
5350.0123732289,8978.26888817816
8734.86945803066,6946.76280452123
1715.95639992788,8481.33375952291
6533.68919368782,6915.98829782365
1157.11129602453,3317.04780623451
7218.82632135291,8153.26566800668
7273.77959383759,7737.87546970184
7295.09573965671,7286.24909930044
1008.21356732439,3362.13932886115
8623.00457609132,6666.83873019451
1285.97160027963,9031.22048121165
1353.7563679845,3466.11437020015
8364.89472546886,7401.42831790755
1657.21114353441,8952.89798450745
1400.34958874681,8636.4445432413
8470.6982666605,7969.07121485979
1517.21577801123,8312.65750455638
2491.34653163358,8404.80916631603
1865.87960738259,9295.42661254967
1588.93408764095,9398.59574576117
5790.73775121362,7112.40088352149
1306.19027078446,9188.77916142853
7759.91955742564,7783.11662132593
3093.0860753563,9037.80904667178
1857.09187818861,3315.43987836386
1066.31755180719,8899.62081957262
8175.68319767024,6465.6829444478
1860.32709996802,8854.70444089947
1712.19909842099,9033.09080873682
7650.89192056212,7533.27054950313
6884.65718717412,7890.92211438464
7146.62595647009,7883.08454916755
1575.22854966789,4070.70484058057
7434.95154705223,7334.66794346875
1382.32906509498,9415.92260453342
7355.00390626117,7326.72738514324
7661.53088391987,8173.5894694863
7490.23224625919,7321.58662981061
2224.94241359812,3403.37637400023
1925.92770898701,3794.47850793744
7263.28537680285,7805.1216804927
1602.5650135742,7991.85318770445
1222.49193221188,3560.64526221167
836.424404073972,2816.27983199594
1210.41281410983,3213.23291015987
1518.83688317945,7274.8643308088
7574.69988034268,6908.86059572837
7395.84270473304,7380.32237158112
1634.57231990031,3885.78153439
1353.50287521713,8300.86352463508
1871.34867747001,8759.68284324139
7491.57450067232,7687.57683709596
1255.99966664779,3170.6592466743
7015.63542945379,8943.14886954196
6931.70128642274,7110.14543484863
6232.14376365863,7921.84408440479
1957.50733429204,3686.11020697203
648.444776635025,9248.51768169193
8554.712080147,8084.16061391216
1022.0553331956,3678.93224628993
7934.43784368572,8124.11072522815
2803.06026123248,9014.09423909082
8495.90945941451,6282.06553682333
7669.13375908768,7744.93704960385
1941.687806136,9277.64054746767
8807.87833845537,7838.93182141129
7765.9639570655,7089.59468581716
7428.79031396669,8340.64208667593
1131.15355238678,9196.7575483843
1414.08939656982,3567.30056075061
7658.71375653327,7735.76439984186
699.639174849059,3471.77932522793
1424.55000363619,9279.57823111105
2084.0593868655,9049.71779529986
1848.20777084788,8606.39532634624
7485.66914436448,7224.57247456829
1202.75888630492,3425.15399811084
1693.79497962687,8746.07224403155
3967.16622615448,3895.7351953846
1741.65901512146,8988.63102899961
1075.4854568161,3255.54022241637
837.848730419563,3892.76845834086
9431.2589348812,6878.21087363718
2477.84988131252,9532.41515772544
7669.24329127778,8231.24590632509
9048.16881675845,7632.10815547008
7848.77642816369,7278.9756499927
1480.58383619051,3586.64570273601
2993.65510828531,3671.73487201166
1659.38809055468,9233.55471548474
2153.70269889951,8711.00817224529
678.930721802495,2933.74913005719
1491.28697919858,3801.73773845252
7856.306835607,7689.38455454786
1834.5723397774,8528.56558178403
1018.36979970367,3413.4176998341
1577.63530838225,9135.68738849853
7694.1862934657,8119.8747406126
2593.82296486668,8645.68473606295
569.347808489077,2982.61977055044
1406.13004191703,9100.98320285753
1202.33581513378,8615.02476369378
1145.37261633759,3312.84805640677
7756.79812117814,6954.75908919629
1228.64139345405,9162.8073703357
1591.13195590173,3687.70210200976
1084.13384534757,3487.02971035981
1607.01440047686,8174.71024750267
1264.76090002249,3825.41785482245
7295.30741442455,7595.46354257656
8057.76087292255,7992.94781220054
1114.91086808686,3439.24887079139
7530.83174332553,7361.34925970668
1447.79842349596,3865.92915629081
6424.21767979381,7518.44609998055
1677.77004651518,9182.75166224129
1164.86297920376,4006.43040633878
8949.28138704748,6768.37411442116
1639.94834883944,4145.45255564585
1322.04214826879,9003.39270419969
7180.30451999538,8616.61818235154
8097.89259497968,7734.49687464704
6705.0761041836,7693.79527421635
1350.30567698135,8825.0994512169
9159.89475007875,8108.46514253157
1211.20356863474,3548.65524523048
1145.75904499562,8136.82754386314
1061.68387985515,3307.99410354542
1151.92197209729,3562.97871650606
1681.87530104802,3675.79361556145
7239.31210953874,7847.65288504905
750.252532211279,3312.08509663713
1951.79225264073,5356.43336278311
8107.55369311308,7621.88483099634
7456.94207055531,8183.34385969439
7697.39984587204,8125.02713695878
2448.33108146766,4046.98998878814
2640.48361151208,5259.82009284396
675.521775185019,8291.51861004659
1562.31176455709,3913.08529050989
7369.73791968804,7632.58659274213
8222.0417912219,7950.56978903192
7825.23654223181,7820.27322052492
1032.74084037669,8225.62506488198
1699.76099732053,8476.1342488578
2237.70924912094,8634.24405316819
7056.70124860729,7970.22876597036
8043.78958156969,7018.89864327888
798.035646248086,3457.487304776
1268.28357302927,7765.51452488904
7977.33299879268,7564.40904021667
1513.09586631467,3871.56241462802
1969.6198810125,9022.96673214508
7679.27390311322,8533.67356969863
1276.87709981021,8975.68926400467
1907.49922447387,8841.195558594
7473.54013761833,7853.33907007958
6894.1445517329,5986.8535711851
517.041962267224,3286.88702242733
7357.0730012174,7720.68351409079
8754.17624525223,8135.730920646
2614.94306125207,8804.1881209174
1318.88649458275,8683.13941030356
1958.63270910247,8740.53414114877
7913.9250962285,8118.30031184289
1794.77118102319,9180.92173757701
7805.69159881466,7801.24995256523
6631.49799848263,6546.91730810229
1336.98697303514,8925.02182412723
6912.33088517162,8077.7426076212
1316.75325087365,3535.49135488437
7929.13145246851,5409.04875041241
1180.34351157774,9087.62706088327
7282.84319111993,7186.8105530774
7947.59765763694,7991.79633171157
1221.94051792668,8548.92252414708
8616.21776928519,8237.09506922815
8083.13582778843,6300.56340423184
8612.53088790475,7649.08108232777
7467.23358345873,5703.55214651414
6835.03414692585,7664.66618913335
7231.85316570848,7437.27240568556
7943.47774718033,7794.95556977149
7296.784382013,7391.75121391908
1259.179949123,8647.30364615971
1066.11639946837,9244.2884600047
7898.13252282993,7443.82180433843
983.991926602633,3616.33034072833
7436.06197376117,7053.8397569895
7786.04230421624,9336.43863586436
1541.00828581301,8976.33582413997
5878.82770427286,5157.0130970746
3498.3144845374,9167.44460612868
7702.71446258115,7748.37408823534
1399.19625665107,9085.01054104783
5181.51558443617,9143.95701162868
1513.54971269958,8647.8159893179
1187.93775047236,3672.74260778405
7828.31396840941,6153.89002725142
1826.27544279327,8984.1702258111
2233.27243581397,8066.09777814075
7779.60894290199,7323.04166468795
1127.12486523649,3495.00304707547
7768.92258661828,5687.65902452847
8846.56408046064,7708.18795155345
1668.37090148645,7998.36025786526
1732.11807321926,7929.57305813375
1369.73273532928,3654.85688624649
7659.93110336065,7999.77354595223
1892.77278061894,7885.73886181036
7937.84087473891,7743.03106518283
1670.85112794628,3696.71908294213
6929.41330692662,8417.69358658561
1262.62826108486,3183.80624185467
8608.79838615447,7816.80870924995
5883.34492437368,6265.66001635584
1874.79047331976,9292.23707735563
1277.4462595875,8378.93545044283
7868.12036341311,7705.40469096159
1880.39623419937,8422.42289490088
2742.82613696994,3883.15819806993
1149.13218400786,8228.26219817077
7037.90330677126,7399.84724530103
936.16642591304,8775.62629621624
8048.13057634813,7759.32440549426
7500.41397795137,8108.79555686994
7618.24707146222,8314.15372986089
1724.56838583953,7875.84498890846
4303.67179085773,9088.26390350647
1731.41201537878,7968.28393197498
1774.38010628912,8935.47461739668
1211.80981608934,3458.10333035685
1234.03804733056,3366.68718071524
1759.32449480633,3675.76797816849
1521.81741706527,9113.06438555011
1342.69861204307,3610.56840121748
1473.47054468344,4136.13004842065
7818.90216921712,7847.64114747007
7793.68608264553,7490.50910501254
7891.30945184733,7664.8648548424
7834.67288917218,6349.73778261731
7186.74466167078,7594.75851880804
1947.81945226891,9582.64753349792
7462.43884409466,7416.44199396841
1078.29622289686,3431.38212997017
7102.23487659592,7699.51182928991
7574.19590743358,7872.2119777893
890.015124298851,2810.40807902206
8050.24556400592,7786.55029435053
1340.54509594876,3579.86291245918
7694.37555662093,7918.29579269354
1075.39939801008,3714.47623410545
2487.55350808084,9320.99020314143
7140.85415493679,7815.88662896682
6587.56734960866,7527.7395337051
1167.88893594149,3919.64322001126
6542.09557884453,6939.14487619389
7155.70207155868,8299.7422485786
7043.32965596925,7831.576127564
8229.93415988982,6934.38826800808
1486.87291820273,9181.41600341052
8819.1928196175,7640.92937204247
801.832676659186,2831.63020490297
2120.13676125451,9075.00103488587
7443.32312997077,7317.3627407539
1421.80036129974,9069.65166826304
820.965314106031,3033.26899282592
1582.87878856951,8375.62440203843
1918.32077932582,9019.96308664045
7269.67629158021,7943.18059944724
1548.85592699231,9036.85793243959
1849.70222799131,8943.11096593358
7878.78458994063,8245.87280851719
7710.35388516395,8012.47908612485
1959.29061043354,9439.64181420765
877.775536431057,3535.64866897533
8179.62916097879,7135.34328192817
8011.27117686706,7678.84604225763
1355.84128078635,3606.51374718649
909.702165996548,3454.65339166758
8750.40404940424,7199.29877021316
7771.32417489786,7194.31917037148
1059.49735076404,8339.98427594427
1084.87240760127,3218.95717754613
7640.17511932912,6773.1526368071
1202.33135077439,3310.96960089816
1046.4845519421,8991.68458958005
7577.55480056387,7332.01131233528
1980.68302597772,4335.27602917063
2010.32715321389,3666.07142657413
7523.2396399497,6981.03670463231
1336.25055226816,3556.15380111081
1007.20265980084,3410.2460539098
2618.13493429655,8341.04032768191
2742.44095941663,7895.2770201053
1530.87880369134,3516.39339427159
7596.15402694023,7779.96974180707
3981.87793304696,9105.00898059162
869.089539361211,3100.55595962067
1062.71943033955,3578.58931417101
1918.01126146247,8074.25888101817
1870.5117685751,10000
1271.34607861244,8963.13915759942
737.67652991653,9068.5205037228
7334.22256751681,7192.96147792304
1199.67280287311,9172.88201191815
7431.9333601715,6859.78471986751
1966.87564578481,9039.77710310898
7368.10211981397,7885.1185691681
1199.17799823326,9085.39370383838
7003.13855669769,7310.7589332454
8048.04086718261,7630.39914573105
7489.02740170215,7425.41769653529
7441.99964905305,6968.94018381424
715.122387204741,3538.80140367132
7556.81666154552,7529.63526526587
7609.29521155901,7885.48867716672
1069.27677345037,3437.27087032701
6869.71172600743,7546.17167042844
7689.36243377774,7489.73399945955
2246.87549867508,8554.62915532661
8752.98691251601,7601.99391058628
7533.68838286414,7248.5864028526
2091.33057984985,8850.54393239387
1699.29068170677,9118.51662294322
1630.69326595249,9082.17037243136
7900.22337885387,7703.48194269993
1536.03410795994,3598.66453197518
7407.96379863206,7594.08401057415
1940.52942593981,8418.72404129427
7700.37781135818,6993.85000157319
1004.91175053179,3526.19209096955
1170.17080032075,3152.43525042634
1905.37167592034,7494.07176756349
1087.93405875993,9032.92615711157
6990.53476775544,7604.96160135764
1562.89925871338,4195.46046591014
1879.78432620619,9112.80623397114
1904.27628236579,7962.52782133705
1224.03472307708,3317.69424093015
1479.53751161509,4657.13353933073
6463.37376098823,7385.71049378326
7871.42280480598,7277.02384490792
1410.69316653811,3595.7657879912
6839.82720325094,8458.26515954972
7877.86234239138,4996.10832044835
1327.8529887313,9230.13895314015
8282.34173533308,6543.82644917163
6889.83545082853,6100.02891968106
948.99575983058,3006.90278385379
7507.28103045449,7884.19053487315
1169.98457657557,8940.0762712215
961.466061429626,3268.11588360725
7652.4083503095,7944.73276104356
993.15149253276,3300.27027253328
1748.39381329746,7928.24998530519
1642.54363540023,3938.30843894046
7213.15563946109,6456.33606149273
7862.91209543404,7646.36776538465
5600.2577083854,5434.65376350802
8513.89937995894,7748.32770353639
1184.03024189162,9258.57885817048
8591.61993773865,6489.21191334066
2356.75419496117,3902.72739186964
7672.70988602814,8007.38863382553
8861.64408296561,6874.03224864323
1051.20658858287,3544.8027325463
2037.50477230094,3423.6419741321
7677.59328055656,6446.67797998468
1535.4609357716,6777.21679367246
1715.98428648675,4065.80418862477
1390.21956532085,3862.04273661976
1066.85682608684,8252.87017042002
6268.04418835083,7864.64661323178
1505.50289718851,9154.08772936511
7312.42494237422,8192.50981641448
2512.38295484664,8868.17141251734
1889.37742306146,3482.24167573389
1590.35998580818,8228.47143026085
3084.80073098169,9036.58713843043
7078.34871878689,7759.70912022722
4160.28368648893,8981.7316330302
7570.37731242435,8381.03379893133
1146.97420684756,3352.32099077225
2441.73934375538,8736.37330618124
9527.86158356564,9415.40592812172
2051.06467455893,8834.13624328316
1490.23431270377,3646.42455926051
1293.78384988684,3575.70474600812
2066.98791943845,7561.55844050562
7496.53538116261,7914.65045809365
880.361491807343,8800.22191809902
6245.71176935695,7065.98349529827
7058.5990576929,7772.91674133742
6841.04131703094,6648.13567787999
2719.7411007425,9333.12617541599
833.163047552358,3326.88136703842
7468.34204245731,7371.52449476724
7159.79952965357,8169.24335474317
3897.46181465226,9059.82403214612
7899.69312529309,8153.80127591335
2376.44101644823,8078.25403021343
8778.19227677766,7724.84643080722
1482.74839237084,3889.90555915225
7699.12466999588,6942.56001595477
8318.91128839193,7592.55255031873
1475.49339543431,8604.48943496441
1286.43179644372,8839.74453671797
8027.52659095811,7888.81822557128
7053.48005918851,8365.03417249463
1562.60735609639,3718.83042048741
3089.27652894832,8617.07089531048
1633.71408664864,8984.04703528307
1364.73547395903,3423.28186629978
932.642532850751,3202.31912453009
7753.86743828631,7916.90212518664
2161.32389179079,8891.21598755427
8240.18693749313,5596.03367702645
1590.89388305793,9093.54485630612
7961.50171413607,7782.04976105847
7546.20745222054,7864.87614649453
5524.0993217707,7997.89303508658
1670.31745796479,3736.00040891312
7172.03690660151,8791.60345066355
1296.27891776187,9288.6556289056
7835.24186838464,7822.76818835354
1233.16399746505,3699.16829876299
2197.55428919526,8470.93943456826
7854.54690294953,6092.02907354838
1602.64946365849,9069.14615334439
7617.91931852936,7776.66640275752
1619.36252033411,8662.54239067661
3076.3641819768,9043.00532801097
1335.74840781191,8941.82489952894
2160.93635832462,8131.19898391452
7352.95045977881,7142.29230721705
913.837085915396,9111.37795282103
1716.94276351358,8833.09613900124
973.838845924948,3200.81250063373
7902.68757182537,7301.33673254288
2304.36454372195,8927.46919236519
1326.55220027633,3709.99351996922
8648.05673223177,7477.79452894325
1922.26813369003,8874.21591158428
7326.76668624684,8607.64303281616
5035.00658553963,8591.20662534421
1343.42819915711,8840.1270782846
1248.83317160893,3502.72288878539
7809.1379433899,8103.98558407009
1222.31893312125,3478.96718957995
2059.76846962954,8401.90482868888
937.464041609512,3197.62096820784
1391.18644268903,8998.38369561085
1116.19321988834,7842.28619750019
8498.36759033408,7777.81779626006
5928.34548730187,7129.30493419158
8835.03420116043,7473.2574638392
1723.63600590808,9078.66473147328
6351.77510979409,7419.46403273685
7983.12220063494,8036.02910889303
1662.79815316513,9119.34629477014
7464.19967498493,7931.08274193877
1176.62219342059,3752.00270321764
1126.82559169933,9147.31715577187
7971.13179511105,7120.25575192487
5877.33425212306,8245.54911654114
1446.89554339903,8730.72700800421
854.33990345867,3147.4622932692
1170.34995857572,8925.86925901329
1461.31021824133,3583.09170812504
7462.84910424285,7370.03289514116
841.8646354149,3531.86290891866
3409.16173484031,5439.649686196
3787.85769286243,7610.23513694931
1337.42664113536,8429.41489655025
9786.21111469315,7810.44294709407
7130.00036959831,4078.10913428676
7553.60629972635,7318.07837316135
1252.19189683669,3474.41668580992
860.88970511346,8900.62623893995
1105.59466892857,3377.18278200755
6568.07719550332,7024.22235454206
2263.84220964785,9005.2572736138
1279.03256055431,9151.09523198968
1537.28181765744,9013.54049088294
1135.68738360482,3236.5586659034
7777.46471540406,8656.73808621838
1518.31746836291,9245.54726604526
8472.22472843134,7308.24619542741
2084.66780873664,9261.8941991142
1385.06865133706,3901.39671341376
9047.08769007176,7426.9310632844
7098.9432608572,7047.24330520263
922.231219266595,3246.92691847475
1372.6571675281,3939.6350567549
8683.00672808227,7103.50119583798
1391.18757139104,9149.11723967762
7662.38630486239,8249.50235817801
1916.09897035583,3770.13927838465
7317.21487147203,7266.53812248533
2327.98588378308,8366.47628892555
7607.12501192932,7677.0639409846
1716.91709153396,9097.19244874121
1074.56323535812,8604.01070945138
7398.39718176433,7933.05068907569
1161.4088372213,3771.11393236987
1440.04066106252,3654.18315272756
8528.19884660613,7465.89656365394
1385.91429393846,3411.65495998655
7743.58649444817,7989.4171380285
1515.90882727318,8842.31108812185
7672.46491144277,7799.56379553946
1180.54000168778,3796.90219638916
1446.23777975752,9111.3120712128
1450.77867835693,8362.93710824988
1034.05570399126,8743.2701620132
6785.4324580149,7362.95350386041
7968.95111518812,8011.4326754674
1276.60599827973,3547.71393558577
2137.38696746052,8466.90150169813
1365.18179071187,3907.19127206502
990.862616653286,3213.85444228569
1014.383589961,8097.00967014078
1571.9689049452,3690.93901574956
1722.92575278697,5233.63431518139
7718.86536285938,7801.2582847939
939.372897773024,3451.60635040736
1688.27958909814,3650.55074068876
1170.31026682744,3285.27893907933
7765.12273879121,8376.72235775526
1302.58377213378,9319.57656484827
1277.61191853614,8837.57140654575
7484.57013477424,8243.52179449714
1466.07332490493,8807.24638386322
1310.35441669348,4597.77729820741
7071.6209567498,6987.56096613179
7066.2253751903,6707.6222866136
8881.89726815375,5791.00581454006
7285.78358710289,7619.41479031752
938.595721407086,8372.69752733124
1298.38087355686,8371.87653144165
2231.04218225762,8121.59566053243
3144.82864922923,9015.56215815727
1028.9471962855,3090.08194540826
7523.09419275362,8140.53621955488
6909.58137125697,6996.61349592196
1607.41406307552,8340.90656905734
1268.40940803855,8945.78655844974
1264.52135846087,8851.18770425468
8318.65177629004,7187.71281110908
8067.89784679536,7778.98675616357
1163.18239311229,3528.16078740195
1731.23176691003,9453.30713766421
7459.47604099199,7971.45319103479
1382.5809595926,3445.73628789385
757.119142406809,3341.17350608906
1095.60370241234,3348.37931427027
2582.88954932472,7666.01062731081
1038.9745721283,3542.86947527796
1900.34818176382,8170.08543910068
7921.56161511284,7799.11310283717
983.932768726492,9198.94222708015
8043.82241232137,8473.69450594733
744.123446972142,3156.57475482759
6585.69000837112,6820.9690676754
7508.68444675704,8155.73613026236
1593.38844620427,3311.32133492647
8032.46836168946,8396.56245971544
5830.04431472121,8100.48049919427
6466.6215709838,9078.07582135137
7224.64615167505,8038.56294290527
1020.44678313805,8496.88424365599
1600.70298044284,3790.10807481186
627.701653450344,3183.99389968177
5655.0012494399,4129.09990869897
1516.42244564196,3586.21129536891
6587.60234766291,7673.55213072488
7137.66401388177,7320.46287876328
1373.93804576849,8859.04807653815
8557.20604153347,7447.56534346383
1463.74399222124,7793.92988077384
6942.93158714311,7466.63222216562
1271.14569409376,3787.29100356111
1430.80790185414,3654.6549403151
1095.71712954044,3268.41619238456
681.047691943144,3012.16916452306
7097.27488722609,8026.87857574648
7942.23218391718,7794.39074137539
8605.24459640845,6505.06839456807
7551.43814193471,7604.25353746711
1201.98572224263,3423.8043526469
7338.1211057201,7098.24056505335
1207.56890306912,3763.77362724313
1402.96287652986,3608.16866349566
8554.5661987057,8487.11114811723
8115.25374769764,7295.11409493564
1248.198690992,3558.48048696674
948.834217788118,9062.66640942383
2496.22045514828,8900.70862566429
2469.37943584193,8007.2144401997
1856.02922579322,9408.48866253515
1142.77228099511,3386.48173577034
1700.33413636455,3800.41125418982
8579.88141016025,7854.56369022405
2079.78981337525,8170.47600177539
1200.83717590436,3820.35090554539
1570.90051993868,9054.98931852911
1392.59783992493,3560.34262489886
1003.85463868523,8923.50348845489
7646.91286183158,7110.45446163583
1898.11416864603,4359.68842981622
1425.17766314063,3822.45086501012
1238.89630772525,3310.3342187616
8415.26047067148,5537.78796813642
1889.88978328505,8526.2961366265
1240.98127717431,9133.74556331134
1698.85642301171,9273.34723701056
7179.82151349942,7591.68753071309
1328.44393329197,3403.96308418779
7870.11911949626,7448.52146137863
7673.30321138403,7587.25023068024
1539.62995645323,3973.56687531317
7626.94033112623,7884.11678094067
8095.30397609015,7619.62265310365
4172.20374300031,8397.28739604343
7812.89320558795,7224.43424489999
6613.75438898093,7331.67956665207
1438.66724689075,3628.51848203558
1701.86861056687,3763.49930756423
2038.69024497115,8312.30605390064
7417.26829182933,8149.58765196884
1407.33655343769,3654.51712570404
1952.98065824934,9110.9304407225
6753.9763264141,7134.75041703587
2358.39380041044,9131.48102646956
7565.28729076197,7985.61855631472
815.814028114408,3237.39500135756
8410.81573032594,8068.95213460588
973.518964695246,3216.88484167025
1547.61088672428,9163.33941372863
1446.5110542756,3996.49204638183
7387.48478808565,7999.4700481202
8191.55369809265,7644.62941670546
1770.17171039626,8382.48350250899
2046.60121878909,9129.07503500002
7262.09610747539,7768.18986100095
1249.93090013913,8946.63538631822
1179.22842691033,9202.73775938161
893.353852022603,3378.58951771076
7720.57859973107,7486.96291716784
6532.14874005957,7943.06026261844
2934.30531590484,8760.73621114509
1802.69466952673,8324.98799762019
1397.36196684936,3447.72109276919
804.863880931728,3243.05712270796
1257.85800105153,3768.05894124341
1788.24742025792,3721.32966502352
1760.69968760894,4015.28772917568
6888.72556558511,7614.70743496171
7581.16506977461,7991.57658702734
687.277491574257,9124.37347659137
1278.47254456558,9028.7818288984
7771.98535249067,7497.73860603377
6346.30067633454,8041.93090259539
1825.26225423999,3696.00402091658
1714.52665675831,9118.48523821436
1102.73407530858,3299.57432124752
1127.57243044444,8839.87811970495
8007.24791548938,7383.18443216452
1148.62658452851,8193.6857580673
949.428565261728,3304.18979459829
7207.52907485793,8520.17799326806
1380.99017007917,3680.22221769411
2114.98097096221,9000.4879573962
1287.04149760416,4145.77598704514
1358.76920386468,3635.70035124027
1278.95277509932,8905.03942583193
7322.43986385257,8087.47411257958
1864.58907537031,9306.22409034255
7157.59968729118,7637.36679558619
1169.08848786373,3763.11233564581
8759.0716719602,7170.38519849601
1831.31587747002,8823.62481473815
1374.97329605238,9093.02963674634
8815.75784558836,7878.20382179388
1597.32986012398,8789.27565883521
7139.69276651055,7750.87087350842
7146.60277061527,8988.65051371366
1115.44141839297,3722.80510276908
7898.62445037786,7554.69458241589
2251.06466596333,9063.60110292058
7303.2600002924,6659.36520992545
7041.62660829813,8168.58770245602
1892.66319865487,8581.09279419209
7249.3703468325,7880.64695958642
8383.30019858856,7861.13044165705
1178.27910120073,3743.17012424136
7141.87237244405,8006.12534194071
1526.65095361395,8221.96939944399
1217.39724348475,3342.4524899383
1183.17077081753,8992.05554068235
7286.24175267396,5862.33286605165
1440.63314730196,3442.06908391654
7634.90657132576,7993.60124516746
1221.2741239276,3524.48998886875
7579.780694666,8213.09040973485
1306.13530508544,3851.68628576797
8205.00251933715,7510.70240957519
9162.383169426,7970.97417008659
8303.53350011949,7608.63673882532
8756.667197003,7446.36750363674
2903.42257757978,5488.57483945201
7363.01957943279,7634.56890971336
2381.90369328808,5609.50797796106
7041.77322397423,6320.42042262006
7833.61708049718,8146.89093647193
1328.18925320235,3795.95693920482
6869.98078669505,8270.95885065509
1277.3494487633,9220.6901106112
1687.34188184029,9217.23292009949
7640.24974851621,6717.6037227914
1701.65259931237,3759.13347182052
2199.78756088489,7956.39015821021
9000.2677059565,6662.77715894832
1846.288628683,8469.99991245897
1437.68885705873,3985.54923873048
717.995666473857,8030.43716647562
1850.38543804887,9022.51365610229
908.074686729026,8256.35003719914
8204.49858160421,7677.30231695291
1302.35538318665,9135.45738562794
7450.09306530756,7743.35065824429
7823.69204108483,6462.14213357732
4741.20361648771,3982.57989280317
925.406664345979,8945.48289098265
1004.87282109777,3220.99507909819
951.866357116813,2933.63150250372
5933.81400651141,8856.31945005389
1266.31609741856,9200.00937848469
6307.30718644684,8032.70349249464
787.173888416755,3322.00057814996
1671.48841305423,4625.60788868967
1572.00967506329,8688.89018607574
1360.85561794741,3568.51440083237
7442.27333894555,6938.37251225259
7732.28102884499,8386.16308211168
1516.13974893998,9245.4430478729
2002.70310587952,7244.20606374093
7871.32548908157,7263.89256518768
1266.88054928114,9166.99292754562
8378.35684450334,7598.36008951323
6824.8891972981,6503.91980802346
1139.37750207451,3140.27919534011
8295.38578951844,7401.31287726962
1113.89761010982,3321.8033131493
3566.47936722974,5354.25303343496
7242.65518695536,7491.72723694849
6578.2397190605,7028.82853597196
7345.33567843121,7551.20141057813
2161.32588934498,8316.85744615687
1547.70174320351,3717.7272833748
6915.93001319336,7884.97382696136
6498.36146064219,7958.68544263745
6713.93769464225,7083.58099741121
7440.58543419667,7528.08430603876
542.172403533188,3176.94074525048
7852.37809018374,7855.01839800393
1192.0976300927,9024.20143329816
1257.22129461351,3811.153037304
1191.48092864011,8944.95609594438
7765.12108678647,7745.31180570714
1276.25548794809,3831.98502810701
7680.975086623,7961.74602105342
1257.27825648028,3562.85367466239
1751.95510484924,8567.5784005893
8268.02763080281,5966.22213771688
1693.82905008828,3388.08864554606
6954.36053680957,6419.0503445388
7672.60742014909,7363.87670901083
7859.16249545907,8304.08178883423
1355.49180290485,3418.8918511074
1603.11267412836,8892.4940087754
7706.83313894349,7913.49827449538
8113.31647508409,7416.02640891037
1754.84445163379,8900.63107840042
7500.55860228013,7886.44976826775
856.308846388702,3408.22100089953
1257.02364009201,3698.3446914372
1941.78750104791,8182.68869565376
1798.30248787455,8653.82691425599
1540.93707173476,9014.8587784139
7078.16898739886,6902.37209227178
1904.91321842274,8907.51839481307
1207.09480594445,7744.22949672884
1417.00264370933,3652.0073586308
7950.28685138042,7501.26713358137
7438.35217482609,7552.52747430838
7518.1146957886,8176.63717441645
1180.70164480627,3263.60878811037
8453.29886730222,7669.53681327199
650.794231736185,3586.42346259383
1670.6034000619,3799.711083217
6962.74271950339,7998.043811837
1778.80047107869,9304.95540512685
7164.99389271371,7882.57391466638
7344.25317158645,7170.67399435832
8053.48157323334,8064.46298626091
1712.3705999833,3794.74443610215
2447.3053410444,8364.42997364472
7408.55650818206,7489.66098039178
7126.77994118733,6737.41059320638
1332.43628111722,8670.21773277262
1904.42797134551,9131.26234132082
6527.83839089516,7677.0554921621
7098.2373259953,7556.1507850856
3204.43244800007,6181.59539340737
7353.14260336355,7343.89107055564
1574.17436416292,3549.95047151343
7297.39392069273,7942.59686829387
1936.01294128424,3707.0351973868
1409.72873576804,8862.68029748244
866.206474527072,8754.8247761413
831.668104432005,3262.85685971282
2325.62378622585,5055.38935105692
890.259773908785,3507.92172667776
7264.72654055383,7343.58648252437
7240.03061809682,8556.78707622525
1861.27557587003,3621.47700963216
666.966957759681,3112.02183824102
811.765923341284,3243.01808175562
8516.90510294423,6978.6254848713
1549.59315430605,3513.43303964976
1439.41768105639,4013.19813886667
6962.64154848384,7485.03401075302
1404.63736219302,9060.74898128242
1434.19372414074,8846.94127868594
7013.51774638309,6822.16989310299
1011.73534212222,7964.78778307576
1203.74580943518,8978.25920653882
1156.53380144658,9233.22745249713
1199.76410005495,3474.73953766221
1821.93018191757,4328.04859738122
6762.75276233743,7105.93926533162
1110.430427107,7622.21141617825
2566.25697984091,9145.75442747885
6267.79480345524,7115.9934139318
2119.1568267909,8120.39870034049
7113.59464637834,7155.70605193977
1867.72078200168,3995.19028543614
1232.70518481259,9012.60347563764
6876.05525819614,7514.16006763325
1566.20106600455,8367.93024090365
7546.3366337618,7301.8706225168
6298.69044804894,6628.7021415405
1371.33087755153,3495.19307072421
6620.69397112124,6897.04645946574
4612.11222778469,3902.92942588721
1818.50160930737,3324.35740234576
7592.46428889799,7117.87043141581
964.577552738119,3364.5405748176
6589.18331276669,7264.37385648522
1600.7013370356,8480.88289141946
1597.5363911464,9191.83997765402
1694.25784273269,8924.14827318911
1838.55237369407,3983.11990170563
1595.03869793652,8602.97716479364
7635.00180712415,8186.59508672597
972.540018832237,8599.97553565777
7346.20467141239,7707.88192661902
2131.27495236585,8980.54769631316
7209.26350885384,7555.52423890108
7657.59966783076,6755.09131053683
7046.47051023482,7602.46497007597
995.984484012,9061.0915066762
8496.83760509177,7692.45736744667
1301.27361054674,9314.89289764469
743.54173702949,8824.170274823
1710.89047992093,8823.54474493158
1191.6044047698,3435.23710416859
833.334839503316,2825.37875950309
8235.69343672646,7602.07423034974
1590.42537154032,8145.63174639069
738.185702998221,2975.0802106839
6110.23666530158,7705.82026074484
1116.64212991042,8829.92633697448
1739.71039214321,8672.58762608917
1586.39256968304,8945.69418977669
1452.98981215844,3388.48778226951
1413.69832554963,3619.56130061897
7211.52042619207,7879.92600174823
7899.61056867465,6799.95596925692
6807.60341365985,7767.87466916666
7728.95189647166,8401.05172270664
7715.76620181208,7341.50816606884
873.471178239843,3038.31540623237
1498.81358451641,9258.65393476766
7491.93207849416,7522.16686342115
7628.87657661459,7688.91432858822
7771.52812497314,7470.1368281879
2106.91996198016,3394.47675757345
6664.80274579254,7413.24355250123
7521.30125661642,8370.64481078578
3187.8583698492,8558.70819495606
7297.76791726033,7906.40038311482
1279.64902301633,9145.65278072681
6977.79211711533,8334.29442854681
1336.98191922454,3792.4856391496
1449.05119297119,3563.21167690975
1225.8617647322,3525.43123555784
6325.37785812588,7143.59800606991
1399.16662498278,8523.94405960943
1038.82380092288,3631.89729625994
998.318835186613,8930.19988637079
1240.8829149203,3460.98020644316
7712.71658215028,7736.2994154172
7621.92616402152,7699.73603934821
8061.5819885046,8193.18531328577
1694.05355288412,9044.15872628586
1562.38233273581,8140.1095456713
967.05199629881,8933.40067773304
7813.37550484108,8533.09912555168
8139.20645407107,8150.9110719384
3622.87496433774,8746.3969549487
2465.33400693155,8502.68817358146
1196.17086359458,8476.36364625759
7320.27689195365,7625.00022383337
925.807835252473,3697.79348578006
1406.36508631526,8956.52931237095
1167.33371551954,9121.76443727908
2084.13420952745,8954.85329984944
1651.87473045551,9341.69202797839
1453.15720145575,8373.54110805276
8075.02349800507,8061.08937030062
1420.09770158483,3616.56741809396
1411.23992257522,3601.72363482199
5547.13419521557,7254.84020146762
1858.44761968902,8187.50142733652
7973.44649174066,7772.52145955635
6605.55456439177,8067.97239112894
7108.79586242427,7516.63238231055
1351.10050261559,3680.82456352815
6827.25157488185,8185.30010889474
7736.66249074953,8376.59082711088
7266.69502764242,6951.81897957729
7667.04788151982,7435.85725752716
1019.64205195761,3389.88804441179
7534.40231967312,7372.12134374518
7500.13419713607,8101.53661643598
7558.00267632488,6927.1621818495
6826.43460669321,7851.4356309255
7674.82895629712,7728.05182591197
7610.34631634184,7493.0225890677
7777.26426222648,7937.31466488689
1897.78833571591,8990.2842336606
1213.09921915572,3210.82555170358
1012.31335528137,3562.40038569277
6548.4567810806,7667.52243447859
7601.3371482994,7142.03421428633
1273.53261919877,3705.9166052581
7963.74407386663,7093.93852743879
1322.64084897591,3677.58667062008
1689.76469191106,4080.56838317694
1243.78345933981,9180.16766024826
1570.95655502202,8641.8624243905
7435.9598229281,7617.20771562622
7505.99849041494,7868.88633137191
7872.32438095624,7461.27176218626
1747.25900787214,3813.83210183787
7320.14725741108,6757.48551817504
8158.64839363497,5971.20398759872
7882.06514683355,7595.23919787147
7513.94530612232,7902.68632070854
7833.01842815276,7009.60308605822
7997.25351062587,7815.46791043664
1281.90130442203,8989.89932835402
1416.39387285035,9048.1891057984
6524.31965169032,7125.53516864941
6822.7377104678,8202.87718869267
1844.74638808979,8226.80497850552
1406.45932980599,3640.83079021084
2942.07184628288,8095.91322180647
7816.09159641922,7854.39578278411
8085.74767412558,7798.95277258246
8064.72295500676,6945.13617729043
1888.00996199569,3849.41464755024
7765.35930607972,8174.22548112343
1872.75560428369,3866.73385490753
7804.69778856688,8014.54450415818
1154.5640227495,4838.41720560317
730.094452468734,8673.83350294415
7845.99353535991,7324.50052998491
1518.60473370031,3877.38729019652
8123.69081433969,6170.137386095
6429.30827800345,6477.73895792809
7372.95552890849,8240.54257481644
1053.69372561895,3422.70434603302
1450.97999560781,9031.76921870786
6815.03211729932,6924.54133017307
8710.88527483163,7444.34716463484
7186.14092323242,7552.56744261171
1092.58595034571,3555.50387923418
7249.79910729603,7189.46762708626
2161.30112602818,8943.30349418827
6604.60800782898,7093.55897479073
7954.68590701969,7015.83413444532
7658.01608227359,7517.74103329601
1246.44650997208,3501.86291726151
7161.57071122485,7850.11797320958
1118.79662180715,3400.96060431895
1203.58655055118,8846.99039748724
7715.24228024575,7978.98263813315
7106.60420264404,7388.44495494908
7440.93761561375,7123.96835996543
1335.1274967661,3382.62343687277
1293.09181376886,9351.52150015805
964.45790169856,8858.18334425155
7648.02749278935,8088.3779536453
2031.80414886994,9079.65442904932
8234.42066296459,7947.5942042425
1664.93005538625,8109.38161439494
2096.70472987661,6569.5516986152
1286.11783017809,3830.25643817091
3223.27128384138,8763.66297938789
7780.19217056364,7693.37650780405
2445.7016838834,9150.49153527026
1352.12832839975,3236.36465176861
1296.85917899165,3539.53875068868
1112.18686772869,9093.20330697993
7136.53555758853,7510.83585878178
7390.06068769666,7178.77478628795
1421.86729859473,9194.30954865045
1215.64686381925,3521.19313203263
1689.32403587223,9280.27123929232
1472.11699144686,9010.69092659217
2807.14436409964,3570.35473174689
1860.86189378942,9019.15421407573
1809.49623645362,8748.31927745385
8525.92266968433,7335.64482374217
1595.62372201078,3702.56813845602
1618.25453287191,4192.24214779814
7781.629431647,8262.20220588819
7078.98631144921,7532.87302277794
1607.51476260868,9097.29877816898
7487.72549546385,6893.7511540974
7362.16044380406,7683.46826447254
6443.69986643257,6748.17061570548
7616.35576398319,8552.08653019612
2961.78092511021,4357.33788697719
2429.51101626825,4123.38433367161
7776.93943775849,7861.19397709375
2182.49430086133,8888.3030788954
1143.50148034797,8992.76885160199
6765.49663979054,7117.82714810262
1321.05520798226,3703.57821952138
857.124072819039,8833.07229545596
9005.41143147533,8070.46988393613
1769.08675416147,7833.66419685102
6566.34514831058,7498.56471128398
1560.7289524722,3246.78168929462
1122.11288451139,9036.13416213474
913.22528909709,3385.51020694233
1559.61932186902,3935.76361671614
7033.41942583077,7888.93295243144
1260.80426464138,9033.70128383497
6814.79878016637,4779.37938435908
6929.23047047046,7790.31538719265
990.905523479741,8766.31347280116
588.995540327642,8171.54276154777
1368.87806024757,9238.53059208152
7739.33653608071,7388.72267870583
9248.61989307693,7718.32821943315
1485.08674899114,8943.15312340128
1407.69795696525,3800.09576599946
7144.27641482639,8015.92016832363
1142.15292473412,9213.02094153585
1406.31597140733,9178.93149600883
1447.17789788829,8227.0067874637
1796.70945964692,8519.90545158012
1339.74774009141,8691.14060906259
6480.18522704051,7152.81274911717
1426.47779128005,3815.05117684294
2029.23152552834,8862.39084622555
2731.64698904677,8642.90343478391
2003.53530218273,8865.11646964005
1862.76892232678,8786.37026473714
4089.18461102925,7873.04736084074
1224.29497299239,9150.34413793229
1550.81619674625,9138.74967279437
7434.92171066672,7811.19626210983
906.52396776691,3070.28511109271
1715.4328135443,8998.06328960217
1427.67179048282,7872.70498168936
1395.49648202286,3402.09716798152
1400.42784247404,3818.86947341969
1959.63170268773,7838.05916313789
1766.82844030423,8977.04350782411
1531.91115244451,3644.4524428165
1034.11832304935,3749.63929895391
1085.87427047054,3295.69500826127
1035.03218803265,8764.01052446541
1022.40180280654,7588.10062060697
7117.7630269118,7209.05564125472
1296.85978238389,3474.87170474197
7748.06311395186,6542.20498238726
7319.06721029858,7521.077752997
914.784388474896,3411.1233891385
1015.35733546712,3317.10788367712
1360.19458409835,8998.25101178861
1282.51659114131,3508.55056923728
1505.97002913569,9208.23960028899
1146.56453443839,3507.56184980327
6707.09286732975,7463.69517433568
1624.00576679827,3629.61223818747
1205.08914655946,3733.08986564111
8016.64321416573,7619.47638619015
9212.05243991412,8118.24638942298
7452.22651175036,7432.27781558236
2060.94221646122,9086.79571301102
1479.40533418076,8560.72748289683
1352.03707416765,3674.81773824581
1522.74781081038,4143.07135033911
6936.33919677085,8468.67874266231
955.309984156663,8299.53336344604
2525.1408813426,6099.28593295608
7294.16980119962,7706.34294440361
6963.40527783642,7097.07389712135
1719.20116574787,4106.20244624845
1374.58703848612,3853.14505688481
1403.26904171182,8239.46139612998
7686.29241336902,7473.42864893789
1735.83592685096,3885.4541407381
8135.25460611888,7539.85052733685
6923.39425695282,8243.49447384208
1230.1428146203,3457.10230995922
1166.32584016856,3262.30107819128
1496.20776030884,3894.62267280853
2407.6311852395,8706.96555174481
1906.02545963112,8850.33370042124
1512.72983025989,8955.86829777777
7589.43892547267,8219.85221724229
7340.1198283019,8206.27205742856
7310.33840046723,7420.36070727016
7796.88952200068,7390.98274903575
945.689679541242,3317.07939647836
1093.52162132468,9087.17311963126
1437.84014315011,3906.502504576
1176.76905487494,9127.03448183017
1035.91768118694,3083.14671679691
8096.20241779278,7797.70606432536
1140.61814637372,5060.6185004698
1149.07155059937,8445.85290851972
1506.10395428881,9070.66532304919
2275.88149538736,8963.59212588592
8430.45889298254,7558.38026183694
7782.91940669175,6932.80866099148
8969.28117027848,7776.34178590278
1753.84342260978,8512.07812250777
1222.70634264331,3449.03548426423
1631.1506190471,9106.66209284846
1599.66028146417,8416.96003909699
7331.24256034091,7950.70284445696
1212.75091893544,3294.12652421586
1656.40309219081,9151.907546533
4513.82414451186,9007.73036099102
1426.79322054912,3935.86970616016
1439.66754944756,8144.22651494487
744.877560342791,3063.32677319693
8431.84271711967,7319.3324365395
1060.39097672851,8291.41236415004
6739.27439758992,7923.85383653338
806.125022708765,3083.84438857027
8416.87042213401,7625.08292799967
1575.64439056298,9210.52457727427
7583.46358321862,7556.91294028918
1600.08287159315,8683.09328638768
1664.77124350197,8863.1573773947
1475.07884371891,9253.15537429181
1587.14528906321,4743.49326400585
1165.80666672199,3557.66416254403
1178.4522764469,9136.34138083884
6866.77908639875,7786.39924394544
1263.19123698982,9022.11698682796
2475.60905057097,8985.13940449437
1278.41931316343,3479.59194976633
6875.40297286032,7683.70958369219
7377.61028990776,7994.03476092832
809.700035371778,3237.76076065513
2140.56960797805,8671.68825839843
7297.3326389039,7574.90150215062
1403.67795683883,3414.79120394198
1002.05981460306,8731.00791281684
1712.72514315787,8868.13953574032
983.778265789832,3434.04181217194
1286.81424736908,9091.57699512535
1439.71253112515,8882.32174914137
1759.0274903509,3794.8280687361
1187.79120992535,9035.75071182265
1861.14960385318,8717.25348459304
1244.33178384895,3539.83319664335
7394.88927387397,8730.24609870809
6874.35264747472,7330.5493867002
7879.35610616812,8212.69978709462
7726.60472996148,6958.65561911143
1412.94961869565,9222.54362272835
1692.02942911677,8990.90636198316
7404.48469002966,7788.37823056944
6964.48172411995,7461.0543641044
7528.46641770594,7667.31920853025
1821.34223550983,8932.09571257605
1072.65212008771,3660.11574847502
7110.64815822534,7557.77105949816
1582.0512111633,3984.75949605271
1340.95386815564,3798.34552886235
936.427475878847,3246.9150244435
1215.01135022108,5665.47150109073
1407.07364515375,8121.43343956514
7133.33471943732,8097.98756302787
1264.8471869316,8497.14265810203
1303.35547658505,9098.30485873953
7212.66396939498,7481.90628434006
1415.27758731475,3608.4182054039
6974.45471744838,7690.9805607317
740.260021195949,3259.93208436465
1531.62169975581,9206.88096553272
6088.99196501632,7032.06652499021
1033.44641665492,3132.66050232935
6386.63830498292,8170.57223379956
7235.00164453299,7638.68124759903
1473.32222278893,3471.13395350803
1621.69173778035,9081.62393321941
6832.76026315186,8216.36596137009
890.320642782566,3677.46500365094
1503.52908016254,9033.44179317657
8013.35692809218,7799.84346439609
1156.92726025208,9117.54546479316
7621.62788414761,7169.66688109839
811.477988228003,3536.71699194109
7516.15202538264,6852.83121180732
7256.80735164151,7749.03202146019
1363.53008190316,3616.20929730272
7086.31044203971,8464.59069310826
7409.68415319828,8036.94801459433
1021.1439249085,3315.25736578675
8256.76198454122,7638.8238578621
7639.22196056361,7664.21907263866
7355.21972183587,5974.10238005776
2780.54449718503,9055.96449836822
1925.2238516924,8712.19913673532
7650.21621795867,7895.17797496429
1116.27951324702,8651.77448045732
952.502875796736,8826.69505667994
7176.78531940403,8307.63686449167
2015.33416064312,9145.2884811937
7285.93884064492,8059.60214948299
7559.2226440413,6451.71623403884
1795.39158596818,8523.68641031927
1646.5208992797,8687.2297065834
1716.44517556873,5427.92399277029
1321.84700852494,3879.50649593388
8038.79403613112,7974.22879616253
1022.05196068556,9331.51208689273
1677.9888749166,3718.45166185751
983.552087102997,9101.06327384636
1791.17619383019,3201.604079667
1514.98952104804,8997.19456118696
1392.26221441725,8570.42122089255
7826.30150413262,8298.71491202265
3192.2348499135,8627.0858217498
1488.11775195459,3890.86305703851
7219.07660742749,8025.26058794867
7687.98601826369,7925.64335111473
1378.36730560749,3760.54739174768
1859.30578875688,4397.35002736486
7180.97422313465,7872.8467052691
1745.06734954944,3841.49808161611
1575.64004248108,7228.2666268349
1568.27717925645,4742.86680980524
1313.88143936298,3419.84053181185
7686.87489908894,7648.2177900806
1207.97553052879,9325.99798561417
1044.42733253892,3363.92100416353
1377.42843121558,4000.39042440089
1146.15237312611,9179.74685923081
1381.42049979366,3731.94033189639
4231.88995737116,4103.4706432638
1320.46896277171,8935.6675865364
6828.54467346835,6945.84306583946
5281.18366707319,8928.04798264151
2437.12076010229,9058.40354040067
977.119109942359,3573.10867654779
7234.79020903357,7829.29273771986
1171.94906795352,8163.72084688244
1663.93492258898,8238.7426226931
6791.29903126811,7643.94145927992
7648.59011040155,7118.97325018912
1547.73263656408,9157.05624593784
1314.56841810476,3743.86581718551
986.277977539474,3487.83004733067
1351.26121426696,3794.76717295661
8727.00653907186,8276.97086007413
7274.9999058074,7650.28468078258
7247.07749783911,7949.6380987031
7331.44028152108,7559.71454530739
7757.93301683839,7563.35948120687
564.212634321113,2738.79348815651
6942.35799535357,8013.76647899537
1624.75881261178,9130.97308323152
8736.10033067636,8019.88063894702
8025.65684394929,6230.28385080621
7079.42768759996,7781.77409765415
1200.17096700552,9106.41099064936
1608.87907843498,8891.5820414733
7994.01174418487,7650.61788706702
7039.98213609842,7654.78590709448
1451.75784839515,3814.99219084609
1353.58631928625,9064.89165273008
7634.75249771093,8378.07672008383
7415.82627702368,8030.62706884664
1381.5217531616,3837.21878233311
7194.79120125518,7400.01397846002
1724.17309026971,4606.17880504298
1356.95543617314,3471.45378225969
729.936420702744,3312.28857819144
1304.62445295192,9037.8754964904
1094.34797275038,9090.47619260503
1317.2291697855,4163.33579095961
5675.10723197475,7325.14500775037
7076.96766344789,7078.44204044782
1770.9563329057,9316.26012096049
6652.68075897693,7492.8902041811
7765.92016847484,8143.09702541122
7738.7139194041,7995.6437499121
1783.83207055616,3765.3865988216
1961.62255870718,3794.73483948689
7581.01985863134,7782.81172635642
1983.75643111414,9077.48273423914
4600.82121473262,5992.67684001615
6485.25930183658,7892.75890228276
1061.78647608824,8607.74304727379
7357.37926435672,7535.77953290021
1055.61418825266,3343.87277269835
1804.98441879508,8933.0803108449
7838.96558143649,8586.23994087673
968.282087206517,3371.55200681765
705.531549044597,3281.5553091
6901.44316961897,8008.80500368222
2759.19449255614,8506.67442733571
8377.22838477316,7045.49192799751
7091.96668944819,7573.45143894915
1434.77598705846,8813.21027880862
994.856308680585,3447.47006519034
7920.61073124606,7910.39980968201
1266.57639257952,9081.16794047591
1497.65878771783,9127.90208207405
6822.64760132852,7432.80679452982
1446.92313537969,3462.39924613965
1746.50770036069,9163.85988324079
8471.66715320769,7497.63001519693
1026.78462073399,3675.69468197205
7981.95935619614,7857.96009312905
7547.44848902268,8656.9380237375
1084.11001422672,3703.49456366967
1123.18537574597,3478.22202745644
3372.67709021775,4324.54809552268
1219.39811007091,8191.62593631698
1558.66822614563,8763.12649087004
6837.44510785608,8610.66853710755
1829.41766344383,8808.27745876296
1286.9425539271,3542.86800221253
7613.0622671083,7461.21311143669
1585.48264484207,8788.28676220798
672.379158600868,3185.28862741329
6604.82957056947,7752.71327082747
7623.06498938371,7616.60355958388
1624.9814497065,3812.49361571885
909.533173627557,3179.98723225835
1851.95789686684,3958.47591896307
6966.58084090555,6307.05527531617
1505.06631089787,9143.76202916114
8465.06073067037,7306.27598282334
6783.13999197613,7817.30260472042
7556.31856131747,8165.99115046144
938.062304998874,2977.11052333871
2031.90356156388,8981.42119746812
1395.31300947119,3555.46339581832
2024.25378742002,7712.41237399906
1447.42019056361,9167.17517304855
1441.22768689433,9312.72114053834
1186.42009802821,3230.79040008083
1857.69383612454,3399.09178039288
1226.13436833882,3360.93887107322
1310.28615686487,3420.06130483409
1347.84097056679,3405.45102531597
1640.35189459769,8430.32863775104
2129.19279938925,3483.87034008966
8139.55867406181,7425.87017157875
7842.0910835356,8133.73438880892
7277.58099849935,7746.33774392911
1334.97071056923,3472.71223345113
881.449041408685,3311.38055228971
1433.80638885469,8061.10493565781
6360.59057252188,7457.20322851406
1770.765140429,7734.03787867626
1728.66628126794,3741.64800538123
1015.94869046504,3479.14231785864
2058.71922255492,8598.76984430238
1018.28666303553,3763.25200254288
7936.88900295392,5241.8500312451
9084.52149670745,7819.57595110882
2105.15242782994,9031.28813400202
9071.51525118263,6375.16148192075
8379.46184758515,7297.08326929457
7290.57002431712,8248.37331375874
6120.16361854752,7238.35258847081
689.556411899058,3402.41201175168
1113.66266032695,3094.85044819886
8802.79992906221,5536.95499509353
8368.84065499628,5805.24591419678
7927.75752703668,8376.32468080989
975.535560623547,3480.61591103175
8025.99919465722,7925.65597239724
1419.92693310832,3982.71901739505
1307.24887782711,3649.13649569507
1140.31549398137,8800.11681235155
7160.4882423855,7726.75972400692
4017.35923652071,9104.81061413801
8272.31902612015,7701.48156584882
7660.7314488369,7503.50151925462
7357.24403770408,7656.7274358114
1005.69712351838,9419.41144296634
7635.18997494403,8304.01956327842
7859.49210747783,8540.9652333564
1296.81325845564,3812.50385454021
1056.22380591501,3026.01523968072
1196.75164299167,9006.34651741228
7735.14047646483,8105.90422226301
6985.71242863206,8556.3987490467
7648.97359217001,8098.64374912863
8034.41531225892,6850.37977659409
8441.1076710572,8523.38509063079
1300.14816925487,8766.45582107017
2227.86200006507,8999.60914803577
1524.78006228467,3424.14766171836
6332.86180657523,6898.66334646033
1881.71638181201,9235.51419593235
7865.1873959535,8063.91557569119
2196.37265033014,4220.21091260533
6984.27998265512,8333.46507618583
8557.3478153965,7779.20148317478
7435.35627125994,7700.39224895441
1187.86157088911,9308.57378165525
1283.93083681059,8854.36028448098
5481.07127664591,3589.89362157791
8673.78722494297,7159.43754154749
1305.58624786373,8219.80265551142
5192.95318623679,6928.43725621985
7568.99375255306,7823.57437041263
3314.37452942299,9355.87665387901
934.930902279623,8303.0970209212
1433.08562777083,3665.72152161513
1628.26029288611,3915.55674465271
7779.91019717374,7977.09199146703
7446.98622224341,7922.23375011297
1109.21347178438,9080.19326191658
7404.27800370499,8387.94058414254
7439.99553017616,7853.79869334032
7387.9818439434,7236.15468263909
2454.20842219506,9178.10300352615
1544.60972975151,4024.07153593541
857.241043916877,3277.36601208046
1380.57308240927,3527.03756657708
960.086424392636,3368.30935582265
7332.50588196349,7185.61220819892
1484.06365053482,3497.43392834435
936.795277735072,3047.52568838756
1389.82093134243,3642.64873512479
1413.79036745386,8739.50421264357
8903.74868213372,7468.19945600788
7387.09360565594,7441.48457800077
7734.16251366335,7690.50691440909
1494.2951838551,3437.60422657385
7012.11828295039,7464.33053346864
7216.77858772616,7133.97211341625
1168.48108788155,3480.86383745455
7210.81444604154,7756.71348263228
7982.2295324099,6732.55174256191
1528.4498419087,8736.7470108355
1713.54961759717,9171.46563346123
7849.50380547066,7451.0004472747
4070.83988319154,9069.20770691757
7791.81837718851,6882.89395618573
7520.86043717636,7880.53182115927
7112.15235851597,7706.06384786711
8407.40553086795,7263.93720850143
6116.76151290138,8067.54637838059
2168.65209028925,9300.20272539572
6883.26735534401,7451.98892943565
1651.74535625035,8139.01554820469
2310.47690515814,8938.53590778745
6707.98784311677,7455.22212785212
1945.47013733329,9437.40858703166
1119.05074177633,3522.79636206185
7481.00467268676,7840.18379028167
1399.95678371464,8619.18331589388
1930.73020447606,7852.51220472014
1023.82361478229,9254.96691644969
3001.16293297881,3759.1156848667
7318.95653367633,7219.27984742007
6851.66890230237,7698.25306165485
1274.39060955396,3491.02135357276
797.063561021947,3203.87460620351
1207.71461646563,9062.50559706146
7472.59193273966,7904.52556925646
7489.03957468863,6865.91263592168
2388.06557939117,8277.19296136075
6753.64756663845,7823.63383960442
1250.19403686663,8900.2126620183
2151.89571188394,8301.96723929549
8640.32763264091,7633.32649225376
1562.89701171891,8041.49968121616
1622.50934714518,3771.4841367858
7693.62166250987,7679.58354423804
1211.25848560036,3525.55258024139
1252.00659472235,7716.50076321587
6522.58356021898,4995.66380636945
963.152283650828,8752.83800330322
1654.25574838081,9407.63073909927
7586.50383987978,7064.50628889589
1521.94728239111,9099.23614096712
1107.17382114284,2935.315623819
1525.92744515191,8889.25260783072
8429.95044362502,7140.00905673
1572.04031434112,8957.08809165209
2004.21544574085,8990.21489623236
8059.59986710159,7032.04321044893
4389.00765438344,8008.42745215387
1551.95716356675,3209.54322708484
1660.87960309129,3680.63375860719
1343.60715706824,9109.42022807693
2010.68073607615,8912.9831061438
7134.79421366714,8504.5478398852
2161.4579282888,6786.39261455141
7358.02096126241,7324.53695371051
7955.82332656642,5455.33448232778
1360.75042396497,4208.96673815627
7455.3809240713,6829.45464634983
9115.73769125806,6143.51748707962
1433.87455580583,9043.64759694663
5013.92016348772,7911.99258646959
1549.31479146868,8897.60713361282
898.073838376214,3352.38791236865
1504.3055677886,8408.13322336937
7237.58030956246,6949.94655814508
1200.60341201106,3353.22731086459
1864.74443993207,8389.66134210523
1750.3134333125,7937.34310064025
7346.9257450933,7941.617042174
1321.94775889239,8236.52620364163
2627.61381013575,8518.21315737934
953.912272714657,3290.35022833276
1267.62795129671,9179.24816156731
1322.73584502177,3785.08545648188
7230.56627270012,7809.16897105946
7197.792090259,7950.82006111168
1225.81259296716,3595.68883931004
7931.38201615699,7451.17324280154
1600.9304024823,8471.10217711862
920.898592535988,3469.04444666936
7310.46056933734,6897.79753052601
1381.13477561198,8755.13648170548
924.266232324804,3430.57397149876
8451.98094927767,7867.95708129126
1806.44529292067,8150.35154427583
1415.61814581584,8996.30278491498
8080.84014540073,5962.61169874621
7402.51657384424,6723.04292609897
786.567911522945,3252.78324553645
7217.34454638168,7007.53659638871
1311.95438403466,8938.03149535788
2305.26615645342,4460.14148651036
841.361897669322,3355.81812381704
7855.35368125153,6284.5652186757
6709.08897409374,7461.90981013724
7615.48838053768,8294.30628357588
1002.47802171713,3311.55121413968
6234.07050707553,7778.82102641339
837.52346326316,3339.43219827167
1990.07444813856,7881.85989931684
1047.64859610178,3174.18408805423
7301.31228006362,7679.77454958914
7608.90187326609,8717.81745416039
5198.6545213106,7397.46074922814
8106.56350878028,7489.92425625127
7218.73970512588,7291.80980614556
1130.99450479809,3374.69571736753
3365.27927503557,6118.48374759885
7273.70966468973,7667.11122037485
1535.06073109877,8669.64902293556
7151.71821867487,8273.28896273145
2402.17086677433,3657.49827871322
7500.1827552004,7433.34241185235
2003.56184320946,3921.56367162863
1821.85521032409,3951.91718477301
7909.07445387912,7721.75196539924
8050.62509631516,8185.89637110754
1051.71046790494,9032.62491620803
2525.2784268784,8711.67742075759
1128.22584364145,8633.47716571382
1683.07287447728,3605.10719177488
1073.36367184264,8350.57621629016
3834.73365131195,4082.89113476363
7642.84348943994,8054.24666446698
7117.83921933495,7174.76327872561
2038.32997830492,8544.04948269511
945.503466694137,3381.23233696471
1347.49343439842,8889.09951201591
1164.0404938064,8660.45612763538
1636.64028063133,3639.92055449292
1429.27365874403,9071.97942663196
7918.22721212127,7191.00626888977
7421.58413073496,7719.19889025393
1998.50719034015,9219.82662595895
1387.93462295561,7933.93595313687
875.338527436791,3397.84990761463
1347.10485164996,8442.20461451006
1830.17085019199,3917.90450437983
2186.02471654652,9034.69764857833
7682.07720743437,7255.35082349821
1045.87727062338,3118.5512791702
7890.57823887536,7521.53609557682
8057.59306485586,7025.16203826592
2024.23879795426,9204.52062418788
6837.23657419476,6539.32104195773
7917.43830387101,7920.77282052956
2029.83302903872,9115.66865648482
1496.34161768297,3644.60091732262
6856.53919484091,8512.04446485109
1414.7934463665,8937.76724061063
1489.44149086739,3392.02428653851
1860.58417099643,9009.6273477383
7173.373842135,7203.08716562116
1855.69804218141,3880.11299856855
1562.04252330754,8604.88346207184
7697.98144550284,7465.46396841038
1272.31635514653,9157.91925101145
1157.32205285915,3563.35076126431
7037.37275213629,8339.57992803811
740.199345026518,3640.7227396001
8046.31446362578,7452.35258649977
7437.47311837474,7919.22761229187
843.147546302383,3195.51848561908
7443.72553902836,7252.52464095345
1286.44840761795,3332.45246400071
7505.32512431342,7392.59713130832
1297.11736131444,8841.58445362021
1219.37914661006,4476.12626542704
1989.16642939487,6568.33878207489
3313.1918715885,8271.57281421123
7290.79710998417,7339.95075798303
6733.04351074661,7078.02148212303
2035.9493061526,9133.96207888479
8236.76176406795,6420.82085117679
9036.70177708375,8034.98683641666
6999.27341469547,9048.65704338792
8415.63354269796,4728.09471705305
7165.10399369578,7779.150517555
7676.83507109777,7590.17703607425
2061.44864758531,3997.18277802037
1794.51596974495,8024.90827839829
6833.10767839664,7716.98428987952
7712.83180710457,8016.64510179703
8409.06279891225,5295.02142381287
7282.21836842101,7730.10101121362
1801.11525345034,3528.97686829912
1053.62624569448,3669.11812237597
1401.44102331819,8917.96800517793
7604.0735936123,7331.33493600796
1614.77223081473,8884.66006418915
811.561770777229,3326.34620144616
1678.6693074263,9011.75706583854
7624.57929166063,7318.94364854549
1988.14412007625,9039.31315256843
1470.52220821322,3839.74792981896
1417.97058362488,7972.4303901577
7401.09959958445,7361.74281444766
2083.8232914623,3897.2365714971
1061.53864028236,9192.53913964804
1356.22526529837,3699.02836339142
1710.05770002587,8921.18372280507
6583.22878442715,7753.7978989164
987.751891745316,3383.18281039251
7006.58853139292,7619.81343396767
1524.06231914096,3859.90656028704
7155.3844774504,6691.75316700228
7676.6648359563,7850.67755264929
1366.37749139087,3904.16612706487
7564.98251057743,7729.35482919299
7239.17072401633,7969.49250632015
7250.87790786608,7329.69424901779
6875.48441693834,7417.80862952808
1075.16667211613,3364.72600412802
8248.98630445196,8299.28938748682
6573.61968659345,8300.50524007786
790.210113800339,2957.57302966319
7524.39343532217,7409.76620385743
8405.87793677029,6545.17927474016
1105.29302064547,9006.3884646809
1678.73981667548,3289.57064074678
7657.72495199551,7314.26900836421
2458.38317290766,8400.29203385449
7434.99468270148,7399.04627842267
1846.31488035933,9113.70961301798
7396.54459644622,7537.74401537285
1514.62171262683,9067.75770858819
1277.58513559743,9026.54473258824
4268.14661034154,9019.0436125794
1149.2124717171,9117.53001114988
6827.67361672139,7840.46517016514
1244.34042294285,3882.37045871711
1144.83928072285,8175.06915495375
2164.86690974845,3974.85941678385
1373.03567301026,8822.79143401373
1208.77804585314,3760.78870936966
9324.57694662637,7851.20310913613
1132.38476774302,9219.72762425963
7045.23183534382,7494.76526262324
1667.69363746918,9010.47378389327
6624.7534808431,8192.04007923822
9524.02020335304,7380.53104686186
1969.25813410781,9000.24430935628
1421.21346245463,9276.24092448791
801.910183612361,3399.44442181487
1698.19386964544,9244.89769252308
1480.70976907307,3645.14166982535
3308.16228732544,8233.23192953228
773.259228090601,3513.25007885068
1343.4213620262,3926.46706882712
1994.09995851737,9072.62594619212
1027.85012076241,9232.73551823366
6231.75844673989,6674.7416281151
7331.09267982918,7805.03700672462
1691.61951056458,9147.98339730489
7522.53574340743,7200.32233003058
8823.95069292062,8040.37089434575
1839.09481787747,9115.20530479743
6123.55776334102,7558.96501583455
1332.96807814758,4724.33869118385
953.813133719943,9226.30704456718
6838.94146299558,7993.83943236812
8281.92032495863,7918.63997187443
2071.36630532214,4963.32679377748
1255.90499568664,3553.28408156048
1604.40665426489,3501.27852086497
974.764888715781,8682.48684097706
1279.04197376954,3658.61409139715
1518.77120354062,3774.80660378867
1171.98525226611,3273.58223410024
3286.05027893034,8457.42203594506
7784.03749447262,8068.88184507436
1084.21659538363,3364.48458587506
7368.01653113783,7578.44785393844
1286.45639282343,3768.28161103041
1861.1333562324,3908.96703414866
2086.16539680551,7748.58814784406
7228.49977451755,5954.51457029226
2573.86195334157,8424.58462285951
1587.24859567705,4733.54607118526
7638.07900879146,7899.68705529767
1543.76367198819,3615.80148635756
8183.15924664906,6925.53234682685
9030.72353195428,7595.30278939059
1684.020293056,3894.63499107289
7997.29177947942,7793.81520098606
1236.77667209086,3769.92241931516
7466.33208803957,8457.31855938606
1012.55980319474,9205.8262667957
7418.04904956105,7130.21706149398
7046.52950956208,7576.82039302558
6586.89629443205,7896.76470478908
7503.10285656204,7754.41679334399
908.778968656878,9075.16651851814
8116.72141881855,6523.20105035674
6277.80104151069,7265.52688597962
4380.1071329772,9050.95883634511
8431.38957731258,7023.27614007488
8047.93399659262,7849.12162946865
1281.38627159479,3808.58169342125
7157.01278685089,8296.22379828749
2050.44399164703,9209.54428051751
923.07586921718,9395.55770174715
761.358853395026,2951.8036139872
1592.87597482258,8925.36759664248
7670.60011123666,8323.10848910113
1147.75145479119,8822.89074585566
7507.57171707307,7989.89759220205
2035.99401642254,9327.43774088808
2166.52542623181,8662.21424301909
873.328492782129,3154.88121452508
1295.61956582758,8746.81170662071
934.586886607479,3298.89093020603
7452.23035283916,7088.57769470954
995.849928206779,4111.79309752085
7538.46213243181,6363.13240109078
7985.77534770057,7785.6504472051
1188.92528331606,8919.72184850848
7790.27662508358,8555.02826365682
1363.96473046791,3508.8463140312
754.67140489248,8785.07865196248
1346.6846703144,3819.39635347752
8396.2038154172,7283.75143725666
1524.89287402386,8995.03239570714
2408.63970727928,9145.35364127177
7986.89992729077,7443.67717412953
973.513902578685,9172.16177375542
1541.60793432238,3266.80989873805
699.381193919704,3303.70790109827
9351.33141002677,7305.8180009439
7746.44526861303,6926.18898296884
7386.19314927638,7095.91507886733
1334.66669635759,9108.64118794147
1426.81090520853,9054.41619820255
1437.98319791386,8951.37081374825
8468.76555803959,8200.11038595318
7804.87580910706,7063.99380393369
6791.23610285346,6323.93940827153
8622.13434326893,7495.92971368399
864.316141754436,3332.83972185549
1567.57910441362,9351.89562008415
2334.43726012712,9100.83496115163
7369.97881544874,7287.0768059238
1256.86809046152,3436.7076400851
2638.84387691397,9377.52870224917
6828.95348595799,8071.11218427234
3386.42122564047,8780.73837973177
594.692754142981,3432.79217481194
989.9801542112,9198.07024041752
2331.52538740576,9377.94488051519
6738.83070416614,7105.18816152243
1921.50705421015,3638.82355343198
1755.38812255208,3668.81396623958
2147.55009190398,8824.58553872197
7593.77575610466,7834.39922780546
1501.07237383196,4155.70290223575
7444.46501346131,7947.98365119868
1176.4712365898,3443.11663105723
1561.60262641703,9233.42616957906
8980.3985047881,7800.44287573968
1381.61718800771,3733.98564155359
7405.91687907485,7554.89160640612
7688.82934494978,7923.09608346233
1443.69514685003,9065.59839211373
1405.20997206262,8925.41897046981
6120.53585544949,8003.08788862544
6826.81925419708,7196.49555400108
1459.81414684072,3584.35653682881
1041.8544405461,9053.74112531621
8393.90335688609,6814.71091857172
1814.48113749037,3622.51032855863
8273.21123938205,7855.37242693741
1283.33550689098,3614.31359623683
1998.94520297131,8072.14810346161
2112.86321236168,9427.40196002573
7326.03742545544,7900.67192087907
1373.57082262075,3361.57923440403
8311.67221132365,6968.82133958148
1276.1736623737,9198.00553115982
876.409264484926,3493.16406516844
1864.63572797618,9170.3636598937
8227.17169059832,7335.59809057846
2266.50442789646,8455.41794377951
2911.06508919065,8672.26412394247
1440.05700351433,3770.92148844513
1903.68047536683,8276.83966929894
7632.53256126732,7902.7745235767
6284.96652068945,7698.22278115842
8389.23675354723,4571.56420368328
7203.4399500733,7298.84503091451
2606.52529602015,1993.20257258166
8126.65411061825,8044.31896488424
1837.83578911599,9023.16713109295
1044.03432392214,3355.82577602338
2318.86911688217,9074.87729104941
2037.53368914635,8956.43885442687
1849.53640296183,3412.038241161
7412.46547860494,7971.85463756272
1628.30289710694,8917.70053325316
7947.89897538518,7415.93803541226
1630.67996702766,9124.62073668909
1010.25047888608,3396.02071627277
2154.66397671925,9012.2683724416
7119.67374114114,8000.40422994864
1299.01894457755,3782.87819629409
7302.4368656563,7272.4224338241
7082.04109573942,8044.97552842915
2170.65317082031,8994.19478851586
7160.95866950111,7971.69827675172
7443.22095311713,7185.02171278433
7292.53296964227,7728.27390193553
7142.54233351937,6963.77708019475
1450.39058430706,3762.70165486379
1798.43004653063,9002.69929363429
7929.34703913196,7280.25767145449
1434.00487788058,8997.10841933507
7369.81612786327,8314.70599224594
7783.99002191379,8605.08764239376
1872.91553397076,9099.81339953482
1726.64087429651,3676.37910880826
1186.11800960285,9183.91093517651
1491.34194251507,8897.64023792385
1038.38583818983,3472.0954489089
8263.11263460865,8112.95207378918
7385.61001840759,8285.35167385906
931.81779607577,3113.59556358917
8474.57127198395,5653.24651372343
8240.3174867908,7267.11219708085
757.479748433671,3348.23008091319
2011.1921499916,3967.10154082217
7608.39051713937,8320.78700872326
1397.81470440603,3804.43374276763
1328.16591801248,3847.15403388983
1668.02828802671,4194.36842026192
858.367323710976,3399.57979289732
7373.35334529646,8032.90730019621
1427.60691451777,8899.62195554029
7336.68226572185,7215.35900695198
4526.82461583036,7196.49637869932
7671.10856702122,7049.4041508096
7667.74657250117,7669.99739709948
7817.63288828965,6981.11612250534
2094.49063547188,3953.01477193332
6376.40652468281,6659.16312473288
1264.79904056559,3462.55291360351
8756.88905989964,7623.18510126124
1358.89613706983,3563.03478089345
7761.84156129759,7303.81463103205
5997.59483732607,5870.70144906047
7719.70663765674,7864.52262981912
5828.08704286358,7761.38713183028
1688.99949243439,3417.81617754939
7640.03735431789,8005.15407582656
1202.29907000844,4111.37860684225
509.074230679014,9248.76575537068
1628.23846956352,9003.95445637369
1118.17598799217,3399.42671065964
5585.38201515851,7281.74122548812
877.910767892044,3174.72913671314
2553.75355522415,8632.27283455345
1223.10894980159,8969.66448301256
985.465506838402,3345.86485955433
1194.83050519482,3669.19346884594
7899.31114331317,6194.2945123549
6559.15151855568,3955.8263148885
7508.20456196377,7857.08705946825
1070.01455092701,2872.13260124442
5453.69201239036,7263.45415630159
7674.74437421547,5932.24023445699
1308.80819267298,9239.05792870095
7899.5495204295,7614.22289639583
2357.71466359777,7889.1922565651
833.207605302306,3316.10294919386
942.279668631478,9012.41732615004
6759.2607625018,8037.44822877131
8410.09535683281,7154.02851538421
1601.29922904007,9406.2571004509
7036.8093905559,7870.43235763332
1342.86945805954,8941.86507721612
6835.99311222439,6497.12353173663
1975.00353345533,3780.67497610295
7098.17532475185,7924.09525224761
1307.05889825224,8944.3488044927
6794.25155180191,7808.72563900762
1158.88406882597,3852.16856946187
7680.88049703739,7568.11315571115
645.681376687537,3613.48775087768
7700.02006203045,7983.62287889111
1197.67385918101,3126.67570407261
1396.41277357526,9056.86753368171
4140.54710917289,8137.86087641383
5410.94609986543,5453.39594296155
1179.62470722435,8946.98140487465
4057.54050112878,3579.47529152502
2401.03964481916,8678.20823414698
7933.19895245058,7841.85785127477
1630.964897897,8835.38765514281
7991.35949359019,7935.56871635622
7297.6830754696,7631.42683910469
6285.42542624574,7473.13550107422
2087.83889940792,3815.56364682536
996.042138549605,8734.78475019574
1918.96487501382,3761.43779261795
2081.59326104375,3750.00930200547
6961.52175045885,7974.29433659822
672.680141108403,3082.63900938318
7140.70901961097,7646.61380817555
6930.40092063185,7769.46515979294
6753.28884127768,8336.83511391811
8293.88009208216,7563.25150429775
1112.15148641738,3230.71536206483
7595.07173367319,6864.73644228519
8509.59025846961,6841.22874636323
1647.38454670567,3446.50439052365
699.642162258411,3291.1745648484
1515.29797208512,3923.80172635175
953.605983631697,8974.01312176169
7493.48052966469,5177.56499684261
7178.34622016164,7010.7146089759
6823.38586948178,7675.79260612652
7566.50393879745,7709.44066535709
1487.769647879,8972.05026048093
1246.19503154918,9305.32217314225
8237.19338332833,7625.7397754754
2173.85595881581,9006.4558042786
989.596123483536,3413.71694865428
938.14710473742,3591.55835482348
2200.14051274248,8771.47959214247
7250.50070080213,7198.21799955112
1593.18289701251,9284.42295673194
8463.95810739471,7612.8392042587
737.286637209898,3371.62805173096
1411.85310846086,3754.61100797793
1226.67041104931,7877.25168704136
8801.60103843406,5914.49177124986
8399.11796358566,7732.46039244288
938.78150044871,9048.59314758677
1268.31060849661,3570.78503863106
7530.61398831521,7158.17493129662
2115.4821320236,9076.13363665806
1716.66717958512,3448.20491007456
7899.73718029593,6595.98573694754
1550.04898087124,3824.74254735334
6728.14340780733,7278.83879383109
2004.92206876718,8915.69819443273
1623.58015403248,8524.79885407653
1810.57189742567,3886.57871646786
4763.93518379221,8243.09404862472
8720.87448818029,6374.71812067397
1480.36526767043,3729.786965136
6055.33211772669,6892.64394865475
804.697644794981,3707.09955134878
1295.8667356427,9114.06202245061
1259.2088575885,8105.69053015831
7167.13442046626,7401.90015054966
1190.67969187525,9438.22505016913
1434.30171517156,8852.58586388127
1473.38453811504,9144.07515374526
1409.68491420136,3996.10139883909
2242.44129062426,8308.48297982309
1996.51424616966,8980.3415012501
1117.50094684943,3356.65318043297
1707.30690152411,3795.56825817686
1246.06420768987,3150.17276424598
1882.02984685407,8796.51883925642
1886.76270072826,9087.89685131796
6969.90805183952,7477.92441974568
925.629575917489,3569.23257767025
1097.66289325441,3236.43370160494
1705.64801167429,9187.95750462107
5978.95743456954,8420.37676449442
8076.50389690365,7414.359908517
783.295046464284,3559.26156667407
5810.11616986921,8991.12330712405
1450.72749042089,3790.33922747362
1810.39548435405,3939.73857119168
1351.31809141604,3775.99705441139
6993.27751666538,8410.10736904014
1597.81926812161,8962.96725539337
959.257823084887,8898.20610156834
973.093822659421,9006.32503280798
1558.45484262223,4097.12976797936
6806.33343734914,7722.118187994
7253.1524991082,7430.74713699488
7526.15085706597,7493.17148063515
2399.50060230125,3859.52892391516
1151.82509690644,3723.3999937985
7073.76910634521,7739.48761480073
6547.00326319715,7488.23533932501
8073.78989463419,7409.67159669039
1338.60002035177,9407.0998747159
1145.3656185852,8836.2155108993
1317.65576515632,3255.48347395157
1150.14576441039,3295.75781481202
8868.82905364393,7302.85694640586
567.416995250162,3414.28088394164
2242.21900283566,9026.2178195817
6086.76275254115,7755.31057256633
3304.09891398387,8785.23353219882
2222.15696234471,8158.02266257046
6552.15689299366,7817.02547367246
7135.35328862603,7402.19002270113
1176.17932230664,3525.06723415172
2729.17022403265,6638.52568648533
1480.07738760287,3534.61696599521
1790.406678579,9006.97829447197
1323.12395495092,9006.60983597762
1710.22788436719,3194.90115175249
1059.91313823302,7263.77529786316
7460.13562211543,8055.54146039685
2324.27471836835,8628.73972273621
7536.09543252318,6991.6330690945
1909.0501985429,8324.50815448313
8130.83296968883,6800.13347902552
1284.69130779686,3698.76156816059
7399.32190388806,7620.85130831458
6453.56664668979,7496.57483294749
8200.62586696126,7281.33132448116
2201.33277781147,8193.02903312335
1663.78584655966,3764.28338870563
1071.08156000961,8023.30007792363
8868.86544762238,7413.34976892319
8414.77810601213,7866.09829113049
1377.13388907468,8420.11876793156
7716.20385074667,8028.7429759249
1118.42678606485,9159.68068965792
7896.40438084701,8104.36528215544
7234.24396541628,6816.46776595074
1507.02710937959,3958.76728348526
994.146317990957,9001.54053532962
9051.87863001956,7723.33964690757
1446.70521269808,9366.80778996984
1306.70528832059,3394.34041649182
2175.34672323772,9165.07229766259
7420.62324115703,7445.79331853953
1408.64031254162,8804.63434452904
1403.17739990091,8933.94688879558
969.347960780687,3026.23028231812
2223.52641727439,3388.44761070497
1246.90612777151,3919.83909804391
1226.79617623879,7918.01366477372
7729.83774588108,8149.62510992827
7922.16325510169,7856.23180255858
6776.37970810105,6906.17548083438
1412.45730587474,3686.54321624109
1546.19219697982,9052.68513823161
817.093690021654,3319.90225504547
3116.72571882082,8147.82058439833
8025.33282596022,7769.57293568045
8242.46877579797,7802.83296077004
5954.14399496315,7369.7296913873
6626.26682762925,7412.56619308695
2543.30565743547,9449.70735990098
1339.82564759657,9082.54809227738
1421.20858178057,3574.68953994676
1795.59230723748,8169.06488260154
1006.48668337317,3412.01427086451
7893.38687124638,7733.19371204096
7229.7522651728,8206.40037700325
8037.74897546166,7916.69333286564
8279.46052473601,6995.55474598158
1741.92851564251,3657.07379272874
2094.14528355025,8456.66366153502
7581.19578609034,8189.34515117484
7631.38586529923,6720.28523051028
1967.61535861327,8268.83911269467
853.33213053006,8531.00715443601
1130.33581077113,8889.87791948034
1492.63558107758,8894.45155170262
3200.50390785081,8380.62934614769
7546.5594575321,7931.16896129859
1404.13667838492,3364.86915856819
6335.00412668309,7972.04999613973
1910.37518406501,8891.85104585928
7247.5289129401,7982.55676520801
2023.48001599195,4167.673532991
7820.77705606613,8089.85064251807
2412.25054909521,4047.51350378255
7593.54136983736,8023.71918463105
7921.38234496221,8568.21542164835
7045.16481881012,8222.92681273652
1084.66114361026,9469.44449492592
1041.1598236271,3875.46021566922
547.44314361317,8837.30738276929
1414.14176189703,3518.56741209099
1811.53081179003,3949.76630446167
2033.42434074566,8251.01872676451
1317.66982933798,7666.29968210828
8090.31563747516,6431.18997251152
8296.44850595,8186.02104721492
7429.54522208309,7951.82667390726
3241.00068626808,8940.50473851908
524.426298000265,3213.39008606355
1711.40854919927,9169.63489939974
4157.42295848915,6257.57551852344
983.523613965812,3296.67589312429
1710.49576926422,8989.17081174621
1373.4730151723,3700.47231664527
7344.885000112,7732.28753468066
6606.73937648445,7610.3825678089
7124.7421100598,7233.73483368728
1519.66657551726,9222.27542008162
2391.04553963082,8506.22816236588
7826.04308784692,7500.78588860759
2522.80436929195,3254.54970817315
1702.94092920551,8754.11806804999
1441.66654078356,9228.81085231769
1364.55845181202,3801.08539937359
8504.61026532168,7302.06542319706
7645.88589092904,7194.03777837995
1275.88736659882,8051.34128289071
942.431395614076,3366.5769444612
7889.97799593136,6935.18484954501
1368.30571568191,3927.87693251063
7763.56918708448,7693.78463524891
6899.95096242865,6881.97237531872
1684.34748359709,8690.62726095415
1399.54571484491,3738.77756733597
1790.09310401056,3848.69564060143
7332.97731504678,7996.3510168639
1737.85077696262,9089.93492929382
1300.87151328696,3795.94119707691
2198.76171811751,9031.72688517706
5175.49062731638,7560.56896352974
1497.07372247608,7645.84673133473
1961.75306284788,8594.63298983186
1148.2948142108,3414.6714508847
7623.50297511738,7789.47704187744
3125.38230170503,9130.30667195013
2697.43567062874,7364.17883519166
8444.57679997402,7490.12996843235
1920.87003951762,3652.7098108865
1945.43849391365,3938.29588368997
2434.65652825937,3687.13977603939
2897.90479851757,9164.54784409937
1645.42932424717,9151.79344173562
6802.64268295298,7833.44539362281
8153.00440606679,7511.46663191832
7099.11630786435,7712.42760538526
7774.05669132876,5198.07351646255
933.363465916161,3612.56561184109
731.676503638969,3517.37245896187
1655.49742567643,9237.9534006356
687.339988223896,8984.6456380184
1995.85140297123,8824.92759087575
1340.09288561687,3764.20751477135
6779.73477495654,7703.7007480075
7703.89927805828,7936.68597276364
3824.67847928521,3962.90533721251
1341.79807681189,3525.98017218054
2404.28134032591,9242.8572083406
894.130655499175,3850.81743573291
8471.56426659708,5917.66770672899
1449.68713705262,9087.37923310401
7707.09970146008,7910.35479920705
7659.98441505598,5729.97925796748
2406.84994465428,9222.15547989204
1881.6335146093,8902.04742916235
1020.9173495346,3704.0538688401
1032.51437604144,3599.43917388791
1094.01340486638,8733.29925059002
8817.63741906425,6913.86703385948
1145.92078610768,3473.73915387698
6925.91437040807,7597.50339817256
7508.91059006567,7045.95228996709
7297.13646308327,7706.15152023512
7538.19082420246,7725.79612094653
1129.04234141357,3199.0820717946
2321.52375896672,8594.43181891442
1275.41911432544,8429.61026341083
1065.91867258766,3611.8873022717
904.807097805853,3279.10921573181
6965.0280984235,7580.78951443802
906.859677431314,3434.98193005306
7599.03579896441,7933.49893880505
1073.68983534694,3540.71391942677
2378.90337524687,3443.24882622809
7392.17152986355,7850.49067471994
1079.91993052445,3991.02134547704
984.636796304331,3653.33561043839
996.411649440428,3595.24313090801
1425.1199416627,9113.36883336886
1270.91692504621,8261.81112129322
1291.93745358754,3588.01504178803
1502.20978748429,8991.2243816058
6863.48168402836,7583.30750513037
1592.15448998779,3622.52503311074
7478.47654510908,7312.80578795784
8209.34168724601,8057.9439432311
9074.98136489016,7834.67031166923
8474.10654532068,8313.55574735511
1444.3872720081,3612.42895301048
7539.97020579052,7031.63971771834
1533.92782877622,8423.76243590404
7038.56118432077,6851.11599142512
7356.31410609792,8599.3622254087
7538.27730230535,7797.80676372791
6891.75858439043,6239.81407305165
1476.09642825776,3840.75073541548
1674.84031400535,9003.36094079992
1463.26170974881,3635.45018707551
8006.46741134566,8350.77710710663
7487.98777835609,6681.97955526228
7484.23130844011,7068.17181572079
1149.29879930984,3802.81004102083
4469.83822178263,7888.94361154126
1489.50023292665,8955.11800517174
1274.03049564345,3420.88988003337
2663.34184064059,5532.16606899716
1211.63155579075,3419.61043566826
8486.5471218696,6493.76870780962
7303.89900459902,7295.78570230178
6811.26592123447,9504.19002166993
1433.54229884844,3856.3399187182
1124.32706781172,9282.56126020644
7253.10613322244,7617.50193957855
8003.58792665127,7658.5857408379
2020.67058626287,9195.88948783861
1574.41390542527,9103.98455502207
6250.75665475244,7805.79081948257
7314.26920869047,7108.91787347921
1541.31946640556,3659.25331779173
7780.13034437033,7414.65629413298
1209.93588855652,3653.19651527306
1636.28768941379,9084.06559214046
1432.51925416903,3829.82122675334
1219.66117555885,8606.85280476287
2264.12748778713,9276.4979294238
7392.72471665511,7589.29105492926
1506.99489493699,9056.82741054146
1085.41426592472,9003.67896287933
1849.63412243215,7722.65136574585
7080.19138290287,7260.01848108033
8168.31389793648,7154.28651089849
1003.84625417165,8215.82386208544
1653.4425135309,8906.02010935122
2062.65940782461,8779.44673558017
6468.19618457118,7694.7771069786
1227.59357485287,3714.14895356532
1782.56814069359,9260.88639617691
1170.66871967902,9003.04039880691
6678.37555837455,6220.34664012754
1569.30243328384,3854.0054040658
7404.82925412301,6857.40681107198
1695.30082197507,3481.80521331991
7575.17821564979,7806.37697825334
7777.12830409373,7320.93462964132
1310.87277341706,3878.64876974161
7907.1700713568,7004.82327410296
1084.68300586882,3281.4884377264
1603.43306241818,8811.64337695069
1097.76570463818,8909.84610488581
1085.37808370248,3364.06058015969
1502.37930233478,8189.40636592382
1326.27549386835,3731.16667792474
2794.94095679136,9180.48910709941
1431.57789057949,3705.78906859419
4111.43263517474,4194.10141737295
1234.8640774305,9296.59822500621
7879.95356543865,7225.47461367231
2748.33361691545,8761.5037372655
2482.63169713778,8944.97932479383
8573.17994893233,6970.51843385961
2084.22903427641,9253.71971631343
7775.09549573443,9223.48638150911
690.357602228288,3163.5453578936
886.527272484955,7678.88560469572
7660.96302249554,7480.95964914452
1393.96483830136,3623.0977412599
1399.71603517997,3396.49288372024
7766.65856806015,8353.07017645543
857.874324574449,3246.26758302517
993.02494909743,3345.39669147119
1672.52080218157,9299.5941134821
2464.11604412293,8992.92420240386
8569.67741103799,7418.87502090097
1863.06537243348,3975.99432433551
4829.24000315251,8792.45675180651
7251.30029846482,9265.83198202556
1212.51850882102,8261.1013296668
1497.20283889377,8915.37289502702
7559.34995481291,7533.77292118946
8151.00806448226,6345.85301086921
978.501807449103,8682.07251164341
894.017204048866,8057.50623007771
7650.63815579233,8524.73903488061
7735.55651252313,7940.22642532723
1247.62820336633,9141.32338655082
864.136730470172,8342.03637981369
8280.76967365526,6683.50626409163
1905.86196833125,3566.15389567393
1516.89405779115,3523.02143097276
7070.26925023297,8226.0730957955
6143.47017535874,7631.16100670095
1365.74678971911,3652.08483937324
1522.01424803212,3933.87934478536
7428.63827717016,7605.46451634776
7126.17765668819,8550.77463586636
8067.38727628603,9118.58909379223
1613.68785108966,9023.37310734548
7636.9657783867,8034.96811118235
1511.19518604331,7516.42121831643
1431.94858545439,3890.34875231249
1049.5245286917,3758.69458587825
1022.87761518911,3411.52174622416
8781.76652525626,7806.74709605621
1752.64652393544,4042.64353907808
8787.02086983828,7837.02072407199
833.110155311067,3451.51662131248
6808.86282367786,7701.51867098375
1493.27487555499,9150.94491268592
1891.98972109117,8595.9772519497
6795.41014224245,8093.86514828622
1388.35364254159,9204.43529375048
2141.55328447301,9128.46608607705
7079.71591731204,6931.06433772489
8178.43720116311,7532.42968113368
7556.70726513012,8144.12656125186
1248.08272526245,3539.71354990774
1215.77520089767,8286.5829663088
1971.08321975417,9055.8940733958
1854.99622176841,7336.78369040055
1475.90804757895,8486.30193212732
1161.42839635143,3306.52411265538
1368.40593866904,9057.98312743555
2443.42477656116,8384.0097114355
2720.13217574093,8899.3269551433
6740.34220119718,7178.41837953734
7344.62680431996,7151.16974578188
2244.34205774687,8710.88469728566
8339.72197611146,6524.37637034313
2495.02536503778,3763.08815404573
994.276679155803,3401.29921402302
1762.36402211448,4074.8432095006
6259.37480869474,7132.96228697952
7914.424693538,6921.60141025621
7996.0450817992,8163.82362983949
1228.16158423449,8898.25199455014
2005.3507017676,9046.41912926486
1630.94880859078,8998.79683300446
6028.6614409296,7893.118455773
1312.55995054612,9304.29161451382
1090.23919219017,3154.18953319309
1933.30457606484,8848.88982305723
1300.83393009323,3641.25944212014
1720.71403107343,3611.10136196853
7289.93506005183,7862.12463711967
1743.41437085089,3377.48199267608
7307.68297144955,7410.11221014306
1554.00994034755,8969.19757758565
1237.57621496044,3792.42920225567
7018.41473995292,6687.27512897296
7894.93131776575,7421.02932089836
7461.06127878454,7832.02399123419
1859.89606903226,3895.61122303061
1194.91099659015,9162.70724874819
7840.25450364265,7361.65769208972
1787.02050865613,9065.68094393754
1513.39296517206,3587.07714360982
8176.08590855174,7303.85681455387
7817.62984829566,7295.54265178573
1527.65500318877,9103.4311161167
2086.42721400835,9231.21617365833
1020.27908941286,9128.68273496723
1792.26707938938,8833.11730775606
1657.39636738777,9088.82000908302
4604.01924382996,4786.77618080971
7339.08324342224,7891.97060974984
8347.47298678376,8095.12330139309
991.960484641507,3135.44709651617
1425.02884436583,3406.55702348608
7366.72287893411,8112.04948986859
8558.50347207549,6206.26399482177
1426.1850104948,3665.94124577184
1125.04497058478,8582.82459426457
1172.35769804382,3227.26898845562
1446.24730434916,3483.65978676529
1075.59191522834,3274.0641740843
1656.79022436454,3608.14856234863
6354.42111270421,6661.17003206815
7104.84452452213,7855.35898733354
1340.10274719746,8489.46755387846
1605.36064247489,3830.43018343567
930.740551232476,9220.51008926367
893.539656285211,3243.54330721985
2118.48914596784,9011.28329087174
6527.65718437398,7417.00535677128
2576.38674928178,6084.99224026899
915.888679722864,3467.79416965308
6695.16956631034,6974.28314851994
1858.45670910631,3934.0160016054
1204.09940657038,3490.64055313052
1181.01256049432,9109.5738587269
994.091600619452,8772.92243292206
1411.70580527489,9127.21073911332
950.174519796838,3555.43831900941
7762.25117368099,7569.24195314126
1254.51600258237,8767.03203336292
8789.47284243023,7352.51402556475
7609.69485425868,5295.95812177427
7649.08706121927,7902.99284803595
1005.44475620774,9211.04133082086
963.55453853254,8996.97368208352
1174.18376943104,3335.71961682607
2028.14124890886,8984.07053354241
1409.2919531337,9257.30934823523
8844.21083404854,6988.99039473505
1426.42941589183,9348.59991927565
7497.55393201051,6136.18795453517
2321.07145508585,8245.98800702957
1443.1539622686,3276.59827151698
7299.27808190145,6033.20528205266
1855.05584986151,9118.60503148909
6928.23777179649,8059.32881973787
1272.34112635422,9047.86945557208
8375.93264180007,7197.44334321999
1057.52164029953,3414.06831204488
1478.55021209455,8076.76814269912
7447.20140908651,7882.68890998528
7711.26854221407,7931.23606829083
8847.53031700117,7145.41124300461
7500.82537960108,8125.61347341386
1733.79099479642,3743.37440965468
968.882572928124,3906.39059492897
1400.53653954741,9288.7936982219
7462.80859880442,8127.02387237955
1841.59563439947,9240.17507053131
1906.40695167117,8756.42449022606
893.765080707856,8593.67916842167
1492.90498275369,3736.24462801707
1376.44758343904,9039.54093055056
1751.83276586925,9131.3555236086
1704.06989014401,8875.32334502955
7481.09987645739,7962.58467757362
1607.94656484069,8834.18762947934
950.094728866192,3891.41409277581
7989.42861632844,7431.59167502733
1117.18701267913,8982.84965207793
7746.36947642977,6975.78591750398
6340.49111747381,7913.99756772442
2267.73865745159,8691.14775500516
1397.00540790987,8478.13653280363
8181.03327589944,7363.33380047597
1639.28218029405,9368.86705070372
1414.18958197845,3749.50178757539
2281.52547464229,9087.88635530587
6604.59837518932,7725.79591048333
7438.06467060819,7613.40624309297
6631.88086928036,8432.1097668196
1770.51398350355,7666.978636111
1650.61692089443,9328.55593757725
7035.52128722216,7378.34445069718
1243.73081390301,8879.78656345084
2046.65206672039,9176.20970710756
6961.97562883768,7540.83462834671
8817.54146494293,7665.14988616301
1173.91961830958,8770.52357618226
5549.25752452033,6959.57236213153
5178.6661134813,9756.77377146866
1770.8864766038,9002.63411023677
1294.30843956486,8910.5353229859
6417.35073593263,7981.49244872038
3328.38235279775,9131.0215331434
1930.26932189969,3757.55020246019
8454.91440970368,7405.97433413926
7302.19106126775,7391.15922248413
7939.47903322624,6489.92960660312
7026.87281441321,5481.38572599798
1637.46859941753,8837.22120872302
1178.3265886587,3908.39378176009
795.509098150561,8758.34464360818
1476.75709902306,8627.78862571226
5348.74957071777,9453.34852793597
1500.76188558918,3629.58492607226
1619.4397403103,9224.67019769198
1606.22307973774,8674.05019917624
1703.80010534616,8971.26146499669
2089.28680061638,9111.01086641752
1215.61255608203,7562.94526995452
6920.54278753926,8019.82338879371
7471.05922065361,8298.59939758102
4864.78866011381,3769.56326965296
1153.24879294317,3470.89860969602
2136.42367019706,9100.54261862496
934.355500122805,3131.36465067868
6754.13548639843,7776.26454925571
1805.3203669468,3780.08088482678
2952.70749679245,9095.38599297076
1479.90212777513,9101.96956932049
1355.32289104281,3637.15147613674
7458.58195489326,7782.07539422031
8352.36046763669,7489.7709422089
1297.2079353141,8724.05805631653
1205.38764811288,3758.36564386752
1823.61813176566,9267.26417321219
7541.22137136441,8353.12585537524
7411.48042461925,8126.13262328916
1544.08583320418,3431.20751164988
1018.37963944115,3638.15395827983
625.238081048318,3252.63610707752
1652.04925936154,3698.26467128744
1294.4124710151,3576.62796310342
1723.72579669296,8141.31821614316
934.232648197708,9101.91201977833
7299.17409873235,7583.30407504383
868.690870031216,8825.68593819673
1714.82274967984,8811.51397221721
9153.74841257869,7091.78854630122
7122.85109698275,7713.88828838184
7392.15869355208,8154.17746494279
1910.44948366173,7299.42268390561
6901.40061963737,7578.00379784438
6453.45996198363,7172.09289521265
1073.01115202605,8986.02733395954
2252.24545239579,9262.68517182019
928.53659957762,3199.32150855681
1773.740313141,9153.14001684901
1819.41355847653,8801.67194889897
7708.47830144698,7618.46608562893
8833.98621440844,6688.69063843656
1795.26831232514,8776.94756080334
1670.93930881414,7635.1920110773
1297.45916746479,3654.19217885867
7343.07711897883,7973.24702187399
7450.94280023629,7581.68273159884
8622.64979711161,8897.93520471193
6620.76942197659,7333.11615609214
2129.15512168619,9030.73812597064
6965.53460336055,7883.61374943797
1280.4769655442,3512.19378088295
1306.63422306079,4177.7849485387
6132.45469581982,7260.10179680631
1624.53609849481,7466.02350493725
1018.96916729105,8696.53865842963
1004.4199358951,4259.95124664991
1724.25025603893,3758.70002744837
1424.0541885547,3600.41348235792
7474.09502836939,7513.12651031326
867.216672774928,8271.82879860675
7801.01920439559,8246.18376630725
4802.2285974254,8468.76190587986
7185.27522627882,7629.03319913884
1217.11846968174,3750.77057002774
1214.39065498042,3554.02862303504
1415.93164525569,9111.00464152174
1569.00514543947,8975.94953914946
5173.76253808082,9105.26204503319
1798.57474864695,8729.02976869699
1364.59204505921,9075.27721775418
1865.15603996989,9043.45510860582
1252.84300273088,9175.76538111314
1913.57348892119,9362.71744356116
1048.85813252191,8768.15853271097
7253.81387492263,7678.18730779862
7939.01750005535,8403.87062109572
7657.58056438298,7981.4001513973
2080.13677443563,3868.54668197296
1401.67399988183,3909.72956035338
948.709564225674,8719.32831893888
7583.13284515345,7499.84115188259
1126.5974159034,3727.5574768518
1675.29830928677,7899.47656845207
7370.02369999657,7836.61914269211
1381.22083841402,8960.35917213107
1316.19448909338,3406.81145328972
3494.05500543192,8727.3855289914
6649.93823310209,7371.93853832246
7809.73831360958,7617.07891893724
1869.34792249469,8867.60736794906
6665.39593201657,7360.43555902147
7751.72853335877,8062.07282935842
1358.07861468814,9024.42975487688
7254.62263154435,7652.06032663041
8020.80981015148,6292.67773869208
7832.91546091648,7758.07114108894
1855.15593190171,3892.69514869683
1114.10111553221,3552.17727187345
930.438757544754,3697.78054243313
1620.39534888965,3560.37603787183
1199.54683957153,9023.62631316793
1547.27616994794,8446.21915432152
7849.22776124515,7477.02631493073
1453.9110736025,9436.30709658809
1146.27823842479,9339.47614925291
7231.36549624436,6775.06563699793
961.076172069516,3510.08608679376
7343.2494219441,7581.79364892074
3023.6538980936,8628.79710732034
1707.76057700147,9073.85548766321
6253.47668476587,7770.12597198673
1554.97611671683,3710.6098836702
2069.20620645586,4049.59694761003
8628.93929916488,7566.84315829266
7145.0751129187,7947.95182268409
2098.34353638973,3600.71031378518
1672.56595828776,3669.0235548381
607.535849759159,3597.3078141593
2292.69895448618,8185.09726215352
7533.81737409385,5801.50962916908
1022.2215677342,3117.49794452979
6847.26889907381,7706.74511118756
1548.20515736709,7714.03717998658
7950.54438508501,7636.98948227643
2014.07622601925,3568.11707131903
8021.02249482902,5852.15778891452
1894.07731942119,4142.10393953838
1625.76610168898,3728.33529130458
2346.40463747386,8247.69803090057
1183.9784338086,9163.28283377421
7262.66867454745,8342.89729254707
1151.7998989816,8271.16952514748
8447.6151805079,7631.66232581668
7284.41319935687,8265.00397838642
7042.12987479097,8010.8596365999
1164.57009440468,9163.26028600354
1978.26951578312,7796.57987414562
1288.33381309126,9102.73130173462
944.218963994133,7803.8330301023
767.420818205821,3151.97394624557
7297.3225518944,7825.06744880705
1895.89455593164,8306.95798636223
1253.23089044042,4028.37537618159
1170.77381013543,3007.83909463091
1622.88979865819,9213.50294582733
7151.22798618156,7779.37461001889
1095.39403844378,9216.52866035391
6710.85074368138,7468.39675178755
8869.5629037856,7638.93713815299
7706.72678633022,8546.82281410289
6884.74230423594,6572.08101769331
1575.99259934427,8832.1417566621
7779.59652290854,4683.40686750031
1973.79870904633,8762.12839318763
7643.75250139248,7433.34758167722
1685.48667920894,8154.82672791066
1992.35254763598,8567.94373022953
7163.24203748862,7549.15398893895
6475.50085543257,8350.75680539461
1538.30390438009,9523.29155081078
3046.02814491884,7948.75060175802
1133.73926778156,2986.74480883353
1590.32342397791,3763.06958718711
1473.11783468602,3813.02892693074
2157.04338597185,8982.9930325595
1231.4067049023,3778.39962695786
927.963205699435,8977.56017569532
1306.13922411312,3434.40316298045
1737.66488865825,9086.44809851662
1953.51768670664,8112.67447798965
7350.74444846071,8343.12382167339
1711.06560044363,8859.46554859431
1899.82291162842,9173.98870083781
1186.25029775751,8770.08249301803
7598.02400695806,7699.26330560196
7437.95979228691,7721.18472328836
7951.64818022534,9287.26631098104
7464.89471672784,8021.96172128493
1114.85568309482,3446.6571993794
1279.15896769194,9167.42772425993
7413.72988931635,7211.12635946586
8094.33079817153,8173.65053896259
7260.04194246991,7575.67287689017
1762.88389440167,8173.45365685692
7551.16513224319,7122.11451569969
1301.45582348846,3415.03844121813
7175.50906975617,7453.32091655788
4659.92995366757,9222.07263106991
7838.36252946972,7429.49780522415
1986.91781587393,8256.0925577842
7753.59889174921,8266.91489084615
1161.75496572413,3167.01976913534
1178.40508680017,4049.78032165997
7343.87529722367,8086.35319586321
1622.65204812388,9208.14962614279
793.434431653306,9258.24618327788
1320.08669464946,3925.48127528826
8728.55550127314,7941.53415985777
3331.37851513249,4059.94817942598
8066.24376549695,7246.27552003411
7689.08268068456,6874.36458327028
7823.19927718108,7771.38526197843
7220.38089013203,7491.62361908169
1388.36596078392,8758.83388542363
1185.6887472165,3320.49508681087
8488.38975574007,7313.26510852388
1071.22924373514,3480.58550671014
1721.10592490268,3766.73626298668
7462.22869638594,7528.38622288458
1193.81008927805,3329.68449597635
7490.38049687649,8042.74871134646
7294.45782357597,7003.70204904138
8041.19876439386,8159.57314045923
8244.84678566395,7411.18745819919
1610.7755520233,8947.57967197994
1737.95683629007,8482.40524981872
1494.92610805204,3252.27987811761
1360.59232453233,3510.54059820029
1746.65166411107,3670.14100137185
1733.70722572375,9138.11630479442
1466.45604804051,8949.95653173161
6943.67714480788,7907.29770117018
7540.38070882543,6404.3109965132
7230.63707989065,6749.73997163422
6537.54347267585,8148.11572191581
1167.10870828667,8898.90081888906
1806.20788450123,7820.1467048811
7621.47907279772,6565.26437777693
6882.3036598279,6293.60234556885
1176.2962396459,8991.54887381439
7448.68278820557,7625.26003632952
8191.86755808329,7525.05503601212
1555.58818562524,3884.88960371419
1321.64624050364,3590.22676225614
1336.59085587778,3414.15855448855
1104.10076830027,3652.32799711208
6589.33688597998,5463.04616257121
7823.55036130095,7900.89870275674
986.347176014426,3330.12991476676
6682.54831675245,7251.88525291992
1803.53421268391,4102.61280076785
1469.85517591815,2804.85565161008
2134.58785229022,9069.53222853247
1219.73570583286,8741.4226003244
1192.22021746689,8971.35724298493
7214.48110942857,8162.10129913422
1605.75272638513,3711.31288205362
1558.2080567821,4600.89597759021
1801.80875527963,3473.02911349988
1464.73998198443,3354.940802111
7377.70174532486,8086.41570238182
7969.23735994818,6820.06156525262
1168.85824612701,3281.43323560555
1122.06015947336,3234.69367899803
2582.54828501689,8897.91005118433
1255.13328551163,3083.73719157113
7971.39532684102,7404.13210872915
1669.81149662898,3638.21054821324
6423.31222725323,7245.7624502664
7081.78454884688,7126.32775968044
2251.35269891109,8238.75400705752
7831.54517822378,8060.05193471859
2371.83532918924,8057.38957193468
1956.90753537536,7437.22202600377
1147.9216933844,3481.86576551832
1168.78297058227,7683.80919726847
1324.05411260337,3518.59207535431
7373.6737152281,8783.01791654445
1415.80380441892,2668.8937598193
2423.64455659292,8364.38991793564
6772.49001960273,8055.58376061083
1129.60775952599,3336.86273319146
6738.05917634877,7269.19883220697
1829.50218907507,9057.2611796995
2171.46753703674,3745.53179064917
8545.15630539896,6447.2088072655
1573.36698490231,3691.85222722098
1538.57676912118,8603.60390718232
606.493726356367,3473.13653828863
1689.75958570848,8973.41952156466
1211.69912626276,3472.25366431581
8310.20305779418,7443.46668184907
1482.26080602902,7845.31817942115
7173.53780127454,5475.61604325831
7335.02419837674,7495.96454205006
6879.81403929569,6812.1042380294
7684.77180359458,7137.35846912277
2392.55367844893,8724.57150261111
6658.92830124277,6581.80935270056
1095.46827168797,3633.91310659649
2483.32509024523,8122.25404395391
6677.54796729241,6859.67732535183
4299.70517959712,4511.41641387314
1487.97686240486,3653.73065785775
7581.0595265499,7716.20901253319
1277.40607353224,3453.87089206874
7422.33754517289,7428.90372256306
7196.14117448591,7370.68774720268
1341.89964295564,8751.44236853268
7098.20059742796,8142.46916665482
7492.65293930213,7960.16024115935
7373.379826447,7749.89779193862
834.197004992675,8265.791091137
2013.81907899298,9314.90655029722
1313.1383805167,3805.55931764975
1185.91144800068,8185.10740466214
1772.10720198063,8905.09181042549
7265.33252443835,8030.48912378041
2160.64164963274,8836.64689256032
1578.48063519372,7903.09268708814
7143.92654624419,7235.45364887506
1268.09233616601,9157.39599411174
6833.71631738624,7430.40249466214
1326.37187448937,3471.11126316559
1418.30722782614,3588.83665774288
4573.3890712974,3507.73563792898
1760.06500012659,9150.91493520103
1657.02353815724,3902.5210919163
1301.12209511016,9018.89901996171
1724.81216029768,4004.59114983407
1356.66656337508,9241.27115354341
1484.08446367125,8867.20166038001
7323.44077783215,7367.63117557322
880.033588910955,2987.83389803058
888.987412360206,8978.61847539429
6274.05716311878,8152.39851665514
1097.57317966202,8104.98143241395
7927.99950418193,8606.25819724935
2036.72774064329,3927.42839340518
2667.73942892039,8739.10390235365
8211.79544441573,7634.84422081223
1407.98195841202,9328.0534787662
8924.7335206918,6907.0272554394
8493.55804638838,7790.80055115781
1135.24684404908,3316.6140164733
1551.54953810844,8859.49946871406
7478.14676354425,6618.1367667434
7667.60984191966,7531.19797873933
6674.29312046541,7428.75148968324
6743.62703847724,7215.40183710886
1018.8184130809,3580.32589492173
7676.91493658885,8353.77556309046
1697.69460588987,8978.96644704792
1296.54048050894,8671.45813199363
7712.66137762681,7980.07513238035
1548.90478952143,8675.68490614689
1800.95633533257,3989.72749517078
675.58257771139,8930.30185757414
1485.83031751796,3499.51235791426
7429.78467962861,6885.64411930488
1711.95882847589,3541.38501051595
2010.01991829344,3908.17989102038
1650.29477185055,9027.69969283814
1530.10336336928,9257.52730391361
1286.89390427563,9158.80065579698
4979.54181440607,6980.1468295685
7983.62433275511,7131.04194302146
2296.18985215119,8790.6748048359
1943.7377849443,8715.00337862125
7586.79973121151,7529.46839438929
7473.4691191587,7625.01176651205
668.751056207077,3253.67979396831
735.790224658453,8754.76391552592
6749.62125149387,7598.54612380904
6596.6252195198,7656.93539564344
7603.66590160997,8027.64661145649
1277.65989442421,3411.21206537964
2185.66454427599,3612.56050868952
2200.67855284335,8710.11857181499
7716.80111512806,8032.95395717841
1196.37720281832,7960.15940430445
1492.77540945331,3740.01953506794
3206.18272888457,8208.72380639578
876.312704918155,8875.02461011865
7441.46478109728,8174.95818972865
4144.47042943318,3560.35890069982
8178.62384186477,7384.77191907231
1650.91311585278,4200.19829960102
2045.79559332986,9250.35052769374
8169.9079288596,7421.05803393012
3252.22319858492,7973.82098579168
2297.18919968423,7348.35038163138
1594.82236976727,3995.26237569707
1409.65820617796,3667.47638036207
1607.81725020572,9272.75626087551
1999.39218811482,8910.80615579799
6190.87860807729,7890.27272763523
1862.75314279081,9088.66881288493
7535.47365086372,7379.6345681293
2138.62306460685,8849.00451432364
7411.6205412895,7870.20376953522
7031.026494685,7857.47747729862
1672.2048080138,9261.5542452492
1491.36601569716,8583.6671920237
1726.9237753194,8974.27658098596
1528.99639470145,3639.11704014397
1435.6092677678,8587.51965186762
9175.50450055448,7892.80207697639
6638.8539622993,7698.18403679219
1493.32386582837,9230.08966423041
6567.62215427023,6990.56909085876
1051.22283534272,3583.54686137903
8136.11462985373,8196.12692266274
7583.51971041814,7295.89994355346
1504.66293723754,3924.58679078594
7485.77425157972,7578.41950290583
7283.16589619686,7043.46344290125
7023.65277199233,7373.52317077918
2814.62174828539,3837.8326385647
3400.8588948756,8209.63509804936
7818.89090778195,7705.46516826026
1688.77592326733,4988.82981802537
1222.07707458324,3548.49750466118
973.070091956178,8911.18198681055
1689.54820064527,7802.86738048114
1803.88665892079,8971.05817946828
6996.51825771211,8222.47005042564
6840.93157850398,7525.75497229344
2188.89661666233,3588.37217477759
1318.36912615855,3546.98967447003
7386.38390190205,7874.60733551418
7986.8490944302,6758.2093988966
8168.71594596052,6105.02057600305
1370.69664566604,9055.9381170112
6769.74040986195,6616.18720273932
1549.69372973382,3170.02699691995
8559.337128069,6783.00124648356
9240.58406445546,6377.58832342581
3560.96650088436,4090.31441542708
1945.28351077271,8101.35663280919
1998.35120972679,8538.56406519388
2216.48957919578,4104.21330239298
1563.97502490151,9146.18235220418
7197.01373990912,5816.65626292719
7558.25199424133,7661.2694933716
7352.01085250263,7121.38191358218
7170.09597177203,6501.0728445771
2816.46342452265,9306.23638560908
1362.7608851126,8758.82922509379
8285.155186386,6326.80093881157
788.516353453005,3347.34157057137
940.01117264944,3427.15219846999
2358.72395511693,8592.85943063401
1486.82815101208,3923.84530412311
7485.82018735273,8049.89496490283
7747.13934504764,7282.0301768521
7722.01997970358,8010.07419846808
7994.58713004681,7837.36147331862
1645.50373476327,9067.2219166795
2060.86659174891,3789.93296141237
7238.12461052151,6898.84769595523
7806.45668217751,7365.30179891033
2225.65031828794,9245.9153460232
1929.65350027864,3913.40938045195
1195.71630129713,3689.13389945498
1556.5001880273,8327.67246954179
6775.57638589548,7584.40020177196
1286.04788950117,8719.07173057912
1880.68815148626,9076.94940404165
1487.49914189143,3685.47220959533
1639.90732232302,9231.37473809677
1624.77689605937,8998.08746448482
1093.15491837531,3320.88020425551
8415.16885538764,7799.41813649988
1837.38189506279,8990.00485740331
6896.28186702253,7018.86372708885
1082.82823127743,7910.24917241787
1047.05044658833,3047.96595525866
1280.46980384207,9391.58627296798
2796.92893095373,8129.81020808588
1754.10988079895,8701.17070053089
7575.55687568571,7988.25821359551
1591.85078386371,3656.99892586254
2322.44233478027,4017.67834646161
875.959748129363,3722.0158058838
2070.97639448447,9206.11842025896
1897.65579635437,8020.55887845452
7014.78467911218,8050.86613692347
6550.51215611253,7867.88292020344
1489.12680991664,8637.10875802805
8148.32868046101,6990.57537512896
2022.85703470359,8957.94891458848
7352.71950307365,6693.75780912398
7656.05888849683,7236.64033030628
1331.16850317855,3452.42445406695
7737.87108351678,8011.22784445136
1414.45507151266,8951.13115039104
8400.73787299053,6874.98672331625
1670.10174495886,3618.26150888656
1345.96720284246,3864.76256299281
996.702012852308,3934.79323409552
1459.86078748249,9128.71637361396
1250.4735808417,3547.14829351707
1398.24153927884,9078.47123064986
945.411043704618,9200.57121251462
6730.42432553087,6716.13438417768
2583.97843098629,5478.09333759835
1613.03549548246,9237.87649656713
1424.76626158173,3493.13514673473
8034.86021942935,7113.97436843929
1818.23852544992,9139.6658738576
8374.9221106246,7073.52079064044
1625.3394432853,8786.66587811895
1899.08822287661,9175.95821136952
7771.15746714483,7693.5270534999
7688.87129675344,7278.40891161535
1311.58768389106,3751.27804274312
7635.74631659186,8367.32060841382
7299.10872431286,7613.53753599792
8389.85995289284,7381.70338233685
1820.80902296307,8618.90038800793
1241.15000410107,3183.34272740276
1933.32216817757,8334.75551988676
7606.35479343467,7426.05539866585
1924.54562359269,9269.8715096805
1935.33046717213,7733.27404371318
1364.92513885972,9078.36314379275
1600.84208741111,3525.81940784821
7676.35230566981,7261.29552964608
7760.24052790144,8604.63100713818
1966.40765720142,9170.97695974767
6326.16139780816,7474.97495855444
7474.49099126806,5189.95294253837
2797.46702126077,8741.98764645904
1143.43227036248,9175.7500181475
7444.65534351343,8194.89069127678
1561.4232508963,9169.17207560869
1284.34580980694,9010.76722501046
7517.32454825266,8248.10295370834
1426.3582875872,3953.68966267721
2289.27728598049,7422.10854910366
2261.94204825561,7437.4344275607
6930.96014336557,7216.7311811765
8720.16369833769,7271.65726310172
7350.37306462575,7921.33586053617
7932.73112823814,7846.42250017748
1030.90358786196,3246.78349327664
1252.98966217926,3079.07714255787
1282.36732465852,8299.43678821816
1084.73162345114,3235.32263060384
1297.49814105614,9099.87542211139
1072.14144937216,9019.41173285434
1040.26206401519,8838.50245619962
1797.88662968483,3949.86134426436
1708.89917706376,3944.63400846393
7613.59744804069,5400.23544062064
7748.66049646624,7346.30088853659
7045.30013881428,7957.12029128523
1708.95116522758,3603.39106285221
7893.93885214562,6368.31875672847
1044.43466363353,3277.29426454203
1188.65624255147,3571.99827708924
1059.47184694637,9399.76207117789
1129.32358658138,3600.78628069925
1614.10120135419,4547.08940930612
7512.73338642784,7527.94171842824
6228.30104372339,7404.65040326963
1529.83866351313,3573.15884400888
1101.41496753622,3737.08249978486
1306.43818725671,3384.24228718509
7262.26555090595,7289.59128797053
6964.87384861612,7669.60596372715
1095.21364282408,3735.77620890348
3605.41594539623,9269.8304933762
1056.44902272655,8858.09785304125
8190.66188530906,7486.41325936192
7597.09491070396,7800.33509112624
2059.19784010341,3444.91379278897
7446.4322016042,7608.29841353976
2734.92556594882,8143.8299436358
1873.33263193355,4926.51802047424
4442.9575649476,8952.5622417411
1271.52561989319,8943.75136038559
1684.93533608802,9082.21528651311
1302.70396012392,8746.23029936486
6950.9948721892,7303.67116317626
7366.7924537676,6974.42220228752
1272.7721009489,8124.46141158441
1529.36587524382,8773.02893418035
7621.89211158196,7655.72535060965
9424.15915909799,7544.32443324679
7938.78203603335,7062.28636554757
1476.34090727517,3918.34414938883
1237.93132280916,3922.71431509357
8266.73368547768,6844.33985955536
2307.51951506224,4626.86094980151
1184.88503750943,3655.88594575537
1663.88318150371,8788.84636851664
6491.6510238833,7745.87895839291
1099.72673671185,8711.61444596336
7456.85260518726,8334.53066231756
1521.52952168743,9178.54989505063
6507.0801391139,8027.73863018734
7308.50717368796,7874.25025069364
2182.66244876818,8645.4834364551
1592.19882020941,7864.15302522471
1628.84290212827,9098.39620814885
7247.71400219614,7854.94770689118
1221.86328506364,3549.84038549743
2030.54052247356,3954.52730733147
1287.58913340691,9376.73783878884
1199.39172992904,3863.77619778332
1478.37153103068,9298.81477650685
1481.60785677511,3621.46995701123
7391.15354533816,6965.51244663246
2078.39337670375,4856.40822580468
1438.11233631759,9015.31541065423
8620.81525041412,7904.05110131395
1840.51848582584,8733.3344599199
1016.22835889365,3425.53520538056
7797.79531301837,7674.8632823625
8194.30384444464,7534.92299426589
1662.18551905091,8826.87244959212
1388.42128388377,9218.12616938284
1675.77523183168,9244.12583886507
2014.35003419924,8278.84467074214
913.915201715476,3546.26044219686
997.142829682049,3099.04055571137
1092.9565710181,3420.15520848376
8968.11939465635,7194.77452491002
1830.85823793323,3742.79883630669
1011.02787557719,3446.65652550831
1413.74672033643,8893.45480352205
1452.33005678532,3686.28311227161
1649.72997144078,4118.65920555727
1842.39542378036,9190.34849883517
1575.3105776145,7183.76553541854
1657.09526736907,7331.93385277631
1033.74051657216,9055.13011603343
3311.5149593785,4301.53750209848
1952.96084005022,9203.36115328601
1847.28323891362,8924.43666745978
1365.14321033118,8803.40110554987
1142.43703355967,8574.28326872301
1816.76062555609,9122.98835770285
1669.11836575031,3957.24153235926
2283.06704155121,9085.70656261048
4777.05385314697,7803.52951590151
6878.20229148939,7230.99910175328
7801.59652819835,7803.89467304451
2870.49137259595,8634.84506528082
826.255921692885,3060.96553046111
5922.61381711351,7498.63372083656
1242.16215961262,8861.4968399791
1127.28719335824,3313.36771970924
5647.36434226746,7764.31549592736
8576.82086254506,7221.20155062565
1289.29026772173,3497.41939582105
1488.10457948518,9113.98880989258
1602.87409432271,3769.55022624166
8882.46704623695,7229.11730525062
1600.57912885409,8410.50642160267
5973.43529235398,7573.8072180151
1301.54925051456,3618.62436334282
7838.75670046891,8161.00568738422
1232.28148427823,9112.22274758261
1903.56392099739,9401.76493926865
1978.76118800699,8642.10538266124
7844.15580984208,7713.64870946236
6289.55563829375,7633.35490496287
1252.35412655455,3554.91499810482
1023.76385470013,3464.52024416017
1060.76610875057,8991.90296168346
976.284935925995,3274.16665539277
6500.84674775872,8246.36999422205
7535.24014687284,7931.49584308701
1223.32284432439,8235.14743322167
1704.86333769325,3902.8991729922
1140.64049979621,3628.86709979856
1539.69049955607,3538.91932442018
6134.91987146582,8195.5905063344
1217.70202611989,3865.56380037411
7436.01561225837,7286.50705928436
6716.66514196566,7968.08865075342
7750.36948214724,7288.67043702875
1107.64828321554,9023.42343287096
1013.15515448894,3052.15131150138
1497.86580892597,3730.25141647341
1535.30157128996,9237.21733838059
1972.14814276899,8202.05907944072
1785.58916685572,3678.2695769958
6980.77371487903,7053.72220661295
7085.65347692301,6992.9408946144
8321.03785998668,7348.6212226591
1060.57181601133,9142.23699968332
7376.52565392179,7926.496698643
1271.99726735789,3034.04693278265
1807.22463376763,3708.83494434365
905.320940648547,3264.22286437919
1595.47993124867,3938.28149055794
6680.88813962797,7869.24093365696
1521.03970391818,9276.37165586316
1811.34673105153,8659.7978046037
2439.36634356209,8558.97723296048
7969.5946899883,6325.15408621848
7793.86726315872,8051.42204569454
7804.68756692463,7442.61384392071
1464.41456943078,8952.36166922735
6928.41038952812,7784.59551727391
7444.71810882889,7806.60104876927
1148.52157229306,9245.08929196154
2043.59267218333,3698.37595291305
1725.57034554924,3759.75271864355
7895.35207206181,7668.43698366545
4897.19010531167,7339.57064135769
1289.43643411267,9167.07973726568
1242.42272454851,3570.276594456
1655.23712203588,9148.11864570626
935.833370861151,8743.14732131757
7487.67739618763,7197.77250329811
7109.48108385893,6804.08674155168
1939.68719900381,7844.75012463906
7958.32715600362,7694.29363073729
7537.41012126853,8442.27565558675
8718.0808646062,6667.40118810717
8952.11854814762,7480.43695634935
6230.88849998863,8053.57848215443
7763.67027090963,8475.78346990907
1240.69286104698,8858.31694368295
1780.73767794211,8890.08396885638
7039.25092546541,7968.10058117008
1318.17588473819,9216.52319305797
8009.27146458693,7478.66540288445
7761.02633448233,8122.55996627461
7042.21824397637,7222.52448107343
1330.23909476389,9076.2471110765
1487.48946616469,9175.64942400479
1593.79236622196,9151.34765225373
8183.1292077142,7054.2036921736
1526.00113772049,8999.78658875477
1893.05291829692,9160.37047303815
1489.61345756434,3684.52845724709
7584.99549684953,7114.20766165293
564.108151558517,3113.50902400161
1055.90303484925,3387.10399860769
3126.34474064773,3882.86274049774
7463.28571943116,7741.24437663069
8539.9884251837,7205.83057976708
1194.08775953804,8827.54605189547
6969.25689075723,7415.57931709727
1034.16010650059,3421.31438426222
1067.62640396469,3282.01779281231
1734.78084473855,8796.20054819902
1778.27694974656,7934.94488037151
527.805352461117,3195.98285748099
1255.76425834436,3698.40861350726
7795.10603403204,8375.62127577505
1822.21359960697,8642.45354659181
6174.26277515344,7813.31072786644
8277.21358273244,5512.57110613823
819.671489123479,3525.57703060431
7029.48870273983,6750.87412388066
7107.90044417565,7305.06772214675
7282.28437811087,7600.98213636697
1546.90804579773,3784.38495463916
2006.38771633219,3899.63551328845
8305.86830953721,7876.77184697444
910.676345791679,3348.65011095499
1298.52495693281,3546.36651834333
574.225095444534,3135.56364773789
1164.86284634183,8383.1838130312
7441.70241035002,8137.09501346091
1420.9675902834,3693.78532082612
1159.57231617764,9109.71483434395
7645.96748282246,7849.01561118166
1026.06602131552,3766.14825748343
8044.1489184533,8105.06113801747
7707.34993761285,7039.4903919075
1340.4290465615,3873.53393384283
1621.34323228098,8658.97383631661
1568.65964463194,8606.67750333719
8331.33189833392,7579.01237901982
2201.77348689383,7963.90821375387
1408.26055187434,9032.39324755341
1591.91844812185,9102.63257160778
6435.46029852814,4880.00866463118
936.312448592125,3305.49939061545
8868.52300139887,6478.14239459733
1907.96841411116,4488.13288613772
6335.12222247764,6396.96588291116
2892.53310552895,7905.74016282784
868.613755679558,3222.50622186515
6632.99659709715,8586.03175387424
7356.56267721824,6939.16468280986
1427.53473736576,3625.33273622389
1481.76128007593,3724.6218100071
8319.33156715577,8126.30946260995
1337.75574333106,3312.40606559164
6140.13683686599,7040.27041618612
7232.05669192557,7196.65671507907
5246.56123327049,8025.92499317909
1521.77499658266,9112.75341079501
1259.02870778733,9075.53573868728
1456.37798938991,8866.08018608975
7479.59016743512,7014.20986876103
7764.19942386365,6348.13462861314
1805.0892703497,8884.40879323739
1452.63215809139,8927.59384680747
1572.18065914809,7203.75557271187
3407.96705365128,5989.898159262
1960.6394371339,9297.8612338368
1518.34422809117,3619.69320281589
7438.85737977532,7789.78225441552
1839.00932870452,9146.08782657718
1498.29428106543,9018.43740873769
7879.86380916133,8208.26756456807
1193.20274045483,8384.34421449438
7466.69276307652,7829.42554299696
2005.89175985012,9188.59861749031
2006.64511893031,8676.97546860203
2724.26093078418,7749.62626587805
1535.65144908523,3712.25607169329
1354.5988835865,3832.3782801086
1780.7799305369,4001.64324056051
8336.68645978736,8393.22816532329
1661.47712778783,9256.80691814182
6827.71481651903,7908.45601823347
8041.08488579963,7339.80152662554
6746.77379753417,8143.38210595293
8207.06833588078,7857.17027352778
7831.04424948933,7757.18234459804
2199.55716829381,7750.68795136528
1131.68545567738,3632.0453463146
1429.90298202111,3672.52248186689
1938.4354456269,8301.35824463682
6935.03223197853,6940.89274124596
749.909242296801,3083.45456531545
7612.06793204914,7705.30849228413
7588.53952362603,7763.06624469271
1501.24105102403,4079.90785010159
4601.12206118688,8488.86779413505
1550.69462086373,9401.04644930839
6638.22963937857,8286.83380544411
2368.49180638056,8104.11477446153
6865.87804238038,9173.42743062565
1371.67249839327,7933.49264155808
1266.39826560615,9225.11879434611
7337.13443118171,9177.80755416551
1461.38152663621,3725.18546345758
2125.60978789919,8685.65690381468
1656.32556751389,4036.21903471429
1277.16332727325,3402.22281470383
8712.72457694237,7262.27306551163
1301.47257423708,3369.67333373026
3427.82661335382,3760.69878884237
8795.52358866578,7035.74480848482
1272.54106585754,3603.96526995615
1640.52158472572,3430.45990740528
1067.18368432725,3378.7965198522
7714.06528158416,7679.39962567082
1760.77267327796,3701.83772687498
7608.2661470389,8493.76113921826
1851.27902989063,8795.61905435178
1504.86585831644,9053.35903001265
7913.48467694065,7033.7307804096
6583.40851260156,7443.60941980181
1319.29715449266,3556.52887469826
1681.64577064757,3494.85839892237
8314.03175618669,6653.8896872607
1616.29229123909,8767.59668583411
1029.25167692511,3463.3434737313
2189.7664257761,8753.48215655578
1892.02594924688,4155.53142682366
1196.20415961287,9097.70428739665
1437.07599658891,8724.76019275461
7768.25274279197,8050.46101863429
7623.89082504704,7519.51481921282
7578.67834796001,8176.88969872434
2061.25365328242,9818.14257513037
8672.5970295368,7193.62967265906
6993.71625611728,7416.02514789261
882.760373108681,3301.83925138057
6944.17666977951,5961.83094808904
1158.81846057643,8977.41501496344
1555.6055267611,3554.02772816863
7872.65981576228,7490.71308953138
2230.84018675835,3660.58833645494
1602.08500713435,3769.53510742699
1964.14334985176,8571.8195057204
1455.89726732819,3758.04685597284
1257.01648867443,3680.79185706622
7302.12901377274,7869.44377491147
1548.61777260252,3708.10208788089
1093.05270973382,3352.04565621817
1534.52174076417,3498.35549625123
825.417308752162,8980.70815430948
7445.22481401936,7584.42158876939
7223.29694276418,7048.20836929007
1600.1802132086,3537.28439521416
6575.42997538329,7826.3136253001
2609.09673775414,8664.33873644196
2643.11932621794,8185.64382574368
1188.24034220917,3561.92343538899
1583.85808930441,9182.54931852861
6797.53526187187,8025.50075240011
1322.7172922173,8871.08701305395
986.743354299866,8826.73770611913
7635.93926084095,7121.93973106187
1824.59031112182,7521.83048503455
787.796442656854,3314.05374543741
1459.45122932502,3554.47592130163
1460.63452076091,3445.48845989123
1152.07161141262,3535.21633739893
1698.90641595906,3867.32761354889
7854.61128179527,7773.48352344572
2409.96617895114,8615.13438505306
1234.66754845006,3546.88543358627
6384.11343088706,8080.67900979606
1887.22260126388,3962.49548364119
7219.69941282112,7381.56255936172
3257.06213192217,9336.71032172537
7543.28640401145,7822.95569927557
1214.06143428337,3130.06240884626
1642.08126822967,3742.1461094559
6934.30585460909,6658.50357614831
1492.15181976883,2728.32081772342
1856.15459388913,3515.95876852173
8206.21995356362,7713.6609871393
4733.83373411885,3369.26104018795
7135.50805535494,6981.46685932424
627.776356177599,8530.2624806223
1435.96926516966,9261.31190157974
5427.31214220966,5201.09399731688
1376.06018043405,9142.87816044249
1574.14689383449,3370.435639865
1302.54383984517,8842.82023339611
3111.54899460462,7921.53039919615
1910.23121768629,9022.85460325483
2181.055118919,7623.76120471521
7694.8092590866,8705.13640735874
1771.06747848454,3896.40381067444
1771.04989387737,8480.91522703675
1235.5975940778,8991.66985078352
1370.26970418534,8441.49528619484
1050.30659879715,8324.05115022719
1650.39565991886,3824.39372128107
1307.24170724812,9022.06968749647
7694.31945179861,8124.91275929611
1053.89252199626,9033.26719676609
7992.16727674837,8120.81755643959
7939.48633497719,5970.82661676215
1376.0412480686,3628.47836994948
7715.36795834495,8681.98899273706
1215.00092263672,8884.76604918692
1448.60709065455,8561.17613400449
1394.2132264986,8775.10191451614
7921.34562590881,7687.55034732532
1221.58652569302,3297.16748651627
1845.22830879272,8946.61425053812
729.169033998199,9197.50287391111
7709.70363701188,7734.09937051676
8385.09292187945,7450.68766427615
1451.53307302969,8876.82318074525
1798.2791178038,9104.13530817096
1457.98386272429,9151.14732789592
1065.55724980512,3239.72499641489
1185.82632646913,3808.79873253441
1705.03361851839,9180.06347428403
1228.01798594148,8856.35932254997
7575.72637128887,7839.19031805326
7581.36934032574,7903.95317788385
1469.62189143325,9014.14227831767
1258.84447454641,3544.69444504714
5724.28821190413,4251.47989480913
1295.85691323016,8480.18783568097
1244.33880231022,3367.75104534124
1529.73739857199,9021.89137224993
1304.85457592575,7985.29111294566
7971.79082308091,6987.00767937223
1052.83599231726,3543.08469382837
3616.68637123755,3043.02162703451
1356.68018072902,3588.89771280954
1070.94858661722,8769.94514245749
5612.06000246565,9214.17710529775
1511.51429022339,8690.0347412825
1854.63217249043,9057.54989672278
8324.7963780256,5585.00136655643
1786.84189651506,3733.75116119796
7510.99525122117,8495.56684472079
1355.56421319885,9204.49118156982
1595.95781169969,8976.93137249264
1062.18477764773,8721.60695529384
7854.69474593587,8005.19837320482
6896.72579379716,6821.44644074102
1168.93000142323,8597.08099670712
1036.79040550354,8336.80928976976
7351.86607138281,8412.48006530378
2366.11336145609,4165.36082978236
9140.19587578476,8292.46208900801
1691.63131493721,8976.2079037891
7726.96264200887,7232.95140316866
1196.21346218161,3324.49013297093
7905.71229602964,8501.14848608571
1133.8757321475,8732.00359004135
1419.91026902894,9154.61554936851
1614.56362388623,9214.95466224126
1342.26566997545,9181.13723199359
2525.0868574827,9029.40354105568
2806.88405453575,8882.31741390204
1092.7392131937,8666.46410623404
7538.65959309528,7602.03681078713
8144.15696506013,7219.90320522406
8338.66169911107,7240.20993867742
1301.29251332694,3652.21114617669
7714.83562168209,8075.55094290791
1470.75559181353,8942.32245176655
8615.35060047338,4628.79784296942
1602.3444346006,8854.78899237627
1367.14615647757,7837.33735844694
7885.7639459836,7889.78819310214
1275.82577909432,3102.82654788134
7600.74494794887,7814.19676675519
1557.75230481665,3803.32049789645
1320.51589703197,3715.92236662241
1666.02010857686,8033.89882004089
1202.04618448957,3461.50067598327
462.271224104866,7959.17070040286
844.512216602834,8944.14123053667
1483.1972140185,9023.80984397436
6510.65100115593,3717.73087401499
8041.34002375464,5891.77920211785
8390.05603972905,7244.17938065311
1815.22178053097,9008.35208222878
1498.13666977269,3565.78085957452
4217.59950878306,9063.24438775325
2476.48904448564,9246.8240698901
7213.19085456538,8231.11487999767
1247.83714209062,3240.87462959296
1956.35237762276,3967.23414662896
1299.08052775766,4151.00052821311
1391.46543335615,8853.17839386567
8411.69464993813,5815.70417539826
7496.49300022486,7880.69906143736
1684.21290929803,3597.30160357145
2054.05388987853,4886.53517931554
7161.80342905691,8067.22185420162
989.431321830896,3396.76682857462
7735.81807191094,7962.33624172136
6327.79453594136,7622.36696217067
2308.93845157611,8437.29013237629
7494.83883905436,8200.42595392008
7599.60737828735,8256.88440950673
1515.74440134859,3788.00578643604
1065.18617102024,8916.0090844502
1101.91667400341,8860.78685112774
1528.36546393615,9389.07208019818
7199.82567952746,7662.78266746846
894.628316028269,8386.7828540199
1147.15365284654,7976.76654949391
1389.93425749704,3434.4537905027
1471.52185795278,8867.99403052505
2071.92247667392,8986.76544203133
962.274532380517,3579.70325497051
7475.87635926436,6758.16289569065
748.689921344471,2906.81549232899
8874.08730993722,5842.31380756346
1560.25696755782,8840.15868185337
8059.02008150734,7968.62810198534
7293.1154281546,7224.40761024794
6927.24424710816,6869.87617419739
3244.87220938623,8754.31447248785
7345.89405253967,6501.3602841793
1521.59370353412,3807.95051684547
1039.22246264603,8837.25879740529
8270.0093809034,7957.23980964737
2247.57739095854,7905.80471667607
1257.41560081229,8949.89932504651
1725.97634773603,8208.21312987231
1439.80718932238,3904.64212116448
1142.05958369626,8946.7610117543
872.042731235656,8984.28539778785
1622.02150368669,8981.41458668272
6957.44396909841,8030.5769139491
876.385689894082,3154.35452034186
2421.62836234483,3352.77716185628
1364.03876022915,9229.2654425723
1911.18455664324,4035.86114052508
7450.653951369,8300.39796847177
6026.1399256381,8434.96648794869
1227.56605963729,3180.49071292276
1465.90928228891,8984.63646478419
1269.3625059158,8800.45026941613
7258.64142453591,8368.46555965563
1697.19857878176,3828.93066667827
1514.33805584911,3806.01200057034
7697.15676145822,8187.22830503137
840.965913316767,6953.18825503824
1365.33735829522,3268.32686272688
7481.83496699982,7603.02957460068
1375.81165576669,3495.89681984021
1191.59290914811,3351.69404539119
7690.7938153981,7786.84042835651
4330.12990536094,8602.56782581196
8873.19766164137,7328.17614909251
1189.10382219678,3503.3902506539
2475.38294289222,8960.49223498757
7283.0628340905,7329.31460703155
1284.09825918624,3567.93057278088
991.286698551655,3282.30985447439
2496.68890274207,8722.06571003742
8308.36630884349,7448.25690751512
1835.83133709069,9334.92072449576
7296.60736536629,8121.39388482172
1169.13685563372,3706.32306830329
1345.1480238529,9036.68241542133
7784.20363441434,7989.86615697278
1436.2050376827,3638.75036823216
1186.3863190556,8964.75761980201
6760.10849744786,6789.9213325656
1702.01905629562,3666.60166250437
1278.10668244331,3050.86337420769
4033.97471507168,8847.63078164335
1134.58395832773,9030.17659951085
1232.02329742651,3252.8321221196
6741.7330900176,8816.71945945542
1291.27693435485,8970.06786418369
1870.9012097923,9212.37330505799
735.957854481615,3764.49595250517
1672.86105803405,8656.8307119395
963.576190880111,3614.43125640519
8027.54568067387,7983.9061682066
7014.6456249716,7708.37550901314
1718.73513143741,8526.36355592714
936.518103393472,3584.5776817026
7145.4099459253,7031.40135769719
1635.74597176268,7654.51533376137
5784.67682168814,6601.39626103528
1043.21996033657,3593.33566095089
1071.50563140222,3936.64122316148
4584.3485887507,4041.23649260272
2213.46380281413,9021.63834292125
996.386674896479,3601.83712754911
4705.07881002795,6311.73381363784
2544.37930617343,8992.29082011793
1281.52460877741,3640.2691283148
1446.03162989886,3712.47566831609
1369.69927904069,3418.64386386548
7341.92618885808,7682.93994383945
7996.29979740924,7660.53662137238
7641.43444453818,7986.38868941072
7539.33902570271,8125.03448524589
1378.46914311502,3835.35805427088
1604.2580546312,3964.58699082206
1220.13263786727,3742.99733190527
1150.6876143858,3439.88817096395
1456.71028847088,8160.28267582163
6974.89602806257,7757.96590197801
8399.4344218267,7333.51692018559
9521.91304115684,8434.27198304568
7317.40880346283,8010.13638677627
2262.67071778077,8833.59273692936
2387.01415305923,9040.37682315212
6965.63778831276,7569.74487917811
8903.90262789562,7705.97127647195
1056.33820072998,3535.10062015702
6942.60157841537,6744.32998107908
1913.63006526048,8971.12508544607
7279.34293087973,7762.40710751702
8524.21689392527,7365.06816546043
2375.12266905154,9195.96989432501
1234.45272731723,9075.31510291483
7744.28181449003,8294.44569189621
7593.30630044019,7308.41718613835
8354.86666097022,8187.93939754362
6825.39236237187,7593.97181807914
1908.05904455757,8482.24955029348
8205.13157115342,6441.94409258428
7536.67885335742,7443.70913362669
7591.59945262116,7543.54337308357
7268.89685920721,7581.96352637375
1036.10940328047,3223.54754301639
1752.31465062971,8873.00062422878
750.164658707681,3272.00940700718
1621.49642197818,9125.83234357839
6653.56636398199,7681.19920689935
7998.87436099197,8496.0361823549
1438.1624288544,3804.08104897826
1055.97041209873,3077.16219322615
1289.75237804651,8835.16262897088
1569.70117878623,3868.67908833089
7328.55225296958,8095.3632155289
4381.12920288584,3697.41118659996
1525.95839313134,9518.80681724871
1366.41232104219,3842.76687152063
7025.38051258823,8332.02874136612
2275.23505791503,9074.67886395466
1467.93275953376,9106.19309314529
7634.80289960186,7865.8573208827
2003.50644062951,8936.89328142385
1462.6358819736,4618.83156857019
1690.19001192442,8868.21807642513
844.298450807723,8979.64826874504
908.18151026809,9284.15084315062
1447.81934636004,9282.63072535273
1289.10050965178,9081.11654619522
7332.69400804181,7728.00654642863
1491.10576224991,8637.84881646793
6571.09195867729,8330.39720079499
1496.02548187034,8970.82190794556
8207.43930739597,7280.18825368798
1493.19994842685,8992.86909636532
7641.7636923445,7826.59301814111
7301.2124068436,7904.82938107233
7898.54624247425,7205.71650396138
7026.89560621438,8355.05138302058
1384.61183894491,3705.12847334033
1964.4629452263,9203.35257699435
1281.57163344765,3394.63037854424
8355.06098356334,5401.02012604328
2221.62511152637,8691.54768638927
927.778146256368,9250.55116409498
1789.68727934597,9242.42105752406
1908.24783912241,8705.33377737768
1826.22312308138,9212.48267780683
7380.50955673866,7336.85144283164
7059.70261500903,6447.33483803189
1606.09093393408,3540.33326071784
714.144407763978,3108.27035081339
1888.67302114648,9191.12618126431
1881.4294740539,8971.09823304943
1436.12385722111,8850.20008344242
8251.15945437236,7325.70795752601
7115.82538751986,7033.80845145453
1675.19933966627,3976.634310195
2186.73454827812,8474.16815749803
7901.01498567945,8076.59762983587
1541.69476035088,3636.6340341422
7670.76396134961,7407.90826140742
7466.11747489024,6894.34945094335
7658.62906170475,8250.28575523004
7369.978866835,7166.78950506382
1460.24611204267,8938.39012699898
1522.33114850583,8982.57794685573
7492.50645443533,7833.21897433193
8172.87362291503,8062.29280640245
1397.21511808512,9052.87971488535
2360.38812379708,9251.67323412829
2069.57631734093,9165.68015076665
7833.16177115751,7097.62790663567
1391.80632754712,4085.47600240242
7189.20673827786,7431.47168031908
970.930052932814,3157.73038754192
1169.59942874485,3488.16352312722
8275.48584898295,8016.3834503821
1785.69056492796,8984.3090180486
1558.71629290257,3766.81426834014
7768.021162362,8396.05271577861
7885.8495625059,7562.6203756296
7160.04175900215,6791.01876143354
7021.31066252635,7557.36847340233
1245.42520726653,9358.29260450942
7159.18810837435,7350.32750742002
2285.94593102053,3764.16621737654
1105.67644185694,3560.33880384192
2309.65221191162,8379.70158521766
7646.34113322795,7910.45201369489
1673.18713499519,4487.41572985248
8951.62966924374,5790.53940438097
7084.1197000148,7982.524188179
6513.97072289456,7054.24309001674
2403.02812215549,8983.41491464156
864.604506786995,3655.17360815539
6102.24290410893,7884.94208861465
1890.67886891778,8921.22304411566
888.497507214642,9103.6795572147
7631.37785796469,7770.70454142742
1203.59455755201,8819.66413340079
1265.63729334789,6675.42741149623
1540.1125887447,9195.97237695131
1058.78713426298,3514.47814737584
2691.20339974121,9046.81130591792
2051.26180592434,8741.10518614849
1726.72271314744,3743.01171600867
1425.47879013065,3544.18396064528
1695.4088936834,9205.36749845107
7149.21156458373,7179.76633400729
1590.86643342503,9201.92779091933
1341.99116257824,3646.70680618873
6411.33495336109,6871.55824764846
2047.76690880633,8839.61119745518
4431.03025162147,7355.14002729533
8560.49977260677,8197.97692813251
7361.78345939222,8344.6834727902
6897.64197797307,7488.35244348041
1287.79416418226,9060.05339724718
1369.53255649144,8356.82217706565
1625.35458563575,3523.09410692296
1257.5498274072,9219.68091679413
2276.31247984083,8776.78322805455
1175.29921943001,8925.47497822186
1231.67820934043,3612.42022661286
925.663534255913,3395.58528435817
1189.61797993933,3715.56645242531
6948.08881933543,7245.28678782702
7556.09820592302,7756.68430673142
7765.08346118184,7902.73753347231
932.534741568625,3280.40415327427
1589.1900195047,9311.78764091145
1413.45627580492,3195.08125201431
7288.10823772703,6118.08456649426
7028.40325886711,7837.13715855728
1829.41955723061,8751.40450318288
1433.42729911815,3220.79921574523
1752.13028912746,9665.93467377462
1530.90756418485,8528.99084448002
1349.02420389272,8929.6402210957
1896.52537440435,9026.15342599649
1101.15618537878,3398.50414277805
1216.69768165983,3875.11873900782
1674.41944423951,8570.74715544367
7300.14124537329,7497.16022951954
7843.40646061019,6768.34247430807
1916.50531776542,8856.74367339178
1772.22148004767,9258.93193042052
1439.83862895704,8727.81931451006
1278.04577638684,9027.80266625824
6820.94913617108,6957.59038837319
8526.34546077076,7776.08772686125
2096.93297373211,8539.7437214269
1915.03862390659,3891.20284116214
1662.52480007285,3624.15573960377
8817.73916132945,8516.91723559048
3256.06815944491,7301.03342977641
1772.09008239339,3708.55689969216
2824.61503510387,9036.41909089642
7296.6359670535,6993.7634135354
3317.8741974481,8168.72570449998
2388.13137533735,7893.04026478487
752.885767964318,3302.35264205407
1027.25164600255,3235.76559547157
2659.25014894521,8418.15564125375
770.026316561249,3054.6282435257
6792.40651180779,7479.08633491533
3938.38150791515,8338.16586766785
7025.79409705612,6877.24847493131
7464.99597865325,8739.96771372849
7641.38530049287,8288.92620733768
7859.80449537595,6111.06802771315
8032.5333855384,6992.21438340803
7652.33744249941,8199.37569410923
1386.99369790394,3516.90330722088
1215.17906966385,3309.24484956048
1682.10810523837,8972.02077651606
1584.74808620724,3673.5708100091
1777.72985570633,8447.70371547055
1156.9894276982,9249.22291039748
1498.714768826,9148.51993977644
2033.94974178899,3526.78141477463
6669.09546193148,7451.12568165391
1647.5224082379,8490.01622863957
1112.31990362935,3356.18893403672
1423.45951839363,3708.23622048844
1120.73149219088,8829.4151917916
1424.54269994972,8067.7336672523
1262.25835024058,9294.50043946382
7596.9072645792,8178.45250396662
6672.10797846799,7146.96176519506
1388.97045424693,9092.21686569114
8386.68483634139,7427.66107183895
1933.45160814158,3749.9767706862
884.623292247985,3609.03222831051
1067.69656224357,3401.61684260883
3019.50105730081,4274.6348744346
800.864251256017,8888.31631958327
1172.32813769484,3267.25822677839
986.58068733863,3485.8884598908
6918.07140050863,7591.5297723972
2675.69598753413,8689.22033707068
1551.08082788735,9225.44699958479
7725.11755253999,8120.1896013824
970.914115623577,3506.63908436496
3011.84111300551,9564.19177629098
6587.85486508456,7539.97512880494
8062.0520836499,6977.91572661463
1515.38627491254,9114.77803582857
7122.93483148708,7979.30907488476
7695.86116195349,6540.36128438502
1670.5282890896,3432.52828255449
6966.76750577835,7569.50763563461
2142.9198712194,8639.33580842412
6943.29664349018,7537.17346260342
622.062600624208,3280.52540263396
1355.79835291575,3801.12011264808
7900.86183646894,7220.44331310183
1096.92309018657,3401.75900503915
7704.74789744641,7573.08462168617
6496.04022351829,7046.75282807663
7516.28496190562,8167.16249138782
5274.00318391606,7728.46038136507
1518.6757992817,8580.25094968938
1076.0670512116,3657.19512686176
2000.10570662036,8988.1076007821
2082.53903057503,3570.43634733455
924.812948450221,3237.21602603662
1247.4130627441,3319.36250235189
3056.5702611238,8699.03913615927
1904.54871238563,7893.19644524341
8778.31431106126,9273.94607757905
5960.41493393518,5802.77171566068
807.034956380752,3409.33316820589
7150.51550680716,6692.08568764088
1542.79033808253,3808.29381807501
1504.7407565025,3597.95620837571
6823.1205145649,7353.15024452051
8252.74559909448,6821.71147595459
1735.9579938666,3821.69030059441
1515.31593152943,3398.65135196162
8554.76779797941,7283.83401313911
1879.23086005267,8783.64012590183
5798.46204807928,4489.81791759602
1435.00970520668,9238.14171578249
1246.68823944861,3211.9347427566
1125.00702316488,3434.9539131116
2352.50593025823,8916.86658403395
7212.70194782497,8192.93271128263
7392.90649050283,6806.01646222727
1929.94017613136,9033.21025118103
1235.30391271747,7878.93883427604
6790.38232305252,7692.99974491966
1740.32517031695,7798.01677051066
8850.24727869968,7210.26411348728
5982.19186374933,6304.52320427256
7778.66284961997,6744.83672320133
1024.52825103918,3604.0614895336
7322.41858288525,7661.10053869558
1365.72411397264,4131.61785414233
7059.83608564439,7491.90602086593
1915.65073235666,3313.20494464208
2351.91728374125,8790.53700213418
7939.57316915097,8342.14795938217
5714.32808909076,9514.24383280939
1154.25862418047,5132.59925270917
1601.34028343062,3612.99705606396
7348.22105713052,7639.97408077843
1344.97237900113,9429.53712415982
1133.704184296,3341.78967697523
1545.69869502579,8977.86309601119
948.813253127902,9026.9144304528
785.566754330971,3213.01447000347
1626.50442230689,3568.20113441761
8333.5555451837,7579.36117899384
1376.1135631136,8699.15833673789
7803.64117732456,8463.18055712865
1133.87133925039,9030.0750010216
9311.13067863147,8166.82314109898
4691.78843638262,7668.2451293457
6727.73894810236,6374.45212537626
7215.59106005065,7891.3029294323
7724.96366727785,7989.01934404277
8026.14920345406,7089.93071740007
1880.62099667853,3789.97155155866
6512.11790002455,7679.48139593774
1149.78949950532,8826.75240163325
7192.36629211743,7621.45895555958
1513.24837458167,8880.83358447829
7740.14541584115,7618.23946086883
1919.13932474991,9360.26119112114
7067.54860866335,8430.23453252212
5524.43194411722,7672.78439343727
1347.11354987164,8416.99501916849
6809.09955478414,8109.22867453264
2119.47999505114,9168.57663819929
8658.09946257993,7332.69776841717
1582.03361740038,3952.23489537532
1748.57153746051,3408.96646472714
1582.93315627243,8491.16669649516
1677.71479403555,4002.86694210494
6624.30500721935,8866.08165688821
5672.22848342829,7315.58788024466
1647.48079608967,9071.34599924367
7942.14148635859,8142.41121666354
6822.7577059118,7442.08322610544
2584.50630628486,7745.24188431072
1425.13845933724,3870.04007679239
5853.93968462306,7800.92668604389
1514.38632568535,7954.19441541693
1459.59107541285,9109.36956080439
7639.4674937942,7488.80914203445
1973.89826248981,9078.34857899742
957.127792536204,3704.78945993453
4219.99244551032,4127.62413229172
6897.24232549018,7637.99565877704
1296.00871535377,9377.94393468949
8735.31236876512,6303.87765176651
1181.39886234497,9035.81578859697
1513.16156717134,3378.37911217521
1554.58050164766,9169.26376828804
1136.575898625,3688.86419141066
1734.72218589802,8853.88752090291
5978.80699365403,8054.66061475127
7322.11881688592,7812.73705992611
1644.63329619153,9019.67003120128
2124.99112394324,7590.51411789788
1659.55211254604,3894.04072664457
8704.74313726856,7243.0186803764
1299.76160692047,9154.86986526013
1712.73998126028,3835.79607873903
1222.26415428713,9301.28689949168
7599.64990067062,8030.85207865195
5415.14112932702,3779.56919593357
7265.37565063866,7942.56780288011
6879.9727931676,7732.45332431875
7706.11378846659,7429.5095216166
1013.64288333044,9035.95787107221
1074.1119113728,8812.69395406469
2182.55278134034,8940.80238790388
7233.98737226323,7723.88490537555
1998.49053087923,9105.21515851954
1907.68737154912,9242.54561177951
6786.88799074203,7024.6782882645
1704.34585063957,4408.08035135546
985.279795804262,3202.78303823012
1157.88665722428,3505.00254894437
7352.62080858644,6785.34639969496
1234.70652591359,9075.34773267462
1055.16264918753,3679.1524485439
1136.80782325049,3024.93784891196
7906.27744228194,7887.97044132826
7131.07625733905,7805.48661225713
1021.19568602308,3312.42597118419
1392.39822502822,3736.78526765249
7559.9113849507,7745.79359376588
1696.84554783706,3835.32910378192
3454.66666592042,3340.76316969379
2218.95569554838,8733.06261791878
7284.9426715554,8261.93217145046
1570.61836853384,8927.7804974231
784.366671247447,3389.4783587405
1813.71818849825,8820.52545366027
5736.09404420744,7295.91813461721
1240.28945552303,3467.8537667169
1207.07108807262,8723.03450195665
1180.34968226299,4070.7940151742
1451.68638767121,3493.83002629221
944.164882439473,8862.40713352178
1010.26066521375,8458.1479672258
6034.01958210812,7534.7378333371
1426.87238325256,9059.55339734968
7991.99906760028,6918.66066394217
7068.15963610745,8206.18746132423
7785.69103336543,4766.0745803817
3110.63765551833,9157.88001031697
1388.16837176853,9266.14920837762
7744.49236123726,7908.7300283507
1220.447755762,3596.07154212322
1864.1349102866,8433.46232878612
370.516587138511,3107.45896106272
1477.069093639,3522.20029891832
1609.59485343873,3404.45091074376
2725.07172022428,3530.73729042878
914.504972958949,3290.72977130083
1220.99546476438,7830.42878287428
6990.83365540286,7739.95923354302
2197.87571986153,8084.60570315689
7791.43848343632,6760.75564236171
8198.73282967946,5011.49223602297
1438.68427679528,8981.8840808907
1231.62020446832,3822.94659937262
1242.77036592131,3519.54597294022
7419.23283045685,7596.53072588969
6685.33183388927,8575.58186727364
1345.2664016461,8879.92576129922
1395.69734406773,9157.78523500718
8049.14499818614,7492.48122144155
2020.9247210005,9143.96445184929
866.583022966535,8839.38007361598
1546.73051052038,8843.92590710449
1181.50409421958,3433.13689484937
1485.20301964825,8673.0478727597
1332.65381310739,8116.71819609749
7001.10741617519,7707.47816244069
1572.10772143699,8954.29193896039
1929.00659596796,3803.17315053136
7597.5994250299,9434.24960408542
8539.96976905185,6428.50752277351
1729.17249987112,3744.28652593333
1326.26127540564,8792.90866903339
8401.72921714579,7193.20637021349
1573.39107335716,9026.96910871116
936.66200870984,3583.36872477077
1113.95532264854,8894.178825492
1942.80221765258,8912.00206050239
8411.4576133658,8016.11828067858
1439.39612141677,9102.82642789059
8108.48888309218,7390.06291674999
1153.96539394368,3628.64659371619
2291.4645575036,9209.87427554162
6413.88156661885,8597.69192654459
1561.86585281397,3537.05145900832
1447.62828974139,3909.55094029795
5859.89924973199,8796.52283930032
7550.56313921744,7400.43340199938
1155.50227369915,8998.84497776458
1638.90116152569,3690.36064319723
1096.68492710147,8976.83227134412
1670.69050642153,9019.20889042919
823.445165425906,3198.22094027052
1044.50843156189,3271.27867289714
6413.65872847389,7517.91371257092
1694.98721926622,9219.21292500851
920.659086512092,3337.33982240053
7836.07849629322,6932.30793542715
655.814527433103,3431.30742600365
1369.58851740196,9067.95121805219
7264.88748561644,7809.66248031884
1929.94486642786,3791.70361489681
1055.80089462928,3479.49877829178
2706.53012308978,8706.22386469803
1245.62947982938,8781.41060966157
7576.69345059448,7541.19133543645
1999.51669225308,3917.2528490291
1978.99069976849,9073.58094408497
1536.0884695037,7999.32950416125
993.853868334147,9237.48099428428
1456.09138826901,8856.51956438133
7750.21052661374,7802.65664032866
1773.72443931319,9216.22140657116
1566.00359638612,9055.65512438409
7535.14472987612,7327.59879783911
6346.81323055675,8993.94058627109
2226.579414274,3902.24337311512
7671.96784556051,7361.5381278391
1158.27283067518,3524.23162574252
1557.41664051988,3477.08034795656
1886.12838819086,9035.54105208996
7677.96866502503,7849.7290330876
7583.5272481344,6440.15156637587
1934.23375453731,8564.05479032973
2587.50870269726,8784.74122462304
1452.95916272578,9102.24167857088
2120.63478747871,8535.52424261259
6448.29751432492,8090.71144730177
2373.59833846171,8372.98467316623
7230.06402597903,7772.35644910572
8084.58584158798,7166.31094063296
2115.31342888128,9109.96355685456
707.108873587527,9116.71569583717
676.727787803484,2927.38589435771
7722.70001063572,7366.39914712178
3347.06300340597,3383.13982553898
1149.46229577484,8931.73707147747
7979.46371765461,5101.81690583183
1570.74200513737,9147.34280505453
1198.20858385271,3500.61377282615
5261.71060591818,8890.13961245141
6199.67192821895,3991.80310959455
9255.03993647429,7320.56889243103
1545.86040359331,9066.88591474528
2092.69329833874,4520.35526659028
6806.15773844422,7998.30514574094
7302.77041140685,8159.68852063999
1178.3494834199,3458.57069741568
8548.57885568871,7447.76429446439
7887.70505643938,7417.98600060333
906.150832508919,3539.54146873819
7751.11907199193,7817.61282228451
7833.94402216019,7358.09014530869
7787.48249230543,7289.63991871215
872.031808076665,3007.36191170756
796.897506125847,3019.86823613054
7442.21600076357,7796.93702986405
8332.39288064829,6780.7823220395
1096.70414545802,8883.90250991907
6578.5563445882,6653.96507035766
1426.20243594083,8379.56195657872
8227.86135645224,7616.86423193482
7295.7763766634,7082.07696119151
1304.23367409421,3357.17289521016
7931.38087644529,6512.62115310166
1524.34703676146,8938.73447527211
1550.21443351372,8910.43442384837
7057.22817864831,7242.37320731986
1553.85715197322,9075.34562833934
1784.65379066253,3489.65389236745
1381.1350796298,9099.05691309254
1630.75464244284,3852.2457922483
8187.80128169181,7752.02733985323
1413.57469825011,9163.17093164718
8659.24302473116,7849.39201948165
1838.01820127545,8712.57078475325
1550.43179431546,9076.39334450307
1531.78938880318,3831.77979126417
8740.3719098871,8187.68308004887
4846.34349277079,8484.46115460866
1908.48887074465,9285.24788758249
7602.60694780992,7229.2022571485
1048.56584938995,3261.30045147742
1094.40240586915,3261.85832153486
6689.66928569473,7211.04432095448
855.173188478483,8664.06658052464
7556.42565783726,7757.82223085872
1446.18352193132,9273.73164878256
7755.29357057076,6645.99000258368
606.847977235951,8417.91375757482
7566.46316439339,6310.9569347428
1500.56511632317,3629.50859488847
7708.95092631057,7862.05224212218
3057.06185859799,3592.06213332406
1970.31257684922,8947.98903047201
8526.32567744656,7637.54496089514
1762.50530642748,3813.80593719079
2260.37026426125,9314.63838438898
2167.20351127276,9123.30291282735
1490.19233808596,3536.29475063491
1581.8878986258,9051.79378464947
1553.35101881369,3757.65230116314
8652.93005796062,7155.07443256997
7515.10899241992,7548.040522091
1677.87510256568,8904.09098972018
885.405503192364,3221.82327000783
7856.66362155782,7180.50270152008
7614.36450298924,7747.38444796633
8304.49945381003,7378.43198545533
7387.42368272726,8182.21428745742
1285.51510151217,3637.73446543675
8591.68371634121,8053.33293779562
8818.86926133223,7112.63604956952
7473.47785395938,7863.76912486833
1166.74667633901,3261.96467268366
993.374172938836,3368.00760095384
1522.04606731097,3310.57146918612
1500.08242713595,3595.36069984778
1161.36897624717,3430.45140829817
7054.22244997276,6402.31003996229
1433.13607753125,9038.3514195709
6662.55053234234,7749.99631535356
868.391906208603,3205.89530730852
1452.57911862321,3685.18884010918
2428.42627207633,4266.84633806012
6896.41307326134,7153.17570109526
607.635201869074,8624.16786795194
7994.54665277617,7090.01873145211
8062.12400125323,8457.91627080139
1574.04475294297,8008.53929181204
2954.43561981873,5519.07406464627
7699.86021812343,7793.15733750462
1891.13997078429,8394.81690147811
7216.76367349359,7658.94031728324
2118.17642447674,8875.26305638836
1636.91584496264,8862.94915895501
1154.40780597373,3320.51166555214
1739.62503757448,8687.86315315895
1035.31805061061,3468.35524254876
1874.29872142781,4227.99070581847
821.042084439902,8238.40852526325
1024.84995187335,3451.92464840533
6744.45788677138,7642.52390691561
1359.19513747541,3850.0273116824
1340.03070031231,5099.63042832514
773.396378123852,9146.50737662659
1840.29872606072,4050.51463604251
2139.41647234045,8702.95733213178
6642.43930995133,7703.53892902813
1932.78917657113,4053.35163929398
8222.99178727331,6033.50973968408
1341.78878884115,8911.60802245779
7038.14982062917,7710.08550485394
7906.67192946442,5427.42182896728
1280.21752719899,3371.70207349113
1550.82164918617,3451.22407223775
1490.4311429334,4421.52767549648
1476.89774685397,8393.05697414501
1540.13801158804,3743.60133376734
7406.11983026767,7510.27934118084
1417.87013564495,9009.0559720307
1834.39392151533,9182.9931076155
6993.72451661193,7561.34746275042
8000.8383066348,6892.29418188383
7828.08487101839,7947.99989457513
1641.40140163596,3720.96353020225
3769.12054948328,8002.61079029688
8238.28243273504,7586.59559832297
1357.0507754885,8927.71599712303
2517.01022668058,8837.21640395036
7791.13647896708,8218.59368612426
1015.360096653,3897.92761185587
8252.57930808057,7181.7678523339
8952.00460997069,7686.4817435485
1565.02901221913,7993.9576501679
1323.91689543872,9301.27459052005
976.868115306525,9058.16275760151
7769.0785364305,8356.94765040648
1868.21499084116,3929.56610411982
7129.63726973119,6361.88112650231
7158.88185813519,7196.04273642874
1354.5009563417,8591.95440071824
7594.24352358799,7036.25658417822
8037.59673444498,7334.68222446128
7037.55040307926,7736.76142566005
1658.8124111756,7738.32143311893
1862.75483737192,7974.23420661785
1501.46202880637,8750.098881905
1695.50165832654,9023.54296534711
1884.80612427908,8379.26492529092
1099.69029379894,3343.50990875853
7341.8255297118,7186.52671068666
7517.90616008697,7526.5679895804
1952.49076664211,8981.33541933372
7524.0014246745,7328.14582525754
1743.29615187498,9055.59922695456
7276.02950707491,8252.25421844866
6292.02845756168,7231.19387236585
1937.43676496047,9304.92618591917
1263.33966029428,9121.43841438369
8054.08478317801,7731.99393429793
785.829359721378,3530.29945542234
1342.63692656927,9218.45937945594
1051.42659143747,3526.74960621022
7678.46149811044,7187.12303501224
7640.45069764625,8045.89892891287
2341.57334704737,3690.94598633108
709.94582778017,3535.03980649655
755.11476064318,3456.73876549803
1206.10518029008,3786.25437296918
7391.62679099588,7713.26241654602
632.448734249618,3400.98352544914
1729.6593831823,3891.73414057667
828.137396354882,3278.59012450833
1867.48822506613,9220.13981429176
3483.70638866416,4372.95474149974
1706.45022567624,9228.45683899715
1767.76096366903,8310.700132633
8738.02500597808,6746.23454484218
1278.38969162583,8221.89818641737
7920.24266887535,7468.51149960904
8332.15054045631,7494.20769299097
1972.3675203962,4613.53030562116
6765.29733341214,6684.79071587785
7461.2775752835,7242.88102626388
1302.14767315986,2867.74347465675
2517.31417723431,9090.51701970245
7355.69046076837,7360.10976350692
2351.71313977406,8067.65304445117
8257.68640484139,7685.81626527941
1641.84297269743,3458.09516720292
7069.09871387567,7323.5543158958
4072.15014847584,8285.8909257137
8493.56823822203,7508.41078788113
1370.20090915555,3444.50442663064
1668.51325469263,8550.74349928377
7741.06328013457,8252.74119267427
7112.87713124948,7668.54722822769
6785.06281205644,8104.39073806253
3517.84429830365,7511.64946629315
7707.17502693052,6929.81801629345
1573.18369163224,9199.26904121602
1751.02677421825,8764.61811127115
8042.07401356821,6107.65573465937
1365.59532260967,3867.95518386905
1696.79341050302,4416.53009043353
1034.07136527404,3727.55644314849
1232.90873827461,9140.07215974759
6804.01739364878,7988.6441697016
2565.00545936697,8212.20198725001
812.907725486457,3302.64817190958
7805.5919843158,7923.3090168514
8022.79880364121,7742.80956958577
6529.33442282849,7389.31204653926
8204.48322673974,7084.70056227553
8700.8829271752,7855.56912583674
8562.87536487122,7609.94903971209
1500.03431374345,8761.48480768645
572.156377032584,3314.09426805303
1714.5583542387,9302.41402699246
8364.51390646106,5964.79626819711
1362.11484900632,3638.39413773271
1110.1031181374,8574.75834681879
7240.62025279742,7403.93228199251
1311.06893269058,9141.05094175352
1829.61190494321,3985.42401665773
874.147029707385,2101.36075548168
8078.22992060016,7746.71375105514
8820.07835789069,6973.852024284
1546.37304075736,4627.62910404133
6659.21123771549,7959.97296384914
2253.29412752207,9239.66236570073
1464.34875889586,9081.82565189948
7864.28127539891,7393.92873709685
8308.72525843912,7219.2152874681
2107.54925638269,9105.10998535694
7422.91516836183,6697.56382007974
1788.8670725507,8782.49903838364
8048.85973359418,7987.87958862809
1796.55692269565,8816.67915851594
1344.62424060575,3714.58836909962
1401.07185814555,3065.97809880516
6999.82444437304,7238.15978796091
1219.15541394324,7990.37852271477
7437.1959211267,7905.15056750506
1837.22142004286,8728.36911705647
2829.62621329851,7943.66864498098
1286.89819420713,8677.19340032238
5888.24687370019,7467.21028835277
1946.42577863488,8733.27191496071
7745.93054178448,7520.07003762552
1359.3583001835,8939.90153122421
1417.96253459642,3603.16351825098
7583.16505809051,6857.30097400844
1115.90311821712,3252.0989036418
8143.23356087448,5318.06670245895
3841.99037443845,8721.54852343205
7139.28032207757,7436.88771111647
2091.48309350481,8887.69921381274
1053.19274583258,3227.28413285356
1091.61873077818,3291.49314005898
998.354796237922,3451.12828104189
2386.30797365624,8972.73934721545
1126.25135940471,3430.77164963145
8032.1246903779,7032.52632142512
5563.55887366738,7227.82017665586
7767.64662308065,8304.30914792401
674.52859663059,3066.33591824708
1816.91137334913,9075.14042283272
3289.26421816364,9048.26949715972
6868.80515084647,7949.67228311733
910.807345336436,9080.54976442804
1197.53644339984,3473.72929758599
1265.81158042992,8797.56528284161
1766.13336522412,8790.7372831987
7319.49711720565,6740.81516783323
950.872510690995,3471.25449056055
7779.53878601495,7881.43625668887
1714.12754309875,8543.86271572636
6567.62926345325,7856.66217962499
7694.70972697344,7899.23557612068
1082.44691760352,9287.71125657155
7029.74421136384,8394.25105096249
1036.6601578941,3384.09168323388
7499.77531217822,6793.84245341107
5809.07788249471,9240.49691408889
2058.63031668761,8407.08490989741
7075.14994424881,7784.33815393608
4265.90416968713,9305.11433258296
1152.56141274496,9344.05399564274
1410.28049754029,9414.70540429764
1550.08666512157,9027.10897661708
1712.30947427922,4262.74398896769
7366.60767076566,8369.48384937555
8158.05060588256,7835.26908167953
6735.22513296325,7510.2644495157
7452.47397120419,7829.02787645367
7715.2979331257,7749.95678753514
6543.55016317725,9457.46001081772
7983.08909348828,6808.20269605432
7593.88254122928,7974.05674539317
7094.86387436485,7305.27826587462
7827.00820448553,7524.52811413826
7512.25957218462,7895.13187418645
7117.00229269291,7388.52887719236
1054.41621644464,8897.13315942554
6671.34517957619,6584.94622929484
7782.51830108355,7514.81871797791
1365.21143917921,3441.654352383
7135.1611004145,6933.45195123025
7738.465691168,7710.47188504806
7674.6354784015,7061.4049323643
6746.55889028898,7596.83673994966
1303.05422170638,3529.31709918232
8276.49120737941,7508.12805165083
3721.32098031521,8874.17484275949
1597.51543866462,8945.90670763551
1613.50992030714,8169.39561491471
925.756477453493,3767.9865909171
1339.56211309011,3696.48825152351
1271.17646704115,8785.82834283165
1336.15645393849,9108.57251701096
1639.26020094773,8949.63779706811
7741.34394853677,6783.54756774017
1242.83037802029,3642.54792852068
6976.61663084808,7607.49375323191
1615.99426180514,3709.43352078757
1048.91623822216,9136.17176334357
777.963762364083,8154.96478698717
7937.89617014484,8322.41631895043
911.046726086556,9135.02993568675
2611.29974970521,8803.16836943817
6986.05665898106,7635.81584255086
1473.60090650251,9207.60049755291
7762.0359798101,7201.83421006679
1913.57135419457,9112.79792144582
7449.59786946359,7972.0019107781
8791.07096975904,7615.23690852082
1124.96275000925,8208.7792609726
4210.6925014653,8303.41519161236
6750.45320305721,7977.63813821125
1641.32840807359,3564.13599438163
8228.05900134645,7742.70050001079
1491.61335094252,9313.3945059128
6339.5088929692,7549.92604279459
1966.93628728267,4091.06007805199
7087.71437600688,7903.18611807876
6864.22718355921,7052.78144993244
1720.51899710496,8854.0864865602
1318.51319264481,3352.48514234891
1532.92565785897,8531.03620276706
8057.82699524146,6654.53376049867
7736.24889528919,8230.60069316038
1938.97448905411,3758.86010138096
8804.12145895079,7139.95637769717
1523.48158680334,3846.64942979802
1135.80522304408,8109.45198070325
1568.87521928706,3897.58737809669
6793.22649338155,7382.739606056
8510.35838510394,7834.31076618791
3735.61791957898,9041.85088258049
6907.470047156,7774.77550494941
1467.79957118354,3676.42547078562
8237.83490348315,8509.00106204888
1373.94347365874,8899.44698708972
1340.74086737582,4327.30254113818
1188.56751668982,9098.46609945858
2092.89897857132,9311.03458807617
735.701707715417,8732.57571052449
8387.61373851631,7629.32417857768
975.475640909912,8627.60516749341
8016.36076476873,7387.74681778082
1247.29897516902,9028.20547994364
7991.28770888358,6542.45366312605
1477.5246433343,3697.05606512448
1450.04983259822,3828.12482017925
1306.69480053147,8847.55067409066
7656.78184101297,7538.32830917068
980.936283837872,3184.6814523939
1614.63582045154,8901.1377315704
6763.23998389779,7662.51179907929
8078.61279856118,6803.78628601712
1368.69881777164,3396.94947971423
7048.81641073154,7828.89125950259
1433.38977610153,8675.46290808961
1794.03687507484,8821.89744079875
1336.91991386232,8891.69555876186
7551.55328171335,7726.27158776295
1041.13168003811,8217.89833586552
6224.43906380717,7638.52516260807
946.227013182478,3161.65014924011
1608.08538477548,8821.24304382445
7509.49358380331,7026.22591635058
7308.80810954567,6830.24608599455
1245.02603725579,3465.70672028855
805.499539631167,3199.34291978444
1633.98703300394,8753.48856513596
722.282597048149,3538.79333826603
1878.74397557909,3847.32501035571
1447.28390205222,3575.16990425433
1827.89785242966,3525.44018113222
1604.53773205484,8945.89150491586
6535.72660259496,6712.67843126137
6796.22777475222,6445.06521173967
1510.41224146888,8453.73032087579
8573.94086495994,7729.8634136101
7021.49131050025,7573.37029941355
1721.07313387044,8923.89996482301
8592.17996112016,7587.46234651285
7427.54226283816,6422.72449004485
7285.29485450296,6898.49816295267
7556.5159098461,7266.17839691897
1752.63119901079,9185.1334432121
8395.46086790837,7630.89093236114
7364.05418318439,7027.89489679005
1683.6765023822,3774.1655654963
6415.24263625386,9208.92874872948
1086.15290519192,9364.20263083213
2319.23676505248,8893.80643135659
7291.38799863296,8042.8436957063
4507.4987095966,3802.41145937477
1433.22893469159,8992.94604315977
1226.8022839625,3609.03641710228
1604.75522910476,7373.44551317287
1109.72074411446,3725.39587368028
1601.94599279574,9058.96211034572
6852.37838769402,7556.21561961625
1152.76993361458,9124.5256962578
1244.42140908419,7154.60115334988
7870.13144736483,7689.2724495993
6849.65477696276,7577.12998040158
1424.82489747852,3496.29380209673
1648.88220100899,3731.86712747204
7930.49515950392,7159.2029249789
1559.60772924864,8896.63821629474
8100.9673241234,7257.34158764975
764.923116589033,3484.48693541516
1333.22413637275,8884.46055164353
1722.33119418637,3153.01145262832
1745.4422565077,9392.08668445489
843.980696176713,3478.68838472047
7555.12637932848,6746.83340023333
2014.87511341022,7776.54712129102
2064.30691560418,4152.64077759729
1006.04323577546,8062.17235456603
8432.70201827272,7992.56474964014
1431.79413614022,3855.47623023002
8606.20697798703,7668.33703309571
1424.42551216974,9141.28844149797
1475.17904947356,8797.07866824593
4729.452512667,7429.91915866674
4061.49093945878,7620.70092915899
1934.51240495936,3921.05880701081
7439.27914248789,8116.34064345546
998.993671336655,3451.25240597713
1673.94174318982,8850.1836735496
2003.79441604066,5403.67524478867
7350.05720465263,7597.87094046934
1585.99849722161,8745.87019144541
7323.69834134136,7556.58780692438
960.722797199419,7787.79170308464
1618.69058647578,9096.62272345173
7472.69577964755,7268.27552468835
971.960473827712,3278.45424518148
6785.97924503572,7578.14246860901
632.946543238157,3074.2216841498
7127.83859081964,7368.01186236775
1435.03826619756,8727.33541246181
1036.20476321712,3214.86109799149
1638.76313488119,8556.59096377879
1652.70869411988,7905.12720170629
7907.97720562245,8216.56900929661
9062.05838709935,7325.64067667379
1244.45029956669,3415.70884054126
2858.24228373513,8873.8963663461
7633.67374843432,7014.7570155386
1415.14381478606,3441.58969107557
1105.12323998515,3228.22400009039
7636.1285856413,7747.62918361346
1891.29574311833,8039.24729916212
8372.02483674558,7543.20616143426
8488.19294126375,7100.64035604214
1318.48290159561,3982.3549015029
7260.56316773863,7748.17549682811
3883.97713564168,3249.73455332072
886.269018057906,3515.42727449102
1095.36040719312,7693.05518748788
2257.30894215995,9571.14530676719
1514.5187155221,9080.59736203762
7836.33120704888,8327.50927280901
1437.92261120372,3711.02561077882
1112.43713119202,3253.99720130523
7146.3508157286,7650.32434135949
7376.12520978965,7991.14393128996
1523.52327512501,3429.72865773384
7166.88500350788,7693.85721091999
7063.95895548925,7022.14792328861
7601.78817803196,7821.04733686456
1461.0721991298,4255.11740259158
7442.77644125354,6331.64844316592
1968.6012300283,3696.34163583541
7128.68199530894,7535.54525713114
7273.29439969977,7402.39397112073
1852.32853310965,8320.91308302742
8516.25595437857,7085.97631426679
1217.58409906344,3805.37060107039
1707.83076120361,8741.93130516236
1367.42823112473,3611.72115933123
6917.68747262994,7621.7423789146
1732.54279731498,8825.18846919553
1312.77476372129,8926.62190979845
721.839242396163,3289.5921457469
8127.87022969488,7023.11459064406
7678.33504074233,4152.53712535586
1643.5039893951,3624.60533337681
7081.27664292142,7105.37018067407
1426.12555962912,9172.61197156974
866.89355217102,4058.35066542359
1100.45124699882,3842.90426667388
7260.46274430565,7670.11369382079
879.189566424504,3321.61269469288
4782.50442767507,8851.88534826539
1586.84775765467,9214.39301626699
7966.61905155532,7555.74921512092
1581.41399793825,9023.01049171482
1031.64734817834,3189.70265798094
1571.10797596679,3738.286141452
7855.64454955964,7027.61644073133
1818.19015985373,3295.87343163998
7063.5566145841,7460.53805832391
6865.7736610845,7250.96902979707
1534.43310367839,3825.9165964341
1533.45983557833,8372.51926179778
1394.92849595455,3816.90621317286
1497.97165224332,3626.69308566061
7625.11629392137,9237.71661441542
1206.13994414041,3278.93849278494
2541.70127139986,3497.99407537088
1204.89755591694,3567.71978724151
7650.1948968048,7972.08756936432
7415.32899286783,7665.92908305152
683.003228453659,3435.99251533177
1794.39370637205,9101.43122690427
986.157063019678,3531.55604855884
977.824309986744,3072.23309983219
1525.92773362973,9437.20412443377
7067.75523441897,7573.18351094022
1004.20002735452,3435.27130841448
964.811386534817,3054.87136942233
7743.39027316321,7784.03907767364
7535.56344204493,8294.23521577295
1891.49218528009,8260.05815342107
7135.61152945749,7685.68690860052
793.265871835403,3038.86093849257
8080.69456148995,7523.12094405749
7796.68992576146,7353.01905891363
6503.57306286004,8349.22020427698
1726.6170074094,8291.40229835377
8475.29687380587,7973.89032388264
8112.64075861987,7737.1074279249
2816.95929446571,7104.62305243914
1041.84196114875,3990.36053942427
1511.89157303504,3298.24723022909
1229.86118269464,8957.33273822122
1799.24967336464,9076.90016272933
860.837846200753,3269.11431007887
7755.86418053889,7444.3928426324
7557.93975951919,7391.78405534421
1441.16344200753,3625.32955365868
1578.5924956032,8828.46830016891
1393.55199833513,9043.65361912084
8044.94433937272,7885.76526180437
1310.38784000881,9069.34317597516
6580.60261963174,7169.35064328761
1649.74969379409,3700.17087374331
1207.78717473594,3226.75381881727
1094.0968269029,9120.87401940216
1734.45913009403,8395.4081529334
1259.17959643968,3304.96524428702
4679.72743144633,3527.9221120851
1580.59693204462,3622.86987397271
2670.64612576171,9180.05247853616
1435.92520239282,3797.50471322607
1492.92691585109,3927.36231492329
6946.34359045153,8066.12972297407
998.403074917671,3554.32359080152
1397.50545237328,3816.11816466703
8159.12586899732,7379.10446910049
6185.5110941464,7845.70965092127
1464.98348169642,8992.04336030491
970.201405789642,9090.57191313414
7310.40612607338,8271.03042432224
7762.32214421546,6831.94854464672
8719.03518542248,7603.94901291957
3696.87352953122,6782.01518000905
7249.92647721667,7940.47482488945
1831.62585382317,8765.45349771305
920.783214405284,3446.33193170181
1166.59355341769,3543.78468115818
1397.39972540428,9035.37795777214
1021.8968853343,3211.7687452112
1263.33300128946,3530.48817017631
772.826360040372,3491.70979043439
7876.58794160003,7630.18602884884
1415.40070507775,3560.0339451033
7039.88632712765,7889.42572692787
7696.5771882737,8157.79343557907
1519.18490089022,9083.64220733667
8813.75565953155,7506.42293531582
3316.8768009588,9057.89882047397
1280.75753235023,3218.87368543348
799.48888949222,9173.42117069563
1221.44408675493,9231.84858175686
1174.81660673697,3529.31069641087
1472.63160596972,3834.76129306527
8773.16820777316,5243.68401622484
1785.41009897422,9174.66613120431
1388.76583335608,3287.75243560077
854.531243443742,3504.51773894092
1368.27744561717,3771.20347610409
1340.2667431214,8826.97787110307
1265.73801548799,5014.84286114513
7519.89619714169,7459.7655150228
8192.87430850967,7138.76006810531
1163.79150740281,9112.87729089179
1229.24336887614,3305.77093126485
1298.60677600563,4065.49382672115
7527.86989372786,7723.0532093354
1690.1988892863,8608.26399766999
1625.46797111486,8973.2667853438
730.661443045309,3438.45369100545
8240.2915862663,7969.70268903262
7285.49666935584,7293.7615287362
8366.43226892567,9144.50334888009
7715.33236489408,8446.37394122547
1656.42610277219,6778.28378177455
1757.11103360268,3891.00700424396
1573.83459921317,3765.26862825949
1800.26729978474,3641.12805693048
920.409970926644,8908.56995020689
1261.361324804,7925.51068849172
1407.38973075936,3763.39894092237
7158.3115121902,8237.36721131918
7573.15198184652,8110.89098933492
1680.03047882008,3615.33574168198
737.193631838675,3162.04109257911
1668.70041901067,3901.14799392969
8242.97882378678,7299.39411815648
1397.57023324858,3445.92960651117
1485.64923689368,3546.70111694428
6744.8557919671,8306.58889837445
2176.84139949508,8845.09292130973
8540.04113682264,8411.27008251725
8104.48090272084,8034.37526357056
1420.26646871969,7139.78161641379
1600.17713817902,3180.92219195991
1293.10674088347,3375.75980838179
2056.29760913816,3649.52965107129
685.916811168129,3110.04889077934
7560.6218657643,9010.14347105166
7407.88698620936,7665.64459966256
8017.2332693545,7129.54996356541
6671.0320220824,6310.36216285641
8318.09399496035,7947.57640576741
1619.92377233611,8871.98406184984
1614.76719057477,4050.55012515563
6252.29747182964,7315.34545911793
1305.84897948822,8599.57039143539
2695.52050000675,3734.52946211346
1016.01367284457,3495.33555507252
9066.70090909035,8194.21621773428
8130.10733000048,8334.32871836625
5966.90643564056,7848.48748465193
1237.341743567,3455.93637382194
5875.71315112077,7469.89285608231
7068.36736923822,7354.35030251499
769.575173775521,3009.86351272157
7044.13213715214,8129.48537018135
694.367600548598,3224.73025407458
6785.70309288712,8061.28189453702
7720.350870828,6395.43809805027
1309.33186291502,8343.63222374152
8096.79547397148,8567.39375899839
7539.22231055488,7357.42632304819
8009.31661194235,5905.46822212171
2021.83105086264,9032.47540583777
7278.48770825822,7132.37462833527
7608.44202609408,6689.28099099553
8351.42311161848,7179.17626109633
1504.69301752041,3729.98284786987
1351.21427485783,9098.55024123238
1347.49178600416,3942.95949590557
3020.51929480273,3381.4079792332
1715.33197998022,3655.57233050705
6878.14677828952,7825.28635600566
1435.56490987613,9117.24132600597
7801.63280383489,7696.8692454152
7147.75529841002,7884.2958313916
1434.04990152438,8017.01501442864
1861.05576221914,3846.18909962518
1785.29968190712,8899.84585262617
1569.44033379156,9237.8594164401
1227.06494206045,8718.30604005599
7878.52234009837,6841.62204003597
7476.419930678,7554.79523516399
1315.01306220257,9305.25258791096
7267.87016566616,7309.33382752612
1332.97101059592,7511.94909707793
1192.48427636384,8892.5313854806
2335.59098394394,7868.65205968211
1044.01643192248,3378.75053339306
8243.95757754112,7255.72675320546
7435.97363140848,7714.49399182393
1413.00134800848,3682.79894747146
1168.55325173601,3639.82798357695
2227.3522295151,6410.02484540801
1055.62004235834,3545.53638370181
1102.40373014759,3283.68051332482
1895.97596296966,3582.16612711699
986.047915044854,3186.90668900882
1516.05105251062,9172.37098574837
2226.99289814921,9042.10567831203
2210.62706503218,3780.01705943263
1620.54296815747,3866.87306981824
6339.04755513285,5851.02065706067
7379.80320913347,7788.52989949094
8993.24221979549,8042.12555895451
7436.76379451506,7474.16665533004
1050.8785713158,3407.75646993597
1628.71346482143,4198.60413981304
6928.26813476758,7452.58150362446
1114.6663668688,8752.37742731013
7276.12347928369,7531.4763820401
1408.10297621356,3625.50657658611
7243.29516372444,7581.4196719754
8176.08097597093,7362.0732059397
801.13792696061,3401.64319163883
1500.54669590237,3708.27453110261
4301.23841487028,3612.61651825622
3770.68401338813,5951.29679177717
7761.88343340202,7771.8259940103
1409.65705610756,8268.06747355044
7336.89899617158,8062.82621524024
910.923702763853,3256.27159387557
1613.68836223751,9265.78432624847
1408.72235016701,3675.02108697121
7625.45228947068,7454.19049323699
6216.9768975983,7523.63912584874
1451.7833412932,8932.86782657657
8023.10960220155,7683.64191434099
8145.68258892323,7845.31654228056
1248.87062262791,3857.89647873198
1927.93252886881,3901.07846174871
1124.04233862911,8205.31645062719
868.309766705941,8905.80193282873
815.119193079392,3385.00990172478
7785.55083577581,7352.79905317618
1985.55319874332,8994.27075380617
1325.8395251875,3812.2662749852
1127.64782757405,3080.24235594787
1585.91138136889,3916.4651758719
1681.23071751756,9213.01762071469
6559.00141764764,7598.55385012302
1238.24345978126,8901.63968591594
1897.08915968911,8941.12733384873
6710.45108539656,7267.61979475144
7536.43048762878,7031.50270298891
1575.45765425016,3649.41593683845
1020.48716936931,3565.75757330057
1330.14585478477,9166.09666824164
6040.38855172383,3615.93721702212
1463.1756800854,8900.41514624096
8195.20400375135,7024.9884141896
6397.11154957096,7249.4403558399
1158.09539921805,8752.30175691896
1537.6561312517,3752.27052476811
1021.19579245918,9247.69276252908
7989.15157689047,7541.85642692743
7036.64067748981,7303.41100988871
1947.95812024428,9287.14628143788
7299.40066316637,8017.40081025287
1424.82913379432,3587.21863930782
1430.98652447522,3556.28310539019
7776.78162551855,7628.47841028141
7135.45434000693,7823.14711391082
2351.97680766899,8977.23003532219
2695.7978490005,8631.84055879943
1415.94083568006,3617.3037810825
1720.36832701132,9263.63940335803
1386.82781936978,8884.3343766485
5341.86901619703,3445.30983028819
6327.73150224036,6582.67118979755
2215.8113613118,9444.47692143158
987.584546336351,3077.0550988819
972.318414194401,8965.1958643255
7371.0584085379,8232.59277773977
3701.26218624991,3620.0438836493
1364.35514054341,3834.43615392527
1831.70307421426,8817.67992218351
1381.74753426778,3832.87830813973
1699.72351611071,8884.5892257225
7175.67449846685,7890.98425693858
1413.49458021267,9215.75746404651
1917.98661814832,8244.49596407615
7386.11473068223,7927.2129316345
3425.68892304972,3743.12527189394
2018.40242104255,7291.76360045436
7244.49277819814,7936.66656631446
7811.9971848005,7071.9059816686
975.051475773634,8977.98304183041
7989.03860622396,7300.13121548721
7216.05944821993,7630.41169033863
7424.50504186726,8119.12802430829
1713.94674548881,9089.00672858969
1047.82726980966,3399.48056118665
7410.8123170626,7638.9329796274
7511.21094092949,7798.2878483865
1415.51723758914,3630.36421604826
8121.53526778927,6724.68792672006
5944.5880466965,6809.45686566513
2713.27286282581,8943.92240296872
7285.85456363555,7620.92095853442
6719.02506254884,9040.21480517565
7480.70046509064,7509.73137830553
1463.57592012419,9231.52432988669
1770.92639582602,8274.03700483213
7131.27926601804,6921.72012851685
7071.3214362464,7905.37194851551
1632.6328728973,8931.72499986462
857.468580114387,3451.09978439104
1060.12085895225,3140.066500573
7486.1758987368,7674.14130099435
672.911800275406,2991.83845949161
2149.35730654583,4967.75277531664
989.610198809233,8461.21294000323
1324.85502787016,3358.57759392673
1978.2110407634,8681.37184000921
1162.95469715046,3329.94693411013
1376.40576140039,3885.4677792296
7473.55942402786,8082.32578228816
7352.4684291425,7674.17737961934
1587.6971237091,9119.83172219827
7546.31497843817,7586.99196491544
2815.61758677361,8430.60073847348
7343.21040375343,7706.54005043736
2573.54780765398,8760.69036108104
6653.26102210096,7549.73625862979
1573.66691671069,3384.97797476256
8900.51377462101,8049.32179771404
2315.00537825463,9256.61613992563
2037.92273161982,4817.11845225697
7363.50621355158,7623.44674788454
7858.24973814766,8633.94065726483
440.831473141788,2983.49149168761
3644.31684481662,9133.48338845173
831.315885481544,3520.64262431378
1767.22958465449,8894.98042465111
1429.10629203429,3754.95945840043
1447.35270447392,3475.454973472
1756.01402748397,3720.29335058261
1727.53611908761,8923.69369380085
981.575135956936,3929.16199386192
2343.87479672685,9324.65609289864
1191.55257880567,3665.02020094911
1511.46074629683,9163.66435948546
1521.22422677974,8828.70760069237
7714.51131117352,6937.10778865456
7266.49350798611,7761.314558359
2917.12144882759,3911.74334898548
1577.35969655388,8091.6160894822
7038.82568938639,7398.03160907792
1064.72797971111,3181.79933477135
6648.30477522307,7722.62599614257
1505.65827596535,8955.51551464293
7141.16001714379,7071.38728798747
8894.33122916896,6563.19324745078
2359.36140055843,8852.00618434764
8113.62959918697,7835.58172946357
7684.52201639319,7357.12132160029
7548.7071132168,7555.77857100982
9030.14576505307,6913.86010750019
1460.12768385117,3811.85878611863
7314.76219509052,7323.58780619394
7548.7040482943,7619.72583634351
7271.68787630025,8181.2791702576
1597.71592762539,9332.22230352345
6994.73477120609,7274.29489028039
1262.21303137282,3764.81060199622
7230.11380359229,7380.9995609545
2469.30159072274,3763.83368321496
1082.60061655305,8773.01186799627
1140.01302888054,3290.73340483531
1697.45043965464,8680.81617553274
8822.97273053322,7622.01915515456
1065.73997691203,8972.42932116357
1047.05136827059,3275.0345284617
8213.34239802307,8131.02731195572
1524.25568562501,3839.96737861051
1098.6752853814,9037.90951990944
7121.30601764926,7520.91075112277
7567.52353399599,6534.7660448788
7509.22765083721,7369.23890469191
8021.01576850542,7713.83821874034
7015.90322135152,6914.75602889614
1642.28887018282,3999.93077866763
1154.18567342995,3779.18540094128
1568.30540205565,8801.18413022868
2598.28850826277,9076.92272535627
7207.70730696708,7635.75290527388
1698.38746964359,3721.04638186728
1161.48360214801,9116.38011567106
1950.76707764556,9113.3534399162
1300.75360011542,3446.88904416373
1361.56738033096,9354.24077217693
643.126076509982,2980.36701896673
1499.60051960418,8700.22529070867
1817.69436711913,7500.09283037736
7738.67871484529,7167.66856106077
1157.49912260867,3656.19381008839
6631.4078183291,8068.10196527819
1023.94744386001,3419.83227824686
7651.38462351673,8399.49429861273
1321.22092399849,3947.3219793621
7763.63588810607,4798.03875506255
8043.06421617054,6459.62298120859
2656.98892346238,7972.2148036596
1094.73835457559,3826.65044592386
7798.03997885898,7672.35841969677
1168.68822009915,3701.06120247524
7395.05993636336,7864.4135518848
945.400128121237,3255.66661229747
7279.61783798374,7359.79215515559
1762.29396258927,8880.05493976389
7189.32306298227,8267.58441187685
1011.99550023462,3389.53165318475
4940.70021938362,8694.65939801717
7690.43004665519,6975.0214385221
6870.71447044872,7201.37004839825
8045.10660285247,7650.20574488709
6780.1106281568,8027.2538961164
8661.74160305201,7478.20281898009
4459.06366387752,8016.67004685891
7562.41215366263,6531.06077264016
7331.37960986165,7954.25609691235
7811.65288815569,7428.44491377376
7625.89040055315,7542.16923228243
8198.93796153211,7976.08821599669
8162.23795607523,6812.4091993042
8291.39888046563,6397.10175627685
3237.72859476221,4932.19169785817
972.449747930056,3479.08546361042
5686.26119888202,8514.10137751064
6799.43311641569,4596.92012071645
7945.47635167567,7562.05898440191
6774.221140985,7497.9663320335
1139.97729050462,3523.35785234219
1534.37459966876,4054.08579034986
1622.18289009569,9179.10613186534
1065.19987424319,9238.62724824864
1182.53737793966,3371.47504592753
7437.82165850588,8186.51893439122
2060.72249798655,8991.32093486164
7877.90261100952,5275.25178349735
1056.52035636694,8918.94739479146
1457.18961406658,3757.25621023573
1186.59805684502,3575.15031390116
1676.00281575837,8685.77915238961
941.648201868484,2954.46960937533
1476.87039356733,3652.36766391651
826.96717220802,9056.18565587192
2827.7424379315,9504.19302686761
2015.6790134568,8050.93755447015
831.50725423485,3155.60855752351
7434.53364712265,7381.27033219353
1261.70495327619,3433.75530628793
6183.496353226,7919.39019670547
1581.46694197051,8632.76738437807
7653.96907662956,7253.5520858589
7821.4647931567,8100.03888251293
1075.50281702445,8489.32318050348
8151.82127272592,7114.09938080668
7980.67049220121,8406.81322937641
1399.45391675398,3809.26848844521
7761.68976443523,7509.84442441717
1569.59720308479,9117.90389128665
6017.29017358566,7476.84378324347
1575.88120020081,9142.27147943336
1452.56702092859,8870.16804223693
1251.24534556167,8235.87930861077
1380.63412728043,3910.91957530418
756.292229871447,9057.85219691233
6679.62715544791,7813.77392966137
7418.17480039148,7826.44607035971
1845.35961530466,3913.80659777737
2056.30785104642,8929.93300010443
1020.94395038891,9427.69407396914
7974.79220989512,6630.45646347676
8569.03355534086,7527.65097960111
1114.17620023285,3347.89065661909
1586.41062256362,8654.78262820933
6903.16290039434,7246.55706853729
890.020269391867,3533.01120289224
6960.7999443375,8419.89013107944
6257.31997931251,3603.93013813073
2703.34530777995,8111.43698488042
1425.72655408126,3720.65254452838
1011.44756550762,8823.0853010575
2163.33104250567,9044.76620794243
1525.79109372979,3572.37690835223
2479.52094321274,8558.91668709986
7223.92175818676,6590.09143983682
7084.66039222315,7898.9360650385
7123.93072884738,7478.01671535758
7169.72368694151,6636.68346547224
6108.0398724331,8315.36339962617
1116.06803506012,3544.80211975725
1092.20937992639,9226.75313916258
925.222134508208,3229.24447530181
2222.73903458915,9502.30101822051
985.031787753399,3171.04143081547
2887.76375644329,8635.36842919413
7457.05114965883,7402.99721633059
1093.74096152899,3280.93108186998
6759.56562179901,6724.14450104282
7177.21445929005,7992.95314932263
1514.06567367559,3740.51774236078
1710.80747589453,3663.33223754561
7398.5028113151,7121.84985127461
1084.25387084847,3405.94204254987
894.933757336784,3270.03397248196
681.661794606038,3364.31969742204
1377.52575321031,3670.39707199321
8701.37074247551,8117.13085950152
7694.80175821437,7325.84429886935
776.926713849218,3340.3482945381
7477.48989240272,8271.15157735799
1084.84650118668,3308.51529616294
7476.73033802463,8010.1152362641
1416.82216659747,3569.56290264271
7082.65650993713,8450.32143333269
7216.43258895699,7130.72027567354
1275.73168131562,3333.31706828431
7534.54496441636,7610.14708386679
7741.02172636759,7274.67064299309
1547.05428579017,3316.70902981665
1144.4234613835,8690.09408467244
7563.23554476517,7481.68597753015
608.093623025007,8922.37143695413
7340.52292283624,8117.7915354668
7004.79750980578,8033.93252812885
6490.51837890833,7309.55358632589
1526.99713623676,3327.88346763606
7757.45262921439,8081.52340751442
1170.31144115889,3138.72545820469
1666.30485937177,8747.04745074873
8261.87186108006,5651.78690569672
7989.72320880406,7669.76772742079
7119.71522440832,7715.67002806943
7869.10057399305,7782.11736497747
1173.67150846611,3654.23635505471
7359.99130803637,7435.12165386928
8208.30425556275,7056.76979583826
1431.01028840663,8904.03589674378
1507.21896128209,3751.11114795654
1019.58679188504,8759.33163691555
6431.00842130368,7913.55593559568
2046.11992647754,8445.15219443216
1284.62520079507,9133.05592233282
2069.61367269578,5865.01471151694
7251.86450964198,7602.24122361572
6180.89864485645,7530.92973398808
8834.93697757882,7034.48310497142
1588.22791293742,9177.62347451622
1570.7379307851,9100.4560369804
1404.84829107236,3633.59736198972
2015.44959913407,9196.65494311146
8595.45315672319,5573.84596568367
6400.89954149692,7768.38778677559
1290.03548265529,8907.7050505569
1165.1778661026,3270.78098535782
1855.37006724788,8962.78572417273
1281.7171899853,8499.31027733805
1077.13915283868,8942.46791679024
1495.36778159475,3338.65400735443
1161.18286572786,3470.02553191347
7983.71850979878,7226.61908307666
7431.4530072691,8453.49833347048
6618.02837355061,7725.42199817786
709.017187122995,8714.28697243612
1596.33087658447,8334.0203764995
7447.47902946395,7953.11595860721
6750.59541562929,8095.74713653711
1204.05421331372,3132.70904060391
2801.77305657889,8814.09880510638
1361.41936629739,8832.52890057041
7732.92020520921,7611.58297015088
1532.89466937384,4520.56330860492
1532.3516755351,3760.57443922296
1349.70791743091,3955.08619731201
2361.33939686208,7470.55647796235
7680.04601939021,7683.58001659658
1881.25484441039,8399.24467284108
1955.6698472333,9086.93505862619
7617.66397837449,6506.48657304263
1465.66893318488,3561.18209912347
7440.59902796652,7383.42478204045
1406.1136249317,9245.39165469833
1428.46147399923,8663.77815469857
1320.81408076893,9165.31504261149
7096.47194557884,7161.91893245235
1094.7398409879,3496.10922202227
7635.69836757114,6805.37498848539
7454.56827191967,6940.07146873374
1344.65805853857,7945.07373801837
7689.75192961172,7714.70762978976
8763.17575179675,7009.38739218212
1540.4332228764,3824.73294606332
883.726542787299,8549.72700956921
8058.90571573828,7547.73421323984
1696.41913153818,8268.48139540001
1228.81073562861,3815.93094797624
1837.66053543312,3625.39829537054
8340.86190563297,8033.12508783131
1929.06905089863,9127.45662610522
7133.67388065641,8354.54123407265
1097.70099771234,3554.38937566838
1179.15246496383,9150.17959874055
1387.88578254786,8110.20112570291
7622.9209599313,7382.81868826926
1024.38091812495,3452.09667751964
4137.73285194463,8843.39144071318
1436.17204470613,3656.51336313812
1310.74239139352,9460.40471304
1740.31135885452,8820.40551880345
1232.27020589298,3593.30403367698
8046.23755029615,8434.88520697666
6655.70964126523,7361.96599405514
7729.39052789421,7146.9599064588
1690.80906474026,7516.45657407178
7397.31239277035,8119.71979929626
5839.00842037141,7438.47661900713
7075.49294639307,7438.12370803961
4567.29517472946,8978.2676383387
1578.37969048364,9149.54540052701
7862.87735829614,7509.11742483927
936.865915486276,3427.3381804878
7370.34763056873,7528.03872289168
8307.61052094137,7151.80336763033
1103.06976901289,3605.7586663621
1323.64634402816,8830.43304380421
7596.03478181837,8609.47115655062
1618.21408760327,8922.25296319579
7780.05739213415,9037.23371989222
1231.56668010711,8977.12099869713
7327.90270865653,7775.38560931133
7531.37619245121,7466.6205727492
1520.89954062897,3628.72271057201
1969.98677241981,8064.02249516788
851.052518642927,3476.55318399138
1899.19139465138,8125.36302278422
7015.70028064401,8393.5813527966
1166.9680229228,3617.29418950012
6684.42410146464,7498.82752787108
7305.68752974352,8183.829022322
1728.8403631134,7833.09088508135
1430.76198768756,3073.44746637428
7974.86850601132,7205.20660503235
1676.43302182964,3709.21133763395
7412.51677010698,7296.98185182528
6316.58056911039,7651.521374136
1280.06586574626,8848.57106555168
8668.05616985951,7777.61366827608
6472.93005458532,7617.50352558336
1408.52459559552,3482.22585085614
7541.50970867941,7949.38908248642
8287.58355146146,7761.44264946993
6762.48259949512,7837.5611950944
1337.77822190721,9117.15502817206
1059.086803539,8806.41457345684
6394.41546795372,8331.91401349375
6832.45835246369,7635.57945607723
7503.39504320735,8379.05274623878
7573.73438828275,6739.52479961287
1564.64865228789,9058.80211773707
1324.36519353905,3565.5186058012
1132.40431930867,9158.81254382185
8387.83561432762,7617.28470804717
6958.82504438149,8332.45714824649
1821.34594704117,5029.69912157132
1046.213411023,3858.41490783927
2715.63663068408,6828.3563392598
983.071333187472,3182.41479079566
6324.85954648008,7345.46028972588
7087.14511399646,7377.20853614457
9046.32490191358,7150.8839418383
1186.10952118955,8975.89413996275
502.468024288624,8055.84952614959
1748.68103446945,7442.59036732196
8488.98874483405,6672.82076917639
1974.62841924711,6240.10255622705
1617.48972929953,3455.17477431033
1645.1198511795,9025.59328670421
3677.53616076265,8738.45363032986
7633.7322761111,8064.78252524537
1394.87415066414,3654.90044090125
943.889954553646,9130.51696620393
1575.60506871115,9223.73452781641
787.066218080486,3301.59470565397
2072.58811697853,4112.80351398477
7681.56305180138,6463.5651714693
1372.49863349337,3350.91317717965
7735.73596092137,7040.65484898357
1370.7255494882,9163.78647241986
8107.45093959965,7490.75617266809
1201.21622007097,8368.45564632941
2747.65850042436,9197.83743016623
1473.48895247893,3763.92750690042
1474.72220149388,9261.10989559055
7598.84717408013,7404.95147184256
1496.42420960219,3946.58150728001
1661.77503713606,4152.31334247877
6933.64201875759,7657.03053163542
7328.08350556553,7635.99434122857
1861.51479543471,9377.42168025287
2055.93164666937,9071.68783018997
7684.25072332758,7157.9482095668
6802.14865915821,7841.8483868922
6417.39237744702,6910.36016392099
2267.89947041306,8747.90540965793
1943.60053284297,7284.16880974247
1228.98772775932,3709.11489395741
547.84398116056,3018.46205789481
1364.85226933371,8214.73611106153
1566.93125582283,3514.35495634788
1295.03974997012,3812.59234465364
2414.42908410084,8728.39220959322
8833.69564419365,6284.10001309734
1160.93638801503,8571.91955996628
2009.26200667379,6130.85579243444
778.369607129964,3348.760585715
1827.51666504754,8512.17574537941
7168.05066139002,7534.43438449451
1821.00553661595,3746.11552791116
1067.43434433011,8119.03207399441
2149.58086874015,8600.94906151494
7752.82338234096,6891.20036673971
1108.12993805169,5544.33584163407
852.489463519661,6062.58148694151
3330.92376840624,9139.04053994044
1775.93583962968,3845.0608839952
2307.10690472623,8361.60826187103
8084.78988670423,7516.34169481744
1515.9726809374,3832.74742582968
1337.74920020647,3935.20625247865
1054.70213917115,3581.07195514803
1483.16810928992,8881.27448397526
824.784881917173,9057.2098924126
1232.67972813116,3398.98487547971
1684.92594383347,3958.02832429476
7010.58650016306,7658.17493283066
1127.33015685246,3581.88031206467
7752.45318657893,7522.50388717187
8941.11350318447,7617.4334540579
1204.14713622522,3568.31943732284
840.721548759136,3287.78542070594
1286.73894689978,9218.65837052555
1239.849455233,3396.89498313206
7639.37595517733,7961.5019345742
717.593628949436,9080.85441472138
4498.15224179882,3570.56972113458
1386.91814791188,3744.10396387395
7254.19721895783,7732.65045431286
6726.32425171936,7232.03345268601
1711.46510172799,9145.6808672278
7114.4165069061,8424.03785557425
7182.88945558501,7487.57271953584
7190.83159381929,7289.7090405607
1051.30093231796,3608.19464645282
3458.6660235725,4684.89933019968
6329.31081401679,7073.81636383358
1708.71525904274,3712.84068987913
1613.46625622065,8533.26180593947
1043.01643253157,3578.80912461038
1776.37045931002,8909.17144662377
8230.38525416238,6808.48416563784
6457.13620703092,9087.06526751324
7569.82366290093,7389.23398292699
7831.1670713865,7933.02558747795
7349.49320664803,7013.25754773932
2233.70250217108,8599.49190222258
962.105689614099,3266.59324710055
1142.97719769736,3516.8193976667
749.665765059798,8996.56857603422
1401.26867863769,3601.04105729362
1276.21670528964,3817.76505751074
1725.95766694295,8861.80043824575
665.728477161801,3215.22777466168
1595.94869553843,8699.25845014863
2149.85594895494,9221.02195068936
1254.81209001943,8232.48976300081
8307.65050062153,6129.94758531027
1108.04114608532,3584.54311145005
1832.87197374354,9214.36049689387
1167.95779875199,9369.49882366764
7640.35459201241,8044.99748101069
952.096991788488,3103.88879293495
7049.71733445896,6926.71007847457
1605.61675682523,9042.34699278587
1638.0715973354,8377.14921399934
7593.21032758238,7894.03723373007
6542.61185544957,6962.07170835741
970.64643524471,3078.01102087175
6031.35155042032,7202.88796251692
7169.07793539493,7130.77546833656
939.595706903263,3375.14785854648
1499.3911280061,4027.37673544163
1752.32909891452,8943.67018180997
1658.99150827587,3233.19627598293
1900.59162996358,3910.52270119875
7687.25920914603,8113.71761450416
8149.97114021274,7961.73924814677
7678.34378067325,8044.24280547613
1515.10315460236,9125.6659532106
8557.26332828786,6380.63187778377
1078.82236210475,3215.48261952521
1357.95909962921,3694.27399326539
6364.91423902527,7675.56921740539
8218.03380154991,7619.12859309498
7673.49596357916,8042.45335567051
7581.23466553736,8043.1475026399
1240.99639887111,3448.69244853486
6888.01209760555,5222.93564653433
2006.55832552696,9007.2114624678
8550.54766190246,7624.19771806474
6687.16392778304,7075.07257681458
7445.82122832099,7446.50332557708
1370.59130350665,8046.86087472261
1975.85374306564,8929.21960345727
7270.23222300312,6889.08474091393
7843.49377806555,5226.15724454816
2282.5487055122,9139.23487458829
1378.77809457494,3466.55905141212
7883.81139331799,8105.77906034959
7175.03817783372,7705.14937507913
1462.41342019419,9409.44111603293
1226.48333333957,9108.873923377
6410.93985512532,6315.64750913655
1563.90821167515,8901.89812383611
7388.11392531413,7629.0261504574
1022.63123052121,3190.67014753142
7063.55704632965,7766.52707621226
1090.08771581273,3596.32011000688
6916.35643251017,7286.28053526787
8235.27745816577,7557.17296608055
1758.70666617498,9115.07969765782
7319.31296920409,8246.77570917198
2475.52634884048,3558.58800903285
1477.751894581,3834.43609082186
1581.50436015625,3823.57352525392
1411.57841904989,3821.68045772704
1039.2014323644,3909.96041563368
7422.95796222048,7692.91678937021
2924.72520817543,8710.3839688093
7896.31254577024,7803.63233753056
1282.60281490644,8993.28008168969
1970.10110539632,3482.91286120256
7467.56974971622,7994.52947450645
1446.66726126107,9015.6979310544
1409.99281284728,8787.04174433987
1297.78964703639,8926.40670627366
7715.39964979357,7284.90811379025
2136.47297756368,8886.2291701126
1122.9296651997,8905.0051705748
1151.90358527477,3483.44045582216
5795.29317910851,7645.93298803989
8125.53417757498,7617.55527007767
1019.43719127781,9003.45343391227
7172.05407063767,7644.61271098379
948.765668247302,3139.25350027591
1400.87947388238,9048.54476664067
8097.07068168868,7296.02724689476
7251.34020292304,7950.78276836239
1218.36911514176,3325.54882039808
7213.963954659,7263.05846428033
1664.55951098415,9131.7891935985
1828.52928204149,8776.25372225501
1442.09287905368,8936.47244765778
1810.51000044679,9042.96349733083
8423.1863844055,5954.99045822006
1584.36246173739,3766.64128140211
1325.79758632516,9183.43125375085
7430.91778108954,8342.35371038849
6520.1343751532,7421.21751744022
912.170087172111,3068.62640321023
7323.09600721142,7500.51690334652
1834.41364426853,3709.00302347068
1457.56207825168,3853.46943853482
1967.58164289966,8867.69792942988
8908.94506356119,7331.49834133949
1230.13681230922,3796.1542599275
1324.74646668309,3911.67158862395
7703.4745784706,7405.04943118759
1358.7015744974,8998.89996897457
1149.40005842538,3642.85632147533
6887.03839986991,7530.22475058075
1056.74363490096,3157.01076691253
7787.54969978066,7595.27174696539
1139.53728020617,8709.81346083274
6954.01679146559,5627.98315575172
7894.47067974823,7379.04038947973
1573.29054127176,3844.85451120476
7556.50268730462,7587.54336599825
1357.05183775452,3804.42611450238
7265.33189180147,7223.50422658495
3375.25537689314,9385.6345790322
1862.86453995298,8881.68264182617
7147.02639796584,8193.9472650941
9045.97304355558,7985.99621603585
710.798993231959,3236.36141252318
2420.16604819538,7831.44954470727
1394.78370553572,3619.41630591063
7661.33445268423,7490.15105761391
1404.81797273359,3820.89081429136
1737.55256476471,9333.06993724653
907.023569309991,3293.77077626948
7196.98673103961,7564.09931206746
7610.68723941135,6422.59481388894
939.162441194221,3341.80520670736
1166.53881385606,8383.3383399355
7915.32372318748,7417.29281625403
1695.46605671822,4163.43398177701
6591.75268501634,7308.30526862285
7165.59499006267,7127.83773699974
1581.12269582484,8724.19065462195
2309.80438212974,8709.04941115655
7125.87653925817,7277.70078379667
1834.37507566451,8666.93611285381
7655.87816297683,7380.5158417769
606.405657383875,3114.19486790989
872.782791029595,3621.98234213274
7353.29204324174,7930.29572178955
2372.40015323004,8277.66428778883
7495.2635012062,6856.79622094854
7670.97375510948,8010.75761734524
3868.32830510904,4503.0357214568
1089.35727236022,3413.48671347711
1880.03331525741,4163.60859906008
7827.97146897854,7523.50043159592
1190.89545317793,9018.49233371287
707.861455383738,3586.31648013204
1349.08026507916,9119.03795960625
1456.01112999915,8199.30250544348
1643.51557809497,7564.44434716004
1307.05680405198,3537.64913729488
1591.18147659854,3413.83506163339
7139.44925636748,7758.92786103085
906.349950015978,8900.83524772592
7226.38792037317,7848.20333659099
7590.94423709237,4989.7621201569
4298.63198461181,4137.08614050543
1610.05017020687,8098.84411357437
7557.80481122722,7195.62511304982
1439.98464750811,3438.06074632463
7148.26026604288,7438.49793367188
1553.15809677158,9008.38589464963
1308.55496129706,8820.51756733116
6956.32993225342,7830.56771670014
7775.9202395166,7409.72202256254
1798.28551798527,8693.0853565967
1353.89390911528,3480.90921869848
8454.48286963996,7200.64888963273
8016.78373451261,7783.96809145647
6548.17268512875,8477.83422673583
6706.8528126591,7443.98533107945
6478.20477988676,8076.08208767942
641.154987782503,8741.77283318469
1603.4698062731,8757.41361095191
7615.74674138479,8417.39007347858
1405.48254213642,3170.32255757808
7535.08236316416,7674.36457509915
7890.04668247154,7194.86658386514
1306.89409090693,8787.18239684053
1156.96195153732,3729.69655569437
8089.22259644883,7533.06946730748
1471.8182423074,9223.94773691765
6125.17351418106,5455.79609068559
7850.94578175546,8456.81450374851
7600.05056438309,8440.15193223157
7923.61738520263,7004.05023472889
7707.63525751148,8120.62281523175
1388.66268517623,8391.614457382
7611.21101084579,8251.50488186572
2638.34189785903,8682.27062420887
2095.24111945866,4545.69862340189
2359.01176383657,8771.13081944576
7449.95004401761,7479.1673903915
1654.16771215887,9293.70743596494
1580.60351955602,9021.36648437914
1904.09401627941,8769.16777111583
6748.21554782886,6999.94061798961
1396.73915656171,9091.06455011144
8140.63758432446,7705.48947430659
1297.95894962643,3710.74576109845
7483.77023966763,7589.48145547062
8559.47865769806,7693.29692128704
7333.18899634746,7658.41219216342
1277.59998555084,9252.35332847444
1225.92272463866,3653.43635431959
1252.98102184072,9330.455460978
1134.25350037473,3768.85662286556
2069.73578086089,3670.41305634218
1586.52204427303,8634.48874491724
1418.57794609036,9266.22853054842
7538.18473408716,8212.39380633904
4272.37944465773,6376.00911724591
1633.25015140545,9191.4905469426
1419.45298269864,3522.57596308864
1189.4827041147,3150.96693827267
6789.98500399504,7628.51872755526
7565.80340266543,7325.17944337441
806.167131610541,3383.65581065281
7553.83665333196,6599.90331657644
1481.66765835027,7976.91534997113
1383.01621135745,7919.54381317027
6726.95640134311,7339.0154263923
2053.26953187068,8888.26611466448
7966.43869885694,7517.94627647743
7102.10229732093,6594.69950091936
8929.75813960175,5705.9411310688
474.564168636786,3083.67826791311
1771.83265586731,3791.44636154946
1598.39663723952,8947.69300153879
7842.82226910585,7911.57482582247
1351.71852367164,8067.36883817455
8630.39337807199,7862.93294087525
1697.93535687181,8405.26673271845
1458.54965978785,8835.3554356798
1077.61597940645,3461.44212563188
842.083695797812,8153.11363263686
2219.8597365661,7589.98504519934
1211.43124470439,8477.08691706094
1234.86796243745,3518.70404103501
945.511308834555,3358.71528244833
1579.34170944827,3518.05684175088
8247.35477963838,6981.78923736913
1372.60042643582,9208.17365438341
6560.26242449358,8269.45519886289
1725.75634967963,8841.00310614825
1850.10510651897,8317.80351191425
1528.47557898945,3809.61782816008
7555.40876214059,7950.10448935895
854.970835116556,3323.55742091889
3587.0864064136,9437.24171394647
7505.42718943715,6273.74298968093
1418.57131143695,8923.2403476697
6823.35212147896,7715.4358139949
8833.53900061369,6261.43849884879
6816.49476498656,8283.11616387287
1182.41758660367,3719.2818008038
1016.59318733488,3178.13212707368
929.733147760679,3248.58747198764
7014.62755230165,8216.71952257994
7402.7306393981,7051.8689628082
1596.90213815622,8423.7355009222
7437.61594375005,7011.25671539257
6883.76288286823,7779.06738201802
8579.05026624584,7127.73736942373
7713.39680315374,8061.68202644746
8083.82286054581,7813.39190582856
5142.55310761709,8834.0634835777
2895.77886344675,3329.70489084684
3718.78829955375,5738.92964364987
8670.42466166551,7065.62464700064
1886.97633247236,8991.96799787361
1283.04413340219,7685.44469645447
7559.1998422029,6723.38849073707
1997.89223545922,6159.17312206538
2074.67840360673,8085.97235967231
6916.17053030488,8239.34627067194
7252.77784402281,8281.94340441646
1203.08178386767,3577.73214389244
7905.62007937637,7186.8349716908
7589.46483659971,7256.0164224712
1104.09463746643,3468.64712528121
1337.23752259967,8817.71920076626
2161.48869830131,8285.93610277367
2108.244526529,9440.0532204411
1518.05866572669,8727.17637328966
1916.71775124702,8654.90261985682
1176.12341782811,3417.73596364369
1203.03063034342,3728.7964776132
7637.82009927189,7654.05725484542
8284.01685801581,5762.45663075733
1470.67659948049,9126.7626181389
1490.96292699287,3734.09299499856
2546.00859570803,8231.17761497137
2151.51320352214,4184.06366455079
1365.48136938576,8914.81813290393
7420.92668924188,7326.57153360325
1343.96728939012,3438.48202189196
1735.78245550504,8772.86652354733
922.910017644544,3472.87359691519
1171.95292773094,8941.74405362372
7352.19098626549,7548.05349138258
7458.76692401397,8099.71063526809
7500.34921358869,7387.52037325472
6927.3715539344,7663.6634074085
7134.15261823303,5113.57942894493
1632.68425172977,8374.8227336549
2022.84367191508,9060.38544776976
3134.277416417,8407.1358580165
7102.21757641441,7827.28722112601
7805.83483256209,7088.8470729846
1092.97472167489,3623.88799482686
1125.77380753267,3446.03486360311
1311.87552918114,8106.19135267258
1403.6124114168,3664.97112784451
7125.7042223986,7549.46449349554
1372.52016315326,3708.95928385361
7464.46154134341,7074.07945670571
6852.91413268363,7743.96439196585
1050.05137495756,8803.21132039098
7011.400382288,7711.99172406482
1936.39305888809,8984.35342222888
7888.7428224853,7902.18563436043
6974.07965715116,8368.37599979527
1927.00128837315,9047.60616352789
1570.51340679253,8003.95133409865
2090.6446069003,8046.32027485666
1888.3275056831,8892.68661363445
5258.3749510528,9710.39118257487
1181.92509600857,3549.74328228853
1174.24684721453,3264.21010158421
2192.11854409707,8711.09644626456
2297.28423588248,8959.8841462742
2184.03572940358,9148.88894296977
1540.79475290869,9013.59665368355
2062.62638317531,8325.11612065124
1387.83051318122,3524.71380215629
1596.55011860581,8564.13238118979
8016.52152583137,7733.46151762577
844.413927806946,3277.43986620059
1483.42265188585,3654.86986778998
7809.59976312616,7977.27029902747
890.934760457731,8031.25416756726
1881.92457664391,7898.61719515256
6824.24355157437,7573.70502505441
7510.56614785256,7043.3024132216
7733.00165059491,7928.72049540712
1845.24574451969,8855.451657222
509.3487659258,2923.62641842417
1553.62517173676,8833.0116234269
1697.78665474556,3575.47753609234
730.293113861125,3401.67195211235
1450.89787339663,9110.7893675851
1929.11474941787,4800.09266903219
1851.26077620729,8813.44507990444
8481.93286500472,7786.36503033463
1069.93243959246,9249.01304561455
1529.64996781969,3513.73132623785
1104.36263432704,3287.62140509342
7279.58131516392,8165.76317133975
1186.101513456,3466.82394080289
1333.62011161763,3675.61249557297
6939.11850613779,4734.0495407837
1076.8031397003,3396.13502456386
1149.15170749693,9035.99761617407
1588.03614448281,3635.06440862975
418.602016863911,2771.93744638275
7429.09446072501,7430.81243765375
8001.23304181899,7282.01315760881
8711.84137234048,7367.55481540533
1216.53684450813,3262.94322787625
1713.77000492308,3374.41702944362
6749.66837813966,7493.7846535285
1278.90876865618,3745.92077327896
2859.91684233147,8884.3707841031
838.236858165482,8490.34295320412
1302.54398483442,8675.42945035411
7892.25531037623,8017.45239170726
6969.19882913039,8263.19177732638
1164.2010380593,9059.16664240998
1264.01938463589,9144.40385335044
1219.38180192773,9308.56820679099
1224.49504145809,3552.36462993711
7520.95857954341,8039.06183700632
1367.70293589034,3634.83508764967
8348.23618025739,8090.24770928228
2219.92303777479,3589.29525849099
1793.14429922429,8345.4612188443
1190.81052859747,9121.44861205357
7196.73040884655,8010.49373829003
7444.71373546612,8254.51941052209
1875.27154808996,8623.60921443377
1438.43533792768,9217.17554134418
7505.17561052281,8424.64021926229
1608.97259082576,9014.53080766684
7771.21422865543,7203.74151680499
1297.35967709739,8273.01181522336
1521.71126977193,9162.81895073407
1771.92799331558,3957.46175244014
2112.37310613778,8549.44247879846
1385.78020090124,3404.80363871307
1096.31027690929,3882.567540883
7537.39890170373,8113.21235544738
884.023726775868,3703.18758843067
7586.43112983633,7423.72366883531
7354.04991146002,7488.57003562911
1575.30460353615,3646.20796429726
9102.92770779468,7177.8107436547
1133.04577816488,3714.93365942487
7427.8577149512,7955.33884453612
1858.31604366015,3417.84370673348
1227.28539694152,3259.10731699474
7474.76143743958,8161.67698193211
1254.6113197165,8733.45811138673
987.519575775352,3901.71871263364
1224.24491882871,3938.38955093337
1365.69853436262,3450.37975604171
1623.83091559787,4099.65117354017
7403.88498584823,8584.34753212902
7502.92462044053,7091.83994704949
1751.85392881378,8004.16572590742
7274.87666763237,7979.20785450721
1773.12802897701,8769.06280221285
1664.62714454334,9320.29995262147
1932.08785443586,7904.77376952915
2566.42356406039,8756.53670553344
1162.19122540271,3508.97094120567
8424.97556711995,5923.98131021808
1360.62708020142,3177.16230867244
1224.21719700364,3488.27204268182
3735.9286178185,9270.67158524176
1420.1240089667,3755.95900442808
1572.04956004883,8986.14840769645
4608.09284836603,8970.43033542404
7292.38568134109,7730.04387562339
8601.78734651278,7766.90483561068
7729.47673426759,8033.04325859537
1547.86556621285,3621.13369631
6631.29212108498,8111.76730090646
1778.74331846027,9328.56013077062
5932.45361573271,7904.63541543166
7523.7287827733,7654.25034382698
678.42866881276,8599.37907113961
7595.46193970532,7399.84654099147
2692.94273372354,8520.46470085786
1018.49183357709,9134.70850408854
1594.64547894989,9269.75929222229
7368.20465136302,8067.21705123594
2670.56134646468,5814.47613297195
7226.90384675014,7116.41065899297
1612.45381576856,4115.05597061649
6900.11560886684,7483.43745517109
8368.28268418686,7614.59123283373
1810.20626564654,9168.76483680537
1323.83415523867,3826.033583022
1433.09891464429,3976.93741365099
1771.81996992878,9054.37809088784
1871.11293609993,6888.80385628935
665.385409446483,3457.74366665609
1595.90400497809,3718.1564562193
7638.68607068372,7547.5040582833
2222.26681449127,3462.08756234401
8227.2097139206,7692.91919613953
1205.05339046974,9310.72298011482
7407.48337318953,7275.50139571744
1992.37358555259,8989.16859930972
7989.53872703104,7838.17273248943
7678.30757033949,7206.83832156291
959.056119248675,8810.61009858056
7327.61137752796,6966.72055085314
8034.49276147095,7813.30706497558
7659.84613996945,7419.47087556002
7888.04972336664,7962.76646177925
8006.40883602672,6948.91154911494
7654.82598072271,4968.031964573
1551.00442532205,8239.56131758963
7771.93705683939,7453.9379793961
1259.90499483754,9125.69997194937
1491.68312240044,3887.53226395418
1618.03581443173,8439.14291534884
8238.15239993969,6978.98560978921
7365.98127316258,7775.62983065822
8024.59201579446,8029.12364535518
7654.31094835649,6683.23193722629
1672.76541189127,4173.67990201304
2365.8635262925,8824.50755870942
2755.88330715236,8395.18336212431
1522.25134489679,8866.10089304318
8183.25866355078,5823.59177165802
1658.053419515,8710.55261484169
7493.44397908707,8247.00250285021
6735.63904563034,7281.06357691308
981.312957444953,3561.09333664972
1872.95673518972,9221.39032159591
1592.30739716139,3856.29136957294
1874.70819989014,7192.23306910508
1022.63680189226,8682.3864296676
1485.52272105751,8297.66676720938
2146.27027468167,8258.49196402317
1398.13507138845,8943.6586275177
1356.61522646163,3716.60708617184
1553.41856255959,3872.81891980134
9117.0370683667,7644.48007422605
8531.65820521584,7397.24741911021
1351.13599301485,3401.81729841972
1745.26478108705,9278.46800573483
7667.21328201914,7624.56101997026
8675.20257802971,7264.80305218203
6757.36377986771,8062.26737246048
1141.59249310464,3436.08691416826
1090.71764405025,3624.71187187969
2455.55265077607,9068.67936296701
1705.79750683321,3841.95020986237
7270.15620041023,7760.35953428095
7406.17761888382,7925.22873300189
1847.18846185165,7801.25147725126
7790.57496219383,7253.54643099407
7402.14458906917,8025.59385840034
8052.07715584953,6541.77607890372
7302.08301737071,7562.3506218314
7350.69328338728,7666.65382558747
7613.51585676378,8293.05639044078
3261.91757273204,3946.56939353212
6868.4245707132,7452.6846880511
7305.33399581074,7877.65194379778
8358.73908687747,6500.25591782059
1516.85210678261,3628.80753232132
7711.22940569185,7601.08084071736
1761.23789661851,8923.59727622023
1721.73083175202,4234.87897387552
1400.45418075719,8712.3532142311
7500.06506764265,7303.08639592718
7703.04307841202,7412.27569705643
1219.12645036545,3465.0914599923
1822.40696491334,8435.66166872456
7719.91980986076,4921.96522454626
1429.8430082808,7453.59422408171
7916.33305258004,8032.07872401135
1014.57089909044,9156.0829775839
1121.35082033367,9109.55079180324
1353.42438500546,8404.92978047903
1226.4369753314,3352.97042658747
8225.82499620933,7139.37392515288
1856.47194727264,9388.82308924621
7192.06706371233,7886.52496962004
1644.79312090592,9137.23934603348
1839.04238132642,3985.26327774593
7155.70464842336,7608.96266071427
1270.74871522713,3374.99748409723
1663.27369280698,3607.38139252318
856.86934776032,9147.39962645187
1422.57086519095,3807.2377443973
2226.95788969759,9226.55460562203
970.812193238187,3281.15026220913
8365.06047188358,7115.79554999299
7897.59524423061,6941.52835404392
1940.21875463978,9196.88399205328
866.822307531302,3111.00003280853
8197.62224099572,6355.9436891033
1175.39105893705,3379.32127789373
8050.28401666528,5813.84563237204
1750.69315760218,9022.25363795906
6788.07939402977,7958.97679561668
763.03443639671,7888.50966968962
1265.60928576382,9299.79428827513
1768.02392831385,3609.0309755931
7675.82600136133,6637.25893664786
734.021087309118,3137.78222825048
2099.23811826457,9123.01015543878
1176.78772471892,7685.01457241918
1062.24018777413,3599.83304794605
893.293354091491,9015.98225216615
9616.81646902809,7465.18918828276
6733.32904512164,7512.51161088271
1575.49181223465,9018.21604529972
1647.1722109848,3488.72203772724
1521.04366955962,9068.13797478542
7757.07738911595,7515.4693925901
7866.85050149836,7615.26102408166
6294.71344785177,4086.14741872385
1013.43136242517,3446.65169092566
4436.07419171365,8135.5021173944
644.433870657926,3368.05180687017
1711.82071313189,9263.46617693141
7538.43292892224,7513.69640408363
1725.8580330235,4064.55396043972
8833.63769031861,8389.51280899361
7294.31587995779,6876.87900622889
1522.33471182473,9263.68748453369
5948.62837369002,7312.34591106428
2170.94834813805,9206.08980490483
4929.90307306446,8870.91709982507
1265.84440306534,7826.56670583368
1011.35555385259,3426.29894731462
6376.61275839463,8654.02645556977
2354.02292630314,8447.94697215416
1336.44037758327,4103.98221901796
1880.94034361213,8924.70241985201
1661.0982585587,8791.41372103758
6854.41340403797,4253.27630006713
8201.05135550141,6956.86411065149
1818.90499329626,9234.55749817802
845.009641058675,8171.54920414128
1245.862729234,3342.37463123865
1880.09814800112,4265.77351802217
1159.21424633425,3409.7795138767
1562.97027401986,9027.06870257725
1410.35441049445,9016.74591692505
7032.03627077778,7318.47084091451
1335.75319349951,9161.62404526198
7419.26180140303,7361.42263878482
1387.30241237301,8685.23606209009
7929.93636335252,7254.4797564311
7537.32920154648,7708.2596488755
1098.17046081914,3488.69371459247
1861.06711418715,3618.23125164406
996.820629898611,3601.38282516522
887.722836475144,3133.66537995695
6745.20697925157,8261.92188947827
7948.16035843963,7401.8534132185
7755.04350935242,9263.54935963905
1470.65750479004,3881.04337987669
1090.62157030858,9263.62610891569
908.857955041759,2986.90702331267
1171.42315595876,8227.13287880647
1314.73226425558,8265.10518683278
1831.73019430585,8743.53544665236
1503.23357878384,3141.40286312882
7118.56248276611,6990.45895963036
1264.36735016587,3455.95548725801
3047.36191837759,8432.66700165393
1517.66546367605,8935.68947994386
2092.62070193428,9066.29086081995
7337.80159021537,8031.50849324733
1314.2483741276,8815.94934212942
1048.80548652019,8957.39838675307
1519.52246255514,8887.56489285929
7490.32337258358,7862.4250310959
7584.29198839736,7901.89860982925
7481.29042426489,8097.15787762328
6539.97727504602,7985.18141758222
8011.78948578575,7370.6428949124
2004.56947617624,9155.69821581869
1215.196892349,3867.99525762978
8638.96183481932,7224.79696846857
6490.76584391037,7339.64067888348
1619.50459551065,8645.5688554254
2138.7911411727,7449.64978983701
7509.92750672669,7475.72519472993
1188.76394296223,5214.70135839709
7103.39559816621,8329.02547252303
1062.53015594442,3385.91828392389
1486.56520842282,9384.38398593507
1259.78823321829,3996.20342944159
7102.06448750487,8027.98932306799
1639.43775206865,3742.80260433344
1709.2284551484,4744.45800607285
1466.50744848501,3584.91418218357
7413.00008099417,8303.3742687207
1481.47682106292,8825.94338986182
1042.53137122295,8962.16921873994
1542.40782924341,8343.19412477813
1589.2939762831,9130.79093442198
1772.17162298839,9415.49366834022
7485.08299524907,8183.71657593332
7236.51582254902,7462.03232224339
1139.54438280045,8926.47183386816
7576.68610447805,7611.87101715034
6810.69966083499,8133.43304621507
869.070731977844,3894.24481182621
8776.12465394457,7327.05504250668
7353.93413237224,6910.40552760085
2137.10813802408,3847.34315605028
1555.18745416495,3820.00643165538
7502.1606238709,7932.5605451212
7063.49202609288,7625.22518851746
1385.29826995818,3737.14948337266
908.838040732715,8691.27050727654
2898.55786775848,7882.87943836137
7629.67302532394,8003.25389266404
1260.36221851608,8793.00082467876
6844.34804512215,7686.47227508319
1472.16177503832,8750.34718142871
2978.02545020163,8793.86516447648
1317.90317815996,8473.86479321306
1783.09194978399,7961.34953067735
1018.42465413018,9006.39306835169
2002.30764427243,3474.48738377556
1189.00767897458,3683.83406771302
6749.93763513618,7243.96512441472
6270.72664363111,5443.54140641059
1663.49876101345,4057.73315454177
2117.43752570075,8875.31196910504
8066.80152033158,7813.90311502189
7388.28608987343,8111.1650430099
9220.92025368244,8183.65986274335
1537.07720283215,9225.46502691983
8512.49202881834,7456.00680152865
1742.52284276897,7833.1473412855
1875.67598707886,3902.99703295092
1033.82679980319,8595.94643765753
7154.2944427759,7538.01549898789
8505.86519889398,7389.79855892944
1155.61408623286,3231.26151387698
7166.67383187465,7128.15700553314
2044.31447924397,8985.75970567009
1399.67710380284,8865.88782207885
7081.30925057142,8968.04272135911
2033.83780685798,9060.44592328239
408.909669749396,3420.90660888866
311.540378780471,2721.84403347781
2065.75180749439,9183.13493370431
870.658249332382,3230.47653261303
7055.77640610797,7733.91336641026
1397.35806797738,3710.96156490254
2226.53679968173,3758.65152510208
1164.67949724103,9108.90579261106
1230.47553397706,3254.12134121725
1302.84510131607,7394.17093600765
9227.24884754905,7023.84758124497
1647.53502411838,4533.43352620702
517.967927869904,3257.03598329413
1775.38815233637,3856.65393076961
1279.49123177299,3767.78146831544
7023.49795088614,8459.76417267025
7517.74936349913,8309.38939874694
1590.19683212918,8857.82284167147
5939.09984228437,7520.10564883821
7131.60960433609,7291.57683625652
3107.69782455854,9549.7557704623
1383.60684180071,9087.28907214419
1352.96178271009,3759.77120199418
1215.0261101945,3375.86524508791
1126.46436476459,3559.5664361703
1100.58989127138,3534.88714377537
775.120540251372,3455.35921955962
8629.99485807581,7155.416745687
1401.0936018862,3759.06742109054
7480.51993861354,6908.32581140496
8306.44045700973,7434.53250346396
2627.85278374037,9219.6152729618
1529.48133843745,4353.22186912744
1473.66751218757,9114.30705558841
1578.21792498908,9345.09606838682
1105.03927473206,4022.0253525478
1154.15511250448,9125.80156700278
1071.41897901919,3851.79195124033
1311.53736128952,3397.50422150592
1145.36608570398,3478.60247103684
1933.92151580875,3874.05779592658
1508.93105035353,3538.20488479872
1241.46090232142,8223.67987200657
7721.15078012305,7689.62235444302
6573.5353381393,7884.09791026606
1552.89785939797,4417.18445435224
1115.47199372604,8968.92584307848
1314.47239848156,3011.92855985799
1067.12520875516,3635.24015433457
7854.91653574246,8072.1110219163
4288.7280443249,8114.20463816011
7462.87209150311,7789.91500140851
7321.42828265288,7860.39102150638
1902.68573196707,8328.51792917959
2589.48997116921,9360.54974090283
6655.13061060751,6318.89266343305
1712.95644790419,9438.99108672852
854.081916023388,3682.41485359937
8804.68631592878,7655.32363579998
8523.97840414989,7259.092720302
1442.12301776607,3811.58760383449
7798.89110375088,6805.23611876636
1440.67056524376,3836.99404279346
1188.96893400274,3212.73859219995
7016.88128515022,7369.62458724985
8108.69058178543,7635.1400480938
4184.13294101316,3943.40886227349
902.549684366609,9029.76244980721
7496.2195362045,8163.21675804314
7702.59165723995,7986.66370408487
765.2962015899,8593.4440611524
1382.61175370268,9214.89783587068
1615.27035768428,4733.39601113745
819.937416418374,9155.34547747097
8860.41314402757,6984.28282122143
7166.2421084794,8135.5549770207
1281.89678240251,8434.69506356573
1557.16864167076,3888.35865330368
8906.02914305902,7382.56328938918
1641.36082574172,9209.62380762454
1239.86270380504,9194.73582368207
6967.23862573476,5651.05152192922
1394.2867349453,3533.51726667777
7873.70026529002,8014.14636317381
7753.40928577323,5218.15415171383
7268.89075819999,7702.22564294372
7156.94011829819,7246.54243660896
6694.08008261053,6785.89930342933
969.699421207221,3346.16467866186
1609.52778645163,9189.88013574652
1864.76856928577,9159.500175451
1707.41681692198,8574.45491726554
2476.94858884974,3050.27670116874
1350.24512066518,7733.46876548362
912.379476537469,9147.49401397444
947.512636020664,9020.30311474467
1068.67969162418,3446.1625433339
1843.4133339336,7879.5945448458
7547.86392787029,7619.68611577911
8865.88709812132,7749.04392958222
1128.46457174842,3474.0048365019
8579.18478348664,8076.69331718621
7333.2573829252,7150.24126547646
1469.28815464065,7427.20553657086
8941.37432538129,7952.6523766094
1083.05256981504,9240.52058809754
1169.47188243755,9218.49979363907
7301.94759708335,8084.35353596637
1881.37530654721,8829.3515593244
1750.7526024503,3717.56970783225
6938.61105369451,6904.18984952115
8055.27545969576,7520.87246823562
1311.58653329103,3113.94566926951
1698.63098685694,3897.30667852195
1526.13408184829,9171.77332597376
7633.89738176864,7168.5983133715
1696.10043366756,3760.17746393272
7377.91749390732,7940.03099157163
9310.33663562253,4946.36842824176
7590.00095730264,7244.59358322677
6562.61523416669,8544.35320791531
7245.39821725657,8049.3178225301
6847.06564470217,7231.05712055367
9229.31645161798,8059.99554953913
2557.19351085264,3303.68926928909
6695.71731513406,7697.16867825737
821.824439621574,9040.94761314546
8202.60826418022,7078.27229140465
7307.79846973293,7923.25016514934
1849.52837770956,8829.43049861401
2189.04899091524,9239.41228672058
1362.65664138296,9177.28812744949
7984.96928231083,7894.47943910069
1882.1578202365,4770.71076358804
2481.08705474851,8869.23674913781
1014.90958620711,3391.54261176728
7251.46505262821,8384.59906431394
7394.61106752012,7495.68448358718
8159.16210734376,7064.99181963288
1883.84389784467,8987.26256779905
1524.97683718273,3749.45283314518
1458.78930015117,3798.74150233916
7337.43045667205,6942.36709969988
1083.08882761706,3373.08239746851
8559.77300192683,7064.97776697342
7403.43073187476,7097.83876506895
1537.97199181375,9073.25937028976
1534.25918806755,8997.87940416134
1354.96024724124,3641.747646617
8418.31794564397,7502.32858930509
1000.6342551902,8803.91222064444
2034.91718076077,7387.46682249967
8041.09283802984,8181.68757881751
5559.15582369228,6813.86143133279
6549.94148471957,6743.53146984011
1834.56310913006,4104.45479654701
2921.63075466672,8313.55073047525
1277.21740200255,8630.37677465003
1525.12542206343,3680.05833784938
7696.26423349366,8101.56752393861
6800.31700467052,6964.86673993736
2362.81146124373,8252.22069669808
630.186122010195,7957.74397609221
8122.12978286971,7265.69972993937
558.680140607697,3182.85074096636
1368.84942021928,9073.17489752485
1526.45264342301,3850.02513850513
7185.14997967682,7856.63851036452
1925.5771859846,8339.08066676708
1707.91040206605,8868.08229829538
1823.82851729452,9122.4111063884
1950.82717014273,7329.76864148734
2276.79484530947,3487.82317954087
6369.73405522606,7640.96193133008
1412.89864368527,8862.45231636094
6660.81696659672,7026.20588535121
6440.03236752997,7391.41066013714
7964.00760250799,7583.63652845279
7541.35602144923,6978.34728776624
1233.40597280503,3712.51886945635
7524.31415822417,7361.07916751693
1539.12075590151,9450.42508974732
1590.13016963233,3423.41625186255
7115.07945579602,7127.97016781343
6786.17109160351,6806.09983976569
7364.68932958493,7486.70839774583
7572.62804982564,6889.37652944297
6638.81010718121,7577.15059439977
8606.21503913477,7052.30404097578
958.87539637433,3182.32846235968
1798.238777537,9274.30029353298
1471.66420490484,3877.45450942421
8844.35762579457,8159.75549357937
1501.03582946101,3616.0856508023
7943.50013102602,8194.48246600623
1657.75556202684,4058.42082178544
1196.55036720917,3554.29479797852
1439.22060512469,3945.30785033641
1780.9411009836,8251.596168859
1699.89650318598,8998.0238905499
902.944289124511,3417.67684483589
1237.13239575162,8922.83172541875
1285.16225648411,8807.42691418814
7730.58123440312,7429.35355047088
7479.19420503065,7125.98272433235
7471.71914048302,7458.27595850481
7321.46021544981,7995.8410547058
1378.92327818663,9214.36157452906
1000.27443340376,9107.44351428493
3758.54721246749,8759.72760133633
1317.47192838206,9369.95937538235
1234.58691557471,3991.41454907355
7423.27580510419,7395.64978371238
7739.06475321791,6329.71614751524
1499.20686950144,8908.72251549086
6593.04813046133,7325.12398237247
1636.90407870509,8963.00285049417
1451.29634000782,3653.47134232164
948.949948435597,4826.39115533948
990.70109383916,8850.32032906517
1270.35218979786,3858.21453250717
1307.273033623,3462.9689685545
1035.88805951485,9045.3230724289
1641.62718670217,9145.22592407897
9950.6783631651,453.550799590427
1817.64073512311,9198.38528818107
6799.26554235128,6189.8765026789
1142.92596253343,8220.20674119133
1362.04999806927,3457.54315505675
4563.34968096576,7988.03660518366
1731.88906800779,3252.18596222042
1628.26919573881,5582.39850385454
1091.14893367866,3114.59186973043
8038.97789921624,8190.57061736772
1327.84351060235,3634.78457103809
1385.00975800984,6752.77705192508
3568.55253927359,8652.71535855116
1552.76735782946,9319.5717193692
8098.46215293489,7063.10694950337
3031.59042836755,5869.88655482569
1316.02435206844,4668.55214192288
1817.07446642437,4003.16019500844
3039.05873502611,3903.48173972558
1073.99198775849,8379.98284681334
6323.12032374048,7080.45031221267
1048.76834754452,3584.98031756238
3004.28933163355,4048.45684997683
952.803602283324,3385.53866063811
1497.52258211357,3562.41655384842
7733.00704336802,7603.18778792753
1105.50189053947,9036.06121667842
7126.06767928319,7491.43423096648
8478.71928391897,5897.37295188826
3036.29149073143,9204.90773311443
1442.37749128177,3532.68560466949
899.128455755858,3056.34333187176
6012.44335894466,9129.79134574844
6968.78952346476,7305.31410960373
6604.20169757572,7113.18971861526
905.146001078121,3386.62002028079
7288.45025926696,7200.74640018818
1325.74568646185,8081.19230936807
1268.10631719289,3462.83056366212
1851.54995770049,9393.40171441094
6832.81561797334,7607.4148007322
2021.90103426149,9132.57015828235
2642.7183172277,8285.17893967227
1535.21672833088,3930.53432240138
932.898503491675,3684.17439658201
2172.75772957134,9280.39566953599
7553.97564172124,7416.74987302193
1047.70261395677,8906.60885402955
1203.27817238509,3476.78706147662
1413.33029788289,9257.70882284644
1800.23127800431,3987.65350888683
1791.34149979532,4160.64326567258
8228.61875611001,7420.59458000499
1249.67455921285,9042.53498711275
7345.76018107932,8385.00033896565
6233.42838361278,8052.56128350422
7229.87160606567,8148.58399405425
7024.20381908703,7900.55504207406
847.952686703969,9015.12158451687
1157.96276302995,8892.78669452463
1581.84753700887,9169.88562428384
8514.83787822398,6078.28935131719
1296.42020199324,3254.41882459079
1476.39822622562,3517.19081977721
6765.45081664617,6545.07103741555
6933.37457282967,7861.51865956061
869.473627235436,3290.87482671416
7484.35754973683,8123.72202102626
1327.33723456001,3746.992780133
1507.91193169563,9100.00854922782
1840.40998523405,4122.12284190136
7540.14779706805,7603.40599252839
7526.99494308495,8210.6109318576
1099.61920089743,3142.82705226736
7457.20713704072,7410.93900097808
7028.16567507657,7863.12211230193
1614.11981151021,3627.33433885608
6835.80123565699,6721.94524577704
8800.32688389896,4620.16233444224
5273.54331849266,7288.71582641059
1022.98998445885,3504.92178220527
8706.52806028112,5641.86946873095
1186.31442400006,8930.13425114101
6595.56372748927,7724.15194815545
1615.41429518682,9250.64761447964
1239.13751828376,9276.96981234158
1486.71469734525,3715.17204860653
8078.17212416009,6354.19574797844
1210.17337981873,3954.72352129754
7086.88026205883,6919.87078780008
1763.78752902828,8819.78316125661
1363.15573866937,9073.20579379667
7135.08836663323,7639.82055717072
1568.26225003613,3462.27089961061
1944.17411551609,7475.19051320443
8070.32997175218,5347.73128323996
1657.96861501961,8639.17929777829
1542.0433344617,8650.07027827295
1418.61669789589,3499.1950948495
6916.69890223941,6446.99956874721
6491.60483478276,7576.5550270006
8302.00617816484,7816.25871120133
9126.37574139579,7064.42440792377
7786.82609599666,7923.50925788772
1113.578456218,3597.17263985263
7679.14991670098,7257.42726021926
8814.82763533563,6186.10750609869
8255.94970675398,7529.61784813758
1490.71558047367,5749.0949429887
844.67621263795,3395.11220020204
7671.66149194568,7147.05938328472
2399.39796266482,9143.6312998365
1607.81336670699,3830.83727235005
7879.67459316891,8002.80706023111
1948.65787378235,3930.35091268042
8934.85068587665,7430.38873519953
7859.97113801725,7657.82567109085
8188.14732859543,8145.0550706273
1475.03116773347,3389.08331508153
1425.35966941528,3724.42979232945
1375.23120989699,9099.27631375336
7647.39596168372,7660.50631727345
9012.93203536682,7212.64384022187
1624.21750394588,3582.54563870533
1735.84885592418,8388.78164310892
1338.79437515805,3850.72228006335
1787.31318555664,8315.89745407309
8454.77533123127,7822.60717090901
7571.13334830357,7585.79185779559
1679.14444556489,8921.41681975968
7913.0083274941,6914.67425203396
7719.45878640584,7500.46318006416
7622.651263467,8066.08491601435
9006.25537640792,7062.88496905968
2820.67124035258,8826.94299002485
7166.41764385079,6982.45995255207
1529.88364234627,8455.12321220291
8275.18081580915,7189.11585373685
1776.74954639987,9178.65299241493
1699.99634907709,3612.22224766915
1567.81128903158,3522.23991716927
7387.10854517304,7700.83902272765
1608.77417318483,8515.0848205477
7593.04887565771,6318.85731907836
7397.21779911535,7743.1617933145
1435.38229671135,7944.94682018679
960.379364154982,3066.18173515232
8688.79289784162,7974.40337308474
822.621095134889,9039.14342907689
7010.17214879634,5578.4860627136
7453.41935032189,7150.0799136549
1285.53015130208,3429.82410293194
2142.63832739116,8545.49091854312
8340.83350108467,8090.97025833192
8576.94736337997,7416.35034159433
1442.78043448111,8991.41504408188
8129.15174077446,7552.58709403382
1546.06437088382,3873.75441212714
7335.03605777629,7322.69961239551
1507.72253595966,4340.89321123987
8570.43652787116,7714.53469010165
7592.61030641154,7538.38370701009
1800.67152287153,8554.98843361966
7771.98307132164,5917.2060163728
768.489696791774,3170.24912086457
8397.34851378085,5330.12079463441
1616.57242011609,9190.81980905555
1459.93209159444,3671.46995380697
7950.08425504404,7526.02432599929
3185.37901232387,3683.82503365442
8156.43978784518,6695.44628576993
1386.93180221776,3687.17551106666
1775.63637183265,3773.68714239328
7441.213590184,7333.94954269245
7888.33771814375,7886.27782484024
5602.50650604368,7883.63632913074
1630.73228769564,4061.47351832221
836.73174505894,9247.96954043853
2102.9462301557,7755.29959463922
2516.64446088787,7693.87831773452
7337.82308492801,7757.49726151503
1033.40100836563,3190.92589829663
1923.56135002134,9018.17492564556
1492.16420260096,4047.04955059463
3113.70176830085,7760.28160176173
6917.41381544484,7130.81917252783
8293.41791546295,6722.02206248253
1692.11152538244,8672.63157375145
588.521476333805,3104.92845810667
948.482944452424,3282.11723345089
7710.49282211017,7408.41642255533
7130.78662841785,7261.90974033813
1233.40281517761,3676.90824216554
8821.65088806103,6778.69786377968
6699.39379860242,5652.75713595047
8086.679495433,8442.78538165047
6911.25359578399,8196.57730460463
7795.06842509433,7378.35233241861
1400.14277940552,3549.75196469789
1637.0888017894,8245.95273561968
2518.19205287257,9105.07621545694
7698.10543525253,7398.96975501398
7420.72040448735,7174.18416943745
1310.83065969904,3632.05940605548
1527.21106763531,3488.89246312107
7879.05277429977,7100.72880577518
6874.7378150631,7903.14936901927
1348.16419648628,9171.61812939756
5667.67144488451,8645.17578752409
3292.2472427606,8693.69849994223
2213.22229053872,4153.927821485
7760.06329227365,8202.20818438343
7563.98976260606,8151.09786999096
1606.04492324108,3559.19105757205
1341.62385228868,8651.66811846997
1328.0744895117,3647.32239313581
7047.25671867741,7341.05668801935
1744.12836582354,9045.72032249659
1164.27737193969,9188.44310050936
1215.70026794733,9094.75108232514
7575.86088925665,7865.85130722002
979.996299426185,3583.28564635446
7694.1318170556,8043.51937624115
7595.88740610942,7182.75823033576
3747.8794565481,6410.10876123982
1231.1298087462,8933.95276599506
7525.85757903716,7430.35252427517
1558.82380536089,4024.24781853129
1944.226430318,3972.36461124151
1445.03366826027,8930.99025250698
2626.03237484737,9076.45882370911
1728.54188251168,4593.41136619785
1871.48677946885,4410.2358241532
1699.81744036054,9050.19233640264
1830.44247281368,9015.729326661
1115.5206793469,3572.68322559956
2148.1069326985,3880.22957780741
1847.09726773073,8984.50446989299
7673.98918818871,8423.17015934797
1345.77810664973,3889.26001011681
7383.68013321092,8362.47792157727
1132.57953241266,3210.5969505397
1146.85121981053,9292.05584590127
2432.35507414551,9346.4249634991
1928.31468206332,8070.95344215116
1555.07834848364,3885.57736015413
8836.23225237923,8230.22908327096
1566.31504020477,3602.27826928681
1240.05341764072,9411.28579009776
2532.10297802289,7569.24307694504
8807.69850984369,7113.1382940821
5866.78553211848,8418.46071440765
1250.25655960435,3665.39435807226
1562.3039514223,8993.95125782694
5937.25050914848,8275.41035056829
1608.49727869254,8955.49599644996
7373.83148175055,8201.35226215635
7514.2752512348,6631.17582869004
7858.07052715185,7282.22512680785
7488.69280055125,7676.95107138922
1208.23174159834,8806.93434870887
7367.03131624281,7702.15570941459
1646.29129558709,8404.19959542368
1359.60631449643,8750.45593720852
1538.27587964346,9172.52681817217
6453.33780289158,4132.53353841244
7803.07924750355,7764.7161303032
8594.31968431665,6847.47436624685
7248.69605943203,7805.72859890589
786.647484205829,3942.93028270945
7524.63779264867,7149.81833611744
7407.64927398605,7792.47339987579
6908.17317820523,6863.11469546141
7961.67130624012,7769.94803882572
7015.03074442215,7143.26136715958
1987.53320818925,3890.9568491212
704.051430966569,8815.02042563537
2065.29967255209,8386.07691031372
6908.06560656592,8305.79558592855
1417.2736057474,3813.87473612692
7160.36550003737,5984.43921209313
2540.54423045349,8314.04223028522
1044.23509528465,8867.55399585917
9007.94275908269,7791.81467837798
7454.80408590103,7014.37211090169
1537.56130224006,9172.90954937653
6650.73035288722,7494.08101112685
2032.37995987736,8920.64281315361
8046.33653084267,7808.53120802936
1058.38337099326,3708.59001376634
1122.16432272929,3188.3522211522
7708.08774949834,7249.18841821125
7668.77209652765,8137.27330832193
997.372103297934,3431.58909635582
6893.4969203306,6548.77989367196
1736.04621074717,8728.85287590242
6493.06508491076,6453.41706836817
1600.57853323045,9051.78987991223
970.828689784129,3570.77026050505
7401.91381751646,7337.20991210591
1675.97970382525,4442.99979786902
1584.80741217394,9081.61512010656
1051.98165908527,8767.29264172053
1245.90719550382,3623.04496073683
1482.27456319605,4402.48063181634
6898.82847401092,8035.34451484915
2124.06993743798,8962.02152726696
6891.44346145119,7020.32459071928
1224.654980067,3459.91055872956
7252.51273022866,7843.93225461572
960.650882823297,8820.20748876342
5093.93711247593,3886.32043406876
1827.17916959658,4056.90068200503
2172.26205404726,9253.21330867302
7922.61704202174,7705.58386158501
6717.873223065,6798.73693548241
4302.3844970003,8858.53697116207
1086.80275966786,8793.45826371547
912.338352533212,9096.04612387032
7007.24578400996,7658.7367465204
6264.15251389287,8033.42964359457
2225.69375829891,8973.7566451646
2069.68416912633,9089.20218064061
1699.71740126178,9144.59294089979
8690.97091372771,7030.2513807556
6644.5425528733,6985.10830852446
6672.77668132246,7858.26478822876
7146.51028712244,7936.93971004365
7485.00376366364,7766.44874783892
1849.42660765977,9225.85403356084
7516.10265119371,7808.90428736138
968.844355021727,3774.17721645991
8293.03888921523,7523.68010132475
6026.11229933885,8303.17426691771
1088.26524148028,3056.23822216483
7504.96239053234,7319.56299742707
1487.0518907294,3731.7958008857
1606.52357156041,3630.52486163444
2655.63291159567,8772.16435927636
1419.73812974062,3465.65847986127
7485.05796176631,7404.22748474981
1569.62498611298,3872.14396184722
2642.89752130924,4370.50517329389
1085.90267771812,8055.61543622308
1973.80869537006,3605.73643405931
4069.37343489826,4065.87883161337
3336.57653991354,9064.45512142989
2735.16668861717,8844.35041891213
7993.65567654429,7554.73701364519
1012.06308239977,3883.73953064613
1213.56654494284,3745.41059805233
1012.65478355256,9324.52711807327
8324.92452516969,6470.62795947823
8165.62848809275,6526.25595750081
1629.85786754542,4255.08852478919
1342.68359818367,9143.0531098556
1850.04828411876,4358.4480694855
1184.56459842723,8864.74838299165
2284.3229605798,5398.61637054259
2767.12288715244,3817.14994975409
1389.4383809716,9168.71004913918
1410.26670111988,8232.92822516582
7601.74303936776,7361.85510665039
2761.55632773547,8875.3840145066
7702.33522743126,8739.75949053988
6232.8329133017,7019.87203198805
7900.86619075806,8295.06776553342
7704.26996179436,7591.90388587138
7643.2435587851,7302.99527545886
6765.75316120309,7463.65495885001
2219.32583723447,3968.55189466268
2253.09558441211,9039.59720379796
7908.79453259302,7201.55895973299
2182.83687495067,4197.50524692863
7311.33975698969,7425.2557621445
7978.26850556929,8195.64373636378
7191.0366638854,7942.24275950422
706.789363575583,3389.94465804493
737.437264047256,3375.36111739156
6717.00127703595,8299.6637337427
2315.69070909209,9159.31453099234
8843.30462478057,8508.72207980436
8833.95489999486,8078.92782260058
7562.01419251728,8115.68248873564
7183.5410672251,7780.11537592719
8166.00292526332,6880.36929299328
8844.97768945017,6475.55946068338
1567.49181037518,3835.49928438284
7169.13528223349,7771.29158407486
2454.3827851237,8476.49136970693
7503.62972786182,8526.59907283603
1696.51651166282,9441.13680544418
6511.60129717203,7413.92019269867
8528.7099861963,6121.90581454004
1607.20770101386,3622.53181089437
923.579356944381,2789.5793184255
7309.17503769857,7616.15848133899
1741.42524986467,9095.41882438643
3103.52065162568,9227.90538123526
1509.05778646977,8712.87057172891
7341.33169451424,6997.73317036187
7460.34468134168,6014.02034622235
8179.45412802871,6873.84932060533
2181.57997759057,3984.88305246943
1529.72727848385,3725.86064716398
1613.47571050254,3948.25075529596
1684.693135475,8039.92449917779
1728.639892299,8241.59523511585
7953.14330605924,7462.67971635497
7018.5356279154,7332.60830692982
1386.97386892492,8976.93985932989
1157.29351472552,3572.25076916994
1005.1314393783,3243.41504784967
3961.39605220098,8901.2638590495
1039.14717241085,3784.3525806745
1808.12417002673,3803.66270015829
1870.16732931256,9206.92426766662
7103.57452048455,7356.2373519949
910.153280416187,8788.90407353632
1697.8753121682,8759.79500840255
717.677276453151,8945.25724923726
2351.55679158802,9315.42176997929
1914.72398945493,8886.58568009323
1458.1382309692,3469.29038300372
7070.12912756395,7113.41521237595
7315.36839016261,7867.85578457755
1174.39838760011,3552.65633509582
1545.7895660452,3480.18725422066
2962.07364453632,8156.05406072671
1117.4881662475,8960.9710696259
7530.95210622812,7334.13157708375
1110.01868089661,8736.11260543418
1858.20284151543,3965.20307782025
4078.04985528944,3400.48172291799
1298.76359262362,3078.51694989263
1405.67119977883,3570.82948273847
2933.36677107607,8954.49563346655
2049.44124381281,3638.85341798595
1376.73315706106,3436.45664717295
1276.77818900376,3422.53700696267
1374.27439399723,3719.99789494774
1704.05656859888,3860.03676028387
1162.4643781015,9175.41871844428
1705.30091940909,9018.14889813864
1694.1962102402,3392.71377599662
7443.74659924986,6507.8803063277
8182.40419155559,7626.07711624822
1424.09474576018,3558.24564723343
4881.39789003698,7871.96310465898
6727.34594014163,4746.55791930225
7453.58756338453,7937.25663791832
1515.12092250423,9051.28145930771
836.792002043798,3621.6381656119
1980.89070534357,9418.66131602434
1786.92310949948,3749.49423621411
3177.59416347674,8555.7918809696
1465.58249671679,3821.1712508919
8503.88272648391,7805.60664828902
9440.05179538038,7542.63112344955
2659.30284714507,5729.88680206091
1000.32816733264,3584.91303787719
859.234768228138,3286.34588709397
7258.80322552803,7959.83867755686
1935.45642032522,3778.71772495096
1121.38810838047,9019.63459915659
6851.58084711104,7014.02906936107
7770.16733255036,7790.74532902263
1125.10204533855,2996.87596637662
7654.37247076298,7605.28049532938
8029.06689902238,7248.36493189893
757.693274581872,3145.27898709968
1873.07879064929,8665.83462253332
1998.93759723515,8292.48647772649
1279.698252373,8866.45613511158
7725.99108244459,7121.91300686471
7296.26236912583,8382.64424100132
2303.11325418984,8361.50049528053
1569.91019648902,3639.74106060864
1312.72780456624,3204.22829611733
6548.66372350151,8442.24665513044
1586.39104457297,9168.35424585041
1782.41849248917,3821.8794759175
1371.46962229564,3646.06858953169
6641.71038233996,9288.3478996107
1665.6645438889,9371.77647407323
1752.16727758785,7723.47616437636
1701.3531964393,8630.20787298794
1128.10954806961,3595.23034844208
1228.26164149296,3856.94901325297
7988.46238437779,8137.5776431126
1507.9572832349,3416.87541839969
1240.49610456345,3421.80767754401
6752.76684699452,9032.00689692249
7629.06854842896,6896.71320609989
1050.76557178633,8644.78295142202
1155.46155549429,8805.78126913298
7297.14950769684,7975.99887623262
7145.20481880366,7680.55911446087
8592.85632151934,6029.15662476153
1278.58849532331,3340.43818155238
7458.69015254743,8188.3787335715
1786.80883574206,3693.43873648309
6270.03919368517,7071.48980452974
1290.87636428181,3543.34709205915
7286.53680034596,7849.64440829543
6721.33877306229,7642.77426030541
8164.66664830891,6940.49975046457
7685.64488719379,6718.12022923197
685.098823250894,9000.51625518096
1698.62869155295,8874.98085357288
1609.11570121651,8283.81513251078
7374.09396691885,7449.00353279252
1296.23449693353,9119.91380817303
1297.98434004096,3364.16477179996
8482.94817861259,7249.96406949516
6660.40976408571,7410.45757425958
4603.40808654103,6210.42002815889
1193.70306938938,9052.52497679948
1010.478238866,8344.29858296465
1530.96770289638,4642.03514801275
1438.75761589715,3687.24405949611
1697.04985175107,8293.68892640016
1211.10867500233,8597.98822644295
8559.7556906941,7787.67053134771
7602.15201778457,7634.15717972128
1472.78080234072,3847.47108955155
1568.23331634168,8996.63402069161
7404.81366667554,8242.88678037803
7494.89880298737,7089.37287607621
1751.92382439099,8419.07251910962
8266.53891833526,7566.12981717506
2124.30293466627,7670.82399188566
2197.99395763268,3733.38896420959
6529.226547915,7666.85434237705
767.801939424738,8669.55022642443
1243.34988158982,3482.00074849
972.719461669948,3191.60870885534
7672.82910888835,8196.00240645858
8063.73495223511,8608.52170845445
7266.85321615443,8331.56414479772
7254.88521687311,7011.45888252724
7879.30764035076,6802.62918386259
7036.42035807986,6976.63308329958
6580.45757679479,7013.13098141644
1260.91777424254,3334.06342559169
801.535730995868,3408.32703946764
1437.77743985184,9296.73736672082
7340.7284200872,7954.07685271185
1263.72184799901,3678.15173414912
7856.7585458448,7824.49257096802
8564.95440280875,7595.5718230601
1029.89866428093,3590.6336434873
8250.89143244449,6857.95059444933
1168.24613422697,8848.36532881456
1737.9055418846,8619.09053657727
6786.56871977268,6545.98401215082
7339.79283516961,6600.28595886082
7504.29855913677,7892.16952149834
8952.13507302906,6540.0052078814
7813.72473158698,7945.37044844856
8192.53536577701,8016.29142323515
5456.78041567277,8666.71490545963
1804.87203552776,3880.62303425636
1406.86961816172,9050.10735675445
887.99704479238,8944.23401685145
1045.43435319494,8968.47762408848
1431.4367866634,3415.39288607606
1629.15727951602,3971.05244493304
7404.80124136718,6593.75526355055
1382.46044891038,3358.37354280075
1817.81610886781,8966.83331599459
7153.69348939957,7636.94233717414
755.267055751063,3062.37799916656
6864.99288516307,8143.64598195813
8150.79608194002,7551.30823010481
8399.48007459886,6636.97040815248
7407.5751713374,7309.6241761655
1324.91706967494,8906.12548887426
1552.60622738172,9571.43955433518
1675.76764853678,3706.77076313496
7796.91076765633,6489.49115061666
1415.00719678206,3895.71420697324
1196.97498807864,9204.96679895763
1182.54343806131,8398.92342784291
1952.21486895162,8834.75013679745
1109.0231810593,7881.16304250367
6989.74394594755,7475.23532034045
7238.00343114641,8041.28940232636
5544.7539871882,3433.21475898345
6685.51426465198,6830.70444711441
5734.33712543221,9003.49146053682
6618.43308254617,7415.01564387321
2757.47730113598,8962.44006102303
2298.89220260987,8759.62314255464
7604.28476615091,7674.40045159884
8342.98397904357,7672.73576907298
8385.09687226293,7115.15070658963
1528.30323622602,8804.34168461106
1102.74240071726,4521.01267574666
1336.58886761684,4197.17778856993
7534.78436438549,7767.07204268003
1784.34343720927,9028.56140022907
7802.66213320146,7731.8164244496
1978.15845590494,8847.34869798159
1133.47628168448,3378.86204394941
6680.28949144815,7192.31191959385
1403.74439580503,3628.06597795101
7850.84844849011,7083.82682374175
1429.17244895648,8952.51242638761
1742.49363710058,9050.89980528978
6237.52409434105,7750.7345539927
1277.78948368686,3636.2123957646
1019.40893517589,9119.76171160749
1751.30323400746,3574.62738886058
7738.21435822292,8154.72202382414
1173.14934913647,3351.8020252546
8291.98501619986,7715.47992570249
7932.51285866774,7998.75021848893
7433.95264128841,7106.2048216399
659.965881958823,3165.94517168244
1471.70626555663,9218.96972204865
2231.22410946652,3851.51885160029
1092.2262838737,3716.03343465938
1330.66735526119,3323.77102360208
1999.81894329115,9073.2828953308
2159.85738938694,9025.14933560897
1047.92319201368,8958.77838807142
2030.71621654212,5646.52901390653
6920.60807402447,7001.27058076376
1140.36445268948,8871.01019595333
6603.15366735652,7457.43162863767
8012.18252476343,7916.5567281139
7440.7671573519,7972.82350759542
6586.78843229585,8423.49551519879
1912.29372807948,9063.97602049581
1369.81471914809,3648.22392542283
1188.24238959016,3396.98644140942
6687.05248436105,8216.6382455029
1507.07332484378,4128.60968334454
8001.86856083379,7838.53483050384
8121.56278322133,7959.6457925111
1252.77215411469,8970.91295705131
2013.77054070484,8991.36084678183
2280.17617136982,9192.90609600387
2100.01535939323,8790.1633515489
8238.14318641815,7452.96282756409
8253.25443775449,7178.76988845707
1326.64325392836,3336.1463657479
9127.09710213326,7921.80246537567
7543.80541236869,7459.8532415243
1319.36757377369,8836.1864745901
1310.23154430881,8219.42659491077
2362.62340973834,8687.25089756738
7300.76422970071,3868.48069305259
1338.17889111653,9862.28508472175
1724.99179535512,9022.713021255
1328.83550596753,3286.2739736128
1926.28683652864,8883.37743689614
7613.54073851497,7402.33642251162
1456.25401824042,3363.68563096984
707.142900610611,3277.56830018594
7051.85261027793,8074.16572566011
5258.04785200653,9018.44089568823
8821.72216182158,7332.2032466941
8234.24580858503,7139.80602121461
1439.61831697129,3812.73333844582
1565.35693848375,8707.98445884343
1897.54681655634,8612.40677190952
1822.15721346545,9245.42540887325
945.212776800893,9028.43832060692
2053.27946347247,3935.45007292291
1346.45342197628,3234.65703796573
1836.41010401377,3684.02067828698
2976.77609280557,7267.94030733855
6987.48447732922,8483.86250857378
1591.90305990789,8278.72522384549
7150.9959607991,8164.20068304494
8021.75870590363,7319.44229286404
7573.2832734299,8038.42998087702
829.615873693652,9020.03938095566
1869.90932193009,9126.62967327736
1298.16948677872,9227.55869155237
1509.40545905377,8780.4604380072
1271.66315552707,8807.2000489747
2386.57893743911,8548.58848104318
1227.44203172547,3473.67048251895
7079.710966408,7866.4288767674
9158.0085650277,7707.0550348627
1082.62867906769,3336.64428611509
2955.27814919892,8777.4397933188
7957.03316123434,7421.25316156154
1217.25690780695,9049.32683016851
2383.67785754496,4721.49372046509
1580.83071407228,3577.00753751371
7860.46782108997,7402.28487792862
6363.12418817467,7534.01364718078
989.133758843087,3486.9055945165
1625.92814628494,3407.67255193437
6680.11705100371,6693.45914689395
1638.00721380926,9213.201655837
2135.44272934761,9299.85342153286
1613.68422420207,5473.48388088006
3194.99104085374,8551.36471564699
7222.77509633497,8083.36240083674
6645.22953342644,7352.21913695829
6376.55435769158,7131.1082975188
7691.89733298654,7546.71488440616
1919.67907575086,8883.71171673646
1175.55493292901,3638.5076932561
2383.07993415223,8313.42193356041
7842.00861091668,8198.85394436998
8292.40651209673,7783.4333122261
1726.57589148122,9278.9153877851
1304.04753631598,9246.53726088266
1009.52289449346,3591.53255272182
8304.3284922391,7180.85302874399
2264.15000544122,8638.30826269083
6894.16626334724,6894.65675739224
8552.09079301301,7040.87444677546
6157.54927843107,7570.14290172235
719.433649424169,3499.28257041091
1588.48558657664,8997.68969917998
3787.45763591688,5243.4758702957
1410.66280625842,9056.18729144802
7770.71544861671,8288.9777534525
8237.75355774322,6216.53378759451
1796.37923255782,3901.07473353362
8878.89936489017,7245.4671495458
736.307960358816,3027.49906535855
1729.96360893203,8943.27764431114
7821.29522270829,7556.33353192511
1058.30346212468,3126.71229782076
8012.6847653153,7072.99341777606
1270.75344786387,3798.74741353174
7531.43814220558,8061.67213797462
1413.91853525703,3835.61060274705
7327.96607386728,6262.1584544274
1317.87047570728,3807.77102125988
6993.31360420963,7596.96911639198
1710.2704002597,8518.73309468057
7562.92729249483,7993.27429605742
1057.11553703404,3590.0301151251
8559.02325666558,6874.97293165059
7969.22514393196,7018.2106512941
712.890540837072,3154.27244415303
1665.45888049606,3145.85269358859
2110.31873794822,9085.11737462999
8982.57168930087,7219.87183246686
1191.62434140599,9062.231204721
1836.50762460226,8667.26249898052
7447.42447286985,6778.07349592282
7925.01701979376,7655.9106963206
1559.39174969513,9051.58573212357
7657.12146820415,5169.90490737372
1532.52957362388,4137.57652886672
6533.21571603981,7967.856499649
1228.27579969478,8420.35612980818
8530.19266055461,7078.07635261841
6789.66951552191,8079.22748498854
7398.13035477552,7626.37254655191
7700.94482850575,6763.0502006931
1457.66035725627,8734.47523340006
1266.5142104817,3423.68773561709
1534.2425183923,9050.55336860195
1056.56918372067,3437.01291511684
1133.98934654654,3503.33732329742
1282.25754339739,3526.57297347981
7752.63732245514,7553.25417271128
1571.24122186578,9084.42321970381
8089.61209288246,7429.7971030023
895.757230843054,3313.43354869074
1598.12516390871,4046.85498434705
7523.27610051552,7580.6362505526
2521.09693136891,8139.15793026857
7233.7345775168,7155.93839684244
9056.1524849762,6010.54348016638
1258.40505814355,9004.92641318118
1152.26782842895,3516.70600325159
924.119009284396,8774.12921219107
7320.88014603379,7855.63240247307
1966.04868484598,9244.08360827303
7491.98844652848,7559.82569439779
1164.58482017835,8703.38125724859
2793.47705637657,3326.99644661559
7757.00350789247,8367.7697505332
7873.70788321126,7524.77554048523
1339.15099235438,8931.94202370115
1526.91481930248,9351.56586059018
1445.76613775261,3451.78412677892
1779.41710405526,9606.48505818439
1338.66671249672,8539.20045262001
1540.71785237359,3579.47976760978
984.405969391456,9192.54073538678
1428.88099559906,3718.7841981205
962.428678095704,3184.27670359616
1838.5827404375,9141.00721669221
2192.84121783825,2018.75129160527
7583.38047693898,8205.39632256272
1741.20001104218,9327.52493612267
1674.58734865374,4068.84243439019
905.644340007168,9016.17093698131
1811.45390819432,9174.16514197919
1039.0335218733,9047.32917511298
822.081281214499,3610.74290401803
1396.42874442125,8901.90314939216
8264.64788893582,7876.53038853254
1677.08505729854,8885.55020001035
1004.42843994705,3207.35133983933
2099.17472698728,8714.77754887535
7176.59001136512,6787.85528285134
1540.53205384239,3541.78307179919
1485.65926876311,8837.03841289799
1904.5274358944,3856.56337239848
1520.94821261717,3962.00237709693
7478.56506576656,6958.31578671445
7407.82747106982,7725.35653039969
1851.13371931305,9032.81807492098
6881.28704512019,9498.91147215465
988.979160813552,9404.16250060195
1335.69669516665,3178.10764476024
8008.46652246306,6418.37049448674
7797.08620626832,7545.65332518196
8144.92242519159,7700.16625049847
5764.33225502937,3739.22367780883
1622.65113717228,9346.58813802883
2547.3851465668,9024.63543819726
1497.33601023558,3286.76097171093
1309.65269382538,3773.69808065906
1468.44597302598,3976.45048003085
1503.22098221562,8254.54165917855
1254.78785251061,8949.72169039431
2617.09675781505,8396.57374443762
766.858568676935,2900.75836240425
1279.70117705182,3255.16141783165
2888.90642729,9071.80950065205
1259.82451129178,3906.43579269948
1775.88815340255,8846.15309762944
1634.16734278687,8950.0325461161
1050.19232288057,3444.05356203811
7392.04541347837,8011.95896095291
803.183802077432,8382.65766773128
1706.45395023688,8984.46187990417
1188.70152757427,3623.90360355401
1230.54588068905,8319.27362072524
1521.70384833956,9030.17237340388
1606.44511762605,9435.71758420664
1929.89908187447,4501.72713042532
7450.87724118757,8059.28113890945
7913.93028013654,7333.37927956988
7713.67500955037,7695.48446442046
2769.25373772452,6313.8878194779
4413.22156748417,3440.77108783184
1591.52306615329,9207.80141410883
8320.09303800248,7730.75272249844
2070.8242217687,7865.33268250198
1615.29255300897,3773.36441251854
1727.52701437393,9016.32457354143
1454.48451650466,4815.80257555975
2249.66811069372,9042.09703384743
7661.34572981965,7465.56517284471
1830.93054662678,3736.67544287713
1763.32119719373,6646.90246892205
1538.31117458892,3790.09877517117
6829.3240696724,7250.21232847213
7996.91500640291,7001.30633162038
1676.23046328415,3720.88178608648
7698.37981000463,6788.50065961462
7538.97184380913,6606.97359933488
1538.46664742858,3701.58808995815
1288.75266844264,8967.55807737145
769.104574609498,3138.38362189759
2165.25461790969,9408.8038794159
1266.62056947526,3460.99818737552
966.504602698374,3394.26988198751
1539.02290561141,3654.3387875236
1786.95731781578,8378.18384746794
7883.91106284088,4195.89930166377
8176.0041888537,7586.31028125587
7723.50484031078,6575.5697623416
7350.52766317629,7562.72189704367
7096.49720341545,7609.98614388429
932.880121014964,3554.47682224918
7028.29979658212,7490.42235974355
7290.14432192518,8026.64895705298
8522.37855493082,6951.80284806274
7447.80168363145,6575.66187970815
1768.33528455388,8639.7078316205
1976.30285832346,8739.30281584986
2176.81563650923,8382.99446334221
1184.61045048922,3262.00360974576
1159.55828246365,3782.52529060131
6685.67826560649,7700.46365291956
6356.39020014595,7136.10912255084
1493.24206041748,9070.33112335879
1281.46497667552,8964.11208845457
6684.6316092734,7930.72724981362
1466.33039402473,3524.89274408579
7378.56564132336,5853.20445743266
1947.97888563881,8587.18337104143
1837.81582053331,7740.28271920171
7823.01754161222,5086.52016716274
7486.05486186666,7639.95636658047
6687.12095479948,8102.27269503538
1209.94628874148,8768.91598183662
7347.61257786543,8450.53950420679
7732.38036460002,7621.80238190986
916.108222175012,3030.48520080094
7573.27728700205,6654.55118626515
7542.53211833449,7795.54285716331
9063.63827241176,7861.00904438013
2663.81834033235,9597.6798133213
1566.33460266134,8304.88109805849
1632.97239668276,3949.24318754019
6695.85667961525,6828.80581539317
6876.9055504491,7554.09226708661
1741.19878289497,3715.38279177228
1032.81215293278,9152.24560669156
532.307913137116,3496.13208084928
1420.61209134873,3537.42797364159
1732.59941564727,3766.35942687096
8841.53233529579,7180.16713562034
1918.37996711525,8639.92325198136
6857.40916516369,7393.88228021397
1610.5991513711,3714.07912107585
1231.77860670219,3788.05968702287
1340.77637356007,9072.7316133105
1445.58514621976,9120.42547621371
1511.94159616487,3348.16871707739
8259.84311097258,7627.53481443591
1313.6054632863,3411.14002255439
1212.23279775426,8842.42741483209
1768.1373444163,8786.83430406381
8265.037862799,6896.51083981691
1283.75395873973,9061.49850567325
2204.17208092784,9165.73442714737
7792.16850768693,5928.07157118805
7931.78364804293,5496.20878903934
7642.00607551732,7343.40419861672
6622.91576785024,7931.0577384595
1985.21890700705,8631.27924611087
1062.28540604929,3419.5583779509
7730.89020990529,8007.418559346
1869.42848724276,4700.72626308916
1657.56928736729,3968.21392176923
1416.84504582146,4505.93147483065
1043.1172609076,3369.56858580728
1736.31244384127,3978.01834697745
7262.20057597611,8027.97023245051
1864.81830844881,3563.74125987436
8385.12293694902,6467.45787014712
1041.17111706334,8970.91832579489
7873.84404334932,7049.79389843365
1588.68718940111,9266.81096983163
7614.19425910275,7703.31543658467
6570.72384933816,8259.86104417637
7662.3103048791,8308.4902341555
8009.48092372885,7415.69722715252
2019.75214865945,8956.99886049994
1064.04201844219,8786.39119944154
7346.65502618619,7498.89673065068
1303.98080355938,9118.76201553483
1895.7390474834,8323.98631190084
7591.86410628378,7810.76706463809
7764.60802442606,8628.1565584675
6350.99782719933,6356.12362579582
6232.38522222878,8105.30191256765
1894.81937979537,3935.56101201262
6886.54972093854,7136.221750432
8773.05159896512,6745.43216703314
2269.66986233946,3860.86986502286
8321.33488167565,6950.23783017905
1404.69083042737,8564.34367727079
5215.89962566084,6511.45042858088
1797.97429118855,8652.24825102388
6551.85324891736,7594.67821042287
2161.37554048434,9101.50638662705
6043.18511732077,7699.08083532052
1033.22339098635,2844.91091199223
7738.67682021294,7179.35438891709
7860.13605229229,7751.26452631088
1404.29943982301,8789.53101683172
7430.13603251361,8105.51027710525
7483.96439022131,7888.39568892081
1905.31376961146,9208.61402606994
7677.00170937456,9220.27849330052
7967.38382828514,7296.4192816713
1118.23297381161,3729.27922031768
2080.70058209082,8746.09602753646
2147.82596609577,8428.37538784061
6953.76324638477,7379.8047275186
1429.44921065861,3799.80573311896
2108.38450939138,3488.57475914869
7217.9902411418,7289.39389669828
7078.46685886553,7473.09517905747
936.551216522177,9075.14876021237
7272.71141672583,7103.28859251582
1306.51010537081,8729.72210768465
7953.97695518586,7821.72986364579
1642.0773342463,4279.92854110841
7685.97925803864,7093.99819439925
1657.00435789801,8999.96159775877
7846.81652709015,7861.59099684393
1278.631451857,6216.77098748796
7161.27567683311,8136.21121158504
1180.89497414642,9172.6026767427
1194.18983370754,3280.07297959066
7237.95873532606,7932.67283889383
8376.5857765804,7507.2453054516
1257.05793790273,3567.38260173266
1155.76563171904,9057.10081795232
1315.74555187498,8901.8385168003
4657.47975623159,9062.55669172589
1417.7272094649,3446.93132663762
6340.17064888033,6729.51889535857
1748.81101808647,9084.2284215787
8723.52930063895,6834.73351766104
1055.19923315266,3425.34006301111
7389.50614853766,7001.34736059122
8874.9049197996,7904.67522420774
2058.5054715816,4027.15873234188
6855.85369164759,8030.59408629251
1404.554719897,3324.28564470978
1188.24053203715,3349.05443443038
2433.77467501817,8081.77137742624
6620.40167165272,4501.54714274804
7803.81182440778,7798.5013632925
7584.37955951483,8337.99875036672
1597.4155254518,8330.7599128384
1360.87915627494,8164.34026836203
1298.72872744842,3965.68166154094
5382.12814271036,4123.0601433223
8365.25860624205,7612.91400542891
7649.64400964846,7775.99826971403
978.43907687429,3492.07230641771
1122.51242357465,3501.61749712686
2167.61648054925,8629.01022990221
2923.64519003759,9141.57704400123
7594.36807953979,7438.14269711556
8634.037226553,7637.09665252235
3109.48395064101,3439.83389396092
7163.96012752482,7937.18072064371
1715.73822910321,9581.4993044308
2025.22019641696,8120.72402964664
815.332215296314,3592.01860179294
1215.79691056516,9159.05668795481
6684.85486394643,5017.55665843124
1163.9812419479,9051.60673738214
7406.49701902736,7824.51634336131
1268.12703429582,8588.03417638725
6690.26446926392,7400.98634858795
1558.30853178562,9713.41772165812
7379.44387065991,7829.53833201547
6289.08694207598,8222.68097012215
1624.79641122344,8218.46482224239
931.39965903457,3382.79166860036
7660.95889249519,8236.22852823563
1373.8730332917,8964.51249820429
7274.35415545954,8469.17169096734
7478.87769060108,8346.53951817735
1673.34834541114,9084.02397075426
6098.26112592576,7668.1924268321
9072.92676638284,7116.85520737715
2324.94891373216,8949.16515969796
7071.00672822501,7525.97566230868
7875.40628184394,7724.94436846721
7891.46121657867,7325.30229748328
1729.4075966993,9078.84309711881
7617.36035173773,8140.20177218282
7971.12470801201,5937.46830342838
1093.11948045417,8533.31871153285
7524.56450209953,6395.95023019524
8234.41816952871,7637.3275694193
7587.42475875686,7375.47940610687
7646.71597212994,8359.78987071228
8002.55546309174,6519.65470400623
2005.10520008401,9274.87840281278
1573.10479006662,7784.23316824837
1542.00573107938,8187.56623269641
1909.54301152237,8916.42947781097
6420.81401195051,7868.83063063367
907.64898295486,3372.42876783945
7078.2406847394,8061.66850551574
1496.27129141475,3684.43411149074
1236.34653356092,3337.17775287834
8279.76719486454,7948.99596400282
8624.11999340098,7753.80123785704
1668.68196204825,9081.78653774143
1724.02181118305,3775.50406676298
1491.91680222674,9386.34804091081
1621.12889186681,8338.04663537168
1455.35721462999,9089.26987123128
1907.84040084185,8806.67827406966
1856.5884370847,7046.97364150228
7536.77578432746,7941.06323837237
9005.59587377878,8524.38897236984
8084.14437096881,7829.85523160171
669.043933933082,3727.91957147168
1195.07904052749,8781.92817459409
7816.15455118787,7846.73552184938
1230.6056489162,3673.22814045648
1383.83884976143,8960.03926560316
6928.20619642989,7838.735137917
1495.24738328716,8979.79689178348
2090.48155990567,9011.90429491502
1538.51236870753,9104.57502875602
1199.83162700004,9161.43592072745
1846.19717458745,9158.44125832167
1683.0009738934,9192.35965549023
1845.65832690685,3851.91076068874
7412.48790862916,6978.40253821559
743.307094054158,3180.91830230259
966.956533943646,9180.59780637193
7328.75111512578,8482.55082476852
7160.79489191603,8111.00732511404
1315.36903671683,8854.76972456946
1044.16452809844,3474.25851729699
8537.13741202367,6412.68606419686
1275.16165300641,3382.93865725365
6439.21767348081,7851.26046321903
7875.48265160381,7989.99244300985
7458.62704349677,7552.32416668195
1450.47347669661,9276.17848800855
2266.11469822029,7927.02045583994
1643.2595208051,3607.48076717103
6919.69964786818,7054.69296481926
1242.26395028452,3553.63580260294
2087.13037309918,3945.31473514062
1056.26417487529,8869.44517307284
1016.73495565678,3718.6562214743
7598.74844391706,8230.74670817458
7604.32696846921,7979.18329825286
1206.3618692788,9131.96314920633
1548.94695673197,3757.57603788645
7723.51373522663,8125.96464892473
8488.12769786648,7896.03902006029
7523.27052479222,8532.78805177165
8488.58330503359,8144.34816225968
2431.6362495054,8133.57268746197
764.097996448467,8709.93863278974
1655.84437372199,8759.40687889214
966.864774973469,9099.02012959221
1318.27913513746,3910.15598367576
7454.11374737378,7927.34366113889
1785.70794380532,7619.18133257714
1530.63620233094,8934.3389458411
7918.3624171167,6478.83539058197
1298.77128970657,9154.62045978734
1009.92190278946,3755.62643251593
1647.96175655927,8549.76274511586
7955.87224862542,7747.85148936398
7466.89499491151,6808.71397359969
7354.96665730954,5729.56937386183
1802.16507508952,3719.4067139377
1615.19850347692,3774.4272328081
1600.34723069908,8796.43114153151
768.933145346591,3301.86899588189
3271.36373473117,8602.70060446353
1637.87845768949,8811.16405266595
7625.28315897881,7090.74135342163
2112.08665318436,8359.96219239254
930.955696075596,3285.8238727444
1427.87214224537,3770.87020362253
7102.83243323014,6417.06379684697
8228.14534521284,7777.3987856414
546.885418750612,3076.20367704277
1960.24868723016,9004.05371387685
8691.23687013128,5234.5532850381
7591.60828839077,7041.98399320437
1446.3623663695,8821.31495714401
7472.65356447212,7482.66406560977
1163.9707343823,9041.64159623289
666.368456442527,3261.28976606704
715.137108614785,3823.71170516067
2244.73271041239,8220.16740385532
6839.54466602714,7596.96799297579
1207.77333330595,8968.64746200979
1460.70276295084,3566.94089591354
1654.55138531201,7887.77446601427
8595.00487449555,6691.63614281812
972.530873534441,3382.08300125216
2266.35488665543,8676.63987850227
8042.55979270905,7888.96422429242
1350.86069171836,8984.09676277171
7282.68818908983,6688.74891025064
8419.61351763626,6115.81916647978
7073.11887391009,7933.05760818893
9228.83664168961,7581.11125071397
1987.94412247436,8644.01316544366
7352.23834737742,7687.96111769565
7381.08669954766,7836.86548213491
1719.96315603917,8065.51058525177
8054.83263114677,8242.4411187004
7780.02674789269,8730.60725584565
1228.19009856654,9105.13671869136
8077.17373628489,7724.94295630771
1592.00031918273,3487.1816701929
861.173091439212,3078.89040579444
7342.70923888586,7426.94044747382
1383.43720912812,8308.46750861163
6139.14679755521,6881.26311737933
1709.64424590801,8528.65756840148
1097.73994128146,9407.79855362007
1067.43588809394,8013.44201340244
1426.93102554956,9059.64932361554
6947.66367618419,8108.62807276685
1622.92189277561,3869.1579248144
8306.56869113298,5991.62733279083
7145.31038416322,7124.89012265644
1083.8493664946,3028.90528226534
1265.91056315546,9135.19901254362
1368.98939568399,9043.32269629678
7159.98111415754,6942.13542981421
7391.67404932174,7473.04892064181
7790.34792075149,7102.56414323491
1374.78161006241,4103.48793618086
7898.26017136749,7765.24043952657
1475.86511592818,8774.09898316602
7092.48094224029,7735.60209456858
7930.23787158551,7324.22311899471
7649.57116501808,6101.61675342898
8326.93030690818,7745.40745307652
1033.77720929898,8849.07180463284
3313.23392025827,9129.5966624079
2206.87788210014,3422.046904135
1462.71347992509,3618.34381978678
7415.46763190987,7696.71947565649
2000.47158682445,9073.22083337314
1278.06251655963,8036.79594602116
3082.28028953509,5085.38277585926
7625.16539088161,7203.92680303065
8061.8145111035,7456.79749764759
1460.54186173884,3401.47491584733
7884.06026169063,7482.09664826933
2865.92500171363,7931.22760756391
1094.80200117567,8963.31071433515
1352.8069963822,8581.39234662328
6677.60777213578,7832.06999332271
1652.38331391532,8784.38571015397
2039.17789422189,8976.74493264863
1515.31300727755,8897.62873264958
918.220419882864,3142.0313376418
6868.5518896362,8090.22540894238
7578.46583934925,5721.90839526018
2244.25921425896,8365.18586988774
943.82570314171,3367.17899823659
1712.58883823386,3768.03120257171
1539.37478689481,3840.64432646118
2545.05609815243,8049.95519428375
1253.733303764,3526.85475760695
7567.4314188676,7883.93876342204
7553.02189854398,7876.21087555247
7176.6386858967,6316.78978116152
1634.20137379687,8894.8773551735
1271.55374272389,8959.16629691827
7801.50358361293,7546.66605719329
7893.79910843301,7102.23019784209
7321.76748237251,7401.73241295111
1473.26278590839,3486.72200439924
1715.09032273841,9089.04305451181
2698.41136269816,8053.32563682623
1164.11450802062,3253.28459345807
7259.25896352415,8643.71236442822
1918.09821393675,7865.430485664
1629.37031979799,8507.07856930932
1367.74812489371,4133.50395462321
703.061589515287,9553.8221694141
8905.34735502088,6878.98657144658
932.150903147917,9376.35821552423
1420.47208877248,8142.82316344396
1207.35349218641,8752.01793109112
7124.58272035478,7934.25532518475
7524.32768653901,7052.85691272856
1476.1432439401,9246.09856661979
1310.73421761209,9048.37309980375
7454.58968502697,7679.71871654974
1195.15451569827,8976.07020013856
7879.20785475616,8114.47114313593
1260.71462443861,3138.960219009
1460.20818209192,3667.80380839764
7279.46090533183,7801.45585722551
1231.51936411451,3515.80727636432
1730.49736145097,8411.1408452042
2861.39023648375,8385.7940497739
1894.77094562996,3313.16917575122
7929.77533279096,7578.91502772472
6411.83728875206,7350.52112393824
7524.55710269449,7213.20712822777
8145.99305831044,7204.41509068904
7011.23680494568,7393.63230594907
7706.92812827047,7600.25942507254
1632.82552799853,8892.58414592429
1523.59904314311,4124.21376201823
7047.70821435728,7698.61396465607
2292.67792202031,8014.851627404
1722.64812091172,9047.0946538709
7697.71138697629,7448.59975151172
1752.80239248296,8887.28487649026
8447.41457134034,8284.47454124373
1622.21751815057,3961.57856919137
5628.09111226938,7438.43739928903
1013.70027324782,3284.05088474266
6932.68851235215,8208.90351752993
858.451976989084,3266.4313816345
7974.85819357802,6473.87152551515
917.140124854797,3490.04940474394
6503.44371785813,7703.28564223746
1306.78245749771,9202.60903307748
1032.29268830767,9266.00311065562
6812.8180737594,7169.24370462774
1565.83550397811,4407.68798744268
1788.796844001,3760.51838813739
7150.6087464329,7537.73631573494
1634.78735629042,3785.48260837555
1274.8728693944,8876.45557011851
1184.0519205288,8771.23721775347
7395.64907235423,8584.50573786766
7211.25300060836,7393.04641474162
7909.79879942574,7749.17943814889
1790.38511308757,9171.85988221608
2173.29749141935,8745.49557035612
7461.85834411734,6564.17605574615
7358.96282145221,8108.46246897019
1044.2562129409,9001.89482948225
8047.21432667377,8210.12647052761
8143.17399446283,5999.81731631181
8494.85682351819,7169.58600520793
6583.18867771653,7250.91854586822
1535.30988595063,9264.14211042401
1365.81779623977,9100.01990114643
1756.30443332995,9249.57515461794
1409.51447153471,3593.28636513664
1396.18798059609,8994.01603190946
6869.61407066592,7991.22044582745
8189.94826388143,8228.00851137484
842.689689166631,8755.27789623809
6428.59424862402,6894.64566750076
1548.98455727482,3883.16049037185
7633.83089069731,8030.46966664958
2577.44250807304,7761.94440448486
1219.31617550791,3318.49705592082
7377.70827033744,8032.65656881487
1169.94247868811,3925.64194807886
1693.90498154512,9146.48814501
1470.67878144756,8711.02633104318
1036.22377230263,3029.34576568473
2366.17579960696,9074.83980329062
7837.4070166041,6747.05710674769
1615.37607367848,3507.76179436344
7701.87377219849,7600.05545458157
6964.25120880151,7565.8950924176
6133.47900462943,6436.19291825113
4558.46245207575,8152.82851823947
7357.13257994577,6551.37624788333
1956.62400304362,3810.69791187524
8737.65632110876,7468.18116009956
7579.0897962434,7431.34680328297
7759.28595783136,7772.10778383073
7491.50481661717,8142.4077849979
1226.50541081763,3839.61858284
7911.48784743814,7404.4912047084
6554.06950963645,7231.33583370563
1480.19145352139,9123.58482721855
1635.04394488299,3950.87220488871
1877.26655746044,8400.58691642726
7457.80769728149,7122.57460248682
7392.6034014022,6726.36960559396
9181.14001874143,7229.83659180667
1340.8026336665,9012.72696372966
1735.6729956363,9069.89010880039
1024.49039812371,9050.41641954054
1957.70906025996,8506.15796476054
2398.19561473076,8816.88292760229
6586.90643445893,7791.40657349973
811.826608997,9035.48599687323
1148.43252608404,3666.20534951018
7925.51811165435,7403.51697133304
7687.76408539836,7435.11042699493
1987.05475487672,9042.58967285636
7186.03054507911,7922.93792262834
1597.77997955846,4258.50570491833
1273.19344997051,4241.51558550101
5368.49420445896,9139.0607390019
1751.6053767817,9269.73628614299
1184.3880622014,9229.27858252802
7424.95456342791,7363.22725132167
7115.72397788703,8683.343798341
1360.15915182496,9086.9967425973
2924.03120993193,9059.82218828409
7334.31078395695,7317.22443486003
951.449491238211,3197.32748552337
7850.78368763607,7331.83154943409
941.372700413707,3164.89156239372
8355.61892125065,7124.92318136979
2025.35417440399,6396.30132830825
7343.65208549023,7765.07721855645
1864.77893754658,8843.07288716102
7522.75713004137,7453.59790777515
7045.66105940015,6801.53523737946
1537.43703576713,9274.24145234393
6551.94092315413,8004.93196116001
1668.38763635216,3746.3682775736
1248.40784152309,3908.17381768666
801.807222350136,3239.77991117635
7929.00749694371,6930.74084250253
8152.31138678288,7409.7758052881
7223.95002388056,7210.14843752049
2017.71859588042,9009.27732828245
6252.10037213945,7161.56988806645
2096.72264068292,3228.04270688273
8139.68029154292,5996.86385358944
8004.4574294109,7515.51328601915
7900.50179467396,8092.38975380478
866.287611152697,9091.55393869562
7295.44983982412,7003.94200281458
8861.99270459139,7274.71395873082
1670.58670824329,3847.22364568314
7442.10707159789,8169.95484104813
1138.47801245038,3687.63026861397
1396.43733756897,9212.89239319425
8501.75329623152,7728.53962975673
6506.5163440219,7939.2548905298
1412.76174775517,4229.79536460554
7940.38731926482,7496.43757511264
1221.52732045867,9026.65962191268
1512.49605150206,3440.20890571488
1130.74866862656,3602.66292470221
8000.611329181,7343.11414813447
1354.08619383823,7892.16396637134
7809.46511511129,7386.75390088722
2624.94577216246,8883.6345706141
2139.83201927157,3778.1086208539
799.452563674608,3093.33919882596
7242.79260588816,7441.5220055692
1553.94258622129,3749.51934009084
8268.22858566301,8193.54437008625
1397.048232631,9063.91788201562
1437.26251034314,9169.85125817898
1790.65335708661,8669.30264027335
2084.15133879,3946.9369225949
6940.6356874937,7034.75449783868
872.582742333591,3237.10203870477
7972.03535026341,8065.15462323745
7527.3623802464,7170.7631724485
7308.8428286571,7513.53939949701
1280.82043836981,3513.68307501684
7778.81528612472,8141.52996680861
7685.69614242559,7424.44748682902
7849.850842925,7832.56901705383
7184.22050981977,6946.10486837888
1084.08900837431,3247.20812014393
2684.33261040422,9772.30853046387
7257.9658742713,7506.14258820228
1366.92492725435,3724.01208053291
952.615849245867,8883.5181467067
1139.26750524093,3315.50059585461
7416.35808348496,7021.77487264085
7859.3951176832,7647.80249460846
1556.26207352563,9177.40302000804
865.219954872029,3483.16393399272
1165.81998433936,3626.22675062512
1741.97780169918,9027.57674886382
1518.08842479888,3624.29022390952
2149.6833329643,9253.80755317252
1823.94318678722,3613.8133196929
1719.26021631934,4495.15525838985
1384.04703349768,3636.59277891334
912.019770272715,3497.22031965498
7733.69519261507,7435.93060352644
1752.38949473819,8728.30067030328
1272.97145480118,8219.05611346835
2750.63004721452,9095.5261181492
7458.64308938827,7267.20310861973
7105.91551126785,6252.31180785301
1087.57378084288,8957.60326134873
7477.28424178167,7863.2943768796
7809.25546638232,8352.94934355558
7617.48773284084,7220.26397465802
1253.33850402146,3597.10571068219
1975.74010407853,3497.5139286917
673.840422004025,8013.0735886672
1369.76132780652,3472.67755466677
1830.34504590118,3042.24876604674
7013.40966898263,7804.83277091051
1559.96021925932,8926.08332798968
1130.46659387042,3583.11905475358
7268.70994997317,5302.11243990233
1274.26458839755,4147.05938167055
2315.8093311593,8684.48865797051
1570.4529663174,3651.07097840288
7486.43513638068,7446.40660609829
7352.78715697193,7223.92149449505
1854.90614019985,9191.25593792073
1092.16265789877,3546.501712449
7644.76626137996,7820.84869087598
6235.05647372974,7512.88258790731
7342.65851087654,7203.21184273194
1604.99012742994,8845.70905454259
810.106589125118,3570.49818867849
1630.73444100773,8794.71336822592
1195.64288702858,3447.69790229341
1734.00231181159,8908.89013210927
9288.53235816056,7461.77535828004
1788.20907079776,8230.43800514966
7898.23257650844,7278.17722765115
1994.84030910514,9003.04185596892
943.845082689299,3615.97951042925
6829.53620428459,8053.06314852446
1653.77284852719,9131.11661219282
1682.79001870871,5089.69961617227
1798.43621479343,9182.40059031259
2265.13540614582,8863.17228228574
3738.84589302898,8193.85114647939
1184.11645508022,3850.87899103251
2028.95095276348,9424.64637414984
1127.97046975243,3623.29453676706
1397.54525743655,9046.93239326179
1553.20254543246,3887.90378010886
7565.62522043162,7614.6628463144
1291.82397451718,8859.44251411465
1722.26041709032,9207.64975970308
8080.35314669363,7165.25883318449
2661.38270456337,8243.24861565369
1989.76774411657,8667.05271756941
1776.33301465358,3585.41792585116
7763.94194521554,6968.10702378141
6956.86386190246,7530.14123388944
1446.17103474528,3768.43744395922
1510.22638648553,9066.13748277363
7820.71013572425,8849.21814039685
7875.34970493878,8131.10778354743
931.961565701002,3070.34093713782
7174.75573839688,5269.9225559834
1193.87241792761,3681.34206275734
1721.28213026944,9077.84626046549
1247.05625081054,7905.16179515274
1046.92650363949,3632.0861762602
1595.85833374041,9445.89271794136
4281.50943030612,8382.74918185754
1956.32996802627,9324.15044588784
1620.8175574595,8989.67032430667
7284.38758986962,7160.24953855901
7618.90020523062,7969.10631030474
7096.89777945246,7286.60968635413
7893.09811816194,7513.75421256234
5925.16142343755,7539.61344610319
1717.79436036335,3609.28494382287
1207.79771437724,3812.31383865637
1774.52952683767,9058.75757524813
6258.77997969442,7444.0559208206
7853.8700534501,7948.06339195425
2534.53697057844,8799.0016037613
1084.92355099232,9026.60799808443
7197.91619886785,7350.014301573
1042.16437820125,3365.75056912765
7656.43828519513,8180.89303670781
2208.11561866783,9186.89989570954
7706.58310322939,6108.22838673971
7636.45907021037,7385.6995340579
1106.33904841983,3366.72840760335
1238.74891094151,3173.5881053733
1548.33148135945,8509.27529560979
7144.59976717456,7916.15205323174
7016.03346172707,6959.65794107277
5776.87907862796,7985.51861389728
964.806003627658,8658.34762454688
6682.69484283941,6559.3084664891
8407.32109635372,6233.56106389987
8109.61365109367,7461.88566476916
6724.70052280989,7642.9026778283
543.04568162192,3736.86870405027
7419.29145610413,7982.68549860038
790.042725468565,3308.32092971896
6993.89507251817,6249.52643830142
7880.51157965729,7926.32245511889
1660.96930955865,8933.97259263694
1319.07814811765,3598.3876714447
1040.3363406672,3391.47264142399
1332.33068630914,3435.33686518256
7624.45023160811,8141.97644989127
1918.33192316512,8607.91261818353
7136.26792662059,8019.16296024671
7243.80632602614,7814.74453206214
3149.71172501325,9069.6272591135
8020.08168725114,7670.50329051374
988.456214409666,8697.80765197173
1772.49892282474,8999.87470283624
6633.93383883986,8178.42798261292
1670.59807855696,8917.99341501522
523.366387987165,2974.12944903067
7905.45631966219,7757.54154904434
7741.37316794438,8400.13544077391
8657.8828297468,7484.99791794293
1770.21447097191,9534.16476317411
7221.90881995712,7757.32290603706
1250.19145880345,3272.15132175944
7214.97603307164,8063.4568320296
7852.49718109213,7405.96819044587
1785.538412949,8895.19445122891
8539.92798637127,7618.84465127683
2644.7941634477,8852.19447950189
7369.56046750778,7870.97960867555
7819.4738769122,7198.26566170818
884.190820222292,3224.79565253679
7282.39917917779,8208.95547399739
1716.24373820325,3709.80439233543
8217.68973561903,7203.32869976332
1049.47823920193,9126.48549073161
7362.52831183638,7507.618577806
1734.29601021397,7588.67792680015
1339.22223123449,9017.61328686973
946.318792524468,3419.07253085856
7109.14947755802,8114.95433643152
7910.09581071272,7233.50111742532
2051.54827196482,8177.43453318978
7205.44460389179,8002.01554692869
8906.04486070605,6571.43545078961
7284.5093495529,7229.67724315198
1472.3045611076,8826.49811783632
1602.78851887394,8398.86723243485
6811.44466401835,7774.15185828691
7241.22643783673,7142.30061709191
6648.84491359807,7683.368521088
8213.74427912996,8240.62349326965
1426.49782336175,3550.19823491399
7464.40167767478,7800.03608635723
832.444783754016,3224.65570455772
8473.7222177815,5986.271291005
1697.60376628508,8731.90628221133
2019.81224889207,8431.78756923182
1404.3733890484,8214.37226295486
1052.31902291088,8858.32777948054
1054.15059076805,9144.77714142922
1527.80752910621,3990.38942973899
1609.01663385783,3355.13275329545
1299.82996814722,3156.53711289468
1540.5109808828,6530.56991557443
4330.25871295209,3720.68330103383
1406.68277168122,9168.85371259544
2480.7848068893,8086.88868396308
1952.48389055187,9411.77097564709
1873.83888962102,8988.21746683188
8541.950621763,6992.28664925915
7265.00736754014,6309.61714671018
7191.44758728922,8964.78889037446
1845.14434040992,7998.22479016416
867.298943272315,2702.95709428643
1632.01479503628,3668.05945531424
1412.45189489907,5708.79432540917
1349.13829174569,3467.89180849205
7810.07512776085,7073.06139170839
1799.2787799105,9124.73981821323
2445.42459401749,8904.46514527943
7402.19750131818,7969.90357032842
1288.74447081202,3390.70382986286
973.104850416675,8487.86605252155
1431.55559243631,3275.15118929767
7725.73852435196,7464.28230159901
1432.38470978559,8921.44551248421
7740.98726618091,7574.51059577859
719.542856682986,3352.98554406866
1897.1352755612,3645.65682712199
1531.8771101136,3729.42987733491
1574.9014458977,3644.96101875814
7452.79500500266,7591.79176878874
1998.25044490943,9374.34969998732
1186.92887301241,3324.53470775278
1469.83032502463,3495.6297294546
7336.99588786168,7793.35598495487
7665.52190037664,7528.21864520786
877.728540775496,3307.54254979137
1737.73528625897,8937.77394078582
1798.39079940813,3612.27401688046
1254.46332189672,3867.62769007111
1953.21992798072,3888.91481002811
1620.71275236522,3516.61203407485
8945.87195725226,7832.67182191018
7661.28344279044,7812.29936107591
7350.22482743444,8668.73533499779
1666.78979778118,4025.67480709931
8649.76184292194,7533.37980238142
1464.13638932715,9087.46025850976
1192.46364008579,8825.09703175316
1478.60042887133,9142.21810603486
2521.2867677756,8667.07517163277
1062.81452322962,9355.31057259617
7246.56133836112,8185.37500292218
7165.37477977453,6931.07770212735
7775.181987283,7519.68937970329
1080.5232368727,3221.28604927049
7670.76574234024,7684.18543700005
1504.77196881148,9009.83516019628
1338.58156077556,3338.63308771403
7322.22251381196,6805.10209966485
895.218288926863,8917.59754445694
7630.82866631136,6690.10979169969
1024.88197902844,3557.88303319758
7268.6323123302,7025.44159436963
9081.04269047426,4729.32690892752
1814.90909600333,8715.11829969261
8134.2554651356,7216.24497223226
2390.06262488877,7798.80637179343
8433.8634797211,7794.35067582594
7744.71671445416,6988.10972246664
2127.94395379805,5092.23026001315
1366.81574265036,8041.46024436464
7243.37839203856,6801.55162771469
1003.55450629078,8048.31319418266
5917.25003566768,3497.68597247859
6857.68641384368,4535.80640661942
3006.71201516436,9904.47263237219
4694.16847478484,8220.95988259239
1788.20648371366,8747.41020348764
1476.6106497856,8835.58021586265
1588.80427585856,9090.29604032998
1490.60483058088,3702.63557873321
8001.64184644605,7559.67438594513
7095.10294167882,7773.12074344568
3340.16360498944,4333.22552651808
7709.93867644136,7943.91190675363
2170.62942454287,4176.38414565376
1586.08551864211,8600.86424776302
1752.61289212294,8545.29152616344
7889.08595869476,7310.8071604267
1299.1814877588,9029.04496983681
1765.56214239057,8976.67390548848
7083.31094482087,8135.36790839178
1455.82856478208,3541.99734207732
1823.94621500688,3911.72880166952
6305.81296155537,8829.06782990636
8477.1496304502,8547.3229721913
2225.76488200271,4598.70247025372
8334.79804814707,7357.65531710898
2308.33627062231,8250.14877193873
3280.61698359347,3310.82888321939
1922.7639320955,8344.62535804013
878.995118246936,3198.01950735725
6652.88539494784,7310.64327691926
1451.75301067901,3320.03987684808
1730.54480738789,9031.04622268951
7500.22201385818,7122.21500916796
1772.64107307054,6783.82702582481
745.631905347476,3116.08618881555
2394.30043353534,3303.19862628679
3881.08346810995,3696.6410850296
827.95718356991,3225.91434820534
7495.56898233029,7916.59769330181
1272.27702230032,3640.36591800732
8115.22398125734,6114.99446780532
1688.85444729357,4460.40183127317
2037.04244661642,7688.94044913648
3987.91059897783,5262.02544156428
7543.69078863152,7425.30663207199
7956.30494590227,8403.44757447814
1781.53865049729,8925.69462092908
2028.76466885983,9460.82180689078
1336.0407147803,8796.81954560322
8531.43262469886,7583.41677088193
1121.57791746808,3242.39048726118
1539.56388978154,8657.75498375758
1854.4526333988,9708.41854144745
7936.58660791112,6782.15106343799
912.697068229203,3067.33231670567
1079.7004516697,8981.83075144062
7450.90609181632,7563.20177994156
1664.77251376263,9212.76759352125
1021.16183218492,3312.27226800388
1140.95032897566,9085.17624341574
1007.19612040948,8947.17647124064
1401.33719447516,8896.38120928095
717.119188711924,3278.69603449328
1819.25306363568,8826.68604472055
2057.01757083516,9352.10241761448
2578.50526586999,3788.45698550289
1463.99052290261,3627.9816086381
7816.45387964643,6818.26031700419
6824.27219677703,7259.51236032348
1984.60134950806,8769.25479540263
7365.10864430116,7633.04086026265
2075.7339164904,8932.91541930307
4779.78321965833,8274.59911179563
1973.68635546379,9069.61122634273
7811.12252133535,7729.62811722072
1091.50882608924,3429.74860843251
588.151048861173,8872.38495315152
6369.20996396445,8033.5811826685
2199.05484992916,9262.90453395008
1068.68563003021,3672.03693949023
1462.05414349343,9334.22317530635
7218.46974976506,7974.77058786992
1735.32876719956,9326.30780012174
1234.88971436524,9009.52071219688
1516.9081461739,4060.22444805077
7601.93665319765,8110.02147837108
1408.75295597296,9237.65723066265
606.341323022706,3450.70893029326
2274.04686295332,9115.6553898263
956.713404898371,3610.66644571198
1231.53621708318,8772.70645531558
7125.89944729547,7800.32844348408
6679.40323411617,8807.99591481903
1162.52117548183,3995.44295333831
4016.08350362711,8925.35319824379
924.257671894977,3075.97074976073
7002.02315136055,8243.58952604851
2789.61702823733,5646.59967141976
7288.51269728295,7175.0227409156
3107.92783998546,4795.60953985991
7840.93558039457,7431.0111257191
1232.32996190011,3646.00893589357
6949.03263121073,7679.68918371871
1686.32751592948,9010.11790407289
1467.11369589701,3535.62974818281
973.294376085497,3389.54644956953
8203.68270294961,6235.07624082218
1220.65693864343,7984.01268482555
7086.30209722544,7308.9799232945
955.385257392744,9202.95738569568
8099.2472748733,6874.20083431981
2192.08578876474,9015.82071491627
7424.69297654713,7218.80583317716
1316.07476642865,9056.41044718537
1118.2770037484,3323.47367670037
7977.12765676668,7837.23094946503
8162.01038304507,4571.90594810216
996.488978788405,3861.66756457229
3156.28146365693,8934.03170230372
1769.45588811118,9346.94648010889
983.013995961565,8145.72246513809
7522.95036406044,8144.06909595125
1573.87165349958,3752.49806722987
7984.62626133942,5548.92409602665
7484.70261672993,7555.55562339573
1605.04081991097,3729.39055400114
1493.72901585255,3725.36255742318
1272.89950297503,3450.68616420226
1303.43243283687,8865.41953159763
7983.35815133455,7084.1703059943
1602.30443449009,9298.8302819921
7278.70131955922,7401.54075832471
9095.21400267726,8144.76320360064
1523.37378459279,3686.93630575568
1118.34913309608,3597.21655983083
1130.76097882841,3469.13719898471
7317.59334140187,7141.71447791663
1390.31740412418,9034.22899203701
1468.3767870484,4261.87505813
1218.85346680903,9145.91813120515
7664.18759394264,7843.81080531763
985.93902078693,3394.63542500297
1207.32233381842,8910.34913226646
7415.34569879221,7624.12314515257
6693.00426286779,6538.1148150606
6772.59648025009,7548.72017319577
6724.15813458507,7680.85355102808
4373.84501328554,9350.85966956664
914.617104386829,3328.93866179871
1034.61979405295,3033.44737085169
1230.55132039397,9112.4955888954
7012.45842549209,8126.57968228042
6731.69107876936,6288.60969149504
1247.9941405785,9280.76153601603
1543.04696677052,9068.90485491969
1895.27485287177,8086.03183660938
7932.64711831227,7006.0022385053
1684.8537247404,7656.94512787952
1275.29264096189,8925.2510336615
2203.66192853609,8743.54346108903
1537.54646317746,7480.53161101229
1722.4866511422,9083.41855990963
7892.77115027972,7867.21017762661
797.846122713772,3055.67938038125
1273.73832736979,8959.60740227185
8742.20521746458,6059.64294219561
1613.89086258949,3694.99431520193
5812.42580087191,8925.86791185189
1590.91374661083,3788.29482765212
1310.22233883869,5494.49375024655
1598.61817921694,4123.26881766549
1295.25927059437,3254.19865296324
7415.10172180166,7843.67935864055
7039.42349805139,7994.77305760267
1423.61277660571,9137.94664066069
1870.14160473033,3697.33546165965
1640.40452014134,9501.82326824704
998.450479876656,3220.56400718536
1666.86487303907,9395.59060613423
1620.87043462525,8989.12285167239
1137.05869647056,3327.76296338558
8811.89857849866,7073.41258058277
793.177364397327,3311.28050824592
1233.71982459326,8574.4017787677
1559.4482357535,4015.3216971135
7895.2300935543,7826.25345485125
1934.55778143575,9170.23375039304
7367.37749819046,8114.58268050883
7604.7609653561,8240.39916795812
1693.27303356827,8721.89206228749
2062.27710824251,8701.59358531818
1754.1056347252,9081.20351530313
7824.30820868739,7876.47983358559
7537.41490055949,8421.3607557387
5539.55621928548,3716.53191591728
1676.37497641037,8970.57372385083
1535.38802857719,7729.63072937553
7367.90186237019,6964.84384608298
7525.17278385155,8641.71088253849
1911.36071798522,4043.85543042325
1451.4788192686,3729.44645219769
8845.49408605159,6484.19581690773
8204.5667938098,6918.38919340735
7770.56460684762,7680.36845100221
7152.96578933371,7027.48840306704
1153.68184206912,8213.97575109907
7447.02010291542,7697.75524915302
808.815704405598,3502.88471309075
1303.23401143,3321.01889166762
863.363004849026,8843.9883249321
6149.69238287039,8818.78541745027
895.219302325215,9311.15188057879
7927.26061517357,7473.66212123673
1372.56343325841,8775.57244761665
951.367113032416,8310.14473363392
1027.3357591534,9222.93834578852
7126.70103961057,7883.67146609123
1132.12998028473,3400.44274879558
1423.43032295028,8904.34711384066
1776.67896118946,8063.60960200854
976.533896806129,9246.14608667736
8389.59167544474,6913.75093455333
1735.23484424407,8709.23359462423
2297.7519018425,9213.72935118302
7543.7058655921,7849.256345089
7956.59587174139,8219.03876308705
1091.42298313689,9010.74183487941
7847.90463646281,7705.34975575518
7827.1610732341,7950.52537100587
1642.51984316879,8972.99002752456
1236.89760404952,3461.43195460567
1398.52525548504,9048.18374094254
2637.57977167826,4394.47953547871
1499.43218057876,4556.63218487703
7487.64007247056,8340.17586482329
8704.31148401772,6890.77228039965
1016.04518060847,8378.29111937378
6720.92911539981,7276.954627514
2358.44043965294,3302.27933585876
1670.58587070551,7782.73448022585
6445.18452829842,7475.80066206402
7519.04275472097,7557.1460181964
1672.662958462,8504.6170577211
6003.00586082064,7697.44503639731
1229.87079422747,8939.44754557794
3769.69687601602,9051.08696929367
7749.52712833775,7547.2331109246
3424.47594022449,3642.91579943756
7781.4431522456,7423.13547323138
5712.73884495474,5971.28653916876
1879.25112591382,9017.4431396761
1180.4144197941,8860.38465240614
7215.51686003653,7651.82585691466
1085.03922606427,9059.30573477366
1173.60877816081,3523.43904398052
7174.80673212264,8301.38940260947
952.760493009623,9285.98033233502
8681.43149667038,7619.74484596559
1506.61490958761,8841.05336222564
1478.89106493468,3891.86457489209
7897.35416761008,7105.30975643007
1480.28712517852,8861.68618370709
1375.21674408658,3629.80660582455
1284.382848994,3095.24774194879
1058.30462069195,9186.01362662742
6546.19328414918,7678.82390929451
6966.61810253689,7420.84220975308
7326.21922924682,6962.73102848309
957.151169713534,9102.76969928968
7562.61115809895,7518.04159613105
1013.10831260841,4105.11132285843
6888.36198508923,7857.29389849514
916.992837817277,3214.21749661695
791.258909687008,9025.93164989155
759.12642822664,3076.31740478426
3750.59610485386,5766.30001010795
1231.86562501007,9009.92129957846
7213.72818612062,7551.64001259197
2469.20542680273,4217.57006512964
1610.92092622055,8344.45133495835
1102.96660277807,3269.11920485881
7096.61694691795,9037.28405836491
1070.81644825332,3291.30038036001
8210.36725004733,7380.60775048223
6414.40064004297,6816.60821650677
7318.6276171759,7370.16688235312
1067.66492711349,3468.96836266927
1791.79453501426,8346.78275792479
2998.9182893748,8699.35459115123
1305.03045262487,3751.06795804969
1505.56519061223,3794.42977753726
2502.56573608177,8030.0721866835
7759.28573584662,8324.51736825618
1856.6996596854,4529.97802937166
7326.09099413087,7526.36675666843
1657.40927422705,8905.5012368077
1484.22860748778,3746.98554616744
1485.69642767751,3797.64200338814
963.861860087838,3535.95628353672
1402.96024952005,9274.57598567555
6815.41236928152,7147.6845836138
8436.5154456253,6655.68939532278
1135.57946634469,4207.34282227597
774.143658369771,3254.09770010555
1801.59311122495,8995.15263702741
1071.39293813371,3115.62962070868
1351.82451186187,7716.68393156314
7371.92048301628,7549.59441180325
7762.77221150741,7821.89064457948
1295.33840883294,3371.75628429274
1271.97614224803,9040.05786198496
6734.68443632252,7474.26239508381
1791.02231136608,8965.18456608434
1710.5042812588,9079.92863706401
7433.32956729186,7227.57802947172
6838.16343437116,8423.56080597007
2412.85890091861,8038.20667688824
1459.71961479152,8633.52710150521
1320.22559397703,9223.73767136129
8376.43381045728,7003.97757643392
1239.35439809016,3279.46033771299
7212.12157366066,8199.46376641866
7072.79523218359,6949.6770620147
8149.29991948844,8002.72643823272
1084.68647611938,8374.59588979735
7937.34241103057,6693.64951128427
7678.1916258426,7297.72684632186
1651.43346597027,8925.46206367273
7578.57844636252,8214.58014405137
925.999741192292,3358.7137695304
1838.38935320094,9313.27126911358
674.514216853243,8835.72878213023
1477.19477600521,8783.8773159129
987.485236143375,9015.73723928272
7335.42998962446,8179.56663326605
1933.79002230501,3349.1036422904
1804.66422834775,8034.96380698965
8443.05869695985,7899.1759265806
7347.7895664831,7747.07759323226
2043.86007851095,3627.34582489789
928.594746625944,3294.38514786438
1207.0489696751,9234.34396063321
1964.88897428871,9337.54436740085
7877.17045148035,6251.10327716105
1463.90016013211,8003.84542007103
8178.65795104326,7674.44001108624
1965.17808042947,8997.77675786914
1888.93973552768,4230.61095421646
1779.69687603467,8343.17072526389
7014.47995238062,6760.02095943582
7161.88715508118,8201.14607936686
1794.30898753719,8644.17345909417
8045.99913346007,7140.31479996403
6609.73293901302,6321.28180483685
1202.41907632755,3646.57588508525
1568.30826193764,9217.9790512625
2364.19271736009,8371.45923468407
921.684232970693,3587.2876237727
2106.27420048536,3870.08380124579
7178.80671450239,7831.56659491363
7608.7984750013,6696.33919471372
7217.67111009262,7809.68415606582
1229.35609236876,3803.70834894109
1757.92651258454,8878.56680052096
1062.63325512587,3200.5313545476
1014.65999061245,2986.97872007316
1659.75226024436,3094.31319350024
1723.8385221568,8959.13937066854
945.733129959041,3481.47020775346
1832.51933038705,8126.4597672545
1692.26920007,8254.11130886138
7410.88425874461,7569.378136782
8239.3839944204,6945.6829204386
6880.3403660358,6865.27590511118
1400.79466919783,8008.07288092495
8342.53187019422,7574.66627170952
2250.60867849127,3485.9989239727
7536.89924421902,7846.53897199885
1256.19371963635,8134.69251641723
7758.00052203164,7784.45491975054
1084.14415931102,3507.75989127236
7371.83464731247,7908.56200571965
2222.17107526521,7577.86641357852
1362.72897005409,9160.99996239137
1123.63331289146,9220.47979617537
7519.59586162188,7736.89635955252
1778.70856451126,3606.48790993387
2225.89734481495,8558.02193043922
7879.27007078789,7713.44528541821
1373.52446293147,8904.63385195837
1874.98090480795,3404.89205328658
2066.36085489501,4270.94801004434
7876.37577550701,7777.0026514152
1881.5384722865,5113.58160770314
6927.11954009447,7681.3510079233
6123.44548306124,6111.51158168149
1370.00484213423,3703.48236480082
7433.60816998668,7772.17747984695
6966.76646073654,7746.55726055477
7083.04620067758,7535.70781968791
1802.24272414799,9043.25012765182
7083.36925636469,7412.7883202072
1425.46564385536,9172.65073932835
7248.12226557678,7466.29505139445
1139.57181455808,3403.78380275949
1495.91512670561,3684.47376092654
3794.92873872997,7800.47096559198
7905.28149163723,7003.47600004477
1379.81633100273,9171.30171839038
1377.79813939659,8320.41121648014
6634.76211019386,6818.73408861489
1903.89977661602,8310.44231627947
1741.26914332968,3360.90431263281
7596.23345350074,8398.91503334337
7983.93876897222,6527.3631455393
1582.39880941677,8812.93207786245
1225.5340756865,3156.22040293185
7718.25658958006,7749.01911452926
2866.36363839306,9013.34479832721
2970.65421287358,8571.12861231309
1096.34469774027,3416.91989608994
7835.24096540793,6955.97205964121
2267.96456268777,8966.27321942336
6897.96778805455,7632.48312351988
7104.16135955944,7646.68666294751
6378.60957123738,7212.94843311797
1297.98570412083,9125.882594366
6592.84577563237,7114.4468178787
8003.35085303198,7824.07789372599
1273.63369378906,8377.39064680573
8108.86513141029,7817.52357695165
8677.21346648919,7094.67401374249
1718.5656126837,8882.36046766119
1792.26221508777,3846.18028557934
7765.13601509498,8363.49336855569
1507.17110050199,3701.35740186074
7679.97422796365,7063.48052184726
1447.08325254002,9031.22297152484
1208.55828888613,8952.07745172469
7043.69446681115,7013.74014335774
1842.54041993911,9214.70048629061
1306.14857670991,8824.02005176806
1746.01781279897,3617.38196377781
7797.63094843227,6837.70811274086
1545.05555746703,4251.15784235832
7194.16848256786,7527.38723620282
1105.50296131554,9081.78051427491
1924.31692685317,7942.18278863452
7316.20981245437,8410.17348246277
1203.78577647957,3749.32618665635
1387.82111403278,3542.26006550469
1197.09637803325,9004.58099517185
1851.26141975841,8292.143163264
6578.26794844413,7447.51949103743
3252.64736233369,7622.12568728035
1409.56707007014,9024.78399518743
6943.08781247409,6400.3979308847
2267.23690776329,3569.75247656272
1185.52880902069,9289.5924062529
1716.92612765365,8826.50269209533
1774.09172777111,3457.71787169384
1518.12399904129,3738.33624497409
1223.28807182519,3644.98390238488
8012.46477959959,7417.2909449378
7167.0209292669,7431.34472019472
1400.16255119835,8180.20487219153
1684.61010371053,8750.43474742592
1298.22811378051,3299.56529399296
888.822246818519,3473.45303524367
5609.19816566064,4593.70957262642
1510.56864819906,3850.72717039043
7182.73752603515,8307.67978457777
6798.65349631953,7244.62318504257
681.713171449993,3182.2253717625
6568.56980579802,6810.42405261931
1678.97004335643,8268.06996748959
6903.99475540063,7273.98387525403
6564.01120429565,6143.69467030054
1975.26825874364,9120.50847172359
10000,7197.69626970529
1605.84401295565,3587.36843290342
4190.60640232562,3569.54270030968
7018.64522009149,8179.21843358483
798.216948110181,8988.6133225114
7200.98679868755,7950.71488127942
8342.04599441141,7826.42465747661
2853.06479686077,8738.34801057349
1075.22357442927,3358.21431944552
1674.96589260659,3796.80465250891
2295.37408235669,8725.75508854484
1420.89812596289,9036.45691616829
6838.89093618453,8191.39547945454
1116.05569364667,8852.42827388193
8020.17771422018,7449.64299767502
1472.28700065902,3762.29760648236
1355.47000411351,3569.55305830693
1569.18226250556,8147.3921445887
6830.14918374934,6652.8013522462
1219.53000297374,4177.92403024104
2047.90271368834,8267.72515095711
4882.51789356796,8873.2275592364
1422.71987039503,9122.97387118027
1617.11974990345,4295.79260341578
8067.8474095426,7370.91558621582
1023.19319360315,3362.48953499786
6991.85807008508,7542.54789771904
1508.0772080229,8790.10341251695
6490.4510348881,7751.22113961691
5808.01093950671,7953.37855477199
7374.54634920273,6892.94505814718
1009.10469973852,7894.76219464194
8302.85204891571,7529.18307161294
1360.24462791023,3496.22355645068
731.28363812209,2969.64749162136
1766.27982928718,6542.67449363897
1306.39487305727,7859.33584924914
7772.57949879298,7459.51429636236
6628.84548866722,7778.60339947541
1531.84956393775,9005.5232647969
8347.58348573856,7226.43664057392
2202.93062212946,8931.37163985277
1439.89092126738,9013.79300237715
7706.44546183583,7948.52422901387
8066.66206120197,6938.35108633205
2032.6551009926,8429.04419296739
1894.09340808553,3958.90709131189
7529.77141004535,7938.45519965099
1537.59565154761,9105.3099988204
2055.46067977344,8702.71234577473
7289.65507688089,8171.09981367637
1046.640551013,3426.69939351807
2015.98618266484,8589.90430930197
5019.83292744424,8564.29667162691
1438.73013755632,3446.54251228598
9308.54512974289,6956.36708358635
6360.23412116351,5924.03356295711
1594.79095790765,9282.09551079022
2095.79429359025,8385.04692488844
1989.36886758343,9018.29125920602
1425.3875641553,9034.15984831249
7270.00930221413,8386.58571315404
1121.94525295826,8891.5043479679
2111.83241912294,3760.45441545015
1519.16196897484,9226.24303074444
1740.708744092,3696.53666315987
1422.22093278479,3549.35788732312
1059.34316593163,9146.44001156283
7510.11069346993,8020.90854295869
7998.35455684131,6309.06771510763
1553.26227791328,9133.43677334979
8377.93001038325,6427.23285244817
1504.58076463102,8561.95057035044
7563.00326430407,7199.80402903437
1904.98095032177,7991.70070918085
7844.96770102794,7771.64352656993
5968.19135350518,7358.13122967271
907.629768800582,3975.52768474522
1482.97343115814,3649.19318859979
1105.43386365773,3460.55825243572
1695.46090652302,3679.30259894054
865.105546132938,3130.55265703551
1065.83710044527,3603.87038313416
1654.46622169186,9344.0403454956
7580.13049746035,7340.59274667612
7565.44918147714,8156.45621782653
7472.33722982109,8069.91274419117
6918.03123126398,7938.68133538334
7038.35511264219,8222.93269463012
1118.71944053123,3688.45061878757
1224.35340789971,8875.67911305729
871.0480124781,3136.01386575152
7811.50781668199,6849.47384035864
7506.24060296718,7642.76908975782
1658.92256775396,3742.46014206957
8937.22437219589,7461.30089603876
969.067369987644,8715.43756908897
8614.90652014319,6508.36976128545
6534.98346457944,7401.58039557759
1304.17006078437,3414.7824315573
1662.93288559258,5098.34860900466
7684.65088940134,6981.25282780385
8285.71591446551,4716.34897727275
809.973486752766,3414.51206848015
1339.05527713083,8446.07050712006
6866.27992046962,7239.29702597378
7770.79167787353,7690.83464366538
1428.0980442481,3451.69561791602
1589.66312806248,9130.53289535421
7181.68661748392,7704.60692755896
408.776219132042,8959.04811650593
8473.40839046566,7819.79810017824
6935.56168177531,7000.06834554462
1401.98636226937,3998.54633068212
1667.43066286754,3662.94158778391
968.305262260874,7253.73706631411
1377.57423298454,4527.49061926715
2059.9010025113,8722.20366535957
6860.35256886651,3736.28943390518
6740.83931118273,7212.64959264203
1679.38197915579,8212.0004398198
8750.92861812026,8332.33949918112
1525.83893202045,3813.42740061604
1024.01299135506,3217.24335475303
1179.45857298099,3664.04410402426
7326.17580970862,8202.20959585454
1316.59009450582,3596.76116264562
8133.17747119183,7802.59680326311
1368.15076323912,9124.14938332784
7469.62088841474,7860.31179381535
1925.61724910801,4151.03566715865
2651.9813840801,9475.70907890248
1355.47935949739,3599.45101316396
2196.60227968619,8633.12654552727
1127.45367822729,8968.58068101566
8233.06773464345,6292.98444942433
8972.44789231247,6528.72102878978
1496.2669743991,8978.19299723761
8060.08318890733,8099.18050043861
7508.55381964767,7678.74880831966
1461.99079323299,9216.77979224289
2179.88035936515,9126.52937673588
966.515787623799,3142.90287026496
1411.67084926984,4029.19444113077
7854.1087738839,7180.87257155862
1450.18349725548,8987.21059930324
7072.23429679661,8935.61887316941
1849.6544250775,8806.53444145376
7258.60800733933,7964.04656814102
1311.9093282634,8753.72554144271
1336.10492771292,3809.39864206184
7642.95048897007,7413.64624041418
6411.77080443818,7629.38206514954
1720.00286140289,3623.44643018599
8082.85513152154,8232.8212730699
1144.6527946796,8576.98333370312
9312.3848447994,8090.98794315876
7701.03589386825,8154.30662816253
2348.17670997297,9243.09669686698
2150.92927115582,8288.7894686839
1381.74048449593,9165.8753153695
1611.96217102307,8151.78356532143
1136.06992406844,8478.09677611682
5006.46650280187,7827.32669096264
7522.76686593973,8022.42754123103
8116.2662804222,7756.53210776757
1780.41063651876,3593.17120597455
7364.52294948085,7695.78455807048
1172.48357647375,9108.86035036318
7500.22125872926,8000.99650729608
1366.19755035139,8484.4884756659
7851.18802049869,7277.72414955905
1407.86725254237,8597.9044427211
1342.93250639872,9178.60705577037
7665.46591262861,8142.43689054529
791.093627403385,3679.62827980319
2449.99627491802,3676.18350554582
1413.50182451343,9028.63137630735
2038.61356985174,4052.09212306176
1490.81467792406,3526.08442252662
2450.97785448465,8339.83620798261
8125.62105892797,8202.19836224855
7528.06601595326,7508.04547339573
6761.44632057533,7813.76269607261
3507.17351378858,4217.98810331398
1604.65011347599,3674.49588401882
1458.42401847126,9139.23911194052
1288.47665836027,3395.87969085692
8146.34505412712,5568.54676595269
1208.16115879491,3445.17601271555
8152.46431538362,5712.87062219202
1043.2213899603,3940.75744158107
1544.77827001864,8839.07648990943
1757.19279684518,8795.16751236101
2400.56866410925,9102.03733123659
656.768721623366,9210.67860398939
8297.80104484838,7634.55275924269
1599.38596313322,9016.17031987017
7443.23027394403,8648.84708970356
6915.0990277168,7241.16591359128
1130.10712206878,9261.45500852197
7778.86623014164,7275.21522788315
8850.10490310451,6240.95813572558
7834.12431257353,7934.99026849803
2040.20002765347,9203.93974245924
7344.79605053151,7344.67399325852
1838.20523374697,8411.11089737797
1397.54703269188,8003.83252104974
1291.25005190919,8942.51275299955
1540.59923674812,3903.59094892624
7391.35371026601,6597.5339609861
8091.58100548691,7194.07311763068
6870.63413773194,8257.94380659587
1550.04653460989,3643.48575935722
1243.97714294189,8975.49108906465
3521.12251760736,9063.69339553475
7079.20941250707,7756.7500612434
1016.63451461032,2968.27979766729
771.414858454685,3374.02352343113
1460.14430443346,3752.04213184402
1450.72415489386,9237.13270806707
8054.9601412577,6834.95355761136
2257.66504985858,8763.16375139198
1722.6677755259,8631.97090363578
7256.07123850672,7038.19636500773
963.107110571972,3579.37212106889
7755.38997496038,7598.98058355996
1855.30338487721,4115.71548308286
1126.05782452115,3393.09476500738
8245.29378351644,5618.31791122488
1342.57751497152,8942.29065057913
1873.73795559707,8781.12931832073
1250.41883929523,8968.31651192084
5439.78301118463,4178.96361061685
8049.96751252393,6436.70352038625
1812.0625546255,3544.04432808045
7254.26112349578,8011.30826690518
7131.84645503968,7360.7186683641
1516.4491870949,3747.30493073334
9304.8303709861,5535.43881016928
1370.03514469721,3345.27209937235
1233.65451277446,3629.81487254158
1538.34483813227,8886.72057364377
8143.91901752454,6981.03370468269
8788.03294663749,8214.15699646745
1487.12444088454,8676.45482228253
1263.83316759432,9263.89866518925
1366.50482785047,3661.51574414255
1189.84491037702,9266.93298062582
1201.40480180872,8860.13982406752
7816.25173541813,7634.92899801194
8975.12352248616,7703.15666101074
7545.07324483746,8515.1084144097
1629.26864353447,9299.7558299217
1328.39238749473,7868.24977059881
2158.07775915315,9150.3522658856
8515.77425883811,7346.70550543409
876.887737849,3663.77262954572
5925.75809349078,7263.54483662875
1702.39895148904,2859.66900371267
1719.8561450013,8312.76837602958
1574.29114407432,8034.31016073209
8657.83513117534,7686.60403872515
1321.9235182019,9091.66169269984
1051.115851836,3991.72738136974
7334.61194559539,8439.9103599412
886.079546285952,3163.84525290783
1168.12262651938,3518.6832786599
7255.99934732135,7130.33550051724
1689.34943428524,9207.2760221832
1518.06356700115,3617.88157227349
1419.54788112679,9002.37338698165
7397.35236405682,6914.74084891764
7846.66551715774,8429.92004677645
1516.66354430225,3722.82859217282
7425.31157592652,7426.59468472256
914.690425112799,8992.09445679267
1714.65364756238,7935.29459778452
1209.92800341269,9001.76162156765
2073.33009856267,8796.79994192125
8970.36670005159,7527.18165906308
1045.10385738375,3223.90411225643
1492.58115028462,3745.09960447793
7101.01008783304,8323.0694143617
2076.62469111329,5412.30867330212
512.81572842842,9048.50362397255
1914.24254241466,3435.74558510399
8287.12211986561,7698.48155059087
1567.7663907895,8126.14805574984
2518.69801057977,9955.62809486297
1551.73715829244,3721.06875371398
1518.16230236942,3667.12103654713
1543.04400304938,8913.42054254188
1241.56803980944,3581.36934755301
7585.53459977466,8377.94314031153
6960.18529588461,6080.88526695091
1712.7123544874,4007.8236451779
958.312003066299,3534.69834231388
2225.88406245414,5753.19293761258
6270.66607816597,7307.1131082008
1162.01844056948,3411.05290214759
8186.77557506516,5659.81336706937
7554.18429214704,8022.70723827961
2179.23709522488,8672.4218270982
6348.55578448109,7520.45128346793
2030.3765028192,8375.77726936491
1312.99934991017,3736.55743132598
2566.15111624556,7914.51986759008
2019.62937707795,5698.87665582748
1665.77818482896,9303.77973565208
7327.67058267828,7715.4130697707
1296.12640990986,3430.46586758899
7815.76985789554,7136.09591739404
1415.82348433333,9028.15238724241
1425.55887736551,3825.55384012512
7792.23432771325,8165.21701301209
1417.77858367469,9133.59988034681
1502.88763331478,3664.8639666962
544.994951293843,3437.72095031434
7870.21619303807,7484.47095799521
7638.89009719186,8019.95197224645
6758.01746984294,7566.29437000161
7768.41278548242,7275.32874460504
1118.99392244833,3518.04249395816
1664.27010072577,8796.7554675771
1063.06907378112,9010.13745716474
1550.444410017,9346.09124260622
6730.16528434532,7650.48501496513
8721.46361114514,7520.98237925408
565.196148560454,4286.2552121563
1277.24401094603,3818.86053774068
7681.20701252168,8508.76152185915
3554.76765400064,8772.43159144264
7771.89851666648,7761.51374056005
2049.28356347747,8808.90479637169
1325.11243300441,9181.33507225532
7781.07571698366,7712.11869285219
7379.28822493666,8164.96533292812
1296.19494360003,3704.921155284
4517.0288511046,9665.12615884393
1899.40897957291,8738.85035046629
7815.71183892589,7443.53047834415
1152.44865951375,3543.67303819131
1634.84114972752,9191.588626085
7080.47763058774,7684.72658628348
6068.51392251988,7284.61090033617
1625.27247016847,9159.05382851858
6820.02006126784,7008.05882926992
6082.70493029203,7199.09611313701
1337.04214308965,9213.04722789673
602.088999204176,3197.52589132819
1377.76084866614,3752.63911071868
1016.94436753938,3443.09780353296
7584.33068585959,7226.35985458966
8009.87295713478,7733.38872596743
1393.23952783144,3634.92714240259
7186.04276453496,5355.26903829531
1508.08357726572,8888.47974430431
1385.39604437672,3820.51711516361
8642.31162498718,8113.87335552189
7020.88972901199,6703.52170022855
1226.14321794004,9072.89877592112
7068.93910490498,7056.08157775933
7798.01743395868,7875.54762743301
1304.45271977368,8947.78679422054
2283.67153568251,8962.31132916728
6873.44025670239,7284.4943071743
8148.36534604973,7437.37475606135
1302.5341347871,3714.71605484835
1640.91202661981,3666.98540464913
1637.01668971083,3836.61638387054
913.5076645927,3107.51790966823
7324.3280236681,7441.91643167869
1340.29273075914,3583.08558701418
7714.64292281101,8542.88276390938
7534.30165011557,7181.53794181596
1601.3026034869,3576.58693053667
1520.37536969852,8955.15560546998
7344.02973917673,7461.6354949801
8377.47286487512,7526.7866989619
7728.0363784602,7321.15827406928
1425.44045967976,3553.57210944737
1705.18342881696,3523.85681670761
1924.88599743668,8794.29611698558
6966.17301771998,7326.61095425017
6308.69918378579,7466.06819596617
7138.96461122857,7495.38646862919
6952.28302067683,7324.23012102235
8506.98990935542,7371.5902262049
1400.77983672393,8910.78214219262
1269.52108251148,9027.99215456563
1646.64894368919,9190.53331196745
2375.48188449611,4053.90057830322
2421.48366976465,8583.15471426219
1658.29326523188,9192.04717380108
1832.81749548081,3838.15074742845
7001.44467370189,7584.8841560181
898.222759857583,3759.35662282229
7907.46381989061,7995.45413953935
900.985019345122,3154.92699449969
1308.94217405798,3289.78017721656
7791.89273828183,8230.2265192108
1176.79261224244,9100.21822212027
1312.10936150327,3827.5554140852
7229.11559457896,8036.69949465547
1306.18851321934,3293.73016317587
1428.59529259299,3647.97756885012
7909.90452487063,7411.40787892188
1557.03183804547,8083.75672305093
1415.25940164998,8673.27066301824
8110.0296406896,8439.05716199785
1472.95842090427,3651.11706847081
1214.45992649157,8368.84885140193
1178.3049502913,3344.85487586955
1635.15534319179,4192.29311580238
1932.21386455698,9267.97678287485
1892.56208693573,3665.17783511008
7851.16606313375,6188.39185236276
8529.60382008022,7491.00444692945
6576.39410716475,7148.59057275698
1513.72769310748,3863.22971987754
1040.85325997799,9196.56783434486
1679.82521624641,9166.89592741795
2781.89136435908,9131.7352350218
1496.23721571525,9052.51106200841
1641.25359125217,8935.33635796075
1261.2077397606,8888.68335294611
6957.50719836668,8128.53541779169
1169.89207300738,3819.96924000213
1462.47457345838,7818.67762608241
911.173077104325,2919.14540563902
7112.78286638745,7583.50150407352
7017.26651760635,7737.98699995048
1923.93900801162,3665.10326797612
7135.49840357539,7431.80723810824
7380.43371787231,6957.71335126189
7897.34925553874,7862.40560429754
7497.52658132271,7446.93535920778
1388.98899492844,3168.21567444152
1609.12820863015,3771.0208689451
1866.77877003254,3560.97991924437
7381.00609956255,7708.18340640941
6360.68620085176,6288.41209136326
7674.78929114626,6960.60129912246
6152.84466639125,7281.98651966353
1559.82812111298,8874.82177963038
1638.40906899375,8990.65886025885
1266.0124629444,8960.59183548716
8066.99552458351,5004.62363659666
8206.83022195463,7886.97642040903
1259.63438612879,9063.63213991478
1075.46491385509,3629.63508120961
1374.84628650723,3773.09464881175
914.151123836736,3228.45909211416
1656.0028759653,9103.06723322365
1616.7319185496,8839.89840983859
7866.4244260652,7864.59181716768
8039.16761858543,7566.97034143563
7842.95378894284,7948.03065003669
7717.01911318148,8358.61333177576
2962.28849309615,9543.21785406617
1515.94888800143,9177.33467963468
1200.68607266034,7975.16960325874
1249.37016035727,8123.18106905288
1314.04962982549,7676.49715127554
1436.33872529887,3521.47358445329
7810.44709194523,7543.64901948843
7208.77986894817,7947.40906370743
7667.18713635466,7053.145368602
893.685180770459,7006.53487373608
7206.83744741423,8187.80243987701
623.317875774044,2717.41302307421
1294.67342456459,3471.42018475065
1285.05740282817,9200.10737229606
2658.39958359202,7718.63412488415
8699.08515382822,6041.06891652561
7363.38343117398,7258.2240205946
7618.91403691241,7846.23743546999
1491.81383575352,3841.48689543224
9007.65547603401,7337.19879598255
1800.74252498249,9112.73372355593
1119.27581718488,2997.62989298516
7737.19837035338,8255.64601453165
6626.94046900987,4334.40854779886
1737.13162812646,3487.53621289113
7773.33820191466,7905.18671784445
1003.322926861,3495.96408442859
2426.25977213052,8972.0331577352
6725.38164094014,8568.94852388657
1852.45860722011,3823.35220460623
7663.14650268829,7184.46560490863
7685.56294611095,7960.24240650434
1647.61177371062,3464.38237974769
7696.94334061847,7395.19847618389
1394.35762992402,3677.34044243402
7215.31875894652,7867.86722505713
1383.16684956445,3557.98282271301
7526.39303829225,6815.63129507041
1317.7062885784,8681.48151679371
1651.6349728757,9206.4618124684
7782.00959288141,6758.17536984192
1461.39802698746,3294.77432423281
7235.82299105794,7767.37849786941
6938.07914269935,7984.59110907901
1708.89534174012,4193.31686224295
1587.38104477449,9074.53726191009
2369.75233116282,7606.14944343436
1639.08274930292,8553.06568850819
2676.06305933702,8083.84322669478
1870.1376098919,9044.03354233585
1884.63098642915,8874.77909683962
7259.85228923432,9507.44233812105
8295.17604176752,7354.48025647355
8233.68475547781,7595.26971770026
1244.42140446227,8940.07151733899
1393.40305109434,9266.39822682364
1374.24744270092,9000.30240449206
4560.17635278015,7800.58446472234
7452.74739203342,7769.1589232701
1762.84047288561,3979.85370773379
1720.14897655486,9144.28411077951
7749.52444328349,8083.5188682557
1445.49580677707,9033.76362362009
8994.4996978858,7850.12047961361
7308.761971788,7541.09567828628
7561.43391348792,7624.31413263859
1017.2424395559,3131.26652084484
1041.937259759,7892.61346437873
7295.66118103981,7276.7874959575
1716.22363145935,8973.00786869754
1562.47849744641,8902.73127076189
7081.75415025151,7563.84624402459
7423.4754520867,8017.01726721756
1638.36652945398,6399.36502934868
5734.55953641002,7113.45120945035
1517.00830244799,3637.2633889347
7036.0507179449,8126.18882679027
8442.87582511679,6875.66932319299
1060.14163937251,9028.84522912838
7563.37149940982,8462.47913591436
6241.80737493012,7635.69927415108
2292.25628104124,9142.24350009446
1566.46309659172,3577.82050083774
6757.62603232472,6986.1657450896
1198.91814252293,9081.33792034516
8100.96511577103,7454.39753646491
7031.56742174117,6887.48197412614
6507.97363313301,7063.66826074214
7036.21979358611,8238.84900143961
1596.49992631328,8286.57360492663
7458.06258607121,8107.28495039653
7830.46369516999,7149.52473470615
1096.3509616267,3383.62250658032
1819.31456605291,9418.90608266162
7472.25491934118,8540.44028215823
882.952146042782,3233.30647639579
1490.80828441657,3542.5519063073
1777.01328290857,8839.99523957382
7936.44147893466,7461.48870408983
1770.31213355946,9064.50645601336
1684.59464282488,3503.89619975873
8063.80760924107,7496.00537030171
1993.91045161764,9199.6164666165
7615.76011902456,7561.57993911271
5317.08761626032,7644.85783098213
7714.38471589452,8623.31224642888
1442.292290541,3481.19200081638
1377.16467956119,9021.94164216211
1035.20953247849,8798.62777086399
3215.0941170478,8378.45839447534
1006.06756884102,3519.31203479586
677.912140081403,8926.72408336983
7224.31737419228,7413.29738163079
1097.49144571364,3330.70664867869
7734.24930635506,6652.02789886944
1631.29853038607,9480.15636899667
6095.5528274028,8629.99771528911
1425.98890369627,3936.04002141778
7274.51476299917,7722.97923847599
1354.92707614879,9229.61156131145
1193.90749615609,8874.7771055935
863.255167267031,3173.56660767474
7168.54156671559,7230.19809666583
7303.78741068793,8434.91202928246
739.239455933619,3001.55266101971
7246.5368211534,7493.8762836542
9117.33042681591,7080.23023272272
2458.30574223503,3768.93407541017
6523.56938101428,7484.7526063211
1385.27414252024,3457.91045468102
6554.29646837457,8243.7742429721
1836.55152134959,7910.80227114495
1028.68694585201,9185.51003691446
7508.68393141512,7208.56160451252
7917.08533668386,8275.29087723324
8447.67255494148,7787.29550558333
7623.65168511736,7988.7428854785
7516.37675569626,7608.69791647043
2985.2364293239,9002.68813142848
5831.98624657762,7834.78696779004
7906.69108549324,8254.13835568179
1236.07958494418,3488.25930402372
1032.70937031508,3298.90427853497
719.438597667922,8806.40829947015
1768.70813915079,8131.4548738369
1866.34404495885,9125.22909179234
8089.71279714616,7324.18417466132
6531.72032265375,7750.41163113824
2810.3334015773,8292.92076619078
6885.14782325062,7240.8852574966
930.500280756015,3444.7934555815
7211.0708403253,7738.51637700513
1413.96849787814,7528.88546878262
1114.78118167408,3274.87111608433
742.521966063766,3045.65421277092
8474.6097267522,7256.90639259624
8008.22614638895,5214.08566912554
7184.52259191505,5431.62709723913
903.711484319373,3148.28118618805
716.390412734457,3509.5788055707
1549.69651350495,3289.83951075128
1282.53497216106,3572.16615505033
6962.3294018765,8266.9427387336
8688.28818521784,6949.44659846934
1209.40964454827,9375.41596305372
1209.08956455541,3348.63098261654
8089.3324475542,7434.75600895183
1467.8205642715,9563.1715837245
7521.30233423956,8273.04726215939
1075.06867877526,3568.73309773337
1819.67241746113,7352.94103320252
8975.24668694813,7625.59074309866
1430.12351133929,8919.43141893625
2468.95090905083,8652.38522188813
6975.12962059106,6906.32671715714
1487.44296038879,9277.688966023
1537.35661818536,7660.89840960752
3262.15120023626,8937.99378839798
7528.4683915276,7349.75260032026
6765.82730729485,7450.40253121279
8118.09916651658,7519.09790221396
2516.79975418508,7504.37777547826
1736.9121438227,8959.99146838812
1534.88610489904,9244.23872181846
8443.43978804549,6840.05074105736
1683.26059049993,3757.63841623267
8437.0910680425,7279.30384135677
1691.60696310718,9071.4264504008
1279.09150825358,3828.38951701755
7336.5096814994,7272.44873690296
2821.52830678407,9251.88675827707
6883.13060064885,7757.9873390347
7061.14971053709,6598.23234934631
1312.81455404097,9469.10118029932
8056.60438864676,7871.02878607692
7927.47970690924,8366.96680585915
7156.26589597387,7302.47187282882
1349.59515629754,3130.38909619108
7226.71896090546,7702.30234897464
1257.33238127227,8358.09348918998
2187.33192637749,8628.12497477888
2661.99171012825,4197.33111866418
2260.33963322568,8931.6105838319
1508.91469043218,4048.21043816925
1940.16555252562,9222.91522436433
6793.02937364568,6924.92963580561
1052.50794577391,3546.85784294141
801.134076806503,3319.19039554925
1664.35992340109,8847.01193703366
1891.85235075749,3629.81910921337
2086.81448222985,8949.90520114068
8050.03418077843,7686.8900954175
9105.98361455161,7761.44860027296
5058.72686195441,4048.55197177698
7442.76559818323,8401.34163767853
1511.45112502606,9212.95672035199
950.296801181448,3465.21812247567
945.519747731182,8964.110378954
1802.22026037273,8967.51055740174
6379.55280863689,6964.93106944603
1520.67390838405,8855.79032923813
6296.16249011772,7777.64717648509
7499.26081416825,7995.9534363288
7665.0136526566,8304.21265123409
7722.21866670255,8455.18404346888
958.425275255893,9091.85585017373
997.34370491634,3634.59621941796
7632.66454204025,5505.50187111626
1469.27596711541,8725.62351781346
7319.3903986527,8253.13497791606
7933.3384604141,7193.21078051623
6977.93750388442,7819.64075146561
1498.6476066524,8991.05485058731
1645.81913484425,3616.09931647185
1236.67478734811,3280.09883604645
997.933979696257,3310.72496988813
1459.06939028711,8835.31597661708
7582.43915290868,7406.9881444785
1555.75353138464,8888.43553697999
7268.76473317562,8407.49271266969
1889.70909794622,8684.62566767862
1134.40716275627,8807.84373879857
7992.51841878235,8138.45198318135
1560.91519012815,8875.76433673079
1070.96307194843,9000.66827740009
1711.24376622501,3472.98630553594
1959.71789998353,8106.39751646333
1487.80160956598,3809.36962646971
7092.97277398706,7794.48461731079
7805.18223073247,7403.22377168019
1387.50579804829,8898.05311821983
8188.5118475664,7372.24045442334
1283.32413472135,3599.57510522036
1362.0428364215,8758.38968121976
1349.48206639479,8822.54375496843
7759.59725667319,8212.92739086772
1965.26164923638,3343.70225338146
7886.35312094568,8115.61726037998
1178.37062508039,3719.90993834266
1535.24941326987,8901.06319716588
5610.97680936101,9031.21186214058
7610.7854223252,8198.76064194619
7292.7885980287,7153.53454736529
7938.46628801309,7607.11637487933
7296.01407546334,8325.61112147997
1837.89913862187,9262.751462517
1131.12523811732,3679.85678309133
1445.79472110842,9060.04230001869
1912.08948573757,9367.9754325918
6149.55656877114,7535.54886602683
1212.74617335397,3768.78252454814
7931.49218131419,7905.96183832928
1738.46111760242,3922.49691162856
900.914045186294,3827.84495794627
8645.02212554727,6729.53495201937
1571.52526842601,3917.60276148949
1762.38692082286,8752.15320856286
1334.62703916099,8938.26600082325
7479.50459001177,6670.12316698789
1026.02249425544,3356.23068434987
6761.81986263751,7636.31710255309
6806.19384211603,6823.56886320386
7734.59944485567,7786.33910148723
7970.96312088929,7647.77409096837
7687.32031169384,7249.3945562906
6878.73706645837,6645.88415912947
2588.47856527591,3727.35296073901
1627.59458123302,9212.00232183799
1532.61699445894,4186.41555240189
1540.67323978535,3793.79808341684
7495.40781440695,8073.46575201521
1912.10963096841,9284.86719347263
6833.10659661262,7457.22773753983
1176.23606102837,9001.99813626409
6796.12817336993,4961.58913910851
1048.46110176069,3322.70817180072
674.716358433777,3131.97200653189
1494.40150699249,3553.11109186666
7691.32847994957,7549.99371687526
1824.48477745316,9075.47068184117
909.599934669543,3173.47250102153
1290.82596240748,3900.46914483073
6987.67172164785,6858.84475864097
1129.92342980306,9162.34131338014
7778.78963126599,7097.60982444556
1523.53951343895,7761.76161639558
8051.6398066183,7724.48282869959
6676.76180973331,6989.09055711713
1206.458875609,3392.73431283623
1371.64131133673,8952.48942752064
1880.74850234369,3772.78434550641
7492.02899897326,8199.65151388506
1162.67563225165,9056.58111446535
7410.93369684352,7885.65747799785
6449.3714449108,7303.90860449523
8078.59896005304,6256.09077848027
2020.20755119172,8500.69603663983
2046.03659958078,9095.1147963024
9171.84190806084,7385.13190684259
3293.79051786412,3671.81685692445
1628.40464799401,8910.07811587426
7794.46099578106,8739.70043435435
859.11188117156,8959.25879528845
7466.40389293962,8130.20537043344
7298.12124157118,8055.82036829207
2025.97386990361,6166.50499652598
7669.50521625542,7072.46997876021
1438.9995978519,8870.95196244078
1383.98484067381,3458.84454012713
2591.02593322418,8469.01877701381
2552.62196232639,9270.76636267905
1622.19029283871,8950.19543402937
1048.11415201986,3435.45886075439
7104.14011180268,6235.2366020676
1484.58455624052,3171.17041390906
1487.76735407438,3778.16496447709
7076.39097690512,7695.41616200976
1682.12077379469,8808.11932374473
879.431469092853,8386.34761450577
808.397184139373,3244.78827441903
1309.8183738587,8680.56795994024
8320.14545113584,4990.56895188161
7462.26776497944,7003.68838927254
8373.36634375041,7683.05653766795
1854.83634171657,8832.45530924232
1168.96649521215,3829.7759602593
1613.73281576483,3743.8695027735
8834.22801309573,4810.20330563295
4056.42202272192,8916.0786209821
1295.73877345878,2210.9564231086
2603.06856796579,9113.55680643836
7773.2006205399,7363.71701861907
1500.35764893361,3606.9751207981
1231.91387774197,9248.66544727927
7366.05536064405,7907.16166617323
793.552136760174,3368.88124945774
1573.65847550793,8880.15831054317
7615.34523049178,8229.26995916794
1325.68175385364,3615.38766826381
1406.18360933912,3192.75757908961
1288.86487762219,9141.3915219038
6925.01290344734,8257.43822045773
8495.11784016306,6813.45334888005
1108.83492148197,4019.81528278695
1087.8429700601,3356.82346898911
8029.48013891516,7663.22080031257
1235.96889884905,9224.89523685328
2829.9773388784,3423.64118917597
1583.81862686365,8110.74597041608
6702.79118707936,8074.60826526459
8232.34516619151,7687.74761836586
7218.71271746797,7081.002331946
1459.25615886236,7519.02802023908
996.413512258963,3984.25030680864
7315.88423216313,7500.44944465518
1536.99498127999,4053.26209157454
6246.06625901775,8602.64156235212
1312.20635944556,8978.40347001152
2305.33235761393,8413.95860310907
7595.7887482916,6743.13913095404
1280.1028570213,8742.08254479422
1918.19936406067,8930.23264839752
7326.79902444697,7053.08517409123
2162.80095968949,4998.89236980945
9980.19028759364,6946.62872092167
7597.86566355957,7841.05789271106
1761.89017670893,8953.31953141562
7450.8190981031,7773.53812857661
1632.49111874042,9133.84758484988
1750.87623793235,8890.55457634278
7007.45764519122,7887.11637531751
1936.37882438872,3128.27195431837
7363.43690485985,6625.54594515733
1476.49952052451,4056.00645065568
6177.44456784552,7552.20996978854
1633.9037538592,8976.8734140325
1300.69165436765,7086.48554742473
1874.63432539236,9080.47900231613
7051.82102193578,8288.43696648173
965.207163980636,3258.69303134009
1391.86834333894,8721.27798733305
7392.83550998805,7861.46288214416
7218.68529463704,7534.06534888179
1623.04868270206,9164.73844055584
6767.47405623635,8032.59959798376
1308.81391767584,3306.28599314153
8626.95941597981,7562.59188565318
7240.73174298166,8325.31088461865
7034.35050794894,7482.10287023366
1281.13292993252,8974.63481994103
1714.7143132661,3720.23423062018
811.037274484278,3553.05606678917
7469.98924274914,7000.62059324768
7404.59916770009,5325.69596522785
7244.05581587204,7814.33288151226
959.621903639205,3137.87785099286
1760.74035781269,9035.53768911828
671.201716405976,8035.42041653608
1263.847923683,8521.25081908282
2368.13208158407,7896.78072157784
6920.27927254443,7754.93800994867
7773.39448456078,8482.52978755362
913.977407448883,3471.16437373515
1428.28936332763,9019.624547573
2036.63338037883,9118.52020656612
1608.08396798028,8269.42548149392
6503.30913867908,7777.72388253592
7582.3644105256,8162.69561802603
1264.91553218004,3745.17349860466
7437.29603477607,7620.4199466888
884.688055108197,3293.04497916999
6988.66676074438,7760.93177552269
8681.09732461355,5188.81985211948
6058.98424453674,7713.66767597399
1875.31147720911,9140.60218086925
7886.69399045453,8144.12721021515
1305.14360050835,9070.89410930255
1134.68620212284,3709.31786502242
7305.01506906323,7264.20680839288
1173.69531262743,9078.68159548023
8164.62385221841,7744.76777039042
3465.65138712513,8351.76292001204
1526.35563202251,7917.99294131816
8248.2630463091,5644.11445539612
1336.91513022623,3574.74246265904
2786.78275632718,7637.34583261087
6706.70667521104,6946.01626270368
1712.71615575858,9169.37749038506
7197.30755208394,7768.72573043663
7994.33703162429,6083.26316233103
3034.49016123825,7999.32706459604
646.931027218287,8901.79913905848
7563.81723664197,7848.57476673408
1442.37805135524,3682.05331278349
1545.79588316169,9096.15663543615
1449.46739562477,9222.98531886956
1223.88741099685,9539.70920409217
2102.25421759824,8048.69897981141
7746.62344138542,7743.22779647328
2257.8713499503,8282.38468957838
1828.2327153812,6429.15922973195
7156.2306860372,7822.82322058296
7784.95853945036,8610.11958454604
1302.12050420528,3562.62159735258
7695.17010565171,7207.28031044169
1529.07354536056,3629.4185044926
1342.5390745208,3696.7811001137
7936.93790035787,7499.40782971909
1614.56913228782,9016.27541795818
6572.43491133693,5259.55370807017
7554.2088521663,8006.08742414576
1094.68187619377,8988.58394859491
1532.22452635944,8657.854795277
1214.34630941349,8797.71760099148
1511.54300377169,3384.9014816604
1060.43206444764,3404.9342016101
7381.99570188499,7464.13815737929
1465.40058481392,6894.57304098139
1241.14246570248,3289.98448517233
3875.89261177199,8983.76551901533
1181.29301178974,3159.67697930498
2486.62108038533,8856.86011494756
1865.45584093479,8403.1893962895
7324.5471266103,7796.51629552587
3116.3166423741,9038.81865720666
1353.84083387976,8380.17853305368
1101.97642262698,3331.55412610835
1805.70096923905,8693.53534612633
7838.13867973852,8246.91736625781
3299.55396234861,8755.38472784687
1919.70040838311,9284.94431423042
7205.37266019731,6626.87532827646
1377.57881915057,3481.88344682235
7758.23069501243,6853.76726465071
1214.78477677382,8808.21847903793
1176.43502450738,8812.11279871819
1673.68123848164,4013.78372351395
1376.09268340435,9238.47437939217
1853.9801517212,4168.05232345893
8368.43516461794,7405.30642134203
8576.86648440415,7638.01412849974
1516.48315105087,9045.47007471572
732.463308038242,3104.00769907641
2233.06128101443,3966.15101253815
1633.48847502325,8736.56508229285
893.770447395186,9028.34006553066
2211.57515021953,8337.07602663281
7771.7667402355,7925.98382936969
7496.54626992737,7745.81918249256
7298.30509221797,7370.99992091609
7453.24536270517,7146.6834814944
7452.34059785685,7758.32629935944
1580.81723073489,8580.23869840971
3617.11135078843,3824.7902436935
1493.97738402749,8731.84229352058
8095.64524506642,7434.70300453049
1267.41677261442,3596.08921792676
7140.48617773488,7718.28707089336
2583.09403892401,8036.06576230844
8374.8915477646,7798.85482366085
3076.99394449752,8204.40192500809
1105.96259164001,3380.36402592127
7871.1928882007,8283.52624857749
749.271415913417,3468.19564125442
722.063594485997,2923.56854238018
2134.18754421202,3667.72240671288
7854.27468564047,7439.69985085603
1201.40073968824,3639.98159216517
8889.72753031243,7808.96717654017
1262.7210695253,3818.56157027887
8440.33486750561,8123.13527661729
3246.06514271962,7735.91367637468
7210.11761624588,7762.58991484649
1342.7253870764,3510.09395353066
8100.27827583487,6506.3545804629
1696.40545127773,4233.80327047608
8224.52649276488,7424.77479873947
1216.0214029905,9033.75344697024
1813.74715254038,3648.9100503382
4486.17178840453,9103.33896409225
8215.7479294473,8087.15861812469
7094.50331001481,8113.2615767759
1535.99902396189,9004.56506689889
6057.28352831566,6930.30061478801
1249.43647727834,3589.65891820425
6497.21478860971,7366.93695128625
1133.92739393561,8768.22492653375
4830.56569844201,3837.73537773736
6782.53473026782,7906.7325356226
8219.76249620177,7246.78518208206
7810.47626252971,7318.98571780075
1273.82456425628,8636.01972631041
755.914583225241,8677.260057901
1426.40937197307,3977.62169382078
6368.93333835062,6759.05089918471
6924.93046740973,7788.56386691307
1818.98529881858,8259.73437449598
912.330172395242,3186.22063262817
7938.70551543026,7890.41413594072
2264.07781205924,9691.64744364686
8079.00379995638,8014.49248932186
1785.56790429754,9172.51850481578
7582.89416525138,7597.6720223071
2950.59338577402,7842.58353518727
876.113123672804,8792.13057392012
7220.28745446866,7245.49274723403
8644.26583628579,7972.20671536557
950.002549765719,3256.15692534278
3864.59067295631,8862.26984247654
7532.02926953598,8182.51009115855
1445.85129961553,3793.65130557705
1412.33109267504,3336.31823061451
1576.56666584333,8194.33481689397
1635.52209870982,3581.45729993423
1156.08229503445,9203.26153898947
1730.63379327025,8551.89425836976
7560.18009630991,7834.39100092373
1676.30856953342,3799.06894576818
1213.37513313321,8759.67563433019
7138.04574555122,7787.71896634197
7105.92023886629,7941.26077171169
1181.83241839267,9031.04265859235
2179.54172147158,8272.58180664125
1696.13545031655,3793.83718494395
6562.97577842145,6789.96562793788
1890.44445026586,3791.84346897461
7066.01655829183,7706.23984784107
1077.70756883237,3513.53099460993
1174.60496101014,8925.82581370571
2075.05924261158,4724.96211011652
7375.92815855429,7790.23845438066
7688.71640888947,7494.4406364203
1250.96566391139,3700.5463397186
3187.96727455333,9151.6332351806
8682.11231656238,7405.49275311897
1579.68219222428,3793.2599307907
1801.39030349689,9162.28733033197
1845.03824664394,3258.36234829241
7860.82277090265,7907.33082012596
7274.27204045779,5980.71020320409
1637.52387152415,3449.66145081054
1846.08925803861,8475.66326207798
1633.25279366719,9172.59831605389
8171.77125032411,5212.53031538094
1465.75802055273,8692.63454404065
1452.55307404389,3599.97363255156
1429.89738137105,9101.54120209973
7457.54405354655,7151.53295557429
763.460286713905,3107.46416827472
2048.3428249098,9061.43655296465
1021.92214752623,9047.91089280572
1648.04448055535,7674.51201765481
7438.46160044936,7850.92668299197
854.44632706718,3203.11735269373
2116.28859589213,8067.63958273732
1408.64558538042,9126.30288543722
6898.84933831307,6717.06969830094
1360.33901673808,8804.2924662431
1178.9741544863,8125.03399530404
7000.78091483847,7231.21681338209
7000.28724617103,8446.33067844163
1950.97872743914,9094.25006325389
7018.45457936101,8122.61481130758
1199.39542251363,3648.15668243585
1623.58171729535,8610.47531049564
7358.83656977676,5747.78029955583
8250.82244825748,7158.23919735687
896.035051733493,3329.56239345573
1422.26648136424,8434.14060615055
5016.79221022166,7060.13602690834
8748.43028909228,7232.66893446239
7644.33702696268,7984.11932849472
1362.09945040986,3410.39316019746
1358.89969067505,3577.11127738764
1433.14940038475,8353.78146229873
7842.90912457617,7184.71554108863
7240.2563662069,7703.54278063481
8928.38849674161,8312.55876067519
1171.92685300252,9271.96496675362
7193.09398278868,7293.77892325096
1400.39372530578,8517.48271914552
7269.94192819274,7142.31250159703
2833.75125387811,9380.44828725806
7967.05864234318,7941.84339084307
1533.47271995754,9219.97697126155
1608.99265310418,8737.5144422652
7740.02160190961,8177.89088635986
6574.99323296283,8136.04030111619
2157.30495167426,9294.79017759997
8265.03272544827,7613.98340906479
996.351208178116,8839.96391049447
1818.97066181506,3840.43446342638
8270.8833998922,7159.37433801756
492.973578002172,9010.09866341532
959.224624613235,3494.93518963868
1610.83115541625,9333.94366337547
1827.32724664937,3756.52006140609
1030.71851300877,8852.41120677991
1451.47044597648,3941.61477237712
1084.47303309431,3473.40762643632
1276.29473251998,8066.57121811536
1938.83963458968,8848.86403694096
1267.20198800542,9054.08713174434
1828.20650747826,8350.54751736542
8178.70994831749,5999.43557156029
7004.26506814429,7497.65894355274
1329.18754784036,3660.53921374343
7802.74964776023,8105.64560407634
1235.32412073626,3284.62980139619
865.667418008523,8825.99432377767
1009.5521664336,9421.39040287942
7383.25378220497,7740.85981722929
7518.12238049957,7963.11124996433
1141.07605763393,3521.56824525703
7477.58266925418,7783.46265900145
7733.72326402154,7181.70208434916
7965.45191246023,6091.28603657847
8517.3756749586,7111.81333097419
6603.92381900338,8193.11202940123
7168.03540193014,7471.24450585535
905.567980585687,8836.69972207987
1023.24358112455,3612.33218482002
3158.8428897891,5240.43203613711
1250.09280362974,8958.41766682988
7148.22875879846,8143.53020716318
7183.22955671545,7672.75504821019
7850.54182928497,5753.44974312665
698.876716419824,7186.88572160367
1675.37967226034,8822.08326538772
1136.16444897125,9107.07538043552
7558.16550188499,8259.22469341122
1072.26618051342,8736.18583970919
1326.73965136934,3457.13499285808
1390.85529942334,3884.43978683617
1363.09841945939,8470.82476230313
1602.32982156009,8553.96899445562
7073.68257755308,8382.47662952376
1324.50583916772,9281.62102609178
7468.44864300488,8630.73755113543
8554.89537679979,5975.9921131486
1876.10640900789,3955.55030035028
7335.25060627997,7878.74858814575
1312.99227676241,9192.85721126384
2320.15239910432,9287.26721126895
972.187830999061,3168.58796794889
7245.4710131578,7812.56967378688
7194.12780222546,7632.64273514114
7940.24232814133,8084.26399621506
951.469339223323,3481.1422523029
1358.78772342287,3767.74262113054
1257.83271773782,9085.26484315345
1274.41751695971,8766.18086123886
7456.65094892521,7438.08374322344
1034.6556682557,8024.07746444959
1253.01388969763,3471.79315627168
946.685460137787,9085.57533480931
2172.25914984839,9019.62061684412
6414.65904492727,7124.47455547153
1781.18973018613,3433.25498449239
7372.75079251274,7409.7811570645
597.499996208147,3417.77839148808
7706.58227018022,7244.60966744849
2387.47396366886,8758.43417396041
819.102971935564,3031.09139806174
2092.0825031701,3603.71344276927
9052.92805708641,8410.59519965551
916.243727060311,3253.62093242085
7613.4554400452,8275.60182576294
8840.77689483241,7330.74882956052
1904.74125949264,8983.62093373797
1519.45663736476,9049.88094872646
1324.08150293956,3540.26303367281
1422.64859030421,8571.77941372881
2690.21723446042,7657.28671170162
6282.98554337582,5270.43333558382
1143.46287938676,9276.65546964534
871.599998468476,3463.93530032387
2270.13375094491,9046.08374408054
1792.80678330414,3567.6902641139
7584.01357045143,7226.41284435403
6570.41102266811,7765.22251794371
1376.94896319086,3646.13094441579
7442.05919648314,7884.87962045712
1611.88759772341,8243.05795223842
824.357474201768,9073.25363944992
751.675521837117,9002.1187793498
1529.88632348111,8481.54769811579
6913.28334192963,6741.8522987043
890.837929147493,9013.59849863657
771.60629691023,8936.74746935911
1488.57649163453,3888.63459972009
8841.06037885993,8227.81010457871
1309.09138419303,3817.51417960993
1248.14124218245,8918.97579926171
1661.04867574897,8998.23753270248
1648.22817310214,3822.42546968531
2150.80567699698,9252.75056707946
1381.73687923012,3312.94692943397
7800.84320038428,6170.03580342154
1209.27374811991,3604.22249319569
3244.87704377392,8725.30931815666
1619.53706326972,7973.94398571174
2564.62991270478,9786.43229641636
1496.28779617425,7927.35098395996
1533.03961793169,9204.10227562367
2226.95753262859,9079.50833289807
4254.21696485671,9326.15201088465
1278.10290975564,3250.28451208707
6979.00120113611,7483.39315681616
2173.38268893433,8199.78138662092
2474.33733503764,3401.83830684574
1454.82597934278,4011.53523127044
1596.75267638704,9082.30527913815
1484.44977267977,8961.03555789231
8535.42647214777,7533.10103735665
9353.97059383255,8013.85737061312
1902.66949717403,8497.9012151681
8547.38595358296,7241.5331738271
7545.92394213228,7735.57146460833
1342.22793751259,3599.66575841002
1032.67430857834,9147.80480283742
1833.12562888433,9056.46033095291
1437.8040881738,3579.94139527144
7396.12132330346,8541.3788110847
797.150939284586,9117.22612731211
2160.89210848376,8593.14110441935
3890.42257685654,7484.13784220336
7395.08977731118,6394.69634796276
8580.03164292134,7611.91129736032
5122.26188012645,8131.76453028707
1163.12381361069,9031.51675640298
7582.36619909563,7362.5158264987
8944.3432234769,7632.4879500571
2083.00674668484,8068.39781703013
7873.44470876056,7267.19309676359
1202.8250484072,8974.17729421097
1738.26234267987,9211.58847484436
7713.85248185713,7804.58902716029
6915.44457002381,7435.01351120834
1435.61745317544,5729.3329432052
1225.70423612422,3630.64484460527
7594.34287162209,7387.67146790785
7241.04594916333,6250.14508848022
2266.59243720982,8492.654358078
6891.56894855526,7564.1985505319
1025.74667866559,3286.19483230089
1607.98027275321,3597.27012023899
1287.04702205258,3481.25817046226
1779.13895709753,9102.01567421287
892.092254316305,3535.24840419905
7782.49430432862,7281.64865264868
1501.75846404374,8586.52842753035
982.56026917729,3374.00437542218
3581.03110041471,9136.51073138296
9059.68969804161,6216.58730223453
1943.24324176254,3988.92768044313
1072.34131451277,8890.79338972377
1174.26814640206,8764.69749945543
7191.12475176136,8202.46344480138
1292.66648557067,3720.27917815896
1971.73845104849,8026.19289266723
7459.50129359998,6952.10385373097
903.424666429928,9068.22404890547
1362.90381744581,9108.09291316418
1237.13143731136,3601.19697847841
7391.43257800124,7443.8167763428
7545.59877290576,7606.59398915276
7942.92688393424,6253.96911539849
1694.14537301447,9198.24713187917
7479.00320095311,8470.22956062529
7583.20274373084,8122.11462046015
1166.27644733058,8333.31523753995
1045.7180465385,3301.81611702687
1973.61142086341,3963.53718314889
366.045813250299,2926.00305385601
7454.06120446388,9650.56764934981
3045.00592667648,3955.31013783502
1276.93694531765,3829.27345485233
8190.434523486,6047.81762699543
771.868257766149,8271.16918125435
7355.91266587929,7793.82820078023
1493.32953346292,3894.67553009315
7575.33558020583,6357.38121930924
8006.23464406444,8592.54591052074
1066.92247434732,3497.03191802446
7626.94230265011,8218.35511173912
1170.06888451079,3170.41094211113
1541.75193779005,3661.22812831249
1475.00052552182,8958.1132580034
1367.24139389504,9068.54181508139
3294.35914865046,5619.39383775595
7310.70306548203,7443.8340308261
1604.74287959468,3708.70169184501
603.752681929156,3297.0818073622
1053.40079157169,3620.35650474176
1316.02461956667,3694.28433758251
1719.84221677861,3985.38184594688
1271.85888447612,3428.32339503316
1607.08986172866,3441.12191429361
1737.18812625733,3652.05220950827
7595.54644851553,7654.63849468873
7202.78230604981,7133.35226051606
7150.74647473093,7863.55228009802
7098.45187506184,7607.29908004478
2036.71622653618,3819.67102690604
2272.3290689296,9190.74147307325
1990.89801805167,8664.11402481093
8091.06171372958,7591.05129480493
7401.83819982621,4281.81302580406
1082.7981531461,3265.81829803694
1550.32231695895,8537.53679357613
1887.25946289783,7939.25760151892
1521.64914155956,8470.48763198215
2359.85811293876,9196.72236967996
2288.04107357626,8988.79163695342
1955.91159220305,4038.43579616207
7248.41210949205,8016.3532913032
951.302828551266,3290.61369443362
1284.39359441644,8891.86956579978
8823.14026928975,8320.31953683582
2463.97095994854,8649.1561877398
1825.81139421362,9015.74625744282
7256.43296822467,9117.11827056164
925.062888871179,3435.58689821472
1744.41835831654,9200.38279327244
1630.90500891099,3500.28036489381
7692.2412486969,7326.13716631875
7470.01501982334,9262.5124262743
8352.31429198751,7300.45502647751
1217.30659261604,3304.68340697691
6180.33084897343,7317.53741174302
1224.60545909458,3691.70234200921
1125.26939504293,9113.58538014178
1426.68108795416,3575.71388935308
1310.02355858298,3825.34199552726
7000.55126078953,6517.11476255604
5285.83731887324,7404.62083116773
1537.14618288594,8903.9857468851
1273.48800402532,3787.31378812098
7648.79190221881,7488.07609714833
3153.87748316678,9031.74959592738
8508.80706246708,7236.24346030435
8638.52547538535,6846.06834803215
7204.3303085916,6030.5576463894
7533.86934620377,6833.57489216406
7811.73686274662,7837.82302323206
1140.89486968274,8407.00587141232
1064.1118777459,9031.66277833986
7547.92614276293,6907.31392954293
6726.86757814004,7572.33682709132
1926.07633297574,6524.00527165384
6590.92975959569,6602.21841513064
894.163328628505,3387.15126803834
6850.45235820156,7506.22369240853
6980.78682360218,7907.77781644595
1834.98891323283,8136.85836498208
1557.65974584285,9108.19994974621
1555.33253496459,8876.04792050021
5924.06857653466,9149.42038640935
1437.40898487037,4005.19077614524
2064.20616205158,9205.4896206792
2467.96104627837,8535.23512176215
1374.99402666899,8262.32033389071
7436.41483808893,7948.13207787854
1660.34713700503,9346.52604791774
1068.58783689676,3356.27318492674
7764.67603831425,7082.9527647704
7350.13701748171,7209.31274820905
1441.01719625138,8940.88592454341
1188.75754999793,8814.50977531327
5930.94276214891,4293.02624786295
1008.68697818,3315.96218736904
7599.44330856014,7914.25581938032
2065.25397217774,9006.40542290712
1462.6247707683,3224.87157240001
6778.00506199219,7604.80278490427
2415.76544634917,9377.8406715086
7279.51212081396,4691.352009458
1872.83473732655,3475.37555700355
1603.60299842523,9018.67306522451
7320.26335320329,4578.32230567722
1450.97210032121,3764.5716136112
1449.4090529997,3708.14524962976
7964.06647489047,7218.81114014285
7193.36072735289,6362.09486472217
1396.63995719343,3931.32916021377
7663.92007722921,7636.07268470452
1120.40857642542,3346.04585976724
1428.18526091198,8236.6283619056
9964.61458115854,7517.12369054922
1628.24771782087,3859.04790234951
1413.8599459893,9165.36692322578
7936.30443830504,7978.93961946699
6989.58411222524,7692.29614348637
2210.36988140571,4158.40415188322
1636.53334622523,8549.65736392896
1930.89416894857,9020.91773961895
1092.1110438324,2841.90593335802
2464.31182900249,9202.76736026562
2280.33317415859,8832.7732618589
1222.60846375778,3710.96972199369
1119.81051395867,9037.46499103957
3331.45486322707,4707.72445745351
2663.6765632554,4128.12108649932
7140.82178015974,7855.55648820035
1783.37474157566,3665.75554451821
6991.90021954544,4238.65394218346
1598.0794242932,9149.96720069865
7888.49941430842,7005.82000696037
8704.61175296336,7290.60973220243
6952.23248610003,6920.06282812002
7180.22268943218,8517.1817150255
2099.23259677132,8494.73827679533
6623.20550728889,7906.33160690452
1385.42115275569,9130.75323050386
1180.62487804521,3432.85523617253
7137.85807926801,8195.43954784348
7619.2475548711,8614.14374446629
8563.47049845934,7135.16504956073
663.187410806062,3240.01252679452
7029.45434225274,7543.17686277155
1357.05212948255,4001.53996395755
1796.03160911353,8929.02083396497
1944.042702055,7111.7929646695
1599.91054812139,8750.09625223727
1406.57355408868,4724.917802416
6819.02344688905,7829.73148653006
1083.28433287269,3670.14759034845
1467.13717967929,3293.78474886493
7911.18064366843,8422.13163716694
7321.3713787258,7727.55490710954
1323.14394416713,7291.94169399428
6854.8292952816,7915.6840081991
1575.12259311328,7998.39602314777
7273.51171410465,7708.10943776509
5882.84611516082,3442.24799599095
8488.76028044843,6896.98134519339
943.67900456585,8753.64660133462
1312.94464627592,3591.29827808615
1616.00046010093,9270.86295884661
7767.15034059292,7686.80816887631
7878.36881603487,7327.84082599405
1244.7802044987,7409.09311959153
7284.2673154224,7259.11346487627
1554.976178662,8803.51318798328
3404.00945203332,3678.34880604949
2796.69815035966,8984.25646766588
8330.58194964219,6762.52131350419
894.795788551323,3368.42687460778
1397.45286763904,8995.65548967571
1465.3720336176,3759.14246511734
944.661372060312,3357.91474736925
1261.40461839184,8680.92688576375
6737.11424196343,8981.41994368727
1572.16113845611,3596.34917827173
1409.01223665097,3479.13541024047
1129.37473392841,3424.72869042191
7087.85048957867,8081.04787999534
1377.606482323,3429.99762221807
1115.82808889978,8840.33280103005
1540.89804386434,8909.52002371363
7684.35303311015,7747.1048907069
1905.38777174244,9109.316119137
7471.28593789724,7542.46528106336
7510.03767150165,7686.70041381802
6475.71259476581,6900.59300344256
8661.63528646429,7834.07846665743
1028.79535347314,3340.50519919468
2365.77572419379,9219.60373725567
1621.89415061057,7780.50450730065
1372.77979320633,3770.0637391945
8137.11430686943,6924.58176281068
7308.11981312816,7671.0781678911
1158.16469604303,3751.16194999877
7091.32920071515,7657.34153902782
7810.91310689929,8339.03140578319
7114.33245872735,6484.14121284466
2481.75461497625,9055.72776119435
7883.62353519212,6982.48344928212
1392.55411564307,3690.80761787822
6646.90819752298,6984.72027991431
6930.61981290307,7964.15652530868
987.92229959005,9084.98533549435
9011.05435884777,7337.75268276417
7514.8042176137,9385.74377287182
772.923495461908,3095.85498449886
7595.03350961177,6473.63219810393
6282.18820366286,7139.77487608415
1188.21932837452,3398.81188595142
6942.35568430973,7880.62589464203
1014.75849075747,9090.73880384842
1327.97522856205,9078.30648947264
1108.04590188849,3511.37822086646
6950.87926280181,6822.17631407602
1722.92890409773,3605.94183183053
1772.55902032231,4095.0426324634
1333.40355363572,8689.49871980478
1274.62846017015,3819.27492057471
1200.57760736604,3449.76265409072
1830.3575392459,8909.75968467061
2770.47639094503,9441.43695605831
6666.55406319741,8222.68773623492
7400.46219982551,7364.89723188962
2223.76552219091,8752.59250461676
6798.49314156466,7559.55470274689
6712.20824155235,6304.52272548054
1594.29167690091,8824.63751937754
7188.37480509296,7440.75070808101
7397.43214960338,8237.98452682086
986.713885011702,3173.98817804023
7634.45939292535,7732.29838959172
1266.57299780756,8878.33745614936
1871.52752282548,8807.73519406908
1393.4578291681,3428.50686368068
1240.22628565188,3503.70274704771
1995.03772473016,8648.15629402321
1699.27310624972,8839.14830363261
1702.78767034774,8716.21238497292
474.770383357832,3072.63048414248
3128.30026457656,5736.56052914275
1887.04466133257,8929.33286847047
6863.84624361257,8162.73769910833
7390.83491469607,8368.28578476536
1703.88537216952,7663.44574709714
7358.17321062966,7653.83533253078
2283.50215159409,5858.52027818514
1950.30725544658,9079.86136505482
7878.62243240847,8124.81774756947
1914.88526166234,8292.82587029939
7440.37068307641,7682.68992825799
1703.01266797213,8721.28507963898
6931.375013188,7600.19915249243
1130.17566483323,3329.00029732588
3508.30497531333,8738.03205248782
8523.57043229309,9146.24382952078
1593.80636864499,9008.85880289967
6250.69159052706,7643.70510898964
1478.46442641577,8450.76636582877
1478.12048782983,9202.15837239204
1443.06499628206,3882.43836465948
1405.67482907951,8963.87445457348
8585.96647407883,8240.89172581103
2014.055234543,9024.34668477552
7176.77979506147,6712.95302509938
1363.01409384606,3939.86649220874
7889.01752717575,7148.38967177864
7095.89096575098,5201.83316693194
7078.91545011251,7353.32183393576
1270.37766512782,3828.07363082279
1697.82392428439,7881.86412831362
2179.48395582126,8743.79301226854
739.579558358022,3299.75638527326
1180.14231182436,9104.5224638224
6802.66796665443,6704.7335983532
1891.59325872588,7796.88579068147
4663.31497639623,7105.03896449066
1089.13322272868,9055.15178997208
7643.0233523747,8053.78221085631
1316.4872499156,3372.54166100826
7071.10006535185,8494.60129215592
1727.62867369779,3629.11106455817
7526.89641387304,7908.47339656219
1625.06550518642,9203.55192777031
6905.07141715608,5501.96855272808
2947.46612867911,8923.49075351186
1274.71064331185,3999.50326285109
1335.95637893636,3595.59894329639
1393.90692569069,3730.19359131553
8216.06637662299,7431.94859500455
1647.86542027594,8639.46563005188
2055.94228971591,9259.67193668333
1583.84637175524,7572.50976186387
927.377247656047,8927.98069722612
6861.69496238759,7810.2487145543
2046.41578730754,9091.60589406178
1387.17331180118,3778.36531050797
7137.02628758693,6919.11115042101
7577.62222004903,8258.94263240214
1654.17321011962,3821.38382406162
7324.30033984353,7132.98659281188
3387.59004683258,8983.67175349974
3012.60773038577,8431.67784315504
741.658679626664,8650.31329513595
1691.69804147556,3500.85354588329
7113.36844421639,7442.86489831716
7335.23372725797,6971.45676011272
3386.88528282732,3656.79902800847
1144.89400286119,7909.0586764744
1701.86261095662,9162.99874979614
7974.30155840663,6654.04779744758
1453.71881564232,3626.62625547138
1020.22047848824,3333.88828327097
6576.47758807635,7718.83414050679
1883.59436876237,4034.35343316023
8094.13252917846,7702.39431122106
1668.42668355019,9371.43278991101
1420.20276093106,9311.71936095895
4317.1880918589,6876.22003304342
1309.1178758474,3345.6798071699
6963.61823919894,7881.68655993555
1020.98536522886,3726.9766907675
6353.32928125846,9010.40028558498
8273.93149117295,7368.62933019139
1659.74847629244,8887.73443823086
7993.85751612416,6452.46176638014
7625.78277436178,7975.3473515402
7884.75777417817,7502.01789916106
1566.12039835255,3905.39663332569
1359.67360671981,3678.67130311477
7456.46028631432,7208.67979345456
6499.79914534132,6040.7529313929
907.531725080925,3107.95725275931
847.579298774897,8851.34178931909
1360.40255255882,4829.38764665955
923.298990951733,8404.12614605973
1377.25696142128,8590.52944758611
4986.28197348653,3496.67490600152
8062.0857787479,7427.65546652394
1296.30510133444,3235.24069437637
1623.61103115522,3803.1190282232
1098.54804944553,3298.66290351844
1236.36835250949,3325.79538451479
1605.37898546019,8295.22009039604
926.584466328316,3544.88598036222
1526.27573127301,9278.30590862804
1156.67914238358,8334.26932975966
1409.67278912172,3257.22232405881
1179.56965827618,8003.42359501119
1767.27467888078,8959.68060567745
3381.43311085188,8691.8280713234
7774.56369756754,7782.17322925168
8579.48769405765,6769.00243845691
1078.74343155745,3831.71090184537
2025.99684880527,8754.88249832983
3999.44546849881,8762.51657841015
6672.25719760851,6872.46651810723
1899.50098927151,3833.25936135223
2033.06285894832,8462.13878529024
1601.04867781388,3679.04412474488
1557.40714629239,9338.61352748783
6018.16287720737,7902.52792493045
6920.50314120646,5108.52798125495
1648.88889430158,8785.48045662435
1935.5924149941,9020.92701779353
8160.80849465353,7437.06458258947
1037.8145146939,3734.32496637033
7567.54124467199,6843.61972670879
8328.86877752579,7642.4092922506
1505.60769047258,4355.04237003915
7868.33223447853,8121.37015659306
1204.60587360842,9027.69855128167
916.851604842851,3939.3798429022
1676.30977604761,3605.55419890389
2108.40624991282,3918.42873481521
7828.74815020526,7657.55867676188
1843.20901926437,3641.26355292453
1194.2049731163,8780.75418953463
1895.82751339253,9251.62986585676
1116.92228139921,3425.49310638851
6733.25914961154,4633.21263484423
8084.28283582956,6611.0489847408
1708.68305063965,9329.27839812496
1438.23725809812,9086.70145284371
729.579361968683,9020.72988650343
1460.09461211303,3500.88027592269
1701.19060053004,3769.94410291784
679.044203276725,2901.88841611141
1338.2628054258,8787.10275686479
7741.29724813863,7931.98756510646
3822.96736119432,8906.07763519953
8686.5588795222,8185.26078258558
1619.48227948508,3608.28499935904
6774.69127522394,8185.50068723183
7688.6090895595,7354.96738996066
1348.96641785403,9070.09567554007
7389.9386220197,7345.92790568398
1496.1211461501,4286.77119915746
1600.02863062581,8792.96904578295
7752.00678536147,7723.00254368597
1097.42660669479,3268.87290697185
1702.36614272907,8521.49260270592
1596.71926465669,9011.40974197809
1420.74763566448,8980.63017887423
1397.37509309774,3688.37170436438
661.397213791523,3569.00380942775
9128.1080805129,6734.16803037553
8205.03407642587,7160.01689499972
8080.19848351781,5890.68995609946
1775.77653925416,9000.9978216507
8144.97344683425,8212.19655403116
1370.82430218244,3671.1270543645
1810.12633364218,3746.7384043142
7177.04478117665,6950.36869720437
1321.21847646035,8831.56686379979
7761.62803386133,8257.77042329219
7237.84276071244,8312.83415368425
7067.90551338116,7191.5787960907
1158.70508422951,3314.34493167079
1627.90723193903,9430.77532917436
1365.90864548377,9141.54104746837
8174.62715790742,8151.39168813208
7300.63754554705,7111.11040776425
8067.04178981859,8253.88842841238
8782.05876401643,7103.0572739267
1803.08694788126,9009.78995778138
1806.23026298637,4875.72659723249
943.751489308185,8473.85271601174
1405.19644159327,9272.81708494686
1590.0058418479,8140.06737854201
2318.31192258153,8150.22524846456
3189.81434703487,4284.31347048803
895.837359736743,3272.08124678679
1596.58667566171,3829.87870807474
1233.02184853813,9142.55437552508
6293.41608838089,8298.8221521764
1298.08140648438,3295.17188700132
2272.50103561354,8526.73997227324
4219.45356556841,8633.09580233916
2542.18247518718,3959.28091268655
1508.58910979258,3915.19206096074
1321.20368820019,9146.13639431003
7973.79284283077,8047.67155945655
1942.14099188021,8738.07798931619
3046.55172349033,8717.0736062066
1083.34279116387,3000.20511670034
1198.16254885365,9434.40009714651
7255.4147511539,6863.19927390735
884.77985986464,3368.04674422294
1945.25514763831,9040.5411121367
7490.23712042566,7779.11145413144
3327.05039621608,9103.83940825565
7172.43500827595,8122.21411797201
3195.06776250275,5564.25157577941
1244.41499830879,8806.56505128007
1292.28428674093,3737.75877976893
7306.09816836478,7187.87157913691
1853.43018128258,9152.9192860582
7644.67635633163,7809.26707703172
1954.21984915002,9115.25842372374
1068.38423206605,3604.36759181738
1484.68282294253,3914.41803251929
8054.52792842753,8398.74853512321
2884.76101540072,3855.47838330517
7815.15912181071,7836.28464037426
7860.9532229958,7188.59019547272
6941.84690594091,7248.28499790414
8395.14662448354,7535.03959479437
969.031985200059,3425.16258619995
1828.84761545787,8874.12757012148
5446.54737899644,7448.78425057835
687.674820294071,8880.07258922019
7227.79201897035,8194.73485198488
6290.97208339103,6753.58382027596
7679.40446065585,8222.89645206353
3537.50485788666,8932.36791494935
1163.91042564815,9045.65528528194
6739.19043175907,7479.2166039282
7456.85135448634,6848.00185193089
5329.18904270915,6804.52025306998
1447.81507567645,3413.11730814312
7458.8599477526,7525.32142179567
1460.87278044842,7797.45607724824
4881.7943779183,2733.49905117183
1514.57307049562,3619.93783808725
2694.33581610451,8995.23520299479
1515.50060532845,8782.85484770095
1358.27446027103,3593.3092169903
3139.99462702609,8538.58129448504
1404.94549653996,3939.40952928743
7531.73495209659,8010.00966366267
6832.8645454221,8353.26655775096
1485.67396575795,3736.90500445987
1167.93679510823,8086.4238318866
1541.53357100792,3777.62309438993
8390.93909748607,7191.92997216846
6822.5208165221,7823.41989662658
7903.00259620823,8086.29788962585
1021.21481717815,3564.28904317035
3656.81645319302,3081.21051817189
1265.17711658559,8859.37093336906
7499.30136855647,7904.45301186383
875.744803049091,9162.12067341609
1365.99661886028,3845.35382908001
2163.89672285351,8785.75214849428
1587.68196384852,8943.79935644017
7330.94125500017,6862.18575986396
830.853698266049,8618.25306671591
7431.04277517655,7746.74358943938
2237.00966656622,9326.43719509736
6872.2501433972,7585.80866841341
8164.29255251309,6828.59285896127
6516.31234200218,8664.80148191315
1304.86821972938,3433.43108298438
7009.5570909078,7465.64951792755
1316.84814696146,9217.70866402588
1881.03762227151,9524.11550580843
1802.17634913365,3465.67938750154
1133.74633130541,9238.32579332436
8239.62744286137,7359.13645337993
9089.4263238825,7441.24069029735
1512.37164262988,3775.74565267876
1959.65907336014,3924.91781001697
8731.29346671976,7123.99116968876
7947.62825698416,5773.07226099822
6009.5625698889,7190.91914570998
8995.07749162931,6866.34011140015
8463.28363608114,7303.77538994363
7968.28591293638,8240.63102075872
8056.459187504,6528.8648864582
1044.48018240656,8492.74561734223
9296.28400813321,6910.19170975175
7944.46034026014,7919.49704454082
753.745777572023,8107.01835536382
846.474848333842,9235.63623789456
1111.39632868325,3405.49191697692
6502.05093562229,8439.90035990641
7127.91819542604,7902.41565500551
1652.21714289797,8534.62533556347
1404.28132169811,8901.99490618491
2164.50466625087,4218.43918806033
836.489589573983,3219.46713671334
7600.26848805888,8021.7882835443
7950.2466766265,6948.45437960395
1685.70964658318,3696.02182902942
1774.38532103688,8819.14195770707
1697.57509327659,3835.75080095801
7779.44399883671,7551.10426212318
2799.74173441965,8792.19413837928
7693.4597149343,7995.76549690833
7496.65198843528,7859.65027184621
1007.3527807672,3301.54584089494
735.529438457009,8696.11565460857
1661.83386964545,4110.2811336394
7285.55497840492,7650.15801461918
1140.6662374795,8957.32710210007
1698.36941576926,3324.71848376387
7389.3462149766,8008.59553409367
7616.86920940389,7870.31580069756
1270.26553945126,3665.64259447042
978.079684177208,8855.26424753775
1372.69991248653,8558.24137481377
1083.34157902989,3451.80386150827
7356.32154182639,4818.15717628225
7078.71203413829,7321.81013426039
2392.17079025295,4696.92535928497
1218.84713658936,3228.29762249504
1143.32214029767,3497.72269093335
6739.07415083299,7774.51359931081
1531.15208981962,3507.63065429839
1515.00750517602,4164.79821584376
1171.22262860777,9065.09826897228
1502.70379341682,3865.52133203143
1951.03473856422,3974.20068979245
944.527259013068,3412.50664358542
1662.06735119212,8551.03923453422
2172.28908024982,8484.29328729877
1641.63964744947,9121.65261835424
7183.84142059257,7696.29890863423
1441.75084697341,8637.37067938777
1912.90708357715,8257.18459099938
937.208342970245,3409.37162505981
1567.76670620477,8825.72756481033
6001.70585001529,7529.19426533671
7628.43307114785,8095.60618858102
7063.6548747816,6089.36913887939
1548.72780697779,3727.82091990494
6796.51811059572,5799.85214199035
1888.87980116648,8784.30785583767
1111.41251553603,3350.75977911238
2031.42229099015,3344.52190345405
8635.4204732914,7354.19951451301
1658.90602617004,3663.07726078497
1048.09989266425,3415.4098436973
1638.59708551141,8036.03822063702
6570.17263900381,6721.2052683925
7384.24292298963,7307.68904351279
7112.24661793882,8086.78548747
7237.87792782644,7832.88844789448
1727.28009028796,4131.45399184227
2814.51139023875,9222.64900183011
7766.77413636373,8039.28398946288
1888.15481931013,8525.52068962294
2032.41641906625,8833.94915632988
839.466833980178,3252.70948409984
7368.81023663023,6738.64419028415
1983.18184662787,8241.31334102534
7218.41930689956,6509.80670807639
1439.03218169376,3829.37430344748
7298.3400097114,7962.64253494325
7599.45197053252,7945.91755069222
1698.43270368708,4088.76186321942
1484.13041093207,8826.58647477496
7421.14320946414,8031.30429822386
1245.75201964203,9210.37969334555
5164.70859474488,7828.4767570663
1052.50709259148,3697.95519003487
4348.26880788439,4467.85351063258
2661.02549593603,7695.99479057955
7142.83662711576,8596.35341682746
7110.75292877219,8203.9902509493
9179.02455075358,7496.03917905445
2564.38327973458,8754.29323358608
7150.99925071168,7605.03831537492
8932.6149161248,6366.77917581423
1063.78867822532,3351.27213165121
2538.95972071774,8872.69615053327
7539.62341102487,8431.81859680489
1442.71514571479,8874.34480503637
8823.3002728605,7383.41943774546
824.340952081841,7741.31691294569
898.27215034451,3349.27882038005
1265.88610164827,8690.97005015878
6729.35024562609,7653.419471774
6719.27998895905,7606.15150534221
3313.00557078418,8396.35099314163
6985.42374094632,7336.62255357905
1358.94727736148,3877.56703905778
6771.48475219045,7986.30785197675
1774.49165559873,8983.36821780015
7958.61967109535,8119.85259964513
7397.40089209847,8337.98005296307
1696.09160058126,9235.12116570196
1607.72019737076,3844.89450893889
7027.45755954412,7308.31576549356
1699.57894659371,3699.71402568113
7435.80244559021,7791.75433907416
1951.77262439446,9110.47429133544
889.031231988172,2797.96822981691
7261.74291760423,8139.57535707005
6965.57671842689,7748.63971589107
6865.37972996458,7460.58202832328
7788.99318458139,8447.89119096068
1254.96110360835,3618.89017114817
2107.71571495013,8790.95645086287
8580.83397881093,5580.96103238692
6506.96412140182,7800.28176615236
7517.40221339052,7856.21194812875
1442.15494949657,9291.03247579578
6535.69816959825,7075.87954862539
1181.68413475443,8384.76016441301
1789.9543636742,9114.96434562222
8779.33038230875,7734.24762914151
1777.45271121333,8123.61384460472
7861.97604842823,7208.26635464651
1274.29755303427,8960.89387906442
7194.41154040759,7770.73884520559
876.437204889716,3488.08167793239
7699.9287395768,8039.51045066953
3265.76846674592,8857.9258473811
7976.39901341151,6201.20277763497
1490.44781723175,9032.73077512345
1136.62465459143,3782.73638175289
7298.7180387187,8040.81156422089
2412.60006919269,9031.79402470084
1067.85385655398,3672.50166204214
2274.2482754652,7900.09966242923
1490.15707007841,3295.06288610211
4586.67760363906,8728.66095128925
7691.76547278548,7501.32024829248
1707.14841071162,9247.74011119033
1222.07721093576,3373.70106225335
1752.51762255729,3894.33039383016
1407.74365999153,8866.89039714154
7167.52428386779,7678.1298503535
1300.69337173613,3905.23298790066
8155.58137933689,7051.55877380681
6834.42964761436,7867.10092615122
2063.01786312107,9135.29166893076
8564.71096015796,7548.5507683475
8117.04214700081,6511.10780194538
7951.63949240653,6482.82792084117
966.860079059424,8182.01807374293
7094.03359309875,7677.20147780937
7199.81609470699,7704.68246481774
876.563239083145,3085.52853358479
7885.48497449992,8153.04817923404
1187.41801770742,8591.28776276655
1319.43686036422,3702.53793334451
1126.04718622129,9135.93778958189
7255.99140029553,7177.73804111372
6946.03503943233,7924.69806288598
7116.7472548024,4145.72684238328
7437.73470269031,8206.50416787375
8217.61351225299,7227.71453369202
1499.34561643577,9289.45799216608
6747.18580019129,8186.83801062515
7228.63980560439,7754.19718769244
997.742953997187,3534.78556440584
1148.87574238635,8840.56589835984
8113.66781851417,8255.65012200139
6852.75187671021,8238.79534105516
6875.99772762993,7282.28319705351
1250.68884283476,3539.89531035527
7285.97752496369,7352.48269343972
7229.13643571482,7586.7653705678
789.308499047648,3439.96723670039
1197.71754781316,3452.13945077268
2928.30170014322,9003.11719456514
760.088268475031,3230.31229760129
1329.35584624266,8579.57878545988
1024.61574683449,8586.39020706053
8921.21415157933,6976.37434123448
1244.46754247472,3359.44102309356
1512.11813616079,9306.45027119695
2848.08169807777,8956.30611722519
7339.0422497643,7646.58846391324
2406.66380986414,8404.35756197116
1322.04467284783,8776.6935934048
8315.64526774264,6843.13086804351
6830.0853092034,6578.24027621979
3096.52809732477,3736.36942166148
1294.15969220774,9384.33391454618
7075.08865357398,5604.24808468627
1999.10640198761,9346.65464073161
7123.44094979978,8151.87020084585
1922.28031785407,9208.0988753328
6470.10600606204,6706.08910572838
7489.28450001106,7711.7080034117
972.567202131061,3768.3461211168
1436.97067288028,9044.52080072839
7202.98953913946,7568.19511236872
4405.1501858999,5300.33328259823
7249.06471961231,7678.82465254655
2006.6347530848,3956.47177988839
6558.93483214439,7043.35709791093
1304.09440610824,8902.96815778689
1486.13025935792,3709.17879993996
2218.2355500089,8838.89405111249
7167.89279125353,7093.24269555033
7346.20958246825,7935.85371692249
974.245097891227,3311.84104896247
2054.93594182163,3959.87592451523
1969.09012176193,9058.20697707346
1326.05313987042,8997.9684983296
7850.20832408594,7376.37479636393
1011.34142093378,8805.50726965428
2103.22979716152,7923.30822125209
7132.0818502471,6805.32618283255
1263.45741748773,3977.66543832029
6862.72262454724,7327.00508788924
1438.69296460254,9042.62706293097
7837.17835048794,6986.30346017773
1529.59456893762,3919.75461497215
846.691410952612,3249.82417319108
7032.16172622889,8251.91895284366
1433.93960899372,8811.20999136471
8436.15627236775,8188.85063789074
1411.13066632069,3577.0810058095
7097.08657427004,7192.21449349022
8798.10007877884,4498.48241375821
7730.62570158035,7733.80500745246
1034.49891094077,3658.55962957539
4184.91934680444,8971.92420225532
6993.03189482835,7483.29831190758
7274.53151755135,7467.85373018346
1276.61262955413,7764.65956483377
1927.72541994446,8702.03821559016
1287.49035363034,3912.32536555194
7506.54826595841,6868.1240674599
8119.7616093502,8356.22866313331
7270.63810900116,7727.57482466268
7694.08524828476,8260.51347734386
7572.14634308164,7607.68365195359
1485.0944289538,9007.93061991922
1259.5702587292,8501.80722202404
7186.89678342904,7740.14656368904
1257.72516817608,8710.73703590946
6272.51574468219,8580.87209399694
1840.73173618049,9017.49343024633
1359.00318747444,8945.20725143735
7468.56407837317,7276.65909933222
7140.64686764571,5926.15985137524
7290.16876939762,7086.81180443511
8958.82857022666,7416.73996638826
1183.64339032156,8702.37603736627
1165.52947191056,9387.61246390792
7763.24900123356,6775.17126246099
8330.97444192062,7644.28682117361
1122.89818128578,8704.4352018508
8886.07287150118,6155.96822311088
1186.94898274665,3406.99445018645
1147.44617461402,3597.46272352234
1410.72017962139,3465.84773368138
3755.39320902297,8359.7531430226
1182.92801152581,3656.70331129129
6349.30471279269,7320.063262289
6916.97086277759,6087.79992643574
2382.08110577535,7781.01035417405
1245.87799603007,8917.00325331612
2339.53520419848,5537.1029666529
7994.2415937638,7641.75056780795
1616.15180836165,3778.2973748942
1599.04805913671,3278.08785985653
1642.2274627936,9019.21967688877
1222.11606512695,9081.48342607927
1095.48795002734,3851.59198593063
1105.3670676098,4341.59310548882
6750.87667540298,7519.10455487652
7721.33988679705,8235.00416314533
7396.28647695357,8136.12596460989
1074.52534361008,8993.91412629452
7737.48784767149,7631.40738931413
1635.83488314699,9222.27251745385
928.006484871663,9230.12754728652
805.02710412511,8572.63059100574
8128.36666667975,7948.39841029325
6881.53803814278,6734.46897825067
8011.00716202526,7818.75107556146
2212.47553324198,4476.74761817064
1508.75876442097,8975.59347333892
959.608836233171,3095.14014258286
7684.33982293005,7691.73288977715
7223.02811917073,7663.03668286129
8410.72036091956,7392.70503448301
1184.77807992514,3385.87997905668
1737.76449311542,8883.11182445241
1307.39513642374,8427.28091329338
1285.38536823658,3617.9800694715
1308.67037034993,4024.86404119413
1580.85308688773,3482.03852916221
1345.00547769061,3648.83942976328
1258.42431087002,8949.77408371557
8828.31939651683,7483.80921262429
7045.56804165663,7985.55655738619
1831.34679525573,9059.05530667273
1518.65570366811,8293.14002301952
8398.39091034308,6322.82354077727
7925.04832554692,6966.35174806775
1793.07726157325,3802.64402595471
8318.67362158802,7346.24038877338
1867.79312045877,4221.16173719264
1976.91111202721,8283.79044700308
984.720416680739,9037.81345071486
1326.86966962329,8943.23443200004
1702.0126795325,8552.81820882582
7575.66782629081,8116.85536344999
7537.36618185818,4545.78587079703
1756.56530462673,8778.24493458985
7753.14668846598,7091.75833749175
5096.8569316774,4986.09421924129
7388.29063155303,7569.0604881009
7759.75370018982,8111.60510878246
7376.91904278472,6571.68256427484
1419.95195148048,3667.52302088735
8048.2920912624,7112.73631653904
8076.70117414297,7900.8205422579
7596.50916119125,8068.95452475143
8106.87597388163,8023.3212574424
1255.13319924834,3577.64277987132
2612.60923935547,8590.92872133986
7666.63509720904,7939.67135824779
1813.43840305461,8631.63486416839
1440.4876962409,3324.76729911371
8361.12129817819,7717.95729173505
7403.15497840642,7472.58262465998
1983.08999639988,7919.36346477082
8065.68189887316,7865.13233932654
6894.65486206845,6841.41538353215
1020.15422794046,9020.17687061872
1530.80578674568,4037.69419173784
1710.77447961114,7982.54071518067
2619.45474422838,4017.330070163
837.025886432299,3340.46011307901
7561.87755461379,8270.2162721345
1863.51749254746,4012.27954223163
1100.64375452068,3505.09407891843
860.469384454613,9079.67353595609
6788.20343322521,7030.1747448541
7253.67486560439,8434.55910295603
1958.13004438139,8775.90217253589
1794.56074303043,7445.10970666258
8527.47847304539,7806.21221819545
1773.35600402572,8224.86515666918
1634.83666785155,3759.83329792575
8048.85780802461,7359.1783907336
1969.29158245914,9061.45983602367
8508.91828243488,7599.40975571235
1723.26047355785,3550.66181063708
2176.39629468738,9060.91244443907
1849.32750191474,3931.72208977278
7135.71180394143,6925.87619926977
7632.4196091197,8396.09840897791
1421.29228068739,3669.21798059005
7393.25217778953,7653.81071205849
2486.64959326128,3836.57823383269
9055.40922046078,5746.67069024145
1294.35392039986,9049.48567179501
1068.28478752214,8993.06992749421
8495.52279689884,8159.84583296211
1319.49517035486,3560.14400236169
7696.00795157145,8116.90213686093
6850.24650591216,7797.02214344154
2898.96964822068,8959.02701660297
4367.5568227247,5224.11958608099
1674.73054432171,3817.40992283701
8129.46395924019,7369.4432292234
7778.31720962175,7061.36072562512
1219.09684615771,3327.06525256742
8262.49152000556,6780.65485511715
1867.91229662654,4188.47162111552
1361.02965307688,8412.32056264018
1420.38805997563,7649.702221225
2156.01933905228,8312.57016710838
2683.26069029928,9048.34109666839
1475.17012887019,7486.23587895113
6903.27971089933,7113.97008405264
1078.26037132009,3433.12283109915
1971.53372022406,8527.79124700329
1061.83430906508,9018.42046620616
1278.00612968394,3737.44134216119
7556.69855932341,7772.44479867802
2149.33201089205,4153.63412490309
6671.61579987785,7732.3149343311
1664.23959665128,8982.84293752692
7291.54840966048,7447.13478696593
2063.96417876516,8482.48044916278
1570.72162854766,8807.25000987363
1381.30806843197,9122.61426835141
6859.76413195892,7800.0686392952
1702.54463032224,9367.30931565089
1113.90905682996,3096.16525364246
1790.17674697249,4317.48098933596
1367.64680252927,8699.89504653799
6731.02343389283,8077.71839436955
1054.42112977239,3582.8254393226
7874.61804256772,7193.67721378919
7495.86982280137,7697.26821322423
7544.82346540721,7469.76887659824
7813.57697498528,7175.25941914725
6830.91917040447,5319.24326539646
7715.92547248852,8702.00533107654
3000.70813110492,8316.51713411373
7900.70565847674,8131.13096902393
1697.68274542968,8892.71101536779
7130.82893528683,7731.08422861551
1692.9096594508,9050.7892534185
1255.4285762829,9230.97889637307
8380.87408469934,7365.00022849371
4353.11954865434,5925.7200837692
1169.48584757365,8593.39186376678
2617.96839404695,9360.64011899958
1843.47022370999,8321.58075121565
1072.80691203255,8992.56653963798
1970.76728398586,7612.85426201289
1272.66731149171,8833.48092847369
7501.93888385544,8041.50175455475
7430.22518092162,7575.84476704236
7584.07874251993,7549.4272242863
1093.54740834414,8776.12271318629
1558.05528492655,9068.97306032564
4042.90217665869,8839.98566160719
896.261292339055,8827.73805751976
8451.72011738738,6177.61785642492
1180.58966165642,8909.26782477636
1283.23735495224,8724.6397978017
2745.73183231466,8939.96693843899
855.178845316929,3264.24467749511
7594.83472511184,8124.99442856312
982.97464643286,3273.69543156708
1318.34608082525,3489.78615477602
8385.06724571711,7664.88922947396
7493.56702960645,7201.78213101587
1805.94374311332,8486.32041542321
1673.02799959605,3899.150265307
2774.69713348735,8746.03117461403
7405.50549537613,6887.56257239332
3437.61723774194,9403.91251920256
1896.27330858337,8075.3567027174
1700.85834682339,3661.54235937643
7254.45944463988,7268.64423376179
8141.91282156463,8274.81817814995
1542.17020258787,3704.27013657771
2873.88047037502,8616.47830088026
1724.4513244072,7990.03363800049
1926.79351176873,9041.38192559386
7292.0650442603,8329.42440864246
1889.96596940332,9214.79551440032
7416.87385853232,8601.11175962645
7246.84066999271,7910.04037378077
6274.18043371592,7011.27667039118
7238.43380734371,7298.81753094648
7768.2124763478,6764.13546438914
2342.89841952192,8226.34709628719
7066.72435498434,7327.70760479595
7931.72079355577,6947.23971601325
7347.61616624992,7922.57533948133
8446.84882067209,7763.08986804587
1499.077434135,3918.13068042472
609.267655133316,3128.6692681391
1287.06207262059,3252.74177121465
7393.97152122397,7594.78812498417
2144.59705720833,9085.79816365064
8671.29212113706,7276.41973080274
1037.21256389665,3160.8032375428
1139.0074800772,8821.64341559599
7483.83522861726,7332.98850832026
646.288553908911,8828.12192560044
1716.02015053695,3476.47467210552
1793.65441733752,9071.17858711241
7452.02376146907,7451.66019120251
1812.38847802653,9044.07111161486
1222.70481094991,3507.92412529514
7364.79385524275,7549.26850545377
1887.04040801346,4231.48053929299
6616.52407356716,9323.75123574547
2861.48730823035,8019.27356887476
7517.81650275506,7830.2356393039
2011.7629698436,8491.84042147965
1460.51920852648,9108.58691345205
7033.77940204981,6993.74428770476
7802.51459762943,8429.32352527885
6554.30403625472,7774.06205294537
3864.93066083126,8698.47445585127
753.094610276898,2842.09287845318
6514.16344277759,3485.92885395798
7387.30353235349,8463.76505268585
7338.78899731939,7897.91835269544
8159.83708065311,7838.21963370079
8058.1448457916,7052.35884872058
2185.1354370776,8916.83480834561
6831.07475808736,7555.51471741511
1283.42147530932,8812.18047305752
1834.34819318504,8417.78519019542
1521.97394865229,9012.15746345332
6960.85270341852,8981.870624634
1113.2409151507,8811.76611724039
2225.49794121878,3433.44397777523
6763.46984792548,7595.97041792269
6571.30591494008,7551.11436779401
2336.25414357815,9175.30854847306
2019.9428744374,9226.24642022817
7995.76093426768,6925.14072368246
1117.13814224108,8398.56516393279
7481.44489079204,7576.06339129763
1368.25602569003,3477.56973562878
693.927408965207,3371.28743617008
8186.32878773018,7181.42826693857
7582.16115875138,7443.43817106687
7669.71671845975,7519.14079495054
1733.81991062092,9084.40405336325
1186.36138036576,8672.58141501361
7951.40768532818,6487.27842880671
8642.32094566927,6542.69105521315
1011.85586313071,9023.46768680851
1874.87761045877,9284.2813730574
1257.67609347581,8943.5098844051
7506.84750775305,8053.03719296915
1664.89442661394,6188.5348379548
944.893399904894,3243.83180390514
1383.1353740445,9187.20387518872
6842.9528546152,6888.39699406475
6708.38765712117,6635.23478111177
1118.63837768669,3472.43038031063
1215.1394215797,3434.41079378432
999.201010142942,8896.87744003321
6438.28081545363,8077.98544041151
6906.11315610213,7790.22367941598
7306.59451804969,7559.04542449984
1262.84127475157,3552.49211658605
7076.58503685529,7971.28230300736
1363.50131305251,8072.83602648321
1232.04322944831,3621.1715651195
1187.60558141514,3487.75535240277
8806.18276970593,7398.50957791214
5256.25091528124,8843.93851820947
7617.31980817025,7089.77782232777
2220.64274509969,5851.42676316765
3260.98938643757,3032.29863662988
1912.19957483492,5031.62894653598
1456.07903981205,3553.00741227099
7705.13192958511,8198.88500449654
6354.46346217391,7784.07327816584
7679.61293055256,6801.59517319863
7629.95998222697,6579.64254781985
7119.26669312957,7273.08493471571
1212.58599991764,3345.50515782968
1382.09253252803,3596.17984988363
1309.68603215479,8888.99706358674
1859.70820554832,8199.8272571174
7891.83619197628,7829.73834193736
1428.22320527625,3920.67791344685
2540.84113960855,9201.10985556328
1541.02263878802,8637.23823091383
7892.15385110461,7538.11552335595
2114.63887936824,3483.46574584913
1232.24981480696,8002.50239674129
8051.72757182668,6862.51949837242
7874.27701772273,7641.72588033937
1408.67739818922,3604.44899369736
654.52288281444,3212.11126414165
7696.93999264115,7323.83628190476
1334.54075178758,9168.3644429141
1447.82946995867,3749.09618241878
682.328796881569,3272.73224460424
9357.59676100392,8174.17132096326
877.752278216611,3470.27960894626
6644.38919775359,7565.41475187444
7629.02945847214,8329.63053880665
1057.49399025675,8661.50374532943
2071.92910053496,9045.82124143939
7888.24464449625,7901.41608255899
7461.80781201548,7432.25721941097
7553.805505752,6784.20278999837
1468.10720509853,8508.44337078282
2089.00668902872,9341.92096622251
7241.05347288633,7183.51415765149
6933.56896841199,7800.74492539895
1645.06977825398,9179.07761423076
1611.57999819514,9278.72844587344
6886.34952011829,7065.9192977117
1665.43216078339,9256.24263895249
1408.81078493694,8514.95664977844
1354.16338935788,8853.17989019081
8489.61259069221,6357.9001253977
1132.50058141175,3513.85810400154
7407.88847741512,7602.78810577853
1190.90051354316,3503.53557422232
918.05934123595,8719.21403500627
1432.89390691177,3726.74321541773
1186.20275555448,3503.61011295572
554.83017341236,3081.97827041668
1124.64984700877,3362.94870935904
1303.75286156794,3878.43600848247
7679.65361987474,8087.82200785465
7948.84936162671,7735.23326432968
694.933666842598,3027.61342535461
4989.47360092042,5180.37721713054
1869.7713734947,8745.65668363883
1039.82540952044,8854.5539997096
1381.55912364737,9090.70991204711
7110.84291053141,6952.38407198929
1553.22163847792,9079.8774094822
8000.42455316614,6687.07488399507
7144.21435228202,7965.72501206482
1718.24752822903,9136.82998017085
6444.19602164404,8243.2066266993
1051.47642062985,3448.15268112858
811.089861542784,3242.24919159326
8490.57204992507,7004.65298762582
1753.3570803253,9263.73138645178
675.056365393265,3233.14545568859
8299.51623710737,7601.52802983841
2842.11759605454,8947.4594386089
7088.19606925823,7103.92957839618
1655.28056988316,9088.41290014662
879.581205458781,3615.09655607271
6955.4090216171,8167.74103489576
1285.99093900612,4156.71834811677
1491.66461483205,3564.24337809481
1730.99139679216,9007.81700308789
2356.50661137102,8271.41200839363
1850.35014633014,9063.01469249078
2043.88890404876,8994.46951526119
7268.30282352741,9074.07103716598
1043.48445394086,3125.16760952414
6838.6955791941,7629.15079331715
2126.0733872873,8700.64035038255
8973.18721924582,7255.60509850011
836.523265849705,3365.35062622947
7494.88257773911,8004.94088279509
2814.21134755069,9076.93404242253
2115.80951593844,8730.96157549626
1210.69162196583,3402.65170909178
7863.38291893943,6906.4052304206
1028.63479154073,9137.51862732363
1775.22836622469,3947.65129216153
1653.03693687213,3602.21279527322
8105.11620679162,7964.91605981084
1393.71554786073,9122.95215878529
859.244266668663,8759.00129749074
7455.49817171448,7047.24120543393
1872.60714807057,3379.66500878603
5260.95790660677,8992.56408042833
1676.26503666377,9295.23650657286
1448.51880544658,8693.39662868707
1017.88983390083,8686.90218883435
1320.39269130308,3702.10027375854
1491.03849734923,9111.74935364173
1383.67221051918,3559.40975217063
1216.48094784454,3836.37523111383
1208.6221426047,3926.99364895224
7310.16572146394,6550.86198232368
1805.04086397909,3471.38667775658
6301.3961114556,6122.3058955829
960.734673173134,2920.15583909734
1525.58276175828,8899.93189402161
1221.19648401305,9092.77973618331
7206.07571880116,6804.92726355014
1346.84930506089,8346.62135126225
7912.00208465415,7941.27165017034
8254.54695347798,7050.7329389049
1438.57162448062,3453.06836304435
8415.83626196932,7316.32553034768
1391.71395408793,9174.5482192527
8280.06417018441,7007.0142496756
7503.94673729275,7476.75786637477
1005.60670610649,8859.16702451607
1884.08702960618,8184.59718127851
1377.93201647056,3554.4492227138
7212.16111363831,8112.23180404186
1772.88725196802,9069.02038770925
1062.27272218637,3258.80352210347
8354.76569709071,7786.72518926012
1990.05979483318,4578.17002266415
1383.12878675846,8688.93774313984
1325.1911602866,9290.38388365219
1686.56938448382,3532.3582752401
6675.12216040253,6299.08079293213
908.726944176484,9181.1673497794
1514.10503620312,9307.9039602562
818.595299065377,3135.28536610358
5512.35332626996,8244.39948050347
8152.22067592241,8048.28932456571
6669.98168103865,3658.54038240778
7001.25987244359,7397.3788157784
1942.73283933666,9331.03455880181
1440.89340397339,3821.35610565895
2969.7693344423,7855.00204074753
1830.32401356073,3555.3023999516
6609.63476648934,7237.12580103112
1544.12368229548,9436.19556745854
1027.80009468373,3681.00572206615
8432.8746333721,7875.19275307191
7937.98521507828,6962.70883791236
804.435393808466,3094.23771060423
1704.91360616134,8966.9642059591
7538.42249902795,8248.44671054448
8493.6242078316,6673.53671761442
1369.54327173585,3791.60846551848
8861.28293401295,9454.62816919171
1065.22967061873,9120.60733659042
1118.47662049373,8313.48968510701
7668.69133880571,7439.25040894264
1473.60453645325,8658.9487354041
8544.20558500881,6508.76583087032
1917.16376124473,8289.89879570342
1808.18078801432,3598.59715599678
1700.3758253136,8670.86121693852
8519.90302268531,7743.20920271271
1361.33554172312,3981.47350329846
8441.57635538305,6448.43131719633
8697.59538960205,6273.02093026041
1377.39303171841,9269.5419767598
7214.70685470667,8557.19458057042
919.220040182018,4086.96317140345
799.494428471192,3399.87803179982
1501.41033055071,9253.31281317268
8016.15333345209,7810.13580957305
1635.69838728294,3306.73036394826
6930.25063583936,8072.49597247831
1782.86736420687,8754.60447454032
1022.17093665964,3518.87699237168
1381.26616262031,3641.37341944242
8942.49108682619,7350.72437512771
5785.53036902639,3803.86797960429
1892.09741982064,9077.91171417627
1420.03980837728,3642.26082423821
1473.46482347597,8926.14292552374
1955.30650135479,8660.18480000485
1318.5159725003,8982.19421723231
1274.43264479066,3593.84083006357
7710.16777187887,8127.98833695234
908.91565990229,3113.40131462384
7999.28142149641,6975.47578745879
2717.18446121333,9352.90953498018
1267.57936216763,8887.52490301017
909.177876933542,3506.37851363348
2160.26529848403,8867.72005449465
7750.3146949712,7298.8957259773
1136.70142700921,8883.14383261803
1786.52202192204,3551.92609444083
1234.00271378761,3478.36179118326
1105.61849414669,3597.44235065688
2657.22543147087,3907.50289112968
771.205351741933,3435.34003527377
1575.89945180505,3940.73398358566
2296.60364547258,4293.68169314596
7109.15072610651,6655.65543160293
2196.72976237436,8466.59795218569
4376.89227792688,9039.94595881417
640.501347366275,2913.76686583737
1248.13421321427,8416.77426585949
1182.8449012774,8825.66486421125
8234.66209035468,7158.17033537905
2218.74412255108,9187.20136359749
1644.24799488807,8612.87894405972
2046.2198547884,7851.82374128458
1357.58446271446,3485.91362437422
983.861147935377,3541.86810828826
706.43531240335,3363.84594283286
1322.01056624812,3378.29603973686
1299.69325385512,3558.22977773195
2048.91268254619,8971.41646914631
7321.37281022191,7202.64113330373
4990.05956309649,7530.9966838895
914.906520045227,9053.06107155942
3939.30960283392,4045.66444191434
7420.49550862547,7385.28439642876
7697.79498735443,6830.40470162671
7695.58899270628,7243.23922089007
1494.27136929928,6447.22132926464
7773.94336881929,7653.11403166647
7870.43159864281,8258.26443653013
1091.98381146878,3544.04144353661
1081.64695443907,9155.74368265051
1102.61754976924,3502.57964880113
7379.97743316413,6792.93159189687
1332.35018101553,8299.48621085067
813.241946728259,3071.71105704905
1362.00144855028,8880.93922471433
1156.85452517602,3471.08698503837
8510.83222429363,7099.41735319884
7496.88184858623,6737.66154200738
7582.22958107856,7841.81793665167
2794.98234633185,8223.84884283511
1520.55297307076,3710.65562918815
1159.7429947285,9139.42979896768
7877.87229809934,4457.86145946627
1375.21130173077,3552.98991918285
6362.15838993403,7286.70946488388
1099.88264843106,9021.65035619481
5437.40076985239,8880.66979289965
7898.62799004684,7677.50595968117
7142.15763761252,8599.08052928554
7347.63090875708,8125.76424773028
9457.72343910224,7648.69360333875
693.238243010738,3071.14986998365
990.52854939551,3379.76997948251
1709.34507625071,3943.36473329399
7004.74646210693,7539.8198995808
1093.36872013492,8864.23105682333
7324.94538308894,6345.03664135569
1159.71811065555,3152.40491536872
1376.35307290077,8980.0028286471
1290.08778711744,9385.73456390711
1497.2885077945,4175.90485948078
7172.39009941458,7109.01836822485
8438.50826563449,6952.97313632015
7618.47352925486,8040.9356838126
1687.54890963273,3567.0900998626
1104.81289381695,3469.0982616557
2497.48341247419,9037.35595220671
1507.5816703244,8856.70074480831
1512.88371760321,5084.46846197821
7355.8996673254,6586.76727586812
1042.13540238951,3183.41881324393
1481.28151381917,3811.69743617728
1559.16904970501,4244.76548644329
7675.4608974456,7303.04922302154
1333.76995312633,8857.44409726551
1292.61936846181,8329.93557332959
1312.08977150379,3964.57426656826
1465.25116200307,9123.12946510046
1486.0547824215,8799.78948458357
7716.89037936276,7609.95697425638
826.190689725704,3286.51351460902
7936.92332127382,8422.79726829067
1766.99780994175,8699.62844544206
1797.43461237286,8050.07746340561
1190.53955585434,7731.97304367281
1112.13371896432,3207.46796881381
2225.4855070343,8706.86954838545
912.263259089823,9030.29775024791
6503.6268002193,7288.34669762806
7230.63733695385,6562.8962402837
7464.48095082291,8953.38310750447
1373.20838723373,3806.51241169875
1742.18090706956,8688.09843495695
7784.96809629326,8035.93761124214
2068.20463592202,8221.09725466975
2016.92570560363,4077.01574925588
1814.98262068131,8473.77209765196
7218.59921462516,6745.60343716862
7461.87836341573,6566.30664801495
1240.8704561729,3174.08332298444
2554.46641681247,5192.91050737049
1717.60962165462,3907.99670548825
1584.97610189196,9196.47385579299
1425.04970178457,3460.95553260658
7690.36662140146,7051.14690544343
1762.51030475717,9184.51720165657
9124.30005925883,7686.5649030109
1582.50528231201,8755.81697943344
1168.78337358872,7957.45336997709
7261.45850483323,7683.85809519992
1313.89439270097,3278.99224225975
7038.85894014836,7952.1423455123
6951.72595807429,7748.0043352328
1331.68740340906,3605.69676761954
3832.15836550553,8217.46150190714
1585.74709269929,8827.45706050613
1789.33808952944,3873.32428063092
7132.44675684686,8084.49310423843
921.243176469307,9248.31101577178
2010.36532955288,8243.31259810436
1031.3760595062,8694.9085100099
6714.25430998976,8497.5953812161
7707.87668422607,8030.4430020126
7230.52658993823,7715.13171877766
2524.76089768411,8764.57993520774
1457.42755945702,8743.18594615323
7474.42751506724,8614.54479339687
1456.71148666211,3323.87611039662
1674.75760576007,8864.2711486347
1973.3900355139,9136.92778946586
1075.85258381152,9069.16657623923
577.569961442628,2830.6165136509
1589.4183254787,8663.90200191782
6682.4777027209,8252.02822322641
483.829408127132,3261.74727236549
1249.34667861728,9354.65264741267
1623.85953857135,3924.55809728236
8680.92378771258,6166.67186721576
2737.90102749563,9078.44312691107
1158.58827696471,8524.99286854307
1634.68359034221,3465.89762924001
6323.34178296751,7666.63698404925
7838.27165574844,7383.90899557232
7279.79229252547,7874.08476225602
1733.49794616044,3397.47214424095
862.556860709948,9388.33806187581
7392.96794286858,7452.75441567626
2327.26208352086,7839.30873537342
1827.31054559976,9020.74909925376
1988.17028862514,7858.06427648537
3949.50032242427,9263.27774243297
6769.85814857323,6704.3211912856
1722.32880047185,9216.47806191508
1566.07807936455,3853.65583730254
1344.50886932945,8399.49479748741
1231.6052354221,3967.9987450527
6716.81413734709,9117.33546331036
8381.53191242164,9288.91341746278
1680.31084416354,8758.11247943606
1441.17072855947,8464.27623552112
3621.43898484372,8913.31540788559
2079.64392083523,9054.66968608583
1277.229226416,8105.93342224633
7786.76600197295,7275.87283866433
8344.4910801,7265.74501552985
7323.2397502153,6979.7555056253
7834.68892067872,7574.09053455689
1693.00161703817,4280.24460043775
7359.5864014776,6578.18910349562
3686.16232238943,7497.71080866388
1012.94356304982,3140.5958431343
7562.51184102483,7326.30409046399
4788.60115377128,9198.50130725848
1035.3880633055,9038.5587733353
842.446559883348,3128.06623673562
7750.67637056647,7509.53517230351
1300.06606571165,6357.79542283065
7245.02162634417,7513.4262693475
1116.29172791276,3416.54407910752
2334.79223242981,8599.10196165146
2572.86538843872,8798.88338340887
7114.57320717614,8220.74728647247
6935.03120338846,8401.68171677648
8763.66856392202,7093.52717287468
815.300099869047,3342.64631347045
1728.88425496796,9128.50502280972
1999.6864993285,8870.87633420335
1850.00988215535,9236.93240663362
7648.59807723538,7513.29883667805
1613.11044604501,8947.33079864632
1206.91840872556,9306.39915300948
1647.1183505108,9041.01641747657
1711.34219377197,8906.8498389039
6187.37535825382,3883.20063087055
8638.03337568727,7682.27237167131
517.401749406221,3257.10804084862
7132.23720209647,6738.29286524954
1873.96015078292,3707.43860816143
7440.54597981287,7820.40742525344
919.541547533676,3261.41242256227
7341.61423684242,6808.41131679062
1441.83067046385,3188.25980526055
7718.23194999825,7807.9301412222
9130.82570938854,7456.45426406263
1571.63756555452,3631.23014839495
1738.67523787081,9179.94662279637
2084.66169806757,8482.4183017198
7530.49551857934,8453.3952928999
7030.6291837072,8314.67227761366
1304.36835061573,4350.60134177327
1188.15590926864,3394.22505368439
1378.68999677687,3404.53020725297
1152.78948529315,9002.57327073628
1697.84215219701,3981.42066034593
7809.6148719015,7808.76791975084
835.987549930633,3276.08047969849
7534.29822853116,7168.22988084108
1172.52957568999,3352.9072634925
6683.44289672412,6767.38693394986
2913.92879218458,8426.77726719596
1237.39906429387,3759.91041762531
1998.49060663684,4290.88210136806
7805.95630921381,6873.32840301438
1552.38875298012,8307.26048577378
7329.6014559635,7643.84739074712
6320.96403166432,7548.26797659914
1468.91577631546,3824.96564816789
980.671770496328,3474.25837345184
1600.5090463386,7717.39928889811
1593.69163979679,8974.43326992183
7045.38292692671,8438.97783335375
1808.04060656357,8700.11370463621
1410.51476890459,3476.44970295041
1219.26822525213,3707.95401961518
7403.25391376696,8144.07330569625
1570.87567489309,3737.56852109394
7465.82458501893,7450.34257714151
1998.98061118542,8751.48582632848
8105.13534229167,8228.06747901637
796.14248324492,8874.912072953
1931.75164895059,8144.72704381348
2399.34679247564,8322.62566392781
1390.5269706888,3747.65743514833
1572.49037390514,4073.15221369903
1565.83068247893,3768.23657101484
1960.79226020079,9114.99120343906
1329.89848128835,3499.53275650827
1696.94072005088,8776.30225862626
6657.41399866115,7612.60781319038
1288.97416067658,3469.8588484735
8680.09548088082,7142.68898980329
1887.54578713269,8826.12197162299
7430.97427898621,5530.11010612984
1498.01735396828,4285.67873517625
1354.21089371221,9445.62380372377
8469.44088166227,6305.1377426059
5228.25629681777,3850.01576726991
1643.00558345922,3866.84929481995
1941.93944026997,9001.23466446726
1676.30601637447,3416.8253061512
1210.52297748462,3140.26966111877
7498.06918981368,6948.00493638263
6893.6103979359,7135.7174481689
1273.73124171895,8920.9275926395
7435.108157704,7666.04564287949
7239.94332722063,8184.19380267835
1787.61766176707,7486.7015085668
1551.7318667789,3610.93087209075
1078.10775713051,3161.08831811408
2607.65181868581,8180.82286613254
6845.47435876483,8160.20112888809
7882.82565202711,7310.78306466402
6548.91793394123,7020.80673500311
7263.97161295693,6850.32322303188
7428.09758794345,7896.15732037075
7148.32873713909,9199.45590927766
7876.58980330636,6626.88682710126
6702.37409846632,7801.12393666801
7217.70488747191,7035.86840704754
7697.93681093936,7654.59349918491
1480.50306103964,3705.68927147544
7008.59112657938,6882.26905579578
7321.04987829455,7366.68310398148
1675.8709620458,9228.06214839589
1919.48756212889,3590.14557527944
1794.42761257639,8659.30209010688
7159.422302427,7348.78354283204
1911.61194486371,8895.92367077591
1537.91707390375,8318.71055625269
2345.86334314381,6462.19021771713
3244.79069984404,8935.34430673929
1464.30240359714,3676.52033027277
1174.19161028525,9002.28963130447
1118.36792748624,3299.86902507628
1322.7812527639,8367.38756482587
1340.84087102726,4272.67667063765
1644.55369083645,3547.9545841708
7305.99455641164,7410.28276346405
1689.32964749195,3730.92244127468
1123.29680752592,3097.01464398366
6772.39184783915,8220.29847207494
1328.71936850038,3692.79084748242
1405.63648514831,3683.05612460497
1244.76431757218,9044.81050762811
1850.94750552904,8969.13198609754
748.993788709603,8983.35815131022
3372.70282780268,8843.95966157088
1060.27922533736,8560.73520029873
4018.27666079162,3788.4656134229
7372.03382513592,7063.75151510725
8549.02279124085,6643.75419086497
1598.37589208848,8904.70434353066
2935.64096061277,3788.71886139901
1720.18933666471,9020.85394628257
8191.92084868585,7517.74866707115
1415.22990407172,3955.94629304911
1416.01001774565,9022.17916284017
1170.55269750472,8259.71673563873
7618.70662509096,8173.29424834576
8013.08994671939,7500.03653226832
915.908546952693,3420.84538371942
7480.75371653684,8103.87919835193
1415.96951768405,9210.16773459532
1324.0933073921,3804.78167765726
7865.73054107465,7861.5197609938
2733.40294452252,7488.92529633634
1628.80195847007,8649.54941171613
1987.24118315617,9240.85073657596
7645.32188342585,7819.26876798087
1182.49071258151,9022.04546264471
1614.43101642778,9288.54933161073
1594.25630080175,4968.83041120802
5045.47963109205,8882.01744758798
1172.2309104287,9033.54713568734
1475.99395042785,8170.97094566829
1942.16054437857,9025.71331378591
2473.18703281041,9318.81206549705
1393.81093903029,9102.85223223766
1574.30471236476,8893.09027413602
1270.29062629723,9266.29422236723
1769.39833198869,9010.17346964132
1900.44164164636,3543.05497698307
1321.67360161065,8865.98667898336
1625.22461382167,3739.20664547251
1822.41993760499,8414.28672332639
2190.6608439161,8999.07904863204
1477.11071749194,3492.82454052111
7743.45201311273,7713.13024579091
6020.92508888464,6632.28738656801
7202.23393062498,7577.18643726135
1258.94383830517,4061.16014451166
1920.57259435083,9155.03952438154
535.775325967562,2998.85111490089
1257.21381742824,7818.34449413371
7361.60406926856,7158.65761820024
803.679826662195,3210.29209573255
1269.06228422637,3818.76120853898
8668.3021305607,7309.84655975823
2016.8309276523,8665.22346651091
1735.11207967283,9142.18109353247
8128.06265947401,7055.14792332032
1438.60302577914,9185.49599096244
7739.95552634874,6733.33414467429
932.4206818712,3508.60097787361
7214.19095773267,8498.08087222262
1321.54348542421,3622.42639638357
1331.19415169592,3591.76659811457
6763.53343855606,7731.00260644916
6795.18617656341,4199.92977180456
7515.71913169039,6499.00944080305
6587.73334629002,7198.22285962066
1106.32807995801,2788.63917632803
7770.99025315595,7735.85316026739
8594.77625141949,7635.94262023097
1869.03617976139,8566.44800534446
1197.21054275802,3700.50691035341
1631.33754207148,9060.95108823665
1354.0918447493,3956.18617956276
7301.60624300098,8008.66054372309
996.490729398089,8859.45562918787
7756.10523234641,7385.25459065542
1625.63602881143,9131.94873752766
1243.7941034039,3491.92674696049
1898.27891681377,8678.08670405972
1241.13926575383,3278.74758009565
7087.02252076537,7655.76647071541
6440.5752540574,7949.50163416955
1659.14375098802,8239.76592799174
7465.54778299716,7530.14368577617
1288.87288572215,8637.38552229273
2088.79983396976,8290.08108476196
1372.33205823874,3804.77367193325
7703.12108560959,6834.5837518563
4950.5540071904,3224.27347414396
6646.43531050673,7289.13572628369
827.106103706276,9027.85575746648
7418.38346320909,8239.78201465483
1253.70029218857,2984.99285395361
1416.09742447374,3967.18377039733
9057.73823797352,7265.67969173187
1387.45102205942,9162.55321297499
1500.49783944383,3700.60537053243
8682.78162135064,7743.82041389861
1172.79438625784,3396.5014257429
8332.30970093169,7251.64246290291
1721.43340764318,8143.41685133923
7407.75392440476,8002.23794439827
8109.07988098686,7269.8200472586
7269.25887944469,7835.34512839809
1287.86287873435,3585.91457571547
6766.566457226,8889.66780489122
1822.59074525887,9055.90766749854
7661.4915884971,7307.27708024194
6442.5886715628,7457.00373788537
1516.17767031241,8548.18984174377
8214.85145638024,6572.98705458667
8828.59536933553,6216.29210589284
6872.92565282109,7188.49559189853
6975.61390321001,7190.33562710903
1076.57780706641,8675.343824131
2018.9979377827,8575.10109045308
1096.46570019738,3729.10071130781
1632.74847098546,8725.07156667486
8171.3268088899,7416.27732500444
1582.19919370407,3707.78750637275
1305.21410526238,8758.60896735482
1286.45416267704,9245.7861247891
6668.01313512034,6382.41150274306
1526.27102235789,3709.68659062475
1364.78029926499,3639.45292257238
1138.53441985053,8312.14375825186
4504.4260757862,9269.84676982127
1509.89524842476,8922.11456887613
1144.39720003129,3622.16253282613
1556.21008357878,3390.86650141695
2077.02498010032,9004.19267564852
1535.73729509375,9047.43555386948
1496.58112529404,8484.28913603126
7661.64188529565,8341.24810150243
1697.90136292237,9154.64631550384
1744.84570107511,7722.59173982824
1557.77999338934,3786.28773712074
7801.51378722282,7117.58889383668
7686.83118217004,7978.06581868522
1424.28416965711,3743.94648390458
7177.96214391299,7880.26338431046
1817.15654751744,5091.90470319586
1255.98676419522,3432.43985698006
1873.36083431925,3768.64208150174
8592.28924480886,6839.81882966252
7709.53308226103,7565.82072046171
7381.19857238654,7341.19298807741
6443.63568936013,8921.6766014515
7405.16517670202,7855.99825872208
8115.80650196731,8473.35954590124
910.298200876242,3176.16133344279
1332.72355438064,9271.30413180262
1230.4241123784,7870.76946150108
911.586393970085,3570.03436887452
924.053503514916,3551.53640462496
1706.54364574677,7954.14860120123
1695.40277305696,8703.27093330382
1647.92541083963,9268.57731482632
1897.79506129033,9003.08617541215
1743.93364084046,3929.03963404041
2439.49355429842,8870.97638523041
7126.77944702193,8150.10031539747
1534.10119520405,9100.71506925289
7754.77195632357,6900.10498275564
1559.94393537058,8681.55872230994
1463.78729898208,3527.77060968748
1834.88885800747,9163.6372450028
6554.08906831648,7939.74447140116
8259.11417424212,6032.19702713786
8797.14204663506,6979.47362848411
1348.95367952583,8225.06855208328
1409.52566623054,8976.35636905212
1386.73519674148,9023.06452473286
1702.67952519823,8881.86398440932
7120.28167535281,7055.36852466054
1433.60115529597,9092.25547800963
7234.00110312534,7871.46279605289
1573.70545791114,3379.3274726631
7236.24826925927,7596.94745182941
1550.05309937123,3884.37643133952
6632.78768119268,7910.72545993896
7619.13404704938,8085.45474316956
1897.34874322203,8133.83400377541
8322.60887108293,8317.67774929161
7131.02317462681,8334.15137926728
1057.92151721714,7543.0225002825
7840.6285253492,7988.6376870891
7715.02460068098,7523.87207212791
1026.20818795906,3912.49770915117
1854.80720732117,8086.95712039004
7013.66415274286,6773.99804132802
2227.50880981796,9027.07300725921
2918.53533137129,3364.60361346305
810.329690336999,9030.61160346496
2317.3410591342,8961.33281580649
8196.46756814647,7604.00924508694
7839.63774885776,7294.31470060549
7221.47239437171,7375.38601145784
7799.75323538962,7625.67483748973
1338.62009988548,8951.91097168964
7869.08872604868,6749.37087865344
993.010013067849,3261.54605834028
1378.0679738694,9208.89842478572
7152.11289069431,8360.27303577896
1034.38666283479,3913.75210379325
1860.27367705341,7923.51577724694
7060.20525674813,7422.30103681973
1628.11540745657,8740.56430968233
7773.59354452506,7196.43897717791
7838.68623560325,7305.21481296788
1624.04018635992,8525.43351627929
6153.52685087452,3991.89939928293
7417.67208072158,8503.32250505828
1376.14515113088,3438.72951620079
7641.06193247804,7780.2386421103
751.111979890813,8515.81852307356
6722.84485340826,7271.98167294033
1197.45682257511,3676.62189175588
1333.96530204257,8861.82560107773
1675.64499725934,9281.4699552709
7338.42654938175,8025.95731109835
2013.11125820617,8487.42202932039
1802.92228383589,3636.99475481083
1455.76041546766,3617.85534914007
1402.48737318202,9104.25757053852
7176.75784351446,7381.30663749714
1362.05533347342,9290.79150650221
1915.49636772431,3656.27411605146
1367.24746517284,9078.67696887798
1323.31122012673,8747.04216683701
1426.56219350697,3712.13442749475
1703.74469149445,3783.80767740306
8097.58774968941,7236.37947991923
922.265142019354,8631.846266288
8154.50403358547,7786.67802048038
1081.63559482469,3549.40231749402
7105.26669204236,8157.18331518313
7126.78414641114,7626.93583066404
1889.78994965873,8945.55410308604
8521.81581733554,7467.2314953945
1470.19820587374,3487.30520437485
1688.99362754599,3650.9755832256
926.027466309274,7947.24563385773
7443.18722274718,8137.35509706917
1154.43051042753,9066.34658917443
8655.23110064059,6782.14151072255
7426.01288435545,7577.04406730915
1477.30229969381,8979.97313198796
7758.51356890658,8466.12994849631
7617.87751140561,6753.87135546817
1306.42321413786,8939.54185925562
1386.7056521193,3242.86071678755
7457.23698889904,7329.02466687657
6820.88500308033,7827.50349413077
1929.50404873644,7995.21883565863
7458.31241481539,7807.66163708446
8937.5617513147,6999.08873853966
1533.58383953579,8822.440437901
825.6539395849,3248.79754897482
7343.42164471169,6522.65714456699
7564.04589376768,6756.91923477664
1809.83777592002,8507.8067826125
5323.79554946812,9096.47671150391
6942.63734185315,5621.85311479556
957.070187373694,9199.54979941852
2198.5961698724,8425.64593303449
1157.35198767947,8486.62725499384
7423.86178692887,7350.57493731628
1514.58285726296,3638.32771011477
771.892587791956,3117.84406989665
1503.72655495614,9025.1232038853
8054.51340133445,5452.74748632971
1069.14892937931,8207.09149386423
7347.93000999905,7920.66139740186
6923.69917097439,8318.45066436867
1395.76757242982,8828.82619907583
1507.38663778071,8860.97156910598
1803.11740470176,8881.27137021555
1459.25930601119,3947.79082494386
7352.76045877604,7527.7106377629
1688.41819379347,8838.85023998698
8316.20181125763,6705.13173145289
1840.56653180157,8749.92673486833
7641.60661572271,7381.2609750414
7160.18674684025,6779.09041079176
2331.34178458424,9172.12960241212
7190.51945185464,7843.05282997731
7795.42661354292,7093.9052583244
787.933862341897,3310.02132620589
1906.44567530582,3875.58038297196
904.406547720914,3030.0718063876
6732.45023786605,7691.17316260525
7424.24567377345,7804.78397278774
923.932412361151,3730.0193951792
1624.38377936712,9385.27505308509
7957.61717818513,6002.84913315881
1704.87641668239,3376.03438951936
2380.58874650079,7215.06374033348
1381.94699527826,3388.21918759641
914.222084877754,3246.85893610285
1092.75929326158,3618.90929668716
7861.36957221788,7538.90327778858
7127.75758919252,7757.72066789062
2380.04266712164,8062.6066253054
3096.61551688639,3846.70877632637
7644.27601282357,7345.06658308572
7113.87423918063,7603.57463279006
1624.80948942841,9509.19261859068
6863.95032752184,8141.46866299089
2502.89161892399,8092.82902426687
7095.58505699256,7177.11722446104
8535.32017729157,7294.17111603888
7399.22195441543,9373.8539373235
1402.06251639088,4227.78726152146
7078.60879953253,8022.03860816414
7349.10006840695,7493.44412845743
7949.71250776838,8206.32070591321
1202.7984444575,3711.25909112216
901.987947064811,9235.3554379538
1274.49496821357,3392.28175144096
1279.50430311212,9131.54087997328
1231.62785667281,7967.06380074575
7216.28508873447,8426.77237753184
1185.6085652982,8853.07470868115
1405.69785141693,8798.82967604846
6610.82914577406,7728.52583807343
6384.29023402216,8108.73555612846
1966.05086272415,8590.28729520733
1344.76972417233,8862.31436487241
1547.44570936263,8685.31968377537
7292.96167549078,7861.50442268945
1024.21494565147,3182.37694263803
1158.37388418258,3411.88313325153
8293.57773289207,7083.15495076655
1211.52436592192,3693.00993590472
2951.27198909866,8544.85245711248
5957.623951349,8110.1487058623
1721.9672359614,8722.73716466354
1710.30205878082,4249.79245140748
1785.70484311342,3602.0439426424
1741.25601043677,3713.45143231376
1146.82241489468,3215.51132936083
2139.07965038993,3689.75436104926
1311.7887950249,3846.32678280866
1290.74988369777,3635.3561620377
1557.33345708423,3944.23302329935
1708.50876849552,3976.42497667539
9256.85627435743,7695.25150790355
1331.78966421557,3360.55006304413
1015.51923078352,3417.9438433396
7075.16851313449,8098.94965666619
6709.84132807802,7584.18306881961
1443.84541866865,3789.86641541395
1636.64879048128,8975.77402034195
1518.56391220354,8779.09213703564
1570.48211154902,9110.25587236063
8115.38755164427,6798.02986434313
1196.99541150238,4858.31968040223
7265.98935397368,6293.77445867569
2312.1640904145,9277.34435689189
1761.84882412776,9553.91939203964
2143.90881953896,8722.81263647663
1128.33909481211,9239.16603460429
1382.27193096858,3885.5276957234
1646.55776341516,8818.83656760219
1071.15601007476,3140.3877713317
7080.66231511269,7631.06840976403
1969.42565224065,9527.29626195746
8702.63782113473,4222.17958169831
1134.06579263896,8075.65229777382
1084.4210077059,9412.21404853044
7101.63003916758,7700.58653257058
7191.90566478122,6313.80907790649
1529.50073162795,9196.03262354964
1735.5823249654,8770.39350061751
7221.09157941302,7258.66933131654
6777.49293731489,8060.03920097242
1106.13269103866,9173.16252300109
2535.76501192172,3039.17999538649
8083.57748560526,7912.77537758285
1959.50091498352,7211.02977483589
1024.01793641242,9069.59643398161
8182.11231140627,8688.98130731801
1714.88860571365,8463.67450486977
6751.53429142463,7025.15876215107
7005.09841827245,7901.58818936337
876.174484010336,3514.34960180049
7615.75049535269,7221.6931666799
7354.57817538363,7177.42825468605
1929.78083558827,9451.41791996746
1569.45495688228,7717.91856769937
9389.98060804895,7407.00705614589
1086.66673055009,7222.23617166995
819.574021950445,3410.37286699987
1034.05465508113,2915.25144747748
7048.26802058838,7927.53123064778
2241.74157111722,8825.05608263379
968.827919669751,2909.08218460872
7952.5400957731,7291.70315104301
1167.1586223977,3860.22968411432
2039.68015518915,7992.40639290977
1206.68605729208,9137.05884475509
6852.27160083124,7913.87506904137
7205.41972637198,6566.21642747976
6422.29481525637,7207.74743535993
3312.98063493375,8870.53906503042
7186.51986981425,7342.27523093877
5165.37195719176,3937.31491666984
1692.59820479104,3517.60082445968
1283.90891013058,8710.67291302024
1017.25063288824,3199.55579000582
6436.50755270251,8229.71491072592
1422.33172267632,3666.18226872512
1552.44166385054,3809.76564454186
1872.5873169224,8273.75777080458
7706.46216747042,8122.19136783105
1627.55118394225,8989.17103999821
2268.56941299734,8494.55078812309
7442.48156326835,7852.31038862983
8064.36563412159,7998.43575270002
7630.53965847959,7835.06031921986
8078.61994318138,7177.62965692724
1551.88223491744,9161.05566450543
8780.74168311287,6032.04078793565
7500.19184887601,7678.02347603152
7926.40527509113,5450.625547715
1575.21786348132,8694.38528785995
6440.4265250973,4166.50606241823
8183.53896316497,8038.44770979026
1212.30294922704,8678.6590727281
7771.41053103412,7837.70194955467
1162.82076904431,3278.26648588225
1717.8805949562,3838.68505717407
1413.34562375384,3626.24874448528
3921.23768606894,8485.69195581433
2245.80323650987,9223.09618806208
6511.2004768551,7593.69332776292
2094.83239688991,8784.51027642814
1153.64551401408,3537.96363658758
1211.96148055118,9302.34376266042
8794.22525534915,7294.38094294457
1338.95843548571,3099.87592818822
1180.15410348048,9120.25073056405
1790.81024674733,4378.48449018611
843.946566290695,3118.895290751
1166.61969702378,9043.41800224495
8318.61280511395,6800.46137415457
2230.97768715436,4041.81462964322
6904.61055873774,8022.02497188952
1555.67174536937,3445.08074414652
6281.87341065839,6848.45401912167
7218.80411539365,7496.06630208178
8313.90987152001,7524.68640050916
1468.17754143113,3786.6397577941
7300.60545196762,8413.50854918909
6573.93087110686,8015.0780873427
1805.78747043489,8995.26285103388
8592.54940035156,7602.65257185345
7527.17241321356,7489.50379974648
7190.35821463074,7808.32613886404
6496.835515737,7144.85059434207
8428.13717373555,7534.87932514321
862.473395012691,3143.35970582832
6316.39524329139,6912.86262937636
1136.50766682415,8980.32111340971
7276.91526710375,8240.14258031889
1662.39502698543,8971.943769348
1494.15482394025,8906.0562060717
884.688582969953,8986.16734408425
7834.39851886467,7933.88127781513
1782.88757119887,3771.54484766347
7611.35931431433,8009.37971838407
887.930442251566,7169.68731270622
1278.94310205365,9019.14580330952
2114.02980944678,8353.95974716948
888.627932523919,3329.81228634596
8198.92735839652,8079.53778984131
607.097058730808,4570.57218360473
1021.65726317958,8465.64798874194
1338.51131664916,8786.34306688029
967.118644951736,3327.18932315369
1735.51830865407,8954.58662230786
8040.34804337472,7971.95397907928
6965.92118698873,7357.30005852328
978.562857381568,3219.52206890624
1978.16761151133,8849.4708076041
1556.36314074925,8793.53250398904
1894.43701938808,7095.29301046956
1450.32940727447,9122.04131844754
1719.69646450164,8602.47220053441
1321.37936904471,3623.03741922782
1785.02556390535,3666.67033363586
1613.03786556158,3710.0888101064
1656.6488075011,8904.2130912017
4675.8199025454,3951.35616909832
7322.87788110836,7958.29665690118
1824.84739004114,3522.93795512875
1124.67827261677,9303.7058951699
5094.19584331423,7983.92364393477
1067.95167040366,3593.19088245435
1872.19232273604,3809.36863932941
7870.07286310382,5363.02383484766
1240.73144319552,3205.38458800339
1433.01772124468,9178.48403429381
4838.92651358224,4234.26385717583
1225.0910425046,3573.54492958784
8049.52177081212,8030.76271529678
1611.33398797238,3655.09762017399
8029.26589111823,7983.78509441808
1435.91079498467,3492.78462532242
875.783785133698,8770.61881040363
937.907042933928,8977.73748360646
7705.36055032836,7608.56661728957
900.117888160048,3313.5401980602
2130.62316279654,8539.70448087788
2120.7631078552,8903.92181509847
8802.15875068617,7962.81363914546
2456.6768592555,3573.1678111453
1453.14338792436,3601.15717284557
828.212464919208,6012.95535391685
7134.11575815116,8149.96382479906
1398.96320727752,8896.78234258402
795.786690875994,3357.47096291203
7385.85022757447,7281.14453302882
6868.09748453545,7621.19754913763
925.440120819305,3455.25863543356
6864.04172260125,8202.69989677507
6828.07096770049,7901.81676164022
7618.4371414862,7670.82702639291
928.239744939736,2958.77347705657
7492.02264602357,7125.3808753122
7017.31845217468,7277.07951866573
8227.90203677823,6841.61560795693
1460.6608213253,3628.14817082423
1122.39948050205,3464.44006138801
2153.43900908134,9368.39665731481
8346.65593458933,7346.63420932239
1685.04948198326,9112.27499919885
1731.14275522683,8731.30497838233
6998.42622140261,6960.99401781527
1973.37706480808,8984.96161744932
4178.09262747431,6525.68871376698
7587.54990407354,8084.26158221514
2745.30151198999,8740.57782346828
1304.16872319696,3486.15374822641
1577.74854039637,3852.84179465002
987.892943685981,7550.89453781598
7627.5635915429,7460.02657418215
1323.14951043598,3223.50406038289
9066.7454019119,7706.03316036009
6012.86356631494,6770.20746779035
8645.84132580538,7580.60734788559
1505.76063488467,7452.85139698501
1938.78207809017,8744.86907348007
1662.22524848863,3576.37975988102
1813.78500463826,3497.43381597919
1100.9050880904,3198.90551207427
7852.58927080526,7350.85069161566
1858.21920021316,7528.85927478797
7833.05058991606,7297.93508241111
930.225481634221,3455.33290367816
2293.85669331709,9291.22363024889
8141.53723775741,7869.3518393375
4196.71203192725,3820.38550095016
8180.32571801349,8122.81534893331
1621.09924343814,9508.01138114818
1254.61111546508,3341.64747018139
1563.64156869458,3594.03778105713
805.156266669217,9048.97070229661
7691.7806390486,7903.20106897209
1966.80718723302,9239.33568326384
6904.47691462369,7935.95955091457
7618.64943285095,8018.40661758517
1590.17478075338,9024.12275683216
1621.96490039473,8997.06410914439
1268.57753493471,3705.71530506403
4485.05679023459,4276.9063173481
1474.10578491115,9226.221623265
6937.76194084232,9277.10842885085
6557.92849544926,7653.65791482921
8127.58439889998,8071.44909936701
1641.22907353031,9281.67403538007
1641.5141179517,9022.74654468534
7576.62242687629,7744.03517240695
809.178860830813,3378.02681731411
1555.84405195378,8821.9492411321
1747.35506014125,3604.67734874059
1288.71046638769,8991.45484746551
6750.9420304609,7981.52787564319
1020.63007187693,2915.13185409118
1921.35593434067,9217.05748157046
8611.47382883531,8157.52759383043
1141.03097479187,9057.13896501006
6603.78068853226,7495.80924083614
6399.47301901951,7562.09047257256
1171.36480366125,3738.11562341156
7401.50306190188,5902.5101903417
1772.83230003975,8368.18802440537
5550.10340664003,7786.11710442894
5352.95233755747,9286.87649579635
8068.31694959342,8472.78590418891
1156.97157950327,3388.43371751786
7674.76295269732,7998.22228037799
6575.12713746558,7610.19822987016
6141.83331865369,7278.44936087006
3863.45909419032,8709.22271950779
1439.21880061958,7582.42012500036
7675.14342319798,7875.35624492849
2357.70746939083,9820.47999391977
1187.03368931308,8972.61644047867
1201.80509302778,3682.75898298633
1372.37504464759,9014.38342706892
7659.15673197721,8050.44326061439
6725.13722886646,4425.44773046851
1252.30312259739,8802.4480799239
2025.74302806075,9316.32685434856
1672.48933514782,9162.95404611552
1042.89771202492,9269.11207867436
8024.92026686118,7616.52520461044
1130.91380777128,3311.05138228719
6648.77821368031,7312.18150117972
1344.37067895707,3854.94542934705
1102.0706995777,8730.56899395055
6433.04364707497,8749.07161851581
1550.28123915763,3332.61860894837
2220.31589118812,8420.66488615484
7328.99567621168,7010.05206145331
1338.56232734189,3489.86247757347
965.591595565974,9026.22026647324
7495.4298390981,8009.53021889285
1434.81576926139,4089.53148826188
7830.75095384429,7691.91738731874
1551.45076561825,8946.56519272099
8135.13800998749,7497.81106139467
1328.44885242646,8589.42429978561
7305.80923307788,6325.12137846244
830.380051560062,3339.76797187075
7679.58674679019,7292.43684054556
6969.59267882779,8165.37914109938
1517.55410114449,4010.5385620854
7967.30684100499,7580.43717272744
1678.46621123674,3771.042920034
1923.55507208207,8252.90847367967
1854.51278515886,9314.55187327221
1168.40855753524,3414.41050873602
1783.20065202326,8946.87080888232
186.471635263644,2932.83447502264
5657.42713252992,9229.56046407675
7437.1788813698,8192.3034123606
1266.09270446895,3279.44264680015
1145.48637083703,9043.06791537567
7961.05002636988,8074.76015766637
7890.02897448033,7133.21690239057
8037.86727279322,7825.96755825225
7785.8454943172,6970.75257632321
2215.62111461731,3856.68598138981
982.63525009122,8931.7174447103
8049.01850262434,7934.9029765606
7075.00964060281,7574.7258251427
1359.37695669888,3744.42699601256
1621.57881263771,3782.8509386303
2166.10800203436,3554.94947928139
8764.99743130481,7043.41116872031
7623.80887271323,7248.30936546498
7031.85181609602,7114.09617042301
2167.60942361591,8645.58997011819
1036.54282376643,9254.85273062766
1484.01546035034,3672.48905848174
7929.26040749148,7209.52227306455
1428.90121586041,9058.59602901596
8990.18207117409,7572.3179426852
1348.90013836086,3520.27671592507
6640.56022393947,8175.79037736808
1854.90237556137,8771.57868067833
4644.53640531158,8642.04804089704
7286.42138202437,5598.38681483513
1289.13142807969,8924.33538096389
1431.1730794222,3807.44530102462
1355.17643630872,3758.58800568564
1665.94462519986,9071.8822273811
7549.11231793593,6987.28805767072
1834.15659209407,8826.52605461496
1535.84479030394,9050.86189945035
1250.30760902963,9136.82145680631
8727.76088396612,7466.95938691382
2148.59243933677,4175.37193388729
7418.88804189421,8285.03065379085
1841.78158993051,3739.1408692249
7274.167417074,6443.7258774867
1542.96084588271,3746.75746843368
1752.73615632828,9136.80582003113
7187.48030558925,8215.56842134849
1713.36642922472,8447.6139411194
6968.06243662006,8027.22660797208
7666.01088418462,7479.40916289734
1337.43052746828,4124.23678083848
1380.71164913566,9323.65193465129
2198.52963347949,9198.9959783331
7210.07807230027,6239.96553820732
1146.39723672345,3560.53744160051
8615.11208588357,7536.92443498122
1942.83775796552,8979.95236650294
6665.73807257422,7666.76542737913
7193.46735073666,7302.11267768603
1087.43636617973,9184.10866301755
7122.42319693021,6740.24062773238
3221.91397978444,4337.82685548905
6801.56572171996,6208.49756058999
1141.09180733413,3343.85676537121
1703.24848888874,3358.65086288018
763.736620701329,3579.06632638317
3096.6316769871,3333.19839210657
1476.57129129704,9364.89249873572
6805.54201051081,7974.98718836849
5270.68530450029,9066.69003878914
1886.63968841424,9014.17639781297
1289.48399752514,3417.97138354678
1249.6607616037,9274.9330013048
1511.80150427933,3420.15525691535
7362.08925551469,5044.07700392671
2265.05022616363,3519.50812416354
1007.54299096781,7959.21043015353
1642.3807921855,9177.17935964343
8408.43695890638,8212.02167021608
1931.45840119476,8631.30137406804
1314.4749425226,3587.29124962588
6953.20731536091,9369.1046703302
1620.86640867932,8811.4524972353
8232.37411862498,6681.8507839305
7053.16984015395,6586.67385264519
8723.86778308332,6903.96692496039
7548.7275785306,7446.85289657806
8456.36777516226,7332.66114798019
8452.96616406194,8526.91139003331
1781.83967933854,3739.23778268335
6512.71536976041,7612.73446028327
8071.08912077921,7463.30992535434
1680.16206297678,8787.6332291089
989.095779252967,3237.90460893559
1677.23281430161,3864.92619509194
7995.92303799802,8010.8879279322
2201.34352615225,9358.35126389659
9109.27170447099,7698.8413433839
1339.80549337307,3695.97938466553
8220.55143506396,6980.25516152399
1788.27992632628,3637.42965458648
1753.8429601643,8432.22298265188
7528.15512274941,7418.95233343963
8084.42010783724,6898.38869963241
7256.82159461794,7422.35123368529
1204.85877267914,3461.78708968712
1620.51286271381,8289.45820651835
8238.62742252218,6845.40605422314
1622.84727768022,4014.97655182666
7584.74126190435,7774.78536330121
1620.57567318901,8917.42364210488
1970.94288847212,6313.34611922396
7362.46268804498,7993.57087487714
1575.73696735374,4012.80563597246
1017.06537757939,3194.01806569586
1012.96444074912,9190.89047629122
7491.88990478731,7300.61951547233
1633.49548330291,9368.11672328214
1934.62538112829,8456.72461573766
1977.75579033273,7771.09198751703
996.303243979376,3532.31385596822
7096.04031358541,7608.00799547101
1680.24536801136,8256.0450491918
2012.64393716598,8518.59914609482
3299.29618742641,9134.53150935802
1485.41244380259,3978.58270849577
7131.46088470894,7360.77687532541
8102.38955605486,8226.5179881941
1151.20981375309,3416.60909194523
7131.9504698785,7755.47512407946
1665.64300794954,8710.47442616299
2005.14837960157,9103.03761870017
1996.04714417273,9034.92761220402
7089.84961856913,7829.14585376132
1172.62612439011,3817.04932831637
1076.85988516938,9064.16343501904
7546.36080993466,5949.10802917567
6897.49704810334,8088.39204214414
2164.37087243043,7361.46615562215
838.818952105519,3437.18206975043
1974.27823327143,9089.46686387684
1506.31019948828,9077.36253350759
1291.12136356872,8984.48009067548
1774.9260134106,8959.01545436468
7604.5304263114,7965.03989848554
3555.53049072805,3517.09436383202
1853.41476282048,9148.78782229811
1604.7913980075,9082.25446377546
1024.98188999415,4151.33650074325
1116.49925557573,3562.92547237121
5762.37495082181,7652.93340614631
1395.61446453321,3708.10773462131
857.568665023113,3196.57068019889
7741.09140754228,7823.76603404421
1202.32879736071,9218.29907506405
2451.86848155985,8413.42858884521
7598.06264827339,7592.34445122284
1022.25487931099,8381.80975406872
7167.73398783714,7395.28881071617
7809.40934750108,7555.25369977348
2120.46913866169,8870.53770141428
1228.1893105904,9278.31058914923
1521.14401046789,9209.89903149734
1124.96501793943,3520.8848409264
7616.74492401278,8090.67447268793
1280.81431749061,8594.91040659301
942.282011369643,3542.73915519819
1809.75409680157,9221.73799332721
7174.24533698393,7543.33128768646
1704.307958235,3932.22033550854
7626.7760132023,7392.23565065453
1766.39330124806,8835.49401714539
7667.05846031606,7377.55440441225
1667.3240025162,3499.06311085443
6473.86944636624,7783.48428891226
909.383278583659,8997.64505125571
1526.99738655177,9145.34004550124
1871.10772189577,8820.27925041689
7245.31137104246,7977.67740625069
1302.96060043379,8817.92564861144
1091.42101132138,3023.5600608681
1393.13744559753,3414.75399046946
1837.43800442877,8720.89597794083
959.139826173262,3266.33697565659
1190.61622990694,3448.78384379004
7079.61416912455,7259.03846324344
1493.52352216941,9191.86274100758
1080.0189148194,8736.90323918179
1408.94635605317,8306.6935509937
1607.5689488396,4211.12226342726
1679.93603437677,8823.95529729992
8123.26877201646,7623.25961971078
1285.15135302114,8921.078024322
632.357870725298,3341.41995226815
1295.13661097277,3413.55690861487
6967.30805175167,6812.79272046081
7807.46081716286,6242.89071028223
1743.75404752997,3851.20747001132
3819.91969897333,6273.29710602328
1121.92967194987,3169.99592220537
1295.47087409762,9367.15264562126
7522.17522473761,4814.35862430411
1497.43755642667,8833.06978889168
1040.47124502277,3276.12632176881
1392.25266573796,3556.8444592794
7624.90002904432,7546.13977886791
1123.78482266072,3603.60964171889
8194.64684947164,7254.55169762461
1158.64217865688,9244.63865010458
7772.32928870933,5690.95387719919
1334.93629036913,3459.78425062829
1624.71359088,9293.97842405641
1196.24774493536,8673.9473341765
1885.59908660298,8798.87671397502
1102.46055039863,8556.65749990751
1559.20198444007,3633.65320414575
7521.91053417544,7337.72528334116
7396.6537852344,7196.07680841343
2498.20446887676,8027.90478358157
7617.22494856755,8541.52221124392
1763.42894035971,4983.74371516294
1120.4504683168,3839.68213245376
7708.12291927401,7959.60721981233
7611.16463160506,7778.92953926953
1504.06405387139,3669.62454140466
8809.86373796918,7514.63584188325
1506.05980109906,8751.65619224048
1387.81757896144,8306.74511809901
1480.33195540845,8967.28915166571
6938.85672773601,7027.70507005513
6367.87329678129,6979.12791775121
7072.70873418907,7142.22909188232
6774.76322321543,6115.32474898108
6762.76338404283,8777.0918191618
8356.5610795725,5943.09314873186
1543.76459503384,9056.92399024898
7425.46763352583,8009.7764499103
8347.56103827515,8275.3351589616
1561.53081409105,3496.02211043593
7270.79255167254,8325.25845557361
7410.02715272852,6264.94906519231
2484.49160551338,8864.63846568676
1640.56772909067,8971.09625101347
5911.4210428524,8179.70835082114
7108.56714858512,8546.74231546878
1287.83180799924,3403.21260567258
1397.63185638116,9298.71367378384
7646.27001227186,7186.73586207557
785.031017560072,9091.07911350716
927.230744179486,3641.82419645665
1678.67986662774,8196.7216175736
7234.7430043309,7562.43954500365
1139.88491627801,3531.94239627066
1603.43818980406,8904.67280426724
7558.41984955384,7992.52899941394
908.024207907564,8329.16422781251
7904.44288126868,7331.47016258695
1137.60293154748,4242.38739399371
858.932257326796,4075.11560236267
4723.7465002006,1346.85182503336
8833.43305935502,7937.97241129709
7677.05505531919,6152.26954173953
1845.42394921274,8913.87628180599
8096.678734941,7205.79187236893
8573.31951576236,7029.89959968189
1789.85820655904,4003.88338100978
4457.38850935495,8584.11463935987
1167.66116813195,8723.79924761635
1284.06851922187,7975.39032608886
9277.49435178075,7535.46524605084
1585.0989007298,9002.12546646927
2064.67517389033,3490.44549727565
7365.6433542655,7844.6514363761
8624.32594916817,7514.8865673821
1393.97866737807,3593.74091495169
7919.49696294339,8330.49306616945
7660.09871154538,8288.5175178564
2098.54571241783,4627.34834504243
6704.87895391495,8190.89351915532
1922.50648944111,3676.22931898342
6791.31132362767,6747.54749831882
1055.54114719059,3515.08399648989
1468.75814154614,8874.80193188864
1130.74196792329,8977.77280832596
7748.19062774292,7122.21439547809
6784.44289771685,7814.04131967856
1578.85133646292,3708.93927609875
1426.13059193974,3265.53957845505
7411.53193496253,7781.25192757279
1790.48150416659,7401.19834435776
1250.35050037934,3601.74035708465
8082.14216534582,7210.45666249896
2010.1698470887,7564.49604061531
7373.18309518379,8273.00041372246
3608.57912580037,4029.49949109317
7552.35446975517,8591.69779837628
6908.03425866557,7947.63102255075
6539.08702191873,7187.55311984984
8636.9596581392,6969.95951564069
3592.56222956353,8352.02325179277
1900.64513189287,8975.38976541052
8768.88037739615,7410.6450966427
1154.05955061811,3849.56149172047
1196.74978194705,8770.97046829048
1383.08491594967,8875.4394299165
1614.45808838607,9420.22418123326
1624.51891929372,4016.34220388322
1679.55003031211,3435.89395120577
7492.64067342788,8178.59775712241
1591.02759699607,3731.40175194069
1042.19865517323,8843.71746537953
7648.49233940586,7874.18836893473
7387.58869745505,7515.78751452641
6451.390187868,6949.56504108648
1763.922646397,8915.65799209719
732.088142216049,3376.16182481821
7611.56800181859,7780.62592561451
845.905069900586,3517.20659631435
7632.21420815994,8005.23927653488
6845.00672647517,7414.79619426472
2032.69816743033,3755.22181319669
2489.91940479691,7667.63935669088
7744.98914725138,7963.29306967
6627.98238871772,7803.64202411343
2039.49996127422,8218.60457874111
6897.45746709444,6093.28778582538
1305.96641635809,3399.53078829771
7293.23153422993,7247.45402113158
2015.54702088956,3728.75811798802
7079.14453170987,6852.43293505762
1378.59236826236,3656.97177919978
3414.29716356877,7735.25846991072
1587.43672672745,8402.01991369176
1601.84379074301,9212.67605495085
6596.10104127369,7187.70286437926
6586.6684744177,7105.22117006854
8373.22720033489,6830.5983096481
8024.99797511858,7533.66999673861
7701.11028358161,7900.59340450108
1832.53592199811,3707.74719216696
1260.26409563769,3454.45594974348
1535.31232639942,8872.54664932907
7712.91274095636,7840.40269216756
1501.3764471925,8803.56537819616
6583.99221978163,7536.20508661148
7366.09494801634,7510.83310539714
8526.49614590162,7062.26955061554
967.196861315169,3261.45974572107
8268.87506031397,7241.6108721788
1260.19390031066,3548.30319107201
1511.15716873516,3232.37562210706
824.214720806496,3090.40122209235
972.365634007797,9193.42476300157
8065.48649127914,8063.22442986679
7422.3483828738,7701.29930341313
2152.71382746646,8846.96790922198
1136.85332087072,9251.44747513942
1113.02816381207,8783.13135037624
1165.8140055129,9194.07325917005
1577.50025939573,8409.11964346528
950.058360457993,3282.02370278715
1084.01906325175,3748.46823807434
7166.64843176002,7789.59948843223
939.527669846016,3388.59833354848
2104.68662497693,3708.21338351344
725.97200610323,8920.75950581602
8302.69394914373,7366.36450180012
1513.06661065265,3645.19452949357
1084.50325167059,3415.51528479486
3056.19799426412,7971.93311329967
1595.49838372111,3677.11336760864
7108.77962684166,7345.36181360256
8130.57212645677,8148.40497651061
1568.5057157295,8890.93347272815
7875.85667059991,8057.3629702291
7365.88204598353,7283.08695505135
1287.67337169104,3482.46021067234
8220.77918122663,8309.9521433315
7622.60338275048,7026.62882017158
8454.09554159331,7572.70359810156
3956.03928797456,7472.66467877513
6470.82678103813,8196.84657073031
7767.3501690532,7429.56776244532
1139.22638689874,8954.97759504056
7760.1284781938,7085.08455484186
1789.58834375729,9272.63984949566
7431.33362590195,6843.89828933884
1132.70041971092,3583.54267447422
1152.55718412555,3158.39357109633
1326.56129478655,3456.8467530365
1858.28100073769,8879.0012969509
914.540592117466,3422.29315951372
1840.49666247162,9064.27344780742
1435.31672853121,9293.33875698619
7058.83831623157,8025.10942818416
1462.34985954048,9198.21139520889
7273.77392891627,6213.47962627295
946.074960590071,3088.31034970382
1670.61601103225,4144.87031390946
7069.88784480608,7454.5396449384
1787.30006020866,9181.08305967248
7813.10086258463,7726.23995854295
1423.87686613404,8129.44760835576
1663.31795773745,9367.97012510161
7152.60748692423,7463.66029678666
8167.81583036266,6398.93403149182
2039.70018524004,9498.77367027298
1714.62943263271,3958.83408271197
7384.88294964907,8171.38882297189
7655.88623109754,6896.33118125546
2705.79358356445,9248.5468304309
8804.23488208449,8178.18922317125
1907.45223186477,9087.42888608597
7108.61986495367,7719.44762123035
1730.9840066347,9694.06661645091
7505.76094680601,7279.22180638252
7389.95125855223,7779.31537049653
6691.17692006046,7463.23879195792
3033.54840632205,8903.67520298364
1428.82532682115,3664.33049291796
1549.07412535134,9251.43183166138
7670.42970918073,8330.49419218723
1747.93263805022,8816.45202176811
633.286557911875,8820.89835972457
1609.21698841649,4039.23452549843
8728.39896658059,7382.55128701582
1207.12599999066,3745.15159337248
1671.25447346639,3777.94619284537
1155.90666684281,9107.21128621825
1503.18014602725,3857.02676861901
1197.74300184746,9090.28974265651
750.528068970056,3104.24141813936
7639.20400051151,7483.24433294931
7286.2045136603,7907.97249965025
7898.27122865507,5405.13687703436
6636.13627526511,8069.22633062074
7680.75001365512,7295.65916502013
1328.12809634272,6199.78940166906
8082.46230880612,8105.13553484405
1272.04821122005,7427.89842175613
1996.99547406905,9048.72278020185
1533.97360486353,9167.91911528952
1338.1078646266,9065.86418542675
1285.43408995075,3526.65369071454
1516.28484743102,3418.21162577865
7499.71311419214,6562.15017040661
2132.68402261767,8223.33136928274
1417.71606008122,3653.71703672061
7591.55066221296,7562.6261156194
7005.61980211623,7392.77950335646
1295.52404053695,9005.69251360847
7593.81329982152,8184.61900112085
1677.11542209158,3589.05914047844
1346.95324032144,4201.64751587415
1044.80937738564,9006.87699636006
7997.92027529817,7737.06165445685
1012.36413240001,3317.96144568437
7835.83572700065,4558.57481199055
1452.4261783056,4119.67712032044
728.163059432715,3235.25570744441
1880.42244508227,8596.75201674583
1405.030210581,8571.03121514666
7144.22347945178,6705.70943663279
2103.7117373331,8631.73597778408
8650.8596272146,7257.521093405
1089.09309990887,3665.04763351293
4721.08834192329,4073.7360087241
7976.12905671311,6090.75334489899
1139.24957950487,3980.46865792646
7048.14215742518,6975.89122824928
7188.896218238,7957.5814107627
1860.05718565577,9086.20001300591
1758.45764961769,3858.95224312012
1274.5477405189,8903.38351177489
735.147955640388,3226.77104075789
1814.74591633868,4325.84508313334
1642.03656265969,7815.75493537727
1454.33526461242,8600.01101799003
7462.79429783432,8038.85483501833
1326.45638964474,3670.49220337705
593.754243745679,8461.01666619488
7572.70679589036,7944.42221745814
8133.27440164085,7204.93405246243
7771.39574286234,7844.10966660665
8939.23496668633,7809.03621533482
1344.69324884643,3777.4655319011
1078.21976042275,3452.62710090145
2673.91063940634,8251.5600656007
1165.26803048802,9003.847795544
3260.11495351712,3845.44872302636
1096.82558261025,3389.82353092948
1686.42484642598,8881.15140788025
1439.98816045597,9071.38984979417
7650.21070880516,7770.12283131838
7899.56222431451,6884.51644296087
7394.12304489564,8776.91333096264
6812.78362401488,8082.79864248754
1169.51438363569,3415.57463571823
981.971271441002,9248.36328111326
7814.97899664178,6304.37111325998
7840.47614476803,7749.61376875262
7336.68557414827,7178.85653316612
7164.32822689462,8247.0288303488
7962.73586121963,7397.78496949926
1027.5983134423,3374.02050813466
7900.97017449821,7773.70359016496
2408.63597694502,9253.60363842682
1424.72994858263,3904.64562310643
1219.49743449176,3641.14389354802
945.62703675057,3345.10191385219
7543.95973254398,8276.21646542604
8335.31821497283,7626.67280819639
7461.50567887176,7164.9740384443
2111.87048796843,8377.37579291977
1220.22353211046,8675.37917284051
6456.59161840584,7726.90053072018
7337.65218445065,8106.62081019304
1847.73317962444,9209.27031441287
7312.549950283,7548.39435362294
5115.57378631187,9105.10729753591
1781.09917453074,9304.55698959911
1494.2351609206,9142.68198401626
7211.47653652983,7974.16017362136
6843.23188190345,6942.78766803987
1222.35668204454,9242.57593061232
1065.89473037812,8698.64967040071
1047.09997195686,8539.75746590251
8163.99764897348,6924.14364948282
2190.07632512409,5940.08005990932
738.83749844135,3162.79255206435
1563.18216130595,8915.93929925835
1224.98441268923,3463.1432526487
1172.91842923037,8996.18568905906
1969.10394899648,3556.40621469612
7199.04698627633,7006.96795799085
1671.82174161921,3695.30905079922
7235.02569632394,7043.5996096021
1485.82974939067,3930.12274552012
7460.54679980229,7406.08530683547
1651.82247878353,8806.77673590501
8851.17519678109,6225.28909910609
7624.7378514408,6952.70114625086
8607.97284846116,7035.29804882163
1088.84240936336,3424.756788418
1567.15690519888,8999.64060832424
6815.60597558471,7458.8508733377
7029.24082863839,7625.8745674598
7461.1140056041,7242.09079195352
1433.22965584733,3491.45953718868
1089.77277590133,3375.336451037
7800.28244934197,7470.21244725497
1180.68912356682,8897.00690333545
2737.92201796245,8909.96385395913
6747.42789195049,8195.72214406217
7644.21907594613,7454.58371191975
979.157816810574,9144.73557891063
1714.11844320834,3853.15676974363
7934.32660932827,6370.03339991573
7929.62786650328,8085.91538655021
1335.00807760089,3529.61300602623
8645.92728910728,9882.88131917409
6715.09598986721,7733.03522574691
1337.66181519207,8507.80639843873
1409.66798995996,3836.19571443973
1318.73606443028,8210.61406526302
1917.31642141311,8646.16452850074
8202.78097779463,7617.74182202416
1036.56551800582,3637.67344733035
714.851602428438,2793.93888922497
7131.22739939944,7912.21752640719
6888.03385336991,7186.18355171987
1066.72418735972,3163.2270004334
7632.36998865729,7839.84194060599
7041.53121261726,7509.74885061362
2091.09104754043,3833.36112893692
1305.74456894286,3306.0999783304
8195.11362689329,5844.12955789841
7523.1459024546,6872.8136864375
1000.31552197562,3768.10795605787
7833.92642551723,7754.49686955841
7332.5400605199,8145.65484965278
7264.18739475114,7394.34043485804
1138.89093072223,8932.54714677428
942.055293386668,3617.51640655712
1636.28508394091,9318.94553715647
1274.11474090427,8989.88858164925
7402.25161024759,8243.75977721939
8161.25624772392,7448.7473970707
1200.61352156085,4806.24856334809
1671.15454792787,7995.72024631633
7931.6635896833,7498.06818329494
8225.81350632839,5356.05237293803
7160.95638216398,8040.06726748306
7147.12567898648,7333.76587369214
6866.63875272465,5836.34008590836
6568.95475786115,7475.36807458231
1561.09570729694,9305.09774088276
1275.76184656789,9392.66058165094
1692.05717822464,8135.52895383732
1708.64886417567,9173.84976062207
1547.25959420008,3426.33233210807
1960.43783277926,9176.05250711273
1655.18571514825,9066.45993696056
7443.64111545862,7711.68936119666
848.654836770879,3250.93712618399
947.564224170647,3121.8433098372
1696.36907128256,7623.38604310386
7008.24727412374,7612.00061138974
1674.94463361285,3349.49018419389
1106.34332865097,9174.68610602643
1472.25877000662,3781.68334428186
6440.75775206934,7757.16818180269
2016.57644789929,8653.1967194409
6153.85195210697,6778.58181896713
1442.52171395487,9105.72842044342
1531.60908809271,8938.34878941905
975.242729890252,8905.71672848518
1382.49827030322,9407.08256427305
1091.82419608559,9127.6925026215
1037.40485917423,3430.04514096018
963.295917540743,3123.75746601117
2226.82709325953,8949.77240298503
1418.35789921575,3400.89845866794
1589.53504041996,7951.01195544276
1483.70233984942,3237.96766336075
1462.68384977984,8824.09183777643
7934.89516311244,6825.38905221981
1585.2533799263,8608.40670284493
1715.93857773841,9005.24570467397
6114.41480768547,7451.81191788112
1100.67472923202,9354.84841018037
7711.34274693023,8473.29154508424
7651.02853562011,8427.23900213663
1075.21138751722,8570.09553143952
1463.62037783114,8951.78521440224
7412.22781126383,7754.18469707262
7751.67358585126,7759.99884996445
1954.09841257459,8259.13174556356
8527.50562797945,6618.936439315
1872.80640581376,3674.15089297595
1661.45855485142,8971.5648954021
1396.60677633784,3350.00702657698
1193.8698700636,8481.8499947361
1587.7582224886,3616.83473452818
6400.33269689053,8027.39288277308
1253.10770329379,9104.32165719683
1608.75738338342,3678.88625417847
795.084399940327,8304.25866509261
7172.72247097963,7103.17520292398
1757.31505024008,8703.22075090463
843.521157359003,3151.99553011414
7580.1255785279,7537.31970370337
1447.13727205837,8881.60814768449
7729.80338260011,7914.6085139765
8395.89026496115,7834.08557518394
4881.21505656623,9046.77418947156
7918.35883223721,7356.31675724693
1969.36306605637,9295.30022481571
990.126498302869,9076.6291466718
1759.32943832839,3616.17731574771
7343.38185386027,7525.47284769001
1468.98963900536,3730.24409944587
573.329451797107,3670.43259026598
7323.31833567718,7941.67714996936
1720.12789740295,8912.20654299757
1415.11216805135,5131.67995343957
1620.91229989943,4057.78472537665
7540.25229421037,7185.36940521632
1641.67482143824,3748.2155823548
1440.99883356312,3655.01815405218
1216.98004253328,3231.50242830907
2336.48004645094,4270.29564400463
7889.97116919343,6565.60534184734
1073.95689981872,3379.30394028556
7164.54933317235,5915.48869205179
1573.55289123731,8342.8049634387
7120.32015032004,7507.26656431265
1676.59837330346,9182.52214471386
6344.45190803089,7845.02225973903
1868.43693605752,8143.67270179808
7402.60542385209,7377.63907798927
8015.78410245393,7414.09897484981
1201.51388733144,8886.16864449751
1089.43781126745,2918.63105428681
1626.76156642917,3891.89815009512
7446.16559327462,7413.92854524913
7720.27819414273,7485.82726791294
7693.66108190283,7364.18123529231
7717.58997491859,7893.109292103
8046.07346991474,7462.90800344184
1446.86734458015,9314.70358180355
1548.67403819499,3786.48543985081
1080.04721125187,8781.62807713865
7684.99878579963,7457.67391444582
1938.81748467943,8886.21554315466
1682.63000995661,9096.61747569827
1389.84101439563,3733.67113629111
1585.36896413728,4010.98488914251
1279.18166227292,8778.6250311182
2130.3107133442,3272.1226362929
1553.53879603309,3785.16601733493
1258.20126345792,8213.93306038278
1559.39839744498,9047.22444724526
7403.55824232104,7825.72861150489
1887.90149883883,9246.65397838728
8787.43991699925,7215.3459916597
2875.87856471972,4223.63674852626
6092.56194819131,4467.84674693399
8404.14646078267,7695.83127431796
7142.25890593164,6881.60501686017
1885.75088701366,8421.05415393808
1342.87754996395,8967.95734035109
1481.63164335176,3659.2166730932
1777.55244472118,6401.49428314099
1136.39413186265,8955.89693735867
6844.44436451193,5410.90840026699
6913.23850235364,8158.3405235742
906.763828971606,3165.9991900453
1920.65290632603,8749.50319133033
9222.98034148995,7875.41764389028
4713.88268122673,2812.26236533775
1362.53800791336,8470.77415171988
7860.36027110148,6636.10882165685
7345.17847935563,7156.60039420728
8508.99740342153,8111.84000492022
2796.42924134146,5237.90329417451
1164.17036565511,8789.19968665311
2455.7715168798,8677.41162985421
1955.63209017812,8667.92449146368
1366.14465858836,8749.61109615186
1991.46217470647,7964.02562925828
1131.09190890458,9028.14399992915
1681.66267342306,3580.17252158715
1922.80688320065,9011.80264424497
7579.86860582325,8025.85916986659
1699.5854322708,8360.95052022648
7040.73324205117,7842.23338318712
1139.43446116529,3510.77387617114
6929.99425038317,7277.84718072299
1501.03851641132,9247.86213845557
1308.29406067151,9002.68448603913
2621.74506498458,9063.15655405355
1043.39111262479,3394.43390049934
1177.0320907577,8751.85270905475
6967.98122202021,6691.91808626049
7022.62560669762,7464.73678874111
1677.9762918582,3939.15924758556
7826.76103198376,6893.65304952711
2077.7479175271,9072.23322693574
1292.1814686004,7451.19977031199
1918.71369795203,9018.59172532558
8185.10927855114,7539.86400290643
8156.66629695203,7741.81909655582
945.876060409078,8206.87245605613
1509.4573811839,8938.79991355252
1653.54717196524,4244.88843130789
1529.70034675136,8140.86455316338
7460.48867928671,8183.26690361106
1582.38586501055,8787.67269713899
2296.3543251799,3941.96910784996
1751.82538273977,8986.30793548514
1532.63530455354,9726.63472058169
1931.36693565782,9100.34075032573
1539.44864578123,3681.43243623228
7237.04598461631,7673.18848161604
7643.7775652251,8259.46348790002
7846.94200804876,7956.2445117654
1757.38084521238,7924.11131318422
859.66688381019,3268.90112225927
7903.7990818646,8520.17035968104
1168.94965814164,8928.63661324074
1583.06219158369,9067.21556426593
1074.56374185717,9066.75973897652
1127.06888051036,4052.94667955907
1500.81348478345,9074.09764816693
7410.89147320125,6485.38441313556
3465.28252649123,3953.40504062527
7218.99387534376,5829.26820386713
8010.52438716043,6472.70016359371
6376.93392769534,7027.44482741266
1405.3702535393,3702.59540389579
1491.49173383972,3248.73727911172
1633.76930583127,8956.81853700538
737.310652410939,8890.54962147599
1987.87065012937,8693.34556581407
1351.29348685269,4151.02070618007
8153.07586462188,7421.77513420586
2252.7562786192,8528.56632916246
6739.15132658245,7166.08454025375
1726.12169455691,8378.49176111428
1849.59122917559,8585.35926817511
8092.78036928516,6273.67181176076
1723.38260395549,9094.37209062052
1140.07791028587,3758.14131808994
1648.75187324751,9180.66920230748
7428.34652987696,7181.90639246316
1910.44539075714,8940.8306319814
2612.29229709664,8736.49693591531
1721.52059811079,8281.80426057107
7921.57421069064,8480.39680084975
1124.2809714739,3245.24289454282
1491.59465986256,3392.07013716944
1299.16219626115,3704.06888442951
1026.48733582488,3247.93284027765
7243.17818333451,7472.2944895274
1374.71060420432,8945.07861015241
6642.38841824029,6966.03161159597
7432.18335889157,8193.61570198674
1518.95812442286,3634.96036746915
1384.32606298819,3719.2065864174
1047.74521509205,8970.54876377931
1467.84568145435,9384.08870311477
7619.36479814773,8282.20667716592
7966.35493443934,7975.96150609499
1201.04227182391,3677.49170144376
7865.33583215818,8167.51140228358
7135.3759064002,7600.74900334841
7944.50268699529,6663.78100055174
5945.46417119598,7384.83625467358
1850.14738971714,8870.71283888898
1675.67968705098,8943.03441477535
8238.92099166385,7963.72446459402
1218.3762553429,3534.84107146626
1664.54281581048,8931.42886694257
1726.98999491147,3962.75875600067
1384.16516500967,3281.61926819803
5071.60527529981,8934.83885503433
1506.60377505876,8813.01019870028
1568.62553540336,8778.63351951121
7032.41022411743,8141.85762875041
6472.6384636379,7933.07152741493
7911.68244698532,7989.30756212725
2526.72132562343,4389.64994525489
1116.34585986583,8819.83358355269
1580.60224649157,3318.85420224956
7301.64576704496,7693.55529743138
1229.18926336503,3349.51373603781
1393.44433649636,8801.20060748941
1693.37061124875,7830.83142221378
5265.14804219467,9659.67143603682
1501.66783828578,3647.44444626696
1576.13767527831,3998.97974523527
782.862005086714,3162.24603098302
7857.82508628563,8085.23237987898
7663.41671324534,7959.42781122382
2696.11560402926,8808.78042839115
7958.73797113603,7589.17606009806
1577.82511959033,7652.81797027396
7647.98378305017,7520.65789013601
1141.59272316954,3626.0302538142
7860.9300995301,7814.36500282214
6689.29612073863,7265.52796748366
6801.31318020968,7388.61997200742
977.800832639813,3505.34809850115
1073.8814004585,3143.86405099639
7082.48434663777,4138.58156102691
1289.90333568616,3387.98314122863
1526.41290756851,3453.00142116602
1130.03158620962,8884.42895042636
2256.77886932033,3424.46304767872
8764.24724562322,7477.51717055727
7006.08871285489,6748.90321009466
1548.61501073021,9040.31091199711
1318.17352003658,8650.55180947988
2989.87932284786,8894.64504152629
7979.32544960326,6642.47787372803
829.192613829502,3721.1391595971
7263.43189436875,7629.91037019683
8527.89068852534,6942.35998013483
8060.03326755975,5643.31383257533
1501.19784997163,8985.82140041493
1563.5301950105,9044.54561806481
2473.43173150534,8323.16723133028
7664.13495472601,6370.52448270663
7093.8062578514,7984.94950405769
7891.70705002724,8109.02143853627
1872.71091182444,8331.21012340863
1533.91794326346,3441.25743411124
1151.68198816974,3886.47989542354
8664.38539334188,7705.67995350648
783.784844910895,3510.40604703334
7468.25481162453,9241.0171370663
7379.57689927385,7885.81102471041
1353.34782054182,3433.74053709815
2014.78035473279,8892.67919840738
1071.73362594813,3398.72518018838
874.901510142951,3401.07403347658
8358.4279518824,7369.30471827066
1281.68803004935,3356.73389215554
1341.62339962432,3847.41076004408
1398.96882112525,9215.59188441392
1165.44404484449,3232.40232888104
7112.50908839053,7730.22867468889
1785.74559547406,8621.89142136666
1329.21906352577,9126.01186143234
7785.6730111395,7317.78945011766
8915.22104130913,9176.11607734658
2890.44405510605,8911.3227210859
8695.18606173839,7257.77200782148
1822.06666944281,8399.19520015919
1611.34465371404,3685.93054325316
1630.16572534332,3662.59322901495
1076.18778774941,9128.66603883179
1068.48375541193,3652.69145371808
1385.44227752578,8668.45829128739
5242.51188872271,8254.84134030155
1066.31749333443,8911.14686263002
7611.39002169907,6399.25423531569
3165.33841714554,8804.450938911
7615.13934977764,8057.43594631238
1600.42150889604,3861.11639927977
8346.97022015028,7581.37691085414
6510.00799158091,7366.51982018659
981.972854068582,8857.65526243342
8300.96552116951,6942.08068216246
2183.30400747934,9211.49387875266
7115.08813004119,7374.27572110165
2039.73101596544,8753.4568640756
7830.38391121453,6727.36414236199
2370.22629823092,3556.03530690077
3127.60550323172,8356.15054078581
1686.32236171239,9070.05382949149
8297.74885031668,8491.95421817894
1061.65586032809,4160.4627295047
8345.7471073046,8029.53783580217
7443.48112029642,6896.99313551624
9025.76506390774,7125.3491855527
854.340687896983,3503.06111911508
1549.43920774457,9086.36982982514
7722.47042610769,8041.5169471694
2146.813881717,3422.01326387122
7573.73339937941,7412.50966476162
2507.26365160694,8114.55078750067
1302.73417156453,9077.77685094805
8293.59033126896,7469.22169377022
8437.22105898897,5309.13471285062
1114.19994173174,3590.61142565289
1707.79553336343,9218.7444122647
7192.09219509856,7946.09065024916
8088.68968811594,7654.31415389125
7517.0923835351,7459.05791318052
1397.00798950326,9559.94966728978
1369.09872388336,4319.25134802848
5913.3305810748,5147.01083997655
627.172381392178,3394.88763282949
2629.60022726605,8312.43922584882
8812.50484938629,7084.77708852655
1458.17550424421,3255.44970737556
7265.23699889909,6946.33835466259
1709.37581458108,8755.77262815641
1491.83745367934,9260.42677838962
776.92722520833,3307.95658133536
7958.85325870157,6654.96985914738
1048.24475477376,8944.72247262569
2249.27116271566,3684.04065426171
1947.62871746119,9524.75270946284
1201.1642813291,3553.26469704022
1587.96967650137,8358.96310468797
1134.67506875229,3328.32761963411
1470.24262543825,8273.23452907365
7833.72107804764,7421.78081623046
3013.82350103399,2897.62516334255
8609.58758110819,7412.9476699486
1759.70706710133,5213.1159113658
8686.19954561517,7441.90469785405
1795.96907368379,3598.01109343516
728.758400638866,3300.4111827663
2089.44973397015,9412.46162003337
853.590215369138,8372.63319611344
6643.50381301385,8133.04195190527
1902.53209909797,9581.07352745451
491.438346517372,3378.5023528497
1570.62893393896,9426.48905789335
8167.50301746616,7130.62034226786
7684.09651658124,7415.96833233782
2026.79109191822,9038.68246420478
1760.50316009942,8771.48811249132
7787.66476752177,8041.8522421775
6353.29886536578,7371.50649261913
7367.19563090043,7466.8906329296
7086.48981601571,7042.58325891356
1317.98793630546,3565.48107561746
7569.17915301213,7191.54442200861
1098.30098723316,6141.63768390504
1208.30816029655,9135.53824419475
7498.43498132092,7841.39703606743
1171.89035314608,3541.69816867975
7555.84341289034,8065.86903709867
1464.6049509114,3785.21143490058
1230.08681216297,3806.63036780934
7644.16041775443,7333.861868659
639.662123881253,8953.18020522451
8196.06708303818,7366.35399940062
1636.23927374933,7732.50985754627
2131.65485617976,8921.79628641987
865.887071118974,4733.552391395
7438.0416114869,6648.96419004949
7260.43003175044,7815.86412246714
2109.21506766032,4002.54922632789
1779.04276061339,3787.48447635101
7403.08059696389,7651.4344819984
1784.33075394646,8058.53447009194
7974.80837751423,7514.85647233642
2155.98957578613,6734.48743083052
1555.64541464244,3593.11960645691
1158.06948704129,9031.21358801783
972.723688734002,3254.14430118487
7868.17768339641,7777.66667609009
1196.20816621402,3872.59035865293
7431.54247294707,7865.524671062
7576.98280827682,7848.6867068312
2167.68057439817,8579.02185532023
1098.82246302119,3278.22164560117
5815.22438853876,7769.37047076237
7889.11403343422,8004.03666206881
1927.85218373498,9009.08425754179
2329.20572557007,8164.59535134362
739.941677691423,3681.39852737895
4217.85019125348,9012.87065079254
2951.52195975602,3391.08242653655
1190.13645395813,9228.79357692528
1471.69922881571,9088.08765274919
7021.07551991751,5958.92807793229
1409.00163956025,9357.64458555516
1059.8845102109,3207.44260595356
7610.30745983595,7668.18481883534
7173.53934596426,7283.68533018243
1039.121524224,8081.70556142692
7233.95129637955,7458.03576955975
7852.58152203826,7607.7417283306
1642.44872226466,9171.2996084087
7733.31590809643,7253.77781831125
8706.02946388112,7987.31591450853
1865.11728484502,8943.12585153643
6872.02682685964,8218.578706856
1246.06811103024,3502.96909953114
7537.93954183463,7458.30540011922
1641.68649326683,9037.09699445566
1138.66850338445,3734.62914918247
7707.25403941846,7259.55024994452
8377.62847376856,7570.0951727488
968.301526854432,2974.95685687181
1072.37975567857,9082.2180489101
7582.81098975394,7405.59832513794
7734.96922563637,6790.61181686546
1626.0768698746,3752.87009119709
7089.25672926134,7909.7332850229
2077.76871156423,7466.99975548003
7506.27308829441,8373.93241055374
1215.6913994059,3540.66701616577
1073.75626183442,3647.6882846651
1568.09835835414,8856.88034673065
744.194025719064,3408.60249630976
916.518784830653,3183.78844153278
1388.24730738794,3593.54483873585
1411.71722855411,3976.87600833201
4867.87590013565,7520.46423891577
987.166909108424,3389.37426742536
1854.21352450593,3734.57253530739
1355.38434134243,3883.99611232608
8836.1365706503,7886.68692150784
2880.47314702176,7975.44930661202
7655.27945594996,7141.92196638435
1902.87141731837,8452.87511713402
7303.2741677103,8190.18146568169
1212.16301942231,9184.45856087885
1595.62381642494,3567.294663434
1851.42115441145,8892.14894378897
1538.71586161088,9078.47853438217
1878.06293120411,3949.47741599979
739.835194286841,3303.32989724475
1207.3320714026,8740.67190035518
6877.6316688254,6856.41068014513
1382.00005088732,9410.1911605105
1613.02709542284,9126.34459481619
1503.68531318042,9023.94882306618
1730.84077639272,9465.91499496959
7712.92017936425,8062.22255699106
7523.05706639049,6998.6533879255
1083.53873301967,8855.41856311186
1811.58331224619,9060.98361862768
8229.15572316221,8080.78032692025
1464.18433983796,8851.3101602126
1861.61920456539,9206.42643158025
7712.344381438,7769.91461205346
1423.88094816937,3541.88666145111
1345.66796949174,3741.66975066187
1671.35592699027,3779.88700696981
2978.70292034309,8462.89301675252
8524.0170166546,8217.65590625294
1136.31342937897,8997.50028255588
8006.85798241697,8126.04635069083
8018.32997895095,8348.14488510882
1275.93123946434,3775.12686713507
1534.83021994419,3386.32799732504
8431.53268222707,7373.6537267469
958.7500819656,3569.42627962173
1797.08484656054,3573.66657553329
7836.70651846751,7452.15664702722
7647.43815345967,7426.55796153964
1379.15283502572,8656.77954473704
8021.31766574879,7600.79408280055
1208.37896451437,8440.15041636115
7546.0309530853,7499.21422622288
1049.05921663587,9001.45952621443
1492.76939252804,8684.16657625502
8246.24685964624,7963.82736970274
2325.16749955002,9411.04314450182
1634.3191414009,3816.89644276112
7812.5242187429,7502.84167259861
8587.19285159618,8160.68336659716
952.845038517766,3393.37205760447
2043.72733622216,8761.71415532794
1262.71224672901,9094.0250086605
1329.16415877976,9240.9715641517
1598.85634343984,9114.00051090561
8092.623494822,7061.38116065688
2646.03749909961,3857.90743283075
7667.46805659328,7963.52689303596
8690.55024011177,7921.08042970106
6161.94396508902,7786.44481098688
6797.36517327101,6833.90210832389
1352.63514844754,3381.2846917453
6832.16936297235,7580.57466690502
2226.22566119044,9246.59234192388
1338.47327189393,9444.61715833317
1453.89840337563,8871.18597326717
1402.11670815823,8645.59265959518
1043.20879139009,8876.38408384803
681.557508698162,3375.08361811633
1198.25248055661,8658.54484315696
1613.41010758215,8720.76459462206
6979.28897705166,7560.96828767989
1368.40780379873,3490.07919477464
5703.5183444918,8851.30636133125
6946.49578196902,7405.89502914888
7677.18423690614,7792.23866466398
6950.67033520984,7322.2110437743
1800.96244389227,8916.66723774824
1661.50613102908,8665.09920039104
1708.77196127303,9177.70680839372
8095.9082588009,5589.41928530864
7441.0438009855,7693.11060837272
1625.84939121911,8935.7605876062
1668.4176967509,9157.80024033009
1281.62541410306,3636.03406245495
928.179124229959,3277.53741374176
7258.23293771666,7334.36093992136
1930.92590241469,3505.02869696368
7365.89652658437,8122.57848732859
1533.00471561369,8689.58321280617
6935.31179772826,7589.90704163595
1090.28760129848,3490.0451306058
950.278903894522,3760.39245507689
908.47465613954,3106.27536335175
7720.7360538364,7937.83085079675
1938.28863927481,8613.01927921229
1679.99849186426,4462.41375028286
1565.17646005484,8365.65526846733
3944.65299609021,7932.42503404124
8301.14129154333,6128.78375226153
1568.82706542713,9036.52887097278
8041.26199371866,8145.68861772887
9041.03817720616,7419.36788517939
7737.54368261874,7251.22549087521
7138.22384655592,6853.99809191973
7072.90952039406,7591.11847687558
1180.23321694458,9343.64325335151
1575.74685280885,8991.7238558244
1242.27085826904,3211.33773927228
1267.08500911743,3420.64492190387
1821.1566879184,7732.10762683072
9263.90371397756,7997.95559953004
1300.76812611593,8676.94111626692
7865.90936238935,4577.27343498289
1846.98785863414,8003.16478187253
9186.0308409553,6692.01008970046
1901.59034329578,4557.38037721556
1245.19036015482,8415.46070172465
2480.32014033273,3854.04843742262
1573.77254592714,3606.34584586511
8058.16374582537,7175.53390390321
7263.16098931777,8177.18447871115
8638.89627223952,7251.9191670231
7153.11397524981,7055.67965349354
8482.10412777581,7676.86728572597
7632.11230516741,6738.96290322278
1423.39636592803,9135.2526499818
795.088447092128,3439.89091094147
1093.77086390713,3403.25368728646
7628.36603429946,5767.30514148908
1404.51199276929,9129.26326386405
647.677683265714,3196.67415733175
1069.48452071521,8153.04278648896
860.353720773802,9102.90165991863
8963.99005029855,7516.59585341573
1651.39726790054,3821.54273498394
1975.79231126652,9006.07192771438
2543.82722710837,8735.0017076531
1521.23745287276,4387.33363019067
1710.04422548424,3911.40908364892
1106.84439093778,3382.12588980912
6186.70124529622,6936.03542069876
1549.73580060761,4352.44902598969
1744.23288851315,3821.07097128241
1594.38873699453,3939.6727575517
1040.3308093137,8468.12595389734
8057.29624419094,7232.14094870666
1174.27310406687,3557.48985355943
1313.88345902486,8637.88084761393
7314.81511166351,7498.02900619818
8020.39812353859,7798.94983393506
1112.28967884908,8609.22413950238
7513.94438367511,8448.01202386572
1670.6920893073,9116.15090017397
7390.78798562836,7701.9506296116
1858.82708378287,9005.55998790413
1528.91271995572,9238.36213252793
1290.62989835681,9077.25145850187
1384.84446742906,9040.30845374748
1830.948856529,3750.86018450121
1272.10968364444,8940.68974520703
1294.53769431587,3304.59630145101
6642.02494024796,7304.89487303507
7599.85055069277,7254.5814548866
7591.51889139475,7869.98652316211
1535.96698258607,3527.59678357429
7700.30996679896,7490.5334900646
1048.96790604972,8102.25909005688
1080.88659184793,3255.807781623
1464.68387032566,8438.6764619057
1855.53144340822,3756.30762374784
4751.92181852401,3841.54894542218
8433.26488287123,7696.92786578743
1544.57823868455,3306.71407024395
947.251336785096,3379.39934454675
1333.69826856147,3232.59212047936
1572.20523468162,4115.61320809059
1816.84813581377,4026.03483305064
1108.26598502087,8814.07153912813
9094.77875531706,6992.76643947123
7253.32694784833,6973.82354876105
931.609884398273,3495.99850200949
984.8763974539,3141.77893722938
7411.31486929582,7494.71100255002
1304.80966294087,3550.76711478838
1305.92104712617,3924.98534807039
6736.02751871479,7338.01494233245
1590.08375768352,3758.08032838221
1091.66015227884,8886.90294121271
1669.53971523492,3529.03590024163
8856.03089716191,6029.37079040302
1262.04132636523,9116.14587102082
6667.00892509804,6982.95182112265
6147.91030881309,4548.67816196517
1542.90091939825,8662.81433298044
1341.61693903031,3633.82202254256
7843.79672805925,6321.70837597822
2215.94989570495,3701.4836263365
892.994099785381,3395.75617590325
1807.58890734336,8867.0251107546
7663.10937194356,7812.50142890547
1952.65582321237,7883.99083988611
1360.67468889454,8208.80745644923
8100.57125536032,6547.66458243532
7915.21035366414,6853.08402548499
1762.63513045607,4078.26256768473
1119.18746212817,3551.64984276902
7102.70812064014,7048.36999725452
1550.40715464848,3818.53887326548
2436.24504248327,4983.37319254894
1923.89451211081,7660.91718278272
2703.95231825498,9049.48870586638
8901.32324211994,7968.89615338169
6850.16564004707,7988.35579765221
1180.82858493868,3519.73293462429
6808.52633598441,7568.21763192096
7264.04080805988,7509.03017907971
2619.98450396236,8890.24755994125
7415.34250942407,7183.54897298521
7540.00575846783,7594.87495508088
7695.20355932423,8350.89782423129
8801.14273269258,7461.61692817407
1473.02701174107,9153.87923859374
7010.97676418351,7821.65887167374
806.352374461803,2954.39577641832
3725.2933677616,9160.49159527318
1848.06505922135,3742.95980705537
6790.09892315428,7175.29325776041
7785.16724318944,8255.19869299844
2802.38563545064,4014.27024503764
944.193045439373,9141.67075985659
1674.78735038977,3656.4162067896
2563.20538959009,9047.5865375173
941.018372235858,3380.90318094744
8049.70168970294,8690.82066047751
7458.91930351047,8592.18304155137
1563.80277410171,8470.39138360323
6666.36592845674,7225.42564170687
699.51850301954,3301.15836010198
7329.59697336945,7057.77110943919
7941.20026851265,7897.81948217103
1306.9930521983,3807.95947168747
965.012851490125,3864.08825416017
7367.75409100969,7245.37097808481
1145.61081175351,3628.25169284085
1770.17686099868,3576.75450382028
6797.23257811548,8386.31356248295
7410.62803892232,7903.10800080821
7625.63250364638,7638.43098712264
7197.13711611199,7641.50198109114
7440.24474321165,7833.81947935002
709.647134759047,3102.95126624957
2852.11479809711,9112.60467408626
8564.51351752159,6010.75043951861
1028.96479399691,3346.54225860797
4632.84983563264,4160.44585490899
1969.17621785876,8776.79693579034
1203.7471414336,8792.94570144141
1261.83326232073,3444.34147420519
8673.6338758509,6459.86820890808
1769.76617191515,9087.00449363485
950.977543059417,3110.81312157863
7236.26107355965,7293.64122679107
7214.81444410469,7271.52262429431
8040.67052669737,8035.99978049995
1287.8402599441,3848.97638107692
1511.1394722327,9259.3445437742
7716.77196495009,7576.6190719976
1144.36057469279,3450.31005494576
7835.55734456261,6849.50216806784
1284.24505283934,3472.29476097168
7631.05065994056,8443.85487739745
1418.26909043375,3058.38789528919
1354.18180210109,3427.10654142724
7159.68797523318,8225.85375795266
1746.25556651158,7897.9416487826
8095.8636546238,7988.24875716242
1038.64288716115,8958.2737476704
1589.66773088711,8535.57033994882
7462.35155584365,6296.62518026441
1546.26665895528,3567.15395549031
1966.60422447412,4999.72783143377
2521.18106247184,8692.62568305194
1002.73715355715,3136.37411637579
7763.44623792798,7647.31905064092
1321.23366871972,4170.23699480782
7655.13246222325,8108.31339462257
1395.27528612025,8732.8563250446
7294.2339717565,7223.41634455696
2794.14596281818,3825.81412035294
1508.3128447043,8699.76690902501
8737.30860793593,7066.19198637732
7853.04058086803,7240.76238828588
1151.25938325635,3362.86382117529
7104.43800890876,7969.17242286082
1489.04579454408,3560.97040975054
8365.40796523631,8104.23736741527
1990.47921900954,9120.57823444806
1200.93595827074,7882.88425383528
7090.9781435179,7601.762591378
7474.10082363332,6443.80322329441
1872.16026624405,3996.98094968171
6936.28256817944,7831.50551112306
1496.95816598266,9046.93967102201
1109.17632016808,9076.34812793559
1168.06597799601,8977.11718522461
7969.10976098597,7096.96046428886
2533.3013742247,3782.74389702434
6922.92048064454,9553.88725830788
1471.83079262691,3801.18056723865
2273.51305403774,8489.55091915451
1034.39417853669,3144.04255923019
1105.65225959489,3490.91428041079
1523.18724842047,3645.45634686178
4504.28522738902,3819.20688773604
7243.48823968392,7128.721961622
8159.57014170376,7983.77979456847
1228.75419899497,9119.86259867658
9584.17785477363,7326.41520820759
1206.93717057389,8278.50974945035
8250.03041115729,8104.36946437546
2022.60657029035,8659.17993743027
1492.00112659673,8217.14631181065
7875.05802457509,8014.70388838173
1223.87464486869,8839.12181945685
1629.00615712303,9285.65544531973
1655.70835397519,9064.86805466566
1409.44489853126,3384.61655463301
7425.38778437932,7233.56750962987
6253.82455755878,8267.41061250729
7563.9762184571,8595.7258182313
634.403099214077,3235.05106938851
7442.50083865846,7265.78442765012
1984.46092096479,4208.69325796847
1467.27036355931,9216.14176479786
1142.72704672825,3532.2647341773
1779.53928178306,8754.31013785587
7218.71276665139,7235.7861421421
2093.2876154037,8277.70811459457
5206.2275912573,8424.11118216109
2012.36980571974,9129.42786151617
2559.55067237768,8447.48616607324
1747.61491997433,9154.97842727379
8774.54869454087,7437.60222432897
8603.36511395876,6808.30223707767
1093.73895317947,3497.75747384911
7181.14912839717,6802.37371789396
1603.78199428264,3652.52141224362
404.264968390827,3154.21751247155
1557.52585451437,3885.99528354881
7981.04851287103,7457.22370755498
7308.86987918408,7449.64131715503
1829.31696482026,7293.67065505981
1040.73109651705,3390.43012442375
7353.10880819944,7949.63449896388
2178.74602778372,9059.22307635034
1519.09985119187,9234.70496793449
8229.19202302731,6725.09670358332
8034.90043574755,7291.12043176564
1786.6918330339,3748.40700759064
7361.77506629346,8101.83626764993
6578.62772171127,7233.26444947622
974.586541676127,8969.12790364623
8064.1645291156,7396.98308971559
1538.82919094365,7952.67366659498
7255.34092556943,7078.87710370965
1019.44977152946,9028.81955777213
1787.06455089879,7302.38689622967
7897.76900256242,8077.50647818357
3583.38419341105,7267.65181586081
7818.67354266592,7100.31550102381
7076.23858981338,7487.89360476724
6634.66829646278,7603.53393475448
7059.21050382921,7799.66074027342
1899.89400838402,8522.55476601925
6472.17711269853,6937.65520134706
7008.90845148077,7812.93456984587
1521.77177615806,3608.66684514921
8301.59946739707,7198.83008311393
7690.29829968387,7896.47559919369
7101.13904613855,4859.86952982633
7906.690290454,7934.48346935863
6815.58898978793,7402.30082291879
8011.46931640268,6946.98448532709
6638.46025499287,7327.000048926
1089.21256422738,8795.82854280825
7087.9892949776,7934.90001102282
1362.25021678077,8538.17572921898
3201.35593513122,8462.25583132867
9009.2360435073,8425.87109422441
1465.84969452924,3625.66891953523
9341.75677904696,6994.2794912885
6676.24813909223,8356.53483474078
4448.09640719806,9002.32317606035
1948.64293373237,9187.48596021383
4819.83076170108,4270.18737234541
8708.30206425917,7384.52515302143
1974.53224291084,3840.03037466729
1274.69411227216,3517.91296714232
1483.09061995121,3615.50093248819
735.269292080229,3236.315593704
1388.33249230693,3520.1522661488
6948.44234327162,8459.44661461772
6399.09856663175,7419.29348531894
1631.60534006838,8347.00071544944
1632.93867041424,8645.44683630053
3102.42599634661,8918.41759692615
6510.35615247955,6024.71608627021
1198.49120252913,9246.46545431088
1794.4575321159,3680.20684590206
1415.28372923772,3135.18487040508
3081.3092002553,9198.37072880105
1122.8807138439,3272.86499669734
1114.6084690701,3379.19994721765
1935.28530820598,8892.90944787178
8803.50568073615,8022.30533686038
7720.60137432531,7484.64846948387
7530.51150079893,6898.92562528403
7506.191087327,7655.41131312409
1235.97720392105,8314.85712426198
1358.40664131775,9171.58986221499
8084.85441291544,7548.25063685974
988.267373820664,3487.93192221697
7623.48335405155,6890.47027784528
1166.8876715514,3189.56757798429
7440.49927448115,8034.06287647654
8655.73510409915,7269.96516960472
1275.36684483535,4650.1763947797
1300.43164635691,3327.79758501436
1353.32452365105,8900.46519223582
1690.73456677464,9235.46580289544
1580.85813826384,9380.74713937784
1144.95333053562,3591.79768293807
1685.21626408421,3824.67552779181
798.267559666521,2971.0409844414
7333.7399350524,6727.17256119413
7463.1431331691,8720.34741478282
1479.01916333016,8917.19147274257
7477.55107122726,8505.47492032116
7502.91714095013,6968.57302418092
7353.13372883259,7464.23480609791
7891.54275484131,7935.65783650707
708.14015353645,8430.47887418516
2126.94397041332,3998.13584929703
1282.81472958194,3748.17648030314
2627.80909003631,9095.07050036564
7402.43495085659,7180.88237103168
9016.98259913012,6571.41222027045
1265.58316533762,9298.27107685221
7759.28350660757,7428.8100944662
1661.47320258641,5651.8412839185
8507.41502592751,7631.62332081833
1862.87665003209,9154.7551963491
1454.2635389394,8880.02372489835
8501.84771593629,6904.5149050528
5457.57804779514,6749.97430155015
7466.95477134574,8038.15401315363
7029.66695967866,6960.41301266415
1816.98529332905,9168.53592085177
1842.85892858492,9059.38232665565
7991.99739257412,7337.73675188245
1715.24931732714,6981.68189104905
1798.16703123289,8737.33608188315
898.161351996071,8870.19930063574
1600.88836617177,3840.19055889442
653.412966624227,2996.24057949651
1874.82608160496,3850.83355496406
1349.21610656897,3639.16652301619
2084.42507018394,9035.39581883214
7915.19795221542,7504.00807522176
2482.31293389534,3777.70778844718
1360.82332655175,3881.41576324492
1669.59064240791,3852.93751045838
1839.72631009706,3908.66243311979
7477.13578210996,8421.76737386739
1232.97231001216,9098.71823923961
7482.70295864113,7833.34050672412
7766.80325698132,8147.77714223077
1430.85153277565,3738.06076768359
1558.84459294693,3763.70064880676
1524.92139943507,9088.07875270693
7245.7344319904,8029.3479627904
5887.81241979892,6078.96752155913
1389.85584420092,3447.31406667849
6481.4116499883,7501.93380205084
898.794033434321,3507.83855535983
7892.48823300569,6588.57071288399
1117.05836565451,3419.49300018885
8108.61473541974,7167.53443037155
2181.84973582898,7505.57244966274
7874.26034064362,6889.57115884677
6942.77990109831,7223.76135058661
7470.90162155635,7087.8117953932
1539.40793323157,3564.75632798009
1520.35187793003,8992.74990959348
7755.96380623266,6992.26381465017
7351.70258173922,8047.78715503629
6560.20931588991,7027.39815834697
1916.85256365415,8665.8986243962
6745.43494317521,7743.40816766153
6864.54140305241,7574.87175951483
6998.90432604033,7912.86663543724
7198.02760828141,6982.57631356582
7675.2832342307,7471.48264783724
865.723571043865,9229.75523086941
1862.9440197633,3582.18451762362
981.892233548494,3822.12624773575
1731.14883799123,8736.05826542135
1666.52528335211,9064.2191781851
7474.02752404102,7705.90292044728
6685.51118129972,6779.43832608538
7201.78170792138,6635.84996005381
1896.49777692382,8854.57978724516
1133.33117259375,3439.0918926079
7276.66120790397,7347.93535926654
1387.08478610088,9103.24915966857
8688.33272429703,7696.92442499076
7675.53952011891,7515.39672961332
8180.06266732847,7454.45463865447
1339.87151872047,3472.57163500051
1228.09911828323,3624.50165564348
1124.05973469871,3562.08790404971
7380.21877807215,7134.59138090077
1198.17815971299,3764.04645414423
1548.37610390857,3361.13183288569
6332.16369979158,8181.8222909298
1768.46336503936,8871.25121849329
1183.79371207841,9074.34857693091
6561.89280037373,7910.91342416701
7582.99531287336,7808.3432795131
643.200955655113,3047.76832618925
1248.90410269465,9495.54754842542
7314.25040725402,7701.96142835481
7723.82536813474,8089.50911078354
6762.9512336468,8587.43127202581
1605.20450299424,3917.36188799779
8516.52096511556,4763.91820058264
8698.64745847382,6811.98990112609
7209.58111247578,4312.75182941077
7506.81394203995,7317.85236349695
1210.10220848538,3471.32863026324
7451.23824577649,7573.22023907813
6978.57002543406,7600.50539016257
7126.23702672749,7689.12871686973
761.632692574537,8221.87355182165
1985.56612341847,8625.43576644289
2142.79816949662,8518.07899497548
7349.97730677557,8213.85513520217
2580.72679278574,8985.20796340989
7189.80190275096,7218.59867318476
1344.42496607356,9422.46823309576
6829.46275274781,7405.6154914905
1737.3858626032,3861.69318559215
1092.87864098429,3354.83358920866
8061.18713698116,6343.10548999441
6957.51430657436,7345.82887079606
1184.78660403076,3692.81769455325
6717.02954960095,7631.76928064898
2765.78556421277,8445.97879426262
1904.24944589514,7907.21622104449
1004.30201236468,9094.09300275308
2507.72773523925,8855.68307804561
7319.64792936971,8352.64164155471
7987.78470934947,7529.91740175402
1855.27028830113,8974.30414438354
6874.40262631595,7786.17590180292
7519.34710722706,7673.37391071362
8233.80808737514,8063.6498817811
7455.87703738894,6238.09277682491
978.775588998951,3446.78562598453
3002.22711935688,9053.18808380931
1491.12787247994,3498.37725375029
7539.86593089912,7551.55945158186
2093.84013103237,8776.69942643086
1435.06675610454,3725.46357104725
819.365055872511,3343.82520192975
951.046046747431,3294.44643096385
968.790012867433,3183.87898436285
1904.54980784519,9219.64235803535
5091.74574753286,7374.96985315677
7894.60225822339,8222.52213952302
1824.84396844711,4017.14421333225
7828.4781311707,7457.30833265678
8434.26987171802,7904.20158137965
8484.06733803099,7385.73004412754
7565.70965766873,8157.54203048233
1025.56235352812,8958.25098438196
1185.1672968055,3449.60406830394
1508.58625837951,3717.41087073109
1615.27573044913,4030.2109146755
1961.62667074263,8591.14235864867
1140.60621385142,8809.21336591978
1129.55987348981,3853.86709528822
1971.33770171564,9003.19318547804
7800.59180435468,7640.5732105649
1605.1380845426,8901.73375149805
1410.36483078573,3938.79645152092
1650.00896219051,3939.44865981017
1347.86697861629,3609.07140749244
7139.82442012757,8025.0463690716
2469.66700636468,8800.638000769
6792.71759562379,7657.43756751606
1972.54320877886,8534.83266495509
1047.4712825848,8927.37998488321
1718.46962592782,9163.62012638402
1694.50717876401,3527.86772083064
6977.19712766607,7513.07873254698
1418.48036324808,3712.97082979782
6514.96741305243,4841.70661007624
912.619682187937,3018.10804822278
7159.25267978641,7044.63622347635
7074.01660816505,7477.70105044758
1625.58398015079,4312.79286815088
988.248851364123,2989.96683401475
8636.64459870654,7016.63584308613
7646.13282785861,7485.83830354101
1527.78254384851,9121.45281600613
7205.08054523585,8229.03211955053
2375.95262514912,3287.55899395923
1242.86572288906,9007.84926519573
1237.66738181568,3871.39256831768
7215.032637642,7051.49863850553
7573.23616784094,7605.90361995625
1208.34885761069,8724.50452132073
7945.25246080752,7486.49575141887
2156.27693754038,8817.81453603715
1720.68883974921,8505.73111497947
7010.25085869718,8433.32958304407
7213.66548171238,7648.88970924605
1577.7504813556,3623.10959212948
1101.73716115339,8971.97704055629
6489.07559258969,7366.74251432847
2101.10768854254,8863.25940119275
1471.90055531553,3723.06251499711
1607.8991385119,7834.79186261947
7826.01776092483,7939.19932251576
7151.21528084852,7729.28740248442
8711.20671726465,8004.67104471505
7268.89673232561,8062.37013336974
1389.44113248207,3651.05806748547
984.967131323222,9111.65863662249
1776.34149763384,8920.50768906501
1179.52039406302,3829.30161218497
1261.22562129279,8986.80035076021
1579.97837215305,3677.64737993534
1302.68151087218,3442.47893361079
4232.20606494739,8743.33100685159
1724.74115352216,3645.12233329396
7632.3639995832,7659.97640496147
1308.91505480647,3367.09856350854
1298.5678203695,3936.81744289354
7728.18330166333,7758.08450310862
1364.83483286984,3512.88164979376
1917.59739145915,9087.31171802558
900.524387016366,3509.22722687298
1084.35246672603,3670.71685372369
1046.13390046464,9105.81907150075
1377.34627066679,9217.17950587003
4924.77957394238,5141.41300390185
7117.9905814365,7100.19681325036
1688.67738698404,8766.9678374663
1715.5977471637,3799.90123680863
1681.64964403871,8935.93119171882
7508.51191056178,8203.6520698345
1196.0431579281,3596.68338704146
7745.27606119391,7947.19062166541
1205.82342631398,3408.34545941479
1207.94692797177,8897.49761856117
1842.18933231672,3965.42278467629
7540.4806161272,6852.10526997042
5164.783665876,8354.23139223945
1219.15848731394,3360.59300166844
1492.38097951116,3634.02626211428
7027.26546241618,7691.1106521025
7030.34811920387,7824.30122149883
7389.56628409772,7944.28412380103
1209.93255987472,3618.46109861562
1764.04475771295,5997.53145009783
921.903692126905,2776.36188317226
1786.50928760554,3439.33592281275
1141.94275341404,9094.70103636056
8363.01175403236,7812.41429530513
1380.14458617094,8695.43303563853
2155.77708188258,8949.17888963494
6799.00243771937,7860.94283581746
1812.009686458,8747.81845577203
1683.18366647908,3987.12403219483
1686.13609380222,8970.90249323798
1906.9649124146,9075.25448450505
1971.25213219903,4669.86329968035
1939.66592317911,8844.39098472617
7186.93928516415,5003.95618553616
1863.11071485769,9124.96774435639
1794.09706815628,9224.37449159474
7565.38993590449,7373.32929859231
1366.70357881599,8650.41241436881
1096.91149344897,3230.71565719199
974.880427481178,3128.88643424469
1914.09122202079,4234.91445943068
7388.94450279566,7818.86562810476
8398.97828069595,6710.20493578184
1267.59737043105,4364.09223006074
908.993771173849,3460.2917014026
962.961618017332,3353.79987933745
7947.13104129753,7835.11638273176
1160.5766184304,3344.69035788633
1525.5062090334,3504.84148593188
1103.56309634123,3467.51306243883
6933.77864018369,8213.95574607159
6850.03914212474,7093.72198315623
1495.48785562017,8827.27413407567
7440.81564472225,7941.23144290116
7437.40246370787,7834.78119700277
1653.90404624629,9008.1891518169
2037.51189145076,7649.94037696646
8720.41598866266,7708.58122284216
7687.55930271627,8545.54527665655
7672.66443149551,7641.20785075322
8127.31725794597,9166.02406086395
1672.56794643954,8960.29768874173
1683.28168150748,8432.81081142838
7787.13873424629,5696.19669991272
1671.62000232316,9230.08348536887
7658.23400726948,7189.60865524183
6519.48621287285,7006.18465068939
2028.05243747289,8216.4904096036
766.921537616998,9281.6525826414
1690.01642844185,8326.83713721057
1197.01012949534,3457.63695249052
2114.13033763588,8499.89312804126
1150.52767675963,8810.45932482973
7505.90776841109,7883.83918902512
8235.95883195093,7425.03767018409
1742.80043786865,8371.92963084301
7531.54993849335,7665.32029647838
1767.37269685794,3777.16966033047
7501.8836911579,8118.59319223678
5993.0690084049,5160.49642723206
1434.72308503928,3169.93792031223
1121.53977759629,3480.21110982159
1656.40495004102,3600.97854570555
1183.48519286475,3159.88844806015
969.193712044111,8357.69709425117
1371.15858509303,7739.57995763823
821.029459970872,8538.99954313088
1285.62399613679,3772.34531131008
7146.40705246397,7099.40546255478
1365.95404469002,8294.73008590267
1151.46226570539,3443.72306813746
1649.76592579196,3843.16832734932
1911.72713340047,9008.59214261192
1344.81136299252,8914.08395965605
6973.01440212347,7290.22414071039
7446.87545293709,7799.08011570482
1753.87220904098,4059.05107158343
5942.99133185765,7911.08757798043
7577.78847141983,7971.56830800834
2285.93694698751,8877.06637584203
1865.25547012152,9044.91397812274
7581.03800147033,7448.93384427555
8039.17989987526,7351.31973356518
6993.38403733526,6795.04927736402
7598.34738368276,8073.99357683189
1586.64300704312,9382.9727388479
1281.84670189097,3659.50148829237
7899.15590043035,8245.92774634312
1027.02556433586,3354.67075967795
1937.59221048162,9155.86418268334
1974.17162690535,9000.07655223982
938.746932314426,3267.26256404555
1889.06707222245,8422.46318282165
6188.26435182012,7971.84217620337
7556.0938028825,8079.65905190549
7523.17953429205,7688.69203532864
1309.00846600437,3302.93364653371
7159.69542516625,7959.83970564071
8189.44657791094,7785.75592137302
7730.63274268878,7383.91619296882
1314.78688923993,3346.18664287613
1451.28785835807,9467.48772448903
8000.20024189193,8902.34136196318
7834.9449851233,7879.97670396364
1549.43171570332,9159.26913184344
7216.72983911361,8414.05709155504
1737.16809551377,9343.75676603267
760.19064461083,8629.91557746796
1856.68759278339,9153.45496525026
1240.35308975589,8465.91935130457
1718.45595674567,9115.69839720453
1230.54609950863,3696.47341317413
1529.14990259779,3749.8874254599
1620.80662466054,3728.46827041258
643.819666875717,9064.63005649356
7803.78215690594,7956.06398872295
1753.89920844107,8088.94543147522
6825.27343928363,7978.43814953635
7587.36122373319,7655.19679180367
2419.70831008274,8046.58042337825
2160.84589192113,8396.30374651568
1191.91837420359,3632.35504572023
1326.07427775493,3429.98724259028
964.801017656482,3396.00991335504
1350.68250409987,9248.69959684254
7618.14449761617,7218.96507797062
1342.69457099311,3900.41935033451
1382.05358272052,3682.49054695672
1630.30625541986,9102.20338555047
7049.6419335384,7368.23388947034
1924.58575904154,8182.91763799525
7828.65685631527,7206.36663161183
6742.65106027132,7592.59549323842
1520.71927405397,8980.42448584849
680.22558617672,9309.88673480301
1248.72773212369,3293.9051789915
4834.15688228915,8589.12272369048
1445.37515266068,8951.78821416349
3087.11331440616,6072.13701091847
1691.83782055069,4606.08658989036
7668.97037268083,8082.8201170596
1448.35816436968,3670.00070289543
2076.13344675063,2060.04489876211
1095.85289573237,3275.20381942901
1035.42646384798,3498.99585364986
1310.26473268042,4041.50720911741
2854.52516340897,5184.68767728708
7020.2224193388,6883.10236807021
1812.65757887472,7752.42277107192
6714.49658401546,6854.97775230831
6949.67609335158,7341.12565572564
7054.88310466691,7897.5310364482
2363.48029511449,8102.84111630323
7746.9316535588,7565.38360419747
7911.20365793879,7999.63240664363
1413.36353849099,3516.60910260055
7232.43399698945,7005.21042243625
1103.61976619103,8815.98530369467
1744.41245686955,9045.20302235485
1662.91727748258,3835.29355568292
7583.28035631514,8169.8705518895
7249.28547007736,7850.23220051679
1516.09961081369,8792.31638782372
6536.34471491521,5746.13993955979
1253.84371940116,8924.60759291448
9254.52624467984,5705.19691258716
6518.9654960054,5562.30090200181
881.498547266046,3441.97405935819
724.988726488447,3098.74122301269
1201.79335418071,3780.59788116344
2091.32276287232,8685.92690285162
1139.95524625826,9086.34107942581
1481.29751791812,9056.23236033287
1194.38126249796,3808.77318420578
6440.46334772254,7892.01671563483
136.733316449456,2780.00011607404
1449.50475418491,8278.81237137892
6873.43281960867,6585.4493533111
7708.55516436142,8329.33828184054
1684.38588445906,3649.00936666112
8590.05641544989,6581.90270576466
1459.2738056561,8643.14354768002
1905.86778347599,9364.06039069335
1389.14744644367,9378.9047943828
8862.79290346538,7750.55443191783
1439.83080291751,3548.16583525563
763.108484495025,9080.40988717
1140.23536406315,3214.03742087565
8032.96163145054,6490.06797731967
2327.17738050738,8925.76590316484
9103.54244995096,7179.11504073442
7750.05947560115,7482.25871155848
3514.83991089983,3867.07990062647
942.724881803886,3085.13377548379
8588.34526094773,7500.6723665421
1585.00524400448,9235.1291584029
953.851785679723,9044.39286428441
1892.0134346762,9310.50751816862
7341.54541635059,7474.8937677994
1909.10070133731,8692.36452738923
7253.4058507197,7478.93071197159
7473.49851881939,7548.52756464182
7699.08034718222,5503.07448468257
8273.82187320713,7418.3773211991
1998.65095748424,9044.12991577821
3988.98901304959,9894.09437714475
8203.60776775672,6431.58269939504
6542.11444079366,4477.50417948733
7740.0216823415,7578.3377226489
8820.71017656347,7714.50777763622
7672.4124478961,7712.81774818363
1452.64355305479,4077.65582638529
1991.13339059759,4110.63534033702
8801.16055635447,7816.30331705669
1471.00273661274,3539.14375429861
7353.91616577237,6419.92241360361
7968.2464446822,7322.74155411855
1237.50108143588,3860.79041177777
1496.21379965421,8572.55146714613
860.54028918565,9382.00015549797
1482.01653298067,3534.45799995609
2055.47597516239,4418.23229400395
1534.12195830463,3622.33155393624
1143.95275363108,3349.6076957865
6908.9814129482,8034.86702345993
940.661151301584,3353.50508421416
2199.96635892763,8715.81723568876
1443.02775175537,9239.10805393691
4468.24748267378,9053.04494363508
7507.14708936593,7646.27806492039
1319.45557127965,9068.87537543997
8814.3473023895,7241.91566909452
1675.81152531319,7788.31353125046
7288.60637452671,8133.4316383017
7643.18529601036,8049.54080767884
6997.71380467739,7595.12869751418
8768.19522044172,7473.01230979287
1586.16190753606,8093.16088115296
7043.25663018884,8358.07506637357
1696.9078013772,9119.29269325011
874.719880821194,9139.97229457494
7068.87500781954,7852.01294654968
1319.5920380944,5031.15792910823
8727.94955156178,7474.96521872661
1618.99949057848,3957.87990527574
1993.22982119445,9089.86792957938
750.790679457724,8872.40349512917
7439.86657268069,7638.74942404643
2316.7049031355,9011.12764770236
934.045649372306,3109.26384413451
1069.74320452601,8801.26099067244
1069.67352946793,3457.53687379718
6700.40164492578,8731.1971134449
2208.8957248778,7691.1631892268
1578.08294088071,8120.07543240185
7988.06244593394,8193.77877284936
7968.64389038785,6537.44248703438
1388.06036570471,8866.20598731336
7479.99937473741,6985.68589175555
1225.18078263563,3246.50165843985
1349.9370105871,9308.34695783604
8053.23947351065,7857.35505994684
7119.11408170114,8294.94583908032
1942.08885858893,3603.35379840167
1249.48401862359,3535.41170391878
1049.30531956071,2369.19288195633
2868.72853765567,7783.26696949672
2812.72134330539,9191.99321367649
7567.69569440929,7070.76321627935
1107.3811543708,3225.80584001283
1130.75812364062,3448.89845398965
7243.28693612024,7525.42424246527
1948.76674413642,8105.91380938075
7168.63761447443,6630.96295044504
2632.19751356457,8676.32216598228
6439.2959392792,7458.97912089339
7977.29287729427,7876.12155956208
1473.53729399661,8793.61862298027
7671.97610227214,5347.59118852194
1688.86586388967,8990.17549044025
6235.02962568668,7441.574856208
1591.05329273187,9190.08810226703
1457.6683628756,3690.87205759964
7120.98521157585,7755.63380998012
1299.48858975434,3288.50496605973
2008.431777725,3297.24566642619
8280.88509552097,7241.74172143382
7257.20167959122,4899.56773318208
1264.53462866849,9177.90496593781
2046.7796861651,4387.13777038577
2299.84308652018,8402.75625551299
1567.14413427727,3650.10371760547
765.787621511043,3254.03594109004
1294.80391207845,3492.31087503416
1302.06752677001,3941.48470201577
7402.308228849,8291.89397606024
1782.81559897041,8220.5990806499
1648.05865222178,3600.95110601426
1645.53328067397,8559.62370407282
8106.42822902399,4025.95358261795
1703.32968209074,3732.08504756414
1375.24750698466,9038.54077925105
7103.79984378154,7593.77275715412
1305.71883870347,3465.68307307969
8294.23304487488,8372.1534718865
1174.74400928348,9074.27639663944
8074.705504431,7757.37365380192
1971.66443672044,9002.17334331074
1575.86140136857,3443.20069384273
2018.45357717933,4254.29714679209
1132.98611389528,7936.52134093503
1823.21267075563,9203.61904965773
1860.84394712365,9054.32259159719
7983.36528647144,7371.41870888474
6900.87834373242,8122.40657892039
3632.18643774778,5528.57515103343
7704.99597203147,7638.47068244184
1625.5027774689,4180.81855339464
1658.23809032215,9285.61897914182
1450.51435144164,9061.15149040614
1806.2836728542,9217.70500351915
7403.1140197286,7590.86229500659
1055.6606203861,8770.39209223906
8486.67283932752,7537.60014810398
1650.94068519092,3732.72545018296
1094.76165682457,3732.28468903116
1797.24472288082,3915.10964021265
7601.6549083768,8352.34706651368
884.154669483707,3402.4415089131
7664.95850065102,8357.36075512614
7137.66587020667,7581.88032429987
7481.0109244359,7321.75731967981
7208.29287777228,6927.24907477565
7941.39910557043,8636.72903866816
8691.98231811081,6757.5886265609
7668.89236421341,6952.82412407079
9243.12111267984,7324.71051815944
1044.17173577981,3288.77565049544
2620.65414720068,8794.61527227389
7260.84003256776,7586.49791032872
8591.9704807372,7169.0994684358
7631.56194701501,7567.23013859049
2141.04594575442,8982.58390985646
7054.55609854794,8189.92156306991
2237.39852824278,7478.04881431469
6837.61058301094,5154.36609614844
7927.95948509438,7890.51589905993
1152.88630201988,7626.97341835476
7583.20096253112,7787.25749969164
1143.36782750966,9269.86269004655
877.89374433425,3258.69083364449
4361.78222477164,9455.21130012988
949.347794101297,3971.21786279299
6532.96431786588,7725.3880465935
1989.38034116249,8651.08523815349
1843.76876518091,9092.11045240127
7534.64993821525,8634.33746403869
1576.32097008325,9002.6963091881
7373.09148523163,7213.44118412487
1244.79979408747,3388.12592385695
1732.94499695094,9034.83440147922
7512.79697101972,7766.64683666714
7443.32297004349,7745.18320115922
660.10388945554,9229.146115037
988.741272818549,8655.52920481216
1244.20578435808,3621.44184309229
7986.44566395224,7474.728335716
7772.92590924901,7862.77633185772
7875.49867177291,9136.54124906508
6987.86543526991,7549.66502158128
1624.26303518488,9216.30408325071
1488.65431577383,3939.3633884728
1095.80448603972,3634.58317594629
7210.6398429295,7913.93855495241
1296.24147154381,8809.86662024895
7259.93862174446,8109.93179610553
2842.8818747776,8032.89464909544
1179.51578797212,9303.70131441652
1583.08612020698,9110.20243802013
1466.29850562522,9098.22354220313
1203.31601360086,9229.32901252515
7491.34853825647,7765.02702901663
8084.48433209833,6512.24810329417
8355.86345216856,7645.07696604533
6391.35606534585,7012.46565818293
7523.43834812387,7482.59591988261
1388.96533330689,8103.49240593332
3941.23941227604,3812.44056318336
6875.95836126153,8603.14765424347
1417.18928966293,3759.3665392724
1506.97356166667,9212.61323932294
7705.7570171649,7041.26935806305
7615.50123838288,8081.83490046874
7030.05130970405,6709.38940336866
1275.93414537434,9304.26633716243
1477.54037030214,3867.70250045445
1135.69641643403,8802.58247531479
1829.87842886094,8983.26538368146
1700.56217983674,9050.64018516258
8299.58142664387,7390.93445042865
7501.97284177446,8013.54049353854
6668.25634300653,8203.82593564276
961.647010195502,3173.88195245669
1874.56329239849,4397.65179983267
1068.51329920837,3045.0790886485
1242.04706238306,3282.61132651812
8845.59850477501,7984.72540556661
7435.30292675205,7940.46743186981
1322.13770479198,3236.04968467841
1236.93621058743,3286.8072314745
8260.23339690624,7501.36661076025
811.920943763747,3522.9441443976
7301.26735216665,5433.31385979724
2474.61390521786,6442.99587583689
8239.55652239494,6545.67795264681
7443.23243524541,8133.58038426933
8522.46515160005,6786.08427659724
5704.33924085007,6906.70966634228
1959.7694656786,3980.0620292146
6991.52973845391,7672.37645273619
8680.02907621761,7342.98428536479
801.64583044808,3263.74203927323
3191.43918710743,9298.55766592555
1771.02442164461,4791.74477146045
1594.30772341538,3500.69023996785
8578.04020085991,7593.3208219763
2067.87172023553,8956.04943178618
1821.60360120988,3632.99146103112
6253.55848383934,7293.43433123178
7707.2492433237,7665.28742181977
1125.04326546591,3222.33255320119
7292.37719045545,7911.71428453184
8101.76678158476,7336.62145514894
7565.40202955878,7558.08978790348
1721.84736826856,8449.75430689371
7690.28103560075,7361.20470068188
1714.90881863265,8734.34433735109
7854.07992840911,7705.49118270182
1742.52365227362,9090.34600016641
9357.38948311507,8153.59785499696
7735.97224680683,7366.13387917298
777.212885216109,3035.89373782832
7605.99252144509,7796.44538166833
8728.90734494025,8084.51793641066
1096.97679949683,3328.09933685926
1362.35230353932,8859.41019057434
6761.27901276362,7491.54771431331
7756.51159241269,5506.8427957709
1650.73718191812,8662.69672163156
6913.38708732833,7658.3221013197
1563.87958527295,9168.0182675703
2032.79829747077,4212.31979783464
1917.02397463367,9608.78901285774
732.746628300799,3024.45454216477
7353.72730286818,7149.05223376038
1619.98489604636,8898.11603161757
3061.04001486935,7460.09706452905
4774.91812508418,6924.55896384388
1261.51174083343,4181.10075080633
7495.42076181342,6840.18569174876
1003.26632471385,3372.39495082607
1455.37900120375,3675.25502153848
6231.80480759689,9071.84813614297
7723.2292674879,6972.62776518496
9017.63472767598,7514.70102537693
1175.87393839328,8899.25466924485
705.629250568704,3223.77990388739
8679.10875744061,7741.71538404399
7312.18991870556,6928.66432209744
7950.66893944993,7769.62010337234
7645.36246055275,8425.03320381246
915.821033674286,3476.68148884264
1009.93906544217,9007.36892297575
8519.89080595567,7878.20737106509
1148.77959460514,9013.89236174919
932.592341042251,9235.6551490076
7117.77964537483,8317.69556049897
1574.97696587239,3355.62451041331
8067.00256685169,6830.3057886656
1808.20628122217,3061.82536676633
1628.57021013869,3850.33082053855
967.736116139782,3246.92683291744
6727.41226008509,7709.37591245672
8011.88414711873,7775.16176920275
7812.37244707393,7514.76751263072
2055.6653442103,9296.29967044519
1045.18601235311,3914.20114925098
7371.59680229801,7822.14276465182
2243.50543838189,4205.34285590496
7772.16880683874,8069.99888753244
1339.81019096259,9016.46360797483
917.846168674166,3599.88677461606
7152.68889887244,7645.71943544665
7697.67670127852,7992.47293624067
7292.48310351385,7666.18897600267
1584.53610044423,8148.14715359309
8206.47615181013,7532.648207834
1718.07005573819,8853.94833114944
8579.77328107321,5666.50110156189
7482.08894997083,6123.77865770408
7655.79638011416,8193.84482552658
1708.98801927256,8943.17219537942
1511.63087822406,8965.37598943667
1358.31486736242,3368.44133362996
1315.03772230519,3781.59312688589
7610.14045873756,7894.2289132154
1320.73912998187,3640.1150735242
6024.76334093028,6845.74833973207
7577.54982820179,6784.49752888428
1201.3027597042,9085.55567032221
1287.64422219083,9195.12825475695
7596.82956092263,7480.21785398331
2758.86189200868,3546.82283304209
1560.76970955889,8917.139491803
2223.87271116989,9058.23785128287
1405.90050367178,3709.68960980189
2846.16308126662,8639.46338989639
7926.94713355863,8007.45542780883
862.805924989205,3130.72222521765
3623.90567104686,8389.18601348719
6401.99698584502,8156.41023619068
4110.45927025046,8637.62139711607
1347.86225621981,3496.43093225176
1106.46498636897,3768.80293376769
1041.5797688796,8983.02778105414
7309.39603090983,6993.51927397712
1850.50764079677,9312.33311086467
4706.82665143559,7998.05880175392
7888.75277908219,7747.51227540547
7477.96624946727,7385.06452764541
1785.15430073143,3708.08692991608
1129.80046843419,3489.47653783345
8557.44935551852,8337.54137036653
1733.08990007276,3896.4321314347
7025.94299114138,8143.86113826843
5253.12925970194,4002.01523322834
618.230245900677,2873.68393321545
8795.48948425625,7066.32202304482
7077.91135383259,6674.62312558914
7511.20239448422,8371.33566803772
7871.80779457538,7570.06661854915
1348.55139296599,4098.18628333372
1358.61758434235,3971.85908469924
1459.78716514679,7413.89294557156
7041.3812289053,7906.03709577978
7293.82341465069,7814.80024973665
2518.02767070078,8721.51163779261
8731.06330817718,7446.34256072673
1179.31898676933,3442.06316572041
1050.63202030012,3633.70466785096
534.009986014898,2837.87364991401
1799.37233156565,9116.19633866327
876.316478752126,7679.90163503251
2123.56854155574,9071.72330384881
1505.49043580091,3480.73630559973
1590.36298928817,3780.73203175136
1504.36726212604,3364.65980832168
1262.90896452049,3339.8315663
1017.5820759747,9019.93456384875
7031.8364018615,8470.88458298935
6695.1239122421,7839.19006209529
7586.48157286708,7345.35731229791
8516.41009879172,7308.72397264711
7582.51500762477,7863.63699449999
7559.37907445038,5267.04000603536
6915.78707127505,6623.51377521271
4607.94727324955,7598.54244080688
886.479477462235,8491.81893735053
1150.77809775983,3541.29278573598
1570.83634026466,9446.58767787311
7728.49463723401,8621.01847496679
2001.91384608976,8127.34205936788
1019.21097426288,9059.05675312429
7772.72404577848,7330.88322548418
1384.67787914526,3366.78077230659
1263.46844064461,7670.5299315551
1264.61270838235,9123.4818107367
8549.16114061168,7325.08843757258
8246.78397091045,8216.99110219665
2415.49622178623,8311.45537735269
2776.44946636074,8419.07017273595
7619.88774615866,8261.38129254799
1424.08580783111,3793.14707516339
1201.07165698574,8854.77627146855
1109.86622205016,3304.51682162861
7630.95676382551,7320.83750633109
1497.00582084786,3640.65979841403
1145.37505253032,3600.61233509423
1524.91723544588,3708.00841014099
6987.017810497,7834.25777317628
8750.71050705685,6301.12948412348
1170.51826697562,3562.02799269947
941.982833668156,3202.81906174648
1199.65422592411,3378.23579382572
1617.31302665075,3645.97464878617
3188.78176911069,8556.02179495038
2175.62064099876,7991.58877106511
8480.55640194442,7831.18309578334
1386.554456341,3789.53787444409
1227.19005922093,9154.4144675535
7468.55374879309,7767.37179727263
1542.57881165325,3563.96197824064
1775.21946159811,9131.74174795983
1227.47983925591,3084.09403721861
1734.2115294728,8578.93482370509
1813.85710185333,9540.96380567921
771.9032069079,9080.10941623775
2270.17816350229,9553.61674695891
7365.66074182075,8383.42073274353
1369.85410874245,3404.96446497982
1127.54299865279,3197.66011060836
2953.53704749639,7970.54124210186
7327.207588959,7460.88825133598
7005.5774869575,6928.28882835196
4434.71285096238,6955.74714290539
1904.33429001804,9246.20538758372
6990.26373494442,8231.57287006877
1587.39252596233,5243.57863057535
7525.24170989415,7087.30013418564
1385.24818986074,3654.75449827634
8121.37899146082,6685.95945271717
5806.51124326767,7789.46129505278
7352.58074427958,7796.35406553566
6941.18194586319,7373.99414095681
1123.29351568754,3402.46875903743
7726.84695587006,7174.04650117056
8111.75342109883,7137.68140389482
1227.51939522595,9063.52531573475
1615.56554511395,8936.84875936205
7583.70352110687,7631.04001487688
7342.57953398084,7946.79523328318
1394.89784117269,3725.1016752991
1679.75434123254,3610.37000938266
7902.31085591386,7488.05631914963
6931.5461301397,7474.41854874492
7426.95236030073,7227.29980063848
2145.49785922807,8645.98087140016
1065.32850048745,3294.81452320644
7243.82432338244,7714.94026233625
8421.37760177425,7646.46804724935
7296.22183182301,8734.42147983515
1248.17073300131,8347.74746489006
6567.25388703426,7686.24871428298
5574.01807321599,3396.43938181382
1578.72155808153,8329.76361453765
1152.00434907765,3312.54678068497
1296.78091724176,8916.31549915033
7738.87161401019,7877.89056219815
1503.96116627026,3564.24795889347
7823.78686373687,9155.80563686063
7036.13387637053,6755.37660776327
7695.62800903902,8132.45365491144
1031.11452956149,3576.30211027516
1712.2293093203,3896.99926576856
8470.08790405763,6354.92667046011
6707.12488756522,7959.00451798468
5928.49625424083,6731.30636179078
8028.39472703423,7114.5109599919
2387.25082062981,9202.93666232666
1825.12715924079,9374.26776335539
7273.78352268742,7852.79865118139
1184.18971916304,3618.27773010736
1315.53928351136,3611.789309168
7385.66099620351,7797.84218112893
1799.47118325307,8776.69726598306
1626.69126302483,3791.70386197405
7136.13094706016,6883.82430252099
2021.07689447405,9115.06670473543
1127.90856908823,8632.68791517875
7626.89508029425,5140.80371977499
1462.58011003155,8013.8426946284
7790.63690871244,8175.29565696656
2208.79718217886,3806.49645608397
8332.97836645857,7523.97040682779
1649.21224840094,9166.9538632961
1450.27040929771,8674.9074559296
6943.0017025425,8043.52026966569
1819.91340517282,3785.08575499221
7986.50655618166,5476.21043626462
7080.11213384154,7895.86445878705
1215.74021199676,2667.64581927699
1756.32848836193,3881.22724612614
1949.31839533775,5110.99013605613
7530.35078680239,6946.43823863435
1041.4410730481,3628.48621407718
8319.32886052951,7657.75912594068
1630.81403622307,5556.7615063542
7072.08948744086,7897.3005685426
2972.88362575907,8864.97109330007
7267.49321694188,8424.43922485462
1183.02994299117,8858.18820525015
1296.34538165919,8983.0141267374
1610.31754998376,3884.54826519222
1353.26611134233,3348.32607198792
8158.06975928296,7510.51373389796
1798.51435002779,3913.26408579095
1743.04919457465,9107.4969921792
1756.64690299475,8977.32305977616
2717.53642008213,9384.62019284145
1300.7971142554,3273.10065417533
7971.79876375136,7559.73163971416
1579.71024536132,3715.77288233637
1428.40002658102,3475.48288679485
1631.04800345281,9041.70287380754
2181.58691303085,5293.85915742478
1536.69631246669,3943.1862205915
7601.18274483559,7445.50066893645
7799.35313883623,8055.48928381139
1531.22636155079,7682.57625089353
8357.72917281518,7506.20416860697
6747.26724378364,6975.30590781568
7910.85699330115,7154.81228189768
1293.40017477593,3451.82693638527
1344.75991301955,3535.48240125639
8079.78149394326,6829.20904358635
3574.41320938242,6725.05920379857
6937.50083494328,8093.53583643146
1166.19343639739,3477.10716125447
700.198988971269,3107.53382587203
1217.91427762525,8968.08879320079
7646.48498746216,8452.32313711963
1747.99513275618,8282.3724337806
7824.46742043545,5439.31150253076
699.088636053891,3101.00514716123
5963.00272877382,7246.77971367666
1753.82883746258,3797.42902390256
1427.39118031717,3504.95282315535
1513.52122634974,3650.74872640403
6741.49090799422,6127.39522492086
7501.57975561161,7639.31675075477
1397.67190666168,9236.904227561
1331.00429557308,9218.80060262685
8057.99272734933,6991.85729607183
7252.40211158186,7157.31721082753
1275.03166192762,3077.82404112312
6183.7464402602,8049.19401393432
7169.78780971973,8012.41829054475
1533.92022204101,3553.85108718799
8627.65750481968,7706.2175200803
8963.47387763352,8326.10859064455
1973.17923761878,9003.91531083497
1493.01454137229,3549.45223691935
7014.83917003891,8738.64139288203
7769.10778017783,7408.27957840206
7609.50849956291,7136.73901710729
8915.78611714362,7316.62093063528
7898.77827743359,6527.21363089998
942.735447264456,3512.71894281109
1186.03097070553,9129.53452371078
1469.5569348883,3620.75781452628
7888.44916614795,8455.03184512214
1180.77234653075,8615.97944436731
6576.28874086293,6831.18080744202
5488.08201842914,9008.08555225814
1335.5500992461,9281.99464231251
1623.19689342314,7902.82299381233
1314.99824845593,3981.70110957703
1442.93436877489,8999.99737856284
3279.32921463625,8578.45257708152
2042.13578589064,3787.32851939521
7470.99303943886,7687.98377875938
7816.26953523266,7835.82717748906
1277.63608744131,8700.61680068944
2129.0235696155,8378.18768669541
8262.87482910609,7726.81459939737
1618.31901165007,8938.38995125926
901.540669262143,8133.67569105704
6671.03357003271,7008.28172623292
1334.68166942136,3704.77723161375
2019.12678582713,8915.40186900887
7409.67965785639,7776.80828877147
763.246666177742,9005.56608045842
7456.42356241622,6697.75277174866
1850.36853502062,4609.74374234396
1106.28500091076,3616.88967273274
7566.71632986633,7719.09226011849
1018.18128211496,8210.98835938667
1947.92181697409,8824.87262063502
1742.3688434692,3737.31776297528
7283.34367935529,5713.35701400787
7338.5580548094,7776.18897945524
7583.12301284849,7815.41291488697
9042.8553573445,5469.94324582764
2327.84932992625,8639.10936071352
1383.03554973169,9282.39480201798
1520.73608426303,3740.14070239675
7070.91612471652,7392.16043318536
1787.13817738315,3693.24455636006
1077.53109756525,3213.27469900649
1889.61686504316,8995.84396495338
2793.64540451946,8349.54365544182
3800.84374529914,9082.76786803318
1406.69349683528,8671.14055779478
2958.02980373206,8779.69418156348
4561.43217212327,3377.26404914008
8823.88555251353,7555.30484390374
1928.20138181147,9054.62816603709
8483.70715313429,7421.39407656054
8224.42649610923,7409.22197625083
1032.96741097884,3619.98900598958
7889.22852095181,8151.59701070272
1067.11493468632,3361.08160198341
7898.02450217468,7069.06813258887
829.076827580877,3316.87463694964
1355.29679991488,3456.3944716705
1383.1732954282,8855.57841475276
1707.03147952039,3666.2775269792
1607.21089621196,3597.11505121315
6734.22525154913,7333.47731842211
7939.80723150417,7101.37301665297
1757.58549939048,8734.15786844513
8069.417570438,7731.42145483121
8664.00221376611,5839.29388457062
8131.65943705446,7802.77286285794
8603.22544000152,7607.52958001369
8096.9393779525,7209.36394902936
8074.92553159144,7214.50657748566
913.913088403364,8491.26388062393
1667.79573862428,8887.45174888915
1012.15042418796,8894.54808976442
8386.94841907502,7402.35285116957
1592.23932911096,9067.87701347613
7070.79941184586,7442.03715896249
1680.22681847701,8805.94780687116
7206.6265035245,5694.39987068278
1115.76551746866,9056.61486925987
1036.39325954588,3440.4635826122
7516.10426663354,6981.57191688871
7673.22502731484,6708.53145927655
1261.70676521227,9122.25805759
7155.91991732938,8059.38965289315
1907.49038938524,7175.15661750552
1964.57095530974,9064.84751461446
7630.28751958339,8133.2393308684
745.133290972656,3412.02544720681
6747.59605324661,7649.93165474483
7292.0781475293,7779.8991225525
1267.68564570701,8576.17943162003
1036.23829670385,8903.32579214509
2706.08853569488,5844.34384344164
2057.23254238225,8286.81797743818
1018.38873666509,8736.25861373005
1834.28648217489,3672.16122779147
715.579548613522,3336.32197357952
1251.78094492184,3808.21408256122
1411.53877330571,3811.46221039409
7364.87025577264,7491.25911998623
1072.88869459606,3293.23323511955
1887.18804507836,9366.54466611564
1033.12187731969,8509.88874142628
5942.96799840666,9322.99480849249
7307.53712633835,7128.85817108692
8867.25744236705,6857.61734070171
6660.30404430493,7541.42937587614
2035.20043351639,8477.30273343306
1935.75993232463,3623.72088465199
2117.82104149039,8329.83744948988
1592.26999387236,3719.40795647139
7333.99396414546,7504.49014622955
1182.52796643986,7942.27837683019
1345.82668805002,3756.3746111453
6784.10384615891,7330.86491587032
6951.19706087227,6929.33651843549
1399.27519229066,8588.45528973128
1444.6840724825,9306.87868045126
802.469604468428,8615.76267212246
7514.90483681857,6217.84920604213
8159.2581703379,8064.31332454441
641.789124358165,8932.04660437716
1663.3744702585,8479.3559581031
7741.5704315317,8722.94076966689
7319.98061662096,5769.23962610446
1790.81998212933,4167.18924695228
7526.34887974167,6620.75601140414
1075.31824363675,3229.66329962415
1405.4428012419,9133.03050900779
1398.35766431524,9099.34417578838
1472.01333873292,3693.79883544423
1882.07845000081,9106.77241026029
1414.35402422935,9178.80500225325
970.658792376377,9182.189194102
1270.71890739133,3284.1657457957
1487.04538549378,9131.65989366759
1149.81162565498,9073.44337837704
7235.96055364396,8410.36332071064
1597.46427202833,8956.42040760627
933.452098509723,9371.56661831537
1246.21383240236,8540.44891774099
4248.89120245617,9286.40623448795
6841.93700847354,8056.13877315483
1897.407583332,9316.37431587463
1526.71221472623,3863.08993058839
7708.37925623332,7301.29737443504
5279.89181396804,8299.4256125949
1194.36005371008,3564.2622033919
1139.66852928445,9222.68259250578
7260.56051208384,7714.43590117325
1018.97627870357,9217.17480174986
1729.88379690928,9221.36057987733
1074.51570521345,9157.16043626498
1572.46543056972,9200.03540028713
6463.36264057216,7373.96700450949
1680.25477314727,8921.79930130712
7529.84086633875,7224.01151249447
1350.32974435376,8047.02935795723
4043.70097855208,8420.60500011174
1918.4297241593,8783.89429303925
7219.14988754879,7746.45159256697
8127.64404840301,6875.39815896643
6844.21006636591,7843.74694485158
1741.55315657473,5173.60424884056
7106.53331492938,7159.58027954664
4790.07706036249,3809.81174079207
1725.69829782826,8995.49089148037
1094.56457451436,3234.12780528439
1205.51626533888,9080.90043864109
1810.23261867871,9203.2666272756
7299.56081528145,8403.79897932962
6814.58108573765,7022.6032390952
4020.91937727549,4016.90938379136
1904.25943364779,8408.46683431981
7408.38603975248,8054.39387663955
1963.17478518577,8822.69801942718
1345.58773206279,3433.91853491687
7796.60435456222,7506.26780837137
7078.75993804265,7291.98692487702
7654.91737324212,8249.88702090763
6375.35809370914,6691.63812427061
4555.35780728581,3970.37910124124
2044.21062904336,9009.7103614958
8549.76251208019,7152.43664174129
1108.26078802274,3428.04541421493
8152.62208311462,5851.09236391325
7079.23545915867,7760.31835197231
1256.05454454393,3596.15076190692
7385.68150055118,8295.92996870712
6442.55698561087,7754.44476894065
1360.34461683574,8216.8268246059
740.89777526113,2947.30114510004
1856.50278667538,3771.11103898505
1727.12850304025,3914.40165391221
1217.81660177439,3462.68484978808
6882.93598670519,6384.06430629528
7505.85538894183,7133.6732619868
1367.53709523036,3640.46078365517
8012.62227049845,8028.74689971806
1474.54267876768,9244.37982174014
7087.39274642259,7339.982269125
7664.93934410512,7423.41910110784
7885.28786476624,8247.13717713236
1863.53891914979,9047.10438310465
6709.13746191143,7032.11473840335
7122.15587818169,7717.74157794248
1467.3207554285,3881.03017347676
7442.14769719511,7730.12090843229
1658.7871140215,9361.4880677749
1000.65556394488,3596.13434817623
1255.00439032739,9186.32749494331
1465.74602787343,8816.86478141381
1007.84854319724,9408.89252217694
1588.93356452253,8150.12049562696
6149.99605372162,7409.16956396657
6109.65256836449,8978.31921147678
8196.52596054982,7763.72177048686
3507.87501972159,3868.91364018022
8578.80010263883,7226.30199200256
8540.53244136231,6877.51336735679
1740.49659400305,3523.70791287719
1355.14221307507,8833.6140613843
1299.98605150983,9193.36959954009
5601.63748582387,4557.72349481628
2681.1798906028,8792.81966124852
1555.21285250771,7693.91725671252
1593.72186496265,8215.76583204545
8173.37974880325,7853.85891870949
1243.64811136778,2870.53817192855
1394.93998070352,3613.00054169777
6251.44307566466,7421.49679309144
1122.42881471923,9660.30345507891
1885.00792839244,8337.98382358147
1231.44990266794,9203.36405422737
7379.59578621305,7699.02911365518
6173.43691285133,7353.93231368315
7536.9755253964,6836.47423328988
1013.16028620653,3337.61313199033
1501.37344655828,3618.73038226747
7580.07505266589,7879.00672691462
7386.50209157745,7252.90803757539
1090.41337329407,3192.64648413732
1071.69161584175,3410.57363198929
1175.64712261302,3667.1916380099
1155.96841410127,3157.00257832754
7433.43454996747,8721.95236925566
1744.94017140802,4020.6418136704
4812.14971939986,2777.61163645188
7215.82641770322,7284.89049872433
8170.20461293079,7819.00818635285
7835.1249364637,7902.19759211952
7584.64764327915,7514.37626054466
0,2640.05128427313
7218.40438287707,6825.97877677349
7807.63967696227,8118.67747194214
7671.38858538189,8075.656320223
9289.43131277168,5434.25789296237
1794.25610358731,4670.64146723892
7850.23054503194,8267.51638581261
5652.33927389078,7297.0760450656
1298.62534400848,3651.56673522026
1633.66990447625,4205.45277949025
1331.8819409983,8826.52814594527
2619.43572974349,4245.84270299249
7429.51204622093,9394.97301094018
1474.80551659949,3263.81601646121
7410.15374515247,7947.22526834166
1990.21860443585,7936.27540201005
1146.11787858741,9266.08526813368
1018.36170056592,3178.60952604366
1036.75891898677,9534.69431754564
1537.61846569994,8923.25545246974
2045.95498845232,8396.19990914304
7980.84715713601,7602.07357205103
2048.45846854564,8510.74021707653
3267.56153113206,8061.15516576393
7680.15171234091,7190.87099401499
7603.80374859928,8043.88082620145
1201.21643201416,3654.6923157347
8612.98196650826,7550.20096404549
1472.72227235059,3611.3867391325
8062.11672670383,5895.71118268076
706.008875836616,3357.62896965829
7891.16164118086,7794.8608064449
820.459499388476,3330.08492399242
1581.40471478836,9016.8381992709
1507.48641579362,8243.51706999574
7660.217436702,7746.1381153659
7938.25842871945,7903.48036359881
1897.03202896209,3365.59967893117
1468.97767864914,8953.54327726367
7684.37380612528,7554.17119031678
2201.86494333212,3619.46795788242
1047.8527782515,3180.18498762775
841.673208635986,8060.05516800369
2300.37630744598,8552.42509889103
8077.11097157064,6876.7091193616
756.065469866727,9057.27499994977
8037.4005493921,7922.65284539573
7868.32041240007,5808.08671757936
1494.48527160031,9037.75344998389
8630.49760065193,7198.97034161727
8547.48436233944,8240.02526315888
7488.64701943851,6901.821633003
4255.05953302642,8711.29485588603
8006.15995653255,7315.09182625814
8247.30964518735,7024.02205199675
2128.74395862996,9487.60013371973
7934.72608144417,7649.04523038332
7242.9124912405,8169.85950703105
769.084133446264,3395.44079843762
1480.36913054661,3580.40386653711
1024.09748691595,3412.45035503868
6902.32886906624,7408.0990081868
1095.85449156435,3374.34631502696
7185.33176062448,7480.45679585544
993.581619669265,3375.78221087615
7543.68049518013,7542.07761677186
8678.77674856965,7883.07604687883
7974.01127742204,7494.44963020349
1134.07147934141,8219.66316772377
7371.62099739821,7967.2949781887
7060.80378504392,7247.25887649756
1263.18117293015,9136.06520063911
1791.97390470758,9171.3502673464
1852.11391688852,9009.08803426455
518.436586570025,3178.61715773216
7272.82724489305,8292.05174572924
7288.85392605464,7143.97199668273
2054.37688003824,3610.63213490434
1645.9513675548,3360.74727745159
2149.5143919018,8454.83774926562
1104.3818325343,3678.54150096712
1228.27150244125,3431.27912045472
980.207659556568,3113.48244152412
6239.47736217015,5688.10941657709
1573.50785682244,3876.15326635262
1251.09384279963,8635.00986540677
1281.57579561208,5466.95097669912
6261.25689596998,7494.9013678398
1928.04882221343,8832.50959684671
1426.45268443039,9021.78381490185
1056.14808087261,3463.28280410639
1105.92507856793,3189.64710344359
1363.62222096883,3978.10109482867
7823.60747331175,8057.30029925806
787.094377198523,8956.01115010451
1400.77416404604,8889.29326074533
1758.97846705655,9102.6674473407
1210.94917775259,3666.59805956827
8518.29749129855,6524.26302368025
2833.99815753408,2963.86914463358
7377.08242055076,7280.09293007038
1925.89057601331,8455.66132052152
675.481912501652,3209.13034734611
7787.67804756694,7756.67332050605
1643.71897790001,8264.34440611692
1944.37225957886,3803.60075771949
7772.87269980948,8053.94039906376
7763.08157812219,8033.00411197713
1431.35458795402,3678.54146806421
1633.95982840811,3414.10710381811
1820.44465447622,2987.51603579053
1497.9108114803,9194.56993451112
2444.69960655133,8923.40361825939
1527.43051005458,3547.65376002725
7697.57025668913,7858.83947911827
8963.43956506561,7314.2406497539
9042.81734729242,7780.90622588226
8083.12785255061,7920.31039734144
4425.92147592793,9164.23486225533
7000.13610161061,7406.8156446556
150.669143527259,2803.43715846533
1657.65272883698,8959.38757464598
1420.69116238621,9096.52801446844
1641.38529849668,3789.39951302353
1367.06178212348,3172.27444490712
1696.94664256293,5004.21102177205
7299.91958116405,7348.37377709388
7461.78050171795,7265.47910558185
2186.05968383506,3760.99988962194
874.959740669087,8904.77160680885
1510.87107825819,9296.53061492365
1555.69722638222,7979.72297120067
2018.16911284095,9103.71514969017
6802.19742585412,5855.85883450358
1930.09472384075,7919.54060764018
7990.52063708143,8028.21971266057
1296.16439969648,4279.73600575865
6860.68907466865,7761.35526792928
8685.51490136568,6983.94079740304
1845.97423284473,9378.73623098347
1568.0171399038,3934.04690540203
7206.95758152831,7594.30707162311
1501.64876033398,7980.90356794477
7469.64961156965,7744.51638150143
2361.8548193716,8940.32956693496
1898.82965178543,9212.87258291721
1917.37825922864,8915.00954290591
1744.87110227553,8575.54971006236
1954.6235018194,8616.68899288892
7408.88225223554,7283.43891368623
1847.30303525206,7679.19410623137
1759.27404320041,3591.86202311613
1237.82549869195,8873.65507861562
6685.78675893515,6847.47670313178
6837.16426551877,5970.21997206731
2410.76764728887,8161.43101054353
1838.39336604031,3610.26548203353
2100.72325431846,8666.12697655719
8521.04112653861,8147.33343493966
4989.06944147025,5868.76627961338
908.900579963568,3697.55036216252
1483.4327123387,3714.32671156849
1819.34379062187,4061.3018324001
971.740147677638,3234.70095257076
6655.19903362376,6850.08167740045
1576.51260588283,3513.52243274894
1126.9287213616,3816.6835868061
7140.04216809785,7835.98176271292
4664.14522637424,9167.71009468887
1113.25913386512,3656.47921622491
1216.23857019378,8999.61870820973
1219.44107393187,3148.87049743651
1270.17061067643,8986.36214557591
1831.7223418797,3864.23393500958
2554.19794586929,8220.38090651506
6682.45658746639,7268.46131685591
1388.211612037,3075.79767420041
1860.87283821645,9212.77961810988
2240.85879361457,8615.19386317615
1705.7620313846,3869.16364103382
5019.90088092331,3361.23432637612
3800.1749580453,5300.93315812408
1008.28120531218,8426.4955322955
1493.9500740889,8514.06845919227
7666.93416400181,6644.41865825077
7783.79044626882,8195.83308452905
7821.48526031943,7695.72681109394
8692.36051043338,8070.58418495649
773.397095100098,3034.05284477961
6880.8111035121,7775.0293602862
1510.16253952113,3835.25051279689
1153.54113387468,3834.73231464741
1866.152400846,4952.77730847652
6391.82540360704,4058.79373488812
7016.10573958166,6947.96561028792
6249.16217868997,7882.93566836744
1028.09226452174,3602.86509800152
1453.39101630592,8946.97790025753
8958.39338028281,8121.26969288556
6673.69455367658,7834.49967158505
6891.92407698751,7437.2173066488
2385.39128031087,7632.10676526123
906.539461458922,3165.04595221494
1012.0016676244,7768.19129637019
6769.03395000848,7593.87513322418
8398.23136772322,6763.87087890846
7982.83467787925,7265.69709159499
6762.70309130747,7265.26235750349
7161.45559062811,7354.42332613548
6976.62371830191,7593.37590608291
7247.95238629653,7917.59086127918
1673.72910842641,3899.09888545736
7183.88498571565,7487.56432808227
1093.82279170135,3559.26507175245
1916.28784215434,8590.41083838351
8145.76135539227,7106.77675752328
1764.2440325348,4021.56179895104
2138.92025976834,8054.35792120891
7633.96643016361,7276.14123993304
1430.74794264272,8345.53347791917
2221.88992294681,9401.69854183456
992.123949461152,3203.51992195268
987.560774432091,8117.13715630743
1412.64889072051,8092.69752512315
7906.91459067614,8772.10342313245
1558.61496402399,3969.70626499609
1769.084135685,9011.69052453994
1320.66001624924,9202.71383371892
1191.75466443358,3185.13597147425
8036.48361191669,8032.28713972096
7495.94938093137,8078.4245815339
1593.27370198355,3587.7544425524
1198.00480859053,8537.06156686618
1253.64953877562,3369.55293340027
496.470126863941,3142.11656713666
7646.77202886003,8408.48800465615
7303.65380716349,7365.10894613185
2119.91578737562,9260.91300796303
7499.32908648097,7996.61395011652
8298.60913345242,7464.86170267602
7944.82365670956,7438.47087795914
1437.98781575013,3457.75540983721
6860.3184398217,5299.44692426279
7874.29596259748,7879.54052572732
1171.77541799656,3715.03530747848
7438.68439121694,7748.86521681155
4574.18508510117,8525.26774682313
8755.58877308522,6534.35990333525
7762.34267770271,8188.61948428511
1155.04881585217,3597.69023453202
7433.60011544865,7900.51846618667
7697.22631420644,6378.1917955062
7906.43975266942,8534.88123655139
7116.91674970101,7316.19227367229
4543.30612340396,3116.1920481306
6958.08115200264,8447.22977389052
1593.68029728341,8989.9158059123
5479.15850291587,3682.89517168007
7449.72546309313,7580.55254057501
6559.14910632872,8044.6694779605
1581.55314564711,9031.15049795611
2019.69459809013,8211.17376283264
1240.30392006543,8573.4392431709
1302.4070034781,3431.52593757539
1401.54132297952,3613.658187799
1742.021985514,9237.4062929829
864.472571838317,3145.10904916625
6670.33162321523,7782.75830074556
7318.83835529116,6605.27762516579
903.331089296619,5632.24074259027
1927.87950583434,8416.47479632291
1080.5975338989,3237.95544201145
1814.71961227489,3807.32590309235
931.143889767606,3078.12890065585
6871.31651697183,8105.3617352543
7382.62010113682,6850.24167581844
1363.28612463263,9077.82650512006
1237.71463362779,3660.27037343316
1032.67348513954,3374.50496543401
807.688012285599,3443.07499129219
1415.24550141161,9150.99394924701
7078.25729770688,7386.50302723097
1217.19840460514,3653.06482529158
757.756393337046,3015.19648616355
6966.6554559806,7838.63866811024
6666.40915977809,7021.50468506532
8040.80352968657,7326.11434728281
7076.0398937486,6641.08770450341
7804.11954056154,6204.82545161438
8774.37284858476,7180.37431374901
1030.64491771675,3416.51044818333
1781.84611017412,3871.95769260937
1757.53440845441,7615.67536473677
1743.38892497877,3614.85276331479
1306.78867432713,3296.3289125066
1063.35644259463,3738.03126562659
1765.56461220702,8468.59626593262
3299.27450258118,8218.87256151636
1250.36202110914,3562.88704106644
7701.4458795533,7619.99912309447
7603.1475434896,8149.64265950066
1437.29547925943,8915.11339949854
6536.39291394436,8011.16699233702
6869.81426546854,6898.32277869818
2292.71525666706,9204.71824822689
7734.4991065704,8334.60340705909
1261.57616822266,3494.00363009854
1121.91808101838,3418.19875981514
7601.16704385946,8228.48210515927
7677.53980499382,8198.07553414596
1336.68288051196,3323.66205814904
970.341805175727,3037.69137605184
1202.11028342829,8748.40975039312
3169.97723760532,8623.65884366272
1412.91055360582,8903.32444456037
792.18396475613,7835.36589906581
1547.14935314155,3832.87404151411
7732.81776645837,7935.23375000997
5990.14909678059,8149.94683493185
1157.8446920814,8425.21171305043
8526.75808204212,5456.49027487668
1349.92624207695,3163.92768676798
1461.54965776783,3245.4173718673
1862.00282354373,9154.37832792271
1521.64186972579,7906.52490839725
7437.47921712094,8382.6656643371
1276.93002482561,3464.64513238755
6290.53847958645,7218.67242995533
1888.97035099464,9266.25551294221
3467.65668414012,8859.04608280497
801.088752111958,3218.4890469676
1927.76917026789,8591.79079083853
6718.61397656779,6668.29554944849
804.369906035748,3259.15752198989
987.105125248732,3680.15969770013
6181.85451002748,7974.25747128799
1095.14650620248,3079.07248121683
6395.86428305555,8466.25733978071
1661.15421288615,8774.44485818808
7488.33766099971,7706.78820334194
6983.48056032762,7338.74152946657
1733.14144346799,9022.54785666269
1580.84030635881,8846.32334637065
952.045471459127,9187.6909253555
1159.91260032798,3511.74255537091
2728.67475994613,3510.13692273014
878.465194538156,3625.13487751209
7865.75856965574,7374.02640728883
2494.51094008493,8637.63475919862
8525.34154737333,7554.00074072317
7293.03593424584,7693.73456694203
6879.72710097111,7737.18465798797
8150.08039672131,7567.68571928436
1862.02070436989,9164.63205358331
8002.45481983366,7550.80759432677
2000.00673007925,8920.11513642129
9097.41142765276,6873.64097770917
1190.07710865782,7737.03494603561
1422.64221598071,3862.88736011244
1392.52238062776,3378.288017324
1322.35602913379,9130.86418467599
7039.70506911463,7902.70252452922
7188.81127905985,7776.68117327513
1618.18563796974,9223.44959661455
1370.49328856184,3312.74452376322
7111.99964200372,6164.55484097985
1723.13373303873,9009.87891693165
1758.74861622634,9315.41103153703
947.714223881156,3166.71649804079
1246.33406957127,3412.06407812784
9342.38069068988,6668.74507071495
1301.01727012548,3616.04967896938
775.316537281503,6580.18141587551
7069.70877821759,7383.79268782402
1193.13732164604,3408.75110918804
7709.48946170083,6841.73389950316
7153.8963948092,7822.21603668528
2019.07970383761,9188.68652887673
7712.37228150843,8285.75031831268
8519.3481720453,3911.09928768262
1762.22189008514,3884.96720612976
1531.49915804259,8222.33768770163
7297.69720142235,8411.23821606071
2329.33183304633,8651.91479600938
7754.79840633046,7078.17033323939
7265.61940290731,7995.73224725401
1209.37254898324,3807.45366698712
1497.26143266076,8664.37090416992
3785.60147819778,8854.3141966777
1063.48585188241,3371.42575522089
6088.22261390771,8149.90305331801
1104.46496191171,3520.89694675938
7171.51610837048,7560.97394123193
1750.10653314857,3783.91485498869
1505.3202706856,3762.7285241386
7188.91302337993,7175.37911926773
8347.2834096731,6900.75461167919
7472.85432841631,7828.72105523951
1573.87651661022,9198.64665744344
1656.05140968472,4087.29286160324
1359.26735084599,3750.84571486713
1133.62644716321,8875.24480518758
1379.96675776563,3834.71218534382
7297.79675446044,7139.53535589602
1635.87379434769,8916.55457441236
7613.47945476802,8095.86523177918
1239.21117866386,9191.05675798854
7408.88347743804,8400.22091645992
3023.69699206767,3108.1320109567
1838.09962410309,9005.78519702681
871.221796781211,3353.40721195383
1461.62325393453,8609.35988689025
1841.30002897099,9065.89567023388
8149.07373529726,8804.07734376623
1991.4125436995,4056.30272307761
7606.98639750107,7624.86821568732
1420.25002703368,3875.39920751616
7061.49037722196,6769.08561914511
7654.3844448858,7264.02393410844
2085.8410546319,9092.63724253025
3020.81316213432,4127.41407062674
6910.93617483693,7659.74477222151
1147.23179226244,3519.24137038563
1151.94539502815,9410.80109293126
7656.69202340027,7526.05996712553
1105.18138620194,8722.79970346526
1130.06435100099,8357.400578092
1331.01723955514,8509.84445877939
1123.84881084035,3445.34896572783
7124.3912113135,8571.28774132849
1879.10456208661,3837.75371326797
7589.40648964202,7974.15330946757
1504.90912571033,9245.45589330531
2378.85520354242,6420.71273005296
1225.15428407262,3541.13552512763
1620.72598662283,9102.81491330966
884.785251221727,8942.09510185085
1412.38730672447,3358.74974864645
938.393151771505,9155.54283554366
1822.76777467216,9201.90446010737
1347.68346427062,3608.75274673433
7648.3273640243,8342.05233116996
1254.1168374577,9074.33305308053
1346.83654920213,3236.97484435588
929.910185823949,9238.96072562238
2007.31511054662,4118.90861676
7098.96294524071,7283.36670695231
6329.30078790535,7506.74271929889
1753.14124036727,9084.02143552363
7791.27023945388,7563.36910821881
1102.48065382553,3576.75075626126
7451.27686887689,7438.99136658336
7575.74244337339,7720.46629167929
7010.32639636532,5991.11828534244
1927.22796505059,8990.54870125431
7134.18538125793,7519.69364487274
1753.61659505199,8979.92046570232
7551.59633928088,7598.10324925003
950.303087927341,3375.38713161
2044.38414380914,7722.57532928984
9221.72568694982,7150.53241384489
8258.36648272773,7611.08374789995
1165.44597536171,9032.80516991158
6816.4966091593,7462.1401839438
1394.78606270452,8829.70386340043
1563.45909303561,3691.04904721153
1131.41753331971,8865.39006414776
2583.64525157344,4443.47205019012
8283.93315670069,6785.11962779565
6666.00186009675,7555.60137188785
7192.57216349917,7525.75003830702
1809.10824965268,9326.46930704481
1092.83118938379,3278.42063882079
1470.50982719659,3841.32396059679
2495.58154361916,9115.75798314666
8660.29143378136,7577.9996030089
1091.49259583549,3254.97814083249
7766.00802789518,7867.34202223351
6967.34707395483,6555.54320551441
3014.95683866613,8679.4404670278
843.598052376438,3560.79518524743
1555.38359701921,9024.67708378336
7143.76935625547,7788.94052354138
837.420122975057,3439.20090867998
3118.28810751783,5332.37016686174
9126.01656481797,7389.71830573407
7717.70620950777,6898.84320632286
7635.14666064421,6553.51700438036
5759.41126478018,8435.30970317034
8904.51176932521,6839.5565177833
7924.51149424424,6484.76453110315
6768.15724856125,6646.76751458951
7419.23155099064,6992.73007164842
6271.52214088223,6971.09773604661
6526.50583950141,7721.02130917049
1569.55479658374,9437.92632686446
1020.13940514928,9093.9649077731
1451.05111208907,3635.02007683545
1986.46405108464,3542.93662966428
7569.07638391986,6829.89857850399
7543.89069073379,7767.48991371168
8315.76693093276,5826.69859606614
7666.25707139497,8160.25638695198
7852.10267845841,6637.37354869036
1132.55375110366,3409.45476413003
7102.51516251032,8253.42608876156
2027.82054212616,4419.30342255946
8009.56470823676,7976.20124274783
1731.19437884152,9387.36053942198
1014.63054807975,3131.00755000446
6882.15221467981,7128.38235539337
985.628821743845,9144.77344995272
1749.36529659151,3537.13399990235
7615.54675054122,8372.60998241428
1278.48286711421,3878.90898581266
1213.01731628083,3244.19402247702
6531.1925125837,7566.54062955943
7018.79783652268,7591.69139253779
1802.04657905979,8825.45724544757
919.757193625456,8556.72263885752
1571.89670863747,8958.01515773907
8050.55537028392,7004.47944549134
1056.03114061215,3540.74753080764
978.547963919079,3473.97381466235
7430.79037033284,8147.78896836229
1432.66101518189,8254.06237810421
910.95865952189,3080.17014572781
7779.66304507747,8025.9698884058
1990.16006166761,3645.89682833094
7244.56900647404,6761.60951521551
7309.62380201494,8198.01513532488
1121.13900930088,9004.79929931636
1029.9015024769,3675.15704491307
7393.61359096084,9008.92273506439
7224.86513739604,7324.27484672042
7626.57878336291,7480.69495024117
2211.93164791598,8480.4732636952
1014.00796664682,3397.8455869202
1896.07198507881,9133.93380484092
1396.94986746306,9199.26214755715
1877.87585356913,3380.49534314787
2064.07461237299,3889.78144913456
8636.39428214063,8286.76506422615
6409.51796285162,7421.92971386937
4160.56760728981,4074.64888419658
6742.08395658287,7924.61199309639
7270.74423405549,8252.61553016121
8072.19631287409,7251.02713757337
8993.84520747423,7852.48513184956
1502.23864225396,4361.3649867668
7570.41163242164,8208.73193408314
1404.80660838436,3943.47933779625
548.611585579458,2980.13492182581
1989.33455764586,3683.97536057964
7401.65895608062,7241.37552193457
1904.82682704945,8955.86536420362
1597.21693449562,8443.75215904351
1664.09686815379,3709.79457183861
1137.06885048073,3524.95448335474
7609.11580779422,6362.91505518882
7921.09847624221,7916.57075832113
1900.53269867965,8721.46546970857
1163.18916589406,3423.37860862515
1701.52676618605,3590.92074306862
9084.05834656975,7822.77979033311
6361.94598208656,8023.88397687698
7791.41198092043,7330.37413449227
1328.45371641065,3301.38354084299
1144.50276893555,3170.24250179312
3393.87806796006,8990.83881538243
2146.25443383232,7943.69095539436
8183.08610689863,7583.55116958503
8011.16869803939,8033.68527505708
1143.88911626641,3574.547711137
1077.67423944603,9025.93230379188
1652.13205084855,4437.60902905333
723.241941175268,3121.23232745096
8503.14973122779,4993.65121794073
1925.69215377188,3574.17912626661
1384.70889360237,8927.97560733071
7969.50748913573,5899.66710024629
1266.51560060996,3451.41694475984
1756.46750510909,3807.44949837997
6613.23130889121,7049.96064343018
1206.62173311112,3844.57688363623
1329.10196425593,3799.38732356559
7097.17223097385,7020.83796337533
1396.42525308611,5068.21451716105
3311.97758025836,9127.23664065422
4109.61018700367,8425.37740041078
1543.66811752771,9116.07138083448
2161.95491204951,8841.03487928439
1345.71003400991,9207.44039478102
1000.04024932269,3312.83258487809
7294.65845299552,8340.25630338058
1423.35078395317,8843.49333096226
8073.26976453322,8142.14048833497
7748.55499218385,7768.49392770118
6992.48874290336,5899.80297459975
688.611850327937,3734.99586647125
7566.33299465041,7195.94840597419
7702.22632697622,7065.86818865856
8879.35123328401,7583.6498551767
1743.77096979653,3607.05546701422
1452.54470563357,9090.31280263422
7035.6625692287,7256.49194875963
7063.22393303983,7819.22620815582
7934.07730676967,7861.41279361296
7243.5679110354,8363.76003773103
7286.55192608349,6830.782375757
1270.95772730719,3757.25176066499
2738.45130877832,7525.47811806408
2417.66139139427,8913.64788101204
1134.29015477261,7873.2374519996
992.113680240626,8858.62822092984
1180.79574781915,3480.58066546229
7688.33223782078,8174.06030217459
630.474902367194,3419.59774854916
7946.12569185695,8044.81478628297
7914.15810221652,7560.603525264
1238.43728069991,9582.13500614606
1574.32353812958,3555.70196667193
1086.89965893704,3319.4319603271
7643.57047591421,5999.11947343363
7066.95875172038,7029.6721972245
752.640688838294,8736.83543820444
1483.03796596045,8714.93187444558
8789.85748940814,5921.53465942526
1478.7809787649,3572.57793487712
6170.32693273495,7568.80649850219
1674.46325437488,8753.90531535231
1341.31446457156,3272.89558042921
8680.67501270267,7781.55640289465
984.339041527182,3180.18815948736
1238.74747525886,8937.18225212136
727.551592606747,3569.36290281542
7877.19753291537,7225.60110592946
947.043017946666,3389.09614672094
1166.82652054864,3241.7929563985
1282.10542742311,8445.30413281322
1333.79993641888,3406.06581913156
8150.04986947198,7672.7124339215
1391.93766009791,8252.46241668414
1161.10071201425,7901.99122219464
1058.46945556128,3232.08534497844
8245.7708578079,7819.25560448658
1546.03411337232,8160.50349783555
1921.56759022328,3774.18097710125
7914.82676541339,7457.38249477399
6519.69992899412,6926.52524550587
1555.60342956915,3765.40675525423
1440.48894825989,7998.69883943279
7951.13312810115,8030.4986431747
1276.12897720963,8995.2935347702
1176.85491541059,3776.77440314165
1690.01015524546,9172.08539374151
8067.43146089573,6489.89216334919
1892.55803201374,9159.34220452801
2132.24881904934,3486.63515139084
6763.76621546378,7839.26593902613
1416.44263142127,9019.01476807438
1524.32831241154,3850.3048664218
872.639332517852,3126.13308563346
9018.3043451121,7644.52731960732
7630.62379302644,7339.61689281139
1377.40723531592,3698.98383231779
6920.72239134761,8003.36838444508
1154.09638142641,3583.97968469075
3098.09523128781,4231.49210608283
1788.0555856511,8146.68369507942
3019.37255207787,5525.60820721396
7602.2491243381,7343.35697272501
1761.02067845609,8544.33280164427
849.036987122429,3127.05579056821
1582.35436391161,8454.8642265877
1866.34565791883,4349.10536742099
7534.55029221431,7766.51662610743
1147.9429517275,3202.30390597235
1510.63984186292,3413.1752829736
1290.62691287797,9159.55473792105
1538.1203740801,3999.65272709401
1253.34094635087,3319.3159318969
1593.34658398288,4261.79548408266
6824.66870406814,7813.85591098615
7524.92381860021,7828.7883472018
947.413266008226,3571.46831954623
7233.5151656173,7472.27549653067
1342.50439387991,3591.97219524844
6728.54960553448,7077.88778986569
1099.70938881051,3356.78301441783
7531.45355487981,7626.48141589914
4572.68060933147,8227.57390956568
1330.59928968866,3469.35203059512
1783.98190918358,9057.15059912034
1613.33068000958,9171.21432896508
1245.26710074062,7856.04707314114
6541.91273665134,7436.87952896572
7410.5940264475,7791.87200005119
7352.98570174975,7209.4146190598
7342.58931954802,6933.31422968832
1514.16025143769,8364.71701586653
861.904256495615,3536.62923639653
7350.67487091885,7055.83388108707
1351.23386730865,8564.72179967555
7444.90270507276,8210.65504572916
656.781703179416,3005.43473848008
7130.69500962823,6091.32917387449
1450.75512500062,3597.85482516534
1492.15305629748,3707.376052148
8072.54704684521,8404.65047433193
1458.25337221435,3337.8326867697
1627.39378541727,8721.55705552557
1409.42337793279,3944.31892989057
7692.1853838907,6172.00951300064
8127.23210412856,6983.82110216319
3557.67216865949,8834.47779416934
1278.29836674103,3672.25594459861
6901.56534193769,8233.02075177322
6742.29979656422,8011.1145507895
1491.78512342768,8505.29097893437
7725.92862906342,7582.12033010187
1300.2482420671,3334.96289395887
7164.75952444998,7070.93319506764
2365.79473065794,8809.53315749482
1570.27916302066,9063.68336738372
8327.47457095884,6599.5194706264
1649.34101655149,3694.5065738014
7213.51275250402,8207.02444857269
1037.04419394256,9432.79539415523
1715.56512355434,9268.6150416097
8522.43983781929,7151.74842829242
6478.67044377207,6986.77460028502
6781.34234725563,7584.8167299914
7658.78439832803,7421.00318956785
1639.77528232199,3521.50825876926
7574.30734640502,7778.92646626865
1676.69598672768,8263.38424363468
1700.07893130663,9442.57517236604
7706.94599941025,7540.65280195382
6700.99336198698,7805.16467508341
7719.12476334196,7661.43176091042
1198.09093653668,9199.19917389984
1735.79163005542,4197.26815009967
524.167333187157,3217.00549853284
2345.81933868237,3296.3446511863
1951.94462262648,8420.70943446066
1269.36328541971,8819.9434484723
1636.85283082351,9035.48880107425
923.036247044325,3708.58917865422
1520.79646164862,8940.45390191614
1327.88128157066,3670.72352611688
6731.80935988466,7825.03326774386
8394.62699096909,7209.90183771994
7705.94492438226,8071.28545422659
1050.32983721853,3498.86986702687
6745.96424767504,7550.35227307884
1280.97546807764,8791.50466500472
7833.71872170949,7953.48010607397
1235.17261336271,9028.07185523992
1064.58677930176,8924.81197405816
6580.31730289065,8242.03671221372
7339.73772986014,6676.32618133583
685.977704720303,8974.7045053496
1646.42962875155,9070.29185673827
874.622756421718,3227.85272442281
1747.93834497178,8185.1866152894
1441.23062298373,3327.01651321086
1918.47206114031,6716.2607059732
1643.95909787189,4351.03608600517
6452.58526567713,7112.66567144834
1810.65120145698,9211.95666330718
871.798748871747,8762.12221137548
6664.21336214371,7553.06990793297
1673.66953434015,9149.36261797836
2669.59449201955,8523.10161935285
2398.55280493943,8805.31139716591
7764.72010342787,8252.96317350418
7523.66676383544,7742.88921738343
6561.95378811042,7683.70937753278
2277.34650753155,3684.39457834729
7256.20922055899,8205.55508269597
813.98161581513,3455.59780077584
1295.11897535908,3560.43717897903
1236.49309284649,8847.7348676528
1077.8376651471,3601.90030751289
7948.38122411811,7498.10984329345
1589.68395059121,3459.06020840936
1629.93940970753,9153.7997547762
7656.10020374045,6551.35434825911
8560.05072189066,6714.56064617864
6077.57844136705,8071.14754874688
1939.97409051165,7862.32820777522
1390.67458820006,3211.13677620706
1071.71516135348,3432.51115355911
6947.13862709413,8078.89814260548
984.383963828195,3337.18743460732
935.057549795529,8571.74717124727
7351.25420697182,7774.66144498388
1455.62935627729,8926.64319384253
1536.80987108794,9186.04304750209
1450.09826311898,8501.46616251545
7652.84524474857,7506.13889138159
3350.78745431264,4223.0094578683
1637.03282362289,3650.50447942835
1368.42105219204,9262.55963429453
8075.07452190701,6329.23596602409
8353.11766007981,7493.21612232705
1359.06791358489,8126.99458078078
7777.6407694466,6940.42210933599
1649.68976451707,8409.30994068185
7473.51759988215,7496.52785268403
8682.61538404355,7575.1070841357
8010.42216776705,4457.78887533529
1461.53246482391,5012.49234054894
6698.61477946532,7472.60724906826
1206.69904107887,3559.97419556278
4062.57140233862,7380.01713902231
1843.18450469231,8984.71277879481
831.606580596957,8767.94391246224
8508.81747421059,7225.27939676298
8239.43339187328,8298.59272363725
816.739630476757,3120.06231512602
2034.53377191398,8343.49567564274
1079.50571432136,8936.6859826002
6779.93998141555,7946.98360080138
1195.53956342995,8323.25031974295
7797.58157543384,7451.80595864211
1500.03872962333,3659.1244576763
1242.96628197734,9183.99352242515
1692.65433842778,9243.70605303159
8854.92612720598,7458.91865655555
2384.72418662834,9040.93517033401
1287.82704187396,9101.0951895111
1225.12789925867,3625.37820450477
2151.71862334723,8785.42724463092
1190.19586080633,8863.89582162034
7521.43506972036,7328.43933678567
4080.24768994711,9044.43941814734
1376.82131500863,3557.55070138501
2445.5870008505,3454.03229903486
1156.25930278866,9118.1092213457
1693.74403279017,9049.76571924479
7491.306987198,7217.41251353685
1123.60244872098,8984.76462573027
729.628411869819,3552.373796436
1668.10633682762,9115.37405800771
943.283119551868,3531.10710911003
7703.55275469848,7710.81659799684
694.135772135577,8750.89157646048
8791.65257980047,7506.9552353847
2803.93681688241,8613.01983073271
8556.09708067302,8224.23507340246
1307.78293208857,3652.78647163441
839.408090474129,3245.19448315111
7371.46499331782,5550.96643750643
1422.11169202647,9029.32235015001
6932.97387415302,7586.27085737308
1128.72030916257,8399.83226824503
1199.03481701358,3686.52740502488
2125.58678322676,9096.73385231025
1239.8205050472,3644.8652389158
628.624871246496,9163.53213097321
1172.69426834825,9129.64624093213
7615.70756317683,6936.56997354244
1300.90353659628,3714.39302866258
1423.39429378717,8484.15233108833
6980.61499275804,7231.79501527442
1448.80652898001,7328.49831794051
7537.53448538751,4126.33087986072
6807.66249109617,7848.93135640071
7533.22780573979,7381.79310514907
7946.11627212151,6318.75780588374
8150.8184415864,7093.90137541272
2439.98782661133,8259.20981505883
7880.80028758447,6834.51549802598
6960.79193257057,7828.30167208398
1228.33112420126,3867.02971439193
1239.6651399663,8849.54691520415
9390.48417227375,8007.35450109138
4358.15887080464,8817.5996725011
5935.31955157916,3936.12033152353
1084.62894093186,3690.23828653358
7831.83176916439,6189.96204791908
7378.12249742172,7269.54246968674
1723.65053996992,8666.45961686815
773.6328989087,3507.60477421141
7681.06767449582,8405.38463451609
918.618760379961,8907.5634960661
8010.7676435719,7467.58435995135
1692.94918888483,8427.64504526064
6764.16502912552,7249.77894950771
7794.48923639549,8142.71990868401
1188.75774264065,9059.2788721331
7915.27242526131,7747.55971912443
1203.54641218867,3286.66938807706
1786.25222978741,9055.47965337675
1791.41290824104,9371.8571743604
1090.31928256381,3364.33270662525
1359.99017005455,9139.73216213385
8138.04488621995,7032.16792857372
1306.88025872249,3236.13447580534
1688.94134656175,4379.42602198462
1781.72978564375,9024.05637262674
7127.95607835075,7659.62710094367
7411.06172445794,7730.26184092137
8143.41212369705,8067.81146940578
6426.57376728124,8264.83077831388
1883.5153436515,9085.01130583608
7607.2799029547,8085.52863008557
7862.64773498035,7768.34730981992
1341.35423713163,3601.03006443022
7960.01857536811,9158.36104945894
7278.91238663113,8212.93438513085
1928.23588397477,8514.84471516745
1098.68619762313,9163.35919214405
7196.3729223732,7373.86283312071
906.78008727615,9717.53625285547
782.593805060614,9113.34869744529
7170.11351187638,6154.24806459221
2590.89121923924,8703.46416525009
882.205720660007,3662.4665044011
1035.62812423623,3393.74542348971
1402.92757376378,3818.21061757772
854.255095676013,3259.93191295631
7073.19055290058,7669.94993027596
1788.20104550587,9109.5973878483
6598.98835045991,5793.62520443957
8386.69657303407,7115.08094707872
1128.48400339357,8920.2677434195
7887.0653793405,7225.42551820627
7257.11788492082,7790.52278789419
1185.43083984585,4136.1179165105
6402.03044062415,8026.36145240792
1691.0811727281,8937.04485040474
1778.8344669602,3741.64541358741
2234.63412321101,3939.45875453571
830.395168149422,3389.87021436005
6748.25578470418,7894.55922095618
1623.5504059709,9041.14919159302
1657.77818307645,8546.3287642831
7575.56196055597,7674.44757977597
2490.61172124256,8221.68798171797
1836.05410666316,9274.27839414546
1441.68030125246,3550.29715876144
7599.75373011019,8172.31294740714
7651.15418351576,7639.08100627684
1771.47898791184,8458.09506754598
8615.91662135421,4233.59535058744
8079.68714574795,7420.36542272232
1890.53112986052,8999.94002122084
7491.19432522867,6762.95399189752
868.190273091558,3231.65669321697
1690.20387585345,4539.45137331819
1075.71708694291,3420.39660289616
7939.69011393855,7067.22754497944
1753.92142115378,9038.44946393315
8707.8863688283,7225.25405931377
7220.30324351929,7227.07742393764
1736.80166368948,3607.37663046179
7861.921934183,7514.67875025817
7615.72158141203,7616.79701270111
6980.47953294392,7542.67386572362
1495.82925733856,9294.61018199423
1450.91891896397,8467.59309293092
7913.82460903574,7284.56220904678
2089.94719274976,8836.50254365877
2221.80334242623,9862.68480559665
1508.89052921195,9420.37417612526
1004.08099481991,8866.01266259929
1102.6228064851,3168.30936351556
8469.25127716971,8179.51236182665
910.158106910073,3358.03092644893
1042.85660299796,3122.53710060067
7128.85883196807,7926.37682237711
2026.55728015131,8769.40886859179
8456.61108056308,7041.63856402742
5198.7560317198,3721.85603495212
7165.34850544653,8124.09060823797
1480.35242630795,8467.03198095982
1220.77982208191,9014.21332084006
6055.19571405424,4049.68004506865
1721.79178310466,9228.20317411763
1621.23442526804,8565.56639124424
1202.37723479004,3622.18936129346
1238.24792402305,3362.81379691118
8249.71268256941,7999.52567209604
8920.96341201691,7664.66910258932
1642.81085074343,9074.62982025054
3901.99061824799,8590.08913392444
7629.30246948699,7309.78230275549
7306.77781944791,7645.40625494764
7434.07330370521,7377.65526067651
1304.66458683341,7842.40525044567
8711.73254570622,8733.96228204768
7226.27730491629,6352.62582530837
2147.70497788145,8965.48997269995
7219.58417803841,7838.09119088452
2151.26833456746,7416.04388184804
1772.41583461933,3811.44643590584
7763.02398717022,8029.86047425861
6790.04615373111,7180.61185430652
8261.79039333964,7558.56714875397
1429.61574256234,8927.07893070454
7169.59827479039,6575.7853672538
8536.44412919391,5826.55317662737
745.998498064068,3195.1201949724
8119.94343312181,7970.07393281193
1338.78661448292,3786.75520698581
7014.15749766596,7515.19873053721
1838.7262388005,3808.22823389784
1478.03701638455,3892.49391162755
1223.05113218668,3532.83494684115
7451.06725825387,8293.1932573835
1260.87842967554,3796.01460916951
7177.0061098693,7413.76574760137
8379.56427292874,7203.92534571948
1409.25084784593,8854.2933247348
1381.42325747818,3774.83371363263
3523.86163309647,9060.99818048374
1431.56872372476,9042.38944085524
1223.18189754465,6339.48826837117
7485.08336090328,7890.84104606126
8241.57069754694,7415.21471120187
1541.83004250191,4045.70091786053
1424.92314642968,8966.06094589854
8045.509180587,7687.01265112877
7770.75574171514,6469.19691290626
7330.0969727716,7644.78336727888
1717.3331588941,8934.76596897118
1167.70605015998,3262.93685489421
1215.73872872772,3702.1743295561
1036.05098170395,9254.16121087714
1264.29245394576,3514.78986462292
1614.15316703936,4100.41220418487
6797.19999332071,6939.16070539213
1133.85144292343,3196.28169244474
6656.24420328285,7815.92386354781
1451.29166712828,3588.37165962747
7838.83388988842,7793.85182238262
1835.93499641205,3701.62077404804
8759.48507588299,6529.90581504538
1758.62978968772,8890.24947123296
1437.12272144286,8578.00940985958
752.003630099868,3161.30115566252
2187.79368176222,9451.92783341322
6458.47456690069,6988.29904265442
1703.74979282435,9206.07480144445
1187.51959899675,7607.96772776137
1425.61082899778,8333.45636603107
2485.82500200004,8446.30660720533
1049.50995166979,3549.27818772052
1253.6050575069,3304.73288285776
1631.93544800284,8344.29925621923
8271.03823545415,7723.94351039229
1395.66301249915,9293.16685687226
7473.76222481019,7045.40679775651
1329.15425652066,8619.21880201035
7672.79258698241,7927.90219687645
1991.04355528991,3442.03213665745
1199.3061785635,3419.12189183551
6288.4559996228,9124.91468525398
7161.29403052645,7368.91682229329
1604.87734844875,3693.09053964621
1584.34195102362,9021.10154933683
3968.47998489372,9250.95455493026
974.41652871816,3159.67808822639
7408.21707082265,7963.23904374612
8051.29064784949,7733.06136438285
949.174457431556,2947.23368615889
7327.10278822469,7676.43382001253
1152.35139295286,8960.31065034718
1970.4331598899,9304.80336029294
7717.46857725187,7277.91231226664
1596.13215668334,3393.23564534849
1195.11488336974,3654.29967108134
1281.82382299406,4059.26265190715
8421.69454183401,6685.17894334886
1387.24660186153,8803.74728575075
8102.90286842072,7555.71903124002
4840.43406656229,8779.79149070871
1373.63976561167,3533.41412502406
2083.32267577333,8737.06832281983
5924.65984718049,5127.6308606374
1551.33731935566,3795.28749950288
1009.22072867681,3477.24504447428
7748.63996518135,7087.07036928063
8371.77563300975,8745.16355354574
1230.61909283842,3645.2764965705
1428.37233830109,9152.05046865867
7583.16108008771,8281.38614542178
1493.51478250473,3624.11788445889
1504.75299874065,3028.39300999305
7444.9414056055,6991.6635129018
1904.44057565056,9195.00797512324
6975.80918426936,8072.41715072256
1603.97986512245,8784.58692021807
1590.97042455113,9232.91354692655
7596.8790549802,6997.86528499729
1295.11062748314,8845.02644451464
1248.94682715113,3698.57234266015
2912.11055697715,5611.17378022103
1434.41264564834,8829.93031762971
1561.94955489144,3885.46857872454
2042.99912258561,8456.94353482163
2025.77905616264,8003.0424068691
2588.78440540205,8925.24931965664
7735.76157067082,7323.51997651208
1442.57287887359,8991.88851337054
6455.96253171191,7730.04393062001
7774.85593960478,7660.12294246173
1673.50762738287,7605.86504334815
7731.16862896017,7276.76369211531
7719.89049412214,7140.89064062466
1551.67158318596,3549.96830462631
2022.2456053159,8666.9161637581
1572.36978239855,8627.65830585974
8044.23839279184,5590.0556994251
957.118171950603,3196.96065307311
2676.45848335347,8792.86642596409
1653.76555363972,3678.1685054181
1706.97069837963,8504.43644892905
1335.78783103076,4036.40271791896
9041.89434906472,8464.91962188864
1539.68154373719,9171.33158273651
1449.44924278141,3540.05095988497
1013.05139761095,3279.01108081251
8634.09000974313,6682.12650321608
7892.33527561281,8185.13614628478
1500.85595446304,8921.23379492048
7464.16700839426,7046.45887115433
7489.76247661641,7409.648109027
1693.1377151313,8832.45461781732
6767.81688321856,8032.21269299597
6083.90429065091,7130.99533815875
1189.48191901448,9267.33098536555
1182.84565247718,3439.68060893973
2848.74785632076,3848.49791445874
7140.2634243905,7833.82405039349
8004.32400271978,7827.83714954659
1467.82918839125,9239.20427934037
7534.57691882676,7692.49979304482
1535.71209812468,8844.4373887603
8100.64214459869,7712.58566345731
2546.80535077724,9203.27333225607
1677.41529673744,3557.37077162063
1026.4729269441,8981.7883797042
1046.78229232241,3385.15234355331
8527.37199865254,7023.76887298734
1622.66362065374,7737.40926507393
1378.75762931112,3529.68912783889
7149.05421537817,8182.14566776272
1591.02859759494,8835.1560107621
1612.16206065893,3809.12332352917
1311.07565945288,3601.71595637878
1285.38357835425,3349.4941542803
1480.7275253821,6718.9426685354
885.185409334302,3203.0350849015
1014.52995526218,3244.56915616492
1958.96392015558,9184.99527860203
966.824841139488,3345.31711885743
1779.96979840243,3993.90806241873
8531.482003533,7201.26160793208
1631.22385904681,3695.19378564992
5300.05046568302,8561.09666077446
904.837360429083,3428.02518530708
1632.32212836637,9022.03995889657
1606.26770666633,3668.43893006082
5816.21377081802,7555.98484552599
8381.83574816435,7604.88530399928
7858.08137483425,7542.15177474766
7056.71874516814,5986.92934309593
1571.62119758729,4594.35822952835
7171.59329836498,7462.28130507017
1297.452910025,8724.50296660564
7905.01398676595,6681.73654745327
951.819907651965,4018.68397388423
7711.39508523579,7574.82627453174
7112.97579011182,7447.4453494065
1654.86476251227,3368.69669275943
7482.74878257065,7481.38189456095
1497.67965307297,4853.84800081468
934.333803991594,9154.43790987772
936.110062138329,3079.00663712829
8310.83900685959,4502.43863183331
7864.36287646396,7783.41502450812
1228.89232279159,8901.35625179584
7247.99552697495,7747.89299674893
2173.63202389059,8716.55006594318
1807.79596920802,9028.36088963019
1884.04928994218,8481.27563868587
1539.94635163643,9003.73030648442
1834.75871205777,3925.52816734582
7139.43493367968,7140.52686335137
1612.63037188016,3658.49801529679
1975.02466330036,8618.71816613379
7177.05573774771,8547.65679937055
1864.93829441788,8991.5241999459
1213.9910994332,3446.14804994725
1112.78777875783,3497.12591789418
8501.81978984641,6926.49625175854
1272.32937661907,8219.58506135997
1490.02866624455,3636.41030549159
7370.96234915237,6667.88155913121
1937.81344415274,8939.62906038265
8022.60444751311,7604.54535365183
1157.43347048321,3732.92479008377
1987.2156832926,3842.48897651358
2596.17005690444,5835.83582488405
1800.89102123836,3610.81347831004
2027.21582835158,8284.60299958584
1431.38428955869,7902.55993249291
7707.45659370576,6522.54268924007
1893.34541586495,8756.63224255413
1154.4035273769,3387.08445785446
1523.01780878241,5306.77146316404
1623.07910296986,3695.5033240603
8884.94146059417,8034.29663772192
7556.10608641065,7373.65207026586
7506.90379282528,7201.2420802818
8577.36966965869,7112.82679758668
6675.91945605804,7789.66016296585
1983.63613217166,9173.4998897017
8923.99057525998,8000.58315418928
8429.73809039784,4655.97049993563
1363.24161641305,8445.08947469547
1549.17789690107,3719.74776483833
6982.24348821901,8289.10290423454
1421.2938824116,3676.47341786004
1912.60329939397,8773.34163493463
1318.55442602958,3659.6022602025
7372.70633847559,7679.54972831927
8114.33976687569,7931.85344630644
2168.97135539164,8986.79975214437
7689.44817899523,7692.67182866144
7717.39144403294,7869.55326131637
2038.13447927206,7623.26522481528
8523.25205357924,7957.27012096073
1456.10708737058,9138.18620880293
8059.25864641856,8021.20184086
824.595646012374,3388.52465751251
1118.9060023303,8802.95418153325
7752.68714868275,8936.62823642752
2058.88685801744,4082.23324095757
1633.9982897708,3894.09813172623
7466.37085109755,8284.29269854496
7591.53953431318,8232.23011978884
7747.75825090429,8333.44984409462
1290.13573483679,9212.88779392594
1537.28132334087,3792.43186104972
8115.18254968237,7624.3352934816
1352.6701500573,8949.87806283452
6134.13101641671,7359.88444257151
6722.14259584428,7855.45346035399
1791.32310790168,8923.48019120795
7676.04867047219,8385.4674396361
999.274232231382,8816.83067138128
875.730910852923,3480.8203239522
7171.62819508955,7519.82170131624
8482.97066938306,7618.57222576405
1696.41424906881,8867.48800821207
788.980777327306,3147.1527085206
1731.45139576556,9074.33499970291
2356.98802090629,9167.73552066897
1051.99464237453,3443.53101188546
1808.53981900378,9182.11116188248
7059.76951068351,5240.03531571985
1632.14735072247,8168.64032652909
1244.19979848542,7415.53717405169
1173.88964572864,8822.42944396239
1211.31232667478,3601.94155177851
7673.69807322113,6949.16860128671
1587.21272943345,5458.75873209343
8580.76352202585,7325.8840267262
1866.55761616551,8737.74715283099
833.737952041578,3143.07051350977
8454.230142533,7592.6355750873
8172.18614378738,6721.10084803594
1593.21361979145,3820.65429248099
6432.448928666,7883.56788506707
7597.72935989193,7295.72721038755
1788.2499028959,8722.6050333206
2394.35346927294,8385.79017555522
7672.86920217185,8663.74086758746
7340.45035963741,8421.22039948345
8386.27842493064,7467.31459763933
1206.76473360576,3564.57106412008
7337.23539632306,7884.23041908724
7538.40276821656,6542.31620789113
3937.07406849012,3723.3830902344
1306.10285884194,2885.19426327833
982.950827389131,9233.33627228967
2109.13633231372,9392.60724606159
7750.42692923268,7848.79048133026
2110.11128309221,3771.63020359474
2343.77291482493,8938.74846877584
1955.8961931768,3774.20072114658
7747.71291664407,8420.63425492893
1106.26533391566,8415.21200569341
6486.60428883321,7864.82176742084
8371.87739908467,7598.42449969408
1329.82644778412,8394.21972828611
2587.67174852,8901.01097608538
963.489062108217,2981.46004895909
907.057555135328,2974.49460216963
7702.04636474117,7590.50577297763
7797.44940936604,7725.79099559196
8027.02959520635,6896.79092739989
1257.37180188422,8974.05029721219
6268.17448113155,7324.00632928704
5919.52870755838,7448.9068930276
1694.84931981106,8848.88767799463
1256.3246440402,7546.4849992439
7737.21485699629,8175.34298774196
6461.51975362705,7614.77333478178
880.285644052965,3079.91079972332
1296.37916647709,8322.04973978661
1054.82693862977,8753.17511582935
7325.27859916042,6561.01039504007
670.936291154605,3473.94517119092
1912.9902803324,8899.16374174594
5990.76508366036,7747.11937179296
1906.91405983553,8021.78538834916
8872.31502930549,7751.57550849016
7624.29069209907,7575.87219058204
1361.54153863722,4040.89158569895
7526.89906582323,7507.55623426426
1804.41894236584,9104.32660048296
1377.76167849241,8516.46662208652
1279.94774696182,3302.87888348101
7474.88853921492,7862.0022914536
7563.90247759731,7948.59271219459
6924.47723876014,7164.15550724768
2089.31666923704,8276.54521957433
1282.06493936779,8355.37326483135
1265.14621005594,3401.67282819189
1708.03971965788,4192.91448453526
8139.24374845666,7585.00133573099
6872.28834370046,7317.60508136766
2039.18249474949,8976.39318193798
8378.74566775867,7975.99053057664
876.416242837054,3421.77383672843
7495.90533578176,7718.58386704751
2349.73729123376,8982.59095440613
8579.71232091846,9151.33160939736
7302.29914633531,7807.61768483834
7209.20761902295,8020.88568655126
6666.7965346596,7898.3264448985
2079.89592173058,8904.79226558298
1458.02350735933,3772.83549154316
7173.22584842678,7688.08581651499
7446.47939772941,7838.61327577515
1154.16226581151,3356.03773183098
7609.94177692212,7967.68171637514
702.10522264718,3389.6982937668
8059.85490910531,7549.89407064503
1030.27953287041,9020.52226735574
1988.11992539065,8920.71460030126
1384.15872449328,9217.41882795008
6741.19091157332,7544.18354591997
978.437268436342,3458.06792266811
1104.07998812441,8371.61482835324
1874.68289800892,8934.30575404569
1320.67185265794,3449.82993653934
6264.30738041947,7602.93390331193
1669.99805094155,3880.89923123586
1402.38009782547,4185.1093063091
8076.63107448001,7361.72459500726
1825.65241157795,9167.82467595667
7082.78030222877,7327.57607688215
824.214416759353,3382.59695877188
7034.9986077804,8352.6603680639
8384.7188585092,7128.50838801998
8985.62642107245,7740.25737086245
8404.74773751487,8157.22723454428
6937.87068198864,7487.29682877537
882.131009648115,3564.96488618532
1978.12594534191,8251.51922027235
1210.40088052647,8192.23414407341
1889.63095523757,8612.47278763906
1438.26191692621,3787.68242499025
1655.02392823503,9000.47416901378
1327.61566212,7850.67428440328
2431.02279414814,3604.95851881895
2188.55173490935,9106.91595652987
2016.70781519062,7709.26916773858
1262.0240888159,9334.00218869815
6143.58675016172,7959.64857975223
6378.08229835457,7313.29092379148
1061.52037574104,3345.04302342506
1346.39723216271,3912.47610133979
7886.5906444435,7710.27958164854
1677.82625235933,4072.77887924657
8500.40451984778,7531.36266887723
7989.77136405388,7247.28100712002
704.432972689578,3068.79829975096
1063.85354289433,3313.48432851489
1444.31837116047,3913.01080229413
7566.6323259577,7863.21401248997
1411.49824538356,9048.15008224471
1428.2067391977,3778.80307602037
7979.11451684647,8085.35359733792
7577.61560389885,8041.35285706943
8000.46863489988,8629.47408036076
1404.49869057133,8795.57202738464
7580.53037187445,8025.329170914
1473.9001054537,8225.8956766602
1100.50748465597,8650.16218759217
7367.35322072588,8600.28003048803
1490.52034554831,3638.82828113174
8147.67328953722,6546.35170318424
1247.59306368894,3436.38590113719
2363.2938374424,9317.16064987893
4150.8139115934,6581.47573612478
1310.65650862719,4153.44280023037
1484.05873601478,9142.45982377216
2028.2348704609,8956.86145885696
6574.69155192316,7208.90766114766
1485.89951055424,9237.83766245683
1662.241768812,9303.43789621254
3418.28669930518,9216.33257553428
1029.29338736636,2912.31220889034
760.475927713417,3229.42915096689
7716.22094353893,7917.42927185822
2045.40997345823,9216.72238099595
8148.35353073236,7196.74503334439
1183.75428928072,3149.96311782558
1523.37454782372,7801.27067411094
1763.79785461659,8726.74802037652
1192.06898685399,3801.64167082603
1879.88249833866,9203.3726710529
1141.29124403002,8818.14197159319
1789.73367767238,9194.76074662344
7253.08517455971,7699.40700476622
1171.48853179144,3646.97612160595
1773.41245908859,9369.81076610378
1697.50538645376,8929.00657012707
1736.99934615168,3765.82449295298
1727.19710963935,4022.7757610731
1976.92907664902,9055.56428283708
8403.10988125993,7381.16155069426
1359.39883878049,3359.83216312502
933.090581556104,9053.47470779802
1446.0753539416,3206.53951402661
8218.76801467808,6806.28565868117
3207.58735925248,8936.37892354532
2229.76170085896,3502.03031620727
7956.59082632764,8289.12401870736
932.602955201543,3202.72005090953
1358.75625428449,3697.57662033329
7454.5302763171,7418.25626700174
1591.06328304078,3875.05871245664
1214.58320015029,7404.57938663499
918.7030127204,3272.66474131594
1536.79745344408,3484.00450523416
8272.60343354781,7189.84575307523
1251.45243211808,9132.32481990482
1207.27933943836,9437.02743839233
8409.52269055794,7718.6329543446
8109.42358559348,7664.55773626672
1300.38266174635,3263.29401187763
1311.27446766936,7878.31147802525
1500.58935906638,8719.47381360651
1032.37528014815,9026.87233063272
7737.25252993564,7509.38799316405
1317.64130209891,3364.81863914896
1467.25082912523,8976.85346305817
1796.942537478,9062.73773748932
7461.55729151898,7577.94048634933
7338.85337895565,8112.9464705855
1702.11321741412,3598.74586008611
2063.06338384804,8575.45486510591
1413.78309192512,9220.58703638903
7169.42455122582,7760.47391705034
1116.48160001119,3338.80719898053
1539.45141251423,3575.51687736637
1474.79593017967,3247.40739810378
6950.26091012567,7705.20134429441
8446.44828535513,7449.52373198129
969.272364946432,8754.68418911791
8545.19266025987,7596.17984109524
7780.18895255817,7585.53708796298
911.441913833686,3546.34033754115
1465.52415623853,3831.83504093933
1455.66881908206,9399.70175329887
1132.66919966486,8874.70584777092
7745.24744554362,8325.51285863903
6598.11640149338,8299.7930698386
1358.35714327594,3753.63357525677
6972.35099386277,7526.87797169311
1723.17054503121,9105.43053947739
5503.56178626441,5652.10200889432
6956.12367968213,8519.63892778934
1426.52320293976,3295.98668148315
7038.7374989959,7793.55496943979
1363.28331417238,3523.2654267551
1699.84464554105,3906.64120121292
1363.88680929498,9129.98937342749
881.812124270731,2934.6584252285
963.731498912347,3419.35472250172
1539.60821872233,9181.59906702687
8416.64123253148,6591.09127758292
1170.49439060385,9183.15719317091
7221.77442812942,7532.89886786331
7345.06917585684,7082.22398621381
7727.45971345487,7322.39339331842
7761.84159394239,7530.75084933287
807.543846205198,8193.9340975943
3435.27647201602,8929.6927020391
1713.01847356242,8989.76684806304
2805.44828049488,3617.63763869874
8800.97699663887,7533.90052455029
1537.76894825224,8976.45299643637
1352.92540370557,9195.12170923907
7918.7528097493,7181.71389734712
1699.08669195882,3344.24718298876
7086.81401883748,7723.07419140883
7237.46912087844,7510.47100962724
2146.44805770986,7305.77468894208
4932.44215634328,7641.9247329182
2294.8682489671,8731.35813562267
1477.54087350229,9099.62893589972
8044.02660360706,7646.36155474117
1460.34965152868,3962.83465738052
1460.30220621606,9105.69801492656
1295.83020978251,3526.88720475336
1454.98787031566,8436.88635000246
7708.12877328247,5324.23373555633
1378.4154051194,3767.94178801619
8278.22561284698,8546.87906701832
1181.43438255462,3241.69529310338
1209.24102213786,3631.06504317062
1985.06243223252,3841.30996542071
7894.45912179418,7134.55328301179
838.716954812983,3441.25500619124
1677.2586590572,9233.42402956886
1176.72385565825,8992.2037793253
1136.94378083513,3493.29657965467
7325.79129476838,7774.19644071183
6622.2780827465,8235.26365296763
1285.34800729915,3391.30215233861
885.074354466056,3513.10657937615
1713.83778196181,8927.53742991946
6587.91216944806,7856.5744671412
1397.45654675925,4025.33685879652
1308.24149664804,3609.30453801379
1840.41656762131,3728.46953965246
1580.09627875832,3888.76112861002
1541.01334317558,3925.6157059171
1502.2772699566,3553.9447481595
1598.03095710608,9153.88852949383
2738.76274036464,8834.59955558055
1223.28860633983,8859.38744833112
4932.71491725232,8976.12412663906
7683.11689961653,7044.63109496649
1207.30836175933,8933.78776891604
2196.91861466976,8229.53674353869
1411.45270511588,8802.16000833315
1381.64340379863,5567.8754464021
7968.84989288126,9133.77102774556
7410.77345351783,7069.55706625539
7383.82484792905,8342.16248430331
1663.05544191225,8975.00680718594
7766.02703837195,7763.54749026443
1639.46784414964,8013.30501125822
2371.89620781392,8948.44491213294
1440.43302200571,3564.1369577298
1085.62920084689,9107.60265572232
6622.93589609758,5902.73076049772
7527.40145194401,7830.52482721047
7225.88672424595,7880.08941806786
1729.96143040005,7602.62494585555
1714.58328718132,9010.05800097726
1742.76073958714,8873.92758373734
7871.18912482339,6298.52465287409
8032.11615628584,7125.60529738008
6714.38220409131,8035.14690528664
1547.91249969904,8808.53630244549
1151.92035740576,9158.93640080767
1771.0466170383,8985.49132361151
1267.55767966453,7226.18799505855
8174.00208592052,7174.76912043978
7019.91854917885,8277.94237730978
1035.67825333885,8736.7449082822
1729.80877130754,3750.58995656199
8579.9723980228,7551.39725289111
1591.84236634929,9239.35546372087
7357.86454682562,7756.64181107073
8233.35814563443,6281.2074515491
7326.5600326094,6908.77777314305
9269.95102674052,7667.50954335712
851.309636865573,3338.08583538656
7437.24073632264,8402.3947095679
1573.24874319791,3353.23004364291
1265.32333576941,9276.95738473334
7296.20336397166,6979.86262514172
1669.30678671106,8841.82383590774
1852.3823686641,8606.74837172108
7910.97197302303,8271.55483921297
7997.93171582315,7063.65639249963
1133.87424927274,3579.34082806882
6631.12226134814,8067.86576868998
1643.24638585764,4031.30086218616
8438.05442362599,8764.30274337357
6238.88801750653,7407.7717844154
1643.5411360469,8715.58867097793
1200.74400556981,8931.68170399709
7372.98344454291,7679.68046521317
2419.17071901521,3424.7646795126
7746.53437354588,6554.05562731781
1339.54936641956,8999.45019254832
1920.00719521723,8580.61427767466
7157.08226439324,8278.18044531693
968.3640626147,3446.42853582697
1666.7245685078,9467.78396649479
2763.12022983223,9178.64492788038
6020.68341181592,4664.13418024387
2299.44369679833,8225.13236781504
1346.65144339305,8568.85668654287
1037.93337257386,3394.8339381744
2733.56956105484,8828.83707668017
2358.8263212014,8945.49218416768
1435.28393034248,9292.42242882434
8067.01270676196,7155.39319954827
6461.20092365071,7651.30429915061
7948.13762065639,7780.07927592221
1438.98168953266,3493.66492767074
895.413141255358,3148.12603984144
920.4925136914,3174.25431885769
1521.57089068591,9091.13512134313
1448.74620551949,3739.86425647189
2217.66155086155,7741.68301732262
1262.76459537172,3677.68246996332
7441.57323541524,8523.15753977357
8562.41106918729,7890.61191484176
1432.05899634702,3369.53290957628
1332.42830089823,9021.80973972307
6146.0383759341,7308.6178354652
8458.34854636884,8239.38392715299
7127.72349987418,8125.66829666717
1451.96666322964,3651.5390380859
1040.86299390451,3176.30897447263
1826.31381873768,8597.72345902346
1346.20510383546,3550.78680264358
7442.6815886299,7812.48539091914
7476.83011540095,7467.24040454888
962.833177747409,9053.0515379265
7674.81273572561,7822.38801381204
8486.52655619495,7456.26479343675
7528.48691644265,7964.45171401111
6520.24716311864,7074.9123907498
942.55148440448,3466.57921356359
1480.91700051422,9017.83220373119
1062.34221051799,8813.76907687594
8308.55494651139,6982.14036325899
1296.08896007739,8677.00783926645
7880.97724598824,7475.40893092595
1306.42065997902,9120.65636209183
5144.69651205046,9057.08036670263
1629.41326875176,8991.40206645218
1848.82424320877,8846.70111431715
2157.96733809347,8990.40072448184
778.554105986023,3375.03988989079
7902.57641649508,7884.70349598591
3435.63570627871,5427.31497479731
1678.27717012318,9111.55215361682
893.569870575011,2388.68010494707
7239.26712910344,7975.08190669908
1914.1141721672,7684.24367776289
2162.59606447854,9103.05975712865
7848.78156631623,5387.44869132288
7634.45361981022,7572.43675491623
7340.56869310484,8322.0729526284
2030.69054204194,8872.69897225986
7665.04926633973,7494.58461533001
2464.98984768318,9020.71135280791
2657.63539295864,8279.63050673586
1526.29852212218,3714.0402420405
6840.34048247308,6873.9073335906
1617.10203902582,8721.70315293927
8199.1479000433,6646.70623890307
6902.97114975077,7668.80368958968
1352.44511514579,8211.15842003004
6342.32496127135,7509.42701896443
6898.39039450775,7214.07850962393
1150.78194091083,9197.86922363794
2448.16108204525,8497.25205673
2647.02785568159,9056.27085221789
1231.9184882604,3636.33715104833
7332.07898193811,7471.91505635079
8309.29447987059,7815.23065768671
1007.21306496516,8889.30145369466
8788.21178805738,6827.72936658584
7815.23275087865,7156.34714182544
1544.28198496366,8748.96925196667
1645.9192993978,3628.01904365824
1340.93910778814,3786.33881347708
828.116247888651,9080.55293192342
1376.83044969068,3829.09802645072
6945.06947316553,7866.82201284365
1451.00533653297,3703.23551679039
2203.94624535236,9292.74854365634
6907.95194608483,7603.45341816968
6130.11807243569,6995.43940248679
1707.94807724419,3583.63936704445
7577.2441943747,7814.85283132549
1986.14121650784,8994.48077328126
1395.09610687839,3677.62787951862
1665.78049019001,9214.78122717825
6353.07622130429,7829.04848179126
7983.63626235844,7744.46463763213
1442.00871999234,9099.74336103783
6791.36647534557,7163.52594909067
7820.23384866894,7819.43991925606
1747.11557413872,8893.52468500552
1551.93518422618,8791.77252838396
3844.06453383059,8721.80805414746
1709.21100848673,3534.6756660591
7225.78979037609,9283.58422726379
1155.63142491909,3603.16947986051
7594.71124489382,7363.09463732765
1802.13898569721,8052.66468133119
1476.75424525854,8129.94812528706
1630.58782907325,3947.09761381789
1506.54438072518,4078.45788307025
7331.96005248975,7054.18581652308
1165.77841185908,8291.7130242733
1120.55087546137,3457.52221133846
1695.30101378089,3676.23352134601
2221.83489146389,9311.36289738529
665.277320456911,9025.90051770692
2183.12084267936,8139.75935931894
7712.99011384674,7819.55848696348
2185.77247019737,9265.04767416189
7077.32365805076,6960.07490898601
1499.62001751242,9000.36643840724
1307.33618270789,3609.70577739044
7422.39749721009,8311.83218807538
7799.22558852249,7668.01671985862
1655.47807241634,9112.52435178195
1625.06575721401,9120.38132089692
1115.84568738284,3553.7970572503
7721.91576762707,7295.50656051022
884.286430427645,3225.58459015614
7024.48669798718,7682.0372503405
7278.10694763858,7318.05791480182
1818.73641173975,8791.0231683142
7705.03308709433,8342.2668579702
1866.5153912371,9044.28066480564
1721.0951226735,3732.30116943609
1308.31669635751,3450.51981561177
1434.07456006357,9251.46769425415
8094.72689411235,7529.08030703966
1696.33475063078,7245.42473758901
8262.41809678922,6938.74028151584
9355.76056029766,7983.15476753025
7878.64876344303,7793.43837646123
1589.79816379964,7863.83570094063
1316.03708536789,3870.15032963154
8478.04013098349,7667.44751798005
1382.24492355675,9176.28308707971
7867.62798213125,8224.93475573124
1348.30964159751,3580.93487731153
1537.68435843465,7711.80948814923
4023.9756871562,5011.26702708363
6954.24636495605,8067.91027424904
590.890323045969,3350.71251939795
2355.04484454976,3978.00783629298
8619.07138981568,7672.12843285833
1385.30771422845,9066.14483921784
8368.55688696139,7602.16487757882
1361.92067625732,9005.01615033934
7869.72213835242,7226.65894623492
6594.61868874822,7998.96043150339
1038.18334920988,3404.01368960468
2057.13529269455,8898.75855866342
7534.58203946634,8113.6694238634
940.524986242148,9087.43488319677
1261.28204429498,8887.83759027483
965.065445614591,3414.19873135302
2298.58209808757,8867.45261311733
7775.02123708246,7419.49269642725
1467.00450639422,3833.82098435529
1698.88919847058,8105.45902690102
1512.20193739366,3716.97657963126
7728.063305867,8035.94789973517
1326.20057816872,3438.22561623487
7054.74127621351,8149.99447930748
7755.41985643959,7770.12901926145
2097.87330890367,8304.86585224814
1397.04652054917,3801.89372455184
913.920317369572,7664.82120261099
2126.59341261455,3419.9472469822
1244.92463605212,3710.46718355446
3364.76125483821,8623.08290990041
1646.97321793557,8994.19541377194
1333.12721221432,7320.26421381166
1565.52064494804,8966.41630210513
1788.15140176911,4172.69430205888
1983.3314230542,9211.500618603
7851.38670641921,7081.97536995059
3385.42806459723,5666.93333494723
1698.49906659318,9183.05783368651
1535.22297986223,8717.68509465659
1795.42439578077,7802.31278350019
1425.47716306366,3911.82284195237
8965.63786946592,8040.80489977735
1560.01802225854,8199.65727858231
1764.62450208538,4438.62680206589
6889.64553669695,7165.32225818825
1855.20566162274,8766.93687327524
1191.2493851254,9231.21337625407
2343.65037699628,9122.4985275167
8137.5192930953,6716.69691627266
1695.54210670139,3813.91698053441
1741.02445164617,8890.874909632
8228.13319290725,7675.62606262298
7710.90719431186,8074.99898505602
1428.46620498129,4282.44626711489
1294.64475032911,8802.8574607744
1125.76929741773,4816.38673169933
7546.49198746283,7156.30887595775
8907.24431876136,7725.02715777992
6300.92994073668,7984.91059450078
6781.71481813039,8716.75861729794
1728.18407257414,9445.1790909114
1114.80185603423,8899.16750535706
8637.39837147743,5733.72676700112
1653.6583223994,9327.2280146494
8124.48485411851,7924.85229238139
9232.15640982634,7438.62851355065
1543.12742948756,8570.83958182976
7719.46073979311,7818.56657781993
8146.1727167592,6153.24130795493
1243.46906236072,3911.74193685185
7990.29414618914,7432.93517054152
1503.57584419497,8902.58657802645
2092.86268068258,9046.8415515061
7784.16105245617,4857.5136712393
697.218122742834,3370.01428675861
1994.684376605,3727.66930431396
7305.11777495926,7578.87592406501
1566.80502327269,8098.2324840838
2551.46595406066,8978.33886006648
7434.361539594,6561.05240088891
1682.83382476478,8819.58646848998
7710.04568354839,6917.20441482974
699.906420532876,9117.08990758971
8091.66609872264,5711.79907386395
7461.47107618833,7086.28719725824
1921.11648583914,8214.64557314956
6222.78457668708,7167.88139250127
7033.07212277584,7358.00417272727
929.460464463191,9247.72456132785
1586.25824096309,8176.25109525107
1707.84118637815,3388.71337333182
1087.86239281772,7481.89404353911
1270.15314160979,9048.26180713855
7481.97643352076,6618.04680465631
896.01300819183,8698.02768858051
8180.54012631075,7355.7483050945
7529.34191035741,7625.10762506882
7836.72919445225,8165.5636868629
2143.58856866185,3443.58038148692
1102.41820802656,6689.60323813432
2174.5243313715,8108.91525756809
764.847347680713,3544.35284873437
1858.84072756029,8734.93879850532
1393.55648717893,3491.01394336577
8679.98401820812,7338.42281415528
2076.426439317,3849.84214248107
1952.23030941732,3896.49308495314
7644.81266683962,8117.22769684889
1615.03453310434,3724.7979560091
7614.47325657484,6456.94420306805
8727.36895961511,7621.66881528302
7222.2738068776,7322.34601062125
7581.44528780786,6565.49144224881
7456.53539621689,7982.88855127102
6941.27909564824,7037.05621904106
7422.12542128868,7131.84379975704
1347.54062960181,3389.91123555486
6812.77580855761,7287.35120943965
7317.9620480684,7321.60091905923
1485.40570029964,8508.72416279083
1056.43092627587,3636.89466162141
8177.32375351443,7097.69515518094
1598.80345586862,8988.74204484029
7012.42553532675,8642.07816415555
7324.04844060388,7019.73755968863
8751.93420918474,7609.66373194778
8488.53424529125,7591.02586920393
1396.37464931888,9070.59970822682
1176.60092326401,3109.7083906252
5962.87515114222,7786.64340735748
7641.99795970616,7309.4788351915
7503.77479420573,8265.78918194249
8252.64250240489,8564.55185459664
1157.77419118061,8865.95388168655
2486.9046713479,9208.43804184215
7265.88016820714,7675.26847519778
3511.90938660129,8996.94230693965
3448.5681936416,7992.23661851877
7572.52203812417,7812.13104728896
7503.8340048839,7393.02575383257
6734.33420856556,7743.05146455594
2269.78608850078,7807.45448649056
7361.42711238535,7842.97339753031
3504.24685906643,3182.65385113682
1929.81343907115,9085.05838664363
6279.07743210519,7464.39430429753
1156.44749321015,4039.24668052492
6693.28188959342,7953.5408813424
1966.7140748755,8632.99576725619
7216.94001556101,7355.1893665706
7886.35065562545,7568.78884410444
1672.59152433045,5091.71866307793
7091.89170714542,8057.20004561049
1536.34690934538,8897.17535449771
1784.38558949486,8938.52675385671
6872.73110570183,7713.19709484811
7576.15100826701,6766.26896767954
7506.41936079864,7995.39478392284
1385.00037449054,3810.17551766582
7811.62664606271,7679.77781994521
1719.21945023955,9206.40752766207
7090.57146428842,7040.21214035188
7046.59271032123,6291.8428428463
1388.55809418438,8809.44255751714
1282.79630983622,4225.84606865521
1701.8838323436,3757.41030411676
7142.24084472264,8314.07452161982
1051.47585728018,3577.49693880004
6365.88066674704,8027.02592264961
1396.00292800833,3851.02014669077
7750.98929411363,7061.83946290529
1229.02642459318,9174.16208924746
1580.36779126389,8125.2141467395
8456.19038480777,7680.49274758598
1558.84595691294,7434.53806605296
1328.25502162204,8783.44810231466
6443.75478079877,6322.76404612401
7747.26984367737,8144.12217783638
7892.05425191612,7074.13127697787
7734.78543691751,7775.46908344317
9082.40499044935,7263.8801307258
7318.54360529954,8266.32592734429
7784.22567619157,7717.31741517205
8194.9408943012,7081.98910451447
7192.01398192415,6886.31527152316
1775.91616751291,9117.7255266117
6511.03999849887,3862.20593492907
1052.26409908241,8739.40205101623
3976.9056553714,3994.1215743142
1371.8763754726,9139.97883144122
7934.38968256334,7836.66750088056
8112.59325809493,7282.72384764516
6706.83253364519,7229.01546421527
6901.74605809306,6649.69982702135
6927.90384637204,6966.55791680418
867.736884459689,3757.13939084946
2247.5116327705,3656.59247751051
9483.14450020859,7990.3544949384
7606.47955755597,7091.06584296454
8241.98315976982,9226.5258887873
7420.32480489831,7727.58424061177
7571.20304649424,6901.70775776736
7471.88206480491,5315.75592909362
1479.34777692193,8805.51581657862
1257.69488831557,3537.03979214369
7405.96208106762,5925.00344918481
1162.6568518127,3342.13263545419
926.698711848158,3258.26936874435
6869.73777703994,5006.96656622775
2342.92783827835,4376.28437663287
1508.29041857716,9045.28996244371
8145.16817221005,6964.11655892121
1525.47478826528,8431.75329960247
941.856068158312,3301.30361311233
1634.44768275544,3496.13936445859
8592.61393246396,7082.95306831758
6502.28975352236,7434.02460861209
7645.97215112587,8062.62494187328
1661.15279796838,8405.70535087521
1100.46692932187,3532.25798884677
1593.50451041111,8307.89032261169
1683.73782607668,4469.1728829537
983.064545658478,3247.25839772002
1531.71363034202,7901.44495248078
973.788480136346,3408.92554881932
1291.89689411297,3742.95014067937
2075.52444514113,8703.11743572475
1702.42211802488,8741.22830174979
7364.99769168107,7262.75959500266
6824.85898573132,5292.09814490943
1570.12386523737,4120.02896956068
1175.65022554361,8116.91441982971
1599.17459050009,4128.54728404063
1481.82464513715,3616.59563928516
1170.27847299364,3710.21683862911
1449.53794668683,8886.8182984211
547.961301577262,8657.63411721731
6758.13475646789,8040.56033674393
7062.61607553997,7355.42900508269
7560.04284822054,6744.47077204008
908.109611769089,3202.84851147903
7270.57761017026,4861.5576079909
8329.19882091245,7500.10336328759
2026.28168680814,8977.17534495577
984.82057224404,3371.53941009595
7533.5981264313,9195.89262800676
1446.93410183304,3242.31438947199
1475.47000817657,8664.36246135609
7279.28385771406,8162.18702963423
1195.26806075099,3321.60114992465
2868.84852013388,8104.28357765618
1922.31040950928,8915.00070795407
7050.86322594236,8074.0107998699
2106.58480362801,8975.21005438148
7360.29547980541,7999.98584849907
1951.49678088911,9049.69953610709
1531.75679919452,8972.86744778423
931.367289139943,3296.60301915783
2004.48763946439,9275.95937190996
2054.6504099215,8822.60567800111
1366.72130095304,3813.26282538955
2337.46538341616,8932.49621374157
2008.36928094727,9170.35189516067
6477.89649706411,9152.66211994423
1494.50593926165,9056.96440470633
1110.41296530185,3668.62356028683
6472.06548800029,7182.35059660998
1212.25694325416,3744.90322876966
6085.83139862585,7678.27630636611
8757.27348169372,6539.84719800841
7808.32935173855,8086.20786066116
2104.74494584638,3913.02681655315
1226.921917218,8083.44573964514
1148.28488111858,3151.35431709787
4774.29050854972,9010.05999719874
885.858886921231,3325.60693917731
6131.40217198382,7634.68392578232
2383.87378719244,3886.07174994483
1715.01488678975,3583.71045190149
722.346502445608,7599.02102326819
3133.34335888474,9111.19173035836
1795.54579985599,8705.11488148201
4410.40124965591,4006.31046431186
5556.80395489402,9045.53936826556
1418.02276618667,8079.81109546783
7063.89002665412,7315.16267475967
926.26541075112,3107.80075918422
7816.57490319075,7921.97884961785
1530.73363428184,8937.14170287269
862.140780636041,9093.83508778239
8639.58552006939,7327.48210583052
944.268601741933,8977.37578386531
1881.9531933473,7954.03708186563
1053.56534104754,3560.38082865343
600.432857233538,2981.90783688256
1396.29592256441,3533.08081627414
1997.30323949854,3517.22274856849
996.31117848646,3279.04290714463
2141.53948302302,3821.04411044508
901.383882740757,3277.0491328198
1284.93965251503,3356.76086298678
1324.54977120761,8944.34365228427
1237.81453725856,3823.56650735075
841.409525469551,3316.84304655962
1683.3147574144,8981.4765715907
7578.86780770579,8166.87423005876
1420.3962959826,3715.87071131887
3094.25956733927,8113.01568030561
1250.36839573127,8656.59602658786
1088.71848693078,8417.81595640353
2500.13918185015,9016.34030029996
898.003963477311,9015.89394846806
2073.14567454314,8888.50432873837
1645.37595845679,3458.8120479378
1187.5153708148,3665.69671238828
7289.45218150388,7679.02397684563
2531.82096977602,7664.75027092367
7783.43444319896,7881.32701843329
7761.12071175216,7079.93543113167
3247.06363652403,8743.22857379084
7673.33011919265,7527.71792304948
6840.69318333758,7314.11998197169
6667.07478435873,8291.1554511698
1560.46828166939,8712.82219830729
7549.36125569692,7995.70860514085
944.75434152479,2993.91141336731
1538.66574996516,4465.73162786504
1363.11588646394,3913.38772401984
6728.98681462412,5032.46102902724
2033.02081833711,9358.06640065081
9296.94661325158,7789.55839072296
7176.42624497856,7377.84474680349
2162.07358240261,3759.87796782942
8282.70405262481,8056.10764822412
843.22948422234,3158.43516660639
1782.08363159774,9039.23391434046
1117.90317075273,3288.30348171851
1191.61292811499,3368.14279784694
7031.18194890949,7536.08443593099
1465.88300460166,8764.80843742346
1496.32525649746,3820.24533010504
8109.78651935473,4364.81459383923
1223.09543113518,3381.02812123445
1484.73608364551,3539.19535704367
1590.69503343285,8866.66097311591
1077.71219570937,8403.50065340929
1636.33213609964,3699.84738353175
7333.91339440331,6240.33711544879
851.939246648338,9161.04636421191
4551.79475981346,9105.50102881035
1589.5225342382,8820.67740964015
4988.09245383737,5217.37872998689
2060.68281995047,3985.26265534306
1704.62359488634,8731.98480094234
1667.18157704581,3961.59217148294
7512.50864463248,7311.43135945553
5856.35576380743,6626.38548339935
7251.20810092394,8169.32291495137
1990.94530136488,8625.45993367801
7048.51021458014,6197.72627521199
1567.39885293253,3688.22746373249
968.736254982658,3485.05933838678
1584.17722425445,9153.04445650957
1178.38682481052,3595.03523783011
1381.68260594103,3622.57483060025
1291.17289149556,3648.45100905722
7273.73968829997,7877.60757505126
7240.34486470966,7783.61710269353
1637.51456639592,3562.27882463865
1560.96772667032,3516.04157252733
1885.13188548965,8917.51833853644
923.835225360713,3218.30385536799
1502.19689841924,8854.85013625421
7154.02889696101,7515.26154534066
8172.0919005756,7840.17993817837
1735.12843987657,8658.16471817426
1686.09862137335,3939.37893122881
7351.8294788174,7404.39066421765
8116.76526942938,7742.1888462824
2010.11923335615,8487.20149991573
1302.60282996937,8658.61759254923
1786.3441546501,3878.28978728326
7534.87992313472,8698.5474185498
1060.74402214477,3452.123016695
2364.64457599606,4000.61063958147
1293.606845566,3637.83438500148
7907.06995699368,5359.64825073826
1927.26021305817,9070.69326209976
7291.6311695109,7536.21706416819
6926.77974426415,8341.30420342336
1419.56191784874,8590.1597442221
7632.64238981787,8002.63827420441
7461.79339087556,7726.27160302874
1780.84452477495,9135.23061429405
7660.70544048419,9143.72870988857
1091.08099827953,3372.51568828025
8453.12815225368,7802.01234456732
1412.80942453237,9306.92722273101
7981.53675963669,7222.05202635864
8090.80139854165,6858.52257307122
917.745662031768,8801.97254714379
2949.66871378145,8398.77162387099
7858.75470990151,8613.51098697938
1364.77726482429,3426.50104065158
1336.91990854013,3446.39053862628
7222.71849541829,8292.28087696749
1339.38922620949,3635.26288757125
7267.42467418294,7357.63540032433
7546.19187183297,7738.7343447605
8931.78776265393,7930.3158771605
9918.77652907956,7307.99298390655
8437.47424196296,3439.1099232918
1460.99577330176,8140.31657214728
7745.61029804055,6502.61631941463
8074.66141256557,7421.52930524919
1324.33345438854,3637.5247112411
7056.64520890871,8164.27313798027
8212.57489482721,7275.64394925536
6716.27861581824,7184.71971124396
2370.48499114453,9376.68131456341
798.599715201149,3394.97373445023
1976.11483748911,8557.57258007277
1356.83967251138,4084.80241766443
1795.20284861546,8171.77911840608
1299.45812979368,3812.7800088254
1549.92593940017,7089.04662660606
3839.65379013613,3898.25872895365
1340.0704677593,8925.58582546235
8219.80896180538,5889.63598012523
1491.22756044223,9071.92996886952
1856.66102950695,3703.72191096702
8044.99289674004,7711.24950796733
6811.83546657854,6876.35444125531
7363.3196102126,7081.4606940001
1354.76077627499,3548.91332463681
1690.79719552408,9311.89843868377
1101.50576718007,8472.067671938
5106.43259700035,8498.9800126331
9311.24861158689,7569.71675253824
1865.66265248039,9246.39065886707
1723.16784609529,3406.93230768589
2016.16475702189,8553.73728183743
1527.09573904119,9071.07125583498
1946.50649787294,8059.82871387291
972.288896890961,3392.73077206955
1492.83750381892,8426.21538450292
1545.84085212075,7857.49752496063
8593.91907222736,7664.74281298614
1112.30392509584,9426.74604322467
7499.35317070088,7844.66495460217
7663.25522967839,7641.56132566459
871.933969514396,3063.55616424417
1456.12149415648,4059.6332181445
1760.63955278433,9161.78071021377
6375.27860519612,8080.90504696323
1398.82852262935,8568.02427122856
1185.3764073703,3332.47472643816
1470.91539500875,3509.86724984993
1756.00865411341,9398.08737399833
1362.0055414269,3698.45378950561
7850.94822132952,6499.04469317015
1466.02697189875,8373.93450683024
1129.68756490885,3674.64010119669
7887.63090397954,5727.65641417
8089.88714636262,7898.1910382287
6644.04632579096,7575.55117141939
1704.48595638374,8503.9129685881
7649.21865163884,7535.59578715138
6527.1574387118,7194.64861556286
7202.78217123457,7411.05785241614
7407.25301862616,7428.95129289442
1182.53279016362,3552.80021583164
841.86499813448,9223.02258895196
1748.13917250289,7851.61448897226
953.479062225105,3543.69429506401
1893.16124397005,4113.36347973578
1323.49622767332,8602.97529714275
1944.60704370734,9109.02345928605
2023.56413210147,9081.21100246431
1419.49606671761,8902.87962237751
8140.42531877464,7767.01035679654
7944.71313618053,8636.3527123142
8240.15570301592,7826.74205820167
6510.99143549843,6792.01020018972
1991.26046381452,9437.22659809776
1114.97142264331,3436.01226806596
1341.15833594573,3684.8236241486
1917.91622075053,3722.74265845894
8103.66228945198,7804.51360846172
8231.81704012811,7417.16008668517
437.399033578471,8045.23475797457
6472.66754666994,8037.72033256423
1838.6404517641,8642.25684517486
7719.7875673979,7367.81411389154
1095.34932430627,3608.13731268966
738.804552642101,3781.03496272228
7120.23114509268,7906.84316630283
7964.35155533446,8012.15718918986
6087.75514345195,7097.08794826407
7910.0815067278,7096.12348953775
807.135196300223,3700.9297715174
1294.16107896075,3610.45322254286
1108.80553104134,3282.06479659636
2145.67128348286,8382.45352553806
1560.75087929029,8511.89437615491
6907.98735744718,7669.92645991108
7016.90748189865,7047.36094020212
2487.46413547637,4287.82648653689
1083.24765473023,3598.66002363709
1127.55946806569,3753.30365327786
7669.87451789123,7154.2314734536
7903.43968469289,7649.00951728677
1555.52451461659,3741.39415869189
1347.00774042314,8618.34361576724
1958.66909142043,3998.023279148
1653.42048887205,5136.96130133365
1528.50173356677,4391.69942665816
7303.74699622126,6894.93532474972
7487.15190195579,7544.59791941818
7503.50995450427,8562.61181276665
1231.82620264835,3279.05624607523
1288.36983871653,3530.6073305858
1457.36688857683,3794.41376314297
2054.74023738462,9299.43125339806
7642.78335832337,8001.83818155427
1818.75211106492,4529.14865291919
8655.38828338407,7394.59016390083
1491.73265094526,5019.56870084905
7757.3480480555,7774.5427214031
1524.04563365791,3742.30066266164
7478.17770464217,7634.93756310349
7587.3828526164,7724.44419689392
1883.18466638952,8852.67689431165
2330.64713685834,7576.68757086605
1472.49105680246,3808.12179492179
5557.63389450976,8304.38581861489
7510.35909337454,7075.20444887779
877.42977550017,3607.13033158735
8552.41575525469,7408.33236472408
1337.22384590494,8833.03746427962
1365.2390128448,9219.55412816173
7666.64838678864,8190.91434717248
946.471025178967,4340.20978035227
3607.35824301052,6735.73177102236
1630.75096400832,9071.39985497902
1123.4920550506,3974.75603614623
932.59638289257,3366.60576705197
1179.14179416543,3545.98295370625
6963.00722851254,6186.61783531122
6843.27449379376,8492.66998549949
7930.20210172955,7674.18380540734
1568.05393799233,8386.98181338639
497.544664997846,3011.72317008883
936.832630580129,3547.26668786838
1548.29153197313,8917.99746791831
7667.1139815602,8609.59462030469
1660.0926264903,9678.09689700079
1740.05425429475,8787.82769975057
1101.55467132974,3562.98711937099
976.270634501635,3550.53581825936
2595.01863380452,8968.89537626138
1353.88073768737,3857.33581437063
1292.21716798287,4055.99239873652
1588.5565824645,3855.78241307157
7260.32339193098,8143.96052884388
6924.67371806173,7840.59311728861
8318.17295086133,8087.47970687747
1954.8840405226,8893.6635950969
3125.36029510899,9270.77215329216
7846.24544098994,8037.0916030817
971.380467400399,3088.30235597949
1159.57057986802,3528.25133892262
6269.80947926235,7323.10202528694
1693.18172010269,3815.62529560494
1077.94494452624,9055.32023229756
1304.80546551432,8547.66016948973
1255.87330854088,3538.54680129557
1343.38377401181,3743.9654208617
8496.17296034917,8091.21385429383
7105.67654368713,6735.38084362109
7906.30715579446,7938.8343373244
9511.94420843814,8263.97991606443
1168.4062411646,3506.4026049951
8260.8266790597,6202.43598754228
7308.1269006349,6848.2931662256
9143.75201619821,7791.55533200172
623.397008663268,3040.23208963281
7486.18480549938,8146.15490996132
5289.35987837541,2024.93773266118
6956.66130953721,7508.55918392941
1658.47400370469,8910.25994848162
1727.38292614054,3545.64636732851
820.109724920935,3422.26883925669
1917.02351853482,9098.63703358526
1572.64970801773,3877.55133963453
7497.08074264295,8457.38338059627
1508.41512981385,8779.46529643808
963.945533520814,8946.97051345634
7669.90371555154,7784.72953569606
6554.81257770979,7642.64509543616
7256.72518554235,7476.50008831351
1067.51138450634,9068.78103604439
1374.69017622378,3942.67272150785
1382.3909857009,3893.77832041762
746.69946338101,3304.65056453524
1354.22694751514,8867.25060732318
1842.77515329535,8617.02368724099
1248.45815598828,3709.25397752611
7155.87201693343,7672.0355196067
7653.54572315148,7872.5717134027
1403.32192669535,3469.01400959593
5433.23766727087,7421.63106975772
1922.79163228781,3709.02465853996
7992.7616337272,6987.01858087018
7955.00150054536,7595.74594020526
1683.50174953001,9140.90280166778
7650.0575957081,8231.11318608263
7774.11845837447,6602.06163542166
1565.58040951824,9041.39430219846
8330.82906448094,7504.85042880149
7355.21183828303,8267.89598386005
1801.74521718551,3960.696160554
1875.42836761732,3367.2539263336
1346.07478727532,3792.76998340127
1471.50348513125,3819.51675892785
966.02570761903,3285.74311568858
788.426216474587,3193.72993240476
1248.98864500071,3293.65745204048
1609.70109978223,8624.39302638401
1595.30746823146,8891.15569525406
7379.3878435024,7101.6569322977
1324.56961084145,8713.22166583106
2118.95906416088,7440.87225627138
860.192819473099,3245.25244220363
1560.5834013273,8737.99451448192
1609.49431169685,3660.24328340761
1542.41740432883,8975.13418753449
7979.36346258442,7682.55806250256
1202.71159911367,8027.08891071132
1032.88407380508,8860.08080304883
7779.77743690407,7380.17926853924
1263.45937655913,3760.21400619805
1888.75253116868,9007.42704733068
8181.33028827139,7279.28522266983
1063.5233315318,3114.87596517282
8188.88241843669,8116.64627877295
6168.85162647307,6624.96778204561
743.283270231334,3249.23563994394
1203.9875911751,3493.1841394227
7872.97235420669,7865.54120544573
7049.00237200517,7785.5443290018
961.001190352448,9018.39478272411
1257.44965989455,3835.12423258292
4482.48113925966,3538.84441854162
1670.30720982222,4720.85259758958
1014.58908403609,8329.28803457009
1813.44443208029,3831.00060450516
7806.35178045356,7426.35037717561
1465.02848629241,3919.02732929951
1822.88971982032,8219.31825592855
7815.13245298178,6616.57058266007
3755.02654277203,8833.34435504242
1060.14097310239,3560.05853964966
1376.67659216952,9118.6221147495
2046.21868563308,8834.14408440586
1502.10220504229,3648.26157398977
4895.75601779656,3590.74995365814
7413.35204029018,7977.0651945542
2236.86651320024,8798.65951181021
767.399037852642,3107.02946994253
1271.16290454648,3324.32308200615
7350.91232530582,7684.76052051928
8706.80191025103,8100.60784511507
1267.41325662856,3271.14360185217
1268.10155794845,3347.13218996688
1262.06912888135,2242.22893580884
2086.26634041678,9182.18309237163
2281.2173873648,9045.19731754162
1427.09222163452,3683.14088613713
1092.77689646193,8525.38411495139
7429.19519114546,7461.43211055123
1419.00816606217,9007.13096268553
8342.90016909599,8172.76472503002
6916.89960553536,7375.3099789487
7840.64682647687,6196.81844778903
6739.3310596786,8242.55170575682
1489.79125588861,8990.30327048471
7530.89882153568,6215.42142960103
1445.78071864978,3802.61586840261
1578.59203442097,8877.33326028346
1613.96323196946,9282.35551267204
6953.79340416032,6283.62002657078
8054.87825847137,7889.65797890161
1209.06070949036,3616.29925180128
2112.53490639089,8791.04235615393
1418.57701849263,3452.66722576002
8622.02406491841,7923.02936224768
1450.6898681649,4481.33402934274
1962.21667432678,3904.41724559083
1807.36420722493,8697.7245568442
1547.14499901067,3551.50883122433
7477.76152380272,7054.67453015738
785.273941893778,3315.97583059443
7099.74759437915,7806.91252490998
1714.35206734473,3593.57917615726
1576.98977084764,3774.63498180743
648.523985515304,3273.87805072717
1460.99910063368,9016.01445411675
1231.04616199999,3756.60304570691
1739.74692654724,9235.23909360031
6730.20403809372,7764.65643246653
2768.52297651976,8252.8339172615
1525.00864983073,8843.07728707878
7707.59394459501,8197.9000216513
1630.99487554149,3722.57713314936
1701.15075732936,9162.29029232814
1206.80244487281,3580.16486526776
1878.25943914251,3519.69155691434
7421.24701209425,8021.04218872579
1766.67878242582,9104.99697970558
7661.03922964883,4091.12356960229
1700.88481718137,8796.29548552793
6029.69357258784,4267.48480611632
6792.99372257093,7815.52169005126
1432.57267898645,8468.51589831982
7050.51049362723,7190.83710138771
5680.44468912287,6466.53039527573
1366.25303395435,3233.91225918733
7234.01982298527,7094.46016601763
7856.16023637851,8573.46823955518
960.65933306903,8998.64951993022
1671.16277993937,3911.59810727337
1513.81231095936,8624.6027211727
1523.56813421722,8824.28098453133
3979.76289843943,7640.70703759644
1702.38279779016,3692.6416194096
1931.49959639774,8640.77503368418
1455.40443769241,9197.40142081659
2039.08068766035,9006.82534449515
1114.77688790822,3229.27034473084
7656.13162784853,7945.97105303369
8178.20903444328,4899.45859830157
6889.02594313203,7800.40156622369
1038.63807176968,8796.38962522239
7229.35885562435,7192.93140526191
7576.18537945893,7810.30659982106
748.297706222818,3210.8601649122
1021.18409916572,3487.72055733935
7441.67027666335,8044.92170772405
2149.67826463944,9040.00459835226
1593.77816848444,3773.76781766207
7369.81500816936,7742.72556588055
2600.90131114448,6220.71038740064
6379.5945434399,7484.59510243493
7969.6099016946,7238.5592937886
7681.76560806291,8304.87653288599
8882.94561566756,7582.33066270984
1677.7985622291,8180.80598638784
2392.42206015777,8424.91175081354
674.154692630705,8906.79895944951
1113.10460461021,9338.28422742204
1497.93633316101,8545.04667209454
7288.91613550583,7655.5183085661
7281.15151923582,7040.51957220918
1388.45988555367,3756.2559555165
7654.6814407103,5547.50623284244
8739.84427723574,7252.31383148083
6923.36859423033,6996.89471337535
1546.76430492717,8887.69384688869
1129.93888678913,3281.36576384429
1634.55899824735,9181.34648971772
1485.09421257846,8885.22645937656
6846.53740144601,7792.10708610179
7995.66325205165,8030.54949568386
1083.87985868062,3316.45078333867
8052.57300204109,7937.97394592078
7265.78641777222,7820.93040967223
1765.85055387132,3556.35985717789
1169.03683551644,8992.60847890663
2500.1860403847,8823.72814425947
1072.83058502346,2278.96233140725
7291.20451093887,7388.19393910935
1683.45808139321,3743.75719553925
1327.87214075178,3901.05007735961
6658.49765020247,8119.17863354465
926.616765912811,9175.5509114245
1099.28576552083,3691.33073664499
964.971212989878,3517.12244694436
899.692465643596,3174.65772147908
1309.64604260157,3754.78695041471
6912.98085267717,7538.06957263534
1516.9980512359,3532.82138349445
6481.21653955584,7035.97277678066
893.299183430126,3458.05803117908
1397.53688714911,3711.1879362561
1659.18824921076,7593.00983119704
3242.435520532,8989.50609676859
1368.08785657653,3380.7508212854
1716.53681884943,8713.3985935967
7261.03978122439,7820.28164989847
1106.51191914527,9011.93244242926
7738.74637699737,7673.23888587524
1416.64168797117,3474.31916186686
7424.82630298211,7716.24217355332
7671.77887985507,8227.71708847339
7889.89550700951,8237.67569866793
8019.32292620669,7346.37337867829
1314.18693965119,3677.22355253549
8156.38882235834,7504.4865583671
7482.61222697982,7354.81076675176
2073.84754020219,9143.96161143527
7630.02673776393,7557.38803292231
832.209634916607,8852.65940773137
8304.00245022577,7936.2807428765
2479.47510311366,3576.03130047666
1314.48135030289,7448.26793670412
8651.11978015707,6918.70614559062
6998.4269547869,7711.09853372295
1330.46480302675,3592.79202539121
8254.31619609127,7291.34949682716
8052.11507788489,7352.65337952384
2361.62409849957,9081.34676965643
918.483926253118,3468.08426962512
7352.23046017232,7502.26831265437
1274.68254306321,8230.38177979053
8581.98876088166,6230.75454047181
1609.43158970733,6044.02361045179
5995.26468195941,3550.09661461859
1380.60018300886,5116.68489651409
2526.28437135351,5238.45712132734
1969.81113407467,9349.59199210605
7465.22425212063,7349.55762151889
1559.48614343845,3352.16703688441
1692.50607140568,3688.46343072632
2231.12807907863,8187.58247902318
7197.87362413496,6251.77704023271
7695.11451932363,7512.75553325149
997.816762388574,8938.69213106563
8084.76971903172,7448.77000795344
8698.72999708919,6801.4020993274
6677.36411739259,7596.04282360434
1331.40129959769,3651.55660057558
1441.84264052807,9108.07813854385
2018.9668230412,8205.20820499478
7919.54333387478,7763.46967460525
2319.02289857196,8973.88585492665
1337.13854310019,8282.34153486405
1238.75508860579,9030.75097327068
1576.80419169368,9174.58351576885
7880.39031262126,7814.94692063359
7171.58073255896,7879.96305857724
8005.75003947776,7368.25087879347
7676.6041763451,8314.10322179372
1608.4179209747,8402.71692466952
2650.85784988514,3841.21443568506
8135.19027513927,6372.93725234573
1820.1530572163,8194.9379416994
922.78720760201,3415.65663097323
3528.76787638849,8915.79085235043
802.403005251355,3125.27554151244
8471.4804405458,7915.51047547276
7639.69313344855,8185.87972331831
1356.84664189548,3717.1574468957
7093.26950714184,7827.77579721659
8054.41613645457,7270.2940476417
2353.57196397603,9025.67638459355
1694.26279813466,8175.70980402094
7753.31202547546,7165.8324228392
8293.15683667297,7715.24090164296
8224.73885301737,7904.72362925688
7504.33857279061,7623.13739830407
1380.60317874637,3899.08475372047
7832.41190816996,8260.39227663753
7419.21689423804,8001.6332319877
961.417292118714,8866.00574182152
5688.11001796928,4153.60946639432
1779.49211329198,7783.44526848507
1383.52017864751,8764.3056573798
1072.58900437202,3339.32269726602
7644.30009674307,7883.1925672691
1434.27068133031,8772.99513192429
7204.35359505362,7724.91403718105
3678.38554007032,4073.25431542406
8193.49939607564,6747.58827778459
1803.54608245415,9286.92157307581
1078.23085381495,8989.40801861336
9224.85363899359,7768.78435757595
2733.37055765732,3865.80331624566
1843.96047308913,9069.57476072952
2294.73080845498,9412.24121384761
3105.55448147806,8363.15119236576
6425.7262526445,6253.14150440516
2089.01952276774,7933.11691157176
1451.26346998168,8969.24761650773
8196.9763439084,6987.23316722578
5622.72542934385,7795.97244241391
1267.40498647452,9278.50685423979
1169.6777245293,9006.09999308774
1040.51769006524,3417.69324244886
9511.06206201314,7305.46290612979
998.664638564968,3562.5727341261
1588.96974079568,3331.94127999463
8786.26043606197,8122.6696573572
8117.28989938475,7791.26557820224
7288.61289931855,7615.77243111368
1126.4332859921,8259.79902407741
7252.56366667301,6780.84683480102
968.962241602846,3373.18817156616
2129.19245983183,8572.36504520753
8129.29796025992,6488.9857996194
2080.3994701087,8258.93578959258
1754.14298828761,8565.07144664093
1872.24476840967,9132.80599821452
6614.88708464238,6592.22291942912
1362.23639794577,8751.83832212581
8309.21804940699,7432.42353361727
6086.64514466743,7850.86036051141
1769.97526770035,8857.78752798479
2072.09049624432,9334.87519452405
7510.38836228416,7866.22055784846
676.070924612054,3288.44698978423
7849.51882964706,7783.88166858217
1565.79430585518,3824.81512790797
6847.30241126533,7107.51526749606
1533.14931439681,8979.13174898075
7822.1906607511,8305.60465294737
7462.41344868401,6809.38793032761
2098.21044989163,9163.61157343841
7850.50339798592,7892.36344102694
7246.50159981524,7534.55325658575
2102.25329990133,8861.2888132411
2097.87812173824,7828.52628698836
1557.02057278246,3809.38393157421
1201.00825205888,9036.23332078982
8363.79209617073,7245.89509804787
1652.19517267587,9165.5087194772
7340.79420179786,7881.93621691555
8548.53788500159,7744.79196590844
1421.43350394326,9110.45890834333
1867.50390715189,9047.00217480166
8485.76035601177,6231.70451938925
8013.31833010758,7876.64549734043
7622.35177149592,6519.54900629824
6974.88432223867,7189.99667728837
1453.59884608286,8497.5340017892
4991.90257688714,7496.97388835277
8309.69245244801,7053.18479975807
8595.11363889528,7249.65451425816
1210.7142347379,3619.73886957389
1079.48574189,3357.81574584194
6856.79848881076,7398.01397688727
7351.06142348304,7319.87453536405
7526.44070705973,7997.19348892629
7149.54594871366,7588.67711003315
1627.14925574272,9005.78326598868
7653.97066156118,7824.57279650288
7929.69889196968,7278.72223346122
1659.99027322613,8907.74573031146
5237.87308859735,8583.21881718452
1227.81393192278,9212.36658797308
8913.3282693825,7510.96955592994
7530.93319177322,7891.4268398876
1334.46829529905,3839.94933578041
1669.15607832644,4811.25489544527
1076.72616085956,3538.11077692379
7467.70855663345,6546.75277876713
7075.02221382608,7525.4085080643
992.266354293908,3183.76045136227
2033.5154644604,9031.99450711729
7096.69778091118,6309.87739736688
5057.17557117954,8964.28178410461
2670.23053703498,3593.95347495926
3822.49245426799,8960.25875934608
1702.64534405513,3670.62393377566
2843.67415352775,9102.05677049196
7447.98842161958,8084.77900796252
807.048574573731,3279.28343263431
7907.41629612333,8077.14509252802
7403.65823835741,7701.16551395713
7855.26412278351,7087.78442551285
1420.76722021907,3594.31084370666
7446.82245744039,7911.24931744701
7499.99447583024,6679.26040340723
1256.91439525717,5159.86393628486
1657.84818836986,9056.2106260053
934.375573530558,3316.41300966673
8235.35978040804,7158.56105589399
1660.28330337954,8698.3380761731
1247.02521687746,9016.51180401376
6751.57196049662,7838.05861028832
1080.4809215158,3681.75826460703
7022.09440797933,6074.97233478719
1053.96204696111,9194.10217008388
8214.51849017819,7568.70607080866
1876.14300706547,7653.28269665383
7477.63892533366,6006.20986034223
7210.47730685682,7934.1136789357
8397.64249872703,6584.99973431161
4329.95484930035,3695.48264075176
1571.28389570189,9061.73766225368
7424.4234264025,7011.83972690488
2909.9871218858,8886.15470903149
6581.58291318529,6654.05804929206
8184.85532148562,6730.62523175541
1231.06288262978,8552.9076780062
1440.67770830022,8956.77888560677
1768.50050283648,8258.31884814224
7798.49826817296,7603.25776385029
793.686523264772,3409.07004389973
7452.56473877383,8283.04689879052
1576.16065609333,8913.75036013541
1439.32327126834,3636.84979265542
1850.51182539592,9527.60969412585
1682.3920653492,9350.98928145018
2089.28098291051,5393.65193275967
606.312706271803,2939.38528161731
1221.69276931757,3782.30431713524
7814.31809423633,7660.56374714824
1714.65787239915,4091.1933988128
7146.96382478992,6525.68322657207
2283.723733512,8181.95376006646
1721.14300714743,8883.32610043971
1000.5184347017,3557.15349489199
7647.08840211033,7820.84365389104
1026.87751530539,3257.98332234109
7276.42011026647,8424.2777794548
1581.39017980979,3941.91272219592
943.779560946462,3177.53834730536
1787.54230272919,3314.87923749709
1161.05417905888,3581.9004282089
7300.06579648543,7285.19300676496
7046.70490841882,7570.10947260086
6702.43965133984,7610.02554772294
7615.15897787761,7106.86343487111
1783.91819066554,9002.49057198046
986.368991308297,3368.49716563551
6487.3608720103,7134.33954204896
1273.23814302224,3491.02420402672
2763.60555455687,3862.33617412582
1787.35383011138,9073.12018000951
4560.71427691075,9068.79725450858
1587.34201063216,3592.60238204497
7531.25820314077,9345.06898595932
1934.617412204,7806.1859875891
1970.39140261826,4528.16989628778
1261.33186964858,9217.45463454785
1202.75287779824,9136.14261515149
8288.37923356619,9083.76739295748
1219.42822763918,3563.90237261238
1423.16168929503,8897.10509241589
1288.85293000968,3751.44700910863
8061.92082666451,8542.56960568772
7006.13767325809,8371.90915275932
7501.21647731711,7776.15659422753
1325.34449806752,3513.65998247368
1549.64186055852,8710.10354444232
5401.59279923567,8059.42908552298
7758.87948617471,8465.07128186312
1109.46752762439,8527.16281070067
8780.80913460839,7366.9628023995
7724.4524798752,8105.97536452923
7912.26629842886,7579.01263906232
7005.65174520613,7262.08017898576
3046.17403643325,8578.23733611499
1281.75617872437,3818.47670677632
1108.02589899647,3524.30216067258
6400.5234126539,7535.8333194137
3302.52543226537,9204.68525000063
8255.5327647616,7373.66280228425
1297.21933385199,3900.3433984036
1340.61964281108,3895.72790062908
1485.96397395761,8922.40907434693
1079.63877109378,3446.74611586301
6995.50362011829,7939.93895285387
1368.50550830761,3843.4071564283
8210.35903961989,7835.85509564504
1020.90124955929,3448.07493960263
1557.36820065907,8778.36136670072
2290.85680814502,9015.56078103222
1401.23156549999,3932.4361417902
1686.72771309078,4105.22312717982
1096.04644583053,3464.0288759551
7659.21568318813,8274.60811206449
1704.56257209376,3630.52775882875
1494.07730994592,4274.81489237943
1425.48150018921,9330.80857641022
4170.37918256907,8267.95897336915
7958.96772526701,8533.32778617476
7228.95340226493,7405.05939884885
1239.99832501584,8529.35898268416
7350.69280005942,7731.08562119055
2284.51305651631,8995.60297471976
1237.59159461357,3774.98749360841
6667.79971258391,7602.62203345572
931.82280988576,3506.44933716219
1046.138358709,8978.09998425473
6764.88860386644,7042.97174325056
1419.3966894735,9131.81081067403
1519.79196513162,8536.89469575361
8228.8995130361,7328.5786991671
6842.11465203195,7031.01166987949
8506.20956709306,7417.25083386736
2611.20504734435,4295.78273502052
813.447458933836,3193.56930631265
1492.39782706926,4039.54455633146
5106.15723919888,3550.71235660845
1214.49726034613,8451.36494457335
7094.1080934328,6482.73797866924
6628.76294717684,8041.61518198087
1621.65880783275,5508.23713841053
7973.47704737021,5575.41112717033
6270.47948567809,7229.04164473578
6407.96983169409,6999.33343269498
6176.75374975435,7660.65205655219
1025.74279818688,3175.15529801208
2139.59849538035,9201.82758674528
1275.16918440804,3472.31030509102
830.830461630927,8768.38594816842
7936.64193300759,8529.22704684663
7238.83485270626,7023.31139244982
1265.20982812073,9133.88020826168
1339.49046170969,8726.27816617089
725.199684772663,3484.57092336615
1633.20449039344,3476.02159037374
7649.12895019859,7140.67145872164
1463.6726731209,3766.58878852203
1202.4616147435,3431.01493945983
1311.67849626333,8935.34725566244
1009.13154895021,3508.48884816783
7000.50390827987,7304.18583046382
7349.69101485969,7904.46801422582
7337.31248023929,8567.21552554979
1672.03507460219,9210.04765716275
6802.07094651657,7236.563534452
1947.95413325157,9094.18705593874
1287.80136117965,3785.45380267403
8082.64256639732,8029.36288214015
525.805406081125,3365.1498891846
1057.56367547586,3523.32841034338
1369.56496729138,3700.60821159452
8029.53783887539,7924.63042929663
1445.165657813,3684.67795937667
718.106134373484,3006.44765032787
8079.15950538793,6036.48176559777
8095.04088674778,8369.89636132253
6772.12715937388,7915.53308080214
913.961978116248,9057.4612468667
1498.67702541018,3867.06756497694
7247.63094971078,6812.17862074866
1783.56320326621,9052.55652255348
3725.50210887046,8581.88932351954
7602.47203978664,7971.28502470876
1354.22010662944,8594.77881594365
1113.27331952148,9079.44809496557
1564.14608749075,8205.1375167858
1260.32789964526,5182.22572586383
6455.73586177754,7046.19295969198
7760.81011660503,7786.35304225559
6790.25902255565,8229.5227213816
1160.08108372249,3487.49908446891
1637.95715454147,3797.88075898767
8105.3654375541,7751.84512991648
6948.60987948703,7247.74559179114
1538.89348076085,9014.24870433489
8074.82188037268,6899.87575895685
1595.83925480315,8307.6468880181
932.001500449984,3277.36648651861
8500.68804781525,7484.23034580476
6918.27204471071,7358.0471282461
7162.841824004,7682.97720625626
1661.10636899802,3456.66723804668
1539.77162940202,3564.05661836828
1594.56762107924,8903.60601180685
1169.32822027497,8244.39257739322
1258.35310330794,4039.87667493638
1091.30574094217,9245.57107758048
7673.50728427906,7493.90722712316
7952.73284011623,7708.76615670639
1176.73841244679,9211.67171236801
8908.2588331915,7839.07080735752
1166.77798201485,8925.77160090275
8235.95715597477,4719.7141854555
7789.53854265626,8401.05486944008
1597.92270760356,8333.71391873469
2231.06078553868,8389.60500681754
1836.78909465531,8612.05153845371
8077.72810082489,8598.74155610314
7614.42952053798,8011.97022437461
6716.93555697726,3597.12095744438
942.525772718421,3207.70278133567
7978.61307505658,7131.58311140884
8670.74063027612,7915.7030416476
7951.20221818379,7623.07274974172
2501.305151906,8495.64646627127
1463.86194465369,8836.68846756452
7178.99718933164,8039.16008401906
2094.91977767459,8280.4738964748
1078.89801546042,3223.85040941764
7845.02554984319,7075.63526043553
1029.68454362017,8884.57880869732
2309.02347834786,3401.17505545957
1926.30270376678,9450.8477527325
7451.36390539373,8165.72539839494
1165.52653286068,3583.57300798025
1398.64740846611,9111.84115083919
1255.41931523424,8883.67169844347
1019.51091526265,3681.25335717914
650.577611434942,3242.5358977013
7491.02940116393,7315.52131350176
7431.43974703979,7423.7646614177
1349.49357116774,9266.56441940056
7356.39999349954,8186.07391499221
1090.08444366028,9103.89473098136
7399.47129111106,7838.95606081674
6955.30322055692,7299.29360653242
1929.87310264806,4158.08495787297
1394.48499636962,8540.97206582719
1222.40357345843,3791.39149504481
763.327878188797,3616.44366569991
8213.14182074779,7310.80144829314
1492.32570512142,8549.65186374692
1367.06522800487,3680.44762018792
7150.06085041051,7853.37202192473
1763.62304404563,8736.8182127454
1259.72903335729,8846.10523664327
1511.71978247791,3786.4633949415
1595.09616350083,8609.37488495335
1474.17885431625,8800.27377763757
1553.93007451516,8961.29035473534
1477.06590039099,4614.60624121465
1550.03605310197,9104.40950099341
1975.95435462968,8350.17537418364
1407.01182586979,4309.77540143604
7802.14260467174,5116.37653572114
7790.23797413714,8366.95166716824
7728.72116512085,7809.92213046627
1412.53945538789,9046.34830472719
1205.76205453236,8684.27122812399
1428.05521036327,3795.17824393705
8463.10678290852,7243.18477327672
7842.76674168726,6258.24346203944
2142.65075029887,8690.30119348003
2134.86525227371,8963.41355586188
1760.48426804125,8949.64363784899
1439.52078505435,9242.49820571424
1333.17346844067,3712.01580317104
6813.4696503942,7831.8543526401
1190.88332681157,3313.20088366644
5606.37594224542,4400.06041125351
1426.41110893981,8709.33749010162
1317.51557346551,7694.47525767204
7452.41268914065,7536.14043339861
2376.16090992941,8562.58884449693
3837.80556855715,9127.715864547
8234.13854859505,7745.14059268149
1455.03264799971,3579.27087713604
6922.41865939232,6655.73570988902
7485.85150441604,7640.94482149882
7351.97442100571,7966.8634808193
855.26997194713,3518.58714753567
1781.40842586098,3660.89785787884
1572.82976003683,9152.52956221434
7259.61127534797,6839.93008903538
7980.86103660085,8123.99878075187
7769.64073022452,6680.43310846636
6183.08143893378,7035.59255100372
2998.80830778268,3810.79389029424
5602.26644763983,7815.49180984305
7856.22938658519,7330.60151040051
2152.30779275108,9401.55810694521
1173.15043035689,9169.03010799791
7692.31655191328,8064.82796016229
7090.57259900737,6819.14454810713
714.844725367805,3403.94481557367
805.433119862979,8659.50709944952
8160.16262201622,8052.39863004151
6249.74939583027,8056.03067042616
7429.84023553162,7964.86589609404
7145.47003782889,8306.08154155533
1181.61988112694,9192.44706197355
1732.23787064162,9168.7441850764
7569.15316262592,5445.64327937388
1676.5636414089,3446.29217966985
919.389363122486,3643.89083490227
1738.825600473,8091.0959717624
786.399476049158,3355.54939963323
1374.49401552877,9089.09374797269
7532.26302862773,8103.1133370569
1505.03441554302,8779.1579009703
1593.65428158769,3938.18681166324
6841.7353946734,7903.70614935933
663.593003362693,9209.29184172831
2048.56888383735,9156.25391377386
1421.21757612865,8287.42751082932
2231.60387223597,9126.34252157923
1223.64647758211,9221.38824811959
6568.20266038506,8257.98548501102
1636.16406881701,8978.72324368399
758.54338387716,3471.33138840184
8036.15161224817,6867.59256274098
1079.83614603357,3333.95594342316
7459.98813916676,8566.47981447422
7780.88110638219,6812.45294430902
8277.62996765505,6359.32283358145
965.20591619145,3485.9671684252
8911.09155459324,6885.87116885939
7944.54830437957,7014.65387585342
7621.99899676903,7811.38537470075
7363.37747703523,8454.00771410773
7854.58326159662,6033.13254835595
5922.28626802773,9240.75941228113
7196.19736448914,6946.84079250734
1281.19530524468,3780.86538920408
1516.55052576092,8203.08815939732
1753.76323672524,8067.95158055366
7083.6237678961,7678.89250938701
824.281451601835,8866.1875554206
7801.64513828415,8035.02687541422
1266.87792327636,4017.49690980649
1612.84166762327,8806.20322914141
1449.25304774324,3750.62068252682
2187.93481385573,3785.42339396163
8726.24679129159,7360.56590902471
994.625508129066,3175.56553158066
1598.17886680498,3832.6119078457
1209.39413798445,8884.9645396926
707.797588175102,3467.62273101219
6832.0603062288,7745.77716818279
7046.3096919636,7070.04028622692
6905.91974261741,8056.92170431321
1265.6927791878,8047.46202266741
1276.47576057809,9444.14670654132
1052.02116591315,3522.77820821857
2027.5230283463,3648.05951767902
7499.71043385645,6037.27697702391
6919.32281298151,6864.95367334741
683.322024309095,7457.8382304929
6885.56260952371,7123.01406481777
8088.30311694949,7529.63823750007
1079.83819967022,3455.960092891
6422.87685420991,7631.80677271883
7444.20673977819,6973.73315361831
968.45104936937,3280.66478506937
3061.76979655144,9106.63536065315
6909.38710429345,7019.65004883393
1457.59827620756,8474.30763577543
869.86093830245,3041.08005874489
8420.5072975759,6787.22610283727
1141.31287945265,4149.91549767549
1664.82349445216,8298.44924959937
8313.41692368021,6326.85500174977
1789.95522206053,4004.97402158164
2356.41646651073,7755.13385757525
1503.92829378666,3816.3295497399
5829.45532514519,7078.16518601362
1303.13402882147,8931.94135637965
6549.70118886833,7446.75359293144
1126.86305372324,3701.77597415234
1204.81915412461,3554.79525493042
3435.27263413913,9119.19500774122
8287.26329314901,7862.38549237425
1317.96536212815,9009.7902718122
1265.88159404157,8929.14893516901
1060.19251892629,8605.22212662538
1544.57425585787,8419.71199334968
1808.64909997742,9054.04550470565
3028.9755550926,3511.25032522607
1653.87409464056,7692.19373942034
1707.00231220959,8829.97982806144
7019.75577837147,7518.65105748479
1417.61554343558,7960.37756980443
9060.68647237248,7454.56253519711
869.252025127199,9058.41148350211
6961.40513812311,7976.19725213396
1067.03333383934,3414.77822445813
8117.94063599955,7535.6023643921
1913.19471658063,9274.01425793189
6300.84636832592,7024.55214713242
3950.76289379822,8113.0512804545
8368.52073959619,7540.55841292337
1374.39907538394,8870.01862614314
7619.52020586218,6869.46604250007
5513.89058874517,6220.53262479201
2622.35281652851,3871.91684576595
2349.34594696795,8738.52810677923
2063.35861444508,9183.67869250536
8364.57867383398,5931.37075065387
4403.27997769136,8337.672628825
1582.51102307244,8422.51679619858
1081.4383812828,3365.1165287462
7068.07717196089,7378.46738527891
6617.81456891075,8397.51914267446
1561.876896778,8920.49838921332
1751.67098991539,5411.85871638418
1402.81138386132,3342.28235924448
3899.7710390624,4225.92573142166
1421.28140473907,3093.50936606197
1099.22244028192,3289.60301919307
8562.33403309952,7585.28887820877
1923.09866451772,8276.52875163463
1942.04846743831,8302.32257793938
7401.88971926951,7819.10130698173
959.299983770064,9106.90269511293
1188.88703979187,9154.17771272685
1203.28231974775,9067.74601548168
1280.562121768,7969.33013697136
1329.99206836697,3589.32018602961
1347.0334517353,3620.76304294636
5617.31466294033,8549.6431847549
6308.1851014436,6893.67582018878
963.093024902491,3413.96040121896
1253.33824271158,8574.90260657433
1894.31140250609,7748.58830440904
7552.53762409503,7276.45034047999
7580.97605210206,8390.96172755744
8472.41030090548,7749.46038712323
1483.25727855773,8183.45635043331
3885.81295315291,8675.37935765458
1265.04380457809,3661.23926279087
7283.72424269778,7895.50049886508
1459.74770385538,3758.60973669807
1921.44989834962,3906.22746547179
706.372295213634,3300.8348748443
7917.10744052765,7571.44694535809
1276.79456156673,3378.90901893636
980.687448796558,3086.53207645412
1514.12415605905,9136.28997280317
6575.85938623647,5246.40277913827
1130.94881860524,3440.3701389773
2004.25522100144,8798.67386333369
1428.06102998466,7856.25143372383
7715.68174141332,5660.2403174692
7504.58555345943,7186.219370716
5493.8909610658,7531.92146019583
1009.34339094658,3343.85606793932
3891.53199067009,8501.07383531156
7014.11998482322,7945.89647152968
7257.07971982256,6887.14932959773
2805.02515737236,8971.54039185085
1614.4679992743,9180.08899464305
1388.45438856564,4623.51217822744
2063.84206824219,9172.00468142441
3102.05310828936,9319.08163757095
7561.60477544272,8495.00236138769
3505.27591887823,7032.51557281367
1382.87880446006,4013.73744024313
8830.83808751686,7492.87143178428
1748.53746652886,3676.59824414465
566.071690557581,2901.26157638128
7780.28781214054,8097.87763392118
4164.78628864012,9037.89755648055
982.929576562675,3455.03708994697
941.539750708817,8303.68640498595
7885.84946375583,7491.14257844191
1448.04295888858,3637.46304019771
1561.48316578063,3456.51800516527
1024.43264160222,3688.24385013856
1747.19564073214,9047.42333446854
5942.82540512509,4100.82405959442
6874.42109811346,7954.18369597751
7314.22450814397,7824.65231665425
7954.63352603855,8123.56957364662
7471.19656537957,7378.71399711757
1839.77930803508,8762.69530276274
7552.50149250054,7021.9343740224
732.307237963517,2954.44170580599
7133.02263088862,6981.59309600104
2098.6762168697,9113.19567172195
1378.7071278487,8817.98654365895
741.173079764212,2776.27528664116
811.288274091219,9078.70077054359
7043.88427626109,6901.11438525026
1497.84514063228,9193.76274352163
9913.13409013313,8070.38607195394
1266.63229886551,3096.75003068821
1778.94947753945,9007.93688393206
7789.93361143574,7748.63668508517
1594.46608156778,9379.07775349665
1302.82600655006,8193.0223430906
1711.93159969085,3659.79441542243
1499.26145690448,3894.07544244488
7246.53432978475,7654.01516697051
3260.05095484966,9207.00034369341
1185.19093047638,3296.61790090986
7203.40825105257,7986.36825258099
8013.36600100281,7783.31832711409
1055.77400531875,3479.34676281682
1317.79526706163,3434.32903876505
6582.65905877204,7228.93928157707
7279.36067836476,7015.58215318852
2151.8827030745,9155.57034632906
1186.44234584919,8483.56742286196
7754.04538210442,7826.90881867274
1482.48196374357,3609.49300053994
1588.8170674507,3652.11982170319
2775.95298833429,8721.82692026768
8062.51685113308,7773.55441795769
1716.54922094512,3544.90444969037
8113.38622965774,7608.54510681288
1712.95137619648,8956.96938313773
1768.49772146651,8740.53373414568
1690.2533956083,8791.30530255396
1442.77509363798,3565.98773822769
1928.21524025153,9086.47705725575
1563.19505095162,3669.46241312901
6489.90218243049,7711.18151590586
910.332487048319,3179.64824078194
1301.78588621703,8958.61304107772
1525.80552135134,9037.10220608152
502.397361879571,3174.89473595956
8237.78462224953,7359.40625746534
1371.80436407972,3788.40123506684
1385.55507009609,7829.57932188231
1817.8052939939,7883.11425558021
1551.93865805384,9028.94332469579
7872.70548666854,7065.26894560812
1889.09833616997,3825.68583010353
2454.39144714754,8420.04207327409
7016.99665206363,7733.05291095147
1601.81667313953,8800.25294856211
1426.23248708595,3569.44543947737
7080.41663868757,8152.96680437742
1347.66573950415,3772.67075338866
7710.76931705193,7259.52943588445
7245.059779771,8324.43713448307
7162.79023077834,7904.53787199637
7262.23762154257,7267.54279097092
781.508542623912,5485.91356566708
1104.66972928165,9241.20537757657
7068.14925178705,7521.64812604418
7207.31377400356,7013.72793061358
8261.33570894455,6852.86294761541
6852.61894170517,6946.83060384426
8359.49966733652,8162.59624759521
1382.63749689177,3602.22822621533
8916.56622834964,4765.07092948036
7443.74625918846,8308.1389838965
1097.32369889298,3394.55927655391
1463.58862546094,3691.94327602453
922.33992513168,8732.57926540963
1593.90404169176,9326.47635016599
1751.52739055128,8993.83375717945
1354.02650453197,8737.57488465344
6859.12807125744,7924.56672267993
9165.40976047554,7030.39396245028
1141.924761003,3212.26187537197
1473.18414212959,9091.78580573449
6924.48264104724,7835.98509194834
1378.2971532798,4488.46567286168
7589.28337575767,8081.91547694635
1819.6928734331,9277.69995806529
791.611804715254,3563.63710415896
1198.60740431484,3423.72279114798
1501.10862134041,9211.45294981882
7750.92755677369,9147.81925557373
1146.67311820033,3350.75211736046
898.864474970557,3365.99640022149
1696.31456226133,8850.7701582603
7389.01325503544,7692.0502112656
2398.08126242549,8249.50338696469
9025.04904015098,6218.22986322328
2094.5129442425,8888.86642763189
801.814383982576,3310.54874368831
1638.1139414237,8672.42771680719
6969.80702791172,6787.86271888782
7661.60033961018,7157.12987057077
1021.30053651145,8016.93131466216
7483.73624865386,7817.23090416708
1396.93163417974,9305.89247402525
1402.32609413529,3460.49044766528
1722.56368332032,9333.2720477818
7148.5073519473,7748.60031393941
7887.74501001025,7560.88705234802
1252.76844978233,9006.7991383705
7542.62170491258,8088.92048987267
1534.53568370918,8083.65888331161
727.180962351337,4490.78300762791
2754.28289289437,8528.15864847095
7091.55750631571,8054.58506315999
6931.56429926999,7519.88747936066
8200.08113071168,7080.40105886394
2834.85980299006,7601.28326814548
1640.47752327137,8097.21326046461
7867.0225201888,7249.73290719634
1832.42609427935,8488.60585996735
3536.53429722806,7971.32300644594
2929.65066948787,3889.37275302027
3876.92728004228,7346.59449743707
1306.01823006361,3810.74074043358
3639.79795887439,8474.63790716282
1027.23598376471,8897.12744087897
6986.30133435033,7054.42716005364
7750.97613880669,7759.17856611471
1730.69225144981,8758.54592276366
1370.43695299579,9226.05537018166
7198.06267930315,7601.36674597305
1245.22395032514,3499.75083885534
1749.60240102554,4131.76621298151
1219.78076001467,3605.39572570934
2176.67014495564,5551.85643485789
1447.32418790738,8934.57983459784
6728.79218756624,6568.09591756113
1786.94494409558,8918.48567834005
1842.83207072503,8843.10702125445
7515.98213622539,7316.04799963717
6996.50721546338,7894.1003268116
1051.04382303897,3380.4813161378
7348.42504478611,8078.60809552299
1380.62280483698,8639.563521618
7509.22952554042,7735.20594434159
6220.46546235858,7693.71095073811
2342.29203289512,4726.62956955278
1799.34157322469,8187.08442295368
1416.43900191971,8816.02463708276
1120.46741280497,3526.48888713855
1647.35288174943,8994.42658879318
6970.74411639778,7638.14416675094
8163.95819384791,7815.39276790521
7480.23702197973,7959.51292236673
7535.68790817812,8328.73933804006
2167.44446178488,2887.63837396072
1114.3254855063,3482.11759798832
1443.02235030256,8872.36777105755
1501.37330449411,3394.52556338915
1608.72317680335,8594.66405722724
7362.8864069732,8325.43485236512
1195.39768835388,9026.52729852737
7779.11963031557,7981.72030858074
1692.44406411826,4345.81439972871
1312.20777276486,9071.80879695416
1043.78389349608,8915.82046045558
813.156950598669,3455.10318986262
1299.0580731587,8041.92710597786
1791.20525691937,8932.01630524627
7005.07847335647,8285.07637898735
796.401577641524,8923.98781715352
1388.78958905429,8833.38509326185
2000.64189539734,9377.14383823681
1553.61832880499,8303.71071193475
7529.20204857018,7334.71941109666
7981.28723362413,8032.65544031055
1340.97953529995,9125.07168951063
7315.85007447111,7593.04885429761
523.252652684558,3365.6430298477
2738.78738205622,8915.6008954462
5491.73395566859,7373.77315844998
7692.12674272579,8033.12900847492
902.267866750379,8692.32581935269
1989.04983752307,9413.38656454045
1057.41735723539,3591.83547709459
1998.15721875464,8680.12887100151
1173.77864324842,9236.22416748657
5699.2717707372,4488.23376208737
7993.78514615633,8112.38739399579
1300.5305600639,9269.19614122504
1966.82468058858,3922.99713504411
1433.36004252944,9295.69497175426
7584.84187196004,7727.54969633008
6706.79252345146,9114.2228617824
1627.48814631407,8867.4601632559
984.326435184266,3080.9763063917
7622.73398421678,8153.76443108544
7453.43613801887,7522.91800247582
7541.02391672249,8269.71578745678
7450.23631880959,7487.45451746333
6850.17823663813,7955.62144362335
5684.15070713525,9152.67171964451
7680.60559649818,8308.61585538149
7484.64896187374,7319.1342819267
1657.94329676998,7756.00684197307
1928.83828406645,8666.72970750574
1414.46671909061,9285.75144174582
937.652569867913,2992.64402739691
1403.84320682535,3230.73947277286
8062.88299061936,7799.86393929308
9049.32172328047,7593.18587008478
852.712521149864,9391.11543160394
7996.38366364424,7671.42862339259
1383.07700455635,3594.50520052401
6446.03926512587,6994.33902293487
1768.95460656683,8997.06004111579
1895.80794459904,8891.59630772733
7546.76786984141,7879.63884605135
2291.56155627137,8196.58157586867
2019.91859570646,4065.174607316
1608.9937292659,8468.72603815659
1495.79223862501,9177.93619790309
7656.39027744365,7919.84031449115
8821.17652191374,7470.75988652055
1613.77938373822,8804.85673924611
1091.61331906512,3343.9022525049
2151.60724537592,8000.04530420053
6749.71556411732,7793.53869950798
1334.110036791,3633.47925584173
1661.31444853635,3773.01223038249
1186.65681346741,9315.08712519867
1636.38650419761,3470.31400855163
6695.59311170801,7780.76012820348
8052.2486034538,6811.94896569825
7942.18486054848,8612.50445074406
7539.23324935339,7807.12966016124
1837.15096359055,7724.9118425954
1378.67699341438,3754.54706711052
7353.89038662085,7966.93812465129
1591.99355838513,3866.15560665366
1356.90144250541,8781.07382065663
1885.97027704216,9151.70523095051
1707.28482553199,3920.22595513471
2068.43762322971,3793.50601963594
1693.21470029333,3440.25416180603
7261.96039552147,8193.02691345799
7470.89255636084,7487.27399632881
7828.45081481752,8297.31377621802
1991.33440582,8655.1692897297
1673.68056711981,8916.90174888962
7029.83467164872,7419.10711718825
1092.99885047257,3264.89276677141
839.322796139263,9094.55199235535
1297.39220254438,3399.18325244902
1030.4001926733,3494.57810816759
8189.81175104243,5764.98059134059
1723.82457079584,8894.92140796385
2155.95878604184,9154.94754114631
7843.55031032515,7005.68845929277
1527.21778739555,8698.46288977451
6753.17393974613,8129.51046372076
1400.99923310427,9392.21846506398
1001.55825320115,3505.37073822546
1189.72364496586,3403.76514328859
7294.58236886509,7142.16967760881
7929.29462111402,6680.06205780097
2373.9385743145,3719.10666210671
959.521248554322,9177.7415369751
2563.03080411176,3751.71066394791
6388.20254485947,6941.25225218348
2065.2383363145,9152.48018210465
6718.31799567937,6641.3126796603
1760.8700562182,8632.88996440311
2079.10468635224,9234.82786142546
1616.33647333567,8644.47084960846
1761.67423841387,8108.6527142502
1207.31964957666,8603.60005691245
2052.65585821223,8963.05971781767
2122.98505619006,7452.35712348312
7725.21109022851,7703.28666072894
7130.46946737845,7572.87028633102
8010.98479600471,7844.7948283594
1471.97955279643,3576.01188270225
1806.47598685746,8777.73943794332
3909.78775199524,4219.16345869503
8190.56255288621,7943.49894136083
7697.21330605272,8067.11178787335
1501.53707181127,9255.17674996508
8236.24795304986,7393.36388723599
1201.94301765125,9233.17726244448
1747.16882962635,3521.84702516738
7327.25694965447,8305.07387999341
701.912747195716,3064.14843778552
6768.47132589551,7670.17980531856
1014.59941703636,9142.93095403739
8733.00449872952,8309.82774612911
1113.75507291861,3325.7795149095
8442.26014757049,7128.53781026074
1921.38775010428,4071.38607358264
1154.19543185165,8985.36256397732
1972.34440517505,9252.92667524102
1207.9582186675,8918.2098288663
446.62013834153,9190.7227296457
1761.74152716874,3683.76055627361
8480.82373067556,7396.55246878383
1860.18998952378,3768.7000338319
792.047152127105,3190.31208830589
7620.90614201279,7017.38668720009
1566.68790291186,9044.81654007413
1160.48280962296,3163.89737317399
1366.1763019002,9087.26364929551
7922.29019975208,6930.30634583105
1505.60122831305,3452.62067193538
1491.11008724771,3417.85985712789
1341.35207824534,3541.90802639797
1643.9608619925,9298.21693415007
2351.77036226091,8552.81090825409
1193.91706477092,3910.63778185
7008.23712951095,7172.21048948709
1896.52836335938,7502.26658138582
1457.0178035813,3516.13599689366
8844.91893717248,7385.82909374249
1765.63981731291,9134.93346134613
1905.61634422031,8925.62812968772
1811.17113665588,3924.99767365895
7084.03522106486,7558.41261500276
6119.50785738082,6295.55184877962
1349.14383567738,8882.84307533133
1479.75101486856,9180.56529134865
1405.91505503502,4009.97863881597
638.066204078116,2971.35562609919
1985.16094260445,4996.67003467846
1619.19425664554,9110.71012525689
1492.64304157474,8742.71969000694
6579.19612563615,8022.09340499318
8962.59866202977,6283.75002974343
7581.49069987156,7033.33829585739
1592.74580371152,9244.33122315005
8911.87730297345,7300.51946617416
2198.9049322872,8445.86391742601
1657.22493065591,3894.24059502266
1163.26445470051,4438.90103931798
7367.62479378419,7176.66739669627
4534.05540402006,9278.90217462257
1687.39452557572,7425.2720159183
853.432845167157,3403.95684047141
1423.00003570809,8853.03988897595
1895.2399719925,9027.27903764364
1489.58414967283,3903.41917080809
6264.13367332819,5870.48086566578
8267.96454108517,7457.53116588222
2058.53358449548,3859.93578247299
7561.88129934141,7859.88853791462
2556.83359683084,5877.66207990525
6682.02508014815,7457.24472754844
7210.85520006348,7815.66135879585
2043.82579919311,9004.59809947098
2224.42938244327,4698.51082927283
6707.83112643453,9429.57151124024
1476.87175522161,3668.37758164358
1784.30355778155,4743.46294532631
8146.75969248615,7758.6693807219
7099.00667087113,7613.72088126938
991.654597615897,3186.87083633333
2511.39627325586,9158.72221028314
2700.32812015116,5660.33730861678
8522.41416308578,7142.181249661
7521.43826240393,6006.41027872547
7401.20715240528,6666.70344965573
6232.93831699973,7758.84682270048
1531.18525709672,3781.60417339835
1509.71349083175,3612.80842521411
7584.48696369054,7234.96128900755
6627.04252545675,7574.65703758989
1613.52700761163,8963.4147751396
685.7505304719,8805.01418390609
1682.55360982028,8506.09840277741
7384.91083515899,6589.10513760976
1360.55980284403,8825.348328627
1609.92368943022,3878.10285208562
6959.82383480298,6879.97948625782
1280.40033896944,9043.16637863602
7966.41630310636,8209.00803464404
960.908899685686,3729.90820212137
5920.76112700422,5278.220148574
7736.03492791876,7802.93646724866
2583.05626348161,9082.76411530279
7422.38155231785,7046.65860635725
1358.95862115035,3860.5306129504
2251.14465721108,8204.74091997217
8480.52743941241,7023.59319683422
1347.81370462916,3335.78477340549
997.087780076118,3335.30605522523
1050.70058690571,3604.67333534411
1836.20973235977,8837.55297427173
1773.51472678965,3466.37292819008
2049.56751469201,8383.22795268966
7806.01195455333,7259.08308168593
7826.64702378445,7909.02811092002
1020.07129010037,3636.80908123807
8216.42768334955,7677.43987330925
7800.48930951747,4888.7325919579
7376.20066861833,7520.85231786986
1744.40709508585,9069.36854793755
7227.95251979649,7029.77390111599
8403.4892481516,7915.10692433506
1636.74124382144,3942.09034711784
1961.70017723606,8725.22857837484
7090.29951230102,7715.8152819214
673.138492396978,7672.71559193951
1399.9257176722,3643.33134011529
8675.97835296672,7685.67330272858
1638.78524915978,8824.47038348527
1974.41440748227,9447.5569834567
1249.43709198796,3820.70498295873
8488.60794149495,5392.43119839873
7472.62773267646,8039.34627691855
7613.05617455541,8022.04013845676
944.198782020393,3458.08609726403
1775.11374150984,9060.96681569671
2224.91076925035,9166.5680574067
7435.30310177446,7322.37789995963
1041.43289429955,3480.00165287607
1265.37301863037,3790.30759938049
7903.70159605078,8184.99826905577
5532.86870653714,6788.05551115795
1336.91148018588,8828.33250567095
7560.67570817254,7675.28650941446
1527.95891413688,9240.39929487006
1276.84774472404,8953.81416647778
7585.14981097165,8173.22934900601
2736.66979710762,4599.63887301369
1512.91023046711,3574.08812887774
7694.50059283777,7461.05885092682
1575.8708887061,8695.09894210599
6605.39361643303,7789.72831610327
7701.41727121277,8208.29614826891
8311.4479596403,6865.22674421013
6489.46749696732,7466.36432340517
773.459040223219,8053.47135899809
1499.92569662423,3752.33373166036
7398.64432738905,8153.05355639316
1508.8102160606,7919.94039258426
1052.25073734325,4498.435877265
7317.42358391155,7967.67521734237
7588.29477900963,6411.34126717294
8343.41835373858,7683.4102808736
1726.28501282602,9250.57829404613
6877.11383406714,7366.23751220402
1175.892991165,3115.81688264929
8128.97265640384,7234.12080431313
7358.30277499635,7494.97606359294
1370.60527279597,8119.13875251619
2902.27951289078,8761.0559076845
5361.84453636973,9107.36145793832
1116.16845483255,3240.96770481454
2342.45818615522,3802.70820466426
1285.85650922344,9215.77068665194
967.799456434418,3817.24938956347
1051.92527287176,3453.37405923478
1060.71810560776,9139.63864813551
7563.98128852155,7737.79135682389
1963.92952755461,8721.50086326102
7160.95814640128,7186.55977245613
7261.37674473529,7268.53838876003
5141.63643430722,4314.84923135043
1798.03264365267,9000.99720827335
7430.31435972553,7306.34652635697
1500.55557769586,8780.16780100837
7684.57569106747,7962.81117389229
1780.76184340994,9090.28362793511
1358.08997331933,8997.04618117664
7057.89735907412,7236.8604850865
1035.53277666003,3753.78191871813
1298.31328150789,9081.71690378804
1020.86454463602,3344.95966054622
6930.10720785603,9126.4143387172
6696.91035095171,8003.95125709737
963.038096895145,3300.4139946441
1517.51384642281,8928.51171728055
8884.60849259781,6932.76560732297
7430.89355611357,7963.16249909411
7318.93128246417,6698.93591013772
1746.00910046776,9011.30103123292
7868.34185685944,7842.51084670052
1782.75155907532,3565.74591262602
1464.58013300934,3974.10526836008
1395.16442170482,7506.32258688519
1853.25221692648,8890.42377740619
1402.83690454418,3430.35078715447
6915.43014945285,7499.47676117084
2405.40921235785,4180.87247556559
1814.99582253359,9321.86769705674
8446.40818104255,7995.3231275603
911.694111856905,8457.01368156216
1054.86296252076,9078.44454610861
1470.5678432682,9466.04741097648
7249.3776926946,7953.03465554638
8006.9931596731,7164.33388518137
8729.06995438358,7321.38659092466
2529.54741345868,4053.59405703137
7452.50419551745,7932.18249176817
1222.19971873338,3206.28672877433
1903.34183796319,8515.02684490088
7711.61414482539,8062.71659933385
2117.44448166631,8415.96775912542
1448.11425810256,7835.69560690493
6854.93445248982,7275.50018408497
7058.77880672716,7311.25705789721
7920.45980467846,7222.60504310897
1377.6261362932,3446.37266595195
7711.33466757564,7836.46616425619
1750.07828200603,8982.35001086728
1645.21619264007,3159.80927642111
2471.37180049671,7364.61369463381
7299.4852688442,7953.14653232058
7335.74261771258,9731.77754748335
8353.48483770434,7929.8893950482
5111.68168216141,5788.15307652352
1816.28778521004,8852.77741579527
1148.14391076033,3728.16095912633
8831.44228473462,6242.69980552844
831.502209664289,8253.43450885031
7645.28215806513,8520.70205532994
1551.11667694626,8794.97684542675
8506.33899018865,7340.76641833587
942.14970464186,3444.72904523766
7476.29931764362,7967.64339023198
1497.62555406454,8651.33832245087
8398.29241064488,7188.85571749961
8021.6484456423,7314.51783513823
1514.35683065452,9244.51130682075
6446.90984509635,7242.82465706094
7741.55493261153,6762.60934698818
1573.20910744867,8362.06734163278
7286.34127536788,8011.87543838124
5052.16556632372,7225.49269533746
1852.97791506269,4146.07521880182
7185.1471074769,7505.28635609909
1416.04612050754,8723.35295269915
994.46754168471,9087.11374984301
7440.46366744745,7888.33309024548
1053.91567922046,8850.64001509512
1308.8046932039,9016.55415240337
8263.21142213135,6875.8595194923
9024.52831196527,7894.13887464819
1253.12344495909,9161.39627353581
6834.66904715074,7984.3102387379
2082.7318791062,8901.31647538182
1768.70142602491,3913.86851206877
1261.24906842091,3523.91519126671
7126.52357968453,7920.37459837053
6956.00773794467,7401.08377151307
7684.85221278326,8103.70336337672
8474.47925925568,7109.89888710272
1106.27237881444,9160.91452727002
2287.03878019387,3467.11895805887
7729.52359423803,8104.96812053698
1549.18920336037,8984.93419050882
4579.59872466521,7919.35311189082
1182.2692061886,9123.13909142607
3295.14749978663,7247.47933269406
1075.13015444257,9221.31577145395
7442.17846614615,7251.00103878297
2229.54239600526,9127.57993679884
7980.66807931168,7415.18757820683
1129.65835525019,3189.61740249149
1456.414024299,4079.287154015
1603.19864889022,8679.50332146365
8123.06720947421,7420.93660739861
1163.85002960299,8907.12433966052
8131.03470691489,6116.70074221822
6662.56047216044,7874.25546432807
7815.82804854906,7694.17645100505
7573.10308611605,7793.97831070317
2271.29364130689,3760.52783620979
7353.34355075037,7326.24557222321
719.66189600299,3023.60540108696
1605.67398429054,9108.07059943652
8482.78084236323,8088.7650296627
7118.79120849048,8261.18446434442
551.808819376203,3409.53271112326
8066.04031632845,7620.83153871471
769.410643379576,2969.4449775581
7893.73899428643,8147.29063437875
1772.95165802539,8438.61354585301
7594.71829750362,7606.02988791124
5936.25725787588,7882.30165181349
6901.99145473416,4784.29566776779
7506.72364997333,7775.71517778536
5970.72570811299,8461.95514810819
1295.30383873461,8998.54347259745
7533.44179670296,8007.34301145444
1079.59515391195,3433.4978282864
1295.66151154504,9341.76010664616
7863.24793164179,8172.55344383301
1077.31296898445,8749.24467788588
7705.84507863262,7893.98594983859
1754.21154767467,9051.47249920795
1179.78647769454,8240.18521734232
695.080406077902,3002.74445675253
7053.11480806884,8122.16859744755
8506.05520384348,7179.9110679215
1665.88226955015,9074.19116118391
2058.04132671866,9117.96851112106
2113.17861125598,8863.59446371034
1472.68179447717,3721.11156905241
1377.88952159239,3578.65768104729
1162.83661785623,8857.98604121445
2195.92854407169,8042.55167763012
972.080905411745,3235.69367666968
1582.63197891661,9107.93815475413
1134.04743025179,3466.60636769418
1885.22309721963,8978.27553151123
831.832209880791,8645.91237257823
879.047820394464,3411.38785314501
1887.16165299972,9155.94687241467
8268.10087682299,7667.2859733296
1135.06895192496,8785.3965431558
1536.17386179674,3603.9851992182
2051.21108986913,3471.70785954487
2746.49125284156,8691.37106647905
1136.1468392442,3689.26554220505
1787.11448736776,8551.26635365328
2030.39035314169,8531.98955251136
1344.62752170311,8225.5458865463
1363.47794938741,9340.26508805149
7294.91800138908,6696.57969874124
1844.99009963866,3715.11336293452
6810.23723644549,8307.78715777362
1067.57440074786,3427.22668363158
2083.64923947201,8801.25158408352
1382.32456976788,9024.69975462908
1293.43950625921,9034.81705906892
8123.20840787815,7312.61706347418
1487.23242721571,7751.42509724325
8647.31678133217,8180.62250079913
7726.32158015937,7287.47403026511
7254.71342102126,7957.6723251286
1994.50433583414,8844.86601723965
1395.92805152862,3319.26724141097
1871.48869372644,8868.38455425718
7093.63673823574,8332.27874050641
1599.08996226749,7377.35654946759
1091.76426119488,3402.39654362579
1456.19620411984,8969.57285361118
1144.29335949178,9205.61916208593
1624.79449336813,9208.07429104667
6889.58798136028,7420.12891690759
1710.85389438549,3788.63361644849
1838.74044471262,3583.28628330159
7711.26477999919,7233.88973507613
2081.95653213027,8438.04337761396
1739.92590770486,9179.99358735361
7944.12842689142,7649.87971036489
1683.21715033178,3987.17386584295
1491.69011040063,3615.82589578275
7093.15412269783,8144.25390571002
2137.81233210086,8977.69476839062
2121.42172895715,8784.97063456704
8165.93851451808,6619.73133176072
7166.18092020916,7912.21139636161
1158.2239419762,3418.01221200914
1726.8211499884,9101.535127561
925.688871502034,9318.6059474501
3254.48730166401,3867.41230266514
1450.4634256362,3402.35892598572
1238.39844869491,8875.30875603824
2169.77350362348,9038.1065299784
2139.65608204487,9278.39729865209
6735.76732349295,7353.32148811844
8080.87703014119,8392.03156072919
1564.8661448995,8931.0413124668
6859.41648759751,7893.97644416633
1674.6787299014,9042.3145330393
1521.12308635854,9314.69209975879
1943.12963103225,9173.03523170334
7286.22094031221,7318.11845953715
1919.31818269519,8900.32238405666
4007.746077035,5542.00746800656
1309.9129045101,8884.33374354762
2157.07320389949,8852.60189320833
1300.41107580233,3764.71576575847
1192.04255657257,8195.36933328871
1386.2419212444,9009.94110952961
1477.24453722617,8633.22596687619
1804.99860298187,9054.48092132832
6900.60011295912,7585.24023265002
7804.57014151582,7320.58762130761
1402.36104952895,3661.00568486706
1706.59987027637,9094.61571125387
7119.81730257733,7798.36158791247
7863.97570650935,6888.54857680578
1671.61906916389,8992.26417681989
1162.26120647489,3217.3763503303
8202.40556612354,7557.67808701839
1186.10883350135,9098.18937650411
4943.94583062329,7932.88142444862
843.980698657301,3516.04916968929
1519.84537092419,9055.74036246889
1104.87771230163,9146.4034740982
1881.6907473284,3908.41764131499
8038.91230247506,7303.54744623134
1283.32566370436,4255.07833478038
8541.9572913329,7568.87016881959
1441.63656824866,3896.20871486191
4326.0642876675,4632.30321022218
8748.30879133374,7297.55693400796
6918.64577745505,7160.79637355268
1759.3715102487,3781.77187749575
2072.1777616464,3548.82111279974
1122.76878598034,3605.42218723045
790.562400287789,6581.05923926697
1085.65349871818,3033.63744812098
1630.48439580414,9187.23816609428
1251.52844891571,8828.24245150751
8218.92910036268,8039.76903510619
7013.33170288556,7560.16753382376
7173.5541473525,7936.70663191027
2018.82555883141,3383.08586948267
7495.37769572276,7703.93167256381
7880.75190624781,7457.44685071041
2521.62341150805,9012.43602981487
1392.23684138564,2919.45977632275
7929.33036698333,7797.59227433734
7190.90781966696,6105.40107623808
3199.04859007641,4800.07433054999
8007.78728782095,7122.389943791
986.36828925704,3218.77745632594
8388.77678282893,5426.69394524453
1946.13388208606,9003.44070395395
7817.27312894986,7981.69669599583
911.062160900513,3336.97758747621
1369.15168161534,8971.21835627912
2126.51670849962,3936.48258503703
8804.79646348468,6836.84700231453
1037.64936413812,8716.87804848241
6577.14745367415,8234.71798969712
1916.94523666261,8654.4370002468
6854.56936805674,7779.27160669451
7010.00079376732,7232.30323157189
1506.95075617218,3255.06122042603
1802.39079611013,9232.71587640542
1684.9917357648,8851.59120690594
6723.20688505774,7113.95946117428
1530.78075042854,9049.39059183276
7358.73231588608,8121.93972345952
7294.15237832174,8280.64035698533
1659.1963511927,3822.92611252603
7190.82925068978,7269.25816264021
2162.83219776304,8745.46976865352
1778.57740328562,9018.09743476265
7600.73506614708,7406.17790468062
7309.09183351691,7009.31534326665
1423.20146441721,8796.2101628442
1411.18263899851,8886.8430233341
6242.145016216,7771.76685037061
1243.1215489568,8655.68066884269
1222.10349175139,3735.3624597761
1373.89804813214,7999.5334616932
7970.22557512932,8534.39933377239
1358.25301480494,9284.66959207696
8058.7855273349,7857.00606947614
6802.99939442931,8353.03784672543
7934.65727520562,7831.79864120594
992.733430952317,9242.42678320771
1521.57590309105,9023.53491674284
8099.30189909126,7487.09519849578
4275.16628089073,7662.42562068169
8128.89599337822,7359.64323218668
1154.1391679486,8259.40633280259
1584.97860813053,9376.36363366678
2333.18108287802,3216.75759221611
1066.4964439784,8395.80910419906
8433.3012834136,7429.19231993881
1557.62450733719,3735.04424018275
7087.2491358169,7960.08857762513
1334.11436248498,3481.66204878285
754.225525399996,3034.92930354138
7872.55566750967,6290.60899656352
1689.27565075074,8038.97424540976
1017.25813695419,9338.02971787804
1507.09765633286,8670.94336921213
7018.75562178113,7565.77804449469
1313.73348935562,3820.31425099451
7826.00382978329,7434.74827949353
927.502611083335,3280.53595903181
1243.59760707443,9146.53453549191
7891.20517577387,8021.76526037945
1284.67518064924,3454.63267261384
7959.35845525297,7395.30594539997
7643.79422613585,7487.21940459812
5995.00059332826,7687.90176341419
9172.57355409305,7796.09353771271
7237.32907647594,7043.46610170471
7546.85470616508,7799.96172691357
1347.32379726405,3376.95040578986
7824.7054992648,7562.9671030384
1368.63466853011,8006.60546257221
1838.09036798369,9079.56942943499
6363.84638141297,8807.13972323707
6682.51772930987,7533.51880880588
3262.40502938022,8593.22881619368
1202.70576017129,8605.31982894756
1189.51051463346,3726.21994117707
883.085198172727,3452.78579693278
1292.4864652336,3227.43506424435
1790.94691588662,9299.18449748774
7773.37810086006,8305.88718220151
700.564225061308,3052.37737180167
1967.87474696379,8167.40114200639
8867.42756746436,5394.76043103198
8055.93296542195,7977.95730995106
7567.98197271121,7685.46378919317
1169.65536266909,4005.05173155271
6945.58013696347,6795.81878570118
1837.3091560369,3821.10922839125
8080.12757472,7325.62001295528
1128.14561812471,3470.01844639519
7434.17499625756,7972.24018519528
2235.66666528657,8782.87134232959
1059.30204099827,3446.5452568774
1021.05562004821,9250.11989827389
7097.2796858043,7680.99051420672
7714.19030566401,7984.04168735126
835.057071744897,3513.8845115671
7220.33386159774,7626.14072621879
1002.22408219662,3369.48381359497
1090.23092101262,3772.12351890834
1966.32640245896,9073.58636981127
8245.33642017691,7244.86667868306
2877.1456785973,8512.41619934238
8110.14752301806,7974.34829173544
445.696849145814,3296.03421339257
1418.00540488736,3149.06645139511
1217.41924010874,3304.72644233588
630.505938077388,3366.23860558874
1318.10562597832,8711.52959857766
7751.41523286886,8104.53603346332
1094.86373184844,3270.40828400417
1211.26391706755,3546.56380676437
2252.71498697496,8959.66007065203
7822.31499689278,7046.30425774348
7292.98218193781,7526.20130268757
7554.37224863941,7229.89041448152
1290.24105739826,9070.73545985531
1130.79326001347,3685.58531626809
907.316709354801,8365.15559896723
6670.73265679984,7578.55683368714
1031.85651360943,3112.86097216396
1530.69041749201,8791.79003550148
7954.40951907605,7809.06484976317
1010.24206999621,9205.20021981205
7940.36953771181,7376.04989458384
1216.34624978526,3517.61627577718
7425.17557812247,6794.16358101902
7613.25918281652,7731.98833631877
752.829054548718,3217.41877018972
1400.75073504097,8928.87531582356
1961.50622865743,9094.69449313643
1084.5117598395,8647.58372852792
1248.32430182892,3387.98642482415
7627.65020571322,7834.95495648362
4957.46711542509,9335.89390911584
1230.9417998357,4088.87024017998
1058.1304831218,3340.66736410026
7718.01174209308,7356.16672062512
673.4774753737,3068.39662706998
1909.910625906,9041.98891374404
1162.66154156445,9061.79645836633
1949.36728262427,9243.37828325266
1402.71519758694,3727.43444935612
968.049062164717,9194.64160313537
7225.25164042019,6204.36809491598
6375.13126662091,7720.69584514874
1472.64403468576,8369.0727647525
6386.48145842738,8194.37533474739
6209.51066358001,3821.77629717654
7537.62202302721,7233.09997804554
6719.52220076766,7228.69041023536
947.226838036727,8992.68938633073
1368.1421934472,3649.02318259899
1157.57381748793,9018.68984284667
1628.3286510611,8999.49786978168
7839.45920721621,7669.5475319101
1924.41474114453,9272.01991878561
8282.61591726767,8021.16114197939
1327.73935062539,3713.66963257944
1751.53005710795,8357.39291520667
8312.45293424904,7110.90956512285
8883.68585364017,8140.88511501574
1560.51419833644,3739.01589393207
1721.99844445247,8881.24180744494
1516.50793008086,3796.85271542416
7728.30551402706,7716.123207796
7691.75713800984,8022.37413584627
2656.08460892199,7431.99551748218
7761.64636834639,7755.07187380616
1665.79770838795,9284.46651377102
2314.44255682755,7980.95823328191
2167.13126756131,3378.22438052277
1425.21006601675,3774.01199538696
3735.99914526975,9234.78589182014
7613.6706864384,6973.13870248174
1549.54053093123,3508.90334614948
6846.50211683861,7708.01973279524
8175.36281662873,7750.98160764162
1925.91432498816,8776.4496576791
7255.74027662751,7647.32527236649
1413.18986826318,9071.55920155473
1200.12158911673,7660.30616852125
5901.14100796039,7849.35781588497
1382.58945081593,9033.07077018054
1540.76812572454,9236.55441365541
6981.86526084025,7848.36202225125
4216.27580087394,8565.82465955233
1614.65407635642,8731.83391380646
1704.85406130848,8517.36857940124
7896.4535223204,7710.0071899931
1460.23848337614,9001.84179147502
7130.02048056566,9500.5026950532
8004.12325781603,8414.74683930897
1205.16165642181,2980.74049995292
7226.95588068219,7784.9981349071
7268.27821769927,7243.43980518211
1449.82256170788,3810.51022381916
5872.80960996448,5668.74640845409
1224.92872748036,3588.39947612929
1456.13107340561,9115.01173281331
7256.56932258452,5871.08883412193
1887.54626425437,8565.61132893092
1697.09266668471,9596.90266253092
825.55513811292,3450.71045320155
7110.22646504256,8118.31534755567
7684.23934089322,7913.91525464665
1444.051529189,3735.63314843223
1362.41878113995,8833.00259892794
7917.08304533275,7954.49806186425
2099.02814589964,4123.35071535037
8935.584627407,7357.58603280535
2015.55357413036,8978.30549457783
792.755546680595,3194.69938857758
7375.84339445383,7331.65495609443
1884.56503002501,9073.29455126989
8001.18070672016,8916.98123063619
6957.95175396251,7954.634449991
1353.69520755877,8773.20327207148
2416.53721365246,8388.14083198651
6283.40004379203,9002.76806928728
2012.6704060911,8816.368179854
955.556440935969,8851.57812927976
2006.03628848732,8830.12212958761
7787.27240031644,8026.64622816183
2064.56460779044,8389.761276538
7283.93164881867,7211.60542646154
7761.26214869097,7885.66750272286
479.222931745198,2921.24251725069
1211.81266603803,8941.73123067105
4079.29922874619,9084.8107284791
1749.56809886094,9113.4805739679
1202.15693361453,7773.22675363032
1170.90296398075,8622.53610446106
2242.24421499581,7179.8592981381
1225.96863879857,3299.68048266525
8517.62500205843,6983.92363198409
1851.56822142373,8304.29186237422
7485.8808151599,8398.88981206864
8449.23905568573,6384.15481971703
1061.155042014,3483.9785058827
7289.76421884545,8391.86504374117
7223.5215225012,8215.52630351207
6982.32911953443,7714.82177506539
7340.30628285351,8057.64923278969
6926.72363216977,7278.83841611632
1328.33618769126,3800.43113353672
7085.54594952406,7672.72773553958
1425.33745489053,3361.33087270084
7189.97312125622,6094.49361252676
1806.82991969784,8956.45906449571
8048.0517857136,7140.23526876275
8074.36617103448,7915.93771682221
1712.68090604775,9119.73345361705
1464.83777426075,9107.25138138452
1528.50340791173,3551.80035394396
1495.21740244943,8896.63824309721
7438.13705821764,8087.62748463434
1285.15841457251,3529.55819826528
7261.65579995146,7511.81597167514
7830.11797385581,7685.40574921406
1376.95531426765,4078.76582398337
1503.95074968935,8976.66514835055
1212.01852731248,3022.54310088712
7790.48910059065,7725.3587187781
6841.26720333076,6452.77012824043
7034.74933408436,6646.62530411916
1815.66802768338,3972.37692497114
7397.06388952006,7963.6603979907
6973.68251524456,7268.53966283548
8866.77102239671,7208.0195141956
7563.38751665493,6961.84441282169
2025.70074124794,9164.61918619446
7550.80430523619,7506.7532617748
1558.58500126199,3858.35593219902
1629.84954331878,3543.19693590131
1779.47828890969,4282.23707527735
1857.9473472647,3411.68060884604
1400.53608016204,9224.56191197947
1216.60439597544,3452.86972391499
1169.27744625627,3665.43943231082
7709.48766254358,7656.92053106761
2361.44577612484,7348.1949118621
1554.6016238617,3718.7161974671
8082.0153819688,8966.17213998593
7971.12322602562,7767.76330759028
1434.93374129174,3647.84651692443
1680.91206240328,9609.84511479255
1084.18301203689,8675.52007393938
7542.16189132153,7717.74588168364
1425.28617169525,3662.5681649083
6901.25719571578,7680.66398197126
2582.38783017359,8513.86259866895
1944.32523352354,8962.04356914708
3008.28272534281,3931.82163038738
1604.54501847941,3940.02317777674
8263.70216143448,6313.02373662577
7863.0717734066,7510.81382738518
2043.2641284904,8059.7360287268
1145.97904719296,9346.13182507705
1535.84619791371,3368.68667904198
1592.46053431456,9041.24538806655
7735.67967364219,7105.45881506295
1615.63159646259,3627.41045497291
2646.85831549787,8712.76856241365
1992.89207493269,8957.22805327498
6455.82223540928,7231.00455526906
6804.24686794904,6911.88567077446
8969.34798452075,7559.85203605528
1211.69824992946,9043.51588802389
1024.10119276934,8663.00426638495
6746.61663743521,7733.92624056639
6653.94404486374,7676.90490013852
1791.64558271386,7922.71111994658
1306.01707059704,8295.85743272839
1907.57556353284,9107.33675567688
8660.55147142551,5817.34557391355
1618.54456392937,9027.42147670182
2479.60401723492,9233.1398102423
1383.01773455527,9204.46112383886
1654.70140662913,9156.71337292194
8537.21464494364,7347.18429482201
1211.98659107425,3385.03558401891
7552.08024664001,7636.26222629195
828.234590249341,3389.21472217394
5963.6945602033,6558.2193326762
2110.72128867718,9155.09528971105
6220.15436575082,7528.33359411316
1517.74892884426,8958.03072645711
7380.10248890228,7672.3787797079
6308.54029906877,7315.96029313752
2482.23808136426,4024.97371117041
1535.97257171623,3374.67796969987
1352.7398187431,3715.89090819597
1283.26129803583,3071.40441352608
7149.45174672565,7548.46328290815
775.848831282123,3326.30844380559
2063.54674533895,9181.43421402131
7228.5078868448,5484.54659266814
2031.35602287068,8974.62531954297
6904.30408674587,7385.32566600972
2112.65490381255,7709.18859443263
1723.97791906637,3741.37370948621
1061.03884271367,9201.27389491805
1612.61456880702,3882.87232823593
7688.66324052434,7783.32403482764
1298.82788828705,9082.64428890509
8490.57474014846,7226.05516279421
1737.95326948833,9034.45066210435
6069.54216930497,8459.37538860995
2037.00569444563,7848.48649006699
7537.67439630236,7215.41220568894
7520.32514328166,7033.91743090035
6885.05631151291,8045.28316984514
2850.16243800537,3758.9935118738
3728.78667617621,4593.36252549612
6915.35573912356,7313.69088875191
7457.9392391754,8443.49106993167
1585.55317841566,8602.77604647359
8781.15361553871,7561.01194542265
3571.31081983701,9323.60658019184
7299.46312039456,6451.11857734474
1545.03884159466,3633.3241897634
1379.72685540794,9261.2488501511
894.679402250245,3134.10294795766
2091.33023710915,6443.54597155454
2072.79949153312,4149.40678419078
1811.40522148721,7268.42480398805
1422.40618954452,8985.44713674568
1742.67954661785,5570.4482102979
7023.0627255835,6574.16768478451
7506.69439577534,7916.67933152564
7320.25565972472,7067.96574183835
3696.68512686939,8486.69889290564
7570.76856286698,7839.16512278974
2660.21241026578,3873.73680131669
1584.52566488578,3689.38497988535
7978.41320877361,5761.81417810711
1315.82564549773,3530.38547374918
1427.52016658253,9169.41878430004
1814.71850122595,9124.30655345598
7166.99952147237,7991.21814664735
1585.58803847911,8944.80409839453
8280.57396000816,6704.69170733594
8270.52154711615,8689.12723878447
1696.75688592498,8411.78580489433
2064.3987815982,3701.7938513837
887.912442096152,8734.335084995
7404.83727930973,6848.07465995499
6875.0215468748,7352.03541709968
1848.2200628676,3654.84215935181
7363.23516990903,7603.63259719353
878.445827408777,2950.7101949602
612.726684284639,8831.95536629566
1407.41542391642,8941.2671090216
870.02665713563,3405.55852625005
1095.60196685634,3253.09818298353
6130.00942862505,7636.2064203364
8070.75774053032,6667.77640397255
1339.61341981851,8580.28701881115
6748.39421853613,6934.79933511457
7514.87447503378,7896.3172420205
1226.4379635789,3642.81635289823
1374.40628334045,3652.73882786341
1296.92553742003,3902.97633927902
7274.09495843918,7829.9664733951
673.13204680418,3167.11866804033
1574.24417222533,3654.11745510319
1275.36597694423,7326.20051537784
1206.14867686933,9118.29781378426
7376.48727426979,7637.48098213678
1776.7582586857,9163.66579967294
1610.48761098506,3873.04850456941
6879.20583615753,8018.6948559445
7217.48989199513,7475.81069305671
1167.38975159768,7968.74124134694
1263.0909007127,3536.82098330921
7523.66178294169,7836.95767427781
8715.39244089811,5819.59979457968
2006.01339146084,8384.92863400254
1215.86032654812,3473.65276404403
7503.45499038283,7951.67539019689
1365.12854047562,3583.12562714142
1274.87367225667,8605.66204811264
8100.85334720127,7064.59559485573
2049.11768246162,8754.91685995615
1244.89443463193,3593.54409245891
1730.81479785715,3840.52654407596
6735.13571868454,0
7550.11348550629,8100.60747448917
990.718849108376,3252.01824250026
4415.6947950578,4035.07911100536
1948.05574704847,9283.43202696264
6914.06061020681,7500.09454397232
1452.99503397672,7638.9681151096
7418.96573612382,7090.85627206713
1574.84420530582,3623.28325706452
7856.86106981231,7351.35870064246
7936.7610169963,7772.3371402213
1508.3357533645,7646.39732682558
7717.94846875308,7252.81325029586
7344.2024869296,6975.73830448319
1432.23577111383,3607.51337998781
8069.83647856769,7377.388464533
837.982560817975,9174.48142216167
7600.84405336513,7872.87816822331
1602.12170808635,8870.62865020791
1848.16857178968,9199.20058418139
1774.21194264275,4107.71864556917
1483.36423939367,8698.22585770437
2207.29154323789,8895.56702185946
7631.35939693681,7570.30736744146
7585.89653761764,7275.44402325718
7821.43699982135,7720.65876371926
624.376392288545,3219.18808860215
740.423937752236,3009.55676817461
1668.47313230883,9027.49615771942
1858.85557994987,4536.44973568446
1490.79238516473,9180.68936183785
7338.0067116767,8072.2438744561
1232.13584068691,9220.88256197267
2080.67440701644,9109.55740537817
2350.56949687031,8788.83507118871
7486.42288846561,7659.70931483113
8276.98744743843,6361.45344760664
1416.28915858774,3778.48054102215
8012.84660952783,6598.92652763364
2057.61596443787,9124.16006580882
8011.12056085871,7307.33710721718
1480.96045223049,9031.69818860977
8379.87413434909,7859.3309679522
6726.30371257463,7092.53554629786
1330.35414043302,8070.74638270487
1944.88703572618,5298.09984350982
1522.61275535823,8769.91495599081
1190.0392778456,3603.34065161297
1548.51977969318,8621.7051496272
1363.93862513714,9081.68138777319
2388.88445483058,8380.33733192525
8093.0375373276,5975.09135549201
1615.60887201405,3862.87654723794
7215.93409955428,7012.26524332508
7286.87369194424,7026.22516332619
2184.8812599006,9125.45518318397
7576.37747882841,7570.91343611756
1386.78608519151,8998.2292630005
1421.26126707665,8812.85378343627
1310.14099252978,3363.68560395984
4188.68752997517,3568.14538647758
1633.6097328527,9235.93037312497
7132.27498473368,7442.1424652372
6824.82906214664,8150.73629686111
1707.52755562976,4006.78076007863
1241.81495656369,8832.99936563589
943.718797046349,8653.72489828615
7332.71362000523,7103.57700028448
6643.7128201259,7159.37832177262
1355.18829071153,3688.61485901551
426.374123469199,8595.76498482393
7531.06682981434,7633.25935909489
2518.70137195198,9085.95870850268
1392.10532835367,3907.59200897721
865.727886522576,8952.6616669927
1309.45911704903,3408.72833949064
7667.46314611946,7701.03954230038
1894.63369787626,8601.43040834421
1126.93590894813,9406.442637963
8181.77757870608,7301.80405325739
8924.65267094872,5563.66236138517
1947.89803180728,9153.16942398794
8974.10069170384,7857.00314364707
6559.72714931583,8061.60540055933
1453.94821383508,8479.83111595101
2056.11695685502,9148.90510440898
7522.65294140221,6865.27045712749
701.066100188589,3079.15917563539
1421.99052838836,4065.32897071639
1399.04291399486,8807.03536078991
1443.17234828141,9032.57054555031
6478.07696980517,7059.3528804035
7017.41849301747,4769.34901399565
2207.1202440494,8114.61664571087
6709.19152941411,8084.15791800863
1359.63137586941,3725.65520554155
8544.73456676954,6959.1335941578
7621.71830682325,7999.94118899076
6785.88931285223,7328.34560523497
7486.62915213531,7595.29522822161
7679.1797488662,7853.32336447335
1162.58719161351,3580.83809055633
7055.91344560744,7530.88279134247
1314.15553740464,9189.92806339357
7292.59462155383,7231.07674900536
1395.91276295718,3366.06255652446
6651.6194647688,7109.59776292179
1257.99746022644,3602.61387946388
7958.16169932812,7758.14793317818
902.583502057914,3396.53577603562
1612.82940767095,7500.38366695362
2635.59409577017,9180.95415150408
7293.44171808606,6860.75992395366
2154.00653334549,9240.96476986538
897.325889932104,3506.67938196204
7451.54181521199,7156.19173846759
1407.69886322868,8551.43891547848
1012.90601714886,8741.81224633707
845.263282880651,3142.03139448327
6813.01892253673,7502.26854130686
1060.07837021255,8962.14936032933
2001.54388864525,4059.120757765
3852.02766842251,8106.76197516878
7923.60107993557,6075.85348840711
6113.63167497178,7745.79304707211
7418.58674011302,7231.72237612521
7568.74280686743,7461.60709792048
7947.48992295497,7646.68737249105
1507.33679610846,9302.13611923538
7457.35791611094,7385.36419887536
995.972764616687,3823.85213159191
1367.96801487951,3104.64402439716
859.124741685013,3085.11704610232
1323.87589100685,3290.46034654274
8104.88304398453,7844.40896510567
1546.02599375862,8469.99055478822
882.764091514662,3062.11529484129
1381.24594555763,9002.97749711774
7276.73363412402,7561.58457765
7967.39550133399,7470.96878206064
2043.33900229116,9150.98626604231
7893.43798107066,6236.18373987137
1133.58926771876,3411.17594142617
2236.61913480522,9055.66914431836
1807.4170656636,7972.4087473869
8062.83303355018,7603.97518700627
7875.06109559023,7641.98947954052
7609.25894443921,7926.57020582568
7879.26558641664,6866.86332908817
4383.49767932468,4479.7989289883
957.142080227603,9188.86521883109
2804.31562790013,3329.94494432555
1707.4926064822,8183.58674562764
1834.22114077042,3646.32812749246
9012.16840094266,7371.10922189082
6815.53979867916,7958.10255322544
1775.25999630196,7914.27438894376
1075.0928866617,3550.44368500903
906.155251731861,8701.70692213143
1028.27844931945,3489.99914110449
967.600225048605,3336.43071793627
5983.07991807779,7551.88011713916
1086.8647408976,8922.22822617064
1667.63785333555,4142.33179646104
1233.2934478383,3517.11606727117
1205.77782579288,3689.79023966504
1088.96043776288,3303.77566491835
1618.7787030563,7939.22480605232
1752.54973497896,8517.44821619629
805.774088392377,3357.36829355461
1136.76865976547,3360.21691638645
1398.93713787331,3424.33843171977
4297.21236231897,3556.32073856275
1500.98817804215,9096.18509282642
1171.9581061118,3430.67820749755
1266.8799775353,3482.95110829516
1070.04181942268,3194.88300426807
1264.32769063369,9195.73841368781
1651.45257177067,8819.47879443141
1243.64197887556,8806.57010601644
1158.56708223683,3768.77651461764
1343.48213882246,9025.33448105732
2222.70533366399,9227.82900460824
1421.31944712102,8625.38081978213
1325.44707458907,3850.56327743439
7386.94425964103,8211.62598246803
9089.52099517932,7413.85647859202
7709.39823886306,4731.92285075649
1373.43494316786,9249.4251682803
1409.55703213821,9087.40440711355
2619.94777065039,7946.0513854976
1239.78040815392,9012.40093692352
1095.5493085184,3193.12096053639
2152.46010682315,8763.57873625107
680.158453730168,3291.40255421817
1850.52868530886,9062.06534531011
1370.71517208291,8964.68230631644
1639.10816545938,3551.63782172877
1357.58914524206,9037.22955224156
1386.20442185047,3767.95743907774
1713.92951782367,9257.79715652004
7933.55216734083,8429.32443792197
1432.15041522617,8891.46091915136
1554.09364505211,7285.92196784823
1290.49614199285,7999.10512805254
1410.78928452828,8996.61243800559
1168.38945385729,3549.59022232318
7816.02189243572,6603.76355733357
7769.36391432786,8245.85435013813
8319.74721215822,8051.5144917724
1931.72187896702,7096.06279955903
937.488518237092,3589.94573318719
1118.18745110414,3610.70892378041
7394.01102955666,7927.27490531727
1028.58662824904,8968.33302777833
7722.9237273677,7900.17160114236
9060.42924037415,7654.95055266246
7328.45378440168,7111.26840806129
7101.14551433384,7446.48478524558
1284.17602250908,3532.00111003673
4194.98824113662,9001.8030304677
1348.29880801879,9222.27502254548
1064.78713051192,8749.19559814542
7054.08955796873,7640.6872438934
1297.96686308631,3545.82525787027
745.799285835815,2990.42259323101
6620.98635452341,7356.90385940901
805.716413580112,3588.81169577319
2072.46889827495,7009.84114571693
1149.26037060204,4405.45015176568
7796.25783424972,7360.0527476082
1657.53918507793,3927.41459567048
7200.86109302184,7386.30727628749
8735.7123168423,7291.43283171891
6985.0309758267,7561.02406453044
1291.45017380732,3479.39531707613
1130.73529045912,4347.69679777005
1533.37207017961,3801.37621820058
6564.67826270213,7551.75571456537
7467.70081014148,7148.04766158168
7703.91757942389,6698.64529089322
1670.05852153745,8811.06294055773
7101.68129588962,6136.11281210056
2416.1842387359,8562.23404447703
6683.94957159902,7444.46536101524
7452.30599681277,7697.02993260443
7495.20346490197,6832.3959455517
2313.37520915424,9186.35728560589
1849.72353708903,8929.74592426246
1259.86724918894,3769.10924968762
1327.76316395137,3619.6596276906
7483.30162560624,7895.99193318661
1614.40064546383,8913.50406412681
7294.88224583858,7598.43962271056
6253.48186902346,7253.81326506571
2508.34634086231,9149.76301058024
7420.52602161987,5628.31715471329
2089.32552341236,7956.24493426179
2139.92337256616,8331.62213485073
1419.03367049776,9076.05169786
8162.87119158201,6667.15608460171
1570.20584049152,9535.70084746773
1428.49061568293,3493.58185500678
1085.42046859166,9131.28386008428
1809.80058780831,9279.5232374303
1301.79054495629,8518.16218225371
7772.60658637581,7759.2512266491
6820.78133972498,8190.88823840015
1530.11193357802,8512.96929867502
8367.86830505576,7606.35178616325
7824.98820399214,7577.54530138381
7325.45744803184,7570.68503549232
7423.97169554533,7790.76823507246
7388.03646243363,7624.51280614353
1910.07222276746,3722.7645858114
6640.38843685119,7643.67908477326
1569.96796690869,8828.07129388203
3149.34050446115,4537.05649684962
6752.36103648014,7734.13928956478
1734.58069865097,9183.78912473831
7864.37372773959,8338.06910393418
1933.64738307082,8654.58069918194
1516.53777826653,3609.3855690376
1205.95353247024,3809.1838755569
1240.1968351309,3157.46158587602
1622.88570139448,9088.29473899207
7372.05602913289,7811.52445690634
1059.58544628692,8315.51756149238
7516.31631751337,6742.6629783484
7767.51095744149,7166.40418930671
7366.37245175041,7707.56415945403
6560.30884051547,7150.85512987428
1717.51455301587,3732.52868261001
3125.07437137964,9197.56984513209
7409.30238913746,7595.21219985916
7549.03237758142,7827.21529296868
1423.68784516524,9155.80098570752
6980.8614330763,8216.20655804464
672.668064093609,3105.07180328546
6042.39182757763,4174.90716185888
1631.41662722827,3803.33353138404
1265.50724612811,3672.62676190529
1594.62507355031,8927.93872650736
1448.99823557412,3195.32671553955
6443.0941444255,7082.50076128048
6789.64107551316,7641.17340381161
8029.55344757034,7874.13203946505
1341.96666350881,3572.99493535412
1953.61710166935,8945.60032329735
8212.67654219046,7769.2865012935
1286.02974409308,8751.64317479009
7098.13992156119,7584.83810435005
7076.48745068946,7537.87944163432
1381.80890681826,3537.42865200929
1605.01667013273,8829.16291912581
1467.65561897766,9117.58436699671
8565.82745296178,8346.39340353468
1669.51546920369,4043.44047553764
5505.19610558419,3792.52148290397
1746.39203981474,4066.65880892619
7911.16880468945,6811.54514600198
1198.7576565256,4057.14303992053
2358.42048154051,8664.88890510804
7466.0476984817,5153.52999251321
7086.01052164678,7374.243715042
1541.76626588937,9213.13782959328
1741.51484434009,3492.08255257299
7600.36021012027,7451.54852611098
7989.6700448258,7169.75252484315
1770.07400299095,3684.81736807582
7327.10414518772,7933.38885615548
1075.15152096094,9059.08677028288
2926.13951198992,8942.7755006764
1489.9878439487,3876.45653555705
2211.74760908469,4024.33829432615
7483.05669091107,7301.83207970378
1325.71999684889,9204.80806322493
4053.47642218471,3424.46280073576
7811.05839887093,8355.65848120269
2956.91693188029,8976.35762609958
2148.1402559462,9338.53267993068
1113.60335477484,9127.44793050517
1079.58659473481,3482.94919369397
1504.00446352365,8140.69672512083
1177.15483856665,3693.76055889313
3469.09311317938,8291.97106369071
1870.98154012846,8990.40765827324
2055.09890300919,9164.42634139177
6816.49000754136,7339.71826454082
8050.9571370628,8091.81223485186
1180.30377181017,3908.23809402966
1930.86482135374,8834.29683629394
1210.60068838517,9016.37209110621
7435.89662484008,8126.85392440409
8352.33827187711,8401.80578628127
6720.87671381947,7487.2089743086
7406.20012704669,7939.42572193563
7619.67427464015,7504.28760245544
747.963231256594,9154.10538935371
1336.31913759149,3935.75269315201
5775.03515553314,7147.97826415803
2069.19041514368,7677.1304054163
7291.7159095473,8304.9257005503
7872.16648777278,8095.24769793793
7795.42557589377,4574.22871239721
7492.2849883359,8235.01121206171
7963.50957768893,7454.56649952766
1025.31306936518,3848.7066528075
1507.83134145092,3696.90801770584
1277.84088238126,9007.58221390672
7256.73213466402,5590.38207233208
1478.20565731874,8534.05421781722
3483.86859121574,8005.57669155709
7449.53437558995,7085.26721220707
8955.1937774416,6643.97307987382
1572.35343627098,3695.65046770696
2132.43856596435,3379.42096056904
1335.36977244707,3784.67624797872
7280.1708216915,8090.52492348487
8188.99720844065,6488.33115751581
960.179739096446,3363.21929743459
749.782972254245,3330.19000493611
1614.77782082213,9102.22654884323
4573.57439278607,7871.00339124484
1668.0783412514,3855.5181320128
1818.52374876901,8390.57790323437
1470.18701017563,8546.760060123
1654.55227310714,3568.251965149
2010.15189632573,8812.40523643745
782.340024690705,3020.12848823953
7807.53188816925,8207.24166724066
1209.01643696425,9005.16064861784
1646.31329151735,7893.06340176926
8148.76032790731,7386.46795724668
1045.00297079769,3631.48852550955
6756.48807809899,7565.09603528213
6398.87935392822,7870.6513921078
6480.95118422384,8090.47613227227
1604.85151275351,8980.2984429048
7329.41964576862,7544.38792881733
1108.22824935981,3266.56779866484
1035.2623581524,3224.17468087459
936.236848800283,8995.20981287881
2266.33022440243,9171.1239306133
1374.58448793728,8618.46638329577
1546.65564086887,9106.60385651691
1618.36908170529,8022.35206518035
6881.61087431773,4373.91273583873
7668.54629613948,8001.29033565436
7449.18516677622,7742.16813557662
1128.0446476056,9265.11158646272
1661.69624702073,9270.16386515755
7682.16369760526,7835.9236632421
774.981062702311,9230.76010890928
1758.95375229853,3494.20064484229
1889.87445124316,9012.94499065771
1592.96119119031,9139.90499924803
1452.08986402614,9101.67977798365
1096.30543593831,9077.36242242187
2338.6455668197,9261.09380516449
1351.66110495555,3611.5615688854
6661.99497472618,7380.21893818663
1328.07606177899,9367.87984341571
1725.24203977795,9237.01193445306
1083.91828494929,3583.05720969401
1721.76346487672,4509.41533351548
1458.51519804543,8732.93853572668
1803.23676652153,3491.51283751963
815.177919183302,3243.98511422847
7261.37532299197,7593.16281690246
1453.13897196453,9013.05958236425
1356.95642271037,3789.46339983653
8221.33979605247,5665.25847290403
1972.24958487667,9300.27373855098
6881.34572544913,7292.07982794123
1716.93136911947,8534.96030015325
1467.92411760603,8820.92012542685
7697.30332179729,5676.765060335
1190.62475963249,3724.49955182478
6749.61877150565,9533.38968582927
1417.82449694858,3696.99216001836
7518.0358084428,7615.84790720677
1292.95552740725,3602.39267201779
7516.01925138689,5973.92251995342
1861.71544436855,8907.70110043153
1947.04117359741,9332.76042968298
955.619709208527,3380.22267795713
8143.90468783581,7889.72754401136
1212.65811312143,3401.96384723511
2674.29991656791,8799.43885887095
7377.14292587247,7973.12673181937
2097.36626757892,9294.71945490597
4907.05823713896,3656.52283544941
6521.32951320574,7726.28477919367
1635.64535697587,9273.72658799082
1097.50572632604,3331.91646837638
1625.02152440882,3951.47208613058
7923.96845506226,7709.30746659636
1301.39649582026,8728.93566020673
7612.27814491148,7673.27163821262
6946.40012381776,8054.49269040162
6629.81640034652,7296.25593815557
1581.48506892746,3871.24790275389
7391.7038279477,6797.36465185593
7375.05464057857,7762.19014750762
7722.57568540738,6955.08309655034
1529.97332862152,9101.20500503663
7926.85966656543,7668.82353823966
8459.72611327222,7183.32086769198
1674.19744975213,4369.31809635841
8377.81433418802,6211.77359244897
2034.67308967823,7916.93238030839
1787.9867575781,3580.89256901399
7897.39234271784,7645.22464589353
7667.60220485741,7110.36852607805
1487.55779857625,8579.04284590551
1461.04835289266,8902.14468215294
7266.27435194515,7595.80391550718
5020.35442991108,6921.54284872939
7797.08718828722,7882.82578753131
3819.16452761964,8143.80030591252
1000.29354769032,3461.57521330205
3484.37071040136,3355.60996403592
7505.52799080435,7579.01795791389
1738.53686138377,8285.60996945944
1156.75213929002,9323.33463963106
1557.08404975253,4609.35869633171
6640.96000725656,7594.20831411365
7832.46744247271,7953.14342721425
7260.02290904023,7523.39123393029
1516.29869510034,8967.72450361105
9637.27919301938,5728.54789406448
7733.9586929481,7393.92054392098
7549.85314106937,7669.74931814829
7054.2842914469,6295.76048030214
7054.46695102716,7824.2189623806
6964.79671852935,8286.91650682814
7561.75756853482,7199.96438350698
7140.78238461976,8493.7167043307
1992.19620910692,9205.27936303834
7131.36206021858,7378.8772132017
2195.85329497019,9103.42476432189
6814.16556433118,7977.88067338006
1734.73043872914,8985.10067856052
7737.6825395661,7330.50758551948
8285.85480436084,7595.34797288291
1402.3674858359,3490.06725237232
921.47313334746,3458.71342981044
1604.40233930295,8868.54838633582
2412.57457328054,8746.02010839666
1027.61178542519,8703.84997100575
6777.48741145193,8076.37431189895
7336.43179741213,8094.72809644534
7458.72979927862,7984.57087900926
6615.35867759563,7320.84669111436
8031.36317239853,7478.70598189281
6885.15651842974,6841.91898186878
8309.04747471952,6452.31860357312
7396.62100600806,7470.46915120036
3525.64227912706,8372.76327850694
1026.34359602258,8630.02019032771
1221.82372708645,9395.90863843362
1582.89976767114,8722.135503637
827.350660781711,3174.71700871394
8663.43898710389,7450.09877392734
732.409959922822,3506.04155620137
7366.29212954823,6914.66662534565
8184.51851068049,8271.91652459525
8234.23276525028,8161.69841413429
1478.9255940664,8226.83278954113
998.79744854277,3788.12137569337
1320.42581367408,8860.2051620598
1109.14413288661,3346.72762705594
8127.20805118626,7463.33466812931
1314.48294234183,9551.53484162855
1386.7156952328,9074.64437176951
1563.00622424805,3226.78157682226
1029.72860409874,3416.60111945174
1727.00607379819,3859.67811397007
8489.31809826802,8247.5360184546
1750.77516041451,8152.33844588052
1836.6998479826,9473.19177649455
7880.15398228089,7638.12413760053
1994.86750087368,9211.95450829938
1268.56502894023,9166.48999361989
1564.12646430434,9241.26910801891
2058.15282843718,3992.7742482936
7187.59553288533,7734.7745177484
1178.14439046362,3936.84699540157
1562.4762375846,5859.16811395653
6560.76661444774,8177.9218780108
2656.86627968847,8740.25057774558
3127.13084721546,7869.18743571928
1352.93907784993,3273.85249959095
7093.63106394334,6614.71368043219
2126.30622610129,9340.74925395129
7043.55092101971,6336.18671824939
2291.99541797805,9124.80021792784
7123.09571288079,7808.43148795385
1664.54943809501,4786.95619150592
1502.19719553805,3326.51467745828
2058.46057333947,9113.11440512603
6844.7825541582,7633.77210598272
7093.05134468896,7217.74486467853
8993.59017924672,7675.72830009901
7471.28502938155,7639.27945599456
7665.55623903676,7619.38463906718
1411.92020195637,9172.97114726213
7625.20317555366,8266.16604701623
1287.09486743069,9213.78938782389
7479.68776376471,7690.0873280118
7208.10168573279,7294.34238610425
5412.7896377355,8682.84217705859
7500.5591642802,8146.19578592673
8100.51121116091,6688.73024870862
7166.76427192855,6974.95463759757
1091.54702961602,3681.66845669589
6091.42466488568,7776.11448225128
961.480050212722,3539.82689838791
7923.906120811,7606.09298136431
8032.70955925852,7308.9725888976
1445.83159703137,3754.89112235794
1453.96173841222,3462.2896259343
8190.10982372774,7339.06188313702
1007.75298967883,3619.20657350714
1165.66468358386,8481.64169112262
1753.87709212946,8864.47726924144
842.061018091053,8999.52138472339
1099.39662981392,3585.84837315428
998.707937562075,3364.84683928947
3281.25425922026,9019.44054273968
7397.6371792224,7670.95842249497
4580.83399958754,4541.77991869791
7592.73184633584,7733.63126590309
1167.2520839613,3537.12945748507
6680.33391263498,7743.21306751888
7775.81038943517,7984.71463977352
7870.72728571816,5404.01112737569
1545.81061722887,8345.29377314732
1777.71310865905,9248.02422986963
7651.03883189811,5906.58872004896
8972.24231748972,7341.47149968334
1355.21709986663,8932.52499980022
1389.69317929625,3388.43483773886
7284.89473061077,7514.47555689338
1937.91022048398,3445.26896714598
7813.11968417255,6809.20110237427
3080.07875622011,3527.59180417086
7183.5824151621,7028.67155693396
8034.16267367348,7167.0509657547
1366.31882091467,8844.41752301056
929.709494504679,8753.19216684675
1858.90118014751,4151.97288927016
7300.15073417836,7678.05590083085
8151.54668197895,5117.03774924649
1324.82088884917,8222.92323017125
1240.91701352492,3407.55536818858
1014.92676334375,9380.97885770814
1629.83570368119,3558.77114142011
1997.79713921694,4153.44118467523
1080.56062175594,4020.20357411535
8207.93458044927,7761.11071920672
8906.67191990088,7484.67252579756
1424.80949910005,3892.65824946171
8341.2672272854,5740.20035633263
1702.24473184055,8376.81621240721
1262.50717682624,8750.05782863722
5122.0139570303,9199.44364630105
1102.81694370238,8971.33770548265
1488.42279830511,3834.63245516046
3521.3779782586,3576.92327568317
1837.23583543817,3652.59468478409
2703.60366657012,8037.15243345086
7385.78510156841,7788.27606067675
4707.2791363628,5504.14765654547
9103.26384585917,9391.22476476252
7539.60805840488,6475.72208388748
7231.09116573138,7700.18807103111
7003.54254757603,7760.83121198372
1643.20240077955,3621.24655903341
1700.53558502446,8950.14042494609
2163.15682054568,8884.47524818719
987.126011192411,3345.62930286218
3216.98118491837,7114.72840909839
6789.53289258925,7730.02388941961
1654.04457098106,8842.6885194985
1608.65648406856,3749.15057999072
1640.40419124429,3632.99664985005
7088.84808539203,7279.10616084015
8073.59914821516,8260.27952660913
7865.67461721796,8216.17597424092
7458.33991092155,7834.42267807937
1336.20026218609,8829.9174540503
1068.17019080422,3510.64974427902
6710.4130102263,8297.57323441062
1595.232650469,9346.69469568811
7029.61290060147,7206.43048569755
6379.04888654409,8784.08503292682
1795.99777887199,8948.11469117386
7870.23893320849,7481.90114995261
6253.68842541034,7472.2471752535
7730.5211099476,7284.33886388088
1134.02031109663,8788.66160066395
7298.42933779913,7883.85173622238
7943.93661606608,5399.39096766007
8573.23789665296,6586.88519200741
7828.9247455015,7980.90781417491
1911.99160763381,8935.37285458014
6988.80556839966,7690.71602748267
7417.28327048714,7938.53885418852
6535.84360545118,7334.8719247722
7429.30841403354,8276.88312425476
7215.01770712671,7972.2153621918
847.289453482316,3372.0464257736
4950.82995767703,5576.64465154518
7711.53597928553,7945.59550668254
1733.91025909662,3995.37359264674
7459.73830119641,8236.85162805069
1809.43398751581,3811.74681422592
7945.3521060505,7091.88690008594
1406.5152275381,3231.82604913541
1109.71231123575,3380.27259618974
1167.1575710811,3373.52612901539
1271.52137385551,3418.14955928293
6968.42221194117,7484.30183555178
2715.17295739905,8930.8066362914
1512.63057266873,3627.15242472846
2088.87669023968,8267.25793300942
8357.17988719902,8036.09004360844
871.96907110326,3435.20343012627
7378.45319571078,7318.15769823031
2053.92038544077,8671.45014346785
1228.03368055518,4704.50987061588
386.560166891577,3114.7287016767
1471.8391519253,8492.75923065393
1257.08317560987,3609.65286824916
7846.28457708093,7221.86848008435
1538.01306101659,3571.22159674821
7442.04034170778,8366.38493576834
7324.54776915971,7591.30662992013
1127.34426287153,3059.43312358711
7950.02746189184,8545.48733358315
1724.90286515024,9028.45055399767
1296.73190823488,8986.12965348811
1479.1481854922,8968.17807674706
1527.23421085209,3572.42088413541
7173.44789974182,8032.58072098947
1375.71408479799,3613.95689968988
1817.50588489146,9211.37314700314
7015.16126691205,5979.02574580131
1840.1806757973,8845.61657377275
1063.87945841031,8271.60890160974
1710.39803000796,8544.83891944771
617.675055440356,3288.94462937738
2014.12512152883,3713.95047049688
7636.77594272421,7182.71332956321
7401.10271188751,7017.64732105409
7365.00850248411,8370.40413026406
1323.69273652485,7570.81450240353
1208.76740288157,9051.23200453006
1595.29570325179,8769.52772436788
1779.91377906473,3987.10282460594
1518.50552885672,9144.44700980382
7168.31977312399,7795.26703998854
1654.55316470846,8858.09038339497
7546.70688204363,7912.09608425218
1670.6235506774,3624.07498006406
1714.56294604662,3723.50916047297
1210.49836571339,3360.66841701824
1723.20459835932,9072.53251764901
7040.09538562293,7205.08797344375
1382.25440762835,3442.81084558018
7568.05627815548,7276.44752096252
7910.36908410111,7220.31212952056
1831.54341735532,9170.42548728336
1265.89605248707,9016.74348010738
1768.9159470632,8343.98014267641
1083.54845719303,3504.90104843337
1680.97426602392,9289.24937361424
7414.62069171801,7168.8697571039
7812.35861825721,7309.09844427833
969.546930549233,9147.73620867073
7039.89503112721,7368.68210996453
1469.79538337518,7417.77499026518
1433.22920782137,3857.50190699477
6112.65559895934,8073.46415689089
1337.99480713583,3706.41561244755
7075.5832112757,8281.98649514169
7147.32584377968,6998.48344609568
9265.48736955049,6733.60064452209
8251.69384550739,7538.31437383011
2714.10447253989,9125.98213491184
1574.02936096986,7705.91911603038
1812.7767274984,8589.40284219652
8017.96313632952,6413.14765363201
8173.30425554727,6441.9714261548
8383.41552412352,8247.34857587198
2679.29050366943,7661.87878569482
1522.86266733882,3628.2874678123
1862.97205601404,8710.92078879951
2080.31715672869,3701.92281726432
1911.74529781337,9104.81512095716
1510.8865746155,7874.05103132668
5693.82426900049,7086.66468867329
1427.9879503931,3622.79470385032
7740.2169541697,6390.51808461361
1427.71245892276,3612.39709163914
1523.2275920554,9168.35636221715
1367.14314970096,8563.16647946503
2278.32383773238,8109.15030602868
1143.86719402201,3349.33250880959
8044.2538223455,7366.81551226492
7032.97167212311,7240.45613368104
1772.29066663052,3894.96546416305
1194.22495268417,3366.36272168022
7330.6178657049,7434.0831818745
7499.19546311803,7742.33612894937
1546.34732699865,3794.75969908364
1683.3331608746,9159.9494245829
6763.67946951896,8023.90881308566
6627.471109178,7597.17543814051
1335.42717844644,3828.79230470981
1726.55672190556,8226.02631062611
1404.6406069273,8924.62424902909
1336.79525577426,3668.08295977776
1111.44480627856,8877.95852344349
1522.24041263248,3539.74064378078
823.868155222415,3197.36635431101
9169.01355050003,7703.51446629847
8141.86517493019,8252.21252524572
1366.98780230912,9114.70331745089
4082.06234317141,5521.34524252643
8907.04920007105,7817.55422708259
1613.48032618596,9373.70135341655
8518.87720015881,7281.60831514261
1601.61820836089,7494.35007615685
1636.52290812581,8380.40003075304
1580.94289993516,8487.69641380142
9047.3038758628,7648.34707017694
7458.79404799474,8766.10810202156
1397.67807770028,8834.38495382654
1161.32467795635,3829.03537913158
7588.59652905541,7602.35554563579
1884.58666612947,8824.68334909229
2633.31980504369,3458.26835894893
8448.02699128589,7925.52605406731
959.65620548039,3748.54492729939
1360.04731683954,8736.19400781891
2073.16377813729,5399.28971430445
6526.58283770269,7269.79067591581
6787.05890008971,7252.80567969991
7719.52318143301,8756.04162398525
6619.80616497417,7247.5340166842
7403.34902397211,7993.43845895914
1914.92910422303,9047.03907513781
627.004441278407,3149.46630454064
7465.09247788797,7983.5893893533
673.904127640194,3077.09153114918
7276.18612950985,7282.15560798395
7669.9667634529,8300.53915670618
7139.82235947294,8254.3433939247
1429.10589105249,9143.13519916143
1502.65685113629,8904.51924505692
1315.63872591821,4718.67995785116
1614.93876971869,9051.35557854013
5524.28247967909,9107.22780647986
2335.84728573711,8889.19795246099
8020.44715048204,5810.91150620752
6992.22864923997,7052.73276679034
7677.98338553754,7765.22196954711
8567.32861823075,7642.7701226885
1773.88251447813,8852.20532034218
7714.56361408888,7675.00379627053
6895.49254703196,7852.10905289793
1506.58639250106,7958.04462344521
2135.53685834022,8960.65629146986
5633.06549240639,7345.59076806287
1860.94710654988,8718.66628942824
1565.69173381439,3706.16546525861
1086.35570219028,3468.60979867487
7201.55707950147,8049.58271275593
8322.45241579992,6849.65091388723
7961.16436966181,8315.77699849295
7999.97163686957,7473.87665603096
1686.942092267,9043.19064472629
1285.6370384497,8537.43203919132
8199.19073560382,7287.95592456242
2886.67822331728,5414.70674198183
1855.39886506562,3421.53294612019
1295.23090968282,3372.5799889716
1069.48990278701,3593.36161939427
1672.20283822768,9025.49259432661
1006.18590451913,9246.12051763623
7041.40526135871,8096.01339194426
1555.05720405979,3587.28908190527
7827.15261088382,6973.03076727736
7960.58876627856,7772.70487674078
7465.24151200903,7834.9740554823
1981.21770860584,8962.54578715928
1827.03290484866,9058.65371040022
1552.69975986879,3561.57614246414
7599.73162587362,7848.4777635012
2100.92423156791,9362.45241129536
7696.57919946856,6997.61867511513
1075.86031458186,3606.770200914
1070.78505717507,9238.94128852965
1491.21389789093,7412.8315050242
7568.4989825934,7890.66659731969
1329.30823041705,3607.44697020811
1211.88871016805,3231.85653822485
8679.39450422952,7167.72368598714
1775.90862378606,9098.70906936873
1341.57843211665,8384.2073847622
7622.24650313872,7489.91967916624
1051.19501452743,3415.10244110417
1485.25266404001,8867.61768011223
1518.9167018258,8751.69140918527
1853.70896737592,8776.3066635993
8211.91595849016,8215.36565057776
1270.19921044376,8900.14983490589
7725.42706404845,8027.80273560063
993.760955436971,3183.49258511478
1887.73605286513,7734.12398709939
2062.50366550471,8762.8966453512
1892.16296187522,3755.85441453597
7783.8240683732,7933.62587527426
1442.86597381528,9221.51196647673
1613.22866480933,3756.23843029996
1073.69672396714,3564.09124352727
8038.35425645015,7803.99951280511
7466.55556520608,7801.87471712157
1271.6689331471,9392.90047586459
1749.44810692341,8695.851453625
1187.52383661402,7878.02648962692
1501.9543086027,3714.42006726948
2190.53534387846,8211.28585446558
920.846767073955,3269.8260857259
1657.1028619461,7887.80081307018
1022.00779898783,3204.33026677156
2577.88913338311,8109.47806680119
1985.4810691318,3758.23870268226
7176.42889250498,8049.23806507996
1228.74022164065,3549.15378719812
1105.67401292088,3495.24779592889
2462.1013673813,3633.9710715666
2058.55406990333,9132.56343023708
1759.37263829246,9195.34201020914
7145.18725393082,7791.02847360817
2825.52422986395,3401.69728304297
1340.501197602,8969.57254564705
1741.83674796147,8739.72530231044
7621.78527172831,7354.49666135762
1093.50456337184,3251.80620657059
7601.18863042852,7726.14224376561
1640.26199729289,8990.83799050644
7706.48665969381,7196.70429724706
6371.81378243255,8794.6232877307
7030.32668794531,7382.95963725506
879.071046743642,3442.02167930482
6253.51729757529,7515.28888895887
7901.42585827712,7733.59494885593
1816.78770229172,9153.27941050432
6878.65684113531,7951.55799216736
8571.92864718776,6642.62323108561
1226.3739026604,9202.47086439449
1896.05844167634,9216.67188751844
1308.11382441186,8935.82755174612
7511.32870336332,7149.39849551929
7840.47354242639,7715.08619823004
8720.47873664823,6843.56455785807
814.2858454172,9493.78624768873
6765.05784281053,7800.37419751649
544.233161729022,3431.61677470778
2097.98834358879,9271.04875603382
1350.11689840095,9254.15864564633
1113.56233501525,6063.29804803623
2575.73882767492,3678.34065036873
6774.36028729193,7985.61813819461
8587.2573752526,7858.99897928573
7515.6251797305,7673.31238319934
1492.58450238601,9036.76943271468
1971.86761799882,8460.72973516647
7124.57550538061,6946.19554738574
7584.53933465554,7603.20194177145
5140.4241106346,9510.06884227629
7204.88046269451,7948.20790936348
8352.87856506198,6482.21036948612
5072.4518544847,7584.92940270987
1905.67340519477,8342.10654431039
1209.48402891843,8356.60500479584
8782.48307307239,7811.53235647328
1387.11427174933,9040.14748091231
1192.14676516993,3415.76086342863
8241.48899553415,7531.29893099063
8153.96185230516,8368.65667792798
7458.10333692015,8767.82202599023
1761.96819437337,9199.74877635338
1605.33072309082,9122.19368359938
2117.37326026796,3680.34306515741
8418.23107406059,7363.43284957873
1635.81447196837,3632.2917464858
1274.42181680515,3656.52544416493
5475.37323958388,7833.13435492702
1503.94283809883,3220.30819175714
7174.04022858313,7029.72838146889
7325.92219461204,8397.90663104901
1058.50075687186,8561.03506984114
6224.89811937813,7304.88994171942
1898.0862013331,9065.92611294049
945.787818028926,8592.65393000849
7416.43694575466,8160.97271489865
6415.57160321989,7396.37018191587
8363.07231271181,6780.86164711945
1382.74325098874,7916.66133302843
8225.80265473976,6273.85582826211
8534.62783236847,5968.08727632795
7309.33466143437,8493.32563752071
6819.14894841833,7224.22525563443
1555.11308183924,3550.37386309079
7567.30550781497,8341.07318608158
1324.20247421629,8838.48366337867
1138.67526264137,8681.74664153087
911.8441488024,8857.24304117478
1324.14508401918,3243.83415763021
1538.20915885722,3539.27825616379
1219.79558467539,3656.74266525265
1636.79233096543,8909.13176980396
6619.92934795569,8001.03466644023
8590.75012758808,7495.14840403679
988.911129083115,3376.4442662654
1459.09405876172,3402.87057030406
994.883764126837,9228.08013452624
1032.25248052482,8979.60057134595
1058.97663058976,3327.81777475769
7354.66764029658,7498.55238198263
8007.71602897082,7226.87767186612
7922.23669657763,7069.93829673112
1056.9001450926,8670.73527450373
7242.0131399263,8121.13749283647
7559.33342092941,8115.63590333074
833.746033564127,3331.70984577968
988.048130207817,9152.46881935831
1370.53978497292,3616.63754246625
7780.21011313087,7001.49391055254
1161.4704649017,9081.64407830994
1267.65204614331,3378.09926180914
8169.64587376021,7890.504088019
1454.69347417659,7425.16936878718
2569.80409719523,7074.87325274907
1271.63161759904,3485.68825791686
1637.00295951182,3538.18349543787
1739.82854125804,8390.1358453813
1132.16557378353,3632.97636747614
2450.23958480477,8784.43277570926
7298.66275067196,7826.19656844063
1969.80428147365,9009.88337759492
8203.56546484855,6910.08032329479
7339.72155328328,8404.61846814926
933.707954450809,8655.19896813353
7343.56942888937,7194.38048095735
7634.09465668924,8154.07680475893
1050.19632013216,9222.11139767615
7835.45412225741,7480.89013274874
1650.15790055919,3819.49825597157
7979.46031615528,5143.86706141449
1976.98576304628,8883.71105335251
6790.97035350231,5922.84878300578
1120.42569394098,3694.36491214954
8679.8323588396,7817.6853001733
2264.7526800391,8734.19174719005
1491.63303170811,8958.69642883866
5727.71489434586,8938.82406485421
6451.75606670632,7069.19906250668
6342.90974624018,7661.23921744859
7676.88825725606,7058.56312967103
1232.0896242965,8894.99914518619
1381.56150737558,9221.19691572326
902.199370498665,3541.91167906357
7789.27025637697,7682.52349850766
1467.77592709008,7831.3542685992
763.607796842123,3613.60028784807
2280.65784597296,8786.21058722328
2200.95352883048,5888.06506126896
1385.08226850908,9020.26701867083
7442.8276089102,8222.88859505539
2213.36831176204,9160.87379153165
1519.97173762305,8759.35268717814
1780.15686004389,9096.05796135509
3937.48923844971,3830.58068658026
1522.87403151082,3354.16419584229
8774.24832676451,7736.2027679739
8571.4151942143,6581.46132285909
7296.72860623464,7381.94220483729
7599.26874472231,7854.97447121683
922.467834351164,3431.73707936181
1479.62196370581,3777.37419944599
7106.44975332553,7384.90511679789
7115.28671738976,7213.87744034419
1675.43350913265,8676.45365107461
1524.08643785461,3632.91153067382
7740.8287419901,7279.65123848458
8681.33623641603,7418.14886901921
7632.02705162225,7268.24584695845
7129.35087124523,7753.40487761689
7761.3904149761,7798.24939295069
1427.74720820713,3921.90922203104
1246.37971245615,3413.37758769812
7281.73692345899,6670.41038849652
1521.60940014684,3484.35057833055
1405.71206210816,9039.75558663583
6540.50381615892,6965.92701344762
8111.25492259709,8307.45408075071
7360.56582585981,8374.8990610714
1609.95582120599,9839.74118311577
931.496967008475,9063.95170140018
1082.73554728309,3579.53262158231
2033.27688436883,8437.7145163137
6208.93297942404,7669.48396869687
1280.58076771461,9119.66430357887
1162.6436758562,8685.26708549072
1731.94246999747,8908.29817659874
8943.18868481521,5691.12916428352
1192.73694653037,3386.68618410017
7322.24164070805,8240.51008381078
7312.44418289093,7349.39241861867
1650.45051959039,8762.32228000612
5233.05183459954,4043.9561567776
7090.33403843456,7920.7800015857
1710.5377837662,8851.08393820402
3319.45856140305,6805.80338858385
1415.26413565354,8032.9096552169
7120.76084354815,7571.03021745409
1971.15540713269,3773.35904128589
1775.00917770346,9069.98539219603
2333.16696410962,3633.30192545881
1237.8671633762,4099.47270290158
5707.61309803248,6717.19171019294
7839.1623758489,8130.18317310037
974.463616586239,9248.50558925854
1099.07997700006,3680.64801886209
8844.96697861544,7511.03146615738
7171.4579467998,6364.52347538147
1327.11004461296,7900.3199276872
795.058056259133,3275.76021591731
8591.3237218799,7235.20497699755
1381.11755770276,9276.23755120158
1014.12888286111,3433.55102618197
8585.93290252572,7626.71682359176
8666.61473450941,7813.66344579837
667.575906514826,3236.65004695069
1747.71689220301,8715.03124399186
1302.93842378469,3648.60224578321
1059.84326153446,3432.73521481687
2315.19489709102,8326.26988317471
7748.8443932731,7420.44778715074
7471.97386064238,8122.96568554244
1660.21793670928,3555.61587627114
1437.99133534632,8845.93651934229
1659.66383555443,3610.26171656182
1463.44554041621,3505.01750332228
2128.23036816808,9238.84790747618
7619.9815307538,7530.72126228496
1745.93059680076,3623.86952414708
8198.02758175876,8286.42791733239
1795.41183667349,3801.77533866682
8718.7018627916,7382.30942190793
1412.7130720717,8602.91124412816
1641.20120415567,8690.80209909938
1553.01121251313,9524.41110826002
1676.41751885998,3937.81422489655
7247.51821345449,7799.26751371366
7828.13566260949,8110.01435464432
1389.96286585281,4329.40588646163
1383.69607759222,3935.01331853274
1267.29470245932,3047.94395035263
1275.76059401962,3484.16029959732
2006.67509071717,9305.34717281462
1111.16753471741,5472.43200145563
8592.52430717668,7316.63188654917
1989.90193348829,7893.77178902522
1378.26471589276,3200.1965223655
6660.32581127789,7337.11799177592
4935.67521446261,4586.81633689145
1341.52477810218,7389.85633351572
1176.38828909861,8537.94227474588
1571.13358679375,4087.57913534636
7082.78146304548,8690.29937908456
7346.550980598,7936.62678173686
7303.42206109812,7151.92688906445
1335.92521165174,8850.77355288257
1469.1215927281,3535.12072733952
1598.76292177277,9390.08099369917
1352.68104315633,3371.37839232602
1523.19027805992,9286.61810983802
1238.09451197036,8992.03870817404
8290.95986357267,7545.00775295179
1841.16397787869,8972.9101916302
6887.40552597243,8356.08442197858
6917.70045530083,8019.37320678947
1781.52623040994,8726.67038615108
7936.541964614,6135.59273935172
6896.44432669171,8111.02232402801
8939.33687674944,7902.47332712555
1308.92600332552,3346.00046106412
782.917567688823,8187.57860626503
6396.81021667321,7369.96251379193
7295.97279576634,8526.93720583267
1029.53767230536,3210.79010063573
1578.41346708383,3508.10614355963
1223.66340139247,3432.94303849793
7762.07573266589,8217.6548456738
7532.13031131755,7219.45180404132
1291.6631436737,9133.34908292053
7290.14944421298,7298.99662699394
1598.56978761339,3610.42845335566
7852.80325909413,7331.33704287713
2435.74017697558,8938.07127662881
1413.21099059004,9320.49071134771
1637.13833250137,3927.05857514924
7127.18527959506,7328.54935112711
7085.35962637811,7507.03815433489
8892.03544701531,7304.71105537601
796.417602082707,3150.62322653809
1655.88647490406,9080.63580150086
1589.34788715711,3373.25449255866
7894.3597723406,5548.61399091566
1340.21911221783,9219.10961528677
7653.73633056872,7398.07760938143
1152.98142892516,8818.04951197094
7001.67040391789,8443.5217179961
1247.27212330022,3646.2398383699
1468.30496040587,9180.9337256745
7811.0938651723,7166.13207324183
1876.04733489253,9060.92838982527
7518.55881451578,8474.87488331522
7641.02837320675,7799.10844909546
7573.73247982136,8177.18172795477
6607.91401142608,7604.16690237003
8527.56978918259,7499.69739989153
8998.53483181827,5447.62944667207
8855.69980790585,7876.36158745619
1647.22530265893,8386.48788362835
1347.47856915391,3788.9487069184
1905.4658627281,9173.9079192343
1516.49506408714,3635.80633928022
978.713081936065,9101.06786073843
8178.37027362334,7227.99333175929
8552.81774918639,6968.27593568642
1727.42508504244,3630.24523669524
8105.15281687732,7894.85999655406
1302.25141873479,3293.03337626571
8285.3735603151,7691.37933762071
2029.12018474954,9194.31979750138
1126.37118107212,3629.15294145043
1158.18268807633,3783.05508158721
7777.34012532419,6989.67179595208
1008.2611072788,8292.19453576015
7921.47969774417,8374.74983660396
1101.24418789002,9010.73850721876
6838.90287062011,7440.01342180405
6804.22900476339,8233.90674306227
748.257443229358,3177.57995665005
7407.70004021293,6258.64629896179
1023.5111314545,3379.97176372723
3446.88812455838,9011.92090127336
7008.07008177299,7079.20273439776
1433.27266831778,3410.70833289057
1483.82266648284,3239.43174333697
1844.86468081872,9100.04183462257
1732.01386405366,3724.58560922633
2503.98658817015,9438.06428165707
2027.3553652449,9018.24510397227
1874.74943675636,8916.16927598822
6917.35310908764,8124.49998623514
1674.64013970571,9260.77045030223
1195.81824542076,8919.88354491783
1180.20626537096,3197.47263578187
7773.79883489276,8016.98667273519
7407.65960641767,7490.64977083888
1570.43074125188,9048.94473621591
7448.89309431666,7560.01733040768
1063.33539740135,9299.87561869085
1303.9230677159,3426.53553279356
8079.89204816615,7406.18570392857
2137.95236385718,8801.41186611886
999.515870314031,3389.43268343868
7032.68618917564,6989.17477865236
7066.68412693086,7949.36162123858
8143.77913671867,7644.52772064964
7382.14604651882,8280.50287381144
7375.82304059371,6365.25102889362
1342.6819452323,3754.64790795352
896.058747834085,3205.19426439975
7851.99823729555,7827.34842676593
1528.33247666721,3379.41878900829
7668.88125393513,7912.83598164892
1800.61618955511,8311.00394914403
1389.26578226468,3472.18632574615
7411.7700240509,7403.86780859143
6965.78750088123,7328.59924968405
2442.74300840255,3941.3214590162
1123.15645643458,8906.65479406772
1164.87062288198,9220.62594707504
1963.67472399325,8972.02920738714
8517.47720268608,8504.56432563588
6983.54253193462,8078.27566972197
924.227570536447,8946.91864917093
7659.4955434287,8166.33999057467
1920.28298214856,9342.74013640953
6976.95740380779,7940.38292518753
1357.97786623219,3685.42646493693
6869.78250916951,7557.38134600138
1094.89863344831,8401.9485506717
1402.09782729123,8585.94865824585
7131.01990345257,7350.3523231912
7986.83583133439,7164.89348683286
8979.0633031127,7816.37857831324
1238.21035794038,3298.4526228117
1552.77339032504,8168.62959188581
1175.96734324556,8794.0904944622
1009.57275340117,3464.01156828935
7114.66415809492,7768.30474960834
1656.32420375157,3586.74546896703
1987.41999175224,8708.59545668576
1830.72239881426,4661.98033280144
1607.44804872722,3726.96414816633
7724.47953432821,7766.74764691197
7124.48866683629,7473.49104064368
8185.70676643347,7440.02566400449
7316.56687551844,7909.40324473167
1808.20146205285,3170.91110105232
1364.18023205004,3418.99152247772
1830.70416258924,8369.54783493444
1473.75531110717,8656.42223744139
925.966420677895,8890.34098961534
8066.38638757715,7640.91889301948
6305.00902255709,7816.91279739825
1889.6018728322,8430.71272380185
8874.0059864772,7204.65193316516
7672.42301202657,8145.63299847116
8354.51190987068,7219.26274006583
7475.88149744973,6154.74919439398
8059.28339042889,8215.35467767533
8518.01340650796,8080.54049415365
7760.51250165112,7050.67593671453
6968.95685866865,7052.30732748137
6590.32109959402,7062.16043853979
8731.26637846132,7364.64614416973
1589.03710226349,3585.79598951024
1491.84441751241,7621.82948389443
1730.63987656455,8862.02376547993
4480.84467398208,3787.31336182982
1848.18023685353,9117.50402598355
2591.7067162745,3717.55993014134
6716.23520908413,7821.02739444237
1586.57044800828,8782.731305121
1729.82267472527,3750.07369340809
2508.5858881299,3728.76639907843
1235.5555563147,3332.21628652799
1218.97268543867,3352.99661189461
7425.8428575962,7371.8371316021
893.3563466381,8974.4957693005
1326.32182189477,3690.40620953819
1497.99006501268,8639.21048489074
7534.76310454252,7244.42003649334
6244.83416204452,7897.87285426496
7852.23665745996,7846.8025597338
1434.2501931754,9260.2494525501
1662.57564448282,9374.23346120046
7161.93610169325,6158.31413129105
7782.02477608282,7456.36050490192
7400.60545132563,7111.54745879946
1561.66295586261,3556.41132504463
8665.88102183751,7843.64251538937
1388.41743419971,8452.58843094673
1254.45792654533,3501.10007037226
1374.52334800408,9221.85448989859
2018.9696820625,8757.55273925015
5141.46457448152,7382.44910848402
3092.85450094579,3244.99618659079
8546.00957283888,8207.00605965505
6809.50107416041,6758.61018941657
1078.84575743937,3500.05070114551
1111.73808231616,8906.82930804416
1373.06081024003,3500.31794259364
1742.49740882784,8953.82084835578
8242.19407192276,6501.8894963305
7132.63286362287,7062.15772693886
2643.22033398249,4331.64280270423
1472.20117340941,3667.90713490515
1759.11255360683,9094.7980163505
1335.57712376618,9138.87587844525
7741.85006418261,7639.64154345389
1090.81098509202,3110.7218761349
649.492619983944,3002.80426177901
1246.18395611123,3595.00627753953
898.851608269387,9012.61474111221
7101.06939269375,6300.87954217584
8244.63775621022,7409.88267979848
1148.41016601182,8309.39157612849
1499.71564399481,3332.30029968077
2124.70866576509,8530.88287717
1271.67607696202,3617.61106868975
1502.0474934233,8969.53330499208
1458.32115983075,3800.47815296271
8579.35123012515,7377.67508775342
1490.0179237054,8237.45383207893
1661.31346531549,8213.29949114704
7585.70469839286,5948.52429065138
8027.54260089734,5940.4801853415
2291.84236144936,8755.17182496062
1182.54064038482,3513.0186255844
8554.48249567986,7402.65461496478
2158.33282249102,8926.37701089664
1936.3065908671,9293.18977317647
2095.72369863828,3795.16364036877
7728.04149015211,7403.60673050672
7189.8160362449,7617.10730879729
3066.1926076678,9083.02792143348
7265.35318935092,8580.80626443283
1470.65272554896,3851.56555361672
1221.8025398686,3792.86771024739
1843.70001078785,3538.60586310465
1618.85312879949,4039.99457009931
3515.06961614482,8918.01914475491
1152.25089605285,8992.85160311347
7850.9122569834,7808.00324849435
7836.93750086678,7480.10083187189
9174.86270323339,6776.89671222564
1458.87056079804,4079.05447051195
1694.74125256288,3732.83606208966
7623.34868295652,7952.14926652532
1400.60124928734,9209.43245439792
1395.06457647458,3481.7916745993
1370.55453069909,9191.91313615719
7106.81220132321,7791.22389860355
6987.43753905675,7041.60647779241
8003.14603078535,7436.53281858565
9062.8313613054,7846.01637134767
7449.51120619688,7751.39776679952
6123.42916039698,5266.36930203393
7861.15338305867,7592.04208498069
1611.87024702458,3865.05111017558
7180.54212528921,8170.65879482045
1114.31445105382,3726.81505741707
8749.12528435288,8024.81842226836
1230.36931001477,3651.97225125702
1169.06015401688,3545.98884053855
8885.99857211485,7716.68437824596
7729.29002420032,8713.36670601346
7751.23054360295,8371.1048387022
7660.92182343841,6890.16867510439
4592.79946085615,7827.80168286696
7404.26944749655,7381.30158773862
1423.54640464533,9101.33231512475
1220.18181765857,3583.48861670654
971.082012910085,3793.91417866462
1132.39759853425,3572.23185020935
1564.75452140074,8881.51113272525
1095.2036591616,3298.25077717295
844.573279672089,3332.07568330557
1114.37230733106,8801.93151490371
1218.88546493785,3372.10701684158
784.178091303294,2953.98411617212
7707.37972536637,7733.78592973145
1473.10271986927,3861.60768871153
7479.82923646826,7511.10498675311
1242.37624470612,3809.39806208762
3049.59967981615,3709.13232398663
1177.61014686028,3515.23817030671
7949.39159314096,8113.98117165714
1995.44034332913,7867.20653496751
829.264878488365,3302.75762328802
1102.20924239811,9460.5032478114
7594.73134038691,8092.21148723426
2517.21295742252,8103.59861359296
1912.41440711635,9216.70882335999
6360.94590177295,8113.93093674646
1527.41438384,3198.6712678861
8335.15752152118,7873.96623268744
7115.82784311985,7465.67758418355
1123.92242420104,3360.46968700233
5721.1867235521,7531.57897842863
1467.70276495051,3712.89244222796
7154.76979335666,6502.41168477996
1309.84079457696,8472.19208074902
7373.84316602253,8478.1997989398
1636.74761446059,8640.18785806642
7024.63568325972,7507.35072348829
881.704989110843,3218.8039649818
6913.54930161902,7547.30898348661
3805.58099251624,8955.90706126326
1529.03490642973,3722.12508914316
7314.0522766697,7514.51336454468
5632.92659760683,8195.49242081863
1509.53022391758,8941.44564645731
1494.23398652241,4035.16672087656
1292.31403736953,3422.0092048022
1208.67068956252,8813.98388554865
1938.16272393787,9005.7179228406
1100.48518395691,8956.39116303846
810.259964949347,3046.00743122415
1240.59900169798,3120.97262220074
1765.42676625143,9258.51313463945
7974.56001249571,5904.03548720783
7826.76423244165,7739.15091495689
1790.75569261994,7722.23988429958
3145.11063939825,8157.61687567201
7667.46258953564,8433.23944065973
8347.22711600985,7399.96240112271
7055.51556881554,7016.87642419179
1911.72024799565,4436.71858550462
7442.04827461376,6837.8724477947
1147.80455378463,9105.13973066072
2030.13199873592,8917.67278233567
1434.23588144738,8624.10970468088
8012.97643470351,6746.93122599919
1895.54078093504,3548.76782172828
982.823900414679,9016.45241361344
890.980400673436,3071.45032201466
889.542267223862,3357.32616045171
1591.09150046934,9284.01321401376
1478.33683459292,3472.36309676971
1485.16794530461,3400.43558879533
2025.76004140024,4335.88485878306
2153.69758829974,8722.52176133114
7417.74340817464,7740.88110136627
1732.32984135529,4168.92563637428
7424.86307711527,7561.98082394654
1158.58008414051,3867.12641474921
8598.29224059739,7752.06010279039
7886.68394455065,7559.77433489363
8452.64719098727,7763.52449565707
2762.57638965075,9230.64613331088
7144.62118939356,6890.87063125901
1631.07048099031,3886.54463477526
7716.92221331111,6579.81888309457
1008.10431568004,3548.28761701455
4110.32973702763,3508.58620541133
1727.69302163134,8497.17724095488
8235.37960353341,5936.77308767936
6725.15251928275,7662.40314746569
1529.06633769942,3442.15544853288
1972.59797468316,3800.35718126605
7336.95622184353,7333.1418819816
1802.25666560026,8853.4575063902
1826.52369947653,3657.61880112647
7659.77652315635,7809.06083078742
1578.75995518196,3832.52907328758
7883.72014749556,4945.69060877467
5859.14437456626,6394.07300435863
1569.04772732789,3429.75425325082
995.233127625059,9059.35270843923
1412.79629690082,9144.7547117402
1219.63604203038,9228.03050112736
1031.62611424625,3269.71774852083
7287.06188170583,7240.02228873011
7960.92736068785,7085.72943375708
9672.61167955252,7032.97356699232
6875.13214333003,8333.98082704985
1809.78080626957,8379.49403457356
2283.75653995365,5509.41574728732
974.483152042804,3282.12884320474
7517.51983303237,7747.85713849805
7335.96413515584,8267.56515166184
7513.36577706396,7316.2655223494
6763.3724948321,7826.64101774599
2649.52350204309,8989.33986092645
1181.09996623033,3810.01408690363
1582.21863839352,3737.47635586239
1923.99161122595,8086.82618420844
1555.18316536065,9024.29504269863
1078.86923119795,3424.81497630954
956.503250607756,3549.15951691985
1443.98187849511,9082.1617011603
7500.5585259237,7223.68708013073
3446.47565391245,8944.55271592875
1570.74368767125,9393.70739184777
7020.53364119811,7725.70901977386
1057.35338104747,9085.36833983381
1495.68933882678,8741.81311938269
1398.14787722243,8722.23559721708
1567.35931864318,9256.88668739033
881.255948861091,3334.32755975134
5125.07048894322,9080.86194542309
7013.1726114288,8448.45473042436
6883.6441807995,7709.98413364544
1001.43039408389,7433.41508560518
8507.65560939686,7237.7469973169
970.747582001411,7906.620646399
2032.52914938371,3775.72145235163
1211.87444404472,8278.24249182471
9101.07866650108,6397.18702982633
8249.82553093335,8064.8449083924
7517.18215747899,6147.24015402806
1452.71149464538,9143.42098640096
7495.28516805011,8587.93596711664
1199.71542348682,3440.68525031521
6711.04524081007,8326.44192135939
1550.07384948623,8294.35639808814
1950.1864089568,8394.45200759592
7590.4881881327,7188.66751686901
1705.67341295135,9071.93047355108
1622.54221976937,3485.18133454728
7662.63514622195,7535.6604423867
7566.67686718159,8166.22280988628
1640.8736348044,9151.38367119189
663.714438748671,3451.96383154948
7388.41859085933,7608.43629116461
6260.15872090818,7059.74518696689
1243.60871884768,9207.43022890594
8632.30304236349,7199.13267641545
7652.17672663526,7590.01967415797
898.679177298971,3451.75794303353
7831.52664536927,7264.70309546173
4035.82860074529,7731.98453075817
6398.86123288277,7841.61703836251
7810.1529763144,7711.11933180006
8177.87102708054,7472.77892470637
1073.53635267461,3150.42871494066
6443.38516892226,7096.02244137619
6521.1620055769,7977.62939375005
5657.1040886962,8709.28379655977
7851.4227644924,8032.52978498855
1221.77162063115,8772.56703299369
1824.45552884884,9109.84307307208
6490.52827672703,7543.35480767734
8381.22193477389,7183.57040030367
8009.59261152691,8116.48225797893
2615.2888947976,7556.06735911285
1288.33106076476,9226.12139521786
1612.98013906667,3540.20066372455
7355.21111538138,7337.36167407866
8187.07528958011,7489.234993795
1589.54621508024,8811.88606816509
947.03079086145,9001.2263710039
7675.20540081501,7717.03719066216
6559.45119583883,7767.60397676191
7386.43659731575,8404.4027722865
1054.02935618518,9041.14183162641
7835.72883725029,7883.36731168938
1220.51062657405,3225.5946144036
1563.89133151116,8585.07035321136
1840.86181799091,8102.13816913646
1988.75141828939,8910.17665669929
848.291505269273,3092.00358889277
427.00597272248,9135.27465478505
7260.72459935445,8015.42198497835
1050.54429391222,3305.67837185511
7407.4168807424,7755.99620335896
718.397865158203,3416.19674541669
8321.90716067974,6704.86581814554
8131.14112040774,7368.33651344621
1025.76485225918,4566.91480166034
1813.51473557029,9188.72116989953
1599.74765902806,3822.85936230131
1066.16420925349,8841.33269865395
6696.93742926522,8098.42095865446
7857.38836907356,7277.49370615205
1449.40418069749,9056.21246966176
1309.8061930674,3531.4828520451
1272.67986945943,3321.50952693778
1362.75584209444,9040.88818985344
940.944776870131,3467.0007781389
974.32513672389,3680.14146378418
6734.59564603636,7739.4913093505
7604.12805950948,7706.40903439214
8872.94233595658,7186.70987000262
1681.34170166374,9015.52119454743
1793.46080918623,9077.29687569274
1797.39531972311,8916.10324292007
1534.51417085328,7985.06777657908
1854.70378494912,8992.40223239206
1235.24026666046,3583.43686162008
1558.68571237266,8863.13207786439
1270.78682520255,9043.21694120743
1048.66017279028,3456.59732843968
3588.2301656011,8051.91771126646
1661.07158594348,3707.65499515959
3699.75302655879,3767.43135666259
1189.02392956827,3426.40581185043
7010.59939434531,7846.60432409812
1630.76878417074,8522.33260932687
1627.00729418858,3589.02746773693
2247.22170463202,7684.80372255377
9624.13817935733,7613.02541104249
7628.96005080643,7818.61308827277
1061.08157512194,3472.06582326501
2183.46594318458,8662.44725219422
2475.157293446,6098.25029998041
1214.91120173374,3532.72278036664
8098.99783265968,7261.75805313559
7486.96928999425,7876.87485479376
3268.03137041082,8854.38679256695
7157.00921327548,8083.77549134643
6286.42332966001,7140.40810848689
6555.60336028144,7431.29778535885
7181.26521389468,8102.26446667317
7603.37727903291,7927.08163565987
6270.27464883931,7349.7108978436
1618.91865838839,4073.68491320347
7042.74213511517,8198.80983261054
940.631279710589,3484.84437566659
5972.2064171756,5515.27520522414
1069.37381797798,3377.54561795436
1382.5528483433,4091.86615239057
1158.1990587476,9026.63475483291
1833.28284847254,3921.46608563722
7535.19589399948,8039.74111336313
1898.3940997631,9072.84818706137
921.189004281975,8178.49445777435
1332.17470014608,3277.66452311288
7223.89397092203,7449.02263430564
7146.78247418829,7615.60892695191
1864.15666996575,8799.05090600904
7456.31077765502,7791.48885796619
971.377520554431,3215.06857114236
7709.76007504595,7180.6012532196
2555.53302153501,8786.02357887179
7239.89745677483,7374.70565247724
8784.21794364909,7789.97659405427
6970.6645838307,6631.47487280317
1258.17876911961,3665.45217508652
8095.15736768245,5478.3548044625
1570.15448622598,9024.24907827533
7466.24974897225,7591.66323062584
1667.02605081107,9346.48123433504
1105.82738516113,3583.43583602199
7521.3931040718,7188.47585192457
1636.34268299151,3804.12237745211
1107.61616038376,8207.77125542252
2081.39430913405,8873.69961700833
7163.9896865284,7601.46937425439
1481.83507744253,9588.79919539958
993.28716837899,3299.78820506065
2951.78320689719,9136.31758193778
1759.7113255729,9461.51494546456
7579.9323585544,7699.07851745075
1383.84373601658,3560.89497919715
1123.48993348142,3276.38628426345
1149.73906191129,3490.31532707418
9073.67979805891,6942.14508229694
2020.23297428083,8650.39299002048
8725.66347508866,8358.18378433362
1778.15522067369,3709.20183613249
1242.20502300362,8526.27376190576
1218.42316246007,9058.91878940675
1443.6819037141,9156.52379447226
8091.44194342028,8044.77219057822
7061.31907816689,7535.862075034
1231.38343489056,9344.04691450932
1315.66046216321,3471.37605015319
1436.71324464333,8835.35767509369
7324.40702704712,7471.71559720048
808.793836510194,2863.41807225877
1639.49974656868,8298.35248513332
7107.5662596695,8111.58577083258
2093.81136135629,8570.11846181178
7098.37053918847,7419.25352345791
1049.26577406305,3330.33791135907
1704.39126269441,8790.4622476787
1278.83696762106,3317.00600052663
8892.26925557462,7222.30386114447
7309.28024162815,7263.33377644803
1752.15508241445,9011.11343500055
2347.85206256857,8664.8616006504
1495.20243537673,3937.32780387967
1518.96335755037,3532.67553183787
1251.20647255919,3409.02031225028
7342.50474411826,6787.5369179167
1915.82421132904,8031.35174617449
7134.39703801743,7417.69597711686
1870.0997993611,9206.13716444112
7346.57041222889,7908.53006859847
6141.24982495127,7624.31376739051
1101.52825741234,9224.98948766998
1087.31108856594,3484.673332885
1218.50463535573,3847.88758705688
1366.82198679506,8900.1318969716
7502.57266016458,7461.89984006827
781.911254462799,3282.73385971379
7299.61416903739,7645.32247348529
8369.22582676799,7220.09758597948
1519.01524336793,9942.32846481428
8199.05084164185,7376.43945447753
1168.73422644886,8473.13875162631
1710.22081329817,3806.3251217871
2012.3647311804,9121.28486788845
1204.40697950598,3074.54244893819
8914.95899863834,7392.2243548739
987.568639768253,3549.20650503999
1138.57270083326,3120.95463521915
814.293172321823,3140.16709393759
1770.31517073491,3723.85621307363
1994.51160495776,8644.34547653987
7388.42236834311,7728.95672347873
6609.09492027211,8063.75217305397
7589.95557674527,7292.79658282167
1334.50907198243,3727.71306471851
3843.11393996715,9197.73354854778
1363.64096552587,8239.63530970063
1185.40693858519,3158.68600948774
9012.06662264078,6839.70833573339
8532.82861310642,7122.12756013407
3408.86383834795,9255.43234201632
6428.62208420265,5145.56307385782
7119.81067152361,7941.33005984811
2005.57912972102,9216.94725165719
1143.11633212338,8217.72781082147
1307.29517523778,9122.85811112964
8095.13108024893,8217.89498497624
7366.49768902114,7260.73359902897
7931.83061836041,7112.59758608129
1325.48891761097,3479.59510394418
2005.8954350324,4847.12923568045
7501.70755831437,5673.29758799732
7082.28570321679,7276.51456070631
1989.39196181215,8934.5954228616
7943.57750866918,7940.07401028316
7579.01203493662,7875.26891955028
2251.69712471449,8927.63131363596
5097.9061180768,7925.74773586774
1032.36043924812,3372.98549928965
833.099464008554,3475.82746958016
997.337439642438,3477.85468111362
2065.78396607345,8439.7250480838
998.817547634726,3413.29399000587
1329.43626244514,3559.33050108615
8390.20963544282,7463.923674082
1332.79906540672,8729.62858065635
1272.80515736844,3469.2314048755
663.91217329801,9016.38169200936
1954.14885886908,9047.87615581444
1984.50459289776,7227.03679468708
6604.04948595379,7287.06043140617
1726.79648492951,9143.22096981341
3059.03679361368,8591.97701216627
1018.03281584096,3634.41566569875
1684.51416828348,9094.04827247738
1189.20787057603,3703.21347547434
1326.22235093404,8951.65452922581
1449.1360296285,3250.04976722288
1502.88935384886,3802.44954981209
1480.540350087,8852.19237157684
1060.40434476105,8236.58565342688
1420.68295947629,8913.56747106
7095.38325989457,7680.26089791756
7136.13893469849,6823.68238117165
928.961980798592,3225.19911508914
8011.40643600847,7946.0978378127
6389.25421479996,7288.67624539894
1181.3401120185,8957.0785750885
1007.37840814287,8862.3263111228
1750.26664910293,8649.69570547954
9124.06615879334,7249.02994533832
7306.94371699247,7159.60502950674
7775.31750260288,7111.27312284551
7745.04040440479,7591.14280694962
818.391097459621,9012.71302426894
1455.88395371957,8287.82023755548
1002.63822267716,3383.49675617304
7396.86299992786,8809.90011216826
1621.31920156768,9205.82694952581
2047.95863660256,9051.33603782288
1345.7041078145,9104.74554017656
1589.91197424261,7751.15449445038
6052.21249590051,6171.64139019782
7907.41075423448,8206.04850466583
1244.17240371351,9274.31508764125
1377.30241784465,9035.58689389162
3327.42123112799,8857.36667466462
2029.93799665239,8684.03999800329
7401.55367976723,7413.27896998665
5655.1390611155,4464.46879688245
9154.69510373478,7739.10395919389
1130.41024095369,8901.6672812315
1111.15116273868,8430.65926954684
654.941259971238,3124.39438076518
1535.25098177811,9040.29030719403
968.799868051781,3457.19408406499
1006.6895049006,8686.77642896521
2051.99784906037,7860.73106323283
6289.3663862827,6986.64582619618
7619.15559020211,7526.28137261364
1780.4899507959,9170.89680049239
1058.05772976792,9114.70215901148
1144.34188336392,3422.85270690544
656.56079091499,3153.94757235367
8231.05208757729,7238.32855047148
2753.48023419836,8790.39413400846
6364.32444635725,7844.41009707382
1556.27706004711,5875.49770004868
1611.87914513612,9137.03238119742
1453.89824027719,3465.42777682069
1684.82052815216,9044.06266245948
7842.99064257402,7955.70768020431
6452.22583719658,7467.31669274348
2844.96512272433,8863.46257778208
7384.84488827466,7332.62284774847
1165.67869932171,8287.61530310929
6458.45225156946,7380.48366786619
1327.16424743731,9237.87302614431
6568.71366710385,8193.7491335097
8277.91633248517,7493.81601726306
1992.74002699386,9267.92931765856
1126.50420329538,8326.7329657063
8651.1280356669,7389.43100774916
7506.03275290449,7692.53004199055
1329.54532230742,3796.52200686744
1671.35213278656,8189.52273597782
1146.21011645152,9053.60522459196
8407.49387558771,7879.27489926739
895.697847595238,3362.82378411229
6721.19176913887,7262.95137005274
2336.96001840252,8995.85273519094
1907.97059508589,8895.7513802508
1516.90230900537,3458.71247077264
2031.04103069163,9173.32034386762
1787.18809938212,9158.34317566497
7488.04332041095,8329.14014845546
1447.29304354009,8919.35832321107
5911.67013888647,8083.1396715944
7836.23480667583,7920.81022149364
7897.68108707727,7883.56791212415
8196.7921431978,8053.23009362885
1516.61591880195,3281.6140008936
1572.22396868531,7955.94604464624
1966.48123772895,3824.01612776515
6997.26237598251,7190.46085413497
1202.4913275913,8902.2742417806
7147.6807221238,7858.74857029194
2378.2550341806,8249.55201933843
1634.88546893404,8616.7746084432
7664.73019112695,8115.45047113429
1780.98496285029,8755.80584772061
1532.55182296762,3347.97764682029
2135.53344415191,3515.0409413693
7578.22627082504,7448.76850633315
7622.18998874424,8169.94975685239
947.973359066401,3576.76059716487
1755.21690842202,8034.73745443925
1064.75997665085,8827.283039933
1938.99565648261,9205.75992013902
2143.84179416813,4407.67559446987
7326.72853677791,7417.95453467056
1649.18066838128,3560.46133442352
2932.43124621501,8423.86226818316
7796.92490167211,7667.50023543934
4030.17783027968,9297.41455398789
7246.5275640918,8303.91360624556
1482.07680845947,3955.35784701825
2182.41394460707,8004.89868823107
4376.8904173193,8302.05197901654
1810.15081971654,8957.69259929945
1487.96643902034,9200.54850508881
2497.22258708497,8337.52710663189
9989.08363651295,7863.32603943731
1348.23204338305,3529.76148436572
1052.78831569931,3247.94302252467
3106.7708315035,8730.82719892226
1451.21527383498,9181.26959193088
796.741117097063,3282.44924195174
1549.11543769121,3862.30894786418
7136.13308737673,7673.85663984365
5188.09608370877,3894.47647302409
5354.73331908711,8727.40019825968
1051.99971808162,8905.10564195652
8492.01802363466,8182.09689760704
1570.0287281232,3747.01739772275
7779.25384736781,7795.02595624555
1063.60859059357,3509.56430327545
7313.36979693739,7176.67770031109
2234.62402852053,8687.32427734767
7997.70892177808,6849.56316110013
7165.40888420747,8054.60500380716
7082.60062819179,8026.16372432279
1086.05610152553,3573.54218164741
1652.26828038869,3662.33268903624
1752.16961137206,8711.26935782125
7309.5867311051,7895.16775168306
7941.64047157363,7166.90578618909
668.207141556373,3680.3567529753
1302.03462241904,3626.98175725625
2272.56567687587,9130.48448343403
7487.17625377878,6492.59065973222
1315.27272522207,3521.44092067665
1277.51163462536,3424.09336996973
1196.00776142838,3307.79413468516
7769.3722476235,6809.51085190752
1399.94938568815,4291.15793401006
8808.10079250126,7626.58328835524
9392.02363299984,6714.50514684889
1717.58713889196,9079.94182480549
1936.6040206578,9142.19017772851
8404.14499665981,7536.4055031866
568.653753107359,8952.2694462222
1017.24688542707,3405.57049779033
1389.92669002676,3625.55830335135
7211.28946660555,8235.92202209368
1961.12028607932,8054.51224387592
765.758375774285,3395.47052763877
1610.8413651577,3883.73760298102
3488.00819015537,3640.69419859612
7494.47353957399,7352.06588127383
1732.49534540956,8742.39860214534
7955.87508246118,6971.22750742326
1186.99722283356,8764.16016754151
1926.00685376199,8638.98505911135
1024.30130022927,8772.02265096728
1681.26872448091,3653.54217864032
1961.61716844667,3731.72002996948
1701.92348516352,9175.5076922336
8138.59319013262,7950.58216636018
6385.70087778536,7334.75628536472
7302.8812606635,7664.37303878079
1988.52073290502,8973.83702417942
7224.85007138855,8132.81578106079
1583.98737363062,8876.84300704113
7020.89774717227,7736.00678621227
1394.11454339035,8783.48996174713
1798.42316517003,9282.70276476574
1386.51177542137,3369.38605956428
7314.38823986897,7621.81711619787
7635.74613567979,7939.35291541601
1240.1532424092,3582.21636018959
7782.96212129862,8278.40868297356
1254.29895228,8852.86491932724
1143.49592789191,3531.28083903211
8614.46342433407,7482.94862609949
1095.08650122214,3791.05674313501
2748.93334946856,9207.59523083265
1674.05928497354,9336.40210579684
1123.38593371854,3434.45971601195
837.661177684105,3186.2906941865
1502.61631082138,8706.50340019147
1389.54026178599,3625.45995167685
7887.57833876189,7928.88770055487
7736.36196667572,7839.5606713395
977.505285814646,3515.4301948951
1699.21549874299,8984.28625150869
8159.63721502988,7693.23789300733
6861.92471745184,7657.96814763978
1307.21613477819,3345.64166222531
1309.14861161134,9247.33861565088
8475.97565251026,7168.08550844478
7333.10772083511,7388.17301328206
7328.22663879517,7597.19750827028
1294.89168097443,8532.0765863135
892.487313408528,8489.72861468785
1406.6132445041,3467.45670319238
1416.96803785793,3874.31164916739
7659.61055056619,8726.69119321924
1235.88109182334,3514.86264593374
1428.82674914549,3681.60559431303
7742.26738126933,7409.07788278062
8221.28970409828,6880.49962070205
2021.15049719308,8817.74098376897
2257.37322970824,9246.8206452452
7430.48019146739,8349.42559250416
1543.6426729458,8948.63460586114
2289.32299848487,9186.68604252735
2048.12213440164,8133.99594743539
1818.13362225101,8990.36524584089
2028.9685958731,8768.38124607731
6956.31514854717,8145.13694709362
1279.76966983734,3547.2767313724
817.627139942225,3313.63079088298
2030.15112902709,9278.52724688867
1642.09767145804,8598.54357636704
2102.40022809183,9280.91280995521
1209.42581433757,9005.73283089515
1393.8854279871,8818.18026614792
7678.57751222128,7035.10761331997
969.821396367438,3672.19784014295
1663.05782236916,8548.60736054033
1068.17220808645,3157.19457842549
793.003520995767,3358.04364378349
1451.61241240399,3625.29096317297
1179.87302629546,3624.98640749627
1207.29152697938,3308.23613482817
1073.0799547199,7846.67668150197
2013.47224440759,9033.99770586979
1893.599024327,8852.92968198474
836.77975661779,3355.71522151125
1262.76597838444,8894.54502490243
7647.15867725895,8217.8477110717
4093.80338496789,3896.95533963071
924.90256173491,3078.54699579553
9986.8617845203,7868.03634017021
7223.83724822223,8399.92813768535
7370.67554938432,6400.3040399939
7872.47208740091,7659.16680053104
7610.78976057452,7058.49966758988
4938.44536046398,7400.19113181783
767.864213773831,3071.31968892325
2066.81975718321,9129.14758407051
1747.64152415354,3689.33670766583
3272.80519583333,8052.21798636832
1507.23347369804,3981.3150304538
1260.93594354722,3315.63559730566
7429.05346353009,7476.89396516692
8282.57699348829,7893.11791779431
6402.80020233378,7283.64028015906
3445.69055822736,8320.26175223051
1558.71794404064,8746.68620256749
2367.70412695056,8954.37231520197
6242.57413018396,7987.78880165777
8439.58516328995,7939.75406017844
1052.27422114561,9208.96904060055
7747.27773829556,5777.429723299
1587.13374818152,9132.9553075136
1214.43264769817,3170.15446827613
1508.6227295677,8959.61960918116
8709.01259354113,5868.20473305232
1508.9304650736,8868.96503579659
7871.44038372615,7410.36358313932
1203.20116419056,8634.35146850461
1613.31973674877,8666.54557449328
1256.896797628,3597.87567597381
633.169749729692,2952.47962138419
8456.09497459838,6548.42296554671
1748.60193511353,8847.63704794426
6813.5633795959,7151.33825046484
1309.69793653372,3530.85227589457
1041.77512381667,3067.95188208047
7657.74653733751,7193.22941118897
1570.85644337064,8683.04652912678
1894.78259059607,3386.52116885493
2333.33580705012,8879.02817753846
6819.37634403423,7185.92307709361
6720.67711675731,6808.70514153674
1325.62219397679,4006.18613560259
1431.40542874587,9156.14705511351
2064.98909067611,9481.55491526558
1227.0548563133,9027.35049360049
1868.81129804899,8747.06823135171
726.98723233285,6974.15655330879
1248.52035815161,7723.53893976742
6797.05529559094,8049.74695398189
7450.12259631613,7668.00172615419
7108.21640161637,7736.32091412118
2335.9011179707,3990.20742009846
3049.63850225883,9199.85681062137
2235.47464926829,9044.26815564003
7261.06282235911,6995.81259804915
1501.95743014133,9161.64832683076
1304.989434843,3432.32911058028
7041.39657136254,7669.72897836354
1246.33754808965,3508.34745642724
6404.20820058233,7500.46606618034
7196.98457178681,7417.60846302295
5160.35866330689,7445.57412189052
606.831034049168,3336.03636225665
1268.0787811357,3562.31563654812
1781.61425552672,3990.55845415641
7461.17023086441,7344.04693566032
7722.39552232713,7467.51166482997
2961.25605025365,9051.03063514166
2122.87769829284,8878.18935350819
8854.43987076518,7947.36373247181
890.731377128521,8658.30774189163
1244.60467800441,3305.01457272227
1147.04932961208,3500.52732126215
6942.54616083416,7718.89787692026
890.222267456239,8930.85588299116
1639.26058244711,8968.95233718272
1771.17575207864,4099.73599331143
1535.62229636398,3710.77482464957
1480.18801597316,9054.20235836538
810.121917145745,9102.26618594305
7306.76849092431,6785.45213452568
1402.70085999631,3555.89155922639
1545.29463620352,3249.63809669513
2647.37050504683,8921.35077540537
7878.58767745142,9322.20422201538
1528.32119765698,3613.51371176678
2004.28237883715,8760.46771857965
2154.30501398751,8059.39797036403
8382.89520776915,7369.19126321384
7597.68608468181,8120.82394299596
1561.2804013287,9190.34257553333
2291.97316335484,9127.40191648382
8091.40965607081,6923.51763648706
950.214643089111,7272.04186923113
3027.3608644296,8846.17042803855
1056.5832761783,9384.34627508436
1393.64368369181,8903.24561285338
1654.14767368239,8657.92413044167
967.391752003549,3238.23550894718
1412.66906128887,8997.66040214945
1531.17916557779,3881.927355492
1272.49501017276,8797.73532668213
2212.5743648033,7608.74688614843
2893.14574958818,9581.2683244331
1236.65950791159,3473.94613891893
1583.85658182868,8195.88523919977
763.232809944317,8212.56905251544
1534.78499205098,4449.53273508417
7973.09334172695,7541.22973678824
1350.4093914958,8951.553983063
6897.91370506055,6396.06101040546
2397.51686136296,8620.01899079252
1752.28044837268,8139.41477973148
8083.19263029446,7122.50488714857
8555.79231245842,7838.1145789393
7805.42136755969,7743.95460743364
1222.42564462339,8667.16787684067
3041.00499808286,8548.43076349453
1065.28247065914,3512.75868871187
969.56536208293,3508.90674859563
1464.08973904593,9235.08561926167
7566.56588895205,5215.34701868243
8657.81176634886,6256.27148562452
1855.8085385012,8324.79191645148
8302.75525650461,7794.92273692804
5158.93958083716,4436.49062645009
1725.17855575688,8848.5998418082
1310.99559422086,8689.46802100471
1908.90112941686,8342.53028088765
6783.63191523415,7188.58925035312
7279.46847789746,8287.69915682375
6925.51523792112,7077.18035424042
954.019293715698,3413.33032829441
781.744862244739,3240.11170485734
7412.64904946815,8300.13274615969
8300.70736558646,7405.81036387313
1543.92629237015,3812.06743269457
9142.70992743342,7771.29398900299
1327.11445468127,3550.69968774017
1013.72485336645,3411.49327815932
3566.7950620296,6159.24419984153
951.422860432504,3538.63201429777
6951.65616658017,7901.24088411554
1630.57693678295,8379.44444568233
7768.24975826265,7207.78317419766
1996.44510247594,8958.94222365792
7589.21650980644,8485.28623559168
7495.01995933709,6583.76937191515
1072.08265411153,3221.6162148158
915.391304646084,3343.09575935096
7043.64443719085,7923.56248610192
7588.98957178554,8283.52059737882
7483.47833316416,7170.41173377886
7554.66045550177,7225.88811080786
7768.86738509592,8451.75361072786
3739.30007982654,4770.37852272199
7253.8256232984,7576.67594413604
1381.27134732304,8384.06268730763
1609.98914902823,3607.89663395852
1235.95507449179,9098.49654188312
688.443949842292,3389.11206771539
867.718128544898,8904.7870537351
7233.44304784072,7742.98192863295
1279.09668041137,3634.95095832668
2412.08041487825,7525.51861415132
3168.41815419287,8520.15951975404
1180.41792060985,3072.28177961405
7618.95394231283,7499.22519343092
2157.87002643856,8396.57418724698
7616.30421486589,6395.10381681329
1306.48540291937,3545.0044318901
785.938839466057,8682.5578514799
1329.92014363982,3551.27602238335
920.410677086639,8291.84372494313
1492.13171238159,3735.32554246543
981.170255327972,8999.36524482988
7742.09530089382,7311.45627985484
2541.8547583936,4964.97561278564
7963.26522848808,7653.5121171293
1262.36343725451,3769.53386361187
8145.94843849033,6707.78758932196
5650.889555769,7237.31113822381
1111.30366398681,3470.60116176748
8198.12341695488,8410.98759046145
1710.55399355601,9125.1966717232
1498.37813589055,8963.14636627617
7604.58098487153,6435.07234910802
1358.86355094466,3584.67961012025
4826.60985431908,3499.69114599306
7121.89188965881,7909.37464715041
1664.2412984677,9175.76646141682
2143.9877048668,8127.66041367551
928.987500973315,3267.72158875518
1464.25990717082,8856.1377500446
7020.31556562782,5907.82067972101
1530.90641933559,3767.79821083996
1243.02210373361,8247.69365420158
8688.88216399359,6259.89356083635
7154.67345353964,6919.3775760297
936.030205561351,3739.87638569024
6571.41025657982,6501.90959546262
1677.30466953425,9116.58250765884
7447.00598173145,6202.38338889186
1350.54619918481,4140.6041339258
7558.04031885782,7442.03628149897
1267.88750349132,3605.29643378613
6712.52556954683,7577.7512129462
1462.49080509985,8463.10098341568
7708.527191794,7104.15225749127
1039.37922107728,3457.42825482453
1233.24275398375,8978.62644672246
1199.96918052123,8795.53029388562
2730.01799567724,3580.75252608971
7888.40813913811,7734.87629118864
1424.99100317549,9226.33004970935
8268.01267900904,7746.81801953631
1325.24308566396,8730.27530690526
994.559571663674,3652.35200764383
819.823551467658,2668.83293250388
1178.84183742899,3786.90254869711
2008.80083847003,4293.20951530949
1134.64065167017,3965.79511037593
2166.5773938362,8976.14774223449
6858.61026726942,7456.77718082462
6733.73239064325,8408.82272355677
8472.45238820751,4343.49732536138
1711.67782369054,4094.64728281564
8442.05509376784,8099.17195513434
1344.63868017005,4008.39339092125
8377.93273060786,6912.94546613884
1537.29455727153,9228.44365177599
1293.26923815525,9206.81792092128
6660.56200139036,6636.01876589934
1987.33191153752,9014.39287820577
6838.83483740649,7488.40829804681
7421.16129668552,7366.75472520996
1284.53557977891,4398.33996188277
1127.4832071653,3305.7417049639
6497.84018586617,7196.64309536528
1704.85237304848,9103.85831546075
887.395554356752,3281.34099397859
1331.66197126011,9306.16921540463
1272.27130083595,3630.43981192717
947.391231551613,3827.64216533798
1716.96165867517,7995.4384036905
1679.07169576914,7891.39286068363
3776.33429306355,8996.47442305226
7448.75904169021,8386.67125689613
1318.86360672425,3415.65903098409
6988.50506508578,8501.44042061589
1429.45046810105,8655.38772493458
8163.43396442216,7243.74523959672
1175.55294811393,3900.27501778867
1798.11671410278,8832.10790664302
6343.06957293675,7275.93666922427
2294.65781147074,8208.02228293054
1676.57853000897,3688.14950222527
7138.97560059032,7294.47507776565
2146.58014364096,8434.98416194247
6935.85556511865,6981.59974043079
1338.13412768912,7642.86660186716
1670.06269843024,3777.68573402155
7166.16295474732,7721.23361423446
1106.26489614068,3326.67907948435
8756.39712856164,7892.71319971252
1712.19717684199,8510.07984666279
1324.5588459756,3256.62799001687
1762.59228427968,8988.11074337309
1445.0334492912,9173.67634549581
7349.48137193968,8073.76700450183
7849.4080617737,7455.27555550266
1402.94820461604,9222.68980046653
6453.01272170242,7366.54278044979
1223.05970476499,3558.34122393308
8348.24094776577,7499.07607017126
3086.85051388042,8448.14571892274
795.235956585054,9055.48769167109
1478.26150664908,3759.47929031504
7621.9355758435,8278.35093059317
2860.01390465035,3633.45946667927
1461.91500280609,7322.63391630999
7433.13114651731,7711.60329047768
7046.75701688585,8065.22395922634
8019.48198599071,7254.58591307564
945.423059751115,2985.33881969682
1461.69492718977,3904.9320230105
7915.24893525889,6614.91358135021
1708.87903801175,9158.26169996736
8197.52830173881,7776.71843285874
897.827551847106,9078.53376300661
1033.81564065684,3240.86434855833
1550.86443327699,9039.57772301437
1747.1025212166,3659.63853390966
8076.01024650934,8005.97562287499
7389.3777200462,8048.31800149365
7759.9707944504,9437.37992720858
7541.58797964252,7519.066787133
7633.62203444037,7456.73413080516
1510.20347550511,8890.39358149882
1854.28304529395,4235.44982735898
1350.53424338634,3222.56142254311
1189.33424914974,3303.78509093966
7408.68744597169,7314.08954551143
1254.89606750232,8734.7756474677
1722.57132762242,8887.32251181767
7491.49973756724,7997.3875854813
2346.57227647639,9529.82930879884
1897.6105941347,9353.38213581533
6971.37562532188,7264.03922287182
7454.78181281755,7859.26816216166
7387.9384907217,7182.36268654009
6810.82686683258,7787.73789042055
1556.5711556272,9153.75584437392
1608.5368097158,3809.40606171028
1497.67235856897,8383.0431504911
1826.27747922236,9270.95040036896
1077.67112040843,3590.51166816538
1154.09770276001,8855.07814428397
1239.99055054173,9151.17091796415
2138.01339788824,9420.45785998829
6084.47752823457,7320.19362708172
804.865485394984,3216.0370035881
7827.02555709674,6974.34889393009
6776.89359855366,5240.89724959025
869.725980141994,3174.36592588532
6247.83710490585,6834.57761753466
2003.22086526509,9200.98529587054
7529.21470765873,7898.82901766778
1271.81709983721,8224.37497966581
1567.63316632982,9091.95609796215
1475.54441499717,9082.53602632569
6856.77132753926,7924.54005148469
5273.16074129928,6927.22742621369
7525.86391427497,5966.45704840633
1659.34743704831,9292.68215861182
7440.62896918813,7509.28405826469
2035.68087361911,8623.05484590498
1334.01840949717,9150.51412879671
1594.50482685674,3653.43628946789
7916.95807746035,7117.59130114658
6630.74393484217,7574.84413839413
1136.80748745912,3291.36473449496
2185.88122568304,8886.22781915652
970.439042291087,8668.85810981898
1300.70764321909,8770.63192754514
7875.20540293994,7343.0701361526
658.042679246474,3669.98337229747
7294.52959240107,6988.46029369305
743.449734252693,3214.64614442437
1376.82902565361,3668.85968445695
7276.52341563738,7632.35033682856
1399.65018857288,9207.07159679514
1315.67555852149,3185.8947712565
1656.54080909548,8549.29021316827
1011.66814542617,3456.91847965015
7592.5499349526,7555.26808427087
7563.68352141431,7793.48968365425
7429.12985973491,8420.21906690882
7880.43430879583,7089.60112491307
7484.94773158909,9345.94762981925
1674.54924780693,4226.20309818341
7237.45534637438,7148.99554960709
1327.48208746986,9086.57169580319
1500.57937079085,8636.44554081647
1393.46309037996,3405.46968902402
1518.41936157658,3902.08528962099
1042.62106071517,9495.71268950497
1635.81843327131,4145.47469620299
7720.15786670587,7518.83868374846
1430.15820088082,3974.66168353262
1677.71516005146,8800.18274600226
6206.62776244524,4016.03805730121
8244.56557276539,7265.66609038975
7513.28520880171,7670.59087147786
8519.6721295769,7178.9147098258
1396.57218437138,8709.79066058008
1383.69971519136,9121.11055801782
2426.69889498431,8776.31003779851
7734.8740980098,6974.03540947341
1910.19937286669,8855.60921665051
2477.38139641153,8455.22062918042
2275.13731464381,8772.14998630537
1312.56480527656,3485.20221317578
3820.10526310396,8998.55833183582
7807.9813350611,7287.05636009339
7409.28432436006,8293.73114528305
7001.42145349473,6913.87267336373
8392.03267565932,7795.83555071515
2153.95596851824,7929.92383984293
1523.34010425972,9131.78564690979
7890.41324435451,7474.81539440836
1427.09205975742,7861.02741933842
7822.71599553265,7461.62549905401
8677.99848335869,7310.6413298433
7491.2786680085,7683.92824025558
8047.69648499684,8012.70110516537
1783.68471953159,3495.52200353922
7173.92904653736,7479.04718242841
1747.06016174559,8017.05833252463
1460.15666236087,3375.2534653478
7000.95993077251,6776.66702837562
1343.29621340727,9165.47405915694
1673.84807057678,3582.56687795273
1617.38697395743,8572.53373997155
2341.65087398924,8781.15800190795
1858.0745941785,9135.09936281392
7853.16280921431,7587.89231866323
7996.99824899608,7812.82511702657
1690.9275371297,8909.40542039402
2234.44623124981,8645.78777027783
7963.03235532435,7694.52687578671
7366.77344775133,6931.97583752127
7185.59955884317,7987.50794179375
1764.71161517558,8948.55863511125
1201.37094667597,3234.1268250549
8186.69029555653,6691.18395148124
3276.69893356296,9084.94518114203
2379.99652720833,3664.91674356066
1690.67064766795,9001.65734609125
7006.54941751674,7765.11189291975
8847.29848486031,6273.15350375431
2474.73065282933,8421.89058518572
7546.28412971893,8226.53339966426
7927.98139757406,7411.58795839607
8654.6498164532,7641.6033717785
6992.63629855194,8093.57413179754
7659.80188163199,7031.59418988448
1118.18507261045,3253.23034307019
1752.71015883691,3087.61200431119
8830.92749571569,7171.19640413066
5819.63208352236,3242.73066204075
1642.37758222295,9012.62234010408
7584.09423614297,7425.72928261369
2869.59561144822,4037.59464902955
6291.74205231203,7706.46530485196
7827.61623719621,5480.37408621889
7258.98087323712,7144.87691087411
7158.66703136825,7941.60986516432
7013.66636156146,8027.9490596463
1796.99402903777,8920.28185916058
6249.48448555114,7402.35682152725
1444.30484471492,9085.43647397845
1592.13826094061,3956.49037992076
8188.26888849205,5625.83027992122
5537.20133982309,7757.38705611185
999.4929461227,3642.0375996875
1087.52229640929,8376.95832167731
7779.13607490411,7359.81543971772
3123.60764849843,8750.23894884828
1016.59178477971,3514.95518646638
8050.88331479173,6567.07241421363
1174.58806002511,3262.71704925255
7560.62766061471,7881.36116658544
8052.00685743861,6995.21507000759
968.677263804297,3244.69572943597
6420.11247510829,9165.15899771042
8458.44715559668,6968.90358183642
1334.473686102,3431.13803528589
1078.43387041633,3104.41746746906
1058.78917448474,3430.16624632977
1091.01930467935,3232.70241273293
7083.26315600244,7246.57556572968
1070.74014609055,3378.36578090063
7345.04351328196,7879.00584298366
7491.9806886994,6748.58636321726
1629.41014479806,3522.73939830389
1834.04840178092,9007.43084440614
1754.90836339554,9041.13940783722
1757.15203437946,9005.59427180774
1139.73970053625,9246.06870424249
1234.08018901683,8701.266233264
1651.01530893091,3626.44393651997
804.940600884632,3141.73959211314
1479.01370943313,9494.44492157018
1584.34041365307,9326.24493171132
2087.97715130815,8791.41740264583
5788.16231534104,7484.68525374778
7334.88910600755,6461.48136939206
1069.1240715681,3303.92750342033
7489.01527237403,7474.85134207214
7588.20292682038,7874.48795926064
7119.41524701276,6699.91349197489
8461.51907912775,7419.5993144396
2279.79312687863,9182.45552194159
1736.03929785932,3770.0391267129
7446.30525990626,8188.33520834086
8661.17562926249,6819.87034893722
7438.86628954071,7176.0007432123
1439.31309148212,7972.93630840076
1992.49371302556,7957.78552219989
8990.41847246315,6706.35645585212
8577.25003091167,7044.83013966274
2268.728046746,3855.61840858797
2769.36670234021,8001.20883969184
2582.34916690191,8438.30865164653
1591.99519131808,8032.61174734087
1254.74278650872,3273.90853838226
1131.30073391384,3483.35851485197
1304.75084268452,3133.63702177378
1387.01556864168,3862.23504112136
1746.88719542975,8498.07864207723
7978.10506668251,7603.97887130883
3499.34636111608,8292.53005427884
7903.73859799562,8396.14371610329
7773.49640462753,6477.84163048003
7811.42353996406,7777.23840403403
3975.21305156797,8546.74665896756
7849.47120574814,7956.86768275128
1020.30775891959,3363.11798494901
1155.18953514327,9241.67763775721
1654.25176701269,8088.8710239685
1758.40118414764,3344.33001662772
7185.90653005966,8201.32787538381
7326.24936516659,6242.51198199007
8311.66375697909,6703.76735848985
8344.46905135679,7128.7220967488
1310.35166008074,3406.45787912303
2536.8946171692,8920.30107946721
6895.1099068486,5018.19202075825
1315.6251133475,3457.12993383696
965.302749987534,9100.21886784496
1600.76961585045,3710.67487088664
1331.18922381532,8690.12855438795
2676.26819112655,4453.00287007046
8164.6037382251,7927.20341219396
1783.72329983543,8677.14996787775
7128.07991420976,7582.41833245
7600.97237891394,7055.53430234377
9371.28995166528,7564.29691337199
1383.14080775045,3567.89479259431
1814.90085204371,9090.3152095201
1617.76817539053,9016.80799284159
7525.39494615138,7291.47780423136
7879.55928855958,7172.87817929154
6948.78532439046,7672.26661706524
7762.88880685292,7386.00902592685
1685.60323085256,3634.43529353425
2049.27086163047,3157.93940392477
8666.04016222531,7243.74910986754
7862.79252008798,8315.25813876995
8040.77013984837,7532.64463119618
8196.57373541687,7963.27179920089
1604.84517488372,5819.64161260467
952.991229624715,3336.23753559112
6139.13216724503,7505.51998364947
8825.58814210659,9220.1929128429
1458.16218730817,4031.71612639586
1515.81001284203,8816.05637202498
1445.1751256099,8903.26290291719
1122.72631952929,3339.89219488682
1523.91200344204,3441.46407987338
2213.83670325498,9352.27308585114
1789.14662611218,9262.74185121343
7100.05320498396,7475.35581127574
1840.36092770812,3643.06854917383
852.3101129701,3445.75966544911
7972.03856971575,7007.69239421102
1271.42158046818,8908.70357155469
8125.96958821357,7632.99093400532
8065.90909568944,7190.54240041355
4683.04675285202,7921.41534652681
1833.38550310497,8681.83822578896
1159.83396922611,3111.40755329507
995.119715303714,3178.90249536306
1411.66729586382,9294.78013451992
1757.91581353989,3605.41891671191
8662.72526746952,7784.00747785099
1192.33787437433,8434.19793906163
7890.00032099523,7800.57951265182
7573.01830286195,6564.12859153081
808.269282341523,3334.40841349084
2093.70867057718,3938.61071339389
7498.93066949521,7628.10947183191
812.549799580222,3404.08706463427
1160.6591692655,3560.23533297058
7576.8309394982,8050.93291627295
7771.25554902803,7914.94709597269
1388.60936054431,3662.74479144082
1657.5987831789,3600.85251735762
1405.81706203592,9005.70814975938
7511.55020468176,7548.31829107224
7973.38849364693,7808.71616706684
8130.65503396745,7836.68810970284
1672.31101078544,8878.4054698076
1125.41530753298,8427.39076214061
4052.34360320428,8778.26244337053
988.417956614914,3351.50852655695
7940.79963358708,7984.49937993519
2478.65545644717,8851.20348996887
1377.32408050245,9368.41560134532
7487.32933818775,8243.63575131878
560.573235239496,8666.64068256768
1850.84194363105,9109.06960177621
832.473432128382,2942.01201156686
2225.93054196058,8869.01876618115
5902.76605096269,8943.25395332109
1588.29768370451,8807.97104273901
1470.51040449332,9268.16996625028
7343.7315313948,7117.42549562608
1181.77900690071,3635.37183380052
2237.13711494272,3786.39341877433
2099.96033058692,3887.56657127922
2206.01200255136,8991.97204195805
1028.26093612173,9096.22980294288
1301.24073208215,4996.74550832744
7649.7207533609,7680.05630431534
1605.10662624662,3626.39770841594
1121.63508836623,3320.77729032335
8193.02092268279,7368.15953806563
6241.10532676412,8372.91166170118
2451.8512997546,8282.13908510709
877.51343493032,8272.99569764053
7671.7196046328,9306.37835308844
7452.05541448103,7444.55309183335
1887.52476392285,7737.06653591412
1283.71751126834,8235.27836071591
1078.60057050113,3736.71288610006
8961.83097799953,7474.50373350061
838.390079685123,3547.42006806649
1159.30807455382,9124.22496440969
1484.45261074578,3545.21176835324
1191.33291516312,9066.40521436985
1350.98301898123,9035.89528557551
2032.52625449892,8844.25553338122
1274.45007542499,9420.91362686379
7241.75409063264,7481.02058342699
5932.40941301233,7360.80702887166
1362.04770084052,9052.69023011646
7165.942273983,7540.78043510214
7882.50061785845,7449.16323811936
1747.00623227993,9204.29036699203
1930.86766253912,9007.87985626758
7079.63571370989,7941.79300279151
7303.32686922866,7797.6765814078
8947.0621421446,7497.18968362694
6890.3735749632,7592.1289738422
1239.04175296512,3556.86327295188
819.956306385737,3345.03406038242
6518.54229696578,8100.27533366588
1108.90271272803,8396.31630870772
1859.49696558131,3735.53930900337
7839.44999228968,7825.78496227576
1677.2207389448,9491.96723766219
2296.67537469335,9201.67277872643
2047.82905006586,7742.8218518575
1802.36625517323,8475.16213688759
2031.34561044396,8676.2390694008
6848.68052532974,7414.78912886506
1368.53460392007,8922.08699262975
1583.93128540502,3898.16705599225
5293.96444686891,7572.64729220273
7227.00256936479,6996.94919677278
1625.24820820439,3689.65842611701
7389.4884332372,7727.62283991409
8014.92963019587,7842.04763941178
7754.8844289622,8188.29350071279
6731.68032048071,7660.1356977814
1536.4517858879,3631.12073367577
6725.81678937202,8034.67295796853
2301.2552135509,4367.76538540918
1609.00979639049,5326.80931649054
1053.86571357214,9290.21364623024
1210.09720670972,9222.06342284356
6877.09372368719,6932.7753143408
7879.33532751339,7311.80959373455
1201.27427426317,8989.31799139744
6741.5667883844,8033.53720207938
7740.77583364824,7824.58146906376
1359.27793717026,3455.2054269811
2086.32096411767,9236.26237119797
1469.81023621812,9005.34766380973
1681.1611775288,9112.60118416936
795.201694680898,3017.48385751065
2448.68217182427,9067.68147167176
7021.6306498621,8383.78724212233
7974.04117785742,6614.35536576069
1665.06651948619,9250.66890351859
7294.36841054442,7562.33001802819
6312.48264508018,7434.82465256221
1860.43028233439,8941.5221602578
1344.61170378444,3306.73286744496
6636.6581425505,7983.16978780865
8239.72320261885,5895.68548085301
7775.07708176418,7945.41890722629
1859.49792687496,7605.03370769707
7588.49926988584,7730.14572407638
1056.23423896652,3350.41052083137
7167.19224606648,6194.20352629448
1818.02544214935,8853.11111399466
6378.99443906092,7031.33980793379
7397.11358473316,7034.52668464097
7860.96568385135,6910.78006681778
2193.4902405376,8314.5865290364
1542.31061127139,3650.52041226928
7289.7012297443,6983.76134586006
1017.48869032247,3781.75915792201
857.405114827955,3142.80509880703
1300.57923070775,8707.23203633903
1360.52196265684,9152.83902093869
1035.88636587128,3223.99293394257
1171.49012994644,3499.78490503656
1473.59407880022,8846.55464008019
1954.69483226215,8811.3026436138
7476.54949673552,7536.22262515408
1672.12554740127,9199.64432993549
8525.09100831312,6544.1867015016
1352.32046716124,3545.26191335889
7244.73797811093,8034.01992908628
8504.76324787899,5493.40829147447
894.425591915467,3206.58611835973
1530.97618331107,9390.7512834956
1386.23999283621,3674.6096584887
1399.71639211491,9215.33003774744
2061.36366572792,3759.58546388046
1054.03474347695,8297.80569318145
2106.17558292719,8913.56443268536
1431.51880552732,3646.17071184027
1710.21185416972,9586.33340726049
1682.49797686679,9337.2300805467
1523.74882959824,4165.68270926153
1778.38556633261,9418.45082072806
735.24252905072,3040.7465230671
7195.81437373406,7865.31241319353
7942.54480353553,7541.43679538457
991.382954882588,3625.37710578583
7815.64760021356,7302.74943122797
2792.25788128166,8773.51997543941
1394.12901798542,3585.0229244185
2152.48685156484,8697.38740420576
7827.54749586541,7148.00259903394
3371.18405422953,8356.72931857425
7608.70575069199,7730.19581860954
1489.04903187141,9121.5082625561
7612.72338147095,8077.20864500601
1529.68531010441,3732.73490462782
6541.18167274863,8022.87851766062
1520.89289918209,9129.19614852446
971.289730699007,3356.26759001875
952.442511391451,3543.9621552378
881.156615437623,3298.20654599339
8385.31588127879,7077.18981636776
1807.10831980495,9330.11127817089
1033.10897640119,3345.85707708065
1334.54729293592,3676.83489453435
1025.25220806209,3530.30707005872
1695.61494566579,3457.43181164068
6876.00075000071,8220.75591482654
6587.7456904793,7616.3936863259
6747.53125591368,7690.23817152296
1937.41129757782,8997.27199785497
1597.78526019001,3639.33456111184
7359.69868112673,7553.53054358147
8640.63604352146,7304.85908509422
1294.59707734896,3669.03714396088
1502.40824803428,9171.95524361497
2083.25720312373,9054.24927024807
7594.76879863792,7046.17666437826
1667.54333695726,3154.2449305714
1601.30586214332,3940.03766873559
6987.75981131531,7324.19224683435
2509.1414286065,7881.17226385247
2569.69699711721,9298.83983875236
409.006048072101,3300.19530346301
7688.06279838194,7103.90195506558
2182.42660897442,8497.0430373594
7213.71361874948,7938.39418176162
1719.11284839793,3381.3968840978
1764.38931687467,9168.18796148244
2448.89903996659,3816.48408607353
1427.31103605165,9272.28907619511
7624.50981506488,6553.28768459865
7079.57367178752,7818.70913818987
1584.15820217455,3595.02642185066
6737.47115862924,7474.62757121606
929.033428317723,3260.9007027852
1481.85545213692,3887.29624474401
1474.81060598089,7759.38568820691
1847.1344260434,8656.62127915247
3474.8960010407,5075.90243438012
700.107861332019,8847.88153740936
7700.37265795884,7350.65209436512
1785.42112196054,8735.776001988
2419.58195097711,7947.3856613617
1774.37255755602,9122.74639822458
2006.83288314554,8991.25726007504
9332.97246980609,6271.23645068949
789.315627567812,2986.16939854966
8095.87840025249,5763.67644267748
7540.52316614282,8227.95762709367
1176.00063684565,3498.31344130189
7549.91986122384,7434.04027097831
7740.80722019981,7552.17815581574
1563.09144961288,3887.57832365831
1049.19656161456,9051.04316524915
7613.0160959867,8238.31758310471
1576.29762289247,4006.18773410862
1471.20935641274,3721.65830999689
1806.43189955798,8400.0445801762
1116.32618421684,3515.35125310618
1357.15973066771,3378.07354752885
1740.01949121321,8916.06137908508
7314.57268369957,8088.17054591153
1764.82450993375,8294.75465776907
710.42682372122,3170.68216891208
7969.99997602707,7776.42983484795
8794.0167123205,7792.68892210027
1256.39719949239,4036.5877156839
7049.24021394553,7373.31217930231
8377.21944476756,7972.90538241333
2192.67844945853,9049.86990174782
3981.5888754322,8759.49225190054
1860.6521004695,7830.06173285526
7077.45836279409,8102.33777351458
1735.65066230968,8996.6484044153
1135.77743996924,3168.03419525639
1208.68502490477,8759.08082044115
1768.29228704572,9123.64777500746
1347.3783832299,9212.76436542866
7441.91447692007,7898.7169134115
2004.39340506255,9172.3650972126
1189.84975280101,3526.42161996023
6929.79986425903,8262.96825280317
8842.82488537168,7475.64803232107
1263.43015422982,3410.71835524205
7391.56278239229,8161.45263430653
1476.84020189315,3611.25085156528
1811.17868013872,8928.44148199693
1093.65369212182,9389.09255091536
1779.63235904032,2805.08891384852
6674.47116895583,9291.75258709148
8254.50705610972,8262.41471943165
1679.55318403388,7437.58205989902
7842.165789581,7368.45441314549
7322.26339165596,6764.19471985644
6842.53934564674,8134.70915719527
7955.3251565545,7918.79712907587
7729.23841382105,8152.12680012247
6980.09217433506,8355.00692290872
1195.87725610362,3088.76391345321
1221.85751576258,3788.85830332009
1093.85016716486,3284.86361833852
8129.82956341785,4048.91488966705
6603.79211209637,8357.44972770174
7023.8745955721,7652.78393874321
1170.97806218114,4529.03973917479
2051.07874438944,4406.42681142661
1290.77078615943,3884.96891080087
1827.0274717434,8509.28741915225
1448.40970072991,3733.18002229139
6762.18043628461,7838.49012488718
8176.36671973085,8056.91136060304
1692.97161829523,3643.53020395772
7368.05704321152,8539.53145027678
6906.38562800954,7675.52518146291
1500.03669218273,3897.59596573495
7540.45690605884,5617.54004037594
7442.17772059674,7269.45013125867
1035.87172257932,9128.80905633123
6896.58603803752,7615.22963164438
7378.83816602284,7560.64056704321
1894.97278150497,4176.84487253554
812.140760044574,3355.21988703071
1617.13347298848,9063.57149779206
1351.72712765836,9371.62395431755
8352.9762623764,6620.12443489752
1857.59883724505,9004.17523070777
968.800803564015,3336.24799501534
6712.02875809882,8101.34688004898
1599.1012055744,8997.31019961946
2079.98148678645,8277.89007138139
8026.43899538013,8133.25631944692
7252.76293220338,8811.00613110243
1437.34141766011,3794.38161966288
1978.04743147671,9164.0279380422
1292.21932840688,3372.15980910186
2771.40801268746,8420.94626417111
1723.07056545733,9009.89830478145
1521.07097880737,8937.60106792463
2376.5252610106,9060.62725093843
956.789102988166,3670.54300892789
1896.61766872373,8940.42010409614
1171.02521259561,3189.49616160635
983.421214754417,3172.15278749505
8988.14445442552,7568.68400540519
5768.2235781493,8241.26922012103
1217.42254231062,3914.88251213076
1827.17488875321,8174.34242725741
6367.29935281962,8958.90440033595
6439.32743455268,6974.73289632113
1536.28975493882,3645.4724351543
2121.48884636111,8997.20847280784
7061.26764803985,7284.36836976849
6720.81499854688,7117.43824697775
7096.32591033209,7342.92341162517
5849.35307779756,7225.88693099093
1394.31561744773,4187.97948600174
7599.83407061727,7266.22027008395
1501.68411734059,9034.69951938758
1887.99277880566,9356.49175908899
6997.28723445899,7624.22387344827
8554.09906139569,7469.26068334226
2593.67026692131,8212.8703639313
7109.8465421982,8061.85868560598
1271.78034431445,3360.08034694938
6649.13631665099,5300.41901946364
757.960865232322,3320.0490744055
1628.30422210518,8071.02114653887
806.910200240817,8064.69986857463
1323.75600309286,9301.87856946498
1352.13731225817,3711.76810977931
1812.76454432696,8955.58977282573
1817.6082576304,3537.5068081272
1848.15852215645,9438.57299125555
3126.00636042867,8676.88898317677
1423.84877204983,9367.08726705416
7203.52078032085,8034.8611544545
1801.49214681741,9283.6458642255
7219.96369015466,6806.92828399189
8466.7058526161,7897.60056664765
7828.05617958691,8254.14952322735
1440.72413088751,3782.79123874642
1612.33326445632,3911.5982788567
1483.91925247645,3912.48662877995
1239.94789632594,3943.35430939342
6792.31897378513,8276.14168212543
7028.46844385397,7313.8527020436
6653.51193624424,7462.13158050667
7292.45873823614,8023.21873453873
7076.81371859402,7697.63677923194
7889.83775680733,5438.97556297751
834.225376313806,9100.41468511581
7269.64454223494,7884.08392012159
1840.48095099982,8874.40682005432
6432.53195411137,4100.95788173201
7508.96143650154,7319.18274259683
7044.4749223965,7584.07487409241
1127.15161634985,8733.48223319842
1750.57805013726,8823.26574744662
6464.67622509887,8217.90937461344
7999.22363261895,5868.16286849443
8457.06694840747,8345.41149607225
3104.01674811896,8770.41828057534
1798.40487662598,8283.6672233802
7272.07321969755,8426.07754563296
2051.08807939774,9232.60665952874
2139.55950091416,7568.8779271677
997.633554476217,3401.407182685
6838.04549337182,8578.60898664644
952.549113780878,8924.97447661964
7318.49545953815,7195.44109965604
8134.56183647463,6821.63120665053
6057.44753185613,9057.02723158633
6754.492684327,7331.4987879361
1165.97107914048,7843.32225603806
2403.89478917549,9315.83206718919
6173.48585393223,6958.18528194517
7095.62317169435,7894.79219084602
1546.39487550488,8262.54952348046
1006.89126549725,3499.99342128771
7351.06813904248,7986.47649379765
1322.04416939116,8848.79396820575
1295.03734653717,9234.12214997285
1207.02836941936,3216.963455684
958.746250083737,8795.15863998638
1542.32036317215,8777.83696935083
1538.00757389805,8883.24311226218
7621.58317205278,7805.87397680415
1577.32445203804,8999.47803914006
1673.94428974316,8846.24151474804
860.581326444309,3094.0098010452
1390.28329526982,3565.19960830505
8568.18756602371,6952.37364956498
7168.71651337153,7656.39020801621
2358.56435209987,8635.03993220886
7501.96449593883,7983.27135906336
1665.27339221861,3878.21453657265
1024.2267036282,3170.25810830605
663.639578020128,3113.87882730129
1707.03683318472,8737.20916876412
1111.39164975973,2966.32550802201
7779.86994667087,7296.02997411024
7257.04164785198,8102.3525908266
8506.0912511352,8094.0803227381
1696.24964988585,8056.77345353517
8996.59211935054,7646.75179291872
1523.69199889849,3617.66744892309
1254.37632913658,9072.46684573953
1449.82815545927,7484.13985945397
3020.69567104143,9014.6236791921
1293.85582066647,9117.06687712892
1674.55737358833,9092.38529678855
7608.01646934796,7607.29772970292
7652.99345173994,8228.82166029627
1420.3346658641,3565.29098675496
1395.46078695001,6864.41032450776
1241.21115078583,8427.2302168914
2835.38747459612,8833.25647168784
8001.50952517559,8206.68855896182
889.313605712413,8520.11711837928
812.203201543618,7472.41060950543
7619.66249407696,7057.26273783547
7881.68208902118,7912.66309465457
7505.84399323727,6809.72288687589
1274.03629371095,3379.0626817137
1900.30295208918,8998.80962136614
960.335484405982,3713.92629934893
1412.46257012626,3669.82976592899
1530.62188799156,3607.988638582
917.573611969137,3250.57664978365
8060.12695146748,7395.07039595915
1817.3341771016,4279.45892182604
1769.10536015782,8620.10060704036
7043.75228311699,6902.83107157248
5726.05696572552,7383.79038859722
7184.41991157893,7037.94854560795
938.270757362791,9275.32730294954
1416.01167840473,9291.56068184263
1144.19349551718,3272.08312581088
1289.70174205308,3238.51871974865
1674.29785397186,9031.90261724543
1253.39669579549,3799.80507075298
1436.40963018014,3847.74909266108
1472.54077008679,8925.62578615434
1202.23373615431,8963.07819722111
7960.03770522846,7274.32864073689
1619.27327764809,8010.81077793667
1600.77721770538,9085.80737379743
9075.30220510724,8149.70993846978
1465.00680324172,3253.6080818014
1378.76037770809,3645.7432678798
1896.20512395217,9329.84390114476
2552.31300347765,3927.30337134938
8045.87535503668,7443.47093828709
7352.8250900184,8738.39208030583
1460.42643204152,7884.69856296043
1405.84086691615,8795.71801884631
1590.03383160628,8480.53450735307
6931.77484405165,7641.57211660702
1446.37773328596,9010.53936913559
7459.17652681989,6209.72082959478
1262.23362292066,9302.05068448193
2041.98996950123,8868.10542208021
7436.61735952819,7549.58275887138
6642.13262021887,7145.44991906767
7612.91310518374,7373.48194841237
6874.88298596126,6806.16639913492
1558.27491261842,3702.11806030188
8044.56067062033,7305.78693309942
7440.64895161683,7753.69743932359
1248.55165218695,8917.5592643437
7656.31469784618,7278.16825566861
1277.78153188867,8658.7276477629
1519.9847345588,3210.31914147315
1764.9897988844,3847.59619707418
1652.9552027657,3559.83924471289
7470.34217915012,7632.49217505622
9241.5971774182,8052.72190096988
8072.97455806342,7959.43353288473
7202.9318675054,8024.87411188305
7541.87036130027,7853.3047296905
8703.93027430958,8265.8240512792
1672.98797127116,3729.34683692367
1155.13775263694,3284.30327960118
1260.67731193506,9041.17075688949
7197.27200759934,7663.16415667183
1352.27113615747,3755.44311677583
1648.06922592518,8603.04317263004
1266.88219243576,3391.80696638471
1334.07702597545,9223.57171788272
7545.54088501718,6745.44950547984
5992.65438541084,7530.07643551244
1996.90210713971,4373.8092804923
6832.10554042624,8252.36122582488
1311.45145806272,8762.1435543716
549.61154281577,2913.9861812456
1365.14904271002,3389.19271606884
1199.41663436347,8665.74591952444
812.159429594096,8857.66659597356
6263.29437385925,6965.68864091277
1691.15862412889,9133.64418430311
6601.15191247293,8313.46052272587
2383.87219838511,8368.72360584778
7488.01207877097,7719.23181914131
1646.01118331873,3995.70235339771
1016.5417493774,3489.12798774147
7184.48576936231,7904.66204526073
1607.63569906598,3753.28807269932
1373.73793525161,9323.76177159409
7897.53156836952,7768.62557541905
7940.70085003658,7226.74728006133
7487.71857358854,8114.59628627348
969.682865598579,3462.95171646093
7511.17364164148,7910.28753675048
1311.53424800374,3643.36291018825
7065.52344491908,7889.08091980504
1106.15609433192,8791.81249260684
7111.00227613122,8012.48980556386
7817.36149713704,7616.66511905349
384.999381039054,3048.1705121163
1298.56872636268,3415.71846992299
7400.85607592049,8157.52682731518
1344.26915061948,3769.81852181294
1854.40495845975,4161.95843538218
1224.34711061197,9135.04870883067
7106.65736754281,6871.64074212561
1327.65951197381,3686.62404891175
2097.04012510763,4059.61000618441
7474.1518605905,5109.59207902995
1133.09261897367,3401.80739725594
1440.8257293958,3970.58147571985
1816.94836633718,9112.79658977504
7057.54038334285,7874.65897040658
8399.53020164679,7523.77533896148
1543.81413728274,3894.59491418066
1855.84383117358,8588.98893965846
1359.68710816833,3403.61774064518
7727.66804377231,7535.03166787874
1697.86136493419,7919.05922211339
7010.17281986954,7296.22500944076
832.036124766757,3207.85356005666
1500.53909334567,3614.66788672272
8099.71452918809,7118.57035392405
7865.97813658796,8059.86873583655
6912.45109362504,8139.86094858486
1156.30879747482,3607.01434202467
1553.31515848127,9237.75913866615
7339.49800469467,8215.49257865692
1269.11069196046,9101.62933757565
1195.54843511991,3531.96870521904
1317.91431726893,9287.16637537001
1600.49636030094,3720.81510158634
1214.0481845804,3627.02918556961
7016.58623779503,7092.59545170139
8300.70745757648,7759.68553602907
2019.19998854615,8953.41835861035
7122.2476489782,7380.20911545124
6004.21161399857,7534.07282228881
1485.5802164022,8981.71535937069
1941.78323291833,8816.93417999638
7790.89156913397,6716.17649427585
7010.20515474515,8593.08363279186
1388.00367787969,3490.00829577639
6826.55616595272,6981.87546451947
1017.18341922073,3231.96339041209
6976.59877035986,7214.98964800619
8171.4139111104,7963.53016309534
755.142439363227,3235.43764264914
1944.11383929103,8981.92282657192
7445.77144487976,6268.64110361254
1115.9990323084,3349.16817574049
8492.32460792962,6359.2378582137
6365.76998315821,7938.71148393633
6891.39182656502,6277.46156350464
7510.18711699618,8265.36489515743
1010.1208954161,3409.54581215232
1330.29125622885,3461.05158253296
1781.17964644121,8797.16004471439
7896.10278111825,7405.30512123761
6634.60301278725,6890.57049096621
1154.53802692136,9123.455550203
7318.26286437296,7523.39108052948
7580.90006003147,8730.46634794162
5285.66151234822,8558.08169872861
1442.45954826105,9200.09920521572
1193.81472875822,9165.73668967159
1386.38683118818,4705.49868866715
7128.92282944729,7802.70724884156
6881.01162097255,7682.97108933736
6631.59561802237,7684.08875649946
1867.37625425254,9279.94021249733
756.246799834221,3460.12563462739
1585.14834294515,3953.07307774668
8151.89878462595,7713.28821076761
1303.22547715905,3941.57321865488
909.458292676383,8526.04797195622
1146.16449664623,3524.4074800008
1342.01273495943,3505.92742158588
2193.4823024523,8907.75269989242
1669.51830072192,8734.77712370324
886.02065637948,3167.97281282427
8487.91467856725,7505.02966608554
1224.40158669638,3350.1718737013
7340.47450367576,7980.86517131135
1571.31796176004,3665.08202036705
7559.66145224817,6927.31557389471
1219.01997929566,3259.405922751
2067.20997218369,9036.34559530136
1396.97835747495,7831.73149619206
7050.6169254746,7736.31227857982
7569.0021545216,7618.41704486214
6903.14726610175,8069.78219668476
1690.26531861546,3439.99921703919
1295.37298746207,3435.4873881132
3381.97451902169,3717.89850063145
7367.50287822779,7627.76467094079
1184.95275085483,3811.74318242552
7930.53101054538,6019.5256783982
1820.51702075765,4076.50245411753
1741.85455324984,9091.02873212758
9027.17052816142,7186.90001428529
7595.57193219993,8123.6424590721
7748.30601991204,7555.68167180982
1389.20389893793,3934.52021910772
2319.1102829525,8811.79763963065
7556.55667638075,7059.71877327893
7697.81637158452,7880.24242893789
7981.53593216849,5726.494361868
1717.0214715182,7564.51793088193
6913.27802785612,8066.63064943221
7506.98967447693,8006.31966941573
7583.14456579759,7741.35288598037
1067.84038536292,8681.52031596665
840.20658269423,3297.48371347069
1488.50857211361,8835.00554433414
1346.65476069898,4152.29890166524
6536.50265287125,7906.92947901593
1439.36272549611,9210.98431429596
1942.97138770065,9025.37281303383
1411.39910997205,9045.45042678975
1484.32115957827,9139.6849096033
729.916896200457,3241.69654672403
1874.77128090547,9320.42010743653
7090.25095204466,7820.90677847202
7841.08815307645,7449.86014349139
996.333100179818,3306.00119546238
6868.96433812593,7153.18936082258
1982.3094848015,4245.24922013106
7524.32359744797,7681.40803963357
1520.39370664713,8920.96405934668
7811.80504912957,5320.72324516553
6953.09718577544,7212.21307301111
4210.69159862322,9189.51473813495
7294.03087991621,8018.74407804477
1198.89839204466,3352.11578606098
6468.80292864582,5965.80289181464
1230.56323496323,3586.48120456277
1024.74893221191,8949.80627292024
7458.78979358218,7958.71954883517
7022.61623439305,5789.86234239675
870.464834318069,3239.92879874559
1521.89879115676,3341.42648316766
2209.45361258965,9167.74580019708
1314.5416265817,3774.58448786329
7461.31713096915,6924.66945206516
7958.72760225228,7956.5022772186
1086.92368957777,9235.07812251085
1128.43847637916,3862.19150096292
1379.07251169754,9009.24177008941
7517.73552554139,7835.09809786464
1228.18817984031,3218.29434670299
1042.61063424193,3898.90307389069
7918.94598224506,6499.30020291697
1813.71797883381,9361.56412505226
7792.99273259977,7300.40805938189
8430.17264629917,6226.07099874688
1215.17649702792,9241.40965680844
2110.35095723395,8359.1998854233
7256.7918310031,5430.47496761707
7189.65394877594,7609.92414585584
1561.42595121298,9190.963829125
1998.80127665355,7882.27617226766
7412.59927966139,8002.43856082023
7875.58374506084,7865.68151481918
6498.70880240359,6220.95732336599
1029.10137551787,3456.94685545067
7299.84217336278,7235.48070686993
1672.30894878154,8262.73240511555
1365.53942623327,3926.25517527577
1558.35103998859,3098.69327624173
1004.30779196326,3083.73529228735
7186.18049003865,7130.40250575705
2468.89771785181,4624.69478236454
1184.95602202307,9113.0113496141
3468.00200851486,9059.03784659406
7277.57817458299,8346.22304650615
1926.64721535532,9015.38523669286
1505.19759128636,3560.08399156051
8397.29941201143,7258.41128429582
1674.5008737125,9255.6402552022
7450.37229000091,7773.35675680742
1451.37369798722,3670.67030480668
1697.84831986326,8263.65042315227
1201.98503262017,3308.02057727874
1301.98350437888,8600.00471545512
1485.62822946873,8991.73787924174
1075.21370870836,3493.90763420925
1823.51202916774,8582.67137400326
928.635929528505,3337.51178837048
1659.089486881,3736.94515495339
1684.53801050825,8731.04045615578
7302.60963836936,7100.9649168562
1098.88188033878,3261.2824445762
8048.04898464499,8734.24335372358
1860.93855130641,8230.85949679301
1319.69932778882,8897.2453428465
1593.78836080996,9152.36459063609
1383.73167155983,8941.64853403537
1710.21886196016,8961.59796607574
1343.20126285362,9093.81876610032
3272.86559232649,9009.21772701852
3931.66721996634,8807.0982769299
1078.33958665819,3165.09337027631
1089.37519644025,9007.71030091012
1040.56091757319,3518.65208421695
7882.9009348418,8467.49386145729
1486.49063612065,9345.8730093403
6908.32455519038,8164.91291403314
1691.61931716089,9263.78493729346
6988.5562692436,6827.16448789461
1108.81670925835,3202.09251510594
1747.71192695035,8461.28524168282
2854.23821624851,8991.59090503356
6430.00139619031,7017.5064873312
6906.99017157746,7884.16561812903
1232.96174380098,3496.04549687157
8594.22191069458,6798.78431733917
6919.34281838028,7953.0706977664
1000.66987914605,3397.96935330314
1025.10933238601,3433.31036487083
7942.02191621304,7247.73640187513
7232.9260092438,8140.28656277272
3885.53201177434,8217.4073489319
932.613694358981,3455.70271000863
7545.64428995617,7920.17008959498
8174.91813616949,7894.68019929506
1738.97450385576,8965.17569732617
1057.72279411988,8959.34367055126
7726.88581760415,7893.29233622876
7590.61029727588,7866.42773868972
1556.29666937974,8883.46165005049
1022.32607083873,8806.26603418068
1671.70940138822,3211.69759069734
1779.79123944468,9069.69283375549
2035.05354634422,9347.26535250471
7048.19431840645,8140.10640418256
9259.56382421723,7359.92006588611
1400.21456445568,3931.38739349462
883.487885762591,3467.35009697271
2179.04494162185,8798.09623852752
7725.12453937433,6590.77985259134
1081.90667297182,9102.31214793574
7554.28454143853,7133.42771796725
1520.749331961,3328.64202151591
3097.23394848526,3322.28509718173
5733.05277040239,8502.33451332182
7932.11286569195,7172.98644366403
2935.32303896198,9015.88771039266
1844.89659938885,9318.79159873761
7402.69171261347,7253.76056073891
1437.39752542002,8868.99683994403
7919.22610058831,7372.56720076308
1748.18516647555,3708.29953508951
7448.89000298135,8047.1159636085
7676.05355997363,8351.08822743622
2225.16980056301,3787.30892773763
1339.70783961183,8853.29426336099
8167.10457565503,7305.78219498063
1089.57720798692,3619.50393243158
1408.99295854224,8934.69360995935
8443.00310027018,7420.12346203663
1878.38315672132,9284.71263917992
1699.33945733703,9341.09698451608
3791.26739186378,7312.59624339425
1413.31526556715,3626.06628267763
5790.46539584335,7214.12942515583
1421.67776505061,9109.82311524401
7536.03069858855,7239.06838311698
7657.71153260812,7791.88350253663
1079.93734414633,3189.3010986242
8229.03650996887,6993.095997555
6998.89506788777,7917.40862449192
8148.96591605287,8088.37662954521
1291.15106217954,3628.16079814843
6297.54875182238,7220.36702014594
3859.63533293434,4133.19518180598
1331.9429509751,7234.30162369543
859.984304054766,3371.52992544903
7277.2729066923,7737.57038971102
1931.92547982722,3438.85983508642
7716.19888833336,8044.85188520261
1702.45607440013,4612.52443521182
6027.06764433666,7801.41517513662
1551.76701875852,8785.1753808164
2836.63909269103,3862.19610831993
7471.27098743935,8892.32925719144
8030.58543158421,7859.0856214846
8098.63047540987,8041.95251252935
7590.87433617467,7785.85501221099
1435.19173634718,9019.70161523983
1669.47398441545,8117.02696007048
1186.1540033171,8379.25607773615
1534.87008131309,8118.93442665052
1720.47208390633,8572.8715602745
2252.77974264924,8917.50533778013
7364.34521741367,6705.27569092058
7270.49400481519,8325.90373113982
1778.41735452462,3989.85785185082
1882.95039326219,8429.8446572833
7467.01422031614,7918.99466873158
1454.94254670209,3595.25448674508
7297.07262188235,6376.33170287845
8080.32501661119,8116.94931057653
1531.03795914989,3612.34323217003
1270.42154411113,8460.0628147228
1402.07871221753,9171.58490283577
7491.0526540328,6938.87630341828
1277.2427965359,3341.05345569918
4642.92003069912,3845.38313745984
3421.42384741884,6708.7378978353
7655.87720491466,7416.22167874398
1024.95058452287,3447.99122278574
1960.38993969171,8923.92415573388
1348.10653495785,3589.3943627252
6719.57559063177,7614.50208917155
8106.38879412874,8089.22203872776
1969.76181510874,3730.89118346183
1453.86502991881,3329.7101785985
8893.20217225607,8671.0689744034
2094.2256925929,7783.92865431995
1497.87884669858,8231.36760452199
1295.06433131503,8953.06369737378
1523.94451421199,9155.49305428771
1295.08410324419,3373.88860868852
1396.2789478722,3444.9213133606
8764.41339153843,7096.99811634459
8748.97049304665,7862.98418547541
4150.82693214431,8428.19066258371
975.9726239001,3488.1747947966
8762.89960909562,6792.60902840774
7556.81631916117,9412.06927962008
1012.01949832342,3504.02484959583
777.410947878232,3034.8427157376
7549.03731551625,7658.5063174789
6494.31311812119,8198.02483999771
7465.15413883775,7269.82518760419
6911.4165833681,8175.86780527821
1114.69739007519,3238.67490819765
1374.40786927498,3619.69542472226
1069.5078453221,7628.09587817067
1494.82226378871,4120.66395577037
7695.06373559535,7584.33861289457
1470.67717534261,3688.77793495523
1117.53932973578,8909.37419842723
7297.00936742347,8044.37828525644
925.717448782216,3050.12826646846
7383.21073520788,6028.94240699769
7710.27421889081,8294.15497046306
927.70017596758,9127.21726466412
1729.00819068949,3877.39812284643
1532.1641257476,3704.69568647093
1344.17172291503,3616.68444652691
7386.89232431128,5995.90303655822
1240.33802507755,3232.30094995089
1278.27315381043,7635.57111797063
1508.4548996387,3996.71215896583
1417.90687076976,9336.20819858187
1542.58710857546,3645.60967339464
7752.53821455339,6434.58480515719
2626.16830584898,7864.63645186356
765.58004030756,3406.36680862215
990.525765995648,9236.64021928267
1349.49887215432,9051.39525346772
1918.88089770778,9276.05183446714
2502.64382661433,3934.74146559404
2979.58446990786,8239.30211006062
1351.35572703257,8519.41686703059
6231.69438680481,7720.71893683783
1745.00027442378,3513.27553715558
7106.60786495286,7874.2439937705
2024.4285504316,3711.10512723824
1097.57793664771,3370.62149463973
1098.9054838532,3790.5715003586
1330.07222977662,9037.02171942535
6609.18519991881,8020.75693729391
1012.87808925258,3743.58812095176
2740.538741724,9047.87322945444
1282.87014068794,3288.97770287952
1759.35266386073,3852.96811005235
7313.83348421085,6605.98677345711
1933.57664302718,8642.54696465128
6665.76941913736,8138.92312812662
1237.78613473816,9016.06757222763
2663.47343307852,8726.94187000113
1071.76544899662,3652.78203816811
7274.06158018933,6943.59127287185
1608.43264301118,3692.875209033
1020.46197737436,3357.94090044497
3211.33418480184,9077.30304171409
7437.41810899916,7451.751844061
7059.06286625981,7792.18506398185
1240.79098784411,7337.26758672996
1267.01628477726,9044.55934885935
1622.88603514197,7987.83863801506
8273.75271641569,7012.8072091832
7538.99101904194,7096.98842249557
908.443749721919,3264.01543229044
7131.90477153869,7268.36348543413
8139.94982712117,7153.99783323966
2284.59899771726,9140.7308015535
936.270467548358,9038.77410038291
7631.30889804758,8117.49661186502
2469.78586001044,8401.49676766439
8305.78392155121,7822.7602957259
7211.89040789746,7707.34280985838
1833.75854256227,9397.39975502817
8251.53566481101,7890.22257383502
1458.60836612238,8687.21055086459
1370.11199123002,8825.29338634104
1637.97274457743,8791.41980970062
1654.30965257125,8686.85358299929
7627.51826818578,7450.56732914274
6192.72782493549,7712.94023255674
2495.34512851147,6030.54847960119
795.547063139113,3437.39187526005
1268.68191171513,9272.43880124274
939.623814353107,8991.92996498734
7176.18481845354,6726.44049820102
7702.86513031233,8011.48658526664
874.256051094471,3141.23917517168
7746.63815663466,7458.89334510281
1137.42137707741,3578.46400891968
7510.12816851168,6194.73935157887
8275.37964960934,7810.05732752813
7639.61912640047,7063.8070513782
1602.0866954032,9450.77841761065
1977.50220771373,7474.65282887105
7969.63945001573,7431.54282683641
856.497227616872,9016.69307616434
7909.10011865663,8133.61019129356
1637.42947470392,9342.98972229096
7824.09297245868,7980.13424136951
2519.80463346835,7810.87380863093
7649.74129372266,7373.96752721882
1927.67713148582,9097.44485721387
1238.3262935043,3744.97491687061
1549.66871919628,8797.00757027202
2041.40020634964,7719.37130115027
8690.21668710003,7509.2133134404
6856.64150201005,7306.29882890475
918.722290678757,8755.9429939181
1585.88405643621,3768.23112742856
6942.4503770892,8206.60932093345
1384.29777452615,8162.31915342486
6223.32314687883,7900.70275586954
1018.39127209045,3147.76531764907
1118.15746332878,8689.57889281048
2319.37374604547,9056.10486509506
1582.2680587281,3821.16211200965
1641.99263564707,3749.44760201978
7477.68893569664,8192.46021585525
7494.53425495728,6705.38207699953
8857.3815556533,8258.8769562883
1996.48870962241,9097.04253305742
7504.27346552681,7985.64316712058
1270.85105868059,3130.33824362441
7931.65928223413,7325.79266057057
1947.37934133387,8654.59276674241
1674.90343262915,3472.53989423317
1825.06027118976,3592.04577211691
1154.36199274477,9193.57725794252
1062.10655888153,8376.74334698283
1393.13025793317,9035.32155840136
2502.5811855169,9040.05474758286
8209.20417259938,5097.77481812337
1021.21920978909,3516.00881550312
1517.17147299715,8923.62456618784
1084.96019177895,9394.31119145034
7015.36899958236,8223.9957953219
1108.28392559163,7432.01230204145
6402.90144279781,8180.35019042513
1337.42948110007,3485.33386825182
8288.21766318789,6958.21600589883
1610.55909771445,3510.76501054655
7315.01408353708,8033.24317930158
2247.14088856474,3904.27414409229
1786.41476593417,9100.59228592697
6603.10342080452,8213.42122157571
1918.83178636293,9042.00627632456
1700.82373550791,9144.82946289035
1298.89007075089,3784.68425607837
8621.48072551648,8072.45418605771
1599.93160476669,9051.9056370632
7663.90240005263,9486.78238107546
1612.2391394192,9098.29974746813
1160.0285935284,3384.6359576185
1421.93597805433,3581.51384882329
1831.99730992087,4141.51266053934
8157.0218909587,7218.99137421322
7320.134416248,7260.02154494125
7411.36355483332,6063.99910963701
8046.5479929875,7979.9226110585
1074.36739160306,3137.33724303906
6314.45232493841,7337.8521509431
8694.02323632019,7447.06680442782
7934.09492954424,7289.67054318216
7119.09382242121,6991.48132599381
1204.76859219644,8732.24534870945
917.423179782856,3542.87312596089
1861.23723006946,9412.40157194296
6598.66304980524,8151.86112920913
8330.24920398694,5765.23105141783
7452.89461479543,7839.07515406896
1817.4358111858,3671.68367004483
7656.31618525396,7174.60913975168
1209.07110658656,4805.07391379612
1704.80322066105,8402.27676118408
8635.98646699171,6890.16269011768
1823.79922483268,8896.60572360851
978.384503816834,9323.37956343232
1870.98379328993,3533.28986323858
5979.98158360447,8051.83793297788
1088.63813855608,3445.18025523454
1458.75255636113,9112.01877318766
7827.28125956315,8030.32215064062
1520.95572291095,4520.46461932571
2406.96531285609,7649.11479306991
1144.62259620197,3586.26515837853
1590.34319236261,3671.95162737621
1592.62660324067,3931.79795248362
2010.63518581364,9247.93459757687
1013.53959328339,9038.24912358795
6353.30737075433,7509.39057096732
7155.86890773204,8573.69710812551
1586.69654961068,9029.65922252561
6941.98906977977,7122.29435054437
1494.80438756664,9262.80365026666
6926.73819615014,7321.58251704774
8593.2954093296,7189.08673099899
7461.08389843743,7262.86961618521
6788.68176640632,7839.09507010095
888.956401489301,3322.71935146664
1001.59228780996,3397.51225351238
7123.81166570972,7645.84383187825
7046.10764293121,7940.85428268742
1515.65022744499,3695.12357388348
2102.78262093088,8999.55531086865
1097.7661658084,9252.85329000254
2483.42991696924,9131.15136415813
8683.30880951245,8323.6544909814
4631.81294316225,3677.94345370471
6332.64771906395,8319.00111489359
1647.89010845491,8755.78490812049
1523.04985635643,3566.03519717135
2101.76999474076,8253.97677640061
1259.17047568649,3757.51316744035
1276.87459664808,3652.24607437756
7334.25630300685,8007.02638492673
2752.26724422319,8416.56167582985
1211.91234364064,9105.51151340392
1581.13096008692,3824.23889377735
1692.7517157483,4175.2034953849
1148.27860059945,8958.13203012189
8543.31250384765,8083.65440094468
1049.59862795411,3355.19619508097
2075.5126279073,9041.99363788454
7701.58686396036,7968.71152583379
1695.56945828572,8587.78496281507
7536.85506162091,7875.60620953024
6402.0387706925,6313.57134660312
1340.16177829956,8783.14443860018
1373.65611765964,8875.21584074385
7178.6596752197,7149.18909687322
1412.3256229673,3724.70300033923
1814.84640416039,9106.65678181938
1820.3787420575,7704.31851514057
7860.42516700845,7571.769384027
1978.40391449839,8344.15327900413
1524.02088324823,4380.34172786134
1671.23117010277,9031.7949110643
1005.02162172022,3562.1765554167
2330.76883214876,8926.64300089164
2303.29479650117,8916.96995035261
799.925720629231,3240.90323465707
8446.41109489621,8245.27175488366
7205.41113984984,8201.7741763638
6520.87246016008,8660.19548881326
7823.17912020625,7936.13836885541
1344.42006073138,3650.38282502202
7604.26665650371,7879.29328406406
1545.85615518392,9240.8540106159
1439.83717258513,3206.30538119934
1157.01135307314,3424.39022227568
869.151173250273,8669.70165002287
6383.1274355481,7544.86654456719
1745.25270684042,9124.63635971894
6969.29914301773,7711.73419681838
1465.28455634962,8770.14067942007
7137.86358161878,7259.87480996574
1894.02789582908,8960.53498077954
8016.05553946268,6982.47638489357
2009.91229246051,8987.77774198278
1566.09677680767,8720.24053056465
8007.66220784577,7911.34537565337
1447.24151468424,8891.74035841155
7496.87787294528,7967.24066477319
1330.87735381349,3957.85765636021
8140.63015857861,7141.04173152447
1909.4455195104,9127.06196901131
1386.82264878332,9046.12511716563
1638.55454599343,4120.18457140501
1811.00488345369,8972.29663591819
1118.82854948819,3402.10750562566
1991.55801471909,9138.72220029684
1341.25345195696,3390.88279655858
1381.99362499331,3822.46646902245
8318.43631802624,7970.42031289928
717.71316331344,3077.95270575199
6681.37512855681,6496.78362524945
6356.93724952192,6799.65121121023
8607.88705807672,4778.28307607937
7977.84261687962,8093.20276320043
7154.30078116015,8122.22537191293
1077.24393918364,3332.98276429923
1614.73280912261,9123.38863267206
1297.60933267945,7887.58050844262
2949.99455955882,9042.75441272574
3094.17964261787,3539.1549474565
7615.07566410015,8064.70664710015
1653.20461197303,3626.72137116436
1724.47184743456,9110.55435821688
6708.88259402768,6397.35257937871
7748.44361652005,7837.91974741123
1340.00437244629,3681.16379240572
882.52775975227,3483.64643232434
9096.65608532017,7859.32259370248
1769.83526142372,3709.76697811807
1750.15353341546,9066.29506430142
7652.36524907304,6228.57754355109
1311.46816455012,3135.19313458019
7401.65016719639,8003.82494128306
2693.30024636696,3586.63727577798
1630.17319617075,7761.78577183252
7059.39639740866,7462.95325526465
6153.41665547512,8000.01941119271
1789.01536289331,8956.10461013921
1194.42303942312,3739.88555536551
6611.54547629493,9074.69842455354
1779.22390498186,8342.4082310942
7438.34739979977,7779.3544115285
7257.09178010225,7353.84491857024
8532.40118845717,7270.90507099884
7714.61925638485,8417.42592075666
1832.66304217647,9216.52149203302
7957.73252143368,8477.33301084672
1651.71835475286,8103.61156927902
7103.83781208227,8190.52475982234
1802.34530035663,8037.16071235295
7288.76816128524,5955.32957716193
790.209238652706,3601.59875424347
8367.01115406505,7327.7640332987
938.534749618149,3250.4815002902
1618.85816597816,9211.18578975019
1840.9371354364,3951.83982405042
1725.04355348918,9283.85196230691
7730.58280031851,7785.17587976266
1628.93786545506,9050.89814291601
8444.87882367163,7693.21738773298
1433.732428027,7858.76510320799
7530.18142011113,6440.18434074105
2714.4575582867,8947.96175492163
8503.91073341326,7881.25822934844
8141.48716499786,7842.47629133678
1382.70174110625,9315.38741495757
1377.91621837696,8069.39733317076
7844.81889551856,7251.67478974194
7644.26421899902,7364.93671357906
8381.26576323081,8092.46472653035
1297.39083751723,8387.71622118609
7802.72430852955,7039.44100439128
1300.220430881,8914.26398727331
8014.45251391243,7196.76604401369
7682.65498241494,6911.57489011603
1706.64972260782,8931.72837891771
1316.19819500381,9031.5980579259
1750.20954351162,9425.84950512805
7405.94266468288,7577.8875109557
1094.7061774401,3226.03599234409
2071.5325228259,9031.5145555771
7004.81544688581,7034.33028465801
2916.56963927332,8710.4715721331
6991.22711246708,7346.54778015187
885.456941056678,3311.66284666335
1352.14110050561,3631.62148196592
1338.07801763827,3664.50219430595
1394.00719379852,8452.3049045356
8722.63697859066,6700.44304237436
1360.31205041739,8584.49443007598
947.289914187903,3279.32849886689
1487.13175610325,3557.15862622114
1715.18353689716,9071.17663096638
1642.19293595261,3821.46730698389
7257.73136538111,7166.27302044127
8245.33107561082,5006.5266147895
1653.23143809872,3765.80487984057
2008.23726612715,9473.33329299919
3569.67727205195,8342.61028902568
8133.83248672779,6880.87749005573
1255.65643740242,3225.62606092058
1504.61671041688,8880.80799406175
1644.17646924663,8624.91912123238
1183.09788220843,3685.40966382642
1377.01276422581,3897.72150917735
7108.50301423651,8680.4546127907
1887.19652531005,9014.44212484361
7286.66449977235,7150.09531551137
1251.47049193551,8980.86154315376
6830.5727634574,7887.53628353084
1244.93043808114,9297.25901936201
7559.02597859916,7829.7472199336
1636.52205097216,9077.70461906401
1326.64126984212,3915.36347901338
1898.41052367391,9441.76023152002
1518.80447965926,3927.49286974254
1287.25639234915,9074.54771824664
8242.72916899767,5851.6660399307
7794.18015736911,8082.27051746772
1321.72796075245,3402.83168328153
3269.10236255312,8449.44874985644
6666.01679506713,8006.48607620393
1504.99488601533,3867.04871366993
1131.11318202073,9222.0819335889
1004.81307635372,8623.22233728146
1412.33313922399,3473.13010383815
8405.77926664838,6209.6703687313
5199.46691930119,4672.08551071596
1600.07969904053,3369.20032436716
1281.7641215929,8899.86155376081
7500.48024876699,4501.86454354274
5586.61425550963,4152.10113084113
1506.19830989347,7751.04188107318
1584.41669848816,3486.24995966987
7098.77824774311,8231.25233092881
7284.38973917282,7174.7976996285
3047.63516236322,3805.58364422484
2141.23311214416,8368.24370513057
1912.02830856738,8229.0912460468
7836.27020516142,8024.97754437152
993.349296648931,8780.32332096783
7798.44850285706,8055.26744008069
1241.924433735,8786.15989031829
8651.39531589459,6718.99206199527
1253.38109459666,8923.67858260361
2257.53253718207,9228.05333678493
3294.01956736032,8754.34662607018
1916.27285712999,8261.5255038108
2169.73910567784,7473.64953970222
7322.23963268311,8027.82152887724
883.101422035932,3375.21528476314
8212.2999448413,7307.47086173331
7996.62491809499,7318.83405488779
1238.11541014214,8713.64313708987
1493.66809914196,3629.80981431208
6496.3951444821,7711.70100389179
1968.96501877624,8753.69097280944
982.048093873488,9146.99097478421
1105.78633369416,8910.83233117478
1771.00043555807,9382.81281234559
1651.63969925049,9120.8304434861
1627.12740709475,4248.14195505784
1348.9479181895,3762.87262077116
1002.14588169892,9110.94326638111
1904.90546621353,8103.62802432149
7496.28645275295,7982.84162600168
701.931895320964,7781.27838283262
1283.99458660198,3631.94149136531
7172.75277317502,7850.27702066578
2982.30195712547,7384.75904708593
7349.17656847623,7606.69439616798
1870.84977620577,9011.28575972286
1262.99024770109,3297.33829478046
1249.31816255231,7569.1043183134
8206.39133981936,6585.24357290232
936.372663928605,3579.52436307622
7516.77944440925,7017.71612752763
6830.49529697758,4885.45114666813
6451.21587750475,7369.07236816628
1381.093581632,8322.24747437402
663.115641569542,3114.82217579023
1810.79025020458,8919.14165375937
1201.37676670235,8554.70316951098
1304.68802297656,9010.63616708972
1621.54587058703,8979.5846557565
6934.03775574542,8418.12119300307
1722.91365379211,8653.28456061956
1183.58151325859,3475.90400982944
8863.93533438605,7805.83321472852
7566.83573773479,8083.52242011732
2110.61517128922,3538.06955795358
1809.93543981619,3831.19179921342
1279.63796006746,3528.55603271452
6966.70111421333,8369.04454954868
1498.51877728682,3586.39495310735
8238.7792072035,7429.59408641303
1143.96407476586,9115.74948718181
7743.95843872979,7247.5962106422
1626.48011168265,9159.7047997998
1946.62115279478,9229.22722117784
2006.25682457699,8961.73861082249
1223.36430916009,3602.09150853861
7448.68358347563,7188.99224626207
1080.57505417783,8841.8818766437
6838.87518094474,7006.37899894291
7508.49859462202,7412.97929039099
6594.51581729792,7438.57843535105
7299.35891979254,7219.19655033979
1557.4902632072,3743.36022077844
834.27947743347,3227.33742087982
8730.73790816406,7733.1662175166
7974.20060806335,8099.38601692671
1465.99554801166,4028.63219702244
2949.19910834216,6586.14848147433
2228.76536027332,7691.43689731189
7551.81587914271,7684.4304165322
8018.80433519345,7533.7488403313
1787.26382360331,9896.03443241918
8171.88858629431,7332.39530587254
7700.70738280203,8432.34457450999
1306.84061940454,3349.12611285429
1025.76489014071,8953.1156864693
5315.80122154624,4976.29167156795
1392.17197257375,3771.71786103661
1115.56043207436,9069.4473680484
9391.98289772515,7965.20307520254
8048.36273310024,6946.65478628046
798.450564526585,3365.84263372308
7212.47895146238,7102.69625458571
7657.40843558377,6772.98636742525
6754.08199423135,7998.96976857455
6049.82389317328,8557.13093546258
8032.88914893859,7809.65836689691
7383.15665061423,7246.85470396896
1127.60527531392,3950.19715254552
644.616233397608,3374.44226092247
1826.84587312689,9572.38731890808
8397.05480273369,7370.31364060649
7195.68937873867,7814.58806715358
820.842540771577,8887.68296654401
1666.47272276278,3949.75263898897
8085.84290883479,7993.13375350757
844.562834586656,3199.09048056556
8584.28820770854,6137.07722844028
1958.34227753498,8940.11767726877
6422.45234602577,7635.2371051111
7052.00248379241,8996.25700432925
1463.76782252167,3670.02755590968
8202.49046720458,7213.00348008781
831.595824356281,3478.84880514927
1983.42277531195,8567.20355233964
1138.67628988127,4589.98476761809
1021.1051466823,8573.27377140635
1055.52901312748,9007.45551316722
7700.78875455581,6041.76531465478
7558.10725729842,5424.80898807652
7150.34838245765,7903.00397840285
5098.98180399451,4455.67068743022
1142.06526045764,8887.78817697574
912.225075065066,8777.93190804131
7871.16764667565,6865.18954927135
7042.65586683342,7644.3581319376
7496.20933916668,8044.72889054064
7206.1144717229,6669.14651536358
1976.66816443646,8627.30818570129
3026.21198662873,8669.45636278656
8371.31542051341,7411.94125287487
8483.162656603,6713.70699949982
1323.71292132825,3601.04914608831
7712.55721015039,7380.17119959533
8301.52133567313,5683.18681229628
982.371154908166,3415.4431409785
1260.32464703888,8735.2188567645
7619.1064788517,7901.13270847035
1580.46323262955,8223.41318780502
1244.45316282591,3102.34112208156
6456.10052242462,5326.0056772172
1096.83456556911,9165.48630741323
1259.85577016539,8179.61741142483
1935.60460065707,8392.29287543339
1666.86908595786,9203.26830383809
1666.70413638605,9299.23954850249
7966.12218234201,7931.03375502135
1694.13829340167,8386.48200030889
1293.84609514394,4082.30176576044
6784.92097536619,8268.45557570719
6161.81638161067,6708.36812345145
7432.24534935518,6471.55753250543
1648.75783382985,3685.08517493321
1152.37554844568,3926.32526481734
7986.89883341217,6468.07511189441
6733.79820094858,6868.46814336025
8239.60825821576,7243.11010646474
7148.63191779272,7906.13213743991
1512.5031519266,3607.48545834149
1685.72981640787,8726.38810117093
7188.77385818586,7798.21711528419
7833.20634977357,7110.61103049262
1250.68902869683,8526.01821844256
1535.0865573512,4041.04072928306
979.964956059212,3138.6033147511
7882.84420662509,7547.26407667917
6124.24402822339,8111.90281223879
8323.97359283689,7446.01617809477
1638.13477398439,3904.48067050764
6729.11390844869,7537.20119549099
3549.49812198548,9196.92904322667
8076.38670827421,7275.48288030747
6753.28388791323,8328.63873971903
1901.80465594975,8927.22465258731
8473.36630225716,6376.00675549999
1441.07509362876,8244.39722446992
7172.5091854234,7047.02667569606
7314.66924840238,8169.23112838914
7598.83906736332,7463.19884018618
1971.36370692362,8210.63585195836
2386.96907011754,8680.81375814963
7383.71859106424,8585.65916561937
2724.01752470261,3673.48095674546
8733.55661070826,5041.71475678229
1392.76007409057,8992.81265122673
1684.55822911175,9293.11998690799
1360.73995226587,3701.27392251542
1792.96176646988,9031.18755884144
841.071417813453,8240.74510384363
2438.31158684193,8714.94052311676
1732.32016560048,9108.60322394441
1184.20796541367,8734.90339310278
2028.3343003154,3729.29774346923
1387.07912061395,8717.3296904607
7354.46145532981,7252.91699081027
7528.3048274159,7984.5226217591
7870.6544107624,7595.78673982526
6742.64744754936,7371.56134665533
2052.79995547341,8505.03889317291
1925.84622030687,8862.7232930555
2130.42503636823,8335.74775476244
1794.03415183616,3969.50321557407
7086.19478731097,7162.30494533576
7163.61018591846,7548.33637252103
951.062568985231,3503.86919928692
1879.00133713806,9281.9901962221
1315.70003210246,3607.06615399887
6737.97175221801,7336.88078170266
1190.72404847184,8901.71092661077
1442.1027024273,8641.57418091051
7235.78269783322,6278.18150493564
7724.19691258115,7841.48285147868
1976.29002101297,8693.03003794127
1578.32540953075,8468.0667831472
2446.22508016093,8676.20410285282
8268.6416583935,6471.37437869927
1272.93155777624,3573.27683809953
1390.32921714555,3711.83503960479
1764.08762820314,8843.90167133203
7745.32040667467,8035.21130009798
1684.13077883763,3628.96534370027
1198.44988281179,9119.74274134063
821.277885485207,3501.71336070593
1743.69500012173,8327.10826107599
1160.98015034841,3585.47230949157
4349.78788939521,4044.68088950842
1342.85835166066,3968.05488877627
7026.78544755298,6350.1475160536
1086.62718527105,3226.9168399859
2181.89152758671,8568.84884217003
1714.41666175778,3619.44872295114
930.27288766461,9077.65430620667
7812.11327533594,8280.11966444418
1449.83209400217,4434.9577100416
8143.70711829073,7649.8653537247
7557.51766391534,7594.51951078644
7262.24342421861,8247.63565197691
923.168696741498,3371.59404161136
1506.32560247138,8620.77715556608
1003.34959690116,3654.17883163882
8263.37661410379,7884.64662900486
1601.97718684732,9292.52992858945
1471.77620378309,8548.5063127232
1370.9636737875,3765.92419674466
7356.35066927164,7320.95385602752
2756.1950674973,8983.01969835113
1660.53280500857,3526.69069190724
2134.64201448529,3906.31103553791
6033.91222901332,4154.93559210874
1499.64518538176,3542.74048145246
7271.26997360514,7763.29209554101
7685.44950456934,7543.34796514154
8458.65736701081,7835.34104964511
7396.84972505185,8232.84764413098
1199.23232222111,3225.28866615684
1070.96638375817,9081.60031117693
1428.10570926048,9032.7911213417
8503.28919911595,9228.41527858284
1594.17774567563,3838.07742260683
7579.40364119155,7909.83773893804
1542.1374590673,8826.67630321639
1469.2636638671,3548.32646875055
2052.09917987244,8716.620307727
7645.83031471487,6460.18961038171
1699.01414300894,3617.54180464416
7277.39131414816,7235.47268980162
1517.34595166403,4196.64024466745
1747.46706592426,9313.02768224139
8037.21332787238,7503.22057031085
6608.35724383512,5706.34013536256
1945.95803222702,7782.10454634526
1438.0810364595,9295.42232609702
1505.13328519449,3809.94393038662
880.883483015396,3490.72533979445
1598.61444488992,8616.54924719299
2442.56022705024,7097.69488444538
2436.10999869718,3284.19882188015
1157.89569670317,9050.64914977347
1560.92043306878,9109.09082857204
2218.04745064061,8839.19275702359
1493.62427452039,8998.61048148118
8225.83711426357,8089.49829445498
7552.07303771334,7766.81797465806
1254.1411118823,8905.65859143842
1425.33566371794,9224.21250003718
7470.32060925445,5599.67956261116
7407.37392025081,7261.5733030564
7366.66669326539,7843.45753181316
7398.39545980866,7719.97025868506
8945.29013596816,7689.12302663547
719.443327259407,3520.06972683416
1987.63531783438,4087.18357590518
8084.75558509745,7106.26210514503
1331.27733249884,3642.51330658995
1221.22191957932,9194.08128138872
7578.03297917958,8093.88022155404
1346.62548104939,8689.54470526959
1599.03914229402,8724.72342559811
1467.00511336146,3737.43735190248
7772.9713118894,7562.33374123225
8352.83442956039,7122.6006380277
1153.70835525577,9045.53944532199
1414.48747662292,9320.47774837835
1180.32508619923,9304.94728043677
907.506720002152,3254.36195264211
1254.60024670663,3337.40242102555
1154.47230484873,9143.29375180188
1293.91183126129,9024.4877737024
6086.07145641585,7916.35583984711
7440.35040563509,7290.279312197
8936.93168018359,7863.3590638025
7475.24573276039,8007.26634245261
1670.22314567338,4205.21004124821
4857.7140638241,8916.56272875958
1172.10265628078,8224.50052521587
1371.48299441108,8726.93594600716
1359.17892799857,3487.21742159668
1506.17778940766,3808.40689566239
7819.5423939041,7587.37504478953
6900.0325239215,8139.40457033777
7497.74527099034,7716.45277072328
1182.78355613031,8917.48925632888
6652.04022791389,7567.02503272362
4713.53435186111,8876.95392414158
7480.99565932588,7391.63372186364
1684.7039893969,3935.53818912266
2199.06561230769,8386.27959913746
1320.45957519388,9145.04840612542
7622.20927489573,8131.72969796609
1184.66945148913,3684.81709167379
8024.34794184755,8050.00741944513
1219.83048203639,3600.97217180681
7560.9682901682,7695.13906120128
1168.77320088025,8869.42234493009
1140.04506523308,3104.61109495615
8605.27866912911,7974.73752053
7114.69870016872,7767.53282535729
1472.98821272406,3635.82695193638
1197.87464726609,9151.40295078899
2047.50566720668,3965.03141887128
1801.35814623807,9460.34387438553
1306.57183026949,9242.03217388167
1530.75558923427,3802.08869647239
1336.72007068562,3175.38578663277
1385.5930803576,2558.8294696246
1420.76037906137,3614.05676758453
7662.43209158943,7696.56251846542
8190.66696303769,6422.27483854304
1443.77630108761,3988.64224578961
8209.79418548297,9276.80475177829
7676.34404472211,6987.50408490041
5000.73211461673,4141.49944013112
1185.11416074594,3410.06259886216
1859.48075723734,8857.04326504922
1073.73147469072,3599.86274559845
2219.50655922464,8125.92987866208
8394.07630640207,7547.9643084406
831.730876301639,8792.1283456234
6641.57728820932,6979.2313826824
7614.18287958328,7490.76305680598
7596.45801306165,7686.75730537504
7870.38860688789,7283.87168303621
7461.99773902997,7388.48743162928
1950.05845095508,8867.17923116162
1671.92284458882,3746.98155559601
1328.34825607326,3733.36312537802
5272.67584084866,8014.87896805532
7737.95871590736,7828.38710991134
1971.87656874459,3644.14485254839
646.161455761396,3503.0705650566
7686.75673269698,7418.36645390252
1081.93076538879,8800.81809409786
1481.85249522331,8345.54069476516
7754.97717663643,7619.71581460715
5381.72826991947,7864.91403379581
1417.87218907563,3597.16064952923
5471.15622795576,7528.77266551626
894.008041195969,3541.35368832212
8395.64405904504,7723.38814707846
1364.31375529476,3717.59210101842
7991.29948183596,7721.4643034805
1123.71430723959,3567.19244807799
8024.6290529113,7788.0776817963
900.504644372504,9226.35877519827
798.366207056633,3188.12870717583
1387.7089012625,3632.79247691879
6960.95263390852,8416.48729204283
7621.72456088175,7720.87700962532
1233.99904853774,9050.8723283253
7004.41138248455,8169.34639966535
7510.54628749143,7603.3003709087
1623.71829286545,3901.80577278181
1712.43361498659,3561.40696650013
1087.64071044018,3493.4460496227
7119.636574015,7401.8150471198
1794.39850365787,9304.72780601468
7077.99001428995,7404.5735653174
1385.6905641326,8043.94123349334
1555.88541987602,3635.05048563911
7186.31603345826,6467.82666815002
7474.98189449035,7810.61348717922
992.654643196905,3591.49928942306
1012.58188016285,3276.85822232368
8026.16258778375,7443.8781722788
7026.23525871794,8018.6729671739
1481.21185355171,8048.32528174886
1333.02458427946,8992.61044643115
1216.3739684869,9004.85487920157
7739.11979114786,7881.04001454885
7862.43148367422,8648.28371894037
2834.24550182634,8587.85684494853
6916.98084921854,7930.92348178263
7404.39039704928,7379.47465904941
2273.12412824198,8401.47417171968
758.806451459794,3431.45988201662
1775.87314385399,3882.67106735917
1305.08276703298,3416.99075401527
978.699578847112,9036.18405911912
1131.18621048434,8177.49681413876
1242.88904536505,8613.21590760561
1029.19061753345,3556.07913943583
1716.59217489752,8876.87791369549
6487.74477209798,8174.29553293789
2132.98572005891,9106.32125428096
1450.94463787423,8918.31639644383
8037.67733633471,5989.95389679161
2013.58347374021,8835.09482420998
7149.61138729688,7570.24585989409
7710.07925654794,7291.52945560078
3351.05833674507,4135.18360189023
7385.26926370697,7852.51247054654
7307.12194306768,6647.7360294274
7498.2060687236,6911.15975294533
7927.73637961361,7318.34859994213
2377.55476734123,3755.77063411616
8226.33681489608,5452.99362785942
2120.04185562382,7735.47617289821
7674.12627408098,7724.37652476613
1657.01839273623,8947.3148868051
1703.64839462228,8745.16820137344
7726.4595842182,7851.26407260975
1461.95009794518,8874.01976586351
3343.14153370421,8872.32664742328
1904.26970537054,8887.58552309714
1603.75223715074,9178.20470181172
7119.28387906034,7532.41410953907
7640.53323150901,7496.21468768704
7661.03803343217,7856.70898660509
1150.95797524933,3387.10841242557
2224.71727872134,8157.01998428924
6636.86764453951,7151.55983336577
1559.94028613298,8959.66405632144
1839.51641388211,9386.21913224813
8544.56665162904,7897.42653199825
1961.02045648322,4168.39767692682
6724.65772286818,6805.78117520608
1116.64324080093,3463.10738946501
3862.10972556162,9459.79772032881
6473.8544597707,7784.49588310799
8282.36835405139,7514.37084260582
6682.79962441454,9273.0250887932
1749.66519892762,3841.80544444981
1226.25217388627,3501.29067226374
7070.66312899339,7776.98627462659
1530.85730776634,3920.32389274654
7262.84514003818,7301.52713479005
1725.39848283682,8827.82939500829
1224.99086533876,9042.32579530467
3285.10826609973,8791.68294768685
7428.66304393285,8028.90088729606
1473.22587594063,6246.35500831705
8500.17510799713,8091.68527597965
1384.99865086909,3472.94103659801
1561.64925527685,9135.21870448648
7299.60557826192,6671.01278189368
1487.99050665847,8870.81207400344
1642.15486474665,8884.40797478966
1264.2014344506,3494.13997217936
1924.65285972392,8496.33221581537
7002.27589704872,7420.69989969522
7227.47497106407,7931.0116095736
1330.64091975782,9121.61862632014
1772.94664640769,3492.85459654469
695.225374042882,8375.87892287926
1311.45293722947,3340.11746985436
1774.97170165121,8986.69881697446
1173.25046306318,9277.43857464276
7556.77843885642,6969.28172475479
7178.85113413045,7010.21831495799
7803.08202021684,7627.83074493224
7995.23737179699,7566.98387844617
4416.74990480229,8480.51707583241
6989.73289714381,6621.22423836529
6859.15558447262,8089.81188895567
1016.55090838574,3232.806712423
7216.6032778581,7953.07559972296
7627.9959507987,7511.40609565555
1752.8348685265,3436.50050669803
7561.27783481449,7604.07270163306
6989.29914369309,6187.61351821468
1298.29686324018,8922.05420833976
2328.53062417454,9080.51789349526
884.087022320863,3669.64958673391
6905.82688283591,7506.83208918992
7415.96386060098,7985.96479821315
7654.08156964645,8475.90848730846
1047.49794462841,8281.7430270741
6537.12002512254,7812.05508727926
888.224432731825,8931.58736661638
1579.42150672208,8882.69711019792
1164.37908814034,3215.22157797229
1039.62470677045,9085.13736370324
7704.58925313764,5207.14519212315
1429.096591531,3773.41415524402
7449.45224647641,8293.47567694228
7956.01775805755,6649.80157509253
1332.28896548717,9079.824142108
1189.88369382664,3305.10823236324
2119.95393694421,8998.92298720462
1850.91804600296,9387.5165298023
1366.69274723948,8956.58965895891
1680.87639589641,8797.84527498489
763.734299262272,3369.84818030894
1571.98520382013,9259.10945019185
2008.06667381655,4058.93681040319
6249.2693267297,7866.44767985766
7187.17751660058,8600.88245102125
7943.64067446126,6374.16747145166
1489.13716667346,8825.3656348584
1450.95399758024,3496.74529227048
1157.71017372669,3176.7326287971
7475.23261180554,7780.66444556106
7272.27071747168,7004.75184727975
1771.78094233139,5652.13143287046
1639.87677393588,3863.65538976096
2140.57554134912,9057.19576910761
1760.01884600058,3991.70834907902
8370.83342308041,7330.46850688643
7357.61525735425,5931.57488508804
7699.48037714416,7388.66373463397
932.824475689413,9312.27140941286
1161.60894072717,8111.07945280755
7665.72520025752,7039.20458532367
6899.7870840478,8050.17170489862
1815.6151655294,3822.34674946055
2016.16679538914,9202.75146770593
5689.40485503785,9065.38136637544
2462.88055335778,4239.17269245924
7409.56552826248,7516.39966864924
1408.61628064883,7625.04608807408
6674.64281889121,7217.89900286379
1589.24715076745,3502.38327595668
1083.63991862287,3206.42428478709
7366.16461127433,8130.09792984646
4446.10727471751,7458.15496756958
1335.83388141351,3635.59066314731
1309.05414798415,3129.66071878848
1051.89865315859,3673.54042668719
8390.35177949263,7783.13594843535
1809.34253572868,8924.89038544778
1285.61475291177,3680.60295188333
7410.36634607461,7880.68816875147
1689.26497042336,8167.83945529485
1753.0071514825,8342.88965397328
1406.6979867733,3209.79547501509
7236.70626715962,8062.30860335313
1566.83937719411,8963.29042346353
1173.46706814253,3565.24583568193
1680.13251475754,8656.94330226684
1668.73969440107,4026.210462742
7083.77502940984,6724.27771701444
6317.46501569174,7774.88493818814
1665.57612014982,9190.5203803156
8222.46371387845,6335.66353413113
7013.63075044402,7652.27129951396
9311.29650918677,7664.83495305793
7704.09112521952,7611.52183523869
1239.76798518531,8917.49870660153
1498.53237779288,3848.64494289516
7657.65595909734,7925.70512534623
1035.1731997637,8988.74315442513
1918.62397056108,9152.88204096592
1453.7327362713,9016.10721118586
8084.21422528614,6790.45140127187
1083.82297370643,3554.41458046071
6372.34254971083,6738.20838434501
7541.13414446782,8252.37686436539
7790.31715841389,6563.98542213213
1487.31885068535,8320.09442154045
1440.27453868113,3782.54536149117
1106.73112224974,8744.13838410319
1365.04688501415,3905.32710029128
1622.74213647922,3500.83109442125
1051.46104318273,8593.72410868257
7775.00079419633,8077.3260149009
1692.68309597144,8130.42468018246
1725.6666698013,8788.85698740482
1338.07275357146,8977.30212182731
1144.81478884267,3267.97605714055
1508.78870167605,3835.04756667724
7435.40656603047,7981.56012097983
6854.59750212441,7349.18766085604
1251.67975437613,3641.02588063122
7332.08762870243,7824.5994758537
1120.28835134681,8694.53592982925
1129.71351746097,8949.29667678554
4166.16958009117,9252.36033249276
1575.12907590864,8009.20105414538
7837.19198941581,7749.00307882581
2292.95459961194,9237.80510316669
7305.10500096552,7452.76961024975
7784.85401034832,6970.93666415901
1551.50688720485,3501.34081296913
948.024341157421,8931.78795408752
7505.03767149223,6831.38068070962
1837.90024191011,9121.34068767508
1167.03031243467,3056.76775125091
1515.95296415047,3613.81714923563
6658.51340385817,6891.96269125762
7971.50810917658,8104.93739123993
8090.20292233118,7329.10619515902
7726.55947855572,7318.99626484633
1285.50878874605,3669.18860855882
1407.53245242828,8950.5076735808
1475.57307460571,7868.75710960661
1866.70155279673,3857.46026739493
1560.9713563214,3630.57348711338
996.106849836105,9110.72397036811
6862.01986472607,7140.9334000648
2073.21832833959,9022.23087568168
1832.48365932008,3769.35162657812
2626.49123174789,3719.32232130693
1297.99481989726,8967.98918920399
8570.08613511035,7634.11872146934
1768.64052839089,9013.10507178462
1651.06482512011,9167.64463342465
7224.96040908812,8034.02474253684
7379.74108024726,7973.0546001331
7838.56743571523,6953.2106086397
1533.19295545172,7133.82710537888
7762.23174071545,7945.26229201632
8732.58203428382,4301.94360167156
1020.65720141996,3627.40796976364
1056.41707163046,3268.66396905604
6837.98004045592,5233.00544310014
1052.89557064043,8315.57837284762
1860.20777579551,3622.48775829136
8003.64628314232,7998.43081945881
7634.47422869502,8135.20994012473
1695.59448797183,8876.59734326959
1733.8111024132,8902.36183338024
1537.38726893261,3636.85081238984
1123.64503703672,9145.28700626607
1760.21089219526,8656.26212612824
975.040878949149,3388.95870336289
2288.83798075703,9121.72763274353
1659.61748412151,8907.48527864328
1283.33008592769,8947.16404309432
7936.76956724731,8329.03320372995
7192.88004415198,6962.60903533652
1369.83084737268,3917.67679934126
7141.98600743474,8007.89064894823
1164.23866579975,3436.94676357209
7820.79578738849,7391.06169155172
7885.66623848703,7683.99125748646
1447.89628713751,3699.62229009092
8031.85391714876,7655.95759621803
1122.38330735547,3516.28858804224
871.658823858615,3677.22854749596
2140.16742424078,3730.30271277735
1370.1118314643,3530.94436501681
1384.18197186247,8381.94326031161
1470.07965913455,3450.33073175356
1544.71310937083,8612.57139123425
7634.58958929703,7581.5948972268
7131.77450254938,7993.04254868188
1480.46454076357,9242.77180932201
2130.77078944982,3774.60738866834
6768.03264565953,8103.08663729545
7509.84230168586,7641.46978647912
1441.64075777599,3670.15063267727
7989.10587221791,7676.26829640711
7101.84671310742,8270.32918857484
1102.22737634966,9187.355591664
1384.29411682744,8047.68841618668
8140.92271483384,8082.8104740889
1131.5655407049,3331.13096654028
7474.32764717486,8299.9769988158
6824.06018745524,8029.03103589222
8050.38665212055,8610.0600203194
1763.74913574663,8993.73822605237
2077.66955476846,9206.70216139252
8474.58674705368,8223.08558115371
1413.2237929855,3927.85713346548
1345.50032847085,9210.43358676305
1546.0319019729,9021.7726491162
980.819171576727,3378.4491721247
8325.07887766721,5501.19132076357
9178.03202279857,6381.92464590814
7853.5335901907,7714.41421978217
7851.51462738202,6484.2491565556
1388.34142877204,9256.78716325066
6473.74531146163,7489.48201440797
7304.33727525554,7489.90893746427
6935.03566289212,8112.23272619716
1493.9473943546,3946.14277236817
8563.8273727716,8114.67414021037
8150.72274126516,8476.86220641122
1558.02540676499,3761.54737661022
6996.23278932507,8177.72408103115
955.054214613782,9097.03995233797
7771.29042161084,7193.9240307988
6880.3340995008,8096.92057234548
2066.9800418573,8196.21074626916
8672.59997932923,7450.91638433111
8514.27665490029,4784.80086509613
1241.19461869322,3165.67344732334
7582.0539705061,7364.95831044035
2840.22304755641,9157.82304652766
7116.76855544457,7853.86991761254
1518.27024083313,3928.19254730754
7357.72409570842,7837.7391946064
1655.317154741,8267.68776799748
7603.40436812511,7946.88201481437
1668.46771179055,8539.10053431882
1092.98694933588,8874.83790158468
8178.01406369112,7679.55092932765
7077.45302797725,8010.35554953258
7780.50542352938,8239.02324147938
1735.23678361157,9177.33853605665
1826.55052893493,7788.63748986026
7929.15720873074,7566.2400922644
1583.29248993474,3762.19068407781
710.958463253581,3048.78768874614
1427.86147719777,3743.62720717767
7348.60195076881,7901.0323564028
1196.03286031611,3501.88761822379
949.618340168974,8888.91096120791
2172.8101153829,8133.7579744326
1365.24731837479,8660.03474032614
7365.77197380771,8129.31187312864
6735.12199887567,8674.36661553023
7246.80445696882,7349.45335923211
1240.57030545621,3419.81667017337
1278.96679045188,9128.28866385634
825.19651700532,2927.8622876769
1845.8333484163,8655.67750987439
1353.3384744413,9027.20212974967
7716.74808681016,7514.155909188
7723.87712180019,7947.70406596557
2874.57155812963,8405.67473731763
1570.09010206007,8794.80641743578
7705.94895619889,8082.21295529004
1656.12961182223,8408.76626222538
1336.6999541945,8696.37507037186
1024.02385925326,3143.62224329962
1323.45004083013,9102.2403610509
6801.07205968114,7091.05039124684
1757.66163032012,9099.98690230179
7661.47575776374,7738.14292634361
7183.19252513002,7185.6644645042
1104.54422530299,8922.34167390423
4427.74340771781,4683.20890078703
1399.73441965914,3700.79861010895
1609.6201006486,8042.14014442368
1376.44685409069,9070.49048770805
8127.12708957433,8635.6215129628
7020.37956233605,7711.59726989903
2463.15087374954,7610.3356353981
4996.58851730887,7002.22254832868
1894.2673769721,9206.46930707932
1345.79984154642,4207.93713886115
6914.0808682311,7206.3901351408
8487.91464213965,7256.89492882359
6924.45498111183,7424.79758191576
1241.43063814967,9128.76189732405
1687.70045938173,8526.45290630933
2130.27076063492,8686.49916242001
7747.42054705321,8083.4977231887
1518.63696964434,7388.24615575068
6745.02002535649,9059.70271416304
7988.13479439724,7639.65100776094
1061.77346074528,8444.48204115095
1813.24530310306,9346.02287156103
8282.7237038741,7450.00947941639
1538.03462036605,8882.2705633783
1127.72556396776,3412.22613279096
1112.22278789878,8892.92860708218
7650.17971248479,7773.74596446022
1372.85776473063,9343.16395727098
3732.89513267877,8884.73576173179
775.057464815222,2939.04724828224
1555.84507993641,9993.8223849122
6131.45444916076,7421.79558455901
7207.49866112831,6737.46871304267
7025.70841045855,7157.41600285527
7710.91472889526,7714.16648526922
1822.39573379557,3587.64352394461
7880.88273789507,7970.74277350807
1655.86930558677,8941.65581402698
6923.23746979762,7628.44038638033
1656.63004997604,3827.59022346376
7812.22857633463,7592.12591666572
1248.15141597883,3617.0704050973
306.987403898428,3011.96629047872
6339.66212322705,7849.99370391148
2371.01050553741,8741.12201441383
7236.20153831926,7592.97124353697
1948.53143752503,4095.94776770809
1306.76226467585,9195.24832215361
1013.00732739143,3409.68491716631
1267.76776721994,3580.31670356656
8345.90440498755,7678.24659744988
897.819703930015,9216.29053326155
1245.3412639484,9290.50860925151
7552.89502434383,7559.43009392943
1185.13997884742,9116.36509100677
796.471302959576,8896.93903032937
2296.52442549029,8783.89164264843
1717.17045907394,8599.65505427277
1265.61826597958,3399.85146132859
1813.23127088192,7636.71448986499
1296.20726700986,3469.14323260873
7185.07611850967,8120.60866829761
6906.95339327159,7691.47782149321
969.400928587284,3482.53799487063
7387.30632705513,7431.79530886893
1091.75384059504,3633.93537591232
7758.39468802461,7037.3348492954
7562.05917245483,6395.49544613758
7739.23495472268,8114.18011074529
3273.93067438829,9171.6205790365
8678.15175473521,6401.04545982049
1733.22490860388,9155.8561078054
8616.97014538555,6634.99319537495
2314.66213796526,8973.47159338292
7523.64923602815,8808.37625255594
2421.32095210298,8268.78247463149
7312.82544263193,7520.27591295783
1368.16113191046,3686.72538704627
7750.42824594974,7493.97848137373
7938.7615016261,8415.85207985676
1472.22188631245,8287.71431979975
1360.01289665032,9017.86888150262
6724.73373804005,7378.9104857403
2132.93391474162,8689.68470398563
1449.62220569273,3610.6340228857
8100.92206288393,7022.22280711355
1370.39275273938,8543.4420520471
7745.89583535078,7408.6953495798
1579.31348382514,3846.45788563199
7192.0114887454,7527.15768734025
940.443507180439,3318.2217597695
1432.51433051742,8512.24142234516
1085.83191221794,8446.44624566202
8309.82420002335,7498.96269793086
2024.41496817808,8835.4213833561
1863.0133340028,8259.47083946957
9199.77512734824,6744.95887886534
1580.18318749003,8518.28061928106
2258.22027058278,9324.5620291525
7345.51020952496,6972.22574109818
1067.82758066844,3098.64795990709
6878.03356145473,8247.73698768632
1726.96956983014,9206.7549272831
1552.91156810476,3628.17898739974
3024.88842408561,3398.12039424209
1169.94906034202,9001.82495571424
8188.57917242558,7096.1593407745
7652.94906909816,7367.4799590539
8234.58910750206,5609.36929630372
7385.02278389264,7743.46614827277
1630.22025384637,9239.68074069747
6495.76565242557,7782.30792923832
7520.51441845523,7244.10840971473
2205.85677103642,8725.35593630302
7777.75140739149,7461.16806099129
1976.49685280656,8876.50852828337
7593.59126951644,7428.81727589166
1025.18347764956,3318.7297142463
6854.60191866272,8481.04463589906
1010.2808854646,8927.44716163086
6777.33802620366,7412.09593441972
1590.45503652858,3826.41165093971
1621.35453059823,9141.76028865698
1197.27870318884,9189.24288780961
1586.11922551672,3638.73077280078
7803.69995492342,7418.96150356254
1618.31151955966,9089.14400947113
7641.27721635515,7909.09086079269
7715.61849934198,7651.33110101038
805.319420977196,2973.59839531444
1225.34884787876,3520.43699260765
1626.92606454341,9189.20891650003
5308.39771941623,4249.90089484456
8377.63494378781,6492.71677305116
1407.90147174625,8931.02344954981
1555.93703492186,8659.22645108535
1284.44279887507,9176.40066605138
7153.87375209603,6712.91277572325
1954.43385380197,3606.56147144118
2630.64161696971,8546.78988648503
1320.03459958085,8944.20118476892
7430.34228133493,7717.11105082318
7514.46098577254,7578.10888314323
1403.07535039921,3552.3527532963
7374.59717463403,7819.96576311571
2726.30801799751,9305.5589151615
7219.08635401414,7382.7584310373
5406.8544530887,7692.01252612537
6809.6948851596,7831.9806189354
1708.7799182335,9053.98605283883
7737.66465962079,8105.43903067305
6725.26168900823,6634.0469078009
1597.69880980483,8848.33634165147
8374.12570212179,6180.04915439675
1717.87880720528,3903.70472289363
7621.82665754704,8482.91470987703
1303.41007420021,9109.96535427654
7576.24471179203,7417.62658254912
2356.63004377374,8972.80610599913
1878.76132178929,9015.02918000492
7314.22656210393,6820.71885198953
7627.52338901069,7776.19685803688
1839.16452532695,3802.66814738747
7096.76160204932,6711.07972502094
775.44344696344,9101.96604874083
8053.91820882121,8467.10714403033
1320.51785197164,8558.89677961022
8522.33706741779,8230.19235423531
7775.70468247787,6652.76673380581
7063.88484953209,7493.2486401894
1872.542575088,9248.8093663015
1492.56400951766,3694.96481066242
8143.63104851434,7506.39280878082
1826.01391572896,4162.25322661207
8481.67122440038,6506.71266760335
1497.02075880297,3852.37819900866
872.395157175288,3206.24168763408
7477.04517489238,7611.87046394021
1826.71506962635,3399.04305475826
1090.08301166305,3294.21467221561
3527.78511992136,7134.07316688245
6186.56438399497,7329.98674399612
2051.23680411533,3648.49970895051
3710.64412385712,7821.24476577391
3792.46176066325,9179.98389231033
1515.08761626233,7985.98713460782
1259.48993037361,2926.35313229534
1082.13430785693,8050.5419385587
1414.21531558371,4091.55924308886
1517.48817982578,8318.30073259852
7807.34006932795,7901.94509194563
7483.39551238373,7308.69601479226
895.42446033576,3195.73083372278
8231.30490347646,7819.86437701793
1130.38051527992,9159.40916375446
8396.84374444622,7666.44010126581
7735.17256866011,6167.36658013307
1662.41141211347,3949.37122030924
5855.83338297168,6866.15631627692
1213.6197343141,3919.61001124233
7581.85755604394,7721.14202960777
1339.14822829827,9114.24959281872
7741.74754145397,7445.35794416675
8753.5773929108,6618.35705220694
7707.29078453542,7037.53702677924
1453.75796780698,7960.4777980173
7540.29494630732,6873.43808347968
2240.75174019509,8624.82255821008
7893.67382974244,7865.41348376545
1442.98687883587,9024.83960331212
7425.13019070213,8648.57107583439
7426.17942119797,8101.58610956859
2268.13908141942,8293.88277998876
7057.94927459106,7605.7383510613
1547.58291294622,9216.3795697029
7889.62710081781,7301.17630772684
7450.457981189,7860.22527796775
1500.70005633225,9367.44287149281
6820.5800097432,7409.67610602501
7089.63724754109,7276.04905393711
1047.98624355825,3421.09583440708
737.749334401218,3390.39649621688
930.714225673407,8639.93236440635
1488.53652387977,8671.26257242919
1246.20786731795,3872.54707991994
5380.89779527338,7005.07356693609
1116.09443667358,8692.52609861744
7205.62075512508,7297.92764397967
1408.24879932019,3458.13970292429
1042.63396556789,8856.00815030358
6958.73158769329,7651.77077951979
7934.41106559366,7496.46873450936
8852.98026411723,6676.88800591193
2204.39297256563,8182.8326099815
6735.58146827256,2967.76345881503
7847.48970303075,6131.61278252499
1485.69832805954,9270.20297981899
1876.97239872524,9256.41498921947
1243.33193813383,3503.05394570906
863.632858187334,8777.59268490565
1203.0283202043,8973.86677071701
7486.9880563892,7581.7061834534
7909.19164624262,8094.63919961055
1635.47917385236,8335.70021554582
1153.28044079067,9046.99856679649
6975.35891882769,6949.20786400284
1470.06010140746,9126.64207181334
1568.11196856412,8461.01400806194
7608.29262594163,7757.58729131521
7714.22211390521,8129.48848260853
7362.32192933572,7932.34178394178
8355.35962977964,6355.66153469684
2214.77093783834,9156.96661757724
916.959434900564,8947.36215749474
1857.5169580121,8814.98187422086
6839.81652999762,7003.35615428634
7989.86098199109,4845.09032793828
1991.44992478099,9142.41963687776
8134.03714734636,6041.64783377543
1127.75762070731,3738.68248036148
7255.46506029555,7952.71076291181
7323.33951812641,7839.64203678957
7470.4736685239,7775.78247949674
836.483304711718,3272.12054351366
516.757746433766,3113.91674457816
7783.9829645876,6869.5798796386
1227.79354601507,8972.35615264484
904.810604128357,3404.98403145654
8106.83781579391,6951.07874155257
7228.19231878111,7709.33270241676
7380.19907131299,6800.11701594735
7716.27003754391,7485.42292427955
1531.81411237794,9192.60130263074
8733.90637072024,7351.21650539336
680.150413366502,2999.38266807299
6080.87080474548,7641.137299004
7469.89675626516,8057.13672506881
2488.35703341698,8516.0334452901
7756.61266767099,7809.00432087176
2614.9780425847,8690.64205169339
3401.65642070863,4766.22067728754
992.27917163588,3335.99146770239
997.97580428404,4362.29345880785
7690.4767424084,7972.1196416354
1477.6070115955,8282.0896034235
1284.46999806716,3607.97384160786
8352.78890429689,7241.60537175385
2088.13243455443,8976.15063795528
7258.64991469315,7204.04928972012
1247.14403383385,4070.46467310199
1540.02150167879,4397.84092432196
1655.16546217041,7748.74229436681
1219.75373010319,8687.77288935976
7390.37592693615,8223.57721159893
1092.85476045064,3470.08863131978
1738.0965974378,9161.36384220189
1867.57309199796,9058.6354891286
1540.50300426491,9116.43533812428
7801.00158070472,6641.04898189796
7326.7726431732,7939.71809730812
1776.93384130121,3894.66486323523
688.148040353641,3220.46308421589
2004.9121630277,7988.03456816312
1904.23744852323,9129.95894224551
7601.98703879661,7099.22143447854
7162.40015480351,7623.83926493831
2004.27010337453,8900.55216595369
7566.54001215429,7326.28797555503
1556.0315475885,3822.36524175481
1078.28015504743,3426.21901008804
7345.52298870691,7891.99826906666
784.513935018811,3276.5559389426
1916.98109078149,8702.33881634063
7205.21701339212,8033.3836125567
7540.07810880925,8276.0930536389
7381.7431417655,7334.75181239114
1381.82631570173,3577.46831618693
2071.52891313048,9135.57572867592
7838.28921165925,6872.15557515132
1528.48726281863,7404.09244568672
1748.63637280743,3425.62486542337
2376.96631845438,7901.08607929348
1509.18601413742,8460.36052544007
7888.59023600421,7227.51356720988
1311.65694567821,3541.58776600273
1438.1504432672,8786.60002833238
8322.9899446871,7086.51738881516
1636.43279866027,3510.01410833651
6892.88097007191,6954.87457279836
1495.29914290415,3682.70504369117
1291.88761796783,3629.4103185271
1536.56819396522,4117.57848141164
6773.88067933221,7302.66466024991
677.879366904547,8455.7578581287
1684.97540396078,3505.78872549908
1222.50373608205,9102.72641282111
965.215516681235,9028.73272313076
6155.70360537404,7657.18568865871
7255.95583701041,7720.29071316591
1682.02335658637,9141.36817099211
1481.05726171794,9088.19583030871
8794.68042506655,7860.27265837424
8350.8820791324,7518.58433067038
1953.58936379709,3959.75831936045
479.849645666487,3110.2362619279
7508.15505144981,7747.83235616476
1871.94140562323,3841.46809930689
6856.24733028249,7400.21191585676
7683.08014073994,7837.05964666921
1376.28207417449,9126.53368884071
7063.44973330411,8144.50301864502
1205.02245887726,9492.24696321766
7523.53422117183,6370.12260676653
6675.84263694049,6557.35279969472
7407.05792317407,8461.03144194719
2058.11063060214,3711.37787218304
850.872381569739,3479.26340343327
1493.60963132769,3744.27506923099
7485.53486898612,7580.84052114915
7273.70486374374,8047.01695790142
1818.36295246234,9234.8592633487
7067.91410898862,7209.38460141603
1022.10537408085,3332.32139137486
1569.38984935921,3756.40273187709
791.402948088736,8738.97772962288
1396.27008142324,8939.61618215944
7555.8344874778,7971.50245672561
960.025704392809,3644.3287968638
8352.0190013114,7581.07470266226
6792.27580164882,8132.1242797051
7644.71130544471,7344.90234271298
7810.29189978678,4948.14715171414
7780.2447564699,5934.92997356622
7296.68708702223,7049.46487132722
1634.81163032811,9113.86098683556
2397.4022400905,9165.6181755404
1098.05021570684,8202.27653380839
760.567379689507,7872.33407079633
1138.07891872512,3769.39799259487
8279.14634521447,7022.91233021327
7685.23083375773,8178.03840305261
4885.05201165642,8945.22674190206
903.029566090673,3268.65900644559
1683.08841928425,3649.13667073005
1357.64139560695,3402.92793931037
7935.86850629153,8324.23954917826
7662.20663475271,7825.48451458607
958.013167822379,3156.00498376653
1782.9614859037,4538.29816225862
8462.29106748395,7636.65916665455
1076.69821851212,3454.65892608085
1940.85792753676,8019.0350007112
2079.12777098364,8783.55217553972
1139.12612188227,3589.4635238002
1848.36047122212,8999.33029582186
7183.06796393204,7132.59224802872
1292.5941884106,8982.71053426578
7504.86641960378,8172.05695930712
6827.66087845118,7612.82782919217
1602.90879535978,9047.89202796876
923.749948098225,7808.73962859176
1053.45610709343,8928.20245450475
1166.30051619284,4423.89223837783
1839.19710781298,8447.73116972357
7481.06981546552,8004.83013836216
8297.72225156094,7437.38934486549
7042.60196624484,7086.14691236707
3297.22834114595,7963.79626931141
1139.33639506657,9085.32451203636
7783.67686395387,8304.51358908426
7525.26841950151,8287.66276272336
1439.66026239563,8892.77459734486
1996.29424269289,8303.62898952357
1181.09757711384,3402.73076454623
1360.33711438814,8884.74695677508
1396.78594591439,7752.51937780162
2101.09944146006,7911.49714819149
1328.44164994937,9182.65470920163
1668.57415718564,9028.07683703633
6822.20144214191,7045.58305687578
6250.81651923459,7287.05188217204
1452.70339898174,9100.4130877138
1799.76326110178,8549.59039202661
1978.81714898333,9137.58840146183
1255.88588696551,3094.8951510382
1486.25838839169,8720.57713818092
1042.77182462442,3631.71271258589
2531.47017206736,3793.31103673716
738.177267524157,3087.42378283685
1514.16549297634,3664.23976785945
1614.02560740612,4479.0241549408
1639.93738435387,4854.66577016516
8530.0925541946,6478.45017542222
1097.6540474047,2998.62392153423
1467.3177679973,3546.15733420097
1276.89465486897,3587.27754374559
1530.09966879458,4134.86610721622
6830.92123560002,7541.26838276222
7591.75843119207,7785.37688223179
7411.5003255657,6446.99136177604
7075.95900134223,6762.70252862612
969.693946816323,3137.51715004012
1931.82147795069,8714.99165855976
1330.10433186595,3850.00478268631
8121.8913153706,7543.70385121918
1472.40845018866,9327.87424536437
5740.56777172076,6003.41173088935
7431.18073456613,8469.52426207851
1341.48323220693,9033.04272120282
1118.4345172487,8897.76252949455
1786.59594863901,8375.9573008822
7671.6976301353,7905.2418151973
8151.05360772418,7512.82829666394
7603.84136906281,6885.6055069048
1345.29322555712,3096.29218764958
2086.0513335195,6460.56828599929
1514.30811675518,3761.68885115497
2651.86172218024,8890.89219454439
1302.76261223124,9337.3419052934
1551.84823334209,4586.59512373066
2127.04802194399,3792.00683471434
1506.19764954323,3829.90352420975
6781.68292636009,6158.2497645434
816.076257926659,3174.56279825543
802.799221340461,3132.15325453533
7696.36411675016,8278.52376361974
1517.60597063969,3602.03493693345
8070.32555335529,7247.61182023507
1101.19451047076,8317.67246418969
1895.81176892728,9191.75022798569
7704.55134779704,8156.75543080327
1221.80215181207,9073.65249772587
835.186419129989,3693.01690221253
868.692162717076,3009.76107431374
1644.89188736525,9295.44839419523
1061.84270518887,3200.44898353902
1325.7098005577,7997.38837422969
7912.57956258724,7953.70465693382
8259.10247303873,7710.33346313816
8309.35750542964,8208.95064627717
7664.27272250336,7807.1103473112
8473.3351474386,7887.48447239331
6738.66483261199,7786.2620899179
7205.34570242546,7417.24637684418
1678.50160934534,3650.25838417421
1649.9203557222,9185.3563815306
4963.3496871215,7527.05186210365
1522.27521348269,3635.66330081335
7452.55084039145,6790.8449019413
1244.24866209065,3392.45549779777
2877.6154741833,8653.35649995141
6988.13054578749,7622.85188313551
1366.25851458634,9195.77808006852
1782.37908533621,8734.05364432246
7589.37361190493,7538.35460672261
1327.30935013563,3420.0631218907
6598.4334690825,8392.62454887036
1316.36478204189,3500.39551124012
8084.08750254244,7443.67559668544
1343.12757669056,8963.62691568403
1370.63884045182,8747.51580177406
1210.23674690301,3420.45899012397
7587.37898270108,8017.59818919402
8019.68434452904,7367.94936320036
8786.26179509168,7303.56906678986
1472.0935180349,9239.49554775941
1367.937461049,7688.10745703874
6878.12745082625,8122.57449352572
8099.1672655888,7867.16731525398
1686.67678521685,8547.61685984537
7390.55879873731,6981.5106942297
1360.88697630489,9017.78352739745
1188.95779383755,3156.19968730617
6801.13793719824,7954.77819856129
699.351706847194,3175.14252138332
1764.81235428847,4372.64635894437
938.525762710962,9304.97087267928
5337.75996982105,3741.76590721271
1679.53954649016,3657.02269689036
7624.14923239777,7679.19918472001
7944.67404716161,6842.77625939214
2701.94585751453,7227.78463731689
8180.2567676763,7034.90452449004
1535.85671632384,8936.86096607975
1586.18998174231,7205.08627989567
701.617906780056,3317.40638906153
787.099426282142,3333.50262361608
8640.45248134737,6975.52696447641
2054.26468466878,9285.94667448947
2125.49226150406,3605.49588316559
7035.44709744932,8105.95091971404
6560.050628574,7644.11867994443
1534.45242611256,7389.41407244286
6305.16344698706,7682.34488935556
7253.35960607082,7437.90574345296
8039.38776422992,7068.69395799156
7227.49078792319,7031.46480680242
6979.6255640712,7875.57026168967
1645.30327962787,3859.39614728953
8973.85971753866,7769.62982173808
7168.55265849585,7357.0262387777
1267.62284338333,8996.18402889368
1536.82337737054,9330.34862307892
9022.06290037417,7752.27920904352
7086.80802992856,7877.87057386343
7873.77740131091,8042.13014443616
7932.03761920405,7930.8091122619
7952.37912185257,8101.13937527276
8177.70285594818,6982.2531074151
2290.99608755702,9503.88380034042
1411.38708593808,8905.0769888469
3568.68061556801,8862.76336542252
6567.49553616376,7424.38882625834
1023.12240565417,3293.72247714899
5757.99285891056,4003.69704481862
7201.6346667873,7743.28681207136
7047.74815166016,8059.4431379188
7552.41946422322,7494.05801982393
8124.3980961558,7661.91162744252
1254.25013814857,3467.99858159676
2905.90816653446,3979.96359770372
1283.14683266062,8582.54828630007
1252.33320280397,9028.77707693523
2560.89772286649,8219.71581486329
1120.40159067007,3112.63015378504
1128.04873343672,8048.42141295597
1393.62450019938,4078.50583429765
1232.8764178994,9191.27552330769
7559.62677269157,8316.39795433135
7624.21855600426,7651.6867890165
7949.07550413853,7149.49712970607
823.747412764027,9052.60125637775
569.401939995816,3284.3912507949
1448.677611297,3802.54896486351
7327.34668838312,7761.93039693483
7375.55556845848,8278.52554019902
8745.23741347842,5653.37468650348
1476.71885407197,3782.97541618493
7300.53561732311,7062.83808196273
1082.7547336494,3486.47204246029
7123.38984622634,7235.04124308092
2112.74155638506,3921.62834433116
853.6792436575,3565.76146181989
6794.20332682603,7406.71922168249
2313.27628454839,4080.31362357327
1428.62931235363,7881.89752237085
7828.21224848666,7915.82132229544
7599.11157374116,5183.71477092969
7731.87734108889,7831.04460414629
1597.68586109967,3546.16403551832
8107.24827262514,7942.83570343994
1437.52016596213,8956.03558516387
7329.58877225773,7336.05070637442
2472.19526912385,8153.26956186422
1149.5060164417,3517.99141347051
3207.15277619445,9101.76674739384
9077.44340736588,7990.85461152507
7611.1761633226,8206.05834944212
7722.31331686955,7636.21494976265
1474.07693279721,3293.16272817427
2517.55368095751,8431.21367049197
8320.80668481208,7394.75541920252
4878.58095674235,9043.59535054864
1920.96047857052,8401.92819103187
6489.75281891909,7446.00594754976
7375.13048158984,7397.18020043051
1976.94380557571,8465.25074234137
722.6113008392,3025.74832224877
1964.99082360671,4083.57796808785
1534.89919532159,8961.55182004831
2843.18488906921,8258.95848918171
6374.04184914762,5960.04902583185
7346.77762401616,7130.31497068487
7822.10757559468,6009.37150921272
1155.8615535675,3386.75211659599
1802.18980958135,4329.17275116975
1700.39799407278,9112.16860577431
1267.9464946006,3309.70247719418
2005.03162089585,9298.67649994497
1356.71373134182,9344.47588723125
7336.98563709518,6919.32791398641
700.542134897767,2995.44128898465
8431.84846853577,7295.89584352912
1722.87450818066,9034.11527380728
7161.95976290103,7055.77730575372
6969.15945123116,6504.58553262664
8031.96845955525,7515.81648675127
7715.68728205726,7651.64327403173
6177.36115168143,7402.71054947923
7414.36211401076,7888.22076697876
7830.70967709513,7590.96672298436
6487.9908475208,7861.70916369302
8566.74123810398,5981.04366370157
1827.20900100734,8829.81746807116
1728.80321296224,3860.98595749268
1801.43106634696,9529.19125364561
9251.76206065452,7664.42116795069
1447.06046382374,8710.25953481383
1381.86324548234,3891.85331088266
7874.9221178538,7529.98779911619
1175.4377574323,9234.37092261674
8833.08299037663,6992.56968512797
1543.29157883824,3849.38985976109
8322.70875831297,6951.56861266708
7140.9307483815,7189.86332551725
1375.18433739954,3904.79768650544
1123.39133440269,3077.95748946668
1024.88640237256,3326.00082617654
2027.33252629459,7445.82041771461
741.509144809083,3106.46786611451
6987.58588191379,7965.11380332478
7795.91382155049,7410.88329146539
1490.36796320549,9136.91401327169
1559.53921628929,8683.66468096863
7707.96026309678,7394.41126693556
2621.88671212149,7851.9671889212
2425.01257677097,3552.08093648647
8047.9911226442,8286.18532609399
8114.90109035993,8237.80692541458
7286.23020900027,7393.44889242073
8204.03229114333,7712.45049744428
2562.01472227801,9472.69213648465
1056.88708903081,3254.47885011316
1904.01607419385,8112.94074484483
7747.05437008139,7350.99311426439
1430.87919379222,8928.74001852531
7530.71307995177,5221.00958248895
7455.8507427643,8441.24868912761
1623.60514822531,7977.16598965733
1028.39630635119,3139.24096237412
3926.07690909832,9132.07725181062
3566.94578123685,9140.78706912609
1295.65158355554,9313.58183049328
8177.72735656573,7418.37005017375
8868.58208580512,8147.62681909863
8705.88054269022,7599.23302901241
3231.73901576586,8891.40007652006
7537.99542820489,7579.73410649777
1629.05743953248,4192.96927654255
8197.73262599364,7419.79519028361
2072.87908020742,8431.54084402437
8322.80245078986,5574.59349514236
7627.68827657238,7450.917361946
5803.34658984175,3640.51042964948
7610.76734342302,7613.87548215916
1403.04330999405,9178.65557238001
4823.27669014575,6547.02224199974
1486.51887199515,8318.32238215363
6522.12055905157,8070.81771739765
6057.17531038873,7781.48891941076
8274.686150597,7102.70074826867
1807.28728125557,9106.3594659599
6223.56505427089,7477.72759073493
1978.64455574776,9579.17587578035
1595.41145470647,4081.75445662269
1154.12804893172,3773.79700109055
1853.19709342979,4201.55352214721
6123.08542238294,6464.35762598117
1218.01135363208,8928.98253614382
7487.6396716175,7867.6631619265
1839.41327400719,9407.67350162211
1215.3657315148,3812.04873234275
2439.6970564643,7933.6148563228
1700.03261841931,3693.05880448314
7007.99822439404,7305.07208598306
1077.52634418519,8159.9399838283
623.97752422469,8770.29199307471
7026.48706990728,7387.2164509469
3091.76865558042,9214.55575981425
7801.31837441689,7357.52744242821
1635.44546880609,9180.45123508468
1478.53165124985,3468.2412590571
2535.98612041307,8493.51810741495
1479.83977683802,3803.01860227475
7024.41420704852,7579.4658396449
1148.61948804816,3639.62466515329
8301.63125203168,7435.30364309976
7404.29342050251,4525.00493421179
1834.78980621443,9004.68518615469
1515.84197793631,8940.88164648103
1655.98979960691,9097.06361066719
7775.59655293265,7498.69691533611
6788.81878370166,7758.55739652517
1096.39133609134,8981.8578887911
7298.50021260788,7212.40582173089
7697.45152079773,7468.78140724365
8898.77708689102,7742.68372400985
1520.3228080566,8864.94598746278
648.878377238963,2158.30206292998
1492.16746952141,9078.70316813191
640.211689857401,9068.25774548453
1143.77878057438,8280.9701502429
1501.97028375322,4014.4596998548
7765.32643256159,7960.11605271245
8716.66867554169,6865.13814371645
8442.13710782551,8208.96611140333
1314.71531098434,4019.56907203131
739.933329934702,3146.57550781911
1525.79284903755,8962.94188197317
6500.64519350994,7741.31256271184
8252.18016940262,7221.57409106671
7810.25770956145,7642.48120534831
8647.31847162385,7958.12575207545
5855.85542533817,7484.90621761952
6427.89516876013,7600.64436432706
1789.08794959137,8125.85918986202
8134.69965976511,7320.32950490762
3933.00407725036,3501.27681690893
6955.06476414013,8102.63411307396
8775.44143688894,6615.88453105323
7480.79130891499,7593.96007880459
6727.021438335,7776.32829648768
1309.55454966127,3560.47020343006
1382.67830082217,3312.06117707056
6438.5396677354,7665.07437313358
1783.16202728491,9195.43589062663
7752.31501118941,8065.32139710987
7266.59528761171,7151.57079253621
9374.74196682784,7679.17870511302
8110.08112783287,7142.24757523014
7583.64557568389,7482.25144981086
6985.13885819814,8096.17545294215
7177.7128086983,8030.72316821261
1210.20862461301,3407.80229319033
8781.556992143,6991.77258548898
1676.98941024828,9309.35240579445
1191.67383149805,3272.90516081122
7670.00807083606,7299.30422926838
7798.0139589267,7514.78762203289
1541.98950619564,9133.10133962304
7778.65022700682,7031.5192381606
964.927546961297,8737.51626164548
7025.03221238988,5853.43063722074
861.696199134749,3012.13417988089
957.742328815911,3463.62149865705
7338.4307076168,7657.15211731835
4682.07308573813,7066.43964426873
7942.79558231214,7352.38593745829
7292.30168975289,7845.23760004059
1257.06545444915,9346.56282900921
7191.4125447821,7607.80664148528
1440.73976407216,8827.57333291236
1162.78574911027,8948.29066413121
7785.74510415784,7550.85862937532
1168.19284659249,3879.31015677553
8633.20466789693,7291.82422751738
1561.39881842662,9347.13930518473
6410.20326161265,8094.74354069746
823.479454656038,8728.19346256781
7079.4068470581,7391.9482978714
1186.18799986829,9120.78910734908
7775.16310188316,8423.4084189987
1806.70415991026,8139.95791728058
7418.31356745008,6851.00497344385
8163.1685131197,7245.44303555239
7584.06816063032,7398.22499362074
6157.20946990071,7594.36930628238
1257.50010039052,3234.77760822143
7788.40186975965,5999.93339298935
2255.35990866079,8584.72024816565
1494.93245173301,8014.70531672788
7315.55060416878,7664.06995307493
1191.44765342497,3173.00339385638
7178.72924506034,7477.38311781984
7691.84793553694,7801.50754945493
3112.56540653602,4810.2490720373
1390.30885516696,3469.97569696182
1204.15244149277,3447.98979352844
1413.29523922913,9007.3710265258
1506.1627761146,9151.06285043427
7800.00895954638,7575.52910112702
1163.669213159,8951.38886169616
1642.36611789498,8886.34428199314
8021.89776275947,7665.13280798332
7201.43864297345,7061.46936463485
1511.06868151644,8800.05690814518
1902.41185364317,9058.5668320163
8519.27099472192,8361.342605622
7667.78374960673,7754.15332382763
1629.98523454458,3086.88042717077
7141.93666096859,7489.23817667427
6177.34290943559,7767.73374299591
2865.11420218144,8864.55093719983
2613.45324828313,7766.28121277375
7755.78986337208,8125.62987540651
7641.93264834224,8045.13721577552
1100.27679883743,9069.96490623895
7576.7704279234,8511.20419477537
2077.05404370368,8649.13770897453
7343.08653452867,7479.23121054971
1881.4025796791,4189.05074019453
2048.65614756596,5386.5402829397
1902.13034851285,9043.86780320856
8358.82308091863,7561.98543451505
1389.47265519695,3765.08492808042
1438.46735890146,3812.37467651862
1316.81430504631,3326.63409071892
1344.83601956549,3982.23260756968
1109.97007311053,8377.96747552926
1759.09331723653,8848.04260957619
1612.61160990961,9222.6099698059
1853.54586232097,8698.5813802509
1934.51126536049,3686.60245645363
1070.67415752988,9138.21954313988
502.446951385703,3193.81239067332
2299.66541214389,8258.99597199382
1594.65483681666,9157.25843359031
1592.30779659653,8390.80192110695
6702.58506251383,7830.16395456126
1416.03277301968,9040.95457638237
950.102826338197,3216.62382254083
1771.30517779414,8189.51139473467
1645.11027286607,3946.80395295346
1892.84185924369,8935.10221855014
7970.37197380741,7815.07941715277
1429.35364335314,8327.26000974244
8312.99579133771,8385.90315362128
1638.4387226053,9145.62204997104
1523.24856421343,4937.29336117132
1257.23330179671,9099.94701840075
7416.4944747392,7996.94502703185
1017.90740697509,3189.94163872439
8207.20321800707,7249.03466554174
7294.12821624657,7519.93779187284
2348.98114254389,8123.91255278385
771.185659332093,8637.96209533463
7478.4628821028,7206.25004072644
7141.5728296025,8265.85618896789
6563.60332217008,7774.03186116169
1685.69507639039,8607.2402970062
6670.76569977456,6474.56297868338
1415.78601276873,8970.20506774194
919.989374851902,3403.32640967909
1311.0352417438,8041.4033372825
1363.23477757751,9031.52245783316
4360.69194266928,4035.06430050727
7863.741436494,7402.22061765688
1095.76834838666,3456.75929237793
6654.27025059105,7055.63522683731
1378.44863271222,4426.00724717227
910.197377138044,8824.7940559679
1930.83589588339,7752.08801706513
1329.19781089524,8653.4389136784
1476.37296748072,3706.04774645557
7041.72167326411,7759.16919966319
1078.20556167964,3309.76895587972
7243.05901621022,7384.89958382236
1428.58686967736,8993.42905184873
1582.13357033471,9000.21836562378
8100.88989987026,8087.92870020262
1503.7141342867,3393.41086295642
7722.80014131145,7422.44738162122
7780.37363899244,7418.0548729183
684.356467367708,3036.73219181032
7174.80977859803,7710.19858735381
8001.1504023747,7441.47444635677
939.062033168868,3207.06788185757
1203.04836857074,3180.04108922828
738.090626804591,3600.95102460897
1269.99965902438,3878.03357102231
1275.99160653589,3645.8056082404
1079.2799715736,9127.8403911668
958.523706597839,3716.46087609606
6906.79388779341,8053.31384785412
8091.56412839939,7737.46141812461
7483.48536678719,7852.89167670638
848.630842486388,3257.17473792302
7582.21746771165,7525.25445610998
1162.08009938874,8753.19048746097
1559.40727503811,3742.43600644941
1395.3542914221,7788.51427217243
8490.5801145731,6487.43710064292
4781.32422937054,6861.85399386918
7632.5878875838,8093.66978411271
1239.83247683347,9335.57718744087
685.181044443014,9092.77695559416
1201.38218890521,3193.28566348776
2190.9872070562,8478.86755737888
1413.95497950106,9167.47753605316
1288.08080832937,8919.10464811527
6897.94836399939,6992.95465863046
1109.19981016156,8949.47738470073
582.909970242902,3114.68942422295
1719.59285085285,3497.91696041487
2256.51227431913,9130.96538181332
6803.8238280134,6664.40227149086
1665.07882262045,4134.14327261157
1875.26726181534,9250.70168463979
1689.29745350372,7812.79706855519
1269.09223565242,8570.74767673471
7681.00203410682,7330.75527353575
1175.76563463847,3452.21319860594
1128.57269046413,3261.83956436156
1631.53870535188,3828.40734719363
6853.60089305045,7317.64278119897
7871.05491069981,7673.70282433775
7387.70516405684,7237.79323730593
1458.86724943839,3965.91312147242
7193.92117950321,7280.34221583904
1283.61632853938,8634.95956144391
7095.78418156535,7726.50118911058
2737.01486692508,5348.88849402022
1387.46948301586,8791.8892523205
8195.98286444109,7391.09287569687
5910.99678331436,8594.5910984924
8796.24903095092,7918.66693831671
1373.48569355325,3161.42988023842
7491.39596486084,7169.1086681091
1393.45357920631,9124.11733240895
8840.49573809225,7970.63073626819
1035.20857300384,3368.18528313118
2419.0484483796,3996.74619207398
8687.34150331088,6653.73153337612
2541.99965933124,8808.13323698868
948.585694291931,3131.8902067725
1513.00453531057,3653.23953406024
7737.35565233087,7808.31770939505
957.965497532361,9005.91981653253
1696.38045596229,9201.88550360209
1617.13973927714,9193.49952894321
1352.96478646593,8637.41568651849
6823.89296877536,7191.35645217279
7610.5099497902,7368.93879727566
8022.34206661069,7997.09621187155
8451.68582720643,7705.7551552544
7927.59943567695,7381.77683594972
7304.00778737039,7022.82225746521
1329.07186467595,8213.53954850329
7283.64112854412,7730.64922488777
1313.17125065053,3879.41723770552
8264.53254440081,6635.33786998361
7815.9146554269,7953.1109219058
1586.960833423,8898.80437159926
7510.40419879589,7052.71650571875
7874.06965521769,8052.3446527554
1406.38618734844,9328.45811431592
1366.06751429382,3568.99376753242
6383.77123030217,7307.06232035503
7764.55196474909,7560.5184810067
1047.38273826125,3476.11662458756
1962.94667333691,9174.94999426207
1331.91575715582,4484.07037422427
1957.79068084488,8735.43661747222
7588.81971873073,7492.9586965652
7795.90813188878,7799.98068967327
6698.64616052927,7422.61427394431
7504.54970626981,7369.07101342308
1627.20437339482,9285.45631912658
1488.4143952224,8976.37251370344
6781.57035097126,7261.14977658337
1264.66608623716,4085.85648089911
1650.10519766827,9117.4813283921
1608.27396348722,8622.07814138094
8329.12936746701,6929.24979071108
1468.44418216018,9107.13662202459
1123.13503118469,8017.14343532024
7120.46124654652,6009.44904277813
6606.8734648116,7319.41221244528
1528.40600561738,9138.0543239256
7549.03831623984,7037.13265758001
1413.00584103809,8939.61612789487
7215.90968403899,7744.43937604385
6615.90521643381,8457.45918934884
1551.29991284343,3684.03144537731
8970.80830824823,7648.2979225291
7550.00538451901,7717.75117634426
1734.56420674853,8835.19775654854
7310.22024684862,7764.31409440873
7717.5789254827,4053.57603709263
7521.05022489453,7522.08234613011
2472.80846651748,9213.02083305352
1516.04559904381,3532.55937097931
918.464923822239,3352.32650680264
1357.09736291144,4236.43996608113
1754.73544799181,9060.41613548457
7516.50199715421,7878.0963855717
1262.69341991697,3616.95355624441
7202.45757320025,7430.90442818298
7424.64531834346,8089.03419811707
1959.63048694517,7871.05318929996
827.674305530847,8724.84197144947
7510.26962335615,7913.2525661219
1400.54955980867,9005.45075205623
8817.60608449106,6481.2620898083
7951.44360698344,6995.0083927657
1572.0700807211,9237.75268647264
8531.70895170912,7949.62637825066
7483.67216405482,8220.11878760709
7967.55046833396,8323.96156721331
1844.15719343176,8587.78869048205
6209.48849302503,7495.26328587881
7104.69818957774,7366.10242485669
7769.54954467154,7128.96621181221
9084.38034116803,7296.92495355473
1588.36908068351,9072.6907078938
1741.38789968937,9151.79719508991
8180.45310965547,7846.13860614156
1114.28509866886,4128.17471486199
7955.57859397748,7367.67891882994
1848.05707313925,3825.63463089205
1090.58941004193,3402.23994709476
1266.22608744651,8681.46692396043
1653.66245292299,9017.36850586588
7124.65748973502,7316.89781162592
2104.0291769622,9003.67278035228
7862.61590256356,7706.2210070048
8047.8426828585,7820.90566635441
8013.49726572754,7110.08413633019
7902.25806203402,7834.87606795584
7466.97143205133,7544.02238303867
3033.09146965732,8426.56591098696
6793.98204524915,7637.93666672477
1352.57528872564,3576.91490926068
1457.48220522112,9350.54698612052
6700.73210290642,7077.09872274895
3959.44757334497,8304.2905494258
6697.67525175066,7914.92165373825
2336.80399387924,9664.45646403459
1054.75250608964,3573.59579549039
846.287517943021,7917.1374754129
1279.20191848447,9270.72075223061
8284.2140736165,8291.39544458396
6936.13995178887,7886.22059945848
7937.77590094753,6179.23488560206
1618.67294015642,4378.91197866956
1570.50184315103,3281.05826067888
6550.16596626672,7798.36055628696
2043.95182283677,8784.67409902838
1356.28844819915,3572.60364410459
1014.77398723778,8983.91932044566
7601.81083099033,7735.25630475002
1622.77519629641,3865.8185325687
2691.45757795847,6394.17974714993
2392.59426800715,5675.29669656266
7878.10602000067,7417.32009238466
7418.85522179868,6774.17578326246
858.411953677121,9078.83260693627
1904.72398623159,9214.76301013451
2180.09038734097,9698.14727195372
7588.7739050675,8559.21197022009
1659.80996222575,3973.98059949367
1059.8509107778,3323.5238952927
6231.7236602604,6969.45985650703
1479.38196301176,8772.34658542054
925.540875378735,8102.62169484185
2228.28486960656,4366.21697195566
2129.46578961733,8586.85199341696
6144.14694508193,7418.74241579094
7502.35814519677,8021.94767053552
7532.08902001789,7726.32185862665
7702.35679729047,7254.46632634701
1154.04087859309,3201.51901158301
872.553492897538,3442.93604995328
6947.21672671996,7889.24618571858
6493.34571335602,7689.89524338915
1345.877706164,3558.61541853297
6225.22976718661,8978.16767486845
1519.90240546636,3697.59889946446
1338.27627584047,9017.20185409202
7969.09044439651,8250.49716094199
830.508352556071,9114.59972100598
1226.25549910608,3701.51244409134
1578.65966613975,8201.47510159599
7523.59879461433,7526.12252598192
4008.00624386834,8287.84772814874
1033.78713740955,3379.91693228606
7405.18864293079,7484.75686334184
7054.33074153098,7732.45377449336
1214.22372898928,3507.17544061192
1020.32867401729,8721.05240334513
7525.7556054163,8371.67934831263
814.033449572079,3386.46777977593
7613.13754420618,7185.27306202778
970.330792199093,3892.08297205392
1389.19508442503,8481.01592496779
919.574686547987,9355.88738806255
1027.70052316934,3665.69360472367
7348.02177530393,7822.78769524169
1780.7387984372,8755.04595210988
6742.97372638446,7077.74170293607
2389.43934083816,9156.4727240347
652.602593979484,3184.16651415778
1089.43416812916,8927.43259097678
3321.02231203969,8538.79565386805
7456.1872544591,7232.05818732598
803.963517808075,8367.32810353309
8170.8444866645,7715.76569221883
1936.30731771993,7985.65122729151
8118.20931133451,6080.70480329075
695.065993061574,2923.12734593678
6567.60202009592,6747.42231345308
7887.17088777371,8297.22195227625
7712.56431311435,7864.99764382746
1338.60556142525,3682.27702647233
1217.03041664655,3788.11177937964
6736.89533002909,7662.99474314843
7894.00535629255,8067.03459658943
7462.16457242148,7166.85303122424
8411.37096164852,7698.37555909656
7094.54890125232,7955.3027380364
2003.80113769799,9201.4452248556
1620.01477022276,9152.04465342936
5818.94926959251,3479.51247265011
2256.14774510831,9153.0535396782
970.734404858253,3429.77058710624
1730.40475881508,9140.10743405181
2341.00348712751,3771.19377084168
8709.39356559227,7786.68676553737
6042.90733637697,6565.18902956786
1351.54588379554,8385.40307765029
7174.07825927715,7585.82473862861
1517.7027149267,7693.6763226346
7428.23595333341,7280.15119290921
1238.65752099411,3630.3379374583
6901.3774301928,7917.90939194491
7006.37706878991,8270.96045150482
1794.63280225132,8974.07070305109
1915.18627876335,3608.8612827879
8962.63167526298,7028.79717204855
1537.04646885976,4069.46195397
6029.27728865021,7935.54043950681
1407.42726219554,8825.898000319
1499.61151678397,8892.59328954488
3009.5844727472,8592.07893454434
5649.84363868464,7057.74947565898
1694.62583437471,9373.85814154576
1223.70623136211,3621.16191964018
3347.91534207078,3536.82253817909
7680.36144596934,7977.57978389418
1706.75338676991,8568.03571080476
7032.39847473759,6990.43442214005
1401.61543534381,9050.82859425278
1250.5562686334,9015.85409793017
2020.0075743124,9094.31803576754
6179.76722483139,7247.98564163032
7275.52731921192,6713.67041156181
1239.32311393067,7901.99179422922
8595.06539620834,5195.16312877849
7358.12065801967,6969.20470144446
2371.97996681476,8773.73826303274
1820.29329204099,9312.26917414119
1668.49082522775,9096.38760696548
7001.39607045236,7615.58048643676
7823.5475864108,6263.10685499082
7492.03719834966,7414.1574790382
1559.3787055176,3697.4048430252
1410.80902159482,9415.35637210824
971.272182264068,3230.49649600122
9097.72532368759,7702.71088971301
1217.75944976288,3406.58803682488
7330.80325409756,8236.2596770071
7970.45935784658,7801.1953447438
1377.75573414409,3424.53883481716
1022.63753784288,3043.47220113151
1191.37425193433,3430.60107650832
1075.63275450801,3551.99431953025
1290.23853911357,3492.54158171627
7518.25708445892,7952.72044904629
1152.66204111056,8868.29400023369
7273.25944562393,7535.50600039554
1618.24199009951,8960.31575806092
7897.85912955763,6570.35618178051
6696.96809669805,7653.35570321082
1464.8894679616,8428.49610928065
2139.9093563906,8405.15091106377
7648.76761371111,7803.55807075233
7313.45984902743,7492.50797222387
2754.76612252748,3951.16672157978
1097.06380107732,3258.00626989273
8022.10076575503,7871.47124550089
712.291001529774,9238.4980288914
7738.88178381954,8398.335792645
7842.35949757605,7689.02436305907
1314.98151746012,3321.03051283625
1559.63466439355,9134.36475071711
1066.18254087694,3746.0135198021
1281.74978861867,9220.18867690044
744.589966648647,3227.84714522363
1653.56426428204,9136.30379990556
8439.06070320931,7820.66768370208
646.14981846649,8872.96543902896
1616.64117020713,3586.06157209886
7864.70355876416,8034.94186793955
1947.45638788703,8821.99764856992
7703.74506071617,7424.38566501749
1661.95264971657,9157.97058953597
2186.51700083447,7736.91910623077
1860.67479116697,9139.00490225848
7792.46216392311,7120.59836331207
8879.13915189838,6612.32811406779
7812.41653763791,7192.90825460142
7568.28042235464,7307.39505405876
8655.03942931593,7002.70749356089
7903.00630130475,8094.11496733867
7157.58643056364,7105.35742187885
1851.20316126078,4122.5342018029
1444.22990053689,8975.24592971814
1315.45130298996,3824.88186206308
6713.00693880047,8392.52982898478
691.815907115687,3174.1337522634
2116.91827875192,8248.68134860708
7723.75054603405,7929.05634705618
5804.42826852698,7261.94693846317
1686.30359606705,9274.80832881864
1097.81617305504,4571.74707610608
1335.57412418222,8627.34703164475
1750.05666435826,8684.72048646549
7381.62200187627,7589.63750191728
1105.6222706287,8299.90936349257
2211.45274619664,9116.39276257394
1431.65468389008,8521.05304167557
1042.79949862321,8799.75349221551
1210.00979772445,8513.53972206742
1239.58345581017,8941.93679451977
3266.34016566569,8779.19474620423
6304.29274594357,7186.16303528072
7936.58785934082,7017.16740940551
2131.27921406859,8713.90080934976
1767.22218649334,9083.68243870952
7606.30384184672,7053.03926339099
6847.7122482484,7049.13577038669
7862.0621311168,7700.89214111874
783.79891517035,3396.86037201668
7796.00992587007,7792.34487319276
974.076954729349,8542.31704285264
7340.12946700468,8069.74788470282
2039.58550713186,9488.66033522882
7324.72134526198,8132.16039151184
7732.0988832774,7756.61128072159
1065.90186271283,9259.10397890044
6329.05396728735,6940.27263648065
7000.52370513365,7770.25943760377
7962.75201498838,7437.17039877297
1615.45966507933,3653.85536010038
7315.02402371889,7028.33225730043
1208.68546190971,8962.64580091811
1876.1597695351,8848.59420168501
6859.86064607588,7839.43274491893
1375.21331257653,3421.32989074833
1305.26738410104,3350.03384838456
850.448064232259,3488.08215865767
2217.60270680926,8726.64775105719
1497.2059296226,8922.11919402542
1178.86502461832,3582.38267498717
1633.84522420535,9067.36684968941
8139.95009539179,7641.87280307303
7906.28507174632,7369.02959997494
1770.65128851719,8055.26147832849
1296.7208932038,8449.65474801732
6556.61302518207,7862.3964938378
1983.90549296359,8954.79666419611
1334.33711752057,4462.78357738869
772.668553923415,3249.04811417206
8375.84206085417,7297.9200730647
7526.83434352492,7841.25276957855
8316.96908631907,6048.12577551983
7050.20933956718,7146.37222422265
7293.7328651982,7420.28781760927
8006.58121557195,5768.81407667497
8235.88487679552,8026.19877872829
1018.18861132672,3575.84611511017
8372.57608145426,6508.07371056228
1260.63245120939,3073.2732981296
8123.28742708908,7367.1589220793
1515.06902076369,4036.95298142774
6818.40624903599,7855.81327557505
1144.19589499441,3645.49426343317
1194.01209520811,3554.68846327086
1013.60721023063,3669.41396238613
1702.01512769472,8976.4712106164
7802.76664876548,7593.48384388413
2070.0374095617,8486.27040683933
1874.16791662181,9147.42126884173
852.7556373933,3233.35907222352
8422.80036289817,6853.88003693798
7134.73325584342,7472.95081753702
2435.6274312395,8486.88515006198
7894.91150385097,7377.173347066
7809.02649025955,7121.82311417429
1525.9340286318,9072.37534191788
1824.2141578829,9104.45133377092
1008.49238734061,3418.59462850309
1261.11036981736,8509.63107761239
7129.9362336723,8153.69203425767
1806.96076951298,9010.86553395141
1866.86937679043,3722.29498791823
7400.51830731638,7847.54661558343
2115.98354024762,8506.68601165036
1842.64428559232,3855.41267994131
2584.37827259801,5421.70618646453
7309.14894631808,7862.74766799646
1562.10963187776,8919.40604001687
1208.43245186029,3816.13127142523
1187.80651841602,9196.33246304271
2618.06378066343,8924.2885234584
1415.01582092102,7954.40188836268
8257.44822268777,7386.39372958587
7206.66107773541,7804.33252544129
1866.84240456944,8814.7352397593
6583.55634638034,8023.02377042467
1623.24749641911,7631.44508421007
7357.18104280964,7701.96547429562
7251.41851921004,7866.28337873456
7187.18914348254,8017.88031857808
1261.71996126474,8615.28164971084
687.497076395994,3111.75542359764
1401.78328937738,8600.97914783942
1354.33667974692,3687.48982249635
6907.33949505715,8074.83739133874
1787.66904765419,8643.03653091259
7838.92810808296,7235.33410521286
1489.77687933492,9158.23400398746
1242.57860206923,9193.73921077714
7007.08604183065,8035.80178112696
1215.44187167715,8720.5642633901
7367.70179488455,8004.84254941835
8110.96266903779,7580.58753325474
7781.13221449196,8093.35640012465
2511.06972705713,9207.49545326294
1645.74002195443,3757.34685787373
646.192910707001,8357.83280434378
6668.47104526587,8248.8510735615
2364.61933424229,9052.53157728395
1573.26806171963,9091.17286817861
1154.1044068746,9183.0578807642
1813.61905867999,3850.94736041215
1664.283835043,9111.73392114113
7455.79773931755,7706.27216519298
7212.25041132733,7312.23476665741
1825.81119978518,3886.10099221597
1240.42000711221,9050.38311347326
778.031761806172,9071.84185537114
1626.69604242571,8546.46858206181
632.898714705982,2770.23081901421
1951.736337488,3816.24787637095
1239.83207965222,8922.44105898952
1171.22758066256,3727.24957837033
7801.77230059883,8483.96166859646
7995.00542743306,7974.4148984259
1165.69968311887,3134.83529203275
1055.06473995098,3786.87790823906
7124.51373044807,7400.62522322108
7730.17975912657,6322.90169696057
1298.15456438678,8336.97585718077
1371.31430436875,7500.33066195282
1219.50991399039,9027.12226790893
1582.73834035007,8685.37138449063
1589.5158768247,3448.90554410069
1140.18258621793,8970.70751190885
7044.65501544654,6244.75197352771
7701.96522290645,7320.4603682304
959.73973869266,3148.5837061345
1232.56957985607,3520.60946767
1103.95822894812,3697.17613033674
1862.40765715174,3524.02041676312
7515.51842982927,8007.77813995433
1162.83928475017,9047.39741599798
7201.54241292341,7246.98403645686
7342.08111628975,7927.76937927091
7259.03646866417,8172.6528119984
8131.77489842137,8009.87879334067
865.741082425972,3035.63790455504
1034.20574181517,8853.98174268428
1341.16755061671,4052.14114088331
5671.98424824621,6017.03938298295
2277.10326265332,9107.79917034769
3218.23405450711,7553.67599523565
1976.11295069481,3852.54869379431
1813.24908479108,5918.92853546833
1698.83359212375,9258.23740826013
8330.53554989725,7831.27422511607
7284.42190478893,7453.94483489022
8123.63344204374,8446.69921527204
686.663528004322,8819.24712523761
1094.80773461348,3291.03849333829
8137.21782040984,7505.49665878935
6863.71480857803,5830.09399321231
8416.41198530808,7586.63087548958
8043.68571798234,8245.93491801211
1642.48759987239,9022.99401229576
1253.42011233886,8687.12240286723
1253.57277521968,3231.84329007873
1433.95837211973,3411.32871425398
7744.11064062236,7410.80791943378
7209.64648469395,8592.39067075183
7808.85497059987,7551.61943676154
1387.98905084248,9022.17174326485
7248.15627334542,8498.96180961057
1285.38655676373,8716.84412414614
1088.96725301187,9130.89891573669
1515.46123969564,3747.89857492825
7834.16282080628,7983.08904731944
1545.12008212629,3860.51891894093
6133.58632100627,7636.48719007077
1352.79351474964,9157.05290834714
1520.75727379229,9269.17940568742
1718.70474832035,3615.46922741982
1624.76296280089,8876.70102662226
1410.03882214262,3524.04805239242
2317.91889879157,8828.96246995831
7654.4210749849,7702.9795761692
1033.11159910813,9250.12208058584
1049.79182232112,8993.20377381181
4773.59296724492,8910.26552645228
2058.1174743621,8788.62948657766
6851.33100535133,7851.59592138604
866.022968243488,3349.47148374962
1394.04361241003,8935.56351443178
6099.07837186141,8859.88048156654
7653.86377558968,7454.1289767562
1380.26537899165,8804.27921982468
1275.85392169592,3818.22942987793
7438.92022316796,7583.90430028478
8927.53811514939,8499.46537372783
1123.94811568326,7705.45129842533
987.772411545404,3092.36226104308
1285.5326068464,8848.8232172578
1678.53173179995,9194.16665849147
8435.08158895337,7873.86332119865
8357.20464250922,6492.07672729965
1534.08815858409,3763.44008447461
2907.70656542991,8112.04852876058
1312.13950999207,8962.72950012206
1861.80007099368,9231.68687083313
1286.74820190174,3640.18928779546
1429.10061117549,3854.98007328461
8173.50918048819,7874.40488297891
1319.30087934634,3692.20114203584
1949.48349149615,9242.14398070871
7286.29311244997,7063.47131326829
8499.2427694381,5459.41798887235
1562.57186124875,3637.92032622382
1049.47508739786,3410.91392594521
2320.20842712004,9041.51164613992
1931.31814002018,9009.42337670722
1159.91055940165,3582.36450845513
7987.20979867103,6867.32452670384
1109.09948900995,8942.78975867713
7919.07650939528,7785.58735580522
6900.09635189035,5496.86938451575
1252.40452574788,9001.49180358281
1343.27193088363,8336.08676423694
1501.38847869639,8331.90993234027
1523.51725470316,8915.10228578666
7037.17769733812,7086.10706245641
1716.75391115659,4197.25282593715
1346.34842551292,8134.2514446031
982.965064305507,9293.00806879362
1846.51068152865,9802.94536042214
7657.3886045696,7160.70893680915
8449.42850383479,7740.38806248212
6805.99110174053,7763.73772844057
2098.2424817724,9032.34573485132
1086.18535662159,3267.06444209268
1448.09059904581,9178.39079422821
1741.10669975571,8838.49024212528
1160.00471709013,9261.4315807544
1532.86496880503,4144.68890721838
7516.12167611277,7783.16653743231
6773.57792610873,6364.277762406
1942.73704184965,9109.61565272212
1086.6517368124,3339.57191401138
839.384081136965,3420.09663618148
1360.33438115502,8901.8994709598
981.66445356022,3278.91056899322
6961.87733308881,7486.95269764118
7063.02314566659,6329.15910118888
7189.75072344537,7486.21832560816
8304.66796372537,7307.52251055779
1164.42311464913,3100.17296793598
7729.36640558119,8578.93850456034
1686.52854368339,3510.68974223695
915.163163121057,9032.68067649439
3200.12936888364,9067.38157885217
2078.79607037536,8443.11842118639
7076.68972944169,7691.25860773082
7448.08365972071,9475.35308058752
1273.84055015959,8703.92743137817
852.038118190413,3434.72759445146
1396.42320903723,3696.86123828451
1222.00033159135,3663.50766064527
7929.81975301603,7913.87456529516
1595.76005131672,6301.39395179688
8134.79830292454,6890.31054385788
6517.51958436997,7572.55665270701
1374.2919162604,8950.29643413651
8561.29107160315,7850.95971124268
8105.841500013,7636.73271791539
7454.92099318025,7997.26893873495
7254.63056700944,7898.5729409142
6913.10744523824,7684.6778029001
1031.0826878618,8829.50403801946
935.685219235432,8921.47669764783
1388.19714526633,3731.34679098746
1506.79810154833,9262.8426691622
1200.65151759289,3842.44055492705
4658.52464240206,4120.00368411071
6790.2249782739,7867.82780372823
7814.8795506053,7215.57036751568
2617.11535573137,8417.09697795273
1758.25672234072,5728.87133667862
1055.48092606321,3509.52407272928
1643.56109875489,8444.47682787671
7617.27691229344,7916.89361428907
1116.93931352189,9059.92504856245
1414.63880381599,3634.3305095738
1269.63388037899,9212.23423206236
1402.20180063892,9254.11418850093
1383.10738035852,3706.45181020453
7422.40449626042,7229.53890692441
1357.71010198737,4018.92839881873
8412.46835651299,6222.61276429705
854.702277861602,8660.84743649489
7601.938211271,8283.05968757352
7890.46510626728,7599.72030209032
7885.2653444646,7559.5723452611
537.944195326095,3235.30028650552
2519.99203142067,9158.4224816564
8702.9697661926,7536.25150037101
8025.46093591568,7781.44293448302
3303.20706453408,8855.12547482915
1785.94060754321,9054.01142517621
7128.13836229901,7162.77658672163
1840.22461616705,3899.72610870663
7792.1090388933,7543.99494025999
1011.66055526366,8952.83937303594
1994.86795423271,8745.69001872447
7386.34917143146,7127.00883930108
2040.81117744219,9318.52784616393
1425.05629597093,8946.59573015259
7816.9868224631,6856.85701787075
1639.04581140421,3820.15147863568
851.995501109318,3169.51145466485
1263.11458476189,9015.35708015268
8218.54810066581,5968.72215498887
7992.06576701131,7551.53423723525
8941.4279010249,7759.051034195
1772.6566275312,3581.31793233494
1456.02500486527,3451.67049749223
1302.62010659945,3293.24622865641
2042.18470515315,9295.82095137531
2179.37226129773,4512.99035302184
7975.09956251307,7155.09663970112
7781.91014528516,7584.72752381428
7609.51703039052,8300.73964060807
1455.96209753083,3390.73831889145
6888.1023839808,7692.48558883022
1185.12902338701,3433.12710066668
1790.1149737897,9031.95281356999
7874.26813325173,7336.7112322179
1650.34809124129,3565.16636478276
7523.52135939993,7628.99482102006
6621.97110930092,7887.62497198993
1210.09236985083,8325.67513773106
755.767147312513,3149.52148558689
7149.40864385936,8135.91230389895
2536.95106047559,8013.91083487415
7184.7604063002,7879.07766035128
1914.34700225444,8981.98901381423
1173.79789355526,9376.35292354157
891.08174141847,8829.8192926001
1093.49910665415,3806.34702229491
6321.27986610223,8125.66439866307
1161.26242246429,9240.59267710677
6884.81472868338,7629.7331081123
7565.67110029847,7504.30187125677
1826.03114156509,8478.26185116428
1999.6228598727,8500.54005667358
8035.641040688,8032.70520757708
7214.59341357685,6787.91090072009
2896.97468050961,3716.05378486158
8074.85599482019,8183.92244555065
1047.6872231405,7457.09896489757
7836.0864834835,8131.5556410976
7822.26152016764,7028.63029206031
1558.77679482089,9054.05009398836
1666.99009545833,3792.01464059812
1474.07050571727,8493.71242370584
1501.69556471663,9187.14741522442
851.169746913716,3301.89193746477
1679.86358634984,8422.32386744961
964.691233851546,3330.55613682884
1554.4606444997,8935.60964301324
6765.11762489441,8069.35924875012
1094.97299951971,3524.87595593322
8158.63090422901,8623.21017923162
907.077402359619,9026.17894899803
1330.97491425797,3376.92548271799
7702.84878502208,7121.35775730769
8498.232953491,5787.2447799297
1561.06199736693,3807.09551847341
2127.14588083633,8270.32554039884
1363.04155898452,8642.95461520368
1471.58108427164,8799.38722497962
6922.11954440537,7552.13578041347
1711.54066174973,3750.59033576281
7274.9545564652,8149.59266636641
1098.30933866004,3305.84368101646
7480.68294867985,7806.32224093287
7651.72486804481,7955.55397392147
8214.89230439711,6847.81738915945
5037.7361115537,3975.22717310533
7435.51675367002,6321.4062050681
1452.75219026947,3753.382099277
8469.77284666568,7303.05820407925
1582.42768923132,8854.17437032567
1104.12744983696,3315.49917382949
7376.87697746095,7672.57466283624
6880.01565560316,6992.38698720718
1941.38760942416,9057.7714493661
1193.83599532922,3486.80337756838
7030.38783088923,6204.55482518254
547.797189640209,8045.96655987024
7418.62718100298,7848.95131442351
1456.5796168942,4989.04118935048
7360.22527615085,6928.97045836568
7421.83056695514,5804.05176661212
1002.08923890301,3668.34928110903
1203.31623171055,8779.87816978443
1052.90118852074,3269.55174558635
8340.12175664398,7950.26789486297
8740.0647130109,5754.29252603323
1523.18021929031,8477.13777074084
7617.22624891051,8178.04744627197
1368.67602894344,8995.92415891288
1757.02817058165,9075.18631375887
1532.3685154839,8202.90756015679
7170.79164850121,7574.19150972936
1250.17316265027,3159.6455476705
977.718254989014,7999.90034436153
974.603564290204,8237.05051710389
1582.03902562564,3768.90787998052
1268.86327618425,9188.41801004938
1515.88353149168,3517.91232474278
792.201108280441,3358.6389125253
1372.08071883182,9214.34738063553
1106.05377891902,3629.09258472724
1683.10439367828,8901.45928247021
1771.48116499875,9109.3068126844
1143.77463875149,8621.13612659125
4887.99725691109,4271.315877593
1227.5555944158,3765.05794157133
1754.4451442849,3514.09416322323
1397.25227411097,8984.36267358529
1292.57019701213,9061.74860377241
1439.04963167021,8812.3271198133
1649.03383382143,9046.29491159838
7184.70636283741,8117.75966381272
7145.34386664282,7602.08812567785
6654.53885769438,7483.11932931791
7456.24940386331,7600.58504067897
825.421516956083,3425.53204693274
1487.04435875473,4303.07058054766
1521.99542764145,3939.65408282612
360.710976632891,2846.91351061869
6969.58578078173,5603.43539337678
1371.8769401145,8955.7611820122
2235.34705420777,8983.75090865066
1915.04924809335,8883.1072865881
1448.62310967725,3645.13372509554
1098.10890059011,3415.89862087987
6294.62639624773,8376.24591670649
2303.3582736104,5176.48582703987
8092.12642403898,7608.7762230034
7179.79949859145,7483.50878602722
1434.02545398004,8858.71511113595
1694.19172551143,3974.0110126132
1705.49329298739,7992.11322098743
6612.22163982768,8163.05972251628
7706.85702984919,7755.99839729878
1550.95429451833,3631.02173957672
1577.49936875155,8931.84164338317
1290.37209199873,3566.38914688932
1275.81702734529,8992.40237274607
1393.63738162455,9371.32688349355
7208.57091276103,8612.09907200665
7481.7563305109,8058.12912668101
8497.58252329096,7533.70940018278
3038.77342280323,8975.39008581571
1733.3857459906,3592.70757860189
1529.15582753715,9036.70813964341
6612.33662976221,7056.28005031212
1519.50875584301,9170.54985477555
2217.72506105612,8432.70008922816
1710.18926100467,3573.28571708557
8303.29507964677,8096.10558792168
1620.83116516363,7901.87799594948
1346.91681249364,8046.05559893902
7006.55987310805,7035.56769005232
1531.97220693795,3522.07620920945
1088.31904182848,3255.4185456323
1904.90930874918,8024.36169521924
2414.88838493777,8898.77392597795
7592.12562519254,7750.19489159801
1976.0113331426,9064.43463726171
962.400617179768,3503.77686956739
7500.68968309673,7745.71270611847
7042.18371283108,8194.64310754265
7747.52757896532,7164.68330980707
7354.93070626213,7259.48254928732
7638.43812977407,7466.31695363212
1324.65273735464,9116.2676824606
1334.85179479035,3286.14334508199
7390.23825104861,7272.82881529107
2141.56473989296,8957.04854337994
2161.28642163766,8011.17970521023
1315.62761481651,3425.62897880177
1821.80567779286,3829.78131242634
1029.01067824492,3138.08388059168
5228.19980343756,4404.88988859256
2501.92769688417,9152.44685964087
1055.95235701415,3484.38789753725
1943.10711152018,8417.45990352319
7696.37397563731,6536.00433393177
9078.12293505888,7706.4910902018
8363.171958369,7007.09046474794
5769.170411204,7948.0388747568
771.576278700717,3189.48870241535
804.357107253681,3240.48531127408
942.723668941015,9017.1950190215
1926.72607137123,8635.34565122087
7694.59306197049,8397.34458305705
1884.84081341243,9141.25080272675
1598.1027934473,2868.46493096398
7899.1575632863,6246.16853032731
1229.10367402547,3924.28427550317
1279.84972139835,3711.83595277841
1286.35931353062,9199.73749867331
6180.84880562026,7807.2181132268
1258.71596050805,5862.80149384382
7757.84494327682,5709.8194560854
1283.06381699302,3041.24951280573
2127.181351441,3838.39828163538
7529.50430338304,6927.22543072418
1529.28362228161,3565.0031567107
9217.05018627272,7697.83808764258
1650.40503230559,3389.48147649791
7531.34710182205,7591.52207182813
1637.5617492521,9193.30342449272
1356.10264969586,9602.19986770517
2045.36190766017,8269.33840319841
1541.62414608948,3702.4258799561
874.902531408193,3067.7514841493
1694.45239144277,9140.13815123191
7748.7355794806,7976.73558826298
7811.06465426587,8111.36973097325
5648.20760760039,7464.39830714845
1412.23581006949,9029.57675652682
1397.04931848494,3596.86627723052
7463.91973627974,7414.59967266221
7905.49942403799,9129.06262536887
7604.52275098786,7506.13446464683
6918.85596324705,7689.52805714117
926.535727776171,8089.31544063383
7203.45670126318,6846.33390772803
3867.95569255995,8248.59624885822
1368.73409003539,3336.65334874987
7629.92633904547,7280.84385981707
7479.76681972751,7329.5837288994
1157.59284675147,3406.88386961901
1480.3546496689,3481.64281236959
2591.30129288333,9272.59176837976
1580.79425416868,3487.96551366103
1655.48464068379,9058.34425155694
1157.5122212167,8072.85537025013
7658.98834997053,7578.74435482215
7772.59400768649,7677.69791305187
1675.72423210612,8831.15906747857
7611.62115262421,7083.55652183231
7772.66018608699,7245.74192704127
3604.83869517132,8494.09266552282
7677.65937504355,7947.50255341909
7466.83653640167,7444.04576823098
7319.34258758312,7826.31820985169
6566.43529566655,7068.02967185063
1361.32554092345,9092.58283789498
1568.70840957407,8977.38084645078
1591.19424258443,3824.45625029956
1634.25575210638,9314.13791480028
2604.29530800621,8270.090447945
6398.7139107658,7965.15232036792
7674.64025063392,8029.90289858447
1648.82457363443,8546.91937479076
7839.2816982582,7595.90183410395
8277.25041543275,6167.92998458613
1294.37303089177,3248.72239970657
9396.59247894301,7950.46967270459
1086.11328375452,3167.57903509468
818.710881843808,8967.66385693819
1561.13189727937,8720.31151106095
7152.79191425569,7420.85013792367
7699.57413721269,8184.87356527509
7803.01097666274,7271.86989547372
8308.86139701551,7126.02565978047
1285.8061166982,9294.81326597152
1932.68052781573,8982.57431462396
7885.76849005046,7815.18068055683
606.386527047685,3439.48256437876
8155.21093810461,6733.49411450579
1542.95320831634,9124.69683804945
1657.21267010631,9249.43087977625
7673.82229008491,7704.3696182873
1370.65125229816,8662.84223731924
6800.25139928021,7608.6705306543
7792.77600449942,7627.70247164095
7539.8119043743,7171.38671955287
948.008017121887,9159.8375015624
7589.28387509403,8467.52771947043
1581.38517496014,4434.15730388275
7528.57942798216,7514.19760221983
4354.23607216454,9349.95645666183
6416.15550058664,7096.71664541278
1152.12522941397,3588.23704844549
687.989718532704,3165.43747722819
1717.890084275,8763.45999558112
1767.19907297904,8928.47977328287
7160.72057234348,7456.08547498834
6487.35483449594,7949.37060544633
1687.50117009709,3369.3036698839
1223.7521429311,3734.25003367579
1337.39948814332,7776.60502252486
996.02229465067,3267.48588408777
1599.34268659266,3863.47609131164
1423.7617286621,3620.24261633178
7661.15230296732,6310.6711788173
7127.86408654711,8138.57179062097
8006.34811275892,7832.84008153182
1502.38736392666,8520.56792281585
723.660794221599,9236.1504248653
7296.53565777338,7533.73878678706
1425.31841142541,9233.27209517491
2127.30168312383,8614.80258766926
1480.80035737332,3958.57907786182
1381.50146717126,3494.78002226347
7880.86273338127,8319.1419134786
7957.86581821287,7965.70336472965
1938.62178134642,8391.3048546318
1301.15436309089,9105.25448923429
1632.63295552641,3839.74791452502
1452.27908753897,9057.41007668533
6258.06830641148,3716.5622330221
7541.47582100453,7824.69579855599
947.689450589389,3437.6193342878
1920.30935000645,3541.20787922222
1740.40066121955,8819.72892710445
1553.81943788425,3561.15794986685
7604.62650056332,6970.60103563739
2966.05962756848,8432.570267958
807.688767288195,3162.81174737613
1425.37454002701,3730.94323407382
7701.12326136909,7421.60053708818
1726.42674175177,3491.86925183368
8079.76751261183,7097.21571414349
7389.35996112639,7421.17938142547
1811.54127544813,9140.95415220112
7421.18554509734,8022.03072990165
1618.14843509351,8441.50012973218
1836.97879036874,9090.45331604961
847.138412563688,3358.07361563635
7379.54865465522,5335.10647450964
1111.45176853225,3821.43877934393
6972.48317838235,8156.82484030664
1085.84542563953,3581.40930038513
1867.9640342196,9018.65357645831
1300.52205428513,9144.88464857752
1178.33953682453,3489.27173280926
1507.86761264844,3928.09719672864
938.307168160525,8874.9068669219
1525.44252424995,9006.97970217479
7160.54827920718,7935.44521576785
1208.16301965692,8982.93034834554
7072.13313925866,7766.39590697513
1264.25110098298,3446.9184287372
1702.57992824109,3970.58809930021
7827.12799031153,8389.25525083976
1507.01966065249,9086.05564488934
1587.23125013674,9077.0594585941
7861.37460394832,7175.40670101952
8378.27897856533,6596.8792726852
1944.92580507441,8994.34063292323
1010.48671346511,9023.26067578928
1489.63469706195,4025.65158033327
1190.08541055175,9012.12955262144
7608.45052641851,7329.5263293824
1536.14341446979,3855.51011362698
1469.69465216486,3769.8314503976
1991.51074728433,8941.49212710922
1544.30417871205,4539.35506926089
7343.02897609446,8047.03861723325
1040.06353488794,3788.00415843898
7948.14719921955,8101.65852851241
7406.78575797885,6929.09939279173
6838.08696106608,7359.09836767433
1028.00247406733,3206.75308153641
7007.86130769872,7820.17705006395
1517.1102356814,3132.14005512191
1870.27826660519,8808.9647235393
1715.36199778508,8880.81198296647
3537.67719077139,3805.91157625957
7266.10472513211,7200.26148721754
1194.4244249839,3371.96426958424
2114.20501849239,3459.26131771867
1097.97786997475,3509.90653948137
1395.92152335537,9005.47650480708
1498.60780894292,3387.25614253395
7759.40957253406,8177.41920937183
7836.17303493899,7240.32110340618
923.233556646072,3257.30676486524
884.458170266435,3237.79973276358
2346.75717365504,5487.56957772318
7590.4443543548,8068.21819247076
708.871427435456,3364.15528118183
5911.66773413905,7321.64910104306
7458.09086366919,7589.32353880899
7628.19420453885,6877.77557842033
7014.04482531179,6093.48323287203
6950.77911414482,6865.83212754395
1132.37293568477,9065.00547185011
7406.33686597056,7922.00082621841
7784.33653436105,8484.30160046895
8341.718639356,7930.55774408915
1556.18360821722,9005.13923767006
1967.46672877257,4097.18929261273
2120.62392774825,9148.61099759902
1449.41935716966,3474.60019735609
2170.22878133667,3814.64861092831
1803.19207448533,9056.09838988677
1723.86502285395,8955.20386342645
7632.92866000922,7727.00101569718
1213.51809226969,3567.40972614543
7584.99861253211,8611.64778122378
1557.4143888912,8517.45940147637
7078.35120951608,8085.70151146779
2849.44682171312,8442.95596304134
7697.60373792778,7561.93689330519
6612.0364600002,6945.08429030533
1432.9939310591,5068.95062988706
1354.45010710618,9045.56102959866
801.390861798962,3399.89520686349
1747.51776357352,3971.04775067711
735.573262324182,8978.39811095105
7585.32350687226,8018.58762293664
1505.59024135384,3786.84315477187
7134.86842406855,6124.19616888893
1715.6993533168,8316.21993473452
815.334924990139,3034.11463904893
2300.38189380352,8447.29354606798
7213.29189577022,8177.42701915959
8213.30572987517,7145.93338505532
1263.97556991736,3348.73709942225
1269.59423545706,3802.3318130187
2152.71163033,4645.99105323546
8707.67031249622,6953.7013656057
1170.12019809026,3519.2748031229
6687.35718994224,6923.68267484843
1050.84803790132,3680.77635195975
1205.22483424677,3925.7800721093
8521.49856313841,8208.45489511856
2599.01432505606,8922.26881888626
7964.57006841633,8787.4536984014
1040.14194606764,3352.12189202486
1346.32867191669,8820.24975452768
1235.22510986358,9005.06788182587
1558.82193747153,4169.56539821481
2244.85966819989,9012.09500874313
7575.7495209509,7745.6655311052
7489.4393831951,7977.06938321068
7835.67832642086,8479.81781682113
1166.88605153664,8642.47223723086
7490.7430283464,7701.31477517561
7907.27204554564,7884.09825579056
1855.78839186827,9099.74797445726
1540.98538640817,7727.94473994226
6723.87617888671,8051.39868504217
1336.97812122053,3683.56893241809
1833.68953293997,3571.35611174669
7572.13556234944,6341.6767219892
1351.55321487654,8104.21211278958
6689.35867977009,8246.00315243364
1526.97623578758,8193.89880596288
7825.45756101227,8053.43281362115
977.418771609224,2110.66127848892
7176.11525237858,6251.76285111089
8081.95291366869,7342.36262087212
7389.82895295673,7777.88664256949
1014.70693893708,8915.77448150656
1600.49713678625,8596.02081510952
7830.13077260706,7043.50100044783
6504.56344327543,7221.35741612552
2595.02007561263,9537.18034736334
1559.48682084528,4014.73076587302
6854.52257428044,8144.66137791066
8455.26036026846,7850.12174958042
1084.44608736826,3331.12367281676
7776.35564831784,7248.20741040222
2132.27618939232,8097.06722306215
7552.85796548601,7821.84430118451
1361.30703318902,8968.32263602021
969.204459563313,3473.77688504886
6637.97552488747,7457.69258762455
2475.81224195769,8526.48632573657
1108.96442270067,3361.23010751778
1034.70995761173,9089.65190890124
1384.18230579982,8897.55269638796
1592.26958130309,8764.89308534696
7599.85612239801,7914.82060914766
7461.05751939364,7667.89735597647
696.493198069116,3072.05636619902
1265.60591104404,3928.52470871962
7087.22149155275,7494.71415533905
6956.58273504502,5268.37690567282
7298.84029766839,7368.55486527275
1956.12510508973,9320.17709237552
1399.65177685141,9165.27333733178
8129.06436228455,8098.51676745775
659.348961672626,2978.79265817293
1359.03142928439,3710.23924385655
6111.70514824657,7509.27097006409
1876.62487743957,8935.83111567217
1149.87078254986,9116.36084925877
6317.61488522007,7712.84608713811
7753.76372304093,7890.91477350481
1799.78166905168,9280.27388922802
7504.72080854692,8215.5166065314
7196.32335795634,8155.54716679021
1371.67531372692,8518.7148185092
1296.92647060161,9203.93371725675
1766.44913680537,3511.39759335252
1746.83174609833,3910.39679734966
2067.66954798033,9096.51949243426
1029.58207291902,9071.631249925
8790.39137661936,7525.57960763642
7803.0906674569,6922.69446165704
1106.017006352,8981.10723083459
1182.58066909564,3227.32955622035
1832.05210908806,3503.37090687076
1313.55036267729,9063.27924147875
6970.07958154356,7839.13267480666
8222.30809659609,7327.20908864666
8107.02632274375,6847.41007171269
7946.8989378567,7470.27872260466
6566.46885561755,6190.27001367671
7772.48128459966,6862.28683856109
980.766181866459,3592.7539954378
1424.67049990765,9021.54533863849
1960.87327199463,8575.84293531884
1832.70468020524,3856.3086215944
1072.04137635397,3426.18099598101
8769.09506561667,8749.80012660232
2164.38777584677,9038.96686579508
1363.74518701408,3339.45477973864
951.200000621329,9095.65587263453
2707.11104620085,7775.89033256555
6684.69340154687,7770.26071102767
7532.00266647617,8432.2023916687
7339.36184890368,7156.79961972372
812.240656614708,3513.77005484108
7140.70571136762,6610.51031150935
7053.31724015131,7671.09120386058
1954.7471398049,3567.3083283276
7486.13405279509,7596.37853517565
1227.08420601432,3769.52350895971
1541.66092772762,9027.02613957087
7362.07271274381,7620.94218550311
7220.63028375949,7953.3959583871
1185.02918680275,3166.03262041712
8048.07071763088,7946.02601058716
985.31205293376,3441.86770856482
1419.63366873713,3508.27534086127
2278.43900669946,9023.52170492564
1138.12487369708,3671.87640327191
1888.83737599545,8371.28154893037
1554.31983603653,3631.90391024863
1755.46213972063,9101.03102798798
886.055552591796,9103.77499730428
7048.80184217748,8208.37869619697
8505.30175662118,7981.66695867236
7547.45536868995,7520.35012225897
2617.51710860085,8454.49439657184
1278.76273238889,3593.01903893197
8937.77486448488,7054.5142103567
1540.85002488832,3754.99571287636
7121.9581773354,7361.89013616666
1481.553116833,9223.00120151085
7055.64683953192,7443.43275158726
7687.03499451769,8014.94393837751
1130.06233094075,8874.72263881764
8589.95837544446,7660.73595633486
9231.59474159483,8150.66869997525
1867.39547555387,8684.732117315
1135.27954122901,3042.09792593009
1196.48507839191,3642.37811881266
2130.84256605845,9095.04681365218
1117.43955504883,3523.93333914459
6688.43353634828,7450.70560778484
1554.67520548906,8806.41224610256
1687.78201395513,3647.01423054218
1534.23686254723,3511.51625530738
2433.84690646761,9263.10448336254
7096.27043939005,7751.50657276379
1247.15345689478,9247.85392978073
2013.04806058892,3932.34785141659
7485.07442890944,7442.50398318223
7572.17886761468,8517.39128062639
1703.59322766221,3790.66535002587
896.302192411886,3022.84257805403
7185.07555169939,7313.57937449091
7559.06127617498,7592.78241972451
6875.93623956225,7968.50998011559
1276.84923094328,3192.5500626532
1619.18407992547,8472.66959992314
1349.72477337979,3424.17749126352
7448.36163361137,7509.61906823179
7419.69350679622,9480.36385461511
7939.66807868473,7729.55160042392
927.425708362029,3151.48955199179
7976.65333606104,7607.75241724583
2066.86281563557,9058.74058539365
1768.40369856697,3470.39060796376
1660.11612194834,9004.9761743552
7341.09265010323,4684.71497539143
7968.83728299863,7081.12265339384
2160.82967056389,4866.15189967325
8506.07202733948,8019.4433150243
3915.48953781877,9315.5746241485
1658.46625886197,9027.74319464671
1291.43355799035,9033.29997228555
1538.56289144673,3479.50596786477
916.065382129849,8908.41298765222
1447.32894099241,3285.12384514046
1018.69585449663,3208.95179338792
1584.8855050563,9353.82646474891
7496.79178836394,7641.52003993809
3578.82781313958,8425.36997059356
8302.21417630822,7432.91947152236
1167.14171990571,3561.52870749591
4266.76342832453,3930.04022220949
1348.62603992961,8135.63743463896
7109.72980112012,7046.78960450358
8022.79333062056,5425.26332222661
7059.52899695925,7658.15030761741
2006.6632909632,4720.1353040655
5109.76882115296,8916.68498623727
1198.313771564,9120.27597208752
980.919714280629,9640.50330264576
2609.45615437357,8238.10849439316
1473.50694992852,9068.29686715354
1337.76303144237,8003.17628967338
1857.87691748573,3846.9241373559
7812.26993662154,7992.82606189184
1571.11521674955,7741.33257467553
1461.81117002801,7567.4620460328
7450.00779352116,7724.28931232992
4891.31016203242,4466.20463692027
964.727721741336,9340.0570008266
1652.01619083168,9231.13629175352
7476.64277170586,8271.64767237848
7810.8781765322,7301.55049476289
6665.05247285002,8299.69120823556
1537.08001452587,3848.61625179632
7606.6636953278,8015.07613638367
8394.32552790032,6635.10671398625
8205.95629695743,6190.89559489609
8932.8727303911,7884.93921061044
1469.2545520045,8358.17628772775
7740.98846620949,7498.86057974854
7451.90301622715,7396.32585826907
1506.24934997492,8525.8112864736
1313.2680033488,3709.16352967069
1735.63399562443,3813.9494287944
1889.35724729175,9010.89985606652
1382.46420824774,3550.06889821871
7726.92936531574,7704.41462406529
1099.15181004065,9098.626475033
1208.24966922741,8011.4192995383
7392.48126590437,7612.23519174645
1624.93789880211,3585.20474770483
1288.66420765651,3625.30533338951
7369.75849051035,7860.99745613918
1518.98646134401,8917.54283221386
7557.9199145678,7991.57634647202
1602.21394786098,3733.74975982923
7543.0004351341,7503.74905337783
1620.15131358735,3935.03438960176
1262.26386551983,8786.93811465782
1459.78897864804,8988.822846145
2426.79211369759,4338.86230736016
890.432935911234,3216.22661305461
1707.11206351858,8585.29623763414
1550.49068360594,9055.97312326341
8128.97856684185,7315.30798010035
6009.36283584129,6856.29464145677
7525.88821739285,7659.97615641722
787.120014240224,3265.31977102995
1670.9556992899,3924.66005990996
7486.88295970204,6682.78829418853
1734.42628918966,5770.53945980974
1643.04406468376,9311.2386198222
1066.17861170038,3707.48195949742
1440.7184766937,3481.06251365739
7726.02192538023,8002.2349257153
8258.12510323421,7659.58939122135
3148.72450486182,8195.81253770055
1190.39622496513,3593.28169831085
7577.29093224301,8034.74194229368
7304.78990076863,7880.75523658028
8334.90602761579,6079.28234153483
7475.22099856815,7959.98087600304
1280.68832972727,3465.7820800257
7436.57245908272,8040.82908283135
889.355747635087,9186.03586612793
3272.01618470707,7648.29968198487
8404.80263908862,7010.51573174541
1595.20190796835,9315.99616209999
7236.66316567696,7665.06443116442
7369.10406802186,7116.15317059876
7526.88605056576,7205.94672243683
1820.99128030087,9229.53891172732
7890.72175965166,6666.87745738043
1364.76965803368,9123.81540099285
2140.28082675275,3599.41218051324
7419.23770335711,6638.838731774
7155.19194020313,7784.0262174935
911.538056144424,3467.19091025333
1345.48510483132,9167.18873931349
1730.18389138099,7253.62059371975
1193.90039814783,3624.8515688043
929.466403410987,3270.10028101174
4551.22268616799,8820.98915449828
1056.01335288392,3184.55315459891
964.584026847525,3405.00939441307
875.706784168743,8260.70577000844
8332.06025415817,7392.6192646727
1557.84902147859,3699.68867650965
7704.97859648585,7173.29958047995
6985.17323185527,8215.30600847125
7017.50986431575,7500.58842695712
7194.26864649289,7747.56037761956
8483.32450308954,4769.02710134486
1997.36135409706,7613.16329072654
1474.76860122325,9064.11299065673
1362.44357969586,9124.37991121006
2094.998402436,7025.37644811999
1697.26759584964,7821.69793363501
8106.00939467222,6943.29543361232
7652.36448163123,7830.14896727782
1550.0190146587,3714.345134029
8904.07568212827,7467.51893334655
6723.40523823766,6331.6125814918
951.443446584019,8682.72903892637
1671.99522069737,3937.56827536161
1072.89720156563,3519.88857000875
1166.34125337755,3483.81252331653
1622.99201614732,8774.07405150284
1435.17992124503,3889.47583561745
8256.70509644525,6753.05761635291
1469.66144324979,9180.21863035068
1659.35341966123,8491.68464605702
626.189622130821,2622.96355290637
6852.87648610317,7514.58207424941
1418.50308051035,9319.79446191582
2179.76748702284,9373.36423765127
1304.42714642506,3583.02014968392
1173.80084572296,9147.30839715993
1442.64590447623,3483.12318872015
1294.41159709875,3546.11949119618
4433.42263532013,8874.24551917996
1505.67467283942,3683.91563460924
1569.72941089937,3708.71874722911
1131.6883699345,3346.84551647035
7687.15229461429,7100.06780167992
991.85442148094,3319.84107355114
1600.2213289086,3434.63693969308
6818.86766447378,7978.98241184506
1423.51298644958,4054.96652815562
1684.09412576821,9078.14395517652
955.132609580068,8875.74316146987
1835.89620191557,8635.27218357005
1215.86591511226,3116.06331178343
7779.01070033399,8792.70825271501
7812.91582555863,7469.31677900711
6914.99461358173,6874.00352060993
6741.02318022727,8175.18149590776
1750.36403151161,8209.44587752869
7534.81609721594,7318.41803670396
1250.20185646658,3642.50588054749
8114.87707906179,7102.94803543977
6240.11428281386,8123.65641130311
7746.90161260939,7823.49782674804
1492.29212117518,8655.42729049136
1144.38306175724,8670.16787453138
1226.88492985998,8393.16233130638
8590.54734881314,7186.24275206909
1123.59285829115,3627.9857674646
7956.34439468785,5499.86445070168
1736.54483719298,9073.54989661945
7516.13207837547,8440.47979730067
6700.04568609028,7199.84254896722
1515.68033436582,3397.30915053488
7887.86986501169,7553.96132096453
6021.71006925559,4308.83091605393
1962.15359249209,8637.58826142672
1742.01795086988,7880.33059358381
6480.64016745587,6172.29237896362
996.027072244703,3474.24554174418
8784.05239740978,7336.0663575989
6451.24795080701,6621.22419256326
8241.40947616634,6016.02270144207
7777.70036893362,7488.2310030331
1236.12961184814,8907.92083093665
1450.97547632422,8769.31374200565
7200.40407620581,7677.25161291152
6714.89308008038,8051.33147031916
2070.87775440586,8665.15702965538
1164.5038742728,3423.09040382261
9062.33106417286,7171.97253682635
7265.04424496639,8005.26598245193
6559.53587624191,8039.46231564636
7510.31511526395,7719.97443494145
1823.21128314733,9131.63917994432
1435.17400003894,3464.84525860891
2239.52072751246,7969.14889127938
6833.85026007101,7103.47930382857
1527.44014947124,3647.78065692961
7411.70296683637,7676.10293849051
7287.17772369157,7681.23297788666
1628.99307804444,9242.35032514854
7168.58631322176,7731.06689840669
1185.31951210796,8876.26487696836
1261.54374532591,9119.70969831148
1123.33935751847,9071.35648333213
9127.4374819457,7362.58496756898
2376.24954788812,8988.75897536635
7229.32349980554,7551.59600791374
6913.25039707795,6521.47551634282
8253.67176839151,5411.70771755507
8052.49982616183,7505.21355263135
7513.86565406143,7630.01214975264
6933.7038615422,7993.97630206978
1000.54254615815,3152.36669110003
1153.99789965588,3512.49874993855
8348.65256286702,7834.04301389211
3412.81674769322,8337.03166630863
1556.29218023297,4449.7097986059
1281.37817026715,8950.12184641498
3131.68601685645,8079.86462376317
7571.17999891212,8401.73452185137
1224.69337776741,7859.70563747974
1796.07494457006,8546.43977820504
1224.88136103304,3500.91949372838
7568.50279181922,8215.15600723344
8228.3854553344,7153.2278705629
838.395191565517,3138.97333483535
1474.48870544408,8876.36274845556
3843.12285269756,9017.2221288042
2858.72912273504,5902.32713881424
1488.2453535935,3870.54011436602
7451.48473879495,7961.01600660735
4309.16074722219,4048.27334558311
7387.73184092592,7161.57998602161
964.868139700048,9023.5551380314
8382.6306644628,5616.08193364902
2070.68729593494,4333.47573217705
1235.77576999429,3525.85910008848
1667.44603704616,8736.31144374656
7056.12942896454,7963.33113077356
1553.21634726562,9016.96800260719
7519.81868681282,7515.15300771991
7109.69463024655,8172.83347560517
7252.58346995704,6973.23846957703
7220.55825087918,7661.50900249825
1056.28982968155,3578.89250250986
1049.81793084047,9107.94322161117
7391.98381129722,7585.46617296266
1340.86735111595,3215.95940858812
961.054190233756,9054.08784921715
1089.26550873606,3521.24101394492
7611.38590997414,7780.7665076906
7331.40312197621,7940.28073663081
850.920948351799,3511.41288157442
2135.54489252862,9262.82984278299
1491.16017895664,4391.53997033144
1284.07284629812,3844.97062984021
1453.30993509002,3480.0318951735
1630.99573089104,9026.02935671773
7261.14115552558,8233.77406307357
1404.18658434127,3855.15319033538
1389.18724416604,9172.50205994441
1350.92569330303,3503.04966537472
7762.93063846873,7816.81651870845
1678.87064485377,9179.26670032629
6779.60926019636,7159.34011811807
7115.89320384099,7879.68968566548
1490.06799208266,8949.93745915159
930.563509993434,3278.8694032055
1383.69815399906,9128.15958589787
1035.72450118387,3432.30977100829
8577.77976992544,7786.89941045749
3272.46373077602,8961.19792075411
6216.44115521278,7353.30937653829
7160.7608569762,7373.3691698668
1129.6868270346,3491.01279234781
7471.23860847712,8217.5041102523
8719.27152498892,6477.84435133304
1449.20862200626,9156.29576910254
4383.58352129804,6394.99592764135
6856.43828805585,7978.69695027349
1227.10110371341,9086.59417281531
8596.65195227796,6743.28480461238
6663.4509990723,7411.00311255201
1995.7848026151,8121.0705823206
1321.41564427588,8926.94800172366
1909.22849248566,9169.12436903664
3291.82326738489,9206.02696237744
6779.81799242789,7521.00303023088
1385.84841823887,3880.42701809466
8197.52332063842,7356.79870459166
6774.35065993579,7627.26955070515
6710.41892454298,7227.11987449407
1069.53406755009,8250.4345347516
7442.78422202553,8417.95058272708
1255.9712789201,3682.13516635952
1558.44396809751,5222.2314289071
1509.19506884721,8871.74776897083
1886.20653234916,9179.01544091101
2665.89280100005,3768.31486346221
1760.81352378075,9054.33077874871
1759.7810276145,8077.41203355293
7709.55693481057,7824.90219470049
7839.73111292079,8077.22790139053
7727.53262673471,8094.97126398239
8547.58402685028,7801.05774736482
1551.34071453468,8692.13402965316
2402.92567632505,8089.10499261651
7442.03736747794,8013.53078849282
1947.23847440878,3935.10172727968
7335.71446253718,7850.52942494444
1655.92625388212,4078.50114662486
7628.78924539142,8003.52133233569
6069.557763715,7543.32833477095
7842.7727805617,8219.34953157181
7622.65080738653,7264.29412056104
5791.81682509503,7326.19184789457
1448.42931224009,3854.01003297678
1587.3013444335,8776.9330633281
1282.02612855852,3491.76471233388
2143.42067428063,4581.69656127379
1549.16217300215,3624.12799665966
7901.76962194547,7013.20913624132
1016.38421504882,3613.10839740092
7002.66234057027,7544.63458994612
7041.8148758071,7511.85913382533
1525.13851514607,3499.19388421554
1721.37671624474,3954.02514854261
1706.24407954493,8608.69311521962
9376.16589326222,7669.10204983512
1079.31017530489,3600.08912351365
7417.84437674087,7796.06231448118
7570.81901619433,7067.26551533672
7557.62248642507,7930.67210441858
2102.28660560916,3360.28134824539
807.818983293759,3339.5386127929
1566.4815691806,3028.15858103419
6979.20337374005,6994.50974577353
1084.12931793364,3750.89774549839
1131.88492258384,3685.63562820286
1904.86738843981,7926.04972338024
805.453907350754,3084.0817753189
7745.12864704662,7763.19096777536
869.047535501848,3242.93970806823
7378.96362278322,8116.04980544422
772.183205850471,2928.08319587433
7198.44589477321,8142.05576345107
7788.28932917461,8095.42116427842
7244.4522109758,7749.23109501965
7146.41998719051,7667.95539442506
2271.90687570807,8398.43943599967
8199.80069595554,7592.17551409644
7969.19956708347,8256.99660397624
1455.19313952643,3670.09306839522
6530.25829774292,7254.03159104826
1222.95984420867,8916.69912156359
1316.65665587216,3693.89450176107
6469.82894925616,7200.94337645275
1549.74013021963,9048.46619161795
7585.36326128428,7132.27120849339
7835.55591150488,7803.83868567254
976.193681819013,3701.38891934191
1843.26061721342,9126.29666054924
1500.66265943997,4113.41745681688
1534.30288007348,3902.04475999131
1658.6116382065,8766.34656106349
910.929227301818,3144.39450937695
1451.66518561079,8551.62363072249
1091.92501795557,3769.90215080905
903.825514566001,3458.40065714408
616.138524264463,8869.50379845178
1284.60234760307,9041.84008809173
1725.86977705667,3976.03433841852
8073.4581742499,7807.78936668562
986.295246166901,3564.92346719175
1306.35105709609,3816.27265940712
6934.03184032348,6958.73899999443
8059.10117343347,6336.10615321849
1591.41240537581,8965.70619886955
911.991139285441,9224.24134238886
6800.45546652498,6831.81055378086
1678.91786253996,8527.05901506627
660.396174347471,3410.93712497087
7698.23103634736,6313.01798545095
7861.38534433123,7956.40247282959
1738.04339091265,9149.73116634744
7473.04670851588,7426.86931948625
7759.90790771452,7878.32243969327
2765.33523168617,9005.87183154308
8141.26547210209,8569.89635005928
6941.08773383899,7978.33746963783
4195.62529105646,3495.28144632652
7672.00410083765,7028.1024626058
1373.86560607588,8909.6100026587
7168.90424431567,8195.53200668488
1072.82856954642,3832.83887330897
1185.11262891907,3633.1487904221
7428.07655608689,7978.35144441013
798.167099704568,3477.35931683674
1545.43275494574,9164.46889279551
966.879127112205,3185.32043463134
7898.87419216982,7521.52096483781
6585.999728679,7006.27838303275
805.806578494866,3301.61376260997
1770.14096749895,8902.27481682574
1238.0555506524,8762.98292288896
1536.20989291421,8940.22257755321
1318.07882761242,8832.07172832207
1578.65509853801,9231.28323843396
1761.08292407933,7860.15841966901
8601.5176435789,6419.95890591579
8016.81849176109,6056.18668815846
1914.5847471639,9226.19610423319
7948.08421613171,8945.80164537186
6943.70500428782,7205.29670949963
2047.76143906791,8708.02344433565
1401.1345969603,9220.69954401485
678.383805393906,7929.08191473874
9069.4788276466,7999.46604937787
8066.31488065507,7226.77339027833
3117.70412555848,8434.50435221368
1059.83746575731,9182.25298370089
1099.84107500085,3497.5781942695
1708.69779802548,3895.81717660951
1923.13313516279,8131.01958499316
7024.17749564595,6858.52344281414
1901.42573764887,9239.04867474477
2325.970512136,3906.00369468447
1342.04560396636,8968.69971868169
1731.59322153055,9005.7723623146
8626.56868894741,7770.85384537695
7746.06526088062,6510.76607638576
7689.94255815095,7993.30235859786
1445.62231430683,9203.13906471033
7460.46474548481,8021.93767880776
1493.12856617332,9322.15482108636
1252.53736330506,3372.75389338304
6785.40191419272,7390.6626745247
1229.49454237514,9338.55029867039
2802.51322803956,8591.82885097295
6504.42997393318,8028.49181009452
7584.27026903137,7559.37433075652
6904.03177274092,8429.35200228441
751.041023830738,9433.95500613633
3969.6379665794,7399.24370851513
7027.97852354455,8486.33000896064
7155.92290400709,7365.35724954683
1294.54098872486,9001.48238915618
1331.37632207127,9091.24157879761
1255.96086989491,3276.48432995702
2081.43553845655,9085.51064388465
1372.22059652785,9385.79799412734
1845.06692599754,3657.91806164588
3897.42281834449,6874.370711401
1516.04166438244,3739.37834788472
6730.57220345849,8246.74082573619
7898.14560870542,7216.97342725152
1721.3452968791,8172.85124339387
1401.32322860372,3653.71786743063
8065.12585329962,7613.55090641942
6689.8485628745,8021.69833738372
1784.33868128234,3774.93855210458
2528.32157169522,9403.97271213534
8061.62098392818,7883.12874944571
1234.40866677206,3566.64818633034
1134.37951044604,3484.17542030531
1183.30763095535,8871.33996430136
1907.43896991518,6146.08867620054
7277.63450507493,7689.2614071286
7131.12485635076,7883.05354388691
2494.98277411426,8693.27758515759
2123.79464984803,9000.75412702339
1185.22162762953,4244.47914372942
1555.18377489195,9131.54939858232
6547.70305023302,8328.59786919064
2369.71170935908,8569.83496959198
1470.99115337334,7873.30545043686
7889.80891281991,8224.81850680987
1259.86850448756,3704.13124291234
1907.3608136589,8572.89114605602
1614.92242112916,3456.42165783696
1712.06503536066,9325.98999846632
7436.89860359675,8042.42667439308
8631.13820889372,7832.23266578726
1319.25684071976,9083.8551710183
2170.12840275282,9129.89867907897
765.830424782928,3121.15965415638
1879.32736141448,9022.35913284552
1523.90616527913,3264.33635664226
1087.26612849881,8945.04229299462
7278.0718137175,8114.56489690473
896.11813201233,9003.30517582803
5753.59143300536,8015.99941951921
962.33801653598,3266.34261811845
1823.9018272795,8995.66210468795
7941.6102940863,7378.64198250802
985.892450845229,9148.65147194353
1885.58299704077,3508.74330257573
1086.19801530916,8975.96763321451
1714.85236946316,3958.63929379967
2045.63310372951,8892.8468846629
1188.50131203169,9133.69187990858
7571.39171406373,8105.51717509336
1870.05729097303,7785.27943904586
7843.37348214642,8062.79544138797
6774.44816856996,6656.26047649547
2167.60976611159,8301.76086910707
6750.11514199877,7449.51440087847
1248.57535428282,3685.25372497678
5030.11246784304,8098.71843130784
2085.81268101564,7434.13035702503
5627.67726629256,9216.5894772406
7749.59147185913,8089.99738973636
1726.50345421437,9039.64625382577
1660.78915042103,8198.74194518138
7573.62544782124,6547.29692606615
7446.03087350167,8429.05763428256
1383.94288507567,3212.27984222449
3501.35153725181,3711.85062784153
6856.4395869335,7648.7244977306
555.996205457554,8654.47141790439
1728.95240138949,7879.32237140137
1136.31627251363,3519.29235114621
6923.25111171254,7659.98836147317
4472.5286065715,9181.20037902044
1212.27595067413,3545.08595315788
6863.50774264503,7281.37211701425
1210.95147131639,9167.03664683158
2324.25878759779,5819.3926021319
7765.20449315786,7801.99220572404
1219.50002306136,8897.58567924159
1824.66066767773,8472.69049865972
1015.74495468647,8921.71477506836
2346.50392286943,8735.41614564322
7111.37105653549,7851.7207603816
742.116403373235,9255.29440632679
1375.90492556815,3494.13137656192
1516.28764576176,9005.33054718371
4133.3132646239,8818.38427546125
6674.24586900636,7668.1764581244
1067.98601746453,3089.43095074365
7327.00766156179,8183.7832399954
1408.75835975849,8914.42961845326
1249.59971193461,3887.53924985633
1561.37079172084,3642.85088144207
1545.95899895761,8868.97786333908
1640.52394691651,9129.09103468086
1316.34774051852,3472.59110140998
1508.76593534411,9129.82263507922
9218.79506688569,7655.24861289897
948.438586909882,3481.20166819968
1333.36606191545,3705.44415983419
6958.90966527989,7429.561987841
1290.32627769224,3331.18002319792
7447.90694398353,7082.06724003625
7693.89389560762,7450.3350276091
7128.48736535445,7504.47124995234
7015.08110794105,7251.97990214842
1209.39975685086,4393.68065747763
1531.63065983992,3689.58366905821
8378.27253253005,6488.17957333912
9082.579919923,7352.92105271611
1078.21462853091,3394.41084308145
7087.31781150305,6813.67130453015
8331.06040937181,7507.14850437778
7638.04961001782,6896.90878704259
548.557624154512,3166.05576171867
1659.46671856179,8766.90442376665
4923.79964303983,8885.49646298107
7866.72342668512,6917.34132807131
1412.52536848602,3662.59571414752
1538.07889373325,8755.42304702793
863.188538736134,9072.39216748428
1308.36373943975,9104.17388729463
7192.09046973,7884.78595140423
2087.04110030369,8398.72272470313
1286.54618166962,9031.05101946698
7434.40355788521,7743.19889905699
7909.74474568858,7135.86738248256
1359.93710369891,3546.48861839521
2340.01193964016,9157.33907842134
1650.41646007564,9035.44123096704
1372.59077258966,8298.23359074564
7506.02114541878,7900.30882327226
1335.82315264029,9159.3514462011
7372.4193317319,7952.48256852664
2237.49178227853,8932.8024189239
846.67967505213,3121.18990037257
9467.38133470162,7768.03285613658
7712.19749126222,7896.35782504133
1531.57672213154,8941.60687576941
7407.14809998287,8084.2553455858
7220.96060375899,8934.48087796411
7691.57173874127,7430.00282372658
7506.34038456233,7826.44962197354
6566.92772401988,6823.8326673786
1473.8438108002,3694.26334741815
6922.29742515054,8113.92348323742
1118.11919824373,9022.95980704258
1612.6395510407,7387.03659833406
7726.19471854874,6319.87641099431
1293.78899222583,8943.43967590038
1267.15760010447,3247.4456186947
8789.62525554864,7646.20700122945
7434.29830234533,7922.5729526489
3572.29291688859,4322.23250332874
7115.31503920404,7567.21256247783
7624.29335007053,7114.63356105289
2108.00647289946,9056.0951117732
1737.15337721671,3845.53767132563
8037.44169975726,7098.38640232655
1181.05543526245,8816.01027876447
8020.26192267924,8106.3286444205
7486.07044650692,7318.80736639778
828.085560038819,3223.23419694869
6525.77317850708,5104.58465481595
4248.81763942945,3806.33021648374
7420.24620498644,6597.96099606461
1910.49568906811,8685.96524430558
1295.56267315405,7507.65198998109
1169.19343736297,8982.53090078703
1168.2761003806,9072.93109022514
7570.82111390348,7462.37233488271
7188.72677006952,7908.11428917636
1724.04185419242,8430.14462662641
653.522560152452,3061.50298150677
7111.2792522772,7656.2841956636
6731.39813193067,7724.8532614991
1461.81374233487,8816.82133558294
8694.77676154655,7132.28171909639
6158.63073613762,8404.96038767039
8022.52533864001,7270.62386491527
7442.83781596453,7784.31596468024
1379.92746180062,6907.07794576597
1310.45631741822,9222.32519439672
5009.87032147276,3486.12395154447
1730.17920924906,9004.70417850392
1469.82065317909,2901.15403534072
7789.42660431144,7159.58132711397
1521.78827218164,9138.93096262235
1168.71086436103,7989.95116387514
1646.81513665554,8744.77445646905
5226.11472611851,9213.93537295913
1132.82033859516,3518.19685023282
7439.05779016521,7744.3316606976
1295.44642670094,3706.10288948334
1392.91696191805,4420.79810041129
4196.02290393263,8317.00733760133
7986.0224077751,6255.98551419051
1728.47833013151,4065.64879528734
8537.01877653842,5091.72344867021
8214.28992887695,6087.69159214194
997.415151021411,3276.41644981997
1547.56380723154,3658.80474030758
7519.53158603576,7391.86906767976
1061.17080035529,3516.64940042584
870.154180740116,3294.63136988547
8502.10034759874,6909.28359202275
1209.17617711224,9189.51777022829
7140.68614136176,8359.05736010558
7855.11267009242,7246.49396734879
7405.5527477135,8241.13168441357
8529.69228887272,7691.79508615775
1489.55928484942,9102.31682748018
1513.31703208156,8986.38687460494
6087.5578092675,7595.04490470399
7647.30774833773,8238.30476069815
1341.07190921871,8191.21524242541
1510.25138144165,3742.92396905604
918.14293754262,3785.19131506736
7061.10859544232,8116.742416486
1592.30788335675,8645.44459170062
1775.66173292818,3923.19829963987
945.955300454941,3375.97430083717
1449.01174607817,7752.33908346
963.761869801126,3276.74071908204
1271.7843880582,9086.34129776843
1822.04984681274,3885.57754399574
2499.34059696911,3656.35330120912
7458.48089041395,6546.48597264455
7901.37265500108,8572.86023679575
1256.07793782043,3713.17374627933
7331.86581076118,7923.35947419605
1234.25037382025,3542.90156944893
6903.31832880553,7966.02801279188
7779.15385961268,8288.92257188494
8832.52201070077,7384.52544978835
1305.38860740694,9264.347011752
1513.47488455831,3569.0406982264
8316.56376709209,7229.1344811153
1797.33773361247,8801.22966022913
1415.69444854129,7941.40626065771
6597.07360437425,8039.23820002773
1066.76866120914,3592.51690352312
7778.64950434362,6982.29705161889
7745.31415745218,7585.06817330575
1052.78573571303,3030.61320186424
1308.51459236995,3602.77929228241
1036.62618115619,9086.25545532477
908.209507308478,9156.94695239157
5991.86987435874,7066.99203123417
1142.88711300714,9152.08521122716
7842.31066861227,7719.14765724129
1820.65497901119,3638.36014624139
1789.88574551477,8402.65289398706
1548.65261495981,8106.56312253113
7894.17381293691,7331.2794223213
928.298120218616,3239.83073013589
1848.56959242264,9175.50583056385
7717.00992985113,7818.23227243168
8305.48013024698,6083.59480751375
1702.87300983351,8720.87684626277
8021.53393838015,7850.85073072072
1456.96142040544,9129.22573776485
8262.03574453685,7693.99373343084
1053.93893108657,3651.88011320599
6625.56391431084,7929.19475976523
1089.28355923734,3298.85444830883
2356.71144241045,3873.54194428306
7305.33491641054,7289.95662421785
2416.24249836145,8924.86618405153
7318.77049327292,8107.23613914876
6251.65572886499,7376.34454869604
4374.03687967656,9567.18267122724
8788.05705479231,7490.72125718708
7866.20972378158,8703.08499848665
1480.63727998642,9006.66588151286
8300.20259285258,7270.36170257866
1537.90153086263,8900.06008034022
8248.66129801944,7465.38993404944
1832.19522011678,9218.39896014819
7618.40059441094,7485.98644921828
7898.27145961658,7142.29810620848
7911.46701367746,7961.08798745227
7880.77474306606,6481.02198979474
1083.58790833094,9001.1387636833
7530.09247163823,7559.43282461303
879.392989418004,3396.26741433321
813.315952046902,9113.70754064148
1341.80314260847,3513.90351106056
7071.82101740414,7200.78270722105
1598.02191327414,8563.39785185963
7483.85644866906,7313.0461656361
1526.81309849989,8849.28157691348
1926.71898662225,3979.72783423727
1033.34997966277,8272.26225732341
7871.97087847258,7279.80684078034
2773.17686535145,4191.98269570178
1272.61279622526,9294.7391561901
6941.7868298427,7510.04184601277
7789.0579628782,7411.32790289632
1121.42732199217,9001.10235222716
7969.89210170741,7547.31545212112
8484.68639906735,6734.03465548287
1437.43464495173,3760.36196783211
7839.96531329442,8359.90527106376
1501.8058731854,3809.61700815915
1343.95743818338,8864.00578068514
2638.68846537215,8872.50326258314
8555.1527980779,7612.80063133128
2110.01337086356,5264.15944300288
6256.42514751854,7510.32904596481
1192.79578702358,3575.15643298116
1704.17259306205,7921.12582772424
954.531763084041,3160.49278464576
874.167039668284,3064.95626384294
2043.31256831284,8509.41032964942
1848.2108047729,9117.77342763871
7546.15001735565,7867.45948900791
1526.18875598668,8921.59488620591
1067.28197438732,3525.62054978213
5884.43499607455,8493.77415283641
1272.22757887264,8556.30204082051
7116.54895024234,4948.21134786018
1287.76152070378,3237.54464651916
1185.60839958348,3452.03422453473
1470.99572601222,3710.48622061459
2927.12187734878,9311.52190987624
925.744412669772,7883.20051188692
6845.91747237107,7292.74112679832
1964.81020456419,8634.54182527433
885.968402281937,3474.61034748767
7009.63856184506,7748.38668478597
8060.34750168337,7780.19089213427
767.612815569739,2971.55398494442
8393.46644401103,8193.63624596118
7099.23998113064,7807.42765195127
8060.02904975395,8498.20485854006
6985.30586973423,7999.05134677625
3625.52159396531,8355.92772305229
7923.79058164117,5721.11043010333
7017.25131922334,7561.94411091453
1422.1703337655,3509.82815864516
755.789628131684,3379.60768255771
878.39682649302,3533.5982336353
1954.32935207711,9176.16431617361
8726.16229097379,7350.33288845624
1643.60170474013,8393.16354764744
1349.17751779272,8565.66328013713
2141.13697837877,7998.76985934906
1247.78804692825,9095.81852378647
7320.63128741411,6679.93138980253
1556.48512528509,3827.87751838858
8034.34413358258,7307.88187172947
1584.23181845379,3879.34079140558
7322.29548750167,8046.99942769726
1417.01797310249,3457.63750611729
8474.84555883639,6132.51085561879
7075.04488615652,7623.84016408269
6498.19902859404,7472.666617494
8045.78219655894,7756.56542612606
7528.38720208132,7595.13020401094
1023.34062863811,9193.56098304623
1312.26969227999,3795.97623737402
2769.47063068155,8201.86206633345
1477.32122102866,3720.52841703595
1350.83761842234,4680.93929151262
793.563855423276,2936.65733876389
1201.30647836559,3554.48276047013
7159.39506079516,7923.7647752463
5596.96055661743,8959.47825376152
1950.90265664698,8496.57522126227
1858.8025068606,8508.68172197899
591.86276947987,3317.36098266789
7935.65698782953,7656.92175750865
2048.03762854679,7785.94132359398
7971.3025260474,7693.82908368986
1156.86169733517,3453.17548736783
1336.46989473027,9190.22730623391
1488.42872367201,4157.54679628705
1501.91188075922,3394.87492069743
1455.10557577631,3498.68777689752
6839.7123947231,8155.64544912709
8696.38526613792,8366.30063972614
8572.305195178,7231.75763144435
5675.77596921843,9189.02985383057
7974.13800756421,7568.53094956085
1247.13730387786,3733.20383509142
1012.59488358116,9037.74025399029
1472.76915189684,9166.58631415834
830.882242576225,2891.02637183857
7424.34864315567,7701.62653949304
6746.03803687718,7890.27607709683
1495.95384226497,8337.79336811933
1416.98330473735,9220.32158229392
1306.095550685,3755.18686962828
7156.24802974255,7065.88352805598
6583.06875959479,5427.90282719457
6671.77427511496,7180.25542467328
6803.15998618623,7661.03058552756
1035.95933833473,7353.65854644958
2188.10996731881,7926.89016474229
535.840522426801,9285.29631746701
722.87118455475,9113.79594054604
1382.09118355089,3766.35849009715
7525.93045388689,7764.82766706604
1779.44085209707,9248.5670955
2173.65487170438,9069.69168905454
8856.32145137101,7209.10274406235
2268.43667570147,8703.94187009632
6696.09634315085,6780.34718813757
7514.85963847514,7481.67306041462
1799.93392988715,9381.83867090295
1204.12618614586,3411.20279165627
8315.79081889506,7383.87495601697
1636.96470698137,9220.40979106233
1704.56286066841,8901.62524670452
7064.58349694173,5140.43927160966
7664.87827132911,6692.49873635374
1370.3755443684,9385.44452794582
1038.1927862879,8836.28555617942
999.829884374401,8341.4345303418
7554.86587844315,7891.06819411722
1215.0611043448,3444.65017658677
1925.73909545045,9212.14033370603
6994.27489461126,6691.07156907879
6998.67749184922,7701.17548469599
1476.27075455338,9070.33536083871
1488.68234250557,3656.11771889772
1071.59871218652,3593.8668341499
892.041976964186,8959.12496148912
1022.97634126801,3291.87216929555
1363.2593762559,3750.73811678744
734.151596875013,3051.62672173517
1718.58708941704,8573.85617033373
6652.70844633272,7090.09355823635
3403.95595974163,4150.51763382748
6741.81175139811,7195.46930856493
1151.97059764711,3361.199960163
1491.51811396495,3378.21935558707
1220.89034252892,3484.11902432328
2883.16034563837,9074.69081756476
8158.03572681097,7893.78266128766
1203.63209631076,9096.21531213624
7267.65026572511,9675.01108835883
1469.67820817482,3896.72883580384
1284.41278381292,9098.8117689973
7942.61325480053,7827.74663820345
7111.9761809709,7899.66269454935
1353.88451492832,8755.01894884398
8010.76619701994,7336.38833689079
7425.72852175609,7698.38444057134
8333.33759853626,7219.96873509357
8082.61027303621,7683.95333459222
1285.92028163713,9154.80919909553
6311.97923401551,7716.64065982223
1386.57964450236,3663.14365801324
7028.52757770047,7641.41122282086
8558.00189842297,7912.38490384727
7972.90865998994,7734.89029865502
7122.85706473565,8041.53409648045
946.937810665719,3290.18261037206
9339.78924764796,7110.07065747305
1050.16981462626,3692.8678350526
1685.44808376162,4960.9823639296
1934.6692685589,9064.36211681328
1125.49022249881,8908.3150066859
8942.18283858229,8190.88320732649
7888.18615567762,7978.18317075267
2469.50064126133,9282.89998283382
1402.22947243277,9203.02494313232
8051.92971843409,7251.88306215147
7426.18230244231,8908.78109329376
7587.19161243434,8383.76731527637
872.139900559667,3882.52406368409
771.476470330209,8979.68199228268
1655.83855102018,7885.37229264202
1837.00429400553,3885.14307044442
4256.96297892258,8436.32435246972
782.597476490037,9236.79767441746
1262.07528579802,3467.24101736499
2081.50873347049,6017.96075048061
1941.41301375947,8373.96657890684
1051.5045818732,3483.94039697268
962.69604221079,3039.76395108666
9301.77547519652,8217.668319159
863.032561639884,3283.82230709587
7312.67130979331,7382.95852243122
8087.70926446534,7769.17106237592
944.707220585353,8977.65492111554
7444.88407771828,7726.00463116078
8616.29361506632,7419.91341597543
1918.08522551272,3924.47862050046
7472.21188794684,4375.66156446934
7669.72896436113,7486.19216000268
7107.65558692967,7686.50329303471
1707.64882681494,9132.95404505375
7423.79022359414,7326.58204861387
3954.04035823396,3381.37465070309
7481.96071584138,7898.68749273862
7494.55032228914,7837.79730391376
1883.51117294264,9172.62906748128
7731.26617502826,7759.79474267877
990.448816079834,3870.20309248297
1984.10567473995,8944.7409643514
885.654637011683,3411.60605979879
3238.69905054592,6050.80953786095
8423.0783462347,8160.32680956226
6903.64837614381,7109.88854194484
1878.69155039966,8806.37480233237
3773.82568260169,8850.34595285205
8083.72603639699,8044.17456001191
2073.54083990471,8675.79935838029
2064.34792968448,6890.70062410365
1037.72484021584,3528.11734687855
7574.49036149937,7823.82000167023
1296.43683246192,9381.20434883474
1222.97540135408,3247.02230728975
7077.36897581838,7540.8192029386
1452.04591968947,9028.9093439046
1083.0525233789,3981.21321124697
1750.56749924634,9040.2551019283
3274.61528838224,7338.7430822634
2338.21063852881,8591.28506845488
7512.27675565425,8190.30755299629
1208.47577804641,3132.82340280673
1625.79031803992,3865.96749144131
1016.4136000173,3366.51771903652
7526.654672307,7994.74378369121
1756.56266012246,9035.00354872145
1569.50734192438,9038.24855619869
996.78392242962,3332.50474507021
822.41413357328,3396.3463659767
1206.24190509437,3374.73258722831
4213.51285672739,8342.4744578388
968.832544304007,9008.91306068001
937.138787727149,8862.75965410873
1866.8100533981,3845.89498376834
8332.57038712676,7945.61985835347
6879.81453261432,7923.99992511882
3078.05839339532,9294.33704501554
946.99712481791,3652.9607839247
8267.12233857831,6316.8272763739
1873.15726035936,7506.06461294552
7727.08276406692,7051.51132305091
1883.35381618387,9027.96234977974
1376.60090550705,3852.08977551655
1634.47132011247,3624.55755204692
7805.60830606013,7426.49291909453
7494.45718221349,8178.60855102498
2231.02282782391,8481.65239601888
8107.52862761534,8573.64594613384
1584.81059832236,8963.73890536178
1399.79587756211,3656.69240173435
2318.4615897271,8336.36398350534
8013.70521192553,6644.96379739281
1447.87074735312,4019.40575036175
7912.41996388764,7525.38147843727
1319.86688142764,9036.27607366204
7161.86223491264,7669.36038022087
1140.12762481264,8894.83899374151
2168.61999589372,7681.59851346052
7975.34118730339,8016.41809595066
7574.3662781484,7131.99056136471
8763.0501732848,6922.59587195225
1089.88257599105,3461.74927344851
7856.0264178173,7236.81143347371
1518.05573997091,8166.75824428295
6380.52556008067,7349.16566386125
6761.00583743237,9325.19164299061
6925.08384982916,7953.98313304407
1733.30896911071,8944.88493999947
1373.39784913527,8453.0829619597
1624.23882472638,7472.84597909339
1499.85354378857,3915.42119612788
1105.33765628815,3051.63573752236
1472.69516194062,9207.11585036368
1197.18160218415,3671.34173342398
7382.77276423159,8309.0113192937
1977.41174497735,9168.08393328755
563.10806144384,8559.56379604607
1586.93647882794,1739.04032391045
4743.25318482874,3533.93141181332
1695.84639578407,8964.47175111878
7580.73151710769,7868.79638274383
7425.93598535964,7670.90208253399
1188.49879642703,3662.93251603608
7254.28955832293,6776.04554940309
1034.66886587642,3318.62100675157
1036.36950520713,3206.68496523153
7775.66953286324,7359.1679065136
927.010907077006,3372.18935560594
7815.70193847288,6865.35255602454
1490.30294549837,3472.95833860274
1385.49642005885,8615.75578294674
7922.95456532739,7478.7121678325
6914.05858027902,7819.74147283851
1112.83040799631,9039.21219783568
1762.74884134004,3602.65342796648
1940.33250173526,9289.15081837661
7120.95027048614,7390.19479886739
576.888862144282,3093.71911233238
1347.61111983774,3805.28217982654
1385.69480471639,3633.04963188006
1582.39282225135,3672.02826871541
1399.15937228997,9048.75894638674
8081.91963541618,7741.33417244922
6480.27666267684,7226.27767655751
7000.30419033491,7836.97933246833
5591.78006087497,7701.45504473919
2223.6790694946,7203.25322777011
5029.01911146236,6241.98246186211
891.736413522797,3388.59236689768
748.574892275071,3123.14954498641
1482.95661651183,3564.04529392212
8067.61264239668,7292.01166818219
1358.57619134892,9164.71945866636
6495.41348242981,7633.83636396756
8899.47308531496,7368.71088336462
7215.07404185705,7117.98452592183
8072.89480184014,7169.27669621544
1532.63547308454,3570.43912267307
4060.82552598273,7830.91880103892
7252.6020055467,7568.73424837497
1195.47440013869,3942.05683801546
1856.53749683789,9357.50065006868
7080.92253877387,8148.6230472194
6947.63031808634,7076.07466473074
7600.24592818398,7747.49134822948
5469.92132196494,3819.25117023157
7536.04884189766,7706.26966125301
6817.18894525039,7207.34492771722
3347.06239524274,6730.76468522939
8399.56941686061,4856.85244623007
7581.64603716844,8352.62037046045
7694.28304041526,7677.56837659308
1504.30554095754,9089.76083132812
1685.03404199134,5312.27579289681
8506.54496553624,7511.23537625574
1297.32808540336,3755.18843466422
7802.98283014897,7706.14252728872
1191.74207708372,3334.75119895889
1625.28019169975,9081.23743899511
1233.47290903976,3837.43858580391
7287.21831207539,7620.31936797638
7957.82941682695,7617.09006410716
1805.33258804129,3613.86200521245
1359.31556108594,3483.19442787199
1132.07561970199,4386.30813833368
7692.68135399715,8716.90397925933
1805.7652174309,3840.29776579069
1386.84916920043,3440.62356849007
1916.38691538234,3615.28122549713
7360.94528406819,7932.469738865
8171.85096349076,6898.00947696808
1399.27975684934,8940.98281915888
1431.91899621313,3499.31519165693
1997.66658819666,9083.32381886458
6688.19459119596,6955.197435804
1722.29660546219,9282.98535321584
2906.25750343011,3947.80230109786
1624.06115322608,8848.34660487928
1159.19498537966,3158.96085581147
6607.6663790871,7542.23471436716
7044.46256147202,7557.42590242563
7729.85851100038,6893.57577094063
1455.2355606083,3446.42151069888
7411.98653002621,8262.75585739585
871.283465980645,8433.40420056858
1450.03096008767,3722.77230405535
6597.61964241409,7509.23688074723
1016.97666156619,8745.02804261391
1183.11180415768,3781.80723706475
1548.87399424536,8507.73891718258
1796.76547363615,8852.30163013171
1313.06589740729,9054.01518288309
1390.6541155013,3405.37725510476
1547.24057866559,8927.28118464164
999.592361238074,3348.96945899811
6825.24196459318,7505.87628444406
7927.15379001901,7096.01484269472
2374.39765187113,8377.94288447304
7848.91781698075,7237.59576380723
7200.99755353685,8199.37588119158
1450.27523834935,3679.98475690996
1125.1695729475,3109.23921197594
7363.14854393112,7358.83499446926
1467.60787741807,8892.76945429826
856.451764311701,8831.70574043249
6732.26206312823,7540.79009738228
6903.7737443614,7251.61944579457
1242.9392586515,3727.35419591473
1540.34966302122,7479.10198749066
7477.6670895448,7743.63160830259
5726.44021080404,6765.14627040672
6802.34224246752,7870.32065897788
901.500903788004,3194.83422210875
7595.08867943408,8053.03717393587
7620.51969198451,8010.77495909081
7436.05635853721,6840.54756837328
2605.24126897235,3240.76798870745
8420.83545395673,6347.20549778728
1496.26521297452,9259.10070022996
1131.15446653174,3408.8431413067
1515.64685139886,3754.68531396489
1389.35395132847,8709.14691747233
4611.70001698461,8339.98977272703
7096.71975321928,7866.72492912486
807.443851854549,3323.404571157
1463.45073655859,3562.13637429187
7654.89595523925,7172.19549416027
3717.95400969947,6683.94787105758
1031.28721592596,3567.66095568942
6958.68597828825,7180.32862764834
621.168724265245,8872.75365259193
580.401006390929,8990.82212833006
7388.22529298658,8279.41796393589
4336.10307180461,9194.89519549192
7799.71309020066,7315.10972582913
2302.571036491,8157.15529636981
7925.588761719,8082.5153326611
1741.37986669899,8561.49284653653
1457.31218690965,9124.47942234545
8243.2716424402,7314.7061168648
853.407973448815,3328.85511804353
8993.38482350926,8134.04376604977
4595.28739086261,3423.05146226046
7513.05987090669,7818.91740178793
6823.56725520075,7581.91416205659
926.296622230105,3705.81650757998
1565.8487393674,8054.30051452656
7697.6184007241,7304.72987112128
1467.03463286625,8978.3796661394
1391.17685540702,7814.01666178757
8005.91226054909,7075.83621691385
1915.56730870423,8356.92885189676
1440.65140767162,3470.6094283457
2427.37684613295,7574.33004410192
7466.18599489311,7719.91559442887
7170.71420334882,8280.20780813155
1494.55691523416,8870.30506111604
6947.01355587206,7667.89726032569
1616.9807437654,9078.92353871359
7714.83176418018,7641.66875052775
8350.43777485456,5930.48861889587
6710.43172949757,8140.00337044105
1858.8849098257,9017.53955842235
1025.80886555367,3240.49953997079
1503.67397526573,9109.72363322804
8338.67974620111,7770.5521548387
2032.44391664714,9194.26206806954
1226.33680195902,3701.49212289145
6382.79088379862,8142.8035090054
8602.52631522402,7125.55241934816
1649.23116915871,8881.42834389306
2252.35623571378,4104.19270072456
8445.43285916795,6812.06237027144
7195.63708098652,7890.00622234699
4290.31552109878,9013.56798198357
8302.49422885128,7749.46810173463
1294.56210285061,3600.90156847497
8765.43990992612,7726.88818846
7135.68804305907,8143.61444361192
7687.08124793955,7818.37850677233
1624.44318708897,3895.59219574569
781.743221800649,3198.92133483035
661.459655809456,2979.04586617249
1284.7217860841,3468.29456045339
9111.44115930141,4659.01379586941
8276.55394255932,7845.44803465616
8681.73183927955,7769.95829275481
1767.16240347629,4015.96436061686
1456.45395129151,8760.61592693428
7463.86517434047,6689.50851592841
981.778363652545,3511.58610249457
1596.30002320496,8973.46308923403
1466.21618167379,3685.46191815184
1833.36627265878,8089.21221569921
7366.40579511368,7681.59336306676
1336.21524303203,8121.60521198374
7303.67917356806,8048.82847846185
945.382435979194,9008.95743657265
8676.77768183953,7277.45837481499
1916.14591796883,7648.48285237588
7229.05906390071,8422.84925151111
1247.03231920089,9116.80667413444
1930.12013527724,3889.19200146301
7475.0627481823,7286.01469818744
1716.89127286882,3711.14884433265
7310.12000137746,7584.51146740333
7304.52114216774,6739.28261331779
7586.02762922957,7725.31061603607
1274.62401225003,9450.228139456
7544.63892169661,7849.12066467895
5044.70689651239,9020.94725095515
7548.38033144097,7505.0502027568
7837.02110795394,7029.95966507246
7206.51132373507,6713.32063412514
1428.57033413204,9194.28644173151
1463.64507648619,8870.31164987266
7263.40086458313,8395.00206568249
7869.57071421068,7500.63227707005
967.178092580306,9167.85331111255
1845.38729940725,8927.70426615144
1089.65182432641,8139.34139349817
1211.09765022009,8280.16589693053
7473.11848444704,8343.21859092478
7528.72471829064,7231.01559246102
1116.95803313294,8996.24723215067
1955.64476515247,9061.80770144285
3190.71125667994,8803.40866408469
6193.94309038484,6896.2271776088
8139.02540941533,7680.41624063572
3221.65541816499,4714.07020593771
1357.68998680243,8941.66697192528
1045.20978868098,9006.65904776773
8019.66629305703,7635.23770996032
6700.02654545874,9160.25638771898
1918.55009085087,9044.82921485097
1916.96517873458,8901.28610384482
1449.88354074635,3901.40262780535
6727.10694052091,7980.10259207644
2405.63157797545,8402.17050488144
1912.49654634307,3670.67824863357
1688.39126411563,3636.11110045432
2274.14387095004,7731.91485324225
1050.3865071252,8660.57335241349
7406.06011095031,9126.86920057526
8847.51493922817,7901.14744694171
1475.24112914333,8924.66963701301
1489.75713511675,3495.74450975056
7000.73848202413,8126.486003557
7386.80726337741,7698.52307908614
1399.34160037204,3758.3850484024
7247.57688252923,7650.93863879736
7775.65636086271,7788.41383328867
1542.3810351034,3738.13436756869
1211.22862741433,9385.66274991375
5579.33203618498,4010.30475729447
7600.53672669596,6912.756208973
1847.36482844753,8193.57833555998
684.92915416477,1168.98338542962
8267.74005226557,7088.37552230894
1117.72934548963,8609.77691650853
6864.69961792667,5618.39616499798
2126.38742218908,3851.88179380481
1084.3230715543,3432.94239721973
5437.60666302632,7208.75566751228
1437.08068001165,8082.0262812393
7980.46384431159,8290.07692454144
7469.22775913952,7659.63585510421
6911.93727144863,8093.29794882948
1999.11850392058,8284.71932585582
1393.28310649928,8871.37471864486
926.486603928099,8879.66574784079
7448.53582318772,7037.17826248897
1658.0635942131,7993.14772608748
1028.39473849992,3584.39485088398
1472.27561710059,8536.9694635831
7588.87810833064,8395.01439008391
8219.73223926822,6731.20624360998
880.483392626924,8922.86716425157
7079.9280219666,5961.65327480525
2039.46208238096,3800.12670067823
8068.60159322252,6318.02192025097
7188.7781103356,7294.06392251377
1258.65413555041,3856.60889231096
1592.52963088024,4631.58583635142
1118.4579923179,3078.70408542266
767.403303765813,3126.85894354239
8782.83883216612,7367.75469305014
1621.14895740997,3692.90635797887
1356.3935489516,9043.93354376179
2105.77965848785,8807.15033145406
1082.01546320074,8117.42219721503
1620.86578183377,9318.19225673746
7785.48361737923,7261.59224530531
1921.86502527209,3647.55095392794
1409.09669950134,3589.21802472878
3015.42883563228,8625.66812677123
7250.50611702604,7839.74480591904
2431.55852545145,8346.47907622846
1504.28141205046,8917.86564057921
7754.45850112266,7952.16952781441
1558.57182533775,3687.02438520608
8092.33388874214,7036.72996857616
7832.15086101292,6021.08493555485
6929.67967065045,8004.82297622617
1986.23434286827,8289.28454326578
8696.08256364311,6069.48341137602
2136.14983606816,8535.5322690244
2310.76202891174,8683.3124969593
3066.77191490679,8618.66241692167
1006.14674946734,3389.77500351625
7127.14527241244,7986.30343938804
1481.81146531258,9104.86191895415
5296.9008444631,9371.91496442867
8289.43359961359,7810.44188737132
7423.85362655791,7353.15373505059
1231.24507570092,3973.9332367496
948.021149001009,8213.15368688709
1167.80844443597,9039.88795269896
9497.13020905963,8626.55623282064
1104.84192690738,3428.46676742041
1626.11013610581,3693.07447632359
2604.89548882331,3791.7511707435
1008.71598780173,9010.69441516741
7520.58136732124,7287.6686786903
6930.04194297108,7586.35997521806
1955.33417631869,3996.43645268083
1148.48973459828,8352.4718524264
7893.48026862438,7140.28264325376
7142.05303286686,8327.08249576829
772.11379638918,3480.43739521582
1144.46944357644,3301.71638008588
2229.88856206014,8292.03330128539
1414.88104563285,8915.03506620923
1287.41538940145,3633.65727441029
1878.97946038186,8856.78422171651
7546.23994049583,8212.40177437799
7368.28536538771,7575.1764751769
7188.36127539397,8296.44482925437
7689.24345244461,7895.42996158391
1380.36981078554,8211.63249467379
1615.44388734542,8893.45608341113
6856.23342140286,7668.23504630311
1106.48484403367,3452.21866426527
7052.88693806437,7588.93090194221
7084.25991865178,8234.53870762969
6256.14400809636,7666.51684827148
1487.8856100966,3546.32380670791
779.834479571976,3264.98895751661
6979.61239392578,7470.37052965385
8234.59925730201,7707.44830192664
7859.34287592619,7888.57983737333
5516.41755982113,9498.39850822186
1474.53782608829,8950.80863772156
7539.323167898,8002.02033004101
1337.35685364227,8965.91575717813
1811.61171180538,8397.51488386131
7967.80896432385,7549.20220151077
5176.05213130522,8301.18333321674
7403.76710195242,8098.50272171955
1653.54510339374,8896.73457010579
7543.49382956498,8157.02541019442
7345.90070815139,8351.85809499865
7467.90622205008,8221.31250452875
5190.34695283204,9139.70664239871
8913.78024551424,7675.56765781561
6381.49462631716,7530.90233068691
1124.76438574311,8192.88484495471
1559.50775869861,9137.69332257296
1409.39314127477,9146.25087102451
7535.02084610952,7459.53664096833
1507.16958015967,8418.53582298502
1426.27150937879,3549.30304642983
1660.83180176298,9438.67126263196
1425.11844393019,8167.39337804618
6621.44048075138,6907.76149502702
7562.88213254044,7179.22031730436
7890.49046554397,8197.25230388737
1341.59644314874,3708.39826197971
3105.48786643467,9166.64547621114
9836.28270502899,5778.22259564211
959.564009501297,3355.59745417753
8160.5054504413,6429.09571418562
1547.21214451392,3639.96367124699
1145.2507294675,8237.48770106936
7085.69852523531,7819.97599681009
1379.39063059549,8348.65628917755
1303.82189256367,9055.03749037465
7287.35974478852,8158.83228076321
1929.09868850681,9085.24256962409
2105.42424416205,3684.29446934915
7351.35531234164,7592.17583115656
7687.3223795745,8039.12191545023
1121.75427099705,8823.36738087887
2055.93943691354,9061.63602427407
6722.29115781267,8166.92130565635
871.494410264495,3434.57911394641
1267.31454069264,3590.69556079994
1023.3001967272,3122.34659890292
1242.96536486789,3252.67026721389
8098.78763429543,8112.71075088881
2019.41924465134,8292.40110656007
1333.68203972738,3628.49604847735
1941.82880416824,9069.88289022639
2396.35835681521,7448.16746466168
8611.30080884899,9431.63295170737
1097.59139538833,3184.92546029919
1390.1968693586,9048.27876481581
6937.88067861858,8195.51092858313
7581.51958694452,7866.07473692056
6977.63991035036,7710.4457720947
1115.5755296788,3666.69149734236
8414.07649906254,7366.65742716173
646.936569073194,3178.51577549867
6762.11475410765,9416.89201890573
6873.11275467007,7861.90440194348
2470.69488718987,6953.4728400417
1878.54641229808,8578.02932592121
7336.39770351593,7339.0246462594
3248.46335506638,8686.24785593962
7087.52452886907,7800.04074343507
7016.49405209494,8105.9547895736
7795.82413964967,7839.0983856229
1365.015139169,8900.45496312349
1239.50849238325,3606.97877921531
1469.96806573483,9430.4387588837
2798.7725763818,3681.87235915344
1179.48374317927,8989.97946031891
7362.08493750406,8126.34001590924
941.177439998495,3376.07022237045
1412.57977886269,9300.36402142538
6785.85341186384,8672.31679798925
1253.57450021021,8990.667065057
1924.27973328782,9170.61014329958
1383.49202921108,3435.93616962179
7300.67754310057,6411.8664830595
6922.53901465701,7642.69892538007
1256.66725026292,8929.10613147542
1645.16311818895,8885.250715731
1403.90146700801,3768.6242534041
8643.73441787014,7896.57818319941
9172.80963380925,7114.67259958031
1475.40134079653,8865.66630326131
2343.42696710216,8894.12508939126
2174.05014766998,3870.73201659682
8793.23187911234,7611.73086676243
1770.32168936936,9017.43298182639
7709.97495959524,7889.25377539527
2049.80195069957,9307.86574114242
2208.5082847847,9166.84033941917
8185.31213648404,8067.78229996105
3795.23293695177,3718.37141452584
7140.9751623302,8000.12649378289
1342.89354320637,8931.05518516126
1350.93058574953,4234.90900779689
7520.45128450389,7651.10697342714
8319.44594242028,7709.26456561605
8348.6760947059,7800.77653888567
1673.11639209435,8541.08025270477
1608.91754401841,8902.80398948942
1425.0150150652,8901.40490412549
8110.71083163446,7468.02966733008
1050.2514244653,3515.83603447251
1424.38922692254,3628.81222347886
689.967393875496,9280.80208138469
1130.2559364767,3253.71846690359
1340.76880904484,3294.59702124083
1278.08065455147,8080.04475522798
6708.00133442948,7582.71265669185
1325.5900066672,3652.33764206091
6730.25767878529,7032.14563077924
950.364908068623,3743.92624288588
7860.19320065316,7443.00777311989
2710.59554994509,9327.80746655193
7149.07912957558,8224.84699164831
1635.94586698654,3411.73341079098
8049.74895965118,6935.91730812433
1501.82148064259,9122.84440445717
7768.35868875846,7419.59744344594
1821.26178977657,9224.1143014014
7043.53482544427,7706.05896341831
8501.54328060482,6611.35519067946
1705.12477360678,4388.41412650712
1039.37781248119,3999.42482610971
7685.47157141981,8147.81307103155
3860.06727236374,8230.57573580836
861.813140089306,3291.8754075056
1689.22972217866,8920.72297832973
7428.97602454585,7980.51788107906
1565.80580807914,4615.9763664712
7430.14999515921,6619.48308303681
1366.90130876893,8402.27686294883
991.578364752306,3235.39936920233
7331.45425381349,7234.90430564727
6996.46149647717,6810.12269370437
7733.6603116244,7232.87369775347
1680.95716126703,8513.49371642225
8752.34814755176,6516.59880551584
7478.94118046245,7953.86717766715
7486.03823398909,8601.27080678973
1819.27137099927,9269.46205051138
1012.73382244725,8851.64809302957
7892.15987009347,7666.1349016253
1647.60743592232,3791.01574327
1831.88584109802,8030.55093533786
1167.01736502167,3346.0349210928
8164.40436403355,7975.43970736975
7041.92155956727,7449.10493493109
1641.94459913318,8138.53743271298
2707.29642775152,8241.79495958445
7344.21910896036,7439.44643180845
1194.05331475899,8952.2937059579
1780.59932849102,8907.14543440095
2054.06699737552,8455.94489438381
6648.28772863447,7331.73544527302
8025.78847024835,6595.89842746794
814.140512765444,8493.94210588704
1785.39289633724,8318.32365850944
1458.54554199736,3744.3407755012
6034.80468585929,6839.62603365431
1500.7278993858,9121.34181845399
1523.18847605473,7562.86131163822
7005.68389660004,7945.65084028429
2295.03577213787,8578.73256883003
7693.54397893742,7519.43643521699
2129.54881599248,9044.73096314577
1607.41970708088,8439.74253147976
1487.38733423595,3996.75036749516
2183.88483719576,5337.25449422813
1630.60655852145,8903.69505886398
7503.43097334287,6716.05090375821
6929.04579791736,7699.7223284038
2211.50933655106,8983.08625615163
7444.57743455528,7443.84385973154
1648.28774745506,9032.61222809202
815.783102866449,3224.73609810449
1394.72087113729,9047.70105322242
8206.65717297048,7768.28926520351
1240.16896125669,8965.16727467193
7748.0380483131,7788.7041123703
6804.17313213898,8190.295900483
6529.23213969978,7408.25061833898
887.83282386738,9350.97054403527
1733.71079120293,8949.8597316396
8512.84053459037,6438.24923660311
7680.51491046912,6625.937109902
1193.60934870876,8939.30588006513
7316.77330713248,7505.93909679621
4235.74723865279,9113.7464973372
2112.21424572626,5129.42473264117
2477.94001784815,8457.72979381071
1964.0166844368,8880.21800424198
1113.39971842825,8520.06665514796
1114.26119362779,9279.90334197261
1793.1224158003,3833.4947512821
1834.26241598556,4187.25893818331
1569.02898730492,9035.4778123492
7789.41750643339,7283.83222138617
8984.66199564451,4886.93460658601
2044.88082508149,9090.1351106825
6309.72929870107,8333.59447004246
8203.9970912177,6992.98428810122
1210.8898971609,3485.57089344322
2337.34458580789,9109.83417820728
7985.20467234563,6927.15821436077
7135.79781592842,7305.33206268769
1706.44781329729,9313.29543041328
1094.05278015255,3218.84126035944
1350.42126508242,3917.49841777652
2084.92764810284,8982.99706970739
1044.92363021502,3325.03837168937
1120.88243603033,9095.87927902196
940.628149647371,3365.38051506745
7554.29549195499,7966.58687977728
1474.23488638907,3643.09527527489
2399.3793562165,6535.73640403242
7340.99682910469,7821.57297367237
6602.80418809339,7217.06243436742
8040.721895656,8026.56281989093
948.742284471596,3327.5194186449
8426.76912905233,7797.35506141451
1673.20403708764,8929.4588403837
1472.40959355438,9207.18438631108
7623.6619427357,7079.15834586947
1979.07758746707,9311.57427431241
1467.69086004333,3760.208691071
7220.1763491792,7340.27576306944
1612.37620805203,3853.16270668033
1157.15319419519,9033.65726199207
7934.31683948599,7633.01274353111
1907.26564153497,8681.55112449341
6515.41338342547,7680.57221262363
7038.77997535985,8082.7379134774
6654.0181793954,7995.41877633338
9037.20704285475,7478.32511482952
7104.70842807778,7174.46194730813
1236.30317862029,8565.71632203722
1545.86385892597,9068.76307225815
1103.57596536927,3337.31596580259
6683.87285977452,8348.55207377491
1138.66442137144,3286.75912640989
2651.32540157916,8434.61346920951
1433.23195938952,3778.25936930987
6738.09409804493,6638.68584953515
7779.99173626055,7545.69681325565
7060.08985204425,6578.70115574496
1176.88531021834,3271.11431390213
7517.47156422249,8078.65473184686
7907.29962797462,8069.17098285334
1094.71889895824,3256.99968303272
1527.95451706526,8726.35465979412
1457.41957608367,8453.32235232061
1202.53913310728,8879.93177926301
7633.63304111105,7030.98675259225
1732.17815497618,8821.11685461918
7411.4267700885,8037.00322849295
6795.51676350647,7575.66889948072
1339.02801559027,3713.8660344743
6539.70261764868,8287.04432593397
1646.9293168389,3805.51245836158
7842.28201957415,7809.28086438267
7631.63770068505,7025.88419669778
7164.2081171069,7424.45488934857
8578.24049958128,7706.16255012429
6612.42881353897,7482.66277964068
6328.89938900988,7162.81736162737
1500.88001422413,3596.41252934158
7345.57312238675,8108.3574333037
6779.65795138306,7376.30621525347
1338.6179320674,9369.31107321463
7960.32778650488,7885.58524317964
1755.35444075969,9291.1924563983
1615.71312808387,8590.41188352156
1120.96697080792,8670.55011827647
1403.19406261598,9137.01581953215
1334.54404469696,3296.36083290314
6858.6684390148,7849.90791485709
1153.40757043582,9229.92831177821
1347.53807957127,3588.40664708219
1762.31296136694,9293.1692216554
2247.72217714765,9087.88074183555
1410.02020582072,8875.89900366219
9988.00952347118,7146.5039597278
8976.32047907294,6599.37635575971
6569.49817639209,7070.80418860468
1363.85808678911,7922.90122741196
1865.39580007321,7331.22676684983
7447.53060575079,7350.88568706388
1765.51210540506,9291.65137527988
6602.51758964136,8093.52935022192
7798.15345400527,7348.62945803362
2233.09983816819,9164.77154440576
6717.16602741989,7840.18461345253
6970.51360795849,6883.77144156227
7778.22491498015,7081.60107472335
7383.39275250719,7072.47818764065
7036.17407667039,8257.69801024848
1265.79515863892,3878.62378387947
1621.56164903001,9067.51161367059
8692.23870610124,7952.97287798085
1076.10997550169,4129.24211852918
3767.3751865625,3387.64079363468
2122.03112648089,8922.90805796591
1349.69377370012,8894.46744803557
2472.56233201541,3703.43179542889
6846.33827194558,7119.66327032989
1427.57456399791,3448.97443614245
7951.30327720324,7308.51216786953
1550.4411726894,8008.63321395057
6981.13713168337,8452.1233734561
2060.26159554502,2936.62070109932
7942.0726866668,7676.22523872993
1614.03595449244,9288.04775631736
2006.74908208815,9085.48994568675
1143.99236108014,9005.63531510889
6266.30421090041,7266.04641231781
2341.50881691403,7461.35382148393
1646.28480554213,9178.26667117418
1493.52243138499,7893.56174730766
6735.92475675924,7055.65092752183
1229.62620382,3518.84279288831
6700.8476756813,7793.76478982577
7596.84279288541,7749.10492580706
937.506598802623,3436.21021875236
1545.20584195705,3804.15857706867
1180.63243892036,8983.15816720607
1527.10966871456,3817.11578536869
7835.01193203798,8139.72328126938
6896.49686901117,7130.66176358486
6676.58873105087,6925.46140538087
1677.32520050147,8811.31467267155
1752.96076106845,2598.568788163
1923.15673860933,8250.08394583086
541.838463565371,8745.27821250047
1497.8660298125,8742.62028010165
1346.63291680555,8585.31669594088
1050.05342569294,3053.78660910812
1665.56387984566,3691.50101685504
1020.64251422298,7622.04877292707
1364.71343560379,3571.77131130911
1916.63201238832,9017.70019742928
4972.80625701058,3486.32425274491
1144.78727195179,4322.18534613031
7168.31465921891,7888.16198631745
7459.7601453221,7966.76471531203
1212.32814792848,3647.74415452658
2026.08921570077,7378.66949627674
1305.2790807386,8352.37082482781
1813.9278925865,3761.66195534393
1364.31194935351,3652.17354223372
6875.49895708122,8547.0858183973
1393.07808760248,3600.9116097379
6875.47657707673,7660.31638910672
1697.65360353013,8824.7181027036
2230.72771910242,8980.21176878907
7095.60986640716,7108.80902696317
7826.17369569794,8105.24355278095
1587.6337907701,8329.60860714639
1384.04404382289,3774.03179241797
7579.07967474077,7670.16917240663
1640.93433015505,3357.1079577936
6977.26977932278,7362.21012224404
6743.3172498091,7795.64382464137
1838.23064493232,8163.65390926883
7680.3081526376,7983.95481342034
8579.01453140938,7886.76489814077
7636.73002427549,7706.00326407682
2512.59771527437,8920.16407489481
6342.43256803736,7411.76562686317
1394.29662511309,8448.85652175119
1208.89556863618,8952.74753245128
7745.44066389815,7521.3001777512
1003.79931303102,8776.98269728094
6548.45911949313,7740.02141566333
1411.31398031368,3648.98775751696
6410.35862200362,8203.02613895156
1384.83498123824,3773.06780458568
674.788167027504,8861.96727867305
1388.81685133895,3542.33804310933
499.352070215831,3103.16094552495
1469.20078752016,8524.45509098985
7031.80776760473,6434.76481961626
5973.34127846663,4491.66243019427
1287.88268474502,3436.92555223871
6463.74639700973,8880.63174978632
7492.46969490494,7892.89522215062
1220.63019298009,3557.93390068483
7232.00399240142,8137.76880622638
7327.17513526705,7387.12025933356
1912.87038106018,3708.01751903742
1055.02477562145,3392.67769487168
652.094572881655,8881.68356890531
1847.11165951236,8370.9184572267
7843.27811702177,8082.54392930413
8361.7797218575,7696.91320673269
1254.26902825406,9168.99829688125
7748.08066875794,7704.40208723362
7140.20923787527,7589.53253783727
7721.20825162217,8130.82530765514
1433.51798304368,9206.9738845028
8703.95145671471,6864.42639833113
7164.612809333,8083.73333658044
1062.94731843765,3199.30663952832
1040.87661984706,3744.51063593766
1843.23282732627,9406.73014562091
1585.01467803618,8864.27470706194
9233.38749511688,6186.25960988309
1682.70235805838,9038.32601791458
8241.90239500595,7333.92401045451
909.6676777918,3589.81446463666
1107.37724623506,9003.34274496471
1651.43688521785,9021.42456818835
7325.40824584294,7800.83719811321
1619.19995679197,9080.43598859126
2990.37182221738,8297.21919995844
1732.42546258854,3720.53689066211
881.334846913921,9254.16014229114
799.177751481752,3134.54676097691
9321.02567763523,5960.82496026759
1067.86675237005,3326.28889918489
896.953851204257,3362.81936947599
1555.09707655907,9350.60723002887
6225.71447658797,7159.18145879984
7220.58743610708,6430.3405296272
1191.7492816394,3374.53642848995
1396.4575484669,4103.5336715318
1265.90033453906,3425.38590178608
7446.26686668252,8279.15717714491
1517.13959310545,7231.27322538639
7458.31585411128,8739.17855401547
9017.79498721126,8116.48992026429
1612.06054843666,8604.92919985981
4607.66846358394,8405.65593795063
6824.1707073623,7707.64884436862
7499.86857267933,8163.15735986747
8146.04114752181,8389.34087022271
2336.88711121339,8943.51784929855
605.036272287182,2991.01997566182
758.812500101792,3500.32959547378
1458.24646981925,9073.94971254022
2139.03835708568,9176.43690980956
1789.48663356475,7977.45394662332
8273.70105956716,8008.37500649171
7597.35279246928,7537.67716473105
2045.6647095703,8513.36672595144
6767.99273193756,7244.4178350359
878.175990288933,3394.0279522161
1743.10605664222,9096.02014559747
8482.2271173616,7759.78310632362
6779.07836623133,7709.97831435189
7946.51307202162,7477.34060921954
1482.76335652978,8860.47049077275
8083.06200296749,6213.75436106196
4869.56142886722,3340.99176054727
1533.48578991906,8815.05974996998
1650.89149941687,8632.8560949363
1325.42918757296,9163.36848011527
1172.98225769744,8939.86644735722
7699.0772179597,8342.87124544967
2061.11205509786,8441.8089253158
1400.76629001314,3604.50423168274
7279.27995982079,8142.49229282605
1077.86998958003,9242.86289655175
4071.65768026476,3516.98233525304
7678.65553757069,8456.77797145721
7780.25468536302,7307.01386818802
8012.13999776413,8555.52837612284
7070.76291635701,7197.99784183027
1193.36780553205,8951.9782698214
6054.74538130007,7976.3231884297
1414.35037257335,3194.59168104722
3045.2326331493,8928.19577572464
7274.25241580819,7494.61081127413
7278.65479829243,7422.8287510858
909.814746804516,3473.24788204932
1414.45399708852,3686.56801660111
1507.50963212346,8882.40436638458
7278.12515303928,7424.30798042025
8124.47669044365,7942.66154888518
6910.4032005886,7156.96248849802
6376.56647847994,7806.0598564889
8759.23524049802,7641.50466776151
1829.08552706361,9118.3606523435
7235.05644767107,7507.07543409635
885.147127129775,7524.90547077538
7431.68388099468,6198.65554260354
7094.75582314905,8070.22754881175
7767.82996783749,8080.64880607037
1601.38092177098,8567.98835965853
8318.28945454068,8105.08758714201
7274.94628560901,7426.85623662886
1275.87490843168,3453.46280040237
7346.87110346859,8464.32587619027
1036.94015705898,9040.95675526606
2283.54337132255,9343.79456706733
7030.13431114259,8321.75397625618
1639.60965650481,8270.12661898717
1961.48193532812,7769.07032801712
8024.54429049395,7501.59566385362
1409.76040072977,9183.23953355856
7636.44313773666,7217.69858556873
2162.0796516545,6348.30110338995
4259.71615414996,8121.50843621013
8876.82520806654,7742.39479382323
7200.91581475132,7757.40489449239
914.068282640188,9324.72591556443
1299.96867920733,9081.94402679014
1387.86215173313,8031.73061852995
1282.70187330354,9084.73337466037
8259.19873366831,8028.70150568314
787.939222542937,8291.12370600944
6499.47530459054,7246.57884593995
928.502053928153,3282.85937451214
1583.98350111033,3855.66136426883
7797.6753167714,7083.57697584547
7270.52600936945,7808.58006739887
8820.03854598271,8020.70279322062
1171.92490274216,3406.97646690095
2069.01712684174,8328.42635369034
1352.58237360307,8899.18038804959
1519.02188485423,9003.43803252208
7385.82112710305,7713.26989037301
7640.03535268032,8400.46319165345
7458.73350656372,7042.62821778565
1846.90157639776,3675.13628967528
1277.62821890085,3521.77322193067
7686.23042968179,7871.01949482587
1853.68420514946,9190.222715321
1186.61183249668,9199.60326949055
1951.03290788904,8468.99881067755
1222.79892503836,3694.85579958825
7638.85358941273,7975.83704332777
1551.88074227003,8484.29761775748
1523.78150794729,9281.98543332509
1407.25318721606,3741.10867275293
7193.15961145694,7280.7686280279
1780.41895764384,8853.24822448563
7376.7545503751,7294.28309963594
7925.78209212458,7896.63151322652
811.804106015592,3259.00329646176
947.310993130501,9314.45830254922
1773.61156317695,3606.17890315029
1678.02171144489,8984.99274214901
1415.55747810006,3521.33513697358
1407.92370743129,8831.69670731471
7109.8590420671,7554.40046490487
716.763524298173,9109.84059685411
1425.72019052181,3570.83835870691
7336.69822452116,7866.97490581238
1436.48385492586,9125.31554390849
1299.73702336442,8624.15279677371
7537.12000492295,7008.87977779101
8499.46026658085,7450.30788610524
1291.30204760691,8446.03196058716
7910.90123663156,7210.89014588459
1436.41301076274,8950.0771145555
1807.86567658169,3728.14814398809
7608.90656298697,7502.24635364118
1680.97757938482,3424.35510090105
1867.31044312196,8586.78529643555
792.082106904869,3125.0351285785
6988.68911425812,8413.54501371346
2035.41830545495,8082.29428363608
6931.93428940756,7135.83673765046
8035.96036279228,4299.23843379535
7259.20257967556,8010.75384377084
1485.11807440781,3591.19391897376
1047.62814882216,3214.34177058684
1310.21022529297,3633.64977693546
7576.74624718118,8573.38088674407
1111.93231965948,3131.55698065647
1470.13005204958,8637.80901674078
6968.6397897113,7670.08581008383
7414.03706055511,6087.09850065545
7649.73421507588,8059.76806609685
7668.51724808356,7700.14759846478
1699.65605639768,8503.65463815299
7148.47052868975,7208.16151205613
1198.14003233229,8730.67533390846
7558.73796873665,7668.22475027902
7686.40842909374,7719.55371724212
1832.96723331267,9296.7308693368
1173.72807266523,3546.89304183661
2009.0762747527,8997.81943186112
7019.21913515526,7880.33600431252
6769.02485071887,7686.4537668297
1582.8222577998,4246.86253102606
1127.78004197141,3390.80079558671
1439.72268268969,3493.23130752964
1884.1427584508,8834.40724179606
7244.95696260537,7438.66169414292
1612.44705632574,3524.27945033153
7294.2219808532,7607.3934841806
8285.57702077983,6851.23397362842
1217.0835223156,8900.60401493719
6595.83982479017,6863.0411405995
549.278063062466,3494.31321018438
1993.15175848254,3869.86928714551
7623.13080855398,7598.34973242996
7900.80688089743,8099.95937745276
7739.87597704943,7364.65568305929
1457.26786708947,4790.73065313832
7368.2938119686,7372.87450769565
2013.65180319897,8714.81971158752
6822.9403407668,7454.05607159984
2099.45729161438,9223.35974653116
864.894028096483,3449.80749084425
7311.20586647428,7204.79675700206
906.842502863735,3113.94690162241
8077.85380027442,7690.68113988545
1533.2527361589,3922.54166555114
7153.83497778245,7649.19435712998
1491.63493745021,3242.68294266586
1108.40174628259,3367.08701000781
2243.27460007087,9131.27895109911
1742.40520388472,9123.12065579835
1797.98519850547,9085.56765523769
1334.62933745064,9163.47066797205
6646.25725904749,6856.81601828629
1403.23990850513,3427.19302945497
1839.8746343562,3817.63983349584
7924.59938281634,7934.79949054544
7298.72846093497,7360.65595653166
1544.32281163386,3421.69802571232
344.545119314369,3106.52118340457
8131.58159630693,7363.60548024076
1168.22188521228,3392.12195435933
1604.87303894114,8953.17810595945
1247.03894829257,9265.72360991048
1629.43488739725,3505.24726866802
3028.1403492027,5636.71178542792
1758.61723781656,8670.90829472659
1509.03894331169,3662.43916350643
6838.89030017714,7605.68870979719
1197.85696226011,8733.81522776406
7757.270341247,8090.70798487267
1330.37353650138,8628.76756117117
736.883844491527,3251.81157696732
979.194838178256,3748.45353861012
7150.86732812205,7298.72043834365
2472.82615767232,7572.92317386889
1160.29700610504,3509.17255053158
7364.53531616731,7423.17205304086
1388.27831866413,9152.87066198604
7130.58116550022,7771.6714937478
7208.27045162964,7728.72028018736
1225.73852545724,3282.47015961826
1037.11965096623,3169.10704490443
938.561367882237,3354.38881389536
6798.38731453667,7094.40759246499
1360.26446022281,3509.44923634922
7499.73006340188,7227.96167759465
6936.40694521491,8037.35502363625
1632.71825713334,9141.95499869678
1612.02577282476,3500.20177903473
1050.0747394389,3396.45193946246
1239.22198440593,3687.63356039917
8601.95884584018,7875.38243269285
935.033807467162,3469.96415488249
4439.18289003862,5515.4588649025
3355.13923984034,6623.36441869772
6830.90881047543,7385.83689984075
1088.1695569133,7948.20891412446
8596.1018164862,7638.28792102354
2265.6325170371,8802.44930568274
2022.57454176309,9200.74270460585
1319.10475555131,8912.94506990127
1502.11511116385,8864.34228280297
1589.58730166947,8671.33994948066
7885.28534807325,7367.04592273031
1925.34890790711,8142.30730994812
1701.70226375043,8661.008118004
1568.35922527303,9046.76750794137
1825.06495385809,3880.1532111805
961.389323458503,9092.47326930381
2199.75599562509,7299.60805008818
6448.86207501907,6706.34450721509
6137.72142217132,7246.12020110794
1824.34763658488,9121.08533294826
1632.76917300804,8434.76290528326
7612.21818746151,8227.7029155748
939.052365136145,2843.9744088925
7806.50796151701,8517.60243130236
1268.93087883308,3543.74765172529
1050.07033552394,3205.37059073182
1350.07711225007,8471.06430299902
6085.69744868663,8265.68329779757
1403.78091063044,3699.58219113951
1736.92335231314,7408.9673292057
1798.41888162672,3584.902372358
1333.4989891732,9128.0033360921
1328.36045069288,8884.24624063597
1470.44735450599,3554.91648710415
6426.46872110673,6946.29158109324
2448.38558648703,8812.91793470124
7186.84129482291,7974.43358693883
1603.02185605456,9220.27216029674
1283.95423640837,3714.40128620528
7856.27863836029,6379.54804108654
7821.85437381142,6967.16240752556
1766.90886124151,9152.63997963549
8011.00194695166,7550.81817956922
7589.14195634661,8047.63742480213
6823.91075472604,6761.98888999857
1458.9271263123,3663.37979245793
867.512880929099,8824.83679498393
1321.85888363906,3624.21155845027
7587.75212895856,8067.71943411152
1771.49960365548,9065.41765995918
4652.4544010223,8352.5206572829
1331.98120866899,9114.47721915935
2676.89549250322,8556.4922266165
8377.14035888811,7223.93570323912
1692.71089322456,9259.89335097807
7546.89954850652,7643.87366888603
2010.32403791732,9098.80528148851
6624.67444489657,7986.20870963335
1215.16377098674,8891.13909468027
1044.06302315029,8098.91255205598
960.085128594401,3301.54414426813
7810.02170576263,7898.49672429268
7524.4426260793,7673.89501739474
6890.26251468309,7530.45912605163
7042.53581304706,6361.18183328371
7008.69706716622,7579.52801256016
1769.87326786722,3613.94478704352
1382.91215415472,3766.61067525206
750.73220758038,3328.87497735322
7259.31294012822,7212.19813101858
7614.70082246932,7778.67159669695
1322.99647935431,3921.92883199196
1310.27519824255,9082.41125281218
7298.8733474068,7497.36204293509
3380.85331032928,5292.74425566712
7230.66227563393,6642.5365052129
1820.27520433124,8298.26910636655
1948.76924156151,3242.41494074239
1221.36798532471,3655.17592776944
1604.40036625574,8951.2063128888
7593.71412060327,7775.99940115147
1394.06629754482,9200.55342771284
6855.93127939155,7235.22877562881
7745.38310622021,7524.53737915199
1165.48570817129,8542.42760078966
7855.42221272281,7258.47750601567
1239.18238879978,9020.8371666792
1766.89194024693,8916.40165760561
1043.23400152844,3871.87729807319
1190.42321243159,3875.25387180559
1023.87171222901,3236.35365356743
1823.20870737779,8683.2001451958
5510.27121926833,7738.48125309125
895.620170900285,8352.19818499919
2480.67406951005,9001.92289120955
1117.16952635822,3371.5284448923
1052.00641133899,9120.74767241814
864.864228384811,3564.24490523807
1520.95544231983,3649.32945812751
1364.8001426218,9110.3551512172
2861.92862247092,5858.68852431466
7399.84879745275,7714.45936393189
8958.0821986184,6922.17943415176
1065.78365043093,3505.34018251361
1235.48018073321,8660.29837300778
2847.44804314952,9260.47489482729
1066.36703380677,8909.06136090296
8035.00492997082,7680.67878196468
3487.31006440192,8240.88579910755
1519.66071966938,8202.37129441496
1425.28409615537,9351.38877421153
7559.74161231056,6821.1435993114
7260.37110293342,7041.77018594858
1362.7980741904,3511.59978327471
7274.05186908779,7469.00764529936
1816.24903634483,3785.43342338754
2725.85531693925,8184.6268841614
679.614920550759,9164.98913011659
7519.7108178635,6413.17758180018
8498.11960941251,7397.30194013242
3075.51389179992,4391.96351391391
8191.68827883944,7385.49531653005
1207.95741217916,3411.83818885088
1619.5705631318,9213.08102903464
1447.05251083571,9233.61967797312
1644.18072334172,4172.93156913034
6743.10902163248,6925.93186947302
868.831697228976,3115.01771861599
1527.24922657787,3611.01920560351
7979.09688093069,7583.88410305337
7117.08682486174,7022.01878342479
8343.87303416948,7416.66937082575
7801.67026046566,6482.9311707723
2434.18028316217,8611.4534536124
7696.10222924928,8417.56379805936
7986.13752501455,7376.1567877924
1528.10259269526,8838.65170877471
7456.78568041067,6814.57564942039
967.362306470901,3385.0242943277
628.677511905794,3386.88253517755
1648.93623211413,9507.54856277616
756.14852197677,3186.26026223797
1570.06121392631,3991.73419954492
3089.07833904244,3842.41669517274
1194.73443159846,3297.14128088973
8080.68273302806,7772.46355216935
1292.84497755527,3487.98063224774
5059.63708346837,9072.79767745347
7395.23689970993,7507.00382313617
1037.01659461101,3428.39708012228
6943.15081384658,7355.92213942308
1602.5338498806,8190.10478899217
7911.60352990811,7694.91720581891
7494.28689508171,7538.99375757674
1160.95843225037,3133.88138202612
4384.50203053607,9068.01202853197
1984.70278937024,8907.76534842508
8913.33768446106,7630.14264762944
1144.33458213228,8941.73394749383
986.220898787625,3591.61926035274
7480.01727719037,6414.1185027757
7099.82467430115,7734.56275932563
1009.03655226601,8975.09764603342
7343.01607361202,8232.26578257207
7641.19962340888,7428.79104856435
3321.53616760232,7729.81731834065
1145.68121408449,9362.16248560219
7138.93559015975,7574.41889988722
938.76153163221,3407.58699041591
2160.38704514539,5264.31305717409
7877.14783582914,8487.08668927983
8055.3557811077,6637.71700656804
7092.42202529811,7020.8358610784
9156.19369629439,7867.01078535111
7474.36520330003,7330.9913155464
2453.04994757908,8513.14650880488
8645.3436933548,7914.00641193239
1866.31666616822,8666.12193803338
1581.55548618352,3382.18121247639
1419.3919153432,9034.20473696056
2710.1916191071,9051.23926978618
7361.43577036603,7169.22041897405
2455.88135133348,3229.06079868331
1146.71366141546,9045.08770102834
1463.94961846425,8594.61117966579
1533.76924534764,4181.0275411694
1640.49097257426,3667.88318754411
8311.22132525442,8806.39297900415
4789.19811558665,6507.90591743092
1500.16723840588,3929.11625875647
6587.01315680007,8196.0788361681
1343.8747380871,3397.20766617637
6970.7831307799,8061.12716892299
1303.83368394458,3315.9632990498
8092.16292469036,7102.53763144373
1024.44986913406,3215.2336898681
1835.03271596652,9092.39888093443
1227.16195634469,3411.75763965222
7529.12973699723,7362.43584234066
7278.78919516723,7118.5851499101
911.954700885836,8944.75564053746
8072.9503662118,7382.08759911751
7495.7178354793,7080.5201581192
1372.1056960207,9191.01925999211
7821.66255220922,7902.98790648728
4957.95063900401,8990.39192112925
7677.42151176042,7158.05904206092
1160.90947435223,8707.22185309209
7399.12425454282,7444.91103274298
1689.86597044174,8781.09084148071
7496.00872028527,8089.63968315771
1246.92718162124,6964.52298789646
1390.80849372666,3630.188572796
7640.17320953749,9431.33325610841
1037.66069022365,3807.02091886114
1455.08571002085,4498.39015922863
8170.5161207571,7703.19227463335
8832.15410090358,7893.31031156657
7572.10226803373,7315.02250351944
7498.17635159242,6948.84630105055
7817.72383667032,7671.32792118724
1660.92425663498,3730.495444015
5982.04701020457,9100.44584678619
1690.60711746,9069.98272493564
2109.57084621843,9088.78883466893
1164.24094821403,3564.88171759906
1875.70462218544,9286.2662024913
1764.837725736,3473.02516672404
1044.18144718771,8877.11739448952
785.418123318915,3462.54163027693
902.250260641408,3298.02739769527
1149.54799733575,3634.08300817209
2334.66550548915,9002.68308430623
8477.2910226089,7224.14077192651
7556.56827756411,8189.93159404915
7886.92768118955,8391.81407246528
1013.41316285151,3116.07573960584
1786.45952724372,3632.14396491227
854.300410941434,7537.85610527211
2150.52129355319,8606.79208074698
1500.63387705344,3888.5657665093
1692.05050259187,3421.41016185645
8039.85206800427,7408.17144756633
7834.56179598687,7342.76762620684
8087.9743076992,5213.56814699079
889.536751825391,3321.79392576341
7150.59991416992,7717.71701358252
7087.32150477217,7072.89979854047
8017.49869028323,7445.47075170937
7656.17011531491,8153.5825786562
1054.5524225819,3265.87639081359
810.890899373171,3196.88398805634
1563.7833127834,3691.51031748934
1532.221589914,3432.60715354215
1076.06097209305,3699.05228281057
1356.96718661723,9233.99915815669
7269.19127329974,7710.36142415989
7120.45497088941,8284.69392969123
7972.50209514939,6075.3345175353
7704.16874278965,7468.77200591292
7422.95082341432,7200.03057900965
1334.77063361505,3391.7064620859
1392.77458633809,3670.11615989113
1352.24373243328,3326.57013865833
6909.75237162454,7070.31219638399
722.856837078838,9112.23127250018
7663.01553189912,7449.40249543393
1026.52538544649,8299.0508161681
1781.51906392301,9365.80465668411
1567.25803580987,7983.20231576773
1424.49365929564,3431.68252017969
1548.58324015401,3711.70144260578
941.279636751292,3210.42389841545
7269.85715731588,7885.32407136198
1503.32433719741,3527.15062290238
8229.57022669068,6908.18295950933
9049.77535612375,7745.27226766684
1684.41120689804,9158.68163113582
7639.58281022621,7238.17560260451
1282.55224234156,9158.29372523163
6885.19167168414,6999.1926694227
7385.82635084563,7808.53378846891
8379.94670053165,6282.17206627648
7605.40021126282,8480.70098663138
2425.14602060501,9035.00671208974
1162.24903736419,3543.93068586829
7918.11773172358,7069.04471680183
1980.69804560627,9548.10761074447
2429.25081427254,3963.53236171643
7662.41776556693,7591.95238789037
1624.1200624897,9037.65624058195
7162.32241512365,8113.60074748312
2123.16041045485,7816.68223952364
9051.53228207516,7468.24756563433
1519.06404370707,8029.71674693047
7570.97654149694,7556.61103111306
1290.36065283927,3706.63079245719
1886.28565930919,8909.1499395772
2072.17196513191,8828.14871712063
7953.33711720449,7395.26717268888
7964.47855040459,7255.787046159
7738.37754006786,8043.86661827832
7800.52181924536,6870.20407892503
8028.94009932825,7525.84173420592
1222.61675902394,3423.87515838528
1207.49811447541,8493.55978823466
1694.6454220925,8852.3272803422
7382.08488798085,6744.42455179735
2259.22507466343,8269.61099112717
8022.73952253773,7799.74445476115
6811.7042211995,7027.70812372896
1169.56920071846,3248.25955785947
7739.07806024035,8044.09466638326
6718.46779435304,7670.81521770872
1544.84375963766,4309.18868704234
6489.27011518803,7930.31742374052
1671.22030345922,8707.14682576934
1259.21069943615,3703.48991579428
3256.78220934629,5239.94713734418
7910.75180355769,7617.29443080725
1478.71883367217,8932.21284671137
943.16734529451,3211.5026878739
1436.16497859975,9065.42141834348
8307.98942122257,7430.46232711295
1671.72300974158,9020.58565623971
1061.19286484419,9117.43101228763
973.375596669895,3661.25134406442
7875.81970581707,7198.86928432942
1651.42432827175,8970.2250387417
881.680856100714,8823.32261674217
7413.90871253993,8255.69639545143
1666.44693594711,8995.25092794476
7029.08270499721,7474.38067431226
7961.26614767133,8486.60669623748
6860.29018417245,8096.30550814537
1666.27964844192,8814.19340779678
719.517324184764,3145.87463407661
7791.23822150988,6252.72203232734
8081.91875839744,6405.02879089912
7623.81696368371,8238.67233881491
8566.20804303304,7880.97822751781
7969.20047269709,7271.41026781842
1512.4786550368,3381.86691170319
2105.68845844648,8057.53048402199
1822.46469949668,9156.70929501608
1045.42054915133,2929.60409966005
2214.43240213589,8274.98082591917
1514.80080141287,7283.93549464742
1387.53469104308,9086.13176929321
7836.71243974623,6699.616629358
1537.65163179771,8554.8058406936
7306.85306261278,6119.83537212496
7991.83380333757,7694.25751664975
2041.57742874482,9073.83567853212
7550.2108177654,8363.83187450019
8290.1646698857,7888.62676347584
7197.38881086681,7410.34756962416
7846.56586651747,7417.10052521402
1158.75363844884,3273.7376585195
1673.797551075,9174.34535456536
1181.26040772006,8990.3437584141
1510.29151613215,8029.08486403121
1302.1071283407,3143.96608990171
1482.86535803504,8527.97084318386
780.408919643141,3290.33831906592
7688.86539858097,8049.10039137819
1346.46292929061,8466.28754989102
1130.17706533102,8622.6265947134
7288.98764817781,7764.66064313919
1681.81607512717,8788.82591884635
1859.41234060346,3933.19122937487
7388.97768049143,7994.29426204633
7744.27212847854,8155.70701513689
1449.17393751652,3849.55736604729
7475.49420904854,7661.74160411739
7795.786915885,7741.22908398292
1119.75219219305,3641.00208730018
5193.78201874665,4064.31705431135
8023.19593594615,7391.29403247891
1381.51323766476,3621.32594548621
7691.91268979842,7449.59032989101
6959.12764168843,7414.96548153523
8101.57989067981,7757.38864270349
7964.07363064117,7789.19639179385
1999.23660459739,9082.82861218024
1495.69975306366,9034.36019535942
7696.54939004575,5853.22033589916
1491.38428496526,9294.26235168111
6657.23428976259,7610.30994198096
8350.95448600792,7513.3464178582
7555.95307139895,5783.33838972228
8037.0564184499,6853.11524524611
1231.23396410186,3565.43458438764
1368.44949650025,3614.00978330792
7779.60483015321,8131.44321557807
7456.81638302706,7837.30128053885
1574.96558310602,9161.00777223037
1183.51715533404,3837.0488991634
7972.70883042396,7525.18360451254
2202.30708373768,9612.70826263882
7280.20520656637,6403.40753334492
703.476722593543,3300.24889327647
1383.47171328533,3433.57041881309
1311.63756892758,3461.69650639804
6716.93009495,7630.60538045761
6831.89998587345,5872.84695670922
6869.14951308979,7252.10571881422
1839.78416595758,9093.39018929227
7957.02123626399,6885.54710288834
1303.04504958532,3807.98023076421
1203.02714025283,9256.47716292643
1191.94486568228,9032.40505890191
699.26162325926,3343.17949383655
1688.75267055346,9209.92315053941
1440.95595799301,8709.76289475445
8262.94820148674,7347.05152790155
7786.53270146675,7494.2156724457
1281.70390465715,2958.86878121774
7409.3214746018,7821.21330846329
7528.38455815204,6878.41402795567
2297.98523241931,8350.66934014074
8716.28102545075,8007.64903401944
7047.10619065891,7211.98432964129
1516.60194688753,5849.30804782322
1475.47792604087,3685.13710236835
1372.0380534161,9033.57652735638
8263.02385799829,8157.63716047436
6785.00151618846,6968.37148522747
1108.66161483637,3644.61255858373
7806.77558792841,5636.93565682223
943.467261918365,3266.15217045134
7157.97186947691,8289.83166639888
7079.59170628178,7528.03504204015
8599.78070301564,5837.61419669617
7223.93911222342,7985.27324595484
3427.80581472075,9083.82997749466
1122.80991202034,3414.0801458463
6624.73358264042,7899.84276910977
8663.80700502865,7679.2625481296
8974.1082053736,7025.93834026365
587.551381304925,2980.62914901561
2879.30556199101,8762.85266544171
6910.27214357079,8107.75603219525
6124.61774153158,7383.77259283888
7704.07609388738,5930.67240061433
2100.45016580145,9153.10442216299
1178.29230660753,3464.39779418672
2180.98780894045,9055.33382035542
1320.77739605553,9222.49678684462
7410.48956097928,8227.18937636927
1920.20019636491,8068.30529012734
2639.46242045293,9066.50250898099
7499.02243674568,8132.40867218917
1607.69838613141,8540.69587699125
2465.48572022695,8601.454565757
1732.40930441756,3728.63988636567
7742.67013851168,8193.89061126002
1543.18338393028,4152.16978111347
1459.96034267085,8989.31004546522
1465.81143473444,3431.94954580946
1603.46432989982,8803.73845009833
7600.50661963249,7787.55679235481
1090.89570602252,9076.43899518727
1470.43507995234,8478.86048742439
1179.95441842596,9249.13692619481
7533.94746401204,7762.19815251929
1840.97231080668,8238.4061854784
1074.60250470993,3511.32473173088
1753.83847076656,3943.38931018495
8827.30601573291,7053.1026615231
8306.66393679191,6264.93268177268
7341.81367124705,8205.5150927159
7527.90785380264,7541.88380803551
1387.90822563402,9014.09145109835
1714.05774484488,3797.51499856912
8395.74117936896,7424.08651641135
7832.40257547757,8212.87928630333
1639.10868813379,9285.43789761025
1051.80815926202,8326.37577160609
1108.90611475939,3199.46996655994
2744.20344433489,3954.43269767571
1119.7849568435,8044.29352611764
1349.88761972358,7999.66934654633
1208.21323751653,3576.57918432043
2227.08336948268,9172.7371257759
7906.75129870523,7952.01661135588
7185.26568205661,7986.40574297257
1732.75055664877,8705.70021713539
7826.83120496139,7719.76755781401
5197.35410224407,6954.1182965637
8637.28281135564,7393.98812084176
5808.1023989816,8918.69051722862
2506.40637173742,8414.01901446151
938.442946522653,3100.35857537619
1858.11478829759,7703.18323319844
1317.72379816234,8721.67751133324
8090.68698009214,7894.82397470586
8272.06508055722,8009.80674327212
7077.85082311039,7790.86308214503
7785.70425587479,8050.05926625463
1642.43332490133,8985.99928562369
973.130992278124,8033.87975585066
2962.46462948161,5986.5724907857
1265.33044205402,3776.42610384648
6174.13812640746,7260.54548850863
7731.05357994711,6920.81883964267
2389.13930552478,8043.23004719447
1648.30727141708,4105.93953678716
3510.0315683495,9496.23786279458
7828.04818639826,7561.72800048296
7735.41151134301,8337.3925560119
7999.49001263205,8390.420357934
3805.85595152701,9013.19689188257
1168.68728722732,3469.51006174725
6699.64565169606,6948.67739814985
2548.26848523712,8665.45285797648
503.123925775479,3208.18829416826
7675.80742553244,7688.08022209983
696.229580181412,3380.24796882769
7394.63826164046,7094.67703481313
1087.35743716614,3308.60240467459
1098.78715225323,3120.70480234024
7927.23232855119,7890.4821645968
7442.83737420158,7706.67325510803
1192.89782223779,3299.22201926914
7348.17579168346,7979.38222178048
1756.56316966605,6559.67504529065
1509.40102833521,9065.95840326026
7511.54972246593,7958.24166333318
1555.26764544899,9121.17361091276
1365.30642068199,3955.44910413393
1180.19657768325,3377.15306496036
1903.4731082503,9263.76081336153
2497.70509474222,8646.70728336343
6298.17379487703,7901.6847343874
1912.27100862415,9244.19780422926
7472.19894404013,8416.78886837713
877.39884550368,8851.97937140397
5640.39602375795,9041.95149418601
8389.58073824697,7224.92549641909
1412.25999234931,3672.11126887279
6812.58338127057,8093.685128473
7422.66199287223,6985.29417483472
6833.99915921497,6669.82080642885
6915.78330089472,7608.10287592975
804.848889209488,9186.81840859454
1543.69693984603,8337.61069189335
7361.22589111593,7808.71972158071
6684.39591965956,5800.82138392664
1200.24352052506,3590.63951182827
1284.38201667991,3753.78054582281
1153.90005055411,3776.32287908321
6781.50416896289,7433.47397511172
5559.5743424904,3483.14212290914
6689.73790995026,7490.10333375372
2893.81124728607,9148.95947717128
1319.44188317636,3709.5664732045
1495.9509369257,8583.98206626498
1422.3506615471,3826.91645526324
1042.40435491138,8884.14378070537
1720.2361945007,4156.0395863935
1030.94145679296,8681.13384908806
1074.20507019733,3412.75676859967
1779.36109230972,8160.69947469349
6920.10151060433,7627.45838327923
6890.76392194808,7694.12265614149
7509.00456139545,6993.89828008013
6580.20501614093,8153.78693798085
1514.36124030741,7776.61251228651
1660.72435622179,4143.10143455648
2800.60690016341,7908.13705189658
7839.72140140651,8211.7118159749
1928.9936865758,3622.54061689843
1945.09084662669,8858.78632393287
1133.67381151178,9209.34673739813
1424.51349846122,3421.61323257418
6572.13432794616,7481.3635641903
1459.6601026689,9113.12060113487
1368.08711075359,3637.39835725593
1897.20131269354,3235.80496996374
783.244330239126,3409.57509407469
1869.02191084072,9099.84534218043
7495.31197880383,7577.42406988354
1508.29568461663,7964.57299756607
7608.65329462349,6721.72781828357
2184.1280921068,4137.97063170912
8868.8933102477,7232.23311371701
7271.65322819186,7138.78005441236
1251.92498017596,9094.07752554803
2016.13937928107,9199.349666146
1282.47753563879,9189.74100449972
1520.80600602569,3572.25986228975
1374.03753974355,3754.29058920744
6787.52920091808,7690.8475731779
1314.7368641919,3686.98579245646
2206.62832672658,3662.91176268597
837.867203349111,3552.02757715889
7684.34217079125,8141.60807043992
7089.3386280686,8011.63703662104
1378.3588821919,9200.29439334387
7222.7688714418,7567.14365249116
1746.62502843388,9083.88340452371
6637.97629255321,7357.46709089362
8332.44267953873,7194.05055351387
7541.72009082632,7741.21069002592
2166.60305431505,3750.09828641284
7838.73771987848,7512.34109806209
7433.43035129518,7604.1196165007
8248.83768630273,6908.25671674696
2109.87166808569,9151.94505351552
8636.51182863421,8234.90801965501
1745.54672393419,8812.07278415962
1195.16739098442,3545.23042971267
1212.39326043149,3453.97321493683
7463.00494264989,7858.21541475355
2661.12293794055,9097.54629537461
6946.11167458614,7980.05761978292
7007.63545086408,7184.96389212727
1501.17182170124,3820.52575302218
778.362833785604,9265.36670790915
2087.01465186433,8390.44122280205
8889.3338217908,7433.11570051956
1360.86434951757,9052.50047171134
1276.49604681209,3549.56533557685
1211.25859509836,3905.93693264696
1716.41292610277,8454.8670800942
4023.36001603162,9124.43396056168
7351.86285446041,6652.13722792479
1405.0272401297,3706.01118857768
6964.15695727206,7763.70874488467
7713.54852114541,7671.56182106509
1861.77157617577,3989.05051688744
7747.89989062415,8009.42548823982
2041.83192817538,6063.78698842602
8037.28742150124,6187.85525870246
1258.84107804121,7941.80340943532
614.975239202276,3309.50222303443
7219.79196926198,8156.7906452214
621.51174630615,2600.41075151914
1826.5577284549,9198.09052429687
777.252322591188,3092.59100345724
8190.31178809193,7288.09531111925
1263.19329850757,3632.2239747396
1593.78066868902,3627.95902617195
1091.1276638646,3398.77180581725
1833.0192236713,3761.43407717568
4834.20717758073,9135.26905120149
8178.60030059667,6923.38079894512
7596.0771240278,7731.33129446502
1305.67538518644,9013.85089807334
964.677567903917,3728.18834804194
2034.56735090842,8722.23474291976
1411.42280424507,8524.45098970092
8310.18903675266,5673.91722936454
838.257836086898,3131.41322758457
4510.47838366757,9176.20101416468
1446.94336795869,9247.53557870079
722.123072766025,4376.43112594949
1112.77538050996,3735.79115913018
1090.6743240048,8975.88617261513
1035.80167554272,3234.91241638376
1692.93520088332,9110.1521682068
1049.09939078858,3266.89911517649
1204.45495647197,2998.40134593443
1334.07969287311,8848.29703499409
1751.13768438267,8940.40893900147
1510.33528367264,8852.37398323704
7640.19308912481,7168.57761725052
1143.28651302486,3393.7193139956
1397.32375776267,3273.38587091343
7228.27560563444,7686.35208611929
1162.59877730935,3168.88102725973
7317.09487673899,7060.06307162199
1436.94567223195,8622.68911273939
1253.8100263292,8985.37352835482
7740.7672780788,7690.00214301263
1719.62334647172,8973.39116055294
1278.36962561649,8845.80480069894
8178.34633506276,6929.35187132557
7068.65211553693,7366.26545145072
7426.40970959349,7726.19590298989
7429.1399228274,6907.94602005985
7076.4363459504,7980.16764100068
909.180052388767,3479.87950103917
4849.20891835924,6846.47964156339
1218.96977835192,8989.10484719103
6340.14358904999,7773.03954893737
1997.74177715608,9547.60703816401
1113.10356807865,3500.89525136323
1158.87666743441,8917.79139135741
8558.93920309824,5959.85206040315
1877.20432453265,8371.07073179891
7683.38816438698,7800.96206842372
7698.53293968545,7828.37474129774
8180.47963600191,7593.38185997602
7532.03035697257,7369.27017857578
1391.09523875908,8454.23615260508
1368.14288486848,9045.41707032671
1142.76997848939,8527.04659702392
1393.7020088477,9312.19444572263
1631.08043430038,9271.47759070151
1870.1663861501,8841.7362295814
7798.98553294997,7935.18799025978
8096.30497498316,6461.12144084028
1421.97854392961,9100.19044666689
3322.42355158498,8931.31357791797
2109.845934336,9092.04490286522
2514.43338893286,8063.02019077266
7139.05634435383,8323.40259927471
1200.44187603748,3749.69891706594
7156.78194819251,8339.5411901675
1299.6665003287,8319.34416552071
7053.77986114699,7744.76205822855
6955.20637312571,7911.8639157772
1040.71354507859,3233.26433589679
7185.53210991037,7203.07661710663
7663.21116030908,7687.90070156467
7850.15568946982,8542.40315920687
1736.46931181773,9106.41102961052
6621.6173036972,7560.59174781702
7188.27757712803,7280.77267467377
697.952973765142,3177.38020917512
8308.11434396962,7297.08307880668
7613.57684486543,7361.12274907108
1541.77576601642,9124.46395424305
1199.39629810592,3356.22034851342
7286.45058156669,7554.57979583494
8115.48425679865,6707.10487296746
3029.59038507985,8785.59776494815
1371.31858903153,8925.13244453834
911.487962391538,7290.07630744133
4120.71943587463,5951.45658011866
7794.38018113746,8122.03395981115
875.075795200695,3263.50768324497
1132.22163817293,8087.78306943122
1165.75179540767,3696.13747388024
6900.42152692806,7531.45423421442
8749.15198116472,7758.74622392514
1435.27861011922,8325.21143398502
6504.94366716843,6781.69788180931
1844.80828534189,9138.24015686221
970.284389291604,9001.6435895895
6805.04129662863,7492.12582864703
1582.00903558683,9183.79232887815
8475.86390226464,7508.50917925934
1613.61108371521,3821.15098381389
8036.64427371794,8155.16797012323
1719.60115631879,4437.31826518792
2301.86028128825,3668.90950054256
2107.94587817146,3801.25860280493
7021.83053196848,7760.55616930787
2269.47823428605,8698.92318332063
1292.76738487952,9032.04734814676
7785.85372670932,7865.91538980461
6964.26966504116,7589.82414251988
3014.18611104264,4018.50694117731
8092.51460142354,7513.59843824987
1929.79941557082,8541.17396480438
7639.28107320857,6719.34501242136
960.163980829042,3681.50152734392
7262.20079814027,7588.29327732289
6586.86928837109,8024.51901883198
8030.20823318239,7446.91481772743
1123.91428658507,3653.27568436798
2020.61897204194,9076.92167137833
1560.22676956319,3526.1782774117
1635.7602726738,9368.93379724672
7222.59272223445,7416.02079793396
1119.07381534779,3493.99188122413
7216.37975978206,7654.74364612361
1277.56115245956,3287.86518142583
1530.52653291652,9084.21649652661
1852.9118099382,8277.03635575806
1036.59587825029,3250.51785198103
7641.13036845982,8093.0874851614
1825.52300042657,8062.27754863899
1110.11487988704,3557.59356321146
7262.08262733599,7608.5856286631
1896.07382643216,3540.61878595301
1061.86979065817,3320.09400790155
7390.98187612545,7439.31819264884
2404.40076990727,9294.64813757373
2110.46070911262,9267.97192430319
1533.30906756507,9074.88738018138
697.292118735039,9056.64730873821
1479.70230421225,4824.8353122259
1357.33034249315,9163.00294856386
1259.02197770796,9018.70313741174
6512.24554435747,8249.41209305578
2352.7423973575,9307.8907786007
1533.6614516131,8811.76416568075
2249.22523318556,3888.78871907193
6755.70916691513,8112.48642275821
7870.57889338969,7638.95641734834
1407.90064277854,9240.45623755012
1916.25306208554,8638.73844530059
6931.9868815481,8002.12912796308
1358.31075861605,8670.10492595547
1263.88437977907,3587.46482969203
1543.01388434723,8850.79831270908
7422.10940233969,7311.85953007083
7969.19976287846,8049.52237647788
7951.27964752744,7768.52932740622
1013.37562252395,9095.43665724807
8558.43134126026,7012.54445471893
649.388410380104,3289.9855474571
1163.41969342262,3484.77390023717
8251.23554688198,7204.01198881894
6456.41000601462,7136.76030114254
679.298261936943,3230.70924538196
7889.71560838578,8434.43681799028
6047.47010053436,4426.07161779036
6155.77185598732,7595.63417441652
1699.56667803786,8981.21578743637
7270.75198361625,7964.61852463464
977.940735734177,3570.73945059471
7999.24759675606,7375.64763310852
8108.38826314319,7723.69909730111
8841.52528410104,7841.31630053316
1811.41474794125,9086.29482557013
8221.50787704214,8360.33076445786
1002.08446508115,3661.39258685474
951.93780692645,9156.07790967854
7137.6853838131,7899.39525376517
1074.2571967064,8870.65739302988
1402.83353355514,3473.06531589036
7656.49982755002,7337.93505962041
7303.45966554296,8111.89741173233
1341.91435009089,8543.03358764096
7020.48694713352,7292.38529219029
5717.08452623354,7797.13011066375
1182.03339216339,3150.16150618478
6524.56005056133,5933.54802521006
1621.30881305086,9055.78509580368
1199.32689106218,8986.38565140455
1462.02743856272,9111.9158272186
7399.15915361585,7657.27455329587
823.382660634028,3145.65433548269
8631.62702352519,7243.51990727672
6981.14030091557,7306.59032333941
1851.0869289742,3402.46410135123
824.65131203045,3289.2687189588
7820.09422297063,7786.26046944515
1234.88371288305,3553.1026272122
7777.49900297073,6012.13569106081
7883.77552555752,7610.13702911018
7815.2669719623,7737.95682137342
7357.4477127827,7068.54301258037
1299.9071307273,3406.50402233825
2189.61564271768,8180.72131236086
1243.35549427154,9022.86041859311
5389.1103883036,3607.31554692148
1668.8223336198,3563.61733055295
1860.30946464157,8840.61900482347
1751.03169873742,3441.66627970091
7529.19034628973,7505.03855097365
7711.68866054746,7810.1313531669
1521.15758912583,7854.9678517084
7771.14002957636,8005.61015623105
1451.10547974102,3937.14350255539
1453.7783409269,9129.8347968424
8350.88765913116,6367.82126512497
6875.17039750841,6817.38439734584
1546.02019864586,4000.78938568902
1703.95392409826,3680.76844438368
1695.15165590803,8620.14367957392
1426.91768512605,9478.47437933336
1370.29318562746,9010.57239281346
4685.72845773097,9193.11183610276
2768.40876871976,8230.03477682575
1142.17008501328,2891.94533406868
7724.8438652038,8139.33472102822
7553.4075672908,8044.6783427234
1502.08405189051,8974.21918556191
7088.88193226558,6953.81611812471
7414.04371864623,8202.91927724454
967.050105407407,4026.10302157218
1558.3616347482,9104.13092766063
7441.2137643304,7539.71835097347
757.667977214475,3260.77719637773
3043.55910485287,5091.87379471423
1268.95226265896,3345.17286133055
2148.68945765911,9254.39194477223
7091.33444175053,7909.63611887664
1598.33146415995,9172.38988990113
8031.66153350375,6662.77947760635
7626.40121096684,7757.79484730284
7594.16905261671,7561.23146788398
1367.11231798241,3652.42192562886
1593.20622092835,8962.65101887363
9193.85588909572,8053.43473269957
6788.53149142153,7726.69252878137
1331.08065047578,8418.3244106969
8646.0441272247,6054.18459529704
1656.31380134915,3644.35403604757
7364.96257013442,7863.73870047085
7104.68656972465,8248.64951283269
1707.97980380813,8641.21923062823
1209.01804689395,3462.19841157772
1784.69180474704,8360.19489452554
7484.8416926785,7491.7901851876
7861.28714789366,7082.4490272613
7740.93406277477,5189.50011225709
6234.31857614277,7381.25172962114
8183.13675491581,7652.07077953527
7235.34035268604,7150.67216314183
5247.0945492615,4124.67241596293
1455.43488071077,9147.99355643881
7845.54809108117,7938.4573666834
2236.44866743615,7127.82733973627
1746.91060630707,8433.49284059018
3769.88646198875,8047.33096596084
6736.28218245371,7656.82771308493
1237.698929435,3755.93013095358
1095.11428626668,3680.58687185023
983.948627813561,3308.1478678989
1991.33103970991,3434.26501805786
8335.59386329957,7494.30183358993
7771.99654251673,7636.29494017766
6569.59350144766,3754.51759107274
1184.4248894838,8192.98752255426
6132.55131783225,8201.94945622839
1158.555933214,7826.21147775425
1983.38315192934,9032.51495876579
1131.87638814159,9074.38811780417
7313.88907708266,7652.09352562109
1110.44048595927,8940.68412017282
7466.52255555131,7774.85159892291
1231.07006510136,3170.63957840649
1743.68355852456,9016.36350847812
1082.18173878034,8930.37126967462
9048.46575364883,7051.94952360516
1558.70023251238,8811.17378108657
1415.52308998815,3981.41229056438
7280.24227637402,6719.22181187019
7811.20619441559,7763.21008253161
1308.75478647864,3337.0573119477
4806.21822404043,3510.84681841357
1782.20797901458,8721.52865685343
7116.98527879953,6858.75832158954
1081.06521071246,8846.07595190571
1677.56502519771,4974.18191286367
1694.99266851392,9014.3361585095
1395.20596783193,3667.62345955482
1082.47854323098,3584.76944225518
1232.97095964746,9477.96130861356
8375.34242266498,6650.85502457736
1870.71544842407,8553.01522164179
1004.12758618146,8386.5330245571
1369.53104717676,8924.43112459329
316.4612376358,8874.67299406833
7754.19717281724,7271.50010023856
1240.13022434243,3293.46029339707
1116.43892892948,2848.32957071644
6841.62713011397,8440.36951879155
7507.08508664812,7567.43121743745
1899.66681990451,3750.90359598916
817.165545923782,3284.6028799996
7686.13942583278,7729.71283821496
8533.76541378478,5128.74129067487
7210.44047230169,7231.72170146167
1509.48550281137,3739.51897947422
1548.16069442668,9209.56105069949
2983.50415717277,8073.1763575503
1424.27077519428,3782.91319958122
3462.30062526146,8945.12214121836
1588.46215656151,9218.31577794361
1614.47719171778,8750.42338656829
7242.49023125735,7321.08630904105
1392.91054397452,9146.42131457761
2458.11354527524,7988.15075797927
6877.83332170704,7007.70116471557
7869.30858614275,8138.39852991268
3455.40291574243,9128.67794930261
964.09429696166,3555.36084767528
1895.70378775365,9183.1395349636
2020.62261960266,8965.14449169049
1423.24429888431,8986.30776763834
7532.51158592565,7891.72994131694
1348.78280726705,9096.54708722422
1978.3539195048,8740.08365524926
2188.41006545392,8202.56226736636
1242.19266552084,3989.22603408683
1679.36481373617,8891.31159732236
1506.61854893998,9136.12268722391
1459.60755923108,3795.45364204623
7766.02556378714,7948.68970510535
1675.13399183236,8648.37484291949
6163.1803268293,7564.7895396619
7139.53473508359,7410.73064382875
1448.86989838785,9109.70301052045
1501.29479991407,8891.74066255701
3904.94646105313,7621.72424519762
1149.03523458989,4031.71821828322
1305.86687354842,8779.20113899823
8738.73298464152,6940.08999712827
1050.2004725187,3406.06841698522
1598.151632677,9317.59361731404
1128.33738837848,3083.42876415767
7465.47750591269,7662.21266279367
7686.96390844942,8597.53179045416
1560.71775283192,8355.47609545904
2837.0844439763,9148.39545639756
683.15118473615,2830.02498427758
7276.06471574023,7262.27974355721
1278.10349241193,8083.78339750894
1556.01998030374,3758.72462155983
6900.244446075,7900.39403657457
1933.8338105276,8964.60449357179
505.179219795292,2952.60560849105
1595.1314588709,3761.90608686948
1971.09527418051,3840.67970307188
1592.4558510366,3525.5604009388
6895.27365850819,7776.22688425639
1122.98535285058,9330.81370509104
1588.81382757832,9134.39100393975
2068.63344914784,9096.57853257856
7924.03206703401,7803.78734050297
6412.74793997115,4271.73227026752
2671.09564934609,7631.39205349064
7042.5667222368,6882.8083640724
1324.13411780659,9210.82719131805
8068.38892592566,5941.1530827235
1304.03165635924,8693.93163730007
7574.29167127739,8066.68631064837
6901.67922586581,7114.57191081905
7999.57735445723,6692.76204812468
2409.32162553903,8468.62647832713
1087.30257564413,3114.74574409627
747.577884571737,3391.40106376952
7358.85530204452,7407.50265029253
1249.72604815146,8863.04165872774
1417.94237750694,3806.45101108062
5448.93784664022,3944.06545893229
3568.82940919057,3767.93977309379
275.157833618719,2769.36019104901
8175.26328196442,8044.06755238298
7896.83761720118,6765.86695576712
1699.99133047792,8509.75381408536
7278.92387524273,8016.70477782656
7280.95676081463,7585.71164338304
1767.08782893191,3607.98726640236
7127.50904094765,7815.86273974586
2721.1000551631,8757.49873618025
1348.1442835178,3679.31787517189
918.40771340053,3361.87878630769
8100.71773392893,8416.21795833833
7778.62150386313,7540.20633314064
7042.8731290235,7701.95929116933
6872.73303570498,7473.27172362696
1128.37747746381,3352.40450020986
1080.46932829679,8630.48908474346
1088.80499873418,3430.35099020194
1014.13227402448,3514.7394116285
7503.32744942211,7021.15282918015
577.71469155544,3170.33780396677
1596.30283603775,9356.51296215659
1035.5036498413,3556.61383307162
3030.41986263862,5333.7816304429
1364.2184071177,4814.43959735477
1321.87076928557,3779.26631618674
1264.25848491115,9241.31337392015
1323.68419087905,8988.80143524051
6293.14195794571,8028.56712306829
1210.31436145585,3626.0190077151
9978.52913653907,8189.52410992866
1483.17887675628,8836.65880979357
8138.90883431824,6902.99408460749
948.602395798807,8944.58937870371
1082.71540660953,3675.63711524305
7565.75162299185,8246.29549031552
7188.45670519401,7526.64105791716
6415.48954497059,8069.376261591
1206.41956586913,3338.21387988485
1792.20040340778,8469.42697520532
4825.00688913034,8598.63889306008
1831.08223030312,7981.28525330162
885.716356133525,3310.70729162127
7991.98736243254,7438.32926693582
2696.17068257132,8009.48074013492
1344.01735118038,3426.99967083586
7279.45124424007,7170.43807171614
958.539599753076,8862.83277098295
1600.60983852415,7952.97381175204
1977.5068676868,9194.74251070316
1504.49356339487,9104.29247065078
8679.92851391649,7259.21966275013
2669.47053787316,8693.78501335637
1140.9905951194,3228.34617942678
7657.63533248716,6451.77922639971
1289.8387176656,9012.95059668147
1542.04818369075,3722.73130014347
1463.75291759552,8974.34295065551
1139.54369232732,3317.2841601784
915.655493139339,3571.58514886211
1135.40047268649,8839.64714383354
1296.81625008689,8263.46540653114
1919.55905480455,3676.38600641687
7518.28399167401,8167.03714411363
1961.00219474589,9175.89798849213
7793.09019682531,7233.65738317521
1409.78040681817,3702.61957543421
1754.73722524192,9157.18787262561
7705.86283390995,7454.567521809
8514.18985809892,7108.12963672831
1648.11827191125,4682.54546359105
7004.5413047773,7579.10488237104
7815.31206447516,7517.27945132967
1291.18110502116,7564.54421849919
2118.35593175077,8116.61506947186
7473.77775501865,7771.35680651866
8469.08847805162,6216.94023311033
6729.63813903221,8421.93549032106
1992.59255681078,3237.83575451446
7386.57387328581,8172.29774145088
938.374908937376,3585.24535941132
1699.96500185935,8266.19170415955
1099.4784885335,9211.23359174576
1884.9067566912,9146.2338529021
7058.11141834288,7646.641270652
2285.03953332908,8029.57668567195
7975.79797014709,7013.87954130766
6818.16179860013,8196.3062290144
6750.13955449806,7187.23121230371
4849.87080921517,3887.17142631065
1117.37592805165,3712.94852735747
6371.93523472636,4778.42569440537
7466.95418922119,9443.02737278813
1657.29358552949,9120.29867609177
8924.40635068384,5355.23776233685
1995.73768426449,3854.96512342667
1640.96920512073,9190.05805509109
1962.46891765534,9273.53233584858
1464.74315745648,9061.84861432209
1197.83554510384,3545.45218166849
1447.9869899573,8673.06782434888
993.650162925992,3628.07447827864
1086.31436892757,9246.65212444737
726.416333207073,3149.61490092072
724.29569712594,3523.88451355017
7563.92688249824,7639.60879710676
884.243776521934,3832.3197092078
1565.7238204437,3761.15006754059
1669.13118500471,9314.38706164257
8575.61821395853,7717.05449853097
8166.38854741939,6563.76214323598
1185.24930698852,3387.26288539739
3699.61121826264,8884.54633709767
1605.67301567042,8863.10070826469
8105.08303518568,7873.0606655272
7302.04354312038,7634.33226817218
7499.89645075176,6863.46115921113
7399.3689610884,7841.073853464
8726.51381655005,6516.73534269084
8427.23164745201,5922.33285025094
7712.98387899015,8109.22654765081
7095.99154858402,7499.96535339259
880.348991998984,3451.71547586464
2184.21956982245,6628.83449798006
1354.27823159493,3618.86459201109
1697.10977671367,9018.84278583962
994.989077043426,3344.98871198813
2085.09720182019,8512.82225432372
1267.36009567029,3602.19729843298
701.551938761366,6956.70740049803
2425.20845710746,9258.74931169542
1274.15367094063,3501.75575239015
1667.71350609589,3351.05995575719
1455.88106447076,3516.11227827744
1800.25335052134,3756.10476686814
1356.07944243689,3176.28923643341
1014.23948694129,8834.61505017093
1761.8749056532,6343.98291451516
7785.53301172531,8023.32467808114
7619.97574493233,7952.36633693073
1468.82924121595,3766.33895563566
2196.75496237858,8520.42750229033
7771.03237733524,8104.40927866743
8096.21032097906,7696.10179868669
7954.46772759268,7589.45752473303
4736.29254272274,5164.2601200668
1054.13432481058,3387.36060078339
1249.65789656027,3601.87613056878
2100.9194829164,9318.9050122547
8669.42719846395,5238.82164220251
1930.17235910386,8712.873245146
949.968805142964,8788.91129061727
932.83308211367,9153.34438701961
1772.65899548059,8725.82929329203
2362.9499839182,8163.12980648738
2127.05931152895,8616.33225670118
7343.67582682635,7359.78429482834
7792.81169037495,8200.96952488813
1703.04452809191,8145.77135164723
1605.7583705924,3381.90720213845
7712.32793576783,7935.83542645733
4583.26203885831,3807.31652851062
6810.80579413687,6001.67620100503
1253.41883258558,3194.44209726642
7860.63734035328,7703.07615668354
7780.23782098999,7622.68116354915
7634.49786140984,7752.26513319128
4663.35444529846,4336.64808848531
1787.31990182766,9174.71810481523
8594.77801310742,7259.08115750996
2147.22496517215,9102.39731792713
8574.7029884402,7743.62950138317
1351.62699701904,3864.27409092103
935.181463393705,8406.53283106758
1966.41448035992,3896.31949515414
1122.32095485854,3373.02143483605
1670.25648774092,9129.12669699842
8281.44092746104,8069.18793381493
696.132123248082,2981.25170160155
7944.20094255044,6647.53515399906
7198.07173209158,7389.08336425543
861.386305629216,9145.70758422949
1167.90235102134,3404.59280256947
8876.55355138339,7397.7073508291
7479.98405365375,7383.69127903684
6712.30992576528,8637.12201755027
1593.02053814191,3353.46781440077
1916.23672070184,8850.59723715002
7350.55566868512,7822.69254457695
7559.9754670181,7743.28057528033
1025.41345897967,7789.64040588526
8792.60047097523,7604.26977375824
7773.34915110919,6713.44749065763
1799.82251087552,8438.70477897537
1668.42800057052,9237.24133846734
1632.17551413579,3529.05500213234
7508.30971889543,7219.2955127132
725.879225198606,3330.87619883402
7088.8191864418,7329.54919380634
1452.00766699162,9078.63343547049
7451.76433609531,8106.44247968377
894.173772067719,3435.54030488935
1251.72205063188,3802.76360486754
4552.33057005155,3960.83474659514
1440.3709464936,3424.73019738455
1413.77132527062,3669.70487040201
7630.08408630621,7355.29587298357
1449.03696404572,9274.10210178074
1287.52805459564,3385.93766428616
2170.10515696194,4219.16223272558
1027.83611253078,8864.84758993455
1123.62543226894,8336.98692131268
7915.16874421886,7834.21240075127
1612.46952562086,3673.24317177965
8907.68893233153,7884.6069407863
2020.21968622665,9205.35264411114
748.65700661713,3198.55416429978
1598.43466462956,3667.66974888541
1461.42705747732,3694.42057772152
1219.52014471757,3480.3151748266
7841.65912504337,7837.6922047231
6653.7477269286,5218.53145249377
7540.28474652053,7384.98687078167
8744.57194119649,7117.08279744788
7805.37269653498,7945.44776495076
7593.75671406367,7691.09609642152
6500.63224764834,7351.19804850593
1474.45445817348,3806.02447204959
1406.18979450588,8746.36815653743
1115.26157021817,8884.40538935418
7406.2421133895,7826.98748528711
1822.25318978227,3620.60016037523
1928.72167943384,9232.26433816496
1166.78317624103,7467.87790843795
7956.55671462255,7193.72746241428
2198.73450908646,7667.49153745916
1268.07463042797,3894.31264242372
873.066048713037,3173.33057793743
1236.1563011084,3384.8172222527
7850.32444820658,7211.32636870557
7676.81636643035,8130.31552298344
1511.40040248335,8928.58907146955
1004.05446119458,3422.92229329365
7324.28276954197,7566.55867922951
7961.97234457999,6941.05676063381
1795.94920605199,9001.79950439866
8777.07887226018,7112.99307312756
8412.24879938038,7166.03393940353
1391.75966521304,3731.8411581491
664.817540635177,8637.78043823943
6743.21777559917,7393.25356088845
1675.86789908132,8559.66009426466
1189.86255016677,3342.33363727658
1185.58764565536,7786.10904787972
7746.73688917107,8263.99100939404
6985.95665605669,7433.35671158919
989.787051879582,8769.41236253486
1674.6558729512,9215.63681787239
1515.69724999972,9114.67768099396
6955.19367774447,8036.26464274644
1462.29001941508,5220.41313417351
7155.0515317002,7541.5326069598
3515.80408288934,3544.61743710628
8273.65795393668,7350.85432759517
2062.91949340263,9150.89750403016
1188.40600364207,3659.15155223489
1468.12671424417,9053.89908588044
2512.14104657694,8726.26737572117
1427.19509806328,8987.9175337159
1241.84170495615,9081.39623711867
1443.0986989784,3965.78548789225
7045.32336791164,7638.24958056828
1633.38921298596,8764.77998557613
1069.43002589253,8871.82012022197
7352.87393180155,7358.41326075355
1619.76579320563,4164.55896915473
6933.13256523628,7480.68033203796
2109.57455646102,3652.22070311479
1724.49461332806,9211.05923768634
7676.69617091424,8032.39969867909
1294.12621589717,3610.89304408158
6895.41154943612,7282.42720366259
1272.62094026586,9223.67146050911
602.156899522336,3305.51289022885
1629.79011820762,3741.33733386485
6801.32267825723,6758.47957420561
1615.81868915177,5960.48679385098
1297.42360452857,8940.84758399376
6441.65861047808,6852.88891176676
7295.87945159373,7471.58867281048
1506.7359582148,8871.16989984451
1616.23030677483,3725.81551500983
6224.59345496688,7836.14723852126
6912.31576313568,7448.64895714488
6831.50312938011,8358.70201906716
2099.48614149991,8466.80676181955
7760.70365897685,6833.43137851237
1459.19817547801,3418.20987315427
857.94213539771,8288.4245802332
6506.76784202417,4699.97028769041
1245.59675767858,3219.02743454359
1676.39571296143,9101.59918394686
839.868693244888,9127.80697558966
7411.42308062726,7420.27292733699
1093.25404127518,9228.79578495434
7480.499495964,7418.48365929821
6659.72950501159,7267.43485984486
1777.01920975865,5473.62370002817
1274.60804098267,7817.13220455334
5526.58744830257,8842.11210531425
8611.12713553566,7910.12862961457
1037.02438264711,3425.82103346165
873.44370640607,8229.75464146225
1699.42003904782,8948.99211160805
6644.18479340452,6883.58938022368
7391.17030174916,7155.21288848588
7255.26027360343,7374.10124215083
1830.03405477014,8998.40312249851
1316.95741639995,3507.17937681966
1737.42232629765,3787.87738807251
7575.94334398152,7570.61544410648
7629.99258200166,8278.81970490207
1412.17753319668,8587.91931008386
1175.1721861573,9047.5661880356
1252.55004192732,8704.44510845573
6783.73409441936,7212.91535236164
6922.55554590127,7923.63519851421
7923.28262900123,7750.53645438308
7728.12910016703,7307.3007089213
7052.44407540332,7781.01703176442
7858.68071148062,7711.52707119306
7326.48322809543,7673.00871189648
7550.98928282228,7669.89180810889
7733.55912374698,7018.05797376649
7298.60786612962,7857.12220032107
1141.40222444074,3269.02772143763
2024.69154429009,8407.73574010361
7590.21273157807,7284.79586426936
7384.92627989045,7368.07900532127
981.785876225926,3371.48807035603
1016.03688071278,9220.32195387158
7254.81568537549,8442.4078470594
7086.73802534653,7302.15410721165
7298.5942012692,7747.13208974835
5004.08904867539,8862.70589083773
1866.13047718603,8784.0206338684
1291.08213430493,9120.98312539545
1625.49256424799,4357.43230832201
826.866675060136,3061.61898129702
7041.84219743742,7807.42648046255
7655.18987688896,8217.86621027787
1508.39752627958,9091.46577719416
6662.76497479807,7822.11991519946
1455.79032082964,8973.77895612895
7466.55948951765,6266.29129693818
8160.9470978584,7442.47193491366
6813.1720959212,7031.54979005198
1666.18263707138,3710.98172123397
2148.37966756946,8899.49831920083
8473.9026303735,6248.82156645207
1144.09520670255,9171.35470811504
7841.99425140571,7587.95329789092
1613.42467444801,9001.23079838065
7367.09563725702,7470.56995115933
1751.61183904255,8468.58261630469
1113.07433493618,3213.57458944379
6961.02841590022,7406.83414673315
8270.38415699375,8437.2136183498
2381.55220414578,7435.9305377814
1583.76881360974,4246.24852296086
2233.06533138415,3820.69094568056
1455.1864689307,3584.95207601902
8606.09271981118,7790.3593156589
2406.74657187208,3561.30769234331
1772.04273045704,3938.60935810747
7639.32695778306,6957.19419623207
1484.7678826379,4139.63878783469
2144.07966558306,9014.2916333427
8474.96751163858,6648.66154914498
7635.96938345046,6267.88478075079
8430.00077432319,7957.41584173592
1593.69684682202,3931.37235042531
936.272149836029,3235.47652209937
988.245275059155,3528.34199678616
759.30121267877,3031.10943398892
963.010142403257,3337.43216483671
2059.64091597872,8767.55969904193
1575.48053814811,4025.55002247902
1763.32260833757,8470.86685358455
1180.56325466752,8781.26018651241
6694.65897128561,8116.31187510562
1363.55488379495,3698.97248771917
7301.04337897012,9013.77165366439
2408.28525833796,3900.40813734851
2510.42808275342,8237.35047447467
1543.74239202641,3704.45888831328
8211.4886601227,6246.01666133555
1182.38576294699,8816.35455245602
7494.63495199582,7777.54260802788
8157.3459553981,7555.26571983862
6849.30336172369,8305.04876159625
1309.19169072132,3486.52471679802
1536.05690487043,3813.31299174404
8130.99616969215,8042.61529986871
7550.36608675592,4436.09248442094
1286.81815430333,8909.98088126298
1015.59425245212,8650.31493448632
650.353863095702,7901.31673607828
7402.62151479971,8056.331066343
7826.23274347985,7939.2905684349
2332.74108815909,7410.31347013895
7896.79491447369,7139.12595628507
5133.86615911986,8601.59111589151
1697.9448237362,8146.84452466721
824.140691475589,3295.23494033552
1380.23488756029,3753.53049174201
9018.37198939774,7716.32563741447
995.288186832868,3805.65009885306
7361.73539277863,8171.31429993243
7308.09829700029,8140.06495741836
6627.64427617974,7060.00538504351
7805.63333800305,8206.03655499861
2208.18518318734,8233.47891895817
3193.43094642992,5824.61437000516
1592.33436525485,9354.38668173039
1199.92334149398,3601.30848908474
7464.83535797256,7163.67778533129
7249.83200533104,7288.58681573384
9093.56290843244,7853.21159293352
7699.70829392084,8191.73819179364
7245.63182388466,7216.41595201276
1020.26035734209,9238.66893583787
1873.67424847154,9053.88196884365
1366.15242229183,3589.23284340357
7438.83515127092,7911.09779216494
1208.73408698817,7118.3246462418
8351.04393397498,7736.976135818
2584.64436028978,8769.88157882849
2308.36491577236,8273.30050015546
1463.7162659337,8867.69942629988
6838.43843937405,6762.0501209911
1868.31180024716,9158.94827490649
1551.07915882129,8834.45823199109
1883.91739714033,7812.31880130764
8108.61920199447,6085.03941809829
579.073848800057,3154.76366854057
1047.13109485762,3604.59962463483
1007.69185970537,3358.63055246868
1456.00694772792,9287.27286792355
1344.81689781767,3749.27947720822
6500.59892752602,5680.04841556581
723.186240997657,3666.25329500227
7183.58143194816,8143.92425779235
1520.3596494812,3553.38900946706
7970.14591261701,7902.63195734245
1542.34383477779,3617.11115478666
2146.87554150239,3650.04219906739
8412.87101513232,6663.10099944875
1047.54451164779,8935.26458954795
7702.50157563238,7319.02994828371
8065.84732249179,7663.95429252031
1027.49564907354,8801.69072618861
8903.01283929798,6701.32127763798
1416.77513489237,3270.36233398573
1680.6615917053,4354.87013239424
5982.85716794981,8982.46384474023
7048.53169439428,6451.27634126215
3257.07483121723,8473.75168997717
887.071132689302,3736.38702510934
1494.20539603333,8435.93902820554
1701.77968364791,4030.10490015842
1206.57235576723,3566.67934175558
5305.1986095383,6208.56465663087
2028.81429361501,5545.90686316736
1388.77057656019,4004.95482718007
7317.21859362527,7956.80712783543
7411.58703003483,6957.31930340858
1209.29494023106,3501.3443238536
6648.96391068138,7964.89511820824
1177.20432308706,3419.26460850775
7971.77501866028,6350.23248136865
1049.742059526,8965.20632141387
1575.90293140042,8898.79014006441
1436.6202319749,9447.56623705282
1250.88405407051,9297.193084084
7643.35014413647,7650.44524010983
685.76548012132,8591.4654408004
7205.80094009685,8064.82080137379
1029.40686432846,3142.09915720844
780.813964067771,3925.19158649756
1818.28728510259,9077.65254131858
1515.72267359957,3923.86675903602
6200.45432630301,7370.70610852616
1194.60631286484,8904.34550226245
1741.43990801622,9405.36998095642
7017.85155754376,7943.70866965996
1447.99441079067,9119.47957913615
1348.05905582216,3573.59147350035
2980.32677974501,5092.4310511771
1371.43048374218,9069.50985648749
1865.99034103594,8646.56520689844
1364.06134641198,7853.53987878063
8391.42875495921,8201.48542628556
7511.3051894216,7447.59853243551
7078.95826368739,7326.99469254585
1159.71563417876,8988.93506448466
1576.29121441071,8822.57160442022
7777.83415101995,7892.63417284425
1174.55651057807,9022.90919550175
8240.63356846171,7674.1873937601
1473.74938689606,8968.67017549067
2259.20632164576,8876.66346261531
1140.27579063734,9222.24198519026
1696.17513971014,9109.61238169511
1462.90646717744,3306.1408386967
1000.74109675211,3243.85850029339
8597.09933150614,7416.2628264075
1439.20557119992,9116.64950160694
1136.7917441597,8334.17128584262
1514.67486401231,3735.50113625383
1547.94863894765,9441.61738845464
793.555227541997,3461.23655523976
1146.75788522482,9015.9479542782
5191.71634077791,3898.66787407801
1907.03801114119,7970.83691732722
7299.59274891196,6857.14694409558
1603.22270452328,9246.61979116254
6198.74782201973,7123.46777601515
7999.1677201967,6376.86753000705
1222.04821350305,9146.48911894176
7404.00826088156,7563.15669087235
6555.26334957565,8078.99058199017
2089.85264467814,8285.0651107311
1085.52762574673,3589.19877933996
6525.1636351798,7054.05718650298
1198.33337246016,3425.06380889911
2694.53584451692,8334.26422227538
1222.16044375596,3605.07861822806
1252.72186836973,8764.89669503813
7413.22663630553,8270.70470063496
1337.45614045509,8873.75308161075
1343.07902088592,3863.92059858978
7383.59573861498,7731.00853324721
7536.28269385213,7415.73319038369
1216.39941174069,8618.15603583764
7524.94958819225,7805.79872724456
1704.63705203715,9157.88910325566
1739.03629063816,3699.48480247142
1739.35858377641,9125.22305461886
4523.57078572537,6119.29556803396
7362.42186911861,7605.60648801887
1787.33799147136,3568.85864012289
1146.91805304756,3592.68501470404
1680.26978425402,3779.16665454493
2238.28026347807,3982.6778306306
1792.08586061571,3599.48979469386
1476.29141512608,3840.41287137592
6824.9445574853,7728.19733038424
1446.62973510066,3593.53845618923
1081.57787042478,9155.9847464096
6713.27309386483,5380.91687438165
7291.03050948681,7177.82050993927
844.975002508561,3548.19808280516
4990.35012349271,7775.49959259111
8748.11361901526,8038.2214311138
1070.78850756592,9162.12139557691
7595.93065356249,8441.70325708849
1140.37897518453,3269.35872555861
7321.76859196281,7964.09246791738
1347.54496132546,8935.65046059636
2532.78382228514,8928.63178712497
7725.15818665079,7908.32884589735
1721.39778528169,3850.31426897993
8853.66247398336,4915.19137567042
756.754710315719,7721.96635615992
6741.31607885726,7719.0742331648
1581.21534318768,8640.42309591297
2189.66794546139,8830.34967332799
1624.10418188069,8314.6877292699
1763.63145590991,9108.23475690614
7318.96225473405,7982.79460525071
7111.00947912444,7774.4938372033
1336.67217019613,3524.01192375516
1248.62410905935,3793.17606800986
8115.38987338607,6807.86868701573
7832.29385131102,7826.31888963713
1125.82205661907,8579.92890096808
8618.08925782918,7157.80387651689
1413.90218538807,3493.29431957249
7192.31035820165,7165.43190870584
1693.457741219,3340.86898935836
6017.65856943233,7458.62877033965
7568.63836237133,8435.01620229459
1329.08496227801,3405.10263708031
7614.1851185424,7651.79136874745
1500.27031801951,8885.57759988121
1528.43653282011,3860.46618599537
1730.94766673126,9307.7713399288
1337.66808752948,3489.96628738093
1777.02816826829,4035.41824560695
1427.19905041797,9161.47630317313
4672.67238582424,2779.47310374404
1528.75840650025,8998.39993315307
6975.74388055138,7826.935992919
7037.12115332136,7710.64843336713
1195.77610590707,3748.20203542897
1362.84245157596,9005.27771375033
2776.77233354418,4096.41930412609
1219.19079371891,3486.90754412418
6858.3258005027,5290.82142100509
1124.59726541329,8894.99047267474
767.160315967985,3004.19810136535
1684.95519646186,9171.27131083566
7658.82272113471,7615.85919516905
6338.96800649235,7335.47886667155
7435.67010439695,7403.1252538592
1713.96741686965,3510.54183789987
7536.03275819662,7167.53864309362
1754.00599025625,3890.55642411822
1685.0695612494,3526.26759460756
6516.45297780763,8054.96858654872
835.611170669868,3205.6925103664
6663.62406332653,7707.27748494771
2117.69146828142,9073.72329273008
1605.11834006199,3799.19951909839
7704.3119684945,6739.7577102538
2215.97302837411,8785.90310390439
7006.54771510663,8840.51605516352
1400.0806829018,9076.18025374182
982.74887428318,8551.85080760321
8518.30457716018,6827.67430048701
1268.80495524361,8979.57517840345
7002.87026131513,8102.60824710215
8357.00578917833,5842.4941580921
2000.81322536881,9052.87069462646
1256.47663996293,8973.28427667879
7896.92937328254,7654.13121523558
1061.61365974862,8238.40469171791
1576.80220141148,9197.21256069121
1052.68381793942,9047.88052482687
1606.59870335754,8912.87069291876
7683.13767793985,7627.84813334477
1459.74461862638,9121.99975334723
7569.32263190774,8035.27338265962
7086.39054159234,6695.73659820881
8094.27619463078,7502.39418032871
1655.21546020197,3492.40918683887
6626.97184803645,7353.09854914538
1183.4002924686,4182.34580345119
1348.1631081655,3670.34644432801
8013.43339357255,7554.7372070371
1016.38742811934,8191.76431570561
1831.8017262441,8844.74120856942
7484.78807717784,7360.4710918167
5799.56579226751,4327.66138640434
6107.60860011535,7645.50165909101
1147.15106355699,7702.99964549856
7905.30961463051,7645.58274361776
1452.85987961927,3450.73947171003
7520.46224629361,7764.77113293029
8029.74773258054,7089.14015579222
7965.33940355117,9340.03609691599
7913.70618899971,7730.01063085846
1325.52693149475,8927.25230798249
1478.3337831657,9146.5658692742
1268.13367337654,9052.54073055728
1980.2061934853,9249.40360223179
8229.53400362053,6933.56886761414
1852.14395257834,8749.05355515437
6177.32889025746,6996.70393933244
1351.0954975591,9402.62513623665
8983.06343208441,7216.12026739183
1160.46966745954,3012.29472304824
1373.54909730029,3964.60161172776
1037.65475626144,9056.49069813755
3164.35303718463,6770.03471935534
1180.09651032585,3500.81792093888
2100.64025739386,8173.6895321978
7875.6673028207,8069.94844816091
9704.08505373908,7603.07637635216
1496.68396350831,8898.47490915315
871.359774508009,3492.61316151626
1535.08408547401,3743.93562329668
1580.83011623309,3771.61742364425
7423.70843613999,7463.81289153289
1492.31508630279,3467.30983133127
2034.89719513422,9134.78592831463
7317.54418443596,7518.79132631036
2258.48339590714,8954.01626376419
1697.16191316179,9356.39985462386
1708.49509498911,9270.63673198035
2067.19970618265,8976.44092328735
7260.13023724494,7687.6861798038
1678.24962798703,3907.46298748274
1606.6872454119,3731.92776982818
7410.19820404809,7620.03256316417
1612.11487061218,8763.65300684378
8379.56512904347,8013.99400495111
1919.71794985837,8821.30720106439
2255.37293460305,8567.59076321305
1227.93511613354,5453.95565231731
3522.80383417876,8795.45378600091
1031.25877674522,3688.63575377117
1578.60261552477,7753.22660110492
1331.24940825944,3474.46442383924
7434.26006423417,7538.18016773922
7634.05302861739,7597.82494834512
5269.55186871727,8755.33508179913
1632.68296008879,8852.66500947573
1117.91304108075,8885.43749597215
1264.7769161412,9241.85662133932
1951.83861397492,9086.59294394421
7588.04391728341,6960.34521974307
6898.81225652021,7274.26421461994
3133.21920459221,8911.20612397033
1861.46363055739,3662.17970027543
1567.22332396944,9170.10028379136
1680.27608958318,3842.14925485332
6923.81427561461,8011.84472536854
1606.16860920147,7466.15585019344
2120.52395857803,7855.17181104073
1465.17632456088,8866.82910102419
9104.659536048,7857.60433727417
5132.94362872787,8061.60635087956
7488.73107846529,8115.19088008277
1229.05831753143,3662.07324248398
1072.946791158,8783.93867200229
1584.07447466945,3943.55277993678
6996.29297298156,7929.79327012182
1977.76373799418,9058.95894255219
1804.86892316391,9037.81291430384
2225.0702215712,8842.91345607441
1354.15556157403,9011.7452188619
7534.22628958081,8070.37342623647
1113.85242560462,3496.6313929509
998.834493376208,3452.96415060654
9242.48147419423,8078.10064548646
882.331939807795,8786.48168661956
1737.88510091983,8376.98612958103
878.264658344746,3395.33906780942
8280.23228480238,6106.66381176429
1352.55401272407,5358.60529628576
1725.66812864739,8437.99377493685
1459.78725280502,5223.2746977529
1618.73204436276,9033.9094132474
1321.98511148629,3740.91190976023
1405.93343994596,3514.03951492806
1947.83931417895,9103.82114992711
1404.36376967349,9021.80033892144
1519.82454150748,7984.61658664865
2769.71247704163,8534.98538803576
959.508600781253,3146.28000434019
8282.82498095574,7247.84765321085
1053.8573786186,9109.07736133831
1183.89102030935,3801.74125071654
1710.85325863541,3413.55098577324
8401.76036140053,6269.7679725467
8393.7555625299,8204.28506543061
1123.0901929784,9026.17473353152
1162.88026018907,4021.26470596572
6808.23589194898,7302.22455272294
7486.37420459853,8354.83983401162
1228.42094727192,8557.0487358091
8518.63300656572,6949.03070148524
1408.8291522808,9160.69073819168
836.679169106905,3432.50603094408
1427.2489117746,3628.5635119138
2334.36380969418,4072.40392085911
8241.26474128013,7604.80906489698
1341.48801062024,3594.64108450995
8368.3905589388,7303.66669969129
8033.39682494295,7415.24951408021
7677.01137366005,7845.00815492807
2251.78317035045,9135.89935728774
7064.20205547827,6792.20210919
821.513656312446,3347.80296038907
7637.94574371711,7007.5415295936
7290.92311564981,7153.59801202015
9207.73573137207,8056.20911594143
7177.93389425414,7689.99139660425
1665.55062772109,8449.07933357099
1499.67084174864,9120.40868464109
834.837154846044,3538.12810376799
1406.96519002962,4028.56405614471
7190.79403407112,6228.77171078791
7832.02041227368,7595.79752200971
7400.12441023761,7708.03632349302
1154.97432095149,8526.72134301842
854.003261389127,8726.00111914511
978.639939367142,3503.21564033957
910.963793568194,3063.64678624529
1605.69458542675,3747.44004613948
2070.32500419575,7404.8708318972
7041.87280565429,7253.45052932157
6955.1968152412,7888.33196690195
1046.49095821606,3501.36416893224
6565.85352867971,7943.34368083824
8190.9996215759,7186.94922118425
7580.59510452399,8171.67029546058
2000.88783417751,7994.63223757211
3183.92513194059,9077.50854104672
916.387442137321,9022.53984262133
6319.82208729185,4102.15379748525
943.19369227201,4334.75390504494
8359.61632381104,7574.72943593597
1419.37981783463,9370.71935858897
2293.92501888953,9511.66398641132
9183.39746850956,7913.76491668221
7574.92880681329,7576.5173354106
7676.60738834928,7677.79427883163
1807.01501897801,3470.05699508242
1395.65858342273,4065.00246728054
1244.49716205367,3069.61098509495
1378.77167281586,8903.27882650102
8112.22391295148,5607.58226399097
1461.73568725218,8680.87661638128
1543.13073216936,8174.78363739322
7159.91761142313,7361.24429992563
7038.07374817058,6932.29858693159
7484.99934040655,8199.02515303277
1097.82299850718,3055.24472700317
2412.29422617374,8965.83595250436
7596.82394768126,7634.57094498898
1252.63557676712,9336.44928850161
7996.12973599876,7913.16470116412
2380.39875845351,8489.89153361564
966.347113112872,8950.62428987536
5952.91856419615,7877.97467177407
1191.35596375956,3444.69607722474
6785.15056676741,7123.95044339652
1030.43391525707,3372.29429975902
7400.40604335423,7198.66923797185
7423.91022069059,7469.9524029273
1991.69683225564,8916.28141271615
947.108697996389,8124.54906481317
1292.93472053751,9195.44496322667
1180.00748044442,9500.43789838027
409.545264105693,3147.24693786953
6895.58746397689,7906.26503892707
7629.50878240735,7323.4451687914
7992.19528061323,8286.48756217093
7779.93350741807,8221.21352701682
7593.11333423947,7166.25194390717
1232.09364464007,9018.76316038683
1714.29522903357,4865.25357880188
1537.03220399699,8978.6159391874
7442.01347711644,7553.90652474277
1561.23691692493,3718.48511465216
1453.24612259535,3647.02625329209
8025.36413515095,7936.17446366372
7422.02759507079,7244.3411686685
1232.68748517476,3684.022352697
1736.68710403937,9151.859503713
1415.41161027986,3812.9014335564
1096.05485112847,8392.25513737527
6962.78804056491,7972.00278438495
1070.62041560555,3809.39262305311
1469.73411493011,9079.99438728518
7290.17336160787,5342.47760443627
6761.88954638291,7622.89082886136
655.187839634329,3256.66522222693
1492.54665458093,8815.70698470183
6908.10993548968,7965.76378457697
2030.71941078155,4049.43868029015
7337.90483218617,7339.43874489401
7455.03832983165,7856.80126511391
771.553389134817,3093.89716792778
8470.60963982749,6653.46937834552
1175.68228822168,3575.95333599484
2061.36577517636,9094.97997518902
1572.01986875348,3429.30023862101
3212.4243439158,7772.65938458684
1092.86344944859,3715.84002446923
7310.66798909766,7584.66675321664
1799.55810312548,8727.89735091181
7339.97255459804,7486.35474652524
7635.47166038812,7855.0412251712
1732.45270036827,7988.00196947361
7328.67224951283,7003.34913716622
1170.71980418197,9032.78408246505
1498.36954162848,7380.18683624895
808.182641002429,3267.98905671869
1896.48350358047,8564.71161746595
2531.22657031842,9009.08205768011
8546.16615376865,8166.45296593141
2184.27816582355,6623.1263376401
1334.70223216042,9357.0545761198
986.166832330278,3180.92308931878
3456.18584619257,3510.49039350742
2085.78604214083,8502.76275590189
8313.98723378385,5911.27064802223
1614.22645944795,4773.74106626398
1915.29769481998,9147.32531828978
1361.8233663815,9157.80860740788
7914.86696319827,8131.55276281115
6528.46241122706,8650.13478938606
7569.45923486877,7693.30274209601
7021.08698114605,7720.75813616535
7350.28271813094,7560.17510723098
1174.46495857971,7017.40239594854
1640.86730188754,3620.10732602497
1779.4090869096,3934.36222833281
1147.99630524451,3191.34081807666
5717.20726348983,8738.0441790378
7006.80857706658,6310.83896703198
6990.22073594073,7598.23759671015
1864.41180206782,3736.91877491472
6431.86404750417,4273.88090184393
1699.57036140236,9133.13760613602
1489.72127926639,9030.14357412621
1483.67749274852,9029.26060257602
1537.82392202639,8886.09294806805
1087.25966562115,3271.91686134412
8005.00414871869,7612.09554627714
1408.77165504608,9106.54581679217
1343.60737420749,3481.14679899961
7148.1866651006,7329.766929302
994.994314519711,3147.81379148694
7977.07301282886,7313.09955255722
1886.18728392198,9105.28547616262
2197.82616275075,8482.62486917105
8494.12680885777,8263.00295082834
1813.83751499339,7880.49859868436
7028.37549415041,7093.42176314946
7152.5757712439,6986.13085840443
1163.07885689537,3557.1983228397
1791.5191679284,9329.29491991638
1920.54995397835,9036.62974178817
1162.68307236579,8666.36692276995
2967.20660729012,8778.91277375522
1136.59125710376,7997.98798931871
8623.5483926311,4916.47644083702
958.003877504625,3499.11327632369
1484.1721385323,9095.29084625633
7109.34157391352,7283.39088811776
1399.46677968201,7639.45317559219
1120.49267249061,3949.02337815268
7075.70276124436,7397.99973950727
7067.52926111975,7608.90490144226
1144.15356563873,3527.68307522983
1146.35367652617,3576.33403196289
1649.47092241975,8869.9358050329
1949.40896597442,7974.99862216489
1282.29499928539,3566.60663427928
7666.33307804962,8348.77571990903
7643.93843954538,7818.59415219251
8149.25048472632,6840.67298662422
1284.8524917015,3429.19324475372
1804.11775718519,9139.03688435755
6262.87054106388,6564.34285565859
1133.86875217161,7910.53413106811
1000.67745219871,3457.4601405859
8605.72404675218,4293.28148669841
1370.91879517404,6375.76486535052
8673.25014207852,7270.49382648077
7371.37295643416,7308.02250014606
7237.15732585458,8128.73809776658
1452.82087057343,8806.50386770982
8509.50483777364,8113.98037911168
1342.52939550845,8292.9346046477
7702.82106599595,7582.0296530989
1584.74661336573,3758.07200274684
1078.63415403919,9032.38871851149
1128.98093835123,9133.26029592157
1936.29084385785,8932.72336944377
7318.12970054228,7244.06346996327
674.338586818482,8873.72918613353
1413.36046355823,3292.58412021317
1505.89758028382,3969.94008288025
6303.78428703803,8789.10958548758
6955.07510390748,7748.4582991211
1080.9648275885,3377.11044680318
7613.38944062217,7862.54991053255
1474.60759526937,9173.07151756417
2531.34849098955,8058.96026341448
1817.02451225078,8751.80991910089
1520.12904266741,8285.11868416069
1038.67024536129,3159.88062439816
1328.00089948244,9230.01693026394
2098.3825114573,3914.52079211464
7280.81663912983,8040.2737434026
1088.40199529371,3252.79174832397
7021.61980685767,8290.73512289068
1036.51438953252,9337.97182525615
1186.54078560914,3283.14922926276
7689.78341572227,8460.55164771717
1734.05835170401,3887.31244633542
3243.13657131681,9264.56327586233
2073.39174495796,9408.15576616825
8186.2327146749,6319.214034706
6945.48576835426,8157.07937232932
7266.65402484242,8538.85777529725
8478.15302573604,6555.04219710286
7621.97096029163,7322.02564474415
1451.40920578446,9088.68118655176
1133.36109047661,3718.38428749
8558.29055865634,7629.46461491757
7154.60831139456,8075.43238111605
969.845993895102,3438.14172498219
7576.99187678807,8180.22785108882
873.358022256384,3388.59997682572
2249.68010295321,9176.28756649199
7141.76325692735,8191.05074144178
1600.23873388252,8374.40134486661
753.734894736561,3218.34041957749
7776.41940985975,7640.97311838814
7620.96370082343,7958.82795613596
7079.72200088913,7249.78926481299
2519.83978977613,9364.15612524837
1364.14837623838,4772.15600598398
9045.18917454197,6489.13960502426
8842.82171770076,8079.08839935464
6998.70548773335,7316.12041245015
844.948973837821,3270.17575757968
8441.79891149257,7208.38871906205
1721.08282217398,9022.81136729031
1437.95510255186,3699.3474835002
7367.17664032429,7279.96735238122
1302.25682972837,4084.07447213973
9340.13749651876,8107.16117802401
1629.1373591341,3764.20753334567
7788.56381393068,7977.8316444747
8968.56466683926,7870.54016113078
8303.9006959403,6390.63617062768
1610.88232920663,8452.14667998611
9027.29953583024,8270.49186842521
1100.17403337719,9391.65420851408
1457.33172000359,3478.29593369608
6950.20978183109,7240.40008266304
1964.72315971273,8182.81738945452
1145.53461457691,8008.5594244155
952.447260851568,8826.48270291371
7466.39045535998,7342.87816761651
6430.23992151204,7345.52801051618
7356.22946190518,7803.71601597143
2223.48637478941,8744.32497830952
6806.10712342479,6207.11417303446
7407.5370243033,7881.90362698833
1127.84038480073,3389.52966623622
7654.64823947481,6845.80890059217
1954.20647547997,9217.95735830709
7399.20203220936,6872.9263156291
7784.03594702323,7796.33208996964
1738.20785473374,9400.92058655389
8167.83463135555,7023.00365765614
7953.63719162693,7216.29872815434
1133.54861399769,9286.18332035511
7721.57201532871,8243.62181589346
1918.15966232619,8834.24038292412
1554.36876239004,8926.82879974638
8898.28427656417,6694.4262786879
961.390635503749,3196.78504652869
1563.84942086707,9122.50496873636
7199.90965438961,6386.91927869866
2199.68494816115,9338.81053676899
7390.96897017372,7570.51425405024
7807.36172881424,8178.33999087652
7389.81906310006,8226.69071153206
1311.08020909496,8840.70093732889
6603.46058041526,7664.65059955977
825.143199274284,3102.77925250967
5005.06884652784,5474.46638608993
1149.64553667428,3743.11604087225
7340.00845054433,6499.798088049
7308.30942100781,7306.75199736539
2475.51938048211,6486.59518105105
1127.36452932528,3147.54394991691
7380.32627550526,7879.57287323053
7196.65351690181,6732.34178102387
7692.88951473314,7357.1114885828
1999.14325353074,9078.50042355806
2010.31076502942,7963.0241632598
5807.78338356827,9001.18545364475
7675.7958818588,8282.74207394771
7800.40961716622,7458.65532025729
8645.24544179409,7483.94461893649
1641.79456724811,3859.32547232082
6987.46654113854,6971.79932238533
5796.47204214811,7759.41408962535
1511.78698915707,8862.68929520355
981.476260232808,7911.85201939611
7269.84751967397,7788.13978582626
7421.64838286369,7601.89440089915
7273.14690999031,7923.79905914184
1317.44940792248,3386.22955977767
1762.67091537188,5880.00336167944
3605.29700310252,7846.67821916592
7560.80028782025,7893.24156399514
2036.9486391591,9114.99932017677
1503.33676516333,8181.05949401926
1587.56171177917,8765.51178897136
1603.11080770693,8249.22498956193
1124.68237959596,9283.03755000538
1233.00127085108,3959.68050379343
854.565348055474,3363.50981565277
7624.19810441589,7639.21325573356
8955.6934079159,7373.27839448057
8111.67367883275,8674.33613217775
1451.55951166727,3643.93971026591
1391.23881085657,8589.31433890528
7597.49366132029,7723.19021974421
6975.19250154861,7341.90532541746
8253.82920380978,6385.54759067491
7713.55088739085,8097.74173856036
1781.20809226807,8582.59924584289
1134.40254960607,3264.42087942876
6349.15915711392,8934.60958639575
7147.94497077841,8294.29386119093
1406.83904320924,9183.38743340273
1157.41613218567,3172.71747471965
2088.68983308419,8423.50132297874
7723.10254626105,8242.23398855171
1294.94882139721,3313.10422693809
1564.11728826255,3458.9045858573
8378.05631688083,7166.31687904616
8365.65677250148,7208.09367783636
6813.91783344042,7897.91200926918
6797.98492953808,7066.53504807559
1999.71199177371,8785.17677473592
7531.39836155484,7913.16003911495
1473.29094801605,8257.76556196285
8345.77531999067,7884.1628192153
7844.27969406829,6495.83946967661
7567.51855461031,5550.33713830954
1075.75003748352,3506.34951681696
6355.34800471898,6321.87001130908
868.488782076426,3491.52942925194
1939.94585897491,9114.2508608485
6875.60404312171,6802.55450176468
2936.71543626209,7654.35359901973
8120.87127391023,7523.84282451121
1871.15435381315,9044.5794936583
8242.86403727538,7960.55207429298
7527.37557939405,7632.74092577654
6921.54780973212,7098.1339701318
6849.99637206495,7966.63942279516
1728.83594745594,9163.18078014835
6628.80281439607,7604.09271122878
6968.09116941412,7853.69955131462
1225.77620560868,8507.2044551895
3009.55064899112,8642.70257826784
6675.81523986305,7454.4261668287
8243.70792420363,8160.41213666751
7262.479864103,8393.82236597942
7649.07774934172,7958.70361311785
8002.95002333289,7908.98024989412
7070.45338848031,7139.20566655719
1219.20138349195,3598.89337134128
1717.93976892375,3720.33693039366
7656.50915301712,7803.56495625638
1193.36123312933,3478.88041774328
7628.3336475693,7888.46982604254
9005.39083835572,8312.82199134283
7774.03744948766,8231.63350505962
7185.58824063174,7656.09386445993
1198.60954845069,9211.97014244456
7601.78123467193,7464.45926106337
1262.32252526462,9128.80366814317
1523.44121005557,3651.4350658528
854.757166554808,3451.87828296586
5760.80259671903,3948.76409789779
2253.34503821515,8337.75153126073
8243.63515487982,7569.605373692
2020.45171433574,3745.21241861032
7994.77549957486,7621.64109754945
2404.98598128219,9133.48187114932
1591.50620132188,4802.87390238121
1334.94474204731,3847.82774450305
7303.2385158212,7946.50088911037
936.201460453352,8768.45310737145
6104.09119885074,3630.98366498087
1767.97415826636,8872.33843815538
7446.59507200348,7070.72435069077
7621.75653582473,7746.23160627164
1387.02561180741,5343.53791261397
1176.35533514258,3528.77635397405
1595.20655820223,7566.13914631506
1435.53883850251,8306.93517735653
7729.82063320091,6865.09492183295
933.670275334051,3320.93602210667
8331.6109209214,6836.54412495562
1646.97242467888,5300.84828987319
8340.04449947414,8023.32441019266
1240.79152235843,8301.77060024076
1666.79900301722,3763.18573687566
1129.32632480026,3444.56491196219
855.93659510756,3247.67616114072
7825.29803447224,5612.12257062062
1254.75059495784,3257.79393879667
6382.02037478281,5693.93996326033
1097.50415111534,3441.93347471117
2619.09212428811,3246.05942580427
7431.83885011171,7950.51337014139
1334.89968903918,9167.89138912441
7260.26904967199,7489.96391951936
8218.97790083389,7474.85893974999
6386.17086624935,8141.81748870938
7816.17956837078,7752.10805358358
1269.80482468273,3558.88737958042
1338.28934287158,3659.16626929883
8001.28158732103,7242.42116359311
7359.85901999527,8092.81014419136
2707.02291164622,8978.99328705641
1123.06928228335,3216.35511957468
1518.44049071117,8996.53493642241
7471.16521034771,7577.33377386041
7013.51021066903,8146.08834938405
1056.7359892512,9063.99245010083
7186.20817006285,7580.39664168345
1012.8717157635,3571.83997034751
734.124744833589,2982.0097598087
815.322046928927,3169.66022253649
1338.68361494666,7470.56944198036
1007.1271106509,3117.32636097656
786.540812689584,9058.63074161464
8068.38132154506,7302.53500178281
2463.27761981435,5169.20633301857
6743.06109485601,5356.76585436695
1012.95627323572,8938.39666969376
7001.29208164651,7181.44979213359
6755.58326355374,7832.52888825027
8452.68590705459,7417.31951127285
2383.32806083289,7806.46069928885
2347.42166087761,3722.0406706834
1397.99853258895,8246.4478205179
1970.89576693261,3995.24278727977
1413.79562502422,4876.15695120871
6893.86234333615,6318.30440700701
7536.1024204599,7149.09115278931
8342.39482580269,7548.2630766155
8377.16211755479,6205.11445070975
7851.82580907504,8155.596073741
1576.54667497761,3706.32609352586
1202.96005808012,3286.80223701793
5598.43857223733,4146.82674156266
7547.01650654298,7362.68780117846
1509.76634880024,8975.29084387434
1165.50326158245,9311.46623597697
1699.2597394761,8886.22580552923
1211.31415768616,3859.78090874049
6059.66182948486,7802.67453932718
1803.52928645211,9086.23541553365
860.341669965522,9291.22985021383
5483.51480022782,5597.42236396742
693.454035145318,8684.48895131454
8275.5718962459,6998.74282995359
1252.22935103513,3777.00407758017
7615.40186374185,8247.1511636901
1352.06293778482,9414.49075974523
2021.26100955536,8571.54985311458
1175.97480969123,8840.75709329931
7072.47339544493,8531.13403705748
947.428749458979,9165.64295443972
8370.51687836754,8227.26621382798
1514.44772791201,3482.73088221675
1082.16318964078,3283.97123866243
7987.6014118084,7527.32080791988
1443.36751549308,8237.77729806318
1193.09614605553,8746.90558580108
7525.01675211387,8070.94117161309
7140.64152212353,6946.86091004564
7431.35829359033,7760.96840570477
2372.07862702469,9307.08120316321
1554.06049803345,8273.93854452505
2077.60652227819,3584.379370421
769.132637878012,8830.90920175556
1108.58867256043,9012.9857141742
2035.27421733766,8788.3884993137
8255.98451900507,7176.10632944511
968.904033339437,3492.34675109737
757.988624598561,3237.34226527677
2515.64201970259,3433.66075477851
3611.16705928706,3366.33451968481
8197.1205149833,6616.8349151438
2023.96521582106,3533.73101334331
1897.9091020235,9155.57450360132
7068.46003110893,7122.02837221401
1058.18238384743,8788.5870149963
1415.21761119194,3775.66478243118
4250.61535226236,9413.65581879529
1721.05907663607,7851.24706378649
7880.99028811241,7928.30455077962
7244.79410986137,7858.73784016159
1839.42969317352,8285.07791041667
6954.25214287346,8274.63034265409
1457.77223502925,3833.62119861046
1371.41980067867,3731.14645226594
6625.83194659882,8114.3069310719
1109.9009872249,3654.90923044726
1465.31952621396,3593.26905607378
2069.3016911731,8830.42526638246
2041.63728600106,8516.11260779011
6911.06134547911,5261.12302650464
1106.01331921926,3666.07585618741
7335.81561738928,7319.97459830019
6948.35118035009,7410.2684970858
1147.790788587,3732.6923925014
1798.81729282522,8860.58788623129
1561.98228643234,4000.67461534533
7782.7108262704,7744.74992868826
7298.5691083431,7943.28304230149
3368.69293867135,8965.67328152942
7520.94310325143,7967.51412493368
3027.45353329416,8621.97615365486
1028.77595824845,3429.13352301569
6954.71540270075,5570.82466382397
672.342622580837,3026.32210378921
1344.68352741005,8957.44600841025
2591.11491412747,9004.3352671798
7363.04832009057,6659.12340582445
2517.50933802323,9228.30766497751
895.586081189695,3406.95732277025
7774.04537239502,7955.29690362261
7944.01645493278,7527.9446950324
4608.56148685812,3729.07061278653
2983.20488159025,8961.41114629338
911.594105128438,3321.27481411951
1688.59729059421,8316.73903952266
2052.37413285326,8850.8943288391
8691.08738694423,6720.96394182638
7264.26796310272,8291.87585511451
1322.04718299215,3003.54433132067
7918.90236083395,7315.84213479234
7149.77303572746,7531.20675648233
1837.32506024793,8790.27550136168
1475.8189850706,8868.1416995306
6774.07824147822,7032.91999329178
6890.84063265621,7988.64371825158
1104.09358704948,3506.08642400633
1641.625445437,8837.24567579961
8035.35862286353,7778.08016769393
1232.03932048604,4094.6266052207
8000.34294012638,6451.90761919272
1567.30179729864,9123.42831651401
7106.46804262012,8108.49864751839
1662.20967021112,8407.09082701457
1154.1397910042,9065.13782048598
1131.70159574814,9126.9302886132
7093.19872886666,7518.01482052173
6547.26577136642,8203.62945307666
6685.04478690412,8093.70819088148
1237.98149687249,8900.87194749747
8124.0297252132,7688.57960336452
693.278308093497,8974.32178080809
7667.98373334265,7878.39828357769
1604.79069248482,9085.33076913382
2000.37654383045,9078.73767268343
8230.71690574979,7367.86786580269
8279.30310464138,8315.501326712
7389.68843251107,7017.57738650849
4198.72299784099,4434.15625821141
6469.64441950238,6864.41765200653
1389.40796643634,8538.5837671047
7733.13589448748,7293.48270244318
1115.09025605267,3283.00428834208
8157.67584877432,7507.59141235612
7487.47776684708,8030.10709719144
7546.41828959441,8654.13820883081
1222.22115381062,8791.5098067173
1564.53535830395,8354.89952125853
677.73071117896,9068.35764218217
1035.91591821886,3441.74027027003
1628.75696579499,8997.69243344909
994.890637809326,3561.49455663351
1577.71168898541,3961.15363536394
8400.90835800006,5713.83871032274
1913.17478668825,9151.96293787933
8399.37374252396,7688.02358713577
1350.46260712071,7904.38344372218
1738.83649385727,8938.73820903583
1789.91663706636,8944.45245360451
693.658076821683,3448.02902350144
7388.57218380033,7734.55319048123
8498.84761777888,7392.87074476339
1524.18452649205,3894.04474344536
6904.60097555941,7801.98270374378
1651.56660978565,7818.39223719423
7842.12466191622,7797.87271709873
7447.32890771638,8301.52398531611
1243.39007286986,9027.7741869698
8211.89135269306,7727.57129693525
6812.46252106392,8143.59651732539
1668.69421907402,3845.5065041633
2657.06764828868,8920.2296572163
8647.38161951824,7104.96640510999
7698.95015176178,7563.85802242087
1899.45543089559,3685.20465192678
8381.67322832187,8217.65551871977
1250.5256108049,3521.8243823946
1164.66209583731,9101.32224612286
1757.12257409576,8959.30644020779
7743.11600031903,8313.24423384983
1739.61529164957,9139.75251814714
1973.1635202379,9156.85959358346
7398.83094083575,7319.05009101811
7148.21860322967,6862.00046416773
5052.39486165052,9386.88553615349
8375.16027903196,7078.466476126
7394.71258854881,7789.58699974171
7850.5273458739,4897.78741485756
7054.29844857236,7249.94404240498
6597.64275743181,8410.17458147171
1630.29379881423,3979.92565089324
2359.94661482346,8889.24754772725
1266.83446697345,8998.4189875561
6946.22391274131,6862.05933111913
3465.85855362124,8649.89188472341
1814.0181268673,9084.97315792402
1286.21239853224,3405.68254544999
1720.20896424939,3459.11546915095
1017.6556707941,4710.75528987393
2014.94473771463,8989.80652105115
9440.8853517709,8047.46309418568
1370.28128470164,9058.17953661993
1565.30860599411,9298.80061862426
704.164169453241,3296.48380053376
8356.79262346362,7816.12327164994
1373.77920674073,3709.96712892274
1074.53980892549,8539.87257280914
971.023672353182,3297.36035176449
1946.51009208487,8925.24456805981
2113.58051930513,8818.82001900118
1148.39709233143,4444.63168397481
7301.96192085003,7540.54586549495
1326.51649110657,7910.85080629157
7966.60985920302,5545.91720001488
1191.61922625604,8160.96920108133
1341.40438251534,3828.59041604403
1615.37156458508,9319.84633804631
7520.6746399317,7918.99600557292
971.412608467112,3281.36802336352
1677.68472628846,8371.35072125923
8068.25690438506,6189.81818886342
1194.39031065928,3489.33114539007
1118.13849766318,3692.71897208736
1075.97210683547,9198.05436379433
7679.53973964849,7816.85948865733
7516.87390627672,7271.29147843983
7228.0056631618,6968.4812321377
8920.21457693661,7601.68983819633
1420.85680945668,8587.95122693893
8469.59910272863,6961.31857623307
1215.89249271671,8976.42299232811
1388.08036349863,3710.10373010984
7668.13360043075,7591.24685135544
884.811816953338,3474.31448620968
7176.56352666326,7890.52712097999
8228.37299503614,7564.33522105811
7787.38541682916,7674.98717828166
1445.81159896331,3514.00800902206
2525.95338444144,5555.5018367068
7681.10604062882,7379.72046904037
8786.0543266814,6294.10315807118
1359.78355094862,8987.0078046111
1685.9245998892,9060.27200912083
8741.87033987213,6293.03133822632
2549.08625564357,9256.24573347839
1167.26681878459,8671.74109956232
1188.95774864397,3239.72423596233
7217.31216571833,7192.29499562228
7664.54051645687,5361.60723698086
8076.16156544298,8071.14364504417
7247.46293789585,8161.7737351575
1139.69653120932,8772.50441863485
1104.21470798003,3600.11733111763
1479.42118140402,3744.41949957198
1757.89092589299,9267.65332074025
8462.70308451588,4467.10706056406
7035.43954024542,7803.52788214393
4955.40940211644,7172.86524453011
1103.55705989948,8819.21453176481
1274.14734678265,9222.17717539985
858.296649062697,3042.50527181365
1444.61543066699,3489.06040373429
1702.04725712651,2951.21827292214
1082.62670586904,9035.80534113993
7461.05808521034,7696.51251832205
2149.39360166765,9151.02948715264
2620.81040355691,9107.80135523461
7416.38469329626,8434.1848379135
954.446696937729,3261.58051892129
1442.21451316808,3925.17746024241
1761.22075464094,8938.6686806755
8519.30736182373,6981.91685622628
982.984712904469,8850.57656576648
1573.25093169156,9458.01645753197
1971.23271694763,3946.73863347732
975.435812182892,3226.35278512349
8013.17973492039,8111.94976388607
7318.91192721562,7650.5809633531
1638.74260472493,3340.54964989433
3763.53932161591,8821.44735111577
8279.27062505894,7483.50493692565
1190.77961779246,3501.3561217861
1714.30979592468,8263.73908703476
991.977881985511,3524.88458432254
1251.671697142,9010.43025529243
3856.80871756234,9017.17755331711
6804.42300403288,7550.8782633394
8081.07304082225,7825.38381746419
1754.56242083049,5033.13073859704
7965.91153697477,8131.91324903761
1499.57211662269,4068.14406413678
1335.0308983301,9031.26271891405
1332.27532564578,3451.79172893291
1255.72566113596,3469.30520682486
7264.79656109903,7767.56085951961
1567.0307258378,8074.75353212837
1108.06487777277,8583.76824947239
1149.88247379827,3797.04752175561
1821.83814750541,3785.41670407263
6580.40899422723,7021.55760289022
1171.81210422086,3519.64315783422
1817.59063985155,4045.56535823843
3246.1000452865,8995.10739145303
1764.54558092903,3934.69709082224
1401.63010323875,9245.1873598497
1326.72948196935,8449.77400181813
2833.89698329225,8603.79785185399
1247.48804331665,8416.48274696364
6918.28382659518,7464.11073130126
6324.24354783463,8598.63630479664
1407.75149941537,3135.06169394334
1390.55654797621,3304.85438700728
1102.43461354841,3155.91478789999
1436.44710013099,3460.60071104742
1396.58745133742,8961.33919322324
759.214700177363,3268.17592975931
2049.35484738938,9107.47896121564
1457.37914481958,3763.08051908437
1846.37536142457,3531.96112470416
2167.45217931205,3694.36901550396
1493.74883298725,3544.01912643566
7640.1999557798,7888.32447087301
1168.18490035797,8928.12451967822
7239.44979979189,8582.57113622597
4342.3204320117,5892.58991660921
7148.14855353532,7469.63570255115
1323.30667853125,9173.60651588177
1479.16837772048,3625.56288248271
7358.96438255782,8384.0914424181
556.452941221443,3308.40152070763
1617.96463962601,3887.8735312676
7417.93486336824,6992.1535520247
7074.27435186038,7871.72002493989
1652.1270029505,8712.05765307458
8926.21781454806,6287.65099009827
1791.38235221962,8496.06460039871
1675.23326811469,9319.7941692458
7508.33887298102,7262.72168724379
1437.84780459291,9245.22727324398
6935.86170719239,8155.64632671162
8683.68803053733,5499.47570325803
8843.51620826608,7827.70399845949
1384.30741573602,3662.19012139185
569.150417095881,3217.46711818592
1494.88508508205,9113.48914061371
7084.49543933665,7936.48111581146
1128.97356148834,8839.18177481214
1323.10195313356,8649.3968800744
7454.74850480048,7120.04491285985
2143.76307476951,8857.03620224498
9064.40203049381,7771.06299017949
1276.8100232374,9194.73016779311
1331.33817052053,9098.28555806896
1565.77192270611,3707.49468013636
7145.00102249524,7443.50244861483
4031.27063887378,8662.44927754975
5356.09746756177,7173.82286122867
7147.88171855094,7864.01370417176
2028.70774362051,9122.36370230018
2272.78353672678,3768.01243676222
980.261247244489,3226.31134052185
1469.8542765018,8811.41418084402
2010.99597668061,3590.69446326896
1427.01168113732,4048.50523721935
2010.5192126409,7009.52083629679
7769.69455557542,6169.92661428297
1745.08992984961,7773.96556848693
7721.63677676595,8448.44223395793
1654.13232668611,9268.28766107037
6985.45545711899,7208.96235029772
948.289785812938,3537.21061362275
1577.1919171185,3946.50775384526
2191.92549291373,8986.27308390468
7613.34714759715,7464.60937638035
7128.24261614018,7461.96818979777
7050.92268233795,7099.92429921294
2069.2261156933,8338.66566055666
7638.1984511537,7373.29270819966
2467.25436019611,4276.21080217859
7797.61906471215,7395.35880968937
1643.14027674717,3683.02364632211
3720.00343193261,4470.89724117335
1115.14324765677,3726.22116397097
2278.7641498022,9319.13015079115
1701.75947330315,8928.19531744959
5481.43825255397,4129.17581416663
7468.659110437,7754.75359069679
7865.09341474973,7375.91206885441
1751.46612863712,4056.74349436945
1930.45446111191,4207.6439791548
1707.10169160586,9213.24011679645
7090.47150853266,7705.76759796099
6553.9144265736,7485.12820604189
7724.69347893707,7680.0726452159
7568.36582007166,5767.9134728486
9025.59714999104,7237.24064242838
8700.00842912907,8375.92931343283
7729.82472846271,7765.4159173259
1554.04329061866,3781.69900129452
7348.46720938075,7491.77156361409
1249.10710286114,3612.80638797365
1420.33193017147,4003.29654530302
1135.78077085918,3060.88259208118
909.407011803438,3361.97067786018
1003.46705593415,3563.13128196433
7637.5335635587,8215.28400620349
1358.07008218286,3557.56558450384
4777.9474834281,9169.51555907007
7892.44210783942,7568.78998232665
7555.08483203724,7542.80762457789
7706.94438950114,7496.98249800808
1424.28499668087,9153.25128157721
2341.88017424683,8110.25001371812
1586.22105335739,3660.64816676369
7984.22605410845,7740.0264933978
7579.19546785516,7794.83747205871
8440.96610173161,7951.05517922044
924.854389754553,3375.34963490196
883.095065609057,8755.19748845831
1892.69756441991,3634.38525694463
1771.97577809937,3700.59251812064
1259.46133519365,4073.189414904
7577.25454342591,7725.85503197023
8614.52818079623,7495.55841711987
1454.64175061363,9113.24329134207
1973.09355192696,8770.00202789202
8213.17063405956,6981.95537052605
6878.69874631196,7879.34873202541
994.633500289331,3514.55709641652
6581.86746798915,7548.5917640644
2123.69910760822,9385.99734385058
2384.67522257783,7498.95729587604
2952.6000284374,6737.84773998727
1299.70606391331,9039.39156711647
7239.27747707413,7220.59845858639
1333.78615424487,8803.57089761524
1515.79421441953,3687.61179518134
1616.12188873456,3971.58034297833
7173.47869878209,7925.14317455857
7654.26814613225,7577.11684753199
1230.8601178189,8631.73209145448
1071.17838084818,3471.99244591152
7431.28840790266,6929.28842983713
1238.86675531228,3585.76805189119
7231.62830820552,6992.9792183392
7291.29148511067,7470.17901351901
7466.87911714402,7952.66524594696
6394.9072520892,6518.9180690207
1138.63623674836,3343.96227024632
2009.91536646334,5528.30970366178
852.082795876834,8934.12861308754
1504.66448271638,7975.47312915366
6763.42267574916,7664.55244537243
1275.87361429505,3418.97384611591
1655.10995527148,4007.04967399983
7269.89076187108,7431.91420764238
1397.92903345644,8780.96902174743
3342.86449011516,8055.83863199331
1678.84972515012,9318.72174929145
1494.05121196106,8777.42112190466
1425.89258926862,8403.84344083336
9102.72200183466,7657.71433887164
1430.21592513601,8982.19889074135
1248.57834139444,9229.73465820236
1432.08941826398,8667.77375331671
1632.25046594812,9273.29697614404
7786.05222994043,6795.21219650573
7627.56762189495,8443.46637827944
7605.16158054382,7002.89630621057
7386.07704320002,7988.26362611273
1962.36353756637,9357.74169752596
8163.3761020387,6470.33531010864
2574.03724222882,8443.23584517854
1796.30917674742,9033.43362486625
6548.03152204536,7599.5496551873
968.745693383755,3583.40965384635
2773.8195967254,9156.22795466956
7682.2650520371,7065.78863018405
1308.72167519081,3521.84358351488
4111.2166419343,8068.82005835315
7966.34529002233,7993.31146156505
941.921618123149,9260.86105135921
1121.98716739082,3632.66227603376
7432.56792702998,8616.24122828226
1185.66267560089,3509.49030210541
992.260867713559,3302.75515951968
8738.44222032014,8195.73054699567
1387.14343737434,3797.50205687664
1341.59022397638,3734.56240114008
7466.95358463888,8222.30606592658
8806.60424190268,7407.45205690015
7761.47556780303,7162.65974696958
7386.34613601925,6787.77648764616
1250.60607668239,9079.94037774354
6206.47683974487,6910.52815951781
7201.98304659846,7324.26805645278
1597.82270869938,9137.85810630534
3761.57075668542,6655.35763775066
7231.32047752259,8606.83294231068
8543.24212111181,8219.33450514493
1960.06979022203,3569.1384701087
7842.57622515404,4318.26982138525
1386.66129156134,3533.49693437746
834.436031627877,3372.2210744501
6882.91436599193,7640.92527332047
1917.88232695419,8767.60156968541
8151.37306092445,6467.85211548581
1449.16373112233,9215.70484282155
8818.96165980716,7013.81106712964
572.917928630099,9009.55258029583
1001.33305862867,3043.36557114539
1735.04039458849,8205.34483707832
1941.82449460937,8433.82570375844
1449.9901609965,3561.86573924716
1114.32901648801,8638.93908158007
1119.77318698837,9002.73180945071
1602.23358280123,8457.01884918322
960.729302003063,3356.37607297565
2075.36487594423,9116.90534780248
953.372485804837,8697.86738474961
1138.98899966277,3798.99866836361
2506.01485251688,9241.4323762373
7410.18517198018,7492.39291207174
7741.4212939333,7399.28165234137
609.429140086988,3330.20043514466
1285.09436839473,3491.61788086211
8293.62834688185,7974.01163431451
1097.8072976694,8722.43674387899
849.060377827989,8970.83160604326
1081.83321074573,9006.13196334259
1302.88016947278,7930.16212335913
7449.8105171159,7314.55472401521
685.656247284563,3251.77661425462
934.086227581957,3410.24869666961
1191.71900059679,3837.52780630903
7261.44000383485,7553.09889135147
1857.99709910534,8896.17440826386
1645.60081325073,8764.42891703961
1278.5773940183,3530.2758987194
1489.9283609841,3315.6175421892
8006.20993458486,7649.42252359881
1524.39711814847,3735.89011559088
6825.18498852698,8038.49421946443
2218.58341956524,9353.77583995872
1601.63132506451,9087.25876494299
1522.77901216675,3621.98424719874
1661.79449162966,6330.14219161736
1505.98300417595,8996.06353483789
1857.03858475305,3992.51346818984
8134.98292077081,7497.57987822154
1679.61429793695,8834.66351087006
1666.24762575148,3829.13817495686
8895.7889912497,6744.51502447694
974.639404718922,9117.51583831035
1159.46652120577,3305.81375709338
824.542752285698,4118.06464411183
7435.88811574025,7794.54601773027
1555.86378812361,8018.56742806427
4591.61190495816,8910.83591179612
1433.69871183934,4100.02022516089
2585.20960309599,8809.39156897881
1866.22537490075,9087.21820902334
7084.44746797618,7372.30288822081
8588.78599608031,5607.82579564347
1154.72420888319,9116.7722901797
1701.99924856166,8986.03047070107
1653.23813025496,8861.8853810257
1186.45872971801,3254.88396923637
1466.19622384763,8373.47227531625
7178.58614110113,7761.44838777973
8504.67147249625,7132.25142075355
7357.65852455795,6279.60037251733
8235.15471216983,7022.66202773746
1369.73702720548,3412.22893162364
8331.07586683255,7212.99452689373
1178.85857830693,3638.74301177349
1207.21888833854,3962.82865235211
706.328825521548,3453.08672534975
1815.63903335582,8781.06726540784
7427.81357150761,7810.8680007427
3197.9044269839,5692.55651047726
1686.21480196193,3652.10111539854
7439.27474546756,7660.44759511229
1150.28973720689,9169.17549361261
1674.37459140116,8701.00246746418
1347.73184442817,3822.35829378783
3624.03643787129,3373.67026762065
7829.59057072902,6432.92843533591
2072.10732801772,8907.06157534431
1907.49256861267,8959.45026905103
865.954945524022,3458.42298164753
7571.99656431575,8225.07953092968
2010.36036830384,8338.39175031938
1858.00933340823,7492.72108582368
1510.81420523127,3773.1135564674
7998.67551531746,5158.38159476344
7990.36594054779,8029.3509996433
8453.32025546456,5877.17589673399
2041.85688461015,7020.10701836379
7396.88332912259,8235.85405887366
2702.92910942072,8300.58396049292
1427.19073150107,9157.73897956624
1510.58105714719,8881.41659585794
1741.26223383156,9102.84797880627
1251.29039442946,8730.12881845572
1436.14535992938,3570.88177453694
1744.01427201184,9041.27325962752
7884.4606700626,7174.39424187074
2163.63346461696,9129.19917058396
1955.97989928078,8845.6579183068
1351.52276147299,3183.19091128248
4093.48528517358,8561.10625860189
3561.63422255461,3738.94414006218
7150.49815108826,6059.74374624893
1887.53173652335,8987.06650189915
6119.6539320206,7661.34597127792
8617.5344006028,7808.22976628351
1228.84340150563,8811.53786507973
1391.01817248205,3673.20739156474
1617.40379898546,3910.6461832706
1000.88441101377,8900.28586078051
1575.99953149207,3903.28089325609
6971.30464480487,8477.36283646268
1296.14118349007,7760.43531712286
945.645485072534,3528.01408192795
6480.04343426424,8322.426767341
1020.73917169694,4670.60306223142
1030.72692891091,9057.75650317467
2136.8700868532,8612.53293063053
7926.39826563699,7129.98461776274
1972.34971069319,4024.36372357291
1687.9877295645,9275.16256761854
1099.20680596271,3479.25581894038
1415.6700335139,4031.83956060366
8372.70755301769,6447.85966070782
7446.30793317025,7861.22239943589
1473.1213760605,8552.77177537051
1329.77757713497,3458.16725769249
8430.82414498446,7611.12733132402
8141.93608223248,6969.63436590134
1333.94179271613,3717.5615605747
8009.88129939329,7202.62183956998
1489.26460476813,4284.96509501032
7103.09989301379,7809.0858828921
5988.17069143456,8257.57164870395
5769.87629768862,4760.36568207143
1334.03916918178,3477.99492387485
1384.56386801662,3073.29559935023
1319.98886181158,8975.84648781809
7833.06567061088,7909.34074177271
8056.40243900888,7394.96192654149
1691.3130057148,3717.48987897345
1615.88588281144,3644.61546779592
7534.44442768192,7566.28647076345
1612.40751394583,9256.41021159221
6828.88490510534,7746.67013621812
5882.54698442078,8106.6860261162
8137.03849040625,7328.0523668812
1531.84670049245,8291.42282313861
1211.63397303704,9184.10589654331
8678.61084274995,7324.84453898179
491.315383387233,2912.09462309018
1978.00534611333,7918.18369770722
7939.24113441873,8104.02199360965
1338.50485642553,9039.98482800388
7559.63660205188,7708.77783826693
892.034950422293,3172.41812790845
1202.10036102497,3596.27288441133
7968.31464829663,6391.84064178113
2377.58880266336,7939.38480516617
1410.44548626518,4347.14540057135
7289.58215428334,7232.66427109814
1062.0717099279,9203.32277441139
1638.6440886183,4103.80053163379
969.157222725756,3448.1501583963
662.830142024099,8859.70395478991
1399.89003960994,3408.45513231369
1413.17380550291,9230.34034592684
7203.01208830953,7541.91598430844
1406.50219820803,3788.35540402156
7292.67106111735,8337.32154766505
1550.78923603466,4123.94282851611
1326.13735382039,8764.73864204226
1915.72661820728,8876.2614178559
1490.36185873457,3575.97267853723
1544.22374253215,3680.54233682667
1699.28155544125,8946.32972324407
1089.39170677271,3170.78449271893
2024.76807186235,7713.54737720289
1072.68305219437,3447.45012299173
7777.35867917167,7866.75915602059
1043.33872470096,3247.94310309259
7450.37033206628,7548.50655366333
1628.79088911352,8272.44105338218
1019.48625878774,8708.43448837419
1785.19948635794,8649.49471868576
7261.01005938725,6247.58556307351
7749.21941421551,8133.74818080899
7194.09116060212,7138.17730540661
7878.21552970627,7941.87238150716
1091.06637532553,3920.11991282576
2520.41346130026,4092.61266509462
1739.24903447591,8942.74032830616
1030.66489363072,3300.17956235818
1367.72639734313,3657.40767814187
7636.47333500357,7599.64024721162
8726.28002739931,7790.3748125996
7447.56426432177,7187.22849575806
1060.26465330151,8466.29608090138
1530.15242282379,9093.47393072885
1117.49841000238,7783.23461708177
1712.70627146156,3766.8826447935
1651.82943539945,7437.20269707565
7140.80124696295,7148.54658239034
1165.66603801325,3408.5661577963
991.629736190787,3361.0952805446
1320.9438683745,3421.13891848961
7912.59462231798,7313.03394653716
1334.62071862107,8982.54712075612
6889.71763542645,7048.41896232579
8094.24996875321,8281.37683289942
1728.07444162684,9045.77201653835
1142.78946570413,3259.92909986667
1326.18829877165,9066.2634767301
7389.98124599916,7056.25962266156
1911.03766015954,8902.62765681974
1405.66600856683,3415.82896404418
1094.30971257911,8426.91386496685
888.591754626159,3421.08684427086
6518.37316314272,7507.88804537472
1498.61405564832,3451.84301111023
7047.10262331217,7773.22063966419
7840.73593312614,7846.62147361268
6981.60438141639,7568.13914163126
1042.25036497233,3184.2194972382
2168.36098289176,4252.8938271754
1064.02230483175,2961.20413750408
7919.6696138534,7110.74170041247
1167.26159453174,8855.9968339101
1888.72020134353,9126.52912546024
1358.49948003141,8997.79293371297
1555.05828308609,8738.94970188448
1337.11853488926,3748.0567559573
1131.3084212945,3650.39613515901
7254.5953795096,7566.03966136145
7410.60706207398,7618.44653895973
1178.521397888,3717.57097876231
1597.94688920225,8357.32397070488
7430.21061547015,8566.47993899626
1662.17393665579,8443.2012273819
1406.69411567485,3413.12817449052
875.619319215156,3605.27889533641
8084.00515017565,7262.77875600007
1141.24795618073,9033.51508332491
7922.75032186372,7957.39874257297
1430.06814980432,3626.95559040514
948.948105412809,3354.69783136469
6665.13868080775,6802.83724663911
7682.30348972201,8019.97017297754
1703.00861572307,8928.11703355776
1420.73102266768,3912.59603051397
1323.81565095543,4648.01378152261
2687.93236493055,9024.66974479038
1661.77884358848,3512.72300768196
8347.55923448157,6898.34962802117
7672.80923506241,7345.63530099514
1674.84161055477,9160.39254964348
1469.58238563974,3381.03069149634
1498.39874784174,3569.38926402389
1346.24242256988,9324.84816136291
1530.75511163441,8009.29223641871
7591.41628163614,7218.30640951718
2441.84350814407,8230.95885580736
751.691271005018,9175.59021915444
7979.27601754812,8981.82955104988
1774.57131877812,3832.65946752985
1141.90623700969,7296.32665311758
1644.05640327373,9171.51329050079
5084.9704855138,3320.52429885269
2168.70347816055,3543.01276773081
1362.13026740011,9274.23363586634
1743.24838506687,3945.07967168921
7407.89669384479,7593.28271239151
1658.43839351778,8395.99331860328
7406.69770847277,8032.46155778564
1454.49495201328,8841.52265968766
1591.43105820812,9159.28324212675
1957.20445803514,8645.06778899665
1579.14029943425,8997.0878165539
1569.74251745838,9083.49540471666
8314.21023336859,7720.16575381885
2048.55445779839,8290.28357821517
6920.78535832745,7811.54436733608
1289.6918660627,8186.4920281412
5099.6999083188,9064.17410551851
1179.15568805424,3485.8364135762
1263.84304031066,8580.53356764619
643.72468402116,3184.18632634604
1483.79273799574,8969.85353684644
1273.87273283186,9001.64392826306
1196.01737872593,8888.62748335463
7209.34199804904,7481.93518052549
7929.34461743436,8099.48123929197
1194.18807093622,6588.60286671885
8515.71855955995,7381.18206738343
6883.12874599912,6790.47532532674
6246.6850705312,7764.54149290873
8517.6255671146,7479.52580109624
7715.22804546621,7543.8012485535
1060.88199272464,3203.49509477726
7099.94599873485,7142.52105042065
1478.03928634094,8738.61066430389
8494.33001167858,7620.67184039208
1408.34951140017,9243.65689642728
6422.98983941407,6946.73604788523
2411.66236390683,8277.15711706718
7037.49956155444,8054.62175587211
6800.00439171841,7846.641167646
1662.78102416635,3583.36504431207
2244.62959501964,9001.04383073597
7638.34078964403,6993.04265576055
7549.09709651464,7408.23700724228
1340.29485849662,3624.19277100786
1405.16034583845,9110.95994901907
7550.02381128098,7155.60099308065
1163.9273210958,9146.98808796697
1759.80956892851,9096.93115778546
1582.49739064715,8299.60035908669
7501.61720250402,7674.00129202724
8834.79562741204,7399.0062347644
1248.27301311304,9097.50473872094
1789.1619975081,8286.68044705965
962.788092266581,8930.20396857273
5407.5437721622,9004.23375783525
7868.8648879916,7675.92894552913
1515.21707773176,3522.46251478072
1798.87959516872,8905.68313142514
1961.56824872846,7883.31476220645
7217.80179775389,8142.81945888818
2403.30614158122,9113.48679498117
1050.42706817994,8953.40481867859
1345.99216937013,8643.40967116425
1477.64115148232,9068.59550916989
6676.74351573,8883.4029592185
8960.98767592057,7473.82799408628
7173.73177262306,8033.74668349642
1530.2837430689,9182.81636690678
1430.56344306059,8711.45969187334
3212.3024401833,9075.09655600339
7869.00672700254,7802.60200131023
7238.47049695138,7557.43575867803
1488.78269746353,3729.66808085427
6628.28093464113,6540.90362442719
7438.63858580332,3705.84093346191
1605.74202276367,8934.05194531428
7221.60543461555,6535.65455053501
1170.20461125519,3723.95031405824
6487.40305369872,8264.38728783635
7190.4032327816,7333.93191116358
7175.46134962452,7717.54108411439
2655.36499323615,7961.00143771042
1761.67220506681,8466.37022365165
7529.75654270937,7443.00153867446
1051.7254252863,9183.81262377206
981.974077136946,7662.7882559587
2244.03558860656,3301.66268092579
8162.31447537096,6532.49559336676
6992.34204982815,7619.6474210736
1487.28054163933,8966.91102479951
1153.65959241791,9131.80915545643
1147.85955330499,9014.76795646011
6362.67978444175,7427.82448634021
1650.2878265019,9346.01913560532
1793.97055818624,8909.00994379626
8623.00412134956,7835.31848525678
7255.30252749254,7565.66910403193
1231.67535006704,9107.68801254625
848.049521825213,8979.17938123121
7320.38969115967,7546.04364682728
1742.27278252397,8380.87149833078
2281.05133623917,3322.43175426247
6233.15357236766,7589.83966003373
1394.02010778827,8996.70328847858
7648.65688543667,7698.33089324776
826.711771015548,3161.06308724698
8108.00768654778,7396.83004363915
7285.92870578687,7867.03923743356
954.69315496359,3518.30688214839
7904.73375197702,7568.74012841472
7796.43478921735,6483.22265019448
6626.60093326468,7612.60015138055
1148.36258094305,3392.29513410594
7082.24101354462,8163.68047822435
1179.75937386486,3423.95336629688
1557.58181713705,8292.82731617188
1430.14047497329,9073.27225134602
1015.88563801046,3127.4902922536
991.155761012352,3325.53348070854
1444.2378863676,4053.29730637381
1093.04993153019,3557.79203076955
6870.45163273901,8083.16174952767
1900.45905241308,9199.96646325785
1566.42995751022,3842.88857515263
7657.45416906635,7860.88108113077
1356.06548030304,3538.31135738508
1462.3704728778,9028.05798341103
1088.14723534574,8903.83478723824
7054.12367108528,7443.36012521514
1839.41978889385,3938.48069290786
7561.43647755232,7670.86078087377
840.947856031688,8420.73671038207
6992.15326435473,7954.24746219954
7197.4645349574,5785.39087611815
8175.63995463536,6531.65494696316
6696.25307401396,7958.14993385834
7602.52066805442,8406.10532961869
1029.46711514714,3618.23940364448
996.873701993404,3436.56112713905
1133.41985532028,4429.67600573775
1894.70910959409,3900.660419535
7267.89710504163,6756.35942439386
1881.55389604272,8797.35693759485
1163.28753380292,8186.91347548221
2133.79176607964,8936.06277225676
1730.00460252347,5913.14295048103
7232.90872489123,7951.97407528341
7384.50009927129,6462.06844715673
7055.35207551101,6640.09715316632
1536.97907904736,8578.63556880196
7920.23060787936,6802.25448749344
7977.29330309728,7357.86870832004
7749.29474385125,7616.34545607354
8522.76583325442,7159.12861294845
6761.77012153032,7535.18972598974
7293.14274825346,7221.62028057723
1640.2533680245,3823.23391212917
958.219506995896,8615.73680784151
7365.22006842222,7495.21653592143
8698.80473876524,7285.56996762523
7131.83937141808,7453.94325255948
7100.37627319785,8336.33815208151
1515.31068117887,4253.10578293818
8248.53412692579,8360.91088111664
2053.90515444706,9029.52541647237
4248.44727012209,3834.84816382723
7785.38090247492,8130.6417056254
6654.39767603304,8382.94390625043
1800.80395724676,3897.80170233962
7977.03047593932,8133.51729689776
7431.77653245612,7625.93693749143
5960.92821405345,8712.35436082237
1241.80452645804,3616.53046967303
1639.20679521355,8958.94712842783
3415.93310989698,3811.17939553664
1549.06965249606,4061.84021362861
1338.70161247849,4143.6226650395
7759.87400188956,7640.09249385141
982.828024464945,3187.31042154078
7656.11825716043,7370.41388979758
2574.47400582443,8998.68383222345
1415.40086256701,9336.48541110439
1293.41187393495,3261.64099150044
1085.19096637203,9004.23474707482
7798.19827459362,7579.8590903908
4050.69871520204,4230.11960282455
1422.15958674158,8313.20809655537
7661.40506301068,6823.85616733982
1455.22099347603,9008.83056166734
945.491707110492,3336.10391765556
5141.43898928477,8815.34821815649
7532.02194426648,8024.53855019716
1410.67208383622,8827.88858364563
1949.62109297345,3788.18675090187
1745.85185610923,8659.59774774869
7354.8751176713,7533.18146845791
7603.77520107634,7405.37095490997
1870.75913144643,8282.67940388996
1287.8362275847,9135.83154613309
1750.08357588379,8315.6519561769
7260.11351033655,6672.53665395622
7688.43707613557,7576.54221263115
5664.32012958003,8053.99739923836
7466.26793652451,8378.74643162574
8848.00535064503,7460.70520520504
7379.47026226449,8025.36501008544
1347.25861481949,9081.82913851884
1478.05039640239,9124.69708624266
750.146714035634,2929.30116499859
1526.77055971252,3366.08289059439
7360.87691592848,6874.50681814046
6674.16146399108,7867.05120439209
8346.86151544601,7977.18181503015
994.783338378873,9014.03832960445
7310.04805697795,7612.90983756258
1446.27996073795,9191.4344145902
7398.48564429511,8536.61093960055
2266.51561592951,3944.32212088551
1550.12280373384,3856.6070301125
7879.91040346834,7574.31967248754
1761.32928823535,8763.83543321498
7756.12504938736,7847.76002477354
1320.9506012456,3984.42627329816
1650.73630612357,8838.58180844925
1146.27077347994,8037.25655684029
7880.71504142776,7702.74253866997
7887.36291993241,8167.23702622604
1931.02362610174,9021.37120156159
1613.21109538133,9210.98782927123
1498.96999202545,4390.18343396508
1419.50351608343,3558.85851247157
7443.66431570504,7259.89880205987
1197.6995997246,3639.94789555635
1448.56559472552,3945.1567421215
7564.70910589586,6512.24725556842
1630.32749899927,8803.07064958217
4943.49569956017,3968.79011057956
7858.17682343626,6711.14733912668
1119.20278870208,3568.35471541593
2102.95072997799,9177.94993365528
1033.66423353079,3522.39652465336
6933.17411514952,7405.85619345237
1031.61934194991,9038.29521051702
1822.44263456285,3811.14331159213
1213.38449142141,3476.8180105476
7242.78917114182,7433.38586314486
1386.04880950075,4070.0270660528
1179.01251214775,3245.20298535438
1478.59102044363,9270.4265724598
1772.02852758144,8734.08073262066
1469.71123533019,9115.60911944005
1226.78372433001,3899.33493266216
8883.76396100178,7589.05537892048
1466.53537767671,3446.55423697441
8000.25660926429,7539.99050294943
1398.02894443315,8918.90415272525
1910.9305562105,9062.0727200904
3272.84429509928,8394.69947523111
815.201564713495,3106.24429442301
1900.33556430438,8224.61547642365
1453.05465012823,8792.30185519597
1751.37252021773,8610.18945844037
7337.42641731167,5337.3237270789
7159.04862511389,7443.71233689156
7243.45902350501,7750.84510717647
1459.19784946565,3712.25565781869
1542.96793957474,8996.68478277385
2315.93426559037,3594.39866680495
1508.85286125798,8827.93619075553
7294.79380983053,8471.95728534761
911.949995779798,3023.10449881332
1458.42137000207,4076.75180820447
8139.0407310681,7515.87175319104
6555.96153988286,6928.99165886135
1193.90094485747,9242.26764573236
1239.99788739281,3692.56773831106
8464.64505993086,7554.35821374403
1684.88501725709,3898.08361646601
1563.41464477471,8407.14341623599
988.384539841989,9122.04992396634
1517.10423687361,3844.1893747494
7312.67046511201,7866.88504976331
1754.7672414347,8851.51742717244
7676.46631344055,8059.29888422138
612.22087286453,3255.28439578344
1123.44589438165,9067.21892049701
8180.27337974801,8481.25270443857
7261.04518402128,6787.55109054364
1253.75751951632,3494.24244162404
1228.5020368949,3319.20009323634
7315.74694204833,7101.4534874436
1776.4320521353,3302.64397743207
7134.38714555921,7395.00192363238
7727.26435029641,7864.14931891713
7353.21589624054,7591.5825016352
1121.18743577087,3787.27082794606
7441.34181882921,7746.86391227977
1915.75452660396,8619.62193951673
1872.73068464483,8415.92469933789
1886.14423122237,7171.35098206089
1174.81937751612,3410.01923212074
986.566827201174,3620.73257957114
7307.08947402886,7794.3778200431
1309.28750736609,3698.61684646508
8215.83777475644,7999.39529156107
8282.91457239131,6630.74590889169
1182.19881072872,4183.33999987953
1067.09638794391,8865.61298274634
1508.74519585224,3457.22755388425
1816.68070418411,7818.96920593773
1964.77397448158,9074.65430598759
662.579922909729,3321.71274529162
1349.6505181357,3625.88956028945
1718.50413245928,9039.10572056687
1454.8152790981,8924.66451551001
6702.8542472748,5211.16598269261
1296.53493624184,8986.10558016447
1176.4915966539,9246.65040709127
7559.76960278307,7437.19906620139
8523.12489645477,7489.45454865645
7712.92569760765,7296.48005357572
1362.10688622817,8027.33440653152
7454.81469295063,7969.09649027348
7434.49101266895,7990.43804556164
8801.03165971727,7527.34553204379
6414.07152875308,7589.34166417358
2010.62004980174,8190.32792595315
1933.69089575001,8793.24028448419
6090.15030143032,7984.12438048781
1032.62185018889,3689.03989317785
1387.93344591263,8466.91270803176
1695.19263786732,9144.7944776008
1520.97937997562,7791.96894494407
2394.15762451831,6643.57688328879
1641.48779929016,3788.47597734238
1362.79492952055,7684.11941890787
7310.86235280406,7452.59977035803
7133.71947848234,6736.56750638342
1472.57010068405,3798.17862990174
7662.98525034211,7870.22201612734
1163.0933220788,3502.80593003213
1484.49758829265,9023.93097726125
1736.88980053417,3517.1650216494
2567.3593946394,4139.01617910399
6796.23665998734,7768.56858152631
2439.03366395531,8887.57715593347
842.808506486544,3093.76776781026
1481.70127605123,3531.80945997009
1133.18458375014,8923.50744251342
7055.913363074,7483.11339247994
7702.93465875359,7150.24010388321
2404.67294299551,4133.62524340002
6999.54959827097,9025.89149568704
1703.58456968068,4437.75732277124
6767.75046715951,7338.68632601593
862.593085836608,3189.61562543063
1237.50757300897,3609.05500278744
5989.84846722385,7353.92490463592
3042.87941288277,7001.58379009111
7106.52984097341,7508.72783123539
1386.78423257724,3192.61691477449
7166.0187037048,7811.74038554528
7098.4674057326,7972.2903791713
6417.82244739666,6769.63438107978
1148.921525562,3293.32605382198
1212.64160613943,8851.55025127189
7729.16971461165,7871.01608721437
1387.36360882662,7633.42394011516
8711.57033300191,4848.84912359897
1852.83479131389,3564.87116870758
1364.34612147183,3603.60163693186
1378.69575930207,3655.59643750457
1325.40627744262,3822.16242774832
1348.57743645756,8361.33381503108
7506.97662678295,8664.45676515788
8584.16956280573,7672.78835600462
1078.75906503332,3836.96014460322
8174.44551469616,6926.55593753514
7073.51732692955,8063.17356183375
1125.93121968936,9005.34302090167
1752.18164951362,9026.3852949165
1205.37464259235,8646.76613187667
2032.72634206018,9591.15550390741
7872.51711212263,7498.49791106547
6308.20328173344,7995.12630876715
7502.3004461498,7105.74718228019
3332.26124745069,8756.24445174263
7905.56878334069,8443.76643120009
7823.9017228316,7954.17959473463
1389.81145279384,3769.77224874922
2148.51767212948,8898.0542173893
1145.63412056711,3213.57115499296
6822.82403553437,7497.39545275616
2460.0612881038,8865.96367627577
2754.31551068517,8537.84489581842
1228.87496504556,8198.78428351606
5820.67948978025,7168.97664179813
1253.82216888654,3457.36226830982
1299.3253047422,9197.70795669606
1547.94570963811,8096.42526079775
7570.90665165443,7817.01587438826
1148.93741959456,9096.24570771772
6706.59102261755,7589.65884396592
7734.18928820529,7290.48900920005
1221.38046901465,8968.64388070939
1556.72998874106,3422.29081834127
1146.75839782694,8563.54577038265
1540.17454372242,8905.30465629502
887.841838234493,2948.83439506854
1425.91826024443,3723.54999243142
8587.64399100393,7760.13352310381
7493.04883573767,7376.65128806914
1465.93759727111,3939.98575832879
8857.39520617097,7461.0585464869
7471.12810687246,8402.19151518986
3823.52632718142,4381.22605152526
1203.31329040306,9291.63128654105
7933.19191277977,7629.06883604445
7978.91476325497,7030.66763624829
1120.34170914321,3681.29308242102
7457.21249769303,7122.88834913331
1415.46477137709,4201.89103697771
7435.86481982584,7171.92593226351
6539.61392068558,7230.39300478976
7823.22663870667,8122.75858521878
7767.76773882321,7809.70359015991
1963.20090390363,8827.4502400462
1204.64317661259,9068.65464699243
6840.56164936386,7695.39756605137
1318.03345149929,3559.5650684717
7800.57263461865,7484.77176874884
1644.09873082998,8631.94983737213
1388.77317907873,3850.92374454881
7199.6658175623,8027.76518931051
6779.78474697181,7973.97942387589
6117.39764166655,8107.58799263092
1669.7414452959,3971.36202791355
8367.22845175069,7820.80903181788
1350.7367612174,9094.42337438017
7257.92582152838,8024.87222485864
1740.189985568,3801.2985173358
1265.4003974587,3219.81672288757
7461.11335261133,7569.22441988688
1472.93589652556,8563.53262047535
6759.27342742103,7472.49216328855
1254.56754392973,9240.74004141704
7817.93978715086,8270.09019338858
2312.05961658168,4016.36824657583
7059.49136055399,7726.62078266779
1750.63342180818,9372.57933117594
7237.19799242157,6924.50896802104
2170.74619800223,8739.67100520063
1052.60238103783,9064.36862075117
1333.3733455012,3879.2231457353
1274.40260841543,9058.11274998471
2221.5208727746,8671.53956237215
2357.94036913296,8055.35816133814
1686.83917735704,8743.14701181873
9234.64881312624,7482.71722580202
2098.71067785179,8829.10297684673
1278.71693330591,3483.26645674394
8512.18760996762,7563.535491441
978.446811528645,3137.69267981329
1512.41974501199,3869.11287661814
7550.47623495264,6779.799537487
6211.33778418229,7491.75805138418
7830.29957055763,7824.63129357049
840.074199953166,3041.6721503078
7503.31175790251,7458.21007552257
735.503197717203,3319.66835646487
8556.23090731609,7242.0370880311
9081.68881774896,7415.60962575142
1386.23911257565,8774.33048261757
8271.32873134845,5686.3451058177
7604.91003991327,8022.81833428208
1039.86906251022,8879.79638220475
7079.67474850426,7594.43982083034
7265.90589944917,8377.79658547191
6757.55401825355,5757.53660206712
2348.47207385236,4494.95760669434
6002.71078822055,7400.10976729194
7637.0114852818,7482.84597419514
2175.10221635702,4110.52566203424
1901.96416633251,8964.58209635336
7688.67453511522,8024.25872398129
934.629221419926,3142.87879770566
1416.12084455188,3668.12803301165
7230.94382917796,7851.34505203046
6705.69328530108,8294.8040671995
7486.40079219426,7930.8164761285
1219.4008041743,3256.26655660561
7232.14472354586,8216.23567701008
1659.60972264621,9166.04688564594
1602.83957137914,4083.20026709289
1877.62622763957,8319.99832223478
1376.45279701113,9059.39516852198
3610.31493585,7795.21282501161
1586.59763769484,9268.3279631679
1624.80463347582,3881.26066106356
7377.25209598353,6596.69229688438
7097.89438927866,7129.82320263519
7691.27476195692,7443.14476416983
7958.83896454215,7516.07801478209
7583.12004729901,7517.67150518261
1809.97888536105,8991.07914441178
1494.3294155376,4126.07687708489
1630.87215668767,9341.35684995748
7330.85547054858,6580.12702951542
5029.81133450751,3729.39463176298
2690.21306304933,3840.11372566524
818.186653930374,8883.6553736572
8507.79945025574,7882.06109115267
7768.37587430127,7744.79565495923
1809.09285692111,9077.21128476249
7753.35266979171,7701.4764247441
922.43799958162,3363.32815603217
9086.88546975421,6316.51481010737
7355.51714443339,7341.8108349394
2309.27717711279,9321.78399372778
1685.74465134148,8910.99486730111
1182.67429665541,8762.09403979626
7108.12222997564,7351.69234354816
4419.06178101193,7871.62974413938
7990.89433337043,8024.18341413938
1601.48217498522,8830.26124571286
1677.51899261943,9087.94798161427
1686.37210202471,7868.22250325432
1526.48230014719,9216.48929965484
1964.33016415975,9224.12696527339
1980.28149895247,9247.36455196065
565.882219535388,8941.60026741121
1682.82426787424,9024.24114526762
7409.68069640801,7956.89984653359
1856.59717429662,8931.61019744392
1595.27678577741,9072.25733141958
7489.9057770014,5129.10436040598
816.28467847791,3293.00254253739
1426.50498160027,8593.50488396495
7970.18488558248,7652.14642238892
1383.74666618773,3606.21832452474
7107.46705600048,8153.75021968752
1509.09280074412,8995.19271104586
7741.28918916022,7270.98238423571
1347.52253291232,8055.98965968916
1859.17191396243,5394.84061372891
1392.5622187105,8754.977742849
6872.11111477437,7549.21500824752
3411.22934896907,8612.36570259175
8408.55159422873,5519.74681323487
4323.05161126371,8299.58433413299
7133.24965404155,7313.20609499862
691.434458643064,3358.42792246879
1632.78187692691,8172.91907319369
1785.55634419096,8988.20798008731
7493.92885385328,7443.80507915308
1306.23689170075,8780.56744736487
6920.61599120541,6826.74372971606
2061.53970849587,9161.81538770823
7318.95536497798,6432.58285827398
1081.79592474775,9279.34453412323
8032.94356841881,7276.89893853716
1573.64448920942,8277.01944362991
7587.77740379189,7808.07996857637
1468.13451405743,4008.84163336826
2596.9260673291,8688.89936741041
1062.54209412594,3289.27937240182
1127.89292570434,3618.95960897495
1925.27147104421,3376.3731290021
1934.64462923048,9191.61850133765
6954.88484478954,8310.87492385693
1213.71821192507,3191.47546327224
7520.09842375858,8241.93859715964
1127.31656735713,3134.09168266215
1425.47887347683,6089.22834511373
1466.60976630487,3632.93189713768
1197.79636687677,3587.39748125155
1707.64669325037,7442.01713447159
1519.07481905926,9057.60002605384
7796.3195912156,7486.04622143925
7571.11739447216,7388.40159675299
1288.47205252054,3434.4166078116
1529.00011551279,3909.25564133504
1257.68884063393,9176.17782273552
6759.68397373117,7703.39251718331
7428.02569098889,6386.0724273787
2478.10894546069,3556.54729605735
8288.33856155453,6840.7508768413
1331.04839246221,4789.66683575147
1302.64607733732,3361.92852425898
7245.02198419683,7653.05114504016
7555.78499932585,7470.06895893869
1255.05318493284,8893.15413333566
6515.87343909241,8209.64802431238
1953.5136935442,8319.96650944414
1421.79957239314,3732.07313299346
1781.81994296128,9230.29651515925
852.103722299211,3084.09367422859
7586.29938330616,7196.25529252725
6845.96663690088,8367.99609221802
1946.64539522187,9239.87381667381
5658.1960059726,4110.15275381809
5289.42244503847,8798.7551288001
833.343964027438,3245.56368989972
6248.56521743067,8059.03609884284
1046.67166855849,3200.57735091045
7372.64123710937,6805.57856039169
7434.5128575167,8284.73946243465
7389.18314236114,7405.83130768998
1184.19401773951,3531.91648286195
8716.75868632917,4809.38224297434
7606.42147496431,7618.28034691695
7249.25251193615,6361.94757601273
2422.63112546019,8655.85581664911
1748.70604941535,8817.92087778366
7430.9351717495,7363.17061967897
6778.70798662213,7966.88671695031
1523.16662664661,3820.04052382318
7407.08369562194,7764.93912225384
1692.3971953511,8808.63324680384
1609.0096105608,8958.78541023332
1506.82733807083,3705.76646446559
2527.7116470024,5835.22320226529
1968.45309699329,8557.82334069804
1007.31392575945,3352.68141109318
8112.28458398217,7918.13717299273
994.06557821747,3390.68172162354
7374.36894356544,5980.15632642681
7098.41336348985,7418.61263226352
971.732460952674,3602.0393976832
7781.33180759039,7549.37510537592
1970.95397943235,3599.85488177463
7723.68082460625,7370.27687028285
1253.26052492938,3740.23797221744
8389.56076261351,8277.35835487189
1897.42633533499,9250.96747108952
972.286194360561,9127.24132204106
7321.82494745559,7536.84734892961
1515.10763569544,8811.82079858443
7676.87326125781,8386.71588753255
2293.34012024122,7816.59550199517
936.090081761247,9099.52588860389
1435.84391587336,3919.30561330271
7066.1104483415,7304.849411301
1292.40201961195,8982.49816274181
7228.86535505191,4839.65873742452
7266.63742917353,6991.4660305449
1226.90487001089,3798.15468205112
3356.49949991271,4702.7432100972
796.849449343912,3344.55853880117
7293.07393879442,6564.44450458109
1424.54133640462,8712.00137883115
1152.0937720283,3362.13847725582
2336.55797494558,3433.7658739629
4018.29549946291,8322.3895562436
6966.77908397239,7762.93886040034
1137.33227535521,8527.74526776035
7860.82171003851,6784.28367012883
1064.21799337619,3583.9241711544
7978.47182297299,7307.66093611896
1486.74117399406,9243.33534154852
1600.39310209362,3735.23978812501
1740.75455694392,8960.31365820352
8425.43943389546,6907.84891277327
2545.39733256785,9067.82147041949
1357.71141365933,3661.14085075939
6924.24149697215,7112.74691106178
1448.11784899522,9246.75938618667
7527.26996574809,8128.38976591031
2877.07333071304,3345.34333396963
2559.48588525652,8964.70333906328
730.048320465745,2971.70427330144
1604.8263866007,9281.01579173857
7628.20127357772,7518.75504892612
1994.66275044558,8970.68433245424
1660.31072384757,9201.38411024518
7640.23690504621,7225.54041829351
7733.90606786421,7524.33820312568
7867.59034853186,7583.22361039817
1805.16963868054,3567.2637899382
7318.92872134249,7026.06281196577
952.1975012596,8604.34870429082
1110.61309575213,8875.03426999411
7120.3149000878,7987.78481716396
1829.41947641088,8967.08776838003
1968.79475223589,9375.30525923158
1430.44821688749,3784.35011816273
7536.1072497332,7405.54167916677
7616.7432596042,8075.21417409773
1970.23931449852,8799.57139183303
1549.10984059295,9079.83977312132
966.326114141266,9198.39730678952
981.306203645057,9098.01961162
1657.22306142626,8400.15113687103
7151.15150308927,6006.12079509941
6741.14272993013,4999.36924327107
7273.04995006103,7509.47516374146
1257.84209825934,9023.28504530392
5653.10425686404,4672.87209594941
1679.71108004264,9279.12127539027
1838.81392712004,7608.64338470513
1298.83844552835,3961.21589353959
7062.63290714529,7717.93562785939
2347.94800174278,8514.77396563898
9097.85566518567,7619.5859901773
4083.39631558892,3967.00088057193
1038.75922596294,3226.59888599053
2476.11482414309,7521.86869020088
1267.96679163235,9207.05123214972
7274.90112687892,8420.29879137304
1797.09762628703,9148.20843951867
1115.46232323508,3438.97129685492
1088.54294797985,8978.35322826298
1068.89137749703,9145.81696184787
6618.15506424636,8300.82097342575
7499.98891097832,7648.81533525279
1084.83863056638,3268.81421971096
1705.03139795817,3842.49006357477
7273.04438870601,8088.39756119865
1753.43509445579,8600.40167343222
1356.26183908923,3668.96119894156
933.498230426425,3443.61890077494
1807.90093098346,9001.78306971229
1367.83908227935,9155.51170638199
7555.48421785526,7798.2946628279
917.015997063947,2957.6700059248
1220.45359382075,8653.52360334065
5712.80493930401,7886.56513880878
1181.43552298282,9267.0110791423
888.900249734233,3293.44417955103
6262.85266706717,6776.84659912836
2009.70214979816,8272.28237556725
832.793665373408,3136.160952949
7780.30240473374,6114.05406677661
1067.17316710358,3709.23810683173
2400.1549353667,9270.89564728857
7456.47657596489,8001.46785100319
1384.74532951473,3888.77170801983
2098.1007065428,8412.51529559296
8147.08745808989,7054.35255656346
1533.67244022717,3899.01660453558
1420.66621955785,4024.03252999133
8685.11099381567,7114.89099803166
7329.50650678447,8056.93471641107
7706.47193867384,6536.69559795455
7024.64405408792,8038.70633262438
2242.45235225777,9008.47877677203
7591.72823853542,7814.81581602906
872.658086170078,2922.82821558136
1877.00696767275,8118.93956880219
1207.56103792085,3660.54079437263
754.065649593408,9153.73703099173
7783.08884254995,7210.19320359714
1528.88101074931,8890.95890710952
2088.63502462458,9091.28168709544
961.725133229321,9129.93666140585
8614.04947602998,8067.27796584015
2048.23384412358,4118.89257964022
1680.46954742361,3744.61087289723
863.742998196152,3966.38071061071
6566.34580629739,7428.11419918138
2413.36024127181,8842.89913296318
6785.32301862685,7283.12950033703
8050.41305798224,5578.00881951265
764.89452551547,3240.73394300063
6352.68790351783,8325.88026345765
7718.00436810917,7185.99542485729
1879.77390521394,8938.74260942233
2567.26295157394,7818.75843909879
1401.50557883553,3983.58924667735
6675.41220396799,7573.36913782605
1268.28303509968,9163.58777229377
1997.93089190763,3712.22674801766
1357.45086510577,3266.31338358299
7573.63948512951,6411.97703140767
1175.44489931427,3325.42690987928
1990.83123794869,8964.81276969732
2419.18632166143,8347.7278585704
947.66657887441,3313.87253411154
1076.66347161785,9372.42461490977
7582.3799706295,8030.33085518906
7960.81011728457,7081.26539911839
8033.5085138826,7155.17544711719
1388.98529402047,8960.64280625471
1234.25316875123,9301.25368059719
1442.93457422042,8748.45362759647
2593.55533939792,8341.20726656069
1356.58310943607,4052.06636655061
1292.59716854076,8544.16473605304
1199.55002675192,9067.21145352431
1081.33181926744,3296.54287423646
906.83692458983,3288.08225225969
1380.01718927459,7863.50232785927
1934.03663975135,3669.82043001541
1077.69514822447,8918.29083732105
7823.68327339252,7180.80473028375
873.223320410108,3093.06147291951
1311.66635436432,9035.92296467601
8255.2537666864,7326.0377333412
595.035919705481,3019.54211788459
7552.12502963466,7967.20141999128
1520.34360169661,8531.67952219247
1579.54078629474,3918.61534935755
1780.95527536471,3461.12144695356
1390.4212005049,4134.771597062
2246.48781687355,9113.34612217482
6347.74198339946,7447.08727292616
1187.05258972689,8908.8860631025
7357.96153167238,3951.05382470173
1571.60990345437,3722.3504854641
807.624512620126,3410.13072585734
1724.02995294838,3921.48926385511
6266.16905219268,7705.16220217788
1492.21443753314,9259.58858455265
6578.80126596723,7392.20179364337
7143.23863215659,7834.46396584158
6048.06050452226,7453.02587555464
1783.85631347143,9397.56451021992
1196.58225467708,3656.5014789031
2245.21762666361,8563.21399394716
1235.19189415435,9097.50538154025
6498.33514531509,7492.73098146867
1706.6295642988,9060.97629136406
1309.58485936242,8878.64852359743
2035.46721374765,3840.6492626165
1405.04599755071,3707.64805563858
1409.00362766204,3645.41406936218
1583.53017246967,8759.3192993933
1997.49618286605,6822.08791068335
1248.04958558044,8558.9787148854
2199.76714592581,9176.54554105859
1014.00968193494,8818.16217727295
7953.60675676371,7550.31779528451
1198.00246810751,3405.06407804185
753.926070320674,8855.88980784314
7636.40928984312,7395.69953936493
1465.69062290083,8936.25955592113
2438.97293663481,9000.37547850628
1700.34416820579,3904.71863751735
7473.33094069845,8681.41359991551
1642.32144011714,3732.92511219568
778.809495752914,3325.30647002808
1945.1230909966,3577.08974190116
1003.49251212372,9266.59616695818
7521.07944161182,7822.64410514184
1496.59843209216,3511.70467166505
895.560996389974,3501.39713529451
1440.46337481509,3873.96891286325
2319.51816259182,8078.30514232059
1961.83452360435,8300.23986038848
2777.10850933363,8853.96167162199
1703.2477785647,3852.78911457069
2766.07640236894,8798.00840771716
1037.7819612665,3264.97758871119
1932.93563913846,8452.58838150792
1517.03105308087,3714.80496250358
7097.89232190979,5446.69153897657
1550.62230940986,8987.58239174735
1048.69131185192,3620.74852619313
6237.65947365534,7691.06012269613
7788.89054703206,7441.93645627634
6765.68602679524,6944.11149900653
1392.83064070211,3647.56205366938
8655.70267517411,8278.19114430292
7312.51667212504,7451.94259103918
1052.35456075823,8271.73865251012
6486.59734693803,7100.83644849844
1639.00128825552,3847.20781468626
8506.77320471279,6167.28657496989
1615.7760333104,3901.12472148271
1573.16538255289,9232.81925811221
7702.2047394276,7159.90162209004
620.665789689121,3147.72985271121
1899.0655488927,8114.06017464885
889.406750627645,8843.21208009982
1032.41499467993,9258.23306374598
1259.48123725797,3548.24042709967
7515.1547293661,6859.78498162209
1910.44957263155,9260.80438338818
1891.92101121367,9532.57249576014
6246.83866124517,7061.16321756426
7512.74005715724,7228.82389003266
1526.43079568534,3431.3095178126
7661.11644104292,9146.50454777993
8430.41483136369,7243.538173465
1542.24975394252,8903.09700791596
8196.87935275039,7736.89432546539
1408.91421440753,3595.83228557536
1131.91621385983,8931.17213312751
7893.24492422489,5628.6356921237
6977.84863285825,7504.08487150556
8367.27722709325,7721.88187956329
1562.65815462889,3841.74919825763
7103.51958226327,8739.90849684596
892.975238182963,3284.44310663406
1019.33560393136,8628.9556145805
1821.65474872077,9058.43855837503
8557.50066979582,7822.18088598665
9188.01540341894,7091.09386653666
2230.07253048095,8357.785712444
6899.90485185936,7230.30369484624
7604.20188060919,6962.0087301486
7575.07969840849,7804.23231479143
8193.79824225239,7744.10644565672
7547.53901278786,6443.84386174882
1363.16204672163,8981.2478771949
7875.38788993186,7950.40568043146
926.008863418617,3550.19013414184
1695.21099599803,8462.75702274361
1557.09048969284,3262.560063586
5260.578218403,9244.06572535533
6840.82498876622,7286.72188635795
3505.67632823926,6295.64290501383
8337.27688917266,7219.65731458847
7032.16337947524,7859.23644324692
1548.80672928208,9058.65806702669
1596.50000043162,8520.85776592205
8255.00642301055,7246.96325926038
1010.07681288748,3493.17259202736
7668.21017616643,7517.64996895409
2504.61372524855,9276.9497380338
8001.53155549598,7717.63263784349
1103.92850642742,3394.16867470561
6946.90945322886,7495.49621009017
1055.75167717897,3566.67140031294
7672.45584565144,7109.75535008896
1446.1276100046,3589.55177012453
1050.43553063389,8903.68719295244
1544.69810163013,3634.99460636625
7392.8447523568,7409.26022281414
5722.73661000227,7484.04384407611
898.81153765558,9252.51854988276
1497.39334357402,4179.64536784033
1568.52077748719,8779.97026338247
1381.86451510809,3821.39898394166
672.794428321424,9061.45492139501
3285.38428505102,4352.79669717157
7001.65108874524,7478.26105583291
1326.20908862794,3318.74359686795
1377.04073053437,3937.68637094725
1486.74216052905,8902.58334129937
1443.5189109542,9283.31934043244
1344.1809520915,8545.03427484051
7466.21495419214,8310.00372730634
1872.09740721767,3592.73393543905
1255.39005898623,8888.73032385224
1173.92160012328,3172.72552189683
2340.74853094265,9426.36873821526
1102.58376937569,3517.99814216843
7759.35410656988,6983.15727643286
7722.41663141014,7017.23761213258
1542.19038472052,3731.50396549598
1517.79239229624,3614.46326391643
7368.49507912833,6780.27513531122
1378.66761350161,3718.77283614939
1384.59051589607,3786.33810895053
6673.52476298499,7320.60266549942
2306.96612101662,7868.97001657751
1557.56482046833,3870.30389860092
6433.53694318675,6658.66289985443
1887.83002287009,3578.22196395666
7545.29876835287,7642.08536410621
986.382976559033,3253.61681904292
684.328469420904,3365.51303273322
8642.78874412356,7314.66508693617
6844.70626367098,7987.77843379653
1860.80449333225,8946.47232786502
1524.90315929336,3550.56353778489
1163.9236151133,3252.76713908287
4092.84949057303,9166.05749462903
2528.03048523542,8824.24283638073
1784.76341177556,4867.33535964926
8136.15002360537,7195.02146663322
2003.24104460133,8687.74344081046
1491.2521510494,7993.36184902224
1864.42655161556,3918.32941133406
6761.46466191152,7309.05991637302
7509.24224581795,8044.55652985204
1212.60286264425,3461.75919628128
1025.22880023345,3323.17985123243
7187.97218958545,7534.73814546703
7166.64166014144,7239.5606165572
2052.02734539578,9167.19302906424
7744.3434640285,7296.84415234938
3553.58654124261,8509.71206767229
8702.47289526428,7850.07760076237
1768.29868668331,8856.99394845429
1753.59486626597,8975.73641455968
628.964651669756,2919.64437836478
7484.19171771825,7488.69799702136
7466.13007656532,8250.13300676894
3157.77916725439,8971.70499715777
8055.6352475857,8365.65279874961
2584.40528264675,8516.16090107835
1652.72580959095,9124.53285597181
1223.37642209818,8861.99118308049
6687.27808219938,7188.31698838411
7514.93815305881,7252.80819294869
7726.50746289283,7439.83646748481
7591.92064093913,7572.0646187734
1790.67740020812,8386.77832771815
1468.07988328095,3720.28581524558
929.091020096015,9177.32526745165
6622.53259250534,7509.32390008021
7544.33588227488,7184.47599055877
3173.96062760203,9171.55615492354
1824.41336260608,7683.29409304401
719.732906235732,3258.01977568717
977.662320037294,2985.49168728996
1329.11390355293,8861.59448273303
6959.14827461257,8062.33198352606
1031.34297374675,3943.36513463612
1938.81892485642,9056.44170682396
6538.59871077116,7099.77359476383
7563.08502350701,7824.30460937399
7128.96161999528,7542.15005450209
7072.26750722929,8543.92345082028
2028.88217296843,3680.25614527376
730.296218959367,3303.56198209902
7072.46037622836,7936.00657461515
7660.27256305198,7596.67002841771
2025.16063397397,8937.11851915317
8332.1258087708,6029.86898956805
7527.38146790209,7749.18180570592
1725.03716845333,3788.46489901808
7316.1670549366,7473.00203472463
1797.24444222078,8902.94256835001
7707.82330874622,7693.02814345613
1582.59464464312,8925.6111210308
1722.13991494581,5098.99695897282
2076.60949486847,9257.3138744357
1701.82409586804,8141.9874104161
1676.15052920995,4021.26384587714
5998.78904284077,7942.40047412902
7114.3825697287,8343.88933897077
7891.77093180529,7800.79178532424
2055.0078428647,4831.78273836472
7233.25975356561,7765.79138477809
7418.11955615366,7699.50370357301
1342.56462827989,8962.24176924472
1478.97274546072,3911.18627298487
7162.4285617023,8504.2347515595
2125.72455430068,4171.67410527691
1663.49549914552,8771.78812503039
2539.06005335291,8896.32010691315
4755.46859543769,7736.228329358
1531.50387053218,8625.99206241521
814.577633729824,3851.96170341601
7506.64753364221,7773.26455730266
1486.84789826975,3649.18078202823
1111.22879134526,3539.51660663207
1044.09324643706,9371.42416089683
8539.82058857059,6851.14260113611
1755.92175396126,7005.44933998314
1809.90655082754,3926.52579450459
2453.26392333525,8911.59304669643
1710.39227589106,3523.96284585955
1983.7689937829,8910.9486982347
1014.02313368428,3333.48177116825
7784.45882894195,7940.28094780155
8079.43743877562,8223.55985962679
6527.26499987412,7493.003949284
1566.08148748101,8750.4545890166
1844.35628650331,9215.43425004021
858.326015807705,3131.07313291593
1457.31826953145,3276.33139776262
7867.91580778351,7261.36166193675
1370.14842247415,8926.98323701525
7222.21379808648,7510.98625209837
2028.33071081409,8945.84739249742
1261.64013087122,8162.90384754906
1356.75145156574,8931.40996389334
4048.04701420958,3985.9154293021
1153.91467798818,3692.16747992696
7358.33988343687,7100.8515966565
997.60767094528,9125.77856670624
1518.65898042797,3775.46496507117
7284.02567508656,8274.74222223885
1180.87408759212,3396.04199454937
7248.94714591386,8380.24649368919
7158.12818634964,7741.28952613339
6935.11957987371,6281.74194017817
1211.23646101196,3667.85893033743
1659.01746743275,3623.45685133591
1904.56316120684,3884.42062219891
1126.1654350488,3259.55206675878
1436.33413407791,3878.39694103508
1561.73581256745,8645.65759321117
1514.99140672395,3700.22710946932
4317.75103013199,8367.08470323811
7264.90738450112,7509.29847388612
8517.30077627357,7927.58916848764
7824.07272943441,7801.67519348847
7997.50532570026,7911.11886249167
1279.91725033177,9022.17464102057
7802.42487208226,8045.76624823884
1407.79468058098,8820.91552450008
5483.71408914728,3151.66845154883
8165.51947767738,7640.3425702577
8541.71633580585,6939.66356996373
3661.8998963166,6282.14788026134
7158.04084851051,7292.79113689135
5906.80020779162,7448.33175489394
1808.21502831003,8902.68246148536
950.097459961975,3603.51735300859
854.161957098287,3434.917886133
7960.72664711999,7921.1474566142
1863.68224366247,3908.64620745298
985.584714640293,3449.65876715309
1946.03423642547,8881.74803607022
3036.62338263079,8735.67607108996
1827.24637387837,7725.65734943435
1827.28568139112,3872.37899639121
8438.27052752173,7197.64888032857
8355.18774935137,6432.46845295298
1067.69953579192,9236.76033866051
2218.18353380428,8544.77241356699
3416.04472629192,9010.53915187113
1404.38041780681,3732.73599950913
1413.13924467921,8967.99640110156
2068.10128352694,3783.70527853262
1221.80150716212,8815.15503963692
1589.73760007935,4809.23259952599
7513.86850991488,7046.74491901485
1649.47078876506,8923.78194033829
1383.39074636724,3523.34234827321
2099.66162315727,5278.55543160049
7250.77858016812,8530.07202757767
7572.2896632537,8208.70851564483
1329.46167001018,8433.87420944549
7039.31430719677,7757.46752624237
1349.61822796727,3469.13172772991
5892.65183029669,7639.78192446482
6778.17327922946,8449.46182099152
800.044587253489,9132.58020902176
1892.68184851386,8768.87019813608
2271.53227579246,9123.32943297873
2051.0705671304,8581.68435756206
2103.51824300191,9108.31539841097
733.585496689239,3435.82652302575
1494.36361350839,3794.18811164281
6429.68705800323,7854.57048533583
1100.45592321061,3497.41019985102
8287.58513270994,7363.02929802143
1027.91026636619,3227.79035935466
7662.80114952012,8133.86569486177
1441.19089867933,9068.65408778089
1716.95259513132,8345.76479890634
1151.82258817853,3497.45948018747
1053.3543282868,3478.10421906412
5989.01851135466,6517.8091301911
1481.34371972137,9149.5256032059
725.209308449046,8936.73082340116
1673.86458850058,9103.60929401721
2386.28673771151,3726.17849696103
6620.45959797918,7832.37174919417
2016.39233204243,8730.13858886453
1348.87331448122,3712.57729868517
7517.91530222254,7553.63818179838
1732.37918931544,9068.02810898407
7609.98828864872,7603.14625290513
7658.16259210875,6765.58714100476
5134.93369684693,8299.24763660654
1493.03768246827,3756.10039236073
544.932061701165,3118.42895046838
7370.79346437418,7209.84603749779
1235.36175086804,9241.12965392042
3646.88499350309,8202.95948189999
831.724636002005,3389.49224052777
2228.40172110225,8513.99331040536
7190.35193470231,8234.60713704844
1003.771892106,3310.25495925693
1591.23483709518,9333.13836746913
1459.15553678985,8981.36238097048
7706.20138781449,7361.32302571172
1791.57675568355,3734.09329140485
1052.10649716883,3502.52636260377
7466.55519519643,8267.48339818513
7177.60900109468,7858.62260576417
7459.35823686128,7276.64458829681
1182.77864147607,9262.91156019206
1141.33505020475,3494.63777858127
6720.38255717246,7519.16477493646
7465.53826509237,7629.01902056091
6920.99675429843,7841.74673508753
7915.43625956136,7635.32203309257
6722.29269120749,7195.40845785755
1738.88612458888,3719.18199145163
1233.14622203551,3421.68931599437
8011.45276494979,6589.39735053218
1211.33085024694,3569.82773033904
5681.90490728303,7241.25489118098
1890.70753178134,8183.06125018424
1767.53644941284,3420.0522437603
7950.55931264834,7614.25440741854
1111.17881345544,3679.55236676797
1489.67658884699,3381.87747609271
1490.0067825677,8991.97030667951
942.762560598767,8012.33117989731
1301.32414491285,3332.20445771943
1601.54132545124,8044.59234769724
1421.64865043085,3959.32023091794
1459.8525740726,8767.66797483595
7622.90261551034,7803.21151649906
7454.94703769642,7040.34289790378
7417.17662504317,7510.73212205574
8303.51521712361,6936.82560265873
6982.40648565375,7309.49182336033
7873.38583368972,8234.27275475355
1128.7621715919,8453.08002923617
7446.48199074344,7320.28340337847
1115.43432247339,9145.25136616504
8012.38191732793,8112.54451238065
7642.53306352254,7543.21725086692
7175.31329562378,6672.43636597748
7875.52241180254,7784.1236541374
7680.89066961511,7555.23862246327
7563.62535566627,6573.25740200536
9034.82044179281,8261.42355728909
843.072869287668,3457.14421802282
1369.79329264946,3959.15385361463
1425.36306670244,3354.095619141
1728.19094729283,3892.74881219302
7599.86357645201,5596.75100977017
1502.39958346634,9145.08153337268
1316.38804912442,8987.22543591748
1351.85992508895,8927.91425642575
8518.48672931706,6334.29804209218
1677.05499198187,7829.61362237877
1216.85734775799,3457.00783552295
8677.48032650345,7258.69781489672
1618.83569139476,9016.56799029064
1436.92619247233,9140.78655546285
3532.69967513855,8982.12012467179
7226.79659520802,7378.72754177037
7210.53388114821,7576.06992268578
7440.8541377225,7941.47068165907
1024.0561847719,3093.75175950792
910.096987567748,8812.82559675249
1016.68727650506,3457.19744584967
2164.38805429216,9148.49499159407
836.151288159473,2977.62253221247
8123.16943032655,7651.29731250564
1042.41730342524,8873.2517341774
1391.24693997041,8054.98973515514
1842.12610184663,9181.72702561537
1382.67514713805,3965.78040242638
1143.16639450807,3266.36341639209
2019.00726258854,8883.04121314136
823.436226173,3642.06800152159
7121.68812927389,7986.32909392674
7101.58910325505,8050.17991234887
2570.89509380147,6636.67249381704
716.898227881446,2918.65226698616
2148.87624204962,8947.12513766141
1991.54307911485,8419.17332346716
7177.15282642156,7697.70706698313
1185.63924845305,3675.0658588152
8805.65699764247,6093.02988928491
1216.06735505558,6692.35975731234
1062.31538036758,9117.65435811614
6980.68442107804,4111.79539523404
1345.09277305259,8505.89206650818
1786.47715131751,4000.92802228917
7285.56122515327,7035.93717712746
2185.69642641824,3808.7418195245
8489.18091213444,7816.28738198814
7079.50709752256,7291.59899864901
1134.65041120072,9012.63227459834
1265.34021510313,8726.6617162827
1073.9169989507,9092.91326095319
978.223840080883,3283.07320139556
1331.79383338086,5332.84371387075
5567.13192954857,7857.01729277574
1066.57247301642,3648.72640106877
7870.89430467171,7554.29164027171
7568.82127349376,7452.81735274439
1460.08165809672,3522.86060075158
1334.5255051908,3502.28030010583
7693.13104598902,8066.19234334672
6844.86738655344,8111.80517993016
7972.39238775667,8283.59828726474
8116.33588816831,7270.90048320098
1455.44419597052,3927.59717792213
1628.16109909327,8549.73038316706
8097.17235053418,7200.67514475614
7605.38961197463,8177.80412070402
1284.69558809304,9001.33507583413
1809.96054844439,8568.5294439335
8016.01980408657,8042.93704229621
1667.91122498889,3165.83985535312
858.067672715049,9020.34854655844
1628.68438244492,3615.24144375211
1496.85939383855,7581.05975106843
1208.84886340959,9049.60892194061
7687.38320365676,6980.13904816975
6863.07912820901,7202.03898613381
1828.39895513975,8226.95779145141
2255.65496423996,8343.30656250144
1040.45396777214,9201.65240260244
1581.38614474398,8922.63348923552
2408.98698380609,8578.0946269155
1114.99343465601,8535.63722852186
1850.56639633538,3734.69622318504
908.751096870795,9532.7619758262
1939.71030591722,3547.69424275083
1689.12976448669,8576.63345328523
1963.43533415069,8998.11120447506
5969.68618825072,6458.15354946479
1909.57540358103,3960.87623773571
791.546982557661,3390.79677831504
2735.16780465132,8037.37033122797
2780.8089766796,8493.6372944776
1642.04031810389,7869.39576881796
1099.04016163208,3517.18778805135
1252.57514092371,8846.01549742762
1750.45084174253,3532.3260657935
6608.97379357554,8209.50904881425
1738.05684449391,9193.31660706792
7854.01310054224,6998.60193409483
1330.18619856422,3300.00116426139
1416.86542669669,3640.49001983749
7794.28502546904,7173.27731911895
1203.9418899036,8715.63559213337
6714.62714801433,7892.68868004681
1295.60258800661,3516.49801188576
7664.61685640809,7542.46479008453
1104.38429107822,3579.04647854017
1159.21978968248,3295.76191691019
2547.00572519402,8874.04640725356
1198.87123696225,3968.26378094794
4001.12479869459,8945.46172072644
6539.86904004871,7696.15254320117
7916.9244764645,7804.79088205453
7286.18089841434,7111.87874042998
6987.5338834565,8476.12670694233
858.009250462667,3227.92229697873
8284.88902404805,7317.3772597203
701.378132333448,3069.20690442571
7467.86864663565,6690.4792502924
7067.20885735188,7294.89551908844
1617.9974712682,3620.89196218246
1744.28383011645,3387.71592332773
6557.21497466593,7340.89998122222
2006.38115029887,4039.14424709916
2364.82535693429,8579.95615450607
1610.26819596181,8818.19147503323
7877.62393115693,7500.51521132179
1260.93449844915,8939.10426467416
1831.22800229368,4443.21269170877
6970.58055326806,6755.50102783447
1354.49315707561,9126.83493289997
7628.59714882105,7958.91223782723
1508.50276689221,8294.06131368455
2272.38514935347,8183.69002564214
7002.35536784915,6522.81951034138
896.208513999622,3398.77236128486
6226.67749931611,7825.20158169967
7218.75283688177,7260.61645929905
1229.01850935695,3578.61702170538
1247.84611521421,9116.06157700436
6944.61152617622,6374.13389679508
2532.29511042636,8864.11440823511
1029.51084090621,9155.15232414036
1053.51785616779,3305.62266225757
1536.76799476241,3163.6540594589
1062.54334378252,3365.98186673079
7597.62250589666,8728.61230031367
1054.21905426135,3458.0028778739
6222.26463679827,7272.5543582828
7656.109244609,7927.58611793448
1128.95615608033,8983.10591791691
7417.99817832467,8445.99157381231
6899.03330085772,8036.79883226414
8136.56655028726,7370.79419351061
2521.13791192866,9137.16723649366
3330.76100992491,7958.95147398302
5789.98873606475,9245.91358513594
1089.77920923272,3531.06147064776
1730.32267577771,5974.88019425994
7539.04520278679,7032.05273682615
2454.52016299032,4082.24398747845
2015.14288878629,3991.7422070151
7426.90788398228,7057.9091117106
7868.69347745601,7609.25188169112
1219.36246167913,8926.86323622948
1962.09257623566,3239.05035297801
8073.54050206762,6791.22325873002
2464.28135730964,9074.4354517406
7665.65120509973,6309.33813935391
2334.8053368145,8122.28087999841
6468.31659350436,8052.66164649567
797.935307930777,3333.19659646471
1332.48039139151,3640.98226992759
6804.02424330842,8022.91509505427
2448.13672593513,4036.84980902896
1486.84004468089,9180.02559614139
1145.79853555453,8708.91299618067
1263.5675349453,8869.87693264859
1141.99192626595,3187.90991574067
7724.7964048923,7366.72345902201
748.909958984851,3393.04984075798
2070.51430604379,9175.21717928658
8554.6406477662,7701.10400723557
7911.84718142739,7571.62449459162
2877.44746440683,3855.70034584099
1581.31566981674,8045.23153110366
8048.84513356887,7699.05356008642
8266.00298375406,7140.47005409297
1684.15190468078,8966.17867294971
1230.37123412603,3421.74375520668
709.214368784153,2690.35192818395
8844.14599626628,7522.23168692099
1387.2530676788,3628.11696430825
1545.87209898926,9150.43330229751
1529.26284041161,9120.93241243728
1589.77567259928,3456.29345376349
1321.06077132715,9107.92172882828
1712.08078959299,8812.88871223441
1114.17645290503,3902.56646875297
2455.48452691857,8198.19048589461
7425.59001161042,7791.09359498987
1631.92987259001,4133.4870369577
8595.26306178219,7462.77555329583
7626.50946666267,5453.46737584049
7739.47078288067,7394.89533271554
6170.65683674905,9315.68435401869
1105.48366554458,3662.06959994947
1235.48378430011,3861.50079587987
7284.59047693239,7297.96228768707
7540.91898165412,8068.73591576778
748.596865095252,3093.48343579134
7103.10334790462,8500.75339354726
3695.06625081239,4220.9014873591
8028.51357620867,7848.53605617353
1884.94029595895,9200.38392179518
1330.86678442756,3520.99079302227
8796.66049609992,7705.66616053981
7045.63639317236,7373.71694389459
7217.43630171658,7912.22340557601
7840.26166491111,5331.8890236815
1530.94100515767,3514.84157133983
1637.45703098267,3904.7159941464
8210.75674108745,6831.60882327658
7244.04167538737,7319.72605235273
1438.38238074052,3431.94768609307
7710.30873176096,6471.73513531316
2089.31499559295,8452.94605226951
8778.54918433504,7610.08233604829
7305.87729757951,7964.83527979264
7263.43774734097,8007.93067409464
1473.89898799603,8022.46505406652
1467.28549567834,9052.93398660403
1356.5176012767,3357.01722747145
8039.700429128,8379.65283327239
1571.3596834441,8914.3913483077
7691.92812980544,8355.65879867234
1311.11777785582,8862.52886196865
2047.37547582248,9524.67038441293
820.21695739136,3299.94155586218
2047.07730561694,9181.60714932724
7819.12999149013,7725.28941196125
630.412138718568,3115.12392985735
7027.67550500669,6881.14544192807
1411.77358009642,3829.20943473109
1872.39648056453,4002.19938014603
1273.91178643187,8841.03462654553
1514.80709378334,3455.97161399922
1676.64899124166,9143.8242165762
8710.85065799697,8173.09608738627
2015.30760302007,8760.30285409994
7418.88016008292,7798.12747483914
1026.35875819253,4215.89255148569
633.084316663169,9098.55735871265
1811.91260953036,9360.64110628141
876.583046151856,8303.50603087047
6739.0102660255,6705.56458641727
7713.75488660521,7944.22608046671
6316.17872197666,7930.03821912809
1619.18964725333,3678.10718016242
8568.2574085219,6657.37840915089
934.390542107364,3587.04774010329
7525.74110428096,7444.36918342867
7415.27362183508,7890.66510361359
1166.21010102844,8291.58917204959
8250.57183437999,5339.47012288569
782.673583563935,8786.10166110064
8059.27920754223,6611.21910472625
7911.09860731073,8158.07356348079
2736.0287952588,3291.48375331592
1806.35249558763,8729.42744626047
1205.12061631181,9074.9231788272
2148.32855380497,8168.38751605459
1631.21602379873,4069.60951368706
8167.74205371448,7373.94875032899
1507.2370610616,9060.57308523481
1888.8034620214,9347.9971207636
1459.79968043878,3727.8258648068
1077.83677319725,3524.54711925788
7651.05764460487,7220.74656978616
1128.52694625464,3364.20448054001
815.757211872375,3623.78582838957
1291.57765268919,8220.23113665087
1569.28672400182,3753.92370078395
1219.29205264003,4430.62896081951
2321.81322323221,9097.99962689099
7336.19135525744,7997.48424072561
7664.76379198164,5994.21068030628
6924.36339173794,7908.32313136187
4422.76337066041,6040.65687092951
1414.66874209633,9200.06904120766
1478.23865067536,3969.68442128842
1122.16592296444,8965.24066152729
1903.11028522807,3568.46281630933
8524.4910341608,6849.84466212635
7695.09498298906,6813.69010465893
2311.23746798586,8852.4368339832
1818.34763506319,3167.43711874329
1130.84425749057,8263.94810118642
1742.52740945835,9051.77496534493
7034.95875163254,8575.56075389846
5194.70666742926,4052.23848891146
1887.5941968649,9202.8977261808
7199.36305356037,7412.79934508028
7403.57833149101,7458.45835675422
7200.18083212785,7435.11969108663
8152.36966056071,7711.82254735921
6122.42038687426,7761.5176224112
974.553872662468,3429.92890497329
1630.6435617821,3811.42011651477
899.512602456953,3327.41283337629
7401.76045362719,7932.90977187783
1222.18887832719,3830.69256869174
7287.09624480473,7860.0006018065
7275.37060798603,7312.00117635002
2013.4583024013,8213.88548595203
6944.18861057494,6810.95948120354
1149.12507672932,7198.4120677372
7185.4814902131,8094.31577128672
2889.97467697163,7790.31158542087
6970.70707432475,7447.07540633409
8116.74672044272,7274.73307899939
1293.13474580705,3604.35427264767
7440.23759426244,7098.21359862467
2205.77086236497,8889.65393936722
6976.72139534705,8190.96190063812
1777.80401050538,5981.02027688278
845.459613677933,9056.35569404375
8169.48977701222,7492.93716091303
1292.56237459977,8881.74947430704
8093.90814646467,5542.96479551232
2015.07031906464,9218.29758863931
1015.67476551877,3379.74322012077
1172.48375260777,9128.01565257588
7208.15112686239,7221.15405825614
6833.67016277727,7239.38032661667
1571.88432208476,9183.98573130183
7153.35640608821,7218.39227094736
5617.88933415138,7067.50263121256
1616.53466004032,9180.34769418418
1404.84992875416,9155.64823088123
975.45434031785,3542.28381714616
3552.25855129517,7970.94604641349
1804.92896881453,9055.30849853682
2836.63781839047,9510.99099350438
1007.177513054,9191.97190135536
6928.34377657983,6260.68652993953
7887.60310786916,7453.15867002956
7882.03956978892,7922.18745082006
1958.08569184232,8839.4935305718
1482.56408307338,3616.57710236395
1325.26750094186,3822.98015848686
7327.19828793993,8021.71885890825
8259.42363081553,8025.35385973026
1831.96278014009,3733.47948753043
2232.5282318978,8859.47855672158
1323.47934751951,8988.03805006566
6823.50129069616,8289.41584423669
8115.2441490078,7056.21985611655
7433.11915669567,8060.95408472452
6498.13784581168,7185.36083192262
7378.0654748745,7624.06497702288
7643.97663379159,7627.88453527788
2656.91201787369,4168.43698663574
1222.35540697495,9167.98827110666
1988.73400572088,8205.51118403276
7212.93873208138,6986.86113570094
6089.49740142007,6010.02096821841
1238.89510078267,3341.22283015254
7382.9407726883,7821.86907664804
1843.0013499457,8814.63116042529
1468.35704167845,4129.12650522987
6945.95241050904,7350.39271923009
8009.58606604986,7948.93542884166
1398.95655866936,9153.30245612843
937.016352345774,3205.95175921632
1306.29040395291,3519.48336758107
1436.41650711988,3867.06059431814
1592.2997668613,5122.79696052396
1363.65909663999,9065.28111423243
2339.44201720491,8496.17029049382
8315.45202686099,5044.90681649616
7805.39990402448,7985.96373662593
1412.67771549661,3557.90507241552
1081.37139830278,8528.87776878917
781.579004819049,3129.72846882568
1847.51080922694,9173.14715845141
7694.68524281709,7358.77221815169
7122.09390051315,8072.54615460862
895.33597808961,3596.55218383904
1181.06054088987,8933.64965326032
2014.76030497051,9218.54544179615
6710.8788364191,7559.89383744283
1433.13437292438,3264.49959672183
7583.28381325096,7841.14346486993
3111.30908756883,4045.28877063973
7953.77895706134,8007.61061487488
1378.21599066721,9037.51424523503
1517.33703543705,8902.85819030567
1419.94398459556,3589.1688335868
8899.86554068463,7591.0151462448
1896.10298964628,8823.08770110949
1368.50827783567,3823.67032430503
6941.09482421555,6779.76637860825
1750.03662737003,3703.82327888387
1517.48425830775,8741.21298226899
1136.0998390868,8986.69456142088
6925.13928988194,8301.36267164094
2172.55893658885,4036.23062316527
1310.67761563717,8865.85762703962
3700.66112643837,9414.09201619866
4224.24422573123,8232.21285844935
1169.76242094481,9072.00838482016
939.818776151791,3559.44984273424
1944.20998989576,4253.54599764387
6306.24137938095,6678.22152171157
1223.13461382106,3167.85200422388
1729.71436244188,4146.36191670737
1511.25616157851,8822.6633135494
1025.57959145522,8957.03219334678
8830.47784694783,7723.75006170919
1617.9260858478,3736.61679653661
7665.40092311892,7562.28231654836
1231.55019431773,9076.48472946156
5652.44865147317,7894.6056196492
1535.98533533123,8971.42138029048
7743.97843182318,7512.8668270114
1295.73380161648,3486.72263247773
6646.53655733666,7140.21794628229
1342.2382834042,8925.19702551208
2053.3838495334,8378.79495406659
6892.04810354247,6754.56067669903
1027.02059517294,3602.14205856196
7707.12683199167,7321.91816811756
4677.35734906184,7622.30962881025
1483.29572758805,8966.05958761687
1657.5254989912,3621.34116930016
7455.41792750241,7540.81522864368
8200.809034969,8962.71586152302
7575.36637121116,7669.47377114178
7212.25855832913,7233.28423647427
2180.56878834795,3706.20344631768
2463.77849871748,3964.43365583191
6537.62899668864,6808.00973539361
1180.42111786939,9174.82651588312
1402.05844681952,9058.28982609162
7201.65402802726,7675.95924128999
2608.85807296934,8363.73205450725
1760.87612619317,8323.29987000731
6882.47804124016,7480.07372664374
6828.49459355351,7254.68069774528
1304.65235605392,3563.91759327298
7543.13510579886,7824.22582545831
1560.90453867269,3420.25263017944
681.884206134614,8374.54868030129
1084.82620017854,3331.25186179985
7590.41722830357,8653.9975033721
1434.75176202265,9316.10010639632
7286.71028506724,7153.69506855127
2200.4332685744,8296.51145100178
823.495228189735,3436.8687502899
7338.39865749216,7010.71478584341
1364.4160126858,8790.76698675562
7811.19473070202,8247.31523657166
1848.59782524993,9047.49490080813
7265.07725339333,6850.37388611653
7888.08806444317,7377.05901249574
7074.8465998854,6695.60172777122
1683.48558875484,9140.5264076819
992.98898592882,3167.43936705223
1468.75423814746,3559.20395264174
2561.87452072714,8553.28245033197
7770.96655346624,7894.22564099508
7114.50681975023,7956.10727569968
2021.36755644281,9073.11348473741
2388.68641947284,9432.54665055527
1053.99772619013,8742.60997346977
879.39411575238,8066.35880440194
2576.74176509176,9303.13388392358
6953.20140075194,7985.86303864673
1349.75463051671,3669.51210994911
7370.26019355985,7534.12958171279
7217.31972987258,6666.4962407083
7202.36176217252,8228.39411540233
1334.03252679863,8346.81484306733
1210.36991067837,3725.86373422964
1439.52371317738,3347.16769473353
1624.8297725316,3581.7121168928
7878.64286070406,9184.46039796847
2178.82088055374,9438.56378051591
7550.66276421368,7051.6030955816
8337.26209521886,7549.57626575688
1696.91985962423,3815.21324813408
8218.99231466827,7820.01645192674
7468.38893605136,7232.43922384119
6856.20932562158,8901.4191798762
2327.5014864268,8895.56604354093
1128.03597380984,2827.88069645683
703.640473221593,8753.45512180839
1777.65619693302,8993.00692129621
7222.05228996364,8137.81688918896
1798.55486409303,8604.53751233041
1435.92122051656,3475.39109542583
1647.8415930198,9072.88541153885
2033.34524767805,8946.20024579639
2053.93790715539,8977.46690909408
8651.80741274233,7729.4114738747
1326.14050026338,8844.63749875822
6843.18678396462,7389.93932431762
2342.39851436175,9163.95777931551
2457.06630280236,8570.40930119434
2164.86200855632,8089.67572545337
1307.33067122804,3477.74678027222
2704.11673170666,9474.26692305887
1026.69411414088,3424.23364006935
7488.29625900385,7666.15359803565
1890.38660482333,8981.33168510505
1550.44406480055,3949.02403608124
1501.98340915109,8873.0393568538
1206.26252501264,8782.61822112836
8089.34329487874,7349.02305810413
8509.04228328913,7500.34617220243
6577.9916494375,7899.01123811732
1251.75584895912,9477.68679799657
8925.73098613251,7732.97322314957
8144.33457922922,5138.34691815383
959.136820638285,8750.49502665459
1304.13020061164,8218.51875068086
5370.20908129711,8426.60106410452
7500.82153215706,6471.58158297199
7195.05069151061,7852.26005618649
7800.82321044054,7603.78449846405
7096.52492545652,6879.37308700613
1499.54999818099,3820.53365876063
7739.79063566869,7803.89177969676
1164.97996231902,9018.21499085491
1180.3356606293,3311.83099659916
6773.7101749293,7500.71723467117
1322.32630391351,9179.49816342218
1380.15721623307,8914.94517264771
1595.92276094332,9051.8922270196
1993.5805924942,3943.44441230448
1709.43988388772,8764.52697543699
2700.64626598687,3406.58681851412
1218.16449167617,3423.37051076072
1458.24604007026,9049.58474538917
1132.32068681397,8994.71180856257
1664.00251584377,3709.69163836425
1726.54763195372,8326.45085230094
8043.02198109393,7480.01575217624
6951.97322092613,7929.34996605315
7386.88830274244,7778.82580998567
1885.36362943977,9118.8718052173
6718.33829724404,7981.8556981816
1622.0975980996,8088.82375438172
1651.69878803051,4066.58415747346
7213.57188217505,7319.44271063655
1048.73942653635,3682.89146231144
1485.38870670361,7421.46434246724
7616.81535293768,7155.05763558782
1285.35978047869,7222.85846775873
7636.57523651751,8226.25348276374
8327.96921654422,7188.38571649217
1877.42042803983,4773.85131283774
8900.29813955048,7158.50423210728
690.537607549146,8818.91837000033
2218.92427305578,8078.59059373929
861.673396252626,3393.88567005984
6078.14244875117,7451.87612139135
1885.32027982043,8933.98925396594
8572.88263829056,7473.7696042259
1285.24468762158,3488.62213683389
1711.05333257655,3686.11842243604
7563.26676092801,7679.27465866181
7504.73418046978,7024.66997548772
1676.0463688994,3627.71196631057
5759.57880299843,8221.82183674
1577.7400748807,3949.52041553992
1088.10739027828,9031.21998119573
1373.28196365168,3474.17279755727
7137.0282597461,6713.40147403894
1345.32653294088,2704.5099972541
1791.11219618441,9199.20483017872
2024.67027946828,9261.38719108701
1930.84461373708,8852.78602879039
1029.14473730124,3275.10784055046
1673.74572327405,9255.68405199718
1248.74542176337,3780.1868434592
3303.3453273796,8180.27236017519
2739.91904920126,5060.55913063769
1371.7913165523,8831.96965424129
1314.19800987766,7268.57533656413
1665.7788826595,8583.77400401763
1810.84893941782,3633.35627786018
7465.94648725946,8657.83813259658
2203.68037554018,8673.21485844907
1157.8510085963,3404.21836911916
1786.94778773613,9394.47719118403
1893.58575324718,8840.88749261713
2117.93019067447,3187.55392255685
7946.68551900939,6478.01384852526
1051.82756886361,3545.51600613347
7185.79496966174,7445.40840968052
7522.27772720241,7602.02310727259
1150.83275273624,3702.51374270727
1055.74678867657,3546.29257390948
7559.62168193512,7428.19551548445
7673.65425462662,6913.19942309253
546.486320092172,3023.62051959008
7707.58079365564,6819.10179058453
794.573222885014,3472.19893548306
1573.3320328998,3802.62247520383
8219.26972816733,7293.80437443713
7469.04716288537,8130.8742950741
7569.80074929315,7515.81101284676
2214.46094734073,9043.56085311657
1681.75991281716,7349.60251294096
1212.78737303594,3721.20773019258
1652.74520149011,3689.09326170761
1419.69214753443,3846.85625401291
1862.09487793752,9449.3788017094
1778.44831293525,8873.77892401969
2045.73010128554,9195.80850689719
7512.94999946917,6810.51195047144
1643.35473934179,3809.883720357
6689.40714884077,8005.97472184517
1249.27935323957,8732.27578804442
7086.61539161274,7562.0655585581
1427.91547914794,8113.97410677002
1164.19445375202,3472.35731725962
7547.39958161068,7242.18351458964
7573.05875620945,8228.55540948303
1555.68703476946,7727.14977733701
8042.56455967072,8301.5869689089
1157.53579142301,3479.42116750483
6819.72887847821,7507.25964515979
676.444049643166,8749.08999735843
7552.58216907317,7250.03143920266
8263.23056800791,7883.19859033439
8845.43935599561,7379.66782209666
7737.26424750783,8212.7098090491
1306.23303820595,9460.58369507444
1062.23826098267,8920.66719093599
6158.58078495771,9086.54530576986
811.693112947587,3310.23478133933
3539.15078715661,5952.47337191143
1107.6496432626,3140.44929451242
7756.64503391444,6962.08147081336
1298.91110890381,3493.43680984927
1728.95773406012,9157.34650399143
7463.13893871319,7791.33714307047
1279.99852411061,3445.54795813798
7968.16784532702,6919.54801405599
1685.52839815999,3616.40822709995
1399.1095880924,9193.08234487023
1455.41476761507,8960.86356273048
7831.55612518205,7573.70554352806
2505.94676101692,8640.62872130985
7496.56496702629,5446.79954228091
1425.54832185761,3327.509018076
1732.93808219072,9128.4045497023
1558.87177077513,8283.23109421427
1808.05522242854,9345.11878837312
6673.90410309129,7060.9318825628
7217.79922976016,7334.89254319906
2725.10505220785,7722.7893148958
7619.65956716198,7501.81745110112
3302.97707993715,4167.5709937228
1263.59077206726,8953.27511720233
7135.44481204485,6687.65723495719
6816.91121632069,8240.17593704652
909.686546508986,2814.84748798932
1326.80270477252,8813.29636563134
1150.21427237458,9061.76327280548
1424.16950845868,3430.76149649073
779.553190245379,3381.97448521697
2415.18377978565,9347.48695233704
7061.15155223048,7482.32751191777
1122.4327765305,9067.8273990162
832.296576922066,8862.95071356871
1500.77691105423,8775.89884174724
1726.12769507113,8894.29011208788
2177.37551392666,9321.86656924515
2433.34431064663,3515.48870285577
2789.49292811925,8589.76184474564
2196.31199665475,9240.55552460618
1029.64936699495,3368.9914096046
1378.03209271153,8497.17357453355
1185.33958019044,3501.91315498386
7361.32266355112,7450.39440966101
6938.36363173919,7432.06845739202
1512.93900756667,3369.37308052035
1273.60887576502,4434.08387468986
6154.13642478353,7308.66831348388
1558.86794497556,8951.24167482007
1107.22514828683,3005.03600728559
1513.10564475528,8559.86746120699
6867.61457317745,8312.24594575215
8043.247056929,8256.32897021911
7856.31011468101,7736.89207709618
2086.9735591104,9197.49960156674
950.801339573305,3124.79440953971
7884.44842240508,8186.2510220359
7657.47504260614,7801.32269767545
1375.63145419634,3943.81990876292
1464.44690409022,3514.59825012248
1906.44410571931,8019.25887251176
1237.78559903152,3526.05241022674
7746.48198628727,8081.09944255754
8297.66693742056,7855.18999508588
1196.53186063444,9049.41786465664
1221.12888556095,9213.41871385966
6943.79055752781,6946.12763502629
7469.73172414833,6932.16279285037
1787.94300856048,8995.76007267413
1935.43431143922,9240.03846463736
891.694362618521,3573.90260729139
1804.69110817303,3406.59200171253
1172.78198717083,3521.74763186149
7239.97903642001,7954.40391960161
7212.96958024731,7241.60415171578
8713.49109679283,5881.73019307343
8322.79993475605,7593.44330855571
1273.1412210126,3475.48526121295
2024.20922447299,3773.33904928063
7141.97775507376,8560.54010595909
1081.74149173074,9002.50490261852
7604.3785261923,8517.76181432731
817.536113311948,9047.07988882437
8155.11849429534,8314.80785550256
6174.89613263327,7393.48324207856
1744.6484958399,8649.82052618946
5430.01451491683,9094.44481282522
1364.28032852284,9346.00194669351
4659.57332315813,8657.59100589871
7849.0120903148,7625.48351200846
1217.60194252115,3586.18728992652
1607.5828523649,7359.64579851296
7189.84725309076,7748.15340483897
7155.5842366404,7204.71634469411
1668.95599003849,7926.25727653181
7086.90095164023,6905.06538035251
8189.03886530121,7763.91873735445
1770.99537281305,9305.2271910242
2830.42080612523,8431.84701082765
910.709133296347,3035.11393394167
1486.82485011739,9227.39436629466
1192.22833605923,3496.68375610113
7025.44749815139,7663.53978376316
7772.87604013443,6233.07831496979
8228.43994762973,7062.8681076634
1214.29826159344,3572.29928957895
7523.0721114247,8495.47861836592
7741.5404707615,7504.15891210485
1279.98360160765,4962.95679909515
1260.3518649433,3550.73938740706
1289.14462438267,8898.99655807442
2311.05804231819,8946.19180783637
2820.28519181592,3857.35334800321
8547.8174522776,8034.59039091139
1789.6752147762,8905.27245042761
1480.36567575401,3958.91542020288
1496.15614844215,8867.07358465584
6893.15530395264,7286.58375988219
7062.32591313684,8298.21134586985
1516.56481971719,3831.21851350675
1041.96766187825,3763.7490863972
7780.22250461271,7371.84615402234
7840.48345742951,7492.43516021493
1178.65590388384,8790.27458714313
7556.26508386955,8086.29921266163
1605.2361656808,8965.65728419169
2319.29526825273,8936.8247274834
980.347539911065,3223.17548933475
1214.23450114236,9053.50026964045
6935.58089414565,7214.18612339502
7118.13577747155,7466.51826205772
7754.34286357161,8005.33506937403
2267.66718968149,9387.61351007255
7331.43650528658,7975.9251123037
1220.93798845334,4149.63279660898
1471.10052328754,7894.53168432695
1554.97999783723,3549.25383298726
7341.26142119295,5215.69888424431
8658.71828012254,8105.32505990811
7293.69866552344,8120.45100524705
1453.43177995911,8147.61650751285
7518.13647014938,7610.33379992478
1268.74855816139,8198.44481567302
1509.53614512011,8960.20301838054
1595.17828252413,4007.16517674976
1234.64720699812,3171.09386792912
7538.63746475765,7830.23308229901
1929.16505687455,3860.45775584491
1862.00197711562,9242.07431410053
1121.46130530448,7733.14467590197
907.505332044149,3237.61542415544
7936.37561328779,7337.27117871858
909.428551962303,3638.0011655171
7126.70574971563,7241.60221645434
6895.98336524749,8833.73513668687
1605.97401792134,3700.47885602274
974.648171254729,3271.46771415355
8440.6658365045,7728.38252867308
3632.01549343251,5076.0352599703
1556.63126040979,3729.98921447677
7889.43560071393,7114.7796008256
1215.97659527971,9173.46255572373
2391.94899129776,8667.22347164304
974.409291378216,4408.17654885832
1644.47337132192,7296.78769413092
1404.85789652467,8673.41552697195
1169.89249402655,9183.04530444021
1294.27736522504,8726.24067761889
1462.1679937948,3661.72167002392
1341.44463038077,8961.17012312305
1543.14996307147,8038.99978660711
7925.28394261492,8096.59870162201
893.392565845844,3242.38882353323
1316.54790507555,3309.72709976373
965.678913965834,8867.05825873726
7204.10941774811,8129.79845358447
1452.12004603318,4209.13655374147
774.216781938513,3131.60995621634
6240.59877520379,7279.81930779828
1215.97534029815,8820.08998410322
1435.12056355347,3843.83445501214
1738.13753772513,9015.48298374331
7747.16165766356,7917.27403089456
2628.01347909098,3328.86873640482
1672.51016329752,9005.98199401508
7199.93841008053,7057.18952007276
7528.07355311637,8454.28037243811
2020.6831121657,8946.6303484494
919.726579117568,2569.69925460193
1572.172188437,8895.1530061383
983.737816948144,3224.0123654464
6979.20394356982,7391.49436048904
6711.22202187787,7245.69560075312
1964.91320204698,8968.56301214685
8727.94343084717,6826.4230328008
8460.32870695126,8816.05313289638
676.33760945651,3139.93855629219
1572.86837078939,9368.96672462042
2031.8506895071,8262.0866002145
7685.48261048584,7101.9082173795
1041.48109810072,3348.51052251199
9314.84488443188,7408.88847671234
7290.32298445551,6462.35695025606
1295.03502445833,3358.20823350959
985.982866193796,8693.9510578104
6877.42338246114,7468.04334011513
1416.23977995267,8958.00485941406
1173.39926020543,3275.76353969983
7624.92264070787,7855.54672880707
1355.64868685737,7993.70718225152
1678.50509256763,9189.2486068761
7056.39193145025,7217.38163832791
1385.28604579136,8932.94713693187
1510.79088866859,8988.35726287152
8945.39423901811,7755.31605007781
1337.87508292095,3735.56692452108
8320.46090798585,7399.00167623012
1534.47608364921,8678.52109021725
8259.66938791086,7930.2655866963
440.164374617261,2930.52129285539
7791.15641994769,7605.05254789534
2000.23915357072,8572.35860817624
1436.18336530745,3841.19716656941
1220.25521988196,8955.45306816502
6982.77755962559,7322.43578375544
1877.11699092671,3696.45674241947
1649.18734929433,8066.47141696851
1464.46268016909,9336.96584066147
1344.98535715372,8866.75415478363
734.845468640215,3440.39917512998
967.225415341119,3090.09453213943
7435.09385818195,7609.46821976972
1508.29316391539,3829.54631970715
1398.15534110681,9181.48185086171
2366.78872037844,9466.83260855826
1419.99673343119,9135.57101142028
7360.63276747137,5860.58251867861
1466.05197971406,8798.80319865603
1352.16854190478,3362.02809384554
7589.99489681773,7727.55875153323
7457.70017961722,6615.45414138101
534.592144829023,3122.89109046621
2137.27348196265,7460.46363073343
7409.39757055975,8115.88649431236
988.436770894541,8900.54002498394
8791.04886981012,8276.20701961529
4002.35369775551,8746.35759021707
6667.37079322507,7348.95550854891
1079.39431549079,3334.11970739918
6876.44924756619,7411.34171556257
1360.70451578239,8159.14280291568
1736.50301349083,9229.51928799652
1609.7034789149,8557.49289799938
975.79139210843,8923.22210205059
1678.37257289766,9242.53914671997
7833.01939145695,7345.23143424634
7816.84486544434,7959.92307106598
1738.72954219583,9301.84733540716
1833.6198170912,8761.63954852549
1057.62426702981,8765.02724866032
1478.35936141462,8582.61614103275
1037.30512610284,3410.83061815406
7939.77434151531,7819.91709496312
7796.49295346209,8625.76900549339
7041.1365819951,7525.71824974447
906.788290164464,9198.23397929723
633.443445003925,3398.25153196302
8175.65462223938,8167.55868264711
7366.30330882594,8074.75495423808
1186.86519210362,8960.30074329293
7125.97168178483,7827.97053449521
8055.71309792471,8308.64400603596
1845.27497753309,8875.01208797918
1663.10287948551,8986.79329466419
1269.76461224067,3356.95297165288
3588.7513399519,6529.13196521515
1250.93294794964,6810.45003356668
7760.13097643444,8389.79234785583
1894.34603152897,8630.78815580555
1875.60987148256,3948.45249028691
8017.19279711102,7819.77972036758
7319.47983418324,6907.65104323359
1357.83300900152,8072.64161005164
2830.42523423395,7395.63433598652
1434.54307834517,3434.86075662225
790.105236267501,3345.88976626039
5036.51829221746,8736.17572250132
7458.09286289979,7581.57763727851
1089.77520908714,9073.15007961832
1304.23429475926,3713.95428986802
1170.2030131466,3520.64260209905
1436.03623395848,9163.23510830161
1517.4105969693,9046.56681746608
1102.42879597787,9221.28771034078
1185.11598136095,3612.34037162397
7694.92199521274,7719.52952765528
7977.45207932205,7178.89015812043
6739.57694464961,7908.94753709218
8296.14561989494,8517.51997621829
1478.29796218166,8882.15841322142
1873.62520647329,4159.64187361761
7207.20903931272,7646.78995855502
506.991702715156,3027.55677335697
1608.51821803522,3656.90428636008
1421.9363076545,3781.09402178198
7256.96721921575,7658.21505352076
7461.28407796837,6849.02136001572
7443.14158005959,7646.06900917731
711.70204489977,8957.38820005832
7792.07258572475,8193.93331442149
8109.99466935918,7894.89796595581
1333.422346411,3639.98597214261
7018.93116622957,4965.26329833152
2184.51927188359,3525.102561772
8627.76614242322,7922.70352410179
1856.36587553979,8790.31938826502
3473.99919420132,9028.09498226488
1703.46127180821,9001.49056470519
4305.55040042156,4086.96554618217
953.254875023797,3200.05468268925
7348.51881889878,8376.23738183581
6818.22522294039,9057.17212237079
704.505491396438,8872.65737233803
7296.80116687823,7029.60830763181
8033.18505340924,6062.77215112796
8658.82426736173,8039.64383164124
955.106194884095,9168.6609125691
8552.27637697765,7435.11792509539
1775.77647592296,9133.07486723087
2214.58061526344,8322.34185809161
7640.11583828535,7738.68301134878
1753.15290525121,3714.21391859557
7626.90560714488,8024.70471037582
1173.27066803673,3253.14500203272
7794.52007308761,7747.38407287599
1337.90822924978,3717.36344958844
816.035203523422,8722.77113897865
7716.97010432122,7096.43165573984
1865.46982096523,8531.71037081862
1127.13085693291,3665.97329215049
7857.81895537688,5179.37486235326
1233.46003116912,8735.88450730509
7138.1807279135,7058.90136547368
6589.72854601739,6868.84790114073
3048.80639784501,8742.86082157944
7653.46978761226,8269.22138910842
1305.41487090031,8404.11714571591
7884.42690068619,5927.95552978849
7014.1066608901,7114.284601194
639.677428032679,3522.34620925765
1373.65562447641,8895.98265914808
7540.67163711401,8032.49147357685
8201.73197079222,7340.93943272583
1768.86568376448,9223.18186726478
1511.22515184347,8392.09600459049
3365.28430757932,8730.69555901255
1346.17872614848,9651.0880283433
7354.93190350768,7093.65902684565
1098.84925630997,3851.27937761916
1166.73517966814,3611.35676461448
8012.52608694936,8199.38437373469
1014.09038856089,3315.00705091201
901.759180352677,3354.42746709881
6516.36279266222,5467.67021016714
7443.45620830363,7531.99486471625
8228.54378441268,5147.37164088569
2215.22430676258,4196.88180463765
8356.76030551206,8176.09353516379
1607.72367269511,8384.79848544771
1038.81692234261,3721.27002712169
1744.47130656957,8292.78404434945
7034.09480112591,6624.85909799102
805.11845815056,3354.15893200934
7355.48802743697,8026.03001683007
1438.33853360433,3811.48862754561
1383.76100110914,3276.57578746316
1194.79801957523,9284.63046523935
1311.79387036125,7947.43207225012
1176.25155263135,8945.12739118354
1042.16826095202,3272.42497754146
1333.14631884185,9190.44000380247
2556.8625538768,8974.95144155439
7791.31247952089,6666.61183158812
5071.78302761377,9041.92221252808
7651.14330298419,7890.02208434487
8001.26733196053,8183.02827069604
1729.35845848214,9074.4130083464
8046.46071528255,7972.97577047626
1465.58148269353,3668.12040821107
6857.76470388439,7382.41382053038
7560.64611444097,8008.94771050487
8587.33892149776,7777.00527798499
1207.43813656688,8928.64446227192
1372.3638175863,8947.40267996961
7429.74857748422,6129.78691666034
6613.04866731084,7960.14109404278
1325.08073601017,3584.09353794596
7850.65234399088,7936.68429446215
7465.62398127576,7917.04604774742
1604.09960626024,9339.18190772846
1383.56694399298,9071.00701539321
6498.39769439166,7468.97562413431
1213.18907755454,3675.15918281314
1029.01938885201,3337.49662853518
1484.89363435199,9286.55714595138
2140.44058754793,8232.86562244379
7013.33316245077,7506.28738282794
1143.17521708949,3568.48153487736
1943.65956222082,8612.24149216509
1248.54327290693,3640.03019386703
1643.4040788683,3697.28695574452
7270.6485547644,7383.26936641179
1145.65945541202,3623.64005991592
6030.85386696543,5224.51704087226
1349.28156242689,3474.27397928033
1454.05059731477,3480.9388995439
1189.57599774422,7935.56963802233
1045.0030443718,8907.229948721
1574.47379617261,8141.37618543597
1436.01090742704,3398.30116787431
1159.08431439498,9101.07734370742
7629.50274895924,7743.51082023741
1399.37261228424,3758.89668349461
8011.62941869487,8336.6018941947
1325.93828187183,3376.94764217506
1176.52584564788,3379.42216694601
1240.71321993326,9166.97410742039
1450.47430347488,3597.67814990384
7149.20024005087,7470.95233129484
1215.64681433329,8913.04794631236
997.48532107296,3667.29045018961
1358.28443263217,4055.3569515146
1700.01632752756,3977.1411949044
1407.92494356765,9174.99342990138
7343.5656335163,7996.03861935068
2025.89416294902,9124.13529570021
7870.01887343634,8020.27846646213
7623.99756494142,7479.61981778401
1575.00575156391,8814.40719485858
1250.83294873807,8848.89979161113
7333.05977334291,7409.98415992494
1364.18169080727,8539.39339486564
7440.50152694193,7605.74654733123
1153.69035888142,8910.32278129064
8667.73390967787,7485.36719877489
5147.62974489714,7854.92609228316
6864.69478723323,8568.24979994938
3104.90731569953,4138.05921176175
7609.50378287628,6157.73813059052
911.210948749505,8970.21924970972
3400.87302778583,3585.35395960285
927.233871890502,3361.79094520127
6795.23179507444,7722.4506527744
1527.37677002191,3598.4816913594
7062.23342612569,8316.96807627792
7665.50733413287,7872.590288944
7943.63438998827,7525.57166918987
7443.37798287281,7501.08251655825
7550.82107053799,8181.44958513181
7879.03820665199,7985.86615562704
1429.43397644664,3529.01473638296
8474.32105874239,5249.02557891182
7593.11677828139,7559.41652775195
1429.90793455281,3620.49133938913
7771.68987242376,8164.12761675529
1374.21061084322,3764.52194236807
1232.74805046626,3320.41883270267
3952.17193607092,8941.28080828344
4970.62671252854,9050.52266762854
1062.17482932002,3424.1157156237
7305.61372758877,7000.12378470233
1738.43656107043,9366.06799180693
8722.07050576103,7610.90419473433
1973.94097967406,9000.23289236728
2467.24502530864,8928.79415386781
1090.63517611903,8898.16298779291
3724.8777537375,9150.95219054513
2083.030042964,3868.39525974679
6467.35943008796,6441.30830664735
7602.8850397737,7546.91620800712
7405.61947432075,7632.04015692353
7651.85878973167,7527.30822559016
7471.49875366001,7755.23697797178
7039.57869476442,7791.50098364743
6137.34647095477,7287.79262067584
8898.09097054222,6674.71296968769
1299.84042649909,3623.18534178498
1146.26877339162,3329.03515515304
1622.0429131814,3747.8693205685
8550.7258220299,7855.60378255979
8204.97084880255,8170.17658867557
1059.0839187255,9115.33269692704
7003.36487983333,7682.10084905241
7877.33411049823,8010.71921878297
7167.55303052663,7817.7610884638
997.841940162521,9060.15715854795
1616.24110665543,9158.32138765785
5117.5146756394,8933.06438299872
1972.43661939797,9149.47140941518
829.128063304968,9173.05637732698
2955.70865743822,3895.11491936384
1478.92608295523,3129.65264856525
1380.0609035261,3913.61103947572
1345.18282371735,3364.82862827931
6936.77939241635,7704.25191646412
8399.4072995646,7441.99734123091
6870.81670515867,7704.78084573098
7271.18311027682,7481.81550629215
1652.57230144357,3898.75774023413
2378.7434367147,6168.85809947145
8732.82599199175,5044.7866182316
8072.71115019145,7728.79249171706
1579.52147743683,9447.61815210676
1678.72564793655,8863.49773266201
6433.59651699361,7101.86064592382
7047.40093843209,7644.12595331947
5943.55344452375,6927.57670941188
7901.54772357769,7361.45188831548
1292.1064363029,9414.5270684885
7680.31894098137,6997.80516675858
7491.06991745212,7743.86856652248
1603.90182006173,3940.08659363818
926.527484047711,8781.85774778259
1472.64757609059,9195.13159519222
1686.31733329568,3435.18470969848
7654.81416598111,7207.96890119123
6385.22726497474,5663.01236286215
8889.311505011,7562.49529016023
7680.10707511274,7639.97177199414
1386.1679877533,8461.33584561276
1251.10873362682,3476.23891986802
7122.21967445266,7521.09496243916
1081.97762265786,9045.70802105965
1816.57473035765,9184.04925390273
1569.25359473249,8268.14940261139
1216.93791961912,9106.49632662262
720.716551141294,3371.95649722072
7306.94167255808,7547.69383908569
7075.38837545946,7374.97779172429
1143.0421582538,9045.74031580397
887.756211327817,3350.90729567931
7880.87043645847,7176.70540340975
8955.31627115233,4060.10688713409
1268.0837543536,9055.21110353252
5903.94739435091,7497.65703505294
7318.91675813065,7545.12628655424
1688.56618263411,9072.08795654084
1256.98977519151,7752.4313407647
1962.99541046621,9280.80015805735
7544.25431605426,8286.82341060441
1658.42359013071,9262.89864516103
1942.18011444708,8749.87958470369
4127.43746523294,9099.47501914072
8115.93686691268,7514.60377386645
946.662985030965,3271.5232263391
1997.36879485517,3291.92959514787
7672.33693053129,7761.83510140875
4867.27099461062,8835.2364331064
8572.56614923829,5742.94024468269
876.47012644097,3427.38139683257
7006.30808563026,8278.04474281818
7455.65859655234,6794.22032135373
958.781023777596,3502.23813685874
847.700044862414,3205.68834219844
1051.17556235796,3306.45257460678
6959.22413733626,4417.80296323773
1799.20089656658,9415.84670336971
1339.49296614018,3548.28039217902
2269.60163579238,8529.81713211934
7379.29666792605,7562.15933267964
7582.68712217126,7811.30923236437
7133.4293063018,7604.90965725305
1655.96983972426,8974.96883969
5649.0728734438,5389.00235024282
8911.36813403002,7860.82328430911
1743.34149083807,9034.65357495679
1372.04272748089,3606.29839559707
7367.79481075853,6944.30711360846
7196.32784003886,7753.91806700066
3768.81724937978,8155.23192485877
7696.40678740551,5978.83001976041
7172.74663426072,5727.5804607141
2006.0430266706,9012.02363600949
1695.16923580664,9229.97383593594
7156.74806346051,7561.17401210243
1309.12818385202,3599.78285915502
1564.03900104843,3433.38991616397
3171.91488420815,9063.66166716033
7788.54998189513,7444.50728544997
1332.72766776185,8616.38544063065
7570.01239464414,7496.80503548295
1106.16475221345,3663.04233055134
673.743387805266,3533.77555090801
1102.42533715894,3574.51280013794
7842.56432484833,8307.12849073964
1947.74769674133,8631.43726342293
1690.74748428993,3795.02673527802
1984.2531195342,3790.33463462018
7253.59872927667,8084.19932843138
2837.06244108815,9073.77158354085
6665.07352598991,7369.0764927448
914.975683842852,3470.32577280781
1784.59566773308,3503.88925753526
6164.97182371839,7191.80625391164
1198.61718871943,6739.56683017355
3334.47498399998,9162.6987397591
7321.56055261676,7584.08481605854
1400.73272053923,9152.09992138641
1648.48459333819,3555.32222694816
1723.77007171442,8159.21218333098
646.817258619174,9036.10089067167
8204.96745347414,8311.69850755692
1627.40981492638,8576.23400716549
8280.55069838472,7878.13817762
1206.41159088014,3509.43567252259
7538.37276102316,7332.92731828929
1138.32121221747,3666.9279068639
1184.88489759672,8861.74145528431
1196.12403623996,3527.47496065803
1210.73586211326,3720.99228117968
5960.23941321375,7673.0359410966
1391.43614751771,3619.47126593479
1211.56227412589,3416.35914746099
2184.96745648898,9017.68585436078
7781.23358430576,8025.84534694572
1805.04447381255,8957.64053734852
1062.21431696254,3575.56805083248
2018.61010923281,6491.7677627182
1584.66535934375,9298.14707555582
1152.02668317573,9299.3885729335
759.721372708501,8759.1189062441
741.368314487029,3264.71674098341
1584.7164648027,3281.48436637528
1239.66307690392,4021.50740627291
2040.85216735831,9086.23652754059
7897.12657804676,7817.85873540193
7874.97877610052,8321.03978059409
8054.10498962416,8182.60575644017
8169.77798293231,5480.75956374526
7385.12328646532,7813.19589516755
8116.22647261684,7881.75517660272
1632.12754263425,8801.36215680664
1402.64621853874,9074.77862902839
7085.58946925341,6845.98308358405
1704.75014531751,9317.43140801193
4870.03041321131,9093.27575528383
775.690391360211,3552.87152303794
786.142203013387,3279.36822699237
7170.27631853308,7708.63880490075
1891.73537124737,8393.41334653993
1319.73012353321,3416.07667208666
1706.64464005715,8764.17023145116
1281.22409557685,3393.46353951419
1598.34586046653,9028.41152755263
2131.30238008049,8871.01675803038
7975.73419786836,7480.28318243533
1582.293851823,7860.23451613151
5238.57508194344,7505.74673410526
8254.20862816087,5184.41568079225
2633.94013787433,9176.66833066192
7661.8412512079,7613.87441232153
1117.98508550629,8735.90609539715
6850.35040858257,8439.37207247227
1804.73464930487,3859.54065128308
1472.41820804318,3388.6475648449
2028.31503493977,8934.6491991464
1601.02555831325,8917.41538448184
1121.21986092183,3722.44764531862
1550.64049157308,9015.17191842196
1818.92710076967,9253.7111991122
7975.33885825629,8171.8560644775
1329.14195702871,8871.58399715794
7050.7488039721,9031.94231108611
8162.27236792511,7431.82332623465
1235.88785928781,9117.01076064745
1180.08696404114,9165.80697345086
1980.01391013251,8453.17357890806
1550.65193819386,3548.69514266648
8049.83833176108,8158.48085277341
1091.38974391157,3292.59167251158
1871.28958339723,3673.55845967069
1853.31398615953,3575.92712691958
1107.88488039921,3307.89549154649
6619.45849008118,7724.19789065767
723.882977155502,3296.92062360876
7860.57887735293,8074.06765626266
1292.67127289782,9155.10821531536
6722.35356850692,8432.88269896339
7186.01091341895,7863.76827766874
1285.4903439464,8767.30544263824
7094.33348331159,7198.77275684946
1128.9495849305,3449.37589433299
4846.45718611354,7731.08880083981
1275.93450596081,8894.27908970081
9267.50878868072,5562.53056139051
8856.28845362019,7296.89516436919
8996.88180112598,7325.2783565279
1112.4234185422,7917.26038739321
7002.32772963724,6493.59776910514
7412.77189151746,8527.15739153499
954.817169664467,3478.3330021681
1620.44002632988,8573.64661833396
6942.67173560909,7460.71161716917
1145.52782432341,3364.51754882312
6631.33292232111,7060.51757511967
8162.22938639281,7312.56053086007
7382.96656770621,7014.53470276634
8912.87514379175,7076.56022001299
9321.78822330312,7705.20087211937
7107.10946308491,7353.0916947895
1461.6583600426,4640.74057007279
1065.94653317329,4075.81237009504
2785.86183674402,8353.40149803064
4080.83180784456,5933.12317998808
1720.71677753429,6667.81501075801
1348.72593712788,3684.86721961576
7020.06368691267,7642.76178657864
2263.88990671857,8438.56168995844
1225.27855395922,9167.76408122642
766.733613616391,3041.58492046024
7431.71276565668,8059.3283970356
7095.25297600153,7325.62989689899
1626.06284089966,3717.83690575476
2985.4656085737,3685.51885411998
1794.06917926966,3378.49141113851
1330.98398270229,8817.09099095725
8575.29986190949,7232.61390725226
1864.66285237947,7503.23086332141
7388.6918264344,7489.42456392422
8227.28472084913,6882.66114974642
8530.97630964546,7730.1003399633
1160.48777650859,9103.93532785941
7412.90846719434,7681.66775129456
1602.64516145825,9123.23224376511
4756.57061117074,7269.67900778186
1072.95046514316,3227.9289255486
7474.27810319149,8037.20267468112
1665.65381624233,9371.23478497468
7141.02740420406,7713.22053345071
1765.54408964615,3772.21259570218
1494.59731652006,3649.64347167747
7438.52669404668,7396.25272732249
8193.07667060221,7658.11518753845
7253.00421234906,7475.6711557645
972.447635144768,8958.47116849969
578.693515026321,3220.64989638071
994.925552677963,3324.60149223994
1821.39471417774,6806.83017862021
2464.02275048412,3753.78342869766
7306.10464740402,8371.63888991427
1803.66393656672,8133.55476462809
1539.18071145209,3789.1633609937
6757.68282504883,7656.5155179068
1339.95057553505,8825.72263684278
1415.64469558373,8732.70310653089
1456.95936436451,3702.01761063485
7757.86742706868,7005.41255021979
1051.95267776452,3435.73752198946
1065.56408647877,3365.36065723807
1039.3807259696,3342.36602879621
1632.01057200323,8699.02545862611
7441.50955075294,6869.27467690475
2329.12399166231,8992.89285979439
1323.03823074866,8935.96075157409
7630.00129633279,7249.09308797803
1775.49194078763,8139.15773944402
2095.46870948514,9155.30702722112
1892.76033573484,9030.91854464547
7438.58713563957,7632.97929427791
7239.2485696054,7858.06754805746
1344.42430349064,3547.0748354934
2367.69113293568,8126.45653730022
6472.64414020848,7050.25693147528
1557.52543166134,3838.18891908409
2084.55202120823,8638.77742838553
7663.13552335727,7704.77117098371
1799.03648935831,9146.82714739492
1686.53479281813,9653.75214037873
1227.02463546067,8788.05884112357
985.655484240411,9104.74784067143
1629.30478644874,3721.32836416772
7213.38911174528,8062.64363210943
6570.41785511256,6399.48002595665
1639.74754048713,4100.57333244067
870.108347017606,7682.61349800117
1310.1597034027,8623.83685396589
1187.29285100015,3501.27042293532
6666.15306450192,7447.92791518463
1304.97863011232,3575.43422170909
7767.45698120311,8274.21604738414
8094.87786081606,7601.42903397226
1279.98048452728,3366.35709308578
7134.22182751374,7732.52712957255
8816.93772955076,7605.95251866221
1631.60568303812,8975.93835308369
2050.15466392802,3283.39356718411
1199.1133821701,3546.80460661862
1788.9175998433,7677.69490887967
1183.65266138088,3631.49760594077
2008.31802478215,9183.38633401288
1013.35141789305,3368.17076196776
6988.43403681019,7759.40962554076
8709.96063495037,7310.05983607736
1446.91994300995,3949.83126929709
1056.5803926283,3129.78070986071
1608.04423103261,3615.96237673909
2620.31273669382,3777.05694897933
914.845661842592,2977.09550173624
1625.40124806868,3558.9516717107
545.754973348731,2091.93935947729
1645.76398664861,3853.81901444179
7378.74377590977,7414.67165682345
8609.78386563054,7054.70822412964
7250.65132798219,7683.0659024418
8200.07397538641,7858.35077689936
1253.92492674832,9120.41494401081
7003.33072837685,6630.28730520077
667.43924818056,3244.05569275737
1027.98501462926,9047.13358509208
1422.25767212329,9090.70345259356
7477.63883117589,8100.66616457105
2315.55202063651,7990.13984125348
1706.97012707172,3386.36986502018
1854.38050843458,9254.09565047346
1286.19242099944,9196.42938597354
1017.2822760509,8019.16441526102
7432.73091642714,7509.0551425741
2196.5860025799,8270.75312605273
7173.46592690564,7329.15545849405
610.349587769169,2992.35869575607
860.479091477202,3270.79874931281
1236.84792337833,8948.77097486579
1368.17780328234,9254.12134351856
7504.09164956997,8170.76226399943
8097.99706618859,7387.6197053459
1426.14552051075,3743.66745561398
5982.29911846938,7478.51718574247
2156.55524026394,9247.95082012474
7940.07785927666,8691.03926071213
1376.83072182369,9066.39596283644
6459.56474905767,7269.27555614953
8451.37234061915,7967.03415963756
8117.83236593403,8271.93504879641
1000.74219671076,8639.5012934596
2245.58804986145,9223.74769484661
7294.45021425734,6565.75368423217
933.486242898193,3451.09038577925
910.884860703905,3597.78912547666
7392.23344586949,7353.41106975053
1112.80183378551,4179.69130193706
6742.75851641365,7437.07197855483
7631.20218148919,7761.03031219683
7573.66051072307,7706.92041356199
1346.67582981004,8967.30866754837
1015.96341331293,3247.33752970847
1723.09752876736,9145.87515566745
2559.37851462034,9170.2619633103
1731.39047617489,9114.65944129153
1976.06128144859,9206.61225651379
7519.07296464488,7273.16375392461
398.336406768218,3109.8683372029
7517.63117354817,7890.88314744546
1961.22740560613,8623.45054050038
1238.11277852044,3535.34103203734
6819.27051125226,9488.52279467815
1378.26092671686,3557.10773689191
1540.02502307476,9462.32968818172
1906.52531133716,8776.69966450593
6622.64442351823,5333.04124655098
1445.72581406382,8974.88340618779
4806.3378440939,3505.26231370084
793.730619157545,8680.57856994191
503.187165941607,9376.9365116059
1278.1244943486,9017.48673813732
7573.75577580604,8709.7940418684
772.780925982213,3653.55929731916
1707.26339204118,8561.12154871113
8474.71568586036,5817.2464293196
7245.60049904276,6514.09929972084
1421.35237360805,8941.4885536547
1686.67615589335,3710.79384494924
1899.09182174861,8495.73008545495
1319.67353870115,3040.52805052208
996.944267775567,3638.25484666403
2050.89891618729,9331.61682175327
9111.18451365963,7684.00306442157
654.819846905081,3213.83150836069
6662.4382660169,7317.6824213498
7580.65484189795,7349.8850819666
9024.23918997091,7484.88538009348
1532.47710009511,9164.33977080431
1400.93688481698,8107.00995804814
7342.23697955519,6914.52704003611
6527.81389708792,7927.03961126111
1664.21079580888,5867.16701225758
7162.52336116757,5869.08115829074
1724.16480304258,4537.19608403211
773.657777031323,3313.30999746371
7843.24695519348,7876.3445442368
1076.35025776026,2518.56599045802
1151.79977267721,9157.3427289937
7342.80121866565,6879.21442343289
1321.686845936,3922.34812077636
7122.61611731825,8068.04015634817
1117.0842323289,3391.29088466413
7704.49496907247,7445.24858380893
1538.96711212482,9151.50001982598
1533.18820229352,3631.29859918175
5862.06673852057,7031.83798489239
1795.44929185325,8173.16786149795
1686.06525299347,9191.30567751739
8171.30436038313,7695.63075781395
1515.8799156998,9077.22363916443
1183.35912971752,8907.11388055685
7553.5111212026,7807.57475799245
1300.07169104913,3383.40351357173
7338.63815895883,7460.42734393735
7745.51852495484,7302.59330484439
7723.02682053613,8103.76557558857
7880.27610047483,7662.90840924202
1929.24717073052,4158.72263028149
6914.01417835339,7426.58749899434
1289.79503915467,3657.97454002246
7336.48554004234,8360.26032004725
7166.73403054812,5409.10032752705
8263.67972940895,7615.80354569543
7488.29281772885,7786.55949178562
7022.42823302229,7371.2018623093
884.084281553011,3567.87310046228
7559.45764615063,7743.28348477733
8147.45608824821,7215.39736972927
1330.58236162217,9273.27061111808
8897.7028382894,6271.98574044284
940.5869114669,3402.69877860329
7320.95540338026,7672.47929805973
926.46251339823,8170.96245567401
1080.2332385078,3256.26500062819
8625.62193298616,6820.76951551224
5140.56539842291,6773.16728647773
1713.50491999111,3509.68363806821
7774.28030068929,7553.7656580461
1030.64911086254,9137.6952234682
1548.81207196856,8775.03090393692
7395.99507010396,7279.54520229468
1460.80858837033,3609.15115427883
1195.39858284794,3575.84113687316
4271.16150071054,6568.55192651229
7607.42865096634,8033.03983571622
1064.70228578225,9117.77397344796
7074.75609653192,7289.75587346687
2219.06143769946,8911.45097380463
8164.39408440554,7294.49453000645
7982.12267558733,7238.33196200496
868.786540908383,3423.4436325036
1355.61479326844,3646.43375470658
1165.0370252909,9020.47398176288
1117.19260699772,3202.76011644787
6178.60299744159,6729.96370667966
989.63241150275,3560.68379582086
1725.3146903701,8625.90684414168
6931.02796394587,6519.40675398642
1299.2166803573,3800.28931076736
8139.67906015802,6385.31890979447
1747.00733904718,9441.97641086104
725.628597416283,8840.81542106926
7577.24719436196,7048.44308686158
9081.78325845293,7624.23394901718
7480.03736381782,6383.35704410473
1060.06325297134,3354.12567226559
1294.03597643853,3648.31971700259
7649.38338464304,6921.93693743856
1434.79400867356,3566.59148020831
1459.1999611328,9177.42310809617
955.830935622159,8778.50580125517
7085.509542815,7461.14950390193
8128.4389534731,6706.58665365807
1793.95985056553,7791.43767893649
3249.9378862553,7101.54077674286
7859.21203698253,6119.71852737217
1820.89063263244,8669.93304432789
7725.68491053672,6131.4326582515
7172.29619876326,7966.62658227921
1464.26633737395,3144.28161374157
750.702060275893,3392.32561516692
1384.34696040902,9302.34740603648
6899.00556199297,6979.02839157608
1497.86836870041,3736.23585519318
1514.18389453486,3395.31613801557
6920.63172719999,8629.29402865838
8508.3809480284,7864.74147850936
6133.93960684595,7577.50948997259
1331.94096165588,3481.2687076436
1311.87711914138,3557.59064151763
7419.99952215063,8122.44775396773
1369.59129779566,8946.46577531118
1569.22006753592,3653.88963775492
1328.31393205772,3625.89168412062
1018.76458264475,8777.84940210584
1377.6271719763,3143.54386139027
9117.39595796415,6363.38326921264
1592.17101355748,8905.97505993507
8587.27877690688,7338.43274301736
7777.35485255289,7655.12992581947
1063.73888266168,3447.36299399288
1116.19912192577,3443.35490994397
7966.16237230165,7046.78736771864
7722.72448687705,7398.54190589071
1614.11711386856,9311.85054779461
1379.83981962553,8936.28076224722
6932.99314909032,6988.05419260007
6549.59870145083,7832.48837825088
1203.33448992104,8525.46412465736
7964.70788178137,7910.27110116532
8322.18190446366,5677.42247583946
1351.64972963256,3273.44147158627
962.988999543886,3713.11777398176
2011.34746415674,3602.20041875959
7777.26831282629,7789.42728627009
1001.00277902726,8482.23535601255
1526.19141654139,8768.60134167166
1760.78954617173,4113.87587897336
7466.46099952216,7859.31161072334
8145.27655882916,7280.67406961568
659.242529469466,3269.14808154952
7818.32029100321,7612.23512497021
1260.01318078731,3142.36319810009
7995.8271014204,7743.22086399631
779.928281821494,2920.07286088256
7987.46650969326,7236.66913985899
7246.35170431539,8154.22099189354
773.121073130814,3293.11630854632
1160.33917201303,3421.12489335424
3076.86670734362,4654.78472741181
1202.18213519618,3612.35991906866
1851.45903549014,8601.57238278934
1337.07828749154,3423.286208198
1721.02118262426,8173.11219909222
7184.15271057952,6047.21567304484
7873.64685895797,5193.40261995105
3312.1082171715,8820.69197531686
1517.86192744845,9329.39995994498
1990.81876792388,3325.34318167802
4513.15167663586,8989.56878132942
1647.5707547125,8122.26981935369
7229.33632876664,8358.51483505852
1245.77738684752,3821.58176007764
7944.21858649043,7808.37363119309
1473.22685413957,3185.63759337994
7509.2315662354,7283.39685633688
1085.05904308322,3338.38316131669
3029.01940167747,8797.43242043662
7624.34144693109,7604.57195138887
1615.28065115029,9269.74585110033
8021.71455569209,7319.0087430646
7876.74634570894,7490.9016574937
1189.5539940003,3163.04689814073
4485.8106535467,7245.44438649746
7730.68213843809,7646.47978369623
2103.58561714915,3318.98048837883
6812.93600787891,7607.31440679807
1270.65600472262,9053.64030066598
1536.04404664775,3494.98359836396
1857.71938867611,3997.53644625111
7528.7187846559,5997.57179507097
7150.47788232025,7739.37394882142
7569.71541966895,8128.67729209193
1248.08840089208,3639.33450845314
1249.43501509169,3707.3713304112
1000.4637717027,3277.95204635393
6898.01957154536,7903.19300764309
1338.88753360321,9071.74473900068
1612.13585359624,3777.56859515642
1601.52705831424,8737.40539691099
1847.78914708185,8540.58235052952
1231.22313536417,8413.20611390177
1286.24618367001,9075.88594355833
1519.02042345684,4402.99268589475
1647.87345674782,9203.76157235454
1376.14706371469,9047.68027500679
6640.80426730158,6966.83164520346
1063.24609677421,3362.16514402451
1293.3854352128,8764.04791814486
2018.42490502924,9095.33854638698
8294.54545820479,6972.09761007943
822.961791786483,8316.71003487091
7694.68972455855,7379.37037390327
1302.86589835461,9055.82079167358
747.290694680174,8831.05229491512
8144.48407089457,7885.50829219284
7455.90206325216,7856.86043852854
7683.51316275779,7414.57239047039
2813.93307922417,8924.68961239775
1259.00359002189,3316.63973636672
7893.36158936828,8141.71316099785
7863.89749722031,7854.37196338569
1470.60976919741,8602.70366647458
693.96976604865,3007.91550396349
647.85856414258,8829.61646834053
7103.46488749984,7822.30944678974
1841.38214773791,9137.36153865686
7497.08839868286,6732.55775782201
1454.05206244663,9111.3749287754
2129.7788777227,8860.66918460046
7033.72554193197,4044.17785347081
7168.94867248202,8143.90144710737
7011.81077783358,6276.93394478734
1337.46785539217,3408.58932216252
1313.35109379105,3476.97420177388
3561.28043904605,1805.47456361759
1457.32734755426,3635.73615582112
963.600725564524,3558.28020488455
7507.92953259482,7465.91788727749
7636.17811466793,7558.81157128535
1627.29780302526,8791.39545107151
7656.55064313845,8083.48065384664
7612.81052271343,8193.04001216731
1892.82007212278,8555.79757913591
8118.40629045066,5817.59856939747
7430.42562579128,8141.03190112183
1289.85233782151,8803.1457236706
2575.84705926215,9518.89625794121
8827.15623950585,7445.38947391861
3241.06428400273,9037.98155156746
1974.9768027337,8745.49343442952
7547.94417134338,7417.76989248937
1412.8423316221,3616.76753799933
1059.85284174761,3875.58277039563
986.890992545567,3336.98894114763
784.248153684698,3239.96582190952
7630.03633591225,6917.8744654216
1061.21511614871,3776.41047011875
919.414341671864,3307.85246660865
7314.81990717466,7762.21851253979
6813.48690750708,7724.52016686402
1516.84785551621,3762.83461254628
1401.15062009936,9243.84889048951
1463.80244961908,8760.48436878338
1113.04921908076,8997.57911834846
1377.93047978456,8947.17756904941
7812.33574708335,8196.15749148677
1629.29902513477,9224.47122596036
7540.48325766267,7273.98946422985
1636.01815919202,3667.07386007175
1924.59317072448,9225.14772919943
1493.82041273839,9114.32099832011
7615.75490070981,6044.99535893857
2091.0898258903,8845.60528752676
7382.87827915125,7856.86425524374
740.402289828828,3202.74017693461
6993.3984418602,5589.4277356993
1233.23202780772,3678.13652536147
1879.93942709695,8614.26179842873
9169.52277127643,7242.27512649781
1623.44179944022,9024.25363249128
7016.90410434428,7101.86172278898
7778.07524196468,8873.30984318381
7377.1009487516,6930.60325071521
1118.10564319113,8997.46858176681
1396.72670452885,3537.05711985018
9221.71234347101,7283.59707240034
1602.05602421083,8909.72296160886
6318.58204771772,7688.27819585963
4461.87070228379,9071.18678556292
8336.11994266716,6362.47240092846
781.242600969128,3097.80138985486
2337.3930789805,7988.20959189706
1154.11247817094,3541.99611376498
7164.83723349467,6692.58448218984
6942.77177248882,7516.98503434259
1392.95949850048,7780.67163073629
1424.82400828831,3592.76634459261
8855.39970456926,7168.09705133376
7969.28449575062,8113.12401556351
797.959068668313,3250.95150393357
2287.6975365478,9642.09225907777
1885.85140319643,9097.13939720836
1146.8489493617,4038.65067837795
7500.25292819782,7287.18399102011
6622.61589863091,6321.08769910192
8078.18224978555,7817.28691834735
1004.19801872951,8940.72915783944
1463.2523039064,8173.32485951089
7076.19366484664,7286.8528569205
8537.87028621069,7426.97595113963
8724.34647055312,6628.96231839489
1468.25867086464,3533.12854571561
1361.86671258211,9270.12348903602
1401.57918593791,8383.78340615232
6817.59705446352,7915.82578538845
6682.43648168174,8314.13333279089
2283.08393664405,4067.62124453142
7611.29429175058,7544.35038137839
988.853997967644,3164.22094315364
6851.91488484357,7234.76765736998
988.381024256626,2989.735230766
909.017169023411,3367.08689417824
1628.50658855657,8065.69638789983
731.626041766998,9284.83002732617
1758.00923512107,3672.26312887696
8005.53699997738,7889.567090462
6137.48487372194,7513.13695720107
6888.70471139382,7349.91366129102
7648.55223740645,8414.50281058625
1356.51012046116,8958.61141943026
5165.38937055623,5543.78914776277
8600.30177892785,7316.1553167824
7026.29688812837,6051.17702973585
7713.65714291472,7328.00983109257
6303.05711721443,7110.96632098352
1102.8468184446,3484.680142633
874.175717895041,3108.35887016084
4126.48325525368,3423.19007383856
770.757670229634,3125.32489442589
8284.2513393845,6729.53814194016
1365.68735316611,9247.54799893655
1466.63076773907,3756.62170081051
7124.4637840453,8375.65612921736
1867.05796035731,9245.39756126312
2075.69197373758,8886.23059465298
1261.46888643869,9037.11886400405
1512.27646357141,9023.73307035025
1939.93494559605,4021.45280080831
1903.60183431643,8469.45080169648
1220.22044837295,9004.78207040531
713.479746580349,2967.63747719981
7193.77883320075,7288.12448404224
1724.48853935225,3742.46302679007
2169.18566945236,8902.15984260152
1238.91716671296,3549.65779131999
1109.54807011114,3179.40015983213
9228.27385484219,7000.57936860336
7507.61775649263,7509.56187561785
1144.93566723361,3259.33251951083
8460.20109407879,8046.19850754724
1277.77184121631,9167.17880654504
1726.75029824489,9030.33235668312
847.970031430841,3330.32832469153
7159.19565461435,7803.33046364302
6334.73244650814,7140.7227721521
9296.59488051968,6653.75088252925
1072.85708148654,3644.38583209762
7308.74381327319,8266.90783273381
1696.50255480039,8564.02653110829
1095.16933608037,3143.30515400272
1229.24046437785,9146.21053051239
691.09487464701,3137.26536642918
7485.27008600837,7759.70993937629
1582.36669077606,8693.01499236325
8640.011727493,6059.49875095133
7363.22817375127,7114.68184149578
1795.11321997093,4056.44221914506
6775.80847184963,7407.54615083646
8312.45914444407,7710.10373529465
1432.63029410438,3741.77651491065
1497.22194146793,3700.15757567268
2005.27861372861,9238.2961876918
7078.70048590926,7163.79024177003
7642.65174113483,6506.74202202845
2448.13897684103,8824.77568163226
6587.38251802195,4367.47320341089
1410.57077831874,3632.17206792584
8125.57598639838,8105.41059225721
1581.49283596059,8984.3577165326
6731.92931191774,7830.32342916027
1602.12583468028,3659.86588811489
773.004737664231,2941.30452621746
1502.17973385686,8824.15692747516
6990.98646180845,6920.54035640098
2029.73772871747,5222.11795561061
1822.00498634916,9350.25711792163
1502.22559373406,8451.12270029183
7144.11765430926,7779.51150423023
6517.65482971314,5746.28976083151
8153.7835411422,6358.21967209861
1254.71875853736,3604.9188207943
7002.73702354993,7793.0317228749
1705.08473836642,3596.02951577529
2884.44043549718,8243.1863204766
1337.54624566724,9255.96161688056
6533.50293027444,8340.04960487154
7696.786808649,8058.23248063308
1423.9604459169,4103.46255402253
890.317310111126,9046.67203037364
1347.26865978041,9056.67346375837
1699.12616715467,3994.67298762601
701.797231318206,9153.68892276022
2290.99062476316,9087.0415497089
8463.2749215812,7804.78024985595
9228.55623605866,7651.46854612715
610.180007512434,9120.33174877746
1571.82209183856,4005.25679693786
5313.51656076605,5670.94709744664
1776.46007205578,8414.33156062333
7001.47544641306,7606.34073567592
8140.02647375392,7764.79003321335
1292.07609742348,3519.97151603073
900.515539128742,8985.51901809523
2131.23768641608,9091.78512200465
884.823236528359,8904.48370654728
1376.18785651528,3681.91919193894
1061.37045195263,3562.53672055406
8365.23656237642,7749.09168226299
1505.89964471636,3646.52113009215
7196.68178065384,7564.93162173308
1325.88663540456,8753.82422284711
666.029607891835,3508.85894706487
873.121125507764,3284.01647956974
8528.84605920354,7787.87408497156
7968.58193118715,8026.55528125374
5853.7888911108,7907.60058320263
6910.92112535241,7632.82790487076
1487.6080082875,8445.22846026213
829.187879687469,3189.30592021271
1703.24420959753,9020.44350121553
4543.16360711632,3580.97811140611
966.500696208072,8782.21923183803
1010.6668881222,3196.74366879779
7346.1525803825,7631.57704970386
393.212454617389,2945.44973629169
3785.63604190468,4797.27049608602
7879.68544632387,7831.48804859348
2307.79917812242,9379.27614028598
883.406534422826,9239.94732284666
1000.78293359765,3372.69481128002
1129.17173655534,3229.50898136773
7077.59783093891,7029.13279067003
7962.98408091953,7852.78145596783
8808.08232404134,7434.70380782035
1667.60234368362,4332.70577440575
4818.89093378842,7037.24434613106
1681.78419959404,3297.31646861304
1167.7340952907,8163.3727389584
1105.20068217351,3504.78403280813
1510.0266854733,3488.1168727102
1378.51608904438,3575.06112872216
6540.61123754466,7974.47912709878
8858.40346243215,6188.58736050182
799.847301118897,8752.4507928179
7658.56890277625,6179.39214394418
916.600060591649,3372.20216558822
1518.16908170481,3767.93880702705
7075.83650873449,7252.50906150028
1857.5926257564,8329.73100767856
7608.67202591172,7432.24845154722
1492.94647763904,8677.30218293471
2056.71168021706,7443.116053036
6766.47463466774,7110.15379414341
8154.4908328004,7420.14409180302
2017.70778703395,8945.74207002463
1422.35238302101,3646.34304094149
6663.74620410567,7652.71857059424
1545.1072594539,9053.58305147348
9443.12054199043,7902.09502744908
7941.47502134814,7934.19648958347
3138.10204696597,6917.38608291491
8698.32807168843,7155.71592895164
4285.16337832381,4046.00758719013
1239.23034841188,7321.76513961995
8070.87588336061,7541.50807908281
7039.79718099432,7773.8367513635
1153.14340747844,3532.79839682578
7875.07264164981,7597.72634572705
1712.36043322878,5201.85887177157
8316.95555590459,8127.26560974005
2024.8927115443,9247.85521090308
7208.04733974794,7011.7961265917
2319.81850503896,3819.77547826012
774.880808608891,8937.34240007724
1803.24711946905,9199.67063339899
6982.31850598531,6750.3392368986
8195.51691966608,8403.04634056332
1898.37645225583,9018.59519719999
1116.27100246585,3425.86481549075
8944.27317194335,6892.4355279336
1775.14658809078,3791.05444412744
1633.60723844005,3514.30236364929
1369.34676300307,8905.38548010294
8913.00415553069,7321.68645359588
1423.18665880231,3137.43547500368
915.617670533324,3313.26520096139
7051.53299853984,6831.19697556373
1177.06854476829,3512.06015392171
1210.0994947012,3562.27118994233
1583.51534758371,3447.61526446198
7481.38589630067,7856.79005650649
1370.20738581891,9193.16664328799
1527.25408558574,8895.69821581261
2064.70158970445,3709.91016575007
836.250724415049,8631.32177912905
6520.05741921694,8239.90477784554
462.70047823796,3238.49625275538
1164.38590397906,8531.48753557712
1872.00222553909,3794.69056534858
1529.03249040566,8041.3765473077
1623.3918595461,3830.38209640358
1181.98389432714,3389.74979800794
7854.3000366668,8105.44236492166
2001.50049440366,5607.12232761596
7522.33449302326,7456.21035242435
915.926847311707,3201.99218433158
1301.85568673517,3764.75029820186
969.549122895759,3423.32060185011
8136.131483984,6711.54938069508
1472.91278586744,3667.90960701767
7558.4137211415,8027.56524175112
7664.42419955868,8383.28733145299
8242.94540500401,7007.66188469711
1713.80600865392,3879.20693374013
1372.44073065153,3809.03374659355
7634.13745562132,7204.42493503153
7713.74621609527,7623.05637812411
854.915313295898,3218.74249852704
1329.08377253145,8966.63138196181
7185.12812028379,7350.45415244855
6162.13920216242,7774.04255945004
844.08254058498,3370.68650788408
1573.4378232513,8281.66124341716
1274.99316753836,3715.53220594837
1441.12035938449,9075.91500798954
1388.56662026794,4413.34481296106
999.260098173506,3341.53768925164
1734.99367489519,8427.58417327718
1556.82173467801,3651.22934263412
1417.36445648313,9197.66483221042
2130.67487389476,3955.03161926674
2307.88050630462,8335.40095083991
1323.80637381367,9009.42064913637
7829.47851113475,7810.24979801346
7638.26967445738,6576.15215843666
7999.21362220362,8021.73653437727
7670.38823384903,8027.82855201724
1900.90217600531,8325.94110044616
2048.18158144061,3829.83537388619
1675.69245733771,4002.49365913923
1293.84654721926,8816.88094491675
1550.54096709749,9136.7304862722
1676.71092900635,8360.62522240993
1169.7669834685,8381.67307527673
1582.67449682038,3732.9342110374
7686.74018423559,6185.81113311803
7957.33043961724,7039.38329351293
6678.99711316646,7277.5549953865
1262.31049456759,9269.34643882878
1507.73931849599,3830.32733794946
1867.23673405218,8283.33926275138
1121.37131179876,9012.0579225214
8800.80338653706,7833.17669273404
2557.90340411916,6016.12041120763
1941.63273553934,3908.29370184903
1647.22350791243,4140.80845639625
1476.46053164515,3463.97967681964
7089.03339415061,9240.88827152406
1441.23218917149,9353.38884989606
1044.02102934394,3672.11450084789
7663.25230315213,7854.54956408468
1614.807587864,3834.97266688542
7912.38561695206,7808.10474202713
8013.05858734157,7489.59769207017
1785.46792525334,3650.00675381102
1353.79661104122,3061.92782223629
1868.49103775001,9052.39327338639
7646.48831586898,7924.13738786026
8042.76952154505,7295.71001104888
1411.22331064653,3599.98774418474
1408.79901882316,8868.30241198006
7368.74904504413,7491.21420397829
6648.38043374221,7456.73568235129
1592.1309314379,3712.09062988603
1589.37248300041,8446.75683083002
1106.83472151364,3276.63651281301
1612.7136955619,8131.173129962
6860.47595334426,7932.73543721431
4389.15108758966,3797.15646616803
991.670705346596,3440.80006109946
1237.09600995527,3908.54035986906
8012.22327719002,7339.79098640743
1138.82165324436,4095.29402449717
9079.93868592516,7210.06803849659
7619.43076991414,7701.72485139317
1763.21598343501,8878.44337686785
1236.99406755373,3731.63263036256
2031.12114080179,8825.04291857078
1593.91823290366,4019.48735075124
1377.52251804651,8835.86234095531
8445.04614372786,6993.56747452171
1787.89785233707,3927.90971310917
1657.70621036039,9086.39193147718
1987.8251715743,9473.76291335572
830.021968687264,3144.73840478494
1929.13300601542,9025.519418944
6882.0515394817,7897.34691800779
8165.97925962766,7002.01273673692
6859.8872614808,4252.50733568022
1514.15628925641,3662.83641159005
2100.8366727683,8455.27123948981
1946.97120206944,5934.78822184714
1559.51825230404,3617.59843181764
6449.36396279564,8281.92967966213
7599.29796554233,7119.89234660169
1148.84070702935,3403.20056814964
1689.67224336443,9196.50619891832
1183.6204004358,3430.52224907616
7871.33727331652,7872.26981640033
7671.49875468852,7522.37732943142
1016.46978855621,3415.64816095417
1594.86160801273,7554.70587940486
1729.85160680869,8472.74581523599
7199.88783755662,7986.08650617923
626.51078547765,3300.49119143676
6966.85780329694,8055.44595639756
1644.47283080416,9062.33003644765
7420.04665663513,7647.76895849916
5518.87024479196,8970.30153792286
851.947708569827,8998.60297181385
1656.96799950404,3772.76533804498
7177.18996988123,7241.55571943008
7102.89788760931,7586.95582075231
1855.57893415497,3516.68179234326
1916.91668916566,3849.38498287079
1158.92666831307,9204.31407765127
7767.38993093625,8328.12801774286
7129.44824107619,6824.93759099908
7362.78279564823,8506.3482772698
7380.29424295859,7791.83322944137
8501.67581440978,7206.91293284196
1685.86793373008,7951.42311202906
7225.06911944162,7185.95196438607
1571.55592571876,4088.94324077903
3706.18811228899,3282.55512663055
1787.13153355541,9050.71135015251
7989.6451651364,8073.40912361296
1967.33431216931,6234.92352191476
1694.2545466856,8451.47295797093
952.494440673393,3362.69713430231
2446.64861229923,3574.17342093951
8128.64950145669,8127.54476866631
2375.93388673953,9070.53288306471
1210.5808408384,8968.84029093765
1172.128985259,3527.32717290399
1644.98038437703,4106.34939886218
1202.67961562767,9087.49529444636
8486.44950279803,7380.22600358661
1805.75797977265,8556.26928194644
1449.54592747716,3902.66620091743
1183.98967176779,3083.82902231044
1389.5499551997,9100.09092391805
1506.81800420736,9118.65948425355
1652.48515358757,4266.73888059779
7843.39122215816,7165.3978537256
1654.81860108921,9124.76469556009
7323.09059275346,7204.10645949283
1692.45585310646,5194.56369243891
1591.45643861337,3544.94091246646
1607.14671297262,9261.2215755795
7537.19890646337,7270.80912476338
895.73247698553,3210.94931955055
7715.44410955125,6432.85762614968
6804.34005476006,7234.24207678798
1615.83415849262,9286.99159915117
8596.82543158396,6752.56243581299
1446.06422682795,8448.78442882438
599.279769701182,3099.60379305464
1541.40554354875,3765.95568468769
1641.71737575343,3767.49039241507
2333.42851721399,3592.25864666782
896.50868585085,3472.86448631507
8062.25134147066,7262.66537310715
7219.08562030714,7534.64466848267
1720.58653157843,8155.86842246738
1811.91110337149,9242.52309926494
7788.04361232715,7734.27871807066
1983.3434492319,9218.38097328415
2062.62532782353,4047.69806289646
1566.281219344,4571.89827998369
1276.98555776626,9119.334803741
1168.28017345082,3539.37708991348
1428.50357612462,4227.83862894771
7228.75791160296,8260.14823082172
1399.19848387677,8884.39774810932
8206.07670493287,6820.11068560698
6893.863093713,6484.9115629881
8604.30028138562,7598.08272569957
1661.18364809016,8954.76865463526
1480.06986079062,8726.07767372117
1223.69029962343,3400.95716642745
7780.4521586341,7223.54467301686
1670.59572433939,8768.69783200047
6093.9484817968,8089.35403317578
1014.26500706923,9105.5626816575
2010.71804012826,9073.72265615011
7691.98575204961,5725.33026247914
855.434058463362,8241.72713265334
1801.269718233,3537.26495026413
7810.75441838681,7156.67715323883
1195.96843727199,8935.89599168686
7418.23262145487,8055.30142874518
2208.28845041693,4131.12895783409
1344.33059111181,3520.60073440195
1557.8508981244,8867.89491646709
7592.24544069556,6716.9739110639
1657.61921271056,9188.88263067921
2091.85977612266,9215.81878379198
2248.24197558773,7483.86778096826
1306.60101365358,3691.96214059376
6931.64451905687,7508.33684085117
1513.39728879117,3587.24337701267
927.17882599073,3245.61340430997
1742.58630063563,9205.23329067855
1507.53103927831,3719.813695191
8007.63333937079,7338.55924311393
7636.29318074622,8239.36358448205
1263.29314787339,3741.11353032322
1289.64928021941,3710.06714381198
6149.03658287812,9049.10399541899
1025.59370281375,9046.02778064094
1012.24844660513,3262.53378262423
3560.79037752098,3092.89957984978
1550.9848663512,3537.88681219702
2113.61993722045,8249.99313146264
7167.77282782809,6841.7833889295
1089.34125973041,3753.35399767893
1510.84298241948,9113.18065481158
1220.22322139032,8126.90024211988
1046.59523078616,3814.51055603076
8106.12717158427,9010.94486632524
8272.03132699047,6897.33622931354
6632.83900594806,7874.23157426045
7142.79070001345,8116.4009848249
1795.70225897135,8882.48413572219
7390.64884826273,7738.08030273913
6274.03519871311,7704.01321312861
1445.61676026033,7254.23547049494
1385.94550857754,3479.5580604641
7953.55189678395,7176.97558328939
1620.74380593683,8952.24493269755
7872.48696166347,7661.75004827249
6009.15194562195,7054.83640896136
1216.93799949789,3508.76203723742
8616.33224361521,7279.3804554495
4542.53173000193,9170.22016995937
1158.06918706608,8573.55899795097
8165.30494276006,8375.31545559192
986.421402429567,8954.74836092971
1856.45021216416,3763.69282028449
1871.24269527088,8701.87171334041
8099.41958899582,7827.55151240226
1369.29599274484,9069.90801307077
821.350586437153,3091.279715314
2227.28610444158,9114.56048854389
1364.08068030798,9023.71078074141
8091.11991202594,7425.89544585867
8036.94375983921,7563.94804340681
1444.34393354999,8677.64371507379
1908.28110202585,8978.39288101519
1047.44974915436,3109.26900674983
2015.06308189813,4682.45170364173
1124.67919233464,3569.73159405363
1332.00277871074,3331.34913645722
1212.6048307174,3915.40635012086
2345.56096204461,8298.10509450623
7804.97013708145,7008.52103510518
1898.41094913477,3635.8271584909
638.116157817715,3097.86780863764
8038.23970977811,7957.59019975748
7061.98052365519,7640.2404676925
8202.10762973869,7873.48737656675
1185.73724625973,8838.42777968054
7583.68317360981,7711.77627829024
1399.10107576765,8871.82635144393
1099.6089911576,3679.4196884428
8625.42553050929,6972.89527264597
5997.82947340479,7703.41984499387
1438.61211134397,7809.25350966315
7738.05148831616,7525.5694493229
7053.01992628692,7484.50829872942
1520.39208964532,9082.51365296607
2233.69357010827,4030.60377687936
2260.11653397865,8768.86654383504
6713.91198444362,7285.13242861398
7149.86970431312,7393.99450130678
1955.95673828543,9103.95155022687
7144.45717877299,7661.4294452901
7825.60348891363,8098.40076637553
1491.51240672454,8967.98417836694
2193.33495841153,7930.14340080375
1385.86853468246,4296.26405633503
1239.74247222682,3238.06660217359
6429.87732186359,7770.20040315913
2867.62641051587,9025.61844563664
1703.95437920476,8755.51759932612
6734.14953794467,7491.7448344607
7763.06824217768,7743.66795182541
6886.14521524599,8294.38651696232
1944.15925200977,8503.01938928621
1960.06213029577,8926.33357142489
7670.91020673164,7101.13863622063
7403.86857299282,7535.61151662829
6755.24567665753,7154.42190049052
1231.71562726043,9087.18711591194
1420.71234279185,3423.97920976066
1959.39918404999,9157.56509831121
1290.61607228439,3802.91597390541
1996.35191333192,9127.76966490937
2175.96668381196,9460.7825403286
1555.91456268843,8682.08466392072
7865.24453433389,7543.36399405033
1329.89638124376,3711.94185821115
2054.2327538562,9256.76804892197
1443.82761139094,8035.03225364118
1697.46149812655,8931.38166204495
682.196463942632,3083.28911585089
3154.15527974088,9160.31787566638
7444.23574132729,7978.78736767177
7967.22809067496,7096.79637975852
2487.76882701462,8464.38118760759
7921.95775925338,8035.31591690939
7160.14782525542,6750.68421520328
7406.20362168002,4752.88803976934
6963.44805431738,7971.0801386274
7517.85763629915,8040.67678807258
7765.89845373385,5562.23188767361
1453.13234591278,3798.15279283635
1898.95349038533,7910.3148605618
7765.59454559465,7356.38321373471
2028.7034265027,9206.13229978499
1388.68844789889,8610.80683002746
1347.23849314347,9328.04431018196
1076.88618943534,9389.45807822459
886.153947201158,3121.62275930242
1217.65703385488,9096.12837239925
1341.04210495203,8884.83953993006
7443.4284769501,7155.15708893282
6987.6042195572,7950.56384056795
1016.87906512526,3121.41459729685
1904.21635431859,8906.70937490317
1833.05340521661,9068.26306441544
7937.00132844489,7528.84137612479
7557.86228293699,7240.14042503834
7638.56668039446,7146.63479860632
1594.30696052517,3891.95334515864
8078.78466284589,6769.5749747626
7582.59796280006,7275.66603277217
1495.54037082365,9036.13964206053
7344.03140709124,8556.7817753601
874.51677207024,2991.75534603161
841.955094514983,3280.59293606993
8389.90153031609,7801.86805206903
5079.68043153383,3485.56457822049
1195.1486578917,3900.88689046726
1378.88775393727,3574.04187193328
1390.58669242438,3519.02562208557
2053.9021273946,3539.94643331664
6741.34457743341,8416.30401723439
8487.16241013943,7667.14665766775
1327.45436795054,9180.5466710403
1379.13466301789,3691.97458002138
6211.66079606524,6772.06243967552
1303.84997836258,9090.10661585905
7131.70672491858,7689.39841353706
2851.08753799134,8228.38486732842
1245.20254420355,3356.59776329498
1275.33352738118,3731.23174196588
915.599589127176,3401.32409254461
1376.25345256888,3548.16422669558
1569.17865863575,8789.885274684
7326.89824058012,6726.19367135025
2266.6433372231,8924.62208766621
7864.57161802721,6849.89743914893
7072.92519298555,7997.4337041417
1329.92238909769,9238.04777591179
2924.87588538366,3645.76165852066
1488.45930690789,9431.11979639486
7526.04006728677,8430.52038105868
6943.23473881555,6867.93482586042
1029.19128039227,9307.32950626625
7149.79687787023,8198.43581612995
6902.36677549905,7022.02420542447
1623.17961562787,9026.21017198832
1236.0703678325,9020.70467004002
7872.13642387289,8107.09267822185
1949.09230595895,3978.15847896603
1759.29532280785,9150.28659746888
1012.53088703732,8742.18866973366
919.144748663833,3340.06793365594
1499.06313588064,3647.50459740041
7316.15518762841,7759.56881075632
1100.83753180331,9424.26885190336
1211.66754844804,3442.20519496163
1187.51327838028,9112.26607108706
1662.45479856756,3371.36213621281
3361.92731186233,8129.23281973555
2007.72976781435,9047.76302179794
7897.99948144024,7732.72773027553
1570.01062424373,3887.61809831122
7354.00427301446,6996.48031267912
8415.60598878091,7592.23494234092
2020.39163649488,8293.63416633063
1306.79753904187,3294.83520608197
1386.29750480576,3629.60971476681
6976.82475146108,7627.46205702496
1819.46714509036,9051.73644569796
7348.60910885194,7074.2334444982
8918.43872100787,7821.89891377085
1095.55902575814,3349.46302012951
7256.63203615635,7587.85845267861
7572.3061981924,7655.52361565572
1176.64118376003,9188.71477993376
748.400808380488,3446.59636695319
2010.95651335592,8889.65022924794
1525.92495066417,3066.87633653355
7673.7102752637,7029.2025633709
1192.13111548085,7958.35377012909
961.944474102044,3367.73645016173
6704.00460666888,4266.09662789841
3540.78498204548,8566.91582505475
7154.23040428904,5535.03110315667
7930.11607306062,7762.98080312967
1993.30369097737,9036.742522232
7874.30125970346,7796.59236965238
6794.20157595048,7667.11201897095
7807.2765950062,7873.44373366605
1043.42303692568,3239.98867990357
8423.09698153503,6086.02534936716
1836.26566759952,9510.26096218268
3399.13234379278,3791.31875274415
1164.86679163472,3555.9121719606
1109.98150159755,3817.96856891571
1992.23859714205,3915.26301072627
7346.69915005969,7726.93039586147
2053.08240381781,8339.38721267434
1052.58563754776,3599.66532302945
1604.83572582849,3748.84927922099
789.462352087011,3376.88247636507
1438.24161251713,8657.73991939504
8806.55411063057,7300.3534726074
6281.36044881181,7781.39196469112
7466.64324057848,7172.19657077778
1446.2717493818,3603.44817730896
915.659857945906,8856.41102659023
1683.75182811363,3532.14367911576
3590.57832640963,9056.08160827176
8384.14276131332,8410.20048724875
7952.44589766675,7053.68340380701
1865.42899439414,8599.58939499795
932.357004188077,3532.4732409632
1160.94040515497,8992.35275213313
1554.52593977542,8222.02167026564
764.689866648341,8174.26081965425
1902.45709835129,9111.68279105996
8224.60324392688,8436.14210050915
1063.69314863219,3056.16051218699
8730.44421835219,7205.49072713562
8823.6996546959,7449.33994991282
7319.46581131977,7164.64153031495
8221.91367857267,7869.59467742527
6646.34275503498,6829.41035777708
1184.66028761565,3715.05857462825
1886.22678286134,8806.20444807357
1907.38290111128,9022.22398042335
8092.45909961344,5905.22767618848
7395.4610507892,6999.56796725106
6613.63152310669,7474.71818024742
1569.02726874218,8019.89439590648
7282.67042332811,8251.16008095304
1203.85279512346,3547.30273008192
7044.35148244095,7515.05610692419
2456.95893635124,3857.39210470297
1487.05611337186,8470.55035629637
2004.44015666212,8400.32143581797
1720.01913036743,3462.07283918293
2439.58602610869,5518.21977717172
1181.31852378747,3310.58776756316
1488.91301700794,3651.03699832622
8456.68075026757,8727.69049647361
1442.42772683752,9087.81426910691
5455.68832693314,9086.14858987177
1383.87253158777,8874.57216521091
1249.80875046815,3400.17019911485
7454.28677558166,6367.02955646989
859.463802485929,3555.30815384732
8675.8397688397,7010.8630934894
8434.93425679539,6669.59956268391
1429.32458866286,9210.81316188436
881.038806694817,2851.03351638115
5436.04742990897,7551.60221883888
7327.24329018134,7626.63653402808
7028.78875044604,8145.99767766013
7023.35515194415,7529.9106072207
830.193135717125,3302.17272793812
1489.54074817293,9149.11537227472
1292.62089877447,3535.55645579713
8521.1567549527,7929.79065424007
7183.96501748535,8160.74449401947
7413.13972513522,8534.71243786107
7930.35538996752,7795.65100523875
1658.23340797437,9012.58308968203
7711.64601187437,7623.28525475307
8311.46368374657,8066.49340114259
1640.9140144232,9204.9009174783
1355.47584744562,3371.24968898638
1758.44931543199,9157.10745938124
920.980022078924,3280.25971698309
915.168627523849,9230.39664609851
1193.54728249194,3562.47458235464
1752.55539780892,9215.81355574539
1206.59192682732,3238.88783955326
879.573824414234,9015.19411762097
977.144537270003,3266.6161508316
1979.92099253414,8040.83881035764
2028.33610761509,8236.33233021113
2074.72957205694,9384.92539805592
7670.33691018935,7625.59143112091
1517.33302730184,8689.18784191608
7596.21965554879,7066.31308671421
2956.28624792312,8261.96284052278
7440.68258296184,7687.73652779328
1624.64496813948,9221.39591449776
7528.46876441276,6585.3375480032
7155.54032737113,7490.8557797345
5398.74379366555,8163.54085293724
783.529694613398,3271.32458158588
1635.6965021799,2758.6566956587
7323.6108085565,6466.85451119247
1248.39155889479,3270.04938487967
761.615306374673,9121.05692407494
1281.17557924538,8940.99969729511
1081.85277128,8405.83762235418
8351.00503565291,6268.23218780931
1400.26202216961,3852.13494151192
7685.93769404432,7909.40330941495
2198.01727170127,7880.70651564077
7089.18309521628,7965.32227893904
1466.87776358353,3650.29377522754
2404.86933242079,9100.36508434314
1476.64600818304,8861.39117917441
7245.20150544488,7740.59917499456
8392.69506256336,7138.41652393242
1239.1094235736,7957.17395039752
1692.63250613425,8927.1460680333
2093.25905745793,3739.37850124048
1355.1777249953,4515.83199945436
1996.56146393229,8953.54886728596
1270.2403494569,3774.09046772948
2445.59131998648,4283.05577249107
1051.11148733796,8994.75540209568
1302.44834172552,3103.65530933548
1384.31542286717,8896.28866070886
1722.6497576048,8513.36997587789
1271.66812558886,3451.21659880859
8643.75984008722,7511.89134247941
8169.70852135713,8709.25386210416
1508.2932167021,9152.34033056131
1514.47483173031,8398.57842577614
1863.39642637044,8292.88309893925
983.587775634233,8663.67638910701
847.403588987973,8754.50720716594
7953.61401812347,7341.84523723349
2331.10757818274,8890.39727560496
7353.49480099508,8115.32556171482
1352.29477194695,9184.1313508997
8145.71106466323,7594.19584419712
8281.36217668926,8318.81745528043
7509.23775843301,6796.93713928698
1495.19255518741,9057.66163707105
8437.18467059588,7418.604222124
2907.30748637085,9215.78375085341
1269.28718866922,3887.77310382587
1066.72703164653,9231.47177584734
783.951260386287,8880.37588875969
7554.71173459196,5353.07351348715
1502.37424942834,3534.37253029992
1475.52963775003,3789.25154625866
1668.61618680544,9086.07306197995
1695.03971731383,8800.54429479783
2084.74633129454,4187.94356825334
1527.70606044442,3921.7301039907
7555.57686238203,7108.09739631514
1897.51770064256,4357.7246607956
870.995744567832,3114.80442753469
7400.74930684523,7648.54614771575
7290.52298762864,7714.47134287091
1217.34144093185,3704.9895199575
1181.23323168112,3376.55137519955
1254.9287693774,8766.7862192803
8596.66126714628,7482.95796007444
1096.07318141484,3857.93517316992
1822.69231462693,9018.91528890598
8340.1711920377,7168.99390101494
989.156079555004,8799.36506619313
817.760413542532,3427.06531372463
7305.60788955127,8015.88940625623
6599.8774919414,8220.22106898049
1225.27853075888,3721.82347914755
8755.28129604223,7306.37282332161
1710.08756346245,9256.18096381162
8851.34799417267,6695.58085852567
2023.86548914193,3752.64854790398
7213.64597260375,8116.93079494012
1493.04664213693,3872.29094658541
7235.63132233381,7682.53795067633
7602.1226369368,8087.33944018576
2250.16678839724,8417.55108922311
7220.53514204933,7411.33393690013
1417.22683089179,9195.62247789153
2921.4765978863,3871.05955889795
7343.13084025725,7227.49800395469
1311.74884115719,9225.01925259443
7647.6949889964,8504.72628139026
1313.56522805654,8949.71871201364
2868.27288685165,4153.20081131652
1365.54039684883,9145.71370285249
1822.54128547339,8709.3224990269
1295.26636046563,3656.1208684612
1353.02931805916,3299.53852523092
7529.77608096153,8410.62773258474
8079.26849544706,7678.94946075992
7359.51018933883,7927.52365770826
7832.71703736661,7016.12056329363
1234.2747063867,8738.95136801615
8504.16737236129,7966.30638489785
756.685677383339,7674.18219886075
8701.32983457465,5797.90478005657
1366.73824842354,4569.08619023127
7080.91049546144,7440.35990234953
1822.61065677902,9036.78591052384
1453.28241662699,3823.27374235149
7773.87700842183,8056.91494607571
1562.64454995719,3827.94541217006
1581.19375628936,9290.18568533435
8741.93802492779,7144.4528372342
7773.1063859611,7828.17637608784
7698.52430290451,8085.63744677721
7476.65115716189,7502.03770551167
1493.63301329549,3930.25711289402
1829.19137256817,3814.72173074762
1100.00773810753,8426.23053180488
1209.50305487733,3437.35039939914
940.329152048075,8913.31660504264
1288.80907247282,9129.76740423702
1781.74943624306,3746.16624536273
6885.94958898074,4589.6001456576
6857.81567456577,8020.93966457676
1534.18487431296,9180.14332730407
7395.04505939492,7179.31772297506
1429.63965472509,9244.28063066959
1009.04068522594,9151.29079899146
959.321860584214,8935.89136697539
935.204275679466,3499.79328902564
1336.50471581572,3301.26286854951
1167.23523185817,8931.5728700598
7734.25910286053,7291.72333650851
7878.53199748076,7682.02777389076
1727.72226003507,3762.36572214898
2202.5087114673,4129.31849121408
1629.86595286902,9040.8556689884
4783.63115517302,8116.540748223
1719.06713203833,3650.58699980316
1952.17153808903,9694.21382753596
7504.55729549412,6748.80852644839
7404.04744078403,7316.47988500793
7217.12506228522,7955.6201016586
1527.83281820912,5547.02746960135
7967.79748198258,7579.70796541557
9145.54757409833,7974.0693143992
8852.59937758894,6136.7157192463
7583.37348088971,8764.09894279368
8680.47427079197,7590.24419473589
2221.63606909974,9140.69879661255
2454.61981258693,9104.82636706324
1346.38250113526,5127.23733743503
1606.90619830529,9231.68743201458
1873.81399902127,3958.91159859609
7655.88948676968,7767.56106248001
6636.17383173629,7486.1361997907
7750.448507527,7484.55322695695
7564.74679851635,7189.75585125767
1215.78483120629,3316.76871456819
1844.29691285819,3732.98020551321
4048.75715707526,8402.14157608591
1328.55857416876,3702.34262210705
7085.61565506017,6581.44565074015
1476.45336891495,9034.53257940976
1216.27363572788,4372.42608909683
7460.14120945607,7614.02669722902
8174.40955727907,5461.56416272391
2109.34779651048,8982.23843690031
1618.12032168664,3493.58814324717
6487.31484672559,7188.57527740032
1636.38497518394,3795.14563046778
1130.19769035896,8710.78316332419
7210.80889689872,7273.0982594612
2761.28989123121,8757.42546891948
1602.14539521289,8003.03683906008
1088.75790039121,8727.57790542612
1755.99861588711,3610.97072728478
7515.82138789214,7407.83309841857
1947.81710294268,4539.61498352693
7759.58861312873,8010.35908366237
7115.37213388287,7932.35407554837
7071.85900290405,7240.04233720087
1560.86463718929,9268.16774054313
6939.31747981864,7552.12642581874
8629.17518351661,7281.59237575907
1773.77543420065,3587.93206164183
1449.39281257734,4020.09563562508
7374.96974675119,7025.60593446368
1256.77717145895,7340.56506237177
8479.78597497154,7260.38783843538
1782.42495456253,8814.09556946855
6808.76935315559,7160.4299301738
7758.63577636713,7770.24640214449
1888.65749653441,8844.85332828292
7011.02383364464,7564.51054540501
1421.62298596571,9200.65860878018
7023.79457864366,7386.27920511649
6753.00138033064,7868.16628087165
914.099095286255,8782.49906235521
7635.80456207057,7525.23865330471
7407.11429292271,6764.89627768347
846.462967718557,3150.7597323121
2088.51632224159,8826.48356885054
2013.22751464426,3522.23863269435
1681.0603353917,3611.53888112661
7771.8432717711,8401.32173519923
796.887994251179,8646.65498039089
7072.30514849976,7375.1454023295
8529.09326115519,7305.99670168163
1417.58013714204,9005.89029567143
1303.8714779338,8741.93337989053
2102.66105648446,8383.38542904706
1049.18685078837,8615.16568286673
2984.53679173761,8478.80540993829
1075.62800520976,3335.74982911984
7049.87783180512,8093.74033355946
962.142544150059,8858.22907033257
7069.5688716021,7980.79479548423
7426.53478328929,6310.66768342856
6760.95441397437,6899.41460829105
1673.41258923233,9112.48013044354
1060.66077229089,3305.31800870571
6442.71696921903,7235.06120371561
2715.29964323232,4233.14562425834
6841.56538216311,7645.25968137746
1128.92828369089,8959.82567991311
7224.90845217374,7492.8870111733
8135.84008004193,6807.87494278887
6923.54881238627,7928.06785853709
1371.44376147003,9020.51145514206
7892.03194815774,4810.18427910372
1530.45735840271,9192.66654915458
1136.84963397402,3688.10833121971
6576.45407413059,7677.78941430812
1467.81351209228,9073.94890566857
1955.40584729448,9209.13905853012
7795.23284227546,7308.49624442237
7400.65564578243,7660.85446781707
1088.04607352778,3569.12584314207
2982.58116050164,8481.47654700871
1518.70794925813,4137.51823986952
7887.36773160179,7143.3377338649
7994.90457270257,8192.93833097496
7990.47260724228,7148.6415036452
1623.31527840626,3982.72088788912
1520.43148595478,3515.81725301058
6969.41390625676,8259.56405414294
1992.24731803133,3917.66564729262
1379.85403018036,3948.52030972878
1403.77847896693,9048.82009048428
2137.42549645391,3974.25857988033
6886.47148170378,7076.9821500003
929.938456912355,3306.19273601486
7732.32094118264,8378.13341678827
8057.50843174167,6957.52057046921
1396.8534849547,3422.15150827982
2378.01521944992,8928.93336898467
1587.12450175834,8108.53295728243
2711.46646290029,9624.17794355347
7596.64624764826,7782.71082617851
8864.32265146638,7643.5523140707
7359.97058691065,7176.91732556879
943.866774662629,3216.0876550233
7470.57536706113,7140.97307122037
8103.00387194371,6877.4015301576
1658.9271265955,8635.93273005707
1226.22719437992,3343.87328761988
2654.38855613319,8312.16821182581
7026.78560315547,7841.71265385083
1214.6193105576,3760.85317604635
8172.39885354683,7780.11996790656
1182.99703471974,8932.98195625505
1571.61088504167,8003.18456584488
1572.32950702637,4018.83753356989
8043.9768233635,7948.64281743965
2570.2063427722,8916.78095817909
7142.00972417797,8129.24611432369
7018.56036694978,5735.80130123797
1470.52222628518,4005.52930598758
1163.42711172298,3690.46094507493
995.468549108399,8387.04816958666
1261.89998310659,3700.0252376068
6963.91188523617,7624.85142458837
8062.42234860129,6125.98592755953
2219.04256594811,8977.17250647827
2461.80443046156,8959.41011169682
965.836447250153,3015.99863274777
1238.51887964107,3462.25479027802
7316.42963279053,8166.98370553868
7274.51424151089,7896.71395129339
684.036898529105,3225.64122628994
1708.43555290344,9174.92226172974
1536.0328486569,3264.41139074757
8005.50300061332,7889.74048459082
959.300733579145,8741.59404320799
2281.03646524051,8434.23166702811
5644.82672050514,9333.27195914733
7223.17084545013,7526.97496352387
1100.1241320777,3234.61010905707
1447.16577196004,3617.6518694918
1653.54691537797,9106.96620358183
7468.41178765292,7221.23169575144
5411.14345534948,8351.59582561547
1762.33496574011,4090.04290270341
1427.12101720416,3859.54948081925
1242.30403054145,3909.18331135611
1398.72886515038,3540.37847463183
6923.00050968677,7862.32522699884
1566.3534469098,3758.05290462325
1896.3412780764,8809.9799675804
1325.24067130695,9027.06393405581
8279.30610636149,7494.38065264476
1911.96612221524,8430.03366652838
1699.97210112553,7470.6117373747
994.435903054593,8025.75188781496
7360.87382155032,7499.39413668804
7734.33046043021,6855.74782564082
2046.8965531432,8159.25051840329
7989.34235705091,6765.09900566513
1428.63336082326,8437.88329569965
7568.68196193473,7715.33067076208
2945.45208826631,9005.14326175232
6833.77059113989,7717.92060491758
1245.08232761828,3784.07250604129
700.873481777584,3742.27720569083
7026.2302561829,7200.06778456253
1568.06103910036,9076.96147820976
1301.8619707936,8987.24093157258
7813.5479492093,8188.17586738982
7428.41325682699,7269.66048162167
7810.70473398561,7191.78598982313
7784.48528552435,7535.1835958146
1594.30547037384,3319.90092144053
1424.50173987248,7210.35151365318
1445.47066030283,9365.37937648125
1808.10703596453,9022.59880011756
7493.6672643569,7366.01117862126
9213.55574043095,6698.45876459525
9162.43452121278,5893.6718929679
1368.241169378,8847.1510613222
8448.55859126599,7266.52164831638
1300.3281983513,8327.29717335978
1523.87657365087,7813.2740687398
8706.28028253855,7682.71574069968
7279.58061613461,7687.75838344885
3201.77424567828,8725.3449617887
1392.32248028689,3457.33852034995
7626.59254625916,8165.63526328033
1311.88362720461,3443.23399536152
1468.20886455446,3516.68624149379
1341.13438247116,3968.99207877283
1037.59070871909,9249.29361147368
8132.81787856329,7822.16101849332
2217.46751925998,9032.22111358482
2411.02984055586,9448.49724343854
2349.07263658828,7768.05795949562
7240.03558003103,7709.22195596378
7932.62194159194,6896.6868511239
3237.54469170341,8714.33655192586
643.80396442225,3280.24496468092
7046.77523078461,8291.38634130611
1082.36669443177,3305.68126478663
1832.12834214102,9028.83613348724
7547.65675747316,6990.86910256018
2189.03909576006,7845.18455634523
1436.35821251492,8583.12138370719
7135.48292516514,7765.88007046103
7012.84827217022,6986.1404594359
1292.84094716417,8943.65863877379
8918.29537856492,7596.62446283227
952.135999976296,3622.87287727951
902.681809384935,3586.92085734252
3693.65033056954,3633.75383183432
2187.19148869988,3941.45559570369
8774.48436374732,7138.39701853686
7932.64384012641,7646.08899543797
1953.78153916011,9041.30485862191
1271.1839459796,8885.7293871275
1182.51109520733,8895.21949620463
1410.46047337839,3532.6174433046
6921.47241071012,7930.03223439335
7803.85348763463,6549.60699945535
1111.91502220397,3592.845492377
7475.00923335979,7948.27091646846
2737.8984898024,8324.63359671254
1970.61863294231,9102.22142792178
1147.99113670697,4733.30433203627
1484.94470900875,8807.90652810952
2163.7386010578,8977.80635412442
7623.68613797283,7911.3079830583
2235.15430388681,8940.17416761566
8161.52997969612,7653.47037422711
6572.89577919314,8938.46384756843
4856.55743839073,3826.11455384883
7661.43834234799,6790.93198602685
2568.50985228925,9218.07035167369
7843.37954466878,8628.41437522782
1278.97658259299,8986.57766157179
1325.91524981682,9268.07976961857
1283.0130886192,3773.47074496291
7212.9064422334,7424.53304683006
1470.74865080402,9037.58466600034
1129.97366256885,3355.42650864848
1774.73954278524,9121.68515179132
7983.66117176081,8630.60272247701
887.793170791843,9142.25332691441
1785.86137545084,8451.22547008913
7406.11142608951,7893.71844794305
1124.94353942023,3456.03039357755
1517.82477918828,3541.67838802787
7738.03999570574,7815.75291720159
8585.40951529723,7525.71267331514
1293.01664824612,9179.58502879512
8682.22731152818,7008.12038635342
7585.59429080543,7751.19479088839
1568.49020287744,9081.51438677606
1639.6656834428,9451.31400443711
8831.50226368572,7543.75373667614
1604.29381543472,3941.50170925481
1358.43242991995,9318.55841025103
5157.13647367885,4570.99110015006
6921.17058614523,8574.74983156725
2827.06512123044,8092.32121455512
1292.41453187984,6952.90700184172
1331.97634400663,9400.8980267635
4849.22206573579,7865.43591248401
6717.24673283013,7118.52062458315
6528.01054794782,7771.15660755527
1014.34719642685,3065.1998626519
1122.93978414897,3284.48093971885
8053.89711915807,7735.34580353363
862.196726743606,9364.73673734133
7258.42227453964,7450.74332090888
1621.29878851046,3869.21862738019
1191.37880608004,3195.26988936292
7715.59812063592,7828.63333299454
1258.55211611212,9247.30442365145
7709.83056898794,8276.50046917876
1334.75660633019,3841.67041848301
2340.02801405799,3484.80521506718
1888.69399843723,9128.698092133
7828.56608094492,7774.64428587941
7268.48256243512,7487.49830651487
1567.40331179169,3753.04121735409
6974.0541962124,7769.7003458209
7063.19561145805,7740.48145657873
7716.5160659742,7258.97981337244
7042.81364691899,8634.98546358322
1540.06758548037,8924.55873416599
7786.24211127166,6781.33550756998
943.123470983584,8280.89218607853
2225.59318783568,8466.33208320238
8183.65534165359,7990.68171709056
1119.18008908973,2911.18106390988
1480.76495096136,9006.32447643112
7131.39585545538,7681.6412364662
1778.64557758304,3874.03218076701
3226.37658266341,9222.14043619102
7213.38887718443,5783.39551928188
1873.13970978702,8950.27084089166
7663.26231300868,7676.3304789787
7781.14667221437,7445.36780736869
8411.41764719971,6816.86551688867
7448.68277208849,6901.94613990966
7196.82899761343,7842.90240782363
1554.76444729919,3629.25799609763
7999.24365906096,7067.33493923741
7396.50815817285,7701.66416662566
1605.92264212938,3501.83440550345
862.560673913826,3372.32830337729
1315.95719386407,3621.65693744614
574.28809934214,8067.78903687365
966.096547890386,3432.64097088712
1776.4018246099,9091.16686215404
1336.33663351776,3662.39816254948
2224.19242003893,8892.25994361323
4110.44759492523,9066.14594824265
7769.56624540709,6972.54061549966
8413.40994520012,7075.01405037436
1600.85597889703,3295.82540521876
7734.06863170847,8169.15462336704
2040.65294089835,8534.72557395782
1413.56652811603,9406.16326409385
1229.26436357271,3500.14767620252
1689.2223602324,8260.69546981465
4097.68154256953,8286.12235068671
1824.25759088569,9072.53938170567
7377.71090903095,8266.46582203363
1637.77664015365,4611.42455059346
1190.30562484271,3192.88338758937
9105.95073589011,9052.28030584755
1710.71519785645,8060.7546870861
1119.35178620531,8013.98097757444
7347.46631606545,7497.80412205078
1334.89500050895,3393.35214802545
848.368549361874,3195.66952002713
1850.64483141082,4157.41158001065
6712.99668582574,9016.80366475991
7482.27492740494,6503.70213465651
1791.34301781875,8529.08967746751
1306.41739798602,4309.65460119141
2697.0719700324,9007.98356553964
1318.98427695851,9236.40631417636
7500.26839376051,8116.43506356766
7134.9429662045,5946.18912534849
902.105048176581,8357.2882010299
7065.22242235386,6909.1624497688
1099.2343327491,9133.65497128188
1759.29639483136,9515.76989242088
8341.69123060813,6626.03708004729
1278.83060716267,8871.07361514768
7384.90228993536,7903.10724641939
7587.10578834521,7404.27661614938
6736.8397482588,8250.60581644238
898.565074931986,2962.36313809005
1467.92294516837,3395.99238877387
1422.10945870912,3110.66832079511
750.74680905166,3192.06955764379
7707.70734678247,7279.18289354558
1258.46897000737,3199.08878495289
1405.88886728062,9106.94326400169
1092.32255467184,8746.57702294577
7737.37326359827,8113.44182454686
1611.74187467439,3577.56439236727
1123.51192040011,3493.23731258524
1582.83264377314,8419.62916280386
966.954309722101,3136.97818703889
1706.89241689657,8847.03334486125
1029.72823437426,9217.27498060018
7534.64144388642,7441.72421968967
7757.20601968568,7132.25835271148
1996.22891737914,9024.3134748821
1281.71993146778,3716.04750244271
8652.4175757761,7728.55341790728
6247.58380185039,7495.87199915496
7009.38545253786,8396.39539479715
1622.53667580917,9192.93601948688
7253.24309861245,7916.91320320024
1748.90083630152,9468.33585803164
1686.97812691525,3811.52481484471
7113.37399793938,6315.88686660079
1311.84822320565,8999.53240429053
1062.20722851791,9235.43429131222
8062.53045845892,7082.44959609535
1019.95495354518,3281.55152434621
9014.4442203671,7819.05287079802
910.552988805716,8914.48990765654
8352.94015804307,5049.0268151504
728.696981161154,2899.7809339723
1537.44443828034,8952.3444817332
1585.61136048736,8544.17132924801
2137.24384181129,4003.61146939769
7296.26436262527,7814.77087738729
1291.49536929916,5671.37998326089
1407.76543873669,3994.78669022304
8558.06423874776,6756.94772184166
1666.26016058451,8040.03746284287
2584.50522985967,6572.44584250601
7077.43857364484,7523.15356563386
9165.62408983219,7836.21812016984
1354.03048288169,8956.76849464777
7700.94308890345,6840.43237396558
7079.20988224057,7411.78725573196
1922.77417410799,9207.79115256919
1074.44341389316,4059.66518477289
8502.62822725617,8237.95539601408
8695.43864602011,6775.37393879486
5357.71228147628,6177.94958325176
7015.11747035983,7849.3144254877
7105.4628494305,6849.69719198331
1580.73963207103,9020.24101433337
1514.96804331081,9103.72226533648
1684.18263468911,3933.75611395086
1565.07343222718,9107.97367990633
7122.98239312676,7836.92120158858
7031.98185817731,7482.76948658301
6792.73418164498,7478.18112542978
7917.72731480622,7372.18580846804
7945.35815124389,6829.92215454081
7870.87064415677,7869.35675646993
6994.16851172274,7520.12688617786
1234.59369197135,2767.49165714593
1546.82760055498,3735.98587421851
1289.59399253903,9058.41694674501
7490.90713504296,7496.04086937172
7000.85945852674,7890.42395431533
7900.8836265707,6677.0573586024
7635.56940935072,7816.13298905854
7817.76528847451,5157.1388711137
999.495831582875,3180.38487442604
1525.74144354987,8774.17896124515
1028.56483632421,3527.61608175917
7129.41016477184,8307.40521893409
1395.33213206087,9027.10957089003
1068.58216689909,3445.64748306444
1241.6291783041,3935.58089478056
661.27780813421,2990.22231118483
8204.10710889962,6738.66245954151
1673.873163235,8879.23169957586
1658.69917539778,9043.05286694725
1591.21368488086,9035.04297705262
1377.67311578134,9575.92710155582
7863.87496067813,7617.75158680206
8713.90452713407,6253.41335733118
1090.4045712689,3702.92879328812
1469.20962554951,3699.39893721754
7720.4939107105,6918.09246765364
7144.70098541799,6931.16846255796
925.60415516531,3353.06038068403
1387.27041197271,3508.33870593568
1191.27031168603,3256.1319465483
1874.32906343713,8469.41590471192
1362.60605364347,3671.01203292176
8161.94374515733,7479.94810637744
1500.22167360922,3812.62333884771
5062.88848423512,3867.22751849206
6850.78979613621,7728.57222613644
1728.68725005232,9266.78975983556
7813.26978309317,8229.47552093132
6684.00329079689,7158.53085669843
7813.46554549118,7713.38888525887
6882.65484869586,7690.29829446583
958.70123233206,3466.33129408256
7410.93003374458,7564.45344639268
6475.91266549711,8083.7681341744
8384.52299146062,7725.05394152427
7432.23452117739,7662.38511846673
8412.71731588327,7386.35920280136
2184.4436478225,8268.36316801154
1182.05930908641,3427.70473291736
8069.03340996917,7593.79949359058
1220.21104201779,9386.05796194619
1191.96297448681,8927.97611571871
7612.31219146351,7881.47823138225
2273.28508248092,8744.66390273697
755.022257255472,2972.81883049637
2331.67280494674,8581.69383874823
1020.77258711755,9117.1360686938
4096.00764879704,3800.97793558361
3468.35279819038,5696.59235214345
1283.45155969205,8807.99259130336
1710.07104005492,9092.4095301041
1408.0659048966,7491.69625698412
7988.99875294711,6509.94288787207
7811.33183337805,7431.02111311321
1035.04250373661,3148.54955409426
1577.41927970259,8914.67988872014
1434.92980899231,3603.41955431011
1372.36288799825,3207.0633644121
1201.78438619026,9016.67102978774
7173.05392369599,7919.25219080353
1225.83620371896,3367.43404252544
7337.35680297095,8357.19227564763
858.658799326539,9112.43245370722
1767.4570145214,9377.70624483682
7566.40672389918,7194.0752729418
1317.07010113083,8717.63977102834
2115.90956838492,8263.51187404286
1623.15876897175,3947.15340996406
1440.54729840406,3357.40788468714
1964.14146555394,7621.69423408253
6688.8796334941,6755.69369882661
1393.73991095813,3034.84285031354
992.502046770277,3095.14525179726
7899.29714580053,7807.8218354127
868.193134404866,8829.61013308321
1643.24836749217,3830.84815491802
3116.39309968875,3161.0867947028
1611.6479817506,3572.71164165482
1779.24517483434,8993.73063001926
7018.60414530407,7034.2674258165
7938.31702318307,7721.15955760219
1317.86398995195,3690.68506664278
2002.63649809352,9225.16413869569
1520.79055656673,3718.20674463984
6772.94503759787,7250.90453820001
1346.04627870016,3581.95826356891
8628.95303597107,7040.33512990953
7420.2241116123,7561.71002985483
7515.72320628645,7681.32229137416
8787.93332902653,7480.49984019069
1418.37817930695,7844.04947292567
1779.07831763654,7314.75868104539
7274.54097993634,7721.70903591285
9013.06737110107,6814.56969645839
1298.41809226651,3479.10149005007
8300.64754185832,7395.4423552932
6874.8271033807,7193.76969831157
1170.44568745546,3484.8545132114
1301.72196566996,9012.90110129479
889.371298247857,3457.60152419372
7674.41478082057,7547.64662384311
1704.55497008322,8345.68375382512
7587.58738180963,7550.27263686724
1710.26959610096,7814.51587216668
1326.7330762889,3737.09288204545
8872.73188613529,7859.58412909504
1431.82420144058,9268.9104702447
7759.26674675036,7862.97783693572
1171.21712605369,3558.07552830097
2235.21786700678,8899.64925811029
1059.04782794346,3392.85202883169
1725.21178076169,4135.47311042613
1979.22206064164,7689.56576275725
7485.02156797066,7781.09410118579
2335.27378088008,8062.45485059613
7195.19170843558,7423.0455741236
1375.7768969607,8113.18263332059
1666.14497843501,9053.30367938447
1632.69030148969,9276.12289181701
1508.24415532966,3615.95501340696
1140.76852050066,5142.74067502988
8538.12633413052,4810.42289127272
1642.18871583442,9120.14451736121
7933.72148587265,7686.31824608358
1396.07527606315,3281.22666131915
1467.84791277522,3217.17819293096
2214.30009298543,4826.01310949299
1685.74256314507,9300.87270010852
1469.2934642477,3946.38541563121
2172.29413121997,9159.45406688112
1677.69525222117,9032.60775420676
8367.96723781164,7992.03327968641
6434.71756925598,5609.85069820989
7459.52969664697,7670.42539767784
6377.27110844232,7691.14672497385
1521.05443513297,8925.76324700936
5417.39816223117,7555.54573441916
1446.08516075057,3587.97842998837
7204.46467248935,7458.92514239571
1493.49664856721,7982.64229308257
1042.74860184462,3554.00519060332
7999.18550639379,8864.53378435769
7229.19199747011,8076.91529507963
6586.74716488729,7979.68547109837
7181.56116633077,7283.70997313196
732.520810658019,2969.82301642701
9217.95145741326,8017.04801266874
794.020588673982,3322.31329982384
1223.86113772781,9214.63179548471
2954.20192460421,8839.09010699902
1495.35491872076,3721.92572952573
2112.1957694017,3724.17229619949
1622.74990140198,4311.90323943999
6998.04346837776,7401.31966630915
5503.95222952156,3570.92744092112
1414.06803285573,3763.01103584746
1634.65771593914,7535.2725245151
8679.26457029757,7532.21258351017
4217.45173457948,8626.09486036169
1381.11500085474,8938.08628277347
1428.65345455961,3329.42675071281
7828.84878963432,7976.74021701205
1442.27537152255,8074.10679980779
1613.40242103245,3593.54200073074
6555.21749748394,6707.90945100869
1493.97123133746,8671.53498404978
1814.63253592653,9151.53673202875
1852.72103041565,8755.35537476306
2917.24214028599,9078.56670812547
2081.38460487891,9168.66337517979
1440.32715717549,3641.18323679268
7493.92911191476,8433.61500237174
2307.56542125879,5647.45530747942
8046.33539821075,6239.76203127455
1309.65817531016,8646.54175211596
4700.28236849224,7809.95219941811
1851.41689353644,3948.13192662115
7300.96882892291,8319.23710502773
769.377434172701,3015.95663967164
1218.67587548751,3652.42396060161
7696.83581874268,7462.23561593507
2030.53774176034,8854.78438980474
1668.67583142964,9377.51441456242
7198.35563316175,7594.99223236313
1021.27889055122,3353.01889347116
8216.37759606981,7759.23230743858
7980.43058492572,4455.94559091062
1744.50867857577,9173.25249909204
1387.03486480709,3661.48514494944
7988.39588352503,7359.22753357391
1507.01072390283,8705.67158496281
1702.85844789467,3391.98535197623
1158.90455114098,8879.59460373589
7708.18030658463,7785.62518589547
6702.23213968337,7666.17660116688
1523.63534099795,8167.19187938802
1850.35780881765,7573.75388221717
4368.55238921322,7493.59167329946
1193.79209699647,3318.69413603774
1103.32584313768,8985.20281204633
2157.90922541505,5954.20745048673
1223.33209206355,3466.99986819519
8621.7776781106,7557.2631252697
7282.66108519098,7269.13479295307
6975.70831081957,7556.40536643491
2083.45461418561,9036.6349811607
1347.73498630499,9190.79285403551
1419.8534483632,8950.56436358059
7338.47252418229,8400.98933230465
2100.8174584612,8951.57886192333
1413.72342518763,4285.79150853087
1296.14661117211,3556.39675595729
7669.62690404126,7871.76536015852
8033.91158981528,7087.46041592039
1264.72913854776,3675.63668100256
1335.18839008999,3627.72345903302
1935.43408863687,8527.38364511536
1492.4244095315,3632.63614251356
2606.42610878259,7883.13076248614
7844.73187335888,8324.80301404024
1216.59549185515,8338.08403343273
963.02156729462,3923.36980717817
1022.94271300399,3150.38324567992
6798.1458271396,8395.20340122757
821.329343620162,8997.93372699816
1837.02652669932,4059.50901788011
8124.22743217222,7310.48297682203
8018.87569326894,7374.73077298379
8589.17128519806,5843.5160954356
1464.50264082882,3750.27506623252
995.470823402493,9096.96726434836
2090.0641879648,8622.38593892552
7149.58660312601,7486.00305939962
1179.73165679998,3618.36223473179
8143.25999154697,7181.5380509053
845.286765153167,8936.71258522741
1272.72967687314,9026.77221106734
8197.43449202419,7435.8215986423
1861.20515297859,3545.06750687804
1671.64966730183,3670.93918919559
7096.58022074894,7377.29612159897
734.168952746129,2956.69515614055
7839.865590826,7615.01319489801
1557.50605900073,7585.633895589
1264.45476756664,3501.32549331677
8291.92220040666,6926.61251170995
7833.57609845015,7316.67956923219
1538.64566696121,8801.66789423599
7375.37862454595,7473.30404485852
1392.6731590379,8253.60580890598
1263.12465605444,3703.44911016247
669.289834123201,3313.48042294566
1931.06415926317,8999.39663204731
1121.14270441841,3580.65352679103
693.596468483822,3456.54038458053
1506.04247231442,8696.80088346093
1551.49509792471,8839.69770917194
2351.26713108927,3579.038438304
6864.41253838408,8157.25939311308
7972.35062524201,7765.60080666448
7081.27341165451,8028.01182442303
1723.00306366062,9165.93303185387
6112.61624005305,7003.64461873421
7811.29704514879,7889.0942159494
2210.2185017305,9082.95928657526
4204.48877498793,8293.56926015974
1515.59868929341,8908.35155441792
6673.25214892796,7387.79973492658
1995.20579331438,9065.95688636466
876.03614345411,9193.44438732323
8159.25848600377,7455.96806478349
7386.26683035338,7533.07186291789
8195.86782220338,7694.59231137941
7664.625818057,7285.24982569793
7221.68858195503,7692.43912309799
7308.5157931737,7347.29132491386
9145.41787121508,7771.95215819488
5763.68037688075,7842.07674006253
7230.50510931318,8582.67683306849
7472.97985373276,8036.24767972159
2778.28785875669,7640.23972010877
761.32710196806,3299.69268355048
6318.20551743384,9120.19126439774
1884.86486449683,9192.22364848986
1700.84428184096,3570.85985925911
4017.17227025569,7963.7767635534
786.697728676757,3310.36102241907
823.811947578082,3098.97919087546
1959.09743122089,8875.25244996027
1228.0489018166,3813.6483480998
1741.970084624,8935.0170134818
1440.76550703524,9649.32032155422
6617.11770034456,7247.47947275745
1107.66756632859,3366.22484296455
1228.39459701307,9005.74680626546
1258.13235597348,9370.86461698685
1373.14899074569,3547.97602352848
1298.57841174285,7140.18519057878
6900.07008391714,7440.25460535435
865.555920476266,3295.87810197332
6741.64506070147,8051.83124813056
7471.83812823917,8181.38625931243
7154.01575212988,7411.54456339909
7334.17840849212,8195.78169744254
1604.56408929695,4070.0814434622
1689.14380194342,8933.60227713429
8509.13322721362,7186.250921981
6844.67883297642,8313.48808871916
1639.48208198218,8777.83855973167
2136.52403395645,3702.06835109083
1436.27432741041,3668.80180773019
1516.63366937192,8783.05143584735
6794.00374926033,7568.79398102447
1059.36923418793,8576.518892352
8229.308987562,7857.95554056042
7176.10539618904,7099.53100115593
928.869325598656,3687.78054599687
7283.95528093289,7410.29259887311
1838.50681943276,9083.61423376647
1376.05633665363,4579.49024978741
6818.45613453691,6675.19501490682
7317.19943175449,7547.01066946681
1385.98641221889,3696.80454911658
6864.62444411984,7417.37012654561
6771.70034922702,7409.66906960243
547.886791732155,3166.95230969159
719.96691599632,3266.30773580538
946.176793088815,8578.34678971088
6987.49312456973,7387.80934463781
5307.53359901935,7046.60582767177
1340.79508949711,3464.78850521804
7606.46966967921,7571.47356710702
7339.53644891979,7518.81785398894
7523.78141339935,8443.76409316492
1294.20265067794,3379.5398535834
1715.2311113635,3800.20879931763
7296.37639034983,7995.03224318751
8206.73760461413,5792.53352348306
1071.48964426451,4240.68984009106
1374.23489368232,8156.34764484665
741.171505398241,3246.38169083735
7659.84911000899,7679.2851839819
1380.08688648838,9085.19694085931
6842.34940021225,5328.14487827332
2408.1272841243,9334.23370660592
7309.40411474586,7404.47549519324
1569.25146635967,9259.36348330926
7574.86400568595,7034.28744740115
7681.83390587809,7633.44665601078
1494.54579870537,9163.5569145886
1193.79834933819,3573.95248935054
1645.29547640659,8909.21989275478
1801.35954595134,3471.12924595481
1380.55771170334,4955.83490273827
7370.95339144358,7189.75555657844
797.638396549191,3263.88036846189
2171.47693909917,4120.08682615663
6680.92776245061,7705.42242775595
7117.13148058076,7310.43038877451
1643.53395048463,8392.54846257806
8019.16556716225,7933.39250639127
1485.07810067221,8907.1602034502
7969.080165853,8558.08435960126
7863.57152284887,7483.84821338804
8244.90180510865,6555.03285992738
7776.33409498624,7409.83117277732
6120.61865843257,7382.0023518922
6596.73877908758,7222.07064330017
1964.71781929431,8596.58643971238
7074.29098480264,8004.36269049693
1238.52321847015,3632.90429738256
6821.7313210388,6839.81017688048
7970.41936845863,7407.01561916775
1495.34566376665,8941.47489106603
1361.40160873685,3237.44033256654
7041.1749029849,6722.11349771133
7026.87017478122,6441.09200685843
1235.57224897928,3317.53012429305
7064.09122485659,7942.80481050526
1862.89381052418,3799.97802591846
6652.05393489343,7262.86667079796
1644.33341646248,8732.67629767528
8993.85018883511,6407.06429795201
854.978263178398,8853.18277992273
7007.52309225708,7041.51807619455
1703.57399811062,3562.79506105952
1501.20610320845,8723.08140557233
665.372794319647,3304.9430070275
7413.53191402703,8178.50948357104
1218.44186208379,3684.73462255672
2878.57603350131,4091.48798813959
1154.49262876429,3798.57342622574
7768.39536295742,7351.48544426391
1799.02288034831,9030.01106141644
7494.24282199247,7893.23110989405
4089.15093527657,7415.63730361694
7250.20110402119,7971.36780685967
2203.22095086715,9155.03093569574
1429.26255293595,3668.91793281382
6211.4791394152,7802.38676168545
7063.42307174528,7544.08675170361
7912.04086664936,7024.33338482206
1571.37595403698,9222.39734669938
824.738604670805,3085.51541396639
7475.82311313318,7837.202681703
8070.73525680891,7436.03833095339
7898.42008320714,7604.72608644818
1306.02823275748,5102.06080716407
2022.82553077823,8967.47431205197
6429.64221673174,7443.11208066518
1854.3723298533,8700.71769740892
679.35223667672,3253.9327495877
7403.2679160005,8231.88640803469
1825.22382766837,9314.84470084392
1319.8026995086,9318.05894844603
8291.83750484256,7865.10919863503
903.06610036834,8986.80951883497
1937.72720314419,8776.56517318158
4244.53522320909,3870.17521404916
1293.78980314368,9232.69892389647
722.532858992857,3279.69573647514
4272.83626628976,6157.56608409675
1927.20303381035,3778.89051539397
917.329319649501,3562.01090897139
1287.24393422871,3701.61379585335
7008.57245080561,7674.63113931676
6248.13222391517,7726.80485198678
5886.8999575213,4627.74225468174
7365.01853653057,8219.76762721728
1347.57930508153,8960.32476718584
1470.05520333831,8417.85406227004
1087.45251795365,3614.32909746825
7928.51015773622,8264.697073816
8826.75998989405,5524.26254939739
712.813904316834,3337.67171830606
7678.58800360852,7355.07775872919
1192.75126928231,3485.81051472519
7796.475655496,7885.98593537911
2035.93066828182,8512.3865276266
7938.94802633075,7690.99336649074
2104.1376856536,9414.17802184544
7882.16546028179,7960.73072879283
2739.22881576811,5197.92295304616
6758.2868904179,7876.28801330607
7197.0681866419,7906.42365031885
2535.38885176368,5351.47422510929
7064.12567233558,6917.60450201671
2262.89702566263,8531.54423297651
1822.23166964783,8507.02142085449
1675.0564227489,3816.60455487309
1209.21477375741,3541.39631995107
7061.83280652615,7999.16785818812
1353.22176749197,3609.18298387016
824.12383000729,8197.57729552603
1173.46039143152,9359.94997227448
7579.06187877025,7831.22181170335
1544.29324014306,7829.18817838659
1642.57090651078,8713.31325069849
1420.5854853967,3811.53901123959
7104.17877768871,6022.58614651896
1988.75211236328,9064.02306742989
8796.62736117957,7319.31089118917
1231.81105685772,8975.58526411193
2315.78542902001,8130.53580177518
5882.82951059099,7836.93418674855
7770.97581698971,8024.8947785397
6477.853355202,7316.28752488101
7787.95808811464,8266.19311388505
1343.83361965589,8844.31590386858
1485.46789442873,8814.55811129067
1132.77262350575,3638.90221920226
1050.58890080194,8109.5964810483
7408.18380096293,7309.82884747579
1866.8488174185,5669.92722810746
1599.71556271278,8869.94435332525
1268.69219604067,3665.20102194748
851.21467791429,3248.18268434602
1690.40306744418,9190.38504007497
2894.47806895431,6316.14096303058
1728.60938928462,8546.20101147386
8782.55290323946,7587.42060784927
8234.81157564243,7463.1002704267
5697.04152078093,7112.77237167383
1170.79544790535,7933.20695843562
1035.82688349019,3355.02217045608
7748.90512966141,7982.41345119657
8269.68422824545,7395.49595391549
6450.55213639212,7467.95470110075
841.816477449783,2849.03614843297
1248.53359321642,3407.67853123185
8185.26168351009,6874.66866227207
7002.88279939,7942.52949545994
7088.46151720516,6724.88024463517
6642.99859498122,6565.51862544126
7957.83010496251,7748.25463438631
7741.4573329013,7374.70701350731
1297.17018653027,3573.80847663519
5938.2783215695,4261.49472087051
6350.52532812803,7104.37204591154
1249.15208575074,9100.87420440336
7832.66786814266,7329.66502934951
877.096176769712,9054.56176477876
7113.12274838258,6296.13664370139
3636.10665714889,9127.03688909009
8099.96181597657,7677.69255076222
917.856942729653,4718.04766588296
1438.55104613848,3630.58786935243
4519.06368312766,8131.75989507052
7517.20316526126,7477.48989807228
1176.37518045213,9093.10011423024
7959.07962833172,6313.492042703
1003.7039945977,3555.52398906924
4943.52274421716,9306.17720422362
1460.59136790158,9161.4827400189
1756.07150998199,9090.01466943375
7358.63315302758,7710.72230215314
1871.643042292,9063.40108761368
2057.27824213312,3833.20450003573
992.715956468414,3114.9901953102
6993.14203981749,7001.53461669667
3517.07920317888,3494.75042424799
1684.16710940335,9333.90257872574
1234.46058418317,9023.7527779737
966.857774828096,3237.09639943346
924.433348320148,3222.8727208888
1082.81411257074,3692.46600402676
855.926864581668,8218.50377963692
1729.7925019132,3703.30773590832
2169.2489362628,9254.9749357557
7640.97802725595,7546.2844507351
7918.29327340747,7583.08272641955
7953.53080910288,6770.88896906756
8250.23859463184,7530.84541464674
7744.68139672278,7701.31296190165
1255.93946911541,3488.07339965008
1672.60666890443,3756.79120303559
7631.93732802222,7680.2480936331
1124.53692913159,9211.75495459567
1515.45950641062,3435.63534531255
870.081824641483,8741.95049755214
7409.85943862379,7872.63491686024
2227.5275943552,9267.51060410283
2275.98436665391,8870.9194238463
612.826912430496,3312.37359270163
7540.6076634422,7964.76795745486
1369.54584540748,3586.08347965552
1421.12495382484,8609.60363364613
1683.06748465319,9013.96019705049
1973.37141122699,9028.2111220706
7260.59483999132,7486.25924564736
7609.57749578664,7913.63363149177
892.896892471013,3324.30343023898
2015.68278472219,8501.01240330029
8036.578049799,7280.11606450599
1589.95148236959,9022.64092078286
3885.73557188131,4022.5743905408
979.78913739312,3514.82927528222
1587.38202222246,8050.08131426972
8558.70401178605,7353.8754754351
6313.70331769633,7538.94208784192
1733.00439504511,7920.96416936821
1523.80325232371,9242.55383439356
1099.35461168718,9152.87930407591
1152.48865213041,8804.28075447362
7799.57526513566,8117.98471336166
1083.14172400537,8815.26425912642
7690.45149175702,9238.52714340426
1722.76442650766,4160.02255331284
7156.08467685575,7780.10827066234
1585.60206492801,4024.20120839289
1755.775416896,9215.96282204089
990.577840868294,3211.95336475965
1654.5715253193,9125.34934911015
1234.51826948177,9197.78101191982
2008.30850404237,3665.67470300426
945.647735191284,3693.66541655834
1716.84058317377,9007.04242457701
7329.79954496565,8081.67959141942
1916.848214755,3489.03743494817
1375.78055145708,3495.11007347423
2030.21542952307,8391.05757068332
866.449144080586,8639.26977737737
1117.33839464106,8324.02062199193
1510.24817982416,7830.6693075097
7128.85155946524,8293.46462052472
1098.50293055614,3425.32153211737
6800.71492238256,8666.8876077227
7932.22024770178,8769.677904989
1294.5656877064,9128.02481068315
1247.75995489498,3605.46871026928
1565.81828566513,8845.48025679357
7845.37225490563,7647.84439654827
1524.08116593501,8368.48799666545
1308.96944911938,3394.58140230754
1342.76226109816,9111.81218769542
8330.92577685538,7234.40422130402
6918.49912095641,6190.61435711214
1412.17160258599,4128.76000936881
1841.80689103583,8917.92352192741
1507.10886509779,8921.60796435146
7065.29861568834,7765.4972738239
787.142584420812,3118.665738128
7686.03359296303,5725.39933473005
2308.87131575434,8912.16897935133
767.437810756085,3304.88337735063
867.574490473471,3162.22097774629
721.801569462521,3187.77539419256
7680.8892359661,7844.00204497451
7520.21539214072,8444.5501798294
7311.26099996255,7765.15185050824
8099.13498088072,6998.93041214823
925.197210882672,3217.67697787743
6830.91924926846,7319.04044218134
1388.3429638339,9102.93190898034
6909.17291638535,6995.42139302067
7599.09483934638,3968.52294551535
1896.06893213505,9101.84547827218
1218.88111089335,3559.33530382117
3099.38152776786,3293.8828662744
1776.04632012367,9471.79476604126
1813.81047315075,8887.87205385809
7782.23147837453,7164.28885012283
7831.02605635883,8506.74991558059
7494.0451798647,8251.16754510169
7292.16744520592,8444.2175580152
1108.98180963646,3130.63707972876
2790.38782962703,4242.63847261804
955.099056374366,3271.82460001118
7815.27044422746,7046.52036094596
7294.90883557184,8191.71880612815
7142.03220443432,7153.84607516636
6858.01208505559,7347.29831401598
1344.95325993717,4105.46448012552
1215.65084802936,8742.45698259415
1503.62389211844,8745.17923221701
8441.24533195514,8254.85743623921
6933.87825607289,7471.67379310752
2214.5313719669,3752.09282816434
2069.9729962859,9171.87935455945
1686.19427631465,3545.04750874874
8171.06600440191,7525.7974010364
8659.11240792485,6626.92761742968
1671.59189018972,8122.54878312518
8378.42363398301,6561.97060924448
1940.19980702096,8841.46879129315
1090.97796168488,9170.17965002956
2890.44765274843,8991.62416617801
1455.89717672342,3609.97567561466
1110.43091626612,3739.9424718152
7504.21716713537,8060.5666337663
1630.17420880885,3226.12283509742
1680.21065560938,4017.26606066088
1569.66935215857,9085.91911023598
1016.67949651902,9129.66949925978
1600.17978679687,3956.63512005572
6833.16517495756,8146.28576770781
1138.8031136525,9118.20641731103
1926.83304771152,9177.79452480415
1662.38913428679,8734.45338969941
965.117829157747,3373.68919827226
883.169785183284,9007.89398833994
2007.02350569818,9394.55238054409
1462.5475599555,8965.65327169448
7758.95691305544,6703.30022835101
7950.91817290833,6655.19356097308
1064.48700737693,3593.15138744298
8918.33769296882,7962.12364729974
1123.34821902036,3717.78579724124
1368.65570016313,3911.88040054179
1539.4733798391,3767.51790233872
1395.47934936489,4004.72875107868
7141.48228211042,7702.5661808258
1256.51452964722,3820.13365830835
2208.55143696567,8786.86485206292
6723.81322149314,7337.25009358403
2589.97763855716,3794.23503367516
7707.49564540993,7893.41212132771
1369.55730904647,7699.56317671801
1268.41351816318,3687.11237931502
7159.39151913812,7894.55648710773
8054.36548225644,8233.53276504605
7125.33801459695,7861.86046689397
1515.45035796886,8555.44375998502
1449.4551015905,3942.59646862483
1493.68861104076,3657.34669618732
708.850419252284,3283.22533320507
8844.29549695298,7349.1851693132
2328.80442333549,8698.23343070982
8044.32076207119,8352.79432967292
6814.69467249047,7898.52601281303
6797.70712879611,8113.79920089035
1784.78925618396,3694.75599792186
7309.39721891362,7645.73228743696
1931.20861577757,3808.81636374714
6901.10058804599,7405.54570374042
6365.54213517334,8126.85604925447
7890.93281186095,8140.19348430454
6802.30199463756,6690.4972306844
9311.6419643718,7892.24494886666
1672.57340910116,9026.72107775676
1218.04484718219,3755.04364385862
2709.08532645749,8874.91607540325
1673.18368705541,9324.24985806701
934.078940972526,9002.83971578597
1613.98808024182,3711.98961693018
8098.24329547116,8276.05731553686
2195.25641241287,9113.00811103018
1961.08897982693,9062.3168845545
6596.18398230111,6679.30025434066
7039.81249107929,8177.19174372529
1394.48696986817,3677.48803668206
1333.27213265285,8949.29371402143
1565.76723993167,9035.8678506708
8242.88991475856,5008.97290275353
2245.1394880274,8514.68657593102
7173.714230668,7230.11055080684
1352.74368950522,8266.87509497361
6719.67578288476,7423.80943802216
7958.96758878042,7472.26971611781
1627.22519160638,8479.38497266449
1973.7185322357,4174.93001315329
1407.04568892055,3680.2942717169
6498.57524485026,7936.13094922774
8000.44775185791,7289.05234959195
2746.52766277232,7733.51003003188
7882.08026966785,8434.62680823792
8032.89644715459,6968.81099496064
1041.99559187312,8908.17239074018
7833.20068848047,7543.26210635421
1257.63877515408,9085.76633837533
4983.51738029798,7547.50667843472
1094.07556976411,3620.72588819441
1063.41275787244,4117.56882481383
1916.6475702743,8761.82175420258
1029.76083002235,3653.35036994691
2205.36380853778,4160.08237968315
7739.89455705612,7247.04096824528
1466.20640343205,3640.08097116751
538.311200293139,3049.31696377989
1033.63990124449,3428.92230427696
1359.94183348637,4518.96921535875
5183.83631058498,7849.61692031237
1041.24359655771,8578.12112357339
1393.6852454995,3802.35262661088
7626.02384336796,8034.02428442975
7371.28915367196,7716.38746700058
6975.7023479814,7575.97243443962
1574.71269581617,8816.39395212191
1580.10635509543,3614.07983022523
7072.96525391372,7096.97614645539
1481.16989515321,8585.20507471434
1545.35014220005,3906.01459625807
1165.46830898983,3604.84406829736
2420.84818534199,8089.39057087025
1442.01763335274,8953.60644328158
1562.25680432443,8870.32941213321
6849.03867096054,7499.37428705596
2510.85183043434,8803.50429546678
1724.93224488312,7937.30384944276
2775.41651502254,9024.41943676891
735.735489187595,7171.17819317612
2071.26174659952,3125.93416217583
7314.68453270634,7370.22448397118
1079.50330418599,3429.13530351911
7349.5755055285,8455.37890869465
929.160636773378,8996.21365371973
7451.58629042634,7616.00160555329
1461.00366963361,9042.67431528705
7091.2134402157,7476.34121384466
6366.57300966204,8113.09280801294
3378.30675870586,5811.12093226236
1500.73385267863,9293.68613262104
1691.10865833843,9261.80101620298
1411.01523215746,8793.32450795293
7357.47837056789,7973.28698263907
3910.08567431036,8229.66347411506
6736.88101112205,7337.945079443
2298.53148094456,3342.6649234306
707.367943193427,3251.52498108617
1258.8038621086,9231.95785398161
1246.93301349996,9096.79154979704
946.848999810878,3191.33889908097
1118.28557880548,3375.7217184539
1715.67489362575,9292.04558154664
1012.65673554272,8947.03205169261
7661.87162389097,7675.14558183278
7344.95087867068,7130.15976062047
7795.71560317397,8047.51747878047
2039.57206943728,8997.47780399545
7220.16698136642,7322.37281274221
1589.98771928288,3818.27255523516
1705.94768737572,8916.34652741453
1129.48161928102,3597.43327987954
7434.3266519278,6591.3068945153
3062.40383652671,9288.26698135802
1593.96537617491,3534.87686939751
966.429378721343,3235.31669806112
986.92177514443,3550.95134946672
1652.96412588154,7659.37030628899
1774.42934161728,8092.58846122861
826.808324914732,3510.4084882308
7535.72537918322,7882.53256682535
1461.65266426989,8942.48027101304
7683.89343643989,7901.06244715889
2085.16788291202,8180.48976817613
1329.27397958486,9363.38769132274
7586.08872050919,7997.60844050165
1331.40788707498,3808.07653972399
1257.251524231,3705.27559010398
7727.45810804579,7833.42431707508
1849.36793011056,9180.10175000397
1200.14850110057,3226.17500079869
8549.60457284618,5350.0004353747
1214.43212235305,9239.4168400022
8164.84260709738,7853.0532428947
8116.12561811422,7199.54538536135
6876.93486256861,6873.11964621758
736.045225313594,8619.64942069436
8924.87099464289,7705.07507239852
1106.37197749471,3462.60333778503
8345.92980944656,7635.87073428784
3662.62252883034,4046.01953416207
7911.66939707898,8242.9483960077
1630.52122981859,8492.18189750486
7923.73902405393,7825.40139558381
8595.99864497907,7928.89009499967
5387.89790101339,7692.71498903221
8165.25047079966,6913.2119573833
1952.831050935,3954.61939171859
1280.54280365619,3914.01669973388
1179.59934463345,3852.04986308669
2454.45649118985,8984.2901928647
1112.55866799117,9157.88350160306
1491.69612808288,3904.35101782027
1842.62923456633,9028.68245655413
7104.48364588618,8039.19081852692
7857.49939346994,7702.32721290743
8006.20670975969,3672.6912392975
1008.21053016498,2902.48797893424
1504.11841515574,3619.66385059097
1224.97294435022,3408.34650372963
3202.11875056101,7545.92682964648
1369.43707930586,3520.4585189678
7573.49438384586,7147.06599332324
1162.09388057046,9103.94098219391
7976.88286444166,7236.8718991786
7942.06551321355,7700.24570545882
1523.56014803028,8489.50843904693
2038.90058574803,9113.70303212543
7597.94750933093,7662.8944701722
8440.05141586119,7673.51041656227
7989.1251566232,6467.88392516138
8128.17701502736,6287.41186784959
1536.97406733396,3291.34965296428
7408.38826855198,7854.38747773878
7720.70914075586,7767.92711214215
1530.4272680837,9008.55911367946
7727.18264102463,7597.81821712907
1068.59026614576,9223.76844196871
7162.12489181084,7840.83195661404
7897.58672961648,7855.29611193601
1765.90985873454,8769.29404060689
1585.50531712067,8489.67379984224
7519.21362153787,8164.12299091159
6022.23003513017,8165.20575296596
7330.58553714047,7660.84882317132
358.271424566583,2556.73569339585
1432.92987705509,9157.57426379579
7337.20246950888,7555.51104243897
1747.55223878752,3432.0868299378
2016.13525329514,7798.72197154577
7481.77174156314,7859.16636821124
8378.41096953062,7946.35947300239
1455.18753114255,3658.11507802846
1052.80738267683,3646.63064226011
913.920089440639,3688.1976046172
1628.56429091145,3629.83370147031
1113.67725537887,3339.06369563447
943.368999418961,3437.72340378655
994.586133762759,3307.43047687985
7551.54425823879,7686.31283488457
1444.43646568578,8558.56610546257
1726.69364666371,8983.34006491373
1158.19824040309,8028.83257408863
6558.63632921491,7607.47489790823
8532.76720405651,7450.01003343485
1274.57893349741,8883.13306691377
7768.17847081987,7824.78696330542
988.365833649684,3131.73368806755
8485.60632468014,7152.1689709598
6967.06718221556,7510.41163886488
7257.11505412095,7792.06219510359
6316.09154462151,8096.43061396061
6500.56610273968,7491.3457161197
6640.0885022657,7582.88923314895
1256.49567973541,3532.92126021458
798.879976729616,8250.12139840479
7745.8961351409,8101.7705089626
3219.97371480264,8562.91545854567
7816.03904152845,7379.66884451614
7781.77014095365,6845.98815221903
6792.50613853657,7095.82959971595
7180.21606724279,7577.31630222857
6527.00543326435,9157.54192838938
4523.19116825082,8532.97669111031
1785.24811722966,3916.52443831349
8065.6296190764,7355.32500360186
7724.21799870616,8100.71980916817
1387.54039459138,8806.06835786729
7828.22823851639,7858.01717166854
1412.86951744313,3574.85739336751
2244.20717664576,8888.83225746969
1185.89236950129,3485.03405115226
3415.28816530805,9259.85946093258
1127.36329463132,3407.39881931366
7342.45648141399,6596.29659026218
995.978630047414,9153.75988909805
1716.26659516889,8463.73441638408
1163.63870416433,8867.54550624307
5965.8683898158,3212.40997542835
6490.2042801231,3376.61769351707
6573.23213191166,7231.55719075614
7300.80255490864,7915.9290329322
7079.39463150716,7798.78037556781
1343.98774924922,3532.62130180342
4267.40276232873,8364.3281596943
2394.90373812407,8945.32096272696
1258.27221615384,3826.60034401214
7633.76092165137,7278.23978619117
6796.40491078152,7279.1761558524
1196.67763597028,8129.75900482428
7215.57898083982,8005.31593587131
7234.81178433212,7980.14981299363
8456.81531319296,8063.16024561352
6842.0039666195,6454.45105705161
8039.07150946856,6532.92034677654
6764.15839500614,7246.69888141949
7293.10784097438,6968.47748947732
7439.14130204806,6728.44717456163
7958.69155197217,8387.29617977404
1317.10336157503,3449.11446236218
5907.4375557475,7895.60798222026
1210.4539755237,9130.00591246831
1418.09470723784,3251.9105283359
6885.12275722206,6407.62221303921
7735.89370686221,7468.37957889296
7196.55137802147,7472.64453399959
606.744898471234,9120.76187851223
6080.62898868757,7173.77691231322
7130.6958256987,6944.98498129398
957.941210702068,8838.95454437273
1503.46294635303,9055.19422864442
1783.25401096998,8548.07457116029
7377.30963793256,7198.44652925318
1955.1160073475,8619.45373645522
972.472786852748,3256.86828648397
1486.47202158642,8729.18480379447
8692.68476312211,7738.83365507587
1501.19167383244,4511.91410070578
1635.95170222706,9043.5370445046
1526.06848092033,8890.9561552367
7371.40305442171,8324.25967332835
1381.58632512691,3557.47012448958
1087.35417550867,3442.27817113822
1661.97429168258,9010.21814556413
1790.34544282832,8921.0289811878
1237.62496822665,4019.61417423675
2126.96342251843,8910.58360592045
1386.1220812413,9187.29042255449
7924.64638529673,7523.10487537612
1314.94546228917,4033.40051138683
8937.20344564706,9054.36864335374
1939.87632946719,3645.11637946426
1893.61957918188,9023.59070253327
1518.92428396027,8936.5029190347
879.802404719396,3391.20212763496
1530.57116348867,3415.07674030233
1264.08792388606,4082.37623160816
1056.75919604101,8876.11439606073
1267.60953604727,3343.13281583912
1325.79845934965,9089.80332399233
6791.0726806004,7422.8140567429
1678.86993160331,3874.11910751936
8063.30265136903,7491.16697997656
5705.89722818362,7423.67779097775
1864.9206100336,5010.80107100961
4245.25366774343,3376.45981705688
1418.6650571232,8872.03144363353
1630.87482508426,9347.83159837322
8765.90895635666,7757.49236763729
6889.47784347353,7768.58117664717
1541.07416170282,3655.01266775955
7866.80599557205,7877.90076870294
6636.56401303604,7196.61888528388
1580.64386566416,8943.73027399126
7761.86489233869,7118.22942692217
7162.08951126393,7449.72848826521
1128.26150431104,3691.73241790142
3502.85174977156,6616.27868260671
1567.49480706621,8844.47627415407
1526.88537190675,7722.67692849856
7921.12090886355,7455.41913688601
1495.6454007183,9151.65701512153
8644.053461811,6919.87760098369
1379.40831876377,8576.58059012339
1374.67751123223,9081.22066774803
7997.4371004886,8200.26281317907
3150.88501869712,4001.16182950373
6915.0478249547,7583.40655372518
7352.90749409682,7653.89447162763
2252.28953367042,9243.54625874643
8614.47151132656,7347.44977686953
7632.31994733306,7445.26260977365
761.161767786712,7874.11173211066
7834.0312302949,7758.28547883487
1753.72830268334,8571.90518824501
6767.10731620241,8272.39480322672
6031.57364875049,6980.20445612887
7679.06185188554,7299.70493973729
1088.04706956261,8803.61076457641
6996.46804703559,8528.28940392931
1050.25377116803,3367.03308052772
1235.38929296043,3392.51076694209
7595.38794541414,7557.25691077171
7097.47074103539,8462.28456053603
8102.50112911969,6993.22365434392
8669.87107687449,8058.34862980614
7912.45811610986,7098.59937701733
7090.17491429653,8328.97038432662
7912.37862229983,8107.41199930317
1302.814838104,7233.65869246593
2799.51603382633,9413.39454085661
1172.6737130303,9168.18631957219
991.931040920484,3049.35687037106
8219.95586758119,6691.81933493438
7200.05569900193,6328.87593986337
1163.04188247525,8769.15326024015
6825.25573324352,7819.30944856054
1192.32031761263,9185.32986787401
1457.63846411551,9240.00173114735
6069.12842249405,7226.97137126086
1340.4731532155,9302.80443249348
7807.65627926251,6468.55999353947
6940.39430761064,8059.17486115204
7719.48660550432,6541.47666590993
7212.93849166573,7697.63607848934
8500.55345522308,7269.27880651448
707.780932917919,8898.03505269179
7513.29911678416,8005.88236346711
956.73896419005,3252.69248753073
7194.03239109269,7547.74214966104
2874.80872915194,8980.45899245094
6559.01164160242,7853.26811504899
1456.62518479916,9261.60744434678
1175.96017582997,5236.05164724655
8387.23046297771,6640.17191003368
7255.54148609384,7120.67932714026
1551.71478133204,9088.34817045586
7593.33775034129,7697.88942049358
7090.67103185053,7264.80038610273
1235.5463663433,8913.39281039018
2257.24894281762,8915.54095831614
7522.75842061815,7690.34040968757
1135.89465104442,9455.21803877768
1788.70159449652,8590.17286784448
712.957196138716,3302.97436852303
7688.06263946279,8057.35705147717
6540.9521869792,7471.71171809584
1622.15502228554,3630.66725764978
3181.63239815833,8939.87126824084
1103.64089761231,9167.59604681731
6990.7223589707,7825.81313590711
1620.58154348097,3612.65045415035
1710.20045674484,8871.93174139623
6091.35423764945,4243.70763119658
1293.61048877623,3420.4211880283
2330.79402874684,8661.28341857745
2139.45280614119,8900.27206125407
7951.12905363043,7566.56321982638
7137.86573325568,6036.08148293153
7375.78785566989,7353.04576721833
7156.40610703474,6753.12078815655
1455.58713990328,9003.10065642949
1685.11221326113,3989.6443823652
1148.40853008611,3564.66380531718
7269.42799015716,7593.97455104931
8103.77425783922,6973.05487694076
889.460459509606,3585.22011848079
8019.40925284395,7407.62219430068
1760.71706883087,3421.92076429875
1428.39374396571,9269.91582102313
8627.87401876773,6593.1539471717
7462.43287287685,8863.8538881567
1277.98751901619,3835.95562540474
1461.89153109313,3506.90632525465
6744.67943509017,6704.93260120159
1692.02389290025,9020.54471057097
1446.15980861965,3764.49228399165
8346.39610691429,7190.14879081657
7217.51172009157,7431.0798260786
7321.02359411268,6937.48040511576
654.369345161852,8950.85876903797
2451.95866301904,8889.03551060192
1552.89800829362,8927.82658296729
1530.91134482532,3724.5990741731
1332.54289989675,8440.78634591358
1601.12163798034,3871.64625627328
1461.92843093342,3354.81175303992
1435.48647878466,3635.62848886013
1502.64940533518,8180.19569849063
1641.93630071322,8760.58605700597
7198.55291599152,7906.3753317322
7847.34780616811,7256.3752211422
999.821704468509,3572.46563867195
1484.87212849844,3488.91872773992
7294.44609612106,7387.91207245632
1858.50307576693,9299.45471417747
787.153783104854,3376.13229000584
3027.06907264875,4331.07862716069
2067.33153792042,8762.70268167615
6592.54997439072,7892.66353233675
7963.43064718955,8205.56978384303
6977.70808632352,7546.49887433992
7749.27934220844,8436.11899545444
2709.27689997028,8912.21226688635
1261.93603159031,3734.58680991269
7359.16359966753,6908.47192666379
929.231074479379,3661.86865794672
873.487784670412,3293.18301713664
1380.27862298438,9187.30786876757
1600.91462971358,8138.63424367336
1398.73413292051,8226.15398492103
7933.47645997745,5850.57568124194
1481.19453994325,8908.46534891429
838.76234060871,2988.80401915567
4260.05504534865,8943.76004548491
1799.20062644749,8290.9775725841
848.91685957638,8371.17687162675
1330.51056184323,3723.9398192363
1762.49238180459,3844.19156597209
1550.32601507278,8947.37425636084
1921.00764440602,7947.3207110887
869.330963674483,3399.80651782411
7114.56923381417,8334.33347990622
8492.14313855267,7955.1629956603
1236.12497008841,3450.54004266705
1218.97860116242,3570.74706885045
1165.06915415795,3287.90343006195
7141.55389601641,8301.34296217613
7279.01489412661,6718.08053713168
867.062132357739,9258.76721568928
1260.48590711906,8113.62564764876
1922.32584240472,9186.89847066402
1275.03568596052,3651.88901758233
3727.71456463129,8040.74179499127
1679.23073281108,9303.86757422166
7017.89733421382,6605.20222138758
7081.32685252122,8431.09237381433
6835.86927947033,6690.94809162236
9435.5643800557,6561.50293599136
3789.17307934124,8489.32900593839
5368.40438123946,7479.42454589467
2128.50891020399,9021.67242074712
1017.75854750663,9440.57329391641
1736.20157802654,9232.25674116981
1611.28699280821,8755.377472653
889.557856504983,3409.21016325546
1054.70835222298,3564.75667312886
8470.13990915972,6880.84899752284
1907.42481092359,8256.29892083007
1249.31542262457,3495.80450891675
888.175238389545,3411.32925633921
1087.93809659173,3754.09957112774
6967.24986620713,8159.99908907657
1629.148753675,9061.75977185849
1548.87386424897,3880.31652153944
7386.65175941627,7566.44824717988
8800.05409151813,6048.45262958559
1039.22973515564,9118.30796101123
8108.50566372037,6788.32642086062
7709.35352990587,8328.06163638353
8755.14673482548,5519.40187333201
8356.3799157739,7830.59178450236
1113.58489742316,8991.34224177666
1860.78223946004,8419.1952738857
1421.30477663434,3558.8959694369
2926.42645750265,4016.07100976706
1785.04799274465,8003.55843328835
7125.97200518779,7754.85331939803
7704.45667334217,6098.26110966769
7900.47859561602,8126.10646204142
1174.24258869743,8896.48098822473
2373.08926339394,3293.49059083025
969.64910869059,3216.44822065615
7764.34016677336,8205.264459828
1569.11284249964,8749.00281291947
934.883171986745,3896.81184514532
1604.04764849147,3843.70909554066
6957.17479656463,7964.14519411977
7640.13269569191,7473.48745229802
1794.15917411179,4097.18868876669
2572.82943828393,8957.98148045439
723.312752416698,3188.54301786715
7317.81279397029,7422.28506618391
8392.44780466636,6537.42026811317
1330.31674929176,3282.57831896676
7133.20451733487,7710.93000154294
7002.87233360851,7770.06394627347
1485.13471123113,3743.1620293102
8234.12106903318,7345.25118217237
7362.91671747315,8473.52089739783
2216.83177798744,3739.40364440247
1737.25396062299,3549.85525452134
6774.41727116501,6706.12922245973
9062.74531440494,7546.08845826799
6691.31790424028,7236.00265406957
2224.14709901526,9192.59402176925
7330.28830244191,7995.76646600992
1466.63099421405,9459.32616608293
1231.67130730174,3545.02057256919
7207.43953484237,7956.25009598469
1712.37534985786,3768.45867500515
7440.13188842436,7747.56758394471
1196.85987454562,2986.14889926393
7326.88667534293,7975.68548458454
881.840122431878,8950.39814567969
2833.84008613227,9063.31952163663
1540.3704219196,3882.32321471193
1005.52008844557,8944.23958280149
1563.46057953435,3457.54126593948
1617.8744451532,7966.84169230527
1121.10060880934,9003.56022372475
7512.44996378143,7970.7462372755
2155.24356340119,4822.84231342853
850.950934297766,9095.01091651267
1707.09848886099,9083.3680054682
1239.96273185853,8913.03434435445
8242.08923051017,7226.37803163086
1360.30229325827,9150.67003989258
1942.93061398206,8981.73345586957
6596.91986295307,7233.10767261202
1247.01875750333,7284.79315464416
9083.77349223114,6907.09084573993
2191.59684738072,9056.571740917
2418.63965359826,9480.81973919183
7243.14050872494,8142.58164252271
985.304097236715,3353.51737432384
2085.16824165651,3784.13123136011
1819.7708978605,8712.5853631052
7629.43699324501,6613.2941282806
7331.30094896297,7360.41128177333
7477.99085946111,8105.42614022135
7270.01955480669,6565.84608037335
7723.41574280214,7835.24251052157
1077.92638148795,3201.95750773086
7535.20432705435,8062.47763098973
2565.12433653653,8135.40323301991
1166.21726660277,8922.14066724108
6774.29182526743,7966.24603507373
1491.82516539276,9212.65881992129
1363.45849515871,8988.33593740552
1870.26456280244,8939.82633853029
1020.35263553409,3345.5998851304
4419.34905546733,6545.53897784804
8352.31585202676,6929.07717815029
7125.85066814515,7975.92669834118
7749.47779567883,7515.50170393351
1925.66077452123,3619.7457858309
7160.70101855844,8242.656001891
1712.80481409001,3740.54647955369
1125.55055585445,9147.94782423435
1214.03276813458,9008.84210472434
1418.1648606674,8560.52954966693
1114.79741827258,8808.87220415492
8546.73832452689,6484.28109237097
7332.79529034122,7709.85479681619
1102.45777057653,3596.8374925292
1390.49157359388,3611.2074916148
1426.34441735995,3723.18964378134
7485.22814029161,6861.86284252894
1861.74485129269,9406.17823014157
1505.79477079591,9081.43019258312
1944.05260719098,9419.48198839419
7297.79128740115,8042.9601969166
6795.23219593072,7979.24444766524
7553.55738545915,7638.25025522756
1266.497818391,8998.32657386879
8095.9819334083,5053.75990877554
1088.98943147885,8021.94838841163
7417.52891684049,6636.97128531581
1499.81316711405,8028.55247192465
7660.08564653428,8202.70931201419
7002.07600968649,8011.56703081273
7618.09104228856,7975.24893361485
2266.92406946177,8429.79819335695
561.511159667751,3072.86580711109
2097.02279866634,8780.65959092367
7562.88971130542,7150.19305245596
7445.06076389068,7883.00707021683
7608.29771733657,8211.98481238419
1499.8925207163,9116.5976586102
1338.60657340173,8831.42235275957
1870.66900322474,7961.63754860208
7764.25414294431,8094.95118132949
1221.85835838677,3254.33965273423
8594.61015378244,7363.46461329075
7506.58032691718,7386.47078509248
2893.47955538302,9291.9713093673
7477.02548736407,6594.97932264419
1411.09114289555,8213.90024442046
2021.13225726694,6146.07952133572
2158.33471933346,9213.66142441142
1928.6453173636,3351.69179767413
8277.38440592418,7606.37791566737
7445.4819953577,7554.23401375887
1424.84683065637,3680.19695541246
2101.41402891481,9153.5869826605
7538.04437076161,7006.47353503145
1236.46779015755,9545.39752185887
1232.53179538076,9230.01764287567
7952.15312086765,7641.66525918407
1865.49488614842,8905.60822891328
7930.01314178859,7967.95015716402
1585.5773041759,8224.20216253799
1454.58062065842,8794.71333679166
7414.81399301529,7886.02141092873
7964.43288450899,7546.29873731724
7257.90155327304,7373.16713327877
1031.12541116896,3394.25226716779
1326.11990739057,9194.17267291983
7527.22773647783,8066.73894780949
8293.43975403807,6576.43012267279
1112.94634028826,8978.52647552614
1770.84038190669,3727.28755554892
8463.08341556362,6675.91231080418
7696.40380936807,7336.07513506147
7535.06990212772,7498.88307838567
7333.47751895673,7687.17572270129
2576.32134357386,9229.64464561225
7727.97524676615,9225.59678898127
7590.18857837603,7311.63084915143
7581.25939832521,6079.58348678463
1647.72037125782,3668.29300049132
7631.4932942748,7639.09564314384
8464.07813217774,7555.07276409553
7222.30402202263,8220.87156489806
1616.01778038054,3993.0499718857
1966.94377803818,8246.58573051238
1727.61826498139,3702.98915743234
6848.64527812973,7603.48221958078
8101.77404311667,7799.06963777603
1345.26308151787,3858.4014396417
1290.95789149807,8744.838335013
945.103983680704,3131.94189880559
7104.7165027404,7575.35326234819
8752.61702164149,7890.10260245306
1076.71090906694,3135.33929920075
7072.55671070625,7969.60779459442
7674.48347814759,8093.46137095282
8485.5427335823,7808.05672254818
7667.15722752266,8209.2054753483
7888.54846074044,7731.221246934
1604.44676484079,3519.47793600208
6997.09883650777,8084.00802070781
1182.1392652934,8744.52051632699
993.849907915937,3535.27182893153
1279.61088415209,8124.89125864663
1002.62199948127,3532.52698009539
7841.06331057085,6778.06378103151
1862.30449896986,9196.84001418577
1675.24135839656,3706.77452626835
8134.77829707271,6837.84015454223
2405.24382092358,8671.05099940865
3116.63498423705,8453.19041023779
7511.22807677153,6990.49893813041
1435.10686774319,8672.99961157436
7598.01903876122,7612.1932772321
1505.17301963251,3597.3531539311
1720.35038091857,3858.6059910361
1334.24546836822,3662.18818963344
1484.59115751496,3514.88236012635
7473.25304254101,7803.84650475736
761.476741742195,3370.26121884372
7133.57572091905,7006.12040757721
1614.04570495433,9311.41275767141
8493.26842657056,6496.51284130491
7465.67325442034,7706.06584561875
7955.12157506829,7933.08065979288
1799.4242603555,3705.72069480414
2828.17560868739,8058.0869381285
1209.28777795924,3184.28707649152
1621.36095842169,4043.0982334
1722.34683718205,3846.60486506149
7562.76143075885,7986.88008271355
1376.99276617042,9406.66648899673
1614.98160671595,8821.29113354522
7638.73496197366,7898.51798229955
1635.11105756243,9055.44754296436
2342.96002275937,8929.28532405041
1101.55756363527,9271.50878782781
1645.37640123864,5409.93823342192
7710.18639912268,6594.1245328915
8585.18369969493,6811.63904159224
2038.25515075472,8822.12855093295
1384.07720990862,3674.75696207998
8474.84516139132,7171.53393476944
8630.75834956695,6958.43184259837
1172.88060597019,3730.33663365345
1633.00936695611,8894.64792226747
1600.70946077424,3664.33480418358
1249.81005472226,8878.6302284091
1080.29021056109,3659.88565191971
1376.32800025722,3766.76750189913
1625.88210384087,8383.61171879505
8664.26702948612,7264.52079206624
6821.15053935327,7322.28098461676
7667.57665442993,7918.78848248531
1769.26034510711,8899.12005804466
1149.32248516579,3246.53174914424
5672.62377422431,7864.28200930584
1385.32581455406,3678.56209988871
1230.98405978053,3620.65251614326
1326.07819512743,3549.82252025193
1156.71592985119,3425.22928020683
1638.33818451581,9161.23526563768
1654.83247612832,9172.87087338142
7358.31069017794,8220.64487777202
6498.80322287964,8551.80105828955
7965.54251026356,8348.44182981928
7911.62708801953,7407.94877225689
1329.32775455916,8850.7969675331
8796.64467201463,7556.34100682682
1415.63982327743,4726.04938011452
5044.9133898187,8391.15455253874
1402.85473253576,8952.37261146199
7583.95167505768,7842.23773019761
1298.81253397458,8954.17303760196
6851.39974147045,7481.14449001575
1863.51009445906,8932.7714957767
1164.6805277017,3033.87519676056
1445.54683106575,9243.89397005677
7075.43150315315,6786.40682981636
6722.30767709689,6804.35727064832
1834.38807144114,4128.78817354777
1323.82349218235,9315.66687159657
1775.68941322048,8356.30888788468
2012.84580277302,3224.07988741786
1220.38171128912,3620.49174840941
7636.87623567682,7774.19004568705
7359.89562291888,7405.17850580161
8534.43742766299,7217.70515006989
1576.31944827829,3968.16658637288
1559.20421450977,9276.77729413027
1708.58091327204,4087.57738898169
4085.6283142675,9345.2559944659
1700.74196893518,3696.51248357463
6733.74844187366,7384.79013049775
2371.74271778356,8924.16594852918
439.610997470154,3002.08323019615
7758.702661111,7371.48737604399
1673.46686732191,8488.386870725
1550.56445839845,9146.48095716361
907.268165772003,3038.75075589516
2449.06141012237,4036.10004012724
8093.94715786792,7696.4808326313
1403.81984362626,3546.90272486415
1825.6462635523,3816.04216333546
7582.41511583395,8004.71634018462
6979.60331781916,7236.45653662009
6822.37418790611,7197.28235868692
8044.45649470427,6750.96535945314
727.608672692723,8293.67114671849
7079.11341474076,8065.83436970065
1376.54929147227,3981.82316753615
7136.23869500029,7304.9082321045
993.11043045958,3207.46371718721
7524.68360184245,7853.07323875896
1823.20886216024,8749.85156970394
7298.64550114955,4000.65972119403
7391.0468096083,7678.98507083054
1162.34652665415,3742.06064343813
1613.57094797636,9143.40896076906
8917.70668367229,7671.39819780178
7868.46902903069,7335.11979216299
7977.39354441503,7231.24766555048
1437.31944026421,3685.13225627519
1331.70697082593,3743.60109834843
1227.2329438575,7705.51494533875
2415.65852627245,8168.67874974095
2340.91140999061,3675.2521422093
2510.44919765567,9164.75665745185
1735.05493150477,8504.77331873456
6920.00543771264,8037.54410202667
1279.91336531134,3778.08717527622
8674.00945839444,7341.127905416
3194.51287288714,8226.5416281035
959.198726207564,3097.03608694331
1855.89355617222,3800.69823915661
7238.33782226478,7869.11563157526
1392.24995546125,8928.00248832759
8458.01982125674,7060.56315660995
1144.97980273642,3385.858881393
1299.23894965364,9045.06149270656
7521.41471927536,8411.13342161819
1082.89153368766,8947.92753791189
7277.85971410182,8595.25325532363
1627.00667703024,8574.7481798688
7742.81180506398,7617.1751173645
7914.33060019303,7582.3184339619
1294.46951396778,8042.2300548899
7940.32265554653,8072.21127418552
7346.13233797345,7266.86557054983
7761.53573825209,7140.34767292801
1197.43385945523,8227.60840011978
2583.84862013927,8899.65571863662
7967.15124258019,8510.92989599711
1719.55901122735,3867.61479273726
7264.98766075748,8325.00170581459
1188.42883142607,2928.9144530037
8323.23251674398,5753.99949929693
9129.03720243384,8221.92517071925
1034.47002028169,3434.23948820718
7081.89848315667,7130.57544000857
7267.16084784257,8826.57288402296
1084.85044705674,3119.48570998164
7617.67462441195,7967.98900856668
1265.77926676719,7907.06217263626
1759.90368650456,9053.80032589452
975.27969376153,8875.891978757
1494.95657679819,9308.84080389859
7060.45438175019,7387.86788025372
8801.94008416998,7184.52969563678
1936.3253578436,8756.85824356136
2069.39872317685,8866.34688819937
1224.59938053851,3561.63423268937
1843.12626391407,8590.82122142284
2069.69874747245,9229.02180981691
775.813376301912,3196.25906603612
1435.92310352237,9225.3596891994
5149.53384924296,7772.08170858321
1829.12598956567,8838.17329864664
2083.05449528201,8719.46044071405
940.337175486724,3205.47046217006
2932.88490349906,8507.68645480144
1368.63269958805,3593.17019259638
820.343680136513,8382.649044019
1194.73566166647,8079.92495863853
900.407642526026,3520.83901419034
1127.60981627115,6924.50974126884
2631.90801285749,8432.96981937802
7874.21403413057,7753.11978055112
7589.08785770355,6251.01538212869
1403.50656986108,9060.15979223313
7250.62574405373,7271.50137406738
6664.25484366113,8248.01748039567
3180.84262548489,7433.03070332913
1832.13946485176,3982.70518145635
6717.41232808096,7730.0957632249
1889.96568158762,8452.16006755208
1634.6771506815,8990.23449667853
1090.96649097874,9004.48201532869
6530.75776152651,8553.64022060516
6980.12026002375,9081.59522828061
2127.65991957398,9062.54148722441
1342.65070993052,8258.82622840008
834.009777359694,9155.92788954033
1243.78050236598,8918.62954937118
714.332477933606,3053.42124287518
1479.42289626607,9037.26444331713
1506.89326767471,8102.74567876213
1692.15412938358,8957.19877730084
3261.45055405603,3378.41079882245
1944.30737974444,7911.35749372768
2192.27962406857,9024.82647792382
6992.66232022017,7377.36389829817
6467.474676494,7939.44282602011
1500.31957305877,9151.54642334256
1099.60043834366,3499.77361988186
1096.64856245241,3529.2821025379
1729.73701931889,4243.72114469958
6885.48491596893,8569.70756733737
1596.82838905357,9009.6124355469
1169.23376107397,9537.13853625399
1567.21040074848,8957.83778092865
8625.69473449035,9087.24440218774
1578.10618500328,8873.63032643302
1210.00024275431,8437.8993714184
7543.55219954612,7730.5990143652
1275.48731128274,8668.56120891475
1571.34967752713,3368.67617993603
1336.21563318344,8807.85863261197
8487.96136845735,8318.25134289427
3772.34643830929,9219.21616876472
6859.87070299014,8494.84989215714
830.572327226334,3089.0000836114
7025.46285126065,7241.22214855306
7456.30271735288,7588.65850040263
1726.29819251239,7712.81311003582
1154.31812032551,3413.22807552065
1586.35074635013,9394.93800353472
2215.22470525691,8430.18943400226
1454.8443643594,3263.10258167036
898.146989975348,3245.21713695112
7932.02663573906,7191.82390561196
6951.70346474989,8603.04262444082
7434.31068869046,8481.20490440014
5760.41230125586,8207.4406956668
7210.67571947324,8129.21376683237
3067.65006043071,8794.62445288447
1462.90542039647,9173.96770003757
8892.33192661211,7815.01375483296
1443.16727877546,8547.16254996002
1311.86807634488,6048.07940816562
7045.89892545898,7351.5913365397
6301.80180067666,9133.97932051031
6560.25487984041,8296.94567518424
2197.85189213688,9125.38211859725
877.292062624524,3297.9298906247
4780.10550304403,6223.76265051824
7160.02514003025,6572.25554247357
7943.82122176256,7695.78270897881
1270.47669198998,4859.3854319426
1782.57792534937,9123.99001593592
7325.0949243151,7988.71659403168
1777.69594532533,9203.68936107857
1089.90556706104,3254.47763458084
7280.06282851095,8202.79019880965
1729.73187603579,8843.64604298974
1177.86513474466,3449.89392857119
1700.83944711271,8858.83697508689
7352.42977183089,7009.96429177841
1973.22630532686,4765.10504221624
7597.12911811857,7881.70918956943
1189.20452398233,9015.38264466306
1778.84902748878,3589.97231979348
7160.64061512007,7457.66203878437
8445.28477172475,7628.85264530591
1118.92977134258,8151.47637924055
8967.04979620407,6444.39588557744
7825.55738427482,7984.83822235553
821.788269132499,2960.27145935741
1433.066040556,3561.19859454977
1942.97242365425,8783.04287560922
6434.17619777775,7589.27384802876
1487.90949049243,9225.7585258804
3376.91271891708,3368.35811250574
2928.43315577902,8789.68467613627
5923.87003519624,7904.35865207459
1637.44204831829,8970.32680167937
3038.93590864834,4018.07630663543
7964.07897354992,7346.74593642098
1992.65185016706,8802.28290031358
834.923128095225,3231.59238401875
1568.73680241457,3494.34445323969
7725.1436511009,7865.13221900132
649.987341766962,3216.9714129354
1171.93380309168,9190.86290058647
1577.5431760711,8760.62461479368
7760.28692273988,6979.85530794425
1687.06280333694,8434.92175962245
1116.29119866709,3596.64174392624
6923.31625575578,7816.30436059533
1565.41294011394,8574.7272222164
1207.65185964964,8584.41622973151
7844.67389870346,7366.84814801037
1310.78097179885,8816.49517247262
1321.89883524151,8882.01332710284
1184.83288232495,4251.3072568312
1710.04372896528,8856.08766626492
8424.82662454885,6117.0981465
1182.41249882184,3289.67591314877
1743.61965314844,8783.05353390214
1466.99279873767,3812.02648135126
774.526435533832,9037.48669120842
2031.45417858389,3629.21575675114
1045.23667945454,3395.77860083472
7319.05597597856,7606.47564387155
7416.81500738656,7854.11207603244
1563.09093071999,4099.81098547724
1715.83498430564,3800.97762769277
6764.56350365388,8179.69697738024
821.629900220623,3700.65626331446
3438.96233245736,9212.94943153322
1179.56776714434,3465.78035967401
1851.77152228362,9112.68165940437
7933.50754663708,7709.249762306
7120.53328992903,7646.12999205938
1825.7373653383,8026.83686303316
3256.14709021587,8951.75141456809
2909.6808343019,9445.3558243446
7427.27172497268,7891.59179047444
3086.08882232977,9032.37959269431
2631.90536838321,8761.39622044041
1187.47003868504,3806.69756473303
1541.5419707997,3644.13651689931
1459.1297697357,9092.78370395656
1007.95504912046,8246.91326183179
1114.00326413819,3297.74420343747
1909.97514740481,3976.7302090497
8583.03167931473,8405.87726550629
8508.27518967114,5672.78241399002
1675.98800489421,8267.96481569942
7360.96618624692,7996.56038809931
8461.68031654583,6057.08566229571
4661.55763193757,3351.0756298298
7811.82351556953,7512.03101280116
1703.42424092475,4029.5456913897
2078.76092194974,9058.18609936053
7729.00585660475,7429.11757406614
7347.75305101188,5635.83936854882
1742.26873262558,8746.98970910291
1235.85657736799,8720.7702339841
1689.86838023414,3725.4905171834
7780.49766344071,8291.70439408228
1261.69259341245,3534.99172314319
1412.38827628443,8531.86018168973
7935.13243687017,8220.91469169862
1200.57801353634,8852.29849279177
2390.83952443009,9002.98806860993
1642.03893743552,3766.24218912092
1045.88350851027,8462.31305685516
7141.02867844225,7523.13743539184
8050.08945749403,7655.84194045916
7434.20432684556,7654.80845490013
7209.17862975986,6933.58700137069
1001.81693507589,9340.65160627007
1499.41277546906,3691.89947670245
1040.61123831966,3602.2165847061
1105.76993806029,3369.26377703388
7447.28272383041,6434.54012256224
8146.29035401731,7076.33807281756
743.095667456023,8855.95105188677
1568.2559510325,9064.50146952615
1495.88351222501,9340.55106057531
1772.68201853157,3878.1018367193
7497.79629994688,7150.50629685156
1587.04985517499,7560.49232983905
2779.17140003592,9074.1930938501
6967.73915344467,7456.05441449958
1576.61457130957,3861.98218795974
6717.41595116731,7658.95453998163
7401.96078003555,7516.39145196111
6522.78139005448,8041.89605091856
1532.61805458537,3745.74225458113
1982.96667911943,3438.14112169313
8083.02209505813,6492.64374355844
2268.52789099707,8658.22562527486
1894.89138938904,8626.03052751866
1055.52385589789,8923.27069047423
1842.83895603756,9224.75681128698
796.070490049535,3271.23307142573
1121.12749970338,3365.81094694219
7256.7356048585,8063.23300087641
1596.84006747426,8664.84947490905
1084.24395314496,3403.4279474148
9121.33036824794,7724.47501976194
3933.86454132827,9219.75184736657
1954.05286843567,9183.26798599683
7077.79720487712,8362.99355025742
1106.16216177844,3092.21916165421
6492.98053265969,8001.68113353397
7452.35051865232,8335.00403391665
7429.01368568705,7176.43409795802
1334.79847822289,8926.60234346399
1395.68298234598,9371.88673391146
7154.92118894684,8046.35800032882
1189.06137415478,3425.67016612975
8145.81952942167,8052.12740673759
1478.59174471757,3874.68775460009
1516.39981391719,3452.9628940256
7531.23726794685,7316.83925350992
1797.36754534639,9153.77602268504
1697.17086902027,8888.22487769684
2005.52056130918,3542.58573153072
8402.53168621168,7310.68790418903
738.237280910917,8123.44443963089
1265.15639176457,9028.85652944964
1483.64819060841,9257.37605903164
7881.85612107641,7665.99941241561
8787.34534766749,6751.96788346325
6848.77482103364,6376.76405482444
7821.05965878402,9404.71996494617
6980.99867903612,8144.69239894917
1521.81223024274,3579.75646985404
1539.71677929358,8691.40298828123
1814.40209272434,8778.01048445368
1495.70798412459,9144.76021692435
2497.64758132354,8722.45599440645
7236.84761206704,7418.53496619538
7525.49771985008,7067.93029707014
7719.46550869278,5730.03420383803
1167.66448868522,9161.10613052748
6793.67818170024,7460.53344931595
7245.26765695107,7040.55935016781
1611.2277751267,3477.62046870357
6247.51332629961,7176.72121576581
8455.67273382773,7606.10796492977
7562.69165656197,7803.21274248538
7562.11805406245,8063.41532647246
6811.02373087462,6948.08770094137
1239.88836327672,3947.26147938742
1025.72320570675,3468.26090654848
2081.4641223772,8892.79088226691
2145.62468942594,8409.04044346992
1691.86642821438,8387.1501713969
1148.49842381917,8242.491484417
1918.07592511588,9019.45927363833
8452.7248829521,7249.32049524638
7470.89559235535,7579.92083936555
1359.17202563838,3705.48155582476
1487.71525259629,3768.2547366067
954.501496927332,3433.34793315981
6782.52111535158,7410.06239844228
1485.27802289477,3651.21226928986
1768.5127716205,4552.07270510559
1606.28577294144,8244.51382666266
3620.23895026061,8055.52418597984
1788.14427222458,8430.98100909408
2249.48488145268,9245.73789767409
7026.86244333693,7784.5638330862
2430.86684597959,8156.55305073099
1414.50969509566,8969.90696124901
1323.80179673529,8298.96981476397
1194.12157785351,8086.80730882201
7132.14381711822,7378.11193142945
6877.0981858146,8092.51131559114
6768.75601314806,8318.92424716442
1638.4545838421,3913.2632969232
2064.04654499125,7603.89508435595
4853.11723594841,8426.48276449698
7217.90442228966,7902.67608325317
7369.45071247636,7379.16167371711
2034.9955724538,9101.4223515823
6893.27955482084,7508.77851662576
7591.62244558108,8341.33086622015
2183.65152569545,3817.94803978668
9376.55556518239,8113.78985940654
636.084068986517,3119.45953276943
1255.14879310148,9163.7201160797
7449.04502679421,6956.15680898071
1477.93311257506,9164.52660464812
1701.20279991892,4029.22920055691
1384.96662504179,3391.97589404837
7408.16590633525,8300.16225743921
1082.34020650051,3435.42844497774
913.076460878497,3541.25979638592
2030.12290309668,8453.4042670654
1253.88834083106,3717.38497902966
5406.19234180497,8523.54675785793
1482.08679951823,7881.77048423465
8332.78591422581,7472.71666352108
1238.64888720223,8175.44745027923
6229.69293478228,7226.93232499076
2422.60853639176,8487.07673756904
1515.86279721473,4317.05482004607
1282.5971259005,8833.33256592093
1133.14538243297,9066.10697453179
1706.72527682454,8908.29111807394
958.619677667378,3445.04724232876
1713.05259716447,3610.71299181931
2591.16727501721,3332.52944839859
7486.50438787612,8237.68794830093
1949.27701064193,8806.8232607659
1030.95013322312,3384.37583939568
1432.51990265509,8372.08152168331
7178.63944394864,6701.14183313777
1204.41896949778,3458.93818656259
1568.44278660308,9357.67971934191
7421.64505133716,8426.47802000774
1259.55352665771,3682.37484042519
1044.84718261445,3282.73249211234
1215.32231776541,3734.44540957833
7347.67868618756,7579.51344780453
1177.65891666226,3574.47721393696
7765.32386841631,8510.77201291
7433.41534655978,8384.12220660071
7469.11058737389,7192.6013261385
5960.34308511232,6547.35391299773
7460.72979220584,7171.58354175533
1637.65416978583,3522.93625642108
7668.69354735653,8329.47278503063
932.872638922081,3703.34633047656
7252.07254471676,8222.44641417287
3397.83648463364,9391.73574009568
2922.32760061191,8522.43458743985
8690.36990295258,7502.98954336441
1912.00569592986,8701.98032614874
1657.48678300026,9063.35683103385
1170.9365640186,8204.91544282675
1171.24983849207,3542.21399214468
7063.17405231962,7435.54439304062
1175.01721993219,8682.70101417586
8389.26756414274,6963.14668145812
1495.2455321511,8588.52207267506
1793.21694894988,3675.26720136457
2797.81112579149,9054.0313682991
1000.88000716521,8807.28628577152
7465.15508437172,7006.49172196735
726.524439960579,3490.18068495723
1059.24515246515,3019.18002214395
7008.3854366529,6662.45195789673
865.910548268415,9153.00941451567
838.901403424075,3400.21478714278
2418.60373915842,8429.90671126767
6540.50927118693,7057.88617728324
7167.68802379314,7860.38103217685
1528.60850511982,3731.92413613454
6736.01106238596,8248.62406324193
1355.91934837967,3749.90731859269
8592.69408157758,7939.755478542
1203.68875504476,3552.8538701236
6666.4632645404,7397.46093237057
1612.27889386312,9045.30838329835
894.314819853808,3423.33448629722
2660.51890229576,8841.87959290782
3202.88235173427,8641.3387194881
1814.72885086713,9105.40781042071
1122.84727469589,3496.59665423694
6641.10552430311,7602.02436399376
1879.65679000729,8929.48766847859
852.89370639847,8820.0467583299
2571.5919395032,8834.4473215744
1871.29214305318,9043.00087406552
1765.18469581467,9120.28042684234
7540.54174090336,8251.06112406588
7008.81980190613,6238.83024791308
7457.84100590979,8545.95201101786
6746.24065825663,7123.53898600988
7552.06999877869,7965.58338702516
6473.32696872835,8219.12567274615
1497.77219724799,3938.17235862019
1504.55476210674,8977.37396867617
1603.47660445375,3694.82781937358
2210.66758873768,8969.86692543488
998.334797132919,3497.90283384548
7301.77404231895,7378.88150920346
1357.02453598672,8263.92610117489
911.520907479685,5181.11171890003
1723.98161884946,9229.30896393981
7978.62499782283,8287.38769578988
1702.03768428025,9288.24340954829
964.299244972004,8801.52325275526
1103.80636507489,3190.96932459348
1138.20987811614,3447.92291531472
1182.13253389361,9221.02303546488
2123.24048664725,9044.23918571873
1630.60910236673,8869.70770040067
8008.78593423647,8145.2435235557
1736.47538474624,3286.91150811453
1023.16903340756,3585.64704504571
7576.27820242114,7376.16047652018
7351.82899179638,6912.23928533094
8160.34305468924,7100.67388176581
2676.27040882623,9367.09681682977
8311.62603015518,7910.80807625301
911.658748094162,8784.85380089569
8559.97187188684,8036.81646891469
6928.64200653693,7033.67284624689
6847.98306618265,6948.06150030905
492.252002743239,3341.50122901673
7995.51110138145,5686.17080497155
2397.95745534117,8797.33002074649
7280.68610284932,8196.25892748501
1224.57597677305,3722.55124199786
840.936212385669,3285.07606387328
898.62976029691,9175.84062114002
1293.25802072599,9274.66829725138
1466.73979399762,8891.6055222724
7878.63177626906,7237.64726607639
1713.38348232262,8851.96328681763
965.261451755518,3606.73622706391
8040.77499484309,7541.21317590194
1608.0161916085,9210.82124239022
7901.89646597585,8163.2067574513
1548.34590537967,3359.2899588813
7684.09387604505,8257.82468227947
6629.78147272508,8280.43538977894
1709.03523632025,9325.77455226152
7049.93750176268,8067.06027703791
998.740960672668,8838.06865637039
6024.77425372148,8418.93423675371
7083.08175572337,7814.18623490435
744.218550141604,3466.20822559362
598.766879013303,9037.26357832829
994.223314664033,3161.55422295455
1719.15251085562,9012.70879526517
1134.83710798975,3931.23584234584
1878.46022992209,9261.84568451977
1857.57143114295,3929.51652637625
1036.45014481544,3326.81154100167
1212.02091836236,9236.10499949628
1712.64549946177,3595.17706601682
1397.19629293161,9253.08845741559
1652.32266798054,8021.31839853931
6866.2720820726,7580.2300714272
7322.00397596207,7910.61607723536
1033.63187795844,3619.5897037398
1053.11212592363,3351.9285096311
1345.75602884231,3581.65535249695
7477.23353238762,8017.70810039497
1011.25480348275,3506.0919245767
8004.19470589274,7268.39924235494
7754.30471240136,8014.97043472528
1362.45130267728,3768.79496503409
7340.74375823917,7523.99043905928
8746.47921435394,8184.09774334101
7678.63811085208,8532.2112447388
7420.0814933329,8206.89588362034
8221.79717884898,7301.78480394258
1100.92889414222,8611.06474538997
1406.95036771665,3217.6141887778
7308.69851711682,7628.99451853643
1320.64308755886,3613.82564526616
7250.61850418098,7953.33065659887
8791.11227367071,7656.52942071422
2097.41078929042,9191.96319662347
6175.01696244455,7117.69009099434
7283.10705366577,8354.05293360731
1738.82147219368,9205.93390872697
7323.63262869122,7073.42596275462
7491.33687322467,7520.28568677186
6389.01204231927,6751.27092685121
2091.73381312177,3594.37092999611
7710.04130140368,8215.15800353189
8433.61847286317,7651.62335127157
7727.27584005183,7258.49786712807
1480.96494304779,9068.17086199579
8383.81713716085,7769.48608177261
8640.5663436246,6540.44285432965
1160.48924772743,6720.99090495692
826.262688783248,9124.74600240739
1177.61650444658,9037.14789975757
901.044386199267,3518.30868253278
900.065513690965,3269.66501275966
7581.12290671255,5870.33614335163
1003.85510163489,3762.50099548127
1101.77973900192,3365.22535728664
873.863234376868,3474.78758429042
1022.73162722817,8821.07588816364
2236.13636437316,8957.35687916127
1269.17303857438,3747.70934964092
1048.84985302368,8572.21441194448
8366.25845022152,7366.09597199791
2083.49785212324,8004.51640307231
1313.54665055166,8945.15850319027
974.778250230056,3368.05351214877
834.430399980639,3303.16495697767
1183.66409321101,3583.81646028364
7101.13564720481,7009.46996565896
1038.10710551779,3244.07451610793
1806.07124809023,9001.4922381784
8227.32303640647,6592.39101995291
1028.01954983178,9142.79640781379
6812.94335953584,7440.76771160773
1384.68618709471,3888.42408458557
3155.19761861219,3777.43199172078
7310.82211207744,7997.82819257982
1217.52325700336,3655.38782038139
7078.43770968971,7765.42702133898
731.845954754615,3556.24385705933
8679.30853857482,7768.79004048899
8537.63391223515,7450.27618214732
5380.65572224279,3805.22938347544
2659.37995910523,8730.01941768773
7361.63526078911,7574.31850573994
2027.46333484774,9030.9596198325
1753.73862048598,4262.24091444699
7978.98408171832,7236.15853560564
7568.33206920741,7766.00888058716
1701.20210836929,9032.07327923529
1265.35229978202,3308.031453468
1764.5702957635,8433.75596173614
1708.07857337235,9120.38303435237
2562.40075725487,4231.11558285617
1320.64456543987,3455.9602076766
8886.00200948246,7183.91848928645
7661.91743288854,8333.90682513338
1530.61928110012,3548.10449765112
1181.02406980018,3597.56837743878
7356.28419563382,8058.69354987997
7056.10692539116,8336.24859775074
927.890272720263,3592.10114202364
1289.55945651866,3617.70459889803
1206.77825857993,2085.79144930026
7757.47199203078,8044.59669594301
899.387437728363,8465.17579475902
1561.51527621414,3128.29824012766
6977.96463615683,7272.25665620945
1846.28262982661,3986.38118741647
7061.62821892527,7748.88331948583
2148.70131515918,8768.79423467022
7891.12506233403,7549.50605523989
1838.15664820703,3681.09877606774
7726.09999162717,7086.9741971842
8355.39898756103,7839.14672198833
1799.95098219114,3651.08678483466
1120.50589553325,8968.42955545302
2156.52276736576,8982.53368336509
1503.92229401456,3818.48780095946
1714.7260202277,9020.31807012572
1089.55636705279,9150.30132226245
761.687250849141,2652.6852999317
6123.21658922789,7727.75771504953
969.279378603869,3309.86274597136
8737.90424684188,4885.55093076918
1826.28821697482,8884.79330346918
7186.71944333458,7287.13889190444
1547.54629115976,8959.1444389534
7752.89578344226,7414.68476810496
823.457514351535,3249.3235826941
1415.96661860319,9003.35971238026
7254.35481199421,7820.5011103284
7660.76977022913,6841.98036179729
1584.82102185384,3882.7800465285
7487.17741379497,8018.43372338468
1563.12895301456,9404.79247981728
1220.50343895565,7563.45258897894
1493.71042399414,3876.09984232255
1664.3058455296,8413.56959253834
1733.7684740865,4340.90342478195
1356.88259849336,3256.97816259257
7237.87305603989,7744.21797109384
7681.45160911871,6641.50116161659
8720.00260088443,6330.34662472028
1765.23819568041,8687.34766189897
1251.14473844626,3581.05536612453
2008.76558946109,4193.49962694161
1570.25909699582,8991.94702779914
1705.34045834296,3600.54498625216
6911.0136992411,6557.94530029674
1126.60963808015,3221.68140296033
1366.88251426394,3252.20778270163
1011.95992056604,3248.36825261937
7006.72541310242,7551.20307092112
2018.54943270316,9027.64000992337
4711.99261926358,7021.98983882167
2028.79287879312,8660.81073916948
906.903049874093,3399.14938798562
6067.74844849072,4772.18261975841
4929.17942261031,4274.51984513761
7099.83632318062,8425.94488513075
7472.77697876448,7700.26753081086
805.40966369719,3139.77818170026
1086.95117181438,9119.35516100585
1985.91787972626,7367.01901732381
1828.9170104234,8585.11414708962
7023.75328459759,8099.04460947293
1274.02875262636,3583.92547220946
1941.82902843851,3684.04233152304
7356.12866317588,7408.66385466703
1634.89483656903,3626.51450861882
8480.03783738943,7250.82470893856
1298.47194011713,3459.40757307469
7307.34096019782,7477.10492779687
1178.98427373418,9088.79490895684
1570.0949294631,9016.04475722557
1706.91844520897,8371.17834736252
2071.7624873992,9033.45142797429
1495.30342951372,9123.54750060955
1481.65692418128,3765.65954605071
2021.44111085549,9302.33773312329
2307.15833880116,3742.38139915869
1223.512448744,4882.58012335202
7072.72591339869,6684.23810348143
1477.39435941365,8986.49219832841
1530.4944093466,9116.57166279284
1358.78826551421,9161.5237645681
5583.02051273193,6602.64942671397
9252.27820946357,8047.72412533288
7462.29682758546,7550.78258574521
1081.92097355779,3462.49402799328
1737.5539336918,3457.29786078272
8125.87755365843,7451.3133340368
7651.23134543129,8143.87868713415
1205.3463141308,9107.76343206531
1125.10624359659,3642.49298482695
956.087735554601,8386.17821078146
6546.34388414535,8068.44003802334
1578.46448893226,3707.39261365728
642.161990738389,3011.02032225621
1638.28559793065,8624.72182592995
1540.58333639663,3306.12379021208
1466.40053353617,3918.75353894545
1387.67696919235,9164.95537634722
1260.45917447467,8758.91811345394
1312.63897784024,3248.63743797539
6835.42050103331,7409.68949434106
1389.64547728528,8958.06592514269
7490.92428397403,8073.44882404364
1152.29606467149,3323.7389342237
6977.24982562957,7505.84899447533
1975.33250188929,9304.82951482376
1719.42395167065,4045.44754293297
2511.82243663034,3926.74297075466
7413.64806608904,8211.70826863891
1237.47475827189,3769.62698228611
1448.97568193092,3923.678311593
1566.51953736337,3331.55255255694
1427.07736031789,9076.09324626378
1386.74069349189,3277.94873311939
2243.26862728705,8979.8860132489
1128.11111862844,3397.28797467906
1619.3562946604,8976.67425963886
1489.64079510419,9242.19771658045
7263.22225227868,7207.95557881063
894.008796793899,9098.70028690777
1407.53112691701,9113.4773700179
1448.4939478815,3528.65133654814
1522.916430326,3686.65016778089
1326.94416679887,3648.28204648347
2447.09401985091,9259.7952113747
8545.69234166986,6788.40503350964
8503.17792786557,6813.77056773147
5187.51197745516,7423.92057860378
6883.7695246088,8295.42339273955
6682.86672285642,7783.17801153016
6525.29553005822,8033.35990213316
6884.62482722599,7767.96087164535
1652.18832272671,9123.90403435765
5546.64906974696,7219.40816263259
1769.2185019506,8990.43741327462
6861.99951464172,7559.45567193066
747.006188449647,2330.70964185393
1617.36701216741,3819.6225897158
6890.02920162867,8330.48762264227
8540.26889559008,7500.85304172228
1325.38485981971,8998.06731559077
8901.2188397949,5451.36965364092
6963.87443716942,7268.85645701471
1186.37946089144,9010.01306369152
7231.87633540264,7447.23601612856
5639.04513408022,3758.25795030313
7605.39355351731,7042.46014791814
1160.99515583211,8153.2609688228
7755.08531016091,6763.52558832526
7935.57236065963,5922.81828113304
1374.10771088136,8957.12826375552
836.428224420943,8785.15819467247
7706.4579774833,7881.1553803413
7404.06930962803,7870.42530411215
6830.97051586611,9638.0073841058
1231.67284074142,8537.94192033365
2627.00511017235,9088.83796174793
7195.89218337294,7321.42550147443
7369.03303494441,7558.83174202219
2025.90051888372,7913.52371230096
1321.49328071783,8718.96347194239
1470.68195969531,8960.46091194344
1578.23674305568,9182.01077928052
7089.78523476033,6741.68516667788
1863.98154398524,8472.24507766075
731.92082715489,2974.90540948051
1175.27054427181,8362.75222212652
1445.15698206887,9103.50244613813
5234.73025527053,8958.0602252689
6741.64588600823,5570.8243892816
7456.86703680445,7522.12555778179
7242.63024212112,7491.39043023255
1204.96127962899,3696.25704269034
