"Marker.A","Marker.B"
3558.22871524909,2017.63357575121
3351.81918618614,2727.14042584156
577.778588140728,29.1871657321653
3121.06233991559,2810.90193193165
536.809246593758,245.503680736066
4059.38887572598,2725.60425922407
4225.15993217657,2766.87863070959
2601.20582665575,2417.44115066965
4002.30841482785,2640.06403389269
590.042340037235,221.733523602392
1849.63086987591,1494.20501356273
3372.16837832398,2283.67337863677
3640.67830333124,2476.05803475779
3044.11348550435,2355.14555178701
318.526670966326,191.535721937672
417.057422567974,63.1041076286843
3149.43728642916,2573.48333865602
169.738614153191,28.1361043623089
8819.4343519525,3986.87790305172
3461.89226594947,2525.53877001564
3630.30816643153,2330.97114028031
751.544991539947,476.535054917957
393.161173951167,313.539691715615
4024.52149192856,2533.46215572687
2992.02255222529,2628.62363513617
382.009551121506,48.5105247626016
571.49644380577,306.54609106234
1241.07273056245,712.619608762618
305.72187008518,33.1488585877778
587.848037735203,356.714058754331
2896.34723866763,2540.73873444126
1947.89111580171,1357.97128985443
4021.87634683345,3076.90130937991
368.242927193175,32.4212007163387
5670.8386042402,2716.42768495648
3212.85995385739,2462.67721501077
1952.82058122564,1493.5582065659
343.294611704659,93.1806329814973
1525.15261303736,1097.95487712688
287.807191396968,56.4339104738266
629.17805351663,366.57786545606
2687.1724401193,2120.83971718364
329.918730741306,85.661501643294
2528.31470791396,2354.49874479017
321.953301991386,169.140029672271
551.507700104662,319.03755118871
1881.19197283627,1172.45895807478
304.429366268152,93.9891417275406
3235.70436140021,2268.67554139767
583.339308740866,358.371501683719
3727.69683313468,2703.653246769
4562.26238934835,3404.02394802906
2823.54643901627,1634.52170643856
300.251280410703,68.7636688509878
263.790705491024,64.0338926866341
2630.69290223618,1777.061798366
3755.7111054138,2474.19846464189
2928.96055903152,1923.36145596255
3952.65218316318,3205.2924982516
370.978203213936,2.22339905161924
234.574135586445,103.125290557831
2466.78573074845,1821.24680133727
1726.51255228611,1169.50790115172
585.984453835968,185.108077406627
1169.77469004405,751.993984694929
529.114361152634,278.086583201614
1273.02461412074,725.232345200894
414.262009086167,200.995274266379
292.105514543554,94.9997776600948
414.712889512191,178.842134624791
2911.67709788656,1512.96241647094
2983.12521862688,2462.75806588538
330.519879554036,156.891122169714
511.800831277151,145.369872538596
484.17737722892,116.991215552474
3299.96880275126,2692.17242257518
394.874489463697,13.2595434351111
9252.96357751433,6739.85018332936
396.25716183934,125.278430199419
2811.16248746358,2537.42384858248
171.481979579766,33.8360910219146
3156.83171036278,1671.38970525814
6126.73143872012,5513.7466699546
713.371101107739,393.218228638188
275.934220098394,128.391188871686
329.04703861978,53.9679587983943
151.613529617227,6.26594278183604
1455.59803202793,689.819662124195
2069.83724212953,677.692030933545
232.379870917367,6.26594278183604
5083.59170590949,3758.35290598256
1600.59870831564,1321.30541822136
2880.53658082397,1732.99807170664
3733.10724771515,2452.36872849872
331.812383371065,158.346437912592
2736.55801557631,2457.01765378847
400.555484985926,272.992978101541
2965.5714023379,2326.12008780405
2297.55801217523,1544.25170494282
170.550187630149,14.0276267438523
4043.69864333623,2815.95511159442
231.357910409136,5.17445597467751
3864.88249959099,2945.76119077168
250.234449777489,114.040158629416
2774.61155582052,1960.18902934482
2489.41939374694,1855.20416867109
443.178004584381,259.127053106897
328.956870061166,191.576147374974
2347.42453678878,1377.05209626105
491.661856822292,307.960981367916
309.719618825402,42.8105381029959
6744.57724063447,2742.42124114178
3797.82238132745,2477.06867069035
3105.97303054084,2255.73940146098
790.320030784886,373.450189797428
3764.06712659688,3075.80982257276
2953.72846213689,2119.38440144076
375.486932208274,173.020871653279
1403.5974178393,818.049149246672
7882.27985687228,2567.25782131148
2340.51121254353,1365.04574138231
1699.24973483938,1227.59925455494
95.7353475280794,7.31700415169241
5020.01850666388,3406.04521989417
317.624910114277,99.4465757633333
7473.00732836399,2945.39736183596
8594.02800859911,5647.35274023827
2574.54423328766,1231.88435090897
1861.53387227205,1098.11657887609
3027.52126646482,2152.29070740473
3088.29878879795,2610.27048660099
355.49822614012,233.618602169229
3995.6055340633,3011.12912288929
641.922754569684,154.708148555397
2987.90460382888,2384.61569558029
435.513150240825,90.2700014957412
3637.04115355956,2470.6410261593
2983.39587483454,2684.89584386079
1294.72663570143,778.715198751662
458.778181314379,167.846415678602
382.520569008576,219.752677174585
3877.71714340493,2822.22105437626
5068.53250289822,3500.55989230663
3959.23493953746,2801.40195416564
6141.39986113346,2701.06601878166
1992.55751878368,1332.62454066597
2852.91308914278,1673.93650780817
364.515684128795,191.656998249579
390.666334875725,60.0317743937195
3546.32556232113,2164.74174209379
2095.53693718453,1430.37324806261
2893.46184479198,2786.92964761146
238.962627291645,1.25318855636721
2971.10194130865,2397.59226095428
834.445497681074,466.024441219393
423.970784446185,272.386596542008
404.162453128214,140.923074435358
2849.60680830572,1593.04520776653
3950.87891835438,2995.16107515493
3873.29873350102,2675.39586609478
3669.56415483302,2639.09382339743
3438.44663432801,2565.92378188051
3412.23603428481,2597.98115366113
213.292925701263,94.2316943513536
2988.9264138053,2448.3261847685
3097.64711572124,2897.04853882257
355.618463429257,97.9104091458509
4478.40021069186,3474.32378349753
9349.60078938509,6507.68689690301
3656.18819860376,2366.2221216078
3776.66152163027,2309.30310588635
7420.82637705813,6386.12760693539
2920.39379330409,1966.01029231634
2980.57039262221,2169.35024194624
2638.56812479453,1540.97724452134
320.720898002449,117.84014973582
538.522562106288,134.414579029709
2206.27130322164,1770.79585558417
558.451130713396,42.4467091672764
2485.51188883124,1753.04908860852
297.90674735492,13.7446486827371
517.361589510243,208.959085414906
380.296235608976,28.0148280504024
2490.32107933308,1208.92270252133
2295.66432191252,1593.57073845146
2926.52585741712,2084.6993762355
244.884097392148,44.6296827815935
489.227155207896,35.4126830766992
519.886497316208,89.6231944989065
3169.24546721532,1812.19150338159
2896.67780653861,2703.7745230809
2382.59268315734,1659.62590300321
3551.76608326508,2934.967599012
3305.98044141038,2922.23358626182
2953.03691896782,2592.72584681185
2471.11412262556,1922.99762702683
2616.71602299191,1649.68124542687
549.072998490265,419.050083074274
5031.41075460363,3870.04838924845
3012.13149558258,2673.29374335507
3281.93388677391,2239.60965197741
1968.93185110862,1452.72851489071
3045.31563259799,2297.70100538063
2851.92138552985,2558.52592685421
1712.71585962726,1163.4440855564
2713.20270304528,2429.24537836188
361.960745225261,68.561541664477
3317.73306252095,2081.46534125133
3165.5785121438,2220.20544207237
1319.79515084612,685.049460522539
5905.02215680172,4016.79272665532
1586.44134142233,1047.34222962457
2938.45881564492,2741.41060520922
2845.39854081889,2511.43029239719
567.91950676105,383.55654912297
675.437609987895,583.217783958378
3568.11775246043,2475.85590757128
2606.82668471694,2298.42866325206
2334.58974244302,1078.10598741152
2857.99293585228,2605.50028499933
497.493158364181,280.916363812766
2327.04508775565,1364.8840396331
547.990900520987,489.511620291953
2724.47452553112,1916.97423686881
497.072309035725,139.144355194062
2646.44334735288,2503.78988474708
406.717392031748,225.25053664768
247.499173756727,63.7913400628211
3285.54062911847,1975.42941920774
2893.88243068975,2566.89399237576
4055.78183231778,2631.41299031002
935.651425475392,314.388625898961
3996.56743237639,3060.52900727254
559.352891565445,83.3976771543726
3476.07958867444,2583.87267604267
4315.99564780528,2610.35133747559
3986.37763259392,2797.44026131003
2786.6950458657,2328.66689035409
6817.13779150528,3120.56078166626
2597.32842810353,2385.86888413665
232.019196682911,39.1318233084986
339.597475003757,44.3467047204783
701.317717426028,451.956389038238
2359.83859470495,1399.04353415343
2910.29431261205,1786.68305244392
3813.7835709885,3286.02209654403
3641.73021967113,2536.65576527374
2453.86076784408,1772.45329851356
3386.29578938563,2311.56693037527
3367.53952493937,2251.21175248313
3048.41177101798,2016.42081263214
3010.53826682737,2029.59950519265
2401.01837973263,1462.18806721942
2913.66080617606,2618.35557406142
2894.84432900285,1657.72590745
2833.64591970831,2542.07277387223
3112.94656751305,2029.72078150455
2899.47348345109,2603.43858769692
357.031204535422,179.771919682741
3561.44497805935,2517.2111299314
462.625624034941,66.6211206739729
657.583106393682,535.232789880705
2369.33700185017,2238.31603798374
3580.7422538573,2671.79800217489
583.57978331914,214.739922949117
2939.09014608704,2043.91010999761
195.197909895822,15.402091612126
3046.39765530136,1666.33652559537
649.557502549762,250.678136710744
2006.74499204047,1471.68804498543
403.621404143576,91.5636154894106
2089.55540488889,1127.46544635747
3190.25639722238,1766.95543904046
3094.22040943027,2761.25949492459
527.611451487855,180.337875804972
7680.31914514035,3430.30048227547
2449.50226960349,1815.42553836576
225.947420562749,21.0616528344295
2494.31890333921,1597.49200586977
207.311355772669,12.4106092517656
3129.65891094285,1542.59426201343
2981.50218457183,2894.46131083523
726.867181727274,129.846504614564
3088.11845168072,2694.19369444029
1200.914906043,837.574635463619
2873.53323855192,1697.90879212836
2481.63449027902,2264.51172135555
2784.50089409549,2038.77607946024
329.227375737008,179.974046869252
5748.5690198473,5118.70929663782
2423.20135046986,1661.93015292943
699.153521487474,341.2311162676
2607.90900848394,1749.89590449895
3776.39116648625,2825.94019460806
766.363644707033,315.803516204537
2959.19908944433,2372.85189332536
1807.87996713307,1647.78124987367
3078.10929007911,2068.40792500273
6432.63376822963,2940.62716023431
2821.44230527285,1799.05323625838
4306.28694771117,3081.95448904269
2743.53155254852,2392.70078304072
865.94646318039,528.198763790127
453.668303507312,269.637666805461
1400.71172290001,1118.6931264629
1331.09692916363,660.106965707101
344.436809502028,130.048631801074
262.377964384859,27.4488719281721
298.26745922233,75.0296116328238
5767.86659670889,3040.59926668257
515.738480189282,284.433376858054
6571.50238040432,2268.35213789925
389.043187921809,209.120787164115
487.123059097432,102.074229187974
453.007017233537,108.784851780134
380.175998319839,128.431614308988
434.461121002071,40.7892662378875
3946.15974587934,2502.53669619071
5074.66456701124,3538.55980337067
4731.1292831553,4425.85772671596
2905.66545922744,2014.27826445513
4408.81537278713,2656.55761231197
2136.62640312177,1378.99251725156
3451.64225344004,2631.0491613743
2652.15452450449,1669.40885883033
2938.30858489117,2555.65572080576
4210.43129703628,2981.98238259442
1419.91898067116,1063.67410629464
2892.77030162291,1894.09343935578
377.741296705442,127.90608362406
5885.78479266709,2579.50672881404
2781.34454294855,2412.95392712911
3697.72865786589,2505.64945486298
4274.39527687983,2701.71282577849
3326.66050248283,1813.60639368716
312.845675444097,218.863317553938
2732.80074141436,2450.46873294552
3002.75336335944,2527.07493663313
3270.30139005361,2787.29347654718
275.753845348212,98.3146635188726
1027.83989528104,866.68095032118
3085.89419354703,2117.60568219947
541.107607373299,322.554564233999
872.559250652237,565.34974067082
3429.36926467602,2511.5919941464
2296.35571454977,2004.81871212642
389.674405465062,53.2403009269553
3094.58108366472,2578.29396569497
163.095757950821,13.2595434351111
3599.25796845938,2317.7115968452
3335.978421979,2135.23117286321
587.337057481087,264.139807332366
2983.18543135384,2592.76627224915
309.960093403676,41.1126697363049
2937.97801702019,2793.88282282744
2389.59617596121,1670.37906932558
3051.86828260879,2534.47279165942
332.383501086226,95.2019048466057
233.912849312669,7.43828046359891
467.8557767641,178.43788025177
3586.78399887989,2276.59892710889
2824.47823096589,2547.53020790802
6240.92246687986,2538.11108101662
423.399704363978,5.21488141197967
2864.81624207074,2564.75144419875
546.848665090665,192.0612526226
3592.70531844858,2764.41267903416
520.157002992051,91.6848918013171
1973.53074866157,1339.21388694622
3884.72078674062,2615.68749519948
3585.91241965723,2809.44661618877
8170.11716404096,4504.64690401788
2779.03026678806,2545.83233954133
2935.42288995189,1939.49120544611
2909.81321292369,1584.19203699736
270.944541947509,116.303983118337
2948.10760407571,2583.06416729663
3963.14244445316,2652.59591945636
937.93582107013,793.066228993932
3636.71058568858,2467.68996923624
767.325543020128,397.503324992218
2705.83838547513,1614.7940930351
5851.30818946761,3928.98867683501
172.864670771886,119.214614604093
329.558018873896,210.293124845878
479.007361960807,81.7806596622859
1722.27432896761,537.496614369626
440.592996950324,163.682595636478
2686.69134043094,2414.93477355691
295.411908279477,33.4722620861951
2797.12509442873,2604.69177625329
800.84039843834,244.897299176534
3634.63655830864,1993.70171686832
3226.11578569638,2027.73993507675
2888.53222883623,1967.54645893382
2448.7508147711,1408.78606454325
4667.10539164844,3447.19831506777
368.062552442992,167.44216130558
5234.84487176413,4763.08672469064
4580.47764244293,3623.37237083062
6440.29824624364,2287.51379518048
435.242606932029,252.578132263946
4221.28223256072,3221.13926967405
9483.72042378489,7718.38831866564
2642.44582441038,1923.80613577287
1881.43237214864,1263.65874462847
178.305191715841,7.80210939931843
188.013985892337,54.4530640460203
2672.50401770597,1904.11894780672
3203.81238950524,1952.02309100979
1949.81476189609,1320.49690947532
402.569374904821,116.465684867546
414.201909258075,185.431480905045
234.063155332329,87.3189445726829
907.486847176613,310.952463728276
1877.94560366253,1479.44972894744
3104.25967739536,2592.56414506264
470.230378550405,149.654968892626
453.878709355063,148.118802275144
4059.99009980462,3247.77963285618
403.080355158937,272.831276352332
391.417789708114,71.7955766486504
577.778588140728,484.943545876808
370.166648553456,89.6231944989065
4330.84440733584,2727.82765827569
814.8475345779,529.451952346495
2699.07529198363,2397.22843201856
729.993275978924,332.660923559541
313.987873241466,186.037862464577
2257.43029401926,1264.83108231023
3051.59792746477,2036.99736021894
268.449702872067,22.2339905161924
3443.43646301071,2537.01959420946
580.062983735465,138.740100821041
526.559422249101,187.129349271736
378.402582979218,106.440176416608
3188.48283134994,2378.75400717147
2842.42282785281,2251.21175248313
3619.21668106292,2574.00886934094
179.717932822006,45.478616964939
2689.72726612397,2468.61975429419
531.068151243438,160.327284340398
264.602260151505,47.3381870808387
603.0875778637,11.1978461327005
3373.85162510598,2744.24038582037
3714.50121402264,3163.25004345735
635.640610234725,170.514494540545
3246.34485344394,2529.62173918316
3418.48822278811,2315.08394342056
5186.54101794686,3597.45966551993
251.256447918675,44.8722354054065
886.055406537681,737.683379889962
9790.04364025581,4323.82392296529
5220.05602389689,4784.91646083382
584.902355866691,69.5721775970312
510.418158901509,295.590797553453
3353.05143964326,2343.17962234556
1609.16532351125,554.071043663515
3727.78685116147,2840.57420291144
312.72543815496,111.69548326589
758.758927824524,277.601477953988
1248.01616117118,703.52388536963
3136.48221716131,1980.36132255861
305.51146423743,136.152872833702
3000.07811190087,2522.70898940449
3982.44002131474,2577.12162801321
5291.92533266226,3498.65989675343
3209.85413452783,2263.50108542299
5616.04261420272,3730.29765249486
403.020255330846,92.0891461743387
2579.59397363368,1746.70229495208
498.424950313799,142.984771737768
442.306312462854,272.346171104706
3003.50481819183,2122.86098904875
3638.75450670505,2655.223572881
8920.45986736369,7463.66763822468
2467.44686649041,1581.1601291997
3618.52543895748,2561.39613290267
3031.21832789982,1814.94043311814
3210.7561211776,2604.16624556836
954.588102304791,243.401557996354
302.685982025099,31.3297139091802
3160.64889618805,1914.10403082035
1958.8022640531,1446.01789229855
6271.91215106143,4870.65881335171
334.217053887893,112.706119198444
476.632760174501,120.710355784274
294.570284888474,94.797650473584
3856.22571583677,2989.90576830565
4673.59812999592,4621.47641782115
3316.01970937546,2548.9046727763
4191.88547607073,3048.88648132951
2159.44070430112,1623.52598749237
3437.6352678323,2776.25733216369
2550.10689805326,1654.53229790313
1756.90131345267,1099.77402180548
310.771648064157,86.7529884504526
3541.42605272886,2673.45544510428
4192.36627469546,3910.1504230522
6209.99239329798,2719.98512343907
3054.30298422319,1899.51044795427
896.425468171475,535.596618816424
609.610196776932,496.949900755551
1991.86627667824,1415.53711257272
202.802626778332,9.90423213903116
320.750966732972,8.24678920964227
2863.43345679624,2187.05658348459
8247.96800510197,3583.7958677118
2098.57286287756,1331.16922492309
1195.65472221628,760.604602840291
357.482084961447,20.69782389871
1220.72323736097,488.622260671305
557.399139107596,323.646051041157
4446.32790167965,3496.96202838674
195.829127439075,28.6616350472371
2759.07155418452,2529.98556811888
3001.6412342926,2156.29282569764
3261.28393206493,2704.98728619997
648.926322639464,392.450145329447
163.336213712618,11.6425259430244
4819.32015475254,3783.65922973372
2711.15878202881,2502.09201638039
700.866874632958,244.371768491606
2524.01642240033,1749.32994837672
2829.13719071398,2631.85767012035
2660.36031493382,2490.53034131197
417.748739939318,9.21699970489431
7113.18088910329,3944.83544825746
3434.11854351454,1862.31904563628
6251.59276422343,2056.40157012399
8019.76598483609,3132.97139091802
1928.20290887402,1554.92402039059
2676.26129186791,2430.53899235555
4203.12719219309,3471.29187569987
1074.12948284987,625.947471186769
206.379545006575,33.9977927711233
2596.09587358278,1853.95098011473
3184.81587627843,2510.74305996305
3839.03227271861,2428.76027311425
1114.46756922063,942.842474198465
4670.44177884897,3408.75372419341
3108.0169515573,2007.08253661534
964.807857918926,391.682062020706
830.688223519126,355.460870197963
4158.85156980906,2977.65686080309
2187.12425817744,1629.14512327737
229.434189048855,20.212718651084
1930.60765465675,1182.08021215269
2946.03357669577,1747.1874001997
5869.22267999105,1850.39354163214
1566.78324085811,1207.26525959195
361.690239549419,120.26567597395
562.088205219161,216.073962380088
793.025313341034,473.179743621877
2882.12980957918,2531.15790580065
356.910967246285,142.014561242516
2876.47884515452,2482.80908278725
3170.08724113814,2403.65607654961
2979.21771371119,2293.77973796232
3633.5244292418,2391.73057254547
293.067375223695,43.6594722863415
153.807775469827,4.85105247626016
3092.56726901174,2360.44128407359
4060.29056131212,2504.59839349312
278.278753154177,19.2020827185298
6795.73638196391,4134.43074920463
3802.36121668527,2760.12758268013
3812.22044859676,2996.373838274
1610.78850809812,1346.2883384741
1193.82124468052,1057.69114157392
2486.14321927335,1511.42624985346
3216.04611030417,2230.1096742114
2350.37029392321,1674.66416567961
2693.57485937635,2528.04514712838
2918.89088363931,2514.38134932025
3355.3359105039,2755.11482845466
4372.65552280563,3358.34320387761
443.538678818837,32.2190735298279
464.729720145405,255.367487437795
3394.98267950332,2524.7302612696
612.91662814581,299.795043032878
2465.43305183742,1778.39583779698
3375.35453477076,2104.87166944928
3679.03260614658,2857.55288657835
381.919382562892,167.037906932558
519.285348503479,378.13954052448
3752.94553486478,2861.51457943396
393.822422591988,175.325121579503
3369.64365868278,2483.57716609599
159.849464042989,30.7233323496477
3205.13496205279,1702.15346304509
3307.21269486749,2188.39062291556
1257.81518035572,543.802982588764
4272.56149828043,2993.22065416443
568.97149836685,465.215932473349
1280.11827548323,1066.6251632177
2937.19645582432,2574.69610177508
202.532102286013,58.4551823389349
2986.31137507367,2806.53598470301
2584.70392670666,1734.00870763919
82.3894976622952,60.153050705626
2998.57520223609,2394.1156733463
728.520397411713,219.793102611887
1397.85628485602,635.164470891664
420.514122323557,289.284429334314
2236.0288844779,1107.17187683178
309.2988071299,8.28721464694444
2856.00922756277,2475.20910057445
3099.15002538601,2304.97758409502
3652.34090641501,2437.49216757152
1894.98866549512,1306.91396254179
304.790078135563,134.091175531291
1317.33034286825,796.300263978106
2760.72469460305,2566.57058887735
515.107225013075,54.8168929817398
2748.49097380411,1652.71315322454
874.212466336676,278.409986700031
4581.52985984646,3130.06075943227
3132.81496102616,2649.76613884521
3482.96310761986,2213.333117731
744.571454567736,179.529367058928
427.99860191693,112.221013950818
3351.66865436875,2790.12325715833
3723.69900912855,2859.45288213155
3192.63088610982,2783.00838019315
1667.32795764456,1467.76677756712
380.476610359159,93.5040364799146
2666.61250343712,1809.28087189583
2662.70499852142,1938.80397301198
2762.55817213881,1346.65216740982
5014.69811011019,1763.47885143248
5952.39391760574,2904.68894647268
371.128509233596,110.523145584127
2867.70193701003,2677.6192651464
428.659888190705,34.3211962695406
3220.64515838894,2018.72506255836
256.817206151767,81.2147035400555
203.073151270651,38.4850163116639
448.828931376087,128.997570431218
456.583954278256,121.76141715413
439.601067539661,31.2084375972737
2126.10603546832,1509.04114905263
1048.76035566585,651.011242314114
2356.14138273814,1574.69205923135
1003.40256004664,823.223605221349
2562.31051248872,1756.5661016538
3182.95229237919,2733.16381599958
350.448448161144,62.9019804421734
2274.83403008631,1661.88972749213
2861.20919866255,2402.88799324087
2716.50898388234,2409.71989214493
2688.91559856463,2062.02070590899
2812.45495364765,2518.22176586395
3211.47746964652,2268.79681770958
4122.99218133507,2700.25751003561
429.11076861673,216.559067627714
249.362757655963,83.1551245305596
1035.83539276148,465.903164907486
579.281497805507,340.988563643787
3084.7519581167,2727.50425477728
396.166993280726,48.7126519491125
5561.60729839969,4623.69981687277
3664.66464524075,2193.32252626643
2858.11336130619,2610.87686816052
768.317472430792,632.415541155116
2923.36950627017,2517.77708605363
2659.2180795035,1923.64443402366
2564.56487698589,1902.90618468765
2442.10784566987,1484.01780336259
3877.11591932629,2704.30005376583
6633.84302512917,4194.46252359835
3479.41597587498,2645.56189336578
214.855954010611,42.3658582926721
539.785034825748,398.230982863657
5118.36937274375,4808.9291705913
3069.66294980559,2850.35715873856
5261.20540149745,2660.47887973028
2651.58340678933,2502.81967425183
2866.10870825482,1899.87427688999
467.434965068598,318.026915256156
3378.12010531977,2394.1560987836
2935.8437769133,2623.16620110038
181.701772826856,14.6340083033848
2687.14233375582,2480.38355654912
483.636328244281,123.055031147799
2121.08640148577,1328.21816800003
2813.5670827145,2150.55241360073
1086.84415280536,626.513427309
1630.6870079747,930.229737760188
4150.6454783161,2688.00860253306
2881.73902898125,1813.12128843954
3566.73526824956,2534.67491884593
2338.34701660497,1783.77242095816
3284.30837566135,2350.65832824647
5140.5222371175,2985.3376938905
4099.81720592126,2562.85144864555
3095.27232577016,1954.81244618364
2632.52668083557,1617.94727714467
530.436933700185,373.49061523473
7946.99529154821,7503.60797027922
4407.55301296653,2890.29749079311
3109.09927532431,1981.65493655228
3890.22152041153,2566.89399237576
3869.33101585837,2722.12767161609
4569.11580193029,2947.17608107726
2469.88156810481,1787.93624100029
2938.24837216422,1907.4338336655
2899.80405132207,2468.13464904657
152.966133262346,26.1956833718049
295.682451588274,49.2786080713428
2910.53486245623,2586.2173514062
3171.86080701058,2836.97633899155
347.021817136084,147.189017217194
2692.01173698462,2462.71764044808
2672.26346786178,2169.59279457006
1440.2984297043,1072.89110599954
601.434362179261,433.967069438774
7384.60661541331,5077.75832865072
4030.77337936822,2798.93600249021
765.67232733569,203.703778565625
2800.19112648524,2665.04695414543
2651.1926261914,2358.62213939499
906.885698363883,580.024174411507
2981.20142200069,2671.79800217489
3628.53490162273,1604.32390477384
287.356310970943,14.7552846152913
6648.27119876196,5134.87947155868
2770.16303955313,2574.77695264969
2379.82726314015,1381.41804348969
2624.95191978472,2330.36475872078
664.255956060666,350.448115972495
237.910598052891,79.880664109084
1198.02936163554,656.994207034835
2472.3162697192,1921.38060953474
1043.25977252676,498.203089311919
260.814917259034,57.7679499047981
5176.32111180091,3648.27444020876
2599.85314774473,1725.03426055811
6792.6703499074,4792.83984654504
319.187957240102,80.2040676075013
2687.20224541914,1623.04088224474
3120.73177204461,2209.37142487539
2591.61725095192,2396.0965197741
555.806060884203,336.339638354038
206.980712635782,48.6318010745081
3230.65462105419,2165.95450521286
5186.24055643936,3732.27849892266
5417.56821936144,4783.94625033856
2825.10926034437,1762.0639611269
3962.03031538631,2156.37367657225
4154.34284081472,2702.23835646342
294.720590908133,74.9083353209173
5945.99149834869,4007.1310471401
3175.40763769182,2109.23761667792
2709.08475464887,1912.89126770129
4504.9115733062,3381.54740488905
4352.36624233112,4118.86695584329
3684.50323345401,2697.99368554669
2230.97914413188,1268.55022254203
241.607734753793,33.8360910219146
2640.16135354974,1524.40281522745
2649.78003561705,2517.65580974172
2465.01216487601,1686.26626618533
352.37220715438,122.408224150965
2187.93577520497,1364.80318875849
647.663887552958,261.350452158516
283.869580117792,4.85105247626016
208.994621371154,48.1871212641843
535.426574218116,252.254728765528
1149.12466006917,778.593922439756
268.239297024316,139.265631505969
2673.73627116309,2476.78569262923
4830.86233238241,3138.67137757763
3313.94568199552,2573.92801846634
2815.85155357515,2552.50253669619
518.052944514542,368.882115382283
313.386724428736,1.1319122444607
3129.62880457937,1981.16983130465
1893.54581802548,1048.95924711666
189.997825897186,27.9744026131003
2142.12713679268,1809.36172277044
3120.88200279836,1953.15500325425
496.891971918497,141.084776184566
261.115529298354,107.77421584758
496.441091492472,226.74627782786
408.039964579299,23.6488808217683
783.226294156492,17.6254906637453
3147.33315268574,2613.42367071056
2896.70791290208,2023.1314352243
1135.95922258652,649.758053757747
1375.70326995045,910.421273482126
376.95977314253,36.6658716330664
3175.61808117252,2527.39834013154
3251.36448742648,2230.31180139791
2031.72333862655,1488.54545234043
3054.81419027503,2650.81720021506
467.014115740142,264.058956457761
2134.9132005081,1203.54611936015
2755.01351745143,2513.6132660115
238.45164703753,12.0063548787439
3350.079096761,3404.2781975264
7352.5509271562,721.137991674714
3833.17124029035,2796.00810615269
3901.05921940345,3741.06316578115
3908.57678535202,1415.33771450362
4494.99350764781,4374.85088018832
4222.56192160695,6405.05125299133
4366.35832811998,5660.44163415622
4331.16437826232,6849.19134689101
4836.55222901728,4632.69659572838
2729.89302110938,376.964949315005
4499.61914808083,6528.7736254454
1651.52016448553,6556.22369698022
4366.71082985905,6994.73727889761
4404.52310983101,4737.09617458989
2641.59517657209,5526.43246198825
3836.54338744624,1265.52929584367
3330.5091490523,4170.88157515294
3199.918858757,1539.79923793808
3084.70764445218,92.9199020042239
3353.04467173178,4366.43986637202
8911.3540062001,414.871729089638
3424.02623090425,6783.37984690037
4508.52549788473,5511.485797398
3755.60167923962,8189.73806082181
4691.13412900505,5094.3974453858
4866.74156708274,4825.24246613265
3536.64623736759,195.614858845582
4172.51870785991,5763.07959803815
4151.24953752189,4919.98064819788
4473.44009875926,4897.30503531269
8651.06068273847,1942.85006415168
4414.62947469538,4666.51106166012
2908.9915507505,7269.06377788197
4067.57274415426,4006.35367088684
4303.32771120157,5095.02242544817
4012.83088025558,4722.49033133269
4496.92461811436,5245.51322677093
3907.51220236893,5358.32424230399
4470.72716184979,5375.54417672867
4056.53146214054,5621.96645763762
4784.17143845588,7265.08555567173
4514.69655508054,5391.00249617377
2579.75029110527,4838.82499968016
3467.93887451405,5385.54639485801
3337.66291477907,3288.05727724171
8634.5657280864,3448.55008526619
4182.12758323245,5782.45947708973
4137.25113981266,5498.41449585008
5317.22357586306,5216.074044131
3714.2288258959,1356.85789029871
3670.24318920159,2333.34082081696
3478.43136331041,5212.20956998353
4463.93147274731,5352.4135715924
6484.54957107214,1778.37882248934
3901.17219437044,3648.19992390302
4449.0663535551,5329.16921839336
4709.73874463104,6114.92519037356
4053.11832439006,5389.18379573518
4579.98221540495,6256.6066482327
4120.75809176807,241.932731721876
3955.31889415881,5746.54172913485
2689.47535999542,1632.94642711789
3308.64179897794,4691.80118856803
4052.09323217824,5092.40833428069
4311.50073471714,4425.54488206692
4855.65968559024,5595.88094000081
4568.47143833003,4752.78199016053
5087.71213826134,4798.24738684892
2872.05443230179,5415.21265076823
4046.37846975256,4161.04976769013
4124.98202441015,5931.30156578519
2189.63145129246,1007.45629560569
4477.49161283473,5240.00046285141
4518.94332185323,5526.60287265478
4754.5484701717,4838.02960895126
1222.0075919616,443.287575591427
4073.11995084431,3686.50468975509
3651.69509665844,5297.96884362911
4318.33337574322,4039.71399027799
3555.77880082075,4522.89757815488
3548.41657283396,4719.47833337314
8010.63660912351,2577.77420204843
3940.15606228031,6690.85784921055
4720.344231923,5038.2477650467
3596.92066586608,2749.91751797431
4429.14325585091,6292.75146945786
4253.0635749075,5163.78883793935
4749.64753539372,5926.98252224189
4308.1540436985,6321.11067978435
3970.31511452231,6486.54772284211
4774.49576762189,4228.3953865348
3919.69192196132,4234.47646791292
4815.66785268359,5115.31144329141
3274.54512908459,1880.56242840306
4469.80855255919,5812.92112372885
4997.36923915013,3730.71970346349
8511.37517193246,3167.85813474678
3485.99112585137,1466.82731853874
3457.18884372511,6729.21927766638
4084.64222799279,5482.10370021707
4354.87646369085,4988.17874323046
4281.61048807908,3579.37684880807
4352.61750062732,2909.61472384227
3936.03800210943,4774.20722006574
3970.68068368143,3436.04710117688
3503.2884231345,4618.82948059632
3805.10679366414,3224.57634397212
4686.05468520741,5557.29201541944
3898.35365828674,6766.444071205
4021.41152237505,4267.438880512
3807.05873107678,2815.95609123524
3936.21412066893,5046.60211625924
3677.56094205676,5308.02814721746
4971.6850176976,7820.73004237599
3706.78915155744,7125.33696916921
4600.79349798768,5135.03214367605
3754.10885484021,2724.40010636848
5104.04750888223,6322.98604282669
3834.56624923733,5674.93372935065
3030.74709675572,4706.06621049217
3911.16881171001,4933.79110072618
7348.41194553366,1026.83596322964
4174.03604591518,3968.39014922309
4270.80924901258,5925.10715919955
3576.55228123082,4661.39620453267
2750.26134925768,5478.63671000643
4022.04556424172,4022.4369703943
2373.46513297278,715.852618166926
3521.88425721698,5052.00113211598
3395.29701897792,2050.03456770245
2953.52063110543,959.092543306704
4221.73840548963,4188.44275376593
4121.99184486365,4886.16575941089
4683.86056629121,5800.02023284747
3899.4734460135,6061.90125605678
4216.70581812083,6886.52946563715
4194.04592056934,4518.4077010898
2976.90467948466,7699.73508629692
4637.65795150805,4763.75043254056
3637.31290218836,5437.66119038313
4077.65309475023,3705.42957655558
3478.04321411051,5215.33531600586
4088.76914037896,5270.17795076123
2670.06163096676,3353.58440707542
3972.88683191681,3653.94018394808
3911.35733469581,4480.95583428089
3808.45377398975,3974.81205193427
4305.78077562323,5694.14277488044
4877.49473592973,3178.20159706444
3707.46647205009,4925.37966405462
3951.8980777699,6312.1880111132
8146.19499575476,2731.27678990312
4698.73682899008,4291.76278316924
6938.60112402138,5055.0697926793
3648.73041935185,1505.81383277075
3638.33112493039,5255.17462356721
3366.29863085479,6473.87432808628
4233.40203961819,6279.96432663926
3640.78868330385,5559.96319204594
3852.51487944538,6173.29147794333
3445.28017875892,3515.15697598573
3908.0868532472,4713.79515878709
3926.7769117452,5184.75992130397
4713.9467340904,654.92900774725
3317.62810405552,5328.31674220545
3910.48952710189,7167.619111521
4792.25631100767,5668.85264797252
8859.29863778009,3569.26088261596
7959.94762039523,304.390804565476
4644.65948337974,716.193650927614
4937.22008144988,4118.14179956546
4020.35454253586,5183.79369705329
4079.00751529175,4157.75361100127
3931.51847565629,6602.93905379334
4361.19294569398,4584.10545301767
4606.42415415957,4370.58849924878
4028.33000950366,1809.57962010885
3873.53107117974,3667.18189616252
4501.39960876356,4409.06367576738
4288.14797099056,5655.89509448738
3738.74436962453,4277.21402537106
4660.04478499322,4695.26817877867
4133.74092423008,5748.81499896927
8234.40281682973,1680.96925236999
4909.58858318872,6227.22455105178
3965.90876584506,4709.41902978478
5001.01197073148,4612.69173661444
4572.73485753527,6587.3103236817
3788.76769024184,4696.12065496658
4848.02474749919,8146.26177523853
4221.5823665332,6926.99375326086
3910.7996205411,4675.37706772751
4368.23895534642,2190.97729743645
4905.26730147242,7373.63419026526
8763.42696645606,2587.7766316054
4206.49731658095,6069.80061501824
4398.86111551639,3800.73649893466
3379.0507588163,4290.85364437757
4857.41502569527,4307.5619239474
4188.63343739744,6721.94489876729
8040.52005429939,1826.11748901215
4204.91637898992,4368.25814395535
2042.18825872116,137.873815622712
3857.42820146545,5667.31810626324
4329.72901378917,6454.83569322302
3766.64036614079,5464.99709099992
3935.57707329967,3741.34732451045
4064.00784957072,4003.56916905283
3850.28634947107,7499.34651953495
4836.18335261544,6541.10619886818
4371.90468007791,1767.75141287
4681.17102036573,3804.31681435282
3973.49300054638,5230.39572865889
4315.50344631619,4839.16624386847
4150.27948965617,5864.86550858743
4097.5849213453,5140.7153182621
3867.63069229668,5072.28972710397
4067.45654420889,8007.47899013143
4324.428144397,3946.96449646263
4623.47272999273,4221.46182896877
4052.29498284397,4728.34433944053
3800.21241216044,5407.54036507707
2368.43827970298,6709.49857728174
3461.58443491286,3979.07443287381
4242.82187104521,5994.21439302379
3613.90611615687,2794.92834526686
4458.95680601418,5652.37144167298
4209.07556780974,5129.17855842347
5089.33884949709,7150.56958776286
4636.51562562308,6621.35270859423
8531.95094346365,4989.37246360668
3875.29102362979,1400.27730185059
3924.60591431253,5397.65147215524
4078.80537772437,6713.93179174306
4022.90510153236,4129.96271813339
4875.56533352806,3200.02494518934
4094.38306297644,5490.74221015892
3706.72635761358,224.428559282538
4189.96637786799,7821.92333989695
3431.65335320857,4409.51824516321
4584.57977101354,7504.23388053685
2926.61359454316,3422.40748217037
4223.60938990255,3951.28396286118
4560.30836682638,6965.01436038363
3810.65505416281,5668.11391984739
1637.47217834353,2380.05660048533
4136.54422381536,5741.65436813295
2447.66783318427,1730.92442040965
4111.89282073363,4648.72280977684
3914.60149985088,2194.89885704293
4115.49619369637,5394.980718384
3250.36626790154,2893.2472656055
3612.58420734036,5660.72579288552
4055.78148898136,3867.05923092489
3806.04674476431,1545.36877017517
3669.90297291251,3873.42447103232
8682.5647076538,2886.25683400809
4138.28208017701,3805.73760799933
3935.92006369426,1165.61906547818
5066.04314864937,6039.73687517119
3652.89829194914,5544.90277939291
3038.02502697725,2425.35137507956
4383.06921978898,3677.58202108394
3564.26040907058,5531.09274971986
4483.03466819808,5296.32055385705
3906.55523936583,6407.66534415881
4762.6600208846,6043.37385319311
4559.2214588007,4855.81786083454
4584.74231554031,2810.61394940988
4347.77158159764,6284.85211049641
4201.36877264426,3188.60172198586
3261.70451714988,4577.68312745123
3686.77141383086,7025.0285148702
4112.38357453512,5367.18982551613
3355.86936400059,1542.52718288214
4298.02671105293,4712.82893453641
4511.47089422446,6189.60185072109
4229.93685673487,6148.85382722332
4033.93117615634,7329.47626201586
4470.19370468175,5542.17494016265
3948.99862226902,6137.54414065498
4256.6625174166,6833.73302744591
3121.31092308143,602.700622730084
4015.8959429142,4201.68446598037
4064.82413863077,3660.64624538857
4724.78974183879,5975.005347494
8259.41256894893,5625.49011045202
4530.63738950106,4217.48360675854
3835.15322595358,5648.33655685899
4206.18087179472,5878.33471692742
3873.08687649515,2885.23394715365
3471.69732307316,2109.9353969815
4011.64857098308,3541.75414847738
3353.52454416776,6337.87604481319
3524.2030380798,2754.86196443522
4516.41105150345,5793.31417140698
3868.42182803367,5220.05226634123
9131.63382830882,1129.13310577851
3160.54574440785,4185.08951161806
4788.73854542568,9125.53026472894
4176.76689336798,5182.88455826163
4412.17146992546,5820.47966135724
3087.18967911771,60.1848137457396
1369.40174125353,4094.27246630406
3817.07535170909,5170.55198483885
5160.99439241952,7882.84663317519
3508.72896246249,5018.01540980721
4011.86077889193,4089.89633730175
7821.9570097962,2679.44615310731
4820.05825266087,7016.6175010539
4189.94793060625,3697.53021759412
4361.75121099096,4254.99255902646
4069.48276787355,1502.06300097224
4081.08929306245,5366.39401193198
4354.97677725146,6962.11568763159
4023.94080364507,5867.70709588046
3526.80435795581,1400.95926165815
3773.3949198537,6770.08147208217
3810.95374412622,6164.59588254247
4377.57017757106,5717.89836007907
2249.05959423174,4025.33564314634
8075.01295043854,2287.25044406621
6934.35313713063,3509.13276863899
3090.68861017901,3555.50751554667
3660.98136941304,5408.73366259804
3813.56369096826,3968.73097055615
4792.83285441156,7073.50590951814
4281.26888230372,6520.6467703584
4113.77420334989,6744.90509323703
4770.91851117719,6450.11874288764
3530.73046351618,4906.5685253169
3806.17113958886,5311.83553590591
222.898268659804,1252.96943772298
8862.73471579024,4886.73407686949
8549.35041827318,2038.38405980105
4897.71321824822,4080.06452983894
8641.27939406864,2145.73939687361
4344.08370340647,6006.4332183838
4387.13547436561,5701.47423923854
3093.53316533524,1954.27307592754
3880.17393931073,2892.84935881343
2715.54708813937,4812.2278271885
4519.24326756483,6234.04436055504
3384.75745085405,486.99119872952
4019.31596553876,4029.54093862687
3701.10618194212,2400.40228093234
3597.80073923039,5527.79617017575
4129.21753630094,6121.00627175168
3763.72991358382,4479.53504063438
4271.5090274692,6439.88902863276
4832.61360704172,4295.11602531711
3926.21914621745,4845.41773591312
4170.19781500249,3874.90192728259
3849.88170036335,3787.83560805328
3109.31440912605,6680.11690295607
3275.63868289893,5459.93931933148
2973.24028886823,4205.77643625338
2495.73933393717,6135.83918827917
4094.98204431701,5981.14309147588
4417.63552700578,5648.90487431759
4569.37434301729,5962.84318473776
4317.75029161522,6459.6097290174
3129.62553761917,2979.63151931344
4210.019600346,6346.3441440885
4259.48178152266,5112.07194920631
3925.06917737916,4940.44007670765
4255.95960594979,5022.90319366436
4701.18294334323,6527.86448665374
3715.73402463567,6363.56407851318
4322.18616468656,5977.90359739078
4690.55322235315,7233.88560376273
4291.22878306247,4929.5853823904
3974.12796069232,4750.96328972195
4036.10330928295,5666.0110606795
4643.65782435692,5415.89471628961
4363.56032335001,5265.63141109239
4208.61202475339,4856.49992635592
4648.77110322637,4841.38242824388
3868.42946990675,3435.42212111452
2936.30686622213,4023.06237331192
4382.18316541801,6426.13566156347
3546.02572979809,4351.77693765581
3520.21309823799,1036.66787640626
7894.48243403823,788.938285629034
8273.59404071807,3021.91429594811
2346.07680347583,5012.04807649186
4403.76262369814,1553.95040608563
3878.06499159014,5523.64753729899
3093.48230085065,1934.95028233497
2262.92320293068,2703.25861233733
3786.51309141928,4373.99840400041
2899.52743811049,2288.33020495204
3657.60587237292,5493.47004938917
3901.7032093137,6343.95712619131
4360.26734632059,6773.71845010409
3424.52562272775,7065.49280249391
3950.36631911425,2247.24072583833
3427.02284018876,3922.58393120164
4703.97061569602,5945.73699837585
2607.21710086956,1266.38177203158
4297.45239687889,5953.46594667078
4266.22084405794,5726.70728068744
7803.43886689307,23.6988375282883
4937.9587239311,6847.14515032689
3622.05589709104,1699.95111891568
4447.72273841697,4704.47500617912
3195.55929461033,913.456630237973
4028.6560566361,2810.38645328434
3926.42613762712,5972.33417086751
3699.30862819586,2336.46656683929
3690.61479238211,5503.75642624782
8027.41280083128,3606.48567615457
8354.76553060344,1095.03405826222
4478.71906870314,4587.74243103959
3458.49024221885,3513.33827554714
3998.21164154778,5353.55020650961
3341.03268809799,3092.4425348465
3437.99155058983,4674.12668474752
3737.32439713441,5869.52579631904
4037.47710856684,5650.89398542271
4210.5150307229,6556.39410764675
3911.31906093437,6288.8869953104
4248.40491395819,6325.94137818249
3591.7949261154,5786.77852063303
4056.02043194108,5762.90918737162
3291.49255142713,1823.9579672405
7703.42673452067,2852.78297798179
4239.11545636314,4966.24185847041
4643.43869389268,3697.41646953135
4298.62667503103,2579.25186972633
3796.60944960877,6347.02578675463
4539.31311666211,7098.62604861478
3084.8697216263,3462.36032636686
1196.91869753736,3767.60367566905
8489.67525267319,6789.2338550082
5161.77909586227,5256.42458369194
4492.88665016858,5287.05706385284
4740.41565445138,6539.11708776306
4555.66321226825,5100.08061997185
3363.84227945486,5820.08217742042
8950.71616042982,3471.33965764177
3646.25428259934,4633.49198645728
3698.27143498213,2970.87947273645
4353.80171021579,5665.27233255436
4677.56860828378,5114.34521904073
4303.56091720527,5012.38932068017
4251.55973896469,4150.5925573097
4186.88992382005,4473.34021119348
3957.22272134328,2990.94099445415
4730.73677972602,5429.59099789989
4333.13519153924,6516.04356808581
4010.27933412718,4332.56789212602
4137.08070657839,5129.86062394485
2869.98528836483,203.912296384058
4640.11520884592,3791.75716765975
5271.15254322128,7410.63233338883
3746.36688542537,4022.20989712401
4396.43721978186,6326.39594757832
3159.57877267857,5107.24125080817
3868.03660456578,6634.53775820492
3985.03783166338,6111.17404143362
4674.01233107282,7519.29429318988
3253.13973277226,3840.12081424492
4464.26376451717,7484.91108694429
8485.66431286486,4271.30335465947
3814.63407670282,6021.26655776653
4214.06632268844,4904.63607681555
4560.186888406,4716.52299801734
5016.41265425937,6514.79318510583
4074.40389293859,7078.73451470836
4499.84954899621,2087.94142676244
3857.77179633918,4959.59245963368
3401.18637430674,5273.07662351326
3229.62468077421,5148.78551074534
3454.10406196875,5725.62773122925
4100.74699823393,6127.08693027455
4250.2665534044,5698.97347327858
9188.69842180485,460.337099349572
8813.74302858151,7293.55893691624
4718.93666448393,5459.59807514317
3558.7479389772,4016.18547834965
3911.76731092215,6520.87426648395
4231.83451146119,2766.79663106592
4064.1387441995,3087.89599517766
4171.89898877193,4663.38531563779
3890.81176556058,6061.16210507639
4393.56519937503,5860.26188345958
3739.65228650952,2591.98213851355
4948.75602335854,6408.40407228395
4914.63716905546,6383.85309635642
4510.4294546486,7047.98870933994
4365.89900674106,991.827565494055
4085.64618940948,6631.41201218259
4574.25061529117,6397.2652192374
2791.6329722846,2863.41059902875
3633.25911930761,1816.45609221586
4175.38288226659,5426.1244305445
4228.03606942787,5275.23614528491
4663.29151697874,5766.37617758226
3814.18486282481,3193.1482616547
4519.16508039721,981.256924192293
4384.84685088563,5034.49661610675
4334.85757925314,3333.86370669078
4063.92427845876,3591.53901156432
3729.33526591046,3634.95821168858
4178.80627111415,1686.48201628951
4749.52816179071,5576.16023961617
4574.14772014543,5480.28499977849
4382.08501498557,6747.34877373798
4017.63756880431,6129.70144429729
4136.03884153144,4582.79798457868
4330.08887897755,5043.53303284067
3421.72167761344,4242.37582687438
4286.81831355412,5976.71029986981
3913.14018658187,4427.93147710886
9152.20589769686,1732.68614110303
8330.31432338969,2653.87186747009
4008.9334143476,4300.74211444415
1304.94884758499,4741.18814486289
4719.61732398341,3602.33704327781
3940.77513985455,6060.42337695126
2520.74145964558,1172.95031840865
3009.63090531431,4256.18627940268
4649.78957087605,6373.33922337223
9417.17068167066,2867.84339063482
4384.31571804179,5070.75560824994
7516.93998345,1075.48387425792
4097.46645792381,6166.86915237689
4558.96835041257,5202.09360379142
4073.83842903537,4782.78906740382
4046.90625321867,6353.33436425829
9548.09026509153,5884.4724609093
3843.88862949518,8328.74918776495
3316.38058329302,4845.01982912105
2616.00942915999,995.123827896726
4272.43034597377,2650.34842608332
4229.5301236905,4977.15363824667
4313.28014529864,3071.92623230534
4476.53948022782,6657.66836334118
4552.23274135548,5473.69268640077
3807.68114722659,2679.95759653453
4619.99800369923,5582.29798359806
3606.64435887782,4917.36655703039
3893.86880519223,5168.96078052581
4266.33317394312,6203.46896585315
2703.14537080573,1444.8334540335
3816.49328417257,1116.00493019921
4451.99152670323,4866.04757508943
3835.0937821146,6401.30010405139
4413.72308052695,5387.99007535896
4351.72063446203,5487.16147188551
3790.87798719963,3658.82754494998
3288.19905405491,1320.14454018731
3907.43576406838,6582.7071214091
8607.09792647244,2537.25325182096
3580.04593579973,2907.00042124716
2900.53015315454,5196.52417726814
3883.18344229977,5719.9445566432
3966.74655053358,2941.6111236183
4343.75087445227,5083.03109621371
4413.88322091462,5739.32401283952
2406.39470165625,1085.54317784628
4296.08046160642,5299.73045860868
8791.18674236231,3341.99056177778
3763.67074815965,5366.45109739099
3782.01709594507,6108.55995026614
4573.91826687836,5900.10119102093
3198.63606861436,6279.16893591036
3336.94489116164,507.734785968597
4259.13088732285,4053.75151607658
3734.93766080296,2229.85038074712
4877.98669759347,7388.52461510701
4095.22310372369,718.807900665816
4106.05596274243,8347.27616777337
4264.24092688539,6557.41699450119
8499.35984180572,3458.66626288593
3393.67580115489,4342.2292889223
4210.33631984581,5348.889918778
4021.45030567907,2987.98565909835
4586.42489975612,3709.40779876581
2158.47466157684,4525.00043732277
4297.55719920561,5316.83706782584
8278.94294566437,1388.57002563162
4170.78510250862,6813.84191639474
1917.95198235313,3780.67497721696
4265.88942606496,2440.46866176398
4120.2918975105,6407.32452282575
4293.09982264138,5552.00674762547
4407.50150215215,4139.85161105522
3622.34007389701,6630.10496659885
3975.09831849683,6018.87953986934
3207.58000909855,4022.94862524915
5049.65832432962,5849.86175853816
2489.03776710331,1940.51992028588
3562.70393472516,1861.58066757119
4424.66909334166,4010.44564115984
2730.03475189713,2206.83352367363
4567.05489261568,5568.430868466
3647.82433702219,3933.32487745612
3764.6186569025,3485.03615067967
3745.90212920464,5017.44709234861
3581.99332382721,3506.29118134597
2486.725576924,974.039207896961
3304.47398498857,1937.73520702424
4289.18767817898,5349.11741490354
3516.81753282593,5763.53459028924
4343.46980425069,5577.97894005476
3450.47092775826,5924.5955043447
6699.57760585045,2294.75210766322
5692.50332027299,5471.76023789942
3700.26971452822,5132.70221123787
4429.86265024538,1397.15155582826
3255.16265600793,2034.74687035151
4003.44912034675,6005.58074219589
3887.23904253998,5378.04451983338
4452.61412742519,6703.13376002957
4449.25854068207,5640.03886825021
3169.99235027206,1539.91288028704
2919.40220284815,1818.84311011305
2659.9966124634,4712.37436514058
3751.33687320895,3898.08919502262
4237.79658899471,6677.95695832917
3849.48724536136,3420.75940382594
4494.81960272544,5980.1768672252
8675.60337508082,2626.02431199846
8216.30760156388,2253.83325064367
4098.68413025006,5623.61474740968
3852.15096291539,5087.80513200809
3165.02452519775,866.002122444469
4232.64425819199,4264.14272382314
3069.97277843887,4430.20474694328
2367.1393562116,6202.78690033177
3705.05077559624,3423.48745448382
4354.27128993669,5633.27614420596
4548.47822025165,4162.07265454456
4162.74323149831,5222.60969490495
3323.97369875403,1768.20598226584
4318.42284105679,2017.07215510337
4261.03362771943,5488.12769613618
4130.15543553917,5933.006518161
3354.77297686971,4807.22671812383
4344.54990298232,6322.41772536809
3388.47891333875,4925.72090824294
4587.87200363976,5539.27626741062
3968.80487335425,3518.11231134152
3537.32602489683,2126.98492073965
4241.63370052331,4884.57455509785
3827.49017507706,6884.3699438655
2791.37671531116,4702.54255767777
3157.41970379687,4719.08042658107
3474.03022600347,3079.08707456928
4327.46342744254,5219.14312754957
3477.13031677004,1576.34207166913
3161.03580585863,2907.56873870577
3800.1456060081,5129.86062394485
3716.94573304778,6376.00997714347
4461.87818374979,5335.81861723009
4179.90487869787,5256.82249048401
4240.75803606209,971.709169744969
4232.33445581282,5722.89989199899
4222.97286624534,6519.56722090021
4084.13767774178,3455.93821222805
3171.61101303415,3731.45843158863
3411.17719420971,2677.17288327289
5115.70094273815,5178.16760792626
4460.29989543009,1509.90580304375
3545.86253183978,4304.09535659201
2956.47354924107,1104.86597143885
4054.86850794669,4345.35503494463
4033.87006049168,2979.63151931344
3387.48732102123,5489.71890044923
2470.94569746638,867.991233549586
2770.28494036802,4937.82598554017
4243.49599889566,4153.09332326966
4472.68918178468,5141.79529057555
8338.03853141884,5602.92782277436
3424.11273016705,4717.37547420525
3667.53158002847,2254.57219019643
2902.07513902639,6419.42960012298
3811.71693330247,6262.40357088152
2163.83761717524,905.727470515422
4051.71438344131,6753.4298551161
3691.52390109226,2578.74042629911
4861.06679191294,5946.13490516792
2964.8522532076,756.714654011996
4636.30416632385,3860.12567335886
4079.37178666299,2985.31469389949
4950.38393494177,6215.80153927592
4178.55261532185,3611.82760655231
3690.71330080201,887.711828220411
2624.79696980675,1582.99136479205
4443.1865463971,7965.65099432022
3510.45082715573,5127.24610992211
4589.50004987629,5916.01407986187
3452.68000593527,4879.34594990763
3454.05365373629,6577.19435748959
2820.99622155228,7475.19302754424
3480.48391118413,2610.85036271028
4549.9937650927,6337.19397929181
4775.12400692283,3646.94996377829
5123.77872162052,6797.47445815797
4893.11558625145,2289.58037650439
3961.70675264973,6915.45699342224
2672.78384304965,413.053107936412
3331.73479835586,2746.4507391913
3747.95898478857,5374.80544860353
8455.97792464373,1424.14663511199
4452.22941811074,4637.24313539722
3609.55959712595,3204.45794822304
4472.44021426553,4613.31671667681
4009.95633158344,4607.63354209076
1936.65358016335,2455.92698120908
4143.33842282864,1558.26955534273
1014.79251329386,1629.08195297042
3222.98778748038,1012.17335165487
4376.93112136584,4737.20992265266
5004.97292506512,5436.92246225799
4181.9593066478,5295.41141506538
9212.74407815266,2131.13355361641
3758.37866003831,5811.21617135303
8716.46995633768,1207.1630082739
8623.7181326842,859.23913411569
3913.1990593221,5319.05325220124
4634.36957303757,5888.16652439023
3495.9813381848,2313.7338684951
4683.33758129012,6927.1641639274
2831.73911713257,1196.08081783111
4109.50548540929,6541.67451632678
4239.47689170487,2433.59197822933
8215.0199340611,2734.28878786268
4205.85298454919,6231.82817617963
4257.56648745532,6518.82806991982
3744.93448295477,5551.26801950033
4017.0942651866,3105.62737302955
7881.8647387419,2676.49102917914
3111.34219010868,4689.9829109847
9464.86374261397,891.917335128562
4146.4872759068,4599.90459379583
3089.19392761951,126.6211220138
4088.20478960928,6939.15591601711
3957.65961363255,3890.30316126868
3566.41371246354,3272.65583182799
3874.82609855476,6053.14899805217
3913.84317030479,4731.18592673355
4406.50200380297,5172.9956653398
4252.72877931856,5307.91439915469
4080.14147741639,5923.68636555303
4486.75144441145,5960.74074842512
3970.356627884,4041.81684944588
3955.53627664907,4348.42411836319
6695.6773272331,2337.83048645442
4787.34807345672,7005.81946934041
3965.05793096811,2026.10857183729
4838.86749274135,7041.96429056557
3848.35022887491,5075.47255858531
5006.62822593996,6641.35756770817
3908.69907079249,5260.85779815326
3512.40995894,4453.96075499716
3446.41089641736,296.32071779605
3551.24833576553,983.700604693243
4236.43068627031,6363.16617172111
3526.55588763481,6643.28959335428
3742.96395657403,5445.44722413706
4257.22698525913,6824.35578937893
4154.06248960905,6202.61648966524
3154.67416969997,4164.34592437898
4389.80992904307,7383.75057931262
7612.06076872906,2429.50021938395
2517.07799795679,177.71285889953
2102.20391348246,908.171256730185
3350.0413549666,3439.34346929337
3909.84547423132,4555.85999075396
4164.09872527477,5215.90363346447
4000.77634835244,2073.39245753664
4683.65400781209,5292.74023843889
4887.50870899287,5658.05461625903
4233.22143970189,4529.37614346982
4170.01872828209,5453.46033116129
4544.17085957953,8783.2889837308
3677.93765355642,5131.73598698719
4166.38848415532,6519.05556604536
6519.26964422243,7470.0781704168
3762.99665118094,4524.65919313445
4189.78765472204,4388.83132052789
3821.81191608796,5168.44912567096
4225.56448035907,4153.49123006173
3975.65414308373,5104.17259024486
3808.99133883223,3999.42011332081
4142.64526650255,6254.61753712758
4551.32920761736,5104.45674897416
4052.30451145176,3929.85831010073
3298.1800349481,5031.59836620997
3942.11045717401,6027.91553374801
8970.92107955963,1061.67384458488
4541.85279979153,4905.48855300345
4396.02617336838,1047.18174939045
4392.7192657481,5664.02194957438
3386.88660829629,5648.39321946275
4314.09498159824,4966.92392399179
3986.91634642847,5254.94712744167
4482.04665744542,4542.95909987258
4506.58731986017,5718.97833239252
4165.64203691415,6835.26756915519
7311.77026983181,551.211071551867
3343.58779271352,2950.24942213252
4505.53812198346,5960.28575617403
3956.00035683161,5418.73630358263
3891.40702313631,3138.87394435794
3456.54821733634,1298.60535079171
3485.40138904437,2867.10466250968
3759.60166914078,2767.02391576384
3818.42225811512,3806.53342158348
9033.47013790835,5058.47969743093
4816.20766559693,5067.5727767686
4886.7853666178,4833.88055321924
3216.88920007022,4199.86576554179
5013.14744155673,5846.45185378654
3869.71069086284,5546.09607691388
3838.82239677189,2906.88688461202
3076.19462316346,3116.65290086859
4541.37489865113,6339.2968384597
4570.99551498621,7094.76115161206
4536.63643333474,4822.51420404715
3246.05234776562,1896.36156918123
4188.33559826101,6470.52150879366
3143.93481521823,2786.34670935641
4926.70289697924,6521.21508781701
4777.91512560497,4908.61429902578
3564.91072783201,6543.43655416161
4031.08885761001,5020.45951316341
6567.76012008762,4903.38611669082
2157.30917872875,6063.49246036982
4318.06268343253,6212.90286652388
4319.16599494476,4826.43576365362
3593.11920544982,5073.14220329188
4229.81941724328,5702.66753675951
3863.40659621211,4402.35719147164
4070.90017289622,6160.56099772848
4922.68587393331,3162.45911889004
3741.63044887481,4154.51411691617
4470.19165438445,1863.79706337422
3837.00015121073,6911.70626733755
3418.78309896528,4379.73824119022
4013.20520032381,3320.28096171565
4052.28645027963,4754.03195028526
2671.20117118002,4649.80278209029
4181.78529954522,4374.39631079248
3067.5603417766,4533.35436568005
4742.28424403362,1966.83293404823
3899.3951695838,3800.22484407981
4137.62204578289,5351.95900219657
3822.83682391538,4459.41643345767
3723.32436564479,5882.82417113725
3864.87861944504,3803.46433816491
4305.52080979795,6807.53333889108
4504.44830841817,6427.15854841791
4069.44892158563,5342.69551219236
3523.38318235914,5145.602679264
5116.91454311437,8005.9448712774
4424.14116513495,6360.83623928293
3999.39141298945,5349.1740775073
4037.37982468051,3057.94558053813
3454.88595537952,4770.00192458521
4673.77718927756,4494.70877849493
4033.08700594621,4943.79331885552
3385.07083471359,3668.77310047556
4223.81516035461,3853.81751871045
4169.80013651891,4299.83297565248
4181.00469656126,799.338463407358
4059.00776959653,5766.26242951949
3853.19260881463,4284.65881493668
3812.29561481472,5077.06376289835
3804.51188650776,5562.06605121383
3654.2233910139,4483.1720186563
4672.45490865426,6897.27083474688
3928.09085575342,4985.22383072991
4683.31794363885,6174.08686867223
4664.03611736751,4860.08024177408
3824.16894402401,6423.35115972946
4555.38125813634,6023.99439699679
4021.66747407237,5834.91509394791
4826.39204028222,4498.9144968307
4360.33155815657,5418.85005164541
3760.66284509185,7708.54400690529
3699.62846941682,5130.59935206998
3707.54597438701,5002.33001709182
3507.33374644293,1983.31414034777
4274.89641639918,4432.64885029948
3144.93258916525,2329.24906197158
4098.17815451532,6600.94994268822
4292.68238725974,4698.28017673823
4415.14459815541,5280.80557180819
3584.04810981824,2418.98634639976
3373.40927979632,3902.80614535799
4349.09482462113,6189.88600945039
4162.6423721202,1790.82514397489
4830.03944137264,5340.1947462324
3899.32021024338,5513.81572983617
3963.2795365159,5078.6549672114
3649.61778046428,6441.7643916751
3741.45192517942,3800.45234020536
4724.86943277658,5646.34744575387
3926.92066698584,4343.99132675712
2656.94063991252,533.309071605815
3990.84026605027,3641.49386246253
4917.42344605837,5587.58325139203
3845.06662438227,3701.45135434534
4050.6244792117,6395.21944552852
3450.24043103024,3583.41173362207
3639.47040449894,4613.65796086512
4618.24917186413,6546.44855212117
4236.58444598176,6321.50858657642
3281.86041837166,5159.64020506259
5112.84656932131,5267.16595280167
4452.48118233941,3479.23922803085
4150.63861191075,6839.98451949056
4175.71553159804,4206.45850177475
4536.09712897338,6637.4360081017
5156.25668781042,3142.90904059956
8372.81207247649,3322.66776818522
7768.75129568607,1457.50684878933
3818.52898571381,5433.39880944359
5490.88884651753,7027.18803664185
4292.86443144911,4920.77646178202
3548.73948629427,4577.45605418094
3836.34026855067,4346.3212591953
3598.64829233268,3751.97494555741
3834.23754842968,4860.53481116991
3956.47581939608,6232.56690430476
4948.09068529536,6195.34211076615
4808.5188770888,6035.75865296096
4428.38970119986,4483.05827059353
7835.165319729,1502.51767608189
4397.10980091827,4821.66172785924
4073.02550330167,6144.81851955408
3378.7011877078,5634.63985239346
5171.53965018241,5549.84722585382
4564.88694223677,6408.46115774296
4251.19781882836,2705.87291493244
3511.53783481289,4736.47119452752
1994.75430224325,239.261634380743
4556.86185309298,2241.72817334644
4780.07564031527,5606.50813819252
3997.81720498581,3589.15199366713
4185.62221629059,6703.19042263333
3793.58376109817,4107.40043045573
3402.74653789497,3209.00448789188
3701.34477609057,7077.54121718739
3446.56216100766,4716.86424220566
3351.11773371547,3664.85196372434
4096.72633520205,5797.17864555445
7936.67965343629,3192.40953352956
4072.90467585501,6616.52201019609
3339.24543302867,2619.2045024952
3629.30829185826,6486.54772284211
4475.7695906018,5395.7761091129
5090.72067220514,5057.45681057649
4064.04667694728,4680.43483939594
3602.03709000098,2995.31712345646
4448.3170906153,3001.73902616764
4277.29290400143,4091.88544840687
8421.5714253638,5221.18890125844
3546.08031452656,1451.36910480745
4043.38514627651,5520.86303546497
4090.53780439773,6055.42226788658
3639.93999900676,6086.96388683915
3888.216165489,10000
4218.11258365218,5965.17354003119
4776.91255348795,6739.96064677611
3326.71917003573,6719.50121826634
3654.55038943404,4920.83312438578
4901.08313656771,5216.86985771515
3186.75075931305,294.388427865412
2394.21915519801,2521.39702558378
4017.82860930258,5940.0538237898
4343.06805978436,6278.03230099315
7996.68748891771,2910.29678936365
2847.3982447925,1238.25005783064
4809.99682970468,4271.36001726322
3987.36913065147,5001.02297150808
3645.75125556855,468.179901421081
4223.44755261311,2622.21671188238
3946.97573884707,4763.69334708155
7583.56657661766,249.775507364933
3836.08630661136,5608.15642796458
4923.87627185376,6461.59884012251
5270.47037650504,7149.83128249297
4361.28308833578,5325.19099618313
3576.40070193937,2477.92074000051
4614.7405212347,4674.69500220613
3049.436030478,4642.30090706565
4817.51126170894,6424.99902664626
3863.01580969455,4441.96900290745
4120.02698993823,5417.08801381058
3418.15473925781,4083.19027586126
4531.13533523652,4617.29493888704
3612.96449168115,4428.49979456746
4369.68426238181,6236.94303330707
5125.4716512823,5538.02588443064
4567.47883331809,6629.08165688916
8952.8325641894,1050.59165414208
4300.97660466445,6037.17944660747
4878.79273160754,6420.33873891465
4074.26000048877,4510.67875279487
3565.12849732874,1849.0208094505
3453.15400464633,6120.32420623031
3398.0531450713,1988.99731493382
4098.98054602062,3757.88519341375
4630.28966263943,4369.67893760186
8590.20462293931,605.087587770368
3618.53727720071,1818.27479265445
2502.27476897504,7105.90000465862
4259.21509963485,6753.82733905292
3422.42283138094,5145.94392345231
4557.35299524205,4722.60407939547
4835.34403654413,5600.48414227341
4043.90950914728,5036.76988594117
3891.53422010823,6587.87864114031
4608.70937293008,4865.76341636013
4520.36790331194,4947.71487846199
4065.30231633297,5735.80036002512
4375.74302578148,6683.86762904076
4313.04402988538,5939.2013476019
7577.01412659165,3640.07306881602
3679.53207029563,6367.42855266064
8444.33958943183,1047.29539173941
9205.75970687817,3808.8066914179
4274.99945063954,6334.97779491641
3638.69569524644,313.256572776784
4145.01742594535,2424.66952098581
4331.46462610033,3090.28280164722
3477.9270555705,1811.05707635912
4185.27696994637,6477.11382217138
3441.13738102341,6603.90527804401
2585.67670098757,3559.76989648621
4450.84798187252,4152.12709901898
2753.59684030787,1916.42330232656
4109.59645154363,5763.42084222647
3936.60790067761,5509.6100115004
4282.70653156456,1436.19494409165
7806.2222774682,5445.95845613665
4168.84421327525,2487.01381933819
3849.38664840276,305.754777037509
5095.71618771667,5560.81566823384
3671.43681881237,4110.58326193707
4505.17488113551,6753.37276965709
4700.70915040826,5388.04716081797
5091.31037829678,5271.31458567844
4101.49222625548,5506.31385481154
4038.7364244417,3930.88119695517
3419.01728907909,4812.68239658433
3404.10870763817,1404.53968279013
4520.30197964149,4166.22128742133
3687.97532925478,3123.2452142463
4558.710064019,1043.88548698778
4619.67729416393,5737.27823913065
4524.80913550457,5825.70826654746
3930.34045999892,6627.20629384681
4134.82651219528,4183.15748597195
5088.19625186016,4713.51100005779
4825.97248389163,6299.4579537536
4028.68685883918,4815.63773194013
4418.6696058483,4570.46583401115
4964.6548160217,6051.72820440565
3588.40353075098,5036.71322333741
3957.34931996496,3535.0480870369
3769.79991238581,5903.45401031355
3567.20261810112,1156.07131103085
4613.18002813368,4074.55176591942
3972.44965260626,3009.52505992158
3952.10690893516,5481.9899521543
3889.56733981524,5680.21899714462
4073.83809641722,2433.93301099002
8517.54948618858,7055.26308823903
4338.37724514434,4615.87414524053
4911.10002561842,5862.535153294
4438.87883261632,5740.51773321574
5504.96824439747,3553.29090831601
4112.61873141062,2504.23396519049
3649.25634178829,5511.59912260551
4719.8909097899,4952.14767006806
4107.26517442782,5714.31804466091
4360.24743889612,4387.80843367346
3808.69020903334,4654.7472285512
4627.02119627863,1413.46224574746
4724.28827763947,6348.61741392292
4071.05843028146,3995.83979790265
4207.50234303179,5337.2394108766
4610.72232403048,5562.52062060966
4859.95715933905,4222.59846388598
3378.75178682548,2630.8550103966
2813.72091530052,221.359634434691
3943.62747780965,6103.16093440939
4684.3870764848,6331.28373143547
4759.56226709697,5696.70020344416
4361.38339855987,692.267443634826
3944.30861304435,2048.61377405594
4020.62202511472,6879.31217219707
4726.51925766375,6122.25623187641
4251.4935544599,6449.6070880328
3634.15730049368,1779.34504674002
3653.12088095197,4528.35325661538
4039.65797259723,6196.25124955781
4285.89932215683,3018.22023246718
3889.25399088599,6837.99540838545
4398.91654842937,5298.25300235841
3790.40564664989,2538.61717143608
3954.05484312734,3112.84508932489
4391.5905141147,6044.56757356933
3663.90966384799,4465.55417743955
4130.15364268258,3508.96235797246
3232.70907361849,5298.42341302494
3640.57365868116,5469.25947193945
3760.77726965126,2577.8879501112
3722.80900128343,4611.21385750892
4231.80506058564,1160.27692365282
3937.99841231691,3488.50292946268
3892.84508592089,5191.57973080723
3796.82459779145,1983.08685564985
3871.05225125799,5155.83239351888
4798.54075543324,4862.46725967127
2837.96539761016,3118.69867457747
4584.64479503845,6899.259945852
4335.58379480289,5021.88030680993
3668.77104225059,1201.9345087975
3865.65125696131,2624.54664432056
3048.21971331847,595.823992052347
3853.62183198193,4975.44868587086
7313.48720851904,6550.36968887239
3991.60077184445,4799.04277757782
4454.06030819716,6290.70569574899
4492.51812655687,8067.94813686909
7979.58862845585,1883.74504845678
4631.31460072681,6975.52823336782
3746.08535326978,1573.95515948575
3994.8074328351,2991.45243788137
3619.93314616685,5936.01893897581
4513.76987379818,5918.45776036282
4689.25099225924,5883.44957405486
4278.68933889702,5771.4339492507
4343.47567128145,3979.30192899935
2837.67183355477,862.933197596621
4199.18320682988,4682.9356053559
4037.14889609141,4529.14907019953
4158.51990186751,4796.2582757438
4339.42432969101,6662.49906173932
4116.14941016407,4128.20110315382
7749.35694479739,2957.75129715715
4309.42112667383,5793.48458207351
3798.1007718863,5042.11223919416
4899.46113265455,5706.36160024044
4433.68164222617,3781.47036794585
4439.49461441852,5036.59947527464
3604.16531801855,4722.66116485448
3489.98228465475,5397.59480955148
4532.09816469456,4842.5761486201
4279.01081761841,5847.64557416276
4173.53301289758,6889.48480099295
3866.26002270973,6463.92877256069
4689.22791125698,3908.14849861097
4199.8716472499,4229.07745205618
3533.30815294473,7319.30321036473
3283.13101394862,5017.95874720345
2891.91392835502,7153.63867118142
3705.64706055161,5364.0640794938
3522.84057903553,13.639618180627
3887.61293756077,6834.35800750828
4345.05523545771,3247.99089641007
4405.18222852213,4393.94617765534
3792.12123946968,4854.85163658386
4358.44785941442,4473.68103252655
4907.08809234129,4477.94341346608
3855.21215052142,5723.29737593582
3529.95329097871,3491.00348399502
4309.69166254218,4427.8748145051
4087.55037351996,4589.78862760372
3047.38645375076,2827.26556637595
4601.0348224875,6642.38045456261
4100.14074875196,6836.6312773427
3970.42623417688,2572.77309298376
4354.62860617948,5266.02931788446
3897.35079512307,1472.39685077583
4137.04329956393,4450.20960605722
4620.57028517299,4241.41002547895
3998.29532754066,5091.27169936348
8681.36681401698,1670.56912744858
3773.31057247836,5571.9545212804
3996.98415449464,3409.73408741453
3972.62006453846,5403.78963899238
3581.39633320387,5595.48303320874
4116.19631123366,5758.24889964001
3360.00668550042,6105.83211103588
3189.34138713415,2485.99093248375
3093.11525656151,4037.0428136515
8631.22650452099,4029.08636923103
4394.50446881745,3811.30703452261
4333.12574074231,2340.33125241438
3419.29196865365,1726.43464905838
4564.55271440641,4777.10589281777
3023.52836522371,6561.05439537836
3946.20171914117,5963.6389983219
3864.67796222897,5852.24877643535
4499.87446817185,5267.79093286404
3998.99489095614,3407.06291078804
3387.21415519646,2308.61901136765
3475.30827176282,6015.18547638841
3856.87936626436,4726.07106960611
4856.51987735855,6949.32854481298
4492.02998792327,5130.03103461138
3781.031743664,5793.37125686599
7805.91487847264,2857.32951765063
3832.47165911721,5527.85325563476
3614.4027274984,6022.34610722473
4256.559517259,5328.77173445654
3485.38780623172,6627.77461130542
4387.36154519053,2712.40856570639
4491.89879500171,5092.46499688445
3923.03057317741,5976.42614114051
4419.12154688938,6122.14290666889
3080.94192352494,917.775779495082
4191.06322486346,6135.10046015403
3646.81999410285,3118.92617070301
3805.69992450113,234.658273537425
3476.58539434387,5026.8814158746
4154.27324011334,6052.69442865633
2912.74355746367,408.677058219464
4355.6549819061,6545.53899047425
3786.08466880339,7966.21931177882
3597.26914129004,1645.44941120719
3782.3301629325,5535.01388647108
3961.20456654648,2957.01235760439
4430.82056536833,6648.23403981519
4907.41799472695,4155.76449989615
3835.82699825463,4699.81471844751
4451.55537586435,3079.93955075719
3756.63706422916,5385.54639485801
4428.80096318601,2534.35479049655
8594.63905983978,5699.5988761962
3677.05706325132,3304.36807287472
3986.67902937282,6384.64848708532
3742.09979404046,4735.67538094338
3947.14867298151,5839.80245494981
3936.75169914128,5802.57766141119
4087.28115156158,4763.69334708155
2778.50529808574,2280.60104522949
2992.58563703004,5197.26290539328
8152.84330715535,2756.28275808174
4204.79453454171,7275.08861951158
3762.80825587223,5062.74207837046
3498.49928952476,4435.94500698834
4342.73220359796,5281.9422067254
4428.90511490396,6931.31321965941
3953.87588819789,7110.61737784924
4132.67205715041,6478.47795321413
3613.82652004351,3563.91852936297
8375.13576201306,2288.89852241064
5032.47309589522,5957.8991611321
4109.26198571961,4868.43459298662
4727.61235662072,5618.10198349016
3869.71935642492,2440.24137706606
3926.41199143759,4171.56364067432
4207.37771908211,4187.81735084831
3895.59861811329,4689.18709740055
7712.78486798403,1723.30890303606
4147.2569286646,5209.14090942022
4163.03717617562,5655.78134642461
3579.88736196635,6476.54550471277
3630.1835180734,6052.18277380149
3469.39863522469,4491.35595920231
1995.53227004947,1948.47636470634
4218.52019433479,2724.51385443125
3969.0380736611,5437.43369425758
4261.50463060485,5168.61953633749
4727.1747263584,5559.84944398317
7978.12215637043,2205.75355136018
4359.83929393416,3496.8570692476
8652.7805264143,1560.9975002868
4236.48112149039,4433.3304929656
4471.11449644461,3792.60964384766
3919.54150290005,6251.09388431318
4044.08868008592,5659.98706476039
4352.49389603597,4915.94576338388
3732.12192244173,4242.20541620785
3589.76384344568,4803.30515851735
4085.29592784987,6558.04197456355
4140.63569102292,5438.11575977896
2638.29332681046,4684.29973639865
5301.48065339443,8924.06172565352
2773.07306832036,1772.97980663259
4499.89945646595,4129.1673274045
4432.82574261325,5769.16067941628
4150.11033339611,4236.06767222596
4608.79964483027,3834.49472511789
4036.12936104844,5557.46242608598
4074.42391404784,5178.05385986348
1718.2853959256,1035.87216853593
4274.78945655089,4696.57522436241
3688.9696396461,5198.17204418495
3913.27148669085,4680.26442872941
3807.97648768341,5661.9761758655
3828.08927127222,5631.51410637114
4309.40028041438,6974.56200911714
4468.9018131786,6122.9953828568
4210.33292061233,5087.57763588254
4016.86651503612,4918.04862255177
4431.57296740281,6836.46086667616
3667.07363042763,4232.03278741197
3897.01167730817,6150.33128347359
3767.50425841108,5974.94868489024
4355.89105085586,5013.75302886767
4024.38456834714,5967.33306180283
4627.62264525562,2880.57365942204
3308.28409989255,3940.88341508451
4533.14603543156,5321.15611136913
2711.97168929793,5069.84604660302
2831.84502258014,1931.76787370889
3764.58901640349,2559.4742953103
2940.29905179251,1957.39882194986
8286.82093839467,316.268650021699
3966.54412240203,3845.6902407682
3867.89433967229,5274.8949010966
3507.26667745803,7008.26314984136
4329.60948961867,2238.6593013555
4679.06149073593,5638.73182266647
3139.96766785936,443.855893050032
3603.516078858,390.320409592219
3617.09609624473,263.130967642146
4306.76680161191,3883.48335176542
3604.06647218533,4257.09541819434
4231.60243895669,3605.5194519039
4295.68069833382,4772.6731012117
4117.34922132432,3269.35967513913
3983.89805523312,3954.01180209143
4848.24844501331,5719.43290178835
2529.15505574264,387.649312251085
4322.3221014636,1640.39142811113
4626.67501361088,4704.36125811635
3888.67282975315,5333.37493672914
4233.37411237133,1539.85611196946
4019.28404108627,5000.00008465364
4373.82977002251,4759.31764093449
4418.19259842751,6876.58391011157
2908.7183902812,7302.99283758698
4381.60153324796,5063.25373322531
4108.02318760159,3841.59869335045
7518.06242790977,3680.19653510667
4419.19199328591,6692.84696031567
4481.50859808937,3547.60773372996
4025.17095446728,3214.68766247792
3440.34537262977,7308.2776825257
3770.97023231698,5749.72413776094
3904.0179700397,5113.72023897837
3709.08200841327,2250.3098092569
7736.49516748619,2689.50545669567
4723.04050554618,6010.2410299275
4007.63717147952,5930.22201632699
4524.14361744591,6582.19546655426
3366.9515416897,4929.41497172387
3175.71457725192,4209.47049973431
3418.12733553397,1782.86869955442
3608.7386349047,6631.41201218259
3348.33365745194,4042.83973630032
3530.25558426863,5582.75255299389
4183.4879286996,4705.09998624149
4222.01748652219,4807.68128751966
3362.30503572304,5699.65553879996
4230.92957004896,1091.16947840094
4280.07352682402,6434.77417150532
4627.5791748685,5700.22385625856
3282.18709212519,6586.34452228628
3705.98837815806,5458.46144022596
4043.19455636149,3893.82681408308
3918.76879290422,2649.83677122847
3754.61481958521,6374.36211022667
8135.69687369913,7117.1530286232
4641.54914588848,4251.86681300413
3336.84161253493,6616.12410340402
3872.01883997567,5452.38078170309
4035.34267223147,4583.87795689213
4331.43518535935,5679.99192387433
4823.6969622739,4882.81294011827
4169.96022721413,4458.7914533953
3924.32828605882,5532.1156365743
2300.79372140651,1789.51788696352
3964.24782364035,5712.6130922851
4480.77445719936,4406.27875107811
3785.82822959176,1181.87288136599
4480.82627351949,5032.16668366857
4048.73008359191,5288.9895123542
5385.83635109039,6059.57090076335
5365.93058500148,7612.72585252662
3844.94930972557,5904.02232777216
4553.4200861713,5767.00115764463
4209.8118872893,2846.92939272921
3867.85052688553,3710.37402301649
2496.51661491545,1025.92661301035
4088.61513240558,6132.94093838238
4867.1471765024,2593.57334282659
4089.00698317997,7739.85812973232
3730.84766772924,5269.55297069886
4356.27974202349,4673.27420855962
3618.9249024119,3758.6810069979
4512.35237988059,5481.59204536223
3996.06897979645,2844.94028162409
3873.43191614273,4984.5984278123
4266.54284319359,2363.40477209163
4183.93919486197,4692.48325408941
4095.5127438301,2456.38155060491
3780.15118794627,5354.68684142682
4169.5492838862,6938.70134662128
3534.99174289774,2354.19815611881
4431.45529073403,5576.72855707478
4522.29876473066,3180.75902562816
5031.21769182506,8492.87876238373
1867.09442549306,2698.54166200196
4569.16576293905,6151.97957324565
4826.33601325686,5775.01426466886
5364.32877212486,6757.80556126315
3964.17269867856,5276.31569474311
3880.9341705754,4835.01718813645
4524.68747571644,4507.325510647
3717.8835145816,5453.57407922406
4758.79814213556,3519.07832416457
3637.77851589292,5410.55236303662
3706.64075768603,1204.71932777295
4083.99331893243,6271.89455701127
3879.05767017266,5584.23043209941
8041.38614008024,1696.48434013267
3607.13961171035,2920.86753637922
4359.14447860166,3970.49300839097
4218.87638970742,5392.36620436127
4083.90685700696,5736.25535227621
4475.99445094195,7435.06998410884
4381.73908162377,4634.23071458241
4804.05482500006,1136.23707401107
3484.19398499126,6803.61220213986
3494.02985601411,4527.33036976094
3150.93696234022,1075.93854936757
2574.3249749733,2630.68459973007
3329.4499085868,1398.00403201617
3300.91585916481,2598.34737862098
3164.69639755936,5208.17468516954
4180.72500475889,4435.09253080043
4313.49766446976,5218.91563142402
3834.23830255322,6874.93604319476
4336.84066531461,5313.42716307421
3769.52721201786,5516.99813846226
3532.40339770159,6724.95689672685
4149.50259725952,2861.36461389224
3629.85265142913,2279.23712561436
3904.59341392755,1410.62065845444
3880.73798578051,4360.87001699349
4849.66628482372,5595.76719193804
3727.61649473216,5625.26261432648
4030.18381158001,5983.58677197683
3979.37505928697,5522.17008104872
4637.08524087097,5141.11322505417
2373.03202239674,4653.83766690428
4298.47454290768,4395.48071936462
3750.69884522393,5435.72874188177
4291.64399347943,5554.73458685572
3149.58677821819,1251.37812769612
3830.41825000514,5651.121058693
3092.05352386296,4432.08053284087
3393.93955929745,5288.4211948956
4178.12739318971,5318.42827213888
3996.99165107372,5920.16271273863
4055.03053681242,3356.25537227429
4389.82740325766,5113.20858412352
4248.21913255309,7095.15863554889
5054.60226497332,5050.63700107323
3803.57683432985,3810.51164379371
3630.49027581019,2413.47358248025
4336.34862726127,5787.85849294648
3536.36959675844,4796.82659320241
4912.14220696529,7507.53046008096
3496.00333060737,6826.79946987988
4226.77616173133,835.312979679807
4548.31638258098,5578.03560265852
3883.94552381426,4530.39945317951
4539.17269183223,5594.68721962459
3898.17676845641,5258.30036958954
3641.6516709311,5377.98785722962
4216.11691839781,6040.81642462939
2900.19335900473,6785.25563279797
4265.63026694164,5211.92541125423
3558.97723739862,7572.65947169497
4616.61312363473,3839.60958224533
4085.0175240431,2844.37196416549
4255.97733204971,6036.04281169026
4177.60060015348,3346.48043884286
3699.62699754205,4629.51376424704
3947.91397756519,4183.78246603432
4850.46268590663,6142.14734292758
4168.49004742894,2195.35342643876
3871.50348404995,1403.97136533152
3427.17890797619,3980.04065712448
1707.14995091463,1632.77601645135
3946.95178290483,6324.4068364732
3764.32847009525,4856.04493410483
4068.93094545981,5874.35649471718
7965.05266654627,1895.79325172262
4020.32690383987,4928.05084068112
4352.87779392096,5308.59646467607
4754.87479722435,4705.49789303356
4142.57544565798,5977.50611345396
2212.09518536792,578.831289468681
4388.37293456531,5689.48248714883
4420.87896629655,2507.4165852442
1547.3622185919,3706.79370759833
3395.68461133206,3069.48255180439
2763.55899078189,3643.36922550488
4465.86677210424,4753.29322216013
4110.26382931687,3752.82742174532
4322.90250151738,4761.36341464337
3916.91711011404,2814.76258228665
3381.3809489876,2849.48682129293
3673.83634642028,7317.37076186338
4201.88283727728,5297.79843296258
4480.94397820458,6853.28289430877
3688.27228705809,2943.65689732718
3278.13538864362,5950.28353804469
4498.65851935725,5575.81899542786
4406.91213623032,6124.074932315
4224.09654796754,5496.3116366822
3868.63665555139,7040.202675586
3689.03875733229,7155.91194101584
4020.11465644087,5700.28051886232
7491.21211959897,7982.92801420391
4485.33836188315,7074.92670316465
4235.76593491405,4791.71173607497
4624.48344950435,5715.00011018229
3817.33315555881,4183.89621409709
3896.4097099284,3920.31066136722
5205.50663724891,5714.37513011992
4441.96752224853,2664.44261448567
3978.85658023815,1784.00533447163
2647.95132990787,2051.62598344312
7471.19774781096,5782.68655036002
3329.26560094842,5420.89582535428
3839.02695183345,5326.72553789241
4403.6958638361,4952.71598752667
4217.92098183334,6126.29153954566
3854.63953485882,6709.55566274075
4605.07742280439,2928.31232594484
1344.59994871835,2762.87528288708
4659.74008618954,3288.00040321032
5034.23700508783,6086.62306550609
2311.85202383789,282.510608837643
4436.54732169223,5797.00823488791
4797.98563313189,7501.27896803631
4336.46754820542,4289.88742012689
8683.83482400672,701.246880623545
4339.73951017444,3516.17986284016
4012.44037578325,5319.90572838915
3110.45261042926,3533.00210190039
3660.80956534409,5647.76823940039
4143.01728072464,5008.86566786577
4577.43413307644,4306.7094477595
4629.54738198743,6555.25747272954
8388.82046974968,582.639048155477
4153.1250597448,4495.33418141254
3966.94608260578,1780.99312508445
3320.26039012637,8369.55387386648
4282.23069592535,5034.04204671092
2788.80146285195,1073.38112080385
2051.47817322857,1999.2270291887
4184.43510360735,4877.07268007321
4553.49095955592,2826.46996421943
4087.13069237175,6241.88705691273
4048.64856086758,3102.72912313277
4205.73227333999,5478.12547800684
4719.48777527347,5865.88839544187
4460.68802034911,5547.97143995622
8401.84141003688,2418.41802894116
3435.44085956284,3667.46605489182
3459.54438280686,2574.25054923403
4439.22117841119,6723.76359920587
3761.16871775727,4414.29185810234
3957.58341167698,4246.92236654322
2382.04276938226,3007.081167993
4982.00433859677,6100.60350584567
3921.29349951486,1215.00581034541
4282.18667060289,5831.84601052934
4708.15780808613,5823.32124865027
4164.70254566692,5434.87626569386
4980.85076910456,6066.78861705868
4218.75824881749,4451.80081037026
4677.4844658502,6320.8831836588
4529.35158836413,6381.86398525131
4071.22589368677,6152.09289845317
2898.46467655408,902.715366842053
3926.81469412754,5472.66937669108
4108.66341703683,6145.38683701268
4331.4586109533,5455.50652772542
4222.21964813627,5966.36683755216
4044.76000750745,6262.46023348528
4566.44770400878,5898.56664931165
3155.71794851124,2171.31368251082
4656.13442846355,5910.04674654652
4480.0949758888,4249.47979510694
3813.44350909425,3434.22861216592
4478.29286657156,1931.93828437542
3421.93123060615,3272.14438840077
4245.97775378572,5375.65792479144
4587.09571266368,5013.35554493085
4335.62319885952,1145.1596369684
3562.23316478464,5271.08751240815
4421.21757046065,5923.11804809443
4173.205795664,1607.99733297066
3744.84143389406,5717.44379068324
4004.52498460827,4443.95811401256
4117.65183314525,6009.84312313543
4348.01748227883,6388.62670929555
4728.64312305774,4248.96856310734
3669.61389059211,3351.36779984476
4336.23354437371,5561.21357502592
3892.47598207238,4891.73560878942
3967.05685788581,5845.54271499487
4495.10964141992,3098.40986816185
4285.00677863475,6421.98702868671
3774.58410224167,1366.34877071464
4810.0403102663,5311.09680778078
4610.49937928798,4535.85513164002
4066.412582342,5017.50417780762
4119.60074692978,4147.46681128737
4140.76197375802,6562.0772822328
4207.4851959041,5270.97376434538
4650.81430289997,6637.77725229001
4666.50041896506,6302.12870752484
4025.4120770327,3138.1352162328
4106.61540424991,3880.47135380587
4782.79560056064,5019.94785830857
4657.62254119935,5979.66563522561
4265.48976237376,7669.10260613601
3330.93682717902,3127.90550197791
4244.77810955353,3017.42463031066
4802.73037785331,7601.5294911658
2509.16442642378,4615.19207971915
4310.55313755714,4535.91179424378
4881.56988157425,7088.05509017158
3959.7365894107,6887.72318601337
4222.84077735068,5497.90284099524
3780.03332512128,7452.57365440757
3395.06824199775,5381.05694064818
4802.27853116305,3300.78754602893
4009.39203314142,3320.3944983508
3750.33184965118,5978.35858964187
4227.93898664379,2362.21147457067
4333.13987674217,4557.33744700423
3734.62695404377,1376.23745220884
3630.47568363107,5445.44722413706
1439.44229086756,723.18392395431
4790.14436912485,5747.0533839897
4074.05821235649,4378.77201693954
4109.87160961572,6003.477883028
3985.95511159832,4177.81513271897
4466.31591322198,5993.9873197535
4317.24751554761,5056.60433438858
3911.55350842294,860.716748936681
3890.16477268767,5568.88586071708
3772.82063517662,1942.79319012029
4854.49242187565,6737.06197402408
3938.08736200803,3087.32767771905
3381.68243355559,1579.41094366007
4253.10849745649,5312.40385336452
4286.14893003618,5323.9410360584
5162.32704310454,6823.16206900271
3235.63302544916,2600.39315232985
3709.41081043497,3230.37305519332
3980.34932723307,6112.02651762153
4857.20033976664,5927.38042903396
3975.59534929395,4946.35074741924
8528.14218925937,7009.5701954251
8293.82802097354,393.673493169368
7227.05009813883,2787.540218305
3447.55396232725,5940.33798251911
4627.46400217999,2344.99132871836
3651.59306408915,3292.83110160846
1756.67973382007,2116.41417372407
3655.43948164942,5220.56392119608
3646.12481711412,2591.75485381563
4085.19233385624,5768.7627726242
4235.36406865999,4783.52779552895
3982.30211071207,4342.96801704743
3719.96761308066,5982.67763318517
4568.53599666002,6382.03439591784
4614.26476211839,5535.24138259663
3920.56943744707,6280.36223343133
4298.52351391557,4614.68084771956
4127.24565954734,4770.62690464758
4103.28026034104,3588.41326554199
3757.80582114504,5815.13773095951
3785.94515829711,6696.20020246354
2785.89593890622,5797.57655234652
3869.70367784407,4184.35078349292
3899.72687948691,4338.13731864929
3896.65889812009,5638.04975714509
4652.98576100262,4527.27370715718
4118.62681051136,2110.67412510664
2210.99852963358,168.96077267986
4286.66445477506,5550.01763652035
4123.44246096994,6226.5424855304
3897.68227326721,5012.67347940948
3480.57619995525,4001.69338315523
2329.18168680227,432.375901528977
3906.46640648356,5059.10510034854
3857.49675751001,6376.46496939456
4027.03744229464,4575.01237367999
4639.91354495165,5731.82213781489
3039.43826057991,1527.69405492703
3798.67041739466,5085.02020731882
2186.97101754006,8234.06682259298
4188.20356813648,5768.25154062461
7364.71637368468,2379.43140899534
3650.75506898637,5676.69534433022
4280.69868096361,5184.3620145119
4803.9549569977,6044.45382550656
4078.51960177599,4657.92963717729
3897.71916971075,5350.53820855005
8853.72834453823,2526.000439284
3601.72151805111,6368.79268370339
4184.36010993507,3843.58780445556
4737.92175726105,4830.01607907178
4835.25239568752,6417.8950584137
3606.84805209628,3155.86680551232
4291.68150116217,5378.10160529239
2390.46967474008,1493.02668995214
3662.10445978042,4679.01404574943
3322.83711210738,2849.77098002223
3869.37916039142,2234.8514898118
7936.78724734424,1875.90214067145
3530.16296577328,1180.56583578225
2994.04740417514,1026.32441408861
4703.92022475401,7391.53619021131
4363.36089420993,5575.02360469897
4155.6106800948,2854.94271118106
3382.15172697213,2355.05063230672
3344.19850244709,6297.69591591878
4189.70627399261,5969.72007970003
4181.5434283013,7590.10647938994
301.791559412848,1820.26390375957
3323.13633423367,2687.6298822257
4275.18118306841,6586.11702616073
4315.64974475916,6304.45906281828
3973.33866519838,362.927502801775
4590.3601052725,4116.60725785618
4409.20779758472,5987.28083545776
5156.30989308587,6201.65026541456
3670.00318045474,2273.83810975761
4416.94930910341,6579.86553411608
5031.79617853954,8136.03206098365
3621.29819506289,5593.66433277015
3579.53301960771,5656.29300127946
4023.84842658221,5260.51655396495
4276.30480106416,6391.3545485258
3439.86553801417,1485.75231105305
3688.48028486625,4815.29691060707
3555.19997066218,342.922749401647
4516.5155927646,4471.18068942184
1669.51651427397,201.866350890235
3633.12051217307,4417.30427891715
3113.06988788981,4906.0002078583
4463.82377125909,5213.06204617144
3759.65955160658,5499.43738270452
3713.9285938813,2354.76647357742
5225.85333790828,6979.62020364082
3365.84734504716,742.677233927219
4517.67950662899,5311.55137717661
4193.87904660745,5892.42890532977
8491.87677096619,1226.82683462716
4375.44376362509,5167.59664948305
3091.01459156925,5586.90118587066
1687.79260258749,2325.27083976135
2975.75709041812,2533.95688370447
4303.56695325165,4496.86872312183
4386.86066016073,4026.01770866772
3151.18046280257,3290.1601364096
3036.55311312325,5540.12874359853
4659.30611032889,7556.85990806156
4063.68604865196,5261.76693694493
1800.70829898912,40.0663783539736
3909.46252323705,5712.78350295163
2986.53158569473,2488.03691762025
2593.90478534654,1673.4107147416
4449.48561673412,6376.52163199832
4140.84806624351,5463.34922408311
3720.60217415822,3361.1998187352
4036.622105804,3312.43805393033
3969.04860518539,7354.8797141313
4206.17179049854,6258.93658067088
3656.96559593995,5374.29379374869
3346.59094854729,4869.57122790383
4313.27347354638,5335.93236529286
3875.4369926316,5686.0725823972
4166.44390784752,3630.52542008251
4021.48512984671,5636.40189022829
4289.81950695879,3149.7857241342
3511.00027852423,1905.79568127959
4616.11017971988,4959.08122763409
3689.5494896989,1357.08517499662
4411.78958561478,5617.4770034278
3101.81951439733,3903.99986573421
4426.55019836443,5638.78890812548
4003.50273744716,5199.08160583186
3119.40230658286,3046.57923136604
9319.84397025643,2782.87993057339
4250.15940997873,7089.24838769255
5276.37581485356,5422.54411512634
3427.68831625492,4133.88427773986
3352.58599086788,3363.64349923615
4252.5480933614,5073.02887808436
4177.81806314997,6798.04277561658
4457.69058596344,5387.76300208867
3873.6781883483,7215.52861156559
3641.32145350244,5402.70966667893
3575.90687742691,1349.41288930546
4505.69532567452,5160.03811185466
4144.72996904,4046.70421044778
3789.01132562167,4639.68681589817
3128.66362395314,1921.70857012053
4173.86296893377,6452.051191389
3892.05900528528,7364.03030178324
3726.33070496058,1863.96747404075
1963.22222848989,5129.23522102723
3706.27222023291,4476.69345334135
3347.69413294584,3075.73404384904
4090.81553341921,5080.07576085791
3972.63986014853,4495.78875080838
4971.75721491149,4481.35331821771
3649.83437927891,6248.1956344164
3030.24821259546,2755.43028189383
3321.27827224201,4399.4022789711
3758.06354417576,2268.95053732809
4743.27988459656,5041.03226688071
3906.4195266752,2158.46966566083
3727.31048771274,4707.20284540938
3904.99536561828,6625.44467886724
3972.11570990329,6508.31461979088
3978.99540962402,3343.18407072638
4390.56719481516,5806.10131422559
3447.26558300608,5647.88198746316
4412.18382263749,5835.71090753205
4244.14182619763,4197.08126370777
4197.20639030903,6144.07979142894
3787.40839934072,3881.94923291139
3945.2295797302,5712.67017774411
3983.56315223497,6128.96271617215
2673.02665401032,2164.60740964271
3684.59007863179,4568.98795490563
4054.90078263487,5573.37531492691
4516.09972479766,1490.63977776876
3112.69354464338,1982.74582288916
3571.85357550696,3225.31507209726
3152.35474475236,4792.39337874109
4032.59626424405,7126.13193704285
3867.82009194981,2241.72817334644
3710.89391693264,5307.80065109192
4146.688375089,4761.07925591406
4649.25431344809,7329.36293680834
4275.02359852296,3344.43445370636
7269.53388821764,1411.58688270511
3498.09147590767,3636.26525727232
8341.14741031563,2727.29856769289
3884.26405933734,3368.64481972845
4504.23633050046,1694.38158667859
4210.49801521368,4299.94672371525
2442.95580991097,1808.04507839956
3504.62487578068,3268.3367882847
4503.9198713723,5176.12141136213
3409.77715855841,4882.18753720065
5014.2296224752,4951.40894194293
4013.89165090502,5006.64906063511
3963.67849578096,4471.35110008837
4323.9186299468,3847.79309993609
3734.46524931593,2415.34915695022
4365.58116773882,5032.0529356058
4217.18063158197,4652.07605192471
1325.95036624064,292.399316760296
3969.32680728112,5917.03696671631
2896.87749213506,171.063552562389
8737.25775965781,298.878146359772
3892.38653122682,3930.76744889239
7607.13145632829,2605.96279028076
3702.83348151367,5429.53433529613
4279.17461257912,2055.26317289267
2744.85429362285,6520.24886356633
3772.23130412045,4973.17541603644
4650.07569922855,6127.76899579593
2574.09549240965,3469.52116863081
5090.98286121446,5379.69280960543
4377.0126945834,4527.44411782372
3996.04524489389,2565.27121795912
4124.60833521879,5779.10623494186
3904.66222596065,3669.11434466388
3816.76035128531,3770.04735617
2384.01293260889,707.100571589937
3290.50949430857,2298.33263450901
5217.86933883926,6731.43588489704
2374.63464678044,4421.05500500184
3395.47018700907,1993.82801333196
1914.26119887951,4485.33154042795
3984.43000788852,6169.54032900339
3771.9955687109,1687.22074441465
3723.85070905454,5182.77081019885
4109.08487584594,5315.87084357516
4798.36467740336,6195.62626949545
4462.87933486839,5219.71144500817
4350.75699238082,5697.15477283999
4534.1064695037,6907.78470773107
3644.73897330893,4825.01497000711
7668.28706777878,2153.24106047062
4438.82547403821,5879.30051832284
4908.601526273,6617.26073832123
3744.03287810265,3949.23776629705
4608.89267177405,5477.27300181893
3880.4328913959,6837.59750159337
4005.45064166619,3945.25954408682
4206.66215946964,4955.67132288246
3938.28666582809,5679.82109035255
4653.06389152446,5595.76719193804
4067.55905056413,6321.50858657642
4116.99116141769,4542.90243726882
3709.82641670969,5911.97877219262
3699.35902542142,5117.24389179277
3863.57719086502,4645.65414921352
8331.74250126763,5935.27978799542
4462.53653770074,4966.58267980347
4506.25640402582,6178.69049380008
4309.08950459575,6527.46657986166
2455.95915157895,2930.92662853995
4389.70519248218,6151.35417032803
3535.83354102717,1335.09131049138
3868.36214319572,5853.10125262326
3581.46710545434,4644.176270108
3582.77434753798,5364.46198628587
4427.71635520365,2820.27534620617
4295.6236499561,5521.71551165288
4206.34853279933,1991.15704813309
4374.44426554714,4065.00411718591
4277.61251527067,4532.27481622186
4596.46566629643,4728.28725398151
4130.81751947668,5030.405068689
9280.85249056025,4152.92291260313
3788.69582791426,2777.3673780815
8759.81271328751,8102.55883924023
4155.71358816041,4033.40583562958
3500.71084423017,6174.82559679736
4022.16525115314,4882.9833507848
4580.07749359664,6713.30638882545
4183.02730129819,5399.07226580176
4121.25289939206,4808.02210885272
3546.94933026484,3707.70284639
3853.49090292044,1864.13809613491
4351.5798912222,3098.97818562045
2952.22488770567,4550.06306810514
3874.46341309745,6138.39661684289
4195.6732643476,5498.75531718315
3357.4937265283,741.199619106227
1992.39961864783,1402.49380336744
4844.17649267934,1963.02533393215
3262.26759291769,1229.61154788879
3343.2059407242,944.714090461239
3382.66431669774,4541.25414749676
4656.62554871879,5083.37191754677
4253.73511756788,3132.84994843883
5061.01039054681,5979.38147649631
4214.20996693554,4149.56967045526
3908.12125403459,4824.61706321504
4189.11637829382,2029.34785449476
4226.27424753607,4418.61132450089
8112.32347779186,92.294750156913
3885.1495366263,5212.15290737978
4411.59668430237,5405.21043263889
3672.83533319636,3444.28770432665
4185.74488697236,3848.81598679053
4195.59666791581,6271.09874342712
4153.47471760111,4065.45868658174
3931.7624706932,4740.22192061222
3994.79154490512,1336.56897816928
3939.01313495725,6005.46699413312
3722.20457874777,4331.54500527158
7725.70640161358,3038.16821754974
4431.07744808108,5429.70474596266
4387.18118864625,2656.37242200243
3426.41675905475,5449.88001574313
3342.9958741729,3183.88477165049
4224.90241643357,6628.68417295234
4765.10074978484,4298.69634073527
3671.5346381874,4940.15591797835
2643.9335183512,772.400205298108
3755.34418862965,4221.348080906
3575.1724794672,3680.76485256528
3794.16527148776,6789.63133894502
4179.6773677535,5418.85005164541
3969.77742311904,4404.00548124369
4460.18518087492,5008.751919803
9162.26034861167,3624.38767610063
2568.24059101547,725.911868898376
3558.64865523708,3288.73934276308
3965.06156740374,2495.1977598842
1337.39179510955,4708.05532159728
3911.55809573949,6145.21642634615
7918.92659311112,1138.51034384549
4578.15746719312,6324.63433259875
4168.33118424159,6347.25328288017
4151.34634438418,6430.96635996161
4412.13751106931,5165.66462383695
3495.67054010508,1126.17787613653
3336.13642255408,4956.35296554859
3684.31418405355,5202.43442512448
3773.99845516719,5594.11890216599
3125.81555257158,2144.77317262293
4535.69653674448,5774.38928460649
4188.82005449431,5213.17579423421
4254.18801782876,5839.91620301258
3936.28267261791,2264.17671296133
4029.55982257395,7489.00263436204
4383.44706135951,6028.76800993592
3854.78347873641,4616.5562107619
8861.38471208496,882.426454712623
3958.55913869811,4961.41116007227
3871.46814623127,1928.7556643217
4551.0975283161,6725.46855158169
4415.61869800391,6240.637096788
4057.33815240571,4314.15466018037
4295.77967988141,7895.52045078628
3065.41131198754,4992.83903096207
3073.04811291738,4173.83691050873
4740.34655479178,5897.7708357275
4203.13245368289,4236.57932708081
4192.37936348746,7701.44003867273
3959.87766032453,5272.67871672119
4933.98023130681,6498.19823074351
3632.72440332189,5814.85357223021
4402.83191474552,6485.97940538351
3867.6586280654,4572.51160772003
4173.49773510482,5264.38102811241
4789.9313187883,5579.39973370127
3734.20056336164,4953.51137825556
3540.09816612807,6692.27864285707
4068.58335721305,2910.58094809295
4325.60256128591,3678.49158273086
2369.45647008493,1375.55549240128
3844.36649304936,4865.59300569359
4000.98432292361,4779.20875198566
4630.77618742528,6857.5452752483
4349.68140142267,4740.96064873735
3292.15235544086,1681.08300043277
3301.58911092876,416.974508972167
3198.38232869806,5679.65067968601
3831.16952738167,2240.02322097063
4870.70354828395,7694.33607044017
3027.71569006693,3921.61770695096
4174.44846801679,2933.19989837437
4845.13210101716,6406.64245730438
4047.9641954209,4166.50544615063
4031.82848275756,4631.90078214423
5034.61227358254,9964.59348404472
3190.82019303119,3722.30868964719
3517.00329232615,3377.05583354475
4115.32409183606,4919.63982686481
4285.32073840155,3081.92866186231
4053.09417550381,4800.34982316156
3952.98228548663,4866.9567138811
4790.04690113146,8115.74346599566
3973.32409194834,5901.57864727121
4409.27384581606,5682.03769758321
3680.56218163113,6379.98819935371
4017.9567133551,6127.82608125494
8858.82947278053,2495.7660773428
4233.36732399227,5659.36166184277
3700.21105088253,6891.81515628638
4453.73971527653,4521.07887771629
7202.60452903846,2830.39131239828
4046.46800423616,6298.32131883639
2957.88942110979,5955.7392165052
4457.82921876152,5090.0213163835
3402.21654617823,467.270604058695
3244.03816609657,4452.19871716233
3847.78341448133,5813.83068537577
5161.01722419145,5482.44452155014
4191.97009151754,5572.92074553108
8475.15246791626,3607.11065621694
3834.88462662199,5738.92610604745
8044.74017124324,4885.19995801546
4240.59717769209,5388.10382342173
4447.07375950297,5314.79087126171
2823.03936137611,691.585483827262
4855.20406049645,3956.85338938446
3907.06971737418,1311.61977830824
4867.99212613746,5838.21125063676
3391.10517086869,6907.27305287623
2989.21769871208,1234.38547796936
4425.49142801543,6460.68927847559
3506.58627089265,2737.35765985362
4326.74872163807,4545.17570710324
4344.6885729116,4571.14747667728
4139.49617386601,4671.2850974545
2741.69905722176,534.616222903368
4346.68197376821,3756.29398910071
3608.88971330038,4719.64874403967
4948.67638143196,5359.80169855426
2717.11314558257,3342.95678602846
4125.72106960993,3499.64199393686
4717.11894661057,1667.27286504591
4062.86469618727,3996.12395663195
4678.3070442657,4357.6876083674
4045.52289561736,5723.86569339442
3896.54374266817,3482.87662890802
4705.96021034907,3354.49354586709
3807.03806263789,2722.35412123198
3649.29677472164,7182.22537763345
4167.00908258623,4403.49382638885
3936.50612831919,2836.24489765086
4716.22775377517,6948.64690214686
3685.18850035415,2082.65615896847
4020.60146031357,6557.64449062673
4162.27769793713,6025.6993493726
3652.05324241477,6375.55540774764
4440.48357529385,6647.94988108589
4532.60197693913,564.850690558383
8942.61048394764,2173.643614949
4291.47935929649,6332.81785028951
9204.10208213731,2972.92524644532
3244.06848009108,277.56624166209
2869.07651741481,3077.95043965207
4178.61940476615,3984.13262739749
3557.93959273612,6979.50645557805
3343.22186374095,5258.01621086024
3160.24177000162,866.172585967906
4196.964722731,6507.29131008119
3005.60467665288,5327.46426601755
3673.95339771982,3455.88154962429
4114.48734858646,5872.08322488276
4881.83708883266,5225.22420892769
3387.0835574325,6188.29480513735
4152.21213841653,4905.43189039969
4042.5730884503,5283.70382170497
3910.89700138618,2754.80509040384
3088.62231451829,966.139637507879
4195.34824837757,5598.09712437622
4087.18947442946,7199.72904793218
4154.00365860133,5587.46950332926
8745.82490086104,1306.16399413392
4167.94098384973,6693.64277389982
4401.05888713599,6212.16413839875
2772.71695440376,6337.30772735459
4076.82126958192,2247.46822196387
2687.52953878853,7122.0403896251
4259.83808396155,3485.77487880481
3815.64441033286,6384.98973127363
4531.9613279124,4761.13591851782
5058.88961812721,3060.90091589393
7736.42823298207,1752.63412618559
4679.20728284141,5305.01572640265
3479.62679514578,2941.66778622206
3625.03241945299,2002.06861648173
4334.48262459224,2857.84096107784
3589.30930540691,1.30713023738005
2951.74659761941,5121.16502854399
4134.09940321767,6549.80137141378
3740.91245465472,4197.13792631153
4467.1019807572,4690.49414298429
4050.67698713622,5020.80033449648
4220.14676249046,5595.65344387527
4414.02503777123,4518.74894527811
5250.48446547995,1776.95802884283
2121.00441053705,1194.60325586702
4016.84078603527,3683.77685052483
3110.25320566542,1567.47627702937
3871.04113228107,5160.09477445842
4059.35551171668,5945.22534352101
3431.91564107268,3398.36773824243
4526.73407733488,4922.42475155408
4291.13564783409,5044.32884642482
4032.72611135429,3699.63265390676
3710.7396743071,4987.09919377226
4144.15632298662,5173.10941340257
3273.58505094976,1309.6875412345
3282.62605705419,4086.71392867566
6149.31199393091,462.042051725387
4270.62987966278,5389.69502773478
8834.52318274227,1831.74400099443
4280.31135770655,6408.57490580573
4573.47254880547,3812.6145029616
3921.1572099828,5084.56563792299
3985.50697411652,5143.89772688818
4144.14981708909,4563.30478031958
3979.9039961097,6288.43242591457
3845.60959733704,4273.29246576458
5643.65760326294,7640.85756672755
3957.95018279165,4333.02246152185
4139.04829955277,5304.39074634029
4062.5741248038,6300.2533444825
3761.44176770876,6659.60038898729
4084.86513127853,4252.71928919204
3651.63846033157,944.145773002634
4062.51649457445,5607.07645565113
3141.86976318535,3738.10783042535
2393.06158487245,3431.15974017498
4308.13887939431,6472.28312377323
7004.8604891761,766.66020953758
4377.39000545202,5834.80134588514
4537.75250071326,6301.95829685831
3891.05053445018,2956.95569500063
2638.664119289,5961.42239109124
4173.9859567395,6175.62141038151
3896.82610256616,5351.27693667519
3826.39076853358,6816.569755625
3407.46398465989,5955.96671263074
5221.83218015378,7064.52657824324
3678.40901823587,4269.48465422088
3906.15957084111,5712.21518549302
4212.5562811491,6723.82026180964
3301.64231960781,2342.66118485256
3972.76723558413,5704.54289980186
3637.93639447038,4779.32207719318
3411.15403522719,4638.72059164749
4073.75770831876,5379.92030573097
7815.37442772521,399.924985214022
8872.55965830623,3727.7643681077
3986.53045373362,3586.93538643647
3257.42371468296,2931.32453533203
5060.27055688605,6117.36887087451
1278.99585577725,731.708685833383
3346.61564523237,5029.04093764624
3980.36025341023,2179.04263080575
4549.69984596175,5428.17020425337
3918.02384746486,5880.83506003213
3346.1202036785,973.414122120783
4509.03147451149,5714.14763399438
4725.49443376005,6383.90975896018
4172.14207621076,5899.13496677025
3260.43447637154,2450.52796535233
2346.38481705955,1126.2346444541
4111.82841735957,5468.29367054403
4266.04520029379,7698.20096744288
3455.44541727633,1149.08098514725
3827.20940412911,4186.05573586874
4294.76535358478,5064.56077880905
4267.95155089478,3675.36583670853
4414.92044565926,3666.49983064114
7503.82816346935,816.956304624108
4069.30037190575,4257.72039825671
5031.58371331073,4607.17897269492
4590.61788191457,3814.77402473325
4372.71171711149,3659.11170367928
4424.89091963418,3009.46818589019
5068.89449027728,3556.58748786012
4452.92854269922,5919.65105788379
7603.21757599844,431.523425341069
5300.28938231242,1813.04618746423
3975.2558620419,3055.10399324511
3809.90192311852,5016.53795355694
3354.06630155191,528.194214478371
4733.09758149574,3704.40668970114
3514.82242013055,1501.26729310191
4181.64984078431,4645.42665308798
3920.44718099908,5309.96017286357
4354.87062839946,2057.4795686957
4419.26306859936,6778.662896565
3695.22315328258,4691.28995656844
4148.46226428262,2953.20475748831
4826.2234549426,6194.20547584894
4480.84393995474,5542.57242409948
2020.6114004786,1464.26988997502
2212.71429747993,2139.99934825617
3492.63715104179,4234.87437470499
4659.25819317698,5213.51661556728
4500.01810647983,6788.49470402782
3224.59264990409,2995.03296472715
4914.89361096681,4347.28748344598
3346.66321991077,969.720058639852
3245.81216775661,6265.41556884107
3267.77516030771,3114.15213490863
4137.42979291839,5150.20630439185
8311.25516219895,4348.82202515526
3413.74320691643,4636.95897666792
4519.16181789665,5374.18004568591
4481.64470926463,4763.18211508195
4792.02348144583,5207.49261964817
4836.59980709268,4965.16188615696
4110.46735536675,5669.02305863905
3613.04097438811,5169.1878537961
3762.42103154137,4851.83963862431
4645.23162695382,5279.04395682862
2804.42702226424,3347.44645166591
8485.78526745475,4719.64874403967
3605.46124657348,8269.07585461144
4804.23151916066,3873.65154430261
4683.27956036677,4491.46970726508
4087.44740443193,4728.11684331498
4744.47830159349,5529.10363861474
3868.62315419682,6015.35588705494
4241.35439759697,5309.61935153051
4346.32181444874,6391.97995144342
4096.43557629791,3695.82526521831
3952.275761877,5449.93667834689
4409.40492972392,5624.80804493065
3463.03551151492,2791.85947327592
4821.71843277913,5743.07516177947
4187.38709322465,5496.48204734873
3803.21170988036,3368.98564106151
4006.43931802312,4161.1635157529
4200.02367857914,4662.53283944988
4683.66487215594,4578.13811970232
3294.60870307507,3385.46684736105
3973.36169390562,5199.30867910216
3608.23936343156,4949.3627453788
4289.218032409,6426.30607223
4381.58406803191,5989.55410529218
3830.48592325013,5510.74664641761
4247.85186829936,5600.76830100271
4383.6156772229,5959.60411350791
3986.64674446737,6477.51172896345
4387.26278714691,5189.64728230587
3052.14137753817,857.193201836094
4201.49272009416,6418.179217143
3712.58574157844,4877.5276723243
5270.45444629652,6229.55490634521
4597.37759260134,5897.4866769982
3937.32712953322,5673.39918764136
4554.24557416939,5983.30261324753
3477.21723707873,2987.5879637339
3599.23510444954,2853.12401074248
3728.65461337818,5126.1094750049
4108.451999958,5819.57052256558
3680.14264787758,3407.40394354872
4479.07550424844,6205.6855730838
4108.34257952607,5328.20341699793
4596.63463793672,2990.59996169346
4536.88319015309,6776.38962673058
3720.87278001264,5237.89760368352
3884.00530705828,6413.34851874486
3290.56895914294,1368.05372309046
3535.34315160328,3970.49300839097
3406.60237437206,3304.53848354125
3887.02303675605,5600.42747966965
4143.87195183432,4113.08360504178
4564.21389057767,5487.90062286589
2997.79483742319,1273.82666731101
4227.85644201003,4474.30643544416
3864.21795867729,1299.85562805788
4393.06899810298,5630.26414624641
3591.25187707734,5110.13992356021
4623.72662802188,4850.7030037071
3870.80547658311,5322.00858755704
3581.62299768035,6773.71845010409
8437.44205673702,2858.40927853645
3919.80374149947,2934.05237456228
3725.42176205252,5444.25350376084
4451.20050435504,5351.73150607102
3581.1875404269,6321.56524918018
3271.80633023145,4809.04541856241
2372.30284711672,1625.44465780706
4477.10256800365,4533.12729240976
2509.81063031952,956.02356560195
3873.840095453,5247.61566308357
3793.14478218227,1812.19371127633
4171.28786089362,6778.49248589847
3704.41253061738,5893.90636158004
3758.38924329393,6053.71731551077
4128.78787200582,6477.68213962998
2994.3230892248,2126.01869648897
3678.18934733972,3660.64624538857
3756.02065565577,5128.43983029833
4453.42529279391,5653.33766592366
4074.66876808464,5035.5765884202
4531.1881404999,6010.5251886568
4952.31896908924,4715.2159524336
3745.37665546302,6077.70039683495
3392.05445351004,1641.9258641066
4325.09644490751,6840.26867821987
2925.56313848374,870.889642017089
7886.97650180227,2738.03972537499
4660.62049714792,5019.94785830857
4260.04016335359,3692.18786434113
2816.86458119466,1022.40306590976
4027.56196417419,5860.94394898096
3828.52537805107,3408.02913503871
3647.97286159862,4292.55859675339
7594.05421329023,314.791035200707
3402.03163145421,6456.6543936616
3998.05814108536,3142.51134523511
4237.4673862892,6134.81630142473
4075.38090573851,7084.47477475342
3866.54373373916,4002.3754486766
4222.793877043,5739.21026477675
4232.77469723417,3026.06292882488
4482.87871069776,5933.40442495308
4857.56879187322,5265.4043378221
8391.78547593857,1381.35230933629
4582.13737448523,5985.00756562334
4509.13857086557,4606.72440329909
7300.70573029357,1524.17050782644
2610.06158530792,1483.8199682655
4106.06478523528,4903.78360062764
2204.53528298812,128.326074389614
4181.66967157454,5459.31391641387
3712.3891218228,5972.90248832611
3803.02076279969,4314.3250708469
4082.91520759718,6078.38246235632
8323.1146497143,5966.878492407
3768.68275760146,6519.85137962951
4388.44359563847,3820.28678865277
4058.54881692774,5235.79474451564
8706.62602990528,10.7411998024536
8634.4168885685,7511.33784876941
3775.5118701711,1576.05791293983
3983.74237326109,4752.83865276429
2504.02954541571,4440.20738792787
3871.6335068252,6271.83747155226
4625.73332066775,6760.47673788965
3406.32234617352,5790.7000802395
4244.3268970209,3682.58313014861
1945.21421760713,147.364709252876
3815.23334383837,5105.70713195414
6886.04414155524,2053.33093581894
3347.10609838575,4192.76179730923
3311.86574875142,5158.73106627092
3404.54117959318,41.0325200157359
4917.1953955649,3226.67899171239
3353.97251214091,486.650218825739
4865.3030657585,5710.16941178415
3974.26278432828,5318.14411340958
4064.01318805096,6219.15435856854
3556.06698746941,5017.27668168208
4247.30728972022,5288.25036137381
4428.84729277283,6123.44995225263
4023.78074641756,4248.22983498221
5086.81027569712,6111.45820016292
2808.71149011573,3759.13557639373
8085.34474998859,5845.03106014002
3866.534393531,5514.49779535755
3956.08931316487,6554.97331400024
4095.02497091642,5417.94048999849
3421.92523355099,7187.34023476089
4609.28733126787,4761.0225933103
2365.88481387147,1124.41604972933
4116.89914772478,4318.3599556609
3683.29682802206,3274.13349950589
3308.13536447493,424.646794663332
2942.97352502262,4390.76376902925
4056.54058196941,2373.46407567999
4311.48947738774,5187.94232993006
4922.37646337796,3544.25491443734
4628.33236311794,4728.85557144012
4355.80615751568,4012.20725613942
8227.55060819505,3405.69899117291
3814.79476767995,4667.42062330704
2510.2894934136,5549.2218229362
4875.01988923049,5986.54210733263
3168.78366694139,5716.25049316227
4769.56175734034,5457.60896403805
3896.331661182,6232.45315624199
2315.97020666794,65.0723465325868
4242.13289816204,6455.11985195232
5077.80267409407,6486.83188157142
7984.81951223357,665.613397111784
3486.43468945822,3997.60183573747
4727.90965189582,6653.69014113095
4178.20292795712,4788.13099780155
4181.35470598698,4374.62338406277
4909.61021978146,6216.54026740106
3394.43910208044,7244.11531801762
3093.29447841424,199.422591103925
4276.84039155752,4706.46411728424
3954.99977549772,4364.4507552669
4813.1874355675,7154.60531828735
3429.13349139233,1832.59647718234
4895.17192586456,2067.82303101336
4452.28232339211,5778.36750681673
4397.23252315461,5414.81474397616
3755.59167829297,6207.21969193784
4584.65486488374,6036.89528787817
4280.59465836229,3913.71792513425
3865.4925746359,5725.28648704093
4561.72357468348,7211.94787329218
4587.93377509711,7027.24512210086
3779.12894441488,2303.39061760506
3935.7167408413,3090.62383440791
3608.92009659147,4553.30256219024
4559.30222845778,3955.94382773754
3602.46804812072,4181.05462680407
3928.38998252301,3436.21772327104
3984.90815100418,2323.22485462485
4233.87506764608,4492.77675284882
4062.03222676884,5138.27163776115
3951.86183419309,4825.46953940294
4018.44880700348,4382.97773527532
4121.76507616926,5162.48179235561
4755.81964065523,6558.66737748117
4410.82335312423,6114.81144231079
3289.59603996952,6816.11518622916
3783.29552449162,5406.68788888916
1823.94701182659,2639.20936160914
4444.01797185191,5888.96191511913
4255.80373054673,4532.33147882562
3774.26850832534,3654.96307080252
3904.90084144753,6640.33468085374
3894.73567389847,5184.13494124161
3933.04857435996,4210.43672398499
3878.24670828532,6544.80026234911
3663.9245706322,1536.10517445715
4670.59463183392,2952.46581793555
1644.2509700895,1270.70092128869
9067.24411576483,6226.14500159358
3510.15735012819,6506.32550868577
4767.82018583391,4378.77201693954
4258.34612027559,4206.91307117059
4078.26514642027,5262.33525440353
4117.87980079532,6766.04616441292
4396.36233874211,6481.14870698537
4237.56681242962,3897.40712950124
3738.58824899883,5258.41369479706
3594.6250612832,5286.09083960216
4514.50329828697,5312.11969463522
3975.22016044845,1027.91572411546
8826.8062273327,377.021796917937
4229.88291588707,5568.09004713294
3965.40505593493,4993.91900327552
4060.14260861212,4934.07525945548
4885.79569726431,6641.81213710401
4194.74631571084,4826.60617432015
4121.32745773164,3716.3980189356
3665.41232213103,5176.63306621697
4070.90532243301,6493.59502847092
4245.28336475734,6019.84576412002
2251.80175823495,2062.13985642731
4508.872875535,3755.95316776765
3836.21398265007,3348.63996061451
4030.87355716507,6447.78881044947
4688.88766020933,6469.78235781327
4387.41583717848,6878.11845182085
4000.02604272484,5161.91347489701
2955.41283715364,5928.74413722147
4492.81402201121,5433.91046429843
4496.08880685499,3889.84859187285
4750.60181589248,6067.98191457965
4042.07763072905,6115.72058110246
4446.39163575305,4194.63716035157
4113.40229409997,2586.58312265681
3550.34383365941,5348.0945280491
2909.03298939181,2105.21823521851
3665.40762952443,4989.94078106528
2612.6170311457,5134.12300488438
3600.81585065423,5823.94665156788
3981.20264999665,1821.17325397886
3325.68523151314,1403.28940552396
4621.30629144503,4728.23059137776
3250.48135202116,1149.36514387655
3490.59827876983,6425.2265227718
4589.3439996902,5499.20988657898
9119.89571484889,1441.08251652118
4798.93198793649,6690.00537302265
4433.23608957311,4433.89881042421
4418.35018939894,5376.85122231241
4437.28572050789,5652.03062033992
4288.81592455436,3010.09337738018
3956.17327231346,3357.16472249358
4251.0575750542,5416.00846435238
3769.41753250064,5429.70474596266
3975.18304407109,6835.60839048826
4501.17808910755,6090.60128771632
3950.31858896219,6160.95890452055
3802.1447236048,223.63290426911
4073.65988861681,1886.81392044772
5014.16044379105,7814.76270906064
8784.07762671549,1846.63379155331
3534.39522266237,4730.44677575316
4153.53538771404,6108.16204347406
4051.74308493572,4195.83088072779
773.481000103989,1847.71355243913
3793.05291034609,3600.74541610951
4306.85002430349,6137.14623386291
4288.29289986487,1495.64099254724
2849.77311408184,3487.76398990992
4448.45466739534,4581.77509772424
3676.73705331479,6467.62283604162
8541.34088060635,2284.40885677319
4481.73920893312,3794.59875495278
4060.70116088543,4323.19065405904
3983.54748496102,4320.12199349572
2339.09492986819,3528.39868820017
3397.32665699189,3552.89342437919
4261.64074614504,5745.1775980921
4217.31360766116,3771.35440175374
4479.38114357434,5383.0460517533
3892.44285447326,6203.18480712384
3730.23192341318,4589.33363535263
4455.68980840798,5057.51347318025
4034.07443881553,2346.58274445903
4478.56780772444,5713.69306459854
4071.0498296813,5812.97820918786
3933.68456978831,3328.12365807335
4028.39078274555,6721.71740264175
4143.3022991048,6235.35140613878
4057.18465077476,7498.89152728386
3068.46111164336,5090.81712996764
3904.83325409257,6260.58487044293
4319.18417724063,5509.26919016734
4000.83715774991,4732.54963492105
3812.65420188844,2824.87854847876
4410.36746419313,3510.8377210148
8184.97041704653,2490.08290275675
3754.74597462874,6676.25200595336
4249.14298046336,6231.60068005408
3795.89197915222,1098.21657260212
4429.55498520138,6375.72581841417
3848.72069673027,4678.6165618126
3808.86043516455,4841.89408309872
4321.37656373959,5122.35874892021
4296.78404422185,5903.51109577256
1397.95156745897,3116.88018556651
8010.71453106884,7336.40939672664
2607.97791161174,1967.17396680892
4153.50201847118,5530.18318807294
4271.35553204614,6748.25791252964
3398.27478997657,5738.47153665162
3768.03393880817,719.433039298899
3965.13080224927,4397.92439986557
4041.76835727337,2492.81074198701
3951.62225648471,6922.5609616548
4213.02513023751,5366.90566678682
4190.0451803045,4612.57798855167
3853.71642951653,2209.22033014319
3964.02334044165,4201.40030725107
4554.42101649931,5284.21547655982
2734.38282056225,5433.11465071429
2533.20810154107,2273.04250760109
3930.39605718676,2524.75026773165
7407.57253813907,5523.4204640287
3853.68891329838,3647.68869190343
4198.47150285674,1623.22826200403
2952.62216021666,2752.41807250665
4663.93469607578,5037.22487819226
3800.7305128549,5658.73668178041
8661.56298337234,3254.29926248611
4181.17771424588,5896.91835953959
4106.2142894184,5552.34756895853
4196.18413818122,6687.845851251
4088.17299217625,4011.75268674358
4361.70792842022,2527.64851762843
4822.05999577196,6870.44616612968
3860.54419418858,3373.24802200105
4240.30460917067,6875.61810871614
7942.20215807183,1550.8246600633
3605.79975321494,5441.07109513475
4340.7469126328,5910.55797854611
2286.14177814772,4740.56316480053
4039.87971541852,3990.83868883798
2775.64545219122,314.961525152598
3953.62934707283,4296.25266023432
4314.47409829597,5612.13465017481
4121.22068373064,3975.20995872634
3450.51254984335,2011.50272858009
4383.81335140946,5400.37973424075
4017.81395535333,1668.23898358277
3828.04021910485,5928.06249455534
3837.90864158143,4338.93313223344
2826.15287143578,3793.12087584725
3691.45006910874,6091.79458523729
4178.00978860749,5740.91521715257
3246.91415333208,194.591892705784
4647.85188968765,5205.90141533512
3820.09578704603,5281.60138539234
3935.77096264766,3593.81228139874
4977.04008272573,6690.11912108542
7800.73349619605,1002.51195485859
4634.28376919436,5809.62496703999
4147.1817027863,7196.71747282787
3621.36405235449,7332.43117451641
4880.59446503773,6745.01841844455
3919.3984161375,853.499138355162
4279.21466309332,6969.04924519762
7500.05800280374,540.810893773542
7956.47016132697,5740.97230261158
3675.82432929281,7250.65096879157
3731.27036933031,6619.87525234396
4676.35498061665,4243.5695472506
4194.85217802987,4597.0059210438
2359.3454225837,6503.93849078857
3388.22616002837,2148.63764677039
4302.37348270049,5835.42674880275
4106.93460373645,5248.07065533465
4411.67727091787,4419.80462202186
7026.11079020081,7817.03597889505
3925.1159742909,3331.53356282498
4718.26172665274,3553.57506704531
4654.07598167475,6120.43795429308
4306.16123640193,3827.84532628116
4107.02330229306,4762.27255343503
3747.28556803242,627.877107289041
3410.77899905726,2545.15282221004
7782.26876070767,1419.99789652142
3627.62869833084,6064.06077782843
3055.35469007704,2220.58667931529
8068.18149215196,1466.6568021584
4547.83678161315,4275.79323172454
3713.60914611058,3253.38991226681
3805.14314644038,4750.1674761378
3817.99974200379,4557.79201640006
1660.66863951032,5230.11156992959
4329.13524644932,6204.43519010382
3890.21353282668,5974.4370300354
3550.37270230824,3757.48770947693
4291.08954221357,2681.15110548313
4324.28613743708,4688.73252800472
4640.45711543108,4851.38506922847
6447.45062948354,1776.73074414491
5490.6046199137,5022.39153880952
4027.3942152885,5668.39807857669
3560.96027872876,1371.97507126931
4922.39735132696,6858.73899562453
2802.42839626921,2556.80333011144
3660.56854708898,5081.61030256719
4539.21399670115,5130.65601467374
3241.11468640384,6914.77492790086
3012.10621354026,5915.9003317991
4863.33200849561,4069.66440491752
4046.71557558492,474.033592387474
4671.34617611672,5636.40189022829
3686.50481555324,1249.50265893996
3718.66481592676,4439.12741561442
5485.89595808441,7034.68991166648
4221.88955171832,6553.21127616541
3908.79172970282,5524.15919215383
3608.84381134596,2264.23358699272
8241.99440886398,2274.1791425183
2592.07668464863,1730.1855865707
1580.65170237269,504.950019850052
2137.49849252565,511.76982935331
8107.90166092707,3191.38664667513
4177.54995517684,4795.4057995559
3566.48700256058,3684.4018305872
4128.42903007335,3892.63351656211
4306.46352307811,5038.92983056807
4762.78650486596,4676.51370264471
3672.58503757397,839.689002968302
3960.20733431209,4513.06577069206
3875.18974256229,2089.58950510687
8513.58947158096,2107.6052531157
4295.75372633276,1685.91369883091
3479.96415034921,3251.4008011617
3930.67211504375,4551.02929235582
4258.59216186158,4635.08319077032
4726.47520613908,6469.95319133505
4500.79005837599,5342.07010927474
4062.87704888563,5444.59474794915
8780.22171188103,3784.65319942719
4317.02033246786,5002.10252096628
4448.45975659691,3922.69725640916
4635.03326801054,5706.53201090697
4004.91015154761,1741.77922044071
4784.12949898207,4014.13970464078
3856.63843615901,1695.85925435649
3421.27560069006,3420.07754973219
2552.10032373086,1332.13608084939
4747.31143621712,3567.95383703222
4212.82608950457,840.029982872084
3626.40195814923,3557.72412277733
8562.5171858589,201.582192160933
3364.58030082016,4409.12033837114
3576.088175726,3195.25112082259
4943.87629656131,5378.95408148029
3190.53665312876,4603.88281600607
4494.47845148605,5417.94048999849
4010.92434756302,2080.61017383197
4099.20497269809,6038.77065092051
3565.8297728507,1168.29013639086
5039.37341152139,5207.947189044
1608.76357727185,1377.77199391813
4259.25620432899,5019.49328891273
4200.71843946193,3452.0168640492
4669.17130306769,5369.00852595471
2488.78436258206,409.756871962195
3953.85341729856,6199.32033297638
4228.66622438185,4813.76236889778
7899.42440473593,2990.08851826624
9083.1930823235,627.195094624572
3743.61705880676,5554.79124945948
3289.86931167392,4880.08510088802
1511.59587499271,1199.09292150448
4248.92102666499,5641.45966189672
4140.1840541281,3820.4571993193
3623.00738252578,1552.01806329808
3920.00841495572,2785.09632637643
4698.63352172586,5393.61658734125
4117.25971213115,5578.49017205435
3583.16803592693,3249.18440535866
3739.14844002983,4806.20383126939
8646.7838411122,1985.70115824496
4598.14904257789,5298.82131981701
4399.05172776921,5327.63509953933
3890.40921280739,5844.80398686973
3172.18151965747,796.610571320199
4288.65453439315,5356.5055418654
3472.95410244832,2959.79728229365
3692.56701490436,4255.04964448547
4509.09583702583,3377.39686630544
4027.23513890798,1452.05106461502
8435.00325489459,5270.5758575533
1638.90654420797,600.143194166362
2691.75754992877,2977.18762738486
4196.76221075894,4718.11462518564
4662.87857300298,5422.94159906316
3837.08760017292,5524.84125767521
4642.77304338386,6906.93223154316
3237.21021098889,3227.41793126515
4581.917586703,4618.20450053396
3555.3083996513,3001.0002980425
4762.83151261306,5947.04404395959
3932.40447027796,5246.64986168814
2494.90752956109,1170.10873111563
4153.21779277243,4348.82202515526
4484.95434978196,4847.23601349646
3712.49906691985,4176.84890846829
4685.69098655752,5645.55163216972
3535.01764305356,4662.70367297167
2950.49244134411,408.790726996876
4689.74636436295,4943.84998145928
4043.93458679518,4920.54896565648
3917.33048077243,5611.56633271621
4512.39061373155,1330.9425719008
4204.64407795296,2134.31617367012
4067.816172679,6210.40252341917
4173.13516214788,4392.9232908009
4369.76614745403,4473.51062186002
3617.42046481184,833.38068974917
4002.03630453015,6221.88262065404
7872.90998865484,2848.00915361503
4209.66116321165,4681.51481170939
3090.07108554326,1541.16326326702
4002.18671089019,4379.11326112785
3847.1281337322,1744.39352303582
3607.53340240468,5554.84833491849
4084.21963129696,5838.89331615814
4323.38092453892,5667.94350918086
8063.58688258288,4516.41858998468
3563.20569888094,7040.202675586
4661.12497028081,6136.91916059262
4274.00750257493,4606.15608584049
4360.43595954298,6790.0292457371
2650.45174701306,569.738210131004
4384.33276317666,6063.77661909913
3439.94712475537,6002.62540684009
4195.74305962438,4455.32446318466
3713.62991260166,2429.84125214464
4681.93613322136,5264.55186163419
3622.68351387787,3939.1784627087
4227.68353910454,6720.18328378772
9219.92851229325,640.266396172483
3478.84535609322,4348.87868775903
3211.95436784749,2787.71062897153
3859.82484672044,4806.54465260245
3464.13966153422,2369.08794667768
4244.87878561113,5603.49614023297
2126.33407893667,1767.06934734863
3565.51565678964,2860.0575683085
3948.17448120843,4549.21059191723
4671.51274334784,9076.19997103783
4690.5775688346,3249.24127939005
4599.63745247247,4076.370466358
4447.69526353688,5573.94363238552
4668.61417461249,6986.78083447714
4332.49035856763,5509.26919016734
3992.73738460375,3976.11909751801
4309.18710534266,4022.83487718638
4166.9774645159,6432.84172300396
4360.9473363227,6162.60677143736
3903.06829352143,4017.77710551795
4811.13368832839,6358.84712817781
4431.95499220488,6374.87334222626
4458.75967483509,2516.16863182119
4147.63793481552,5582.35464620182
4075.35636398285,7731.50420137503
4512.97130266703,8679.7418810572
4390.36926409358,5217.15401644445
4191.04885923566,4721.18328574895
3449.23825158937,4629.34335358051
4126.28533499889,2523.44301072028
4547.65606269513,5637.70893581203
2357.58290848786,1136.63487508933
2966.16850742065,5649.24569565066
3923.07937470078,2004.56917101406
3646.80701114868,5772.45683610513
4040.65514457487,7477.23880125312
4651.4111430293,5696.81395150693
4243.99761332753,6604.58734356539
4012.04639339983,6123.33620418986
3627.67904561694,5887.65486953539
3531.11291997203,5464.08795220825
4066.02082543325,5892.14474660046
3567.05102351646,522.738377447146
3925.98822869608,4717.48922226802
3963.73418118642,4435.37668952973
4256.67895875434,6070.99433539446
2741.87363296303,2682.79918382755
4598.35656170893,3209.68634198563
3644.44275743703,5593.32351143709
4486.6972426341,4966.86683853278
9042.63454383748,3522.60197697898
3405.87572971521,5491.31052761752
4458.97065565826,4294.32021173296
3736.36403507837,2587.60600951124
3903.73493778697,6190.28391624246
7846.8978000505,2953.09100942554
4041.35609053431,5549.96055106134
3285.6635090253,1831.68712696305
4496.57863678764,3210.25465944423
3423.74238633533,2017.52693592683
4000.13141088722,4519.03310400741
4423.82831851007,6768.03527551804
4369.13050336386,5381.22735131471
4370.25775189429,5404.64211518029
2430.13765986964,6625.67175213753
3461.1029059961,1350.60639825405
4308.74469792114,5974.26661936886
3781.79729294548,5304.61824246583
3362.08627483048,4907.08018017175
4521.7908010055,5698.51890388275
4408.67880539357,3525.95500769922
3320.42586621761,769.160816926823
1726.21248588523,573.659611166758
4265.29174896111,6238.53423762012
4064.36691367434,4261.47154719665
3289.27866823403,1319.80361314043
7778.56546711002,1317.35982692567
3740.05703496059,6980.01768757765
4257.76416847583,5853.5558220191
4043.68853550261,3193.83032717608
4148.49930411455,4844.96274366204
8484.1886273644,3876.55021705464
5128.73856400557,4294.5477078585
3282.25797134787,2046.90882168013
4799.00919435952,6560.65648858629
3367.72075382715,4456.74525683117
4205.490163082,7491.04925378142
4834.26659801306,3596.08555123316
3510.64880996203,5604.86027127572
3763.21383481131,6609.02013517146
4222.39610693251,6527.01201046583
4309.58881959299,5215.05115727656
3754.72580827466,6617.20407571747
4377.04490874562,4277.72525737065
4208.02180739266,3847.96351060262
3954.92884137678,3613.4192337206
4063.07267210405,5197.20624278952
3212.60996039333,6079.68950794006
4816.81925622465,5637.65227320827
3913.00275066164,5997.96554196374
5146.46639659418,6662.21490301002
3819.8117620454,1485.46815232374
4281.44908540182,3921.84478022125
4721.33702126578,6976.03946536741
3320.33225562494,1042.01001823162
4662.28314282904,5024.83521931047
4328.45824515901,6066.95902772521
4024.72153412985,4084.2131627157
4104.25026374075,3492.82218443361
4233.46847368208,6784.80064054688
4844.88434012353,5094.51119344857
3474.29440306749,3192.75056629025
4490.00288264555,5846.33810572376
3973.58529615879,6227.79286851038
3869.95754660238,2556.17813862145
3542.28729425408,6481.03538177785
3468.77003630462,1510.18996177305
4386.24229235696,6640.16384733195
4051.60012630839,3672.2400906862
4582.20883504502,7347.94657942052
4040.76697585243,4927.93709261834
3557.09058173313,304.390804565476
3400.8511003085,6177.38302536108
4368.31879283257,6215.63112860939
4330.74511912558,6221.54137646573
2522.70809101508,2154.15041068991
4224.88264691434,7430.63676964752
3553.13015623928,6073.32426783264
3803.53566082121,5594.80096768736
4861.21969617447,6022.74401401681
4066.58587890382,5982.10931572656
3410.116868646,1800.941110167
3872.40569330966,5559.84944398317
4345.08895863253,6335.14820558294
4742.99918803176,7201.03651637117
3555.22642843357,3077.77981755792
3946.65776906392,6361.17706061599
2257.98675380472,4667.7614446401
5020.39305775925,7245.87693299719
3721.66965589573,4511.18998479447
4389.80227318355,5756.20312593114
4078.50281038453,4985.11008266714
4004.09856780436,1437.95677049885
3693.95821149283,5383.89852794121
3987.76602346035,5605.08734454601
4980.90969705236,5943.23623241589
3607.12623241956,4510.2808460028
4331.65786617401,4621.27316109727
3755.06595419091,4049.31872447052
3397.26013222383,4849.05471393504
3505.9161171503,6127.5985851294
4264.21874512981,5413.22353966312
4298.40017763393,1161.41355857003
4134.92811096178,2244.22872787878
888.288631586689,1702.50854747941
2821.02377954629,3421.4983433787
4219.51598338543,4269.82589840919
4542.54515341433,4314.83630284649
4980.87660654696,6702.28128384166
5261.30714977888,6377.82867758206
3269.94376146758,3976.97157370592
3830.36734406066,4680.77608358425
3564.91307003711,1837.71133430978
4319.8274862267,5062.28750897463
8720.80671012633,148.046695488893
3442.25836616191,2327.48723556438
4543.42702612263,5032.28043173134
3431.01970308883,3750.21290772259
4816.57628550734,6963.76397740365
3928.75153371688,4383.09148333809
3493.48737124061,4717.03465287219
3007.50174288678,844.519701366443
3860.28724617824,3197.12648386493
4274.09471525746,5891.12185974603
3503.72022927118,4481.41040367672
7769.77562153968,1451.76690588571
4142.15337243989,6863.91051535573
4569.98235980689,5237.61344495422
3896.137033932,2019.34542493779
3293.56122441023,1073.38112080385
3268.89133325548,1028.42727325649
8812.12734214862,389.695270959135
3032.07258983217,1714.49998242768
3533.65460655945,3522.71551361412
3868.78549186206,5250.57099843936
3957.43604376049,6493.93584980398
4162.16459560212,7163.92504804007
2640.51613367194,1338.84224800369
9083.50142665051,608.383797316133
3652.34299244539,4713.5680855168
3416.54185206471,919.537605902282
2409.32232800269,340.592631964295
3950.14233034891,4248.22983498221
7173.26281126234,3932.35865320544
4256.3841248238,5737.73280852648
3765.55651050815,1693.64275283965
4508.63112627373,5941.81543876938
3450.95898538205,2390.28631474022
3880.22483025422,3328.18053210473
5092.71663034753,5886.34782395165
4327.79213491973,3937.53059579189
3763.42698925008,6582.25255201327
4657.54986984542,6750.30410909377
7818.7917820608,745.518821220243
3804.80265151855,4746.6438233234
3771.87210577284,5478.92086873573
2874.18675958074,4383.20523140086
2735.71815789063,916.639144577872
1749.05558099588,1125.66632699549
2600.78606177526,4255.7883726106
4043.24879063554,3773.8551677137
3422.38643963959,5201.97985572865
2939.11480911383,9348.48069631331
8608.81691760366,1260.35756468484
4642.64968205348,5883.39248859585
3504.80766391061,4353.25481676133
3478.57920582373,5720.05830470597
1311.58113749247,612.191556002929
3667.23264980135,4277.61150930788
4338.12301145007,3099.77378777698
4505.01006372638,5110.19658616397
4299.70415006875,6696.65477185937
3958.85690875396,4109.10538283154
4208.46468471853,6471.94230244017
3952.18821002407,4788.01767259403
3086.93877232598,1938.75809387867
2989.6707272963,1446.19737364862
3508.7285845726,2479.96672513701
3668.31165604455,5316.38207557475
4078.65728765026,3547.77856725174
4454.58849609059,231.759838641469
3900.97623105327,5535.07097193009
3908.64247268287,6535.5367723449
3778.91449813552,4953.05680885973
4178.92941685706,2058.61620361291
3308.78189405153,1357.65349245523
3425.32029623034,4632.18494087354
4325.8293755036,5961.53613915401
3831.96784792,6269.62128717685
8165.70376362891,4127.51903763244
2959.84430152049,7372.32756753677
4122.5582645221,4565.00973269539
4076.10434383991,5331.49957368679
2972.82873500929,4779.54957331872
4262.02847665137,4397.58357853251
3598.89177338515,2324.81605893789
4573.05293347012,4170.31325769433
7801.56949607434,479.148449514917
3725.87595592858,4433.61465169491
4201.52403699691,7427.34019010341
2572.78761219806,1690.5738808487
2964.46034554862,2481.27398214838
3634.60998222596,5258.6411909226
4330.30576339582,5617.41991796879
4330.74902140247,7074.35838570605
4206.0739694288,6652.95099015056
2902.353572505,3506.06389664805
2641.54509193679,559.167515972335
4676.49047892412,6745.24591457009
4411.95873826248,6205.28766629173
3336.04955142554,4718.68294264424
4161.79724554777,1043.43081187814
4130.67296378658,5349.79948042492
3242.81231702457,2986.45132881669
8448.41531638664,6050.87572821775
4428.99290463239,7030.08670939388
2661.38549843168,2016.78799637407
2411.99577198675,4500.96027053958
4626.64557866289,4409.23408643391
2632.43853222162,6846.23601153522
4402.19299173295,2055.88836438266
4228.61206364412,3298.45761359075
1660.37001438088,466.190790315965
5350.95649484607,4522.10176457073
4879.90195800439,5069.95979466579
3739.65417160696,4161.33392641943
2438.52198715782,996.430979194279
3400.86386560391,3984.35970066778
7248.59074170276,826.958681324172
3634.15194933155,5398.16312701009
4864.87765739078,4168.38123204823
1604.77953931091,390.604568321521
4599.96602856127,5090.41922317557
4367.87147506992,5815.25147902228
3826.91485609161,5273.01953805425
3010.0024944193,969.492668228122
4355.00773124266,5601.39328106508
4243.44877672158,3081.24659634093
4173.46918555984,5749.26956836511
4474.27533939477,6246.94525143642
4064.91617428888,2963.20718704528
4632.28707403839,6369.19016764021
4669.62580301026,4297.04805096321
3622.70178479553,5917.71903223768
3674.57559223645,2031.67799836057
4341.95062606006,6168.57410475271
4240.28691727177,5072.51722322952
4344.56813548205,2470.64636110142
3876.38360616041,2292.93361865226
3643.88035052978,6040.70267656662
3988.59206775327,2679.90093393077
4586.67044467105,5386.62636717146
4285.22197977495,3437.01332542756
4120.47040426996,5902.82903025119
3145.94744574164,4969.19719382621
3462.15912589581,4704.41792072011
4026.50168835497,2891.201280469
3196.9664254392,6400.44762786348
4959.06861805442,6713.81804368029
4410.62492150659,3499.75553057201
2782.72166387968,5448.34547403385
3942.20216872632,1449.32311967095
4024.66148235221,2542.70893028146
3426.25823621588,4167.64208106784
3372.67441330838,2330.61298158671
3377.12897133034,5170.26782610955
3995.04531026524,4424.40824714971
4873.83096583781,6586.91283974488
4300.97629649421,4362.23414803624
4413.61325656926,5109.62826870536
4034.13144978082,4840.47328945221
3349.79037235909,5540.29915426506
1766.77248879305,1292.97894452323
3969.74777654513,5749.72413776094
4203.51177634012,7066.06111995252
3877.79977009057,5200.67281014491
4175.80141310504,6489.10515140584
3404.74349367014,4920.66271371925
4020.67955189682,6226.08791613457
3741.33730703077,3206.61746999468
4718.6199538636,6263.31270967318
8011.27215051139,6332.30661828991
4533.31208928315,4959.47871157091
4008.28709812956,4711.35147828614
3926.78426188291,6299.9691857532
4246.24562761249,5905.78436560698
2903.86971149108,2285.2613329611
4029.24945706703,2217.74509202226
2411.20559663645,2794.36002780826
4017.51159488146,3483.50160897039
3384.90941855426,2855.51102863967
2018.54279497926,830.880082359927
4011.52824309446,1188.57904852029
4366.83645940042,5363.60951009797
4201.7587695084,4003.05751419798
4580.77786905267,3551.64304139921
3807.91281282636,2059.12764704013
3781.94774980614,1837.19967945494
2991.88682874147,7299.86709156465
4301.7008373904,4943.50916012622
3760.31112784926,5298.30966496217
4592.04749473963,5975.40325428607
4762.85267379314,6433.0692191295
3863.07035993975,4783.18697419589
4727.95441230149,6639.02721241474
4451.59942988597,6680.34397622637
4094.74738609407,2105.95717477127
8641.28748566949,1963.1388705673
3692.22405592614,4190.77268620411
3198.81358630286,6112.65192053914
4074.13188874429,5731.65172714836
3348.10128689354,5721.25160222694
3822.43487712956,5168.9036950668
4164.1015951646,6830.55019596457
4375.97129489659,4692.76741281871
4169.573179907,6286.32956674668
4290.53253838691,6287.01163226806
4175.69292131929,785.301043322582
3931.10121913662,6269.79169784338
4644.5498390385,8772.66178553909
4180.11330482722,2838.57504151667
8494.76134078178,2775.71908830944
8217.28774161506,2781.11810416619
4199.76375011327,6690.34661721096
3821.22448153409,5482.55826961291
2558.26533021265,923.174795351828
4399.47484565064,6456.59773105784
2913.87493367371,3678.15033854254
3963.32964470784,5000.85256084155
4009.4059069003,3859.04570104541
3195.15544590201,1404.48291447255
3791.62738753196,4378.54494366925
3762.27382545091,5586.73077520412
3789.06264117244,4024.36941889566
4636.80440387254,6333.95448520672
3319.77363089719,125.086672804103
2602.77672655852,6731.54963295981
7849.15173786915,946.362168805668
3732.58398317514,6660.7370239045
4505.62296400127,4790.00678369915
4389.66639357141,3551.81345206574
4294.42313979006,4983.46179289509
8022.16498006749,987.394668174175
4302.16000482285,5533.42268215804
3007.46553150123,1165.73270782714
8998.16576710077,1302.52669897056
3758.66044750502,5811.95489947817
3880.71775420355,6121.17668241821
3815.47235751113,3953.44348463283
3726.84316886149,2265.02918914924
4359.02170893437,6323.270201556
3602.77949956354,4310.2331005739
1804.0205312901,1453.98330168875
4786.1335012931,4714.81804564153
4552.90656743311,5995.29436533724
1942.46413770746,865.661089683781
3810.41032017324,1647.49539634369
3936.592154617,2635.51529812821
4272.57020786289,4541.197484893
3993.67573701949,5969.37883551171
4513.18599451129,1713.19293684394
4415.10585012846,5529.78528128087
4014.33472399808,4039.9981490073
4597.07315206733,6064.91325401634
3812.3526464841,6007.34278003072
3814.67721706002,5573.43240038592
3590.66457965581,6598.27918891698
3699.42405637308,4419.69087395909
3700.18375213948,2176.48520224203
3267.26403543512,2307.99403130529
5070.16578971862,6950.80642391851
4194.7827992358,5948.12401627304
3815.58110334614,4545.28903231076
4992.61484097749,3986.23548656538
4138.82113869306,7402.10757150976
3650.72547831524,5628.55919387059
1831.48540607643,4633.20782772798
3891.00609936075,5763.3070941637
3872.8259310026,4450.89167157859
4054.81514248812,6583.16169080494
4007.20574050623,4747.09881557449
4259.30277681905,6593.84597445566
4113.94261120559,1525.87546020226
3392.58938527334,4154.05954752034
3376.4346166989,3985.32592491846
3636.59498647808,6822.42334087757
4007.44507266867,4910.8875688602
8804.51465375359,4125.13201973525
2808.26393923975,445.958699361014
5287.07470842516,5485.45651950969
4562.45492426901,5065.58366566349
3858.29435839274,5557.57617414875
3163.69813561834,6583.61626020077
4187.57005484687,4478.73922705023
3671.13729739243,645.949570758531
3361.6507653308,4681.45814910563
3916.95221823003,5318.31452407611
2659.73660222535,847.588626214291
3430.13938680867,1572.59113415681
4235.43365943038,2347.66250534486
3966.83091949331,5399.35642453106
3697.14822466635,3852.39672506394
3866.10153095153,4112.62903564594
3958.63141556882,6646.58617289839
2818.71491381886,4624.9672245782
4068.27371143095,1101.28555030687
2582.87136320339,2827.83388383456
4965.66506297843,3323.80440310243
4067.66278376688,1071.27836734977
3581.88478489202,4206.57182698227
4343.99631200143,6487.7981058221
1235.40429686414,935.791527503906
9227.19698967418,3537.662389632
4092.39859005908,3912.80878634258
2943.17670773329,2198.36542439831
5035.99139840318,7258.89157194134
4169.28656919034,1904.65904636238
4347.72763532739,1691.53999938557
4357.11918451299,5284.89754208119
3787.43121311292,5582.2413209943
8558.88504537823,886.404676922857
4061.7485259703,1586.79907062194
4409.94100844696,5982.0526531228
3381.77598955381,1636.6973646302
4252.08685658249,3841.99617728727
4808.48352872485,6091.68083717452
3904.90752570558,6764.79620428819
4094.97407861862,1124.47292376071
3119.48825548435,1627.43376891218
4214.14882834283,6343.84337812854
4127.94327693767,4263.00608890594
3073.84228585402,4586.60579612238
4562.69850198389,4434.24005461252
3804.9014479261,4891.50811266388
4054.79278587237,5808.20417339348
4697.28070916878,4557.90576446283
4660.03993768263,6474.04473875281
4121.72125514535,5497.10702741109
3913.56059905342,5544.50487260084
4580.8886831764,363.26850913401
4039.58433984403,1694.60887137651
9089.13204950531,4669.29598634938
4049.7689772424,4305.51615023853
3920.7744078901,2252.52620505993
3534.56462892932,4712.26061707781
2813.86229346708,2255.08363362365
3902.54447320693,5438.0590971752
4466.42458825334,5003.06874521695
4139.61457329722,5356.61928992818
4289.48907428827,6093.61328567588
3615.43266009362,4709.98734724339
3439.00362870063,5531.09274971986
3602.05467205054,4059.88926005846
4196.89678419103,4554.49585971121
3869.725015408,5665.84065001297
3608.77479268627,2389.09280579162
4264.42671845993,6709.95356953283
2768.35006530158,128.326074389614
4470.03464575295,3072.38080170117
3772.86929791182,2786.85815278363
4957.81500283866,4318.98535857851
3719.67563761712,4636.049415021
3935.19239286851,3772.03646727511
3848.70507368568,3464.40631150336
1283.39850207795,1253.1967224209
4269.68625587781,5948.52192306512
4542.11900866716,4831.09605138523
4066.48262250566,4298.98049946457
3643.39359533459,3430.42080062222
3703.59850033344,5086.44100096533
4696.87367614382,5614.74874134229
3837.83038971371,2994.12361450786
7410.44916467144,8666.04559944692
3982.44394215577,5205.78766727235
3842.13965888041,5185.32823876258
4646.12620884249,5748.01918538513
8726.49589307256,1304.23165134637
4712.42197419313,5251.0255678352
3616.67810084127,1083.61083505874
2467.32338056075,1107.8779693984
4244.88466588048,3393.93494663636
4320.02660204664,6432.38715360812
4820.65584422572,6489.67346886444
5271.68671644125,7078.56410404183
3931.37381323073,1525.59130147296
2929.86346564299,4053.06945055521
8436.73326375506,3271.46253430702
4254.75537051376,4807.45379139412
5096.02892701558,4426.39735825483
8184.63643108855,5482.2741108836
3542.86653766696,4254.65173769339
5084.77185107609,4389.22922731997
7909.89126824603,1572.9321669175
4225.22985406028,5819.96842935765
3860.14562616982,5476.02261883895
3606.83254861213,4411.56401887209
4595.94960610526,6486.94562963419
8598.42214447945,1451.88054823467
2552.93397906873,870.662304462266
3677.13130535914,5455.90401166224
4242.24370067905,6427.44270714721
3766.1888262269,3590.40237664711
3863.21015458482,4897.70294210477
4727.37995547952,4911.11506498574
4022.13698645006,6320.76985845129
3959.98856175622,6927.1641639274
2945.74925505305,893.736035567147
8194.589697469,2512.58810497541
4495.4230982903,6492.74255228301
4547.39780154584,6287.06829487182
8494.76265958576,2083.67904582291
4063.67659207239,6603.96236350303
4009.45125701993,4606.15608584049
4004.63103224101,2985.5419785974
1594.48764900435,965.344035351357
3834.73666992683,4850.87341437363
4913.28384968393,5190.72725461932
5056.134099177,1304.06113496603
4883.05667636979,5682.15144564598
4569.25891002714,5443.68518630223
2929.74430072919,85.0771197540541
6378.71356579717,5724.71816958233
4262.62226444216,6027.0630575601
3445.1465772518,6223.98505696668
3860.26340779442,5484.49071811426
2236.15026651154,1191.19335111539
4368.73322275817,5286.14792506118
4301.42896928775,3757.71478274722
2626.35056694828,3972.93668889192
3943.80692981374,6376.97620139415
3785.89245778805,7213.53950046048
3372.18756733312,2853.12401074248
3970.38073155249,3661.83954290953
4239.25206881231,5917.43487350838
4154.36395121065,4743.29100403078
4471.54906587985,3723.84323135647
4098.04506730056,5009.32023726161
4410.9186210118,6002.1141748405
3974.86903621937,6521.49924654631
1748.02441828452,1716.26180883488
3944.03726188282,1292.29698471567
4063.95617322122,5916.4686492577
3562.47496183387,3331.24940409568
4218.42100985203,4230.66865636922
4366.01719430112,4320.06490803671
4927.03865639031,4930.153699849
4663.6978083349,5150.37671505838
4172.81147658413,4748.12170242892
4125.50394176028,5143.27274682582
4095.66677169352,6290.81944381176
3529.18855703403,6049.22743844569
4715.69605550384,4038.12278596495
3985.8050985869,7743.72302673503
4304.01295096323,5076.04087604392
7357.93788708176,3288.56872066893
4491.39744928864,6813.27359893614
3836.35765441681,1805.37390177307
4163.98779966164,5223.51925655187
4477.77070074601,4640.25513335678
3630.55530015857,2698.65541006473
4564.36118967846,5156.85570322857
8391.42361848052,6569.57915725743
3668.98327282834,4781.42493636107
4126.70348682787,5636.79979702036
4348.55199627175,1597.31294360613
3844.6208350937,6005.23992086283
3917.98012324203,4179.57674769854
2274.6289660274,639.072940080794
4383.32984359274,4505.9618024595
4250.89324621788,1667.67066612417
4160.30604466447,5989.66785335495
3989.90722962352,6700.97381540267
4312.26205991339,5483.01283900874
3413.66201786414,4651.10982767403
3872.14281302783,4436.91123123902
4577.43693442413,7207.23134581206
4224.61765458962,6184.94198584473
3194.55696820667,2262.64217125205
7812.4888789775,1173.74602627899
4194.46410064359,6672.10337307659
3447.07882310507,1141.63608986782
3355.59618429726,5539.56042613992
4104.24349244697,6003.70537915354
3558.56024049473,3230.25951855817
3518.24157234487,5276.25903213935
3597.22758498319,2614.60108879497
3572.84182827449,6817.99054927151
2815.65886031238,4405.88084428604
3879.2811369564,3842.16701080905
4085.4946047712,5279.04395682862
4321.62423008397,6670.91007555562
3754.44446747562,4000.1592643012
4040.62228394466,5541.94744403711
3661.24681455381,5792.57544328185
3540.51337972387,141.34054154882
4122.99443389372,6857.48861264454
8281.42533508843,4844.84941845452
5337.01533056601,3380.9771817236
3842.05846759637,4855.8745234383
4148.77687344995,5438.6274146338
4269.79223112758,4092.3400178027
3532.63677776376,3647.91576517372
8401.44271745014,3451.22126189268
4254.24522284139,5581.50217001391
3772.06942539136,4793.98500590939
4678.24700577781,3988.67916706633
2686.64448555466,577.012694743908
6877.39426024373,3572.95494609689
4373.52347018371,7058.27508619858
4373.49258018876,7209.50461564648
5025.13306676605,4443.50354461673
3538.91093639927,6146.69388259642
3765.1973081457,3155.41202468886
4163.08331011531,3896.27049458403
8836.00090825431,3947.24865519194
3871.89105073888,6196.70581895365
4061.73832327869,4719.93290276897
4157.8443150969,5876.51601648883
4258.18453020631,1564.57792141877
4132.61675948712,5148.21719328673
4327.78136800281,5243.97868506165
4360.28482959041,5490.74221015892
4062.95078267665,4540.11751257955
3961.01353507242,4129.7356448631
3676.64404925364,319.849044725219
2739.21104925469,4853.26043227082
3973.48028625736,4885.08620995269
4047.04328435113,4620.0798635763
2555.76388758697,354.232250970811
4595.58602732036,3656.44052705279
4051.65399407607,4823.82167248614
4540.55242058581,6525.87537554862
4200.98688759345,2337.26216899581
3413.31171800862,3023.10780489671
4239.19884791339,2231.10055229948
3473.20558429704,4685.37928585685
3339.20732281191,5804.05554051672
4018.53800562691,5122.41541152397
1907.7328202782,6079.40534921076
3917.39183070923,3174.50753358351
4084.7072655713,6120.8354382299
4339.27594433678,5325.3047442459
3878.99269296763,7782.19778039838
3905.93177502062,2715.25015299942
3619.18032538961,1760.64744463744
4260.71330158935,4537.90090534889
4006.96770918767,4646.73369867172
4413.15533999567,5023.81233245603
3793.18139779085,2722.46786929475
4303.44938356101,4724.42277983405
4066.81550565966,4641.44843087775
4518.82443517874,6374.36211022667
3829.05589292467,5555.75747371016
3935.67945059692,4049.77329386635
3458.42332216185,1608.4520080803
8631.75454166243,678.968857388998
4618.13121127939,4726.41189093917
3779.11957478446,5393.90074607055
3882.21389065877,5036.65656073365
4803.30356187222,4993.5777590872
4011.6940372383,4487.88896899167
4449.71862311112,348.435407607351
3995.05670558967,5067.06154476901
3953.67407793915,4907.59141217134
4119.01946421713,5791.7796296977
4311.54995496761,5022.73278299783
3981.00542183129,5063.4808064956
4517.42629734434,4953.05680885973
4231.33124970023,4838.93874774293
3845.45464090115,1715.92077607419
7849.59588981454,3494.69754747595
4428.22831454263,6513.20198079278
1379.99584997984,3737.99408236258
4102.54071965426,6307.86896756991
3994.9562911858,4375.87376704276
4050.10605680147,5216.86985771515
3740.05617956876,4095.46576382503
4298.37232467696,4891.56477526763
4212.539991529,4455.2678005809
4578.87394725887,5363.7799207645
4125.64388556202,5601.73452525339
8416.52747981837,4186.96487466041
4571.64152185556,5206.64014346026
3979.02922152646,4893.89513056107
3982.90788330211,1536.38933318645
7735.79988449379,606.849361320662
3952.23652325886,4834.44887067785
1966.33924474257,7259.80071073301
3458.74846196772,5316.04125424169
4552.57898121025,4364.62116593343
4107.86553281015,4816.31979746151
4085.15851412607,5348.03744259009
3740.42392940636,4982.32515797788
7437.59486644782,210.447947158013
4389.85031277679,2760.37451692712
3415.88487854534,5109.8557648309
4394.92409684704,6607.65642698396
3290.98448512856,2173.41633025109
3096.40097133312,2497.41415568723
4402.95424831376,6865.16089833571
4211.46595519292,5529.44445994781
4394.58950924638,5894.07677224657
4483.17168832046,5589.06113049755
3215.89875587468,4625.36513137028
4901.27999877568,3763.73920152158
4235.84997707281,3541.24270505016
4821.5128943113,5414.53058524686
3842.3223845636,5417.37217253988
3641.13460444101,4657.02049838562
3982.42158423828,6659.03207152868
8380.81657990495,960.45646292183
4206.56459931612,5047.62500311368
4035.12411842866,3595.85805510761
4381.45774212606,3765.84163783422
4650.97036199524,4726.46855354293
4036.02128400106,5530.35359873947
4486.82779143179,2873.46969118948
4072.81009186323,6486.83188157142
8515.79680191129,8807.04499178468
4045.08642547308,3859.04570104541
3792.12363447158,3582.16177349734
7855.90641296729,804.1691618055
3775.21791958613,3739.35821340534
3739.00601697125,744.779987381294
2809.28972838006,2977.30137544763
4161.80414874322,4770.34274591827
4208.64362999404,4473.79478058932
3679.74911143803,2401.87994861023
4397.45141985161,1747.68978543849
3775.22388279678,1420.45257163106
3631.1385818976,5140.82906632487
3336.47220224035,3432.92135515456
4772.99841791518,5301.88998038033
3348.83967349351,2791.00699708802
7025.86478136399,3244.92202441913
3942.97773144226,5130.65601467374
3361.37369264907,6624.25095849102
4141.15054269634,2556.57604541352
3516.39609764089,5248.97979412632
3527.35947545347,6494.39084205506
4784.50210222057,1817.19503176863
3869.15359555631,6289.05740597693
4253.58875745389,6138.11245811359
4308.16269467324,6374.98709028904
2879.51930897243,1427.72705624397
3627.83455475139,3908.83056413235
3330.4405214282,6300.8216619411
4076.16578540764,6840.89365828223
4178.42657124538,4947.25988621091
3843.23055775019,5648.50696752552
3263.07581151104,3289.19391215892
3350.77089398841,70.6986867299291
8625.49833696772,2333.62497954627
5201.63383865889,7637.73182070523
2557.09175791508,4209.35675167154
3707.60406957289,3580.00182887044
4454.93527753948,2327.1462028037
3210.93312472942,5144.69354047233
4337.13875991439,5475.34055331758
3888.24857600097,4851.83963862431
4786.68061880884,3400.52726001408
4672.14015156861,4745.67802192797
4348.85265508894,3054.76296048442
3684.27833307424,2555.04150370424
3982.73631454084,5600.19998354411
3279.12461685682,878.220947804473
4873.35383620105,5596.44925745942
4004.85680398368,4565.18014336193
8791.00617496887,2255.70882511364
2472.08208767123,69.6188862014255
5175.91222034488,6451.42578847139
4735.68917850279,2199.95684013898
4434.04919811427,4807.22671812383
3913.32708051545,7121.98372702134
9301.45621822119,365.314441413606
3659.79256500792,4536.02554230655
2816.3028878401,3280.72602431123
4430.53042728331,4780.57246017316
4226.0537218865,5893.56554024698
4440.36438847569,5600.08623548134
3563.82867129445,5947.1011294186
3463.78095294312,4973.40248930673
4696.7811136586,9398.09514873372
4173.96773289882,4858.71611073132
3848.88709180299,6502.57435974582
4771.3775092162,6504.50680824718
3430.38125473246,5493.52671199293
4020.00075602811,5801.15686776468
4441.80873885105,6620.38648434355
4503.9271746323,4558.47408192144
3319.61737122483,3524.87524681339
3591.43136907182,788.654126899731
4343.83944410266,6093.61328567588
4415.5442122058,6456.6543936616
2064.58966677553,3906.50020883892
4016.5321228683,6333.78407454018
4681.41212267741,5127.30319538112
4755.20786008246,4501.52858799818
3979.90424072023,5478.58004740267
3527.51016788445,4592.74354010426
4341.95108095866,6069.74395241448
4075.79562768969,4592.63021489674
5197.92693294702,5793.48458207351
4763.85899314699,7099.13685775912
4076.99969747906,4996.19227310994
4078.50349740843,6810.6590849134
3002.92166788356,4076.65462508731
3948.53111859322,5582.07048747251
4621.91101688081,3266.06351845028
4485.41168805173,4422.53246125211
5339.64069283276,2313.39304716203
4429.50604764907,4552.39300054332
3565.31496318024,5698.40515581997
4326.19450853134,6867.2637575036
4183.81424104471,3574.71656107646
4488.59984437896,5914.87744494466
3638.14705944653,4860.25065244061
4668.71356433877,6391.29788592204
3861.3204369548,6525.98912361139
3037.92423118567,6287.86410845596
4152.34233546471,7023.15315182785
4288.52766240941,3993.9644348603
4438.12039974113,5561.38398569245
2719.47842677431,1646.41563545787
4000.12497668097,3468.61181841152
4174.58967813162,5603.04157083713
4504.38426117363,4084.04275204917
3818.27351964357,5217.21067904821
3444.49289148988,3302.9472792282
2727.59717294956,1511.32659669026
4125.93585288749,4698.16642867546
4724.88338835587,4361.43833445209
4293.07958932732,5459.76890866495
4249.20233382076,6145.04601567962
4477.81947544585,4966.98058659555
3746.19701588341,3046.69297942881
4695.4378823788,6743.4272141315
4154.37872980016,4754.88442647317
3701.55422156955,4069.66440491752
3951.80435388947,5954.20509765116
4032.15428001295,4188.49941636969
8783.85319632954,5416.57678181099
4398.78701458412,5514.21363662825
4404.7013704061,6166.41458298106
4248.64514405726,6057.695537721
4681.52116852054,6216.42651933829
4337.25020738243,4643.72170071217
4092.05037124441,5152.08166743419
8724.72362031239,2564.41874177122
3445.23315566724,3381.94340597428
2262.09040585751,6737.57362887892
3660.52516592454,309.164681789138
4410.73558284872,6890.45102524362
2361.47397589485,1750.98604784116
3493.60890623244,2709.62385244475
4111.85388453995,4041.07812132075
4100.24026402228,3948.95360756775
4788.6388250185,7758.32844713697
5144.66038414791,6692.79029771191
4182.82891382119,5662.26033459481
3964.58232146949,4120.98338685848
4484.55977594144,5507.39382712499
4196.72032115125,4263.9152276976
4360.37030256012,4992.61195769178
3328.09682447063,1837.71133430978
3499.99474199948,6652.21226202542
8589.51022441666,4327.16887626927
3600.52715609707,4163.60719625385
3511.48785688421,932.211106371932
4213.05248340317,5047.11334825883
8736.11569908777,160.5496795782
3540.58484497361,3120.40362695328
4387.08833016792,2997.76080395741
3602.28735397212,6214.03950144109
2857.76802624219,5846.50893924555
4856.29680640065,6809.63619805897
4385.27270561239,5524.61376154966
3394.04231138868,5586.27620580829
4865.62916636107,4375.817104439
4222.95755155083,5589.28820376785
3764.93261004709,4025.3923057501
4505.05433160179,7060.49169342924
8871.41079836044,1751.66800764872
3591.88567082144,3387.85386525824
4276.81830642711,5091.78335421832
4030.55304625041,7138.18077459157
3577.05294281493,6223.13258077877
4356.13513935659,4394.96906450978
3989.48920569856,6638.06141101932
3335.06159319539,3911.33090723706
4534.56163301246,6380.84067554161
4754.10920307785,2795.72394742339
3906.5677999026,6470.74858206395
4495.43346384214,2821.52551775852
4092.31500858508,5244.94490931232
3699.43096332199,4224.64466045011
3857.01547166298,4439.86614373956
8997.55963569643,308.14171564934
4799.67386395971,4936.85976128949
3936.09317224405,2546.57361585655
4825.16024725443,5880.83506003213
3996.87490882512,6982.97302293344
8452.96029345155,5057.51347318025
4268.06221810368,4891.73560878942
2806.32891731115,4462.65592754276
4192.22046674381,3785.33526494857
4403.53920358648,4809.67039862478
4470.32196400514,5262.78982379936
4727.34384986614,6134.02048784058
3451.30261195273,4108.93497216501
3808.50989465681,4954.64801317277
4102.53438456821,5529.61487061434
4582.0907380387,2935.58691627156
4407.36080738067,5461.13261685245
3462.05872999201,3835.17636778401
3358.85592674927,3451.56229465337
3841.43765708443,6689.55080362681
4995.33571715681,7245.1377820168
2885.71078858131,92.8630676155179
3581.18989181493,6107.87788474476
3120.19062485647,6055.19477176104
4171.8673842143,3808.8066914179
3255.35258678339,114.629620994393
3740.37023005066,2180.23613975435
3685.54459531796,820.309388201258
3695.88265452629,4583.82129428837
4428.07091249799,2864.26307521665
4677.36018167817,8165.92623587467
4536.30126142744,4753.80487701497
4737.04666669825,3951.28396286118
4684.02795614863,5567.6354777371
4442.09526689816,5352.52731965517
4078.3676463586,5604.29195381711
3622.61396204016,680.560114558947
4040.60935402525,4233.45358105848
3875.56181753628,6509.67832797838
3538.4631798395,6442.33270913371
3610.89800713825,6570.99995090395
3556.65065813617,6077.52998616841
2668.08329959758,4846.15646403826
3865.72259754402,3239.86404132307
4614.66719824768,4822.17338271408
4273.86895525324,5686.98214404412
3803.44685563418,4751.07703778472
4063.35846152162,5028.01805079181
4429.75726773093,3581.59345603873
4736.57876416958,4920.15148171966
8486.92190583318,2787.48334427362
3860.95169485828,6866.63835458598
4334.02272951131,6347.93534840155
3767.70019780093,4674.8087502689
3008.88290990531,3300.78754602893
7542.17554577381,1863.45603061353
3505.79886264971,5105.25213970305
3865.11605811139,3824.32167346676
4636.59083081239,6079.34826375175
3718.60919200902,534.729865252327
3418.6683809932,3157.85591661744
3292.07992325936,1888.12096603146
3894.93638277531,3603.35993013225
3852.46727288098,4337.05776919109
4114.1073294801,5646.74535254595
3691.11380695747,804.453320534802
3316.25137053516,4880.53967028385
3611.25712883945,2860.96670710017
4794.39473840145,6881.92626336455
4145.64860251383,1732.11782364443
8456.16784161853,4522.10176457073
5006.8713300673,5026.08560229045
4249.58818691109,5952.84096660841
4411.47641629771,4964.13899930252
4782.21261115126,6547.69893510115
4121.96703329215,5048.47747930158
4310.044193575,5313.31341501144
3979.49836500897,7187.73771869771
3073.82001890769,5753.41820124187
3922.68290272612,6098.21648794848
4151.8532024362,5420.78207729151
4691.18951382137,6078.15496623078
4150.85437932546,4347.68539023806
4290.35846118062,4928.61915813972
3854.63971687307,6214.55115629594
4736.31208468326,5300.01461733798
4300.95469188453,5653.50807659019
3623.56295254144,6026.72223622704
4173.04458646609,6605.83772654537
3971.44681464292,5468.40699575155
4588.04249494574,6020.81156551545
4499.1948823213,5781.09534604698
5199.11833376798,7183.53200036194
4270.23624620496,5216.3582028603
4281.34628055742,5316.55290909653
3343.18880533903,5984.72340689404
3691.78375705792,4234.70354118321
4141.59206392861,5419.19087297847
3620.01398999954,4273.00830703528
3160.00079947097,4833.25557315688
3350.61074198727,6748.14416446687
3639.58016004244,5395.83319457191
6926.73842296309,2221.78018826388
4016.52264518064,6052.86483932286
3993.77931251199,4578.42227843162
4716.99505807583,7478.77292010715
4406.18210460887,1281.49895300218
2026.28839140954,9349.73065643804
4847.09158129713,5015.57172930626
7317.97507471972,1168.80157981808
3652.84163961592,4553.30256219024
3689.09835911678,4079.72370850587
4257.88650168402,1897.0436347026
4975.95189366073,5481.08081336264
4887.14967852717,3409.90449808106
4597.31013648149,7080.09864575111
3603.31235334799,4749.31499994989
3855.18567240282,4394.23033638464
3607.29888115948,3508.45091454524
3408.75182119256,2389.2065538544
3659.96414351394,541.095052502845
4414.30824995283,1272.57639004485
4573.80677262534,4902.59030310667
3141.80093126846,1367.99684905907
4872.06011548069,4228.22497586827
4075.48581839941,4946.46449548201
6439.76284679213,1345.60518347557
4637.54766398404,7915.58239535923
4500.96186064314,4327.28262433204
4051.68049399709,4842.23490443178
4081.37025150234,5380.82944452264
2774.02464533514,7748.09873288209
4374.64336942165,5680.61690393669
4539.18376420379,4609.67973865489
3838.06206268247,6186.53319015777
3982.72324289843,2730.1970290173
4270.71147670458,4159.00399398125
4151.75791836384,6934.55229088926
5318.06717250816,4503.63144716607
4071.02929833062,5454.76737674503
1822.35346075712,4701.06510142749
4302.71555060905,6622.03477411561
3519.13622176114,4823.36668023505
4837.41505241099,3779.76541557004
3364.87136831682,6291.95607872897
4851.01048191734,5418.2817341868
3568.08431777439,6793.89371988456
8213.3049705402,1502.11976928981
4048.87489736196,4746.13259132381
4484.72231107794,4093.59040078268
3987.66367626544,5992.45277804422
4675.59024931648,5370.59973026775
4041.00861997269,4289.65992400135
3604.24326027193,2365.96220065536
3771.16879257637,1921.08337863054
4026.15968237318,6108.44620220337
4941.71688924452,4788.6426526564
4301.60450400404,4395.42405676086
4340.48812285047,3276.40676934031
3506.06205666053,3971.11798845334
3865.52779606576,2712.23815503986
3645.58169368072,2289.92140926508
3851.0295980188,3116.36874213929
3698.34525407606,4463.45131827166
8242.62365487791,1470.80554074898
3766.6283926826,5299.50338533839
4342.2645306105,3336.93257868172
4214.10198953183,4287.89830902178
3919.4108108684,5632.19617189251
4808.89626417715,6422.10077674948
4607.68305976534,6733.53874406493
4355.27618006662,1152.83192265957
2437.57401991686,2827.83388383456
4090.38028399012,8634.50398049436
3184.98037495503,1796.05353773747
3892.20341237096,5323.31563314078
4129.02544472665,6837.37000546783
4373.4171066153,6323.61144574431
4338.84094541235,6237.3976027029
3731.61700794213,3401.55035829614
3024.4090085902,1252.68527899368
3690.09576826927,3864.6722130277
3806.52684286405,5564.05516231894
3994.41471318124,6987.00833060269
4066.35227216181,3163.82324993279
4557.46112154375,5572.63658680177
3878.20606544181,5635.83357276968
4956.82050090516,5812.92112372885
3458.30876992577,5689.5962352116
4358.76989323229,4204.07148387756
7087.99810828765,934.370733857393
3263.04920036617,5487.38896801105
4838.104939508,5138.0441416356
4124.68446560002,6366.80357259828
3170.73916047162,4760.22677972616
3679.03208476343,6363.90489984624
3850.41668727556,6354.07309238343
3879.15916944918,2261.050966939
4524.90646341749,3364.60972348683
4107.80454548786,4837.06338470058
3168.77172140132,2664.15845575637
9259.68216409104,3857.28408606584
2545.32520233425,999.670367565564
3479.83993985724,5021.14115582954
4576.33030748144,5933.006518161
3998.369686969,6703.47458136263
3579.0435198843,6964.73020165433
4922.1724857443,7077.99578658322
4239.98022828411,6043.20344252658
3767.35167981716,5263.75604805004
3435.78087456513,6873.45816408924
8363.38966814222,4861.33062475406
3543.07104435568,5699.93969752926
4775.40117831249,8431.38715164688
5110.30398232495,5838.89331615814
3760.22093342303,3578.80853134947
3142.3494261108,3467.02040267085
2989.20303225417,2249.1163003083
3585.96112174827,4806.31715647691
4640.36269079801,3593.35728914765
3795.80423300858,4806.26049387315
4007.58249402072,6419.25918945645
4395.62097091412,4014.87843276591
3623.24207119239,2731.50407460104
4484.19194655337,4523.80671694654
3642.16391174598,1237.79538272099
4627.21532122741,6074.17674402054
4164.2298781101,4945.10036443926
4160.96183460501,4573.36408390794
3769.99665430976,5913.28624063162
4145.72267413109,1464.49717467294
3924.06377066184,4881.33506101275
3763.74267961824,7034.63324906272
3860.01813355857,2967.81038931788
4059.11643528552,7829.36812946258
3620.21199612535,6471.37398498157
3839.5106315352,5560.47442404553
2678.02098542058,5709.88525305484
2797.99803899127,3069.31192971023
4161.85089676429,4049.48913513705
4174.75732191939,5791.21131223909
4072.12050199807,5797.51988974276
3969.04211156502,5807.74960399765
2592.82882736086,4931.40408282899
4457.6667967759,3768.34240379418
3333.27330244207,5938.12137528845
4063.3871947649,4693.79029967315
4421.46877287965,4292.44484869061
4880.42490958283,9666.28348088094
5133.63687703226,2788.16540979499
3684.06761901185,2106.46861819849
4139.64945377384,5379.97696833473
3222.99229178008,688.971234089061
3610.30917575741,1170.16560514702
2297.58341629969,1077.35934301408
3556.62786758774,3601.14332290159
3062.37970732227,1625.67204821879
4238.39654493619,6800.316045451
3920.56257073357,6433.12588173326
3913.55262425385,6098.8418908661
4406.94044475378,4185.08951161806
2646.8070250165,4433.21716775808
4195.48929600623,2882.22194919409
3942.75754501017,5434.02378950595
3346.06171564041,6860.95517999993
4147.96133366747,4799.66818049543
1043.14933210622,2235.07877450971
4374.29147176771,5527.17119011339
3184.35241931063,6771.38851766591
4730.94514591781,6627.83169676443
2362.02523765049,2906.0912824555
3933.07050009692,1383.22777809244
3788.00402063706,4397.8106518028
3173.36707939598,115.368441619115
4841.51977243116,5407.31286895153
3862.38996539764,1166.30102528574
3920.49066920338,4619.39779805493
6880.03175042897,3191.95496413373
4481.69467148916,4939.36052724945
4429.27076775516,4496.01624693392
4275.91803832638,6077.70039683495
4483.10419032619,3949.06735563052
3701.81872715366,2611.81637553334
3580.34682641995,4065.34493851897
2877.67733403291,662.08979715429
3897.1659797534,4814.27360089738
4110.69735024709,3663.26033655605
4100.03064141732,2330.61298158671
4062.90084769606,5127.01903665182
4164.20805568138,6049.45493457123
3430.10293785094,4890.37147774666
3923.25667627344,884.301923468782
4671.4769721782,6547.92600837144
5228.18054036092,5445.21972801152
4421.60844226105,5328.26007960169
3761.69289894959,1635.67437206195
3597.58587041955,3466.3385485771
4727.61211116776,6436.8770306732
3816.00493295034,343.206908130949
3563.99006954848,2434.27404375071
3783.45016436124,1064.62907422686
4736.99161464727,6209.49296177226
3851.09404519503,5680.78731460323
3722.41035855133,4037.49738304733
8790.55564035039,1272.34910534693
4221.24037718628,6374.87334222626
4274.75264624249,6851.80543805849
3362.4517436373,4269.31424355435
4707.51220421468,5124.85909202492
4263.92168019971,1165.39167506645
4517.77428949951,6571.85242709185
2927.31856788277,6036.7815398154
3937.8871109683,6045.7608710903
4589.27789310046,5646.57451902416
4327.27940957038,3775.10555069368
3962.18928187643,7048.15912000647
4757.47992298287,5799.79315957718
8456.65577092113,170.154241985776
3506.98946805358,336.841747308885
3560.53516450365,4912.47919602849
2556.21792825926,1512.86103268573
3762.76027669776,6135.61169215363
4579.58911062895,6445.91302455187
3337.39942350977,6500.98315543278
4534.63188421736,6633.05987909939
4665.09096967371,4390.25211417441
4178.22891830085,4385.36475317251
3761.93977095321,6184.54407905265
4998.85710812148,5659.87331669762
7751.56900953275,3916.78700855282
4239.53534732098,5943.23623241589
3501.10613827653,1575.83062824191
8812.54488348943,1671.76253068336
5079.34825929999,5222.55303230119
4013.23978689889,3036.97470860114
4207.29528253741,2593.28918409729
3801.21535500977,4641.67592700329
4265.68218321425,5468.00951181472
4250.49844600671,1360.72247015998
3919.56138805072,6521.49924654631
4667.48306686584,4665.88608159775
3534.51136484559,3381.20446642152
2515.48771389753,2309.6989836811
4363.47826047459,6519.90804223327
4454.12515393817,5427.14731739894
3698.61070076759,3665.42028118295
4196.26420740373,4565.63513561301
4060.57897681724,5713.57931653577
4410.16321931345,5067.5727767686
4293.35049309961,5562.12271381758
4021.24029081609,4361.09751311903
4924.35065346357,6972.51623540826
6037.7980209215,4640.82345081538
3749.83872123758,7633.98109462054
4258.24396630471,4819.21804735829
3623.68603681202,4462.71259014652
4679.21840533349,5210.22045887842
3822.36201405397,4456.12027676881
3758.08846530449,2310.09667904555
4269.30206787925,4271.36001726322
4196.1597273809,1827.42474602351
3919.44175258913,5549.39223360274
2900.38049527987,5654.0763940488
3627.77151386764,5473.63560094176
3572.10123123175,5035.91740975326
3691.94676645866,4397.07192367766
4137.33958418184,4905.14773167039
3509.67230677126,809.170376583985
3297.56478877196,4771.36563277271
3829.51484463084,8963.04813417171
4362.28671978833,5785.24397892374
4895.98360787216,5641.45966189672
3872.78405407419,5946.98738135583
4627.96566334586,4628.37712932983
4313.94251227935,5737.16449106788
3508.39993468233,3721.39955085552
2402.77526274623,2555.15525176701
3014.17218349003,1481.14889735282
3765.31467824284,3982.59808568821
3774.18985670376,5566.04427342406
3909.57994203073,4354.56186234507
3996.98246490193,4614.62376226055
1954.16523376671,3410.01824614383
4266.87998823748,5479.37586098682
3774.61267230559,5116.78932239693
3718.6691493369,848.952598686323
2907.59364347119,977.221827950673
4536.37893425638,5528.3078250306
3870.58857158471,3064.76539004139
4425.39305974723,7629.54788015922
3527.65631465874,2637.90210459777
2718.09730210874,4187.53319211901
3838.87540976922,5262.50566507006
3879.75039943963,4686.28884750377
7164.42889983536,2242.69418616949
4855.67540267939,6626.80838705474
3650.31128226971,6183.91867613504
4491.60628286646,4902.30614437737
3398.55462822308,6719.04664887051
8049.51244131046,4151.33170829008
4450.52933332715,3507.31427962803
4800.61274407513,6416.5313502262
4040.93752411344,3043.90826616717
3805.55011020198,5349.96989109145
4267.77075380278,4655.14471248802
4384.53226276433,6453.86946897234
2820.49905256934,4404.74420936883
3965.90674225889,5225.11046086492
4346.77955370822,4906.22770398384
4740.45456691298,5219.37062367511
2063.65929552037,4653.55350817498
4348.07505957031,4315.85961255619
3758.93625697868,3976.68741497661
3846.90879667148,4452.99453074648
4077.23966765371,4254.82214835992
4652.19420473068,6256.03833077409
4800.14036598688,5369.91766474638
3784.80007014589,4021.64157966541
3773.22506458618,3875.12942340813
4315.36108387225,5046.14712400815
3921.08164878513,5043.1351260486
7671.37359199014,1113.50437566688
4331.56538060655,2838.12047212083
4408.43483281418,4982.49556864441
1916.44043362091,131.508654800647
4161.54637463809,7004.34201309013
3432.32823092378,512.565484366738
3891.97596282409,4800.91814062016
4298.52625151602,5264.49477617518
3731.45918148837,6313.43839409318
4967.92715897049,7375.11249222603
4442.18588824576,4993.40734842067
3614.61127539214,4685.37928585685
3417.16498755316,3291.41030796195
4238.9853881635,4391.84331848745
3549.86995312914,6836.68836280171
3938.66347104723,5474.88598392174
4602.82541865441,4835.8130017206
5031.09450053047,2013.32142901868
2510.7472876577,7496.44826963817
3877.28535636388,2002.40964924242
4116.2466510966,5433.79671623566
4559.78034896163,5739.09693956923
3284.41467953371,5426.1244305445
3746.5118668936,3463.83799404476
4379.98563154708,4257.1520807981
7954.41393515291,2079.24625421684
4640.08762931154,4570.69290728144
4169.0881104946,7138.63492113216
3831.8076918325,4488.40062384651
8158.62977508308,3389.38840696753
8373.69783331257,1183.46419139284
3917.31611895489,6308.43728502851
3936.50551734538,2960.93391721086
4130.1386041158,3980.09731972824
4046.98118115094,1765.7054277335
3917.21134288184,663.851570704584
4287.6198589601,5012.95763813878
7664.0999337445,4283.80633874877
4939.62736880623,6731.54963295981
3374.39780768153,3906.55729429793
3900.30337415687,5196.46709180913
4167.42172828036,5203.57106004169
3963.45076898681,4521.19262577906
4241.31867341703,3999.30678811329
4467.03492177921,5953.12512533771
3770.20687437358,5203.91230423001
3578.35750050841,5733.92499698278
3672.89505344544,6363.56407851318
7861.21627036038,4570.18167528185
1596.46496394416,1064.11752508583
4557.19727085058,4785.28941050853
4812.82400356191,5824.62871708926
4806.81456212202,6850.72546574505
3170.31124597695,6016.83334330522
3833.56141255771,4126.32574011147
3677.17483794057,2505.0864413784
4775.75812062348,3581.42262251695
4069.54249265655,4596.66509971074
3834.78631826916,2115.67523417131
4527.55166333749,5056.54767178482
4199.67469962657,3880.9259232017
4321.00882642791,6467.22492924955
3721.94733063777,5103.09261793141
2864.10714260922,958.637868197057
4133.86667602288,3908.94431219512
3671.64618097299,5542.51576149572
4593.38958850021,3073.23327788908
4627.91249252111,4540.11751257955
3744.16623682775,5058.19553870162
3931.55051226287,5140.43115953279
4003.10583147386,5000.45465404947
4290.30757710573,5807.2379491428
4419.00708013452,5343.03633352542
3604.12312340498,1141.97701691469
3752.43810495447,6136.80541252985
3966.4895778536,5635.37900337385
4632.09040423004,6705.52035507151
4189.70447881064,2578.45626756981
4274.19424082232,5081.38280644165
3317.59953330607,5441.46900192683
3946.16641871566,4033.2350021078
7429.15470401199,3234.74918419562
2891.02300545341,2001.50029902312
4713.14127078198,4590.18611154054
7766.47665654812,7547.93766224566
1876.48740700106,2878.12997892109
3147.70848824606,1757.57846693269
4844.87323420082,4476.86386400789
4261.40829884837,3255.94734083053
3820.41524134359,6061.78750799401
3758.91925060882,2736.78934239501
4296.71714236127,4889.00734670391
4266.42980651079,2761.96593266778
7487.49963824717,2752.81597929872
4062.26312065847,6086.11141065125
2210.94030585043,3857.3407486696
4715.24534958119,6321.73565984671
4373.09940658101,5344.0025577761
3564.61762682305,4047.10211723986
3111.26436262633,298.480318853058
4045.40738620612,6192.95509286896
4373.11861011172,6180.05420198758
4200.6070373299,4216.11989857104
3460.17770695401,888.621178439704
3269.4405508012,1867.03634603169
3331.1637207131,2661.08958376542
3383.22366575703,764.614277257984
4603.97840963923,4474.19268738139
3724.24876767539,6145.50058507545
3770.55379495624,3476.11348200852
2161.42789244318,1992.35034565406
8422.05431742409,385.944359875271
4245.1532792153,4684.81096839824
4554.04503216375,5501.02858701756
4338.73432933257,6283.48797945366
4097.08530614053,5139.46493528212
3823.82601532868,6164.76671606426
3285.01493279701,906.06850327611
7562.5302165792,5387.30843269284
2674.82147730078,675.558952637368
3322.65065570794,1510.92868989819
3953.44888525568,7872.50359371279
4833.20776426143,5949.65855798232
4159.55578536039,5019.0387195169
3043.46440535896,1038.48647113104
4268.5243050704,5268.24592511512
4251.03368616971,7449.504570989
4062.31942689218,6793.43915048873
5203.55779832933,7014.23048315671
4929.55903333308,2684.44747359961
3829.9765456782,4129.28065261201
4235.61508042482,5186.29446301325
3761.92981921193,2031.05280687058
2452.35825694158,4750.05372807503
4646.68378757551,4235.4426921636
2574.10193506264,4739.42652988332
4357.71028366793,5173.79147892395
4074.67841062118,3952.76141911145
3587.94081383467,6783.89150175522
4681.7007899109,6590.60690322581
4259.63245608203,3768.17199312765
4028.30876825169,3437.58164288617
4568.23656779182,5044.38550902858
3868.86205262772,6756.55560113843
3374.30842021206,5969.26551030419
4478.83678291949,7055.14934017626
4256.07002714689,5619.52277713667
4119.14318289083,4708.22573226381
3928.20190900778,3124.83662998697
7054.74991432592,768.081003184092
8810.19529487906,4738.40322017363
4572.15339161328,6394.25322127784
4712.31750105382,4468.50951279534
4799.865906156,7055.31975084279
3888.8109320236,4930.55160664108
4622.92161453867,4752.27033530569
3696.88040453186,3465.71335708711
3750.38881095241,4912.42211056948
3226.8751498986,4950.27230702572
5017.69841261886,6262.74439221458
3290.69359142739,3374.95297437686
5035.41014324933,3957.08046265475
3698.97348861244,4730.84468254524
4115.32462325474,5423.68075004355
3535.3495729345,2379.14725026604
7816.31654807226,6758.317216118
3886.87603344827,2609.5999797303
4049.41901480758,5048.02290990575
3797.02485233548,3145.63709125744
3834.20015107576,3247.53632701423
4267.61215495933,5938.74677820606
3704.21317851015,6530.47857782122
3925.36943473683,4696.34772823687
9265.56252800361,6873.68566021478
2258.83312394381,2996.96520180088
4157.74551789114,6080.93989092004
4324.14753958125,6413.5760148704
3685.74128280646,3874.04945109468
3736.90961089817,654.531206668989
4589.26892030995,5010.17271344951
4472.22636977539,4513.69075075443
3915.14058625864,3045.95403987605
4466.74173945141,5848.78220907997
4370.758464719,5549.33557099898
3345.0135544747,4201.62780337661
3082.05469046901,1623.68293711368
3034.36905234384,4721.92201387409
3315.71007826417,6262.28982281875
3577.22751651302,5326.32763110034
4658.86708201465,3008.50196163951
2807.1997654252,1026.55180450034
2158.59266120659,4619.45446065869
4385.59490545814,5149.18341753741
4193.93765371929,5807.92001466418
3957.41945657348,5525.46623773757
4151.94468296828,6509.11001051978
4912.4447672358,6068.03900003866
4815.18980724774,7522.24920569042
4501.3076788772,8020.60695428311
3119.7196970019,5783.93693334
3889.38065185537,1649.20034871951
3714.19388438675,738.073873083901
3313.76075099797,5315.92750617892
3594.7000294243,999.045176075574
4070.92986354761,5350.87902988312
2487.01433307066,3761.80675302023
4821.59717844113,6582.36630007604
4674.60621726322,3041.52124826998
3358.28163858247,124.17736222749
4350.83085970191,6798.04277561658
4333.06785568539,7311.46093686229
2188.62151804007,5709.6577569293
3969.75615690694,4772.95725994101
3732.02675320393,3768.96738385655
4122.76224896407,6219.09769596478
3511.84344047767,2305.8911721374
3719.04964528736,5572.522838739
4788.26276978922,6949.21521960547
3001.21763027696,1775.93514198839
3956.92356903468,4945.3278605648
3217.39253948501,2383.92107463279
4104.26024048234,5755.86230459807
4364.0140085396,6557.81490129326
3357.55935511791,2355.90310849463
3425.92532980723,3247.59320104562
3905.29823126026,5420.72541468775
4950.85425992566,6861.12601352172
5513.5506986017,117.471208287417
3591.10336149681,5229.77074859652
3701.292540367,5593.03935270779
4407.76022712959,6574.46651825933
3043.84206106398,2409.60910833278
4294.70405958996,2615.34002834774
3632.91080735496,3124.89350401836
3610.98558947165,5190.78391722308
8012.88633460833,2157.1057460457
4256.94520439724,4590.07278633302
3960.37981224215,4448.95922307724
4197.3311673262,6570.88620284117
3441.43588561596,2795.61019936061
3659.24747865012,6919.8897850283
4368.9037582794,4390.47961029995
3469.57833815519,1578.1606663939
3634.01838331245,4301.76500129858
4279.76419657668,6113.61814478982
4429.26042325144,5200.84322081144
3660.0926012128,5387.53550596313
4242.34106061261,4170.31325769433
3924.70523615582,6535.8209310742
3729.4958416765,3692.0174536746
6996.72273813975,152.706890720917
8035.70578092605,1946.20309487192
4784.12660329747,6353.50477492482
3757.97442424822,5596.05135066734
4734.23107259975,5671.58048720278
4916.73018628241,5400.77721817757
974.165182595243,2622.89856597613
4191.81627324877,4819.33179542106
4366.48166677466,3327.89637337543
3769.914098257,2579.30874375771
5643.74902434741,282.226450108341
3883.10901989491,4580.24055601495
4054.98124322677,3407.68810227803
4751.35324738944,2866.19531229039
3763.20906912999,6994.45312016831
4129.69230537927,4511.36081831625
3937.43202270004,6223.30341430056
3950.84800668377,3892.51976849934
4069.08732791546,5149.52423887047
7956.32506338958,1297.1845571452
3271.45069934075,1328.78294441534
4137.81764106027,5412.59855960075
4153.06080660332,5803.20306432881
4022.32711371245,1529.91055644388
3920.98231362792,5467.21369823058
7741.88470825396,8297.09339789436
3708.41602661674,4330.97668781297
2871.52573329821,844.576522540922
5011.03480431058,6495.92496090909
4092.4322101504,4928.33499941042
4506.84238174766,6342.2521738155
3528.03960448339,6074.17674402054
3152.80618426995,953.409368720655
4158.31605037269,4962.54779498948
5116.35778597355,3533.96832615107
4036.85498860014,4477.60259213302
4849.86853380133,6842.76902132458
3439.50517499264,6344.98001304575
4317.15244286981,4345.80960434046
4160.36754655333,4433.61465169491
3980.69392562268,6595.83508556078
4795.67797978946,2216.83574180297
2952.17211819783,3444.62873708734
3513.77968246991,6413.68976293318
4385.16330923848,4576.88773672234
3919.27661854656,6753.94108711569
4008.3211025009,5148.27385589049
4565.34032140586,6015.29922445118
4468.15836463386,5506.88217227014
3772.22334364283,1249.38901659101
3811.48646813728,1949.32884089425
3620.52689829947,2521.85180640724
3947.88599423708,4684.69722033547
4396.7425556456,3787.89269351229
3889.63788765059,4670.94427612144
4173.31580341156,3474.92018448755
3588.80477779111,7535.20718203081
3997.5413716428,3194.00073784261
4832.10482179287,5454.08573407891
5241.20686469182,3782.77783638485
3978.5139650673,6590.37940710027
4970.42101113765,6764.51204555889
5590.85763593764,4854.28331912526
3001.05714258608,1159.02654067284
2501.41404945167,583.37782913752
4848.60634627771,6588.90195085
4734.60718723168,3773.40059831787
3530.21276867265,3801.19106833049
3961.05501468475,2902.62450367248
4582.67422434512,5681.63979079113
4100.5186045191,5914.59328621536
4423.8445157144,5560.98607890038
4456.64011431253,1893.57685591959
4146.66996618642,4791.59798801219
4171.74830654934,5062.23084637087
4006.96812968462,5575.59192215757
5049.34817598254,2943.77064538995
7965.78569262185,4407.47204859908
3405.02747563882,2866.82050378038
3296.82003211884,1148.39902533969
3122.30539877065,2579.64956509078
3652.30997740484,7111.12903270408
3887.1127334641,4944.87329116897
4849.08641816208,3014.01472555903
3402.94337891817,2343.57053507185
2167.46353324091,1052.75117591373
4604.54098900193,6636.52686931003
3461.66011861791,5586.21954320453
4557.03554902035,5767.34197897769
3855.69375639076,5997.79470844195
3792.95080055698,4131.0993530506
4169.59389731046,5818.66138377391
3542.31176321717,4608.03144888283
2260.37423895632,115.709434737123
3994.06723662816,5629.63874332879
4107.58185526824,5021.70947328814
4450.91138789377,6416.41760216343
3971.5086454595,6127.14401573357
3397.47341816255,5418.16798612403
3829.39580239179,5086.32725290256
3983.04323090111,3504.58622897015
4726.41684633927,6191.25014049314
4039.29365060634,8137.1120332971
3951.00506151809,1312.18809576684
3876.21240870909,4924.47052526296
3831.11680250128,5404.41461905474
4158.15911822556,4596.89259583628
8740.52347185126,5575.02360469897
4286.10065126238,5600.59789033618
2996.09499528641,5743.245572446
4124.67218416739,4006.92198834544
4286.0434170029,3107.44607346814
4460.15573967147,4006.01284955378
3730.89231787161,5052.73986024112
4142.76432878097,4931.97240028759
4059.86679119138,4422.9874535032
4155.26462635594,5784.05068140277
3994.17256917846,4891.67852333041
4381.6094566014,5313.31341501144
707.782423792508,2500.3692796154
3629.22574616874,1918.2986653689
4223.73947572922,5384.29601187803
5046.54294234254,4824.27624188197
3847.0728602877,3528.62618432571
3984.75174176646,5158.90147693745
3017.43587270528,1877.43668238074
4185.07470939901,5610.25928713247
1327.23424967102,44.4992558525141
3052.53621590129,2680.24175526383
7979.27375904493,3742.54062203142
4508.10633248909,5206.5834808565
4441.00642042766,2455.13137905256
4861.2537387198,2042.24874537614
4305.99900978216,5102.92220726488
2698.12970107899,3845.86107428998
4042.52854601747,3745.09805059514
4573.58219204548,5140.48782213655
3734.72367454514,810.477475024632
4698.69129956711,4837.63170215919
4533.04716624012,1793.83714193444
4230.09765989346,5212.039159317
3885.18776686903,5713.465568473
4279.64175573165,6101.51264463734
4884.16137751185,6376.00997714347
3725.06515662147,5284.95420468495
3812.59500697679,5590.02693189298
4273.96157863578,4547.78979827072
4543.53726075983,6336.39858856292
3929.43492286764,6196.42166022435
3644.08639328526,6319.57613807506
3610.68622155164,4508.00757616838
3648.32625542669,4309.26687632322
3599.32387797835,7328.96460716102
4093.06613374875,4679.07113120844
4397.33350257201,4960.2178625513
3352.30702298638,4347.11707277945
4111.79343849686,5542.62950955849
4297.09187357729,6990.24740183253
1697.29455840247,3679.28697345975
2985.77829264075,2936.8939618553
4404.82105862365,4946.23699935647
3781.25563294091,4370.87265797808
3883.82171953723,4872.12865646755
4005.46250149267,4106.77545039336
3857.32880927051,1200.91151622925
3861.61873838049,2106.1275854378
8343.08471447683,427.772540685659
3618.21086210535,5666.18147134603
3573.45011940057,1356.68737391836
4286.35708364611,5504.66598789474
4341.2147746579,7080.09864575111
3786.38810708389,2034.00814222637
4549.33369526176,5888.67775638982
3664.43548973617,5581.10468607709
3082.08078199103,2869.3779323441
4317.16546772779,5139.12411394905
4250.2812174661,6157.20775558061
3995.1185490982,6123.22245612709
4226.48891147825,6647.60905975283
4917.45065988811,5356.67595253193
4263.2001847119,2101.01272831036
3185.69604400476,2396.19677402418
4472.28796752463,5463.40588668687
2584.56543539705,510.860531990924
4303.39279543474,5224.14423661424
3248.4002455659,2475.93162889539
4043.93438818843,7551.40422960105
3977.2279290928,4634.9698655628
3841.81294277711,2635.51529812821
3966.34022965754,4116.09602585658
4464.24613228312,4876.50436261461
4707.14612402668,6877.20931302918
3897.098132009,5277.28191899379
3589.08016694687,2647.16580602961
2206.04275278993,2741.10859736594
4414.08658404962,4754.94151193218
4038.61158344907,6619.81816688495
3718.54157248826,4363.71160428651
4522.75995526329,4801.25938480848
4729.47495648131,6347.48077900571
3394.00837127211,4755.90773618286
3399.84530177666,1528.26237238564
4808.96241797314,5419.47503170777
2493.2636191783,379.181397974945
4069.47856818863,2058.72995167568
4331.63280789313,6257.51578702436
3682.98890653219,5840.8257646595
9713.41633318674,2176.42853963827
4187.55059991457,4509.03046302282
3588.01752935768,1593.95991288588
3705.34183037923,5246.93402041744
4668.076333053,5909.36468102514
3484.45887047278,6092.59039882144
4039.52249201031,6762.35210093199
3460.78712662311,3495.83418239316
3178.37722557295,1341.11551783811
4063.34993614566,4828.14071602944
3684.8969061114,4039.25942088216
3326.67075739154,1736.94852204257
4933.15344650169,5224.31464728077
3783.79749773001,4221.85973576084
3466.65472891941,2459.0527272314
9164.48533551822,1827.70890475281
3836.07222297722,3875.81106607426
4569.08318569976,6372.60007239184
4922.6841516916,6443.58309211369
1968.16322901778,2843.91718334203
4537.76168717969,1914.7750125545
8156.89550812732,934.370733857393
4138.46820066437,6125.55281142052
2852.81906587293,734.209293222625
3358.38030510155,4692.31284342288
2928.44194834879,4072.278496085
3851.35965659496,4504.25685008369
4462.66969078687,5139.57868334489
3660.81883936388,5510.68998381385
4421.778747496,5333.4315993329
3874.22410555366,5889.01900057814
3687.906351499,1102.59270160443
4283.14898207746,5437.32036905006
4662.58617848743,5581.10468607709
3917.63921444137,6534.11597869839
4102.73083775662,4014.59427403661
3953.5061656343,6799.17941053379
3738.44046006898,6723.93400987241
4493.35989457389,3887.00700457982
3826.927179014,2959.05834274089
4678.26928518896,5920.787692801
4035.43102690527,4204.5260532734
4100.4507242238,5242.1033220193
3532.36056224699,6235.18099547224
4279.74402134269,4396.50360621906
3630.13381177813,7338.341845228
2807.18503085706,3353.12962625196
3895.86889433184,1471.26021585862
7608.65349773923,4406.61957241118
4128.27450449353,6165.27794806385
3622.69932319817,2369.54272750114
4354.97043328341,6825.89033108822
3634.98054978423,5947.8965201475
3772.55059268806,1643.97184924311
1844.1070532488,3828.18614761422
4173.44588139175,4984.31426908299
3088.6586501833,4882.18753720065
3647.81427681783,5557.0645192939
3386.6574763686,6635.21982372629
3405.91287571678,2747.64424813989
4437.87154015666,3213.60769016447
4317.51421435736,2792.59820140106
3160.18372934165,1706.77092841894
4163.98675799134,6102.25179561772
4253.8436083093,4870.99202155034
4496.83519966272,5460.28014066455
3903.80112597219,5911.12629600472
2161.06882225561,2037.24742488384
4050.94382740778,3111.53804374115
7275.12943971157,2082.826569635
4639.77087255408,6521.61299460908
4735.28419764731,7080.26905641764
3373.80481171845,3879.44846695143
2822.48287065501,2502.81317154398
4273.17768243311,7726.2185107258
4712.60924841661,6759.39718843145
4423.48804451054,4230.83906703575
4489.18180735318,5196.92208406022
3671.73953747885,6618.68153196774
4601.0506922162,4939.53093791598
3799.54218885928,3971.57255784917
8907.82827512857,648.734336877076
4572.12052563983,5641.45966189672
3279.3701086798,231.248368785796
4189.0342841082,5580.649693826
4126.4167582679,5690.67620752505
4157.86330189322,3454.51741858154
4588.24425293903,3540.84500968572
3994.53095572466,5069.39147720719
4517.47711215801,7303.84531377488
2976.35419672704,4959.25163830062
3746.94376930302,6679.1506787054
3856.36148981027,6601.80241887613
3331.84396631337,3875.52690734495
4078.4065706257,5748.4170921772
4214.42559145442,3528.73972096086
3706.52548090289,2816.06962787039
3954.45936670167,4752.66824209776
4353.95935473953,4741.81312492526
4113.48749008051,4443.38979655396
3932.05914105538,6068.26607330895
3335.06680089523,2470.87364579934
4822.27580200646,5471.53274177387
3374.71548953967,3234.80605822701
4378.88188671199,4319.26951730781
4254.48344670684,5599.74541414827
4046.78076106691,5360.99499607523
4481.67749850494,7148.18299272092
3951.34262674879,5360.93833347147
3365.31527456374,6122.25623187641
4908.64171272112,5457.26814270499
4079.95480208125,4924.12970392989
4283.95349167303,6048.7162064461
3496.81520757756,5843.61026649351
9777.8824817481,2784.52800891782
4408.12395824966,5108.66204445468
4555.06244895915,5689.3120764823
4091.28679478412,5557.46242608598
8030.96200859636,1235.23795415727
3909.70545709792,5526.31871392548
4501.48236874882,7088.73715569295
4672.18019274287,4580.80887347356
4522.09728602897,6913.63829298365
3967.86376679394,6492.91296294954
3474.53715357233,5253.29883766961
3698.98859166582,3647.57494384065
3761.43725774956,4869.96871184065
3944.64681817176,5768.93360614599
4584.99683725487,5649.7573505055
1955.22930381656,2929.78999362274
3390.71815400678,4660.77122447031
3520.91272270388,3486.4000702948
4562.08986574821,3885.75662159984
3838.64102433535,5378.72658535475
4154.63482266604,5862.99014554509
3615.52751889988,5905.50020687768
3453.81370135524,6550.1426156021
3839.31261781475,3146.71685214326
4706.01213584982,6438.35448692347
7324.78284533156,3121.31297717257
6441.11683477995,4445.49265572185
3001.60490507832,2292.53571186019
4054.42700378109,5432.94424004776
4607.90028018194,5360.76792280494
4296.19975021224,6534.51388549046
3736.24804545015,2635.2311393989
4363.91145521856,5290.3532205417
3632.93758746789,6098.10273988571
4318.95574870639,5706.92991769905
2873.9960398814,2444.61750606837
4492.07207912786,5927.38042903396
4204.92117652705,5983.87093070613
4131.13623220589,3342.16118387194
4303.67604268112,2965.36670881693
2273.74389440262,737.505555625296
3638.26515867086,6492.06048676163
3179.39447259449,76.2681991456791
4404.73870904345,5626.4563347027
3033.33511810466,2139.03312400549
2537.17448107397,1767.1830954114
3518.60312030814,338.148872177985
3551.3059082543,6034.50826998098
3849.45470274022,6692.16489479429
4289.49769047057,4754.25944641081
3622.95153500235,3877.51601845007
4865.84478922243,7139.65823084185
3604.43014398247,5922.15182384375
3779.02987255883,355.766713394735
3278.8455301084,3926.67547861939
4680.29578971077,6428.86350079372
4285.59708432226,3864.3880542984
2319.15126801088,4844.84941845452
3895.60921241595,6171.47277750474
2811.86212740808,959.945019494611
3926.33969443351,6222.45093811265
4214.93583175037,7258.54990489778
3836.17081430561,3965.4918993263
4609.97060709151,5902.31737539634
4336.400206326,2619.2045024952
3552.90886276298,4280.79434078922
4645.68174192312,5096.04573515786
3063.99227904139,3041.35083760345
4155.42895884367,3575.96694405644
4038.94725989168,5760.23801074513
2919.35416976715,3408.71120056009
3782.03204541823,6372.03175493324
4186.64003825764,5946.87363329306
3439.36206913545,5534.61597967901
3099.68280056202,2509.86026574515
2777.22022714119,6324.00892968113
4231.57432827491,2784.13031355337
3713.05101636264,3032.93961235952
4481.89481547983,6506.32550868577
5261.27773109161,6923.24302717617
4459.62946460451,5290.41030600071
4027.32389783207,4430.43224306882
3775.7768158724,4979.54065614386
4270.54657623101,6339.580997189
3768.58349432518,5030.9733861476
4174.78867541171,1871.24206436747
4001.07157020702,5873.39027046651
4425.5003631002,2385.79664910277
3393.79861944197,3291.29677132681
3420.90414777398,361.279398028893
4237.6690870691,3512.0312299634
2858.45610500365,1190.73867600575
3812.71032686822,4468.22535406604
3070.99511938513,4326.94180299898
4470.23763728393,5875.83395096746
4509.92538491725,5986.76960345817
2247.71499050312,4713.05643066196
3838.55759754441,2782.08432841687
4122.29293817259,3673.43338820717
3768.62510331538,4933.79110072618
4385.75375216012,5602.75741210783
3903.96885932565,4925.2663388471
4205.95821598449,6373.50963403876
3682.27129259634,4964.48024349084
1618.57552076417,1938.18977642007
4580.55582958592,5504.15433303989
4229.47986091527,5333.77284352121
4704.95763783065,1130.09922431537
4092.41720052749,6295.42264608436
2919.08388402818,2551.00640746262
4108.15271126553,6268.71172552993
4684.22492942465,4263.85856509384
3716.76267883042,2024.80131482592
3863.35710670554,4819.95677548343
3345.69576223121,3360.51775321382
4852.45771813799,5215.67656019418
4060.58404992471,885.836359464252
4153.17381386652,3850.06636977051
3837.70942943937,2141.079109142
3746.74092976585,4207.19722989989
4533.07116816358,5432.14842646361
3572.87558017537,2813.17137797361
4620.84629770108,4599.1658656707
4339.48410909598,5246.59277622913
4607.11823825563,6096.90944236474
4116.79722516056,5189.47687163934
4419.5200373774,2869.3779323441
1569.31019724525,2134.94136516012
3979.57578055397,5823.43499671304
2885.46392067183,2022.13034962706
5122.59048202798,4095.80700801334
3569.16051579372,2271.56483992319
4621.10818005508,4799.66818049543
7913.75096302424,3438.83202586615
4291.92936688476,5731.14049514876
3704.58344445253,3783.23240578068
4190.1496398417,5664.647352492
3336.1347359354,4465.55417743955
3785.69172231489,5582.01382486875
4467.31763695959,5571.89785867664
3533.46248878663,6789.80217246681
4368.0711975081,5603.32572956644
3202.96753752767,4.14871711745968
4132.31585455829,4385.42141577627
5235.91911782031,5298.25300235841
3676.68431453526,4040.62312906966
4458.99167420538,4139.68120038868
3757.44649801495,6174.25727933876
8230.1713210161,170.552056278264
3840.56207311112,6383.68226283464
4701.77144608509,6055.82017467866
3501.72159200396,5055.01313007554
3693.5233881525,5620.03443199152
3839.42490670802,2835.9040763178
4236.78561073564,5315.98459163793
4408.31485104101,3412.63254873894
4225.85106191409,5354.97100015612
4060.06359169824,6499.05070693142
8608.39262364424,3997.43100221569
3520.62969603885,1633.79890330579
3755.38176780735,4304.94783277992
3877.08574335615,6012.62804782469
4930.40024476895,5939.2013476019
2338.20059393228,2420.91858347349
4096.22026428397,2626.30847072776
3251.35169934629,4810.52287481269
3793.5655472009,6074.57465081262
4431.38170544442,6279.62350530619
4278.25249308651,5849.97550660093
1597.45727235787,4023.68735337429
2466.69942610708,574.227928625363
3908.11904349061,5963.6389983219
3875.09335090087,4048.46624828261
4202.62135601939,3655.81554699042
3104.97137845548,3678.32074920907
3827.42025459621,2419.66820049351
3534.65657517534,1318.21230311358
4333.55371661304,5657.03172940459
3887.04519340946,4559.21281004658
4627.3974126167,2278.95296688506
3760.56752984409,4735.50497027685
4067.000187608,6882.15375949009
4601.6298087849,2836.64280444293
3548.84753030903,2623.80791619542
3257.92206860982,3244.75161375259
4480.96947688955,4529.83113572091
3784.11675173535,5430.72763281709
4127.75524768894,1454.38110276701
3684.33955266571,4486.46817534516
3619.41092011198,5343.43424031749
4029.43170561428,4744.82554574007
3012.7687465973,1994.39633079056
4754.50983853162,3048.73896456531
4482.44106192567,7510.2012138522
2708.73609557937,3737.76700909229
7761.93554967214,2887.50721698807
4305.2082540441,681.355769572375
4136.16989594126,4410.37072135112
3787.49171044704,4217.36985869576
3552.99803117996,1435.11518320583
3658.01568995044,4779.89039465178
4040.14725925941,4663.84030788888
1776.05600791219,339.399175872606
3545.94432977359,5967.50347246937
4266.62365455127,4781.65243248661
3635.52845074957,4963.45693378115
4063.31064741922,2098.39842571525
7539.30088071623,614.237488282525
2006.65784728794,178.281176358134
5243.97011842304,5102.35388980627
3972.22135376452,562.634241898443
3698.10799423251,7612.61168160859
4531.16922392713,4333.07954698086
4453.91080738712,6006.49030384281
3754.23107352675,5465.7362419803
3183.39281067893,3204.62835888957
4847.52975613801,6180.85001557172
3978.67480355351,5532.51354336637
4129.11989503453,4526.98954842788
3982.84140891653,4614.90792098985
4767.91094753643,4872.07157100854
3618.86726219434,6642.15295843707
3823.28807422621,6455.11985195232
4232.20117274356,6221.0868070699
4107.24351186454,6523.54544311044
1645.22992815854,2726.33234344221
4177.57014040436,5732.27713006598
3671.02410894463,3457.3023432708
3794.21239440126,6097.98941467819
4591.70974976576,6896.53210662175
4724.78347629842,4192.93220797576
3845.8210683375,1260.07340595554
8924.95224147932,4232.43027134879
4901.19789366463,5431.06887700541
4420.95038592505,4514.94113373441
4558.7859566889,6908.69384652274
4066.50511771822,4110.58326193707
8436.3174322527,5683.97014608456
2387.8102262774,2312.25641224483
3795.66296243624,913.854431316233
7964.24987469977,2820.90032626853
4324.62467358058,5912.88833383954
4121.49270870466,5000.625064716
4416.11586814088,5328.48757572724
3495.14618280903,644.0173336848
3734.54050467769,1353.84578662534
4784.72790582052,6438.97988984109
3832.53656656995,5948.97649246095
4570.28976362472,5481.81954148777
3171.09023122918,255.856509457695
4471.90291350521,2989.40645274486
3940.49381391776,6438.69573111179
4326.21305567552,5865.20632992049
4687.02839727342,5337.86481379422
3963.44109699053,4886.56366620296
4030.94149072607,3568.06716223974
4120.79241339819,6955.40962619111
4499.68531171967,5125.71156821283
4063.99869416454,5088.08929073739
3851.01520898485,6879.82340419666
3457.23944397406,5964.60522257258
3059.66243234517,4559.61071683865
3973.45117943428,5414.01935324726
4757.37845863182,7153.58200857766
4625.8110884201,4938.73512433184
3663.58914740414,5482.95617640498
8804.46874134872,7720.93366578708
8440.37591519948,357.357996993138
4472.04672934817,6536.95756599141
2997.93846201683,2688.93713923706
3569.42942523695,2157.38990477501
4579.60214614381,3665.07903699463
3984.09863191033,3729.29890981698
3329.11507861353,4488.74144517957
4593.34591681761,5044.89716388342
4033.76028218341,4403.77798511815
2930.15489578203,187.942573154417
3656.71660833387,3751.06538391049
2088.5478187975,317.291616161497
4283.42630331778,4430.20474694328
4533.11969999449,3920.53773463751
3194.96612806315,2617.442676088
3888.61815285825,7002.57997525531
3989.31558790421,5563.77100358964
3578.04045650551,4950.27230702572
3724.92584425136,2137.61233035898
3988.26590702993,3725.09361433645
3949.78109169384,5834.91509394791
4620.85135459763,6048.77286904986
5074.60514668631,7104.30922320083
4141.51311971036,4574.95528822098
3456.45233744129,643.33532102033
4378.23771110932,1352.87966808847
3512.30691241559,1101.45606668722
8174.17653386714,1653.91740476869
4902.42851783202,5997.79470844195
4758.46071550076,4306.36862642643
4410.99002540123,4569.21545103117
4014.8187339968,3769.13821737833
3072.81126485609,1773.66187215397
4314.91047131112,6790.3134044664
4109.11255615998,6386.86509431598
4241.7447580402,5406.68788888916
3649.82640102297,6307.35731271506
3674.04626513216,5315.92750617892
3811.64394598245,6187.27191828291
3861.68022691881,5221.75721871705
4027.35347496228,5755.86230459807
4279.51097511318,2658.02071177448
4293.72066106756,6955.18255292082
9012.54395946734,2660.80542503612
3596.60040335354,5605.25817806779
1816.54263075637,2805.2715961569
3543.347835101,4835.92674978337
4638.35480191022,5421.35039475011
4451.7357560176,6837.76791225991
3634.1108408364,4245.04700350087
5320.83066084202,5826.27658400606
4816.88463178667,4396.21944748976
4640.72130776176,6216.82442613036
4132.94865493407,5650.95064802647
5232.0057573492,6619.64775621842
4031.47008418202,1867.26384215724
3738.84954837734,2212.45982422829
8611.70025409919,1569.12446108761
4102.73611199013,4696.97313115449
4483.70455451285,2519.69207320797
4062.63278381167,4593.02769883356
3666.39960411985,5376.68081164588
2619.34435036995,1078.26869323338
4665.25372891546,4647.64326031864
3665.9260326093,5687.32296537718
3014.64080012661,1296.72988203555
8131.67515041504,1682.27640366755
3537.87567321783,4477.60259213302
3943.37505052616,6597.76753406213
3634.34570455664,5052.51236411558
2257.44190206237,1982.23437946194
3436.73893798525,4651.96230386193
4113.63897634922,3848.98682031231
3831.81333875528,5757.16935018182
7980.14171865345,1721.66082469163
4616.22607010533,3255.43589740331
3323.68793871931,3540.73126162294
3408.3265319735,3333.8068326594
3740.46517710142,6122.08582120988
3688.11627647634,4428.95478681855
7303.42474325781,5144.01147495095
3645.75816911994,5079.16662206624
3425.08663680912,2946.55535865159
4231.01709340327,5661.4078584069
3245.82565187716,1646.0177286658
4538.40079938784,3300.73088342517
3954.1916528526,6073.60842656194
4186.25805568209,5121.96084212814
3922.87296639796,3098.40986816185
2788.97904173354,1855.44271216168
3759.54267353967,3584.20754720621
4456.6481791612,6274.28115205321
4019.48578845391,5490.96928342921
3535.70912359871,6587.36740914071
4132.12901808183,4631.27580208187
3905.34618011536,4847.23601349646
3608.51872138988,3013.10537533974
4637.96534114824,4415.76973720786
4218.52355968666,4496.69788960004
3246.35021031453,8153.08158474179
4620.51109232737,5941.02004804048
4061.35008675206,6257.91369381644
8886.78707300417,3322.21319878938
4161.15486876871,2740.99506073079
4620.20004627291,4428.78395329676
3976.87663999686,5542.91366828779
8669.58757766612,3303.23143795751
8648.820151882,7431.83006716849
4101.0372747646,6010.46852605304
2880.10479340326,1159.36757343352
4529.84328729088,6435.45623702669
4265.28100214773,4418.27008031258
3784.05709756561,5527.39868623893
4626.5377302387,6047.74998219542
3003.35054436194,1593.10743669797
1127.95665271479,5057.28639990996
3948.64214313824,4628.15005605954
3600.34254227365,4274.54284874456
3532.77922263065,1595.26706418344
4379.91142207285,3393.76432454221
5146.56556899315,4371.66804870698
3389.06451044594,494.379325691383
2561.27324337158,6422.95325293738
4241.30302215169,4447.53842943072
4571.20712459544,7671.14837984489
3493.28705599403,4847.00894022617
3864.03578929713,3790.1088778877
4073.04937557784,5704.54289980186
3240.62794391429,5919.19648848795
3585.16872743552,6826.62905921335
3890.54835988699,5919.19648848795
4365.28232163092,6467.7365841044
4174.11343790641,1768.60388905791
4299.17017016657,3771.86605660858
3916.75860899681,1965.63942509963
2955.40166114165,1101.62647735375
4246.0215572005,6426.70397902208
8631.7616607568,2896.31613759644
5182.74850734881,6783.89150175522
4000.01656528586,4847.69100574754
4193.7366008222,4400.31141776276
4904.62279815177,7455.13108297129
3415.63210483828,5666.0110606795
4327.81075129003,5028.30220952111
3130.0154867559,1732.62937278546
3110.79060502613,1550.8246600633
4109.72490140456,4983.17763416579
3509.95234920399,6651.07562710822
4004.93164364202,6852.3737555171
3992.93328476036,4422.81661998141
7805.03967551968,7985.48544276763
3861.17686140635,5382.53439689846
3737.41050492156,6290.53528508246
9062.81717086127,239.318481983675
3388.64272251603,1912.27445802216
3996.14593646281,5004.43287625971
4312.34846119609,5260.97112336078
3986.3952197469,5670.89884453665
4059.69172507537,4684.24265093964
4511.02157853888,3426.27216774546
3914.44514450854,6153.28661882939
3853.15177414648,757.396666676465
3656.06678154648,3620.977771349
3761.90947064954,5036.99738206671
4745.46972664649,5746.25757040555
4655.78315938611,4652.41687325777
8183.5402653383,1776.95802884283
4659.14781205097,3796.64452866165
3858.50702630286,4295.45684665017
4097.64562132517,5026.65391974906
4147.20702970531,3967.93557982725
4528.95940182029,6333.38616774811
3776.31233356854,6133.45217038198
3324.07300340804,5146.85306224398
3780.33338313855,3774.99180263091
4998.96475288146,6436.70662000667
4292.82777075806,6068.66398010103
4067.90411665442,2300.60590434343
3546.6657026686,6194.71670784853
3622.34496151199,4504.76808208328
3480.11172222663,3728.16227489977
3774.42546800235,4305.28865411298
5158.78595270462,5569.45417817569
4042.20017085713,2538.10572800886
3727.85584781434,4680.15068066663
7373.50307191587,3658.20256488761
4555.37825595388,5227.04290936627
3645.82040183223,2033.43982476777
8668.7637455986,819.570554362309
2221.23757624225,2751.11102692291
4711.28966304412,6019.73201605725
3848.95565506966,5924.879663074
4238.77289488892,5679.99192387433
1428.37926126047,1097.13681171629
2929.54073621977,5009.14982659508
2684.43662460313,7014.28756861572
5447.58759065379,4306.93694388504
4151.2857470822,6682.27642472772
4415.11533814026,5465.56540845852
4250.51708779191,3764.13668545841
3055.97742425592,6062.86705745221
4681.37299908374,5531.43357105292
3994.00584912911,4827.9703053629
4121.94837805006,3427.8633720585
4328.50180270225,6739.3352438585
4384.3170206191,5502.50604326784
3650.76951863799,3784.31195523888
8458.90858932551,4816.66061879457
3798.89093112165,1774.4006002791
9304.92259094284,3079.88267672581
3314.32388259786,4805.01011089317
4698.64682646601,5443.91268242778
4500.3879707572,5053.76274709556
3509.88998316786,4463.22424500137
8143.38015318435,4758.12392055827
4088.6578947406,2053.72863118338
3871.38618305755,2307.82340921113
4129.39674172843,6904.71562431251
4619.94513446718,5304.67490506959
4085.17657530553,5608.72474542318
3490.3304829758,3636.94732279369
3249.63652563019,3789.3134871588
3790.35443174366,5224.31464728077
4339.31450974906,6813.3302615399
3893.99346502129,8135.40708092128
4489.13309876075,6861.18267612547
3970.46215982848,6007.85401203031
7941.2908342992,3986.6329705022
4377.91751967129,3683.49269179553
4120.27416182117,6331.9653741016
3726.82813058436,458.063829515153
4381.77599617737,2941.49737555553
3687.83026533532,3979.35859160311
4808.06724765164,5655.61093575808
4512.20223901973,5022.50528687229
4011.92017972364,6301.10582067041
3227.05269074303,6276.27026315832
3802.57528947144,3035.26975622533
4218.00263497289,6332.30661828991
4603.01207228849,6745.35966263286
4196.3536604045,6099.9785257833
4446.07458001319,5134.74798494675
4025.82223056534,4893.78138249829
4653.86273680513,5990.00909754327
4250.07914421297,5568.03338452918
4770.8303612844,5898.62331191541
4874.28901097891,6730.52632325012
3560.48919101709,4471.69192142143
8703.8868340707,617.761035383112
5279.07369973575,6543.26572063983
3936.52185119926,5780.47036598461
4170.21284852699,3809.94332633511
2573.54733999714,174.587112877203
3592.55088688937,6077.1887419801
4020.0823996833,3004.35332876275
4186.23033770151,5872.59445688236
3303.65443907375,6621.80727799007
4266.52257842282,4021.47116899888
3208.44025083904,1500.81272370607
3460.16581636836,2529.63762873355
2621.42706153957,4793.58709911731
7683.41158521112,806.442431639919
4745.01031360719,6106.96874595309
4776.07495860244,6652.66683142126
3509.45048751534,5621.39814017902
3990.24530639771,6500.64233409972
4147.98406781805,6072.18763291543
4181.34211101863,5940.22423445633
3290.14622605737,3995.49897656959
3554.73786922299,2416.03101104397
4184.42935984239,4797.62198393131
3721.44447581266,3254.07197778819
4026.43897149855,5363.15494070213
4485.07184196248,6301.16290612942
3752.14617095635,2068.50488510711
4927.24535443105,6207.27677739685
4088.34325717582,5513.64531916964
5755.6638153454,5842.24655830601
4397.50932628336,3608.75894598899
4728.92634004183,5644.86956664835
3130.67081283504,5328.60090093476
3817.54692766904,2457.74547022004
4547.11832325516,961.536223807654
4232.83058700518,1364.70069237021
3929.74695997724,1961.43391819148
3808.02310289666,7025.14226293297
3824.16650386955,6182.72537861407
4559.64756429538,7237.86382597296
3733.4009121181,5936.87141516372
2530.51323457662,6072.35804358196
4267.4556770293,1243.25116689531
4430.67751457784,3286.75023165797
4490.75609647608,6807.30626562079
3631.75697869927,4044.31719255059
651.793392260913,97.921096961369
4322.06917748112,5607.4743624432
3930.40924858837,4779.37916265219
4194.18983327211,5189.59061970211
3642.01093218133,4660.94163513684
3937.85038092107,4207.82220996225
3573.11879585984,1927.10758597728
2183.69586514256,917.605368828551
4096.15395892077,5009.60439599091
3793.99787980284,4329.55589416646
4006.97107727957,2343.51366104047
4011.92029579685,4339.84227102511
4584.10000900664,6110.09449197542
3662.85965534436,2588.23120100123
3434.54362566925,3203.15069121167
3875.25450634519,5295.97973252399
4930.15773030812,4036.87240298497
4270.85322293207,5553.48420387574
3482.5890434544,3737.99408236258
4676.97806213795,5474.48807712967
3321.51426284992,5060.69630466159
4258.961937436,5845.94062178694
3189.98796200458,1699.95111891568
4404.77640525974,5092.29458621791
3448.60485570914,4599.27919087822
4134.37350944665,4443.0489752209
3921.25361821869,2405.7444227577
7549.31427138125,2232.57821997738
5025.12032157526,5083.14484427648
4152.18161451877,6631.69617091189
3960.17070609315,3925.48218109842
3762.30549927974,4880.99423967969
4408.26053285205,4698.56433546753
3693.6522412963,3133.02035910536
2662.8551968167,2262.2444758876
4814.99709368739,8306.18647723204
4518.34552017508,5351.27693667519
1854.872130291,1519.79448453795
3897.10652191169,4346.83291405015
4861.25214795194,7133.23590527541
4238.75682955171,1874.53822105633
5185.63634340787,5221.53014544676
1139.27521601497,241.705394167053
4120.05621066903,5107.58249499649
3905.35425883395,4368.59938814366
3355.70113860313,6207.10636673032
3917.58593749883,5033.70122537786
5086.10329343956,4957.03503106996
4244.89591020851,4806.26049387315
4171.80644582956,6150.72919026567
3467.86783209712,1170.39288984493
3779.19697822098,4855.07913270941
4144.69459626991,3336.98945271311
3778.84850219604,1622.31891178474
4060.7557813092,4233.39649559947
4215.05258424466,4381.04528677396
7979.26303420825,3970.54967099473
3994.48470261189,2655.74744194006
3963.64791017487,5048.81830063464
7862.97003583479,1373.11170618652
4187.05927038823,6206.59471187547
4049.08045302832,5113.095258916
3969.31866378488,4363.14328682791
4555.02438524236,3738.73323334297
2596.54308897987,3255.776930164
4066.24777559361,8246.91147372586
3776.71221436828,6184.54407905265
3720.2469238505,7500.7106505777
4914.73435227165,7136.92996875634
4374.98499901567,5109.05995124676
4394.6161366812,3718.61462616626
4260.14329906108,6244.671981602
4555.27343305721,5836.22213953165
4283.59049570589,5740.97230261158
4332.78097798595,6262.0623266932
3726.77640285473,3475.37475388339
3324.61621010627,6659.31623025799
4018.94181444161,4721.86535127033
3113.31512793678,3254.18572585096
7990.35508687316,6191.64804728522
4047.01471575671,4736.92576392336
4528.94207866246,5823.66249283858
3792.76943342406,5449.36836088828
3523.35916760453,2051.91014217242
3959.55163697355,5533.36601955428
3926.36712810691,6174.08686867223
3875.27744300063,3695.48402102999
3663.09513937644,1555.93951719074
8621.3135211295,4743.91598409315
2994.86431374384,565.021206938727
7970.02657690459,1821.40053867678
4121.3006196004,5359.06297042913
3643.55225230155,3536.35513262064
4198.01866817453,5485.62735303147
4033.11020296695,5182.03208207372
1516.60537844489,6350.49277696527
4417.74726687695,5547.63061862316
4428.17164018396,2502.81317154398
8916.70361424138,3240.6027694482
3995.93773254663,5806.89712780974
4090.52487305212,5861.6826771061
4381.2095572708,5787.34683809163
4043.30275886159,5592.81185658225
4427.6915008739,2785.66464383503
7978.43332060424,93.3177229038242
3995.303021819,3791.30259826392
5198.85343041808,6524.22708577657
3425.22487946644,2965.99190030692
4959.36165283552,5015.17382251419
3877.36276615705,5475.34055331758
3554.13648011965,2551.74534701538
3673.13685179621,3878.48224270075
3865.33809594324,2921.66313853574
4372.71605117194,5059.38925907784
4100.32675081095,4988.86080875183
4638.83226034264,3538.06008499645
2357.36901394143,1263.08550962891
4049.37384909571,7618.97734457127
4698.01718922828,5894.64508970517
4332.56819225821,3800.9639950602
4172.871828285,4392.29831073854
3222.08536602304,2038.55468189521
3727.10036886561,492.049234682485
4151.83111048379,4453.67659626786
4281.61691495257,935.507368774603
4444.57249071653,6910.85379114964
3857.77808486111,1682.27640366755
2019.82154450105,322.576963240831
4386.40015897533,4945.0437018355
3498.97455425925,4517.0439929023
3658.21297569504,5494.20877751431
3704.05461856974,5465.79290458406
4373.2505189237,7232.06648046889
3947.26714454678,4554.78001844051
3805.51224200978,725.798173692511
4249.93746767527,5046.658778863
4521.28902778907,5810.42078062414
3967.23087553199,3907.40977048584
4085.90501402,4573.47783197071
7762.5546830683,1636.29956355194
4720.64188186386,1611.57775410263
3647.28251491385,4884.00623763924
3787.98021459723,3668.77310047556
4080.8456800571,4553.70046898231
3999.18702131443,2885.97267527878
4368.68463046284,4867.29795806941
4121.11817408414,4957.54668592481
8667.95085203249,523.306694905751
8431.82487256012,579.399606927286
4235.97125048207,6234.38560474335
4011.39965362451,5507.16633099945
5128.11608130873,3508.16675581594
3993.34167536248,5604.91693387948
3933.67371831154,4621.10275043074
4070.71689971182,4672.42173237171
3544.0648053013,1076.27958212826
2249.18426305353,3694.74529290486
2081.60876431963,1196.76288335248
5463.09304661397,4990.90700531596
4535.61460714706,5028.64303085417
2726.78273509402,6022.68735141305
4682.05947266238,6162.20928750054
4621.53162288284,4280.7372553302
1997.95021895321,675.615773811848
2978.17064644713,2130.79252085572
3883.44927765633,2810.95477074295
3805.77496429331,3831.99395915792
4552.88764911264,6518.31683792023
3894.0582867685,4992.49820962901
4141.1406750385,4225.72420990831
3136.17354027902,6701.37172219474
3746.8911345483,1919.4921743175
2495.43505257259,8244.75152909895
3713.16080880277,4462.25802075069
6579.91879476915,3592.50481295974
4038.12253715004,2955.19386859343
4197.38088500759,3956.17132386308
4223.82827765528,4603.31449854746
4081.85654537026,4844.67858493274
3302.49945982088,3206.44705932815
3565.132928693,1562.87296904296
4398.69994679735,4829.44776161318
7578.08364158842,569.624567782045
4237.61545720208,7086.29305233675
4417.94215381694,2087.71414206453
3575.04888723533,8486.91142906838
4375.03482303809,4178.83801957341
5134.94482733273,3228.21353342167
4395.68869129024,5900.44201235399
3827.84049991158,3661.49872157647
4132.5948564836,2321.12199545696
4786.54179442935,4695.32484138243
6555.9955267624,387.819828631429
1324.05813583631,4092.68126199101
4068.9932344868,5368.49687109987
3565.83961458274,2624.4899817168
4342.52202227883,5059.78674301467
3696.37617034914,5787.00601675857
4423.30382453409,3458.95042161523
4557.42020395973,4989.77037039875
4499.35582233567,5897.7708357275
4749.0990698156,6779.00414075332
3817.45490378023,3334.03411735731
4637.35390561797,4380.81821350367
5140.42301020442,3891.15563745659
4511.0536031949,4886.73407686949
2860.58749485486,257.675130610921
4651.36639019841,6600.5524587514
4040.31392849143,2263.43777340857
3553.31695583028,6991.72528093806
3704.42129573941,5937.04182583025
3959.39228063891,6090.88544644563
4308.59025751415,4746.6438233234
3796.2748977688,2579.13812166356
3917.46947024232,5305.47071865374
4320.19322700331,5905.84102821074
3552.64974284354,2829.31155151246
4302.67820628382,6397.60604057046
3999.79055379164,2933.14302434299
4149.30538805181,3245.77450060703
4901.84815892691,6919.26480496594
2378.58700463557,3577.44440030672
4283.12330229234,4556.25789754603
3975.35187031666,3382.34110133872
4749.9878502701,4725.5027521475
8816.69800007798,4805.23760701871
4324.53513403388,6256.3224895034
3948.73201830076,4522.2155126335
5061.61049090793,3814.31945533741
4150.69057986274,3724.46821141884
3210.56370935051,1412.32561083025
3593.75396539832,5711.13563603482
4134.31128798852,5646.91576321248
3868.78585719382,2829.4250881476
4362.78289749225,2716.84156874008
4342.19442382103,6492.97004840855
8534.42394584331,2033.04191797569
4833.58389772216,6237.28385464013
7764.52071256463,2684.10644083892
4807.14760632277,6351.28816769416
4236.62155051041,6124.6432497736
3263.37664213911,2527.4781069619
4159.20790925205,5549.96055106134
4033.93502983127,5761.14757239205
4304.02428969543,6203.58271391592
3756.12113485494,4955.44382675692
3777.77120677533,4406.61957241118
4119.26662668832,5314.67712319894
4565.67840567222,5677.3774098516
3979.025998577,5396.62858530081
3969.91358378448,5192.7730283282
3564.57811758104,1921.31066332846
4103.51909111688,6338.55811033457
3926.46300168414,6152.09289845317
3797.95991737514,4754.14569834803
4597.18205141584,6295.99096354296
4487.56315276016,6351.57232642347
3929.27907695158,4969.4242670965
3936.20146249778,5502.33563260131
3816.56980185231,3784.53945136442
3993.45259232611,5545.35734878874
4855.44675748591,5460.05306739426
3666.39386310695,2919.38986870132
4015.90125430311,5610.37303519524
3900.10249345268,3047.09067479326
4825.00093296164,6007.11528390517
4067.02609756534,5910.95588533818
4033.87844348651,4487.09357826277
4747.43083434852,5731.93588587766
4512.85518291486,4738.00573623681
3840.60215125439,6120.60836495961
3978.86954018663,2442.17361413979
4137.00662406363,8148.81920380226
4117.55650942655,6435.74039575599
3770.63144743391,3866.14966927797
4421.5914309456,5505.17721989433
8199.09986960091,3743.56393174111
2183.43448673932,6746.9508669459
3876.66544801358,4144.45481332781
4293.32460819537,3252.08286668307
1353.96963548529,2453.88099607258
3728.1634639085,6508.20087172811
4248.56149701046,5451.01665066034
4029.48128212589,3091.36277396067
3650.98735250269,5114.06106031143
3401.92760016329,3130.97437396886
4130.85058732743,3250.66207303656
4227.07873285677,5299.84420667145
4036.59706321051,4070.68729177196
3461.27233724202,3044.70386832369
2441.8989627358,2697.29127902198
3925.39135560528,5639.35722558408
4206.78396057811,6868.28664435804
3753.95250014742,6090.31712898702
4650.11413390607,3798.63363976677
4299.07820521181,2016.39030100962
3844.32274754685,7469.96399949878
3516.28400629764,3467.81621625499
2583.7532586403,3408.82473719524
4312.21859295459,4810.23871608338
3877.86634878964,4472.65814567211
3936.36629865291,3840.23456230769
3787.94801799001,5793.71207819906
3792.97701322741,6113.78855545635
4300.55265037318,6199.88865043498
2076.61427849718,4741.01773419636
7883.9517850274,2848.69121913641
5168.7566192987,5893.45179218421
4257.7423282148,5204.36687362584
3997.75199990537,6690.00537302265
3843.82979903644,5018.98163405789
3604.37780280559,4600.24541512889
4293.97507533382,2444.16272524491
4410.28397204642,5100.53518936768
4152.02517878769,5716.02299703672
3541.25969023214,1329.46500993671
3792.85220028628,6376.00997714347
4582.88738852718,6940.69045772639
4366.67508597006,4662.64658751266
4978.73227443158,7289.52320639174
4474.31948368195,5221.24598671745
5256.35930191676,5837.52918511539
4556.39062291092,4497.72119930973
3825.22916798623,6105.54795230658
4842.97487741561,7035.3153145841
4019.49536629462,4044.43094061336
3800.46161823975,5502.67687678962
8755.91415527639,760.69287622223
4212.10873025068,4182.36167238781
3347.82300346271,2975.53954904043
3655.5968191927,5036.99738206671
3660.68651252958,3244.46745502329
3973.09276926891,4748.519609221
3677.82917515823,4789.60887690708
856.425593558481,184.646337180199
8001.49231221421,820.593546930561
4419.52476811363,5898.79414543719
4653.59862747426,4746.24633938658
1038.52605275322,5256.93623854679
2210.34695640108,976.937669221371
4711.38672185909,5782.62988775626
3768.79220120454,5394.80988486222
3918.04513852612,5607.01979304737
4016.90997276105,4811.20494033406
4337.19976158736,4273.34912836834
3858.24695439348,5375.82833545797
4512.43292863741,3996.74935954957
3447.35047784197,4397.64024113627
2132.40217503738,4744.82554574007
3551.24133946818,4766.36452370804
3633.92508167518,3862.91059804813
4230.43929852678,5311.32430390632
3280.50787899616,3062.54899423836
4250.54889441727,5014.83300118112
4015.54651279851,5472.10105923248
4258.90045459343,6324.1226777439
3680.38150278055,4192.59138664269
4896.39456601064,6206.14014247964
3739.18689495053,2251.50310677787
4496.67861197981,5432.88715458874
4618.21154832521,6584.80998057699
4308.86842217497,5844.51982814043
4445.41841042784,4114.44773608453
4687.79412538854,4309.15312826045
3878.2411296343,5084.33814179745
3499.3127194549,5838.72290549161
3393.12802480687,917.093819687518
3248.66552663157,896.236590099484
1711.83668779623,288.477942152994
4310.96473145607,5730.91299902322
4559.44194953467,8065.16321217983
3714.49983405857,6344.46835819091
1718.85559008334,1730.92442040965
3612.57319475484,4992.27071350346
3896.53831519788,5018.18624332899
4400.98557985936,5554.45042812642
3939.50995303827,6134.19089850711
3867.1947960317,5800.02023284747
3321.3849005757,5280.91931987096
4531.39940516155,6646.07451804354
4071.97519775502,3934.91608176916
4029.41360819899,5184.3620145119
4154.71109247305,3851.71465954256
3193.00112624235,4750.90620426294
3684.79836614272,5309.3351928012
3915.3587056559,3723.27491389787
2645.69605981564,3192.12537480026
4265.08578394531,6750.4745197603
3905.74431527842,6395.50360425782
4002.65528109079,4112.11780364635
4506.89739074028,4274.54284874456
2020.47285816477,2755.20299719591
3687.43843862543,5587.07201939244
4741.94871203478,3339.83104000613
8750.35349675805,1741.94973682106
3828.76483294269,2777.42404068526
3521.97215453638,4448.05008428557
3923.93862137942,3187.29467640212
4423.65368546466,4745.33677773966
2909.98047939771,3054.76296048442
2551.03036117406,783.425574566423
7603.0830194759,2765.65999614872
4141.4245915245,6512.97448466724
3339.75185550259,933.97282706532
4185.81597023982,4878.83471790804
3844.64380152068,1288.88707996404
4069.13183003694,5868.33207594282
4029.45621495885,3847.05437181095
2336.16182985047,1241.20528747262
9539.097355555,5226.19043317836
3593.99314079315,8759.64714659494
4570.66388016425,6447.56131432392
3032.86501222509,2756.16901001896
3646.62670666954,5390.37709325615
3971.66785984069,5865.66089931633
4510.95207171586,5409.87029751525
3402.03098469574,4371.55472349946
3887.60780821053,6651.64394456682
3165.54238936599,1171.81368349144
3868.15649138419,4884.23373376478
3597.41090406295,3332.72707177357
4047.91040129483,4475.10182617306
4462.79371590844,4807.0563074573
4278.81094467883,4616.10164136607
4780.71912645738,5942.09959749868
3935.68104381505,4315.74586449341
4366.63831252336,6602.65489506403
4013.64033600917,6969.50381459346
4290.86981599043,7583.51416601223
4095.21560500388,3596.08555123316
8388.29022402662,711.988091162557
4436.32082545034,6402.26632830207
4275.71304279909,4910.26258879783
3401.70248745431,1157.83313743805
3841.04383678372,1237.62486634065
3640.91004254529,3248.78670999421
2154.63842821913,541.322337200762
4207.07210803133,5406.51747822263
4354.51492092506,7331.35204791346
3886.93911992067,523.079357350928
4677.96035086822,7882.27831571659
3599.87254458204,1357.08517499662
4463.66292278856,4172.13195813292
3908.43022260403,6504.56347085094
4364.17346588774,6518.54391119052
4158.03942372319,5269.89379203193
4798.18222662039,6272.46287446987
4127.0822235357,7997.07844235476
3814.33882857897,6521.21508781701
4152.81148335257,6736.15283523241
4086.74181199376,6013.65093467913
4422.59092713525,5375.37376606214
3994.03130496046,6212.33454906528
4358.81540905851,6480.46706431924
4324.84469415141,4040.16855967383
8041.88545958787,3873.48113363608
4296.53137025975,3971.68630591194
4589.69761562176,7508.26876535084
3960.26648116288,3887.12075264259
4327.4249716025,5320.07613905568
1622.2621952379,2002.92109266964
4588.45008604494,5213.40329035976
5120.21393403958,6347.1395348174
4131.12663055935,6393.5144931527
3695.19072012568,6152.20664651594
4049.99723668192,3872.28783611511
3793.84712195724,6863.91051535573
4141.36154025303,4987.32626704255
3643.87907303494,6283.03341005782
3812.39710285563,3448.26592653689
3781.7501955985,6173.85979540193
3277.97033820635,4686.00468877447
5155.95340705093,4161.4476744822
3730.56030398908,5078.31414587834
3712.68770863828,4279.65770587201
4184.16142190661,3788.17685224159
3584.66757416368,5951.30642489913
4222.18476463432,4583.7075462256
4284.44828234229,5856.34074670836
5046.10484519219,8204.51431474553
4850.88525466787,4892.87224370663
4954.12627230484,6720.63785318355
4222.62033026917,3495.49314963247
2878.57481674383,1133.16809630632
3947.15996520823,5023.69858439326
3779.59017784089,4266.8705630534
3797.35157346814,1744.45039706721
3909.15044662439,2956.61466223994
3977.66233065056,4125.98449592316
4091.11908133354,5897.82792118651
5271.51057349123,5184.02119317884
3678.8300323612,2692.85848741591
3874.01628817898,6103.10427180563
3817.95767997472,5064.0491239542
3455.83692718698,4506.98468931394
3981.47051027633,6290.53528508246
3797.70118388367,6573.10238721658
3717.96070009692,6365.89401095136
4027.99988227816,4654.91763921773
7143.06850055642,605.88318992689
3275.46903930418,5626.39924924369
3792.62148606126,5240.34128418447
4087.59962347559,2139.99934825617
3922.53550567968,6839.41620203196
2528.08128458847,4427.53399317204
4241.57158549353,6279.96432663926
3949.97386721184,3981.461450771
3453.84839390615,5040.29353875557
5003.08938889458,6903.29483066599
4416.50605223273,5830.65271300837
8479.23471601053,3998.5676371329
4086.40257700073,6655.79257744359
3970.4290021557,3024.017155116
4448.89156018848,5923.40220682373
4155.52238808059,6294.45642183368
3902.1697321937,5574.05738044829
3721.86561764597,923.743112810433
4235.30614062619,2393.29831269977
2766.45017682138,940.963152948922
8634.5270515549,948.351279910785
3201.51149544108,4601.15497677581
4310.77344622007,5618.72696355253
4785.27666936518,5466.47497010544
3262.35758720876,5018.81122339136
8943.04602824917,765.921428555538
3735.84890138616,6052.01236313496
4693.66745512187,5013.58261820114
4286.84206710295,1344.69583325627
3712.55171322418,5510.68998381385
3728.22918505712,4607.63354209076
4839.05550344979,4307.78942007295
5190.54614918373,5452.77826563991
4412.86360859082,6390.38874713038
4458.10338582601,6540.53788140957
4460.77959651711,4751.47452172154
3965.88924032381,2781.23185222896
4791.01428605414,6948.70356475062
3448.06947117792,4027.09725812592
3327.56156983178,4756.70312691176
4412.01741870774,6038.08858539914
4301.06407786372,6808.04499374592
4178.51475369315,6895.39547170454
4550.34720575778,6960.06991392272
5109.60633946788,6060.9350318061
4765.05764460213,4844.67858493274
3394.6901329428,3564.88475361365
4249.52504079073,6265.52931690384
3483.36107444594,4478.5688163837
4353.24914344467,5172.59775854773
3748.31225860538,5808.09042533071
3747.31157501657,2411.20031264583
4668.93591276438,6331.39705664299
4255.7572701341,4526.59164163581
4161.28028632076,5434.13753756872
3808.85055601796,2450.75525005025
4252.03625651115,6009.16105761405
8147.46829118034,3840.40497297423
3333.65604194468,4573.13658778239
2183.55849751572,157.026106049159
4909.64754209267,4953.68221177734
3978.71798830014,4803.13474785082
4520.8406334067,5663.51071757479
4061.84500925422,5734.72081056692
3758.70287216725,5437.71785298688
4311.76934298002,5364.17782755657
4084.59332329009,5519.32849375569
3188.70437010972,903.624717061346
3857.55275166956,4253.00344792134
4428.84136285648,4803.36224397636
3880.43067901326,4211.11836665111
4141.61270179281,4251.29849554552
4187.28195345551,6431.87592160853
4122.62171142567,2776.06012107013
4184.29066921776,3823.29878661232
3102.52234694863,4942.48627327178
4835.99448315625,5777.96960002465
4694.86223407137,3635.18570781412
7804.37293172599,2331.40858374323
3642.92845486399,6513.82696085515
4050.59393074448,4651.05316507027
3630.83813359995,4403.15300505579
4100.79617406873,889.58729697657
3864.80646352266,6434.71750890156
4152.6081908475,5298.36675042118
4692.09745418961,6851.63502739196
3705.32619736902,5197.60372672634
4240.49309999492,4003.96665298965
4181.17329723787,2075.89301206897
4290.20014118038,6292.52439618757
6569.17367323324,3353.98210243987
3289.16257631141,2918.25323378411
3488.44859160556,3043.62410743787
3817.53355664759,2643.3579944859
3365.83771819575,4147.75097001667
3991.20085003441,5722.72905847721
4873.02852325448,6445.51554061505
3993.80290355596,5184.02119317884
6029.81235850007,5576.95563034507
3605.34386618735,5990.63407760563
3919.97449066503,1661.7602068402
4907.97384435392,7354.31139667269
3650.56777454037,5433.39880944359
3920.58899448782,5806.6696316842
3469.62024718467,4885.37036868199
5068.28108274422,6381.0115090634
4054.74586515172,3509.87170819175
4640.07199608191,4379.90865185675
4225.62922465336,5219.3135382161
4267.65130895116,5327.29385535101
3368.05012726034,3717.25049512351
4047.98816470548,4454.64239766329
3536.29593980658,613.271316888753
4415.65090315923,6587.08325041141
3061.01883526101,1051.89869972582
1931.85030583617,388.501788438992
8485.19361697472,2569.53359889866
3700.86977907967,4053.29694668075
4365.27617006332,6699.32594848587
5164.88990375774,8644.5061986237
4715.81812333043,6921.87889613342
3106.22381204801,3710.43068562025
3736.89077359559,4800.74772995363
4174.61611241171,5487.84353740688
3977.94089343596,6528.4894667161
3938.08802773006,4065.17452785244
4000.25681861331,4065.85659337382
3312.86186432197,3875.18608601189
5374.00694531204,5678.62779283158
4092.78061811085,5092.06751294762
3368.93500723521,4341.945130193
4416.25208936741,6659.6574744463
4375.24321138401,4732.66338298382
4132.94786034539,4671.68300424657
4312.11692998194,2073.56307963079
3933.68046675605,4712.09020641128
4512.48269594118,5054.61522328346
4863.85050644588,4826.89033304945
8423.72697728842,1705.63429350173
4151.92757830882,3146.09166065327
4001.54818783091,2157.04887201432
5255.77410974641,5067.85693549791
7272.08670132316,6595.38051616494
4994.44084505319,5483.29699773804
7546.49553081778,1679.66220678625
2894.17595235597,5383.0460517533
4488.1678697644,6706.65698998872
4100.76234724225,5516.42982100365
3602.22837505068,2434.21716971932
4538.99916903146,5691.24452498365
4431.54347966811,4991.47532277457
4336.71281768734,4118.93761314961
4521.70816319753,1055.93379596744
4444.00176680546,8216.61981489801
3442.67976171018,5052.00113211598
2184.76909453606,882.767487473311
3801.85962312995,6601.23410141752
3666.33067041089,2365.73491595744
3814.5879177003,5425.15820629382
3489.76695617211,5710.73772924275
4458.78103229957,5982.27972639309
2946.41358618998,2280.08960180227
3744.69342262288,4657.81588911451
4290.88678475236,6443.07143725884
8480.94281844074,4861.38728735782
4357.4780748111,4547.16481820835
4573.38950722244,3233.55567524703
4187.74779715223,4511.58789158654
4305.00262637242,6299.51461635736
4130.41582019016,5750.29245521955
2712.22806776646,891.235375320998
3580.06763628392,6148.74007916055
3906.07954853774,736.368920708086
4311.90818776713,2494.06112496699
4047.95756971684,2624.26248559126
4619.13578168511,5797.63363780553
4393.80224824125,5245.74030004122
3796.09101672361,4805.01011089317
4282.38959886655,4091.60128967756
3932.77905659708,2822.09383521713
4825.26807757446,6131.1222379438
3726.29547219877,4727.09395646055
4442.32965139919,6481.20579244438
3408.32855880496,2290.60347478646
3617.16886018697,5117.81220925137
4229.9174503807,3192.18224883165
9008.38030068341,2985.08740920157
4561.70465136233,6882.60832888593
4542.22816609514,5879.69842511492
4022.35795385927,6051.27363500982
8367.77159627911,2942.57713644135
4310.49865628997,5308.02814721746
3948.12507666059,4023.51694270775
5669.12644053687,4033.91706762917
4341.38221283946,6615.04455394582
7920.26202748152,1883.57442636262
3591.03607851042,5566.61259088266
4025.90314813254,7975.3123911165
4227.07109821089,5297.4005261705
4802.31451520026,5761.03382432928
4076.69735397188,4582.22966712007
2669.35127040866,1010.46839927906
4075.90555803519,4239.7617357069
3830.76683807701,3206.73121805746
4155.25762693856,6835.77880115479
4126.75281258707,4015.95840507936
3680.74654916303,1871.1283163047
4234.64039233587,5475.90887077618
4079.02418252391,5233.52147468122
3771.5813134584,2002.97796670102
3385.09883215109,5639.12972945854
8907.75276751996,1138.33982746514
4817.36766773661,5964.54813711357
4215.18587002278,4888.09820791225
7309.24408763375,2278.21402733229
4699.13694229513,6838.10915644822
3124.59913348591,140.65856852703
4054.61589983244,5664.41985636646
5071.9194659584,5662.03283846927
4451.48017485409,3842.39408407934
4492.22607030153,3431.9553423315
3468.20995949155,5547.51687056039
3900.18137998367,4418.72507256366
9192.97112018832,573.886948721582
4539.50400989245,5132.75887384163
3213.88788689291,4012.15059353566
3540.62235233419,6419.65709624853
4549.84093344523,5398.78810707245
3052.0672139767,6580.37718897093
4225.44197624839,1392.09357273221
4702.41941085729,8133.13381108686
4216.20508568623,6415.11055657969
4195.96997572634,6088.44134308942
4286.63869151241,6174.54143806806
4789.01479474482,4915.66160465458
4871.04392046753,4635.2540242921
4653.35590541036,5683.00392183388
4627.28170599496,3972.08421270402
4075.76674096507,7173.98477448368
4529.3399443029,4871.50325354993
4418.4680592989,6902.15819574878
3890.34067916355,4664.8061092843
4046.17949598555,4591.89106391635
4821.9970312369,4918.90109873968
3764.64200900677,4005.44453209517
3777.96989027388,5597.35839625108
3897.92712188733,5684.87928487623
4841.20041431394,5476.13636690172
4693.81730413817,4654.69014309219
4091.23512125514,2821.86655051921
1461.1620850329,2746.67823531684
4149.9367473972,5976.19864501497
3829.22135177094,6274.05407878292
2700.19063763469,1224.26940606343
4497.22774421629,5408.05201993191
3891.39704611545,6178.34924961176
4343.80680088906,6481.54661377744
3934.624805888,6912.61540612921
3448.60106996058,6889.42813838919
4302.74099179913,5653.84932077851
4738.08997891864,4486.24110207487
3911.47986695789,3829.60694126073
3486.28636875235,5182.88455826163
3986.54540431065,6480.523726923
3528.28435892186,4859.45483885646
3742.05593245041,2255.31091832157
3549.28785217988,407.313112175885
3450.40304372776,5801.83893328606
4131.10577976837,5555.58706304363
5331.19040209661,3664.51071953603
8309.96815420834,2206.37874285017
3955.43724930635,4716.75049414289
3672.73473150693,5103.20636599418
4383.22927529832,2940.4176146697
4122.76439410843,4924.35677720018
3771.47522694715,2276.22491622718
4537.71045079791,5962.27486727915
4910.86244620314,4475.0451635693
4059.79943369284,917.605368828551
4489.5639284961,6784.8577260059
2252.27633469433,2017.92463129128
7672.64501773358,3295.78643696426
3837.46856460428,4546.19859395768
3996.12330571087,6834.35800750828
3888.9834332503,3835.00595711748
3887.56508720893,976.653510492068
4064.54885443183,6060.9350318061
3611.43228148541,517.509877970744
9023.96943649351,1217.56323890913
3886.35937655997,5099.91020930532
4145.169005933,2753.61158145524
5240.33916910896,6946.25988424967
4693.60517335969,4521.59053257114
4286.10433926859,5410.43861497385
4279.50558505737,5382.98896629429
4033.51875605145,5610.54344586177
4274.24806645358,6561.7931235035
3290.69028472198,1057.69562237464
3639.71622885237,6908.06886646037
4703.64874280331,4911.96754117365
4775.83970968946,5834.97175655167
4511.55818538456,4947.88528912853
5213.47458185297,6571.62493096631
4030.71085818608,6480.86454825607
4161.20095208291,5153.2183023514
4377.69410498626,6404.93750492856
4281.54060702876,3948.72653429746
4496.31295588334,4216.40405730034
3632.753224924,5887.20030013955
4350.88085838328,5173.50732019465
3776.0928970488,6388.62670929555
3987.45615359694,1081.05340649501
4068.59606935817,5368.44020849611
4365.85389144525,3418.94091481498
3284.51765829303,392.991506933352
4910.16494159633,5499.49404530828
3746.33008695779,3638.42520189922
4088.11519390652,4263.9152276976
5152.16976096942,7115.73223497668
3701.41221798799,4774.49137879504
3271.01864584964,867.309220885116
4660.35092517738,5248.75229800078
4408.13415772509,3897.23671883471
1821.64440472461,2696.77983559476
3865.03467520277,5476.8184324231
4210.2663329064,5942.55458974976
5045.73798156176,5181.35001655234
3946.66740651087,4689.47125612985
3797.64545028018,4977.55154503875
4071.59899447992,5892.315157267
4301.29980336201,1727.62815800698
3899.50412809945,4077.56376387897
3543.11709041929,2518.55543829076
4191.96113087924,5665.95439807574
3792.56487647451,5062.45791964116
4563.59340164177,5664.87442576229
4052.12472363634,3330.85170873123
7960.61198806764,4359.33589813945
3449.56026984042,2131.58812301225
4357.20796012091,4583.76420882935
4422.98410855182,4910.14884073506
3392.18914136331,5406.85829955569
5556.78958962908,6270.64417403129
4290.03737924323,5365.54153574407
4636.75473549965,6522.74962952629
4077.87758420971,5386.11471231662
3769.05677909709,3105.74112109233
3407.35788181008,147.478378030288
3494.56540333976,1436.70649323269
4185.67474504564,5855.99950252005
3643.39498928823,5470.50985491943
3370.47936753184,5215.61947473516
5340.45142765044,6234.72642607641
3577.47194081333,6023.88064893402
4224.35729201705,5466.8157914385
5113.81051314888,2977.75594484347
4087.12194649521,3540.50397692503
4053.51946999899,5447.43633524218
3799.40847722561,5463.51963474964
4586.55221005532,2871.48058008436
4978.17288654717,6523.09045085936
3932.64994317133,6844.01940430456
3184.15594709406,4959.02414217508
2614.25106960158,1995.93087249985
3755.21666106543,5620.88690817943
9013.41307347239,1279.1120408188
4542.61306946247,6187.27191828291
2610.5802674735,3250.66207303656
4220.54962343127,5870.94658996555
4382.89342262523,5439.25239469617
4186.43513684716,2984.57575434672
4363.78033359442,3063.8560398221
4387.73924670548,3333.40913729495
4568.53460534295,4651.67814513263
4294.37709566088,6712.90848203337
3970.72507374772,5802.6347468702
4384.04983956834,2323.45213932277
3811.68175191746,6110.20824003819
4171.01756697743,1599.98412023262
4031.56964260063,2842.8374224562
3374.01527558221,4825.63995006947
2735.08869674918,5031.71211427274
4090.31064609011,2997.87455202018
3913.3520834196,4974.53912422394
4448.09768767218,5447.26592457565
3961.84384851644,90.6466321698046
4821.72384966061,7038.32731254365
4635.78880099058,6033.20122439724
4779.74040442582,7142.95481038596
3721.32194303154,705.452440388602
3230.02899835328,3127.84862794653
4729.50891567077,6674.77454970309
4240.41238493993,4739.53985509084
3444.38390038365,5016.5946161607
4001.01509547869,5830.65271300837
2780.30456981112,5585.48039222414
4006.06824466313,3302.20833967544
4380.68984538267,6449.43667736627
4661.77167877151,5052.00113211598
4803.46664855628,6048.77286904986
2157.62007962477,1757.97626801095
3891.33911999364,6105.49086684757
3997.79946237576,6553.9504271458
3795.21135560208,5453.40366855753
4363.17032950907,4538.58297087027
3866.72572850115,5866.57046096325
1812.41474022108,3067.60697733442
3776.35306307321,4774.54846425405
4291.0129826156,7767.36486387089
4283.67283278159,5738.92610604745
4409.21608456361,5544.95944199667
3396.90070008199,5010.17271344951
4436.95081246922,4880.53967028385
4049.40782847847,4189.01107122453
4125.45924451355,4051.64865690869
3620.90134808608,5795.64452670041
4531.77823035917,5829.7435742167
3313.30832918802,936.302970931125
3304.90473574566,3875.58399280397
4928.61134466893,4785.17608530101
4954.94459092698,5693.80195354738
4098.57789711812,5662.26033459481
4012.48887901069,1814.29657044422
4059.10374277552,6455.63150680716
4664.70641195444,440.218677172033
4213.56364147751,4251.6964023376
3254.49197341427,2136.58944350454
3035.25105074425,1361.40442996754
4694.51438680653,6175.73515844428
3855.6990978809,5982.39347445586
3843.58169845926,5356.61928992818
4301.24466442043,5173.16607600633
4533.82575549275,5551.09718597855
4047.40121721474,4889.12109476668
3683.75774390604,5649.30278110967
3244.24684480852,3242.30772182402
4045.67356228862,5628.84335259989
3406.53994965288,1483.8199682655
5055.6221245848,5334.39782358358
3600.11548800031,1383.0572617121
3267.96430814098,6559.97442306491
4257.4915989392,5270.80335367884
2130.07535042496,863.04683994558
3714.65059710387,1841.80309315516
3506.31836833245,693.347257377556
3742.37225259113,4796.20119028479
3780.94101175135,5928.17581976286
3726.81094453303,5460.84845812315
5089.15850462316,4630.8778952898
4672.54699241208,6868.45705502457
3618.98661745418,4657.98629978105
3985.36171719095,6265.47223144483
4905.44472186904,5114.23189383321
4106.52278136364,779.788332259971
4272.27559062983,5377.13538104171
3950.17533457855,3740.267352197
3988.69999459845,1525.87546020226
3810.17868473601,4937.25766808156
4396.77458761631,5047.34084438437
3613.74604345004,3510.49668825412
4857.7541176449,5052.62611217835
4552.64674416475,5659.98706476039
4186.43964980906,3665.76110251601
4326.86671132065,6915.22949729669
3898.10990757918,1239.61397744576
4600.36436937329,7304.52695644101
3084.70772856477,7084.53143735718
3989.08566586836,5308.93728600913
4717.01753398725,5906.23893500281
4102.55531704611,2668.07980393521
4736.39741858466,4294.94519179533
3779.58309197417,6106.17293236895
4679.82170309202,4436.5699870507
3400.1092660366,4722.49033133269
3699.10099531658,5892.99722278837
4238.47548046205,6719.89912505841
4579.56467824728,4827.4019879043
2265.56344385857,831.448399818532
3667.98310402628,3051.06889700349
4399.76331286945,3334.14786542009
3236.49490877778,2424.7263950172
8508.96122381178,1607.37224719448
4468.74109825003,3848.19100672816
3850.08795153674,6616.74950632163
3668.51578484056,6802.30515655611
3917.05932649375,4011.18436928498
4328.72084405415,5506.59801354084
4276.63380313717,4820.24093421273
4701.56223450307,5455.27903159987
5144.11444702868,6346.57121735879
4258.51109371955,5681.29896945807
4740.162917478,5796.43991742931
3895.12434291418,3975.43745485189
1983.99687151321,3358.52864210871
3838.04188358884,2362.3818852372
4314.16413985586,3447.64094647452
3626.08276500107,5724.8319176451
4231.42566047424,4931.57449349552
3443.55295125729,4038.40694469425
3491.46595651919,5494.20877751431
4007.25874092207,5065.07243366389
5007.17351944057,7161.87927433119
2767.53594351331,943.97525662229
4215.46879727125,8114.0951762236
3919.60622620795,5615.71496559297
2795.48681662799,4907.81890829688
5002.99304161179,4649.00696850614
4167.14979003351,5050.1824316774
8500.55635584739,3136.54401191976
4240.04346862108,5589.62944795616
3743.51033135734,4944.81620570996
4189.31084501596,5827.5836295898
4090.62691164458,3902.29491335839
3849.92881644668,4838.31376768056
4471.19884096203,5771.26353858416
4480.269359268,6166.01667618899
4415.69125307501,2548.4489788989
4217.42112807033,2108.00294848015
4028.85019562261,4545.91443522837
7669.21010694452,2338.73983667371
3883.09060657741,4072.10808541847
4709.06624446504,3588.92449754158
4168.82145637901,5643.90376525292
5268.36192029671,5467.09995016781
3297.22234492295,4334.1024338353
2849.33517952984,1267.80256567809
3946.00089833287,4312.79052913762
4032.21691835212,5211.1866831291
3832.41727905618,6311.16512425876
4326.73267095076,6286.55706287222
4928.65517505927,6427.44270714721
3944.06394727329,4754.31610901457
8304.44774624547,342.695411846824
4255.53990840167,6347.4236935467
3318.59318960627,1826.74268050214
4787.96628131182,7039.57769552363
4533.4160455613,5388.16090888074
3686.76996503753,6940.00839220502
4586.06209159644,7219.16601244276
3873.57005612285,3004.80789815858
3263.97297886876,4138.37373194969
4259.85235427206,1655.67912546208
3140.05683663089,3922.75434186817
4011.41610686312,6544.62985168258
3351.68596355891,4492.54925672328
2730.76526813848,1847.77042647052
4086.04933681339,6349.98112211042
3544.83975901645,4955.50048936068
3761.21528007337,5192.94386184998
2582.80378461968,4724.82068662613
2867.71979455462,3859.84151462956
4637.05630916319,3673.3196401444
7275.67852577568,472.783262264399
3805.14764434696,5241.59166716446
3965.62114774915,4077.16627994215
4506.22088355739,3321.81529199731
4469.84329615682,7036.50861210507
3190.48029351465,463.178686642596
3757.78781236151,3131.76997612538
4437.14937162979,4826.94741850847
3997.89792217923,8100.22806109154
8251.48501654332,3537.88967432992
3794.370905942,5789.90426665535
4530.06719265973,6873.06068015242
3945.76858903587,5512.39493618966
4429.52548453252,4410.02947716281
4333.37368738507,6020.81156551545
4146.01972028224,6117.88052572936
4225.24214931072,7375.28248003731
4166.76857369136,4415.42849301955
4624.81347124841,4565.74846082053
3671.06695474079,5518.41893210877
8870.01244580076,7361.18871449021
1756.27842553964,1104.1271375999
4302.94335895197,4567.62424671813
4981.22487306126,4573.36408390794
4529.0055410438,9189.01098657089
4051.69733301831,3562.55482117547
3996.8405699967,6114.47062097773
4505.65199591509,5711.87436415996
4491.96227764045,4549.77890937584
4745.14345806486,5561.78189248452
3521.25011115461,4351.15195759344
4145.33700085351,4201.8548766469
3259.28653035121,4751.81576590986
4064.39365751348,5247.16109368773
4356.71361855456,6376.29413587278
4624.79875191797,6050.19366269637
5409.32237367557,5645.26747344042
3864.9027921708,5569.17001944639
4449.86081156505,7901.54444670539
4187.72245238843,4704.75916490843
3971.30843021064,5337.63731766867
4238.75965634205,7110.44654432746
3659.38293439981,2460.30289878376
3561.13595778098,5363.21160330589
4092.91313365778,3284.13592906286
3793.96176759742,6026.04017070566
4557.91799989063,6459.49598095462
2414.4813795622,2206.20833218364
3036.09181892629,296.775366477243
10000,6451.70994720069
3223.85518459053,1040.19142350685
4468.34274346958,6280.36223343133
3992.59250140938,4243.17164045852
5118.53734259167,5402.99382540823
3972.13218855479,4581.83218318325
4067.89004167453,5699.20096940412
4243.25881490147,5231.36195290957
4349.57041522104,5793.37125686599
4034.48991563568,3220.02980430328
4158.5410430266,1495.7546348962
4228.11016254001,5134.12300488438
8214.18109095218,1913.01339757493
3383.81430617507,3677.01370362533
3233.11451453634,2388.69489899955
4358.84054075189,5087.86179461185
2483.93974897016,4073.41513100221
3655.44857996484,1852.08968144144
4328.51142534133,4863.83096785877
3818.77494551204,3136.25985319046
3418.41722034341,3872.06033998957
4326.24472954824,4523.63630628001
3991.16887620464,3693.26783665458
2005.29748229672,3533.79770405691
4706.43714360617,6555.20038727053
9338.9916227602,3845.17900876861
8528.84514171481,3991.52075435935
3772.31662876125,1619.59107255449
1881.72309195911,1655.16768203486
4163.92137762157,5273.5311929091
4460.60827346928,8253.33295358179
4195.5860129594,7544.75525361958
2887.78250315149,131.735979141243
4598.92534357668,4938.79220979085
4683.15541840082,2014.45806393589
4103.39560299111,5769.72899687488
4245.35260033722,6868.17289629526
4581.09890319503,6399.48182646806
3963.62505163256,5196.46709180913
4330.6155210442,6661.19159330033
4290.72108919985,8098.52310871573
4053.090017053,5774.21887393996
4036.00795620583,7447.91378953121
4081.57015694014,4076.88212121285
3204.88015135951,6270.07585657268
3298.02390069742,1662.72632537707
4177.95676938118,6661.24867875934
4380.20427631035,5324.39560545423
3345.94057387195,4893.61097183176
4302.85135051834,6988.03121745713
4077.4073614586,6425.51068150111
804.562036351132,1718.08040355965
4454.2625910709,1629.138721288
4935.58849059765,3576.81942024435
4752.14025448503,3873.87904042815
3269.29518925511,7302.42452012837
3921.6623698217,5084.50855246398
4964.75136873786,7263.32394069216
4284.25740586282,3321.13343790356
3463.16002488077,6913.46788231712
4028.26265864458,3393.99160924012
4117.01057496255,4481.86497307256
4501.21593434614,4650.03027821583
3842.12554711927,4988.86080875183
4102.32745938533,3892.69017916587
3584.04453589223,4726.69604966847
4198.40259399564,5333.65909545844
3612.07035298131,3195.98984894772
3630.69546260092,5556.60994989807
3813.81172670564,4041.87351204964
4050.50103497105,3451.7327053199
4167.98470925389,3998.39722646637
4210.4918260373,4800.2931605578
4274.46155732514,3491.40139078709
4826.45831682033,4580.12723080743
2721.45966487155,1972.00466520706
3645.17931875923,6466.65661179095
3917.72380585295,4482.3766279274
4537.03209882202,1126.46203486583
4435.05629575105,5617.53366603156
4109.77296446631,3715.43221754017
8162.96141172034,1647.38175399474
4349.54494904932,5664.59026703299
3368.88499080288,880.380522433027
4494.23000228718,6255.98166817033
4870.86718433762,6179.20172579967
2965.33998817197,2045.94280885707
3307.0710337448,5125.71156821283
3579.76781667897,5108.49163378815
2335.2184992895,1063.20828058035
4622.63113481932,4324.55478510179
4034.13879432894,7080.95112193902
3260.25105066751,4965.27563421973
3637.63726714788,5468.97531321015
4914.7442274896,6780.25410087804
2952.12531536687,4384.34186631807
4093.48604579313,5817.41100079393
4228.58701652548,5772.11601477207
3923.24404538763,4305.06158084269
3245.47274993649,2730.1970290173
2149.95815112602,2891.7695979276
3645.3188552963,5473.06728348316
7720.81532734328,6461.88299885182
3814.20911787902,1625.50153183845
3087.83365838347,4136.78252763665
4449.56262835642,7340.67177766618
4756.64371812491,7397.95851577774
4659.04566372222,5851.68045897675
8455.19529055131,1892.78125376307
3493.39070460832,2865.62699483178
4522.34971060333,4886.73407686949
3698.37652602917,5622.30770182594
2982.36506577975,3815.45609025462
3966.97830655253,6614.76039521652
4386.78923368672,4554.04129031537
4056.30057491061,5992.28236737769
3501.72658701345,6441.1960742165
3800.58066819835,4443.44688201297
4552.81171697201,5009.37732272062
3419.1556549106,1066.56131130059
3911.21316848413,5626.1721759734
3730.83571563637,4868.20709686108
2411.44904423028,3237.30661275935
3086.73909250942,360.426921840985
3825.78251899229,1646.13147672857
3723.59214127491,1924.15225062148
4939.1859086696,6308.32353696574
2362.37210899344,3446.39056349454
3374.44453967361,4627.46799053817
4601.72577838438,7286.5682938912
3723.59499906957,5077.17751096113
4664.28018960601,4708.28239486757
3573.55546765204,1266.49541438054
4104.87317666594,4974.36871355741
4414.76400352488,2451.55085220677
2609.41431286369,4359.39256074321
3629.26727915073,6155.04823380896
4017.08969179639,6666.93185334539
4333.99727218964,5134.69132234299
4121.79651799414,5617.4770034278
4068.20899428275,4498.40284197586
4280.63502551807,3468.04350095291
4817.95055707593,6922.2768029255
3784.30986701785,2137.49879372384
4792.9858514648,6330.8858246434
4136.81886206409,4472.60148306835
3089.65716195432,2654.66746962662
4385.46434361777,4969.65176322204
3341.71381500925,3110.57181949047
4448.49590690303,2364.9961878323
4206.61582935334,5161.00433610534
3237.63926504951,3059.08221545534
4055.17622831771,7270.99622638332
4515.22839785776,5767.17156831116
3674.32275363732,4933.50694199687
3836.82124561844,4332.45414406324
3853.53502800897,5672.09214205762
4277.28075086331,4297.04805096321
4607.03137827955,4586.32163739308
3712.32795153749,5798.5427765972
4564.97228817259,5928.74413722147
4033.88136012933,4683.56058541826
4323.6456994538,4293.06982875298
3853.96633740179,6197.61538060057
4399.45316811572,6924.72048342645
4180.73222130809,3536.18472195411
4248.43167252011,6725.07064478962
4288.69180330293,5279.55518882821
5149.15822934459,5250.57099843936
7675.76400494689,2582.94593320726
4921.39523503399,6458.92766349602
4580.99187272535,9441.79808473203
4605.21397372303,6238.1929934318
4006.04683090025,5048.93204869742
7286.12879214809,129.462709306824
1658.91105476149,236.135888358416
3778.86800826316,4562.73646286098
5012.1928051114,4292.84275548269
4915.59475745776,6609.92969681838
4882.06361395353,5514.55445796131
4740.45180007468,4643.8921113787
4180.07865958349,5041.71433240208
4207.46640491855,6095.09074192615
3930.58207602969,5032.79166373094
5021.01145478052,5310.52849032217
2348.09421499279,2006.67203018195
4179.35913826988,5391.68413883989
3741.44971220334,5594.28931283252
4108.51372426817,3853.13545318907
4054.41787638443,4844.33776359967
4184.88369163882,5811.84157427065
3351.61608981156,4634.23071458241
4130.45472297856,5981.20017693489
4212.18342929008,2794.64418653756
4129.34951552001,5378.10160529239
7767.72521591341,746.996436041234
4429.96968974431,6859.9893786045
4150.04930897827,4048.35250021984
4354.83479493161,5246.93402041744
3574.51836114981,5729.83302670977
5320.27609308002,6435.28582636016
7456.68366785552,620.886781405439
2111.42189038784,933.347741289142
4468.82687532208,6667.55683340776
3725.36232294475,2055.03588819475
4390.38027382493,5661.06661421859
3719.11886790265,3848.58891352024
4598.44266773845,6405.61957044994
3367.4021982424,2171.65450384389
4143.35644098633,5325.93014716351
4363.04838696302,2869.54834301063
3859.27651248455,5042.16890179792
4583.25305673095,5247.44525241703
5012.03281744451,5082.34903069233
4614.07040177558,2818.85455255965
3469.76781148834,1381.57969974802
4223.79762791871,5071.15309218676
3583.43029945974,5749.43997903164
3905.22155539811,4760.4542758517
4081.74999636273,5234.82852026496
4561.20202305291,6539.17417322207
4658.36144757771,5411.63233535007
2685.38682794885,1284.39741432659
3946.05320276067,3806.36301091695
4543.42743489788,8625.06923411311
3394.28219110196,3588.07202135368
3956.14372017989,6345.66207856713
2654.90029754856,3619.04532284764
3985.16930786683,4233.79440239155
3545.37339846396,3258.33435872772
3615.172488524,6315.143346469
4531.87922664847,6301.27623133694
4113.88693000714,5773.65055648136
3629.14571128572,4301.31043190275
4062.54747177187,6138.90827169774
8069.41832442404,1294.05881112287
3997.25394358707,4744.48430155175
4440.13644216838,2988.55397655696
3341.55668561725,4031.35963906545
9105.19530322793,1700.34891999394
4349.61929214935,2488.94626783954
4003.31561801758,6504.79096697648
3430.12594941797,1155.67350995259
4666.46338100245,6178.34924961176
4297.49320791851,6818.44511866734
4358.4966957849,4699.4734742592
4547.45438801675,5188.56773284767
3302.57692791008,4193.27345216407
4178.80781984048,5687.66420956549
5005.5155518655,4721.63785514479
3035.38182670064,2337.8873604858
3393.66117577285,669.762082845455
4631.43088151039,6931.93819972178
3321.26341513469,2451.32356750885
2279.74117948073,1695.68873797615
4687.82657601779,4806.65840066522
3986.28420408501,2520.71517149003
3460.62190645423,1545.08461144587
3964.27402891617,4481.01249688465
4078.53750240474,6922.95886844687
3696.6954291112,6031.38252395865
3682.94380822141,3330.05589514708
3609.20050748568,4758.2943312248
4265.5100972173,4964.5369060946
4558.24379111247,5797.51988974276
3767.4007909867,6497.97115747322
3750.88604083565,5361.16582959701
3645.8897618286,4090.29424409382
3429.38620766228,970.97033590602
3563.95764161571,2084.19048925013
3767.72870543589,3986.6329705022
3761.80065214339,5277.22525639003
4501.44436378385,5523.4204640287
4977.32680468504,6335.2048681867
4164.65990863183,4581.15011766187
4138.90762891316,5755.1802390767
3897.19247292189,6453.81280636858
4242.01082762491,4048.75040701191
4111.73211928254,5055.9222688672
4136.4568127899,5501.4831564134
4227.69682506544,4775.85550983779
4528.36942913326,5845.37230432834
3279.47589574313,4025.05148441704
3626.34850832633,5907.88722477487
4383.70650331654,7069.81184603721
4040.22098229423,3125.40494744558
3647.83377281169,5972.95957378512
4060.19834183814,4351.72027505205
3954.41835579011,5678.34363410227
4521.49317379713,4579.10392109775
4262.81001923471,6786.16477158964
4789.00056487871,4748.17836503268
3249.7613634046,69.7893827604295
4172.93487905177,5749.32665382412
3285.79277269425,1105.03638210538
3509.80898359303,5182.65706213608
3390.61691975301,4012.88932166079
1340.67760042927,5651.91687227715
3926.81540176176,2732.58383548686
4303.47722829887,5948.4648376061
2615.86301929632,3097.72780264047
4407.06854642523,5305.8115399868
4288.70505219373,4961.5815707388
3942.06281383962,5228.23620688724
5342.17101056224,7358.80127373777
3412.39680901778,1232.79416794251
3916.57658132204,6172.15484302612
4241.02632792118,6080.03032927312
4396.48137223847,4697.93935540517
1959.79644681972,944.543574080895
3339.3422497716,1245.18350968285
2566.64787049204,1362.37054850441
4148.13391583341,2829.25467748107
4242.13224133972,6653.69014113095
4250.97447176048,7615.16911017231
4162.73549766556,7647.50654270903
4123.13935181364,3249.24127939005
4248.09254231269,8785.1647696284
7207.07179969303,5484.09281132219
4060.23335723216,4563.87309777819
3515.91893642909,236.761053419954
3747.64345641333,4285.56795372834
4196.51613259138,6802.47556722265
4920.31868264387,6262.51731894429
4455.78165848862,4733.85668050479
3566.46714965422,2805.04431145898
4239.74691081153,4696.63188696617
5180.19969950215,5983.58677197683
3535.82555233247,5767.1149057074
4243.13452590885,2277.81633196785
3625.42504638091,5653.96264598603
4082.76165014605,6796.84905524036
4242.17841079682,5665.95439807574
3834.20494176792,6636.18562512172
4646.16901573737,4930.43785857831
4161.72375088534,5843.66735195252
1651.11399382097,7773.44552239376
4817.59283881063,7125.96194923157
4542.15992512257,5290.97862345932
4889.62077136155,3253.84469309027
4210.41029695412,3350.7428197824
3958.34982950187,3622.17106886997
3551.78171858529,6067.64109324659
2318.20259701733,1532.1838262783
7733.59527488526,3513.16786488061
3964.10870091823,5640.09595370922
5027.39189553369,6707.9073729687
3527.8110927762,5346.84414506912
2378.7806163635,2251.78726550717
4002.11752483072,4595.41471673075
3916.68086711606,7518.32849179445
4305.80516061417,6681.53769660259
4865.63780824302,5694.02902681767
4318.82290362655,3975.66452812218
4880.79258124467,7125.56361958424
4460.07692406547,4892.24684078901
4628.05457133722,5617.59032863532
3530.64202628512,4380.36364410783
4055.66102274682,5153.90036787278
4380.45321488148,6717.9100139533
3749.96019142451,1590.49313410287
4532.45155304847,7245.47860334986
3603.09539010642,6875.61810871614
1010.54748747732,1223.13277114622
2941.70326453569,2930.75621787342
4006.47125305548,4853.9424977922
3487.35394921174,5297.57093683703
4209.32088769709,7480.30788467169
4023.99871385517,4615.19207971915
4667.12517136036,4224.24675365803
3904.20457140941,5537.91255922312
3716.40781681838,5224.03048855147
3778.68830121319,3814.48986600395
4411.11825646653,3018.4475171651
4510.77074112782,6941.8270926436
3597.25249114743,4826.71992238292
4115.08631077085,6552.18838931097
7745.33617959969,3859.95526269233
4671.46440727808,5657.20214007112
5206.38487233962,6374.2483621639
4536.87888828984,5668.34141597293
4619.55643092608,5310.86973451049
4218.73411658506,5228.0087107617
3142.35405160756,2046.1132195236
2456.34076246993,3694.40447157179
3781.14709836823,4618.09075247119
4302.8277286536,6281.55595380755
4061.92019992633,5900.89658174983
3061.29865343587,1607.54265786101
4238.61560577125,4856.1586821676
4263.54392042404,3868.42293911239
4818.97925645723,1233.47612775007
3838.18330536912,2416.25829574188
3239.34491852749,5311.15389323979
4094.93256078703,2843.63302461272
4032.66644106842,6310.31264807086
4060.63400952207,5799.84982218094
4064.21381293201,6478.64836388066
3989.48459812367,5489.09392038686
2692.21261792733,3814.37611794117
4456.20257519651,7955.59126787661
4206.91905328597,5059.38925907784
4625.80706222756,4742.0406210508
3443.55287314314,6456.14273880676
3827.79970997751,2090.6692659927
4475.55155549768,4783.07322613312
4083.34876309536,5652.42852713199
4020.3187625086,2773.67331460057
4395.36117945079,3549.36977156479
3944.91107316215,4245.72906902225
8668.39323286525,3566.36220986392
4019.71714244411,6306.22067779785
3818.72380637261,5394.52572613292
1927.59606435708,1600.55243769122
4141.0772997164,3915.53662557284
4257.62443697345,4673.61502989268
3865.39839885482,5128.66690356862
2945.28750243301,4689.07334933778
3369.52776581149,4928.78956880625
7301.00654743319,4169.23370823614
3852.90893351563,4977.3240489132
4286.73931372416,5657.94086819626
8683.78544439911,1348.1057380079
3922.93431760375,6096.56862103168
253.09597499742,5954.43217092145
8231.88462225182,3071.58519954465
4078.25123202158,6248.93436254153
3872.12774296114,1110.8333047542
4118.77264996302,5747.56461598929
4376.59976011907,4389.62713411204
4600.52897878503,5355.31182148918
4305.82155751293,4081.14450215239
4210.54933974077,3486.62735499271
4191.39043134422,6776.33296412682
3140.82231301325,7969.57255392669
3852.3842124747,5319.28074832679
4289.117637192,5321.95192495328
3469.46720115824,2014.28744184173
4396.88831917619,5176.86013948726
3939.55491119423,1866.24074387517
2139.16644306742,5496.53870995249
4000.90394231952,4964.87772742766
2488.96238163106,7460.13261489121
4048.47889461885,5569.2833446539
1916.03916765388,2208.82263477874
4304.46130643416,6115.20934910286
3825.75427396668,5986.76960345817
3821.83285336359,4823.76458702713
4341.75508169042,4248.68440437804
3890.65737519972,3562.27066244617
4251.38132101444,3118.52826391093
3982.63565247725,4920.09439626065
4240.09582336125,4782.90281546659
4064.09535507772,3024.92629390767
4551.82341239185,6807.13585495426
4253.45985097595,5924.19759755263
4117.37822045952,4594.96014733492
4318.57213480338,5513.53157110687
5012.24526052193,4619.73861938799
4285.11702008653,5527.90991823852
4551.2442224683,4477.83008825856
3863.42797512618,3044.13555086509
4528.70578441272,5423.90782331384
4015.49013828419,4476.29554654928
4449.91055380575,4826.26535298709
3797.7207249453,4993.74859260899
4712.12435356287,4051.30783557563
8630.83328430733,2642.67614039215
3631.624581025,6463.7016992904
3918.06557360743,6872.77652142311
4506.36715424177,2142.72718748643
3212.97255428777,3769.30862804486
8667.83516754182,3319.99680298635
3836.08214071461,2964.85526538971
3874.27632069553,1364.75746068779
4091.61553124806,6190.90931916008
2419.19552212921,5921.69725444792
7640.82973585177,2633.1851542624
3041.47251935379,6221.20055513267
4441.47858264946,5336.27318662592
4596.04640931446,5109.68535416437
4274.80546474036,6510.13289737422
4610.332043862,1659.14590424509
4256.21496296986,6713.70429561752
3739.60370116171,501.994790208069
4060.61201012727,4369.0539575395
3641.86673488264,5525.52290034133
3914.01723509365,5514.32738469102
4026.49144740616,6300.2533444825
7722.06664937282,2597.09699564099
4021.71243099967,4060.9121469129
3949.1999536358,4804.66928956011
4918.95953476353,5391.4570655696
4412.59859851448,6039.50937904565
8084.71705878835,3280.44186558193
4173.70712041515,6462.05340951835
4164.17594245194,5013.12804880531
4063.58542705091,5101.72890974391
8313.84614927945,3404.73297834986
3423.43946388212,2395.91261529488
3788.0760169624,5230.90738351374
3464.90429222284,5289.7849030831
4096.82051583897,6087.93011108983
4371.19374819381,6944.72534254039
4350.67011859079,6039.45271644189
2441.72478640213,2412.50756965719
4095.98165742253,5968.86760351212
4119.57812709197,7057.0247032186
4096.18577417312,5396.3444265715
3870.95730766476,4164.34592437898
4666.19701214006,4486.75233407446
8249.9579375987,5181.23626848957
3793.277801562,4515.67986185954
3951.66628991749,1036.32684364558
8829.7216488269,5209.19757202398
3464.50085307016,2044.0672343871
4211.53899412964,1635.95853079125
4450.15999689061,5827.92487377812
4451.92895435623,4971.81128499369
556.311119624512,2387.84242281164
4430.85566493666,3259.30037155078
2289.8756844137,1696.48434013267
4397.12746646666,5030.405068689
3534.24332743815,5440.04820828032
5087.47761441529,5054.16065388763
4330.16936812512,5193.11427251651
4575.70952710243,6879.14133867529
4639.11488723844,6518.65765925329
2332.96359340064,1371.23634314417
8439.85961582088,1504.44991315562
4594.72502790498,5297.96884362911
4363.72155333111,7557.20072939462
4254.85383864247,3781.24329467556
4120.48211818974,4644.29001817077
4025.69276908812,5864.80842312842
3859.48146516886,6352.14064388207
4066.12543105272,6360.21083636531
4319.07529774242,5591.95938039434
3808.44275560906,4739.48319248708
4316.19104824309,5596.50592006318
3780.38906054527,2227.34961478716
3343.44269635597,5540.29915426506
3417.99745115388,4687.88005181681
4149.55983785934,5638.6180746037
5089.08220828846,6645.10829379286
3206.62280117884,3996.86268475709
4047.00602903641,5176.40557009143
8606.82384904066,2670.92139122824
4694.68442641485,4447.02719743113
4072.5166297294,2644.38109276797
4364.24546930477,5651.29189221478
4966.83365620987,5985.51922047819
3466.1424530915,5837.75668124093
4273.02219408502,1051.27361394965
3986.01549659803,6035.58781943918
3582.002835163,6052.97858738563
3786.43058331557,6246.71775531087
3855.89622398376,6080.82614285727
3646.25369377682,4076.88212121285
4660.79329004873,6598.3925141245
4874.76926285183,3551.52929333644
4580.56272648816,7136.07749256843
4198.15039898219,6075.76794833359
4408.945914329,1817.99063392515
4740.90923142268,5696.75728890317
3686.10161406977,2460.35977281515
3863.8854814452,2530.20594619215
4407.70542487721,6060.76462113957
4460.5995618039,6133.50925584099
4006.89736528083,3539.31046797643
4427.46295106492,7009.51353282134
2856.36803309491,732.277003291988
4590.16744800095,5879.69842511492
4571.99026999017,6809.8066087255
8424.8446452765,3636.94732279369
8498.05920838926,1555.31432570075
4095.12423431349,3056.35437622509
8087.18659222132,2596.24451945309
4369.35383418387,6242.2849637048
3370.77338690592,512.395020843301
3757.23402067477,5956.87585142241
3895.40228965824,5477.32966442269
3715.77813316877,2897.45277251365
7980.6482445632,1817.82022325862
4217.65697355637,5393.27576600819
3848.4672777845,5450.10751186867
4250.36020325784,2629.88899757354
3511.11743642809,4098.30735111805
3687.1988282061,4006.52408155337
4258.85994723604,5768.13779256184
3611.48078941808,6059.57090076335
3822.46725868798,1847.14523498052
2995.01650049841,2751.50893371498
3868.40768632957,3733.67503881929
2874.56964294569,3731.5721796514
3294.79827511173,5297.96884362911
2702.29117240485,2943.25920196273
4234.12292666033,5358.60840103329
3757.7458152338,4147.06932735055
3492.24235730329,4939.92884470806
4788.15802338888,6975.58489597158
4050.11207283893,2236.49956815622
4218.89855698573,4638.20893679265
4071.38253853647,2369.71313816767
8959.37026436091,3756.12357843418
3913.77008453623,4881.39214647176
7868.44094908677,795.644399926427
3999.03315925297,715.909492198312
4161.96417123501,5417.77007933196
4242.78095607535,6532.69518505188
3632.51599789631,6347.36703094294
4450.65349959057,3042.88516788511
8157.55029674082,1903.06784204934
4861.36067145422,6840.32534082363
4162.80008577269,4633.15116512422
3943.0971307,3039.64588522763
4076.71783018244,4116.60725785618
3655.56010799295,2974.06188136253
9261.1504933934,6146.52347192989
4326.22622286187,5180.09963357236
4286.20594706494,3866.83173479935
3410.88618948435,5193.17093512027
4476.7219494995,7195.75082572194
7839.41653347542,3624.61474937092
2813.05450139993,894.588511755055
4538.6997208736,5321.55401816121
4595.84125828327,6926.88000519809
4819.64196051345,4307.95983073948
4267.95895301071,6016.83334330522
3233.32913428344,5876.40226842606
3432.18079818135,4672.02382557964
3831.44797117727,7257.64076610611
4011.63751556203,5670.89884453665
3874.93283990262,5359.06297042913
3868.18257008153,1765.53491135316
4115.19730757493,4166.3350354841
2624.26702430722,576.785357189085
3495.98717943459,5511.37204933522
4035.17377013037,2905.75024969481
4166.79295841211,7208.14048460373
3756.30676117188,3040.49836141554
4035.15089541147,4913.3316722164
3781.88579648296,7474.28388875258
3528.46121700339,1974.84625250008
4086.24945725164,4588.8790659568
3340.17025525957,3498.3347369255
4141.33060693708,4003.45542099005
4466.87520487695,7154.09366343251
7763.24281463861,1156.8101448698
4082.54214163523,5627.87712834921
4851.59768443988,5714.14763399438
4150.99646409069,5764.84163587298
3921.52992858941,7286.62495649496
4697.60811155868,5908.51220483723
4185.64293916544,1875.2202865777
4271.4252659609,6452.3353501183
4370.02912234343,5403.16423607476
8512.64645566945,2183.41875980806
3915.9520752188,4142.35195415993
1781.86432896663,4117.85764083616
4735.48235156371,6839.81410882403
4091.39944889143,6824.12829325339
3354.62520908936,1118.90339152362
4410.40906518039,5524.10210669482
6847.11091131677,420.668572453098
4058.90992082637,1671.0805708758
3823.88872675793,4214.13078746592
4347.63759824859,4831.49395817731
3696.46075279096,4310.34684863667
4670.52418211092,6174.03020606847
3508.98552171948,4429.40935621438
4227.28518263332,5069.16398108165
3507.51279722311,5163.90258600212
3064.94144234977,1130.15609834676
3881.32110682321,4854.39706718803
3715.289306262,3959.69497667748
3301.9348985867,1748.71277800674
4184.1651121315,2367.09883557257
8925.92171250109,914.138590045536
4811.48959989823,6189.88600945039
3884.14433176026,3528.62618432571
4446.34599740248,6314.85918773969
2687.83294862267,2746.4507391913
2953.21240033732,3443.3216915036
7485.74239723296,601.450345463916
3693.65513991403,948.976471400775
8533.85690008609,4322.90649532973
3562.35681868689,4949.53315604533
3312.9594739209,5726.48020741715
4358.57087323416,5333.4315993329
4792.23724097389,7209.39044472846
3817.95547567359,3805.8513560621
3285.73906147495,5507.45048972875
3700.38978093425,5290.29655793794
4320.46832085898,5738.92610604745
4275.61509817968,4930.83576537038
4322.32496223049,2846.64523399991
5105.57103744927,6111.3448749554
4102.14350501358,2879.38036190107
4399.34350167569,6210.34543796016
2017.91365201067,3252.36702541237
3916.48205912643,6025.24477997677
4867.20795638952,6849.70257889061
4406.86002386483,3674.57002312438
2202.16227806552,2541.06085193703
3901.10675292973,3313.91572160823
4430.5554113583,5725.17316183341
4401.81612230056,6968.87883453109
3228.64069740005,5487.67312674035
3762.47104007261,4375.93042964651
4200.34950465414,5467.72535308542
4286.52814338264,4587.5153577693
4043.16593227188,6317.81452309549
4081.57560762822,6754.45274197054
3456.54433534489,3765.38706843839
3981.00592286348,6159.36770020751
3668.15514478871,869.298331990233
2638.95386120214,1584.2985160896
3948.1364030076,5808.77249085208
4646.41247508372,6812.42112274823
4180.63934752681,3552.1542733988
3961.63450844552,6100.7739165122
3743.65712048757,6447.84547305323
4379.42420899158,6680.68522041468
3610.885378575,3134.55490081464
3419.67836113819,6777.69667231432
3801.74856194477,5195.5012904137
4481.11076069604,5285.29544887327
4372.34561645418,5369.40643274678
4498.10981821747,5343.37715485848
4429.42046706429,5743.87055250836
3286.38422359935,5046.658778863
4574.45471446394,3823.35544921608
4189.0786081397,5187.08985374215
2802.81249032114,1069.23238221327
4384.55075033478,5749.04249509482
4134.63186750953,5316.09791684545
4185.57434813724,5649.30278110967
3806.9362017124,7101.06930626048
4829.50297764909,6655.11093477746
4546.2519896739,4072.10808541847
4394.59417557804,4854.90829918762
3852.03763146772,2184.55539472527
3986.02781046842,5367.70148037097
1243.20224006673,1700.29204596256
3356.51184449749,4520.79471898699
4136.09002733229,3310.96059768006
4327.85979121402,3217.52924977095
3830.67142616435,5791.55255642741
3219.29767976323,4852.01004929084
4406.7375856528,5341.61553987891
3587.48090259418,5877.36849267674
4973.43000438107,6479.3870920058
3891.01430006415,3930.76744889239
3985.75641648251,4248.05900146043
3802.89382523559,4964.36649542807
3807.56510826798,4439.01366755165
3824.90890029093,3295.38853017218
3830.84491293744,5396.51483723803
2519.54194442997,6257.51578702436
3984.07845314154,4419.69087395909
2914.08841932287,3260.26659580146
2888.27110087777,4480.27376875951
3449.23770369759,5412.82563287104
4060.13073776456,5705.90703084461
3329.91193790404,3312.66555005587
4315.23458713204,5225.05379826116
3419.46676693413,479.091575483532
3699.86367426534,2136.47569544177
3184.35269010238,1511.04243796096
3185.30696203003,2901.3741206925
3742.17870656516,4568.02173065495
3908.00657746274,3207.1289134219
4900.03692158624,5013.69636626392
3707.7234883226,2574.70533005749
4328.61589041531,5312.34719076076
3967.0263500329,5188.73814351421
4140.45069631088,2381.81842689253
3754.34088340805,4319.09868378603
3516.42481776426,1140.10165387234
4371.59259418818,6431.25051869091
4389.35568773185,6576.85353615652
5057.05531228015,6275.0203030336
4938.45151648365,6337.30772735459
3159.11105390124,4116.77766852271
4486.22401044722,6536.04842719975
3625.25832293905,4938.62179912432
4184.44014370074,6184.14617226058
4186.10475097054,6062.92414291122
8194.13599511664,1005.58082684953
4512.21606248351,5495.28874982776
4447.34040706272,6252.91258475177
1937.64094320788,2054.29694864199
5121.41731146229,6878.00470375808
4161.39965222508,6305.70944579826
3827.1104268153,3538.28758112199
3628.97658626535,4051.76240497147
3880.177466689,3772.09312987887
4061.92532596809,5037.73611019185
3067.54672724408,42.6238069176954
4471.58769658093,7361.18871449021
4180.92722462373,5960.00159744473
4058.18839744957,3221.62100861633
3849.56283972517,4099.84189282733
3007.0534737891,976.767152841027
3678.29725253403,6551.16550245654
4493.30798364963,5123.89329062949
3654.14173545794,6039.22522031635
4412.0289197901,7756.96431609422
3911.37730278349,3849.04348291607
3787.36905201031,4939.07636852015
3986.24965816951,2429.78437811326
4582.70391180131,5339.91058750309
3889.8511498747,5662.2032491358
3989.72047433181,4260.84614427903
3826.44367320452,6012.74179588746
3423.86101973867,21.7665575083205
3925.03292180929,5392.08204563197
4366.76323055329,3318.68954597498
2914.4461401591,1937.50771089869
3690.45841432466,4379.68157858646
4952.84631124338,5233.23731595191
3379.77946889188,5600.14332094035
3762.60740295623,3626.37678720574
3236.40286585225,925.107138139372
3100.92119661077,6209.94795402334
5151.73733073847,4694.81360938284
3726.76716023656,3442.29859322154
3600.39404428393,2429.15918662327
6434.06804941946,1040.6460986165
4034.4937561556,3005.37621561719
3441.6204423133,5278.58896457753
2926.23143705127,906.182145625068
3651.6174967168,1953.02290437518
3723.98546042167,1833.44895337025
3888.7458814908,5208.2313477733
7894.56666056085,2174.32568047038
3597.45534417316,2058.27517085222
4217.92319271688,3889.67818120632
3192.96463386459,5820.25258808695
2796.52632247039,2997.07873843603
3985.59620718609,4062.73084735149
8401.65235987168,1404.19875574325
3782.1092818656,4191.51141432924
3564.6699327141,7253.89004002142
3552.50315544866,6868.9116244204
3544.81842527318,6303.4928385676
4690.62439519191,3351.19738917823
4023.4507684365,2864.60410797734
3590.37840363809,5505.5751266864
4761.01120236492,8656.21336912886
3052.59057467655,7104.76336974141
3142.50587461387,4133.77052967709
4505.82597665588,3847.73643733233
3861.37118235649,4158.89024591848
4060.26424676452,3085.33856661394
3837.50505989137,4777.39005154707
3361.20247193909,435.444826376824
1781.38075972041,317.973602397513
4160.01648223057,5597.58589237663
7892.9451212556,1109.46927942526
4113.73703950703,3644.50586042209
3554.8102030195,356.107693298517
4098.60173161608,6314.17712221832
7760.21967963805,7876.48181592302
2601.45063522284,4676.34329197818
3879.99382341387,6382.0910585216
3637.57219103201,4522.04510196697
4278.39399458216,5612.81671569619
2301.95544398157,4756.646464308
4674.22076547352,6237.68176143221
4163.62946981494,7352.7206152149
4222.35630456985,4594.56224054285
4355.75965088307,2878.357263619
4119.17015057016,5631.00287437154
2687.42940190775,1995.36255504124
3985.79938443176,2736.33477299918
3771.60780004619,4945.55493383509
3296.93303674811,6637.49309356071
3822.21479116429,6543.20905803607
3983.64460557415,5850.43007599677
3978.01835537776,5116.67557433416
4320.5104187004,5360.76792280494
4066.56946845473,3408.0860090701
2756.59658794301,1988.82690426729
4604.14507417679,5350.93611534213
4118.52745579886,3923.77722872261
4616.00582091382,6631.46867478635
4253.74198728521,4378.20369948093
3643.24807454836,6648.97276794033
3055.93116220771,3750.21290772259
3865.74570071609,2407.73353386281
4894.2814789374,5444.36725182361
3509.43482270868,2382.27299628837
3100.1740210722,369.122173671949
3795.10722123331,2572.94350365029
4015.86875809238,3012.87809064182
4067.22761502103,1620.44354874239
4618.99574629485,3480.14857825014
3393.44986387275,6215.97194994245
2510.15273501096,988.645051154156
4389.16963925703,2907.22791737271
3243.40669506716,1766.61477795279
4309.15058015286,1882.83569823748
2594.35744924624,5233.57856014023
3322.45793150526,4161.56142254497
9493.29121636631,1795.59896834164
4529.56298950562,4728.85557144012
2422.75154992114,2049.29583957732
4347.46672135086,4606.21274844425
2478.33704334948,2930.69934384204
3940.8008061135,4969.48135255551
1989.00939387329,5230.96404611749
1311.493532908,2391.99126711603
3949.93711407718,4472.14691367252
3586.6682317675,8116.36844605802
3877.53973984334,4323.07690599626
4170.95219389338,5544.27737647529
3566.37982062011,7406.48327765682
4045.83880898139,4061.42380176775
4583.14723618981,2876.93646997249
1526.27999670642,1099.01228047245
4088.02373447675,2131.92915577293
4189.07322681823,2643.41486851729
4198.15144011709,5610.20220167345
4445.70339273976,3938.61014525009
3990.79869782021,2548.56272696167
3796.60241796904,2925.41407604806
4221.27194663627,6436.8770306732
4478.19316923485,5956.19420875628
4983.08512537959,4703.2812858029
3893.52028217968,5706.75950703252
4916.64830217684,7301.57204394046
4548.04471411497,5737.90321919301
8745.19576815086,4118.25554762823
2933.37335122365,700.67856316494
4580.3546910855,2123.97271135247
3714.79527961806,2689.73274139358
4354.47509886335,6586.7420062231
3938.51493190161,4285.28379499904
2436.20122762351,1971.20906305054
2852.46106033389,2849.82785405362
3912.17781897256,7111.81067537021
3980.57581584342,4095.35243861751
4013.62517359665,5061.37837018296
4400.0772633173,3368.07650226984
3640.14571464855,5678.40029670603
4531.94388187918,5885.32493709721
4670.84263458658,4174.06440663428
3716.0278609103,1206.36740611738
4850.09005148704,6040.5893513591
4072.80802083081,5788.19931427954
4221.54176524558,6965.35518171669
3906.26445345086,4984.71217587507
3718.59895937695,2178.360776712
4188.32340577375,6651.24603777475
8388.99051784573,2964.96880202486
4339.04551127728,5815.02398289674
4507.99144646825,4376.49874710512
3725.15940690808,5141.51113184624
8961.21703484437,1934.77987166844
3877.68156354943,5106.90042947511
4368.92117641621,5845.03106014002
4435.55110691181,3446.16327879662
3353.63038359671,5690.16455267021
3600.53083722438,4906.22770398384
4254.45498687827,6620.10232561425
4074.65462076473,1887.09807917702
4403.60208345483,1077.35934301408
3723.16774040743,4017.5496093924
4469.28271979697,7403.81252388558
9199.7032289429,536.491638802621
4712.41787889232,5071.66474704161
2719.89707229238,6878.63010667569
3670.09480589099,2721.89955183614
4870.82296660189,5112.92442539422
3934.47645251027,3050.72807567043
4498.02322368345,5660.61204482275
4127.55421000394,4577.62646484747
4018.60427901895,5609.34972548555
8792.97254520252,2530.1492835884
3214.12011819135,5501.25608314311
7765.42940222514,4229.64576951478
3736.06059479658,4337.00068373208
3746.10601058871,4539.43544705818
4479.35555349737,6750.70159303059
4344.57920993256,6520.47635969187
4123.38816391767,1588.21986426845
4081.98852756577,6758.26055351424
3971.65230546733,5131.62223892442
3567.62640506937,7071.80095714233
3491.00402102652,4878.26640044943
3991.00338581735,6310.5401441964
8222.24036798001,1349.41288930546
3966.41841155918,5556.09871789847
3921.34539254552,7368.00852399347
3811.4914476477,5547.34645989386
4229.17141600252,6104.2975693266
4619.14504163501,6228.36118596899
4096.28658673424,4671.2850974545
3672.75014289422,3568.40840642805
4074.51905649427,6497.85740941045
3962.751496614,4744.82554574007
4191.9347002222,5237.15887555839
2110.03086360921,2233.03278937321
4200.2776717454,5348.889918778
3149.16820123721,6660.2257919049
2713.73935652219,3892.91767529141
3889.36227884257,4166.84669033895
3582.86797786021,5928.97163334701
1874.54851789654,4605.92858971494
4164.81488395935,3384.55770856938
4184.97773915326,6591.91394880955
8267.40596096887,1416.19019069153
3971.93017225392,4467.65703660744
3659.89313652396,2592.09588657632
4420.09405001245,2641.08472465148
7306.45671875088,671.751193950572
3899.95923503357,4551.25636562611
4150.60063344312,4892.75849564386
3373.41429396595,4099.84189282733
3559.93837883179,1167.43766020295
3974.2975922796,6030.75712104103
4378.17728475186,5316.95039303336
4493.8734925762,4367.34900516368
4068.86133825468,6356.40302482161
4586.64563942862,5823.77624090135
4140.76112988715,3045.66988114674
4375.59697134303,1430.73915991733
2911.03746127187,4575.5806911386
3747.16368387138,4244.36493797949
3688.60250124984,6089.80547413218
3986.73903171177,5642.76713033571
3874.40872652193,5137.7599829063
7678.74686621375,223.860241823933
3992.79630870928,5793.14376074045
4111.21095278269,3183.99851971326
4044.78252082469,2756.39629471688
3886.08399855988,6662.27156561378
4011.61139256261,5025.51728483185
8292.96157774546,1640.90287153835
4426.71884423886,5642.19881287711
8212.13602765489,7783.84607017043
3855.65855071916,3987.54253214912
4389.94421050213,5478.35255127713
4231.38623904026,5581.90007680598
4530.89644939574,7017.75413597111
4676.96523749167,7524.52247552484
4657.86698591195,3873.25363751053
3852.88299179254,1656.53160164999
4118.49987255649,4119.7330038785
2221.65748620113,2980.48399550134
2742.63169837399,6707.39614096911
2683.38210329937,2310.60812247277
4131.46409241119,5765.18245720604
3533.67880790683,2025.54025437868
3703.80476610686,3888.65529435188
4670.45441255707,4374.7937947293
3349.15885431642,5939.7696650605
4069.93508261045,8277.82726690556
3648.26657306367,6123.50661485639
4057.92295270155,3260.89178729145
4376.68919790047,4966.75351332526
4094.03032822935,2978.66529506276
4800.6599537141,3981.80227210406
3944.96149340072,2465.47462994259
3821.14021550701,3588.29951747922
3561.30850337162,1292.18334236671
4404.94807149295,6600.94994268822
4068.41553847722,5057.00224118065
4408.03446134043,5398.04937894732
3693.6680070571,5854.23788754047
3349.58653607139,5256.19751042165
4231.71026618882,5048.93204869742
2419.02190474925,2019.85707979264
8727.73522496655,333.204505002432
4263.49848812647,4804.15763470526
7763.78557464771,535.980195375401
3894.34072275019,5278.36189130724
4414.89732627548,6444.37890569784
4148.57165272975,6129.24687490145
1981.84026777591,3846.03148495651
7586.86633641712,3385.23956266314
7700.7274296686,2988.04253312974
3798.92825097285,6373.28213791322
4353.49966251348,3969.41303607752
4079.79881961398,6060.25296628473
3478.40578971853,6686.93671245933
3618.10255266227,4613.43046473958
4044.09600780374,7065.43613989015
4187.73703889578,4441.62818157439
1889.92074201604,1686.02734117987
4437.97509449072,3665.93151318254
4340.48552647554,2631.65061255312
4480.04594713537,4781.82284315314
4511.46343600287,5298.25300235841
5100.01245874932,5384.18268667051
5313.75052801454,7320.09902394888
3751.86578142741,5769.72899687488
3165.45521435323,2928.36919997623
3929.26463698712,6258.53909673405
3988.88782381256,3852.85129445977
4411.84499516343,2895.46366140854
3872.18294108359,4868.43459298662
4570.3166180553,6273.25826519877
4613.06551219858,4405.65377101575
3693.83459957538,5827.81112571535
3900.9088411883,1820.37765182234
4043.0333492562,5224.94005019838
4289.93358821349,7387.21714666801
4174.1267855599,3613.1350749913
3707.30082098757,4118.19846216922
4411.31086483356,4867.97960073553
3670.06971330816,2967.69685268274
3736.97806307797,772.911701582233
3111.77454740833,2989.23604207833
4060.88386084056,3818.29767754765
4066.03267874677,5453.8015753496
3758.82101938901,3907.58018115237
4199.5816174531,5504.26808110266
4303.45804001702,6830.03896396498
4015.76290065909,6016.7200180977
3741.12845737125,6546.22105599562
3922.88441258565,2733.66359637269
4103.20723263842,4920.15148171966
3998.01749243406,5428.90893237851
4079.51388934453,685.163475402265
4151.13843432165,5507.10966839569
4451.17818406781,6229.4978208862
1504.1413651354,2936.38251842808
3439.08579779804,5870.15077638141
4139.18208495145,3480.94418040667
4035.22356265669,4294.94519179533
3180.37377324816,4356.26681472089
4540.62944368301,5797.91779653483
3941.0557657122,5308.88062340537
4591.16156321294,5206.07182600165
4287.63526608525,5099.22814378394
4362.64735695482,7512.19032495732
3985.09142988616,4442.93522715813
4509.33699686951,3157.79904258605
4695.21947396144,4827.00408111223
1845.28867010876,4880.99423967969
3240.22628773187,1327.98734225882
3884.85320807708,3821.36633811096
4356.57248848796,3073.68805871254
4282.30326284792,3616.14707295086
4881.71613821386,3504.47269233501
3130.46978257339,6969.04924519762
4196.72448256814,6564.57762533751
3997.04482568315,5111.50363174771
3580.4040981352,5503.30185685198
4874.6838053142,4932.76779101648
3032.17638893133,2429.21606065465
4307.48924376176,5315.13211545002
7586.16278291585,710.965098594306
3934.20464696364,4201.11614852177
3702.11207886494,3747.71256461788
3587.48807460564,3640.86888240017
3379.52988861867,3043.56723340648
3937.47459600563,5904.2498238977
4414.49719024964,5367.81480557849
4630.87907206221,4935.0410608509
4500.21175699038,5915.10451821495
4299.34299782417,3022.48261340672
9145.64788241885,2139.77206355826
4301.38091181969,2580.27475658077
3811.6308325796,7482.80865063165
3711.61027241174,5623.10309255483
5248.49885137484,7092.60120698516
4786.7435478126,1660.33941319369
3822.74592349235,3729.64015400529
4114.09133238296,5188.96563963975
4265.15284614365,4595.18764346046
5063.70115474419,7735.7099197108
4169.6728406671,5064.78827493459
2241.64398303007,748.303587338788
3426.56184078974,1857.14766453749
3920.91037423061,5431.63719446401
4175.10315526453,5364.12074209756
3422.65259595063,7230.58902421862
4413.53296909219,1370.72479400314
4115.1146760731,4908.95554321409
3404.7786313561,2455.47220038562
4090.55453492119,3848.53182806122
3572.64867511949,5464.25836287478
4250.13623922711,6999.68172535852
4822.78150838119,5201.52528633281
4320.31428874639,4330.74919168743
3769.71924156865,732.959015956457
2247.81845161524,3463.15592852338
4125.68353147566,5540.12874359853
3794.23256674782,4866.55880708902
4115.53011243275,4830.12982713455
3463.93345762695,2034.00814222637
3932.04004277829,6277.236487409
3923.94588817896,6008.70648821822
4206.77730086426,6543.26572063983
4692.7842697719,6311.22178686252
3704.43930851403,6448.5275385746
4181.71971349418,6431.64842548299
4110.0189707077,3254.98132800748
3827.1363934118,6162.32261270805
3863.6794508272,6500.5852486407
3065.37045212621,1704.89545966278
4432.6518978887,6233.70353922197
4323.89492176632,4739.53985509084
1161.5839239318,1582.76408009413
4367.37622599084,3658.54338622068
4134.37306599051,3751.57703876534
4350.52017323945,4858.43195200202
4385.84273691388,6069.63020435171
3867.79039109007,4815.41023581459
908.759018786724,1365.32577814639
8314.20023993567,963.241176183469
4406.14993930952,4077.45043867145
4341.49246853731,4513.74741335819
3718.29077961288,6571.68159357007
3715.9673477195,4523.52255821724
3448.88287425824,4292.1036045023
4744.75472870257,4434.80837207113
4021.80873882554,6437.33160006904
4373.5608833421,4498.23243130933
3813.57745920359,5748.30334411443
3928.70932832068,5208.57259196162
3863.57047656573,1909.48974476053
3830.75734798134,5468.52074381432
8403.76513643221,1945.23687062124
2441.0544976911,850.828014585576
4256.30255949443,3906.27313556863
3674.0512202412,3820.28678865277
3525.61535014089,4325.86183068553
6767.83612204121,443.855893050032
3673.18643400385,3951.51103613147
4013.17005995563,3500.83529145783
4496.86424341,6573.7277901342
4003.8576062548,5000.17049532017
4204.72856340761,5677.20699918506
2223.47083225582,1084.91798635629
4204.50158327988,2867.6161059369
4225.5928592533,4461.51929262555
3923.71446110762,5666.52271553434
4027.62656987105,6839.07495784365
4261.35335073897,4345.80960434046
4196.61061125381,5439.706964092
3676.1512729848,7044.63546719207
3837.7561396736,2477.80720336536
8675.19643039064,2231.04367826809
3409.28024438586,3582.04802543457
4005.91302471397,6163.97090248011
5020.97305057463,7233.25977798986
4405.55942844984,5299.21922660909
3562.74703142705,5277.6231631821
3194.61795233098,6521.84049073463
3849.71158576525,4853.14668420805
4098.07045296313,3692.0174536746
4808.88263061376,4848.94096587227
3872.90438907166,2865.8542795297
4811.64635554783,4890.08731901736
4358.83442988848,4881.73296780482
3322.23163340662,1237.56799230926
3971.41821435848,5650.49607863064
4449.32905633057,2924.33410373461
4448.61261464467,4376.6695806269
4152.75595212244,3247.19529425354
4367.47304325889,2778.44713896732
4907.32429858459,5304.90240119514
8912.40093205682,3347.73061039522
4360.65734139676,4471.63525881767
3791.36884176077,4338.81938417067
4610.55579261718,5794.45080632419
3214.17965166798,2018.26566405197
8885.31208697922,2146.25084030083
4646.3638274748,6005.29658346659
7670.33108507327,1376.06704154231
3608.03108712023,5376.2829048538
3936.80570721835,4485.50237394973
4108.59627542768,3613.47589632436
3924.07959707845,5093.14706240582
4414.19880519575,4728.34433944053
4200.77359164907,3398.02670548174
4773.70048562709,6775.93505733475
3836.03716597319,2996.45375837367
3916.36124402908,5579.0018269092
3645.43347362275,6060.02547015918
4930.77555508071,3551.64304139921
2076.2782142537,6416.19010603789
4177.69042467988,3886.09786578816
2992.65474709146,5168.50621112997
4432.83576719229,6968.36717967625
4467.16595847511,6893.57677126595
3744.49220390222,5480.39874784126
3926.77583881523,3994.07818292307
8213.2838725003,2328.11242705438
3631.65969866151,5336.4440201477
4744.80548805753,4777.50379960984
3997.15165816537,5671.29632847347
4636.58161267171,6504.39306018441
3958.9642395461,5141.96570124208
4583.35622000507,8455.25648490829
3660.07967632781,5647.19992194178
4435.28969281557,5543.4819857464
3201.10347259938,3959.92204994777
8130.43773552772,7770.49060989322
3336.44248248413,1864.64953956213
3436.33573284884,2827.49285107387
2576.07985069463,964.661969829981
8965.31107314989,1042.18053461197
4202.30130870539,4897.53210858299
4182.96934797848,4341.26306467162
4040.63522554281,5019.94785830857
2215.89183390004,3709.74904295412
3881.57826079769,4043.35139115516
4082.9823398293,7053.16022907114
3985.80036061412,4929.75579305693
1043.28567787481,467.441067582133
4336.25383525369,5674.36541189204
4453.10093164333,5272.90578999148
4614.23254536631,6670.28467263801
4598.76562777475,3094.37477192023
3698.4342225542,3587.6741145616
3381.28388771508,1626.97919951635
3894.37339101032,3495.89105642455
8567.86761282776,4448.61840174417
5073.83721436295,1299.40095294823
5269.8790839797,7906.20515729225
3734.71205192084,5109.40119543507
4094.89001074704,5788.71096913438
4338.66694157136,5786.32395123719
2277.91520318189,544.050282144827
3630.80044968362,4890.8260471425
4576.79092265926,5392.42328982028
3867.90287291858,5378.61283729198
4243.78941097572,5505.63178929016
3647.54459551878,5461.47386104077
3873.74390254186,5066.09532051833
3994.99065524325,5502.10855933101
2728.39257338343,1030.64366905953
4367.54172648504,5847.53182609999
4940.6214300099,7280.03264311724
4679.35143894971,3491.11723205779
4386.97619694537,3715.43221754017
4297.40447764084,5320.01947645192
3542.02991187946,1603.62130968216
4172.95102942213,6665.45397423987
4175.83562000572,4150.30839858039
3421.51239573774,700.508046784596
4674.24303972265,5459.25725381011
3392.3110995409,4993.2936003579
7584.98289144843,1525.13662636331
4286.89740568841,5585.02582282831
4559.38244307428,6169.82448773269
4013.64315756849,6456.6543936616
4737.66150670002,6387.71757050388
2767.884145028,993.134716791609
3694.66946252512,6030.70045843727
6744.57458131608,217.267756661272
4180.43551258007,4878.15265238666
1177.15387153843,3781.41370534209
4426.17585592831,6538.60585576347
4081.66935447361,5044.15801290303
4003.89298130518,4531.42234003395
3796.40952747213,5858.21610975071
4750.44632563001,6399.76598519736
3552.63672804604,3359.09695956731
3181.71832145051,2108.62813997014
3592.46423457603,4202.82110089758
4583.99976504925,4150.0813253101
4653.2177349121,5165.83503450348
4134.59625422963,6564.29346660821
3404.36951016579,4896.16840039549
4093.07432765429,4717.03465287219
2603.33620028463,2139.48790482895
3982.85356787614,2046.28384161776
3829.81563172911,4689.13043479679
4418.60656825407,5337.01233760631
4646.41435266409,6723.70651374686
3822.18288955629,4588.70865529027
4244.43170907959,5667.14769559671
4224.30315901168,6349.52655271459
4082.99624147651,3940.20177241839
2297.02100413986,1822.59404762537
4556.53155275756,5590.02693189298
1909.85500598127,1065.87935149303
4067.95194650254,6200.62737856012
4120.46842625272,2873.58343925225
3818.19360823696,6346.28705862949
3718.34545216223,5779.16332040087
4376.05900548138,5880.89214549114
3050.74036786647,1583.73019863099
3046.89141840868,7942.29331591366
3754.84763734582,4201.17281112553
4118.70101252005,6140.27197988524
4298.96492311635,5339.05811131519
3720.65364221478,6470.69191946019
4349.34003889718,4967.09433465832
3246.6590330325,3370.52018277079
2956.85666229792,4869.34373177829
3765.90044293036,3658.82754494998
8286.07998915232,693.688237281338
3777.44136154479,4069.55065685475
4313.04407939656,4350.98154692691
3266.63080043686,3565.05516428018
3152.24686685674,5923.68636555303
2464.98833472696,2272.19003141318
8547.1519930338,1525.98910255122
8496.04565437556,1848.90706138772
3704.18602585592,4188.2723430994
3061.93175400242,3561.47484886202
3505.08299352736,7063.56035399256
4451.32344666734,4952.31808073459
4032.95361062126,2598.40404122474
4465.22510097652,2535.77558414306
4719.86952943232,6761.15880341102
3884.81965649607,2705.36147150522
4411.38383501481,5874.07233598788
4711.49247771803,6609.8159487556
3970.15064040574,5068.76649714482
4669.65258667843,6191.3068030969
4056.62172972446,4783.24363679965
7546.69843900444,1041.66898547094
3906.84279332786,4971.69753693092
2223.68247007297,2369.48585346976
7605.39204638843,423.851139649904
2982.00695580719,1241.65996258227
4121.56661838239,4010.38897855608
3250.62984542318,3599.77961471409
3646.34447687354,1684.72018988231
4056.19375575372,5283.41966297567
4643.17652280646,7612.83917773413
4116.55226723419,4058.75262514125
4086.80160279241,5558.03074354458
4053.76002973034,4920.32189238619
3474.98294444646,3219.46148684468
1697.48960573043,1513.03154906608
8202.38089980876,1810.60250696328
3680.44738474357,4369.79268566463
3903.50184594515,7007.97899111206
5296.26970999912,7604.03025712576
3220.42852149075,1063.49243930965
1041.7190262998,1825.09460215771
4791.9748702833,6420.8503937695
5093.87444330918,6493.59502847092
3773.76370999961,5137.70332030254
2850.23648545858,8219.91639444213
4264.94801455662,7612.49835640107
3682.08316103102,1549.23335003644
3702.5680024685,5168.44912567096
5062.7321990035,5584.79874955802
2689.54424098675,4300.74211444415
8117.72533538659,703.520150457964
4275.84394523886,5843.55360388975
3676.32801346073,6627.94502197195
4726.98547263955,4654.12182563358
2806.4123385042,414.98539786705
4136.00627822353,4529.03532213676
3767.2469316662,5930.50617505629
3722.47840319989,4202.19612083522
4330.03562224714,4158.66274979293
4376.36737028906,6558.38321875187
3951.83298018595,5871.11700063209
3721.35598746537,5731.70881260737
3635.03017295617,1685.85682479952
3986.1179287009,6209.7204578978
4060.03515979685,4032.4396113789
4384.89368757459,6859.47772374966
4027.68552649424,4911.62671984059
4505.86620248257,6921.59473740412
3449.14164683369,5988.07664904191
3702.75592757439,4748.17836503268
3187.91335704544,3431.33015084151
4548.62605190954,7025.19892553673
8583.36195686769,1091.39676309886
3064.24055631108,4286.30710470873
3477.65705484072,15.4582343785181
3978.73982224107,6149.64921795222
4695.48259528866,6927.78956684501
3519.33597296241,6791.10921805055
4350.1057903318,2796.40601294476
4029.23358361623,6866.92251331528
3699.66163691357,1017.9134002723
3866.38807936143,4797.62198393131
4821.65073431363,2238.9434600848
3947.81494182117,5250.68474650213
4743.67199655857,5739.03985411022
4605.10763609469,4577.85396097302
8372.37465860089,2787.31293360709
3813.14775047704,4323.41815018458
4630.9897268615,5566.66925348642
4016.6219429168,6533.60432384354
3882.16047720117,4092.56751392824
4014.35451988239,5152.08166743419
4408.65096897642,4133.82719228085
5338.29727886225,6480.58038952676
3617.15349598477,8453.32403640693
3356.28772581363,2300.37840821788
3960.36189577668,1719.27391250825
4065.21489099897,6639.36845660306
4094.62342275855,5099.56896511701
4073.53677859453,5413.22353966312
4240.09183660447,6688.24375804307
3840.83073409957,5371.56595451843
4319.73853060477,6513.88404631416
4340.35116256523,5464.03128960449
4020.19112309772,2544.24347199074
7401.37427611949,2544.81178944935
3413.23863095568,1275.92942076509
3497.2120124202,1420.0547705528
4337.70326715784,7186.3169250512
4597.43340389303,6973.31162613716
3607.77976295297,1913.41109293937
3805.89598516479,3914.45665325939
8189.1777315544,6388.74045735832
4333.4274737323,6563.95264527514
4517.38429012455,5928.34665328464
4410.10152748351,5245.79738550023
7890.32829991914,3585.06002339412
4659.86913866759,5921.58350638515
7901.11599628721,1279.62348424602
4967.38719113721,6954.78464612874
3845.46846358463,3950.65855994356
4284.26514371111,4931.06283864067
4909.78556756158,5407.59702768083
4391.82316033936,5414.41683718409
4001.23610656788,6756.32810501288
4297.20448541169,4731.29925194107
4202.823635461,4186.16948393151
3924.73291285365,558.428734990292
2974.52502612503,1699.83747656673
4503.93703596516,6331.79496343507
3454.65836016988,4111.89030752081
3914.11564337177,4633.32157579075
3843.42192235754,3580.28598759974
4282.81785498303,6313.32464603041
4689.35745273735,4609.67973865489
3759.96936896753,4093.81789690822
4078.01596163661,4778.12877967221
4646.01319252694,4753.63446634844
4280.6428609538,8760.89710671967
3455.67039564309,4618.94322865909
4234.10167703337,5253.07176439932
4341.52633682901,4328.41925924925
3408.66266923646,3087.04351898975
4136.65457816357,4788.9268113857
4244.7503903684,3680.42360837696
5014.38103324122,3944.23665723238
3100.47087404472,3821.87799296581
2938.40653642427,4372.74802102043
4822.05336582607,6936.93930878645
8293.18762100736,3505.72286388736
8509.02055980844,4288.80744781344
3659.85586276846,3320.73553111149
4861.15234388247,6111.57194822569
4429.82001526007,4382.57982848324
3699.79322130762,1725.46853052152
3970.54277370537,2849.31619919877
3217.63562037436,166.06235099813
4179.0574987458,6098.50064667778
3883.20888757846,6413.2918561411
4256.44563662077,5157.87859008301
3881.7306749472,1786.61942563911
3886.0119587407,5885.32493709721
4047.56972563678,5804.39636184978
3727.20992875523,4520.28306413214
4640.20941083903,6050.6482320922
7117.97177712404,2180.86133124434
4120.40783864112,4669.35264895314
4111.17097516277,3070.96000805466
3415.39354530196,5077.17751096113
4303.40635742645,5458.34811501844
4189.94844137472,4628.32046672607
4082.89646826129,5149.35382820394
4087.81002280442,5246.76318689566
3790.34233933429,4749.71290674197
4884.54450090124,4539.20837378789
4055.18906099935,6373.45254857975
3721.97008492394,6186.58985276153
3645.08949912442,2055.54733162197
3596.98750109746,1738.14203099117
4039.94407885227,2673.36528315681
4699.90375355269,6932.73401330592
4192.78579313355,5029.55259250109
4426.62926472669,7115.39141364362
3974.64979490153,5765.23954266505
3549.91005174217,5761.48839372511
3041.52947637147,1349.41288930546
8144.66018171779,4967.83306278345
7931.53440094299,405.664980974549
3189.14912200062,4649.34821269445
3825.81815672357,1929.15357111378
4457.90401504676,7062.65121520089
3788.10504726979,1704.61130093348
3430.55020744886,5374.74836314452
3496.37696253219,5107.18458820441
3708.25221220962,5517.05522392127
3821.52957178218,6938.47385049573
4242.04908452794,4645.88122248381
4399.68616300982,6016.94709136799
5038.30858955739,3692.75618179974
4241.11157621342,6662.49906173932
3885.50047005424,5482.61493221667
3813.40706809759,3185.93075678699
3879.6843173819,5924.70925240747
4350.25214458473,6409.08613780533
4293.21366411964,4687.93671442057
4322.64021826446,6607.54267892119
4343.51311523,6430.17096923272
4249.60588068401,4765.85329170845
3970.15148814233,1392.83240657115
3944.47687974388,6685.45883335381
4644.08243816309,3638.02729510714
4771.16688062815,3937.98516518773
3598.9669564018,1665.62468098766
3845.26390761186,5930.39242699352
4375.19898297924,4399.34519351208
4058.27588271971,5885.43868515998
3444.73462886362,4916.51408084249
3344.14719114931,3509.75796012898
3510.2695024479,4244.81993023058
4619.23237141502,6568.44252234022
4220.20853712612,3737.59659842576
3828.71816487299,1512.86103268573
4868.76548946283,2136.53256947316
2977.89410483888,2868.75274085411
3689.29162665244,1565.88507271633
3918.64229770807,657.713773865795
3952.69944225974,1381.86385847732
8906.15815268395,1932.39285377125
3961.44438954435,2884.21106029921
2873.03994029351,1947.62388851844
3977.66443062994,2683.82228210962
4567.81828996994,736.653079437389
4839.29124198542,5438.3432559045
4158.30651516216,1858.90949094469
2638.05939868881,1618.3406895745
8250.09299610657,1887.66639663563
3004.23074530144,39.2139021660664
3505.47167091388,6312.92673923834
4634.62744631891,6320.54236232574
2644.56074693927,2521.73805834447
4505.58976232515,5817.46766339769
3429.62022757834,2655.2926611166
2172.79236601744,6713.19264076267
3716.19388169599,5715.96633443296
4451.41751396233,6477.68213962998
4179.10094148817,4806.03299774761
4991.03257007572,4178.38345017757
2975.23367681375,1368.56516651768
3606.19341765127,2167.10796417505
4179.85643695896,6216.02861254621
3647.20151539844,5360.48376407564
3821.99208327058,6440.74150482066
8977.14286566449,1818.04750795653
3465.56886401696,5041.94182852763
4127.11174426879,5798.42902853443
5357.55749798661,6278.60061845176
4656.53133118989,1193.40974691843
4142.1484112539,4516.64608611022
4032.01046437526,6411.75731443182
8634.83301425782,1696.48434013267
4767.77931792646,6235.35140613878
4241.69349807236,4102.11516266175
3968.00087204836,1615.84013504217
4090.59853223367,4019.93662728959
4465.98600898976,6841.68947186638
3826.88850271614,5244.48991706124
4270.86733056633,9600.7569853301
3964.21052314115,4543.29992120564
9079.55017131376,3310.67643895076
3484.12112712183,2874.49278947154
4409.36431524474,2920.52650361853
7769.50820309051,7856.59070487185
4266.50902202338,4703.90668872052
3842.05484113078,5342.80883739988
4127.25053385142,4491.5830324726
8277.88883209983,1537.18504105678
4178.15367414737,4115.41396033521
3466.3169885074,3477.02283222782
4293.34205367377,5199.47951262394
3992.6789285892,6182.8957892806
4108.97637005108,4526.8187149061
3890.14745234158,3461.67826084549
4612.76841504419,791.325197812411
4544.14508534619,2501.39237789746
3943.43277372015,3512.94058018269
4402.29877715821,4164.57342050453
6031.63454406964,4480.72833815535
2738.1016719401,1317.75762800393
4135.08021354604,3934.23443910304
3863.35016709972,2899.83979041084
4036.66147283699,5541.15163045297
4669.37742441496,5934.48439726652
3460.85205177878,4311.0855767618
3766.94551567825,914.252232394494
3363.07439377094,6201.99150960287
4356.63650203192,5626.05842791063
4576.28774906301,4362.80246549484
4055.04985517463,6655.33800804775
3647.4583146387,2111.07203189871
4675.53700743834,6287.06829487182
4350.66759483819,4614.11253026095
3114.89537602797,4536.53719716139
4004.88451498829,5351.67484346726
4493.11587480521,7238.77296476463
6548.63276799166,3117.84619838956
6180.11708342817,5292.85398650166
3917.52043274333,5732.10629654419
3738.45664463295,3075.90445451557
4140.20860682623,4449.30046726555
4576.43134368109,7174.55309194228
4325.51019754815,4535.57097291071
4218.91283846729,4579.50182788982
4100.90178590534,2341.01310650813
2728.54455780092,1580.26341984798
3987.5292557153,5175.66684196629
4047.81311743882,8917.86689621263
5886.59214814831,3461.73513487687
3670.10089043201,4836.43798178296
3772.9340663628,4191.45475172549
3211.37229951453,2126.30285521827
3912.34867564015,4895.20217614481
4449.68296150642,7236.55635753397
4544.44642665756,2454.56306159395
8776.61902135482,1202.50282625611
4531.87542791559,5569.96541017528
3917.04887713817,4381.5569416288
4777.65555575697,4421.28250112738
4490.67925407527,7236.44303232645
3361.16908665398,3039.02069373764
3522.08404481671,1810.5456329319
4073.63221515082,5126.45071919322
4027.17618266758,745.518821220243
7397.46572464631,578.831289468681
1699.71492498033,141.567879103643
4213.35304875829,2983.43911942951
3762.0751588741,2234.05588765527
4121.92976372538,1438.29780325954
4267.94143377208,5269.15506390679
4072.45249732344,4877.47058686529
1170.94747685799,2589.59512061636
4323.65033869572,3719.75126108347
4581.41784706569,6601.00702814723
3911.9765647678,6510.24664543699
3874.26493361542,6082.58775783685
4098.90645018337,4214.13078746592
6519.06489010538,2987.13318291045
8290.85876716454,3178.14472303306
3798.09176386827,6564.63471079652
4237.64239456219,6068.32315876797
3525.38370385738,3467.53205752569
8008.83352837211,5048.19332057228
3545.98226431469,5619.1248703446
4423.88278012203,5522.90880917385
7623.66163699655,733.811492144364
4162.45393895069,5430.10265275473
4099.16455068198,6166.073761648
8476.04732230662,5470.68026558597
7720.83070811775,1937.96249172215
3434.89501924488,5098.20525692951
4610.57914396898,5239.88671478864
3936.90683678204,2889.04175869735
8135.22479510153,4100.06938895288
4301.13898803894,5931.75655803627
3898.91365382385,5617.19284469849
2928.3504452496,4841.09826951458
4127.41828852867,5118.03928252166
3309.82034813155,5065.07243366389
4201.0231549058,5745.29134615487
2138.09723921683,32.3940926628083
4366.92656613402,5814.68316156368
4392.60548225588,3744.64348119931
2483.69324179841,844.178721462662
4339.99817244696,6772.63890064589
3963.62745229662,6589.52693091236
4865.92378091759,2924.33410373461
4235.26374049167,6075.25671633399
3563.66432044867,3982.82558181375
4550.576028479,5716.25049316227
4456.89344298381,7049.86407238228
4431.86832016787,5064.27662007975
4296.70341534207,6746.83711888313
3493.31114907619,3251.74183392238
4279.62138601951,5062.1170983081
3059.74715573632,4269.03008482505
4296.57072602213,4218.62024167575
3202.63190170656,942.270304246475
4524.6780424422,110.139915714259
3424.07178238621,4883.09709884757
4953.55272258745,6649.48442279517
4562.73025159801,5730.40134416838
4983.03751848147,4597.51757589864
4880.6252194286,3503.6202161471
3439.54761576209,5110.87865168534
4077.95223545945,3170.30202667536
2003.60786174535,1223.98524733413
4580.18124571763,6665.11315290681
4140.32976640419,4533.24104047254
3342.09144985256,745.575642394722
3818.77006132477,6927.39166005294
4558.56821856871,5355.36890694819
4083.96522704749,5221.70055611329
3865.89833420101,2944.73686964063
4443.71899701698,6660.05495838312
9296.51200190461,3813.52364175327
2771.33499798166,2436.71772425166
2703.38897871124,6216.42651933829
4462.24856057466,2260.02786865694
4319.63902931106,5048.02290990575
5663.34672989778,5440.50277767615
8184.93704620943,5371.79302778872
2953.23672033002,145.943915606364
4269.16621081113,5477.8979818813
4564.51092622572,6248.36604508293
4447.29268295022,5480.28499977849
4000.08257687012,2912.91109195875
3564.22413213615,4898.1575115006
4009.22238811181,6221.3709657992
3682.35158168995,5483.97906325942
4288.57565413059,5747.6217014483
4700.50902158385,6935.51851513994
3791.92118526033,6055.13810915728
4279.40924574557,4956.6942097369
4203.27377548965,5713.01099907717
8858.64976601683,8676.50196411685
4283.60687487603,4058.9801212668
3528.6472360382,2857.55680234854
3249.00461741202,1585.26463462647
4373.53404698578,4619.45446065869
4537.05489433855,4586.71954418515
4310.00142339188,2661.71477525542
4373.08348675921,3025.26732666836
4106.778726637,1634.42409479578
3593.21295523758,2487.01381933819
3753.33257430107,6780.70909312913
4409.81664251537,8081.41692235382
4034.56465330929,3966.2872900552
5058.87541010714,4746.53049811588
3627.03574678847,5340.42224235794
4287.30618958527,6254.73128519035
4077.92537249687,5380.54528579334
3314.75529589718,6764.68245622542
3455.68924311734,3341.47911835056
4236.36136003705,6914.20661044226
3705.72934977881,4892.87224370663
4223.28789414304,6400.67512398902
3483.06077601658,7154.77530609863
4300.02252404873,5056.71808245135
4199.76750229197,5097.01153655328
3731.88350628761,5076.89335223182
903.842757769515,1873.62887083704
4329.87861618,6988.76994558226
3111.56494227361,3769.81986004445
4986.08592895489,9053.46727269364
1745.2429281616,1935.29131509566
3804.20993211454,5718.86458432975
4136.38223694829,3972.25462337055
4290.00017291719,5152.02500483043
4543.60573895635,5057.91137997232
3966.77890203835,3512.71329548478
3735.60668714851,4264.02897576037
4019.86066552652,1952.56812355172
4212.51967230853,3956.51214519614
3815.82696521455,5389.80877579755
7641.62583788942,922.54970957565
4109.62830736224,4579.16100655676
3568.36021097806,2923.36809091156
4336.64848296006,3789.71097109562
3230.99760577867,791.268376637932
4600.24850546826,6124.30242844054
3584.63382611305,4695.32484138243
3159.87840051925,526.489262102557
4233.01737748188,6464.61083808207
7677.89137043686,6673.01293472351
4976.34986517377,6598.73375831281
3248.65649560126,5167.25582814999
4071.70539945527,2419.89569661906
8312.57447671043,2571.69312067031
8879.26026059607,2813.79635803597
3600.01927680183,5720.00121924696
8104.45435824073,28.8136946557318
3342.3712727591,4412.92814991484
4512.34208103322,5213.91452235935
4396.74327137822,5918.28734969629
3434.77142423376,4840.87119624428
4615.10476424162,6909.83048143995
3768.68993337196,4092.11294453241
4050.29699405274,2924.9592952246
4061.06087243328,5317.34829982543
4911.14900448406,4954.53468796525
3529.02028086115,6526.50035561099
3820.66995993818,5817.06975660562
3615.89498080384,5927.72125036703
3686.74949581847,3249.46856408796
4000.3134567619,5155.15075085276
3832.51136134304,300.980899813847
4302.21008328253,6364.13239597178
4102.9415688921,6311.84718978014
4447.54243216218,6560.88356185658
3535.30429899331,4520.16973892462
4922.6420089061,4981.81392597828
4337.78493603841,3176.09873789655
4075.19944158425,5235.90849257841
4057.62387514301,3539.82191140365
2830.13493886562,5479.83043038265
3264.97279057474,1595.03967377171
7609.3796952512,703.861130361746
3983.78835182371,1380.1589061015
4271.63766218036,4539.83335385025
2797.99064624664,3044.64699429231
7259.82581127076,905.556954135078
4385.61749503154,4400.93639782513
4370.99293519869,4777.04880735876
7930.95405820056,1267.91620802705
4114.53988722654,9018.40242378192
4142.4761616139,6222.96217011224
4441.49891425208,6347.48077900571
3428.59827837559,6625.33093080447
4606.955198093,2925.69823477736
3958.38243973805,105.991203552135
3376.00471438061,2161.53853765177
1753.7742866189,2755.37340786244
4473.84544386846,5606.16731685946
3889.9239853748,4832.51684503174
5079.33015546164,6837.31334286407
2554.45179036014,4398.89062411625
3487.29346117446,4961.92281492711
4518.78229792791,4493.91338776603
2385.2911804531,2042.41915604267
3911.9674627493,4925.43674951363
4096.00363999638,4849.33887266435
3728.98960301259,1457.67736516968
3478.06435022764,2569.36318823213
3775.72348194656,4630.08208170565
2625.34605361131,1948.24908000843
3306.92769865927,2587.4924728761
3252.57784548648,4975.10744168255
3507.3318804807,6753.48651771986
8187.13757571284,3269.70070789982
3613.57665428652,7362.95032946979
3946.89987576894,5936.58725643441
4382.49513657096,1225.34916694926
4487.72036706159,6955.35296358735
3595.97969974696,4898.83957702198
1627.46286797007,4845.87230530896
2855.6143496293,4619.28404999216
3976.65422120782,4474.53350871445
1106.58378628054,3073.29015192046
3172.64490920647,584.344000531292
3486.56596383499,5247.78649660535
4081.93624867871,5472.61271408732
4358.96092451441,5657.42963619667
4013.36618918118,6135.55502954987
3835.73680527218,6281.61261641131
4428.16676570612,5422.03246027149
1839.52660855082,978.472105216841
3535.80984542936,5512.6224323152
4846.06514622097,3853.64668518867
4100.24836447004,6993.77105464693
4906.19296474568,5416.34928568544
3542.42348775817,1580.77496898901
3507.01008799546,7219.05184152474
3714.30316125939,4508.23507229392
5057.8900491074,6793.89371988456
3303.06997544988,5901.2944885419
8491.11776199977,1174.71214481585
3619.5521638156,5567.52172967433
3608.96733085777,4587.11745097722
4033.04291604277,392.991506933352
1702.66780365274,2537.25325182096
4764.27391906016,7484.28610688192
3405.47684766783,4879.80094215872
3170.72012919356,5252.44636148171
3202.57081390581,4453.96075499716
4029.2241069246,3866.88882025836
4021.95857259062,4151.33170829008
3837.96622616457,4921.68560057369
3986.00880450522,4156.55989062505
4159.26051344132,4526.87580036511
4113.17787276025,6896.53210662175
3652.43486266417,5725.91188995855
3455.3525231469,3792.38214772212
3624.22817682179,3001.22758274042
4138.28950501029,6006.66071450934
3664.97451710499,3951.3972880687
4390.4949078883,5620.94357078319
3648.60300851051,1032.4622637843
5362.82800696513,5443.11686884363
3981.59366868222,6200.34321983082
4049.56811635587,763.932317450421
3744.12683456798,702.156177985931
6985.37629131486,659.532368590568
3095.10190123952,1797.19017265468
5120.60403230123,5806.32881035113
8766.20766801253,2991.62305997552
4124.69355405547,5096.15906036538
4674.49297612249,7265.08555567173
1624.46765133084,7033.7236874158
4234.23182382972,5515.57734481575
4306.21084926132,6946.94194977105
4524.17595730517,6412.83728674527
4269.28090145125,5265.57474848863
4737.27723599393,4638.94808777304
3907.96784197161,5108.49163378815
4213.32279541994,4211.17545211012
7848.51046007274,130.031026765429
4683.35211304767,7033.09870735344
3404.41097814663,950.795066125548
4017.72571667684,420.213897343452
4439.98005339819,4238.85259691523
4370.01216731764,4816.37646006526
4256.57892458422,5578.77433078366
4129.67525371557,4954.76176123554
3481.82248960627,4302.21999354967
3791.77094989761,5350.70861921658
3105.28655066146,1396.29907964036
3175.82258516592,4373.20259041626
3989.78897303958,2342.14974142534
3593.470180649,3653.76977328155
3799.66550127488,2592.66420403493
3871.83777390834,6086.56598004708
3983.80133058074,5450.67582932728
3530.29790448509,6150.55877959914
4097.57382026166,3846.65646501888
4575.47265326665,4887.8707117867
3537.6585237074,5900.83991914607
3754.36206643243,3909.05763740264
4518.36158514863,4758.97639674618
3767.02694957654,3637.57272571131
5011.38267907489,8947.98772151868
4413.24104639516,5224.71255407284
4834.87240792847,5315.13211545002
3926.89988944905,3257.02710171636
3723.2349666818,7042.19178669112
5032.89447150769,5567.12382288226
4673.27805250981,6034.79242871028
3599.91290738531,5946.75988523029
8007.2331308818,3074.65407153559
7731.40311875353,1343.84335706837
5482.98470471531,6780.48159700359
5076.41386163724,3774.36639971329
6960.77909091161,711.647111258776
4123.23511508946,6578.16058174027
3754.09980492134,2621.42089829823
4148.27299825418,5181.17960588581
3992.78719615989,5640.83468183435
3821.6288714444,1225.63332567856
7975.21750805073,3788.97224297049
4049.99599159655,4888.09820791225
4048.70994030569,5922.9476374279
4217.26718515775,4689.52791873361
4465.1272120202,6296.78677712711
3951.64758601877,3265.6656116582
4954.62199017696,6359.52877084393
2566.63966763968,2137.21463499453
3761.2263560223,6145.89849186753
4654.40625943169,6625.67175213753
3906.97449922032,4595.58512739728
3649.04197780649,1555.25745166937
4303.91421720335,2807.94277278339
3125.39700258421,5009.03607853231
4385.58885601919,7082.14441945999
3392.60347200614,5741.99518946602
4505.61156502665,3852.79420900076
3747.28005512629,4770.57024204382
8728.70446344919,1370.61115165418
2916.9630113907,3000.65926528182
3828.86331209982,4034.99703994262
3286.84941715277,4006.18326022031
4161.53991107595,6319.40572740853
4760.22575461928,7613.40749519274
2104.94856441378,2289.58037650439
4076.79860942483,5441.8669087189
3843.21095632454,2124.25687008177
3786.72972652552,6215.57404315038
2194.70452762096,2892.39478941759
5595.90399345808,3020.94807169743
4052.24107013483,4957.54668592481
8429.58679525902,2207.85641052807
3683.20950078303,5096.67071522022
4245.5174794195,7188.98852453295
4279.75177368363,6627.09254578404
3969.53590764052,4075.00633531525
3883.8087735225,5303.99283954822
4373.77943934008,5019.0387195169
3212.1653001128,1508.71229409516
4125.38086613956,4236.01100962221
3320.63831547694,3970.94757778681
4136.10790968812,6558.89445075146
4576.32000124989,5107.86665372579
4555.3447736057,4965.16188615696
3748.92204126952,5811.27325681205
3674.74317644085,3830.68691357418
4322.04751266469,5258.98201225566
3794.36271644749,3542.66349869668
3863.84858959808,5010.79811636713
4020.93341327964,4387.92218173623
4300.36463631289,3196.55816640633
4141.99042940978,2922.57248875504
4727.0341652752,5296.60471258635
3974.80949025145,5812.12573299995
4366.30164750623,2708.31680686101
3892.51405929434,3771.86605660858
4112.19133827055,5023.75566985227
3451.84957042869,3529.81948184668
4213.51801883401,5572.92074553108
2797.56839785045,3591.76608483461
3881.24225560232,2215.81285494853
4050.91700729503,1828.50450690934
4985.77632065154,6871.75321171342
9064.20199252718,3048.51146843977
3782.67488428083,3628.47964637363
3690.49695990974,5846.45185378654
8208.09523236248,644.926631047186
5007.97965507434,5865.94505804563
3702.82191687115,110.708233172864
4453.97838598337,4643.26713131633
4922.70549929119,2553.27967729704
4232.18788590668,5037.90652085838
3657.66371167416,5095.19325896995
3627.77184101522,4281.93097570643
3845.95789030395,5691.24452498365
1713.32059894239,98.3757456425623
4147.07401733103,5168.84703246304
4344.93585256911,6124.41617650331
4146.51763851502,5622.87601928454
3669.97015392576,996.82878027254
4062.55054530841,451.698695121541
3996.82642976688,3569.31754521972
2773.86506305931,2600.50690039262
7677.4035443581,1948.30574261219
5063.4190897824,5154.97991733098
4214.04025530272,5597.07423752178
5037.31303011814,7036.90651889714
4438.81305567955,3850.80509789564
4442.73976388723,5810.81826456096
4531.63515874316,6748.82622998825
2714.55216665736,1415.96290599361
4736.10021197973,4417.02012018785
4203.64894584175,4436.79748317624
3491.44528749201,2437.17250507512
4142.80382560328,4646.73369867172
8451.233382407,6196.87665247543
3865.07110931703,6326.96426503693
4267.59899206707,5196.35376660161
3527.12505838745,5627.02465216131
4354.61390168523,7358.74461113401
4257.0940916608,5937.32598455955
4284.26915035602,5164.47090346073
7715.07770593837,971.481779333239
4311.69814794943,6326.79385437039
7879.89382201278,1908.97830133331
4384.41401570357,4918.67360261414
4332.89836730216,2536.23015353889
8020.30954243481,1024.56269339522
7436.44443635662,2968.83348759994
3699.20093110986,4572.45494511627
3850.20123344189,4506.53011991811
4324.15757474071,6570.09038925703
4659.02167635048,5247.61566308357
3109.35576204274,4826.03785686155
7850.88343583473,3235.431249717
4578.7714886235,6423.18032620767
5941.7892407847,2232.00990251877
3811.26792319215,5313.25632955243
4216.06678851511,5137.7599829063
2471.46910768561,4307.39151328087
3549.37366396063,3549.31268610578
3804.59340889087,6528.2053079868
3419.63958905563,5100.70560003422
4222.77506002414,6540.93578820165
2085.91620473773,1341.45644488499
4135.25449833539,6629.70705980677
3633.45235613264,3702.75839992908
2384.15157484166,735.630086869137
4082.27918728688,6430.90969735785
4101.92351659449,6841.29156507431
4072.43232388894,7186.88524250981
3597.38027449529,3889.33735987325
4065.27134077674,5896.97544499861
3705.59227146077,4334.84116196043
4154.47216249315,4827.23157723777
3911.11377362831,3811.13662385608
4214.09314952279,5930.90408184836
3670.34557069738,3615.80582876254
4380.87068842011,7217.00606781586
3540.50597662081,2523.27260005375
4057.7906187206,5934.8823040586
3336.10883208885,2395.40117186766
3910.50561567528,5898.73705997818
4241.04507475225,5049.72786228156
2966.18766442019,1011.207233118
4156.72535366211,2151.70673018896
4052.08813791456,4812.39823785503
3557.24556628456,4678.6165618126
3163.04988272173,2054.75172946545
1770.79075184127,444.424210508637
8801.9053375351,4976.98322758014
4764.65977985432,3465.65648305572
9043.22804026799,3001.79590019903
3955.01693177065,4370.75890991531
3740.6692055345,4809.61373602102
7888.74496655867,572.295638694725
3550.17099203978,956.02356560195
3534.57411066116,6071.39181933128
3304.73021402917,6832.42598186217
3339.53944899598,3406.43793072567
3723.95895458599,881.403515001278
3522.04345159361,2400.74331369302
3629.13532649099,5967.84471665768
4723.76711109971,4940.66757283319
4390.93860285873,4671.2850974545
3140.54387660959,910.558168913563
4416.92846721314,6204.60560077036
3780.79624064673,3812.27325877329
4552.888333897,3203.15069121167
4366.30416260255,6134.47505723642
4424.95592760044,6377.43077078999
4288.46562433592,5764.21623295536
3982.35420914208,2431.71661518699
3526.83565987917,6602.02991500167
4644.49885169206,6092.3629026959
3535.34518477626,2939.45139041902
4224.65105127231,5161.79972683424
4935.30092969038,7628.97956270061
3703.9143895828,5443.68518630223
4048.21376008201,6102.42220628425
3574.37110127663,6393.40074508993
3890.08272884317,3834.43763965887
2552.54590681154,147.933026711481
2907.17970987269,1581.22964409866
3856.48293295433,5937.09848843401
3561.3991998994,4769.6606803969
2816.77068920727,3731.40176898487
4452.79386465484,6371.2930268081
4259.64123143428,6178.86090446661
3762.07444346621,6067.69775585035
4188.11987113338,7101.7517946371
3675.09681436233,3095.79556556674
4819.42397505377,4628.2067186633
4502.59410156478,4417.36094152091
4285.63155821098,6683.86762904076
4202.19653979618,2489.79874402745
4201.54586587549,4347.79871544557
5125.11849147503,4362.34789609901
5527.58975557683,4148.60344620458
3433.25308513964,752.338630723501
2897.60111812902,3643.02840417182
4343.67804931657,5639.64138431339
4365.79218405887,4476.18179848651
4882.47484620509,4081.08741669337
4061.90048121783,5660.38497155246
7764.93821331529,421.464201038073
3436.69086684303,2414.38293269954
4156.32933626926,6591.91394880955
3828.27618573734,4943.67957079275
3568.38153897886,4685.20887519032
3878.50983117956,4575.69401634611
5002.24650799161,6978.19940999431
3806.36410034458,6083.44023402475
3877.12132093337,1907.89854044748
3704.94992152771,5148.55801461979
4224.80736944233,5277.22525639003
8066.35429632909,2408.58601005072
4211.54471591525,5052.91027090765
3752.32306727813,3870.07122888445
4239.58585866248,5207.32220898163
4435.27602328942,6018.14081174421
4329.63504093452,5944.6570260624
4712.06856564496,5579.17223757573
3528.9229437111,6073.32426783264
3948.33218611808,6999.62463989951
4806.02257004737,5240.96668710209
3640.8511309506,5307.28899623707
4326.90979975832,4923.22014228297
4472.75758734244,6255.01544391965
4507.78759304952,5115.36852875042
3260.80564778477,3367.50818481124
3123.51969239677,1440.45732503119
3258.22911130382,5120.42630041885
4177.30208754608,8161.60634662087
4023.95363438552,4512.15620904515
3791.17452500297,4170.93866061195
4345.79811905306,4787.79017646849
2910.78543632137,1479.89862008665
4201.84765161882,4590.69776639538
3221.65303810068,2504.34750182563
4413.28066317495,5672.43296339068
8386.79829587258,1838.10902967423
3597.7986817834,4431.28471925673
4301.91589142507,5867.42293715115
3668.04380589295,3303.28831198889
3661.83566078853,390.320409592219
4217.03737725976,5417.65633126918
4006.06954152843,3453.72181642502
3786.62180108415,3599.15421179647
4413.80231541945,4336.77361046179
4357.9682085513,6552.41588543652
3856.64704155358,6112.36776180984
4052.76631888404,7719.68285995184
4292.67058486637,3641.55094792154
8778.91903116903,7392.04784506615
4463.54695899471,5655.72468382085
3539.72512109821,5260.57363942396
4577.86286904379,6151.97957324565
8246.06865338328,1253.42411283262
3518.49720753754,3649.79155107131
4022.1399584277,5029.49550704208
3950.30326384263,4854.39706718803
4544.07933405813,6603.28029798165
4171.51045856259,6417.21299289233
4457.22230318253,6424.82861597973
4000.86946061629,4113.42484923009
4010.94961368144,2658.64569183685
4577.61975429698,6259.50489812948
9027.77329743451,1305.25464391462
3270.40301414471,1843.90595232305
4583.58721757487,6719.95578766217
3169.73516233516,3055.1608672765
3684.32894186581,3323.80440310243
4029.51317527171,4941.46338641734
3774.96488809853,5374.12338308215
4044.70624766424,4501.01735599859
3907.45787853331,397.310709047367
4094.62699860109,5729.60595343948
8979.24908026132,871.96945575982
4729.97849527608,4449.30046726555
2493.95077649781,1430.62551756838
3110.63782092714,805.476313103053
3748.5453905685,4238.22719399761
3815.56221009523,5511.59912260551
4464.12756124427,5286.88665318631
3457.21423805454,3355.51664414915
4690.99312222057,5126.84820313004
8258.93263424197,2914.95686566763
4760.4466347186,4704.07709938705
4539.49526207491,5416.00846435238
3847.46366077233,7257.0724486475
4284.90817926282,3662.40786036814
4560.10485128259,6761.10214080726
4942.84413880377,4032.55335944167
4344.94116474753,6077.81414489772
3044.68208030169,4447.70926295251
3764.42689700536,6122.02915860612
2465.80547484201,1890.96255332448
4910.36225015944,7319.01905163543
3323.57452008903,1651.24633385601
4585.3484614188,6932.27902105484
4734.74545395955,6756.04394628358
4289.53945712864,5726.42312195814
3972.53638600871,4475.49973296513
3594.24659028903,6200.05906110152
4455.55060698947,4986.30338018811
1557.32788626787,648.22284059295
3620.27247889579,5035.0082709616
4531.13007313661,6592.31185560163
4216.4216457028,6216.42651933829
3699.08590374317,5457.04064657945
5021.74658279475,5510.97414254315
3685.60381702094,5131.67890152818
4428.88224504989,6565.54384958819
4219.97720100918,6535.76426847045
3586.52763433765,6364.58696536762
7806.08164063227,546.607710708549
4510.03635047442,5650.89398542271
4042.54610211834,3943.44084364823
4373.39033575037,4566.37386373815
4205.15104970748,4955.78464808998
4602.68226221789,4273.12205509805
3753.90305741411,4295.79766798323
4696.72860412418,5853.10125262326
3314.14658890195,3820.85510611137
4673.99653755634,4479.98961003021
4373.69719043271,4352.91357257302
1631.01702792296,324.225094442166
3970.74260210234,4412.64399118554
3014.22708621939,3986.9171292315
4244.4759015281,5433.17131331805
4204.76454655961,6810.0907674548
3698.83626148772,5715.56842764089
3637.38116584892,1541.95886542354
3556.0660467848,4244.6490967088
4182.68344763157,5778.25375875395
4152.45692368966,3135.69153573185
4203.39382259243,3244.18329629399
4657.11396811555,4687.19798629544
3226.80917375781,724.434254077385
4542.16563885073,3857.73865546167
7694.21969181324,4611.89592303029
4560.2071239666,6194.37588651547
4561.56383462952,5632.08242382974
4069.64433787858,4651.28023834056
4066.70837313955,4688.67544254571
4083.05260400498,6493.31086974161
4664.61498565044,6506.38217128952
4057.85257347259,3535.78681516203
3873.61954966179,6156.46902745547
4673.34257838952,6756.78267440872
3577.13166048614,3321.47447066425
2667.5588562193,176.803548322917
4319.3629016954,8016.17458553229
3940.13013396134,4850.81675176987
3942.1871246238,5639.07306685478
4734.34356793937,8311.18800915196
4085.42135434446,5736.99408040134
3259.07780707749,3879.67596307697
4023.90384644861,5407.65411313984
3292.88734494449,2845.05381825924
3506.96995751206,14.037440732006
4044.36994793513,6079.06410502244
4223.01889461622,4958.96747957132
4059.7896663084,4745.73468453173
4537.41128592687,7040.88474110737
3556.69112027572,4524.03421307209
3429.05022618316,3849.61180037467
4278.75183070437,6212.9599519829
3726.80790960203,5780.64077665114
3472.60626435045,2498.43704254167
4372.68229533317,5823.83290350511
3535.61974136179,4939.13303112391
2794.3031541957,1583.16188117239
3499.83601036495,5891.46268107909
4461.4026392237,8079.54198216673
4420.07277355192,3013.44640810043
4394.71396619088,5426.80649606587
3034.1207212689,320.133203454521
4273.04600280315,6003.13706169494
1828.2654327696,1695.85925435649
3394.5921478595,2553.45029939119
4854.99626074208,5753.07737990881
4198.17487635895,4628.66128805914
4081.00119285899,4141.49947797202
3859.241986035,5135.71420919742
4484.31696039781,4278.91897774687
4365.0302227258,4252.2647197962
3431.01475019905,5712.04477482649
3748.64669171985,5418.96337685293
3005.47443660141,976.142067064849
3166.57157005922,1478.76198516944
4733.48589611334,6882.7220769487
7723.74668839482,4059.37760520362
3411.40365983575,4503.17687777024
4456.23144521987,5791.32506030187
3189.63349185298,351.106504948485
7073.90278467374,1807.64717160749
4206.90679993553,5250.40058777283
3848.57365173443,4843.20112868246
4310.10243439134,6109.29867839127
3915.55101985552,3511.06500571272
1895.00835894671,837.245216753539
3705.96738441958,4721.12662314519
4242.50171258152,2880.34637472412
4180.81666767998,2688.02778901777
2629.57947765175,647.313543230564
4045.98386880777,5873.50401852928
3766.431591469,6200.68404116388
8743.47333143026,1675.51346819568
4335.54982362972,6755.58937688775
4220.6924101733,6393.96906254854
4306.23689160186,7154.15032603627
4412.65382727295,5710.22607438791
3489.84459438699,3083.00842274813
8083.63461449471,1523.26126332096
4185.79646047863,5156.34404837373
3619.75622496457,1785.08509535745
4088.11079535689,4847.23601349646
3879.25903787558,2470.4190764035
4060.61391761846,4732.49297231729
3487.94086291903,2545.60739160587
4327.60875186408,3694.23363805001
3669.44013561145,4532.55897495116
3391.3991756806,7280.99844451267
8987.44304331353,1806.85156945097
3758.49218428339,4526.59164163581
4949.21473165699,5444.42433728262
4529.2914895214,6830.77769209012
2040.20793700417,953.011461928582
5017.69854631407,5031.59836620997
4148.74120197752,6401.01594532209
2031.89186891499,3401.72076896268
3565.02751543757,706.418558925467
3637.60887775321,6260.30071171363
4377.55792871438,6043.20344252658
3894.54296293619,170.154241985776
4068.20583818352,5961.19531782095
3456.86708433707,5695.67731658972
4181.27861049873,2660.2939816089
3492.94574805263,6634.87857953798
4224.4157075622,4141.27240470173
2418.11868794189,4043.35139115516
3785.66125467462,2016.67445973892
4128.36445312398,5533.36601955428
4527.28484424842,3518.33959603944
3496.49417617724,5682.03769758321
8167.26526223581,687.49361926807
4912.08620759624,4571.71579413588
3365.41413746412,699.939729325991
4144.02086798168,4366.66693964231
3988.3850523266,7414.15556334798
1652.5199035459,579.285964578327
4067.47066220957,4073.07430966915
4202.33610011469,5646.06328702457
4922.72269293267,5777.00337577397
3650.04828729662,3761.40884622815
3978.41869780626,3781.58411600862
3187.60854971901,5923.91343882332
3841.63698066623,2655.17912448146
8081.88293598787,607.360857604788
4259.65670562166,4688.16421054611
7910.87909809532,791.950336445496
3815.58554164576,4602.23452623401
8834.11100929257,1405.22164259769
4155.33735536411,5110.59449295604
4577.64977954596,5950.11312737816
3984.82735527826,6739.67648804681
3882.55685779526,4834.90386292893
4692.18658015367,7471.21480533401
4472.38601086699,5499.43738270452
3998.20547646798,4767.78531735455
4238.73716489276,4943.90706691829
4763.2383188109,6495.24331824297
3049.77176939213,34.4400348530744
4224.37447020229,4676.34329197818
7850.39685035519,3937.58725839565
9378.19735741076,3576.42151345228
8017.24240307031,3330.45380193915
4060.44802131639,5889.98522482882
4135.32418714013,6133.05426358991
3831.88110919945,5401.00471430311
3994.71734828719,6303.83365990066
4713.48258720288,5947.49861335543
3720.97823041886,5304.39074634029
3228.69626375002,5096.15906036538
4153.46247006991,3516.40735896571
7286.68082416771,4170.25659509057
4077.48514052848,4793.92792045037
3786.17419368861,6703.0200119668
4098.03790768709,4715.67052182944
4023.17470927015,5530.41068419848
3535.31501586091,1181.98662942876
4247.06072858827,5526.60287265478
4760.84483234924,6556.28035958398
4085.71899018927,7209.22045691718
3842.99040834139,5121.67668339883
4653.78931784114,6364.01864790901
4257.76430403217,4723.6269662499
4091.40181024945,4610.87303617586
3652.83703376932,4813.36446210571
4075.74578871769,4856.55658895968
4141.01623444437,4953.79553698486
5021.12631530619,3598.30173560856
3666.85071188182,5725.74147929202
3695.04432841181,4268.91633676227
4193.93674909843,3930.65370082962
3703.75528179084,3056.07021749579
3510.71196511045,3654.67891207321
2703.30777882877,5164.75506219003
3974.48020599258,4065.06077978967
2419.41495995397,2159.77671124457
4083.13446935735,7003.71661017252
7283.19216236237,1081.50808160466
4441.98787703401,4697.65519667587
3268.37979574278,436.013143835429
4091.79352268612,2997.30623456157
2777.24891589439,6038.94106158704
4604.26006952302,2402.56201413161
4182.34149431064,5183.79369705329
8868.70871767308,4021.24367287334
3998.760783518,4346.71916598738
3581.64908782817,5489.43474171993
4084.22063491701,5335.5915439598
1498.2305416485,5907.4893179828
4368.36435167467,5926.07338345022
3499.3930522966,4192.81888276824
4435.75160671467,5338.09188706451
4062.12738837554,4162.75472006594
3956.51422210799,3107.95751689536
3721.77382003316,6885.90448557479
4390.04866886803,4577.91062357677
3583.81178954863,5814.73982416744
4351.16563797941,4384.5122769846
3463.99425660918,6496.72077449324
5156.42283800433,5996.77182158752
3871.05876892343,2701.15596459707
4729.77504010799,4978.00611443458
6662.03029262542,2591.58423172148
3524.93405451771,4232.03278741197
4495.60450884188,7128.63270300281
3057.83619874207,4356.03931859535
3688.63526224366,6753.48651771986
3949.53461278358,6550.36968887239
4003.65906290483,6467.28201470856
4415.20129275542,6316.39372944898
3903.94259738449,4553.87087964884
3783.09336822423,4579.38807982705
3136.68538893599,4578.36519297261
4859.31440024761,3259.69827834285
3692.64938482459,4461.00763777071
4284.95026380326,3378.24934249335
4081.62973003225,6222.33719004988
4118.01458216377,4242.83081912546
4267.25830282129,6495.92496090909
3170.62376613877,4475.55681842414
3766.62749366122,6153.11620816286
3804.90705934555,5022.73278299783
3240.35169371129,826.67452259487
4186.51634597229,3243.558104804
4026.37553463662,6670.51216876355
4612.42811171339,4120.41506939988
3502.86790848184,3404.61923028709
4182.20893111087,6815.83102749986
4510.57826656305,5694.02902681767
3681.8673441169,6613.45292677752
3239.6534933622,4431.62554058979
4296.00522655159,4602.80284369262
4175.936506927,5847.58848870374
3918.9630907818,3916.04828042768
3490.27053219004,4850.9871624364
3728.7010379206,3080.28058351788
2943.12542175451,3940.31509762591
6764.66027909434,3541.69748587362
3818.25586602425,6273.31535065778
4233.35798329883,1130.04235028399
1517.84442415993,3378.76078592057
4155.56421219851,4483.05827059353
5116.66212880395,7286.39746036941
4490.0926502413,3605.23529317459
3977.49050994187,5181.97499661471
4340.95151295989,3169.44955048745
4015.11132919239,4118.0851369617
3933.33913781359,5947.21445462612
3977.93546623258,4000.55674823802
4196.53482649249,4416.11055854093
7618.20109468748,924.254661951465
7555.85056971778,1121.68810478526
4359.8549712997,6814.46689645711
3774.08291135123,1167.21037550503
4161.15451671694,4415.31516781203
3591.33460955603,4702.2017363447
4500.20542356823,5192.60261766167
3714.77611962102,5330.98791883195
4510.13304862581,5354.63017882306
4450.23533091208,6889.99645584779
7967.26679430377,3058.9686788202
4476.00781608124,6550.4267743314
8531.97662461936,7590.22065030796
3434.82020818691,368.667524990755
4581.47951737962,5291.88776225098
4766.13126559014,4562.16814540237
4632.85821580508,6425.28318537556
3035.42444623451,4561.20192115169
4150.867958615,5380.03363093849
4175.02969712346,1204.83297012191
4256.80384900218,7223.99671084091
5478.90902954694,5304.50449440306
4032.37861992931,4098.59150984735
3683.33636823897,380.829502747827
4534.59905026007,5271.82624053328
2856.91376149421,1498.42570580888
3863.49301092451,7063.21953265949
3674.32877019464,4440.60529471995
4135.19967227723,5611.16842592413
3949.45591293944,6755.53229142873
3288.10811300719,955.512122174731
4127.9861863346,1651.07581747567
4342.7810559072,5830.48230234184
4325.4610458016,5154.07077853931
3809.62745533343,3994.36234165238
3325.29256989809,2146.59187306151
2692.18578875492,4714.76138303777
4514.6691020524,5949.88563125262
4210.66673107219,758.646943942633
3902.87808555374,1108.21900215909
3763.96175117486,4919.75357492759
4330.28544348068,6145.55724767921
3963.07628216605,5106.10461589096
4502.49788201642,5587.52658878827
2848.82481749994,3579.09269007877
3187.25004866733,734.436630777448
3518.99553033216,3789.48389782533
4702.3222599365,4434.75128661212
4865.05781548203,4009.87732370124
3972.83981916255,4620.53443297214
4327.22270035937,6780.70909312913
3676.8429214771,5107.80956826678
4747.43048819411,6508.03046106158
4057.91050449768,4276.58862245344
4130.40214026049,7119.08547712455
5022.90268554917,6164.25506120941
4593.51721075426,7197.11495676469
4705.65454985279,5103.37677666071
7343.81188941127,3092.27191275234
3776.03221413803,6024.22147026708
2444.6084418827,6125.77988469081
3696.98356657705,1479.67122967492
4631.28233827777,5010.85477897089
5160.01672711427,6993.82814010595
4021.95688882551,1078.89377900955
4854.90122946088,5214.48283981795
4099.29951706964,3105.51383639441
4343.18644133477,6288.6028365811
3987.15471504907,4528.23950855261
3756.0805162994,2658.36153310755
3047.10558516322,234.658273537425
4318.84184396874,6446.87924880255
4314.56244880014,6204.43519010382
4229.4108215723,4327.51012045758
8138.73380742537,637.652146434282
3796.70192287085,1848.05458519982
4437.88939753252,2842.5532637269
4272.20630252669,5352.18607546686
3117.53006854745,1770.25196740234
3699.31290507389,4408.8928422456
3834.27331247395,3032.54191699507
3264.64080860351,7377.27159114243
3994.62494680557,4231.23697382782
4272.54854523939,4543.41366926841
4104.71218504303,6651.92810329612
2860.9857899928,2321.91780904111
4109.6259428429,1575.77375421053
3720.72957605756,5571.72744801011
2701.07000792978,2460.35977281515
3751.72447591845,4069.38024618822
3629.8066669464,5320.87195263983
4062.74882891649,1596.74462614752
4614.71407413371,5659.47540990554
8546.85506264011,2877.5047874311
4257.64688841181,5744.8934393628
4000.72095227437,5033.07582246024
3586.80925429805,5576.61480901201
4369.47848684915,4280.05561266408
4260.82201297501,5939.94007572703
3656.36835348701,4563.75934971541
3845.78490412931,2871.02601068853
3269.55108772154,5662.54449332411
4141.4875460826,3605.34904123736
8259.1061804217,1169.82457238633
3785.58466820796,3825.51497098773
4260.68763346415,5605.54233679709
4611.28176109449,5315.13211545002
3985.2585257438,2540.09483911398
4198.78980147654,5340.08099816962
4384.76819327585,6167.09664850244
2728.36737262895,134.86172516357
2333.48003715176,2435.01277187584
2112.36965216549,1708.81680784163
4526.68121350043,6865.61546773154
2801.12103852782,1016.60624897475
3752.93208186818,4225.78129536732
3541.81765523369,3897.74837368955
4509.12090996249,3627.91132891503
4515.55879759341,3183.65748695257
2465.34542967375,5872.93570107067
4141.76450355026,4030.45050027378
4114.67574801227,6430.45512796202
4531.91153391901,3047.82961434602
7689.59423545665,139.180940491812
3444.04484594827,5761.60214178788
3304.22586461582,5833.32388963486
2493.27604415895,2078.33690399755
3414.03270969221,5543.08407895432
4468.70963106046,5051.71697338668
3724.83299099322,4513.29284396235
4553.77769183616,6137.14623386291
3627.18328269811,3470.14614869317
7462.02388120889,3539.1400573099
4040.47268064806,6667.27267467845
8395.55264098282,1087.24813022209
3447.68015433853,5692.21074923433
2283.5259528369,2326.35060064717
4367.74585000665,2155.28704560712
4398.84208874028,4825.18538067364
7553.85415322785,4846.83852955964
3809.57728585249,5733.58417564971
4093.67546834409,2924.10681903669
3780.21891046535,5456.41566651708
3253.04132198002,3967.87849436824
4200.14711169813,5399.18601386453
3889.20416514027,2224.28074279622
3947.69512139344,5299.27588921285
3974.77495367087,4740.10817254945
3714.62193159,4228.05456520174
3958.97113324644,3216.1651187282
3916.47061936235,4323.70230891388
3745.33722004825,2569.19256613797
2859.26764844533,5930.84699638935
3640.56745156849,1060.02566052664
5042.19050264971,5087.0659810277
3899.61685069694,3701.33760628257
4454.43531156079,4050.17120065842
4392.82278850718,7068.56188591248
2507.76611296249,1592.65276158833
2413.16090051577,6690.11912108542
5139.48576245117,4844.73567039175
8631.61987658853,2397.67444170208
5109.28369656302,6813.55775766544
3556.15853369331,4604.28072279814
3521.65837402322,4964.30940996905
3476.50133967502,5710.62398117998
3485.66007281933,2265.93853936853
4110.82815370552,4478.22757219539
3992.84460624288,5035.12201902437
3532.47151176007,5074.39258627186
3612.01839277047,5187.99941538907
4404.75366617453,7010.87766386409
2418.06509478431,1287.12535927065
4802.35415402124,6730.58340870913
4193.67872908653,6474.27223487835
4356.09852296198,5837.18836378233
4372.14814562297,3751.40662809881
2912.0308015008,1245.12663565147
4617.80289277415,3052.43302804624
3389.26109192473,5151.17252864253
3741.02340909405,5097.86401274119
4218.78176282807,4963.40027117739
3524.61955278732,979.040422675446
3745.50794677199,237.613529607861
3815.16382995124,1993.31656990474
4534.35160951476,4696.63188696617
4474.3210712842,6730.18550191706
4573.94282255549,6041.78264888007
4354.07365999132,7115.2772427256
4548.50317902938,3931.96116926862
3887.31058737577,2761.68177393848
4213.2165918604,5139.97659013696
3905.52221662953,1761.67033149188
4501.71991955771,4092.68126199101
3285.05124229187,1545.53928655551
4698.95459937176,1748.31487121467
3829.75601019132,4386.38764002694
4334.91302920977,3630.86624141557
3757.70654424945,6117.25512281174
4331.25399975109,5787.51724875816
4042.79613109813,4838.82499968016
4302.63035877292,4805.80592447732
4309.03581179628,5194.59172876679
4175.1724637973,6160.67474579125
3219.7662152925,5349.62864690313
4872.80467109795,7165.28917908282
3769.64527516939,5206.46973279373
3861.7867305363,3741.11982838491
3719.13955163982,5652.03062033992
4472.89665871824,4623.77392705724
4016.79713188226,2898.53253339948
3161.34506541462,2853.69232820108
3989.68395320273,3422.46435620175
3543.29170210946,4502.21065351956
3031.75925197333,2174.09839577246
8151.63108784341,2460.41664684653
4025.5362466655,5711.93102676372
3876.12276211905,1497.17542854272
2188.67152879442,1238.02266741891
3961.97159690401,2781.17497819758
3843.49166555575,5530.97900165709
3338.62615230962,4517.49856229813
4035.45313729595,1446.19737364862
4213.55956650088,4331.60166787534
5070.71415392719,8517.25975049998
5770.25160166075,1193.92129605946
4661.87490011122,5459.02975768457
4520.81549025488,5136.22544119702
2034.19270559069,1862.31939569632
4519.47092332451,5701.47423923854
3791.03943826659,5368.38312303709
4417.6269826031,4873.03779525922
3457.91357994524,5620.31859072082
4048.64326873794,5008.4677610737
3560.24108310357,5425.72652375242
3694.60894430227,1771.16131762163
3023.58478552684,4651.7918931954
3475.63651080919,1672.44449049092
4082.82799941043,2784.41447228268
3900.43821044067,2941.6111236183
4317.51254520488,5115.82309814625
2188.50850541259,1545.48241252413
4006.75768466903,5586.33286841205
3726.21766322544,1939.04225260798
3262.06266594255,6782.52737071246
2721.65351571911,5302.45829783893
3404.77890104313,2653.47417210565
3498.75642361954,5840.59826853395
4008.76396269727,5692.43782250462
4740.54050478377,6049.96658942608
4377.1498199195,5760.74966559998
7886.02256033933,2258.32291628113
4642.66133424667,5191.69347887
4060.69058990669,7135.39584990231
4938.92277855426,5839.97328847159
3614.1390497303,4299.26465819387
4187.41051289822,5055.9222688672
4131.9993958598,6245.41070972713
4178.26633025138,5008.63817174023
4659.99072046862,4738.91487502848
3927.90172196614,3492.59468830806
3515.47260315289,5900.38534975024
3726.70843989576,6739.79023610958
4313.53299776955,5465.50874585476
4569.22197670792,5966.48058561493
2282.01479225442,177.144541440925
4203.07742815045,6212.84620392012
3976.52812779032,5246.82027235467
4228.37728180327,3996.06729402819
4381.11551251031,6353.10686813275
4373.38185532323,5184.6461732412
4282.77695149367,4637.64061933404
3195.69457578953,4555.29167329535
9047.39495948876,7517.81683693961
3924.19181185721,5230.85029805472
3609.40011241904,1732.57249875408
3793.11301627866,5012.21891001364
3194.3419987942,2301.85607589578
3175.69038246361,5162.08388556354
3853.49353915257,4466.40665362746
3527.1605514438,1940.57679431726
3993.6542389428,4814.50109702292
2708.73249053891,537.969306480518
4754.65844064367,5523.30671596592
4607.10667881068,4447.82258816003
3538.9042788583,341.388286977723
4971.8972842164,6219.21144402755
4206.50943095783,4477.54592952926
8929.11067507248,2129.4286012406
4387.74347418292,5285.80668087286
4306.94183347715,7291.28566708182
4323.47591520212,3621.71649947413
4191.9466536652,5481.08081336264
4032.92576057447,5051.8302985942
2410.14921750289,2688.59610647637
4550.31317692304,8495.32286573993
3979.71629652255,5022.44862426853
3446.47968541022,3452.64205553919
4490.97015701153,4781.3111882983
4009.104875943,4274.82700747386
3168.48602829014,2687.40259752778
2897.46619344568,3640.98263046294
3748.34309762452,5031.99627300204
3956.88772536683,2167.27858626921
4380.43261510632,5078.88246333694
8148.05399017478,2923.31121688017
3596.12378337438,6384.76223514809
3024.44116564806,39.1570710809172
4342.27111058964,1174.08695332586
3964.73808656971,4038.74776602731
3517.81034800568,4867.46836873594
3668.91509807519,4260.3915748832
3987.4568222929,4775.05969625364
3372.74750562915,5972.56166699305
4952.24351658973,7428.87515466795
3748.984696231,3374.27112028311
4395.73750217166,6460.9734372049
3324.93053295258,3656.83843384486
3701.28455229528,2312.25641224483
4356.95880888038,4289.20535460552
3474.89674038071,2309.18732882626
3505.26545137164,1433.12607210071
4135.58154212891,4133.31596028126
1790.62569829376,1456.31344555455
4370.79303507643,4170.48366836087
3637.78755542526,4361.04085051527
4180.94633688808,5280.06684368305
3320.7153535981,3504.1885336057
4124.40895097613,5056.49058632581
3897.81992443969,7392.04784506615
4066.66215193612,4712.09020641128
8713.94835301215,615.089964470432
3708.17533428022,4322.50858853766
3190.54629138273,2082.20137814501
3741.01942363388,4505.90471700049
4067.83489113235,3020.4935023016
3980.23213327119,4553.47297285677
4450.17914740448,6287.92077105972
4739.69665861422,6839.75702336502
3877.02059170277,5765.40995333159
3617.11180150591,817.467800908234
3209.15332320763,3320.84927917426
3850.35910197957,6469.78235781327
3393.37467522075,482.501480235161
4868.83834680014,6843.90565624179
3263.07247549828,2186.31722113247
2589.97957405938,407.369933350364
4156.65876636014,3480.26232631291
8307.23211274234,2319.5876651753
4268.48465961898,6581.05883163705
3922.49229171162,5366.67817066128
4140.59130309637,5865.83173283811
2149.30055044259,5351.27693667519
4402.00565590822,8448.09585407197
4072.97112971454,5960.56991490334
4180.36853469208,7561.57728125218
2589.7812379437,3359.38111829662
3429.14189071069,4370.30434051948
3645.04122511504,4351.2086201972
3898.75145740935,6068.66398010103
3904.23944636891,5088.43011207045
4452.48195221599,6433.6375365881
3454.35539997289,4966.12811040764
4316.99751497273,5457.60896403805
3673.02696651377,5419.6454423743
3828.09042729635,4916.40033277972
4172.89851807857,6314.68877707316
4087.73387354431,2673.19466106266
4192.81737005295,5092.12417555138
3669.2649114614,6579.24055405371
8275.7049999319,5199.64992329047
3685.86078892722,1233.07832667181
6883.3915490394,875.152022956625
3467.20739913554,4450.15294345346
4560.93884412026,7019.97074320177
3756.30913929691,5896.46379014376
3829.79875834849,1641.86909578903
1237.71557267142,4897.47544597923
3896.39966517684,5426.4085892738
3346.50933815446,211.129920179804
3605.55803426007,4449.24338180654
4222.49123730798,4082.2811370696
4269.63813157661,4102.39932139106
4310.22737582462,5644.81290404459
4135.14338008973,6043.65801192241
4924.9863255994,4872.69697392616
3745.2165260152,4714.30681364194
4508.98134527012,7318.22323805128
3853.17714871716,4885.6545274113
4031.06824476555,5678.79820349811
3974.80010051246,5270.40544688677
3940.67377543411,5358.66506363705
4545.93199331807,4969.4242670965
4137.96511149423,3810.05707439788
3872.3391312487,5626.4563347027
4207.83654361964,4981.30227112344
4111.12681249366,2182.33899892223
4341.95499287923,6433.86503271365
4015.47536159614,5576.33065028271
4287.85821752084,5941.75877616562
4526.72378537176,5292.56982777236
3803.5231224153,4719.76249210244
2205.02355116557,2446.2655844128
4232.2729826375,2242.46690147158
4220.90460224154,6343.615882003
3843.21356032553,5292.00151031375
4407.75489353886,6700.86049019515
4529.71806015463,6335.26195364571
3836.85532639286,4169.00621211059
3615.82053733857,2600.67731105916
3272.63128264421,3440.59364084572
4436.53527680904,5743.41598311253
4519.54164762625,6350.3790289025
2907.5674589668,977.335470299631
3307.20915067118,5178.16760792626
4292.74610649007,4260.27782682043
4556.50040052698,6619.59109361466
3367.17618043582,6360.38124703184
3380.51663759129,1480.52370586283
4314.71568746159,6703.92915075846
3834.83589526725,4556.42830821256
8259.09771478514,1251.54864407647
3953.91734397622,3748.96294759786
4283.91833301728,4689.30084546332
4833.48855632724,5190.72725461932
3992.91680856514,6713.19264076267
4350.41575800736,4701.29217469778
3289.8394276263,4736.35744646475
3650.65577295923,4095.2953531585
3679.72620318315,1789.40435032837
3784.01354800516,1051.95557375721
4194.27173304586,5837.75668124093
3487.07327468002,5790.01801471812
7849.14203100207,1982.51853819125
4286.73308914112,1280.81699319462
4194.75184196218,6310.65346940392
3406.05254509685,5123.09747704535
3984.16516690728,5340.87681175377
3888.12630316502,4942.77043200108
3933.61521094783,3272.03085176563
3977.22926680421,3918.66237159516
7135.42375477171,3.58040007179939
2455.77838156748,4093.98830757475
4347.74161064257,3634.67405295927
3172.25151911189,4875.76563448947
8517.00132578849,1009.10447966393
3044.89639110075,6288.26201524804
3775.42468220076,4687.99379987958
3474.81324026081,5362.41578972174
3674.46069347688,2210.12968036249
3721.93454614809,4254.87881096368
4760.15973057825,4117.74389277339
4268.24126364249,4990.16785433557
3907.72810715033,3991.97532375519
4569.788321559,5167.5399868793
5064.7326852347,2293.33131401671
3331.08727728515,1003.98962253649
5650.98140560283,5547.68728122692
4540.71461193414,5060.12798720298
4277.646953921,5813.88734797953
3938.83688173402,5311.49471457285
4134.46518841105,6648.23403981519
3881.81310057879,5970.4021452214
4045.54063327609,3535.3322457662
4262.54315185146,5354.40268269752
3559.9576200522,4499.42615168555
3995.16211504219,5807.86335206042
4196.56327240339,3585.85583697827
4715.33580058594,6955.58003685764
3840.58793677325,3309.14189724147
2504.16846773429,4214.92617819481
3488.89557754018,6415.16721918345
3043.96251574555,2324.19107887553
7879.1946785165,1076.96154193582
3968.74333059833,7128.00772294045
4504.89774981665,2946.10078925575
4362.5048660008,6695.74563306771
4592.16864372564,7911.37667702346
3885.70348263462,3497.4253867062
3560.16121457677,2471.49883728933
4266.50455231908,6137.43039259221
4304.68471373519,3666.44316803739
3275.95759176235,4454.58573505953
4336.03584264323,4668.3297620987
2970.58700360318,2442.91255369255
3767.97765946384,34.5537003269294
4186.65720157421,5071.55099897884
8428.89215002078,746.712277311932
4612.58344676988,6498.76654820212
4390.87838430534,2254.57219019643
4127.12364511742,5376.79455970865
4153.43773171061,4747.66713303309
4472.88961625353,3185.87388275561
3246.61322794577,3724.12739008578
4352.13736366751,2250.82125268412
4829.60910039295,4841.72367243219
2980.19021556052,2702.00844078497
2805.7959382741,5048.24998317604
4007.28624186465,1126.40516083444
3961.82279414494,5378.95408148029
3586.19147890367,5523.4204640287
4691.46730750318,6181.87290242616
4823.45647890628,4833.19891055312
3995.17629198871,4436.85414578
3993.33523288703,6412.38229449418
4139.12488665542,4029.71177214865
4189.96671145459,6958.6491202762
9097.74835859471,1841.40539779072
2575.15835869878,2413.98502590747
8562.13373206002,1421.64608057966
3405.53788033649,1107.08236724188
3134.75545865611,1805.03308044001
3534.95560481627,6870.55991419245
3803.52213525513,2175.51918941898
4586.06000753052,5872.31029815305
3529.63902506571,6758.26055351424
3219.80958242247,1930.40374266613
4119.10361191691,364.632455177589
3561.99657032134,6708.36194236453
8358.94378025047,5306.37985744541
3232.8221685738,4883.55166824341
4169.22147734253,3735.77789798718
4234.00193603649,4223.5080255329
3623.65235634021,3899.79414739843
3216.54302875275,1350.20859717579
4212.84985766385,5141.73820511654
3077.80170677801,2371.47496457487
2492.00400799984,3524.98878344854
4075.08589265044,5526.48912459201
4526.35332872305,5707.21407642835
3748.2884778337,2598.06321989167
1484.18079969637,4204.01439841855
4554.29008062732,7115.50473885114
3846.66423837365,4418.04300704228
3995.18104246833,5646.85867775347
3553.74815596033,2898.98731422294
3840.23442068605,4630.25249237218
4152.01812097909,6180.28169811312
2546.31203624821,3824.71958025883
7952.48706324656,5644.35833464875
3710.11633775783,5145.94392345231
4551.42912733494,4943.11125333414
6409.49826954509,12.6166470854939
3496.49438483579,7994.80517252034
4608.17336097608,2423.30560137069
2290.65860283384,1677.7867380301
4217.68702867212,5109.45785803883
3631.15126925312,5034.15579477369
3344.0493492703,3064.59497937486
3402.58200035855,2537.13950375818
3640.0121215999,5128.43983029833
4541.16780470993,5605.8264955264
7231.98233126713,2812.3189017857
3698.84750919987,6351.17484248664
3783.11375136654,2873.75384991878
3726.61044865215,5306.32319484165
3459.11896734204,802.464209429685
3720.68518791065,1536.27569083749
4787.5081845996,7204.90141337388
4343.83912320989,3047.3181709188
4116.06798595167,4862.9218290671
3631.1937597452,5427.31772806547
3682.56612761663,5072.97179262535
4589.91313712984,4951.35185648391
4103.42668090847,6941.59959651806
4677.19062234767,6792.75708496735
4116.00123095665,5991.5432163973
4143.64440146928,6371.80468166295
4125.50283136801,6230.12322380381
4010.56388252281,5530.01277740641
4283.41616204577,8846.77055128326
3837.24363355197,1926.65301658144
4524.57140427972,5033.87163604439
4500.56362199984,5838.77956809537
7412.39748809644,3660.58958278481
3956.74901356271,4430.09142173576
4231.04589277157,4914.86579107043
4989.73853837031,7461.38257501594
4036.4685730508,5805.41924870422
2390.61358300571,1643.57404816485
4648.03866072399,4446.288469306
3817.25789124499,5223.63300461464
3411.13957439588,5826.7311534019
4569.32155857898,5288.76201622866
4518.64107826534,6137.43039259221
3433.51523701699,6717.85292849428
3488.41236840293,3854.95415362766
4523.67525857148,2902.8517883704
4478.78208583534,2853.80607626385
8345.2590474488,1494.44748359865
2083.10966560879,3170.41556331051
2022.54250993537,2549.52873978472
4342.85215094935,5976.02823434844
3797.13539904702,3000.60239125043
2681.4452970162,5150.26296699561
3929.6326448593,5010.45687217882
4519.04378228215,6544.74359974535
4681.44430454526,4801.14563674571
3889.64322680346,6584.80998057699
3653.53959167207,4910.0921781313
9036.12519551318,2169.09707528017
4021.09071881164,92.465246715917
5169.92874155284,2380.68179197532
4489.78186160349,9274.08777183984
4076.19283714696,2886.54099273739
3844.23200063885,2701.8946927222
3692.86667622443,3454.6880406757
4253.09286921945,6052.06902573872
8166.81296150597,5065.07243366389
2066.65392845624,1486.71842958991
2909.8577706845,3397.85629481521
3094.56467317702,4317.73497559853
3643.40022145379,6096.28446230237
7887.40089461912,1976.5512048759
4006.29859863407,5249.20729025186
4356.69074944472,6406.18788790854
6107.95177825769,3146.5462300491
4305.80049923369,3111.87886507421
1536.26721332861,1732.74301513442
4507.09518612558,4836.83588857504
2572.48911486683,5364.40490082686
4222.99739014321,5305.58404386126
3839.13344484055,4176.16684294691
4817.47870586283,3889.50777053978
4271.56505596142,5651.29189221478
3428.26239556628,4795.17830343035
3387.04454120751,6787.0739103813
4661.40872670786,8167.97200958354
4406.77829935054,3318.91704210053
4248.60429323633,4906.39811465037
4222.96565351076,5968.75385544935
3378.44367247718,4068.58443260407
7363.13286904231,5959.0357960493
3811.90886610482,4234.64687857945
8395.73428084712,8525.44369104599
3636.9646930316,4685.26553779408
3327.62545392914,4308.92605499016
4212.15188076865,4686.23176204476
3659.55625263709,5889.13274864091
4271.02444823672,7081.34902873109
4748.58465871385,5209.14090942022
4010.79207418626,2668.53458475867
1189.14451610478,1406.86982665593
4164.71333850947,5402.8234147417
4647.24862746213,6031.04127977034
3711.87593793029,5444.87890667846
4117.48719254695,5815.0806455005
4837.4691255692,5123.43829837841
3531.61169406586,831.334757469574
4055.60785073996,4954.19344377694
3736.25188436622,5305.64112932027
4224.53555901443,4547.61938760419
5609.05536251279,3789.42681236632
3866.82472716188,6283.37423139089
3559.10382970415,5742.44975886185
8532.28600901735,712.158554685995
3252.06011402034,5222.09846290536
2744.84468186106,2013.8328724459
3977.03389911932,5037.39528885879
3723.22355712921,2623.06918807029
3702.14907267081,3391.03648531195
4406.40304784178,3232.36216629843
3905.21598836427,2728.49207664148
3882.38484704884,6482.05826863229
3890.26315117444,5946.53281196
2564.98031257594,1716.20493480349
4440.52154036086,5285.69293281009
4150.49215860713,4786.08522409268
3171.76773070063,4941.63379708387
2757.85419491979,3832.22145528347
4067.7639770531,4691.46036723497
3952.22301767566,2293.04715528741
3437.29892730385,6377.99908824859
4233.80474600021,4427.93147710886
4554.65713853674,3675.42249931229
4367.96951654787,3925.02761170259
4758.84732501245,6945.52115612453
5102.35910467554,6832.76680319523
4322.48906478171,5456.24525585055
3565.94632947869,5773.93471521066
4027.1348728739,4929.64204499416
3195.8155627005,5613.38503315479
4383.01293950874,5855.20411179115
3927.15011942363,4112.97027983426
4597.65672642967,6288.94408076941
4297.5501827403,5942.21334556145
3427.92521045872,3053.85382169275
3983.03221073619,5412.42772607897
3849.99584043176,3681.95815008625
4644.23907378261,3597.3925968169
3756.95193375879,6523.54544311044
4261.46159851557,5244.94490931232
3992.32917318195,5808.60208018555
4222.19547539185,5633.61696553902
4424.64147127826,4069.60731945851
4373.94622449962,4975.67575914115
4051.47397517133,5307.40274429984
4249.11613679906,6610.38426621421
4343.91819400184,5655.27011442502
4051.42989998933,5918.96941521766
3747.30377572291,2160.23149206803
3896.94485565639,5006.19449123928
3386.4634429453,4814.50109702292
3994.20482063705,5976.19864501497
3272.9035890358,5236.70430616256
3320.94338796416,5590.08401735199
3500.48582914177,6580.14969284538
3260.66865832162,4733.6296072345
2541.8007971999,1880.90346116375
3239.99248965652,2002.7506820031
3554.11367810237,5011.87766582533
4917.38691890007,6537.41213538725
2795.48592536578,1632.66226838858
3716.31016930871,4556.82621500464
5175.17211846632,6395.78776298712
3549.49503349293,6724.38857926824
4650.17684094222,5886.57532007719
5173.66015293049,6398.51560221738
2878.57845715993,8469.06609172608
4515.21710164907,7013.49175503157
4514.34875479042,5481.64913082124
2373.53262084275,156.116795472546
4089.81568776768,7089.98711581768
3708.96795930573,3110.85597821977
3142.46384975068,3199.85453452281
8393.38608464581,280.805656461829
3971.94859389255,4299.66256498595
3809.20860804706,4034.59913315055
4729.04174699212,5223.97382594771
4083.2898775458,6040.93017269216
6975.24692720632,5808.31792145625
3726.98573337203,1629.47975404868
2249.12100440413,4766.59201983358
3703.62498240103,1391.8094140029
4262.41524669773,4230.15700151437
4088.23934529196,4496.75497505905
4459.30621684465,6340.03556658484
4243.69588002514,4405.59668555674
3698.85200468216,2137.72607842175
4140.14376147187,4238.90925951899
4384.48498169906,3883.54043722443
4746.74646694073,5373.10049622772
4298.09174274435,6178.51966027829
4277.35316698349,4894.69052128996
4442.32154075984,4171.67738873709
5047.89931420924,4111.37865266596
4490.33833793623,5908.56886744099
4196.74827599004,5544.73236872638
5149.38347174584,3938.43973458356
4697.26314930011,2594.53956707727
3709.48793985691,6553.72293102026
4280.33319313589,5652.08728294368
4051.43005560233,5495.51582309805
3502.7272960735,4738.8011269657
2820.26940732703,895.611398609493
4084.51632543654,3724.07030462676
4590.75019307102,5534.27515834595
4349.56993139123,5794.84871311627
1889.17851285053,4405.48293749397
4112.79057856657,2394.77598037767
4418.03908204336,6407.60868155505
4271.96258422643,3726.79856671227
4074.71979502508,4815.1831625443
4005.23836965375,6252.2876046894
4511.81654078349,2131.36083831433
3454.28019376924,2701.72428205567
4580.21407881128,5785.81229638235
3699.0057967908,5278.19148064071
1471.34344730834,2689.50545669567
3777.83927668994,4619.05697672187
4193.04166669389,3982.54142308445
4267.15559704653,1001.31844590999
4431.38546719023,5277.6231631821
4257.45588080188,5887.31404820232
4687.60066219032,6015.1283909294
2636.79242937427,682.776563218887
3556.40450674945,4225.61046184553
3436.55385402875,3066.29993175068
4910.51410193655,5537.5713150348
3782.20611362537,4621.89856401489
4113.25779724808,7360.39290090607
2863.84912067832,5074.3359236681
3353.26205822425,5797.00823488791
4589.5809719123,5642.82379293947
3749.69759090994,2079.70082361267
3598.70441672434,4253.51510277618
3626.05384575685,7242.92117478614
3600.29515693816,4891.16729133081
4058.36715342033,5312.8588456156
1970.79046641256,1686.82294333639
3415.66812547801,4222.25764255292
4353.9940805945,4427.07900092095
3514.27283873543,2555.38253646493
3957.24120307195,5881.00547069866
3867.06716894603,4068.98233939614
3909.2794958845,4345.86668979947
3610.54301407399,6546.84645891324
5572.36242269752,7262.58563542227
2801.57912454968,4942.88418006385
1714.1117322131,5447.66340851247
4423.58773556401,5167.48290142028
3719.25151135212,3942.75920098211
4519.83869655474,6309.85807867502
3420.73412586082,5445.10597994875
3341.28069679462,2096.12515588083
8809.81255503031,1328.0442162902
4514.09967237941,4038.80485148633
9393.48180006216,3190.30667436168
4912.95983400898,6627.66086324265
3870.14530163471,3745.26888411693
4379.68523132547,4102.11516266175
4251.37881249807,6368.11061818202
3360.66629309011,2498.20975784375
3850.12513408223,3785.7898343444
4757.95466327701,5328.77173445654
5389.26811107985,6284.39754110057
4559.5329040306,4942.42918781277
3986.12983730836,6166.9262378359
3327.59603913273,4572.85242905309
4173.99641592162,4944.36163631412
4140.50588305624,5203.17357610487
4311.24553945827,6575.14858378071
3871.37081918172,5458.29102955943
4104.17059886848,6474.21557227459
3425.76063480124,70.3577002190344
4001.52249061602,4877.18642813598
3789.61217828401,5969.94715297032
3515.77623059646,4191.11393039242
4351.65548050249,3015.89008860138
4177.50621636113,951.874827011372
1812.58407773556,1131.06534285224
4281.36064746936,5619.46611453291
4333.09648804676,7095.72695300749
4170.2554717815,5194.19382197471
3737.94983630478,2912.05861577085
3548.13710336866,3443.6058502329
3935.91912893037,4778.46960100527
3732.7174685187,5875.94769903023
3335.24727088345,4826.94741850847
3824.71353705767,5073.25595135465
4539.63590978704,4923.44763840852
4693.03244978134,4843.42862480801
4212.9935340118,4559.26989550559
3123.78187624514,1935.91650658565
3104.4098116832,4164.45967244176
3354.5337666534,6820.77547396077
1533.11448091599,9.49090106316732
2826.30321382025,434.308191459614
3554.58351748806,6451.4828739304
3980.53333697309,5319.39449638956
4030.68849155302,4535.74138357725
3729.97184542828,7134.60003631816
2051.31788450449,1819.29767950889
4052.78676058515,4087.4526568008
3862.3362529183,7603.51860227091
5220.69117939208,5771.49103470971
3023.69080359822,4916.96865023832
3878.577737542,4746.24633938658
5056.79735687104,5374.52128987423
3958.57183705843,2993.27113831995
4727.45656673781,4956.18255488206
5365.48993083461,7044.12423519247
6129.84488445464,5516.9414758585
3790.21891411262,5208.85675069092
4067.24660049412,3048.90937523184
4712.39944541047,5639.86845758368
3738.52220335753,5558.6561464622
4497.96071597416,5544.3344619343
3279.76070543771,1958.25129813777
4165.69465704096,4850.30509691502
3954.04687291723,6942.1112513729
4623.41091352405,6100.66016844943
3526.01451006717,2006.89931487987
4279.55684679332,4978.23318770487
3985.1437828242,6056.55890280379
3951.13361070635,6056.10433340796
3797.46535842989,4236.5222416218
3549.43572291576,5883.73373278416
3253.45879508502,2545.26635884518
2581.92536377296,3872.85615357371
3851.19495885669,4868.94582498621
4090.95619227091,4432.30760611117
4447.08879315635,6252.91258475177
3966.6741091829,4978.00611443458
3914.19777717336,5565.98718796505
3167.951248216,4995.11230079649
3625.99687255825,1707.96433165372
4201.48122767891,5203.17357610487
4355.45147479741,3981.34770270823
3369.14074204687,3757.88519341375
4337.07666357125,4900.77160266808
3919.35287415177,2761.05658244849
4412.02663915233,6594.41429191426
3847.18513056571,6165.96001358523
4232.41007947956,4739.48319248708
4423.51684808892,3287.60270784587
4045.25137830094,4881.61921974205
4048.03515010315,2791.97300991107
3456.1221037901,2203.87818831783
4098.35740033434,5370.42931960122
3344.76887743054,1864.64953956213
4533.84502204491,6183.52119219822
3503.56633693932,2866.99091444691
4423.44592019261,6579.41096472025
3759.8603697433,4826.09494232056
4121.62659312278,6075.5408750633
3996.31355768838,5386.45595650493
4513.58111861627,7303.22033371252
4430.88137504611,6432.21674294159
4828.28179604632,5027.84764012528
3784.52418800705,6147.88760297264
5196.37615600707,5128.78065163139
3985.5777341074,6722.62696428867
4049.5548165714,5555.87122177293
4342.42337890166,7388.18379377394
3655.02191957065,5476.36344017201
4553.53711959336,6570.60204411187
4008.09607168943,5092.80624107276
2550.26841594677,4950.44271769225
3553.49895359573,2513.15642243401
4236.03383802597,6797.30362463619
8368.21306238437,5447.60674590871
4339.15869009663,6723.53610308033
4783.30877571011,5339.74017683656
8449.80069899709,1718.02363524208
4004.99411949331,2038.49780786382
2359.12594573258,4428.727290693
4089.66067281557,5321.38360749467
2934.12150653406,99.6828771187759
1769.22376167542,1788.15396734839
3854.10551349801,5031.25754487691
3725.15349235962,2588.23120100123
3822.51985119563,3949.7494211519
3701.54386145646,7143.18146080099
4465.77139804187,5174.87102838215
3699.61261824494,5088.99842952906
4079.19457146634,2209.95926969595
4600.31676261236,5384.4097599408
3541.01445496102,4948.39652112812
2934.41887445023,2500.0851208861
4282.55412247162,4986.47379085464
4020.58002946515,3373.93008752242
4070.96448038213,5536.66217624314
4455.58312973888,5051.5461398649
3509.25728751955,1773.5481240912
3486.92437797578,5184.87366936674
4230.27524626507,5685.67509846038
3911.97389673247,4940.04259277083
3847.70677127463,2185.86244030901
4310.22296342279,5681.4693801246
3187.44020234972,4883.66541630618
4484.40746531307,6586.96950234864
4074.11477279323,5049.15954482296
3298.13961439662,2756.39629471688
4502.18981878302,6538.54877030446
2728.87469287139,1164.08462948271
3889.378608422,3479.1256913957
3389.88772464273,2149.94490378176
3967.02723071393,5538.02588443064
4209.17673233562,6582.82086947188
3747.76307007022,6606.74686533704
4014.86105591609,4682.53769856382
4244.70035585905,4734.14083923409
4947.73736239388,4061.87837116358
3651.97979202174,337.410064767489
4113.89781802353,5147.93303455743
4684.01722920545,6656.19048423566
3112.1854098937,4247.03611460599
3900.76783369157,4959.42204896715
4420.94502200912,5303.25411142308
4531.93906526953,928.232884161699
3677.76363373834,6067.69775585035
1914.31395158813,4353.99354488647
5388.18057574338,4274.71325941109
4206.03924811483,5592.5843604567
4412.73035525015,5633.21905874695
3974.96485193361,5389.69502773478
4430.99875333912,3038.45237627904
3941.95513305537,4250.73017808692
3695.28043937167,4322.05401914183
4423.21843795746,6704.83871240538
3192.50310101677,6278.25937426344
4305.80725823915,4231.6348806199
3287.24580217457,6348.78782458945
4406.55908350025,7124.4844929813
4338.12865611047,5026.36976101975
4917.06986040609,4616.66995882468
2879.90454347252,957.78539200915
4346.09688593943,5779.5608043377
4177.9844807416,1453.2444678498
3603.987994445,5698.23474515344
4083.79248820377,4545.85734976936
4420.93621590566,4967.83306278345
8625.27403599269,5954.659667047
5723.51514144862,3917.24157794865
3822.20178542369,5432.83049198498
3014.12963511773,1797.81536414467
4222.40846482675,5671.12591780694
4646.76938475684,5499.20988657898
4372.82456510272,5612.13465017481
3931.95791658276,2982.52998063785
4192.38126514549,5401.34553563617
4559.11138672676,4356.38056278366
3932.15806958615,1002.11415378033
4210.48933521599,3803.46433816491
3790.98755844567,3696.96190013552
3059.2088671679,4281.07849951852
3356.97371857231,4797.90614266061
3938.6982041907,4824.4466525485
4090.60604288092,4671.22843485074
2161.08773225647,3597.9609142755
4726.53682001026,7824.36744325316
3740.62358574327,3213.32353143517
3695.82730759431,4671.62591878756
1964.22946148677,1984.56452332775
4028.25005834744,2228.31583903784
3195.20067399486,3156.71928170023
3645.1385338932,5761.54547918412
4494.91665297771,4467.37287787813
3217.71184944105,5348.54909744494
4238.05977813544,4094.7841211589
8514.89260059335,1590.37949175391
7499.25375586293,2951.61334174764
5151.42188367856,6813.55775766544
4078.13132387018,4123.2566566929
4134.28562935072,5446.1859522622
4356.88995102101,5854.06747687394
4340.21990437537,4253.45801731717
3370.52678101851,5121.62002079507
4367.71518478491,5956.42128202657
4506.9029945844,5217.09735384069
3962.16103858229,393.105175710764
2208.39409068619,1064.00388273687
3622.1066018308,5920.16271273863
3907.93665216396,6015.86754190979
4530.38022805162,3737.93741975882
3823.73832734044,2929.39229825829
4052.55546016825,3082.89467468536
4159.35691450658,2788.22207239875
4333.55549233713,4367.51941583021
4535.62629052978,4252.15097173343
4268.2503568134,5541.77703337058
4349.84422823668,6643.23293075052
3516.23599893682,4058.01389701612
3954.34790723416,3979.13151833282
3949.74074838182,4308.98271759392
3527.75966980698,6650.39356158684
8321.75476967875,8718.72828957539
4001.58638423386,1614.36246736427
4464.76853499437,5175.26893517422
3359.31970396435,2722.75202802405
3611.1079929255,2484.45639077447
4446.48162782248,5695.39315786042
4154.64404284867,4102.68348012036
4557.88946180293,6439.15030050762
2341.11158717257,2039.1798733852
4040.97591741418,1796.33769646678
3004.09462741196,3577.16024157741
4193.48187108424,7027.58594343392
4518.46622826571,4051.42116078315
3428.00120792085,4583.9917049549
3831.24429795478,965.741836429618
3811.86634136028,4208.16345415057
4710.22487852427,3727.70770550394
4066.98281499468,6018.53829568103
3035.63444335913,3100.96729672557
3966.1980223482,6508.31461979088
4543.00663781966,3746.68967776344
5159.45092009419,6718.98956341149
2334.68725782781,1173.34811948692
2055.97597059274,1647.49539634369
4361.11011032156,3580.91139051736
3149.70692798008,2342.8886809781
3200.49695919947,1835.43806447537
4175.98583291308,4714.02265491263
3114.87389051212,6507.8596275398
4126.12520242809,3490.83307332849
5134.52588858626,2300.66256694719
3409.70965539207,5491.99217028365
3627.13681378982,4764.20500193639
3125.40483469991,5360.71083734593
4964.53301537556,1551.16558711017
4576.08549604584,5902.88569285495
8309.18869934377,1544.45941995588
4356.81161767528,5165.15296898211
3433.41486076919,4911.96754117365
8013.32856385718,1515.36158721807
4771.70926718812,5722.33157454039
4515.77431778424,3621.48900334859
3698.4447863893,4848.77055520574
3534.61138135388,3147.91036109186
3565.32861206476,3648.02951323649
4442.96655883333,4137.74875188733
3985.56385694643,5548.42643220731
4128.61890118235,3587.95827329091
4805.89665761744,4770.11567264798
4099.09040840977,7023.89187995299
3791.64774441693,6236.88594784806
4805.85737610913,4273.69037255666
3580.471665436,5109.34410997606
4205.31370619624,4154.4003688534
4302.64472461858,4569.21545103117
2898.09353217137,639.413919984576
3374.30031488123,4834.79011486616
4630.88526438275,7155.45779447526
4208.14750175955,5959.49036544514
4159.27547484421,2826.64037488596
3840.7578376723,3549.08561283549
3380.60819337546,839.007043160739
4228.86500652288,5407.14245828499
3780.6760789809,5553.08629708367
8032.9223428522,1279.33932551672
4701.46942993849,6770.99061087384
3582.73752853494,1084.97486038768
3428.19077748063,6230.57779319965
4351.39685280044,6759.79467236827
4501.42889350312,5718.35335233016
7365.41122258115,737.619197974254
5914.19537909058,488.411992376032
2775.99566417021,2078.90522145615
4159.67636588625,6875.9589300492
2964.14587023728,887.08663673042
7255.99014722251,3501.8583897399
4498.31198620655,4770.62690464758
3465.87362396252,5113.72023897837
3241.71853474115,3087.7253730835
4218.26645069217,6917.27569386082
3642.43214611419,7573.68193569416
3958.70625086349,2986.79236157738
3710.48916110298,2551.85888365052
7666.68613321196,3705.88414595141
3499.56923833006,4804.15763470526
3296.1401132034,92.9767297858163
3745.28494331527,2943.88439345272
8108.12499396308,2976.96034268694
4048.02363639773,3622.73938632857
4437.03464365087,3707.07786632763
4534.48828009756,5698.17808254968
4431.89874027461,5321.32652203566
3163.92721684627,946.930486264273
3485.74971077867,4682.9356053559
4070.88783142255,4011.58227607705
8899.91300573431,572.636671455413
7638.11089616667,1362.25690615545
4059.19044057339,6303.89074535967
5283.20697702624,7098.22771896745
3635.28593819629,3998.17015319608
3897.10578113432,3915.82078430214
4975.46435024709,6940.86086839292
4186.23598895285,6413.2918561411
3749.19709769453,4380.07948537853
4161.30514031967,3550.73347975229
4745.34841765869,3397.17422929384
6773.01439452097,3963.90027215801
3841.33151730206,4371.38388997768
4581.228457073,2951.4998051125
4861.07400058689,918.685129714375
4261.5768824414,6524.39791929835
3952.18160216743,6302.81077304622
4536.52756729185,6857.261116519
4321.09148352711,5001.70503702945
4457.09352550958,4383.65980079669
4255.05555255404,2910.46720003018
8285.46881669602,2811.63683626432
4234.29972068333,5850.20300272648
4072.70781895267,4556.03040142049
3259.30139251668,1060.25305093837
3928.28461716126,5404.98293651335
3578.46331343468,3773.68475704717
3665.29419717887,1827.7657787842
4291.55706426757,5231.07779418027
8980.52107976371,2871.36704344922
3924.85501132894,3635.92443593925
4642.47181652706,6056.38849213726
3466.96441967645,1711.94255386396
5187.02620679335,4249.19563637764
3695.05191410762,7533.84305098806
4339.11264846905,6453.24448890997
1830.11619451182,2332.48834462906
2392.89768097705,3810.11373700164
2261.74385154453,6810.77283297617
3698.80553183867,1704.21349985522
4156.32378017845,5057.05890378441
4011.51561331695,6461.08718526767
5429.45881164915,2367.89464915671
4659.18063289797,6764.85286689196
7824.73083346288,2511.79250281888
4214.09756621444,3010.77523147393
3743.23304203535,6626.46756572168
4491.19287213868,4749.71290674197
3942.26048354181,3940.88341508451
2912.99517371006,3259.58453028008
3703.59295472537,5187.65817120076
4412.77288307334,5563.31601133855
2864.5031694008,5230.28198059612
4333.49306680064,8140.40861284121
5212.07560237552,6671.64880368076
3861.60586347646,3900.87411971188
4191.45245046271,6484.95651852907
4121.97520577341,2721.38810840892
3466.93978574986,1350.37900784232
4528.82348796212,5175.21227257046
4074.16534305194,6426.5902309593
3035.77616486533,2237.80682516759
4720.65251293321,6705.80451380081
3388.45716977131,1757.97626801095
4568.55736990432,6166.86915237689
3835.31975004997,5364.57573434864
4864.89605452342,5823.94665156788
3813.43323887824,1270.98508001799
3950.45863470068,4574.50071882515
3461.39298454133,5722.44489974791
4529.87365714025,5414.87182943517
7734.18714702113,6045.30630169447
4313.05721488356,4514.0886575465
4386.99357417664,4486.52526080417
3240.36606599142,4367.63316389299
3584.38926190064,6689.03914877197
4422.05779551769,6264.96099944524
3234.2907397708,5603.26906696268
4759.3553664083,5872.5377942786
4354.37595817131,4976.24407659976
4380.36328152704,4619.90945290977
4798.87821636836,4733.40211110896
3804.53398988061,3805.62385993656
4135.0542743557,6021.37988297405
4026.32309233147,6532.58143698911
3154.88295903098,4511.87205031584
3607.52855651856,3824.60583219606
3039.6885019596,1874.48134702494
4826.49237200779,7100.38766359435
4513.11175050439,6175.0530929229
4114.74391149025,4829.39109900942
4267.7952925777,4751.41785911778
3541.06421129613,6026.09725616468
4140.9895931862,6957.512485359
3999.13993800699,6040.64601396286
8050.34602845133,1183.80522415353
3152.91349386492,5130.88351079928
4548.8100249344,5129.00814775694
3801.7740441444,5076.77960416905
3954.7795603449,4118.48262089852
5344.56450880794,2543.33412177145
4195.23645239664,2827.54972510526
2983.13353745932,5835.42674880275
3446.49138100608,5861.62601450233
3839.09080940139,3903.09030408729
4407.72732402154,3687.75507273507
3615.08565037992,2351.0155360651
4177.04972286674,5242.44414335236
5264.82537783235,6559.121946877
4210.71226216572,2087.14582460592
4694.62597708638,6837.59750159337
4220.44874262154,6507.80296493604
3546.57891223787,3090.51029777277
2304.66504216354,3373.30489603243
4177.52393840889,4755.22567066148
4300.57902436102,6571.85242709185
4034.40447259627,3987.31503602358
7593.92564707535,4900.88535073085
4385.49227825565,4689.75541485916
1916.37248686264,268.529983498892
4808.94796194559,4541.36789555953
3766.75035798169,4929.13081299457
4369.77492860545,5027.50639593696
4481.13881779241,6810.6590849134
7486.40669202178,6203.46896585315
4617.00592391225,6175.10975552666
3739.55177932497,5210.78877633702
4329.22514375519,6328.83962807927
3902.05843507015,6223.98505696668
3877.50310294582,4442.31024709576
3519.01539329869,5266.31347661377
3947.54539178109,2420.12298131697
3783.29827177254,6043.43093865212
3861.19456417095,6620.10232561425
4004.60764128142,6740.52896423472
4275.73895076207,3818.92265761001
4007.21123518915,6345.54833050435
4542.36568278402,5847.13391930791
3820.14179886781,2135.56634522248
4263.59803663865,6276.55442188763
4579.12193242391,5199.99074462353
3865.63097575907,5720.39912603903
3601.16664224899,4313.92716405483
4682.1479597472,7219.62015898335
3937.64096898601,3275.61116718379
3439.36016856765,6703.0200119668
5469.18858326587,5738.18737792231
4565.04879560349,4189.86354741244
3802.71969631528,2262.58529722066
3519.07597085867,183.168709144981
4007.73308656303,5022.16446553923
4586.35815048484,4869.17332111176
4633.61379558928,5004.9441082593
4173.75512927663,3593.58478527319
4271.04378686741,1753.4866023735
3372.77793319354,4958.39916211272
4034.4159760947,3576.70567218158
3912.94047565759,2141.02223511061
3302.87817583637,1681.5375698286
4340.30621187116,5726.42312195814
8561.29161405385,2658.13424840963
4100.92679574776,3656.27011638626
3622.82804932856,5270.46210949053
4159.56735241313,5870.26452444418
4038.00737931042,6471.99896504393
3772.6594475716,2016.39030100962
4071.32576529224,4709.02154584796
4196.89743456851,6526.61410367376
3891.54292104145,2575.8419649747
4852.23728288438,2562.82753745817
5334.38271791694,1827.1974613256
2150.97554313872,1712.16994427569
3782.15759804483,5568.1467097367
3787.00530967568,2892.79248478204
4060.73874804975,4235.04478537153
5110.69401341363,6790.88172192501
5541.72091032518,3716.9663363942
4692.93502336911,5570.8749718222
4670.11635400982,4317.2804062027
4156.56380994013,6163.63008114705
8877.73305543264,4771.87728762756
3656.97970144123,4897.24794985368
2881.32669140122,3069.93712120022
3943.26245679053,3791.92757832628
3058.13810862443,477.954940566322
3919.888451109,1040.24819182442
3578.77718717075,5998.24970069304
3921.87770344576,3660.8166560551
3032.2460346519,5535.24138259663
4371.52259959164,5405.38084330542
4205.48477912616,5145.8868379933
4418.99293060094,7538.9579081155
3691.94643547909,5272.22414732536
3734.77575860843,5620.14775719904
7951.26615293008,1488.87805707537
5024.01458273911,7128.74687392084
4245.76275845712,6103.78591447176
3829.1079026296,900.328454658676
4956.81206186931,2914.44542224041
3694.47769690573,6134.9300494875
3409.74071379716,3896.72548683512
4213.1170009118,2641.3120093494
4950.70844173021,3450.42565973616
4332.03381369985,4002.31878607284
3897.61355473997,5634.75360045623
4405.21262262141,5409.18865484912
3960.43527700065,5636.45855283205
3893.03729855084,6442.84436398855
4100.34878609199,6005.18283540382
3534.88659420423,1010.24111458114
3420.35501613955,2560.09948680029
3559.49659209825,4084.27024817471
4358.51174103766,5595.65344387527
4539.05148825498,3942.7021155231
3769.4413604287,3960.09288346956
3715.122601029,4997.55598129744
4645.04853058567,5225.11046086492
3390.66822133763,3659.16878913829
4549.37571468528,6997.80636231618
4123.40168349904,3473.15835808035
3698.42709428836,3827.56116755186
2892.41501920562,5188.62439545143
4028.22616449403,5795.0191237828
3895.79542907822,4101.31977193286
3646.83014719927,4854.16957106249
3932.80865617882,4123.76831154775
4489.82529072297,6262.63064415181
4348.16132546391,7051.34152863255
3133.49256068518,4115.18646420966
4359.42361200052,4134.39550973946
4376.22304726633,3118.98283330677
3976.41153166016,5265.1201790928
3897.38318787252,4169.34703344366
4489.08899741504,3779.25418357045
3311.34368528062,5144.63687786857
5181.26438819172,4915.14994979974
4537.0146998564,5041.65766979832
4401.67546225439,5012.84389007601
4782.82636960428,6786.90349971477
2504.36399640661,4470.27112777492
4270.76065906724,6845.042291159
4604.37726402776,5930.79033378559
5006.01117435134,6490.92385184442
4595.83651033814,4277.55484670412
4210.40940783297,4456.85900489394
4441.43322178451,6218.4156304434
3974.25724243305,5017.10627101554
4126.33540185205,6577.36476815612
3511.92925259075,4511.07665958695
4320.75018360802,5041.03226688071
2981.6618002249,3516.29361090294
3827.57777832906,5816.67227266879
4396.34812203072,6284.05629691226
2582.11361621499,735.743729218096
4175.1804923408,4025.3923057501
3200.97345125148,756.032694204432
3812.3991373478,6346.17331056672
3702.30504958857,3913.54751446772
4672.37302375297,5363.72325816074
4331.87946360102,5282.11261739193
4705.76327613113,3881.43757805655
4025.27606020531,1728.19647546558
3543.52956890468,4627.46799053817
3748.0514032571,3587.04913449924
3953.76749046564,4562.56605219444
4734.50891596112,4208.3338648171
3978.51315600219,2229.67975865297
3909.5265133518,2563.45251752054
3720.26475098384,2940.19032997179
8703.72432443468,224.655870408908
4196.4989930684,5373.0434107687
3574.67343131668,5589.28820376785
7484.83170274601,1152.71828031061
3496.22051467445,1714.44321411011
4156.99301536658,6071.73306351959
1861.32444140941,3088.80534539695
4067.31434029685,5678.74154089435
3982.81160528683,2858.40927853645
3716.68253237282,4949.47649344157
4591.73635331514,5035.8607471495
3884.87037447531,8483.16070298369
3534.67370742365,235.169743393098
8777.7600114078,2218.59756821017
3996.62351101667,5133.32719130023
2034.46714113555,4713.45433745403
3851.01622302956,6721.26283324591
5724.45514138776,6776.44671218959
8490.29820835543,2070.09630084778
4719.18338743096,3444.28770432665
2509.17747407273,2679.95759653453
3865.02680031509,4233.16942232918
3633.71975450947,5543.87989253847
4172.89240680643,5918.74191909212
4440.39017306227,5292.96773456443
3882.18578870791,4258.23205311155
3820.46560527779,4185.3170077436
4278.73856201784,7135.16835377677
2533.44345039715,4573.87573876278
2795.33343957529,6110.88988270432
4737.53975908808,5873.95858792511
4678.81694710594,6136.97582319638
4453.8825672954,5696.30229665209
4133.52425559118,4818.76347796246
4357.81110445327,6049.7957559043
4438.7014228738,5476.36344017201
3899.30775987885,3830.57316551141
3860.34854981073,5572.69324940553
3810.38707872296,4510.05334987726
4143.93805586101,2523.04531535583
4326.9255064431,2730.4811877466
3592.74591751844,2681.77629697312
3958.90481977744,5673.56959830789
7069.27116674269,1826.11748901215
4023.55178897343,3037.82718478905
3334.68606235652,6379.1357231658
3174.48857325293,1572.59113415681
4557.96667736508,3642.74424544251
4367.35385123451,6580.03594478261
4168.09974452573,4520.79471898699
4396.48751857587,2691.4376937694
2771.08814342456,3556.30332913082
3728.21573047322,2764.18232847082
3945.58605064147,5981.54099826796
2299.82775642361,348.378586432872
4522.39377828913,6206.4809638127
4242.3119238901,4989.25871554391
7688.99444021876,1429.943452047
4396.26558248071,4652.92852811261
4054.75735439918,6218.52937850617
3658.75819698497,4426.45402085859
3877.33587747162,5578.60392011712
4014.66544173218,7662.45363015454
3560.75475876248,3724.24113814855
1288.23091993029,334.22747114223
4105.1379272945,4794.04166851314
4309.4924290902,5074.56299693839
3480.28364844056,5260.11864717287
4162.03818231042,6309.34642382018
4381.30300804392,4450.03919539069
4201.53757642594,4457.88189174838
3363.9627902619,3112.67467865836
4292.30712937866,4513.23618135859
4193.57993798944,1393.62800872768
8464.44658099042,4811.20494033406
4452.63604205219,6164.53921993871
4147.76205106475,4353.25481676133
4327.16249605545,5866.79753423354
3524.63408624919,4042.44182950825
4403.24816427363,4697.76852188338
3891.84123248542,2144.20485516432
4352.00134358101,4269.99630907572
4052.74046601881,4287.784560959
4382.71129212807,4755.56649199455
3775.85681724355,4851.44173183223
3713.74665077925,2923.08393218226
3430.28599292462,6859.76188247896
4177.01685647052,5416.74719247752
3486.99057613449,5496.42538474497
4595.70508555585,6836.74502540547
4610.19704242727,4922.87932094991
3954.41825930805,4292.27443802408
3460.51959769526,4121.21088298403
4131.98470638497,2270.42820500598
4357.67476847858,6726.66184910266
3671.65654280434,4679.18487927121
4109.46764067194,6159.25395214474
4136.20903655334,5735.91410808789
3838.11097414237,5730.17427089809
3802.47257010288,3911.5584033626
4271.65282236518,6217.96106104757
5884.79670810429,4193.27345216407
4673.61440588722,5820.82090554556
4239.08229861671,6039.85020037871
3164.27297033553,4419.00923129296
4740.57504503294,3142.85216656817
4694.9923240301,122.245085511079
3781.25015550367,4571.99995286518
7955.23307351839,3549.54018223132
3975.76368593946,5228.40661755377
4466.1257215629,5886.29116134789
8285.82721372556,3825.3445603212
4133.96656497127,5179.36090544723
4825.97438189866,6817.76305314596
4355.89289556288,5437.03621032076
3952.37095032482,5708.40779680457
3473.33725560623,5743.41598311253
3839.73637071092,4828.4815373625
4109.43599807977,6689.72121429334
3512.21241452418,4531.64941330424
3495.96641891047,5385.31932158772
3898.26529584067,339.228685920716
3465.47627032989,6605.15566102399
4262.72065140931,5590.14067995575
3388.26927539461,1676.19542800324
2941.0979593034,640.607428933171
3688.68685457623,6348.33325519362
4381.52761305344,7016.10584619905
4500.87340416808,5426.86315866963
3873.52541416939,4063.92414487246
3996.56670654412,6109.69658518335
3446.25721065971,4768.23988675038
8160.19528856076,1967.74228426752
3989.80789501836,5792.63210588561
2952.91109224464,1850.15744436771
3496.94162910171,4130.41728752922
3740.43088879566,2263.43777340857
4688.57873612741,3951.9656055273
4495.22894673597,6825.32201362961
3898.58028045277,4633.49198645728
4467.32597346133,6396.01483625741
3762.3708087937,1459.09815881619
3658.71430026557,3781.75452667516
8182.49866410854,658.73671357714
3527.44901198993,5901.35157400091
3028.16655361515,2664.72677321497
4854.8213773725,4866.67255515179
5061.53886010716,1357.71036648661
3447.54072515193,3076.41589794279
3662.80350439269,5288.81867883242
3886.4073764427,1479.04614389875
8292.2624788443,2289.23955517133
4190.17781572848,4413.83728870651
4129.54419965966,6052.8081767191
4122.74296313478,4614.56709965679
3739.79939562177,5463.57629735341
4889.05101219421,2777.42404068526
2243.91481964447,2074.92699924592
5128.37717730107,6862.77388043852
4751.45781716715,3268.73448364914
4228.75721552119,6037.349857274
3073.46484862335,2395.17388716975
4135.43129774356,1044.6810891443
4304.92864457783,4979.76772941416
3885.24319058589,4908.38722575549
2697.63769413866,861.853383853891
3604.77777417405,5248.07065533465
3793.54546240847,4459.53018152044
4701.71990017912,5727.38934620882
3982.60085933609,2686.60699537126
2171.28803378849,2110.50371444011
4377.99998853907,5963.41150219636
4218.48487272921,2507.58699591073
4717.53914464692,7002.0116577967
4239.96051997143,307.630219365215
4061.42638175748,4586.15122672655
3479.55796734193,5511.25830127245
4769.84026881576,7164.20920676937
3462.16029681854,3862.00103640121
3421.82095773188,5974.77785136846
3967.52002144259,3396.37862713732
3876.88238656156,5631.91201316321
3305.0110774112,4533.41145113907
4804.95153289163,7177.73550056837
4693.66961980219,5868.61623467212
4617.8416429743,6291.10360254106
4214.10217945711,2999.29534566669
3979.26269139064,5703.29293967713
4254.66325051209,7131.07680635901
3836.95416320758,4165.71005542174
2907.53000982294,1482.45604865037
4022.26351869586,5915.04785561119
3967.04496710561,5298.764234358
3967.05644412651,7155.34362355724
4474.45227779828,5261.02820881979
4048.47183958465,5233.18065334815
4388.31128376682,4413.61021543622
3290.29868721072,824.287610411492
4505.09899938812,3563.40729736338
3571.01051035417,1904.43176166447
1984.16492165263,214.198845027651
3945.72115198343,4666.73855778566
4343.33903428585,5991.71404991908
3387.41907026563,6494.04959786675
3618.03825894632,5666.40896747157
4119.32289097758,6425.96525089694
4578.9849492737,6128.56480938008
4552.60243472401,5552.4613170213
8365.01860044614,7303.16282539826
2019.41458689043,1978.71072664754
4044.6517098191,4044.94259546821
3880.55883896075,5379.92030573097
8602.78463681812,2765.83040681525
4587.45948533927,5440.50277767615
4306.24508941971,4733.45919656797
4387.06218000396,6120.43795429308
4066.81737280721,6084.12229954613
8761.24655855169,667.375170662078
4814.83696489099,3548.46020991787
3842.61776899329,2510.31483514099
4392.42518200029,4277.61150930788
3402.44821182324,2508.60988276517
4176.78766026129,4442.36690969952
4033.19590657728,3977.71072468631
3785.03720721667,3766.58078881461
4298.15332728816,4618.31782574148
4121.88715299845,4560.06528623448
3842.48025297715,2525.48899585679
4025.13152462369,4444.12852467909
3713.0646565168,3470.77134018316
4413.03595267697,5944.25954212558
4354.70934423652,3602.2799578188
3453.60392873441,667.034190758296
1227.41678349013,1349.0150882272
4509.32094836329,1333.38635811556
3694.39113209526,6331.9653741016
6423.10841782964,1187.84021468134
4568.67154172058,6602.2003256682
4945.57554123327,5840.08661367911
2367.79581852142,3333.40913729495
4541.21641167992,4882.75585465926
3430.48411615145,1620.72770747169
3784.32272292927,3295.90018502703
3856.72191434577,4198.72913062458
4168.93130025793,5871.85572875722
3768.2803308973,2095.55683842222
4099.17268871237,4853.54459100012
3986.68129328051,3582.38884676763
4259.09647362864,4516.64608611022
4220.19045906136,5874.12899859164
3922.44621006947,6794.74619607247
3456.13819761809,2428.76127983119
4535.84466959548,5765.69411206089
2714.20906728469,5616.56744178088
4510.93519280944,4628.49087739261
2255.04039605231,3207.69723088051
4201.31573055679,6908.46677325245
4235.63497463785,6037.52026794053
3970.38422827359,1905.56839658168
3125.27994471608,73.7107705819573
5094.10726713873,4164.17551371245
3744.78898627959,3142.96591463094
3942.52429231859,3986.97421469051
4192.57085669705,4737.38033331919
3293.31717200089,5714.88636211951
8811.76989670413,668.057130469641
3612.28420843274,4924.52718786672
3691.9819327241,4365.8144634544
3486.10574046186,4629.22960551774
4315.16460805797,5740.46064775673
3775.87958288057,4963.96858863599
3763.60885439531,4822.23004531784
4348.59345115101,3932.52948672722
3395.83087383414,5205.67391920958
5048.88257674625,5717.67128680878
3437.12152774165,3086.98664495837
4250.54112184482,5241.76207783099
4284.55641732999,4143.82983326545
4467.01891329851,5581.04760061808
3202.17368931957,7150.5129251591
3854.06962989047,5662.88531465717
4149.48233695643,4944.92995377273
3533.57129653929,3598.69964240064
4607.41098536261,6297.86632658531
4925.88691652602,4381.72735229533
3893.16699597764,2783.90302885546
4262.59795248841,5136.3962747188
3128.27620576387,4191.96640658033
4359.53158914816,4829.84566840525
3936.88892658686,4449.35712986931
3021.42296501126,4649.06405396515
3950.50238293864,5089.5100843839
3741.39464961005,1271.8375562059
4746.86186279457,5183.73703444953
2983.53119512851,1809.067965254
4134.95808171118,4458.67770533253
4290.14617542838,3823.46919727885
3022.38347342458,3488.33230736853
3117.79142490341,3031.63256677578
4172.40925328813,87.1798930294695
2781.3811422968,2958.7173099802
3687.63808168197,5964.26397838427
4971.63057664235,5449.76626768036
4378.9177740868,5747.22379465623
1832.14263493285,1762.52280767979
5184.08813020688,4397.35608240697
4535.6433506055,4537.6738320786
3852.5423983451,6009.44521634335
3182.26216270713,4340.97890594232
8486.11460925833,821.446023118468
3889.93861821269,5188.28357411837
3489.10696206475,5810.07953643583
3959.00870698319,3884.22250274581
4272.47382909406,4403.15300505579
4363.59872123592,4672.64922849725
3378.59979498114,3815.68316352492
1376.26497783835,1271.61027150798
4409.92240728332,6821.11629529383
3364.35397797236,5256.36792108818
5256.20522146458,6079.74617054382
4390.06222916201,2172.67760212595
4390.14247225285,3955.26218507141
4482.90766380604,5139.06702849004
3860.19462246646,6591.11813522541
4405.3970183665,4544.77780031116
3252.5383409103,899.305462090424
4932.87527112736,5068.42525295651
3508.5252904114,4688.67544254571
4390.89366908829,3546.81234300107
4012.8987172213,5950.28353804469
7259.75640730638,1382.09114317523
4377.80711754348,5631.79826510044
3154.24412991589,3033.9058366102
4108.85657779984,4795.4057995559
4183.3034365349,6183.06619994713
4730.5158312739,4531.53608809672
4378.75627723496,6836.34711861339
3690.2766626723,5104.05884218208
4105.50621036838,3727.99186423324
7655.64268464384,3654.28100528114
2000.16174980398,2115.90273029685
3947.86843793368,7814.53521293509
4182.79345179709,4729.48097435774
4136.24725357546,5110.70824101881
3836.16820098569,698.518935679479
4498.7726165465,4509.37170721113
3902.99422426275,2770.94526394269
4191.88467874481,5398.73144446869
8554.52227933029,4532.89979628422
3973.380756418,6428.52267946066
4622.14339589033,5948.35108954333
4893.57094609957,6222.16677938335
8609.38541252763,8424.11234989254
3940.11155200751,5407.76786120261
4232.2272273817,5387.6492540259
4397.03007274297,6408.74531647226
4197.39698519033,3856.31786181516
3827.98315855502,6261.2098505053
4297.00435576165,4909.2397019434
4613.50210897265,5617.30616990601
3361.70647130332,3338.1829616617
3318.12882733027,3420.3048344301
4119.24868654606,6308.6643582988
3347.74467359123,4952.03392200529
4976.32826281094,6777.46959904403
3475.49213490808,5821.44588560792
4543.90551247268,7434.21750792094
3206.42791096934,4138.77163874177
3928.42027863428,6115.89141462424
4742.08312697633,5319.84906578539
4049.53378227566,5753.70235997117
4194.21678475155,5645.21081083666
2259.72118166198,1831.00506144167
3653.59168460341,5966.36683755216
3869.3916124002,175.269099113219
3289.05562665513,4367.86066001853
4345.24431648499,5596.39217200041
3824.01873781532,6797.53112076173
945.622834803456,538.082948829477
3953.32121577771,4582.22966712007
2954.42477414057,4848.71389260198
3342.9230069547,5457.66604949707
4161.51755449335,3165.18716954792
4185.47675302114,3852.56713573047
4626.46883517015,4149.2288491222
3462.61696703369,3105.51383639441
4351.39301892407,6226.31541226011
4352.58910033891,4390.02504090412
3498.02596906055,6413.23477068209
3792.21464829758,5304.61824246583
2490.79972278772,1223.07589711484
4259.65193469987,1866.35449193794
4180.09816487585,5295.46807766914
8377.8267006792,3804.60097308212
4952.1429808203,6652.66683142126
5149.05527090582,4244.6490967088
3770.13389281287,5172.82525467327
3864.5550962422,4444.01519947158
4191.02754305064,6517.80518306538
3440.31279777696,4075.12008337802
4519.8273956664,4506.64344512563
3786.56405580316,6692.67654964914
3371.545494644,4624.3989071196
8735.00980932014,5231.98693297193
3944.24515591942,6385.50096327323
4162.97855338113,2622.38712254891
4179.35040420909,5787.1764274251
4076.74984451346,4362.40455870277
4171.46934372693,6443.81058823923
4592.51045109164,5409.41572811941
4548.39303224384,5183.62328638676
7645.642643527,49.9551027944092
3908.03655988173,6078.26871429355
4497.13402976699,6292.4106481248
3627.79492705819,5135.54379853089
4510.63070926451,5239.54589345558
3981.15072181806,1864.93369829143
4395.78184571948,2027.18833272311
5578.92459978468,6881.52835657248
3537.68638777664,6694.55191269149
4838.00815068382,7270.0304249879
8769.89626845753,274.667806766134
4317.32716968119,5672.774207579
4650.83006900299,4735.73246640239
4079.50192247944,5280.63516114166
7302.4006421934,1158.0036538184
3580.89498426984,6226.71331905218
3357.6262198053,3915.8774469059
4203.35060058338,5311.60846263562
7583.78044317877,2243.88769511809
3423.93223232892,4037.72487917288
5046.32479814205,5277.22525639003
4980.03676677419,5478.52338479891
4077.17900952564,2976.10786649904
4984.5496571736,4598.82462148238
3843.79938285969,3091.02174119999
4057.14605569885,4080.23494050547
4204.61748450312,3836.88132015983
3828.91644605064,4322.62233660043
3591.87833951676,2141.53367853783
3175.38931259836,3476.45451476921
3106.86041752781,2372.44118882555
2045.02662716967,2102.26311129034
4158.69583300393,5430.44347408779
4889.62432765784,8239.92083070081
4210.65026898497,4849.96427558196
4022.32859604551,4799.72484309919
3933.21722937564,4703.50878192844
4211.24182250628,4859.34151364894
3688.04469538298,4830.07316453079
3794.59768580801,2102.8880913527
3713.77056965198,5789.67719338506
4378.0165542224,4650.08694081959
3422.591420214,3299.36675238242
4189.97892746267,5936.35976030887
5156.54478364874,6124.18868037777
3716.92275700545,5292.34233164682
4248.8820796042,2145.96668157152
4352.43630184701,6331.79496343507
3540.38215939844,3258.16373663357
4810.14086486395,5217.89274456958
3250.09911355825,4013.4576391194
2621.93503309455,4577.2285580554
4427.14695052602,5643.61960652362
3750.54831205128,6604.87150229469
3987.10877412897,3136.25985319046
8827.96308569741,4087.90722619663
4158.07593323478,5790.47258411396
4165.6252128042,3359.55174039077
5453.40582496043,6864.42217021057
4270.44903155797,3571.19290826206
3600.13818856079,4899.35080902157
3968.41115589964,6227.73620590662
4756.49137448847,6703.98623621748
3037.11840185952,3562.78189444576
4231.89427349032,6350.77693569457
4647.34757502054,5061.94668764157
4448.44568352659,5157.76484202024
3677.57712631817,4998.57929100713
7672.04393655557,745.23466249094
4122.6780383476,6210.0046166271
4469.67385979656,6535.76426847045
4470.25028936336,5976.19864501497
2500.11397032233,2844.5992488634
3699.51727713144,4629.62751230981
4266.09101911999,5116.90264760445
3884.24089579533,6082.13318844101
3636.07746509618,2210.92528251901
3955.4456064942,5507.16633099945
3858.22515098399,4160.87935702359
4194.98050318457,5562.29312448412
4098.15990203559,597.813103157464
4026.61139215205,1457.79100751864
4694.98831038634,3108.86686711465
4750.4713276843,3008.21780291021
4194.39459626567,6366.51941386897
8075.96545576283,8055.61514059106
4243.74863984594,2565.15746989635
4327.31373019471,5028.58636825041
3191.8770208743,4481.86497307256
4156.79749773208,5444.93556928222
4759.13903203321,6712.56766070031
4156.07276203207,6516.04356808581
1648.05089072983,2550.09705724332
3482.91916024193,3835.40386390955
4065.84720225857,5081.83779869274
3787.31541434603,4559.95196102696
4626.47779537035,6146.40972386712
3034.1327871016,5411.91649407938
3907.50715608869,4525.90957611443
3975.23570848726,6137.99871005082
4043.50159620794,6644.1991550012
4907.32236739559,5886.29116134789
4629.70416357878,5242.15998462306
3088.44097433799,4005.10328790686
4334.33396482132,3428.1475307878
2858.83645241808,1141.86337456573
3759.58472272815,1674.43360159604
6237.90507212661,864.467633592092
7804.16094153508,2955.87572268718
3541.60466095474,4120.24465873335
3753.49169936883,4523.12465142517
4316.64376469539,6440.68484221691
3944.64194418051,6789.80217246681
4353.69665675037,5899.6466216251
3604.91501378997,3151.20651778071
3827.61374452556,4879.7438566997
3567.35215750456,6634.36734753838
4638.56968718001,4118.19846216922
4157.20829503957,4739.93776188291
3918.46518168163,4950.89728708808
3371.61739604022,3901.95366917008
4868.84568512457,7085.89556839993
4477.34378666819,5914.25204202704
4978.04593304094,4603.42824661023
2698.40672770153,1417.55421602046
3678.84076829276,6847.08848772313
3711.96405514793,1421.93023930896
4279.88750913347,6559.91776046115
3886.09223979091,3744.81389186584
4089.01040937868,4935.95062249782
4171.15829149615,6263.48312033972
4836.67252918897,6732.34502368871
4078.66835605316,5852.24877643535
4355.25104460136,5448.11840076356
4634.19977275465,6001.14795058982
4401.0021778928,4914.52496973737
4663.20454165851,5010.96852703366
4150.93293656716,3157.57175788814
4133.68790970551,3322.55423155007
4155.80757989942,3858.36405837929
3401.31899595469,1906.19358807167
4115.41288906947,5041.60058433931
3911.77152396352,4274.03119388972
3834.33022474575,5421.69163893843
8572.88403537333,2010.13880896497
4271.75099850304,5796.89448682514
1734.14108042176,1803.32812806419
4195.00016732298,6089.97588479871
3944.53582689788,6982.00679868276
3647.32182797711,7786.97181619276
2776.38758705561,1662.61268302811
3334.99293626592,4285.34088045805
3809.0002931805,7094.07950894594
4284.51834235362,6854.53327728875
3573.20294619216,5197.43331605981
5563.44538087206,7649.60982473217
4276.22053925797,2094.24979283848
3688.84414513867,4342.74094377714
4200.38817784973,7564.93052340005
4141.80307632999,5721.42201289347
4655.07902617243,6483.42197681979
4861.11051848832,5449.14128761799
3239.48910305748,3485.83175283619
3898.43170287989,6764.45496009988
4352.87430344728,5732.1633820032
4033.10534172041,2956.38737754202
3216.13069759868,1197.38796912866
4585.09177813444,6311.44928298806
4654.91444250407,4627.69506380846
4018.24024910995,3926.27799468257
3850.36873993514,6976.43737215949
4517.23966029869,5619.35236647014
4206.84823995395,3420.0206757008
4175.65361399776,1589.58388959739
4602.12315782488,4980.44979493553
3590.4028267356,935.279978362873
1541.27221127967,2116.47104775546
4802.58525435994,6373.9642034346
5114.29635627236,4642.07383379536
3919.94405606502,5704.71373332364
3637.61541443279,6294.28601116715
3688.66311973186,5390.49084131892
4325.6925600761,4998.18138421505
3263.29270139751,1893.5199818882
3505.02624404978,6045.42004975724
3911.22062142789,5513.01991625203
4362.55961648926,6357.93756653089
3766.42855976275,1077.13205831617
3525.26658366981,2808.62483830477
2157.68376875199,4227.37249968036
4032.52742155434,3861.54646700538
4188.15293117454,3887.00700457982
4322.7358825468,5059.67341780715
3464.51647398942,4637.75436739681
3832.91743706127,4551.19970302235
4417.63522503101,4805.06719635218
4434.78827395709,6337.47813802112
3710.3823052598,4023.68735337429
3270.55925225413,2673.64944188612
3362.13816854271,7605.50771337603
4297.94786653983,7050.48905244465
2076.1525883574,581.616055587226
3951.19846561794,6426.19274702248
4436.30068380807,5870.66243123625
3334.68087753017,4118.14179956546
4274.93988473936,4649.68903402752
3945.05138103062,4658.21379590659
3797.12086972681,217.551915390574
3963.01553449063,4716.69383153913
3811.08331670066,5186.52153628355
4507.02840085247,4692.65366475594
2802.69534680303,5098.7164889291
3760.20118073559,4305.45906477951
4668.74573378279,5673.3425250376
4057.70607318879,4935.15480891368
5514.92338024804,5021.53906262161
4158.77355284556,4017.15170260033
4734.50869765049,5759.95385201583
4424.84397347387,6667.72724407429
4104.17495868796,6257.51578702436
3682.1647366767,2415.80372634605
4258.32307140422,776.605765063165
3776.36442384143,4903.55652735735
3642.05206256576,4620.3069368466
3100.11283293592,518.873797585871
4036.77167556478,4767.72865475079
4692.09889458495,5820.25258808695
4436.76235946569,5347.46912513149
8392.21440076382,5351.56109540449
3863.03870824227,5138.32830036491
6409.28991519172,5233.63522274399
3110.81392345229,184.134854110301
3994.34128443666,1101.22867627549
4090.55488643877,6210.45918602293
4190.55409424788,6192.38677541035
4247.88011450258,2297.99160174832
3722.88649704722,6218.35896783964
8570.94419206567,2558.16724972656
3868.64712796374,2172.84801279248
4121.18279626189,6160.16309093641
4075.14904044816,5952.21598654605
8664.22288541544,5056.60433438858
3406.73030719823,5194.6488142258
4058.60368498905,3952.30684971562
2830.33330018289,2599.31339144403
3684.84581108302,3883.48335176542
4109.44612112993,7746.39378050627
3933.38969685823,5868.84373079767
4669.64840278442,5251.08265329421
4011.77609760753,3061.69651805045
4779.42858725267,5985.17839914513
3946.50796732454,5446.12928965844
4296.8866393617,3184.4530891091
3773.76645324782,3090.6807084393
5022.48052018722,4922.93598355367
4726.80591731454,6070.19852181031
4201.32310135998,2525.37524779401
4288.20350344039,1600.32504727949
4320.16500302498,7857.61401458154
4361.92254667021,6688.75499004267
4680.48802428033,6175.90556911081
9061.26569684141,3042.43059848927
3691.36515957092,4054.03567480588
5042.15296443552,7471.72646018885
3677.26314841164,5491.70801155434
4348.57340816246,3496.68665858107
4006.60838957866,6343.10465000341
4571.44334168867,4299.94672371525
4197.1961566325,5019.54995151649
3850.7147205562,2243.09209296157
4054.77048606997,5296.60471258635
3824.95934413167,7608.17931285778
3684.25687737748,5207.4359570444
3284.23638285258,5856.28366124935
3954.73678420368,2953.94348561345
4489.40412970985,6541.50410566025
4744.36746031933,6277.236487409
4042.862451372,5344.96878202678
4476.63661050843,5172.54109594397
4435.51021860096,1736.77811137604
8558.25913074892,2871.82161284505
3718.40469069906,5030.57547935553
3520.36064251951,3842.67824280864
4134.0703232671,6116.74389081215
4024.55900785855,5756.77144338974
4051.36650077882,4570.46583401115
4424.71698279653,5940.39464512286
9076.23552942392,5029.32509637555
3800.41895007711,6104.80922418145
3085.51528663344,3866.88882025836
3655.01285370059,6073.77883722847
4469.78400581096,7022.13026497342
4394.07867893441,1319.68986507766
3825.42555429894,2415.34915695022
4218.82231601046,4512.04246098237
8616.07966566788,3426.44257841199
3843.07848855174,4327.68053112412
4270.97760799626,4792.05255740803
4078.83155754,6210.17502729363
4134.26347731059,4291.25112831439
3661.17588134883,4222.76887455251
3405.36763081598,292.79714426701
4025.659161577,6086.45223198431
3761.71856473415,2762.98881952222
4090.14732056802,6074.00633335401
4188.2412351552,4744.65471221828
3328.3249153118,3163.7663759014
4287.19864649837,5165.60753837794
4035.09688245719,5832.86932023903
4341.70166508328,6303.89074535967
4066.58055099022,6509.28042118631
4336.88758635987,6455.06318934856
4289.7215385479,5425.38570241936
4337.7336877369,4447.48176682696
4167.39442653271,3484.58158128384
3155.79008479593,3843.64446705932
4068.45952797221,6629.3091530147
2701.51261002851,4924.18636653365
8329.43229769876,2327.65764623092
3801.4003230847,5628.67251907811
4095.52291943047,3235.7154084463
4102.05551137508,6107.08249401587
1424.39709124819,776.321606333863
2101.57512473046,2070.66461830638
3430.77283097214,6334.57988812433
4785.98325561777,6921.65182286313
3677.64523016567,5464.20170027102
8519.06863299099,25.4037899041028
3061.77129323179,2171.93866257319
4122.8964234253,5836.44963565719
4775.32214744069,5009.09316399132
4570.671033644,5548.99474966591
3762.05291934744,3242.47834391818
5193.14525748779,5190.38643328626
3441.88645407656,2258.89123373973
3851.78775317127,5503.07436072644
3241.32806171133,4271.473765326
3135.37582916846,2596.86971094308
2354.42442528954,1559.40619025994
4037.62900062598,3884.05166922403
3108.41779990333,2426.88591678885
3930.29139075591,4983.5188783541
3091.85684123476,4530.3423677205
2497.67383242329,612.418840700846
3500.57230046154,844.917502444704
3982.73293944897,5325.07767097561
3948.67306817948,4781.084115028
4487.56462927533,5345.59376208914
3270.52245866519,5463.17881341658
4114.6144352384,7174.3822584205
8059.81481664385,2107.54837908431
3293.28090343924,2030.08679404752
4310.33281503026,6567.87420488162
3092.13081061796,2466.72501292257
3998.66375226966,4997.72681481922
4016.54434524168,5284.78379401842
8291.77869287398,363.723157815203
4325.38161184303,4241.75084681201
4525.29988080674,4536.25303843209
3648.21932706891,3303.51559668681
4457.62568271997,5680.61690393669
4252.00264738997,7173.01812737775
3610.52099570991,6381.52274106299
4003.54657371083,5327.63509953933
3726.51026132704,4888.72318797461
4455.36989509987,6292.06982679174
4188.94720840473,6108.1053808703
4447.57976323408,3292.09237348333
4655.05971751881,5353.77770263515
3547.64476742586,6729.5605218547
4581.0187572916,6847.94096391103
3222.76742450194,1907.04606425958
3788.61956763341,6089.1234086108
1887.98303917095,3130.97437396886
4175.9823455758,5879.52801444839
3198.56458073466,1642.21002283591
3493.41907929619,3455.02907343638
3284.1453387679,5738.07362985954
4334.37449831446,5241.76207783099
3655.3701114139,5232.04401843094
4488.65594162258,5544.61862066361
4450.70740397783,2488.20732828678
3823.24909077802,6518.37350052399
3922.07890075147,6286.78413614251
3133.37042935694,3423.14642172313
4047.91959478076,5261.65318888216
4039.11812556891,3740.43818571879
8083.42466854765,1873.62887083704
3793.5395498838,3036.74742390322
4138.54828302631,297.570995062218
3722.94962850713,5118.49427477275
4562.86000839539,6729.90134318776
3796.4439524787,5169.4720125254
3332.21374947553,1168.06285169294
4943.53503652777,4183.95287670085
4587.65432664894,7366.36023422142
3931.48154099619,2963.1503130139
3959.61333095185,830.198122552364
3498.91950163882,6535.48010974114
3807.97495539105,4249.36646989942
4123.63941935551,6194.71670784853
3828.64472852931,6076.05210706289
9163.38991225534,1643.63081648242
4066.07922219427,5964.88938130188
1974.00585402577,941.247311678224
3438.23307002951,2723.03618675335
4001.88737342286,4802.16852360014
5097.23516865598,5695.39315786042
3132.94558534263,2895.46366140854
4637.99087420424,4604.0532266726
5156.71568259292,5609.34972548555
3770.47986234711,4811.14785487505
4472.24035650225,6958.02414021384
3967.78949900602,3514.24762576643
3037.53020408811,8499.41441315768
3216.65034138642,1588.50402299775
3812.88709146015,2913.13837665667
3785.25084005897,2127.49636416687
3386.39472943701,5273.2470341798
4094.31815915523,2566.00994608426
8309.77139988497,2221.32561886805
4432.76738945082,5292.17192098029
3576.90930935389,5981.93890506003
9313.0116627409,8295.27512031103
4666.27269504215,7375.68080968464
4473.39513484177,7002.46622719254
3209.77215950078,4255.5042138813
3555.29618923863,4954.25052923595
4002.24863811971,6723.19528174727
3251.51019420785,5926.64170090883
4749.98373526058,6382.31855464714
4784.53070389111,4833.25557315688
3362.57474481666,2163.4707747255
3534.62401709246,5523.24963050691
3641.46120675596,5188.4539847849
8487.12365734428,718.864721840295
3960.84918659588,6033.03039087545
4121.3390155447,3825.11748705091
4012.47686704702,4549.89265743861
4787.90670173593,5372.81633749841
4128.57111252606,3819.49097506862
3776.36034285253,5391.39998011059
3495.43254201701,5049.04579676019
1594.78455378969,5090.76004450863
8024.91794024398,2048.61377405594
3670.38026144231,4300.74211444415
3865.15704354819,3412.51880067617
2655.68729955005,3479.1256913957
4122.7144514005,5627.36547349437
3776.5998095313,3637.57272571131
4621.66470336003,6240.23918999593
5279.03928054173,6069.00522428934
3894.67797324536,2731.39032653827
4555.36460897327,3860.97814954677
4782.97686938917,3975.38036939287
8720.92049678067,5919.87855400933
4318.09051238631,6553.55252035373
3791.87529974892,4991.02033052348
4609.21893495306,5408.79074805705
4211.92206103405,2302.59501544854
4339.32007275282,3286.23878823075
4074.37076836347,4214.13078746592
5903.03241062531,5523.19296790315
3648.87730217153,4608.77017700797
3993.47951399392,370.088318637268
4713.95556667049,6691.6536627947
4245.10949289031,5506.25719220778
3983.11763329409,4947.31697166992
4440.97930055307,6594.13013318496
3934.60780895607,5061.77585411978
4754.19270967757,3764.53459225048
3678.39381380745,4530.96777063812
1852.93054863653,660.328023603996
7475.16390306904,4518.29395302703
6673.26885107945,3090.22613904346
3089.42824416613,1986.89466719356
4516.10302082293,6482.96740742396
4141.39681559728,4785.91481342615
3834.15036936121,5655.27011442502
3663.88619798155,4018.74290691337
4722.54361839364,5561.61105896274
4560.45179927891,6109.12826772474
3668.83601313303,5149.694649537
4470.53163626896,4352.00443378135
4217.08776062196,5525.29582707104
3964.8141726536,1214.7785256475
4092.26899346478,6164.99378933455
3335.24965181504,742.506717546875
2918.09062721008,4398.94728672001
8434.79484448379,1094.01106569397
3647.38032063754,2586.98102944888
4149.99162568225,5075.24506245977
4456.52992321691,6384.53473902255
4892.6516197435,4386.72846136001
4388.42575607707,3279.30523066472
3620.51335667761,3855.29497496072
8475.502529521,2648.75701034265
4931.49512466503,6440.57109415413
4886.99339033599,5482.95617640498
3329.82976739073,6513.71363564763
4046.41425719736,5527.05744205062
3475.1608389936,4267.38179505299
3839.34695646381,7199.44488920287
4048.76499916629,4238.05678333108
4412.08503776333,5859.35274466792
4427.90365512942,5238.5796692049
5318.09214956596,2390.96816883397
3575.42688782459,2452.11916966538
3194.3257252151,2348.79914026207
4282.96261767594,6235.52223966056
6723.63961159255,1408.97258011001
3777.04591988624,4295.28643598364
3688.19175690016,4208.0497060878
4337.06298092114,5877.53890334327
3224.20150046879,2798.28137598711
4236.82746489789,4152.52500581105
3373.39991393866,3814.66027667048
4152.19637383216,5237.78385562075
4539.75751311933,5915.9003317991
4367.72056621885,3654.90640819876
4129.64627007104,3576.70567218158
3262.60856378348,2708.54409155893
3440.77275377007,4383.37564206739
5109.8208843259,6863.56969402267
4040.9648139327,2585.56023580237
4082.92155974413,1465.12236616293
3093.6169246999,2792.25716864037
3919.3114520458,3671.3876144983
4482.3255307523,5581.38884480639
3703.48369236258,1941.883839901
4442.35075260436,6214.15324950387
3950.49863289802,5685.2771916683
3925.43799006981,5492.33341447196
3814.68399519592,5499.20988657898
4104.42066579177,3921.90186568026
8633.27070397069,1105.77521594433
5129.23552411782,3790.84760601283
4556.27035534537,4748.06461696991
4301.30576440668,5828.09528444465
2511.2730614864,554.905135032799
3446.27124519057,548.653642988145
3483.71487951385,3602.67786461087
3941.43717420453,5252.56010954448
4239.90009720831,5967.84471665768
2518.99032044591,1529.45588133423
4279.26898243991,6620.21607367702
3486.39141487477,3243.04666137678
8837.0619803381,2055.09276222614
4021.64953573675,1737.06227010534
3616.44874297355,5350.99277794589
3176.49712500537,4351.03820953067
4250.17698324387,6624.64886528309
5269.22805922281,8089.31670417053
3991.45832220806,2686.15242597542
8402.07417512407,5926.86877417912
3310.92738667587,3667.46605489182
3857.49240599118,3387.34242183102
4493.63628926865,3468.15703758806
3529.33950320533,1607.14485678275
4014.32653129602,3835.51761197232
3416.63765557251,7508.49626147639
3502.11314390439,213.971507472828
2683.87586394433,444.19692581072
3805.7807383625,6332.81785028951
3674.51356636815,3007.42220075369
4271.40196788609,5536.83258690967
4038.81786330094,2491.78785513257
4051.29658318109,5384.01185314873
4176.55827626203,1990.98642603893
2604.04930199914,349.572042524561
4188.45773141589,5188.39732218114
3878.01250060764,7004.62617181944
3730.28220114107,2239.90947290785
9523.99640515826,7615.79493594518
4144.96117875263,7040.43017171154
4465.16996910816,3422.29394553522
3937.97142179662,5317.91661728404
3390.51307514176,3880.01678441003
4704.52339509452,4226.69043415898
3420.9837647923,5112.18569726908
3411.1290701597,7082.08775685623
3924.71513332866,3009.86588125464
3806.74862725426,3068.80048628301
3862.62313176595,3266.29080314819
3991.36284875697,6542.24283378539
3753.5464997429,5493.24255326363
3779.69703567719,6898.00956287202
1905.29315080101,1405.16487428012
3464.2014635657,3160.69750391046
4437.36777127826,4635.4810975624
3920.2410617302,5346.95789313189
2995.71521682529,3917.46907407419
3058.45997275792,2611.53221680403
3666.5766724295,6039.90728583772
3179.17263226419,3841.71201855797
3190.48929271773,6380.32944354202
3430.14210199519,1430.68228588595
4753.13342060165,3110.11725009463
6092.42957107284,164.30056423361
4051.60121770268,2127.55323819825
4145.91858943553,5447.55008330495
3732.54162980472,3001.73902616764
2644.12299368624,1053.26272505476
4538.85343731162,4698.90515680059
3692.98628972474,2568.34008995006
4270.23436912465,2818.39977173619
3775.60952616295,2894.15661582479
4071.15269389426,6282.80591393228
3306.8101573269,2751.22477498568
3683.40886119599,5004.1487175304
4612.8621558636,5350.65195661283
8982.69691775484,0
4530.38316024549,4251.46890621206
3723.84693621853,4483.85408417767
4747.3657939918,3813.6940524198
4069.02794931664,2846.19045317645
4938.13796592997,4154.17329558311
3344.17133270468,1025.64245428104
8678.25147779242,713.35206363459
3920.71682150925,2420.69129877558
3754.0464224624,3128.2465347386
2431.50927210152,3610.29348769828
3496.04469182865,3516.74818029877
3446.66425812604,6234.55601540988
2428.39595322545,4316.59834068132
4479.08925787253,2864.03579051874
4097.05753412379,4244.6490967088
4550.33929001323,800.475098324568
3559.8265358718,4341.20640206786
4420.68428135147,5546.60773176872
4216.73523231201,5114.97062195835
3829.75451561165,5870.77575644377
4316.29836792763,5380.54528579334
4212.32077090008,4483.39951478184
4086.27563681449,4616.95411755398
4036.94907256342,5116.10725687556
4608.22396007696,5668.85264797252
3410.24381423028,2619.26137652658
4153.88626307288,5681.35563206183
4511.65508658865,6200.62737856012
4737.74571588501,6585.32121257659
7795.46636076147,3960.94535965746
3123.85537218593,5749.49706449065
4176.23463217171,3937.30309966635
3634.11330679871,5461.9284304366
3063.69408575955,4758.74932347589
4493.0324532043,5818.49055025213
4389.7644117488,5218.12024069513
4178.50440298519,4630.25249237218
4194.69199732542,5560.24735077524
4270.00519164626,1650.05282490742
2501.07644992838,609.065809980602
3921.85277221958,3323.80440310243
3848.57499639055,7052.93315580085
4646.8879016008,4848.99805133128
3252.87399413735,5440.04820828032
5154.37806988937,6230.40738253312
5064.82838779984,2879.94867935967
3778.9168756774,2018.09525338544
2529.0883243329,6871.01448358829
3636.76879009974,1430.79592823491
2007.39543757082,4546.42566722797
4295.28788476618,7051.45527669532
4079.18908749771,4427.64731837956
4004.81408252999,5289.04617495796
4981.09605117522,4339.72894581759
4580.25777612314,6262.34648542251
3265.00601173353,4765.3416368536
3364.13901697808,3623.98976930855
4342.67604151979,3986.6329705022
1858.72444501727,4567.51049865536
2806.77560726641,8751.51986865269
3950.25016116068,2823.00318543642
5239.38946325104,7356.69883742514
3992.4552162093,5750.34954067856
4771.97108317424,3437.29748415686
3659.93074519764,2869.32105831271
3520.08135614911,7155.79861580832
4667.54473909181,4895.48633487411
4809.97049620042,6271.21249148989
3518.22861402849,3778.51545544531
3897.3125712414,6065.59531953771
4062.71594517909,4637.41354606375
2695.5489976191,2565.55537668843
4047.98754635176,6591.91394880955
4007.639867684,5795.47369317863
4682.93340570641,6117.31220827075
4662.37330285136,6381.46607845923
4270.89428321155,1253.4808811502
4193.14222842713,3727.82145356671
5223.79737279204,6945.29365999899
3782.46282855139,4966.63976526248
3362.12462585889,413.394087840194
3136.19810093644,2913.87710478181
2427.01483067828,5333.82950612497
3908.96985015609,5820.19550262794
4831.76681160982,5771.71810798
4213.61237564306,5894.87258583072
4024.97350651092,6500.0169311821
4161.90419580579,4366.55319157953
3500.91151795926,5736.1982668172
2780.49680083134,8334.82984628782
4604.21087663497,4785.17608530101
4135.11148888331,2323.56588738554
3337.26109668464,5079.10953660723
3428.65834665802,96.9549519960502
4059.71102519555,4447.4251042232
3802.62804654714,5592.52769785294
4275.59333456544,7132.0992703582
4552.66056187536,3954.12555015421
4085.00124218719,4340.92224333856
4321.84887723617,5075.87046537739
3903.19939735671,5202.71858385378
3878.60588514873,5435.1037618194
4728.48946342724,7082.82648498136
7995.86482938218,3846.14523301929
3867.07843216512,6706.03200992635
4716.72807196712,5927.38042903396
2253.4557353656,501.710631478767
4237.0926368389,4179.74758122033
4250.56926765803,6293.20646170895
3077.85781560338,4498.00535803904
3901.45519713184,5394.92363292499
3646.60783440929,4975.84659266293
1436.36598397052,2008.66114128707
8043.09680684951,727.446304893846
4641.35289135488,6533.20683990672
4290.25178460346,389.013284723118
5112.57545629944,5545.18693812221
1584.48645965714,2.33010174545767
3757.8380869496,4228.1112278055
2169.5461206237,274.213158084941
4276.55030909221,6157.6627478317
3967.09087448873,5923.5159548865
4308.41784746091,5078.59830460764
3909.23480728606,4071.02811310502
4600.70316885584,5966.3101749484
4697.12654135717,5917.49153611214
3776.74357728685,5812.92112372885
3512.05747019196,4192.53472403893
2961.92187693518,1292.2402163981
4876.11620029435,7970.87917665518
3595.25864036919,335.023126155658
5057.74963282771,6635.04899020451
3654.17386473122,6174.200616735
3634.30321753053,4699.92846651028
3952.26142695534,7404.15334521864
3763.41199088888,1561.62269177679
3852.52723465685,3361.25669276659
4095.84462013464,5203.45773483417
3955.89012753167,6639.82302599889
3769.52954622484,2686.15242597542
3723.52172625918,2801.52087007221
3951.68467899647,5376.11249418727
3741.60945313299,3417.80427989777
4345.35762018707,4983.91636229092
3283.63877940366,351.276994900375
2949.64386527647,2871.93536090782
3904.45625063705,2638.58417011915
4139.68795615194,5245.85404810399
4459.68330477099,6189.31769199178
4154.90258520089,2118.46015886058
7716.85310504957,2044.23785648126
3839.20268137145,4699.70097038474
4269.8444901022,5564.50973171477
8316.21066523122,7824.8782523975
3817.01076402717,6420.96414183227
3550.44489025826,5256.76582788026
3155.33296896865,6598.3925141245
3977.22853512745,2747.18967874406
4436.80856716913,4545.97109783213
4463.92071847714,6920.11728115385
4033.26497624822,3780.10665975835
4316.06001037399,6976.38070955573
4397.4150912208,5123.60913190019
5049.41548108286,6097.87566661542
3652.86320027603,4303.92494592548
3999.57573963274,2514.9751228726
4006.61886308627,4395.82154069768
4828.32101916654,7176.88302438046
4433.24193673135,4924.01595586712
4873.06127682303,9092.45368121183
3963.26400912241,3517.48711985153
4454.37405316485,4585.12833987211
4532.7204435118,5057.34306251372
8103.91250402728,1281.55582703356
4382.04680850881,3843.47405639279
4082.93259805315,5318.99658959748
3241.84525496239,4693.10865700703
3886.45543718191,1350.32223952475
4776.98390954183,6873.57191215201
3936.11955599183,2956.33050351064
3428.08873054248,5293.64937723056
4152.40256065262,3984.01887933472
3877.61763133798,3274.19037353727
4324.38739224969,5024.49439797741
3655.83626464987,4687.5388076285
4312.07548748804,2567.14658100147
2431.37765856797,754.61190055792
3362.67174894471,7319.47404388652
3924.48262389472,5562.29312448412
3714.48174014048,3479.7508828857
4347.38566324255,5016.19713222388
4058.18137867508,5442.88979557334
3385.29545852929,5609.80471773663
4083.17624299538,378.897239245643
3797.37642525601,3975.55078005941
4145.04538309173,3587.78786262437
2817.89871375737,458.973179734446
1359.03620521267,1993.65760266543
3621.59726498254,1841.00749099864
4375.38335770341,7330.78373045485
4765.36237963483,4722.43366872894
7903.1297168279,2401.1412204851
2969.12727597825,2070.607744275
4525.61968071669,6502.34728647553
4154.85131289694,5936.64391903817
4201.74489243383,4597.17675456558
4175.98895897554,3482.64913278248
3975.09823114763,5572.8069974683
1806.39588433442,391.854872016142
3565.05241775963,4130.98560498783
8272.92941765891,4934.01817399647
4236.52162050601,4685.20887519032
4610.14419683628,5036.54281267088
3545.58325166663,3831.93729655416
4238.04605524426,5630.775378246
5007.0395942257,5835.99506626136
3918.28511837822,4961.18366394673
3623.34147345883,4167.30125973478
4050.25526897788,6842.20070386597
4751.64603169401,5540.41290232783
4057.84141845738,2620.28426338102
3067.1885845754,3759.02182833096
3365.89875994401,685.561329337432
3951.09064925901,6166.24417231453
2437.07048934535,2260.65306014693
4808.87813102995,6261.26693596431
4249.88563875033,4346.88957665391
8520.92860175224,2012.52561543453
4105.82400478722,5506.37094027055
3853.00933989228,5941.87252422839
4016.65603229836,4999.82925113186
4498.75112859315,6748.42832319617
4495.79350124009,1682.27640366755
4255.22350770594,4384.91018377667
3420.50050028435,864.751792321394
3553.93933758646,5401.23221042866
3290.26172060029,5766.43284018602
3823.33965075895,4746.9279820527
3716.14963278751,6372.77090591363
4110.5561223636,5105.25213970305
4551.38546196276,6921.14016800829
4368.28042244584,6009.16105761405
2320.83232548352,849.407220939064
4172.96650162515,4947.71487846199
3833.0098995898,1277.97540590159
8301.32733896045,4151.84294028968
4383.36285571172,5123.94995323325
3937.43667695583,2312.14266418205
4210.79996710718,5413.28020226688
4256.68037111021,5771.54769731347
2334.75077942622,6635.50398245559
3589.68123458917,681.355769572375
2933.16439195235,893.053970045771
3288.57846410751,7966.50347050813
8988.97605246896,2500.82406043886
3735.53509505485,6005.75115286242
3440.22278977372,2937.68956401182
3477.80363201329,5097.69360207466
3874.68675214062,5885.89325455581
3856.4345631691,1984.50764929636
4939.40147999805,2842.49638969551
3847.11007366733,5727.73059039714
3759.64392840496,877.027438855877
3939.16680026098,5526.20496586271
3835.14371784179,5383.3302104826
4304.8473559332,4786.88103767682
3777.48226988358,895.497756260535
3433.57055045511,3208.37929640188
3206.51729111919,3753.22532853739
4262.80121240881,1428.23849967119
4087.20142083809,5740.74480648604
3913.36594588688,4520.05599086185
4013.6770316737,6211.65290639916
3945.92211000547,4216.97237475894
4368.01497108731,2821.92342455059
4930.27948315802,1552.75689713703
4233.17854593991,4461.40554456278
3944.93757444109,5649.81401310926
1666.66208541638,1250.8666842689
4894.5623287228,6131.63346994339
4101.16461645813,1330.43112847358
4751.05122974539,5757.28309824459
4075.02485216701,6597.3129646663
4259.35682856193,2919.90131212854
3226.98943115496,2385.85331170653
4104.21400395424,7990.60029989507
4943.87315157805,4109.27621635333
4352.41903345131,3779.70875296628
3110.38212668988,1228.70230338331
4196.38814197377,5622.13686830415
4268.56006971306,5763.47750483023
2447.68387522661,3334.94346757661
4088.0644834189,4719.08042658107
4271.37107512789,6150.6154422029
8909.06650778968,2072.19894858804
2918.88609129547,2129.48547527198
4177.42703752895,5250.74140910589
4133.17859740351,4728.51475010706
3871.10348336976,5997.62429777542
3845.9924451338,4932.31322162065
3573.80796913751,489.775964848065
4200.83801297016,7037.2473402302
4706.83616973841,5608.09976536082
4347.17403468233,6264.10852325733
3934.06159676613,6278.65728105552
4288.89403756628,5319.28074832679
5302.20932370708,4408.72243157906
4188.5814206227,4359.05173941015
3783.38204911659,4051.76240497147
3994.24873787951,5965.23020263495
1434.03254515765,1590.32272343634
4227.68296515618,4633.77614518658
4399.00996145294,4431.62554058979
4276.04130585923,6658.52083952909
4606.42049575762,5818.6042983149
3380.28848411037,3655.13348146905
4353.92154165878,5858.21610975071
3205.14729311302,4560.9748478814
3932.69495373418,3116.65290086859
4275.7516645602,4136.27129563706
4535.35745652051,6476.7159153793
5352.51175961998,6817.47889441666
4399.45015495212,4953.90928504764
5501.92276168393,6613.51001223654
3893.8723837039,5115.59560202071
1656.77608659055,3854.66999489836
3996.16777630402,6492.79921488677
8999.00919254183,1618.22704722555
3838.30670239428,5497.10702741109
4022.67530097225,6695.6885476087
4970.44093787251,4888.21195597502
3887.3030771219,6289.96696762385
4182.8422663763,4494.59545328741
3793.9647580556,4856.04493410483
8897.87386040643,5591.78896972781
3845.18907156076,5606.56522365153
3619.52729120505,968.526549691256
4682.29934334087,4235.27185864182
4055.50677994332,4108.59415083195
5354.76442300641,7152.33204845293
3201.94208982003,5892.14474660046
5126.16439093596,4739.76735121638
4581.13636786056,5717.95544553808
3498.85692122279,2983.55286749229
3870.98377819883,5084.33814179745
4116.35070395789,6642.60795068816
1955.36596739777,2146.70540969666
4034.66674449097,5803.37347499534
4359.56493457846,5835.42674880275
5511.46129730115,5411.68899795383
5383.21412673371,4395.53738196838
4647.89228714954,4821.83256138102
4085.26317196125,4356.38056278366
4785.62289164828,6232.45315624199
4596.12429687859,5957.55791694378
3701.35108454368,4397.75398919904
8075.89001643857,4303.4699536744
2283.29742800156,5257.61830406816
4144.99966270926,3896.15716937651
4131.42809604691,1317.24618457671
4136.28998508106,810.761633753934
4284.23486588054,1156.58286017189
4381.22123485327,3098.06883540116
3692.54481059573,4476.46595721581
920.115542779768,6116.11848789453
4610.03926109641,5648.62071558829
3555.19623099865,5883.44957405486
3467.01772474912,3740.94941771838
3683.02894293384,2042.07812328198
2771.82839954274,3517.20296112223
8775.73973299205,6663.23778986446
3102.22230888478,4033.2350021078
3770.61533625539,5308.25522048775
4671.85059214306,5342.24051994127
4311.03303540598,3695.541106489
3164.53442447709,2087.42998333523
4733.07121332168,5744.8934393628
4549.37306982381,5406.57414082639
3970.12100010271,5785.30106438275
4247.650611185,4927.02795382668
8443.88814735536,1676.0249116229
3971.72050065548,6632.94655389187
8218.07134913464,1103.2177873806
3770.82634402218,5002.84167194666
3502.9370430552,2468.42996529838
3940.41558572404,2271.8489986525
3719.83400451735,6310.5401441964
3563.75087505753,2021.90285350151
4311.13978401251,2044.52201521056
4221.79764278988,4543.01576247634
3185.78553476494,340.478963186884
4397.26668418183,6437.50201073557
5121.89386937145,5314.33630186587
4647.3037609917,5297.4005261705
4286.23943120914,5964.94604390564
4016.16796778389,4280.51018205991
3584.16049967984,3609.95224350996
3260.38110330233,6491.49216930303
4760.25035257566,5021.88030680993
3504.08572371486,4056.87726209891
3825.32076759216,6484.8427704663
4214.48200663665,5718.92166978876
3934.24880926082,6263.3697951322
3961.20943084599,6498.3690642653
4252.60575482523,6446.59509007325
4281.53534481473,2082.14450411363
4551.48714220291,5259.89157390258
4275.47682966117,6851.91918612127
3999.53595257027,3196.27400767703
7735.13996700272,906.920979464017
3575.24600974374,6322.81563216016
3744.94503126045,6441.36648488303
3796.6025747545,5939.82632766426
2936.09387098141,385.489711194077
4233.74341164491,5588.09490624688
3807.86714057124,2373.35032761722
4173.97529566633,7045.99959823482
1701.00753911172,4384.56893958836
4365.6508247474,5249.09354218909
4268.98715303199,5885.43868515998
3438.70232127521,5343.71839904679
3994.23596488369,3668.65935241279
2127.51571318501,848.554744751156
4056.06659405917,4496.35706826698
4369.56403763986,5288.87576429143
3886.67605720313,6817.19473568736
2122.47106734481,5257.84537733845
4285.79273968834,3911.72881402913
4356.54266363786,5692.03991571255
4272.20622972047,5250.00268098076
2908.7395566178,2180.23613975435
3714.91394408928,5400.37973424075
4049.22181981168,3716.6821776649
4367.74530061108,1938.6443458159
3048.83331250008,5872.59445688236
5028.44138689526,6253.87880900244
3299.92578071007,1053.1490827058
3006.45177230206,4543.29992120564
4274.90837315791,4945.8390925644
4444.12763465121,5608.38392409012
4374.61706982416,5062.79916382947
4233.40416118253,3976.40325624731
3923.95818957034,5368.26979782957
4182.2186699059,5880.15299451075
4202.73387953041,5477.50007508922
3760.66448170546,4867.01379934011
4198.75426130505,4557.451195067
3385.91507019093,4603.20075048469
4169.02010257763,4326.65764426968
3124.18627983035,4585.52624666418
3901.55253806625,5993.93023429449
4640.91908569833,7209.10628599916
3758.14624686192,4635.70859368794
3474.09535083732,464.201679210848
3926.74923288724,7089.87379061016
4716.02743666422,4690.72163910984
3813.15669851824,4299.71922758971
3790.86077224175,6215.40363248385
3977.34661820831,3086.47520153115
3823.91368575378,5942.44084168699
3938.60516499938,5490.06014463754
4648.12241921045,3628.70671964392
3767.49662237232,6187.10150761638
3886.53614119663,5472.04439662872
4332.7550173548,6323.89560447361
4751.59504102456,6620.27273628078
3693.71487592818,4242.20541620785
3898.71173346128,5278.9868713696
4453.9244125176,5236.19265130771
5104.4153735784,4132.97471609295
3874.37238480555,2949.22653527808
3255.93137965223,3221.05269115772
3823.63796523686,3700.94012234575
3867.56038864519,4793.8141723876
3476.96337819406,2610.11142315752
8257.81166725264,3268.39345088845
4440.95145286893,5160.2656079802
4195.03154007289,5879.86883578145
1894.11275359069,2618.12474160937
3438.35820180053,5836.50629826095
3967.79469605539,3929.06249651658
4090.6841163023,4490.33307234787
1447.93503765896,1382.94361936314
4262.07159829335,1235.18108012588
5065.73773195212,2676.88872454359
3663.84658660532,4189.86354741244
3525.54201954319,4446.68595324282
4891.07436776525,6082.13318844101
4307.23154775806,4821.71881331825
2289.79173419285,2989.86123356832
3712.73117224755,1047.52267643733
4012.46065191023,5474.9426465255
4374.76246313565,4712.31770253682
3525.42878393006,5364.80280761893
4666.73956900639,5911.24004406749
3744.79016017068,5602.35950531576
4757.27878531215,1062.86724781966
2339.07924664567,743.870690018908
3678.5878732188,6427.8976993983
4105.73187012392,3614.10087638673
2960.74754945792,3224.86050270143
4921.83531257376,5008.58150913647
4423.2656267773,4248.4569082525
4464.09149027666,4599.33627633723
4201.3848063304,6434.09210598394
4004.46724997743,1808.61339585817
3990.49826730354,5605.42858873432
3906.33757048776,5762.00004857996
4518.28288183491,5484.26322198872
4404.73871599632,4426.90859025442
3687.15780439687,5572.35242807247
4176.00814504983,6819.07052158496
3406.1342083442,2332.09064926461
3214.51912368618,3377.79456166989
1860.23826110242,942.270304246475
4123.70414302082,4710.0444327024
4271.40759238218,947.157876676002
2367.60736665129,5011.47975903326
4477.74910251096,6796.7923926366
3886.59293120839,5984.38258556098
5118.14750594323,2841.41662880969
7267.56701800275,3731.79967577694
3112.51943334282,6930.51740607527
4067.63119066113,5677.54782051813
3606.57963243267,52.1147071549734
3136.09463136111,5748.1329334479
4102.59427701062,3273.62205607867
2847.60717176646,2357.60806087044
8066.01688455124,5565.13471177714
3510.54683189247,2404.43737717395
4078.40661535822,4677.53658949915
7778.1834978551,5830.88020913391
4168.46826994599,3660.53249732579
2080.75236895748,2726.9575349322
3644.10093923821,5192.88677639097
2491.74667771096,47.2271776716833
3820.14603085401,3662.35119776438
3913.16854203241,4311.42639809487
4195.5808896304,5324.16810932869
4592.24446601334,6021.09572424475
3490.14825495761,5962.44570080093
3667.25595598453,4978.34693576764
4078.1395169258,6603.96236350303
8811.53717306356,5790.24551084367
3760.42295077095,6215.85820187968
2872.51679622054,4769.49026973037
2192.13120561707,3115.45939191999
3964.6622083028,5764.10290774785
2971.39137138312,5178.39468119655
3678.77413358098,3805.05554247795
3954.40802444186,6787.58556523615
2961.50785066502,2224.16720616108
3879.8733222264,7283.38588526511
4599.12816001902,5261.5965262784
3504.06630411031,1141.46557348747
4545.0199673407,7272.36035742608
3127.02478843234,1608.22472338239
3591.06037838406,3737.70992363328
3358.23625316766,1988.03130211076
3527.3291649366,2005.30811056683
9177.24498054805,1236.37458907448
4501.68640456226,5961.08156975818
4931.67981312987,5219.5976969454
4259.10880231202,4185.08951161806
3760.05320485979,4085.69104182123
4364.80252740926,4869.40039438205
4168.51861962492,100.76267764728
3882.46071242677,4951.06769775461
4722.31685199368,6246.03611264475
3711.52601564521,5938.51928208052
3890.47799279772,7048.78410006883
3874.41694841473,4902.02198564806
4251.39740865814,1629.59339639764
7940.14189456602,2357.43743877628
3753.34854681075,6294.22934856339
4065.01811726994,5312.5746868863
3411.09413900433,4805.80592447732
4844.10448718143,4654.23557369635
2663.52930126647,4672.70589110101
4155.7805592122,5642.31213808463
3744.61659534217,2127.89405953131
2865.0226010142,2245.76326958806
4161.83219744741,6158.40147595683
4166.96717994779,5565.81677729852
4127.10150387347,5390.77500004823
3826.71347800774,5177.08763561281
7408.819396132,950.169874635558
4124.111519249,3196.04672297911
4344.34491381761,5319.11033766026
4195.13163470145,6775.02591854308
4194.29720707412,3873.36738557331
3663.50859896091,5426.52233733657
3587.43611507948,4624.9672245782
4251.72194738813,5102.18347913974
3870.54987775241,67.9707682143166
4593.46168806561,6353.05020552899
3924.60098044938,4893.61097183176
4213.74436733688,552.972845102161
3618.51735739603,5343.03633352542
3969.27133014035,5844.57649074419
4893.65880613286,7131.13346896277
3877.29032579369,5658.33877498833
4650.10502620032,6437.44534813181
3930.26701295054,4795.06455536758
8379.99263372301,2634.83323260683
3918.13856743743,5424.76029950175
4375.05460117486,2949.96526340321
3803.03180354443,5220.79141732162
2446.48947889296,1299.96927040684
3807.24953012416,2753.66845548663
3579.67961739289,5035.34909229466
3816.67556180499,5107.24125080817
4727.94343271522,4766.87617856288
3467.59746565632,6683.5268077077
4081.30783574227,4611.3846910307
4131.34023981503,2025.93794974313
5013.18656312457,3482.93329151178
4290.61744106877,7017.07207044973
3208.97790115225,3943.95249850308
4122.54121310778,3233.89670800772
3082.3267182512,3143.70464275608
3369.54869435034,6261.72150536014
2394.27656816156,500.971797639818
4418.75424482692,4595.98303418936
4339.62885492102,5134.5204888212
4145.18219260898,3061.58276998768
3554.13674307129,3092.66981954441
3551.81959384459,3546.6985949383
4341.56162386574,5393.84408346679
4265.95300680911,2702.06531481636
3994.37205383071,6622.43268090768
5107.63684411039,6321.84940790948
4099.8823780338,6749.79245423893
2757.3189248906,5301.37874838074
3301.74442718714,6007.51319069725
3976.04082756047,4689.52791873361
4232.48951450138,2787.02877487778
4206.62390603136,4915.77535271735
3777.96438424556,4633.26491318699
4285.00325325267,5890.95102622424
7137.19221217117,108.662287679042
3928.71027650698,3539.59462670573
3987.68308321062,5616.28328305158
4425.93107677587,6369.01975697368
2969.62950654349,6846.63391832729
4254.44588455926,3563.74811869644
4544.68131274218,4407.8132927874
3291.85693151405,3945.60078827513
3986.55600004898,2276.79323368578
5181.73033905844,2890.57608897901
3449.34046914997,5623.10309255483
2970.5739121971,4158.03776973057
3278.37742748301,3686.50468975509
4487.38618971003,3633.36700737553
3162.72513629423,1660.68034024056
3753.03894004105,5087.97554267462
4815.34646512213,5233.40772661844
3511.32285587622,4702.25839894846
4322.88821170199,5462.83756922827
3921.78336327342,6059.11633136752
4472.56096681495,5614.69207873853
1104.15697861141,176.007906523715
4477.41055978522,5752.33865178368
3575.54464733531,2447.06118656932
4189.45422891367,4214.24411267344
3751.66659713697,3788.57433617841
3218.51371846904,4852.52170414568
2436.16294264067,855.658712983717
4361.80653253234,6891.47391209806
3793.53702474249,6540.87912559789
3977.84616454895,3343.35469282053
4106.8466610402,1568.66978597797
3496.87035046931,4886.62075166197
4291.11457530673,5122.75665571228
4060.00912994264,5321.2698594319
3893.73822330232,7523.27251540011
3950.2258691986,5327.52135147656
4368.52618216573,6741.4951884854
3528.84900754018,6792.01835684222
4012.19538747161,5059.61633234814
4020.93285718355,4491.41262180607
3621.48293427464,5712.04477482649
4479.90194078146,6750.07661296823
3945.10630381836,2585.16232901029
4313.46654763646,4024.93773635427
4143.99084140358,3353.01608961682
3485.89325592499,6590.32274449651
3520.52651874506,5130.42894140345
4226.80819950129,5152.08166743419
4545.39888495289,5946.70322262653
7987.89827278399,857.363665359531
5138.91800676004,6017.96997822243
4680.79552223895,4094.32912890782
3902.28652177831,5751.99740759536
4350.7559528094,3075.96132854696
3502.56896870954,6141.29486673967
4269.52452756345,5384.01185314873
4608.05799279914,6561.33855410766
4634.7491376447,3541.98164460292
3886.86795503908,5609.57722161109
3498.21533018193,5514.89570214962
4764.07174153618,5954.20509765116
2411.51699099522,5658.33877498833
4498.7621298098,3725.88900506535
4166.21811872898,6597.08546854076
3375.85739472669,5853.0445900195
4200.28245438936,6635.27648633005
3309.52142650138,3126.25742363349
3472.68112872999,870.037165829182
2546.69329989532,2509.06466358863
7111.20823672074,5960.1153455075
4060.2522580235,4344.84380294503
3731.09719893712,1197.10381039936
4114.56347694939,3221.22331325188
4294.20198726774,4527.78493915678
3455.24061910307,4549.49475064653
4323.77662266113,6725.52521418545
3469.14299282733,6341.22928696106
4328.02818995146,5089.90756832072
4144.61259321153,3952.47726038215
4338.18320360995,7071.9147052051
3825.69482189177,4227.65665840966
3489.74894461643,4959.81995575923
3827.10984730811,7018.20870536694
3140.18265022604,4570.86331794797
4134.36673303017,4865.70633090111
4195.2020171932,6289.1711540397
3198.45512003293,2961.21807594017
4207.73423457536,6348.21950713085
8894.87401521904,359.176618146364
4036.21791668475,5758.93096516139
3919.55477953782,5731.08340968975
4116.77819227245,4102.28557332828
3888.45231832565,4018.11792685101
3985.71545968581,4927.19836449321
4249.69462261751,5699.82594946649
3915.48828450839,5253.64008185793
4151.53744443442,5165.09630637834
7333.00778781673,2066.79993273129
3331.47489854278,2978.49488439623
4500.25178380971,2913.08150262529
7395.95621921609,1178.91765172401
3761.64313773851,3953.95471663242
3988.10086873085,6290.30778895691
4037.87978887422,7651.20060618996
3737.54856337824,6097.13693849028
3860.77197660245,5228.80452434585
3486.79010260461,1772.97980663259
1668.73562809328,158.219575355074
3652.97115574219,3783.63031257275
4095.1389259813,1232.56688324459
2917.40808665702,1818.50207735237
4235.93530261375,5570.24956890458
4286.39484966881,5319.05325220124
2780.92125884544,2427.51110827884
3683.65158420913,2038.09990107175
4868.65530390582,5226.19043317836
3175.55131251386,5127.70067931794
4777.65271897505,6507.97337560257
4886.6250587991,6259.10741419266
3865.22732674261,5608.55433475665
3611.44221871684,5623.84182067997
4863.64796948134,6200.79778922665
4511.97079851955,6601.51826014682
3919.04204530115,6754.96397397013
3710.41930383489,5722.78614393622
4037.07935163183,5239.88671478864
3041.71880026197,5699.20096940412
8346.71085714164,1836.74511005911
3984.19599287074,6629.70705980677
3077.18951778054,7929.90365703187
3426.14074719998,1826.34498513769
3391.7773261134,4034.65579575431
4109.68693732796,8282.88546142924
3636.33817891589,5544.61862066361
1952.41356504877,1327.7600575609
4687.83686070984,5813.03487179162
3873.35252861355,4368.37189201812
3988.39703917311,1513.20195973261
4340.62351648421,7997.93091854267
3879.83619581299,4114.04982929246
3345.94525566955,3016.91318688344
4211.16352259121,5840.31410980465
4191.47992590651,6222.79175944571
4730.29740709381,6091.05585711216
4015.96327120494,6533.77515736533
3705.37745362137,2467.52061507909
4642.22898901329,5233.46481207746
4512.22931892251,5354.23227203099
4079.63512607146,4777.44671415083
3898.1063243622,5122.81331831604
4357.7176409315,6026.55182556051
7749.63384225646,8703.72453952612
4337.17050376135,3438.66140377199
4060.01172114295,4421.56665985668
3536.02255885624,2684.56101023475
4559.95057612338,6802.02099782681
4161.07514316253,5542.45909889196
4211.5299372991,5525.69373386312
3624.53213724203,1474.95427933955
4057.9114834527,4780.57246017316
4225.10430870101,5786.55144736274
4092.97855789522,5820.59340942001
3712.93134610931,586.389932810888
4673.23823972059,5526.03455519618
3514.90395539501,1304.7432004874
2873.91104703008,4191.11393039242
3983.81056844725,3817.04729456767
1736.28495617508,1928.58525365517
4489.70127722666,5513.07700171104
2832.13412941668,2130.67898422058
4026.55425850581,7209.50461564648
4702.98099372657,5481.59204536223
2306.10940760243,924.425178331809
3920.1000108687,3167.28981728818
3680.65590001787,3811.42078258538
3738.34985774494,3665.07903699463
4251.85052776081,4272.95164443152
3430.44236761627,6235.12433286849
4368.49717092297,7022.0731795144
3343.41548776142,4386.21722936041
3577.50409666462,5962.33195273816
3487.69613261138,4189.86354741244
4463.12449204141,4436.68373511347
4355.40016473252,5761.88630051719
4174.24256316693,3318.12122851638
3996.30346354272,5520.57887673567
4277.48289104765,5493.29963872264
3931.64604262006,3965.71897259659
8051.69100736303,2411.08677601068
4317.17711728534,4361.09751311903
3720.24395630345,3062.89002699905
3830.19524865542,3378.59037525403
8958.98169191985,4924.92509465879
8898.16705387065,1632.37810965928
4093.86963798426,4335.92113427389
2910.61714434091,4182.92998984641
3942.52109217238,6173.68896188015
3808.65229680605,2790.55221626456
5211.18733756104,6240.3529380587
4912.99020411041,5871.79906615346
3267.50285032409,1593.61888012519
4104.50114008121,3874.16319915745
3406.78429768609,2047.76129786803
3035.04624786127,3446.16327879662
4217.95277133818,5787.00601675857
4043.94669965448,4924.86843205503
4646.21171155134,5891.00811168326
3505.12607599001,6016.03795257632
4934.5571342507,4186.16948393151
4169.66490354827,4469.8736438381
3914.86954183989,3940.14468695937
3839.79110992882,1027.68843941755
4351.08691914077,4961.52490813504
3397.11547072017,5315.75709551239
3152.41773267908,1266.15438161985
4947.18343356146,6259.8461423178
4435.59388492224,1744.67768176512
4174.9257649448,4552.05217921025
4149.29970144889,4688.90293867125
4914.96218343859,5068.42525295651
4300.63232365658,3960.83161159469
3214.50322367768,1858.11388878817
4140.95670154302,5824.34455835996
4961.40380880544,4110.86742066637
3861.95856949099,5725.68439383301
4926.01313018378,5290.46696860447
8013.83656600972,364.57563400311
3803.37821990672,6361.29080867876
4294.39351641374,5324.7935122463
3900.28508001631,3307.60735553219
3980.58694503626,5057.96846543133
3901.20392589097,4456.74525683117
3576.05400983669,3375.86232459615
3293.31611194886,872.821931947727
4012.24163201863,4523.46589561348
8545.38683830582,5677.60490597714
3998.8761632138,3661.83954290953
4303.89425983121,5325.19099618313
5025.9206428302,4284.82922560321
3794.51324481587,5313.6542363445
4204.00348064329,4302.6745629455
2622.11126313822,3152.51356336445
4348.31996209345,3543.91388167666
2578.67840320999,1210.51614470796
3409.9190886439,2393.18477606463
4410.52323045193,4271.36001726322
3925.38547927589,2527.53498099329
3300.8085054041,275.463461779562
4820.38544240641,5706.53201090697
3794.43446017211,3882.85837170306
1460.82445174776,1218.35894677947
3166.16114723597,2605.28072475938
4130.72759524388,4549.8355719796
3540.65773692168,4580.07014534842
4268.17683457886,3655.70179892765
4496.11263914795,5155.54823478958
3850.18410793639,5823.09417537998
2839.77218702701,2533.55918834002
2666.58589546412,963.695851293115
4884.91450304112,6792.13210490499
3643.90683739177,4992.38446156623
4063.2422572525,5124.63201875463
3203.53465376762,5371.05429966359
1853.77994054848,421.236889911703
3897.70125664731,5093.31747307235
4865.76524001816,7110.21904820191
3899.18122907148,5146.11433411884
4724.3705225428,4685.09512712755
3731.62226429127,4384.45519152559
3522.54481042089,253.299080893973
4435.71237066563,6441.08232615373
2861.63843899565,4877.30017619875
3765.71025813102,3610.63430903134
4454.67576286077,7578.57014240656
4055.26961770106,5735.51620129582
4781.22507060331,3533.17272399455
3150.4643470821,4146.2735137664
3993.52582433592,2610.85036271028
4514.61807593951,6680.68522041468
3360.59972526241,6946.25988424967
2861.42352490694,4016.35631187143
4041.75853874325,4629.74126037259
3990.82465597538,4736.5849425903
3768.43221933091,6169.71073966992
3637.92469801348,6824.12829325339
3726.16527715206,2852.95360007594
3626.82815887312,3370.52018277079
4202.70951162676,4563.07770704929
3916.92430542736,5778.93582427533
3917.89301701876,5378.04451983338
3739.16515696439,4102.11516266175
4980.4123946667,2077.82546057033
4365.47265636654,5600.99579712826
3199.01524180406,4355.30059047021
3734.75148444326,4600.64332192097
4533.18244395804,4814.84191835598
3935.61392689991,5849.35052653857
3693.57514748291,2814.59217162012
4019.92474562959,5620.43191592834
3583.35059808457,4394.40074705117
3868.33759960563,2058.44579294638
3922.04888296202,258.470759195896
3774.02850530152,6350.54943956903
4204.00344873232,1736.83487969361
3886.5289707506,4938.96262045738
3941.08417516576,5917.94610550797
3079.16760549797,5350.99277794589
3847.18605432436,4690.83538717261
4408.13405548547,6647.4386490863
4453.16327379119,5076.38169737698
3600.22375702268,2344.65029595768
4051.34023170151,5081.32614383789
3159.56120965699,4532.27481622186
4784.35197852358,6166.6420791066
3382.47573828423,1127.59866978304
3316.34824805974,4784.72109304992
3670.35607260507,5433.22839877706
3525.01543300636,5494.72043236915
3638.07359179197,4486.58192340793
3973.02179811061,5514.44070989854
3763.68823356758,4277.66859476689
3354.10291265481,2913.3087873232
3997.74978227039,5291.03528606308
4118.30944154161,617.363234304852
3871.03148924552,3877.80017717937
4957.44483612094,7955.64877619088
3157.00313412526,6011.32100224095
2137.93831414032,1931.19955625028
4098.53425856123,6928.47163236639
3745.63133047317,4381.72735229533
4442.47848995216,4464.81544931441
3808.09815703385,4832.5735076355
3543.42866276871,2326.17997855302
4619.34467263861,3855.46538562725
4491.52759431174,6051.89861507218
4446.38439919781,3838.35919926535
4197.68243092352,4132.74764282266
3403.62858923261,1419.31593671385
2481.10735623908,2699.79204498194
4881.91272991088,5571.21579315526
2216.61162705957,444.935706792762
4843.40931782762,6089.80547413218
4383.09638883562,5534.67306513802
1872.44502984414,1385.72843833859
4672.48640150449,5354.11852396821
4047.45630045081,4369.0539575395
4425.4946680307,5283.13550424637
5142.35821381822,3132.39516761537
3972.14541145411,5218.2339887579
9935.32400916751,2160.51565079733
4245.83783891936,5020.23201703787
3814.0933667907,5073.42636202118
4655.35937164404,5109.17369930953
4494.76347157254,5145.3185205347
4417.87254100143,5161.85681229325
3922.09273994891,2130.73564682434
4528.37468304104,7009.22937409203
4127.54872406257,2797.65618449712
4252.11739625791,5757.51017151488
8122.86637453599,991.031963337533
3754.72721714704,4953.96637050665
4654.99046702121,5161.51556810493
4568.79966605764,7001.55708840087
3362.12644708942,706.873234035114
8571.37742404725,202.491502737546
4071.49417038717,4030.56424833656
2741.62343294914,5010.00230278298
2222.79683337267,1081.50808160466
3744.72511803898,5481.08081336264
4515.80432344566,5341.3313811496
3786.45773744122,3900.98786777465
4137.60521346126,6652.49642075473
8326.34215767917,3217.87007110401
3585.71073907422,4851.7825531653
2948.54557474885,6660.2257919049
4641.92543669887,5067.2886180393
4042.46234743106,3184.28267844256
4161.01713604062,4221.0639221767
3724.1726544456,5184.13494124161
3102.76004975672,3344.43445370636
3576.200593678,5284.04506589329
4454.03679111494,5512.39493618966
4293.5628299215,2794.70106056895
4709.89581692447,4959.19455284161
4058.26186590094,6422.95325293738
4106.22902550194,3933.55237358166
3940.3579396705,4669.63680768245
3214.89563121221,4988.86080875183
4132.88961327611,5695.22274719389
3921.15681442948,4869.22998371551
5461.56327151062,8313.2904454646
4188.07064954848,6097.47775982334
4026.60547045485,6435.79705835975
4420.62412549141,3124.4387231949
4291.86374849431,4916.68449150902
4266.51628253144,4390.30919963342
4221.15726019819,5692.09700117156
5644.37128706313,6586.96950234864
4181.08751821822,6193.52341032756
3522.61600507954,1696.02966502302
3685.18967797899,3856.94326473278
3673.40315097846,4690.38039492152
5220.54447742557,5375.94208352074
3565.06208234649,4070.23272237612
4319.78205415812,5358.83547430358
3423.17465545691,5543.53864835016
3882.7462641554,4550.23347877167
3739.94149063209,5471.07817237804
3447.52436650718,3918.09405413656
4003.32222169957,4873.43570205129
4735.00571865922,5331.55623629055
3010.25227378371,5564.79389044408
8735.61706161222,1796.67872922747
3848.73345140053,6162.94801562567
4775.49050339741,6698.01890290213
3608.83490471677,5418.39505939432
3933.17076885273,4782.73198194481
3793.01681404995,6050.25074815538
3937.1277474051,6323.09979088946
4583.50291459488,6112.08360308054
4354.67688651247,7822.77581608486
2823.98017439044,5223.51925655187
4576.92506561135,6468.87321902161
3741.65491348228,6904.4314655832
4437.47323007814,5185.21449069981
4375.17867921669,4323.87271958041
8783.39542336854,426.294899436214
3808.90812187719,5586.16245774552
3512.72876467621,6331.51080470577
3985.48246556961,5409.64322424496
4468.79028306145,7177.84882577589
2470.92481305986,1135.72552487004
3539.18857553568,5853.95372881117
3757.69361622463,4302.73122554926
4619.4454274159,6205.51473956202
3844.43025430943,3744.52973313654
3244.0801374242,5329.73753585196
4001.26610933549,4634.9698655628
3840.81321744644,3358.81280083801
4431.25930614787,5087.97554267462
3923.65370867471,4275.11116620317
4227.56069707132,4518.35103848604
3992.7497001611,5747.67836405206
4222.87119364121,6106.34334303548
4022.26647792394,2362.83645463303
3549.33966153212,3390.92273724918
3334.16793154158,1743.99572195756
4128.21001001194,3564.43018421782
4647.97240243287,5321.2698594319
4020.73671717964,3957.02380005099
3216.05191396735,2912.22902643738
3949.51725953196,4034.76954381708
5293.75201278146,4917.70737836346
4775.26426090191,5128.78065163139
4678.53536575943,6325.03223939082
3940.12482725751,6363.56407851318
3852.60148442458,5185.21449069981
3741.93684041405,8186.95398184304
3570.27780960522,6170.62030131684
2791.97010026036,1866.75218730239
3785.10855266294,4582.45716324561
4159.41343386487,6177.78093215316
4157.61665165468,4490.38973495163
3520.50031122824,4341.1497394641
4533.0388940531,6755.64603949151
4031.3923761607,6405.73331851271
3934.26957579656,2736.95996448917
3141.72332834455,5053.64899903278
3626.11985073701,4738.34655756987
3724.60395221771,4708.45322838936
4307.28909429433,1572.3638494589
1562.32219972594,1394.36684256662
4591.43775267571,4802.56643039222
4343.82752003827,6904.03398164638
3824.29792419997,5375.31668060312
3446.63315401326,1376.69212731849
4072.20273931618,6048.03414092472
3939.55003592409,3795.90580053652
4585.4823228379,6975.07366397199
4381.69826017859,6565.94175638026
3307.77216488833,4448.67506434793
4537.81630249056,1801.79358635491
4625.71551844987,7218.65435758792
2861.03297275165,385.830717526312
4315.17808365114,2977.86969290624
4273.05789689145,4964.59356869836
4567.2007049391,9023.63060611689
1194.6599156679,4939.53093791598
2606.00899858598,1006.94485217847
4290.87104570662,5237.72719301699
4379.62700939522,3042.37372445789
3975.89925257694,4892.30392624802
4008.99405494423,4922.48141415784
3589.51252031836,4798.98611497406
3572.96860046217,3790.56344728353
8580.7136242519,697.041320858487
4542.71926705404,6790.54090059194
3552.98132158201,4181.11128940783
3869.0320591828,8032.42829570629
3759.32366654368,1872.54910995121
4181.92290656398,6419.48626272674
2057.46644811897,4044.26052994683
3199.72874429727,3180.07696010679
2377.95075670892,7540.66286049132
5662.94302636817,7139.08991338324
4342.10003144389,5085.53186217367
5069.06747633303,3320.3944983508
4319.17927234874,5484.54738071802
3404.10423075992,3296.01372166218
4065.41150406173,5128.32608223556
8162.34132203715,2758.55602791615
3026.77277604358,2994.74880599785
4531.38963775261,4249.0252257111
4814.2874735333,7153.12701632658
4529.92467801358,5318.93950413847
2946.75513467796,1773.37771342467
4213.72390721109,4944.98661637649
4034.64047639145,3055.95646943302
3860.16251663241,6240.29585259969
4352.06487922054,4511.81538771208
8186.3868362227,871.742118204996
4360.75773096976,4346.54875532085
4831.78353865789,5576.84230513755
4282.74460191466,6537.58254605378
4215.77214730086,5943.5774766042
3680.65019984659,3457.58650200011
3710.06560846037,5723.24071333206
3898.88587218981,3851.54424887603
3262.11626655786,1621.46643559683
4214.39130188782,6010.92309544888
4049.02836270195,5923.34512136472
8095.96280079567,2796.80370830921
8472.29599335235,3803.00976876908
4158.70871997514,4576.60357799303
4176.89170218653,6408.68823101325
4249.60364539585,4900.71494006432
4142.64818126435,2301.40150649995
4422.07845862125,7043.32842160833
3479.97185495765,6011.71848617777
3983.06937184672,6073.55176395818
3108.57391503633,3339.77416597475
2625.84153354499,278.816545356712
4213.60636082095,6045.30630169447
3966.62235593242,4449.86878472416
4114.30890729432,5242.84205014444
3647.50654225672,2515.71385099773
3904.13727875948,510.23539335784
4209.19133883393,4904.12484481595
4339.02993640305,7296.68468293856
3573.8337114779,7435.29663452388
4936.17476148392,4502.32440158233
4420.71890235192,2128.97403184476
4338.15899932701,6307.35731271506
4183.72898090932,3903.82945506768
4582.18192406175,5195.67170108023
4259.19566888927,6579.41096472025
3880.65951302758,873.731229310113
3694.09206113478,5287.1137264566
3852.76915028677,4039.60024221522
8542.82815170314,1056.10431234779
4120.33199565746,4628.77503612191
2783.12293123373,2722.18371056544
3823.27209045053,1979.73382492961
4305.66200994504,6060.70753568056
4849.71627637525,5015.40131863973
3794.86048248957,3225.82651552448
2874.30756923512,349.1742414463
3845.72298590216,1320.31505656765
3983.58008124982,6020.30033351586
4041.4750085785,3667.97770974667
3925.22338683314,2263.55152147134
4581.90674680934,6081.67861904518
8593.48179311077,6475.6363659211
4531.73996174656,4675.37706772751
4073.70537598617,5766.77366151909
4177.1180225149,2522.36324983446
4883.66756079816,7717.46625272118
9196.36758638066,3701.96300920019
3848.9242616303,6749.56495811338
3409.40002580459,908.341773110529
3528.92902685035,2458.54128380419
3185.91487866085,6634.93566499699
4144.02082004911,5706.19118957391
4405.65146718986,2488.88939380816
3905.58260461834,5763.0229354344
4224.21463728228,6122.19956927265
3828.23122136131,5588.20865430965
6824.10524958315,7741.96141175546
4543.31083190557,4965.95769974111
4345.2136749645,4995.1693862555
4384.52363560189,4801.20229934946
4338.72070885159,6886.87070982546
5273.38253117889,6446.36801680296
3228.9142277346,1041.04389969476
3993.84835417702,4682.6514466266
8254.21044612222,1440.34368268223
2869.25268257625,4141.55656343103
3981.90425585134,5996.82890704653
2940.97192434603,6607.48559346217
4408.70132024933,6623.34181969935
4707.96105797987,4954.13678117318
5147.45462767048,7314.30252415532
4766.4905032836,7528.78485646438
3664.0303479,5064.84493753835
3556.65880215948,4545.5165284363
4438.96730486502,4415.31516781203
4072.97754915649,6077.64331137593
3868.06648895489,3953.67055790312
2672.12752129085,474.658731020558
4534.780203619,5060.52589399505
4238.56429195634,4112.34487691664
8112.66850848967,4023.06237331192
4257.79197748498,5805.76049289253
4013.28750321364,3086.47520153115
5010.35701367899,6387.77423310764
4457.38721549961,6876.01559265296
4177.80636336662,4400.53891388831
4415.60411305934,3694.34738611278
3673.62114378847,308.596364330533
7986.78620273346,5488.69601359479
3625.06744924152,6382.9435347095
3169.88732146463,4580.80887347356
4278.13232630502,6784.34607115105
4413.55852753858,6329.69210426718
3978.89826766789,6444.37890569784
3953.22870143526,5675.44538420549
8288.99674628199,6452.22160205553
4138.76018296783,4392.75288013437
3297.82863347009,3749.70167572299
3140.72888280534,5523.64753729899
9202.41627513711,1719.67171358651
3001.18393900697,3128.36007137375
4376.68752372777,4805.57842835177
3384.6719573354,2119.36929765224
4086.0632616309,3878.08433590868
3978.64048662249,4167.07376360924
4738.05802960445,5667.31810626324
4545.40615594737,5798.03112174235
4267.65424412376,5580.3655350967
4302.38632898487,3886.04078032914
2934.83192045752,481.876341602077
3668.90798822306,5768.93360614599
3558.9694560054,5604.80318581671
4247.34394824209,4148.77427972636
4239.87347062757,4904.12484481595
4218.80685472267,5273.8153516384
3673.26540436932,5640.49386050129
4574.61759973823,6468.24823895924
4240.60446875644,7500.59647965968
3402.35913463193,4810.23871608338
3283.54034270996,4337.910245379
4114.99576151776,6356.80093161368
4776.13352776823,6254.95835846064
3348.25543552495,5756.43062205668
3589.24770497196,6332.59077701921
5225.25382607634,6336.56899922945
4303.26300886562,2156.87824992016
3301.77217268714,4673.89918862198
3845.19494815896,4556.59871887909
3661.9151452944,6317.87118569925
5193.9244763365,7039.80476879393
4722.43515624997,7407.67657517779
3660.8414348453,6333.55700126989
4172.38282840041,5712.04477482649
2932.78212423194,2875.45880229459
9218.04237212026,2056.51355587265
3769.37500018525,2770.26340984894
1703.12309043296,3611.14596388618
3961.21707148292,5303.48160754862
4158.91320666122,2578.39939353842
4124.7542354657,4942.54293587554
2904.29089752236,1003.30755701511
3863.88602061002,5945.56658770932
3583.88383586462,4736.01662513169
4352.82285646985,4561.14525854793
3902.30806303852,1278.14592228194
3399.39410208203,1635.10605460335
4384.72097599372,4420.54335014699
3309.98575016089,4630.25249237218
4269.85244420608,4943.79331885552
5516.92052895455,4010.33189309707
2058.11120537436,1984.9622186922
4371.52047807097,5416.86094054029
3719.22528401014,2952.92059875901
4478.32688021165,5131.56557632066
4514.50912664083,3963.84360955425
3652.18501237546,4639.80056396094
4358.7991787566,5487.78687480312
3332.67673654249,1822.4802995626
3446.60549238969,5952.72721854564
4303.749768586,3910.42176844539
3788.51827595922,8928.03994786375
4072.19607564136,3776.81050306949
2353.95149374683,939.030915875191
4316.56959513372,2833.80121714991
4374.56417260962,5136.45293732256
2786.43881278542,8614.21453979586
4775.17171733128,7085.09975481578
4040.8304797953,5400.15223811521
4014.0473844435,5774.38928460649
4072.7112170903,6716.71629357707
3864.47090346613,1625.16049907776
1818.82035693071,4680.43483939594
4756.75676310757,6912.04708867061
4774.90246555142,4382.12525908741
3522.97146970222,1420.50944566245
3948.91329898105,6210.11836468987
4712.9458973081,4679.01404574943
3981.82895515315,5549.56306712452
3441.56170494165,6875.04979125753
4453.48767259547,3671.04637030998
2567.98039613089,208.288332886779
4414.57271004608,3439.96866078336
3880.03706671935,7704.62244729882
4295.48264766962,3757.77186820623
3642.383360179,3739.35821340534
3344.57902021577,1799.34990585396
3868.04084155419,6233.70353922197
3870.54684559238,1998.77245979287
3652.65674490681,4369.79268566463
3554.19649662056,5196.75125053843
7538.41212220808,2777.59466277942
3478.77643829296,2380.05660048533
4238.91505886675,5149.694649537
4183.86234901269,5590.99315614366
4090.1030313285,4974.42579901642
3882.87395753417,3111.70845440768
4502.55821790183,5471.19192044081
4920.54868524294,4763.40918835224
4061.47810067439,3699.17808451092
4423.77991223433,4666.3977364526
4089.16148762464,5478.97795419475
4196.18220184923,4528.12618334509
3910.77844890427,3736.51662611231
4840.29713208157,3047.14754882464
4568.33730586186,2911.37655024947
4105.08986211299,4138.20332128316
3264.15494930152,4418.32716577159
4878.4318476977,6000.35213700568
5396.77100484589,4810.69328547922
4626.79927606414,5747.73502665583
3934.06096179409,6488.19601261417
3355.20058703573,4813.87611696056
3401.91871023828,3062.71940490489
2755.63069999871,1248.65018275206
3603.93561140511,4125.87074786039
3109.53110859832,3681.84440202348
4156.11225309197,3618.19284665973
7841.39284157485,2440.52553579536
3953.00297703944,1354.12994535464
7293.54238896777,2962.07055212807
3922.14952768407,6274.56531078251
8217.16321427773,8327.27088580418
1970.81949019576,660.157507223652
4563.97348812949,6227.05414038525
3548.87664894633,6794.68953346871
3086.97015832827,4267.438880512
4235.42872019016,5483.35408319705
3893.71766340148,6366.97398326481
3978.64244811335,4881.73296780482
4090.47610639078,6618.73861742675
3852.46215446397,4387.58093754791
4384.01425016527,6587.13991301517
2949.45411102332,5146.22808218161
3692.7609476787,7084.36102669065
3728.95571723864,5367.3035735789
4495.32007774798,6610.38426621421
3393.1228712945,4868.20709686108
4112.89747896098,627.024631101134
3999.85871318958,5713.97722332785
4304.83643188996,4890.0306564136
2728.97792325621,1666.420388858
4010.42534843861,5530.92191619808
5035.92082538087,5290.01239920864
4421.00463958553,7223.76921471536
3520.23008843814,3683.322281129
4417.08711436589,4845.75855724618
4564.56710371435,6937.39387818228
3644.83411262739,2751.96350311081
3923.83997381355,6249.61642806291
4139.41820688524,3713.49976903881
3713.39904778105,6086.96388683915
4604.2907223439,6837.02918413477
3002.61178682505,2824.2535684164
8011.41828309873,1897.21404536914
3955.03006437494,3400.41372337893
4065.47691644893,6489.84430238622
4145.09564425319,5318.71243086818
4336.66044888827,5129.17855842347
9175.29534634221,646.972563326783
3293.11109526706,2689.10754990359
4619.34376548589,9026.30135988813
3930.28726146193,5150.14921893284
4218.43293930676,5123.72245710771
5316.75806228258,5819.22970123251
3979.38304733774,1771.55901298608
4161.36835884327,6119.69880331269
2061.86159416952,2060.32115598872
4652.26597054903,4571.31831019906
3863.5300302445,4056.59310336961
8184.59450979706,4376.72624323066
4145.12636010166,3965.37815126353
4088.45311508342,4204.8102120027
2344.85439843515,347.526110244965
4354.65272836582,5195.84211174677
3298.71633049412,3908.37599473652
3882.56588084771,3682.35605687832
4288.74877588694,6637.66350422724
4610.64438832551,7037.30442568921
7800.97217373421,3193.77345314469
3607.0504420092,2626.70637751983
4325.27300138864,1971.32259968568
4669.22508427846,7286.62495649496
4551.03827414771,3790.79094340907
4967.44219374045,6787.01724777754
7830.71148747918,2922.45874069227
4546.07198860546,6080.03032927312
3667.08791433871,5049.78452488532
3214.27490282902,7353.45892048478
4145.32812333806,4214.47160879898
4493.62298283318,6596.11924429008
2709.71352033434,701.417397003889
7822.72622495513,1245.12663565147
3351.18819935142,3962.7636372408
1632.63887024374,558.087702229604
2960.80263750975,1438.4114456085
4121.41629074128,4453.05119335024
4432.997220907,2584.19610475961
9013.04334833849,1983.48476244193
4185.786137232,5579.34264824226
1916.56931206427,3313.85884757684
4384.09715745057,5750.17913001203
3715.64079709446,3838.92751672395
4025.45581878487,4364.96198726649
2504.25557591428,3715.43221754017
3973.86365430884,3094.31789788884
3957.41447697734,2480.19400983493
4549.29240380218,2931.66556809271
4513.84301786864,5811.72782620788
4070.9935047606,5048.30706863505
2624.66484096707,2575.61468027678
4212.45182436186,6749.16747417656
4957.04970641222,6634.70816887145
4084.52469685942,3973.73250247607
4389.49593951025,6021.66404170336
3983.91563096665,4620.98900236797
4256.37086790016,6259.90280492156
4622.29149919375,4791.14341861636
4231.16805535417,6294.74058056298
3448.06911061527,3352.73193088751
3984.19605643886,7490.25344019727
4021.59380671828,4711.9764583485
4597.87903939197,5227.09957197003
3409.31464032839,5644.86956664835
4354.44098835376,3146.43269341396
4631.34901115898,5007.04696742719
3401.7551422939,971.936454442885
4792.68559513275,5961.08156975818
5179.12716038741,3266.40433978334
3667.16901069258,5236.81763137007
4001.50679584953,6086.85013877638
3820.83741070071,5972.44791893028
4527.73690833744,5908.91011162931
4355.37453902266,6036.09947429402
4655.70249405944,5895.04299649725
3968.59140737167,5141.05613959516
3517.16839237499,4465.95208423162
4132.17685176793,4309.09646565669
4197.21051569112,1346.40078563209
7961.89328520849,4417.92925897951
3447.83719270267,6313.26798342665
2668.81052468022,9624.85381471705
4570.81494042074,4531.42234003395
4667.71581943491,6339.580997189
3305.81982899834,5286.0341769984
4661.93350059281,5494.15211491055
4729.73481633622,4894.69052128996
5389.55041746095,1884.37002851914
3814.25707902086,5264.04020677935
2961.39811174434,2918.70780317995
3814.69239011161,4948.22611046159
3923.95835260505,852.53296696139
3181.67675567532,1193.63713733016
2762.29115781421,2362.26813717443
2343.22880398406,1082.47420014153
7059.76023263936,811.614109941842
3987.60424180578,5601.73452525339
3859.4357639722,4474.19268738139
4480.9177905578,6594.30096670674
4280.5144419931,6029.05216866522
3414.69757410286,4816.09230133596
4248.51604014029,2114.70922134826
4179.03209191191,5490.57137663713
8030.68873594604,4335.01157262697
3935.02796985721,5062.00335024533
7891.45414957312,7181.94121890415
3182.51316229051,482.785638964463
3857.71662078269,4229.13411465994
4456.46388504745,3682.98103694069
8899.83951017082,2802.94166371872
2792.07382263149,1898.06652155704
4287.1491102806,6522.01090140116
4258.39170502385,4875.59522382294
4079.09671570357,4638.26602225166
3513.96778101155,542.11799221419
4627.4352372707,3799.03154655884
4591.11317608268,5997.62429777542
4230.72272061797,4981.58642985274
4618.33128426084,5208.5155065026
3705.65194524624,4210.83420792181
3685.16308204822,3698.49601898955
3199.89153209759,5572.86408292732
4225.68124014791,6340.26306271038
4210.00210235603,5813.65985185398
4813.28386329212,5346.73039700635
4717.37393731992,4997.78347742298
4119.95497243027,5688.91416969022
4301.64405658733,5829.91398488323
4141.17167099458,4169.97243636127
3719.00596825899,5795.70118930417
3711.34845629003,6295.3659834806
3322.02308578449,1755.2484287807
2910.20566684743,2690.92625034218
4243.51512674157,5474.99973198451
4939.41419955247,5010.62728284535
4284.62171340483,6670.00051390871
3470.00444012311,3222.47348480423
4260.86807991264,6231.77109072062
4403.14547956384,3524.36380338618
3910.65857660126,5913.00208190231
3119.65421161322,2724.85467576431
3753.69741974049,5212.66413937937
3452.26146674945,5728.01474912644
3055.94271568307,6261.43734663084
3725.51574107056,1389.30875375675
4734.55215110351,3812.15951071051
4116.56096708257,4694.69986132007
4177.19672160365,7412.22311484663
2601.45903463806,5048.87538609365
4226.48702791112,5547.74436668593
4307.94327089919,4651.73523059164
4002.25752959075,4793.245854929
3367.21632774754,5659.58915796831
3864.10708803725,1840.89374293587
4077.69080100064,5710.62398117998
4300.49767690663,5302.5720459017
4712.25820690087,5910.21715721305
4317.74343994543,3883.0858678286
2438.40540386208,1736.38020458397
4152.81775170985,5175.15518711145
3828.74583822511,3800.50900280912
4114.49665182108,4518.29395302703
4415.81440117681,6917.27569386082
5488.96843313523,8084.03101352131
3865.04195395073,6271.21249148989
2833.72305869711,1541.39054796493
4139.04879336997,5877.76639946881
3849.81951984761,3038.33862821627
3763.55612436509,4743.74557342662
5018.10870260867,3972.59586755886
4535.45468984108,5496.19788861942
4549.85931484034,3080.56474224718
2809.38108934184,3825.17414965467
7903.27557773413,2360.62005883
5079.8500143274,3846.2585582268
3898.69817064067,6110.43531330848
8352.65007332356,4373.4300865418
4138.1380945619,5525.52290034133
4403.21537172438,5449.88001574313
4381.54811829907,6143.3410633038
4497.74217866268,4844.67858493274
3900.86657151672,4911.91087856989
4953.79697141198,6827.99276740085
3284.50448954401,1678.80973059835
3102.7295188447,2463.14448607678
2384.92638742767,3435.30837305175
8262.09043342518,6171.2452813792
3413.63799127445,4571.14747667728
3030.60718996323,484.376948991319
4009.83107368349,1464.26988997502
3573.16855393541,5569.85166211251
3821.53085329026,3933.77944685195
4201.68668153662,4358.14217776323
3033.91690199887,1980.13152029406
4167.03939895587,2499.00536000027
3672.91346747018,2553.56383602634
3852.73858301804,1746.89407756816
3096.17087093403,3655.81554699042
4567.41417757558,4883.49500563965
4324.04467345426,5288.30744683282
4168.99740564844,4699.01890486337
4613.14744108218,5039.21398929737
4082.62601488183,6087.98677369359
2648.40096329516,3873.76529236538
4725.38469834877,4857.74988648065
3995.6294800826,5034.32620544022
3960.28072357311,4083.1336132575
3605.51233511029,3388.13802398754
4785.50720720477,6565.43010152542
3877.66606978092,6144.81851955408
3488.77306447075,642.937519942069
4239.76586468626,6345.09376110852
3893.91925208458,4566.94218119675
3329.57907121113,1290.02371488125
7801.13650781632,2260.1984907511
4171.98519491559,5777.68544129535
4229.37684773594,2832.3804235034
4418.84997251405,6967.28763021805
4421.00457151767,5633.73071360179
4588.23195216206,4985.73506272951
4079.98196613501,4462.59884208375
3928.674026332,5872.31029815305
3494.87175080327,3998.5676371329
4038.46188540618,4766.53493437457
4167.09287006669,4183.55496990878
5025.35180159738,5984.09842683168
4156.70415526372,4351.43611632275
2577.68948035339,1241.65996258227
3196.75900986164,971.368136984281
4685.4383378682,6518.77140731606
4028.11752331793,5335.30738523049
3407.39367185358,1220.2911838532
3065.83268764832,1800.60007740631
4212.53126400126,6375.38499708111
3320.66192127327,2980.54086953273
3629.57472289491,6633.57153395424
4365.32201116063,6303.32242790107
2103.16561081635,1902.61306122588
3633.21810174127,5967.56055792838
4420.70630930641,3980.60897458309
4738.08660576236,7287.07994874604
3166.86354984354,3718.2738048332
4131.79132819119,4406.10834041158
4132.00914077988,4571.26122474005
4543.84626414409,4710.38525403546
4920.94411798639,5226.47459190767
4271.12322457551,4914.01331488253
4045.32589345002,3691.84704300807
4740.38005023275,4651.62148252887
4166.57831422419,5911.12629600472
3909.18984256359,6803.66886474361
3402.5477598157,2708.08931073547
3999.02429788806,680.105492306207
3980.52231884623,4117.23266077379
3885.87589118383,6347.76493773501
3606.83621427763,4761.47716270614
3957.52612261368,3048.73896456531
3696.70536320268,4742.09728365456
3274.65050741562,959.149311624277
4227.20839351783,6597.14255399977
4119.34038918948,5950.79519289954
3622.82370883969,4304.43617792508
4698.83784450397,5797.86071107582
2718.97125095997,600.54104810153
3839.06345756345,5502.79020199714
3835.49287064566,5551.8929995627
4097.61970861374,4870.59411475827
3802.6607731061,3739.6990347384
2857.63381554715,590.083996291819
4319.27399012842,6802.87347401472
4773.49548310384,4959.99036642576
4272.94544051322,4359.84713013905
3726.13236374817,6216.19944606799
3649.22072927444,3495.89105642455
3924.70450268193,5052.85360830389
3825.92189159246,4411.96192566416
3839.51804471669,2490.31018745467
5620.86250110068,8384.16013997892
4963.85866939676,4220.21144598879
3519.57191591325,3640.13015427503
4139.384729265,6612.2029666528
4463.84093129463,4312.62011847109
4500.19904323855,7102.09261597017
4658.09983874261,4768.12656154287
4156.86010657513,4994.82814206718
3776.08122461483,5378.10160529239
4292.10987324098,3344.49132773774
3613.01505604848,5393.73033540402
7836.49489766604,3369.55395852012
4264.24757143994,6622.43268090768
2965.55921341699,4431.79637411157
3062.54803741653,7070.49391155859
4213.8327148684,5582.46839426459
4857.21740718792,2085.04296543804
4489.35191954244,4151.04754956078
3971.07489981329,6186.93109694984
4244.46559536611,1420.56621398002
4078.48423338265,4676.11579585264
3163.45776671578,4573.47783197071
4093.66431226402,4691.28995656844
3782.17203157991,4693.16531961079
3171.82405774641,3739.81278280117
3741.92173282361,4181.11128940783
4040.75949964787,3557.26913052624
3698.15924254723,4028.40430370966
1266.23332040254,1907.44375962402
3562.79805095541,4040.62312906966
4091.47319008612,786.665015794615
3828.46956772933,3484.97927664828
3707.37180615919,2091.63549024338
5077.15408910594,6521.27217327602
3783.65735765112,4466.634149753
3576.58478009576,6421.36204862434
3527.78976735103,1609.6455170289
4122.52776578755,4371.09973124837
4744.65835188101,6042.57846246422
4150.09710017492,5136.6804334481
5515.49537805245,6099.694367054
5702.40379656691,426.692726942928
4079.02592022463,5253.07176439932
4035.67677773319,1989.56563239242
4167.93105900406,5557.00785669014
4449.62786688398,6789.57467634127
3365.1889061551,2560.3836455296
3977.73407390773,4115.12980160591
5947.58365805316,1505.81383277075
9249.65400359322,3266.17705508542
3910.31019109402,5548.6535054776
3594.06925376843,1710.18083317057
2710.05964231346,2402.67555076675
3750.7433842837,4909.2397019434
3858.410969412,4698.90515680059
4143.22508904894,4770.00192458521
4638.85804521762,5877.02724848843
4365.77859512427,4114.04982929246
4335.77447363971,6876.75474363335
4493.86737270101,4144.85272011989
4050.37414895663,5281.82845866263
4408.25089041476,6654.48553185984
3952.04007131183,4895.82715620717
3276.97247547867,5076.15462410669
4430.29017131013,5678.57113022782
3894.02735593541,5270.63252015706
4840.78821330822,6648.63194660727
4336.92633135811,6662.49906173932
4320.30396688623,5812.01198493718
4373.83748890722,3726.45732252396
5135.63760430282,4797.39491066101
2499.52162082394,6105.66170036935
3904.56020785184,6918.86689817387
4454.62975495086,3428.94313294432
3819.63693256913,3355.9143395136
3993.83073034254,5689.19832841953
4262.98598909434,6195.28502530713
4120.29223655261,4133.54303355155
4734.04207817199,6539.00333970029
4088.48003334204,4636.049415021
1966.68681818244,1313.04057195475
3906.73327352275,3101.4218661214
4784.44058767063,5280.97598247472
4165.05786663441,6649.48442279517
4837.12410540329,6731.72004362634
3471.99537689878,3677.63910654295
3672.22867729542,6285.19293182947
3303.88088949312,2146.87603179082
4595.99721655084,4741.30189292567
3963.50588593774,5344.62753783846
7770.58710073927,2626.02431199846
3879.36036929932,3347.16229293661
4488.18036656651,6038.88439898328
4524.92636818859,4945.3278605648
4309.76113427988,4778.35627579775
3804.66326576403,3920.25357590821
6382.24291329345,5511.42871193898
3601.25273569648,3933.77944685195
3909.83414091732,3492.70843637084
3970.36405548682,4600.24541512889
3783.17818095417,6006.54696644657
4353.43211686646,4958.73998344578
3845.11421687833,4539.66294318372
3781.56886388765,6630.27537726538
5912.29410342516,4671.73966685033
4464.21899506325,5189.98852649419
4363.06150650909,3931.67701053931
4110.46440279605,6260.98277723501
3425.84625200707,2853.23775880525
4152.87096747282,3840.46205843324
3547.22465712837,4346.037100466
3364.94995519566,3376.65792675268
3495.56869453705,2818.85455255965
4582.83318239508,2752.53182056942
4123.46330123879,6849.53216822408
7661.74564927558,920.560598470533
2484.18998525843,1098.55760536281
4142.49767363399,4302.33331875719
2150.45071304413,537.62827371983
4517.53417444326,5747.67836405206
3728.43440019555,2662.56725144332
4328.20662429578,4438.38868748929
4131.6680279398,5713.465568473
8210.74457516423,3841.65535595421
2016.37524438117,1684.32238880405
1351.46185184293,3029.52970760789
8447.80316146177,879.584867419599
4654.10107491707,7336.52356764466
2305.63891843457,4349.5607532804
4461.1692986056,4364.33700720413
4121.58013245505,6323.15645349322
4686.39661353321,6017.34499816006
5023.24598702736,2835.79032825503
3814.17155706964,1721.31979193094
3988.61115975655,6057.75220032476
4194.81132169508,4437.13830450931
2861.8579558734,2971.22029406951
4273.82391664563,5483.92240065566
3775.68292393926,5778.42416942048
2369.55788747241,2019.06126620849
8727.39224727335,3828.8682131356
4521.76735231015,6840.49575149016
4535.9435828233,4831.77811690661
3836.45270257324,365.939606475143
4265.37326471484,5562.06605121383
3331.24455102859,3930.88119695517
4201.57420746286,6064.00369236942
7744.37819367381,1283.43129578972
3904.04897651005,6180.16795005035
3506.00654980045,6276.61150734664
9019.38671475225,7426.94270616659
3616.09227928486,4510.8491634614
3821.96165679722,4564.10059390373
4512.55648366206,6263.71061646526
7159.10044495863,2582.66177447796
3240.02363446198,3308.7439904494
4506.54633868906,4705.27039690802
4332.75857625616,3930.14246883003
3626.88510303579,5377.41953977101
4732.473627869,7448.14128565675
3483.98264174417,4736.52785713128
3393.04200639414,5244.54700252025
4285.82292997807,6055.08144655352
4819.77129381855,5399.07226580176
7814.35739111148,3824.66249479982
4384.23428310048,6842.76902132458
4137.95371689647,5176.68972882073
3629.03111508045,5082.40611615134
4040.32209411861,5353.09563711378
3461.43764615874,5129.0648103607
4322.92973406386,5941.81543876938
3814.32308174424,4965.3893822825
4465.45938303196,7578.17181275924
4077.4559762874,5800.75938382786
4257.60257494579,4678.95738314566
8203.54351920307,2136.19153671247
3805.14947295821,5422.71452579287
4760.42938707715,6691.82407346123
4048.74522435171,6372.94131658016
3558.84811364383,6694.72232335802
4223.99309967759,3144.27296021468
3843.01980986528,5137.81706836531
3750.16158344559,3610.23640223927
4006.62861001529,2650.57571078124
3888.87088381722,6734.39122025284
3749.57387188228,6086.67972810985
4238.05764640901,5260.91446075702
4033.14008279245,5438.91157336311
4376.52093439538,5931.75655803627
4407.03838153693,5600.88204906549
4174.45068201347,6209.03839237642
4025.49491217159,1244.67196054182
5478.81395620024,4792.7346229294
3648.19655670093,2812.48931245223
4472.19400874563,6462.16715758112
3522.26204949143,4932.02906289135
3613.23532333781,4055.17230972309
3735.06413487649,3826.82243942672
4594.59283317905,4952.03392200529
3795.08948762076,5560.13360271247
4345.11912496582,3073.06286722255
4358.38163400662,7019.06118155485
4698.12392550359,1958.36504620054
4257.90841273718,5505.23430535334
3528.3557820728,5753.92985609672
4179.36829520687,5441.98023392642
3978.37244883018,4826.77658498668
4238.93279086137,4019.82287922682
4465.3383730411,5874.41315732094
4032.10730921583,4202.76443829382
3872.31580991097,4612.80548467721
3284.67618577035,2655.9178526066
4611.59146789062,5801.66852261952
4230.47855091319,2455.529074417
4481.62679905071,6602.31407373097
3920.61078836634,4854.96538464663
3133.0891393723,4501.41526279066
3356.26020550196,2473.99939182166
4147.69457310803,212.664382603727
3386.23011785082,3044.98802705299
8587.15430707696,2849.88451665738
3577.719884881,6055.59267855312
4383.62747908315,4554.72335583675
3824.8703201374,5775.92382631577
4650.49661214777,5029.95007643791
4120.85569560099,4577.5127167847
3634.00746768755,6029.56382352006
4245.76445846507,4409.1770009749
4201.46926729717,5491.36719022128
8318.63609431011,3199.51350176212
3914.77406244573,5876.3456058223
3580.71248154177,3768.68322512724
2663.76949859864,4202.93484896035
3810.14969045275,5357.69883938637
4543.22428549799,3691.449136216
4224.66084523976,5082.57652681787
4444.54532209767,4225.89462057484
4123.00520382225,5809.96578837305
3668.92907339042,5332.57912314499
3915.12617435466,6974.39159845061
4166.11554052329,6546.05064532909
4240.19966405622,5799.16775665956
3435.96022301302,6252.23051923039
3765.39143963788,123.609044768885
3781.25569690162,3827.44741948909
4057.20628000776,2826.81099698012
4366.1426439489,5561.27023762968
3856.88449913803,6554.06375235332
5580.123246161,7349.13987694149
4047.22892582292,3781.47036794585
4179.61655147829,5352.64106771794
4172.12002109006,5424.53322623145
4071.39572600246,5664.30610830368
3985.88397249987,6665.62480776165
4100.02710271234,5185.78280815841
4712.17101808209,5427.14731739894
3652.91950668603,2664.3288664229
3820.93783423628,2655.97472663798
4423.25888804461,4740.44941673776
4367.86714589142,4769.60401779314
4155.30771284606,1972.91401542635
3009.79473927058,5636.57230089482
4162.55006250631,808.090562841254
4206.77261183033,3088.0095318128
2563.95002142048,4594.05100854325
1833.94726662213,690.051047831792
4016.80533120946,4850.36175951878
2414.55346025906,2055.7177422885
3397.77933138291,1043.31716952918
4208.2305431388,5829.62982615393
3455.908440241,4721.35369641549
3604.65225582698,4988.63373548154
4030.46865273593,5297.1163674412
4302.21899519178,7234.56724642885
3554.43564268621,4337.3419279204
3321.01833369957,6003.87578982008
3916.15402893632,643.733174955498
4022.16975718756,4048.06834149053
4220.36628399224,4995.90811438063
4245.35036427058,6124.41617650331
4430.16663854266,3915.42287751006
4040.36380862185,5377.47620237477
4203.22298176949,2824.59438974946
4198.47167566511,4548.52852639585
3830.0104428001,2084.36111134428
4834.51561386756,5633.56030293526
7835.27627610496,1223.87160498517
7355.0488865852,3398.25399017966
3690.57309653911,5362.58662324353
4439.28405354444,5873.9015024661
3431.41688098228,3456.05196029082
3739.32747853776,4990.56576112765
4408.59130678577,5456.24525585055
3754.087932688,5163.39135400253
7671.13766195339,206.753883677082
4379.00259226264,5853.0445900195
4466.58921337839,6098.78480540708
3264.52605985842,2186.54450583038
3665.65372510454,4642.47131773218
4438.04978986953,5837.70001863717
3619.00237465437,5635.09484464455
2446.3966920323,2960.53601041879
4144.50738138811,3652.9739596974
4263.55283272849,3203.32131330583
4331.00236287155,5884.58620897207
3810.27926147141,7945.81654587281
4953.18927070387,3650.87110052951
4027.07048803912,5777.11712383675
3942.76685352414,5321.15611136913
4991.27197286824,4610.64554005031
3998.68318463553,4771.13855950242
4567.36631849027,4458.96186406183
4501.38831097944,6404.08502874065
4752.5796379669,6168.74493827449
4199.54899748873,6138.62411296843
4129.27597764764,8178.88336650455
3899.73732746304,6842.71235872082
9069.52334806828,1250.92345258648
3594.88270486857,2976.33515119695
4628.27946705368,6877.83429309155
4058.91419956407,5353.20938517655
3473.51219282697,1325.77094645578
4003.88001603825,6388.22880250348
4120.18599331163,4300.28754504831
4275.95121349577,2845.792757812
4766.44608092491,5946.19156777169
3428.38890334531,4315.34795770134
3364.21525659295,3255.09486464263
4090.77755571808,6684.26553583284
4305.49586644494,5748.19001890691
4601.6574833955,4134.3388471357
8471.17452282857,1370.04283419558
4399.80218510462,5543.14074155808
3572.40412923821,1341.74060361429
3418.05346041729,5722.44489974791
3479.85696293425,4206.34475371198
3865.71506712969,5454.08573407891
4546.882670767,6987.46289999852
4129.78062533293,7147.67133786607
3869.27371243412,4513.69075075443
4222.47847427933,6073.04010910333
3515.3171024194,308.028046871929
8068.8978794515,4412.30274699722
4443.65029825264,5331.15832949848
3010.8494874578,4846.78144410062
4180.20068325145,3456.4498670829
4464.93500272209,5958.41039313169
3659.37914625908,4042.38516690449
4738.22410033891,6525.53455421556
3896.14584836499,3101.59248821556
4061.30904889139,5315.87084357516
3892.41095448751,6374.98709028904
3728.0785278864,3799.77027468398
4340.30540700058,4968.96969770066
3977.46388249382,5852.02128030981
4271.68586379074,4132.52014669711
4309.78602172695,4662.8740836382
3949.4934370526,5468.06617441848
3398.70678545404,1520.13551729864
4129.51627749464,3971.57255784917
3857.94310590284,3580.22932499598
3711.37704417885,4350.81113626038
4292.846179368,3839.15458999424
3583.56309147156,140.147085457131
3995.83233615675,6767.58070612221
3971.72737479425,4321.20154295392
3910.46980688842,5815.02398289674
4036.46277506731,3009.92275528602
3831.73366288202,1649.48450744881
4039.31982905929,5623.95556874274
4532.75616850982,3541.86789654015
4051.72340518515,4978.46068383042
4922.24610579495,6483.02449288297
3935.08914470162,4582.00259384978
4939.54424441193,1507.97346025621
3910.57359747551,6896.58876922551
3643.56831394122,4412.53024312277
4707.09350061552,6424.9423640425
3734.24046598583,6304.23156669273
4145.92522081518,925.277654519716
4803.03069034047,7218.37019885862
4065.32658971252,2958.60377334506
3315.71535388645,6163.68674375081
3343.96613644492,2866.25218632177
3762.83333215182,4755.73690266108
4419.81631526368,6308.60769569504
4504.0330696493,6656.19048423566
3773.49186618901,6340.09265204385
3799.85879493266,5383.67103181567
3775.79496529906,2301.34463246856
4337.60311506744,5987.90623837538
4095.60401322206,7202.68480614322
3492.42249823963,4182.70249372087
4484.47291636461,5550.87011270826
3454.63889149722,6497.85740941045
8604.77156188529,1193.69390564773
7476.85084274379,1058.0934234529
3239.1352602316,3022.76677213602
3450.61560233925,5651.00773348548
3682.45578205525,3463.72424598199
3783.72203582493,3680.59401904349
4955.82636170058,5098.7164889291
4549.69239259926,6232.45315624199
4111.81451006752,7323.67976222229
3933.72990245549,6039.39563098288
3499.45354528869,2230.58910887226
4422.99951270862,7764.80743530717
8426.31848995335,3532.26337377526
4119.0951111137,3430.25038995569
3134.76095590381,1861.18276077911
3498.05251023145,6948.36274341756
4090.09446154039,6110.20824003819
3992.84496243549,5767.34197897769
8819.08388846815,4022.20989712401
8071.80827764186,139.521933609821
3145.22533718774,4573.30742130418
4026.62294125727,4158.83316045947
4654.48272706285,3347.5033256973
4031.31278847324,980.859017400219
4828.63825518569,2681.89004503589
3405.98194485512,5909.02385969208
4138.88014179048,3927.98294705838
3847.29829124563,5997.11306577583
4726.11842914328,4776.992144755
3763.89660640777,6823.6170612538
3015.11991901509,1486.32062851165
3911.47105144062,1070.65317585978
4498.82403122717,6975.81239209712
3460.40524526698,4776.42382729639
7560.85632702887,2013.15080692452
3726.73635682107,6325.82763011972
3600.4873078499,5574.85319403243
3673.21794219429,6166.073761648
4117.77059742015,5032.16668366857
4035.53417222906,4827.28823984153
4322.70228053868,5637.48143968649
4798.40181940394,7220.41597256749
4820.3248135331,6527.80782404998
4026.72114020506,3544.14116637457
4295.08734178498,4527.61452849025
3718.85038592875,4958.73998344578
3472.19002071466,4605.92858971494
3412.02849772168,5434.93335115287
4020.243173083,8222.87130694267
3652.91217726725,6182.44121988477
4016.69109577798,3004.92164622135
3722.41749548795,4337.3419279204
4589.12061679211,5304.22033567376
4342.74769040107,5112.12903466532
3376.92702663052,3463.61049791922
4113.08650106111,4258.7437079664
3583.09281410435,1581.91160390622
3533.00842959044,4362.40455870277
3986.64511040456,7253.54921868836
2127.07362507634,2549.0172963575
3931.96680682982,4386.61513615249
4770.28697372115,3959.06957375987
3464.39648886882,2635.79945685751
4128.71117338568,1783.15285828372
3926.85195519789,5013.86677693045
3686.93338069995,3357.22159652497
4217.51251098335,6123.10870806432
3645.92608370729,4360.9271024525
4566.37813025323,5371.16804772636
3836.63411801091,5358.55131557428
3822.71342764099,4346.20751113253
7647.17131834484,949.260630130078
4065.06353079476,4088.58929171801
4662.36369926216,5136.16877859326
4166.57315411822,5245.17198258262
3502.50893501927,3261.74426347935
2974.36528335047,5126.3936337342
2795.21419084056,3054.87670854719
3530.01539469085,5541.03830524545
3932.79005471897,4464.64503864788
3874.12895676779,3890.07608799839
2822.85636470691,6132.14512479824
3998.03365949256,4882.1308745969
4199.91808835242,3442.69650001361
3897.81817985315,1610.66840388334
7622.89405103267,3664.39697147326
3645.50162689886,6453.35823697274
9227.80968663887,8182.46410477797
3570.98627424386,884.699724547043
3993.97905305765,6005.0695101963
3610.08113320249,1527.63728660946
3860.95247790376,5706.53201090697
4500.13764469603,6319.74654874159
5076.73115084434,8525.10286971292
4268.64250259448,4410.48446941389
4151.5528757999,6367.82645945272
4039.21327327745,5428.73852171198
4121.7743378458,6333.15909447782
4581.08258948133,7053.78563198876
4385.04574950163,4915.26369786251
2606.2677375774,1485.2976359434
3733.89228204958,4876.44770001085
4670.34733079894,6570.31788538257
4182.02230624886,5364.85989307795
4443.22112542522,6053.14899805217
3752.89018632749,5607.58811050597
4627.70728161408,4620.93233976421
3729.00109904442,2607.5539945938
3699.70520840012,1137.54422530862
5401.63746490617,8157.34396568133
3573.15649611809,540.697198567678
4032.88576326289,2992.58907279858
3866.30646783944,2050.26206382799
4274.58968789045,5913.11540710983
4340.03451324173,5694.08611227668
3058.36906631813,1920.91296796401
4659.37868307627,3179.79280137749
3559.12495985815,5063.4808064956
4565.5769316725,7530.20565011089
3756.6983496895,4418.44091383436
3843.84219250464,1384.47805535861
3765.01246900593,5109.11703670577
3435.80984479918,2881.5967577041
4170.70949410572,4667.87519270287
3539.69220071889,4655.20179794703
4878.44703533613,5922.03807578098
4237.00825025912,7139.54490563433
4123.76386969747,5702.44046348922
2385.19810512408,600.654690450488
5235.33441471155,4984.03011035369
4808.32126376499,5644.75624144083
2950.73386024642,840.996154265856
4106.8063925129,6007.85401203031
5105.04074953408,4948.73776531643
4122.54247629714,5649.92776117203
2844.35729596213,704.48626899483
8678.08458244401,4270.45087847156
2829.83677045065,1486.03646978235
3496.21788869759,4954.47760250624
3401.78514948693,8215.31234645902
4291.07887910824,5829.34566742463
4808.22587848665,3548.97186477271
3597.30946128005,6279.05518784759
2590.0381287516,1428.80681712979
3904.52779152662,6276.21360055456
3985.51682288395,1548.7786749268
4474.31854750109,5941.87252422839
3630.15238076524,4943.73665625176
3719.49032747937,3481.45583526151
5133.81935011032,5812.12573299995
3688.20418595421,3912.41087955051
3456.91985242411,4065.23161331145
4576.49210379421,6557.81490129326
4287.07373834087,5367.5877323082
4655.01422482412,4319.72408670365
3796.41699439585,5193.68258997512
3449.20563480712,2561.12258508236
4095.89292154285,6640.10718472819
5045.51971661364,7066.28861607806
3664.58664449964,2618.40890033868
7440.95964224996,4672.76255370477
4194.6135470676,4735.84579160991
2962.2322284518,815.194531073815
3927.72932303694,5159.6972905216
3532.98124744921,1199.60447064551
4214.87060315058,5774.27553654372
4183.64433616557,3211.27775772629
3050.85990560268,641.005230011432
3887.15165935844,3548.06272598105
4550.89340836636,3485.09302471106
4505.61252530611,6064.57200982802
4910.05788399974,5287.90954004075
4690.89834635794,4926.97129122292
3666.93049493823,4316.93916201438
4660.73413293705,5318.25786147235
3394.59747644807,4489.87808009678
3841.55159708378,5330.24919070681
4140.95182496889,7297.87798045953
5225.38728683128,6105.66170036935
4604.92740579739,6131.80430346518
3298.80832423964,1045.81772406151
4767.41244152745,6480.29623079746
4053.65650336048,7102.20594117769
4411.40032763071,6967.51470348834
2923.15137510987,6413.86017359971
2220.42190055214,1731.83366491513
3391.27992782194,4760.90884524753
3432.01058264821,5420.15709722915
4423.31184195206,4754.42985707734
4028.29093897176,5861.51226643956
3944.73252933293,3924.91386363982
4700.43182404487,8422.63489364227
3120.36765636695,4218.96148586406
3788.587404226,3078.17772434999
3963.46014674854,1780.36793359446
3857.41007297334,2928.53982207039
4538.62926514579,6315.82541199037
3893.53248425788,5196.69458793467
3968.49061953888,5975.005347494
3704.22629519413,2204.33275771367
3844.93119053295,4888.60986276709
4334.42099851103,3262.08529624004
3956.41084912117,6438.86614177832
4001.51230012671,7295.88886935442
8921.42389936029,2343.85469380115
4113.47350821079,5452.03953751478
4178.01722840132,4156.10532122921
8648.53298555624,6201.19569601873
3230.23898810235,3957.25129617653
3973.05427458554,1978.54031598101
8087.29029918576,1089.63504240547
3504.67939471803,2301.34463246856
3942.73587238547,5738.18737792231
3967.97348397224,5498.75531718315
5021.97828223923,5832.30100278043
4335.45943183159,7072.14220133064
2969.14688616433,832.926014639523
3941.14113857954,4448.67506434793
4127.04501721122,5727.90100106367
2826.37551027673,1533.14994481516
4031.90883145759,6019.90242672378
8031.831118074,1940.57679431726
4413.71091155638,5136.16877859326
3366.84515490802,5788.08556621677
4645.69510838489,3954.06846469519
4261.01423470298,6233.0214737006
3490.54050284951,3718.21671937418
4660.80689581346,5880.26674257352
4344.58463642175,7168.58575862693
3973.30510863062,1162.37967710689
3653.54746432026,3857.45449673237
4328.95520690697,5919.59439528003
2336.118297225,4431.90969931909
4941.67726898048,6538.71918097099
7818.24880124926,814.398876060387
2841.71606956982,112.811013055393
3873.8591631093,5364.3482382231
4039.05658357037,1943.19088548474
2605.7373679616,3875.47024474119
4536.17537817024,5277.16817093102
4795.72706650859,5103.94509411931
2072.09196442788,2100.16025212245
4098.23776846511,4586.94704031069
3137.28224901044,6297.58216785601
3915.82715534025,5154.58243339416
1752.63859579681,1099.80788262897
3651.59980819907,4603.25741308845
3965.99869397011,3568.63547969834
4052.44442115991,4988.9745568146
3315.66014267788,6372.77090591363
3702.90622740555,5343.32049225472
3630.20481615305,3084.99753385325
4805.11877858632,7036.73610823061
3870.33156391596,2792.02988394245
3601.88361520275,4348.65119163348
2835.51317843067,1770.99080124129
4443.03262405836,6301.10582067041
3857.72922865189,4350.24281880178
4009.15078826696,4510.79250085764
4027.40982086813,4889.51900155876
4135.73154569193,1647.49539634369
4919.64428875803,5879.86883578145
4870.86771508612,2165.51675986201
4327.02268608729,6191.13639243037
3725.33825498126,5461.47386104077
3623.43148974734,3295.61602629773
4087.66190768949,3086.87289689559
4495.98602659899,6725.29814091516
3998.23605635082,5933.34776234932
3601.74516743515,4997.44265608992
3427.45617958855,5207.72011577371
2152.93703893181,1767.35350607793
4765.48712496392,3338.01233956755
7198.42868893015,4777.90128354667
3924.46105836806,6735.35702164826
3850.93428690696,6457.50686984951
3702.57515497943,4482.94494538601
3633.24310438255,3279.58938939402
4097.83709102477,6217.67690231827
2978.65783254123,3279.41897872749
4071.61415094428,3270.26902535843
3633.46825895178,6782.41404550495
5624.16404616401,8017.36788305326
4858.06489575677,2351.47010546093
4847.73516930875,4631.33246468563
4389.39757770884,4855.02204725039
4545.14304317152,4356.38056278366
4633.15554022882,6159.53811087404
4330.54569993485,4046.02214492641
3554.56838501826,1355.94854007941
3829.70118013471,4400.14100709623
4758.50621417507,7256.5041311889
3983.98413325189,6200.62737856012
3074.34450788262,1462.84909632851
3486.1328910454,3887.63240749744
4180.42744679296,5614.18042388369
4595.76706374227,6376.12372520625
4243.382964312,7866.30876427189
4212.53189670098,5913.2291551726
4036.79399025107,4400.65223909583
4515.35592839788,1878.40269520379
4111.6438585327,4878.3801485122
3499.7413743248,3319.48535955913
3934.2577028081,7265.25638919352
4319.47126028671,4041.98726011241
2452.0941420522,642.198686103121
8541.51074666752,5301.94706583934
3381.11102578737,5584.74166409901
4122.7210480484,7138.35076240285
2041.67454716493,2443.08296435908
4705.89379327078,5634.46944172693
3607.41193093434,6919.71937436177
3515.99367376586,4716.69383153913
4269.48728324177,6309.40350927919
4380.89142592436,4695.26817877867
3790.72827573384,6044.11258131825
3905.28225131373,3715.54554274769
3834.81853602621,5324.67976418353
4365.43003400002,4057.78640089058
3813.16343277903,1759.2834193085
4972.58811529155,4990.50909852389
2890.07119016343,774.162031705308
4327.12525261861,4263.57440636454
3331.04907223244,2469.62347424698
2916.85137090727,8274.47487046819
3793.88369902557,5399.41350999007
3167.2425461763,3807.27214970861
4438.78508039823,4636.56106987584
3517.32281420408,6925.06172761476
4862.74798337279,7972.75496255278
4635.37672835729,4625.76303816235
4176.48140618478,2992.07762937136
4173.62210648198,2692.63120271799
4136.32976860627,6421.58912189463
8644.64915269088,2312.82472970343
4640.38434459483,6451.82369526346
3465.30060669376,3534.25248488037
4720.00185616611,7123.40452066785
4772.65308165687,5583.15045978596
945.122671003115,1724.9570870943
3953.85737059557,6512.80407400071
3815.41227080169,4020.33453408167
4154.87346348324,6842.65569611706
4243.82587361672,4518.00979429772
3725.33375031224,3915.30912944729
4068.50369594276,5108.83287797647
3869.67947542966,2392.16167778256
4409.37241133007,6319.06490607547
3545.20234751407,2864.14932715388
5134.57158300577,4561.71357600654
4056.83626861883,5478.86420613198
4478.71617150394,5367.8718910375
7165.79082678282,260.914545410659
2239.08618858695,4.09188561936591
4093.65506826848,4695.1544307159
3335.34629664429,1013.19634422312
3413.34432085896,4927.99417807736
3934.747707115,4330.52211841714
3447.57102422401,3215.19910590514
3994.52043470785,5065.24284433042
3838.19688441376,5588.15156885064
4081.34425117723,6353.39102686205
2463.88445259868,5077.51833229419
3572.86416405711,5284.44297268536
1880.6033162309,3217.64278640609
3795.48204975251,6157.71941043546
8336.56462114686,4696.34772823687
4469.71685637202,5051.5461398649
4192.83403658663,4739.14237115402
1843.57169397574,486.934377555041
3543.2262513191,2229.73663268435
3715.3764685223,4828.25446409221
3905.55403741156,6288.09160458151
3888.3615411864,1933.1886673554
3855.77526839471,5394.35531546639
3166.67724376563,3064.59497937486
3893.19688653168,6809.86369418451
4157.55401040221,4462.76967560554
3403.60288090366,6037.40651987776
4317.4438540453,2793.9052469848
4228.37198270939,5093.14706240582
4118.21215717942,2070.26671151431
4126.78626991228,3489.29853161921
4599.64211886847,4303.24288040411
3755.02675402392,5433.85337883942
4334.50419280066,4286.25001924972
2676.42728939513,4382.29566975394
9011.34698285354,5233.46481207746
4279.3843453864,1325.48678772648
3970.17910049229,6714.32927567988
3275.38142486007,5155.43490958206
3886.66135873012,5207.54928225193
3611.05029496447,5168.44912567096
1183.63548299351,1425.22650171163
4481.78582271611,5549.50598166551
4268.01770112665,5373.38465495702
4234.42032984718,4715.89801795498
3720.63204928656,3553.34799377502
4547.80242752922,5794.79205051251
3956.76773512585,4723.17239685407
4351.7954861842,4187.64694018178
3951.4881402009,4065.85659337382
8244.64220957167,2485.08158226446
4367.32991808318,4379.62449312745
3693.39923397668,5519.44224181846
7653.59687532411,1496.09566765689
3559.30768021614,4562.79354831999
5297.88172964155,4788.3584939271
4369.57974110081,3624.04643191231
2764.32773038463,5380.3177896678
4448.12722132493,5596.56258266694
4927.0838537359,6099.06896413639
4318.49062401065,4034.65579575431
4220.15129100805,6351.2315050904
3325.30435024234,1593.33472139589
3872.43386867322,4357.34678703434
5558.0610229229,7292.64895241407
4864.86183411157,5059.21842555606
4038.09345881485,4483.96783224045
4314.20746337921,6682.39017279049
4417.05657879387,6692.50613898261
4341.44659021803,4761.93173210197
4463.83628237706,6185.16905911502
4705.40836981575,7083.62229856551
3564.06801041193,5892.8834747256
4108.19348305541,4715.38636310013
1697.41136869532,1926.76655321659
4799.66653759331,6938.41718789197
4357.06067375277,5078.48455654487
3360.18415784427,5098.7164889291
3377.47883866313,23.3010149769092
4532.21434579847,4357.00554284602
4144.04430772574,6468.19115350023
3844.36242916155,6680.11690295607
3908.70096598232,8930.65403903124
4796.16239027205,6101.45598203358
3915.13488267217,6299.57127896112
5092.33965034923,5606.9060449846
3712.92653536626,3788.40392551188
3364.48195076023,3755.78275710112
4380.24308689112,6102.25179561772
4258.76006998883,3297.15035657939
3330.13493082145,7771.11558995558
2981.80264562828,2224.16720616108
5755.81594634626,5290.637379271
4013.95796950489,3871.66243319749
3968.05648664819,4020.39119668543
3820.9984179999,1399.65221607441
4693.14677355982,3481.17167653221
1948.14718935542,1091.45363713025
4366.46146104077,5635.71982470691
4753.15133109565,6507.23464747743
4893.97908056739,5372.64550397663
2924.999677159,3148.59221518561
4714.51510868489,7002.52331265155
2740.92858897772,5564.395983652
3818.35047234072,2615.62418707704
4477.97775197837,5335.8757026891
4116.68444887458,7273.83781367635
3816.29633922726,4830.58439653039
4030.22862098285,1283.37442175834
4930.21034930213,4835.13093619922
3987.37392762106,4436.11541765487
4309.75288167448,5849.86175853816
4145.14671300769,7274.46279373871
4106.70039234872,4496.12957214144
3812.13055769592,5903.45401031355
4125.4765806917,6767.58070612221
4454.18118848075,1972.62985669705
4423.11866534101,5387.9334127552
4575.23296285084,7011.04807453062
4213.06956669649,5509.6100115004
4218.1701411299,6872.7194359641
4164.31653613217,6426.87438968861
3102.821928067,2770.604231182
3734.83012998544,3098.63715285977
4771.08930679711,6501.38106222485
3851.28140961044,4991.47532277457
3745.25563011323,1387.94483414163
4142.43195531653,6104.07007320106
3946.52019120299,7310.21013102706
2335.42517705345,1258.82312868937
4581.63773211011,5245.11531997886
4639.76686684923,6722.51321622589
3575.39400240506,5321.4969327022
5057.62327219926,5433.22839877706
4292.1868567734,5811.27325681205
4090.57690004298,4741.98395844704
4075.93456472805,6169.99489839922
3920.2384736704,6836.80168800923
3017.36141881442,1905.05695315446
3944.5886179997,4690.49414298429
3848.05341929822,7646.36990779182
5702.89764437213,7756.22601082434
3774.98980477976,1886.64329835356
3878.74409417134,4655.88386346841
3842.16865114165,5851.45296285121
4210.50413111844,4292.72900741992
3989.26207526318,4352.45900317718
3571.27385736835,4173.60941438319
4801.4626520745,6119.35798197963
3758.067519263,5421.69163893843
3667.8936475175,7394.49194842236
3349.74863702953,3951.3972880687
4050.75300980768,5662.03283846927
3438.43005882079,4526.47789357304
4208.45948705499,6706.8278235105
4053.34323780013,5938.23512335122
4502.59627949426,6294.11560050062
8330.66394586955,3075.7907064528
4041.70082525845,4174.85979736317
4153.37254491912,7051.8531834874
3907.43357146842,5858.78442720931
8712.57382256158,8282.6579653037
1960.95369772161,44.8970767521148
4139.99833833165,3627.68383278948
4945.90055817045,7060.49169342924
3628.85620998138,1376.35120027161
4010.88073530513,4045.22675419751
3949.74112764319,4576.71732605581
5152.89433134594,5277.67982578586
4856.53400452017,6149.81962861875
3235.92435495043,1455.17681063734
4935.53310141945,5017.33376714109
3833.31904157166,7937.51928011928
4508.52952642827,4401.90262207581
3974.84560898604,5150.83128445421
4307.00382115572,7012.46886817713
3777.6695245205,2944.67999560924
4162.20571403069,6113.95896612288
2989.75891610778,6349.29905658905
3819.00855794005,2774.69620145501
4291.57133841525,3826.82243942672
3940.03506482785,6226.03125353081
3834.79653570963,873.162911851508
4010.20762780665,3628.70671964392
3100.03991084026,2235.4198072704
4348.89123467349,7270.99622638332
4717.39972701299,5074.56299693839
4459.37107466509,5338.37604579381
4604.14437897596,5586.27620580829
3868.24969574846,7314.01836542601
4351.33625228827,2697.63231178267
3944.54978912876,5166.23294129555
3928.18339321225,2455.92698120908
4634.3306978897,4878.0959897829
3610.55709233791,4752.66824209776
4457.4892668657,6197.38788447502
8941.6112130266,3590.68653537641
4082.16516686596,4746.9279820527
3694.98676434047,4057.3884940985
4262.30833564567,4740.67649000805
3312.69543742798,3243.04666137678
3741.5854586902,7282.2492503479
4446.13793487444,4828.14071602944
4620.28634033853,5524.84125767521
4919.56753163885,4441.62818157439
3261.48068329965,6681.48061114357
694.980647092659,7801.12309005412
3838.51819844035,5121.84709406537
3674.30664426164,1289.45539742265
4556.02098606196,6857.77277137385
4635.86635839232,6778.43582329471
4601.18568160933,4538.52630826651
4371.2319627188,5831.1072824042
4371.48162401222,6603.50737125194
4317.99594351249,4625.64929009958
4191.16865484165,4356.26681472089
3594.00507038004,6160.33350160294
4658.75847415768,6609.47470456729
4153.67344154211,4745.67802192797
3971.81675262896,3434.62630753037
4429.43405382133,4784.8348411127
8999.00642693048,1188.06760509307
3878.58998073644,5953.52303212979
4112.4266349988,5058.19553870162
3894.30931535564,1643.74445883138
4684.11947267894,3800.3956776016
4560.77224571648,5926.01629799121
4109.20342208948,5777.28753450328
3776.96664186913,4723.74071431268
1245.65591626474,4973.06166797367
4359.55521174726,5938.51928208052
4374.01672140868,4950.89728708808
3365.36411620079,8226.11037817252
4067.19845337207,4744.31389088522
3915.28752369558,177.20137582963
4472.51072640643,3542.03830720668
3883.45059517187,5845.14480820279
3880.31908005741,1706.08896861138
3718.7007710735,5073.93801687603
1295.13843177227,1662.10113388708
3194.06820984378,3392.627689625
4076.54680965642,4758.35141668381
2926.23077379259,558.485556164772
3653.70662556756,6254.90169585688
4759.6186626011,4925.60716018017
4434.85892592539,5745.23468355111
2093.68381568998,1644.42652435275
4589.69662402054,4607.34938336146
3212.08099916482,1019.78876331465
3373.0265967525,3416.7811816157
4225.56664444047,6508.65544112394
3978.24916585528,1302.81085769986
4021.56362440114,4839.50706520153
4274.83374579991,4777.21964088054
4148.59671338284,5952.84096660841
4044.16463100334,4617.92034180466
3762.61827271144,3890.36024672769
4300.71162975901,6784.68731533936
2542.67630888608,53.080848816736
3491.06105922499,4384.45519152559
9015.99019430285,1831.91441166097
4000.63232406002,8582.90041696883
4107.33297081936,6742.91598213191
3660.84330273934,5751.20201686646
3673.80002529044,4969.14010836719
3960.2994002659,5476.76134696409
3543.07956004851,148.615012947498
1959.80880072478,1447.61816729514
7498.06504215264,1406.41515154628
4664.72292553027,3306.98237546982
7399.00322027695,3989.75871652453
3599.43660228087,6294.17226310438
4039.96580538024,3263.44921585517
3958.40824343462,4726.52563900194
3216.81675845475,331.442731452139
3726.46639718043,5467.78201568918
3528.22756767852,5536.94633497244
4416.39477152326,4879.80094215872
4092.46526762465,4936.80309868573
4540.84931184679,5627.8200428902
4507.5690253649,6524.68207802765
2722.18700912259,1991.83890222684
4063.88900556732,6285.6475012253
4500.13342604172,6561.22480604489
4317.98543958795,4443.27604849119
4837.48558451428,4727.94643264845
3939.17808262899,901.237804877969
4309.53229989454,5541.94744403711
4821.27169211802,5337.63731766867
4425.21594405444,2096.80722140221
3427.12994308278,2013.37809162244
3914.71943425919,5544.61862066361
3787.4439384209,7048.95493359061
4446.63033138939,4182.02085105475
2423.31052622831,4656.62259159355
3759.13415241075,2945.36184970299
4108.66157625552,4489.53725876372
4698.94701317612,5159.24229827051
3998.04384312957,4543.92532412326
3442.30211576006,5011.7072551588
2819.65464868785,412.030141796614
3920.63033149341,3030.04115103511
3445.64763149243,2830.6185970962
3879.02238517194,2812.14827969154
1963.45012870788,794.450943834738
3938.79496111682,2740.3698692408
3644.99550884709,5620.09109459528
4251.29353821071,5747.16670919722
4020.85042706809,5632.53741608083
4088.77722215287,6127.8827438587
3570.04062959672,6766.27366053847
3785.15086340568,6704.15664688401
4168.84057693675,6141.40861480245
2981.31566446851,7639.32260216302
4177.13622103675,4998.18138421505
4392.09025937376,4717.94379166386
8384.25258844245,2610.05454912614
3909.32054183674,5216.3582028603
3236.05892498939,3907.29602242307
3252.3444057372,399.015661423182
4123.49040457601,3705.42957655558
4465.39122157488,4605.58776838188
4424.23363371805,5217.83608196582
3376.03917293074,5317.34829982543
4712.01495581713,4638.77725425125
3344.28699788949,3677.58202108394
3993.77424304209,5283.24925230914
4751.95277151815,5248.24106600118
3982.40334536999,6609.75886329659
4710.06474224991,6503.42683593373
3926.30460637475,2695.41591597963
5050.61053331626,4684.07224027311
3840.46606299792,3993.680276131
4069.38217682154,4228.90704138964
3817.89225902216,6744.90509323703
3363.76911188352,4421.1116676056
4408.22069150147,4246.8090413357
4818.71666519088,5182.7141475951
3639.29663257752,4727.20770452332
7934.99870191963,2818.05873897551
8390.66171758391,3003.33023048068
3563.71492425397,494.549842071727
4694.50133453673,5228.0087107617
4228.28850136325,5844.51982814043
4464.2924213188,1054.62664466989
3981.8891898967,1937.28042620078
5094.11278075966,3332.72707177357
3190.6650411906,314.279538916582
4128.01452916489,5406.00582336779
4000.77122308489,5860.26188345958
4204.99650149324,6358.73338011504
3731.52738895935,4604.39404800566
4208.03149677183,5587.52658878827
4876.66347063684,6210.74334475224
4064.84564870839,5390.43417871516
4346.87680336418,5596.27842393764
2021.79913472897,3120.34696434952
3601.48952890582,5544.3344619343
8626.15463571617,6826.68572181711
4175.72876335651,3757.60103468445
4035.8286973076,4967.03767205456
2992.66651803702,3586.08291024856
4533.26469351608,5981.93890506003
2932.4849001859,3484.69511791898
4794.65269678049,4222.88262261528
3958.81430138279,4687.48214502474
4487.17284466249,5095.70449096954
4514.25489430346,8145.06847771757
4243.03564843722,5234.31728826536
4076.5517080717,5202.26401445795
3867.76562612792,3941.67922866866
4341.36155961752,6666.36353588679
4014.68058072067,5070.58477472816
3679.45011984831,3223.09867629422
2578.14169072821,77.0070131632884
4712.00453598102,5157.99233814578
4057.8795515941,4750.96328972195
3978.14095849785,3939.23554816771
4202.28454411954,7345.33248825304
4811.32385234158,3205.42396104609
4074.60383033569,5355.19849628166
5292.4037438303,2610.96389934543
3883.98397841106,4253.11719598411
3436.31211129854,2385.05770955
4269.33646887268,4641.10760954468
3619.62027423134,4279.54395780923
4649.26172258433,2900.46477047321
3946.68263374862,5849.63468526787
4154.0877271508,6137.99871005082
3809.72595730851,1281.61259535114
3875.4279576116,2940.98593212831
4046.68903371782,8.63842487526007
4127.52034397777,3876.26605832534
2384.6169500505,1921.65169608914
4363.74373968523,4873.66277532158
4309.021088415,4320.63322549531
7884.29996983427,2182.22525085946
7506.78123510906,4542.10662368467
8694.86369210898,7979.40393853425
3878.44407760909,6096.39778750989
3980.0007463018,4683.90182960658
3926.52995245355,5973.35705772195
3398.95240757166,5720.91078089388
4901.52317417552,4592.00481197912
2588.68568081597,333.090836225021
4000.64175284787,4926.97129122292
4788.91583235358,6528.7736254454
3301.22817104822,4352.85690996926
3703.36018465725,6618.34071063468
4054.4273150611,4998.52220554812
4090.88983620761,1834.86974701676
3377.93265071424,5775.98048891954
4110.36157259152,2858.52302659922
3802.92010148236,4032.78043271196
1271.98401772112,2831.75523201341
4356.55071588975,4653.89475236329
3870.80001206834,2619.7728199538
4801.09476569431,5846.90642318237
3971.13984608977,1335.77327029894
4509.67482138437,5755.80521913906
4124.87405106804,6749.33788484309
4484.68085030903,6493.76543913745
4373.6071642294,1966.09420592309
3119.05621275131,3815.79691158769
3368.8687013891,5087.69138394532
4238.01819531132,7411.37063865872
4406.41611170412,3298.28699149659
3829.47455204609,6459.32557028809
4540.04255319042,3857.11367539931
8244.10833266579,3568.86297582388
3903.31677936367,4817.17227364941
3943.03092962886,4102.3426587873
4266.61345936899,7126.927750627
8124.61243807724,4539.83335385025
3597.18880800862,4759.71512487131
3697.28545760329,7510.99702743635
4427.78756519954,6878.11845182085
3781.27649587536,5265.6884965514
4355.01029563284,6329.35128293412
3955.42202337152,4901.90823758529
3953.15964653265,2492.81074198701
4498.27963850304,6305.02738027688
3001.6838107525,912.092604909033
3515.33630463776,4456.29068743534
4896.55527492109,4063.29916481009
4289.31590193444,3772.43437406719
4240.97990936671,6290.25112635316
5030.21684506943,5129.34896909
5078.99882667294,7062.19664580506
5030.92587885327,6739.44899192127
8263.05103586102,4206.74266050406
4252.55607672011,6035.70156750195
4661.62554000144,5343.88880971333
3491.2288918131,4296.36598544184
2230.65709477733,2011.16169581941
2675.81599439745,3162.11829755698
4129.61722973283,1887.77993327077
3631.32699366576,5253.12842700308
4374.59740582178,5376.39665291657
3425.12298234044,2013.5487137166
3642.7368484702,5482.33077348737
4038.96197145882,4341.20640206786
3973.81960805459,1980.58630111752
4125.37821996775,6335.94359631183
4397.37991228738,4694.24529192424
3750.99927539399,5696.47313017387
3982.94881886202,3451.39167255921
4003.8232782309,6123.39286679362
4394.46531027095,4679.80985933357
3778.10020882003,6383.73934829365
4068.58035180839,696.700340954706
8394.2055217079,4872.01490840478
4022.23185271764,3288.966627461
4456.1380390756,6032.51915887586
3531.81766336712,2788.16540979499
4496.66935567095,5248.35481406395
4566.05481608652,6777.12835485572
4476.57324421294,1767.01257903106
3776.34457476658,6167.66496596104
4048.93739817048,3990.72494077521
4152.8179681459,4419.69087395909
3478.77209003719,5618.67030094877
1240.86413710939,2317.65542810157
3830.71979793828,6199.88865043498
3914.31626256789,5188.39732218114
3985.05765037474,7449.27792057396
3557.17458282131,2643.13070978799
4131.70396164772,3063.91291385348
8630.68305442384,8648.20026210463
3545.97714604899,4369.0539575395
3761.65167491073,7208.53796854055
2711.95218942345,691.30132509796
3237.13631488143,1140.44258091922
8294.22085220973,4603.7690679433
3949.85368967897,3063.79937721834
3272.69787512782,8504.98426253621
4254.83874598267,4951.06769775461
4693.26746658566,3501.8583897399
4046.64756510397,3448.20926393313
8921.05297953322,2117.94850400573
4277.26101886763,4940.72423543695
5338.91549312027,5962.16154207163
4533.60484839318,7086.06597906646
3899.59894206895,5395.03738098776
2197.30653148809,5450.5620812645
4191.80698633523,4910.43299946436
3920.42671992263,5129.97394915236
4131.66583699129,1203.35530244401
4301.83020523821,4724.76360116711
4738.16450367035,4786.71020415504
3812.67389263608,6045.81753369406
4703.0064702746,7264.06309167255
4188.7671399615,4403.09634245203
3651.34688136235,6596.63089914492
2248.50634055162,183.850695380998
4018.39482265457,9327.62378386672
4294.04383314837,4770.05858718897
4558.22472699503,5319.79198032638
3637.46190437193,3979.35859160311
4282.42713428075,3337.38735950518
4991.82900458011,4776.59423796293
4110.72922928531,2360.10861540278
3729.36598598373,4505.9618024595
3769.10913011116,5549.16516033244
4036.45490409138,5488.86642426132
3872.18776869018,6270.24626723921
3988.3384159893,3335.11408967076
1688.05609814003,6441.70772907134
4214.48015526011,6204.03728331175
3533.73235535471,1410.90481718374
4187.94848522109,6783.94816435898
6919.65074348208,1471.48750055654
4367.76123098262,6000.57963313122
4342.62567555963,5213.97160781836
4593.37885602198,4030.67757354407
3714.0390046088,8920.65182090189
4394.28980906071,5650.5527412344
4241.5882758855,3892.5764311031
4405.52694870418,3656.83843384486
3764.10116671965,2138.06711118244
8764.25254291237,590.936472479727
3408.7841157115,1197.61535954039
4017.86709717834,3955.94382773754
3777.18784573529,4850.41884497779
3633.57668625611,5113.32233218629
4259.24725626009,5682.71976310458
3438.26470911309,6962.17277309061
4635.22814283111,6434.66042344254
3952.7171314137,3543.06140548875
2636.34485332933,3255.72005613262
4618.60950165605,4976.24407659976
3414.702965314,2667.73877117453
4185.89740287218,5920.21937534239
8152.86793219534,3121.93816866256
3873.3895791182,5657.37255073765
4007.1525092332,3690.65332263185
4374.04826143898,4168.72205338129
2045.09553430756,1018.76587646021
4081.48611922757,5224.08757401048
8961.60129263178,2284.29510871042
3648.88555295989,5405.32375784641
4452.80870313175,5209.53839335704
3703.23903160435,4140.07868432551
3741.68717069432,3106.99150407231
3843.73476443111,6291.27401320759
4424.558614103,5071.38058831231
3940.41608151087,4641.61884154428
7995.52203685617,657.315919930628
2892.09912475785,4131.26976371713
4036.64327089446,4543.64116539395
4294.64960992019,5698.46224127899
3851.89820469659,5729.03763598088
3890.33439968474,5603.09823344089
3811.13037848529,5125.48449494254
4511.76949636247,6558.89445075146
3940.31325897684,5814.39900283437
4523.13572536733,5490.4009659706
4099.5729482107,5259.60741517328
4781.45973053589,6182.66871601031
3144.34330398163,3702.64507472156
4412.61693607551,5521.03344613151
4251.68947013332,7368.74682926336
4051.62151056046,4888.66652537085
4138.50200060701,2314.81384080855
4253.2694162546,2207.62912583015
3836.55516044571,4895.65674554064
4779.72066081028,5994.32814108656
2491.49426677815,3959.80872474025
4435.28972382825,4808.07919431173
7923.80978698347,947.669320103221
2322.62165951947,273.247013119622
4082.05431855076,3934.68900849887
2850.08244227944,2965.82127821276
3890.67963721954,3959.92204994777
4665.27373905105,3925.59592916119
4031.98401728804,4117.8009782324
3140.05423492913,821.957519402594
4362.52352607229,6066.67486899591
4322.24127236695,5865.37674058703
3514.3897741137,2366.13282274951
4525.68656307438,5596.22176133388
2697.10702582474,3147.7397389977
2496.77028878186,1531.50186647073
4229.77346399247,6220.29099348575
3812.7153749642,4888.78027343362
4390.85363865209,5099.51230251325
4576.24767137586,3377.33999227405
4616.92362842674,7584.36664220013
4190.4096366096,6336.45525116668
1899.30195771481,6210.17502729363
4613.63483249345,6757.63515059662
4156.45563625936,5486.93439861522
3770.21743040664,4696.91604569548
8099.57461674856,4615.41957584469
3447.26183584103,5664.98817382506
2391.9305815938,2321.40615418626
4336.66533704292,2488.09379165164
4194.43724991528,3254.24238845472
3571.97556663281,2513.38391855955
4926.47929745308,5003.92122140486
4456.39408650433,5032.3370943351
3865.61585530109,6080.48489866896
7883.47786392255,3048.22730971047
3513.32212994475,4609.39557992558
4623.88025410618,7038.83854454325
5145.50715038013,3859.2165345672
4297.85986440567,6577.76267494819
3723.53110667924,1939.26953730589
3807.59674603004,5361.05208153424
4303.98879508833,4601.15497677581
3811.39250266339,6118.73300191727
3971.42088935791,3574.14824361786
2717.81523992528,3911.95631015468
4458.65218582062,5775.46925691994
3542.13453291968,5200.95696887421
7471.40198787709,1337.59186502371
3593.82978894911,2994.69193196647
3537.64022288354,4851.15757310293
4214.21496643826,4317.22332074368
4917.86237512971,5310.86973451049
4100.19486335593,6660.33911711242
4462.18936823683,5324.33851999522
3462.67909009989,4956.35296554859
3614.90468691046,6326.39594757832
2408.85279146048,1423.23739060651
4299.93764336835,6250.01433485498
4526.11182635358,4782.90281546659
4055.21558117232,1490.58300945119
4186.86950094194,5597.81296564692
3584.03711544509,3056.63853495439
4107.0011916997,5962.44570080093
4256.30100649151,6149.70630341123
3933.48714465622,5649.41610631719
3635.19479780685,3915.082056177
2999.62983823432,4792.62087486663
4421.11437744156,5925.95963538745
4099.43508488754,705.11146048482
5081.21968310175,4788.87014878194
6907.59240418097,1092.19247096919
3508.32437694267,2618.63618503659
3886.86291358389,6432.61464973367
3862.69889780268,4407.01747920325
2630.85581211476,2966.04877433831
3986.09218597937,4718.05753972663
4266.7959779825,3452.18748614336
3453.01104022695,2352.83423650369
4404.65158712669,5016.99252295277
3343.00720059238,3245.6040899405
3603.6825414128,2609.82726442822
4240.56447414794,4994.43023527511
5895.91916450019,3430.30726398707
4436.8201411614,5814.45566543813
4233.95237386548,5568.09004713294
2597.49114588974,2726.3892174736
5043.08955004386,4561.03151048516
2099.32041475778,1538.54896067191
4534.77147358625,5577.69478132546
4496.68307023125,5738.01696725578
4437.79770154098,2772.0818988599
4600.16845072742,5479.03461679851
3899.23277298551,6010.63893671957
3412.97346065478,3802.78227264353
5003.954451488,7208.08382199997
3402.77762504065,5594.28931283252
3754.04180502267,3677.41161041741
3611.71193705104,2704.850028078
6932.08636214982,6782.12988677564
3095.80421381044,4200.7753271887
3681.10241419542,5193.00052445374
4809.88734928846,7027.35887016363
4456.20780388869,5643.79001719015
4712.90933259853,5620.37525332458
4039.38825569341,5491.70801155434
4835.99760192554,7232.29397659443
3370.25105616778,2450.07318452887
4394.25566006014,2478.09136209467
3758.69062494304,5150.88836991322
4497.63371265127,4778.41293840151
4973.18413646025,6691.31241860639
3033.31004710623,6112.4244244136
3963.47558920168,4821.88922398478
4813.5243092588,6105.43420424381
3080.95573800933,6425.45359604209
4094.22287682461,2801.69128073874
3332.80210233556,4990.62284658666
3882.20847445507,5677.15033658131
4214.5669027313,6140.78363474008
2508.47256913233,3993.28236933893
4504.90769106919,6005.52407959213
3556.07871246435,4593.88017502147
3952.63025962252,4790.12010890667
3941.19044199736,6402.20966569831
8315.09727658455,871.060105540527
3413.95738808911,3807.95421522999
4170.58360276907,6543.54987936913
3977.69947854258,5537.06008303521
4299.53025433864,2866.87737781176
4089.75963412346,2419.83882258767
3663.93800807153,219.768350836288
4420.82552738542,6157.83315849823
4448.93626466054,4679.29820447873
4671.17052002148,4679.58236320803
4010.38022216454,5477.50007508922
3482.73157529756,384.182586324977
3356.39992883939,913.740788967275
4540.11977581126,4944.36163631412
3788.86978335256,6730.07175385429
3847.01782297875,6667.72724407429
4635.90084336754,9335.92104962025
4651.47730459549,4921.85643409547
4059.63157366063,3108.98061517742
2763.01303972352,2959.6266601995
3726.14063076667,6871.01448358829
4415.82794283576,4114.90230548036
4838.26659599095,7558.73569395916
4152.22709925748,5371.56595451843
3984.33447673428,5676.46827105993
3590.03355922635,4324.49769964278
2709.07086964535,2934.67756605227
3752.85277065281,4703.39503386567
4173.18845538274,4836.04049784614
3666.9762539299,4684.86805385726
3612.78678077111,3641.0392930667
4112.58951827291,2416.42891783604
4149.81103977985,4270.33713040879
3926.39365037108,6009.9568711982
3675.85881118278,3615.91957682531
3900.29123082622,6579.69512344955
4362.35512641013,5425.61277568965
3593.43347391765,3381.09092978637
4955.71316471586,6811.73905722685
4351.28120948365,3029.98448843135
3601.52703780849,2603.51889835218
4227.50274578837,4313.18843592969
4005.09144618869,702.667674270057
4087.8879117039,5057.68430670203
3828.1914783291,5797.63363780553
3978.38828255296,5295.24100439885
3228.37444092503,4122.17668437945
4311.11003012759,5033.07582246024
4290.40628296848,3673.09256687411
3828.90965747954,7426.31772610423
5192.70323386701,6221.6551245285
8753.45772360746,1110.60591434247
6850.41990974419,2040.25963427102
4057.46869564403,5846.96350864138
3590.40131148021,2609.315821001
3169.58760986536,6417.3267409551
4698.79056013471,5086.2705902988
4604.9188760203,4749.94040286751
4647.02814086734,4178.49719824034
4027.44269985283,1570.20422197344
4924.59582687554,4862.86474360809
3978.43430136349,3385.41018475729
4294.6196536762,5509.49668629288
4288.0601500455,3092.55607148164
3038.87066700898,1492.11744544666
3678.74116546507,1224.43992244378
3899.90768566725,3749.64459026398
4374.35003246813,5392.02538302821
3553.61322884704,4246.97945200223
4573.47024567573,5400.37973424075
4106.62917765155,6661.93074428072
3820.56991800278,4818.93388862899
4176.4757090646,4448.16383234834
4486.90248151723,5772.40017350138
3756.3992981487,2974.91435755044
4022.59048341894,4998.57929100713
3243.84701820096,735.402749314314
3554.02893174477,5548.71059093661
4074.58808242007,6292.58105879133
4279.70857467189,2873.12886985642
4134.46066831293,4911.91087856989
3378.4853305073,4318.70119984921
3223.79572610623,1891.13317541864
3844.15817558831,4865.93382702666
7773.43477408058,3195.59215358328
6553.76021563253,6656.02007356913
3114.26417924451,474.488214640214
4128.10531425436,5892.54265339254
4267.40885116667,5765.52370139436
3925.32658440409,6559.51985366908
3595.00696244631,5965.68477203078
4287.51067496064,5998.70427008887
4393.8119560336,5158.95813954121
4156.11906726819,4695.43858944521
3633.70139090228,7220.87096481858
6734.93135946813,3631.77580306249
4472.07104870797,4791.14341861636
4177.89153228475,7547.42600739082
4429.64920287458,4549.55141325029
3840.5299175303,1190.5681596254
4383.13848471403,4927.42586061875
4282.30534627899,5377.41953977101
3454.69797499939,6164.88004127178
5011.03406639442,5411.97315668314
1966.64856021064,2389.71799728161
3842.10252388302,3320.6786570801
4166.02612050402,3951.22687740217
2381.05797328164,3736.80078484161
3707.7077457718,1717.51208610105
3821.52652410919,948.976471400775
4610.83218175679,6406.75620536715
4298.65855367245,5036.03115781603
4916.5268374887,5806.78337974697
4572.24223962419,5360.48376407564
3631.95767009074,4173.21193044637
4631.1110627827,5947.95360560651
3710.50292013339,6395.38985619505
8564.089487241,2301.91294992717
4239.63680243803,6436.36537581836
2103.84032909793,4649.12071656891
8608.24387726514,5326.44137916311
4226.76594534761,5380.09071639751
4725.73451393828,5826.27658400606
4163.58380524948,2127.21220543756
3214.05018528287,3237.64764552003
4798.64545610996,5410.09779364079
3355.57389009618,6528.88737350818
4433.64634304665,5358.15340878221
4058.80062303874,5059.10510034854
7885.59845163568,3074.25637617114
1760.65999842629,1378.56759607465
3342.6901042257,1958.08088747124
3749.90278351396,4113.9931666887
4361.34884178026,6222.96217011224
4011.52148193776,3800.28192953882
3633.48740778067,2901.43099472389
1834.33410373091,2865.34283610248
3255.25720590446,754.441384177576
4095.59843344935,2255.82236174879
3946.73996954058,4406.22208847435
3405.04623303331,4980.67729106107
3995.79331827248,5433.17131331805
4802.64753739064,4283.92008681154
4448.02980365043,5694.42693360974
3792.05839503338,5854.35163560324
4075.08527717666,6697.05267865145
8214.88940667203,2689.56233072705
3556.58379976698,5273.30369678356
4189.77144054308,5204.9918536882
3331.93298435263,6137.25998192568
4321.12994724269,6057.18388286616
3320.25417865733,2791.51844051524
2647.62465043655,3384.27354984008
4155.86104998234,6367.14439393134
4191.38840623814,3960.20620867708
4323.8834001909,3251.51454922447
3882.02299258199,4770.74065271035
4503.65568418885,3603.18951946572
3385.86656123416,4013.23056584911
4344.09807938793,5095.42033224024
4545.02967892515,4615.93123069954
4355.77488042093,5416.74719247752
3316.30395891694,1030.47315267918
4380.6343092353,3795.22373501514
4214.6018266184,5928.4033158884
3877.49034509617,1052.92169229408
4826.33365824054,4589.39072081164
4035.60635223264,6070.25518441407
1976.03898094984,582.070730696872
3669.23842677676,5378.38576402169
4862.79169265923,5901.63573273022
3387.46656595186,4100.75145447425
3682.38941324687,5048.30706863505
3873.82318531617,995.010185547767
8483.06840393275,6494.56125272159
3457.74202826267,4575.06903628375
3720.74927697575,4379.51116791993
2522.86960733062,6365.78026288859
3718.94740204138,4372.80468362419
4020.6174954356,4944.81620570996
5143.79915165135,6678.75277191332
3784.07225207451,3711.96522732953
4697.75526351002,4274.9974181404
3712.10183045738,5431.69385706777
4233.11970917399,5202.83233191655
3699.61410397107,5215.10824273557
3868.7355110648,855.147216699591
4015.62621172783,4902.87446183597
3702.36775343825,3310.5058168566
3791.21251884454,7837.15458607177
3553.88096250994,5877.82306207257
3831.70798184776,3378.41975315988
4267.80149538715,7009.00187796649
3813.47792533022,1870.55999884609
4473.39079179591,3057.32038904814
2804.60616464026,2083.90633052083
3986.28687010203,4534.32058993073
8254.72388304574,2036.45182272732
4492.9489710667,4163.94801758691
3808.54458416207,4594.73265120938
3414.27995656416,4436.11541765487
2661.85687693204,791.836694096537
4284.22198856595,6651.53019650405
4920.7971388981,7316.46162307171
4611.87145960892,3329.77173641778
3946.11457764695,3151.20651778071
3797.32058634966,3371.59994365662
1744.20993959208,387.876649805908
2464.9096782986,1779.57233143793
4729.66780496572,6256.890806962
3150.25796698202,5021.59614808062
4163.94675151536,2032.87150730916
4278.84290546659,6570.60204411187
4736.77843996379,6380.7273503341
3246.97428140905,5169.81325671371
3302.70974462302,4753.86153961873
4801.86971180173,4687.0275756289
4341.94593384881,5386.91052590076
4021.39663770379,7067.87982039111
4149.9717688968,4895.42967227035
5738.52499555587,5523.13630529939
3605.63081167567,4605.36027225634
4012.13498443363,3988.84957773286
3754.18750949113,3534.76392830759
4138.72798690924,5063.42414389184
3684.7885804984,4842.2919898908
4134.38671361821,3765.55747910492
3919.70466365403,6800.71352938782
4116.96651649237,6760.98839274449
4615.34796484145,4905.03398360762
4383.55989094789,5751.20201686646
7686.56967304014,223.63290426911
3248.26401220979,5333.20452606261
8663.23552790723,2606.70151840589
3834.86323835764,2240.87569715853
3402.6667826056,5207.60636771094
3758.60327502145,4116.43684718965
4098.14104639185,4569.78376848978
3377.38321731745,5069.27772914442
4367.83152885477,1706.6004120386
4882.35166143039,4334.15909643906
4394.76007504062,4919.86732299036
3949.02149627184,5378.78367081376
4590.20819816359,6534.22972676116
4088.38314253582,4195.03506714364
4219.11005032668,5059.67341780715
4707.06911838331,8625.29673023865
3292.07397091282,4407.8132927874
4035.34978646974,5027.39264787419
3534.62247296417,4051.42116078315
4560.94133652873,6318.89407255369
8605.52274096727,858.55712145122
4475.94803029269,6842.42819999151
8931.7735248306,1097.30732809664
4907.43376291261,6570.7724547784
3886.91188871119,4135.13466071985
3645.77626836984,3329.54445171986
4274.79576556076,6916.65029094321
4109.34704786829,4766.25077564527
2926.32614331475,2520.48788679211
4763.94336496251,5364.3482382231
5257.10409699209,4828.36821215498
3563.65329273496,2589.14055122053
4044.36701497198,1928.64212768656
4401.87912873594,2282.81744103252
4049.47079147242,7290.48985349767
4403.73787585771,5574.11404305205
4006.3781737716,6500.0169311821
3660.03988592658,2486.90028270304
4141.57307016299,5250.7984945649
4623.57141872877,6562.19103029557
3586.01876137977,3244.35370696052
4743.70901556672,5138.15788969837
4108.23090764185,992.225366572316
3629.28631235785,4517.15731810982
8878.92923105948,4344.27548548643
4105.72209673727,3548.46020991787
3718.63591813703,6329.23753487135
4680.2082991315,5148.21719328673
3883.15471848466,5228.63411367932
8007.19673419533,68.5390856729214
4130.32045036583,4749.03084122059
3568.42810449413,4176.3376764687
4267.5820435171,7399.6068055498
7668.06116701661,4311.36973549111
4243.04476645226,2206.71977561086
4167.1004037624,5141.79529057555
4322.53739407433,6770.87686281106
3910.71195135377,5065.75407633002
4050.9733324778,4316.37084455578
4512.30860948044,7339.42181754145
4312.09638319998,744.666345032336
4080.19523743103,4126.55281338176
4288.36590448723,5857.53404422933
5114.48868572275,3769.47903871139
4291.10702856114,6329.97626299648
4104.12263116121,4945.21411250203
3647.81446959109,4901.05576139739
4988.79825491469,6209.03839237642
4335.25938075911,5105.82045716166
4501.46347998069,4108.65081343571
3580.39399186025,2055.54733162197
4029.08920857054,930.335637615774
3281.90389677085,5569.68125144598
3664.67640823955,5688.2325270241
4550.09069615079,4307.61900940641
3552.11882860744,3881.32382999377
4072.91417042814,4473.51062186002
4595.58531512728,6292.80855491688
4231.32191109201,3800.33859214258
4149.14834645874,4724.99109729266
3826.05765045841,5004.60328692624
4894.01261620389,6840.60949955293
4173.91282030958,2755.60069256036
4569.0361203866,2859.26175472436
3770.49347686459,7470.3623291461
4071.56996844191,2672.34218487475
4125.44166358253,6668.52305765843
3579.39236451979,2574.13701259888
3456.26398359564,6758.48762678453
3479.03029824524,4177.4172259269
4250.33158986692,5721.53576095624
3631.63480022196,6148.34217236848
4397.457404215,7147.55801265855
3845.98407326042,4762.61379762335
3901.93356014551,6314.06337415555
4556.58612529301,5308.88062340537
4098.43954584797,5698.23474515344
3934.38261379554,6574.69401438488
3690.69291402395,4908.27347769272
2845.86275980628,1639.19791916254
3836.72828477292,5492.33341447196
3914.74117259243,4655.77011540564
4372.98432077429,4640.36888141955
4626.48753420041,4873.43570205129
3764.76516079294,3921.67436955472
7931.86540882074,3882.23339164069
3750.99697701813,5496.53870995249
3307.75091379395,3154.16185313651
3625.6874166283,3265.49520099167
2546.74654111077,3439.7980386892
4197.29569033681,765.012078336245
3630.03158348658,7019.45908834692
4146.99156889101,6490.92385184442
3868.11939767497,3911.10383396677
3862.9385514862,5296.66179804537
2675.74702699229,1773.77562021674
4411.27497219274,6371.2930268081
3494.74603906095,3968.39014922309
4676.85974744349,6750.92908915614
3946.01136584573,4869.74163857036
4357.44217042255,4637.58395673028
4764.54807288658,6669.4321964501
3929.14487936163,5846.90642318237
4348.17922068889,2919.90131212854
3331.11526833648,4285.34088045805
5269.14055348977,6091.16960517493
4720.29679856172,6125.60947402428
3648.34687008038,4727.32102973084
5022.5193309945,6640.22093279096
3271.78499813985,1506.89369937038
3608.45179565266,930.449279964732
4244.99712943899,7690.01702689687
3722.95702323797,5162.31138168908
2318.53582867813,703.520150457964
2238.08034167957,1912.38820608494
2150.37864215271,1669.71665126067
3974.96664643105,5355.19849628166
3470.08957220526,3262.25570690657
3542.80886849747,1955.86449166821
4205.79517334125,6496.26620509741
2966.64416121932,5782.40239163072
7989.24005019373,1884.42690255053
4127.38258463349,6529.05778417471
2906.21944812822,2083.62217179152
4185.92690153082,2089.93053786756
3909.12980931753,2308.90317009696
8438.72436552307,4879.63010863693
4530.42274601061,5278.87312330683
8293.89060676022,2860.11423091226
4111.82087954113,767.114884647227
4710.64401888885,5320.64445651429
3633.18410529045,5053.9902432211
3604.60825756508,614.407951805963
1813.85736061027,2897.56652057642
4275.17934823545,4491.35595920231
4419.95065856966,5345.82125821468
3132.17190681803,2843.06470715412
3981.52386904781,7007.58108431998
2829.65458167662,3996.69227409056
3032.70662032774,932.722549799152
3502.58184090025,1186.87409614447
4132.92170405237,4481.23999301019
4320.90940918878,6999.90879862882
3622.82466509176,5204.4235362296
4505.60350770175,6279.56684270243
4012.44555513268,6185.05531105225
4005.41191618159,5384.06893860774
3216.25136792142,5430.10265275473
7179.36849282987,3368.47419763429
4217.13554846655,4607.63354209076
3475.44901597019,4450.83500897483
4052.47034596405,6107.47997795269
3907.16053120228,1270.18947786147
3356.90143552152,4037.83862723565
4985.51593201326,5484.6611287808
2748.53933106732,2673.99026321918
3198.08334226038,2817.66104361106
4135.56608154796,2221.95059893042
4024.06143283461,5032.45084239788
3089.25235346491,6536.33258592905
3831.66470015577,4485.84319528279
4411.1926335251,6964.67311619532
4697.20436155216,6464.7812487486
3932.91789059685,5916.12782792464
3587.14980664874,7906.09098637423
3604.79936984961,4008.00196065889
3789.682494802,6011.88931969956
4869.11071070951,5984.04176422792
4132.96604670391,5848.27055422512
5036.00818173078,4856.55658895968
5026.54793239423,4203.21900768965
4166.21329500319,6278.20271165968
4473.66176525781,4972.60709857784
3771.1720082569,5989.78160141773
4405.76372462354,4613.37380213582
4186.09049560616,325.98686799246
5101.41679781324,4096.48907353472
3713.411867192,5167.99455627513
3841.88005734039,2629.20693205217
4635.09015982577,5466.58871816821
3920.41943825379,3408.02913503871
4251.54004232943,4927.88043001458
2493.96046031795,365.030282684303
4233.66217755394,3100.34210523558
4553.18543846261,5705.45246144878
3508.04586023417,4897.70294210477
4282.48361745111,4020.61869281097
4333.55454365518,3567.95383703222
4537.99780807161,4879.28928730387
3934.6746549607,3194.96696209329
4603.01063259328,2881.0284402455
4512.26108758002,4289.94408273065
4463.11200498257,4911.91087856989
3535.05724549259,4585.3554131424
4164.6075391374,6229.55490634521
4782.02039304257,4838.48417834709
3426.66071248325,6270.18960463545
4521.6335848114,3418.77029272082
4114.81226663097,4286.64792604179
3315.18039977787,6950.80642391851
3741.86355505798,6482.56950063188
4162.18930711665,5238.0113517463
3168.72458084804,3322.38360945591
3634.50299415265,1464.32665829259
4461.91379712371,5994.4985517531
2758.26858465932,708.294027681626
4260.9751775703,5709.71484238831
4441.83629655981,5624.92179299342
3991.75960192821,4370.64516185254
4819.48842403542,6191.5909618262
4954.41995422613,7088.68007023394
3427.81875017043,4389.62713411204
3190.80835676462,4413.38271931067
9051.63749598985,7665.86353490617
4714.91452569629,5007.61528488579
3712.02174608322,4276.64570791245
3868.16072599352,6714.15886501335
3868.40164514456,3627.74049539324
3797.54781725572,5916.92321865353
4537.26771567525,4771.8206250238
3780.9793848004,1380.04526375255
3985.51621290677,4278.91897774687
3566.11054559167,6573.78445273796
4449.14638122449,5174.07563765325
4363.9029581517,3826.93576463424
3917.83094563161,282.794767566946
7738.11310051482,2724.68426509778
4262.84843647719,5173.45023473563
3883.18937568291,5314.56379799142
3850.60993388675,3397.23110332522
4827.61516083705,6410.56401691085
3561.94363106043,4881.44880907552
4125.72553066887,6744.90509323703
4115.15560388863,4281.36265824782
4044.35132586512,5490.74221015892
4170.72994555447,4213.16456321524
4247.25099961607,3695.65443169652
4534.59603067231,4124.79119840219
4289.40448686431,4984.93967200061
4618.10552851778,5397.93563088455
4009.11413021903,4942.25877714624
3900.90654770898,90.8171287288086
4226.8449981988,3467.191024765
3174.68730796922,2466.3271061305
2597.14638969675,3268.79135768053
4271.49742440988,4050.85284332455
3030.87128210959,5244.31950639471
4304.99130963558,5891.12185974603
4175.81827479398,5772.85474289721
3944.22351040932,4705.78205176286
4332.45089002175,5324.33851999522
3071.85222321405,800.929773434215
4988.84921858521,5066.60655251792
3711.68747256594,2629.49109078147
3782.49740452508,1008.5929305229
1559.74543972038,741.597420184488
5077.12773312866,6581.62714909565
3921.61642014976,6233.41938049267
4348.93237462847,4704.13376199081
3559.36658138045,5860.94394898096
4071.49262838478,5775.18509819064
3287.28991890053,2813.39866267152
2398.5734035394,4478.05716152885
4576.5471805826,6532.75184765564
8536.5780264637,4255.73128715159
2590.17592348152,3688.43713825644
3201.47390007255,27.4497320943689
3810.26952817682,3674.11545372855
2702.14163645709,1522.52242948202
4704.84534703215,4998.18138421505
4404.96040036176,7143.80728657386
4024.47499081115,667.602508216901
4141.07146832426,5779.3337310674
4470.58687046584,6379.53362995787
4606.51007255018,5569.17001944639
4066.15988291957,2642.10782293355
2763.68645473823,1617.4882133866
1630.57385753144,1776.44658541561
2545.10065028288,2050.94391792174
4418.60557686684,3615.01043803365
458.439058201836,4974.31205095365
3409.30386972766,2974.97123158183
3888.69217506763,2445.24248613073
4322.3827190345,5516.3731583999
3471.48039403337,2525.09108906471
4337.88191701786,6195.1146146406
4521.29746464933,5262.56275052907
3261.76212428439,6639.53886726959
4695.03669628251,6084.74727960849
4238.80720502027,4873.43570205129
8997.03233434187,4695.95024430005
3690.86457125555,4021.75532772818
4696.96217419643,6809.35203932966
7362.0659437179,2050.77350725521
3914.63615756028,5883.67664732515
3822.14076231157,5812.01198493718
4678.70907448989,5726.82102875022
2943.00206511878,3606.48567615457
4322.61112026966,3430.47767465361
4669.8039350567,5488.92350972033
4511.65838148499,4982.38224343689
3914.71547186004,3275.21326039171
4524.75655300344,6315.93916005314
3580.4176466191,155.718981180059
3796.58971248674,4655.77011540564
7948.46269933994,848.043248467031
4130.31366634189,1404.99435789977
4409.98941791868,6165.39169612662
4125.85635096996,4584.61668501726
4102.01177234345,4383.31855660838
3685.83394808148,5457.89312276736
4036.94196716449,4732.37922425452
4053.00252327862,3969.86760547336
3506.92490297762,3419.05445145012
2624.33732562114,1340.31980996778
3983.51454084594,6708.70318655285
7932.79194607702,2662.90807277638
3637.71888636967,5377.53328783378
3335.14221895881,461.530608298167
3652.29034394091,741.711062533446
4362.46627686892,5093.48830659413
3781.97130251306,5674.25166382927
3793.06974130089,4952.65890206765
4184.68190302141,2081.3489019571
3453.07328543794,2781.11810416619
4460.78222742782,6384.25058029324
3693.46088267497,5680.73065199946
3522.81343246195,2255.70882511364
4310.72009201683,1041.72585950232
4281.30274572821,5828.83401256979
4533.84917077813,5914.70703427813
3831.89284417685,5527.62575950922
2952.44702693299,2624.7741404461
4427.97015812313,6313.09757276012
5215.2060221514,5045.86296527885
4172.23677747104,2989.74748550555
8461.53584529483,5827.41321892327
3946.63545440854,4675.31998226849
3374.20107210752,4526.30748290651
4010.33571363213,4087.28224613427
4385.37350500032,6111.0607162261
2917.77256718848,2344.02531589531
4769.90885361542,5104.91131836999
4858.44876024712,5357.18760738678
4261.48275999739,2068.16406377405
3118.21039949096,1845.61090469887
7932.37995083856,1414.08743723745
3791.91181538017,1024.39217701487
4469.2286931458,5688.63001096092
4201.85727450389,4930.60826924484
4506.02531928226,5364.0640794938
4167.46960561491,5093.26081046859
3885.97895224433,6049.85284136331
3025.52317346602,2543.78890259491
3889.11458709232,5306.32319484165
3840.86133274592,792.689170284444
4319.32829640756,5110.42408228951
4045.63367398031,4918.27569582206
7150.32774241052,4951.46560454669
4218.92851020606,4757.04437110007
2737.36031594163,65.8111605501957
4770.8049084679,5343.88880971333
4061.45139494917,3207.24266148467
3749.27083095948,4363.14328682791
3834.20396354057,4465.15627064747
4564.99408656148,3030.83696461926
3768.71327360998,6959.50159646411
3582.94445329583,5742.50684432086
9040.6195540863,678.400539930393
7776.85900197217,875.493002860407
7852.46587679451,999.897652263481
4037.67668717945,806.044630561658
4906.27745354101,6412.09813576488
3946.60689228648,4395.65113003115
7005.80044902866,2827.54972510526
3782.79268486122,5709.43068365901
4517.73180540072,2626.76325155122
1775.5286454557,1655.73599949346
4528.72533629642,3900.81703425287
4058.63371803472,4860.59147377367
5204.69220404719,4365.8144634544
1997.6783024626,3338.41024635962
3591.76941983939,4347.40123150875
3572.6310611644,3076.47277197418
3690.08006994371,5558.20115421111
4174.77988600287,5135.8279572602
4191.94150380319,6289.73947149831
3257.89813692802,5379.29490281336
3952.45607200227,5549.61972972828
6473.38261768284,4317.73497559853
8103.18139239092,2259.34601456319
2945.29568099858,3850.12345522952
4054.55113910904,6507.80296493604
4523.56805109341,6217.96106104757
3996.53095956125,6838.90454717712
5355.3853139881,6813.38734699891
4422.30683398315,5817.63807406422
8770.66245041362,3140.97680352583
3611.72800534458,5280.29391695334
3473.72327759217,5199.19535389464
3125.37148105806,4607.40646882047
3582.40431175618,1960.80872670149
3393.45214491261,2423.76017076652
7546.23024616568,3725.43443566952
3976.92249204942,4269.71215034642
4985.12146378092,6056.04724794895
4883.32699226202,5455.96109712125
4309.93233920401,1958.70607896123
4102.45233714739,6450.11874288764
2432.99362592696,2471.78299601863
4339.03155935601,5401.80052788726
3778.05787385069,2068.67550720127
3424.21851714787,4369.6222749981
3420.7041511189,3891.89478843697
4388.59921882763,3200.87742137725
5835.48043777291,6174.99643031914
3962.6984813125,3494.86795814248
3481.99893737739,819.911534266091
3452.07713714519,5790.87049090603
3918.46370180751,3141.20408822374
4016.63375022623,1615.49910228148
4647.76830279676,6481.60369923645
4290.43264327633,5820.13884002418
3625.53734343986,5718.92166978876
3966.39091376973,6233.81728728474
3813.01591281625,4617.57909761634
3401.78688473059,7785.94850648307
3952.12079311586,5133.9521713626
2614.11100697557,3612.62342013646
4515.59289253803,1891.07630138725
4625.3330085239,6446.65217553226
4280.57947448223,6924.77756888546
4051.22551349878,2885.12019909088
4030.73074956193,5958.4674785907
3675.5364722017,5323.25897053702
3158.14074578603,1715.46620667836
3734.84026966047,5183.33912765746
4062.4109819856,2277.98674263438
3873.56171399474,5777.11712383675
4056.55310632793,1337.19406394545
3601.12260385209,5671.86464593208
5281.30587537972,4990.50909852389
1831.74414257308,35.9744939734415
4848.26546019939,6832.5963925287
4323.36816357802,6142.54524971966
3812.95144847067,5206.18557406443
3890.12488083715,5668.73889990975
4445.58299152945,2417.16764596118
4263.06835209474,4628.54753999637
3243.52041779258,4768.2969722094
4637.16642558363,6368.90600891091
4209.96756185116,3257.70916723773
4486.8280159914,5656.29300127946
4560.73641658208,6099.52353353222
4451.91444911185,4967.37849338762
4489.28812913279,5738.58528471439
3950.9645858285,6330.20375912202
4319.86532243635,6309.57391994572
4780.28458099011,5404.4712816585
3453.60171588444,5150.37671505838
4063.53421596367,6366.57607647273
3868.36431528058,5924.25468301164
4006.05421955788,5083.54275106855
3933.21849965773,6396.07192171643
4127.05725764338,5941.53128004007
4493.41104198269,6948.02149922924
4693.8560340836,5346.44623827705
3064.24363186817,5606.50813819252
4679.41172802763,6353.73227105036
4093.03441081266,5586.78786066313
4423.94146681798,5552.7454757506
3885.40723845524,5323.37271859979
4132.42621127735,3271.29191221286
4759.88703125018,2238.31826859481
3691.06994642204,3652.29189417602
4328.60969842621,3953.32973657006
3031.23345683879,2382.89818777836
3185.88805218466,1146.0689871877
2942.53998041421,1046.04511447324
4056.27387011773,5456.75648785015
2836.67513692901,2643.13070978799
4481.21789061121,6303.54950117136
3342.38038318857,1753.99804580072
4017.25458808467,2627.04741028052
4275.57716486584,6280.24848536856
3921.04415561585,2822.15070924851
5118.91478140227,7683.70887224846
8393.51778553128,662.08979715429
3870.7363963558,2434.67195054278
4224.40472589191,5522.79506111108
4541.10967222533,4818.7068153587
3625.29201055287,124.120527838784
4473.19929652828,5639.35722558408
3254.64361158954,3644.50586042209
4423.15652754373,4859.56858691923
3532.96308300058,2358.34678899558
4334.22012494882,3849.4980523119
3723.99445693106,3490.88973593225
3934.8442765017,4001.86421667701
3593.83811413263,3589.60656306296
2897.09489257065,1741.32465104488
3609.16224067392,3569.09047194943
3959.52212889428,6438.63864565278
3999.29596649588,4495.16377074601
4683.27653278312,5084.79271119328
3820.81627328484,2707.23683454756
8266.19670670443,2297.7643170504
3919.22807065928,6626.80838705474
3998.817050079,6004.84201407075
4026.13531085389,5244.66075058302
4593.88358865119,3625.29681489229
4159.68996475304,2870.79872599061
3864.15096980644,5295.86598446122
5407.63472322879,6212.61870779458
3767.3447389044,3492.253866975
4875.6270204537,3726.62773319049
3357.26000571584,4245.95656514779
3708.91171608667,5817.5247488567
4082.69049248977,5011.76391776256
4220.46665027488,2713.09063122777
3610.13225335625,4548.35811572932
4206.12472253974,6396.24233238296
4336.29930112679,6134.53214269543
3692.17675125779,5845.54271499487
4181.37431444165,5857.6477922921
4581.13821375251,5324.05436126592
4293.43738069674,5300.29877606728
4060.80067534224,6268.31381873786
3395.69030742282,6528.71696284164
3878.29933564263,3573.12535676342
3685.35130732941,4826.71992238292
2911.2315074251,545.8688768696
3769.7532088358,2727.29856769289
3699.51739046262,5058.877604223
3704.47499210977,4565.63513561301
4697.80204563193,7663.41943154996
4320.6897428524,2317.31439534088
4212.85257544872,7031.96207243623
4578.31068865656,6111.57194822569
4366.79909443134,4130.19021425893
4677.84923140139,4663.10115690849
3801.38146165183,6221.59846192474
4289.44719900893,5863.61512560745
4951.61325099778,4715.84135535122
3223.79288682536,1742.80221300896
4143.30302315346,4635.99275241724
4742.98983599071,6661.47575202963
4096.78317764665,4581.54802445395
2980.78761352185,363.666336640724
3551.36614932426,4667.19312718149
4725.09540963773,4852.01004929084
3856.9720032246,5863.61512560745
3993.53026565461,5309.16478213467
4732.19973142429,7022.86899309855
3898.99837723802,3315.84795868196
3992.60657627043,6973.65287032547
4419.76025830256,5257.39080794262
4545.68457321136,4936.51893995643
3738.35253199595,5861.73976256511
4047.54315052873,5143.89772688818
3571.08606519134,4834.67636680339
4096.46302230057,3657.74799549178
3829.37232793549,1635.2196969523
4056.59368049794,4956.63712427789
4593.75930173102,4461.63304068833
1499.01028713107,2426.43134739301
3280.41069003076,1403.63043828465
4340.32452864302,4606.66731784008
4149.02558123426,6657.38420461188
4394.81291280817,4736.41410906851
4292.47084654777,5414.36017458033
4564.36640763707,5277.16817093102
4316.30081031566,6595.38051616494
4019.54936535683,4074.04053391983
4015.85749213833,5749.89497128272
3649.66808756307,4446.06097318045
3465.99371072149,3440.82113697126
3919.63880492458,4117.28932337755
4028.56393562927,5352.1294128631
3833.10711659038,2758.32874321824
3762.3994199675,5218.12024069513
3829.68134781839,4998.40845748534
3877.41982901526,4688.95960127501
4083.41972388571,4265.22227328134
4469.48170566622,5387.99007535896
4633.67514345263,4252.20805719244
3300.00789969846,6776.16255346029
4794.8145667139,3130.86083733371
3084.46962153321,1563.83908757983
5278.58147622374,5633.95820972734
3706.01113868625,3093.35188506579
4360.05254631897,3158.02632728397
4214.8509736499,5123.94995323325
3740.41700714795,1666.9887063166
4127.55560263516,5010.74103090812
4230.79258513188,5131.62223892442
4081.89128466434,809.05668137812
4896.52251799961,4440.49154665718
3523.07422604676,1058.37758218221
2184.17891059982,1950.63588647799
3910.72592516755,2023.21011051288
4570.1739938019,6496.83452255601
3065.93760091761,4207.70846189948
3487.29856718514,6275.98610442902
2255.92992137993,1421.98700762653
4096.26651938004,6031.60959722894
4486.85323788175,5054.33106455416
8349.40504157581,899.191819741466
4677.47077870267,6130.61058308895
4192.72501738578,5088.03220527838
4447.52177346783,4798.24738684892
3814.28518349756,5422.20287093802
4060.10182429013,183.396033485578
1589.19184540541,1329.86281101498
4205.10429125679,5716.87547322463
3693.43641315252,5234.82852026496
4083.05475815474,6720.46744251702
4655.26120367242,4914.75246586291
2119.8158888382,680.730630939291
4469.27692252057,2800.49777179014
8473.83084961009,1332.704398308
4485.29024141122,1271.78078788832
5048.82127238757,4554.60960777398
4540.32538467131,5620.54566399111
4103.93458484464,4889.91690835083
4123.69038146085,1839.7004454149
3567.53918667354,2890.97399577108
3592.57201422438,1580.37716791075
3584.70635834744,3729.64015400529
4174.61780295164,3483.84264173107
4210.52785808527,4611.32760557169
4547.58255565719,5799.22484211857
4485.30079455947,6159.3106147485
2397.93933665632,2994.63505793508
2779.04199241588,1956.20552442889
4952.98573261011,5933.97274241168
4418.96302927277,5543.93655514223
3837.07867329314,5611.85049144551
3751.40244328623,3918.94653032446
3854.40386941917,6804.12343413945
3559.84130928596,1711.99942789534
2648.15017357132,2201.49117042064
3876.80393410956,4640.141385294
4357.3213527288,5170.09741544302
4043.9394486967,5628.55919387059
4403.26928123762,4446.79970130559
8081.89978878546,5714.82969951576
4053.43203533161,5208.2313477733
4633.70747521518,5256.31125848442
4211.11047402198,4401.78887401303
4596.57176474451,6203.63937651968
4235.95052376897,5219.37062367511
3578.33260195377,5795.41703057487
4286.95697664144,6285.363342496
4771.35005141954,5391.85497236168
4074.22102305977,7238.65879384661
3692.44912721931,6951.37474137711
4071.50675646852,5200.61614754115
5720.82969226768,6650.50730964961
4286.22303603753,4763.01170441542
4310.65175104029,6473.4764212942
4070.23183386432,3392.68456365638
8562.30847490931,2814.81945631803
3832.14212687771,5906.69350439865
4613.11577788338,5071.89224316715
3946.51719222153,4557.11037373394
4879.2623147157,5017.22001907832
3806.45625635668,5743.87055250836
4418.9249999734,6022.34610722473
3826.35530309984,6654.65594252638
3869.55287027787,3856.65910600347
4306.54405577094,5243.01246081097
4555.78857267646,4556.82621500464
4206.52728565259,5386.45595650493
4014.2635317142,5005.79658444721
3760.68543869075,2661.31686846334
3833.56420497471,1852.82840956657
4146.65156092309,6485.52483598768
4041.14003627705,5337.35315893937
4630.61696731135,5432.48967065192
4262.7880476522,5094.45410798956
8291.82724487642,2251.84413953856
8228.4877395097,5555.18915625156
4154.22238636288,5108.43497118439
4383.21891198985,7393.92363096375
4202.11727223742,6096.11362878059
3164.24870848052,6329.74918972619
3652.6138119829,4406.96081659949
7976.51345122974,5207.20846091886
3823.07152145979,5827.41321892327
3595.3019444695,894.758922421586
7946.87570418621,1376.40796858919
3667.88203764378,5656.12259061293
2345.9011414935,2121.13112405944
3731.56137039196,5515.52068221199
8272.52030624085,2046.39737825291
8126.62164670538,1910.1718102819
2014.28157386797,5693.63154288084
3570.66943308686,4633.77614518658
4075.97512244627,2786.40358338779
3458.24446893416,2661.82831189056
5015.72067632579,6444.15140957229
4112.09527064039,4431.17097119395
3619.69778943628,5541.15163045297
3675.18722525437,5113.43608024906
3055.62015222594,1037.06567748453
4900.85572506153,6012.96886915775
4136.8610828997,5398.04937894732
4170.30232083366,5989.55410529218
4202.28231726414,5716.30715576603
4198.45639791411,2999.69304103114
5575.02153714912,4317.2804062027
4284.0088788952,5476.13636690172
4073.32856275519,1233.02145264042
3958.08737867431,5069.44813981095
3654.07480039192,6670.91007555562
4032.43581577877,3694.80195550862
4160.76036252859,5601.56411458686
3796.58388279024,1520.19228561621
3439.90307122982,788.199451790085
3647.17188617632,1874.59509508771
3849.45458597401,4553.70046898231
3989.60061715732,4854.16957106249
4445.85037388225,4750.73579359641
4044.21145388732,5855.37452245768
3870.83726739488,2316.57545578812
4590.5921075601,6076.62042452149
8036.64705556544,3074.93823026489
8181.12203303819,6246.54734464434
4099.58888430111,5472.78312475385
4292.38707634249,634.071778159215
4028.23270300895,3674.11545372855
4645.79530134134,5789.96135211437
4231.50295287437,6703.19042263333
3554.76709740696,4172.01821007015
3760.54120421903,5174.07563765325
3499.07849513341,4962.26363626018
3582.89203385881,4272.72414830598
6030.02071820546,3304.36807287472
4349.82790543533,4999.54509240255
8382.01439909565,1860.33028459121
3361.16217334393,1515.92990467667
7963.87418380428,4958.62623538301
4785.71896275212,6157.60566237268
3643.23355699946,4868.43459298662
4236.91506299336,2299.07136263414
3775.61245066213,5489.77598590824
2887.04707579958,629.582059664856
4314.6866277549,4293.41107294129
4051.06971641703,5459.82557126871
4721.3561000465,8826.19695185547
3317.73721670449,4030.28008960725
3829.82569674959,6073.0967717071
4823.25549825228,4791.99589480427
7489.9729524741,3322.32694685215
4220.02833490139,4520.85138159075
3311.95956483106,882.710613441926
4074.1699244957,2907.17104334132
2858.38327317715,3797.83824903787
2266.04035475938,2816.86544145454
4204.93782808161,6264.2222713201
3382.71660427445,2526.39834607608
4351.306220741,4044.65843673891
3614.70271813829,4917.76446382247
3537.28963059661,5590.14067995575
3323.45378543361,1230.06622299844
3291.92958035674,1153.05920735748
4130.38236263666,6037.74776406607
4478.31740569692,6362.3136955332
3300.91104405336,6749.56495811338
3908.00535615345,7024.7443561409
3925.89917281475,5637.59518774926
4385.67872319653,6084.46312087919
2098.65061572401,122.529244240381
4016.02066993131,5664.19236024091
4642.93774231229,5304.95906379889
4762.44219356105,6256.77705889923
8255.73881575582,4508.57589362698
3822.58197501603,3437.63851691755
3190.00779151853,4025.05148441704
4136.38431429489,5978.13109351633
4292.90082355408,6456.88188978714
4487.32123047865,6918.69648750734
4538.63547499095,4997.38557063091
8336.74409822084,1023.48282679558
4870.83742093779,4770.34274591827
3961.03961264399,3915.47996296908
5036.37127038455,3789.5976458881
3834.25923254648,3937.24643706259
4260.19769543464,4185.14659707707
4379.48909414888,6943.58870762318
4114.21242178278,4682.36728789729
1855.3505748479,2565.49850265704
5443.23590331106,7623.80804296941
4623.57548486226,4717.94379166386
3920.74363681434,4123.99538481804
3439.34838961305,5154.75284406069
4007.81449468812,3578.06980322433
6307.39762198282,5710.62398117998
3837.71360031894,3672.35341589372
4120.24288561273,4031.30297646169
3428.40020597097,4414.40560616511
4585.6499099889,4168.49455725575
3957.63675831182,4584.50293695449
4285.62107703244,3717.08008445698
3669.61470446609,2694.16553299965
3826.85990532658,2424.10120352721
4105.27863012825,4168.38123204823
3079.00153236867,721.024349325756
3816.98929339831,5350.82236727936
3899.22143593015,5233.97604407705
4484.24701579064,5617.81782476086
3994.62807684007,4021.12992481056
4655.34037920184,4852.6350293532
4011.05496970407,6358.7900427188
7481.71780793091,526.943937212203
8358.15475094437,1243.25116689531
3982.84392469742,3741.46107257322
4188.33045296152,6973.87994359576
4144.42342352194,7235.24888909498
2763.1601526668,1797.98577481121
4456.31728517571,6211.42541027361
4269.86652815911,4390.02504090412
3460.70211492513,4469.47573704602
3451.13971478915,5191.57973080723
7720.96475587586,1184.65770034144
1494.44480229726,2072.59685538011
2187.50083891225,1988.82690426729
4608.09666254267,5075.01798918948
4891.62477469452,6141.92026965729
4236.44250745581,2693.25639420798
5098.21247493057,7090.8966774646
3291.22499456905,1878.28915856865
3698.81910870254,5079.84868758762
3458.57449720548,4788.87014878194
4798.62660948622,5610.25928713247
4238.49074042981,1639.99362703287
3804.11985296431,6280.93055088994
3162.84577273452,1350.26536549336
7984.42417250376,1063.0377642
4099.43208502446,6961.20654883993
3540.6301629399,5248.80938345979
2106.22210339992,4783.01614067411
3131.96795137817,1444.32190489246
3528.32890252488,4705.09998624149
4188.21917410418,6074.68839887539
4720.82267806403,6484.61569719601
3841.27349437333,6026.09725616468
3608.92377107836,2767.99014001452
4544.21004127305,7850.85086768204
3910.67007695361,5722.04741581109
3348.6823577017,925.163906456945
3750.05824454644,5348.26493871563
3705.0859055321,2616.41978923356
6886.12766614436,465.906631586662
4455.13349871065,5854.408298207
3328.72495018838,3697.30272146858
3426.29517562109,2383.86420060141
3832.47201681745,3396.4355011687
3420.60035359025,6883.11956088552
4614.79390444618,1862.20564763355
3480.41188430515,2727.01440896359
2748.08192908134,167.312654692752
4611.96053553283,2637.73169393124
4390.05357756602,2201.49117042064
3205.57880831902,3720.26291593831
4447.28856538587,4935.78021183129
4593.56408177298,4391.95706655022
3491.76072588282,1261.66471598239
4495.12457843371,5567.12382288226
4188.89148602905,5284.38588722635
3673.59421782771,6931.71070359623
3074.53472010272,4457.76814368561
5686.71935235263,5939.54216893496
6645.99918663964,1100.54671646792
5033.26679785834,9638.32260020178
3858.71140289318,5943.5774766042
3979.58209308519,4034.42872248402
3880.99488064936,5133.44093936301
4176.09889878254,4650.88275440374
3548.97212519036,4682.99226795966
3733.48309737093,3498.6188956548
3766.42536101513,4652.07605192471
4401.53396744763,5537.0029975762
4799.11881151241,6319.46239001229
7830.09147080057,4424.52157235723
4731.058331648,4674.58125414336
4129.32351825709,3816.81979844212
3117.59355106747,1163.5163120241
3522.7047724991,912.831438747982
4569.93116174738,4401.95970753482
4773.54106221905,5540.01499553576
7160.03326544617,658.793587608526
4439.79193682148,3663.31742201506
3219.39946265687,2397.10612424348
2244.43322377266,451.471357566718
3917.97222757734,2839.42751770457
3032.72694740541,6970.0154694483
7159.12823024466,966.878471346828
4543.18477080405,7706.72572932196
3726.22588311879,5802.12309201536
3546.55823306173,3449.00486608965
5523.70203937891,4645.71081181728
3709.16622589739,5528.02366630129
4037.41273616115,2907.17104334132
4229.43661168039,5436.80871419522
3774.55380643821,4466.86122302329
4515.88275215881,6541.27660953471
3947.95988209671,7233.54393671916
4082.86656649568,4136.04379951151
4607.66520991736,3884.50666147511
4246.3950378335,4014.65135949562
3819.59925533983,1093.44274823536
4057.62098209351,3198.60415154283
3509.88960505678,3023.33508959462
2371.45349400678,1822.08260419815
3987.71829064428,6471.2602369188
3243.85168794399,3771.41148721275
4220.31503201263,4311.42639809487
3319.79338309527,3259.81202640562
3723.76307576506,1734.39109347885
2920.05840165895,4133.25887482225
3543.62445514817,5972.84582572235
1355.91671318651,3229.8616117661
3741.26467593129,1452.39199166189
2838.68482549248,1833.27833127609
3961.34110336561,4395.48071936462
4509.05064690342,4699.13265292614
3682.12114639678,5138.10122709461
4059.34945832886,3973.10709955846
4382.16466133551,4524.43211986416
3652.19874533921,5952.55680787911
3914.37140147411,4372.63427295766
4177.33010543398,2838.23400875598
3627.27386520896,2608.91791420893
4011.1992883287,5757.56725697389
3753.26376051074,3042.37372445789
3545.88617438565,6408.57490580573
3580.39992462178,4357.85801903393
3970.91705280129,5301.4354109845
8780.04363996533,5971.25462140931
3682.43784027575,5692.43782250462
3286.08313439802,2193.19390466711
4441.40955218626,5525.12541640451
3799.17521521432,3601.31373356812
3482.48822208842,4919.92398559412
4927.18378502207,5849.57759980886
4626.37056037172,4473.56770731903
5114.19611261494,1722.05862576989
4748.15434685709,6625.55842693001
8778.45659698069,3129.04213689512
7631.73629358568,3013.67369279834
2745.2388615415,2534.52520116308
9074.12264947934,2344.19572656184
3802.12694784749,4818.42265662939
3130.46026730841,2603.00745492496
4410.01217174556,6015.86754190979
3756.4026079535,3829.89109999004
4944.52307036742,4242.48957493715
3690.71534921937,2905.1819322362
2689.63144334321,2987.87212246321
4367.31630235694,4885.88160068159
3701.91244694317,4205.83309885714
4347.81422528389,6067.12943839174
2876.58493147307,1992.35034565406
4097.96717998512,3107.90064286397
4466.48889033998,3818.41100275517
1623.84104276488,950.851940156934
4632.92537821449,4841.15535497359
5109.94457241563,6540.08331201374
4009.87481756342,3739.35821340534
2326.5922415146,4443.78770334603
4198.63449220692,5017.39042974485
4377.94668798847,4073.35846839845
3918.72167503716,4274.65659680733
4784.66917596861,4506.92760385493
3767.35479803125,2820.04785008062
4241.64243249475,6842.76902132458
8642.40293150446,1029.16600138163
4801.16468732285,5946.93029589682
3623.39577492815,1123.10889843177
3764.05072072646,5847.87264743305
3684.85008043801,3682.92437433693
4007.31116283703,4713.45433745403
2592.39112596219,4017.20878805934
4450.6858990969,4291.13780310687
4942.88746058252,6407.26743736674
3992.61960371195,6374.2483621639
3886.23073306292,4513.74741335819
4462.67084765306,5760.46550687067
4426.83160737766,5126.73487792252
8043.50993241822,2885.12019909088
7987.43713216257,1083.15615994909
3604.72913402285,5143.44315749235
3888.54582669439,4915.20703525875
4036.93760151616,5434.8196030901
8107.6732408453,2346.98043982348
3829.78255156803,4405.99459234881
4530.85692466512,6455.40401068162
4216.37687332157,5956.3075339638
3733.56960237567,4944.53204698066
3930.88568023032,4561.71357600654
4655.52152075036,4919.35566813551
2651.27062555535,2685.12932769336
4316.05740807848,6851.52127932919
4207.36112954796,5797.91779653483
2721.42826471868,2355.67582379671
4240.82536992442,7085.04309221202
3849.5557232591,4196.34211272739
3399.67758785123,5013.12804880531
3354.97464333242,3936.28021281191
4366.97996644413,3064.36769467694
3871.9192015365,769.672313210949
3294.74212271298,6419.42960012298
4389.85398094824,5310.30141705188
3687.7950169484,1347.65116861207
4478.2599401903,5513.58823371063
3943.7045502752,4196.85376758223
4238.24645888823,6553.77959362402
2090.02204108358,604.462396280378
3969.64756220054,1133.05445395736
4011.90586580491,4318.41704111991
3807.16615540182,2816.80856742315
8638.17289893069,2380.85220264185
2604.96765736641,1684.54967350197
4413.86587593901,5012.38932068017
4330.33902870923,5726.59395547993
4993.07788453233,5430.5005595468
4688.94519825156,5921.98141317722
3875.81188236612,5403.67589092961
4877.56077203742,6186.93109694984
4450.07263969832,7046.73832635995
2548.15776133854,984.212153834275
3730.02116082427,1943.98669906889
4279.55063847011,4731.01509321177
3914.15383105661,6259.16407679642
1449.34469196255,206.697049288376
4143.21652668299,6119.58547810517
7866.56502193089,1167.94910363017
3271.58400833672,4170.59741642364
3118.67863963289,3372.45241984453
4001.43280526851,5610.31594973622
4392.74000379272,2973.09586853948
3896.66888400838,1128.73530470025
3729.91878407022,5673.39918764136
3572.08104453256,2457.40464888698
3570.99736909665,2795.61019936061
3491.02857230212,5823.83290350511
4387.89162156593,7306.1185836093
4088.29709241743,4948.22611046159
3685.63236020782,4243.05789239575
5029.57483111354,6066.67486899591
4315.33970147893,693.801932487202
7992.74230507935,67.8002716553126
4291.53056304152,6537.12797665795
3546.64570851002,6666.98851594915
4870.35724176006,4359.44922334697
1995.46767495693,1485.63856299027
3913.45585669909,6430.00013571093
4048.34930301359,2886.42745610224
4259.47650570998,4079.43954977657
4073.30117870281,5127.30319538112
3781.82849180989,7004.05785436083
4986.33219722025,6202.44607899871
4182.81835902591,6088.38468048567
3399.43035331766,664.022087084928
3961.5819081444,5287.73912937422
3599.76176108238,4906.22770398384
3842.33642817301,5902.14696472981
4757.5378078325,5618.3294796157
1656.51031041037,1736.891753725
4629.68809256267,4581.66134966147
3951.90690689903,5253.24217506585
3510.15520029275,5390.49084131892
3548.74655519641,6220.46182700753
4828.69661276779,5664.76067769952
4757.52375467665,3813.75113787881
3708.45233637137,1278.60059739158
4682.6265962151,3642.40342410945
4225.93256377393,3766.06913395976
3976.4761902635,7295.54804802136
2672.72297643567,1128.5647883199
4245.3234454025,5011.87766582533
4163.43631643423,5115.19769522864
3654.79666213374,3461.56472421034
3509.67086427526,4824.84455934058
6570.94354331399,1707.96433165372
3851.85176955758,4521.6471951749
4721.2375944815,5334.68198231288
4715.16289510661,9262.778930982
2948.06310023706,596.335488336473
4284.67250800018,5969.20842484518
4692.9473048905,6196.08083889128
4737.12574763342,5072.06265383368
3292.47587486786,2835.50616952572
8283.79586944883,3403.76675409918
4186.85924045351,5269.21172651055
3327.5316306676,4858.37528939826
4357.00623055863,6321.56524918018
3237.76281883129,5583.3208704525
3320.04317140076,1293.60413601322
8458.6434566439,2729.51496349592
1893.42881492121,3221.90516734563
3760.8875948948,5421.86204960496
3964.71936813505,5820.08217742042
3483.65769352749,4608.25894500837
3680.16727520051,5453.85823795336
3952.46939982763,3138.4193749621
4082.54361898136,5972.50458153404
2968.54571891192,542.458972117971
4301.27494603784,5730.11718543907
4722.57161464029,5106.16170134997
4340.78734639844,646.120087138875
4234.34654561755,5095.47741769925
3703.01843578248,4946.1232512937
1771.57164064013,2071.40334643152
3883.48785210717,6592.65267693469
4003.39520211207,5080.92823704582
4237.5653893549,6231.03236259548
4052.50307675763,8661.38488886006
3854.77696386443,3007.47907478507
4078.90570545081,5527.85325563476
7432.9758141104,2228.65687179853
4030.43954121587,4277.89566803718
4436.32365739352,6868.6274656911
3472.54061597874,3264.07440734516
3639.17825339803,3337.38735950518
1790.48653365172,1409.82505629791
4369.09171149261,5143.61356815888
4245.41910899046,4103.42220824549
3329.07781685296,131.394986023235
2872.91352645531,1017.00405005301
3040.71288184123,2751.16790095429
3895.51032305571,915.161582613787
3836.80615234805,3097.95508733839
3290.42345677729,6450.28915355418
4851.49285068407,6974.22118778408
3864.29872956271,3597.90382881649
4044.30147336934,3742.99561428251
8316.58420585828,6576.85353615652
4599.31593252436,5453.00576176546
4519.58917773574,6284.2837930378
3616.68384841506,5193.56884191235
4571.91654250844,7244.51280195444
3944.37848527566,6306.67524719368
3163.65758043724,856.795347900926
3798.33473510331,3111.19701098046
4286.55235540355,4736.5849425903
3682.29591969382,4068.98233939614
8702.99112092512,1215.85828653332
3217.76118278248,6276.83858061693
3707.96376109748,6665.51105969888
4563.97380882008,4938.62179912432
4058.59849596605,3396.54903780385
4310.38785026848,5371.28179578913
8632.91209405666,2520.03310596865
4169.05789771671,6219.15435856854
3702.52868124246,1416.53122345221
7266.77397550646,1486.71842958991
4774.68459533045,6713.19264076267
2522.4779507565,401.11844130571
3310.45903274372,5408.39284126498
3423.43045493918,775.58282535182
4731.72928303022,6002.45499617356
3651.01171706358,6969.33340392692
4803.06197579175,4587.17411358098
4373.61933603511,6637.20893483141
4468.26347590192,6931.82445165901
3787.88238705009,1282.63558791939
3665.17798365283,2805.44221825105
3792.27873749353,3055.50190003718
4177.49342631403,2892.6789481469
3620.84355598284,2397.56069363931
4201.96112840716,4186.22614653527
4218.43872023579,4947.77154106575
3730.51514639334,4278.97564035063
3710.53840441665,3437.01332542756
3727.12219469554,5857.13613743726
3840.36881612154,5015.40131863973
3207.28851927094,2932.34742218646
4039.15994243456,6329.97626299648
4582.12335632874,6930.34699540873
4549.58061285857,5697.04144763247
3123.71024844296,5301.83331777657
3513.33142806737,2695.5296640424
3805.94645529202,3858.93237583789
3794.39261656253,5153.38871301793
4227.74370352215,4437.53621130138
3249.55267606106,4496.52747893351
4407.43485532435,5749.72413776094
3824.36921955226,3075.73404384904
4400.78134539442,3431.61430957082
2513.03733080878,1961.3770441601
2790.89961452782,5033.41706664855
2795.9833416383,976.53986814311
3635.84248793844,5110.70824101881
4321.26568466739,5554.84833491849
3257.00938925223,979.097296706832
4396.26488726312,5361.56331353384
4532.47972274043,6282.69258872476
4805.91636957728,6362.19994747043
4234.52735969922,6586.4578474938
2181.4903120482,5364.46198628587
8767.16171808278,5149.52423887047
7100.30815032656,131.96330348184
4320.06267489807,6397.89019929976
7528.80337404349,8147.96672761435
3457.32722458615,7229.28155577963
3652.65984956046,4239.81839831066
8239.48203813399,1664.31763540392
4021.70905393646,3896.72548683512
4013.31002602662,1244.61519222425
3187.51495493459,2654.09915216801
4548.42142961906,6378.11283631136
3091.87355126463,3488.4460554313
4498.42238383919,4940.89506895874
4399.15419161576,6828.39067419293
4820.01283183049,4707.20284540938
4515.81014998227,3942.30420873102
2924.05962196291,4404.63046130606
8525.7833080837,2210.01593229971
4634.58851966352,6595.77842295702
3435.54099838593,3490.2078818385
4781.18720115703,6328.21464801691
4070.72255342374,3671.78509843512
4385.09362298279,3366.59883459195
4749.7888723241,6480.2395681937
4134.57520504289,3763.11379860397
4607.31778271888,4730.33345054564
3984.8401231736,5053.25109224071
3227.98279683333,2921.49251644159
4158.35554742457,2467.52061507909
4182.96231993663,5142.30652257514
3070.98372853954,2243.09209296157
3319.89832571401,4696.68897242519
4188.20517519305,4955.55757481969
4043.76480361337,6281.78302707784
4608.72505776842,6918.07108458972
4222.83799260043,3310.90372364867
4457.83003790486,4898.9529022295
4187.68696225354,7201.14984157869
4262.235679454,5090.0213163835
4610.37287464566,6792.07544230123
3405.5915306198,1372.6002627593
4450.10022721793,5530.12652546918
3921.13876868129,5337.01233760631
4004.65451624192,3014.24201025695
2998.76742831313,2871.19642135506
3882.23738367452,4682.76519468937
4326.30473516655,4028.74554789797
7774.96849790313,3659.68002113789
3339.71132969949,3445.0835179108
3463.8060179686,3686.05012035925
5184.95964498921,5871.40115936139
4346.99625594851,2449.95964789373
3670.51290132397,1210.57291302553
4181.20653867511,3971.91380203749
4100.48999636042,5033.30331858578
3313.25995477146,7106.18416338792
3702.10705447586,5941.92918683215
4292.33784817457,6065.87947826701
5459.22742615781,5086.7818222984
3786.03460711951,1227.05411932507
4199.39058760979,6400.33430265596
4822.07034483407,6960.52448331855
5383.18867096049,5743.92763796737
3874.37886884507,2892.39478941759
3875.77031528003,4601.49579810888
4205.03607285271,7414.43972207729
4420.24187877296,2768.44470941035
4163.01591323934,2199.33164864899
4922.07611649284,6217.3360809852
2517.39516263714,1884.99522000913
3106.8628570082,2798.28137598711
3060.38321658465,1407.8359451928
3660.28869770665,4383.60271533768
4041.05257781804,3797.04243545373
3859.99019205425,5531.71772978223
4076.20628386096,4530.74027451257
4716.17985174934,5809.85246316553
4049.22275586159,7697.68931258804
4354.76552027741,5571.04538248873
4244.30078637902,6839.70036076126
4422.2373769282,3993.1119586724
3475.49958288467,5099.79646124255
3859.1618199142,5915.21826627772
3858.89686092968,4474.47684611069
3595.71985811447,5684.93594747999
4194.47428908087,6239.89794580761
3786.46741388995,7152.61620718224
5115.73961249361,5750.34954067856
1773.2148299464,1354.07307132325
4403.77834461777,6178.5767457373
4148.06513901695,6701.37172219474
4886.44531202028,6437.3882626728
5121.37016542168,7151.53623486879
3406.12883470868,6117.59636700005
4363.70397962449,3502.08567443782
4263.51975257494,6619.47734555189
4163.3979793479,4190.48852747481
3746.96522531997,6447.44756626115
4082.89893697252,7112.49231803633
3622.55671846318,5515.74817833753
3570.9810098829,1177.15593103062
4314.33077411821,5337.18274827284
7634.53307033143,3943.83875044031
2608.76047315723,544.277619699651
6392.46126447134,5760.29509620414
4307.93892277342,4979.65398135138
3565.44265720421,4857.74988648065
4473.98669900176,3760.95427683232
3865.85951455995,7539.24206684481
3977.51590633337,6473.59016935697
2843.4062945603,2518.89647105144
6935.42860736192,4925.55049757641
4190.1869204266,1458.47307304001
4569.96476722868,4970.44757680619
4516.28694318611,3779.93624909182
2083.58520308553,4064.66329585285
3786.63237718241,6133.39550777822
4663.87096761644,5795.3032825121
3874.95577895935,6622.88725030352
4421.29273553385,6582.36630007604
3404.06816807616,6384.02350702295
4732.25362050033,7973.49326782266
3795.60547292601,5434.93335115287
7608.22857255622,6261.32359856807
4236.05049326908,6697.05267865145
3754.01019852774,4895.82715620717
3674.10810692353,3718.50087810349
4152.29620722251,5582.35464620182
4466.90184859129,6479.6712507351
3339.27174812943,1499.96024751817
2985.71888556336,4320.23531870324
3879.34575689943,7244.74029807998
3604.21503410711,1787.69939795256
3416.08930385006,1225.00823990238
3874.44405069251,4959.36538636339
3977.33847541243,2935.98461163601
4830.08280783171,5174.92811384116
3404.22275627074,6513.42947691833
4399.49405675079,3153.47978761513
4287.89481645902,2419.27050512907
4353.56037598472,3887.91656622674
3469.89665022159,4828.93652961358
4656.84441069862,5736.53951100551
3999.11102658442,5259.32325644398
4069.6785059785,2748.09902896335
4470.10787282255,2971.95923362227
8860.76760890266,619.011365506187
3605.15959477253,3586.53747964439
4648.84874039882,6778.54914850223
3939.54325319817,3629.50253322807
4248.80567018705,6119.35798197963
4037.6030730194,5919.59439528003
4075.42738680124,5493.75420811847
4438.92544351807,4892.75849564386
4065.3164701234,6094.57950992656
4971.73804700182,6510.303730896
4425.89290764268,5323.82728799563
4608.16205842459,4368.20148135159
3747.03754350923,1871.412475034
3725.53182451822,2023.15323648149
4208.41544658739,2787.99478770083
4233.29901997723,3823.92376667468
4233.25284076213,1002.28467016067
4076.12643172222,5922.77680390611
3894.75895557221,3818.97932021377
4132.55159018926,3885.24538960025
2927.75083559406,640.607428933171
3899.24773200837,2638.12960072331
3981.38014761156,6967.68553701012
3920.75581812571,5010.45687217882
3753.49323964419,4274.25869001526
8565.75411199883,5140.60157019933
4081.83618511701,2053.84237924615
4106.37697442546,6112.7085831429
8825.47258615349,1364.87110303675
4615.00589987519,7316.68911919725
4212.40887523386,5228.0087107617
4690.1876304703,5507.28007906222
1812.11243121879,4818.990974088
3968.31544553954,5531.14941232362
3424.67941934817,3598.13132494203
8337.46098148056,3317.04146763055
3894.51575382421,4776.93548215124
5521.72640499035,6472.05562764769
4374.17929361418,4101.71725586968
4131.45144757037,5626.91090409854
4566.27524791618,5065.07243366389
3390.48469644075,2781.17497819758
3798.75718462523,5112.98151085323
4160.28187359487,4851.15757310293
2460.91450641381,4556.25789754603
7326.81451353386,2279.80544307296
3793.79236680109,6790.82505932125
4091.51297381398,7129.3718539832
4328.83173501582,8558.69026237437
4041.44318429185,4754.82776386941
5006.59971729465,7262.07398056743
4337.97204461102,5328.08966893516
3998.9301345464,5166.28960389931
8428.13563076078,2495.36817055073
8576.8223447792,4128.88316867519
1947.95041226059,1141.12454072678
4438.06487487122,6349.92445950666
1382.09047445334,1730.12871253931
4387.69652252071,3467.81621625499
3806.1541437824,3174.50753358351
4284.30523706338,6159.19686668573
8176.317592152,3196.16047104188
4943.61462091819,7725.08187580859
3629.78668471643,2268.43909390087
3372.35663296977,1496.43659470377
8647.16164717118,1738.08515695978
3711.76384963399,1317.24618457671
3628.20784021719,572.40933390059
3799.36303144595,2149.26283826038
3432.23692194276,2775.94658443499
5748.76669839017,7179.09963161112
3399.93578192396,1778.15153779142
4143.8909848243,8093.35158898453
4839.69463372764,5931.86988324379
3806.80176525178,5640.72093377158
4517.61650532935,5889.24607384843
4197.07611882862,3519.76038968595
8216.76143673116,6084.97477573404
4472.76999949515,2744.63225018034
4822.50044790132,6072.92636104056
4561.99417237404,6450.23249095042
3847.9424783683,1930.00604730169
3765.4281646747,4653.26934944568
4671.57707203805,4435.31960407072
3794.70968197222,4576.9443993261
4048.44323738503,6741.83600981846
3594.78689340655,1625.72881653637
8995.23473302967,2949.28340930946
4279.99535843975,7069.24352857861
3447.51290083152,3887.06409003883
3435.40291918815,4201.91196210591
4843.17937473555,5601.79118785715
4666.88721998733,4202.70735283481
3763.29190327445,4484.30865357351
4172.27487404646,6555.029976604
4429.42386886222,5693.29029869253
4006.41850925689,3592.95980521083
4286.36166147982,5428.3406149199
3395.30479711573,6832.0280750701
3846.64339295953,6147.83051751363
3485.70368648992,368.838014942646
3773.76399303676,5437.09287292452
3630.42022967471,5122.92706637881
4093.48620226739,4238.90925951899
4068.44626322724,6207.67468418892
4518.56139121615,6659.14581959145
3675.89280515702,4213.67579521483
3956.38278365938,6307.13023944477
4260.49278554252,3938.04182779149
4285.433589963,4392.41163594605
3257.31127725397,4027.94973431382
4326.73445379383,2086.97520251177
4438.97050335376,2907.56873870577
4610.6505983799,5970.91337722099
4148.35224746356,4780.45871211039
3809.16751281162,5744.21179669668
3913.55044619482,4691.80118856803
3879.4922056649,5083.25859233925
3889.81346910099,5759.2722093497
1466.98372863938,2085.44087223011
4825.65896541468,4826.49242625738
4381.69209442746,5231.75985970164
3507.85762443385,22.6758664331552
4063.73831354075,6769.51315462356
4822.99920334455,7032.75788602038
4763.79526417882,4459.75725479073
5117.44727507264,6814.06898966503
3974.52076618592,3225.82651552448
4793.10646128204,4410.59779462141
4438.14673172784,5972.10709759722
3247.00515800373,3583.58256714385
2551.50042847793,3260.38034386423
3984.86191738972,5942.61125235352
4625.07419857646,5257.73205213093
2750.95682390351,4415.14433429025
3913.66461639955,1948.58990134149
3802.62548357643,5108.09372699608
8814.52262005671,4831.26646205176
7927.97487607056,2282.41974566807
4607.94575046038,4009.53650236818
4318.43920607329,4564.10059390373
4390.18524875211,5108.66204445468
4494.2142732714,4687.99379987958
4615.0473120155,1816.3994296121
4135.60431727222,6486.09315344628
2306.30370691099,992.566399333004
4398.49253462995,3816.47897710906
4656.62942420924,5649.64360244273
3903.11963114318,7050.09156850782
3120.87806810795,6358.50588398949
3788.26249982556,6045.13589102794
8775.83799347282,1997.1810440522
2705.93848762922,514.554595471855
4247.5479125992,3048.68209053393
3995.45089627127,5740.97230261158
4270.73506525128,5938.17846074746
4180.34681674821,6118.9034125838
3161.42211129796,3687.41382854675
7932.1516271433,5861.91017323164
3040.57533954735,7956.8987363156
4709.35117640622,5418.39505939432
4037.51040528308,5617.87448736462
3366.82109013917,4843.48528741177
4836.7273944147,7071.1193144762
3030.00710783005,2464.05383629608
4500.40497919357,3032.76920169299
4711.72808836722,7709.22564957141
4176.8382731985,2409.77951899931
3719.63136822424,6016.20836324285
3608.08200668119,6294.85432862575
3799.07574975834,3982.0297682296
3751.36280076235,6310.93762813322
3875.67586468628,4910.37633686061
2643.39511867363,4849.45262072712
3926.40214214129,4356.89179478325
4342.03105628774,5137.30541351047
4726.05218129131,4948.68067985742
4686.71522062008,2155.68495239919
3657.66341903722,4844.05360487037
4083.5510983677,2551.68847298399
3501.60908471581,4447.08386003489
8371.87469377466,1288.03460377613
3879.59840161556,5907.09141119072
4034.56463906455,4674.29709541405
3232.17990086044,5438.57032917479
4123.61693983912,5609.40681094456
4566.4767904836,5311.43805196909
3072.02213543052,3484.35408515829
3249.25830547566,2092.4310923999
3668.33281560807,6331.56789016478
2876.65836146458,5631.0595369753
4293.07025787045,6193.4667477238
3839.23137104194,7059.12756238649
3895.58170413992,6113.90230351912
4743.60392915169,5876.74308975912
4782.31906150952,4717.48922226802
4051.20110014152,3952.30684971562
4593.40473405953,5755.7485565353
4444.33173855244,4788.9268113857
3905.2432620886,649.132190812243
4061.67577659446,4887.52989045364
3856.83326140599,3306.01615121915
4138.61444804756,4132.69055736364
4508.81359780478,6644.99454573009
3978.8122465697,6198.97908878807
5062.14073430162,5184.98741742951
4914.46127981437,4405.48293749397
4398.51140399619,6199.94531303874
2322.92684700659,2430.01166281117
2195.43662948411,5678.28697149851
4523.75706911925,6256.09499337785
4148.25728000286,4229.87284278507
4480.74432016098,939.54235930241
3996.55195862186,5118.66468543928
3737.11603818966,2205.98104748572
3994.54116488494,2053.38780985032
3631.33215575325,1549.17647600506
4132.16603082843,1698.01877612814
3649.68286382205,4719.08042658107
3695.27015417657,5933.12026622377
5042.34623066853,5711.87436415996
5236.53316234253,5319.96281384816
4915.92140510373,7291.00150835252
3776.31654890842,2051.17120261966
2439.91330971379,4103.59304176728
4392.87186746929,4080.1211924427
4710.73308253317,6508.1437862691
3369.0426124701,6691.88073606499
2175.54158939948,4383.09148333809
4516.9177490339,5117.92595731414
2935.03325211565,3681.33317002388
3663.55841413362,5064.44703074628
4453.72046661786,5632.76448935112
4503.86303922033,5713.465568473
3827.56961216464,732.617983195769
8337.9656755138,2761.22699311502
4216.60353772208,5523.13630529939
3961.45591279634,7133.63423492274
6061.82886185767,4987.89458450115
4082.97676428824,6486.03649084252
4896.77302004357,3756.23732649695
3433.66066584538,2875.40213969083
7917.60673921106,3824.09417734122
8423.38802958152,2973.15274257087
4688.07259348591,6685.62924402034
4580.29120637667,6699.7805178817
3520.40037329288,2279.00984091644
3228.02723681695,1529.39900730285
3524.47097078972,7520.65842423263
4115.12678959235,4132.06557730128
3854.14288600369,6682.50349799801
4026.12736107303,5399.07226580176
3859.61084811418,4413.43938191443
4253.14792233149,5837.07461571956
3432.85345101152,3127.10989982139
4037.4728537928,4728.96931950289
7739.41132802282,6441.93480234163
1924.34452054242,2419.04322043115
3784.5821044758,1832.82376188026
3790.7574171616,2546.57361585655
4378.00044773878,6416.41760216343
8604.18809622774,2564.81664856329
2955.19956576387,4909.63760873547
3586.44304413114,3877.45935584631
3646.09282104082,5538.87836061855
4020.75325583505,4740.96064873735
3910.54952612794,1588.56089702914
4105.43801929235,4904.01109675318
3295.59122052304,4637.29979800098
3882.77461971986,5412.14356734967
4572.13445333086,5828.03862184089
3876.56882483883,3643.08506677557
3583.73630366503,5321.44027009844
4104.57750201172,4574.10281203307
3201.23672485,1998.31767896941
4012.34927221295,3976.00577231049
4319.7396764691,4978.63109449695
4327.31304207721,3569.26088261596
3147.50512930447,955.739406872648
2000.07910470166,3417.9746905643
4921.49119538155,6781.39073579525
5001.61638420694,4522.04510196697
4593.36291844553,6760.13591655659
3513.40646326221,301.26505854315
3673.33702671235,4506.13221312603
4569.85788559442,4017.89043072547
7861.87916131201,3584.37795787275
4354.15569892702,4641.56217894052
3833.10873407705,6176.30347590288
4161.92572465722,2789.0178859829
3917.17840538112,5138.61245909421
4713.52906042785,6237.68176143221
3126.62944543308,771.945583045368
3338.27640198088,2332.94312545252
4793.69623664723,4193.61427349713
3995.21024754747,1326.16874753404
3579.3289650273,2824.5377271457
3697.13398061381,3480.035041615
3685.01917431795,6322.58813603462
4658.10251472345,6249.33226933361
3703.81780015381,2284.80655213764
4579.83618969074,7837.04041515374
3777.92893587219,3461.0530693555
2341.54688760414,4064.94745458215
3680.59669747255,6416.98591962203
3558.44244686349,6835.43797982173
3954.72052522074,4998.35179488159
3938.62846229226,5198.28579224772
3380.04200995684,5196.35376660161
3835.04227436931,4717.83046645634
3540.20408588515,2366.1896967809
4684.04479972129,5187.77191926353
3653.55497463541,2253.03764848715
3745.61710922026,2901.0899619632
4006.28629142513,5561.38398569245
3618.8390630561,448.516127924735
4059.07127028554,6567.87420488162
2879.3124535757,1167.32401785399
3543.84455344786,5929.31245468007
3379.40023679766,4260.90322973805
4089.36678680478,5532.57020597013
3561.77370879595,3078.06397628722
3527.88624624018,5987.84915291637
3301.31649106407,4898.1575115006
4195.8853668258,4508.57589362698
3528.65227262881,2042.07812328198
3834.30147752666,6252.06010856386
3369.25789786831,5461.9284304366
4908.05485138338,6474.67014167042
3957.02141816741,5843.21235970144
8035.9950898237,6854.47661468499
4385.87476849183,6053.48981938523
2470.17342259699,4333.76161250224
3968.58923892186,6193.35299966103
3730.79107209117,5252.61719500349
4413.69264395373,5305.12947446543
4048.63922943933,6815.66061683333
3866.32747866664,4902.1923963146
8366.19230443578,3926.78922668216
4232.81108285556,5676.2978603934
3333.86124407074,4626.84258762055
4016.95697214769,3633.93532483414
3279.53244718672,5814.7964867712
4405.91451901771,7134.08838146332
4218.69643042456,6916.30946961014
2840.34848653827,5342.52467867057
4817.22783159722,7949.39728414622
4245.04531529979,6572.64781782075
3634.81943328699,3026.91540501278
3966.36141711485,5353.72061717614
4333.52443783742,6586.91283974488
4311.64552013771,5498.92572784968
3807.77402856568,5138.61245909421
4702.46688425888,5114.00439770767
3552.25435783871,425.726581977609
3662.76495482974,2212.80085698898
4118.24839523481,4698.05268061269
3574.03256499412,5556.7803605646
8333.59490935026,5091.21503675972
5084.91541846758,3136.99858131559
7284.08760816062,2595.73307602587
4009.24386652734,5998.07886717126
4518.93972006549,6112.7085831429
4026.79437053652,5354.23227203099
4052.74605635513,5307.34608169609
3810.80141108233,3113.01549999142
4450.83064875335,8343.12711204135
4063.79752413865,6839.01829523989
4867.23080525077,5387.76300208867
4188.96751535567,5811.44366747858
5018.82268928674,3920.13982784543
4088.6489565402,3960.26329413609
4113.89376414771,5367.3035735789
5198.94949927364,3436.10397520827
3227.74401028899,3157.57175788814
4435.94500284855,5360.19960534634
4174.53550910813,5796.38325482555
3454.16051508008,2647.84766012336
4118.63132643506,5564.73680498507
3694.91453533545,5681.7535388539
8182.46548124121,5973.47080578472
3443.9023797571,4696.06356950757
3600.91490580479,5908.68261550377
3968.94359164021,6923.81134463478
3968.92307113966,5312.34719076076
3999.3574968914,6302.24245558762
4793.14098447254,6518.31683792023
3675.13879075874,4918.44652934385
4941.46326730593,2951.89750047695
3895.44505153691,6693.52902583705
2688.66154539478,1042.52146165884
2508.98249798995,1732.5157304365
3897.42029018132,6933.92731082689
3208.08218434053,2079.3029168206
4602.24387936385,6337.02356862528
3180.54134956047,5560.8723308376
3435.58207747447,390.43407836963
3903.71154047364,6080.7123947945
3985.04515547024,3739.1878027388
4884.05308092836,5395.37820232082
8484.18741077434,920.446956121575
8493.8994425997,2531.2859185056
3001.28194121292,1008.02461306429
4066.77301938944,6415.05347112068
3490.57695259285,3668.94351114209
4499.14953415708,6469.27112581368
3600.22194167564,3044.76074235508
3800.94509266146,5980.97268080935
8582.05301810921,4322.56567399667
4436.92449295772,4932.31322162065
7032.61686140069,3464.74713283643
7595.20481300399,4735.33455961032
3688.0267467217,2723.4338821178
3303.49198251402,6252.85592214801
4240.3146749698,5138.49871103144
3632.81550263431,5238.97757599697
3905.78228280027,1501.66519989398
4060.99415491422,4906.0002078583
1978.11250745838,2661.77143785917
4149.58420621692,5202.94607997933
3337.08914029346,936.473487311469
3797.32304507874,4956.80795779967
4485.9752584643,6742.91598213191
3437.58597378164,3295.78643696426
4171.80231524558,6241.60289818343
4196.47330485619,6769.74022789386
4161.37386030541,3045.44259644883
3511.1549025491,6182.15706115546
5005.20344182044,6416.01969537136
3726.79543832322,6803.38470601431
4262.28278574086,1441.99186674047
4250.00240582885,5741.42687200741
4206.28906273477,3671.61468776859
4668.51719898348,3269.1892644726
3602.43846242806,3263.903785251
3243.44248394928,4928.44874747319
4508.57855531216,3195.76256424981
3997.13198166092,5512.79284298173
4032.7749817523,7282.30591295166
4294.39233173193,2796.97433040337
7415.99714007257,7163.81172283255
3567.66476683204,2415.97413701258
2789.71619679263,21.1982400497157
4334.54228111206,6450.57331228348
4136.57059637729,2172.16615869873
4521.99304381925,5602.302842712
4559.36785720865,5650.60982669341
4491.81118016436,5951.47683556566
4392.79874144891,5904.47732002324
3873.28449408204,1457.67736516968
3556.65254893775,614.066971902181
4168.52627628932,4334.78449935668
4663.66134145617,7098.00022284191
4602.25228823744,6988.03121745713
7407.69441945977,7424.04445626981
3364.51850838984,5111.50363174771
3839.22694727052,3310.73310155452
3914.15335660232,4288.86453327246
3811.604975773,847.815963769114
4394.88775587394,6035.01950198057
4662.22529576172,6866.35419585668
4238.79927472179,3394.44639006358
4102.00012923701,4399.79976290792
4112.00363144678,2055.49045759058
4195.66701998546,6503.93849078857
7223.01946442197,2214.22165063549
3702.03471672418,3057.206852413
3178.72685106962,6050.93239082151
3454.29577902887,5567.29423354879
3462.04390461917,4775.74176177502
4205.23095881036,4504.93849274981
4077.59456182402,5895.44090328932
3638.03319268887,4665.77233353498
4381.55092562711,4961.18366394673
3852.7962505268,2805.89678764689
3958.74706611823,4711.91979574475
3474.37747201359,226.07666405542
2817.5489216239,2542.70893028146
7563.19760955786,3857.39783412861
5178.41531195753,6083.9518888796
3131.60654586814,278.93018770567
4267.82221397178,4862.97849167086
1492.85989111851,2924.61826246391
4085.55621059755,5698.91681067482
3031.76240600449,5086.55474902811
3973.70360767114,5030.85963808483
2927.97494583244,4296.87764029668
3913.06961143728,6698.87137909003
4385.40740013345,4510.5650047321
4758.60176510116,4994.48732073412
3918.8632209438,5531.49023365668
1022.24436348039,1314.91604071091
4104.27524356091,6978.36982066084
3210.808386968,3685.93637229648
3518.38758931664,3435.42212111452
3700.92288968857,4260.56198554973
3929.18484223957,5870.88950450654
4755.31286582602,5705.79328278184
3882.16547644689,5011.82100322157
4028.19568736224,4770.62690464758
2727.75157891935,2003.14837736755
4060.8501109025,6155.90070999687
4713.07939424123,6283.65839012019
4863.45229724678,6324.74808066152
8798.85977336724,4426.16986212928
4292.29700710979,4377.35122329303
4850.02842856022,4532.27481622186
3778.65645400972,6391.52538204759
4014.1773942815,3363.75724729892
4075.88997348481,5985.80337920749
4475.55635005877,7005.59197321486
3945.92977914903,6208.41341231406
3314.18589216847,3825.6287190505
8469.19378334214,935.450494743217
2701.18811626408,1104.58181270954
5123.33734887716,5733.86833437902
4741.11329218169,7610.68007881774
5176.91147759651,4227.48624774313
4222.17036661998,5599.00668602314
3671.42095579618,4513.12243329582
4225.46300402729,5991.42989118978
3619.76502037378,6371.35011226712
4328.26281397423,4315.23420963857
3308.03710207664,5674.64957062134
4648.63712094642,4130.24687686269
4612.96842386934,5246.53611362537
4458.36098777901,4803.64640270567
4238.2463572075,6787.86972396545
4225.95296876092,4619.39779805493
4473.29400858009,4806.99922199829
4168.59729456034,5014.88966378488
4109.59314141844,5414.70099591339
3632.46661194425,6812.30737468546
3372.63608774848,1649.42763341743
4336.56681158566,4243.79662052089
3774.98768217189,4483.11535605254
3878.56821679438,5421.57789087566
3836.25068705444,6281.66927901507
3888.928051693,4430.03433627675
4363.80143908519,5260.28948069466
4147.63701146244,3878.19808397145
4942.1258015814,5636.62896349858
3945.30383334926,4671.68300424657
3332.94504255222,1164.53919887854
4634.38776460707,4781.42493636107
3560.17254475715,4216.57446796687
5162.77626006056,3776.81050306949
4110.20487852865,6315.82541199037
4466.82688775344,6015.4125496587
4215.72672215363,5704.20207846879
4198.26009058273,6643.68750014635
4481.99678548532,3819.83179640168
4413.68844391331,5533.13852342874
4351.58182002822,7345.50247606432
2807.68048698493,69.1642309131186
4661.18469228271,5704.54289980186
4687.95995784056,4732.03840292146
3513.16615547389,6000.35213700568
4495.71120119054,5501.93772580923
3988.37994695024,4774.77553752434
3566.13904823449,4816.88811492011
4817.68227974376,6456.48398299507
4631.45716574534,5961.30906588372
8351.07548016028,5549.16516033244
2892.95427295599,3043.68077004163
1598.59097836246,1411.58688270511
4098.85965901043,2089.24847234619
4155.13852680609,6282.46509259922
3692.00270228512,1902.04474376728
4030.34802505149,5094.28369732303
4690.10542385635,6015.46963511772
3646.35376219776,4556.14414948326
3920.86349818234,4855.70411277177
5641.36232855996,6864.82007700265
2851.78377494286,2117.72121930781
4332.99130217789,4628.15005605954
4457.49368454899,4745.79134713549
4744.68597593145,6687.73210318823
4284.94140327575,5198.45620291425
4444.87467852372,2001.44342499174
3800.53269804603,3670.98970770622
4569.50250141313,4116.15268846034
4528.08700167402,6321.05401718059
4422.05997979436,5868.61623467212
4347.34406656277,5405.26709524265
4027.57739164224,5537.06008303521
3287.58253174699,1461.08726992131
3749.89938908962,4410.31363589211
3766.30592643656,4764.14833933263
3576.20424353757,6237.3976027029
4141.58538363867,7730.59506258336
4142.07025526206,4205.89018431615
4051.49328504902,6219.83642408991
4385.31062760243,4085.86145248776
4237.57843297676,5817.58141146046
4316.3657191589,6878.80051734223
3445.39603280655,3071.81248424257
9014.99084740957,659.248209861266
3730.99312092138,1695.97289670545
2938.6054313081,555.643968871748
2981.93535785837,1610.32747683646
4848.83101259394,2165.51675986201
4546.76359690245,7116.64137376835
4715.61452428991,4872.98113265546
5267.7298252884,5632.02576122598
3006.6672229344,5501.36940835063
4121.73851006908,2249.4004590376
3896.89498347521,3675.42249931229
4300.95765314257,5833.32388963486
4535.31299276146,7472.01061891816
4432.18209349641,6765.53493241333
7133.31040656013,3410.52968957105
3097.07626279566,4299.54881692318
3157.45844964573,2124.76831350899
3962.75109060102,4781.02702956899
4502.19631130245,4446.5726280353
4390.63091121763,4427.47690771302
8145.49293405104,1040.98702566337
3995.83688157124,4231.69154322366
4535.88169477213,4326.48681074789
3132.45700541917,4489.36684809719
4177.82348829593,7017.75413597111
4166.33805270004,3158.70839280535
4225.50767923601,2719.00109051173
4383.20526753658,3902.863230817
3944.63923157979,2032.47360051709
4262.66595115532,5309.22144473843
4498.64124237177,3867.28630419518
4482.27552034521,6115.6639184987
4353.53872805988,5390.66125198545
4058.05728067239,998.192699887666
7383.98882580428,1483.8199682655
3837.05736265426,6048.65912098709
4711.64714037785,4604.10988927636
3968.83807485582,6419.03169333091
4160.63638672494,5833.26680417585
3010.91984565461,1070.65317585978
3556.64253895998,5177.48554240488
8281.89918456832,2325.6685351258
4129.65423074973,1731.83366491513
4226.38272874086,4614.51043705303
4629.5294370579,5258.9253496519
4050.47820124766,4795.57621022243
4808.03156890805,1218.35894677947
5103.08628945894,6175.16684098568
4216.09516569244,4399.74310030416
4377.2277403367,5249.77560771047
3961.72323331745,4205.26478139853
4327.50472806611,4794.21207917968
2949.64403351755,996.374105162894
2839.17752906793,635.037896696081
7370.78215061827,8258.33448550171
4276.09871127774,6791.05213259154
4112.60274205076,5638.22059066687
3892.73796286952,2270.3713309746
3921.72998255602,6677.16156760028
4769.73066107834,8435.19454033534
3961.16715289112,5705.0545546567
3843.66081054316,5275.06573461838
4281.04980794658,5025.46062222809
4237.34614666148,5768.25154062461
4333.63354155698,5350.08363915422
8621.01136466725,2293.38818804809
4322.79236707747,5783.31195327764
4288.22245771506,5483.58115646734
4150.99087299325,4892.41725145554
4386.29190514061,4719.08042658107
3497.94684313668,5586.21954320453
3755.3127374236,3531.58130825388
4133.90925138159,4895.94090426994
3529.05447259446,2904.6136147776
4351.74588661872,1113.39073331792
4696.52845151747,4536.42344909862
4755.99884488574,6710.06689474035
4437.24847652495,4838.08627155502
3796.86313437289,2836.75655250571
3809.07712632359,6736.09617262865
3262.41569808006,2855.45415460828
3955.93650676752,2966.95791312997
4005.95003576926,4908.10306702619
3520.46442467483,6217.96106104757
3958.80805962859,3843.87196318487
7957.78239295162,5671.52382459902
4089.40994314894,5564.33932104824
3733.86023284354,1748.03071248537
3692.31224916384,5968.5263593238
3552.05076932995,6916.76403900598
7897.69855013151,3476.45451476921
3600.47285197598,5728.58306658504
4498.07823824841,5303.14036336031
3883.75818957405,4586.94704031069
4806.33768276936,4909.75093394299
8142.64410535099,6541.44744305649
3617.41987128251,6220.57515221505
3600.73174562543,1190.2840008961
3940.05227098444,1695.00677816858
3982.15425139391,6677.44572632958
4420.93009641956,4270.73503720086
8608.95801104911,699.314590692907
3452.06952578552,2327.88493092883
2513.84656904956,2432.17118458282
3848.21623736085,1295.30908838904
3376.96245839865,5147.93303455743
3980.69080633087,5537.51465243105
2469.61115259775,592.186749745895
3920.11831351016,5370.8272263933
4157.10332195786,4764.60290872847
4297.50421289985,5541.43578918227
4000.87748761093,5823.88956610887
4008.07868332442,4189.9202100162
4123.0744402215,6312.07426305043
4301.95543079923,5729.03763598088
4063.20916819854,5417.31550993612
2798.06300375461,1651.30310217358
4668.41656373026,2843.57636200896
3602.63596487663,362.075026613867
4451.74454154386,6191.3068030969
8392.23082611849,2148.01266670803
4306.24981431244,5603.3823921702
3959.76866098328,4364.84823920372
5708.96779452746,6767.35363285192
3512.68982762769,7075.38169541574
3756.04059353223,5998.64718462986
4000.47063291533,5036.03115781603
3229.61890127747,2227.86126964201
4221.84464312182,6878.63010667569
1565.40389422752,3005.54683771134
4332.26266307023,2058.04788615431
3737.73072984007,3383.42107365218
4507.03967881262,4916.17325950943
3974.02772456943,4165.14173796313
4337.61789346566,1413.57599381023
3338.84133103797,573.943769896061
3780.16311644379,3103.1836925286
4339.30141323999,7359.36959119638
3684.2825533919,4637.81145285583
2508.30066847862,4230.49824570269
4594.05137718853,5551.66550343716
3234.73366739855,6594.81219870634
4661.50926962364,4487.83230638791
4371.38173896453,5948.80608179442
4468.82029582864,6145.50058507545
3635.79638939676,4661.68036326198
3093.62488393514,3724.97986627368
3746.05171583736,5283.47674843468
4390.27728760703,5659.41874730178
4498.39959730752,3365.40532564335
4514.99461168618,6247.34315822849
4390.57126562933,6744.73425971524
4034.61413449531,3282.08994392636
4374.78375563892,6845.38353534731
5006.79378051003,4198.44497189527
3031.34857592044,1023.76698552488
7910.87817843619,3950.77230800634
4271.97895621385,5093.60163180166
3787.4233675438,5687.03880664788
1968.34140429912,5193.51217930859
2696.59911270011,1138.28295343376
4996.86757721816,4494.0271358288
3355.20592455541,2565.04393326121
4273.63362087063,6560.42899246074
9071.31306166018,2132.49747323154
3371.45635986788,5200.33198881184
4140.43152296889,6999.22715596269
4494.59523752061,5171.6319571523
3866.94560812196,5217.26776450722
4356.54072734706,4467.48662594091
3559.26248422131,4437.19538996832
3461.22271576296,1747.46239502676
3990.75127349779,4480.44417942605
3975.58715482241,2053.50134648547
3610.06660524041,2670.01204100895
4691.68030345501,5147.93303455743
3701.67547843676,5921.92432771821
3458.95537870684,5349.4582362366
2347.71810126377,2509.06466358863
4483.31117256407,6152.54789070425
4518.78179921853,5360.14251988732
3933.15049577817,4448.33424301487
3436.67777215053,6798.04277561658
4073.0075712538,3003.15981981415
3925.30678080773,5115.02728456211
3412.2916053663,4007.14948447099
2415.15816377278,1688.47112739463
4434.36397660113,4681.68522237592
3688.98150273096,6761.32921407755
4585.5030683165,5560.64525756731
3695.35706101677,5014.43509438905
3650.86918815712,5673.85375703719
4117.69305922074,3220.20021496982
4015.53227803477,5221.30264932121
3792.78047645616,5507.16633099945
3486.56931333402,2979.12007588622
3882.8019681999,4863.26265040016
5320.88081014543,3066.01577302137
8900.71032806903,6679.88940683053
3590.29609122069,4358.48342195155
4003.33614429601,4117.34598598131
3790.59574491468,6294.28601116715
4305.27425318601,6523.3179469849
8734.84511772477,3777.32173506909
4006.6626903074,3198.7178996056
4428.50913943224,4966.86683853278
4130.67690211371,7326.6913373266
4555.27930350486,5459.82557126871
3825.15604927705,5357.35801805331
2570.62587035481,1881.35803055959
3575.33750270924,4950.95394969184
3495.72077170314,5883.79039538792
4160.19275213722,6871.46905298412
4631.0605254859,3602.90536073641
4486.36213848863,4636.95897666792
3979.57069211102,4274.71325941109
3603.31676332008,3634.44697968898
4482.63863063616,4034.03081569194
3225.35435386783,7084.81559608648
4094.20448058284,6577.64892688542
4358.17453337345,6442.27604652995
4508.62860114738,5622.42102703346
4677.05606191421,1279.28255719914
2898.49873706196,4437.47954869762
3654.29710850793,5366.90566678682
3500.78910620574,6473.98807614905
2860.48024763905,5878.16388340563
3872.37549784617,2545.20969624142
3950.09619290038,1358.9037697214
4952.01165147332,4363.76868974552
8217.29522393236,2344.99132871836
2936.40362580335,699.200948343948
3777.66324541442,3881.55132611932
4755.61767501572,5626.9675667023
4409.10561805922,6121.06293435544
4267.87326816824,5115.82309814625
3927.70518144409,4251.4122436083
2779.38901551316,4883.77916436895
3273.14422016173,2364.08683761301
7568.43368179533,1776.50345944699
8342.45099951998,3684.06100925413
1563.14913373231,2666.03381879871
4607.44389141328,3321.19031193494
2437.80062240615,3674.68377118715
3756.70339055118,6315.48416780206
3123.65065033954,3909.73970292402
3386.94541171289,1203.75310352227
3947.74686592346,4495.05002268324
4328.33373992185,6683.98137710354
4779.41148935218,6617.14699025846
4252.29031883285,5044.44217163234
3607.86006874421,4817.34268431594
4008.72468398095,4919.18525746898
3518.11867886933,3186.7832329749
2964.69935298195,8065.84485484595
4062.78174375024,2179.09950483714
2891.40554583813,1996.95375935429
4119.53592539844,5453.06242436921
1056.1711474155,1752.5772521542
4102.53334487077,4101.49018259939
4290.69037327235,5316.43916103376
3884.90455971637,3164.95988485
3973.02627753337,6692.27864285707
3821.83576566599,6501.15356609931
2726.97911392787,2679.38927907593
4448.64852508476,3970.77716712028
4465.85884850874,6380.84067554161
8643.50766454838,3772.03646727511
4064.08784715386,6534.22972676116
4160.52290255643,6023.99439699679
4371.77522540859,6277.12273934623
4015.22585048817,5782.62988775626
3991.6026410169,3165.18716954792
4154.03183921063,6610.49801427698
4026.17247881464,5597.75630304316
4635.67213323278,6297.07093585641
3310.56261586296,2730.70847244452
3788.49408911397,4970.39049134718
3446.40310646456,3791.24551280491
4155.32729364359,7539.41290036659
3941.60797504681,6332.64743962298
4231.03568910961,5934.5981453293
4259.8252713005,6377.88576304107
8121.36899411413,717.443928193783
2520.92554504647,6013.02595461676
3818.39516035739,5738.52862211063
4028.82439056905,4934.188584663
4461.37702234057,5817.41100079393
4936.59879371867,6226.94039232248
3181.46863383368,1382.26165955558
4347.78972940059,2958.54689931367
3333.37666017607,6688.64166483515
3443.31813419149,2950.07901146599
5131.77856350324,6439.832366029
4096.56828401602,6350.71985023556
4408.37218706062,6515.64566129373
3019.51867781569,3084.99753385325
1700.60173478313,872.765057916341
2839.92453408217,125.654990262708
3818.56457375009,5323.59979187008
2967.3932930112,967.958232232652
4672.92826512637,5041.99849113138
4493.31610159477,5160.72017737604
3718.24125339767,5737.78947113024
4131.11495089267,2203.1394601927
2864.25138959061,4577.17189545164
4342.2584953989,7071.40347320551
3771.28268625585,5475.73846010965
2897.28439093362,558.997052448897
4257.44190079443,5783.25486781863
4087.19569081038,1542.47030885076
8118.25265670311,6930.57406867903
7848.95674078982,1542.75446758006
7785.90936209393,4886.62075166197
4443.23668717086,2740.31299520941
3195.21316191773,1740.52894317454
3556.95623060987,2272.87188550693
2503.51317349915,3464.12215277406
4345.40458058542,4187.93109891108
4056.23661311014,7142.15899680181
3166.55261443729,5169.92700477649
4255.09550066913,7530.60397975822
4327.99169652804,2873.29928052295
4119.08559868593,3088.06640584419
4103.73994929639,5714.77261405674
4695.75587491575,5377.41953977101
4215.7565811658,5326.83928595518
4426.20563941964,1565.03259652842
4388.37672621419,3556.18958106805
8565.48801026776,5644.75624144083
3785.54801022667,4768.06947608385
3774.06679893366,5635.71982470691
8527.91080412548,2045.43136542985
3589.48481986164,6744.50718644495
4933.46941624543,6861.75099358408
4060.06427155135,6322.01981857601
3163.79048240339,7891.14474463923
3934.3237194332,5764.10290774785
2192.77808115415,983.586962344285
4698.38530262093,4722.94532358378
4578.35793041353,7922.06053781893
4888.5866343944,5799.1110940558
2417.52086170559,1054.56987635232
3665.21160188151,5456.64316264263
4598.2585647393,4543.35700666465
4566.86497503627,2283.32888445974
7482.92095300147,4171.62030327807
4000.42248242902,5015.57172930626
3731.55636566972,4710.78316082754
4786.38350926736,5496.8799541408
3694.49537535405,6759.28344036868
3868.97534972794,5701.75839796784
8509.29092243426,2713.14750525915
3039.22298788362,6285.6475012253
4742.34844673497,3781.58411600862
4277.74120841036,4885.19995801546
4137.77041115804,3962.42281590773
3436.75797700378,1947.05557105983
4877.11078790195,5434.76294048634
4104.85040174846,3641.26678919224
4358.84893556033,6312.13134850944
3783.33884308021,6372.71382045462
4295.15963843905,4434.58087594558
3859.42332758962,6373.85045537183
145.526007417126,2276.90698174855
4940.40758578714,3725.15027694021
3430.94931689306,2563.907298344
3383.63823797138,5223.6896672184
4442.35760431522,4893.44056116523
3744.07843346449,5026.65391974906
4505.71526183016,3234.40815143494
4636.80463400074,6021.83487522514
3750.8545179076,2714.7387095722
4121.95250698143,5889.81439130703
4096.24908107185,5200.44531401936
2673.55230578728,6539.62874261791
3875.192287279,4722.71782745824
3484.04919188882,6177.55385888286
3417.02726554552,3095.0568374416
4283.55956865669,6972.28873928272
3290.35152132279,5335.47779589703
4560.49153344427,7284.52252018232
3861.78919987479,4108.93497216501
3671.76069382093,3788.34726290812
4660.62776216986,4253.34469210965
4469.95149803659,5683.34474316695
4025.74686404975,5130.99725886205
4729.08370966132,6715.7500693264
4194.97368583224,4928.10792614013
4213.92067396594,6205.85598375034
3966.42346333156,6950.01061033436
3952.45177556149,6128.45106131731
4255.7555740282,2153.98000002338
4138.14850554419,7660.80534038248
7977.60148863204,2790.21118350387
4348.81116896432,9055.6838799243
4015.09597759942,5734.60706250415
3664.52613155879,4552.45008600233
3742.49289555671,6607.88350025425
4231.39909269366,6999.45422923298
7197.12448628213,2205.98104748572
4701.72968363348,7420.4637179964
4360.54186880694,6578.6151511361
4049.88147771238,4418.72507256366
4029.69018012975,4880.88049161691
3785.41165245768,1192.21634368365
3092.0604101494,2029.80263531822
4155.63492351793,5515.57734481575
3622.87624432076,5311.55137717661
3808.68691631588,4749.20125188712
3668.95311198715,5908.51220483723
3305.54594161304,6985.985020893
4015.81812635947,5525.0683309455
3698.06097565902,2306.06158280393
5410.39908474281,1900.56707608938
4661.04338576228,6114.01562872664
4310.18247171174,5056.26351305552
3727.47927852589,4629.40001618427
4451.37074582278,4775.34385498295
4079.47405595484,5787.80140748747
4504.61045580132,6207.95884291822
4203.08607438304,5375.26001799936
4067.8757769399,4940.26966604112
4106.71296502037,3058.9686788202
2969.76416583466,1844.13323702097
3449.18178335849,7406.42661505306
4060.72886645923,4413.21230864414
4522.25011089074,5983.64385743584
3639.1945774397,3839.60958224533
4076.26168494275,4184.40744609668
4669.82576946545,5381.90941683609
4382.49286205259,6013.13927982428
4051.98086165722,5692.60823317116
4735.32954808569,5481.87620409153
3509.74800395655,5871.45782196515
3583.91242766924,4849.45262072712
4743.92119995641,5663.68112824132
3925.45590142069,1550.88142838087
3855.75623184681,2897.16861378435
3728.42557978253,2669.21643885242
4878.41041904588,5650.38233056787
3635.49157505714,6857.14779131148
4364.16947354444,3609.66808478066
2049.35864076741,6487.7981058221
3999.63391122731,6253.99255706522
4929.82794932804,6604.87150229469
3325.93925573638,176.292065253018
2999.23815042605,4587.62868297682
3698.67923752368,5695.16566173488
8329.94384673764,2823.51462886364
4154.86588890827,4706.8049386173
2388.16580892833,624.694540092235
4227.80583407686,4581.15011766187
4013.97267243487,3983.67805800166
3580.88129064547,3828.69780246907
3407.68410778693,3708.89656676622
8032.43071627959,1365.72357922465
3095.10861927777,3534.65018024482
5300.08730930234,6329.86293778896
4437.8628369825,6841.34822767807
8445.32120568256,3686.90259654716
4348.18580155607,6116.51639468661
4275.47263388804,4402.92550893024
4127.30673598535,5586.44661647482
4870.07797265005,6415.11055657969
3727.59169442527,7360.67705963537
5044.36429735288,5599.91582481481
4402.93501401938,6302.52661431692
4326.10273376029,6112.53817247637
3642.70103003816,5066.37947924763
4760.23167759501,2176.54207627341
4687.81496817727,5577.35353713714
8755.1295078876,8430.25051672967
4862.70523110929,7287.1366113498
4400.38902202088,5141.73820511654
3847.17493780383,5045.35173327926
3362.8654039534,4226.12211670038
4204.45609002148,3201.55948689863
3132.00942884734,1621.92111070648
3570.20738544084,5445.04931734499
2836.23990451543,3643.71046969319
4691.56464421916,5835.14259007345
3967.26766283151,4049.2616390115
3282.61461034294,2609.65685376169
4175.96521206811,6834.86966236312
6517.99472885334,3817.55852656726
4202.59801225085,4701.97424021916
4292.26297393787,4870.36661863272
4514.2373330315,5501.4831564134
3915.87386870788,5280.06684368305
4741.03314751905,6718.98956341149
3575.61369601586,5918.68525648836
4371.51786657895,2723.83178890987
4140.54992214721,3897.06630816818
4098.77859045431,6192.72759674341
4516.45304644594,5757.22601278558
4178.9769256306,5301.37874838074
4604.15549246413,6680.11690295607
3014.34682999297,982.734486156377
4110.63154316215,5807.63585593488
3976.25463559282,5396.11735330121
4547.93901784445,5495.11791630597
3675.32116482973,6190.90931916008
4091.56734734366,6860.84185479241
4347.11370138569,4801.37313287125
4816.08066427618,4084.38357338223
4149.55594425289,3130.91749993747
3316.66514888735,2700.92867989915
4212.00860114321,5160.32227058396
4370.75061650955,6506.66633001883
3794.02037808672,6991.61153287529
4156.28804444116,1964.33237951589
3470.13517350436,3467.41830946292
4011.82609910809,1793.49610917375
4109.04372946688,2327.82826832507
4246.82673214282,3797.4403422458
4139.94768403011,3597.50634487967
4624.99373541283,6065.42448601593
4698.32732829873,6183.86201353128
2097.73747798908,2905.86378632995
4628.0492812933,7090.83959200559
4146.65716385321,4791.59798801219
3929.92198397798,5286.65915706077
8099.99239325558,7329.36293680834
4289.44336938255,7700.92838381788
3636.79632211879,1560.25866644785
3500.37330735245,6517.57810979509
4250.46557603607,6190.28391624246
5078.34376221103,6677.90029572541
3166.71747874093,6738.8240118589
4483.92841092633,6884.93826132411
4437.56467233049,1796.849139894
2826.53799005099,3123.64312103838
4474.08845499542,4787.96058713502
3641.4800812712,5300.86709352589
4229.79355937272,3565.73722980156
3847.54697458277,2419.49778982698
4491.71430056774,6293.71769370854
4977.55398594876,5371.33845839289
3537.84389358736,3966.5714487845
4322.76004842362,1506.89369937038
3659.15338713554,7389.43375389867
4301.97997896152,5543.70905901669
4407.73053096323,3599.83627731785
3703.94634206902,5467.95242635571
3149.50117785917,6061.90125605678
4002.36129218283,5111.56071720672
2560.22691176584,1528.20560406806
3702.82509974087,4685.77719264892
3335.02668922079,3892.34935783281
4476.11522028409,5484.54738071802
4157.85629972703,5501.93772580923
4139.2545848377,4781.42493636107
4657.44166036562,5360.93833347147
3598.17949422018,4101.03561320356
7753.29694941633,5425.04445823105
3957.4027244546,5742.16560013255
4117.21459754136,4940.66757283319
4439.99972655938,5746.82588786416
4674.09272143087,5306.43652004917
4706.40718422836,5936.41642291263
3317.44411779516,4209.58424779708
3908.89932694575,4462.25802075069
3669.47815735373,4310.11935251112
2455.14817340851,4535.91179424378
4120.9387714044,3736.11871932024
3309.84514031372,5494.03836684778
2060.76320493155,3060.73029379977
4196.97929615547,5946.98738135583
3572.8713170539,5647.59782873385
4765.49776059526,6893.46302320318
3060.84843201191,2984.63262837811
4536.22374782755,3468.44119631736
4210.88321271687,6733.25458533563
8432.78757052764,3772.88894346302
4614.60747660401,4652.30354805025
4030.2249364116,1336.79626286719
3733.61732661383,5416.69010701851
4358.52664811491,4266.92722565716
3861.46440843991,719.205701744076
3866.34822787805,6495.29998084673
2867.60931395094,872.253614489122
4682.66389352537,6424.14655045835
4717.46093617945,5019.89119570481
4107.04017388644,2567.31720309563
4445.64065244366,5836.84754244927
4957.98608993625,3561.75900759132
3654.59340327173,6767.63779158122
4333.67717656442,3177.97431236653
4618.48832044938,6439.77528056999
4148.20534647546,4982.72306476995
3977.56689822576,5784.56233625762
3761.86393959362,5452.09662297379
4530.44085679538,2673.47881979196
3983.26768162559,6403.17588994899
3964.187818432,5011.76391776256
4306.32094077264,6974.10743972131
4128.13842109032,3416.89492967847
3740.79606973283,2273.26979229901
3717.90096109673,5654.70179696641
4210.75876518747,4724.76360116711
2766.91545191767,1621.40966727926
8010.288402621,1465.7474519391
4264.4031792944,3690.36916390255
4396.87857426518,5891.17852234979
3938.13274458552,3972.31170882956
4175.39036553334,4912.70626929878
4237.77424504736,4991.58864798209
4487.14375996353,5428.79560717099
4718.58311411513,5444.25350376084
3662.71086814275,6741.21102975609
4217.19246424014,5914.19537942328
4420.97598317321,1933.81364741776
3443.06487039803,2448.25469551791
3642.370787446,2552.37032707774
4148.37250178045,4474.53350871445
4401.2732666268,7939.96253776498
4717.33901677002,5564.22557298547
4004.04748106754,2091.46507957685
4413.5667250027,4036.47449619289
4735.21760009592,7122.83620320924
4607.3898885321,2594.48269304589
4437.66652602163,3427.06776990198
3701.77237174198,5427.488138732
4032.98355892548,3773.22976479608
4249.14652591132,4466.57706429399
4233.4428344987,2974.28937748808
3348.05964095119,703.633792806922
4167.30993226681,4922.2539180323
4088.4786763669,6401.0730307811
4893.0992893179,7538.33292805314
4433.29474574529,6954.15924321113
4148.10613523191,4623.14852413962
3874.66987141754,6168.11953535687
4277.76094458878,5665.15858449159
3978.2897029315,5445.10597994875
3812.55109414671,4168.72205338129
3989.42905926764,4890.93979520527
3481.78629900335,4099.84189282733
4351.57945655006,6959.04702706828
4050.81622016676,5428.90893237851
4513.75023088928,5789.50635986328
3934.44667507674,5323.88395059939
4403.81343794558,5099.05773311741
3563.08040849996,6625.10343467892
3588.11013926384,6574.46651825933
3392.94629048853,1083.78135143908
3972.4004972428,5119.06259223135
4026.86553602608,4594.73265120938
4904.32269011043,3769.13821737833
3578.78144965246,3652.34897963503
4557.72544925067,3744.41640792902
3530.89019920696,2503.8929324298
4174.42294124154,4995.05563819273
2172.4150954724,2065.54976117894
4315.49655755856,6709.38525207422
4689.62373016603,3163.82324993279
4500.38213958409,4983.00722349925
3797.62157963133,5298.99173048354
4474.16287731237,4627.01342114233
3644.23397814605,4805.57842835177
4465.98429623368,4819.5592915466
3828.25507241,3864.89970915325
3265.17119139744,4035.05370254638
4103.19967648553,4335.29573135627
3791.34006776377,4292.3877632316
4430.59367348272,6393.79865188201
8887.65488979701,1750.19033997083
4547.96776377365,5842.92820097213
4026.29454301447,4572.11370092796
4119.82471176037,7167.73328243903
4565.55532739734,3324.60021668657
4222.57071898547,6178.80381900759
4809.94580680063,3575.96694405644
4039.6759413555,5149.35382820394
4500.79222993088,6819.18384679248
4139.06919810733,4553.58672091954
3990.41550483051,4053.80817868034
4678.31842989957,4846.38353730855
1480.53167181081,3930.31287949656
3969.3522650845,3478.21634117641
4249.45039631053,2395.28742380489
3949.15640843751,5956.87585142241
3844.13292851831,5915.10451821495
3162.16164572206,613.612349649441
4112.22490178379,5923.91343882332
3970.81983856098,1144.36403481188
4436.59527076146,6361.06331255322
3774.5170859377,5482.2741108836
4490.85630924671,5007.1040528862
4112.08891533039,7179.66794906973
7934.49762049258,2786.46045741918
3939.40036153984,4680.60567291772
2772.79387037989,3317.04146763055
3530.20118054256,1068.26626367641
4159.40701052448,3644.90376721416
4356.77550861453,3974.75538933051
4000.23980587286,6591.28854589194
4101.49321777816,3839.38208611979
4210.6045041734,5116.61848887515
4716.17696387348,5332.12455374916
4764.59517972726,5126.67779246351
3565.45346764264,4884.51789249409
4250.31013627253,6108.6166128699
4156.91711039546,3472.36275592383
4247.60411788226,4428.55688002647
4952.34944559082,537.17365146709
4204.4161075669,3959.92204994777
3840.84001432686,4752.78199016053
4313.69921896344,1540.99274688667
3254.91107833733,1726.26423839185
7379.5665389512,1831.74400099443
3322.79639289496,7141.41984582142
8564.31461935994,1263.71059540508
3637.22603260134,6580.14969284538
8758.77907124775,1442.84434292838
1844.42467610547,3740.94941771838
3982.02663771906,5750.00829649024
3370.15251685375,3757.88519341375
6903.63607796531,2237.01101158344
4774.79849277507,3318.12122851638
4562.93312175359,3827.61783015562
4199.54242057606,5571.38620382179
3869.84197766419,5784.67566146514
2973.10093184543,4858.26154133549
4073.32641139869,4427.81815190134
4381.80542331998,5067.40236610207
4461.20879737871,5755.1802390767
4455.48856596389,5788.25639973855
4445.8222522866,4496.24332020421
4440.4904460297,6197.89953932987
3307.65340482091,2662.62391404708
3919.19048394065,6835.09673563341
7663.01679511976,2968.54932887064
3929.30225747484,4595.13055800145
4636.37130902279,2436.20628082444
4082.19768983141,5652.76934846506
4020.78343482939,3569.43129328249
3871.89114027908,4455.72236997673
4101.63109210488,5544.50487260084
4191.97475100195,5233.86271886953
4112.21280238753,7139.146575987
4033.93960055597,5879.81217317769
2687.34287599533,2434.16029568794
4572.33264770968,6899.31660845576
1727.51958556308,486.366060096436
3949.54757315842,4863.83096785877
3917.19694052683,3624.16017997508
3794.22440229796,5509.15544210456
3596.93415294404,6259.90280492156
4687.20301736962,5416.74719247752
3794.41894916099,5182.42998886579
4013.44456716801,4984.93967200061
4102.92626859751,4899.2370609588
3193.66694074082,4820.80925167133
5126.14649434007,28.6431980967277
4677.53076358762,2725.25258255639
3831.97650306155,5620.71607465764
3654.64214672292,7759.52174465794
4564.42438389268,6819.41134291802
4543.40656044891,6653.06473821333
4521.42103995434,6296.33220773128
3558.33550880643,3933.66612164443
2738.51387454199,5524.2729402166
5298.02705010601,6000.46588506845
3176.2885574101,3148.99012197768
4246.7632514107,4083.81525592363
3652.62334814303,5243.12620887374
4482.45957890105,6641.64172643748
3896.74057127867,5259.55032971427
3012.49144864414,3655.87220959418
4044.12723831791,2476.10225098955
3631.9105106988,6159.76518414433
4638.9604854269,4166.10796221381
3494.23421294284,6603.05280185611
3618.43215129046,4996.36268377647
3860.97947012514,5402.70966667893
4218.23052938393,4939.41718985321
3896.29088127362,4591.94814937536
3255.45853502485,474.431393465735
4484.88235741612,5570.64747569666
4439.04622262229,4483.11535605254
3414.61482345829,881.915011285404
4177.04439986766,5945.79366097961
4654.6405469617,2509.12153762002
3855.00579184533,4714.19306557917
3438.4417710844,3723.10450323134
3615.37198565718,4081.82614481851
1635.43364596382,7979.23395072298
4373.71162192781,4708.39614293035
8114.24644280097,271.996735853454
4242.80053793076,6057.18388286616
3542.87761709303,2052.98990305825
4624.7318897547,6114.64103164426
2899.0538457429,2161.08396825594
3654.1297093756,1787.01733243118
3768.72595192526,6525.47746875655
4445.62034715466,6677.04781953751
7693.56810461886,3285.27256398007
4259.1374929342,4690.5512284433
4403.61890798376,3720.54707466762
3951.79655078995,3752.65701107879
4221.59542520503,5867.19544102561
3472.51321224807,4452.99453074648
7581.33958373989,1558.61058810342
4313.7711257255,5281.60138539234
3819.38075256308,4737.03951198613
4048.49191492811,5918.62817102935
7889.76747945548,1346.40078563209
4081.40316631618,6688.01626191753
1438.58043118999,5322.57690501565
3789.24650656206,5346.55998633982
3830.8232433594,2735.70958150919
4090.60358855766,5869.46871086003
4303.00899836456,6612.60045058962
3728.39613493663,3876.09522480356
3726.72255539837,5879.07344505255
3930.38522770042,5343.32049225472
4232.65930810744,5767.96738189531
4394.94404048896,4581.71843512048
3304.5759058918,3026.74499434625
3322.72282433233,5316.55290909653
3833.86423219955,5204.02605229278
4073.45305129976,5349.00366684077
3795.60768860371,6819.01343612595
3747.37851497456,6009.55896440612
3507.04346888324,1788.43812607769
4846.07391896315,6834.86966236312
3373.11058169324,5088.08929073739
3194.94859218634,4202.19612083522
4446.93795031563,5304.44740894405
3823.67300227638,4379.22700919062
4614.95649197367,4525.11376253028
4081.28675012149,5828.09528444465
3600.94252634919,5961.13823236194
3971.48269671383,5965.79852009355
4091.44546990109,5234.4876989319
4106.01775965546,6468.98696708438
4129.26047532291,6025.92642264289
8322.05553996655,2027.92706084825
3624.19813976295,6316.84829884481
2127.89207108239,153.900360026832
3992.2458912802,6177.83801761217
4031.80353773551,4356.55097345019
4079.63150045142,6495.29998084673
4306.36492298127,5900.55576041677
4033.85396976638,6356.17595155132
4378.5659294653,6599.13166510488
3519.71305939814,924.084145571121
3851.98480711455,4736.81201586059
4158.8021511336,4074.49510331566
3583.79700383167,2651.76921972983
5769.06181108783,6659.14581959145
4168.9846643559,4811.71617233365
4235.75663097971,5515.00902735714
4548.34744654084,4659.12293469826
4063.07699125132,5518.07811077571
3977.65804131324,6385.10305648115
4021.39474303219,4191.11393039242
3924.25224830757,5180.0429709686
3979.24173047508,5124.12036389978
4276.2207661168,5138.89661782351
3017.48940408838,1138.11254276723
4230.38646468569,5983.132202581
3122.62254179755,2862.84228157014
3768.63260962312,2103.05871344686
4959.919474931,5548.42643220731
4390.72172634052,5561.09982696315
3624.86020076086,962.502448058333
4417.52993327925,3332.72707177357
4387.58251056841,5995.46477600377
4361.94258873828,7562.31558652206
5935.28519474148,581.16138047758
3996.78690195904,4546.31234202045
4205.00974514454,3261.23282005213
4187.98078184954,5824.91287581856
4898.11598053462,5724.32068564551
4379.09276773531,5083.88357240161
4879.44554043996,6461.2575959342
4425.35493473026,6399.25433034251
2620.07318861751,2003.6600322224
3332.97475986731,4625.59262749582
3321.69414661221,3677.86617981324
4294.74762517531,4174.12106923804
3503.87786413368,4824.38998994474
4112.88251898572,4071.65351602264
3266.16987448296,6383.45518956435
7312.66624170479,503.188246299758
3868.55951432927,5186.18071495048
5032.35384597635,4698.90515680059
5080.82675592333,8043.51048614908
8890.72794954769,1082.36055779257
4015.61101163866,3254.81070591332
2723.07655950327,24.4944809792681
4367.3903388003,5932.38153809864
4454.27256092443,5897.94166924929
3922.93222022847,4575.29653240929
4109.73609500739,5944.0887086038
3482.85606229249,2190.69313870715
4178.70312947648,6709.83982147006
4630.23236630189,7161.76594912368
3401.40961159566,6052.46693253079
3883.22795076585,5845.08814559903
3819.44244651366,5417.59966866543
4109.21153491751,1762.57968171117
3350.84874353704,5795.47369317863
4622.85010094402,4370.30434051948
4631.62739421599,7351.69730550521
3441.68464851649,7151.30873874325
3829.62718736072,226.815497894369
4274.05580452589,6691.59657733569
4433.1075740217,5306.83442684124
4577.12882866252,6094.29535119726
3551.25780912834,2803.90767654177
4891.17040813,6223.58757302986
3954.02243077276,5353.72061717614
3568.10336054844,4476.18179848651
4657.49066478136,5949.20356573124
4314.50824430375,4514.54322694234
4204.11924071062,5219.02937948679
3733.52994467809,5211.64125252493
4017.32267937993,6676.70699820444
4198.38866063003,640.948408836953
8367.22716266254,3605.00779704905
3863.70804661095,5964.71897063535
3061.12322971405,2618.80680713075
3792.26596478802,3739.07405467603
3490.90318775126,4510.96291152418
3570.27327893403,5041.08935233972
4287.73277952518,4966.52601719971
4576.18745596568,6431.81883614952
4569.21103221665,6103.89966253453
3974.98193698087,4909.41011260993
3180.08450781769,5592.64144591571
3820.1893644403,4481.75122500979
2620.13138073275,5079.56452885832
5139.2495008494,5633.21905874695
4810.06061562846,6822.36667827381
4506.76225579656,5045.35173327926
4459.60546402336,4469.75989577533
3953.1897480651,5246.19486943705
3496.71634611525,2259.80058395902
2866.76274267318,3062.66274230113
4805.66022270372,5941.92918683215
4596.52011786269,4350.58364013484
3745.70661457657,3232.64632502774
4151.04702915281,4291.08071764786
4312.67008191051,5532.51354336637
4475.42538170785,6643.51708947982
3862.53106645554,4815.4673212736
4354.91358351569,6318.9511580127
9034.81472781635,2393.63934546046
4039.8191609853,6137.08957125915
3002.40676247151,1978.42656791824
4154.89487466243,4610.98678423863
3929.92826571747,5179.07674671792
3160.86145011521,1824.98085409494
2263.21889270265,1745.30287325511
4714.26985502025,7433.70585306609
2809.10786146121,3232.58966242398
3926.48304442929,4001.06840309286
3711.91732555624,5658.85042984318
3907.43477071371,639.016118906315
4047.13961402335,4103.76345243381
4594.42580158946,5083.65607627607
3876.22626771198,6157.946906561
4811.13253862534,5414.53058524686
4053.0433551481,3014.86720174694
3615.33634912543,5876.85683782189
3996.05723811872,5682.15144564598
4833.85157571043,6369.0768424327
2595.11461001564,3906.50020883892
3308.99981888225,5283.30633776815
3348.23980853196,1214.94904202784
4918.1237239511,5525.57998580034
3677.10326187299,2035.20165117497
3785.06644823704,5572.35242807247
4903.49090735948,4397.69732659528
4232.57489076454,5511.31496387621
9742.73231940736,155.946305520655
3638.21255831932,861.057728840463
4349.10886018416,5183.05496892816
3171.99351922505,5216.58569898584
3911.84176662551,5421.69163893843
3742.03311313345,5433.91046429843
4252.99573771712,5634.98109658178
4036.08665229446,4480.67167555159
3065.71720937972,890.894448274123
3925.03094145857,5470.56694037845
3360.31678123865,3320.90615320564
4052.79777221241,6407.15411215922
4597.19901211409,4423.8399296911
3572.41777575788,981.484208890209
3835.43035950508,4896.16840039549
3795.80973647832,5637.36811447897
4487.54183208248,6591.00438716263
4091.41926119569,3361.37022940173
3471.69977600731,2373.06616888792
4554.36388164332,4565.52138755024
4156.20929755221,3828.8682131356
4076.49058979113,3610.6909716351
4721.28799164519,6728.93511893708
3097.54432443328,2745.37097830547
4651.17231149583,2140.45391765201
1780.62128422156,672.092173854354
4585.45893057852,5927.5508397005
4102.01277388558,6173.68896188015
4325.89515994906,5981.25683953865
3977.38351270739,1544.17526122657
4087.76830822114,2925.58448671459
4066.1677968123,5124.7457668174
3857.90734903946,4955.38716415316
5012.14221087589,5521.48801552734
4329.73879436611,2774.58245339224
4287.77318707324,6370.09972928713
4477.77172430329,6858.79565822828
3937.48644621441,5757.68058218141
3964.6421096422,6340.60388404344
4489.45143166438,6860.67102127063
4090.79424904449,5667.14769559671
1538.78731798519,522.511039892323
3933.92777452123,3465.88376775364
3953.81800207876,3891.61062970767
4545.31613379259,2079.47353891476
4273.24076053914,6077.58664877217
4111.18045566253,3432.35303769595
4264.4241609945,6608.84972450493
4507.27857526541,5453.11950982823
4096.18921042053,3432.63719642525
3640.87616587214,4831.26646205176
3707.54620771536,7525.31828910899
3845.59630436254,6635.67439312213
3974.59962866953,3769.53570131515
4130.75532571388,4331.03335041673
4017.17799376956,5771.14979052139
3778.74263532871,1725.35488817256
3847.38404526975,4482.0924691981
3736.61434005413,977.847019440664
4668.93297546471,4974.19830289088
3629.06940346877,2351.81113822162
8545.80541264939,4815.69439454389
2114.03714704318,2956.15988141648
4523.46187894449,3523.34070510411
7746.65601210233,4875.42481315641
3469.40712090267,1241.03477109228
5013.05384302319,6663.52194859376
8677.6253725553,3040.21420268624
8456.55526420957,5950.90851810705
4578.9435954227,8079.88280349979
3851.85427009215,6059.45715270058
3740.65560527961,5768.4786138949
5101.77330190804,5648.10906073345
2440.5092596687,2617.84058288007
4289.85498957386,4319.78074930741
4188.58068100527,4823.99208315267
4609.81180326859,4963.68442990669
3724.01848918109,5568.31754325848
4161.57902709407,7287.87576233019
4689.06105758271,4592.9710362298
3431.86111286073,1909.48974476053
4612.32595694921,6200.39988243458
3848.51283001342,5840.20036174188
3743.33611744167,5085.87268350673
3856.94477773133,5428.90893237851
3476.27102378151,4550.91554429305
4516.68814113148,6891.7014082236
4991.92019940958,5052.05779471974
4219.09973067449,4807.39712879036
1939.90780109963,1342.13840469255
3995.83077366144,6067.75484130936
3688.07963570253,4954.25052923595
3917.34466538199,371.452264680847
4618.33920360454,4772.3889424824
4783.27750447174,6447.50465172016
4041.55096811362,4258.7437079664
6538.97747686856,3705.25916588905
4517.0888049927,5177.99677440447
3322.36146681515,5326.49846462212
3897.8038235859,3002.70525041832
2994.68920840546,2586.07167922959
2253.23179800356,2641.82366420425
3823.28430550455,2144.37526583085
4874.27596092488,4266.75681499063
4207.31365502039,5663.11281078271
5091.7743767215,6723.82026180964
4001.57648918688,5893.56554024698
3910.64203462518,3380.46573829638
3706.90978756189,2491.10578961119
8648.34237045792,6870.21909285939
3490.50116646563,5304.56115700682
4231.37016139034,7440.29816644381
4785.44812326319,4972.4366879113
3825.6015054215,4621.95522661865
4103.95365841637,6074.68839887539
3534.58690230808,3318.68954597498
4657.20891091507,4720.27414695729
3966.1785771235,4271.18960659669
3965.66508130605,7008.94521536273
3585.35340822363,6595.89217101979
3588.78478414134,6362.3136955332
4323.03360532028,6774.45760108448
4175.98994834407,5467.55451956364
3887.85786743974,1492.68576290526
3760.78681062031,5484.71779138456
3172.52915151556,1478.76198516944
4035.64793660953,3257.31126044566
3366.67357235216,2162.33413980829
4183.73726268148,6709.89648407382
4175.98361776951,5382.19357556539
3791.47832236509,5947.04404395959
3486.46151940407,401.459447637945
3946.8075313123,3930.02872076726
3936.03383380627,5721.19493962318
3755.73537215723,5197.83122285188
4499.6668703492,3667.12523355876
4235.93897709074,5429.6480833589
4046.92143462949,5079.56452885832
4036.78010917713,3384.15980177731
4111.70919033464,4460.1551615828
1190.48088022284,2657.50905691964
4994.06826096786,5857.81820295863
2938.65165111426,2325.21396572997
3785.34758413128,2606.19007497867
4675.00158814497,6371.52052293365
7722.13105882543,1624.13761222332
7947.17574898928,1726.43464905838
3366.6524500728,2464.67902778607
4184.16381840494,5605.20109260878
4861.18400986349,5428.45436298268
4488.49114875091,6163.91423987635
3702.7743248453,5733.30001692041
3764.14356695055,6624.93302401239
4333.14757812626,5522.39715431901
4172.29001640922,5207.49261964817
3063.15482159662,2517.41880337355
4105.12916892069,4125.70033719385
4130.67834369522,5188.85189157698
3679.21657637834,5052.45570151182
3935.72805886434,5781.20909410975
4443.33943495108,3392.85497432291
3998.03433146357,2738.72179089637
4540.57217786923,4438.95700494789
4330.97016585045,4813.81903150154
4015.67458974349,6281.21470961924
8908.26674686784,3814.31945533741
4035.51536235875,719.433039298899
4120.74551319305,2175.86022217966
3926.02471718946,5754.27067742978
3917.25898017108,4948.79442792019
4265.82391460027,6975.86905470088
3353.79599439595,534.559401728889
3951.05217424088,5568.03338452918
4504.85816432824,5292.39941710583
3888.71202842058,6371.97509232948
4609.20478526565,6159.5947734778
3649.07543992582,5032.28043173134
4366.04682767225,6643.00543462498
7559.02221999336,1858.68220624678
3706.42748974071,5957.21709561072
3999.21415167866,5546.20982497665
4056.97599986115,4620.02277811729
3889.44795782819,4294.71811852503
3283.80177199692,4676.22954391541
3888.65352289425,3283.85177033356
3710.66721255243,5507.50757518776
3789.60566988922,3303.45872265542
4904.96408963069,5471.47607917011
4721.13549996745,5247.33150435426
1862.12080230878,2742.87042377314
7902.30060164768,1870.73040951263
2756.90455715034,5729.49220537671
3729.41241954823,4248.85481504457
2663.42752790358,514.043099187729
4385.09856925502,3511.00834310896
3769.63831920322,5262.90357186214
3870.82567054866,5624.52388620135
3304.99238368653,3479.1256913957
3955.71992923268,4904.18150741971
2662.40080701055,1914.7750125545
3906.06110823658,5205.95807793888
4592.1485083249,4870.08245990342
3659.83056427361,666.352178093826
4459.69021222145,2020.14123852194
7603.39692674263,5204.65103235514
4113.22851022355,4236.01100962221
3820.98786527436,6715.69340672264
9240.79886120733,2108.23044460569
8173.05697232674,2190.0112846134
4240.56120116597,4152.80916454036
4459.00516840521,4573.4207465117
4087.16880045557,6439.09321504861
4213.9731928325,6204.49185270758
3987.13266591394,5856.73865350043
4610.15652207682,4537.10551462
3872.31741530826,5644.75624144083
3877.90889451267,5340.763063691
3863.24309049575,5137.13500284394
2630.77387439843,3162.34558225489
3918.42979228568,7362.89366686603
3572.2868917186,5852.41918710189
4716.79018037431,5643.67626912738
4180.78899415389,3163.02743634864
3361.36427820076,3976.68741497661
2352.70328785877,1664.99959521149
3059.30743984031,16.8790280250302
4359.97701959514,4509.9966872735
3591.47279347805,5846.45185378654
4563.65538929762,6174.71227158984
2982.63317651439,5295.41141506538
7598.09485095152,1633.23058584719
4016.0086244932,3388.13802398754
3579.75532437855,5079.10953660723
4570.65702986708,5957.44416888101
4397.0106332172,2826.64037488596
4583.92784328153,5662.60115592787
3008.60449099737,7001.61375100463
4304.93388466548,5178.67883992585
4206.8295271762,7257.64076610611
3546.75707662826,5903.11318898049
3784.56800669854,5444.99265474123
3664.86023024955,3465.65648305572
3893.4174861326,5258.9253496519
1003.85830909285,1466.25900108014
2962.68062666217,6478.53461581789
5174.99798561546,5319.45115899332
3933.9251283242,6579.75178605331
4040.19498105288,4421.62332246044
3654.39126720799,1860.9554760812
8374.28813081855,940.678994219619
3929.77233644487,5546.77814243525
3988.94214317337,7075.09753668644
3775.94423073215,6065.19741274564
4221.74468271603,5713.23849520271
4205.72842325105,4971.30005299409
3972.60643303137,3097.38676987978
3575.74528852963,3455.65405349875
3888.26942248851,1768.60388905791
4042.53350676715,5715.17052084882
5001.35415778361,4399.91351097069
3562.08275569778,4212.82331902693
3805.55421494262,3102.16080567417
4572.74319537314,5708.23696328279
4496.8690299918,1138.85127089236
4093.52337546729,4481.18290755118
4064.4972002814,1084.69070165837
3849.48164525029,5744.43886996697
7746.72861405973,2478.14823612605
3767.29221581354,5263.2443931952
4344.71094068364,5549.90388845758
3382.31363073282,5582.86630105666
4698.71938060317,6194.43254911923
4054.89485185131,5911.41045473402
4321.24097841532,7229.62322282319
4151.20235952705,4605.13319898605
4640.40597292254,1010.69568397697
4362.47721681456,5218.17690329889
3961.69040187115,435.103820044589
3849.93322816714,5823.15083798374
4635.24124543467,6673.80832545241
4173.93121493363,5554.33668006365
8070.33876272179,1375.83965113058
2083.76737653692,1253.42411283262
3985.89439112063,4052.89903988868
4281.6859570795,4586.37872285209
3677.41936996892,853.953760607902
4117.8113189874,4427.36315965025
2362.09053613985,188.567725001727
3144.81840186284,957.273842868118
7828.2439167721,2990.31580296416
3834.20910081781,5694.37027100598
4492.19418756598,3939.12180010494
4141.27499788163,6236.09055711916
4238.60353254327,3328.52156486542
2179.41980109778,7048.329530673
4305.23111409725,5178.05385986348
4893.08907681622,6640.9596609161
4755.82830161906,8462.70127447391
4555.01949071761,3944.86163729474
4575.09509642968,4444.18561013811
4387.44448036578,2911.66070897877
2899.62412203208,6156.58277551825
5152.36061192471,5230.33906605513
4394.98497980143,6890.50768784738
4244.77592600107,3829.37986799044
3105.45644863371,6380.32944354202
3964.59269334204,6231.20277326201
3925.23623990423,6079.91658121035
4209.3479612868,4619.62529418047
4204.69655047959,4129.39440067479
4567.2184323742,6000.80712925676
4263.01391114861,5641.0621779599
3830.04896084476,2193.76222212572
7847.06010897592,4024.93773635427
4030.78672027569,6693.69943650358
4519.31359394965,4566.60093700844
3938.53721914877,4263.80147963483
3424.49547244394,3419.50923227358
2489.59034758725,5740.74480648604
8360.81995637391,2821.86655051921
3681.63366154834,5280.40766501612
3813.77120354964,4938.11014426947
4383.1752157443,5884.4724609093
4131.62074068248,3841.48494528768
4307.95403554167,6817.4222318129
3063.42199230031,2944.56624754647
3534.72859009744,2945.19143903646
4312.11658970066,3962.7636372408
4466.62650906136,1636.47007993229
4097.8907772682,5452.9490991617
4015.99583955125,4491.98093926467
3289.10032029463,7740.88143944201
3812.98399099566,4681.96938110522
4860.41728012334,1547.18736489994
4545.32333240951,6651.98518875513
4161.97425961034,4408.15411412046
4577.00784464628,6293.43353497924
3938.84073290376,5161.17474677187
1316.6471350743,4026.18811933425
4304.50394346293,5842.98528643115
8933.28701767709,6746.55296015383
4107.99251337145,1200.34319877065
3248.23630662003,5539.39001547339
2644.58524118744,1403.85772298256
4640.74048933282,6639.59552987335
4311.22190785266,5695.22274719389
8598.27131598303,8355.2892747976
4318.08112837672,4683.44726021074
4729.46846623597,4867.46836873594
4223.57791796008,5703.97458234325
4277.82706233727,4474.42018350693
4381.49931307156,6658.63416473661
4536.01394200958,4877.58433492806
4447.08846857528,4795.34871409689
4685.56471179293,6684.83385329144
4148.80975632201,3826.48119523841
3293.14666712556,5454.54030347474
4036.01397359537,5709.26027299248
4475.73306437031,5788.02890361301
3617.27514350865,5196.12627047607
3660.44910160619,5084.79271119328
4372.13705923173,5987.73582770885
4591.99221617976,7065.03823309808
8612.27662019304,5302.23122456864
3881.95285491364,364.064137718984
3325.84643833266,3253.21950160028
4020.75884355181,5718.52376299669
4302.90745910455,6172.60941242195
3739.81845767947,6542.92489930677
4094.49585333172,5195.61461562122
4330.78630798895,2642.73280299591
4526.83479843278,2737.81244067708
4629.64764274751,6124.074932315
4096.34647961799,5258.6411909226
4478.17240135382,4863.14890233739
2586.99316063377,145.546088099651
3014.05334979861,5206.64014346026
4828.12699048691,6721.83115070452
3853.28293816811,3910.64926457093
4155.4051187196,5093.54496919789
3986.35478414591,4719.42167076938
3596.32446776317,5555.13249364779
4532.75263608902,5353.94811330168
3816.17650864791,5945.85074643862
4423.80204736187,6302.18579298386
3486.99153567589,3696.96190013552
3637.17629313477,3348.58308658312
4528.22589250847,5468.74823993986
4869.67380746656,6181.30458496756
3162.68301446785,5389.35420640171
4788.27615706031,5730.91299902322
4353.29468449931,3959.92204994777
3865.58609395326,5505.0068092278
4474.11848593322,3462.92864382547
3768.9853590497,6459.78013968393
4969.02633455443,5128.66690356862
4402.33266499292,5423.96490877285
3153.69065577363,256.765806820081
4195.54868160725,6154.1390950173
3166.5920815076,2148.97867953108
3362.26910859244,5506.48426547807
4603.92798651735,4951.97725940153
4241.22601332577,5040.40728681834
4450.56321354277,1784.23261916954
3797.69107334337,4523.23839948794
4288.34367008879,4054.83106553478
4034.70799618319,4421.3958263349
3841.12957888404,6853.62413849708
4786.07049690617,5402.93716280447
4346.30807794337,6725.18439285239
4286.77500378504,4259.312025425
3391.37110661926,2979.91567804274
4943.11146383704,6889.59854905572
3939.27828082337,4077.96167067105
4481.78102824511,4883.77916436895
3321.01555583864,1835.55160111051
3795.8935209871,3531.35402355596
3945.46773519123,5789.10887592646
4433.70891190142,4921.57227536617
4454.20431206411,5456.35900391333
3856.43258853208,5134.97548107229
3226.46342722054,6614.4191510282
2662.89877298011,3352.22027603267
3938.79312222896,5505.17721989433
9271.72900703692,590.822777273862
3926.41878645127,6489.10515140584
3799.78796123885,5956.76252621489
4506.05503738124,5626.4563347027
7914.96582012791,2569.36318823213
3737.31325975352,4626.21760755819
2904.84982072646,4921.34477924063
4466.65540752237,6008.30858142614
4697.71244585502,3820.22970319375
3961.46475887965,6801.28184684642
3618.21048388539,1003.53494742684
3935.02656443988,4848.31598580991
8522.50655757172,1163.06163691446
4960.76228815997,7130.22433017111
3493.05664679717,3353.35691094988
4238.18787149978,4983.68928902063
4365.41427422111,5256.82249048401
3701.3305812753,3808.57919529235
4700.53701479658,6373.62338210154
1493.86279758733,5879.81217317769
4091.34680779028,2097.48907549596
3913.20804112559,4256.81125946504
4150.14115383819,5851.56671091398
4382.23670867954,6367.7693739937
1169.91423253053,2813.34178864014
4548.36796942475,3589.89072179226
3650.8091381004,4015.33300216174
3559.89276898843,1944.04336167265
3522.3241357232,895.781914989837
4800.21895706138,4327.79427918689
4382.83919351968,6293.49062043825
3942.10024648391,3775.5030346305
5026.15585333339,6093.27204148757
4059.44942833702,3888.71195695564
4602.31990113788,5236.87471682909
4552.70563523625,3616.20373555462
4052.66449676273,6414.31474299554
4507.78748683965,6100.66016844943
2293.61407371864,6558.04197456355
4474.36173911891,4291.99027929478
3999.91103968752,4990.39535046112
4540.84632286315,4352.00443378135
4345.16296365053,5418.11090066502
4375.44853961705,5160.20852252119
3592.28810778566,4439.12741561442
3585.56300306633,5721.0241061014
3737.78955961648,5434.19462302774
3627.44182671984,6865.21756093947
4038.64145710727,2835.10826273365
3854.3924292322,3543.28869018667
3857.78474274115,4394.96906450978
4113.30421677306,1427.78393027535
3171.1651226757,4841.66658697318
4543.13778327564,4040.96437325797
4125.38972109635,4945.49827123133
4384.67907987083,3848.30475479093
4744.74293536308,8187.29480317611
2324.72167468773,4042.27141884171
3977.36374757116,5729.49220537671
3660.4306779144,3801.58897512256
4763.20127613439,5156.79861776956
4048.5063525244,4508.06423877214
4219.37418007479,3409.33618062245
4298.11689409119,5417.82674193572
4084.3086094017,4534.09351666044
3875.56963943775,5733.86833437902
4549.02689868053,879.300708690297
4272.57479607779,4515.96402058885
3104.22412222505,5240.68252837279
4357.92296119378,5343.37715485848
1500.85865975398,3553.63215250432
3876.15091675847,5170.15407804678
3422.42552330841,1528.03508768772
4049.85268108627,4535.40056224418
4117.94036488159,4523.23839948794
4112.55296046996,6018.70912920281
3395.0418250187,5159.52645699982
3794.08605106561,3356.65327906636
4441.39628122952,3733.84544948582
4492.24924914061,3159.44712093048
3912.30332427465,5747.56461598929
3955.68335169723,4745.22302967689
4195.28511864894,5466.5316327092
3790.14811339622,4186.73780139011
3157.66529406497,5630.71871564224
4397.44121848932,6030.8708691038
3766.23016031517,1254.10607264019
6728.09882072285,3025.43794876251
3501.33722013534,2622.27337448614
3719.15042583089,7110.50320693122
4049.31027575824,7311.51759946605
2889.42514994219,3131.37228076093
4376.21924530781,5680.33274520739
3945.62967340887,5700.84883632093
4051.45008155638,6535.8209310742
4177.66435384883,4931.06283864067
4192.43103252438,6207.16302933408
8273.76537447494,2361.69981971582
4148.60693547904,5667.71601305531
4245.1078392436,1960.63831603496
3359.41520215069,1922.44729824567
4792.13975583722,3847.73643733233
5176.80485633287,5137.53290963601
3729.12203248433,3938.89430397939
4023.97069519846,3597.61967008719
4516.7445125566,2468.6572499963
4299.93966885982,5571.61369994734
4536.58991669329,5116.05017141655
3804.1157033329,4709.98734724339
3793.57850533178,4639.06141298056
3928.53401253767,7018.20870536694
3629.63922656723,4356.32347732465
4307.11628120954,5715.96633443296
3252.32020507762,6042.01014500561
4378.12576292637,4561.31566921446
4060.75347715925,4094.84078376266
3651.85842941972,2456.26801396977
3674.40812570873,2100.27400018522
3576.34473900316,6556.10994891745
4113.66898947797,4744.14348021869
3204.75541460942,971.481779333239
4333.16428910028,6661.36242682211
4661.41141298939,4840.30287878568
3845.49286779879,3032.08713617161
2963.59847501966,2970.76572467368
3845.3832418531,2549.47207718096
4076.80605812853,5848.83887168373
4677.36218166831,4467.37287787813
3486.27537594643,5827.81112571535
3652.92430238129,5487.72978934411
4937.05319920593,4112.45862497941
2461.65190095512,1619.70471490344
8253.77302640119,189.761194307643
4332.28514533868,2762.81840885569
3693.23171175989,926.016382644852
4115.85049044697,4666.85230584843
4316.22916185521,5761.60214178788
4018.9548164505,6001.03420252705
4083.64293834498,5462.26925176966
4382.81403063708,6805.2034064529
3939.1447111124,5152.30916355974
4516.51697589193,5645.83579089903
3602.6405843155,3526.75060985574
4402.8055899463,5378.44242662545
2545.56617073384,1783.20952088748
3101.8070165802,1211.42538921344
4168.39856416697,7278.04353201212
4140.305230829,4536.99176655723
4203.7102520502,5141.39738378347
4575.11421083895,5674.87706674689
4244.2640317794,5912.20626831817
4503.59871941135,5416.51969635197
3729.89370901793,4604.73529219397
4712.5376564416,4001.40922442593
2836.96885317422,1712.34046065603
4885.88460940251,6351.51566381971
3940.22740680987,4096.77323226402
3842.92309562038,6598.56334764628
3547.46586065237,2195.69445919945
3862.75230371634,2861.93293135085
2159.1020080015,1167.55130255191
4139.33662483856,6076.33626579219
4033.41727510793,2175.86022217966
4048.41709249551,2493.54947011214
5166.49559613279,5810.64785389443
4044.81771018635,4644.7445875666
3678.84730247742,5532.79770209568
5334.91892832261,5691.07411431712
4521.79897423033,5410.9502698287
3230.53434527718,1517.46434067214
3953.14696685009,4171.62030327807
4079.07451508851,8420.92994126645
4121.15538658776,5170.04032998401
2398.69691459542,1581.91160390622
4061.3123603703,5189.07896484727
3687.66211219787,5529.33071188504
8189.88873304125,657.713773865795
3893.79912222311,4975.95991787045
4481.93245573539,4111.0378313329
3713.79885483753,4448.84589786972
3599.01560468913,4952.26141813083
4254.51896229515,4020.56160735196
3676.65426662752,3645.35833660999
3124.57605693544,3888.65529435188
3636.89629853352,5281.54429993333
4020.31737234891,4659.29376822004
3448.52392360153,5600.48414227341
3756.18176608939,4179.34967442825
3055.03791562148,4224.36050172081
4174.92649391348,4752.66824209776
3441.01578523688,4799.95233922474
7733.45426421016,1979.90423559614
3937.37739436121,4587.68576843583
4764.27816055137,5840.25744720089
4694.98524223396,5513.01991625203
3445.93397826512,4140.36284305481
4257.72164617227,6804.01010893193
4435.6948347105,4640.25513335678
4305.48804506295,6586.91283974488
3992.79006355745,5872.8219530079
4221.80882242578,5341.27471854585
3787.99726602021,4950.10147350393
3385.15890198253,3692.07411627836
8618.85817387418,2225.64466241135
4759.08182604924,4412.18942178971
4459.42248562928,6180.05420198758
4106.59793744168,4543.69782799771
4096.55471980496,143.727480160651
4429.39191906889,4798.64487078574
4757.12967891533,5899.9307803544
3416.87398057084,710.908277419827
4539.82867467163,4682.42395050105
4992.78146874273,6791.84794617568
6809.04477177967,2896.88445505505
4075.74850641282,5309.90351025981
3050.01938824314,1868.85504647028
3455.89432516077,4594.05100854325
3316.93077168991,5013.24179686808
3984.63428495858,4753.4069702229
3798.14122971936,4992.78236835831
4216.41926363605,4886.44991814019
3445.4911621689,5586.38995387106
4317.72073607768,5534.10474767942
3277.13407433807,2398.81107661929
1093.85508150975,811.898268671144
4477.85881939899,5629.24083653672
4887.68640119838,7150.68375868088
3965.58042932716,4806.82881133175
3172.05920913981,4502.1539909158
2842.72537481166,1490.75342011772
2630.28972311307,5557.6328367525
4242.05655966296,5814.2852547716
4379.64833582109,6177.04220402802
4327.42002028884,3797.7245009751
4607.26163482915,4868.60500365315
4271.19765087713,4769.77442845967
4516.21655641919,5966.99224046977
4412.83082114003,2155.51433030503
4926.81140009331,5069.05065587413
3814.00784743133,6472.6239451063
3981.67026981821,6117.08471214521
3875.94902570787,4888.66652537085
3607.46177500018,2513.66807728885
4206.94572269629,2753.38429675733
4749.45411824461,5543.82280707946
3868.17736805558,5164.3004927942
4016.30434566465,3537.15094620478
4102.09345308633,6638.17473622684
4687.82964136437,3494.81129553872
3570.30080184797,2480.591916627
3476.79649162502,2677.28663133566
4638.3242731178,5152.9341436221
4076.74236068115,5641.0621779599
3843.05725340792,1946.94182299706
4466.33549267742,3635.46986654342
8671.59328474632,3403.19843664057
4088.26803970378,2658.02071177448
3669.87944018799,4573.07992517863
4704.46878800497,4106.54795426782
4173.80046302117,4799.38402176613
6861.83973357715,1666.30674650904
2834.11320514521,1154.70739141573
3830.7070204516,5434.93335115287
4309.03624251223,5244.14909572818
3460.28343605552,1770.87715889233
4019.66103757884,6837.4837535306
3606.14431972689,4123.76831154775
4222.37826514791,4615.13541711539
9017.08422223417,3685.14055871233
3819.32648980539,4325.74808262276
4699.96507237853,4006.58116701238
3567.84331655834,3414.11021641684
7715.62184037176,1398.57234947478
4127.57650885308,6143.96604336617
3881.25028961367,4134.73675392777
3513.01395016528,1908.58039454123
4388.35748305345,4580.80887347356
3965.40619048608,1770.19509337095
4250.30459969073,4994.60106879689
4631.24661579689,6320.8831836588
3907.50240809199,2128.29196632339
2287.11115069268,2229.50934798644
2199.17381292333,404.187366153558
4616.80494649827,4444.29935820088
4173.90116745496,5387.76300208867
4619.95754837708,6477.0000741086
3573.64817376965,5828.03862184089
3908.53805173212,4792.4504642001
3862.29945151178,7128.74687392084
7377.49982196,5224.20132207325
3968.70365484409,1773.32083939328
3909.83977672318,5560.70192017107
4166.3121729615,5127.18944731835
3376.59629714915,6634.13985141284
4588.34429195739,7139.82906436363
5236.71152210767,4249.13897377388
4316.6939472235,6224.78087055083
3830.82950270625,4932.99528714203
3372.53944591625,3662.57869388992
1856.51211993038,2540.3221238119
3114.25283751794,3993.05529606864
4490.59123012697,7276.16774611453
8246.22765939131,4579.21766916052
2487.87551153115,1499.27818199679
3648.65307505202,4963.17277505184
4594.06910961242,3925.25468497288
4161.88818265673,4799.44068436989
4711.93447526307,5398.44728573939
3891.02467457994,4286.42042991625
4622.09273640383,5787.11976482134
4194.39083878019,6359.41544563641
3882.28925442152,5916.98030411255
3076.38463217183,3396.03759437663
3738.34564735761,976.880795189985
2993.20902070322,4421.33916373114
4849.19732027723,5916.07074246563
3796.52819378388,3740.72234444809
4965.3880501745,4159.62897404361
2747.7958666653,339.455997047085
3859.3627829253,3544.99364256248
4239.17850565991,4826.94741850847
4234.1230633819,3857.11367539931
4538.91089689181,6025.24477997677
4683.97787144548,5100.47852676392
3844.36777095235,1039.67987436582
4066.26409122333,5173.05275079881
4277.40706452065,3232.98735778842
3820.31807874821,4647.6999229224
4316.28420522733,5854.86286760284
3449.61039892505,4910.6034101309
2435.18693508826,867.536558439939
4502.20380798982,7714.39801501312
3657.03382198307,5048.87538609365
3797.04400487327,7463.71250745412
4500.87457245943,2958.60377334506
4157.5965522783,2839.65480240249
4108.99903994593,6952.51137629432
3358.95468491494,4542.73160374703
3616.72989345774,2935.98461163601
4106.31943098947,4417.24719345814
3959.36844102693,6027.12014301911
3908.95992735484,4723.11573425031
3972.04820352892,4863.37639846293
4530.44520399906,4543.75491345673
3498.08162532481,3525.78459703269
4699.83056857086,4206.06059498268
4484.70330655767,2720.36501012686
3636.58183546216,3147.79661302908
3878.36431382504,5094.3974453858
4285.81822266431,968.981224800903
1488.19209082394,911.6380355132
3846.0154325211,6518.9989034416
4124.65558963008,5360.59751213841
7697.85104155152,1299.96927040684
3029.7345427419,3040.27086529
3881.85033354048,4665.99982966052
4411.63447078454,5499.77820403758
2949.2300612837,2626.36534475914
3559.39078222993,4595.52846479353
3931.53447897315,6764.28454943335
4200.964284731,309.903489199634
4526.09249595285,6440.74150482066
4189.0920591027,6094.29535119726
3613.75551612787,5041.08935233972
4113.00206809722,1890.73526862657
4531.39529200413,6149.59255534846
3971.15406596765,5900.66950847954
4592.90580228877,8293.05851308037
4132.00365357359,5818.83179444044
3816.79891564108,4634.91278010379
3236.26664540476,1021.89162248254
4405.11159308963,3296.46850248563
4075.99196121965,5305.47071865374
2975.48815637146,1112.36774074967
3804.62210882302,5086.95265582018
4161.6797166572,6070.48268053961
4585.34545377333,2085.09983946942
4179.79932029231,5091.04420323793
4921.34925992742,5563.65725552687
3770.41054859199,2306.62990026254
4256.37611295457,4565.12348075817
5053.66953206038,3496.00459305969
3799.24759731405,5928.74413722147
3944.73536399699,2860.91004449641
3845.83850735393,6745.53007329939
3912.58953135371,6545.42566526673
3614.33091820709,6462.39423085141
5067.33136517629,5412.48481153798
2094.5935429549,3559.76989648621
3847.08118399078,2822.4917420092
4874.52833603214,6549.46055008072
3889.82395447086,5186.63528434632
3886.61272590808,5589.40195183062
3815.89093027874,155.036994944042
4041.88045050073,6831.85766440357
3680.55762485786,1995.58983973916
4409.71433897073,6409.31363393087
4857.56640505182,3018.78854992579
3597.66800359758,7134.88419504747
4852.23035637919,5133.55468742578
3977.04193262244,4656.45218092701
7889.83580963972,1496.9481438448
4278.36931630328,3576.87608284811
4454.38516637487,3414.90581857336
3797.54357383895,6096.85277976098
3757.20313895985,4319.43992797434
4711.68155454156,4116.94850204449
4133.12135319831,6157.15109297685
4769.71297327455,4176.84890846829
3669.8912757797,4745.16636707313
3086.16127172887,697.950618220874
4177.88511702121,3528.56931029433
4320.4365803702,5564.85055304784
3629.86451029044,5080.64407831652
4668.44732899624,6995.58975508552
3759.69391982041,5323.08855987049
4490.21574333959,7515.31607097964
4409.37306331822,5273.2470341798
4426.2356440001,5543.87989253847
3664.49926964479,1706.94144479929
3992.60979031024,6603.45070864818
4922.17947553677,6670.51216876355
4902.84171304595,4649.17780202792
4330.97310614721,5124.34786002533
4364.98095230521,5391.68413883989
8468.2376181164,4878.66430724151
4346.69608651257,5959.09245865306
3775.27483983142,5082.4627787551
4483.37061602407,5315.47293678308
3606.11377532355,5930.44908959728
3683.30813952336,241.705394167053
4073.17478435189,3770.6156736286
4469.42090268376,5608.83849348595
3778.71229622448,5213.63036363005
3802.26461052117,4284.31799360362
3989.6647264441,2886.48433013363
3193.30294714212,2854.71521505552
2996.31132924453,3063.96978788487
4512.66514206445,6561.67937544072
3941.75667020647,5039.15690383836
3843.14584482132,6418.34962780953
4400.63459098605,7288.78490112186
3633.86193660701,5049.84118748908
4557.06838764911,4813.13696598017
3621.99726400735,2283.32888445974
7714.31259228014,2427.90880364328
4257.00579043354,6507.63255426951
3345.32986069505,1961.43391819148
4278.83475105471,6764.11413876682
4665.79173095423,5394.58281159193
3006.99719155311,3242.93291331401
4860.70565174672,6370.55429868297
4436.54202601756,5024.77855670671
4270.89131674865,6973.14121547063
4294.5707423214,6363.67782657595
3339.56329891758,2944.28208881717
3883.08723084405,5071.77849510438
1052.97621189737,2560.15636083168
4078.51277545377,976.596636460683
4695.81982106218,3540.67438759156
4756.97770245645,4931.91531482858
3999.23696927292,3379.89742083777
4019.73548071552,5258.86868704814
2621.06400764991,5499.20988657898
3548.43015065392,910.330884215646
3912.34697568679,6349.46989011083
5243.71996124329,4999.82925113186
4010.03740650327,5223.97382594771
4053.06363961622,6457.10896305743
4777.30897479853,5815.53563775158
3929.49463603795,4140.76074984688
4409.40624795192,3494.07235598596
7415.20064647147,1094.01106569397
2270.30180625655,929.25587672995
4436.95004253052,4937.08725741503
4459.54499216562,4063.41291287286
4888.44229004297,2802.65750498942
4269.31091559169,5262.39191700729
4789.15505129287,6848.39553330687
4720.31032705336,5697.7230902986
3824.64801000097,6710.74896026172
4021.51828131886,4933.79110072618
4666.28123708147,7007.24026298692
1412.54796150723,2571.57958403516
3944.90104979785,6614.64664715375
4591.71031214209,6933.18858270176
4172.65165305579,5039.83896935974
5226.77996977415,6352.25439194484
2479.02075969574,3415.30351393781
3238.84058271816,3239.46613453099
3988.45098533393,5090.8737925714
3914.24178373041,3948.61278623469
4038.66507425632,5189.53395709835
3945.67616981814,5069.16398108165
4264.09821162222,3794.31459622347
4017.2802180041,4711.18106761961
4519.64786749853,2709.16928304892
3689.602572506,4590.07278633302
2987.17742047688,3296.52516508939
4918.65632330345,6398.28810609183
3811.75813339867,1961.43391819148
3845.2948408211,6975.64198143059
4144.60364133037,5523.64753729899
8001.08962902189,3288.6824687317
1695.59543506954,1803.95310812656
3886.63955714398,6204.03728331175
3998.48472649793,1582.02524625518
8556.08291993868,4919.75357492759
8325.26185166426,1835.6084751419
3283.82327941693,1648.6320312609
3160.55944426029,5449.9937638059
3847.20276033269,6106.34334303548
3718.69977793671,5556.4962018353
3881.28741477626,4971.64087432716
2278.00307225706,1721.20614958198
3866.95769505534,4398.54980278319
3758.1751742638,292.285647982884
4140.37390713248,2960.70642108532
3654.22913384993,5248.07065533465
4821.88416414603,544.391262048609
3754.60189086208,6154.59366441313
3589.18800161832,3095.79556556674
3421.41382307436,7974.97156978344
4591.96187556427,5407.14245828499
4410.16569284973,4326.14598941483
4181.5292442406,6032.46207341685
3146.55415953275,3383.42107365218
4095.96973121865,3695.37027296722
7542.12547450227,472.328640011659
4435.30214685376,6104.18382126383
3932.97939792893,4853.43084293735
3709.39975055706,1952.11355415589
4391.25742417571,1559.12203153064
3353.46830414726,454.653924763524
4638.4327037845,5314.50671253241
4465.0845941918,2218.88172693947
4006.84542770069,4026.64268873008
3926.0331535908,6726.3210277696
3221.00035484053,1267.29101653706
4830.8619243453,5799.33859018135
4258.78512803465,5054.84271940901
3905.22942551186,4457.48398495631
3531.19856083353,2971.90235959089
3830.27203896814,3718.21671937418
3437.43258923478,7119.02796881029
5027.16053111632,5744.78011415528
3984.25861647141,4985.11008266714
4359.2656024685,5400.94805169935
4454.42762262756,5389.75211319379
5478.7656892008,7537.65128538702
4243.17432305261,3017.65191500858
2483.73271331462,2974.51666218599
4792.22273784471,4142.69319834824
4319.18910953925,3364.78013415336
4042.90374735156,4985.56465206298
4853.07879929058,5172.25693721467
4418.76544412618,5209.99338560813
4214.52431189117,4579.67223855635
4070.5318895295,5516.48690646267
4611.2499642572,7139.88572696739
3627.21937733015,756.430495282693
4232.60631760184,6860.38686254133
3882.85415451423,5817.97931825253
3991.07399409258,4852.6350293532
3127.46336558281,1605.38313608936
4703.84131771374,6704.3837201543
4493.58995912795,3391.1500219471
3554.861672183,2187.22657135176
4360.22453923483,4907.76182283787
4331.88147625835,4687.14132369168
4781.56282591685,5433.34214683983
4424.51401336549,5538.99210868132
4169.02961468531,2570.10191635727
4330.31375611001,3361.08607067243
2397.15859673797,5742.16560013255
3979.87298508127,5188.96563963975
3793.74549977116,4098.76234336914
7292.54932728283,776.207963984904
4391.96106300027,4770.85440077312
4367.87253031375,5770.0702410632
2917.01655376372,4749.25833734613
3613.98965798129,4613.60087540611
3125.43794032016,1037.97492199001
3602.91782032495,3401.60723232753
4606.03055147817,5755.52106040976
3851.26153960737,5406.9153850147
3910.21141449796,6020.24324805685
3523.12633720868,4269.88256101295
4246.10473886582,3346.13940608217
4120.13130675201,3676.33163810396
3347.1563764417,5269.95087749094
4190.00402895092,5858.27277235447
3824.76311645201,4134.3388471357
3205.29221369893,6204.15103137452
4062.35085608921,4080.63284729754
3909.35733628961,5927.32334357495
3478.53167809009,3959.69497667748
4199.63054309048,5197.26290539328
3404.00675335942,5720.00121924696
4625.93204492684,7084.41768929441
2861.05128524678,840.825637885512
4569.99344511276,4972.4366879113
7405.49009682477,4332.45414406324
1093.57104708,2505.99579159769
4007.1715939001,7081.86026073068
4088.60467426779,1143.17052586329
9012.84976665527,66.4931401790989
3495.32301041445,7476.44298766897
4050.1701158385,4849.45262072712
3952.13993733549,8157.51479920311
4681.54529408846,6274.67905884528
4110.79709891851,5993.75982362796
3411.50320042328,6262.80147767359
3361.67313482584,1975.18728526077
4158.24053844838,6784.40315661006
4683.55134809336,6925.17505282228
3961.14883446354,5140.82906632487
3513.90975319632,4092.85167265755
3829.37610988106,4177.13306719759
3908.8737843715,5980.46102595451
2100.03858592646,4448.78881241071
3884.30920830292,3842.33742147558
1964.82686456625,5637.31102901995
2498.57984810013,289.728219419162
3472.79724837741,5054.89938201277
4685.22221215964,5822.52585792137
2267.02527580185,642.312381308985
4461.34801275515,5146.51224091092
4512.67498908011,5105.25213970305
4439.08637533989,5625.66052111856
3248.93014077831,2150.62675787551
5097.78140377827,4917.30989442663
5134.77215029205,6636.58353191379
4921.62796088958,4662.8740836382
5244.62548686008,5760.12468553761
4135.51663122558,4389.9679554451
4023.79197575547,5481.25122402917
3858.05265158917,4652.53062132054
4087.70441779524,5602.81407471159
4407.38290151656,3198.149582147
3140.96017934341,2511.22418536028
8229.69576065193,3804.08974108253
3388.35892459156,2897.68005721157
1164.59120719856,2990.14539229763
4577.90739197532,7572.60280909121
3456.39367847051,4990.05452912806
4542.55350750785,6646.81324616868
4370.12387172319,5048.87538609365
4405.21333845114,6044.9083949024
4710.33779380752,5884.41537545029
3823.31114381265,3742.76811815696
4344.31769964538,3920.02650263791
4232.61698605601,4401.50471528373
4466.72755577494,4545.34611776977
5519.09896852613,3679.23031085599
4047.40674303696,5730.34468156462
3486.20972967894,1862.09211099841
4193.31866226506,6018.76579180657
8209.79793970441,7529.46734484101
8706.88153803769,1731.60638021721
3666.16442775527,4707.20284540938
4100.42118027051,5599.97248741857
7897.05489320215,7173.70061575438
3429.74500961978,5839.17747488744
3511.67164455302,2830.84588179411
3696.625410924,5831.33477852975
5123.56835940758,5305.12947446543
4191.07490821851,6720.29660899523
2551.12739668123,2342.83180694672
3758.58891688568,5246.93402041744
4255.82067413024,4614.51043705303
4245.61768027748,4626.04719689166
3357.06533984759,894.474763692283
3596.36472053533,4788.87014878194
3990.0476085646,6604.58734356539
4588.56762238557,5879.92592124046
4928.58842756662,5586.8445232669
8909.4739128708,3763.2842092705
4466.59624051022,5046.9429375923
4242.56915576868,4556.59871887909
4938.63516242449,6151.01334899497
3937.14015414212,4281.93097570643
8168.13336839394,293.933779184219
1892.88242364013,7557.71238424946
4695.66653943436,4352.97065803203
4174.77779477138,2507.53012187935
3363.91159328419,5475.28389071382
4005.67972590134,4221.29141830224
3846.59214369262,4964.02525123975
3543.97939956444,4092.68126199101
3691.45557466088,3144.38670827745
4868.47020908686,4065.57243464451
5030.06891555271,6870.73032485899
3503.07937812352,52.6261935284291
3239.11427254751,2814.64883422388
4058.06999954561,5097.18237007507
4293.82550940173,5454.71071414127
3900.73913783071,4628.83169872567
2060.06520345154,5419.9296011036
5070.64086663971,4755.90773618286
3838.64112173477,5728.01474912644
3933.18745472045,4284.65881493668
4728.66407755231,3248.21839253561
3919.91769851699,1551.73390456878
4383.423819654,6178.5767457373
4179.25983158231,4337.22817985763
8535.51184760093,2002.7506820031
4730.25431412604,4775.17344431641
3778.71084314015,5073.93801687603
3920.97764510547,4861.38728735782
2961.75276566845,5253.86715512822
3837.67167101945,4234.70354118321
3636.19043628711,5305.07281186167
1649.9035654772,5781.49325283905
3227.44026812382,2688.53923244499
4223.37992915038,6991.32737414598
4117.80917890792,5076.09753864768
2794.56687967155,3077.72315495416
4064.94465492981,5934.65480793306
3500.32894422142,6174.03020606847
4277.85520904512,4751.19036299224
4426.62298136586,4782.50490867452
4331.93574198561,6795.25785092731
4225.84295746094,6616.18118886303
2390.00337742244,6166.073761648
4342.07547929281,3823.35544921608
2454.95602859154,1023.93750190523
3890.69199618595,4428.10231063064
3698.94276871632,3478.50049990571
2551.46372964669,4185.3170077436
3455.4947716493,902.601724493095
3499.53718082855,6105.77502557687
3932.88250054674,6323.8385190146
8195.62853562341,1467.96395345595
3481.7189136386,5096.10239776162
7792.04072470204,3299.36675238242
2628.98212114267,5318.76909347194
3529.46736379668,7038.78188193949
3825.53273702269,6480.29623079746
3177.95355386237,3140.01057927515
3030.40587220867,2118.68744355849
4092.64908217289,5490.51471403338
1935.35627570659,458.063829515153
4442.09806942677,1413.12131870058
4074.05763171541,5220.166014404
4137.54446746488,5326.32763110034
3685.63609978727,5785.69897117483
3196.24326986631,3029.70032970205
4446.68354337445,4009.1385955761
3977.36365404992,4214.98326365383
3864.84876292811,2063.39002797967
4267.24078030072,5194.81922489233
4804.35095614359,6587.87864114031
3638.95741566928,5515.57734481575
4537.40363171401,3463.44008725269
2169.74150187096,67.4592785373041
3969.7603223151,3959.80872474025
3906.32852023825,2573.90972790097
3607.52298618053,4407.69954472463
3540.6548588192,4601.77995683818
7828.26268188329,540.185702283552
4304.30973922383,6618.45445869745
4004.76934314554,4282.3288824985
4301.06951986741,5352.18607546686
4227.11882542816,5925.10715919955
2735.32251768476,3813.12573496119
2467.66263807814,2575.10302542194
4131.64205616811,5609.06556675624
3897.27397214581,4817.57018044149
4186.16758936275,6100.66016844943
4751.43127578731,5740.63105842326
4146.36986199876,7330.04457947447
2779.43568611891,1893.86101464889
3547.31693785118,5084.50855246398
7620.96158706152,129.576378084236
5117.95418389283,7206.71969095722
3920.34095557093,5676.5820191227
3945.36438552507,5649.58693983897
5496.53573733282,2685.47036045405
3141.98122390373,470.566813604459
3995.97959360119,6611.06633173559
3999.10892556658,5172.7115066105
5250.66145522401,4589.04947662333
5035.7128088976,4831.94852757314
2475.96255294999,1263.82434346786
3970.3688042068,5122.41541152397
4369.81365917614,5687.09589210689
3391.68969447458,4526.19373484374
4712.2602899733,4230.15700151437
4077.19990629597,2700.24661437777
4040.21125866204,5615.77205105198
4072.04731402201,4629.17294291398
4612.04093687491,6257.91369381644
3596.47315714228,6369.0768424327
4152.54816037139,664.704046892491
3410.86356298751,4391.84331848745
4135.78825337564,3417.06534034501
4705.24584546189,5316.04125424169
3718.31360576121,5988.58830389676
3915.53232886876,5963.97981965497
3671.65046510807,4911.34256111128
3897.97744049402,6525.98912361139
3657.73612389169,4644.11960750424
4400.06484671592,5395.43528777984
4793.93402185966,6672.89918666074
5146.83589450272,4903.15862056527
3532.57000762196,5423.68075004355
3760.49169171028,4843.25779128622
4435.74917592834,4664.74944668054
4156.65655363775,6230.40738253312
5341.8294510353,4978.11986249735
3993.05163228971,3477.0797062592
3317.11545811652,4324.27062637249
5320.45421508658,6272.3491264071
4682.03882013921,6314.85918773969
4179.45963190749,2457.17715276143
4151.67338135704,4809.10208116617
4547.62033167471,3436.84291476103
3178.48198238106,4550.9722068968
4148.30330003319,5606.84938238084
3238.54919872071,2944.16855218202
1974.09626226184,1265.87022289055
3966.98800349603,4591.94814937536
4378.15811888685,3952.07935359008
4704.86858006234,4798.64487078574
4041.02003122008,6361.51788194905
8257.34920228757,2634.32178917961
6352.05612545818,5676.75242978923
8098.98960774429,1684.60654753335
5026.94643087698,6659.60038898729
2423.29652090917,4688.78919060848
3713.72284701295,3913.43376640495
3791.18141777344,5863.72887367022
4460.8009913723,5798.5427765972
4494.9894725422,5753.24779057534
3919.81409699176,4561.65691340278
4274.01111083531,6405.33541172063
4335.12652336197,6825.03785490031
4031.9316571904,4271.2466920557
3915.54851198537,5887.37071080608
4489.42155016354,4147.52389674638
3867.72787130427,5801.27061582745
3782.28168537189,5465.84956718782
4694.47430433072,5668.96639603529
4115.33750095772,6511.04245902114
4124.29170094067,4079.6099604431
3708.72606215781,6040.70267656662
3781.74433744586,249.150368731849
5017.58971291293,5218.17690329889
4083.62407249691,2224.73552361968
3254.60182602064,6235.46515420155
4177.97445791135,5065.01534820488
3452.21443460553,713.579348332507
3605.50207751584,1067.75482024919
3938.33994495679,4912.64960669503
8589.87532480246,6919.8897850283
4796.49339058352,7229.73654803071
2919.27927862359,3707.24827699416
3613.19930736201,4757.4989404959
1144.52198371659,1106.45717575189
2055.2046822354,1634.935538223
2367.15380461001,2865.8542795297
4088.08849859552,4848.48639647644
3705.21821998086,2102.6039326234
4403.29514580971,2794.75772317271
3477.48346248872,5571.10204509249
3325.41175458837,4004.19414911519
4049.4918577754,5332.46579793747
4926.02162829275,5085.75893544396
4344.67443231114,125.086672804103
4686.1410289993,4055.22897232685
3750.44460486777,4374.90754279208
3674.34714565134,6735.41410710727
3587.86360303654,321.838155830335
5191.20667165579,3685.70887617094
4052.82203136748,2479.96672513701
4177.58783125454,3880.01678441003
3931.34312048639,1485.92272171958
6765.30775807544,1271.55339747659
4257.22110220382,6379.70404062441
3872.88520863899,4717.31881160149
3643.39145668577,2429.78437811326
3730.62721928234,4065.34493851897
3365.08631217262,5350.48112309104
4364.4427973264,5369.06518855847
3091.12715602354,3504.07478554293
3723.62312433335,5284.72713141466
3114.98360613289,1578.33118277425
3623.46665768862,4868.20709686108
2783.22056594882,190.556836106844
2831.99315629801,405.153484690424
4521.90421834834,6945.12324933246
3245.17572472205,1551.22246114156
1725.23258084697,1281.10115192392
4141.49425170301,4800.2931605578
3569.04381280253,1660.22566513092
3774.13407403543,1882.7788242061
2212.63333080522,4539.20837378789
3448.27170352438,1563.27077012122
4149.90441901828,3764.76208837602
4406.1800027643,4807.11297006106
4228.78929427053,2529.06931127494
3898.238432427,5262.73316119561
3800.859745508,5943.91829793727
4910.67459043787,3900.19205419051
7544.46597571529,1914.4908538252
4069.41685931003,4492.60634218229
2931.50152067908,715.000141979019
8079.8013597112,7413.30308716008
3783.78952575384,1621.69382600856
4110.47392364755,3991.80491308866
3862.52818535407,4357.4034496381
3886.61574868665,4118.48262089852
4371.60797857902,6792.81417042636
3833.13297820123,2456.32467657353
3240.10719171605,2490.7647568505
3865.29586853959,2550.66537470193
3824.72019077688,4545.00487358145
7789.38881257957,1235.01056374554
2387.39753718049,3900.64662358634
4397.13865580213,4636.84522860515
3501.28559761336,5286.09083960216
4104.63230077857,4570.80665534421
3370.79972252439,4983.85969968716
3785.13509323867,6750.30410909377
3587.68370765237,5251.42347462727
4251.34964125323,3822.33256236164
3650.97172398345,5679.08236222741
2745.23246535002,2013.03727028938
4874.1092337928,3371.656817688
3992.62337366311,4681.96938110522
4464.7796626925,5564.62347977755
3749.36560755032,4548.47186379209
3643.38528421234,5979.38147649631
4181.04649371399,5419.98668656262
5358.43775825674,1485.865953402
4515.69749715001,1872.15120315914
4229.41720740847,4782.56157127828
3519.77128839569,6631.52576024536
3688.24448286181,5337.2394108766
3737.43013798949,3581.19554924666
4021.84735859346,5396.0602678422
3564.58735856367,3779.42459423698
3774.88729145337,4017.03795453756
3153.49698436919,1111.06058945211
3800.61356984491,2418.64531363908
4789.61750367337,6111.11737882986
3871.46927522094,5724.14985212372
4547.34758458807,6701.54213286127
4060.88742506759,6752.12238667711
5022.56941603873,4584.95792920558
3385.73740459168,4103.1951349752
4294.65927657644,5545.07319005944
1255.8700538724,1168.34701042224
4382.21012623924,90.7034599513969
7070.18437624417,2187.56739268482
3534.20288243706,2446.49286911071
4583.54893902341,6253.82172354343
3474.2733272391,2282.93118909529
2597.77117110359,4541.02665137122
3518.13769142916,2968.43558080787
4848.10101733958,4567.79465738466
3565.30362689161,5641.17550316742
4807.05117458158,6262.0623266932
4376.39749985797,5709.48734626277
4294.21092768931,4859.56858691923
4493.85376089332,5219.19979015332
1905.40364627618,3969.47012153654
5112.83212738535,5695.84772725625
4212.09874369873,4520.73805638323
4297.70297745543,5193.39843124582
3788.28918898532,5596.79007879248
3392.82234433635,4600.47291125444
4305.5247336137,4713.34058939126
3739.77354058684,4035.50827194222
4264.34244545692,6569.18125046536
4171.3188733195,8050.33029565234
2742.65982005713,1259.67560487728
4154.37031516731,5892.71306405907
4041.33788852566,4271.70126145154
3845.71563417502,3795.16707241138
3749.56844637776,5797.29239361722
4069.16289273585,5708.18030067903
3930.55154721451,3621.71649947413
4202.93605036624,5990.69074020939
3883.80859377688,8212.7549178953
4054.80183267713,3301.46961155031
4269.18975712469,6802.70264049294
4187.39926062438,6095.09074192615
4312.18013691855,7032.70080056136
3403.17388267255,2510.42858320376
4296.12597176593,5644.92665210736
5699.86104104232,3759.2493244565
4147.09606051629,4591.03858772845
4215.96950497731,4366.55319157953
4588.8723918867,5362.30246451422
4964.46783592418,3531.69505631665
3838.75818504902,4016.41297447519
4614.19487132246,4957.31918979926
4690.50210525083,5210.61836567049
4325.47340400821,4947.37363427368
3988.11761301378,5530.35359873947
4222.47966539273,5202.15026639518
4485.65732160003,562.975274659131
4472.62235632101,6852.82832491293
8941.33811338008,1362.4274225358
4684.32128785001,4926.17547763877
4260.18467949821,4182.36167238781
7931.12776904452,783.993892025028
4303.86318347591,6264.79058877871
4497.18814377435,6785.36895800549
3089.29558326443,3497.65288283175
4450.4098475869,3263.56275249031
7581.44188962007,517.112024035577
4055.16959374919,5188.96563963975
7702.86013169691,3061.52610738392
4003.28378169726,6575.54649057278
4069.23439657412,5656.34966388322
4460.55240266334,2623.06918807029
3735.12785764271,5991.88446058561
4542.06032651962,6462.96254831001
4041.17724331278,6144.98893022061
3481.23128239387,2194.50095025085
4766.19223728709,4960.44493582159
3469.98966398246,5137.13500284394
2967.82409153926,4148.43303553805
4340.65774515819,3986.29214916914
3472.68754463597,1056.27482872813
3864.10194652407,3994.81691104821
4212.31930686368,5886.4044865554
3961.30066414458,5587.29909266273
4269.74550500213,5108.71912991369
4352.60222347781,3950.99980413188
3944.48480218661,5241.08001230961
4336.21713938412,5288.7053536249
4492.64089122252,6095.48864871823
4234.78943468716,4128.48526188312
4012.75474470378,792.745991458924
3603.51529082584,4449.47087793208
4097.98450728985,4762.78420828988
3653.18050531107,6235.12433286849
3169.09447927951,277.679910439502
4041.13558940072,4450.77792351582
7996.19396408613,1258.53896996007
2989.48416536833,3009.1271531295
3875.31818704119,2831.81210604479
2995.67842686324,1922.50417227705
4377.18638796014,6354.58474723827
4282.41770294942,4144.51189878683
3903.58069134575,4715.04554176707
3872.35762256141,5325.47515491243
3671.53457032378,6207.67468418892
4047.13259246799,2487.12756740096
4521.31991759908,3532.83169123386
4262.36883144708,5439.76404955101
4741.85416605326,4882.52878138897
4293.63744216333,4505.1093262716
4113.83605941494,4363.93910041205
7397.89394709858,1389.13834309022
5002.92618873143,4518.35103848604
4283.34612097858,5309.61935153051
4878.91742000034,5822.58252052513
3924.98198584001,2955.53490135412
3997.60700461784,5602.18909464923
4380.40853053202,3566.02138853086
3705.71967060184,3732.08383450624
4584.1897962331,3443.3216915036
4005.30921001052,5905.55686948144
4532.61126474539,6296.50261839781
4326.28657331602,5698.80306261205
3954.25447145298,6647.15449035699
1949.8130205823,4151.1608747683
3339.43449262329,4423.8399296911
3595.93817196506,1044.05600336813
4056.08505724419,4798.13363878615
3300.97647801434,1095.37498530909
4020.82341176036,2683.08334255686
3563.98480572962,4372.91843168696
2258.8269506478,2030.65511150613
3749.89705695252,2907.34145400785
3637.58732976908,3370.63393083357
4135.60687445124,1328.49878568604
4586.38112549519,6120.8354382299
4299.11812838896,8257.93615585439
2772.86084547692,5504.77931310226
4456.69615612015,5664.59026703299
3221.50213904296,2780.09521731175
3902.51849272301,5266.7680460096
3304.82370080346,2581.18410680006
4208.00596669665,6266.26804502898
4217.30258513622,5543.7661444757
4962.05098066401,6921.76514807065
3380.56651318467,6501.32397676584
4053.24761456184,5894.07677224657
3956.55647733406,6475.0680484625
4536.22010405919,2265.37022190993
3248.78815354814,5397.02649209288
4490.77390783345,5947.44195075166
4504.89557656314,4061.59421243428
3985.68758326942,7032.47372729107
3698.64647429591,5330.64709749888
3537.95111494169,4441.57109611537
4337.97462907427,4312.10846361624
4568.75578396562,6755.70312495052
4682.19801361173,2976.61930992626
4325.20436927751,5998.70427008887
4192.22431001095,4914.01331488253
3582.98797211998,1521.38579456481
4483.37841195366,5532.34270984459
3595.70644917833,5834.57427261485
4430.45241495513,7394.09361877503
4243.66756302401,7321.8039763247
3463.6625458358,4169.8586882985
5292.59933069462,5716.25049316227
9093.07114813892,3455.08573604014
3760.62403871609,4638.60684358472
3844.75143144259,4446.45887997253
4516.91797868065,6426.76106448109
3644.64505604297,1740.75633358627
8982.51290133016,2183.93020323528
4132.91068149818,6629.42290107747
3788.60562599937,6430.90969735785
3554.59057620172,5786.09645511165
3736.99209731199,6751.04283721891
3927.86260413917,134.748069600385
8024.12163365682,4700.21262523959
2119.66100454927,4655.3155460098
8776.82197955592,4083.47443459057
3373.95292235879,4594.96014733492
2857.73647249067,3605.00779704905
8699.91290337623,5505.97303347848
4775.08270409339,6501.43772482861
4410.58698726479,7084.24727862787
8191.18522927304,2571.29542530586
3652.52419387196,4887.92779724571
4417.80072544887,3682.75396367039
3240.88965760119,5198.85410970632
3447.8051163823,5171.46112363052
2617.76971387278,1781.61831657444
3994.666712396,4771.93395023132
3973.26641804922,5439.59363888448
3812.78239416941,4298.52593006874
3380.17081917967,2480.13734723117
3174.60417531655,5583.0937971822
4565.60334316097,5467.15703562682
4048.66995382627,6361.74537807459
4104.48573974375,1614.93078482288
4188.10815494359,5103.54718732724
3726.59524978441,6555.42788339607
3838.04004818578,3980.32481585379
2191.89001774372,1825.20835022048
3902.68678148249,4859.56858691923
8643.28236249378,2299.69655412413
4340.78588234421,6518.48724858676
4594.34754358458,6836.80168800923
3729.25614051349,5490.00305917853
4077.68173679583,6863.85385275197
4385.77401898626,5816.89934593908
3709.41831687993,5913.34290323537
4743.69495188204,6366.86023520204
2863.71310747958,279.555352767207
3708.81085725597,3624.33059064161
2120.06480085544,1029.84806690301
4351.5638716791,4585.98081606001
3811.84782865653,5078.3708084821
7924.58429675343,3304.70910563541
4375.66438947631,7116.81220729013
3245.70032593119,3480.14857825014
3477.73142187299,1636.24268952056
3989.08798775574,4188.21525764039
3052.09234095076,265.404237476566
4296.90593975093,3918.49196092863
4301.71037124706,4961.8657294681
8707.34828674544,3006.45597650301
5115.24108962404,6553.60918295749
4280.72892699386,3571.93205924245
4537.84615251059,1077.47298536304
4080.78619379877,6208.41341231406
3976.94418446128,1878.74372796448
4896.1190991475,5927.03918484565
4394.59602231149,4782.67531934105
3129.96512265549,2815.21715168248
8329.69198153102,2963.88904113903
4429.32817096754,5604.57611254642
3738.62175001024,5207.1517983151
2013.3860988348,470.680508810324
4105.8895926049,2593.06189939938
4122.0279219061,6937.45096364129
4164.39380222331,5211.98249671324
6716.49556147984,1402.72108806535
4001.9176259286,2847.5545842192
3897.46962691047,7005.59197321486
4176.58481755256,5487.72978934411
4135.17967453421,4697.99601800893
3932.45880502362,1398.45870712582
3836.26923477762,1543.26601672109
4362.53929136415,2224.22386876484
4662.18201169708,2151.47923406342
4253.79248976271,3690.48291196532
4801.0305254952,4439.63907046927
3837.40462803941,1128.39427193956
2967.94742744131,2876.19774184736
3510.17889162091,1034.05357381116
4315.94276951376,5058.65010809746
3645.43464466264,767.285348170664
4433.89956545982,5907.31890731626
4249.99023230977,6618.17029996815
4418.10314322494,5716.64839995434
4682.83052275134,6043.48760125588
3264.91292721501,2861.81918328808
3717.25261671502,4062.39002601843
2503.16549762485,3296.92307188147
3923.74259799628,4312.90427720039
4024.64460036488,4579.78598661912
4457.12473258978,7513.49779339631
2667.59780894523,2493.1517747477
3749.09895656008,2412.33694756304
3728.70306457541,5250.85515716866
4204.57582696937,5667.88642372184
8493.90563449923,521.885901259239
3653.58770007473,5366.84900418306
8630.98574421084,5662.94240011618
4093.41898150102,4141.3861527645
8568.53294160642,4291.13780310687
4367.57196718219,5137.13500284394
4197.31583899852,6029.67757158284
4431.18144623564,3666.49983064114
3718.84905438406,4242.48957493715
4186.25209397306,2516.56632718564
3835.34725311844,1791.50699806864
4078.12393396587,331.499552626618
4189.53266432096,5093.77246532344
5000.25340325322,6432.67131233743
8734.39833584706,3484.80886598175
4052.20802500672,6634.42401014214
4165.50105895843,6470.00985393882
3434.76851032854,6096.11362878059
3889.30767699754,2803.62351781247
7613.95226362259,241.819062944465
4675.87254435295,4363.82535234928
3934.74945117377,5989.72493881397
4838.79455307148,7775.32130829136
4036.64563870746,4617.97700440842
4220.17177229649,4253.00344792134
3579.91833767134,5989.38369462565
4262.62643492581,4166.3350354841
3563.81634892347,7488.32099169591
3941.34097565994,3708.89656676622
3235.09029490474,1685.28850734092
6483.4284190322,540.242576314938
3866.3513623763,3293.39941906707
3388.45645894883,2035.31518781011
4327.30596262211,4655.65636734287
4059.47210881318,4072.10808541847
4337.42465699742,6730.46966064636
3560.43473723525,2448.8798870079
2536.54477126841,3470.48718145386
5170.04580992102,4586.54913351862
2381.76050316604,1741.72245212314
4410.42669795635,5416.74719247752
3872.7753868116,6267.00677315412
2908.78615267668,3183.71436098396
3987.42068934569,5966.42392301117
3995.75122837228,3967.65142109795
4031.82496080183,4754.88442647317
4454.89767030565,3766.58078881461
4165.1756724383,4049.77329386635
6912.80647846228,2092.09005963921
8739.3480172844,2642.7896770273
4553.50915559203,5706.41868569945
4253.59355703857,6440.00277669553
4572.84174379985,4617.18119082427
4591.33097945637,5261.8806850077
4079.24582273157,5212.49372871284
3767.62062812814,2864.0924531225
8148.70039942369,3081.18972230955
3981.43786426233,2798.33825001849
3713.02144563394,5506.71176160361
4226.8404854292,6950.63601325198
3651.9813725622,6219.77976148615
2619.27585946176,1783.32326895025
4385.69898308217,5915.27535173673
4440.44738606367,4397.58357853251
3894.10640200915,6070.59642860238
4896.4691758721,5377.87410916685
3599.65319929521,4682.70810923036
3547.91428191236,3870.52579828028
4355.98874332153,6714.6705198682
4972.23724939567,4455.15405251813
2955.11472891042,3377.96518376404
4361.1297167262,6108.95785705821
4773.7335552424,5055.75185820067
4189.89333112574,4534.4343379935
3406.00797011616,4681.68522237592
3729.85007118385,4447.6521774935
3941.77697947484,5318.08702795057
3869.30565777205,4462.94008627207
3796.80539783848,5991.37280573077
3967.02801057988,4753.91862507774
3036.17316895659,4216.63113057063
4391.62797562472,4677.53658949915
4195.26930869385,4811.9436684592
3162.85601910845,642.596540038288
3351.14256931458,5923.45886942749
3688.74144061591,6233.98769795128
2861.97397064366,6853.28289430877
4009.98325631647,5561.95230315105
4167.03701563516,4653.66725623775
3737.33961324776,2237.35204434413
4363.60373970548,4874.62899957226
2263.30022306582,3038.96381970626
3810.35085143732,4317.62122753576
3411.0770256451,138.214795526493
3332.72534795852,3725.32068760675
8089.3324475542,7434.75600895183
3127.60550323172,8356.15054078581
8012.62227049845,8028.74689971806
7484.016991665,7377.85290445416
1095.85449156435,3374.34631502696
7193.46735073666,7302.11267768603
6763.3724948321,7826.64101774599
1102.79654361853,3556.48778894302
9311.6419643718,7892.24494886666
1854.70378494912,8992.40223239206
747.006188449647,2330.70964185393
6992.48874290336,5899.80297459975
3039.64271877275,3311.74720033784
1729.80877130754,3750.58995656199
6440.75775206934,7757.16818180269
6565.85352867971,7943.34368083824
7327.207588959,7460.88825133598
8182.11231140627,8688.98130731801
2151.71862334723,8785.42724463092
6180.84880562026,7807.2181132268
1708.43555290344,9174.92226172974
1547.05428579017,3316.70902981665
6956.12367968213,8519.63892778934
1120.34170914321,3681.29308242102
2158.07775915315,9150.3522658856
1194.79801957523,9284.63046523935
6949.03263121073,7679.68918371871
2019.07970383761,9188.68652887673
1104.21470798003,3600.11733111763
1658.42359013071,9262.89864516103
7821.85437381142,6967.16240752556
2422.60853639176,8487.07673756904
881.334846913921,9254.16014229114
1462.90646717744,3306.1408386967
1696.36907128256,7623.38604310386
1073.99198775849,8379.98284681334
1371.43048374218,9069.50985648749
2363.2938374424,9317.16064987893
1473.53729399661,8793.61862298027
1533.00471561369,8689.58321280617
1604.87734844875,3693.09053964621
1514.10503620312,9307.9039602562
7697.22631420644,6378.1917955062
8464.64505993086,7554.35821374403
1894.43701938808,7095.29301046956
8701.32983457465,5797.90478005657
7913.93028013654,7333.37927956988
1689.76469191106,4080.56838317694
5142.55310761709,8834.0634835777
2363.48029511449,8102.84111630323
8064.1645291156,7396.98308971559
1227.05710449681,8951.70890865608
1366.69274723948,8956.58965895891
8133.07792228769,7354.92115762031
1098.9054838532,3790.5715003586
1206.59192682732,3238.88783955326
7284.38758986962,7160.24953855901
750.252532211279,3312.08509663713
1625.24820820439,3689.65842611701
9391.98289772515,7965.20307520254
1441.83067046385,3188.25980526055
1383.03554973169,9282.39480201798
1252.19189683669,3474.41668580992
1112.55866799117,9157.88350160306
2475.38294289222,8960.49223498757
1326.32182189477,3690.40620953819
7039.79718099432,7773.8367513635
2406.96531285609,7649.11479306991
1560.71775283192,8355.47609545904
8820.03854598271,8020.70279322062
7264.72654055383,7343.58648252437
1982.96667911943,3438.14112169313
1198.00480859053,8537.06156686618
8003.22961342329,7908.99480329631
8535.32017729157,7294.17111603888
871.0480124781,3136.01386575152
1710.2704002597,8518.73309468057
6813.48690750708,7724.52016686402
6980.09217433506,8355.00692290872
6387.51627607603,7184.51239776392
1721.08282217398,9022.81136729031
916.959434900564,8947.36215749474
5962.87515114222,7786.64340735748
621.168724265245,8872.75365259193
5190.34695283204,9139.70664239871
8625.42553050929,6972.89527264597
2039.73101596544,8753.4568640756
1052.89557064043,8315.57837284762
1830.34504590118,3042.24876604674
7761.84156129759,7303.81463103205
1244.7802044987,7409.09311959153
7461.78050171795,7265.47910558185
3791.26739186378,7312.59624339425
1224.29497299239,9150.34413793229
1326.64325392836,3336.1463657479
7133.33471943732,8097.98756302787
1447.16577196004,3617.6518694918
1851.41689353644,3948.13192662115
2386.57893743911,8548.58848104318
2631.90536838321,8761.39622044041
1102.0706995777,8730.56899395055
769.104574609498,3138.38362189759
1170.34995857572,8925.86925901329
1783.98190918358,9057.15059912034
1323.83415523867,3826.033583022
1696.09160058126,9235.12116570196
1380.7135311923,9157.12711464115
9077.44340736588,7990.85461152507
7491.9806886994,6748.58636321726
8845.43935599561,7379.66782209666
1095.71712954044,3268.41619238456
7986.0224077751,6255.98551419051
1701.82409586804,8141.9874104161
1430.98652447522,3556.28310539019
3116.63498423705,8453.19041023779
7593.88254122928,7974.05674539317
1185.11416074594,3410.06259886216
7480.79130891499,7593.96007880459
1195.15451569827,8976.07020013856
7220.33386159774,7626.14072621879
7641.13036845982,8093.0874851614
8917.70668367229,7671.39819780178
1415.52308998815,3981.41229056438
745.631905347476,3116.08618881555
7039.81249107929,8177.19174372529
7256.82159461794,7422.35123368529
2219.06143769946,8911.45097380463
1260.3518649433,3550.73938740706
7415.96386060098,7985.96479821315
1478.03701638455,3892.49391162755
7484.23130844011,7068.17181572079
7371.92048301628,7549.59441180325
7423.97169554533,7790.76823507246
1451.29634000782,3653.47134232164
8444.87882367163,7693.21738773298
8188.5118475664,7372.24045442334
8559.7556906941,7787.67053134771
1568.09835835414,8856.88034673065
7501.57975561161,7639.31675075477
7771.8432717711,8401.32173519923
8131.03470691489,6116.70074221822
7284.38973917282,7174.7976996285
1707.03683318472,8737.20916876412
2233.69357010827,4030.60377687936
7390.64884826273,7738.08030273913
1101.55467132974,3562.98711937099
1358.94727736148,3877.56703905778
1181.77900690071,3635.37183380052
7261.37674473529,7268.53838876003
2199.78756088489,7956.39015821021
2292.69895448618,8185.09726215352
8205.13157115342,6441.94409258428
8410.81573032594,8068.95213460588
7588.21166663253,7805.36861637183
7580.07505266589,7879.00672691462
6507.0801391139,8027.73863018734
1220.42240453918,3736.26142580587
1190.19586080633,8863.89582162034
6587.91216944806,7856.5744671412
8540.26889559008,7500.85304172228
736.045225313594,8619.64942069436
6238.88801750653,7407.7717844154
1701.70226375043,8661.008118004
1838.38935320094,9313.27126911358
7377.61028990776,7994.03476092832
5993.0690084049,5160.49642723206
1991.54307911485,8419.17332346716
1497.33601023558,3286.76097171093
1293.84654721926,8816.88094491675
5273.54331849266,7288.71582641059
1697.09266668471,9596.90266253092
8170.8444866645,7715.76569221883
1345.7041078145,9104.74554017656
1324.65273735464,9116.2676824606
1040.45396777214,9201.65240260244
1130.74866862656,3602.66292470221
6788.53149142153,7726.69252878137
1083.24765473023,3598.66002363709
1285.16225648411,8807.42691418814
1942.14099188021,8738.07798931619
1209.37254898324,3807.45366698712
7774.85593960478,7660.12294246173
1464.74315745648,9061.84861432209
8239.3839944204,6945.6829204386
2858.24228373513,8873.8963663461
6915.93001319336,7884.97382696136
1279.49123177299,3767.78146831544
7875.34970493878,8131.10778354743
7661.53088391987,8173.5894694863
6925.01290344734,8257.43822045773
1777.72985570633,8447.70371547055
6628.76294717684,8041.61518198087
1225.15428407262,3541.13552512763
1111.91502220397,3592.845492377
7256.07123850672,7038.19636500773
1097.50572632604,3331.91646837638
5412.7896377355,8682.84217705859
1541.31946640556,3659.25331779173
1614.22645944795,4773.74106626398
7388.6918264344,7489.42456392422
1407.76543873669,3994.78669022304
1117.49841000238,7783.23461708177
7458.72979927862,7984.57087900926
7324.3280236681,7441.91643167869
1673.66953434015,9149.36261797836
3313.1918715885,8271.57281421123
2108.244526529,9440.0532204411
7149.45174672565,7548.46328290815
7866.20972378158,8703.08499848665
1729.6593831823,3891.73414057667
7971.12470801201,5937.46830342838
4955.40940211644,7172.86524453011
7523.0721114247,8495.47861836592
1091.42298313689,9010.74183487941
7212.16111363831,8112.23180404186
918.618760379961,8907.5634960661
1505.19759128636,3560.08399156051
7863.89749722031,7854.37196338569
1178.98427373418,9088.79490895684
1944.17411551609,7475.19051320443
6833.67016277727,7239.38032661667
838.257836086898,3131.41322758457
3381.43311085188,8691.8280713234
1253.733303764,3526.85475760695
7439.27474546756,7660.44759511229
1710.39227589106,3523.96284585955
2532.78382228514,8928.63178712497
1704.34585063957,4408.08035135546
1709.95085444168,3843.51417878065
1457.48220522112,9350.54698612052
7276.18612950985,7282.15560798395
1301.11225090615,3526.10229671744
8926.21781454806,6287.65099009827
404.264968390827,3154.21751247155
6422.29481525637,7207.74743535993
6810.69966083499,8133.43304621507
3086.08882232977,9032.37959269431
4943.52274421716,9306.17720422362
6800.45546652498,6831.81055378086
2481.58146627057,8289.11738434622
1410.45115545085,3679.31230423931
895.586081189695,3406.95732277025
1514.80080141287,7283.93549464742
8473.9026303735,6248.82156645207
7663.01553189912,7449.40249543393
913.920317369572,7664.82120261099
1074.20507019733,3412.75676859967
8116.72141881855,6523.20105035674
7983.35815133455,7084.1703059943
1106.84439093778,3382.12588980912
7638.16080023843,6237.75385446729
1963.02756327103,3825.48018016795
7601.16704385946,8228.48210515927
7273.04438870601,8088.39756119865
2932.88490349906,8507.68645480144
7935.86850629153,8324.23954917826
2195.85329497019,9103.42476432189
1736.03929785932,3770.0391267129
7859.97113801725,7657.82567109085
993.853868334147,9237.48099428428
7110.84291053141,6952.38407198929
1495.29914290415,3682.70504369117
1235.48378430011,3861.50079587987
1620.86640867932,8811.4524972353
2383.32806083289,7806.46069928885
1662.79815316513,9119.34629477014
8518.01340650796,8080.54049415365
7432.24534935518,6471.55753250543
7768.41278548242,7275.32874460504
1653.54691537797,9106.96620358183
1414.45399708852,3686.56801660111
1836.26566759952,9510.26096218268
8275.5718962459,6998.74282995359
7568.63836237133,8435.01620229459
6933.17411514952,7405.85619345237
1052.25073734325,4498.435877265
1241.84170495615,9081.39623711867
1893.61957918188,9023.59070253327
1483.25727855773,8183.45635043331
7722.57568540738,6955.08309655034
7012.62047421858,7416.97410752376
1520.39208964532,9082.51365296607
1277.055128641,3471.7584104123
719.732906235732,3258.01977568717
1457.37914481958,3763.08051908437
8527.50562797945,6618.936439315
934.930902279623,8303.0970209212
7702.33522743126,8739.75949053988
1295.85691323016,8480.18783568097
2298.89220260987,8759.62314255464
1991.69683225564,8916.28141271615
804.357107253681,3240.48531127408
7753.63926376597,7420.61755928689
6765.29733341214,6684.79071587785
1027.23598376471,8897.12744087897
7986.8490944302,6758.2093988966
8355.86345216856,7645.07696604533
2221.62511152637,8691.54768638927
7404.81366667554,8242.88678037803
6632.78768119268,7910.72545993896
1602.78851887394,8398.86723243485
7721.37089057329,7381.02316385695
3262.15120023626,8937.99378839798
7476.83011540095,7467.24040454888
1504.28141205046,8917.86564057921
6689.60902284435,7256.13596355374
7378.0654748745,7624.06497702288
1072.89720156563,3519.88857000875
1049.79182232112,8993.20377381181
6783.13999197613,7817.30260472042
1036.39325954588,3440.4635826122
1309.8183738587,8680.56795994024
1880.68815148626,9076.94940404165
8595.00487449555,6691.63614281812
7583.38047693898,8205.39632256272
1925.84622030687,8862.7232930555
7553.805505752,6784.20278999837
1861.61920456539,9206.42643158025
1219.31617550791,3318.49705592082
1289.13142807969,8924.33538096389
7233.98737226323,7723.88490537555
7266.59528761171,7151.57079253621
1347.54062960181,3389.91123555486
7686.40842909374,7719.55371724212
887.841838234493,2948.83439506854
1232.96174380098,3496.04549687157
8054.41613645457,7270.2940476417
7661.34572981965,7465.56517284471
1276.87709981021,8975.68926400467
7881.68208902118,7912.66309465457
795.058056259133,3275.76021591731
1113.67725537887,3339.06369563447
7584.64764327915,7514.37626054466
8825.58814210659,9220.1929128429
6082.70493029203,7199.09611313701
1064.70228578225,9117.77397344796
7572.70679589036,7944.42221745814
1170.44568745546,3484.8545132114
1754.73722524192,9157.18787262561
7332.08762870243,7824.5994758537
3261.45055405603,3378.41079882245
1632.71825713334,9141.95499869678
1253.57450021021,8990.667065057
8251.53566481101,7890.22257383502
6573.5353381393,7884.09791026606
8716.66867554169,6865.13814371645
7020.48694713352,7292.38529219029
7830.29957055763,7824.63129357049
7372.98344454291,7679.68046521317
1614.76719057477,4050.55012515563
7852.49718109213,7405.96819044587
1789.88574551477,8402.65289398706
1607.94656484069,8834.18762947934
883.095065609057,8755.19748845831
6856.64150201005,7306.29882890475
8173.37974880325,7853.85891870949
1035.5036498413,3556.61383307162
7713.85248185713,7804.58902716029
1998.49053087923,9105.21515851954
1410.66280625842,9056.18729144802
6670.33162321523,7782.75830074556
1266.31609741856,9200.00937848469
1896.49777692382,8854.57978724516
7510.40419879589,7052.71650571875
6222.26463679827,7272.5543582828
1124.96275000925,8208.7792609726
1738.13753772513,9015.48298374331
1304.13020061164,8218.51875068086
1768.95460656683,8997.06004111579
836.792002043798,3621.6381656119
1889.96568158762,8452.16006755208
7973.44649174066,7772.52145955635
788.434623290625,3384.07070821503
6429.78413658955,7607.12906387842
1837.3091560369,3821.10922839125
1086.11328375452,3167.57903509468
8974.1082053736,7025.93834026365
2450.97785448465,8339.83620798261
1692.97161829523,3643.53020395772
1538.44757396442,3755.97555404635
1854.83634171657,8832.45530924232
7195.89218337294,7321.42550147443
6830.14918374934,6652.8013522462
7828.74815020526,7657.55867676188
2917.24214028599,9078.56670812547
1231.91387774197,9248.66544727927
3256.14709021587,8951.75141456809
8377.62847376856,7570.0951727488
7522.65294140221,6865.27045712749
2203.66192853609,8743.54346108903
1254.74278650872,3273.90853838226
708.871427435456,3364.15528118183
1441.23218917149,9353.38884989606
2404.40076990727,9294.64813757373
7875.06109559023,7641.98947954052
1124.96501793943,3520.8848409264
7437.95979228691,7721.18472328836
1499.41277546906,3691.89947670245
1624.80948942841,9509.19261859068
7535.20432705435,8062.47763098973
1680.31084416354,8758.11247943606
7186.89678342904,7740.14656368904
982.97464643286,3273.69543156708
7050.20933956718,7146.37222422265
1351.21427485783,9098.55024123238
7706.94599941025,7540.65280195382
8322.60887108293,8317.67774929161
751.691271005018,9175.59021915444
1785.46792525334,3650.00675381102
6190.87860807729,7890.27272763523
3536.53429722806,7971.32300644594
2122.87769829284,8878.18935350819
7458.69015254743,8188.3787335715
6560.25487984041,8296.94567518424
1741.60021662906,3766.98414882406
2104.74494584638,3913.02681655315
1646.20387036179,3963.03090615945
2508.34634086231,9149.76301058024
1515.31300727755,8897.62873264958
7621.78527172831,7354.49666135762
1380.08688648838,9085.19694085931
8302.49422885128,7749.46810173463
6317.61488522007,7712.84608713811
8539.92798637127,7618.84465127683
931.496967008475,9063.95170140018
8052.11507788489,7352.65337952384
1084.5117598395,8647.58372852792
7333.18899634746,7658.41219216342
7602.15201778457,7634.15717972128
681.884206134614,8374.54868030129
1102.41820802656,6689.60323813432
7746.53437354588,6554.05562731781
7046.47051023482,7602.46497007597
1924.39717776175,9244.47386674496
930.225481634221,3455.33290367816
1193.87241792761,3681.34206275734
1510.84298241948,9113.18065481158
1695.40277305696,8703.27093330382
6927.11954009447,7681.3510079233
1208.16301965692,8982.93034834554
1228.03368055518,4704.50987061588
2050.44399164703,9209.54428051751
1697.8753121682,8759.79500840255
8576.86648440415,7638.01412849974
6308.1851014436,6893.67582018878
1019.38166716153,8670.72207171042
1906.44410571931,8019.25887251176
1030.71851300877,8852.41120677991
1013.10831260841,4105.11132285843
1296.19494360003,3704.921155284
1325.40627744262,3822.16242774832
2293.34012024122,7816.59550199517
9145.41787121508,7771.95215819488
8367.86830505576,7606.35178616325
1140.23536406315,3214.03742087565
993.28716837899,3299.78820506065
1274.01868662901,3180.42539723453
675.056365393265,3233.14545568859
1600.70298044284,3790.10807481186
7479.52813711584,8086.16957576244
1944.32523352354,8962.04356914708
2038.32997830492,8544.04948269511
7147.32584377968,6998.48344609568
1244.93043808114,9297.25901936201
8046.23755029615,8434.88520697666
992.654643196905,3591.49928942306
1572.00400642173,9227.48580512116
1327.61566212,7850.67428440328
7248.94714591386,8380.24649368919
765.758375774285,3395.47052763877
8579.35123012515,7377.67508775342
6475.50085543257,8350.75680539461
1865.46982096523,8531.71037081862
1888.56881787943,8909.59930759929
7012.37110212525,7489.91937583549
6581.86746798915,7548.5917640644
7437.29603477607,7620.4199466888
7256.73213466402,5590.38207233208
1894.77094562996,3313.16917575122
811.477988228003,3536.71699194109
1329.99206836697,3589.32018602961
4468.24748267378,9053.04494363508
1065.78365043093,3505.34018251361
7817.72383667032,7671.32792118724
1397.81470440603,3804.43374276763
7921.34562590881,7687.55034732532
1548.29153197313,8917.99746791831
1117.37592805165,3712.94852735747
8352.33827187711,8401.80578628127
1496.42420960219,3946.58150728001
1415.63982327743,4726.04938011452
1056.44902272655,8858.09785304125
1320.67185265794,3449.82993653934
1575.60506871115,9223.73452781641
8393.90335688609,6814.71091857172
1608.5368097158,3809.40606171028
1813.61905867999,3850.94736041215
7709.93867644136,7943.91190675363
1625.06550518642,9203.55192777031
7486.43513638068,7446.40660609829
1239.66307690392,4021.50740627291
6667.07478435873,8291.1554511698
7342.45648141399,6596.29659026218
1856.6996596854,4529.97802937166
1047.92319201368,8958.77838807142
778.809495752914,3325.30647002808
787.142584420812,3118.665738128
7958.73797113603,7589.17606009806
1702.0126795325,8552.81820882582
8589.17128519806,5843.5160954356
1889.6018728322,8430.71272380185
7307.08947402886,7794.3778200431
1215.65084802936,8742.45698259415
1614.04570495433,9311.41275767141
1163.28753380292,8186.91347548221
2043.88890404876,8994.46951526119
6935.03223197853,6940.89274124596
6562.61523416669,8544.35320791531
8784.05239740978,7336.0663575989
1364.06134641198,7853.53987878063
1657.96861501961,8639.17929777829
5760.41230125586,8207.4406956668
1186.94898274665,3406.99445018645
1650.00896219051,3939.44865981017
4723.7465002006,1346.85182503336
8043.68571798234,8245.93491801211
1342.76226109816,9111.81218769542
8124.47669044365,7942.66154888518
7704.09112521952,7611.52183523869
991.578364752306,3235.39936920233
8013.36600100281,7783.31832711409
2030.3765028192,8375.77726936491
5966.90643564056,7848.48748465193
837.025886432299,3340.46011307901
7043.53044013715,7789.6652966303
2133.520320244,8766.79672927342
1416.01167840473,9291.56068184263
1553.41856255959,3872.81891980134
1877.62622763957,8319.99832223478
7399.47129111106,7838.95606081674
8523.97840414989,7259.092720302
7838.73771987848,7512.34109806209
8074.92553159144,7214.50657748566
3192.2348499135,8627.0858217498
1541.83004250191,4045.70091786053
1000.66987914605,3397.96935330314
783.529694613398,3271.32458158588
1631.1506190471,9106.66209284846
7422.12724546607,6841.78773044457
1781.72978564375,9024.05637262674
8532.40118845717,7270.90507099884
8191.92084868585,7517.74866707115
922.05844482799,9100.82243790864
7563.98128852155,7737.79135682389
5769.170411204,7948.0388747568
1065.19987424319,9238.62724824864
7977.29330309728,7357.86870832004
8346.86151544601,7977.18181503015
8447.6151805079,7631.66232581668
1764.99108861085,8754.68674369162
1548.33148135945,8509.27529560979
1385.98641221889,3696.80454911658
1678.27717012318,9111.55215361682
1032.96741097884,3619.98900598958
1751.92382439099,8419.07251910962
1699.97210112553,7470.6117373747
1388.36596078392,8758.83388542363
1345.2664016461,8879.92576129922
1474.45445817348,3806.02447204959
2067.33153792042,8762.70268167615
1007.84854319724,9408.89252217694
3194.51287288714,8226.5416281035
7654.91737324212,8249.88702090763
1485.46789442873,8814.55811129067
7536.43048762878,7031.50270298891
6133.58632100627,7636.48719007077
6774.41727116501,6706.12922245973
7176.75784351446,7381.30663749714
1722.89828721744,8292.14952946766
1722.64812091172,9047.0946538709
1322.7172922173,8871.08701305395
6628.28093464113,6540.90362442719
7517.73552554139,7835.09809786464
1764.837725736,3473.02516672404
2192.84121783825,2018.75129160527
7314.18327994037,7968.4776666597
7722.47042610769,8041.5169471694
1874.63432539236,9080.47900231613
7261.65579995146,7511.81597167514
2406.84994465428,9222.15547989204
7556.55667638075,7059.71877327893
7666.93416400181,6644.41865825077
8379.94670053165,6282.17206627648
6750.13955449806,7187.23121230371
1130.10712206878,9261.45500852197
7449.95004401761,7479.1673903915
1096.68492710147,8976.83227134412
7844.15580984208,7713.64870946236
1744.28383011645,3387.71592332773
2351.55679158802,9315.42176997929
1314.15553740464,9189.92806339357
1792.80678330414,3567.6902641139
1431.4367866634,3415.39288607606
935.181463393705,8406.53283106758
8066.66206120197,6938.35108633205
1104.10076830027,3652.32799711208
7968.84989288126,9133.77102774556
3126.00636042867,8676.88898317677
2482.23808136426,4024.97371117041
1407.92370743129,8831.69670731471
7836.17303493899,7240.32110340618
6684.6316092734,7930.72724981362
7948.84936162671,7735.23326432968
8599.78070301564,5837.61419669617
5726.44021080404,6765.14627040672
8504.61026532168,7302.06542319706
1704.17259306205,7921.12582772424
1714.7143132661,3720.23423062018
7636.44313773666,7217.69858556873
1669.53971523492,3529.03590024163
6643.7128201259,7159.37832177262
2117.44448166631,8415.96775912542
7243.48823968392,7128.721961622
1054.42112977239,3582.8254393226
998.834493376208,3452.96415060654
1398.35766431524,9099.34417578838
8702.47289526428,7850.07760076237
8443.97229362538,6997.65093069622
2179.23709522488,8672.4218270982
7021.6306498621,8383.78724212233
7828.21224848666,7915.82132229544
6885.05631151291,8045.28316984514
1237.78559903152,3526.05241022674
4265.90416968713,9305.11433258296
1441.66654078356,9228.81085231769
7624.21855600426,7651.6867890165
3787.85769286243,7610.23513694931
7763.24900123356,6775.17126246099
2228.76536027332,7691.43689731189
1399.71639211491,9215.33003774744
7224.85007138855,8132.81578106079
8572.305195178,7231.75763144435
1494.3294155376,4126.07687708489
1009.34339094658,3343.85606793932
7319.64792936971,8352.64164155471
1098.88188033878,3261.2824445762
1292.84094716417,8943.65863877379
1691.83782055069,4606.08658989036
1384.04703349768,3636.59277891334
1239.83247683347,9335.57718744087
1526.45264342301,3850.02513850513
8782.55290323946,7587.42060784927
1594.30772341538,3500.69023996785
1447.62828974139,3909.55094029795
7101.03902399784,7841.32282954127
1568.27717925645,4742.86680980524
898.794033434321,3507.83855535983
7869.72213835242,7226.65894623492
7854.61128179527,7773.48352344572
1605.20450299424,3917.36188799779
7206.95758152831,7594.30707162311
1494.93245173301,8014.70531672788
1771.92799331558,3957.46175244014
1203.08178386767,3577.73214389244
1618.31151955966,9089.14400947113
7125.97168178483,7827.97053449521
7596.53817721944,8497.15569464417
1655.88647490406,9080.63580150086
1634.20137379687,8894.8773551735
1733.79099479642,3743.37440965468
8478.71928391897,5897.37295188826
1600.49713678625,8596.02081510952
7026.89560621438,8355.05138302058
9181.14001874143,7229.83659180667
7974.20060806335,8099.38601692671
1154.36199274477,9193.57725794252
1603.22270452328,9246.61979116254
1929.13300601542,9025.519418944
1985.56612341847,8625.43576644289
2092.0825031701,3603.71344276927
7573.73247982136,8177.18172795477
8139.55867406181,7425.87017157875
8755.14673482548,5519.40187333201
7812.91582555863,7469.31677900711
3193.43094642992,5824.61437000516
2048.18158144061,3829.83537388619
2328.59820732627,7718.53874935267
7104.16135955944,7646.68666294751
6960.79193257057,7828.30167208398
1600.85597889703,3295.82540521876
7214.81444410469,7271.52262429431
1820.926529844,8701.37780621076
5600.2577083854,5434.65376350802
2016.16679538914,9202.75146770593
2482.31293389534,3777.70778844718
1301.98350437888,8600.00471545512
1068.68563003021,3672.03693949023
933.707954450809,8655.19896813353
1178.3494834199,3458.57069741568
1290.23853911357,3492.54158171627
1722.87450818066,9034.11527380728
1143.36782750966,9269.86269004655
7716.92221331111,6579.81888309457
1003.46705593415,3563.13128196433
8217.68973561903,7203.32869976332
643.200955655113,3047.76832618925
8108.38826314319,7723.69909730111
8019.32292620669,7346.37337867829
7615.75049535269,7221.6931666799
8232.63693153598,6812.62490902234
7466.11747489024,6894.34945094335
996.02229465067,3267.48588408777
7665.72520025752,7039.20458532367
2003.24104460133,8687.74344081046
6585.999728679,7006.27838303275
7718.00436810917,7185.99542485729
8158.05060588256,7835.26908167953
1584.8855050563,9353.82646474891
1018.97627870357,9217.17480174986
934.375573530558,3316.41300966673
8153.00440606679,7511.46663191832
7556.42565783726,7757.82223085872
8062.88299061936,7799.86393929308
1690.79719552408,9311.89843868377
8681.73183927955,7769.95829275481
3127.13084721546,7869.18743571928
2325.66013351806,8953.44858225438
6774.36028729193,7985.61813819461
1821.65474872077,9058.43855837503
1317.30616981547,3395.25015189583
2122.03112648089,8922.90805796591
2176.81563650923,8382.99446334221
1765.56461220702,8468.59626593262
1620.86578183377,9318.19225673746
8259.66938791086,7930.2655866963
903.825514566001,3458.40065714408
7888.18615567762,7978.18317075267
996.921840513251,3448.09878983519
6481.21653955584,7035.97277678066
8225.82499620933,7139.37392515288
2235.47464926829,9044.26815564003
1730.18389138099,7253.62059371975
5948.62837369002,7312.34591106428
7331.37960986165,7954.25609691235
893.765080707856,8593.67916842167
1331.40788707498,3808.07653972399
9353.97059383255,8013.85737061312
799.177751481752,3134.54676097691
8655.38828338407,7394.59016390083
7843.27811702177,8082.54392930413
2454.20842219506,9178.10300352615
3015.42883563228,8625.66812677123
7585.70469839286,5948.52429065138
861.813140089306,3291.8754075056
6375.35809370914,6691.63812427061
6708.67572985863,7959.47566536512
7516.77944440925,7017.71612752763
7340.79420179786,7881.93621691555
1169.13685563372,3706.32306830329
1802.39079611013,9232.71587640542
1174.81660673697,3529.31069641087
924.227570536447,8946.91864917093
1778.8344669602,3741.64541358741
7458.09086366919,7589.32353880899
7458.73350656372,7042.62821778565
7326.88667534293,7975.68548458454
1265.77926676719,7907.06217263626
1072.65212008771,3660.11574847502
7499.73006340188,7227.96167759465
1406.69349683528,8671.14055779478
1634.83666785155,3759.83329792575
6586.6684744177,7105.22117006854
1517.79239229624,3614.46326391643
7199.81609470699,7704.68246481774
7950.54438508501,7636.98948227643
7438.83515127092,7911.09779216494
8739.84427723574,7252.31383148083
7095.86276529117,7648.85983013896
1720.20896424939,3459.11546915095
1546.03411337232,8160.50349783555
1292.61936846181,8329.93557332959
7061.83280652615,7999.16785818812
990.126498302869,9076.6291466718
6840.69318333758,7314.11998197169
3435.27263413913,9119.19500774122
8473.7222177815,5986.271291005
7691.7806390486,7903.20106897209
1780.98496285029,8755.80584772061
1862.75314279081,9088.66881288493
1525.95839313134,9518.80681724871
1316.81430504631,3326.63409071892
1698.83359212375,9258.23740826013
1184.0519205288,8771.23721775347
2223.6790694946,7203.25322777011
5820.67948978025,7168.97664179813
6631.12226134814,8067.86576868998
1614.03595449244,9288.04775631736
7274.53151755135,7467.85373018346
6924.67371806173,7840.59311728861
7898.23257650844,7278.17722765115
1244.46754247472,3359.44102309356
7442.17846614615,7251.00103878297
6969.58578078173,5603.43539337678
6356.39020014595,7136.10912255084
1543.04400304938,8913.42054254188
1084.84650118668,3308.51529616294
7591.60828839077,7041.98399320437
1839.09481787747,9115.20530479743
1222.00033159135,3663.50766064527
1511.78698915707,8862.68929520355
2163.89672285351,8785.75214849428
7270.63810900116,7727.57482466268
1334.110036791,3633.47925584173
1516.61591880195,3281.6140008936
7021.61980685767,8290.73512289068
10000,7197.69626970529
8681.33623641603,7418.14886901921
7707.17502693052,6929.81801629345
8835.45432359063,6323.67904439728
7936.58660791112,6782.15106343799
7389.81906310006,8226.69071153206
4427.74340771781,4683.20890078703
1780.4899507959,9170.89680049239
8344.4910801,7265.74501552985
1899.45543089559,3685.20465192678
6615.90521643381,8457.45918934884
1519.06404370707,8029.71674693047
956.503250607756,3549.15951691985
1600.23873388252,8374.40134486661
1840.97231080668,8238.4061854784
7212.9064422334,7424.53304683006
1415.40086256701,9336.48541110439
1613.42467444801,9001.23079838065
7407.96379863206,7594.08401057415
7190.79403407112,6228.77171078791
8218.92910036268,8039.76903510619
7629.95998222697,6579.64254781985
8483.32450308954,4769.02710134486
8029.48013891516,7663.22080031257
1163.0933220788,3502.80593003213
6785.00151618846,6968.37148522747
1046.78229232241,3385.15234355331
1588.81382757832,9134.39100393975
1628.26029288611,3915.55674465271
1116.93931352189,9059.92504856245
1244.45029956669,3415.70884054126
7458.33991092155,7834.42267807937
7217.12506228522,7955.6201016586
8076.16156544298,8071.14364504417
7297.07262188235,6376.33170287845
2529.54741345868,4053.59405703137
978.446811528645,3137.69267981329
1792.96176646988,9031.18755884144
538.311200293139,3049.31696377989
1681.81607512717,8788.82591884635
2134.18754421202,3667.72240671288
1259.82451129178,3906.43579269948
1222.70481094991,3507.92412529514
1782.9614859037,4538.29816225862
1733.81991062092,9084.40405336325
1784.34343720927,9028.56140022907
6929.23047047046,7790.31538719265
1648.28774745506,9032.61222809202
2656.08460892199,7431.99551748218
7848.91781698075,7237.59576380723
7571.99656431575,8225.07953092968
3304.09891398387,8785.23353219882
1351.13599301485,3401.81729841972
524.426298000265,3213.39008606355
2633.94013787433,9176.66833066192
1615.44388734542,8893.45608341113
1872.73068464483,8415.92469933789
8137.03849040625,7328.0523668812
7341.81367124705,8205.5150927159
1694.1962102402,3392.71377599662
1713.83778196181,8927.53742991946
1724.48853935225,3742.46302679007
1417.77858367469,9133.59988034681
7657.71153260812,7791.88350253663
3693.65033056954,3633.75383183432
1355.17643630872,3758.58800568564
1441.19089867933,9068.65408778089
2725.07172022428,3530.73729042878
1555.84507993641,9993.8223849122
2135.53685834022,8960.65629146986
7887.36773160179,7143.3377338649
8682.78162135064,7743.82041389861
1264.7769161412,9241.85662133932
8584.0435763568,6344.33968812706
2189.7664257761,8753.48215655578
7769.64073022452,6680.43310846636
6740.34220119718,7178.41837953734
9097.85566518567,7619.5859901773
8278.22561284698,8546.87906701832
8092.12642403898,7608.7762230034
1266.00533473424,3258.64646585943
7712.37228150843,8285.75031831268
1472.68179447717,3721.11156905241
6350.52532812803,7104.37204591154
1311.67849626333,8935.34725566244
6727.10694052091,7980.10259207644
1410.51476890459,3476.44970295041
8796.66049609992,7705.66616053981
7217.70488747191,7035.86840704754
1426.87238325256,9059.55339734968
784.178091303294,2953.98411617212
1360.87915627494,8164.34026836203
1882.07845000081,9106.77241026029
1326.07819512743,3549.82252025193
1187.51327838028,9112.26607108706
7656.13162784853,7945.97105303369
7461.31713096915,6924.66945206516
7874.27701772273,7641.72588033937
8246.78397091045,8216.99110219665
7671.96784556051,7361.5381278391
1447.13727205837,8881.60814768449
7453.41935032189,7150.0799136549
1051.89865315859,3673.54042668719
6660.81696659672,7026.20588535121
6357.93259107998,7166.88883356132
1797.39531972311,8916.10324292007
8636.9596581392,6969.95951564069
1572.82976003683,9152.52956221434
1757.02817058165,9075.18631375887
1550.12280373384,3856.6070301125
2404.67294299551,4133.62524340002
7166.99952147237,7991.21814664735
1029.19128039227,9307.32950626625
1624.00576679827,3629.61223818747
1634.65771593914,7535.2725245151
1250.35050037934,3601.74035708465
1683.3147574144,8981.4765715907
5606.37594224542,4400.06041125351
1573.64448920942,8277.01944362991
1123.64503703672,9145.28700626607
7682.16369760526,7835.9236632421
916.243727060311,3253.62093242085
1556.29666937974,8883.46165005049
626.51078547765,3300.49119143676
6916.89960553536,7375.3099789487
1261.93603159031,3734.58680991269
1550.28123915763,3332.61860894837
8173.50918048819,7874.40488297891
7039.57869476442,7791.50098364743
1363.53008190316,3616.20929730272
7142.79070001345,8116.4009848249
854.757166554808,3451.87828296586
1341.59644314874,3708.39826197971
6480.95118422384,8090.47613227227
1541.66092772762,9027.02613957087
1644.09873082998,8631.94983737213
1369.83084737268,3917.67679934126
7505.76094680601,7279.22180638252
7761.62803386133,8257.77042329219
8099.41958899582,7827.55151240226
1560.96772667032,3516.04157252733
1840.1806757973,8845.61657377275
6626.60093326468,7612.60015138055
1169.03683551644,8992.60847890663
1582.59464464312,8925.6111210308
1495.82925733856,9294.61018199423
903.029566090673,3268.65900644559
7514.93815305881,7252.80819294869
8006.40883602672,6948.91154911494
6090.15030143032,7984.12438048781
8050.28401666528,5813.84563237204
7576.37747882841,7570.91343611756
7257.73136538111,7166.27302044127
945.645485072534,3528.01408192795
7982.12267558733,7238.33196200496
8587.33892149776,7777.00527798499
1285.82459204706,9093.75971856088
7329.79954496565,8081.67959141942
7907.41075423448,8206.04850466583
7601.6549083768,8352.34706651368
2284.59899771726,9140.7308015535
2173.85595881581,9006.4558042786
7104.68656972465,8248.64951283269
1301.54925051456,3618.62436334282
7846.94200804876,7956.2445117654
7751.41523286886,8104.53603346332
1550.21443351372,8910.43442384837
7769.54954467154,7128.96621181221
1744.12836582354,9045.72032249659
7689.75192961172,7714.70762978976
1515.21707773176,3522.46251478072
1610.31754998376,3884.54826519222
1174.24684721453,3264.21010158421
1613.47571050254,3948.25075529596
867.512880929099,8824.83679498393
7006.54771510663,8840.51605516352
1028.28309922188,3430.62135243968
8083.14783168283,7779.52492666857
1356.68018072902,3588.89771280954
1004.81307635372,8623.22233728146
1626.50442230689,3568.20113441761
1951.79225264073,5356.43336278311
4271.16150071054,6568.55192651229
8469.08847805162,6216.94023311033
1161.48360214801,9116.38011567106
2236.01538717217,8182.21468532706
7752.82338234096,6891.20036673971
547.797189640209,8045.96655987024
1722.33119418637,3153.01145262832
1749.44810692341,8695.851453625
6677.60777213578,7832.06999332271
1235.96889884905,9224.89523685328
8045.509180587,7687.01265112877
7559.66145224817,6927.31557389471
7948.08421613171,8945.80164537186
7546.15001735565,7867.45948900791
945.647735191284,3693.66541655834
1283.26129803583,3071.40441352608
1193.81008927805,3329.68449597635
1525.80552135134,9037.10220608152
1439.66026239563,8892.77459734486
1257.5498274072,9219.68091679413
1700.53558502446,8950.14042494609
1807.22463376763,3708.83494434365
963.093024902491,3413.96040121896
7169.72368694151,6636.68346547224
7187.17751660058,8600.88245102125
7818.90216921712,7847.64114747007
7336.5096814994,7272.44873690296
7812.33574708335,8196.15749148677
2700.64626598687,3406.58681851412
7650.17971248479,7773.74596446022
1012.65478355256,9324.52711807327
8037.59673444498,7334.68222446128
1805.7652174309,3840.29776579069
1310.94719679158,3706.67012662635
1126.5974159034,3727.5574768518
8159.16210734376,7064.99181963288
2069.07974631338,8798.82285334656
1841.38214773791,9137.36153865686
1536.03410795994,3598.66453197518
1510.79088866859,8988.35726287152
1124.05973469871,3562.08790404971
1514.38632568535,7954.19441541693
2521.62341150805,9012.43602981487
7552.53762409503,7276.45034047999
7566.54001215429,7326.28797555503
7570.37731242435,8381.03379893133
1122.32095485854,3373.02143483605
1978.04743147671,9164.0279380422
7800.52181924536,6870.20407892503
1331.01723955514,8509.84445877939
1240.91701352492,3407.55536818858
1845.8333484163,8655.67750987439
1387.11427174933,9040.14748091231
1171.94906795352,8163.72084688244
5917.25003566768,3497.68597247859
6472.93005458532,7617.50352558336
1359.31556108594,3483.19442787199
7473.4691191587,7625.01176651205
6452.58526567713,7112.66567144834
7833.06567061088,7909.34074177271
2813.93307922417,8924.68961239775
1265.34021510313,8726.6617162827
7218.75283688177,7260.61645929905
7743.39027316321,7784.03907767364
1255.39005898623,8888.73032385224
2392.59426800715,5675.29669656266
5998.78904284077,7942.40047412902
7694.31945179861,8124.91275929611
1484.08446367125,8867.20166038001
1558.27491261842,3702.11806030188
1179.73165679998,3618.36223473179
1202.75888630492,3425.15399811084
7896.92937328254,7654.13121523558
1436.97067288028,9044.52080072839
2019.9428744374,9226.24642022817
1476.75709902306,8627.78862571226
6904.47691462369,7935.95955091457
793.552136760174,3368.88124945774
8059.25864641856,8021.20184086
8182.40419155559,7626.07711624822
1137.06885048073,3524.95448335474
832.036124766757,3207.85356005666
7439.05779016521,7744.3316606976
413.275939473614,8670.98218029087
2365.77572419379,9219.60373725567
6520.65697051814,7434.816800048
756.754710315719,7721.96635615992
1169.59942874485,3488.16352312722
1750.77516041451,8152.33844588052
6248.56521743067,8059.03609884284
7981.95935619614,7857.96009312905
7712.32793576783,7935.83542645733
7536.09543252318,6991.6330690945
6991.90021954544,4238.65394218346
5004.08904867539,8862.70589083773
625.238081048318,3252.63610707752
6544.61795520374,7285.64663746113
2167.13126756131,3378.22438052277
1813.51473557029,9188.72116989953
8500.40451984778,7531.36266887723
2392.42206015777,8424.91175081354
7346.57041222889,7908.53006859847
7739.89455705612,7247.04096824528
1899.0655488927,8114.06017464885
6950.12547481521,8026.82453674498
1613.33068000958,9171.21432896508
1823.41820464243,3857.86924535885
914.151123836736,3228.45909211416
1914.1141721672,7684.24367776289
7577.29093224301,8034.74194229368
1420.25002703368,3875.39920751616
7447.32890771638,8301.52398531611
7508.49859462202,7412.97929039099
1397.04652054917,3801.89372455184
8198.93796153211,7976.08821599669
7422.95082341432,7200.03057900965
1874.79047331976,9292.23707735563
1234.8640774305,9296.59822500621
5886.31535093847,9200.78510627166
1011.35555385259,3426.29894731462
1098.50293055614,3425.32153211737
9252.27820946357,8047.72412533288
953.254875023797,3200.05468268925
1741.20001104218,9327.52493612267
1256.3246440402,7546.4849992439
1149.40005842538,3642.85632147533
1325.11243300441,9181.33507225532
2002.70310587952,7244.20606374093
1604.65011347599,3674.49588401882
1294.03597643853,3648.31971700259
1653.20461197303,3626.72137116436
1951.83861397492,9086.59294394421
7606.46966967921,7571.47356710702
956.087735554601,8386.17821078146
7138.1807279135,7058.90136547368
796.897506125847,3019.86823613054
7135.50805535494,6981.46685932424
1731.19437884152,9387.36053942198
885.147127129775,7524.90547077538
8024.34794184755,8050.00741944513
1856.59717429662,8931.61019744392
6821.7313210388,6839.81017688048
1500.56511632317,3629.50859488847
7058.77880672716,7311.25705789721
7435.09385818195,7609.46821976972
1458.51519804543,8732.93853572668
1505.50289718851,9154.08772936511
7254.81568537549,8442.4078470594
1572.32950702637,4018.83753356989
8482.10412777581,7676.86728572597
2167.68057439817,8579.02185532023
1426.45268443039,9021.78381490185
3094.25956733927,8113.01568030561
1241.56803980944,3581.36934755301
1507.09765633286,8670.94336921213
1519.66657551726,9222.27542008162
6271.52214088223,6971.09773604661
7139.28032207757,7436.88771111647
7446.26686668252,8279.15717714491
964.292315014227,3284.92678917842
1139.37750207451,3140.27919534011
1643.53395048463,8392.54846257806
1888.65749653441,8844.85332828292
2877.07333071304,3345.34333396963
1257.01648867443,3680.79185706622
1340.0704677593,8925.58582546235
1653.23143809872,3765.80487984057
7722.70001063572,7366.39914712178
7679.40446065585,8222.89645206353
7553.4075672908,8044.6783427234
1677.82625235933,4072.77887924657
1192.75126928231,3485.81051472519
1991.13339059759,4110.63534033702
2358.72395511693,8592.85943063401
1995.44034332913,7867.20653496751
1339.05527713083,8446.07050712006
6603.79211209637,8357.44972770174
8032.96163145054,6490.06797731967
7942.54480353553,7541.43679538457
966.879127112205,3185.32043463134
1518.96335755037,3532.67553183787
6550.51215611253,7867.88292020344
8158.06975928296,7510.51373389796
1447.81934636004,9282.63072535273
7816.84486544434,7959.92307106598
1379.81633100273,9171.30171839038
7645.97215112587,8062.62494187328
7822.26152016764,7028.63029206031
7435.20587937508,7756.26050788882
1245.87799603007,8917.00325331612
2724.01752470261,3673.48095674546
6845.00672647517,7414.79619426472
1704.56286066841,8901.62524670452
7748.30601991204,7555.68167180982
2037.50477230094,3423.6419741321
1699.76099732053,8476.1342488578
1375.81165576669,3495.89681984021
1216.59549185515,8338.08403343273
6791.36647534557,7163.52594909067
3738.84589302898,8193.85114647939
1433.54229884844,3856.3399187182
1312.56480527656,3485.20221317578
1764.62450208538,4438.62680206589
1735.04039458849,8205.34483707832
7520.6746399317,7918.99600557292
1805.94374311332,8486.32041542321
784.366671247447,3389.4783587405
7501.96449593883,7983.27135906336
8579.05026624584,7127.73736942373
1571.3596834441,8914.3913483077
1094.0968269029,9120.87401940216
1537.91707390375,8318.71055625269
1391.18757139104,9149.11723967762
1499.3911280061,4027.37673544163
961.001190352448,9018.39478272411
912.170087172111,3068.62640321023
1117.13814224108,8398.56516393279
6663.62406332653,7707.27748494771
1295.73380161648,3486.72263247773
1096.30543593831,9077.36242242187
1499.26145690448,3894.07544244488
1758.62978968772,8890.24947123296
7701.96522290645,7320.4603682304
8528.84605920354,7787.87408497156
1969.17621785876,8776.79693579034
7294.2219808532,7607.3934841806
939.623814353107,8991.92996498734
7953.55189678395,7176.97558328939
7725.21109022851,7703.28666072894
1611.34465371404,3685.93054325316
1262.7210695253,3818.56157027887
822.41413357328,3396.3463659767
5672.22848342829,7315.58788024466
7640.97802725595,7546.2844507351
1676.71092900635,8360.62522240993
2079.98148678645,8277.89007138139
1470.06010140746,9126.64207181334
902.681809384935,3586.92085734252
1912.60329939397,8773.34163493463
6990.22073594073,7598.23759671015
1357.71010198737,4018.92839881873
8242.86403727538,7960.55207429298
1461.99079323299,9216.77979224289
7938.78203603335,7062.28636554757
911.173077104325,2919.14540563902
6847.98306618265,6948.06150030905
7758.00052203164,7784.45491975054
1545.29463620352,3249.63809669513
7296.53565777338,7533.73878678706
1598.80345586862,8988.74204484029
1601.63132506451,9087.25876494299
1514.47483173031,8398.57842577614
7117.00229269291,7388.52887719236
7559.9754670181,7743.28057528033
1991.51074728433,8941.49212710922
8955.1937774416,6643.97307987382
1966.48123772895,3824.01612776515
1837.23583543817,3652.59468478409
988.267373820664,3487.93192221697
1103.56309634123,3467.51306243883
7726.55059132923,6302.88352545625
7882.08026966785,8434.62680823792
1266.497818391,8998.32657386879
1165.97107914048,7843.32225603806
1114.17645290503,3902.56646875297
1298.15456438678,8336.97585718077
6755.70916691513,8112.48642275821
1260.91777424254,3334.06342559169
1682.02335658637,9141.36817099211
1771.30517779414,8189.51139473467
2746.49125284156,8691.37106647905
1478.9255940664,8226.83278954113
1615.71312808387,8590.41188352156
2028.95095276348,9424.64637414984
7134.79421366714,8504.5478398852
7773.94336881929,7653.11403166647
2346.40463747386,8247.69803090057
807.443851854549,3323.404571157
1409.56707007014,9024.78399518743
7090.67103185053,7264.80038610273
1347.57930508153,8960.32476718584
1537.44443828034,8952.3444817332
1372.49863349337,3350.91317717965
1286.89819420713,8677.19340032238
8762.89960909562,6792.60902840774
1943.10711152018,8417.45990352319
1803.24711946905,9199.67063339899
2216.83177798744,3739.40364440247
7599.83407061727,7266.22027008395
1958.13004438139,8775.90217253589
1555.38359701921,9024.67708378336
1676.41751885998,3937.81422489655
7404.80124136718,6593.75526355055
1772.94664640769,3492.85459654469
6141.24982495127,7624.31376739051
1573.20910744867,8362.06734163278
1583.38872493225,8942.46345163874
1417.22683089179,9195.62247789153
889.371298247857,3457.60152419372
6670.76569977456,6474.56297868338
6958.82504438149,8332.45714824649
2098.1007065428,8412.51529559296
780.813964067771,3925.19158649756
1423.18665880231,3137.43547500368
7230.63707989065,6749.73997163422
1535.62229636398,3710.77482464957
1762.84047288561,3979.85370773379
7015.70028064401,8393.5813527966
1698.43270368708,4088.76186321942
7104.43800890876,7969.17242286082
7933.19895245058,7841.85785127477
1469.76354324553,8989.33907441114
1130.94881860524,3440.3701389773
930.438757544754,3697.78054243313
7761.53573825209,7140.34767292801
961.466061429626,3268.11588360725
1059.086803539,8806.41457345684
7870.72728571816,5404.01112737569
1000.6342551902,8803.91222064444
7140.82931682414,6961.64110420189
1228.19009856654,9105.13671869136
1748.04947615603,3993.4246184136
2266.51561592951,3944.32212088551
3076.99394449752,8204.40192500809
8630.49760065193,7198.97034161727
3568.68061556801,8862.76336542252
1192.04255657257,8195.36933328871
7286.45058156669,7554.57979583494
985.584714640293,3449.65876715309
1523.51725470316,8915.10228578666
3019.37255207787,5525.60820721396
1399.45391675398,3809.26848844521
8535.42647214777,7533.10103735665
1527.37677002191,3598.4816913594
7733.08844446772,7464.73308417536
1668.38763635216,3746.3682775736
1427.20276459295,3622.87151290302
1569.38984935921,3756.40273187709
7516.28496190562,8167.16249138782
7469.89675626516,8057.13672506881
3770.68401338813,5951.29679177717
5649.84363868464,7057.74947565898
1050.0747394389,3396.45193946246
2797.81112579149,9054.0313682991
1425.89258926862,8403.84344083336
6728.54960553448,7077.88778986569
2058.53358449548,3859.93578247299
5585.38201515851,7281.74122548812
866.449144080586,8639.26977737737
4275.16628089073,7662.42562068169
731.676503638969,3517.37245896187
2077.66955476846,9206.70216139252
1665.27339221861,3878.21453657265
6759.56562179901,6724.14450104282
2115.31342888128,9109.96355685456
1244.19979848542,7415.53717405169
1339.02801559027,3713.8660344743
6277.80104151069,7265.52688597962
1315.63872591821,4718.67995785116
7234.01982298527,7094.46016601763
971.732460952674,3602.0393976832
1361.92067625732,9005.01615033934
1530.90756418485,8528.99084448002
1677.41529673744,3557.37077162063
1371.41980067867,3731.14645226594
917.329319649501,3562.01090897139
1623.60514822531,7977.16598965733
1257.37180188422,8974.05029721219
1947.23847440878,3935.10172727968
7074.29098480264,8004.36269049693
5019.90088092331,3361.23432637612
1337.46785539217,3408.58932216252
7386.34613601925,6787.77648764616
1467.82918839125,9239.20427934037
7624.14923239777,7679.19918472001
1461.6583600426,4640.74057007279
1873.83888962102,8988.21746683188
6092.56194819131,4467.84674693399
1242.16215961262,8861.4968399791
6253.68842541034,7472.2471752535
2244.34205774687,8710.88469728566
1703.58456968068,4437.75732277124
7128.68199530894,7535.54525713114
1183.17077081753,8992.05554068235
6988.13054578749,7622.85188313551
790.210113800339,2957.57302966319
7589.28337575767,8081.91547694635
1804.69110817303,3406.59200171253
1446.62973510066,3593.53845618923
2390.06262488877,7798.80637179343
1684.55822911175,9293.11998690799
1740.05425429475,8787.82769975057
1180.14231182436,9104.5224638224
1333.12721221432,7320.26421381166
517.041962267224,3286.88702242733
8488.53424529125,7591.02586920393
981.170255327972,8999.36524482988
6555.21749748394,6707.90945100869
1618.18563796974,9223.44959661455
7302.29914633531,7807.61768483834
3332.26124745069,8756.24445174263
7648.65688543667,7698.33089324776
1753.15290525121,3714.21391859557
4741.20361648771,3982.57989280317
1692.02389290025,9020.54471057097
1331.27733249884,3642.51330658995
1712.19717684199,8510.07984666279
1535.08408547401,3743.93562329668
7239.17072401633,7969.49250632015
1943.7377849443,8715.00337862125
1532.49819318346,3613.05805487037
860.88970511346,8900.62623893995
7562.69165656197,7803.21274248538
1503.46294635303,9055.19422864442
1696.94664256293,5004.21102177205
7484.70261672993,7555.55562339573
8447.41457134034,8284.47454124373
1794.15917411179,4097.18868876669
8516.90510294423,6978.6254848713
2954.20192460421,8839.09010699902
6792.73418164498,7478.18112542978
6429.87732186359,7770.20040315913
1108.22824935981,3266.56779866484
6742.75851641365,7437.07197855483
1411.49824538356,9048.15008224471
2617.11535573137,8417.09697795273
2153.70269889951,8711.00817224529
7119.41524701276,6699.91349197489
7611.29429175058,7544.35038137839
1388.3429638339,9102.93190898034
1471.66420490484,3877.45450942421
6568.56980579802,6810.42405261931
727.180962351337,4490.78300762791
7209.20761902295,8020.88568655126
6881.61087431773,4373.91273583873
7274.167417074,6443.7258774867
1609.70109978223,8624.39302638401
1366.50482785047,3661.51574414255
5829.45532514519,7078.16518601362
618.230245900677,2873.68393321545
7505.32512431342,7392.59713130832
7897.68108707727,7883.56791212415
7572.17886761468,8517.39128062639
7495.94938093137,8078.4245815339
7874.30125970346,7796.59236965238
9248.61989307693,7718.32821943315
1914.5847471639,9226.19610423319
1179.56776714434,3465.78035967401
1040.73109651705,3390.43012442375
1087.35743716614,3308.60240467459
7187.48030558925,8215.56842134849
7716.19888833336,8044.85188520261
8081.91875839744,6405.02879089912
7761.88343340202,7771.8259940103
1134.58395832773,9030.17659951085
8011.85020238236,7460.84599802114
7647.98378305017,7520.65789013601
7048.14215742518,6975.89122824928
8830.92749571569,7171.19640413066
1557.65974584285,9108.19994974621
1440.76550703524,9649.32032155422
1042.79949862321,8799.75349221551
1503.62389211844,8745.17923221701
8552.27637697765,7435.11792509539
1294.89168097443,8532.0765863135
8548.57885568871,7447.76429446439
3727.71456463129,8040.74179499127
7026.49574541825,7761.90360888912
5699.2717707372,4488.23376208737
1902.45709835129,9111.68279105996
2499.34059696911,3656.35330120912
1898.41094913477,3635.8271584909
2519.99203142067,9158.4224816564
7911.66939707898,8242.9483960077
991.286698551655,3282.30985447439
7176.42889250498,8049.23806507996
8418.31794564397,7502.32858930509
1766.13336522412,8790.7372831987
516.757746433766,3113.91674457816
6829.53620428459,8053.06314852446
8727.94955156178,7474.96521872661
7547.45536868995,7520.35012225897
881.498547266046,3441.97405935819
6723.20688505774,7113.95946117428
2989.87932284786,8894.64504152629
7499.77531217822,6793.84245341107
1677.23281430161,3864.92619509194
7635.18997494403,8304.01956327842
1019.21097426288,9059.05675312429
1203.0283202043,8973.86677071701
1684.38588445906,3649.00936666112
2023.86548914193,3752.64854790398
1881.9531933473,7954.03708186563
1425.37454002701,3730.94323407382
1730.84077639272,9465.91499496959
1280.4769655442,3512.19378088295
6742.64744754936,7371.56134665533
1265.17711658559,8859.37093336906
881.812124270731,2934.6584252285
1653.54510339374,8896.73457010579
1511.1394722327,9259.3445437742
1021.45359505001,2924.11764767162
1559.40727503811,3742.43600644941
1162.6436758562,8685.26708549072
6679.40323411617,8807.99591481903
7565.67110029847,7504.30187125677
1322.32630391351,9179.49816342218
6922.29742515054,8113.92348323742
1248.83317160893,3502.72288878539
6904.30408674587,7385.32566600972
674.788167027504,8861.96727867305
8309.69245244801,7053.18479975807
990.525765995648,9236.64021928267
1022.63680189226,8682.3864296676
2378.85520354242,6420.71273005296
6415.24263625386,9208.92874872948
1127.15161634985,8733.48223319842
6870.71447044872,7201.37004839825
6718.33829724404,7981.8556981816
1594.56762107924,8903.60601180685
1557.09048969284,3262.560063586
1143.99236108014,9005.63531510889
2858.72912273504,5902.32713881424
1732.37918931544,9068.02810898407
7849.22776124515,7477.02631493073
9467.38133470162,7768.03285613658
1200.57760736604,3449.76265409072
1774.49165559873,8983.36821780015
1297.98570412083,9125.882594366
2231.04218225762,8121.59566053243
7878.63177626906,7237.64726607639
7328.45378440168,7111.26840806129
946.471025178967,4340.20978035227
6944.18861057494,6810.95948120354
5968.19135350518,7358.13122967271
7233.25975356561,7765.79138477809
7898.54624247425,7205.71650396138
7378.99773674722,5597.73104032851
1379.39063059549,8348.65628917755
2070.32500419575,7404.8708318972
1844.29691285819,3732.98020551321
3104.90731569953,4138.05921176175
1373.41405354206,3971.90695376676
1996.90210713971,4373.8092804923
7890.04668247154,7194.86658386514
1046.4845519421,8991.68458958005
7352.06471203241,7237.44477460032
1338.07801763827,3664.50219430595
2381.90369328808,5609.50797796106
2489.78364903242,9101.13879604469
1339.70783961183,8853.29426336099
6985.13885819814,8096.17545294215
7703.91757942389,6698.64529089322
7000.73848202413,8126.486003557
7772.87269980948,8053.94039906376
7538.27730230535,7797.80676372791
7108.12222997564,7351.69234354816
871.798748871747,8762.12221137548
7540.28474652053,7384.98687078167
7313.07749256485,7393.63664843432
1893.34541586495,8756.63224255413
2031.34561044396,8676.2390694008
1594.50482685674,3653.43628946789
6541.18167274863,8022.87851766062
879.071046743642,3442.02167930482
4018.27666079162,3788.4656134229
7838.96558143649,8586.23994087673
1210.31436145585,3626.0190077151
8141.64202877467,7728.52328205156
1676.89704370395,8935.09770955036
6773.57792610873,6364.277762406
7027.67550500669,6881.14544192807
8642.31162498718,8113.87335552189
2621.74506498458,9063.15655405355
1804.92896881453,9055.30849853682
8075.07452190701,6329.23596602409
1716.84058317377,9007.04242457701
1587.23125013674,9077.0594585941
925.60415516531,3353.06038068403
7680.60559649818,8308.61585538149
1378.67699341438,3754.54706711052
7897.39234271784,7645.22464589353
1652.38331391532,8784.38571015397
6695.59311170801,7780.76012820348
1271.16290454648,3324.32308200615
1064.02230483175,2961.20413750408
2945.45208826631,9005.14326175232
1347.73498630499,9190.79285403551
1868.31180024716,9158.94827490649
805.806578494866,3301.61376260997
7618.4371414862,7670.82702639291
2130.27076063492,8686.49916242001
7148.63191779272,7906.13213743991
1047.70261395677,8906.60885402955
2115.80951593844,8730.96157549626
685.181044443014,9092.77695559416
1050.19232288057,3444.05356203811
2176.84139949508,8845.09292130973
6581.58291318529,6654.05804929206
1870.66900322474,7961.63754860208
1385.29826995818,3737.14948337266
7296.60736536629,8121.39388482172
1167.03031243467,3056.76775125091
7874.26034064362,6889.57115884677
1142.78946570413,3259.92909986667
1049.62654419397,3214.62566014458
1340.95386815564,3798.34552886235
7778.64950434362,6982.29705161889
1283.71751126834,8235.27836071591
2482.50154576719,3643.22388409011
8510.35838510394,7834.31076618791
6751.57196049662,7838.05861028832
1182.58066909564,3227.32955622035
6724.65772286818,6805.78117520608
1400.60124928734,9209.43245439792
1681.34170166374,9015.52119454743
7507.57171707307,7989.89759220205
866.822307531302,3111.00003280853
7903.43968469289,7649.00951728677
8219.73223926822,6731.20624360998
1310.45631741822,9222.32519439672
7424.69297654713,7218.80583317716
2525.1408813426,6099.28593295608
1735.05493150477,8504.77331873456
6559.72714931583,8061.60540055933
7707.70734678247,7279.18289354558
1406.95036771665,3217.6141887778
2226.95753262859,9079.50833289807
6846.33827194558,7119.66327032989
6858.61026726942,7456.77718082462
1216.60439597544,3452.86972391499
1142.05958369626,8946.7610117543
1563.41464477471,8407.14341623599
941.648201868484,2954.46960937533
1589.66773088711,8535.57033994882
1332.72766776185,8616.38544063065
7588.49926988584,7730.14572407638
7729.85851100038,6893.57577094063
1405.63648514831,3683.05612460497
1531.57672213154,8941.60687576941
1895.70378775365,9183.1395349636
7460.54679980229,7406.08530683547
7064.09122485659,7942.80481050526
1416.84504582146,4505.93147483065
7841.65912504337,7837.6922047231
6823.35212147896,7715.4358139949
5884.43499607455,8493.77415283641
7136.23869500029,7304.9082321045
1193.70306938938,9052.52497679948
1353.79661104122,3061.92782223629
1050.54429391222,3305.67837185511
1631.07048099031,3886.54463477526
7865.1873959535,8063.91557569119
5937.25050914848,8275.41035056829
1257.251524231,3705.27559010398
1724.04185419242,8430.14462662641
5411.01638738,3875.03856623774
7994.33703162429,6083.26316233103
7302.19106126775,7391.15922248413
1929.09868850681,9085.24256962409
6339.5088929692,7549.92604279459
7887.63090397954,5727.65641417
883.085198172727,3452.78579693278
1445.85129961553,3793.65130557705
2226.579414274,3902.24337311512
1576.51260588283,3513.52243274894
1022.17093665964,3518.87699237168
827.350660781711,3174.71700871394
1644.79312090592,9137.23934603348
7171.62819508955,7519.82170131624
1944.226430318,3972.36461124151
6918.28382659518,7464.11073130126
7860.13605229229,7751.26452631088
723.186240997657,3666.25329500227
7969.20047269709,7271.41026781842
1169.67724771681,3917.6228857321
853.33213053006,8531.00715443601
2274.04686295332,9115.6553898263
2064.67517389033,3490.44549727565
3169.97723760532,8623.65884366272
6996.46149647717,6810.12269370437
7500.5585259237,7223.68708013073
8893.20217225607,8671.0689744034
6518.9654960054,5562.30090200181
7271.65322819186,7138.78005441236
1388.45988555367,3756.2559555165
8466.73172344875,7555.14533817215
1170.27847299364,3710.21683862911
9095.21400267726,8144.76320360064
6470.82678103813,8196.84657073031
7740.80722019981,7552.17815581574
894.795788551323,3368.42687460778
2439.36634356209,8558.97723296048
1125.10624359659,3642.49298482695
6713.00693880047,8392.52982898478
6808.76935315559,7160.4299301738
1105.3670676098,4341.59310548882
7748.06311395186,6542.20498238726
1242.20502300362,8526.27376190576
7478.4628821028,7206.25004072644
1365.015139169,8900.45496312349
6880.3403660358,6865.27590511118
8371.31542051341,7411.94125287487
7419.99952215063,8122.44775396773
870.154180740116,3294.63136988547
2062.62532782353,4047.69806289646
7707.09970146008,7910.35479920705
1686.37210202471,7868.22250325432
1816.68070418411,7818.96920593773
6950.26091012567,7705.20134429441
6866.18490411727,6681.80494638243
1429.17244895648,8952.51242638761
1288.87288572215,8637.38552229273
1228.01798594148,8856.35932254997
1760.78954617173,4113.87587897336
1252.35412655455,3554.91499810482
1845.42394921274,8913.87628180599
1188.49879642703,3662.93251603608
2235.66666528657,8782.87134232959
1515.88353149168,3517.91232474278
802.469604468428,8615.76267212246
7490.38049687649,8042.74871134646
1630.73228769564,4061.47351832221
5071.78302761377,9041.92221252808
1295.23090968282,3372.5799889716
4281.50943030612,8382.74918185754
1388.77317907873,3850.92374454881
8347.56103827515,8275.3351589616
7292.48310351385,7666.18897600267
961.109560056127,3375.56017105356
2481.08705474851,8869.23674913781
1651.39726790054,3821.54273498394
7356.39999349954,8186.07391499221
1206.0205850941,3427.86560536221
7812.89320558795,7224.43424489999
8171.4139111104,7963.53016309534
1658.7871140215,9361.4880677749
8844.96697861544,7511.03146615738
1076.35025776026,2518.56599045802
947.043017946666,3389.09614672094
8401.76036140053,6269.7679725467
7963.03235532435,7694.52687578671
898.864474970557,3365.99640022149
6069.54216930497,8459.37538860995
852.3101129701,3445.75966544911
917.846168674166,3599.88677461606
1775.25999630196,7914.27438894376
6889.47784347353,7768.58117664717
6856.23342140286,7668.23504630311
1259.78823321829,3996.20342944159
2008.06667381655,4058.93681040319
1215.61255608203,7562.94526995452
6745.02002535649,9059.70271416304
943.889954553646,9130.51696620393
1403.19406261598,9137.01581953215
7673.50728427906,7493.90722712316
1161.05417905888,3581.9004282089
9001.23014137273,7861.95989642615
1535.0865573512,4041.04072928306
6078.14244875117,7451.87612139135
690.357602228288,3163.5453578936
1116.29172791276,3416.54407910752
1949.5523297148,3493.14213571321
7074.01660816505,7477.70105044758
7435.97363140848,7714.49399182393
1413.49458021267,9215.75746404651
7440.23759426244,7098.21359862467
1850.14738971714,8870.71283888898
6724.70052280989,7642.9026778283
1365.53942623327,3926.25517527577
1170.66871967902,9003.04039880691
1332.48039139151,3640.98226992759
1072.14144937216,9019.41173285434
2454.45649118985,8984.2901928647
691.815907115687,3174.1337522634
7327.00766156179,8183.7832399954
7358.83656977676,5747.78029955583
1208.68546190971,8962.64580091811
1651.45257177067,8819.47879443141
567.416995250162,3414.28088394164
1499.54999818099,3820.53365876063
1345.32653294088,2704.5099972541
1415.25940164998,8673.27066301824
8503.55548184795,7603.21705990372
1259.48993037361,2926.35313229534
1493.32953346292,3894.67553009315
1654.25574838081,9407.63073909927
1600.7013370356,8480.88289141946
732.307237963517,2954.44170580599
2249.27116271566,3684.04065426171
1797.43461237286,8050.07746340561
1453.28241662699,3823.27374235149
1602.83957137914,4083.20026709289
9704.08505373908,7603.07637635216
1437.29547925943,8915.11339949854
1291.45017380732,3479.39531707613
1467.69086004333,3760.208691071
7348.42504478611,8078.60809552299
1777.71310865905,9248.02422986963
1193.54728249194,3562.47458235464
1354.0918447493,3956.18617956276
7882.03956978892,7922.18745082006
7751.72853335877,8062.07282935842
1300.87151328696,3795.94119707691
2105.17604348323,3965.58955343909
1017.6556707941,4710.75528987393
1112.4234185422,7917.26038739321
1325.91524981682,9268.07976961857
930.070570038293,3477.11176304097
1432.05899634702,3369.53290957628
1265.60591104404,3928.52470871962
663.593003362693,9209.29184172831
1626.92606454341,9189.20891650003
7836.0864834835,8131.5556410976
2480.67406951005,9001.92289120955
7409.67965785639,7776.80828877147
6769.85814857323,6704.3211912856
7292.0781475293,7779.8991225525
1449.4090529997,3708.14524962976
1930.86482135374,8834.29683629394
1123.29351568754,3402.46875903743
3242.435520532,8989.50609676859
6901.74605809306,6649.69982702135
7406.11142608951,7893.71844794305
1226.78372433001,3899.33493266216
1528.30323622602,8804.34168461106
1664.89442661394,6188.5348379548
8413.69691060127,7305.45456439967
1942.97242365425,8783.04287560922
8265.037862799,6896.51083981691
7282.66108519098,7269.13479295307
1270.78682520255,9043.21694120743
1884.04928994218,8481.27563868587
1139.54369232732,3317.2841601784
6677.54796729241,6859.67732535183
7777.83415101995,7892.63417284425
8606.09271981118,7790.3593156589
6939.31747981864,7552.12642581874
1702.57992824109,3970.58809930021
1367.4068130585,3565.93844446691
8651.11978015707,6918.70614559062
1774.52952683767,9058.75757524813
1503.96116627026,3564.24795889347
6765.11762489441,8069.35924875012
1976.66816443646,8627.30818570129
1853.40868160593,9073.02436466837
6786.88799074203,7024.6782882645
1563.97502490151,9146.18235220418
1601.30586214332,3940.03766873559
7565.75162299185,8246.29549031552
7704.16874278965,7468.77200591292
7288.60637452671,8133.4316383017
1993.91045161764,9199.6164666165
7661.33445268423,7490.15105761391
7124.12526074905,7911.09805381152
1256.98977519151,7752.4313407647
1437.98781575013,3457.75540983721
7345.94368878998,8522.04589418866
807.688012285599,3443.07499129219
763.246666177742,9005.56608045842
2013.81907899298,9314.90655029722
1669.11836575031,3957.24153235926
1051.10317658759,9078.93665244276
1501.91188075922,3394.87492069743
1067.17316710358,3709.23810683173
2260.11653397865,8768.86654383504
623.317875774044,2717.41302307421
7828.05617958691,8254.14952322735
1872.80640581376,3674.15089297595
7626.57878336291,7480.69495024117
1354.16338935788,8853.17989019081
1348.72593712788,3684.86721961576
8379.46184758515,7297.08326929457
1236.67478734811,3280.09883604645
6568.71366710385,8193.7491335097
8234.41816952871,7637.3275694193
1340.8026336665,9012.72696372966
1304.17006078437,3414.7824315573
1376.73315706106,3436.45664717295
6907.33949505715,8074.83739133874
7246.5275640918,8303.91360624556
1191.62434140599,9062.231204721
6972.35099386277,7526.87797169311
1250.36202110914,3562.88704106644
8194.6700051828,7924.58732549336
2521.09693136891,8139.15793026857
1795.39158596818,8523.68641031927
1233.2934478383,3517.11606727117
7290.14944421298,7298.99662699394
1170.06888451079,3170.41094211113
1962.99541046621,9280.80015805735
7720.60137432531,7484.64846948387
1071.39293813371,3115.62962070868
1249.43709198796,3820.70498295873
2197.95045370347,8881.29778422647
1063.5233315318,3114.87596517282
1485.52272105751,8297.66676720938
2016.70781519062,7709.26916773858
1695.56945828572,8587.78496281507
1117.98508550629,8735.90609539715
1595.95781169969,8976.93137249264
1337.0069752311,3828.27072888743
1151.46226570539,3443.72306813746
1423.87686613404,8129.44760835576
1779.63235904032,2805.08891384852
1409.52566623054,8976.35636905212
1798.39079940813,3612.27401688046
1923.13313516279,8131.01958499316
2533.3013742247,3782.74389702434
1017.48869032247,3781.75915792201
7738.37754006786,8043.86661827832
1587.12450175834,8108.53295728243
8209.79418548297,9276.80475177829
6878.9869042082,7533.11899379393
7283.95528093289,7410.29259887311
1633.98703300394,8753.48856513596
6979.61239392578,7470.37052965385
1563.80277410171,8470.39138360323
4991.90257688714,7496.97388835277
1179.95441842596,9249.13692619481
7372.70633847559,7679.54972831927
2640.48361151208,5259.82009284396
1271.52137385551,3418.14955928293
7133.24965404155,7313.20609499862
7314.57268369957,8088.17054591153
7613.51585676378,8293.05639044078
1459.60755923108,3795.45364204623
7084.00789696191,7287.10571473702
1907.3608136589,8572.89114605602
1738.0965974378,9161.36384220189
1462.05414349343,9334.22317530635
1139.95524625826,9086.34107942581
723.312752416698,3188.54301786715
1326.64126984212,3915.36347901338
2583.09403892401,8036.06576230844
1211.33085024694,3569.82773033904
6298.17379487703,7901.6847343874
2608.85807296934,8363.73205450725
6975.7023479814,7575.97243443962
1511.40040248335,8928.58907146955
1532.61699445894,4186.41555240189
1795.99777887199,8948.11469117386
964.45790169856,8858.18334425155
5734.33712543221,9003.49146053682
6747.42789195049,8195.72214406217
7637.82009927189,7654.05725484542
1530.10336336928,9257.52730391361
1710.49576926422,8989.17081174621
1762.36402211448,4074.8432095006
6394.9072520892,6518.9180690207
815.334924990139,3034.11463904893
1703.74979282435,9206.07480144445
1567.21040074848,8957.83778092865
1395.20596783193,3667.62345955482
953.912272714657,3290.35022833276
7980.43058492572,4455.94559091062
2077.02498010032,9004.19267564852
1580.84030635881,8846.32334637065
6461.51975362705,7614.77333478178
8062.0857787479,7427.65546652394
1253.01388969763,3471.79315627168
2368.13208158407,7896.78072157784
7101.14551433384,7446.48478524558
886.479477462235,8491.81893735053
2283.723733512,8181.95376006646
8899.47308531496,7368.71088336462
640.501347366275,2913.76686583737
2547.00572519402,8874.04640725356
2283.54337132255,9343.79456706733
1663.3744702585,8479.3559581031
2407.6311852395,8706.96555174481
2733.37055765732,3865.80331624566
1117.05836565451,3419.49300018885
6328.89938900988,7162.81736162737
7592.29375934289,7613.09543765838
7714.64292281101,8542.88276390938
8494.85682351819,7169.58600520793
7967.22809067496,7096.79637975852
7176.78531940403,8307.63686449167
8614.47151132656,7347.44977686953
7989.86098199109,4845.09032793828
727.551592606747,3569.36290281542
1343.4213620262,3926.46706882712
1086.95117181438,9119.35516100585
7796.88952200068,7390.98274903575
7275.52731921192,6713.67041156181
2034.9955724538,9101.4223515823
6906.65230512785,7947.06760358367
7461.55729151898,7577.94048634933
7283.72424269778,7895.50049886508
1387.50579804829,8898.05311821983
6696.93742926522,8098.42095865446
2433.77467501817,8081.77137742624
1168.18490035797,8928.12451967822
7924.03206703401,7803.78734050297
8584.16956280573,7672.78835600462
1252.55004192732,8704.44510845573
1280.46980384207,9391.58627296798
1266.57299780756,8878.33745614936
7503.39504320735,8379.05274623878
1399.89003960994,3408.45513231369
2010.99597668061,3590.69446326896
7750.97613880669,7759.17856611471
7627.56762189495,8443.46637827944
1322.64084897591,3677.58667062008
5512.35332626996,8244.39948050347
1043.39111262479,3394.43390049934
1589.58730166947,8671.33994948066
1769.45588811118,9346.94648010889
8706.80191025103,8100.60784511507
1233.00127085108,3959.68050379343
1263.19329850757,3632.2239747396
1141.60582800486,9247.20231140783
1482.01600535463,8827.14117235853
1110.56724284367,3538.81204326166
7528.3048274159,7984.5226217591
1719.15251085562,9012.70879526517
896.672352447358,8721.1085258867
1028.57208905153,3581.66775192445
7987.20979867103,6867.32452670384
1783.16202728491,9195.43589062663
1720.14897655486,9144.28411077951
1863.98154398524,8472.24507766075
713.479746580349,2967.63747719981
1425.02884436583,3406.55702348608
1176.52584564788,3379.42216694601
2854.23821624851,8991.59090503356
672.379158600868,3185.28862741329
7534.02648262131,8180.01680285203
7964.70788178137,7910.27110116532
1523.37378459279,3686.93630575568
7826.83120496139,7719.76755781401
6870.45163273901,8083.16174952767
2127.30168312383,8614.80258766926
1615.19850347692,3774.4272328081
7139.44925636748,7758.92786103085
7634.13745562132,7204.42493503153
2308.87131575434,8912.16897935133
1408.34951140017,9243.65689642728
1223.87464486869,8839.12181945685
1356.90144250541,8781.07382065663
1481.70127605123,3531.80945997009
1258.65413555041,3856.60889231096
1888.69399843723,9128.698092133
7784.22567619157,7717.31741517205
7405.57578019791,7136.1006527903
1697.60376628508,8731.90628221133
1532.55182296762,3347.97764682029
1467.92411760603,8820.92012542685
7346.20467141239,7707.88192661902
6413.65872847389,7517.91371257092
4774.29050854972,9010.05999719874
1349.69377370012,8894.46744803557
7839.72140140651,8211.7118159749
7739.47078288067,7394.89533271554
1167.70605015998,3262.93685489421
7041.39657136254,7669.72897836354
7994.01174418487,7650.61788706702
8923.99057525998,8000.58315418928
1062.10655888153,8376.74334698283
606.847977235951,8417.91375757482
1043.21996033657,3593.33566095089
1059.47184694637,9399.76207117789
1416.86542669669,3640.49001983749
8147.45608824821,7215.39736972927
1307.273033623,3462.9689685545
1567.39885293253,3688.22746373249
1408.25710995493,3671.62704774312
7362.32192933572,7932.34178394178
7169.13528223349,7771.29158407486
7249.3703468325,7880.64695958642
1714.52665675831,9118.48523821436
1673.18368705541,9324.24985806701
1089.35727236022,3413.48671347711
837.848730419563,3892.76845834086
1129.65835525019,3189.61740249149
966.429378721343,3235.31669806112
8532.76720405651,7450.01003343485
1939.68719900381,7844.75012463906
6684.85486394643,5017.55665843124
7276.42011026647,8424.2777794548
8212.2999448413,7307.47086173331
1954.7471398049,3567.3083283276
7738.05148831616,7525.5694493229
7415.32899286783,7665.92908305152
1493.97123133746,8671.53498404978
2454.39144714754,8420.04207327409
5289.35987837541,2024.93773266118
7367.03131624281,7702.15570941459
1410.28049754029,9414.70540429764
8399.11796358566,7732.46039244288
843.980696176713,3478.68838472047
1288.86487762219,9141.3915219038
1060.88199272464,3203.49509477726
2026.79109191822,9038.68246420478
1925.2238516924,8712.19913673532
775.316537281503,6580.18141587551
5144.69651205046,9057.08036670263
1862.02070436989,9164.63205358331
7692.88951473314,7357.1114885828
6893.863093713,6484.9115629881
2372.40015323004,8277.66428778883
819.574021950445,3410.37286699987
4601.12206118688,8488.86779413505
1248.27301311304,9097.50473872094
7002.35536784915,6522.81951034138
1495.70798412459,9144.76021692435
1231.22313536417,8413.20611390177
8082.64256639732,8029.36288214015
1360.73995226587,3701.27392251542
7360.63276747137,5860.58251867861
2098.54571241783,4627.34834504243
7140.70901961097,7646.61380817555
938.442946522653,3100.35857537619
6353.30737075433,7509.39057096732
8540.04113682264,8411.27008251725
1182.8449012774,8825.66486421125
6954.36053680957,6419.0503445388
7871.42280480598,7277.02384490792
1521.78827218164,9138.93096262235
1534.53568370918,8083.65888331161
1334.75660633019,3841.67041848301
1165.09009327984,8370.82459647179
1335.11690256117,3444.16543546913
3107.92783998546,4795.60953985991
1825.52300042657,8062.27754863899
7429.01368568705,7176.43409795802
7045.38292692671,8438.97783335375
3330.92376840624,9139.04053994044
1974.17162690535,9000.07655223982
3330.76100992491,7958.95147398302
1315.6251133475,3457.12993383696
5877.33425212306,8245.54911654114
1726.57589148122,9278.9153877851
7423.51381346356,7718.82663597465
7317.19943175449,7547.01066946681
1595.03869793652,8602.97716479364
7459.52969664697,7670.42539767784
6885.94958898074,4589.6001456576
7016.49405209494,8105.9547895736
8095.15736768245,5478.3548044625
7980.86103660085,8123.99878075187
8911.87730297345,7300.51946617416
1352.74368950522,8266.87509497361
7715.2979331257,7749.95678753514
1521.04366955962,9068.13797478542
1313.89439270097,3278.99224225975
7249.28547007736,7850.23220051679
7967.30684100499,7580.43717272744
6270.03919368517,7071.48980452974
1582.87878856951,8375.62440203843
1149.73906191129,3490.31532707418
7664.61685640809,7542.46479008453
7487.15190195579,7544.59791941818
1528.91271995572,9238.36213252793
1138.8031136525,9118.20641731103
7363.50621355158,7623.44674788454
2065.75180749439,9183.13493370431
7523.05706639049,6998.6533879255
1142.76997848939,8527.04659702392
7099.00667087113,7613.72088126938
1535.99902396189,9004.56506689889
1167.66116813195,8723.79924761635
1340.93910778814,3786.33881347708
1595.62372201078,3702.56813845602
1325.47420303735,4279.40513576175
6864.41253838408,8157.25939311308
6748.39421853613,6934.79933511457
1128.72030916257,8399.83226824503
8351.04393397498,7736.976135818
7672.4124478961,7712.81774818363
1274.43264479066,3593.84083006357
7484.99934040655,8199.02515303277
812.159429594096,8857.66659597356
8106.00939467222,6943.29543361232
2297.28423588248,8959.8841462742
6527.1574387118,7194.64861556286
6083.90429065091,7130.99533815875
1716.75391115659,4197.25282593715
6763.76621546378,7839.26593902613
754.67140489248,8785.07865196248
546.885418750612,3076.20367704277
7570.01239464414,7496.80503548295
7174.75573839688,5269.9225559834
7625.36905222495,8098.22151314469
1465.00680324172,3253.6080818014
1804.86892316391,9037.81291430384
1461.62325393453,8609.35988689025
7778.62150386313,7540.20633314064
1210.10220848538,3471.32863026324
1767.53644941284,3420.0522437603
8579.88141016025,7854.56369022405
1217.70202611989,3865.56380037411
7833.20634977357,7110.61103049262
7919.49696294339,8330.49306616945
820.965314106031,3033.26899282592
1178.3049502913,3344.85487586955
7172.74663426072,5727.5804607141
7270.79255167254,8325.25845557361
8297.66693742056,7855.18999508588
1351.10050261559,3680.82456352815
7995.00542743306,7974.4148984259
1279.698252373,8866.45613511158
1717.58713889196,9079.94182480549
6919.32281298151,6864.95367334741
1525.92744515191,8889.25260783072
7648.3273640243,8342.05233116996
1374.99402666899,8262.32033389071
1279.91336531134,3778.08717527622
7669.13375908768,7744.93704960385
1458.25337221435,3337.8326867697
8844.14599626628,7522.23168692099
7234.79020903357,7829.29273771986
7290.79710998417,7339.95075798303
7431.33362590195,6843.89828933884
2410.36540372486,8274.07628689058
542.172403533188,3176.94074525048
1248.45815598828,3709.25397752611
1071.73362594813,3398.72518018838
1542.90091939825,8662.81433298044
6965.0280984235,7580.78951443802
1231.04616199999,3756.60304570691
1268.10631719289,3462.83056366212
1559.20198444007,3633.65320414575
1392.76007409057,8992.81265122673
7240.03558003103,7709.22195596378
1071.69161584175,3410.57363198929
2926.42645750265,4016.07100976706
7159.39506079516,7923.7647752463
8001.23304181899,7282.01315760881
1898.12670592559,8895.70047201885
5437.40076985239,8880.66979289965
2346.75717365504,5487.56957772318
6786.17109160351,6806.09983976569
5960.41493393518,5802.77171566068
2869.6574166532,8952.21626213705
7068.15963610745,8206.18746132423
6799.26554235128,6189.8765026789
1767.27467888078,8959.68060567745
797.638396549191,3263.88036846189
2378.90337524687,3443.24882622809
8159.12586899732,7379.10446910049
7784.95853945036,8610.11958454604
1411.38708593808,8905.0769888469
8488.19294126375,7100.64035604214
7651.02853562011,8427.23900213663
2230.84018675835,3660.58833645494
1147.9216933844,3481.86576551832
1794.63280225132,8974.07070305109
7146.96382478992,6525.68322657207
7321.42828265288,7860.39102150638
7615.34523049178,8229.26995916794
962.788092266581,8930.20396857273
1797.09762628703,9148.20843951867
1784.69180474704,8360.19489452554
2729.83252119844,7455.58469922967
7678.30757033949,7206.83832156291
1311.06893269058,9141.05094175352
1466.53537767671,3446.55423697441
5111.68168216141,5788.15307652352
7258.42227453964,7450.74332090888
8282.61591726767,8021.16114197939
1455.19313952643,3670.09306839522
8164.66664830891,6940.49975046457
7410.62803892232,7903.10800080821
1474.53782608829,8950.80863772156
1880.03331525741,4163.60859906008
1210.36991067837,3725.86373422964
1520.79055656673,3718.20674463984
3837.80556855715,9127.715864547
1247.48804331665,8416.48274696364
7255.99140029553,7177.73804111372
674.716358433777,3131.97200653189
7966.35493443934,7975.96150609499
1431.79413614022,3855.47623023002
8305.86830953721,7876.77184697444
2334.43726012712,9100.83496115163
760.567379689507,7872.33407079633
1516.42244564196,3586.21129536891
8007.24791548938,7383.18443216452
1227.06494206045,8718.30604005599
1866.86937679043,3722.29498791823
1478.29796218166,8882.15841322142
8225.81350632839,5356.05237293803
5753.59143300536,8015.99941951921
1169.27744625627,3665.43943231082
7398.73776587672,7684.14894708698
1766.67878242582,9104.99697970558
1797.24472288082,3915.10964021265
1626.48011168265,9159.7047997998
913.977407448883,3471.16437373515
1813.85710185333,9540.96380567921
1270.29062629723,9266.29422236723
735.503197717203,3319.66835646487
7745.89583535078,7408.6953495798
1454.94254670209,3595.25448674508
7624.90002904432,7546.13977886791
1712.7123544874,4007.8236451779
7579.19546785516,7794.83747205871
2412.85890091861,8038.20667688824
2704.11673170666,9474.26692305887
7323.33951812641,7839.64203678957
2033.5154644604,9031.99450711729
1972.14814276899,8202.05907944072
1118.18745110414,3610.70892378041
1337.87508292095,3735.56692452108
1089.77520908714,9073.15007961832
8903.99613831218,7776.51371123049
1287.64422219083,9195.12825475695
5704.33924085007,6906.70966634228
6737.47115862924,7474.62757121606
7484.94773158909,9345.94762981925
1742.85016505392,3652.23267061958
1481.82464513715,3616.59563928516
1489.04903187141,9121.5082625561
1558.35103998859,3098.69327624173
2081.43553845655,9085.51064388465
8004.4574294109,7515.51328601915
7364.52294948085,7695.78455807048
2060.94221646122,9086.79571301102
1018.18128211496,8210.98835938667
2169.2489362628,9254.9749357557
1849.59122917559,8585.35926817511
1692.50607140568,3688.46343072632
1554.52593977542,8222.02167026564
7184.52259191505,5431.62709723913
1052.58563754776,3599.66532302945
7150.74647473093,7863.55228009802
1242.96536486789,3252.67026721389
8903.01283929798,6701.32127763798
2869.59561144822,4037.59464902955
7217.31216571833,7192.29499562228
2054.37688003824,3610.63213490434
1247.75995489498,3605.46871026928
2223.87271116989,9058.23785128287
5559.5743424904,3483.14212290914
1181.26040772006,8990.3437584141
918.05934123595,8719.21403500627
7906.69108549324,8254.13835568179
1599.34268659266,3863.47609131164
8409.52269055794,7718.6329543446
3401.65642070863,4766.22067728754
1548.61501073021,9040.31091199711
1432.66101518189,8254.06237810421
1478.26150664908,3759.47929031504
1220.89034252892,3484.11902432328
7765.92016847484,8143.09702541122
7318.12970054228,7244.06346996327
1824.84739004114,3522.93795512875
1558.45484262223,4097.12976797936
1554.4606444997,8935.60964301324
1528.50340791173,3551.80035394396
7882.9009348418,8467.49386145729
7326.76668624684,8607.64303281616
753.926070320674,8855.88980784314
7615.72158141203,7616.79701270111
8685.51490136568,6983.94079740304
1529.64996781969,3513.73132623785
1629.29902513477,9224.47122596036
1590.69503343285,8866.66097311591
7288.85392605464,7143.97199668273
7042.12987479097,8010.8596365999
1485.65926876311,8837.03841289799
883.406534422826,9239.94732284666
8543.24212111181,8219.33450514493
820.109724920935,3422.26883925669
1727.51123253561,9499.1258227222
7582.59796280006,7275.66603277217
2138.7911411727,7449.64978983701
2148.68945765911,9254.39194477223
9060.68647237248,7454.56253519711
7466.37085109755,8284.29269854496
6351.77510979409,7419.46403273685
8280.06417018441,7007.0142496756
7507.08508664812,7567.43121743745
1038.59202485052,3920.50924528162
1165.06915415795,3287.90343006195
2006.6347530848,3956.47177988839
8823.88555251353,7555.30484390374
6970.58055326806,6755.50102783447
1399.04291399486,8807.03536078991
6622.91576785024,7931.0577384595
1659.75226024436,3094.31319350024
8207.93458044927,7761.11071920672
1331.18922381532,8690.12855438795
1401.67399988183,3909.72956035338
2198.76171811751,9031.72688517706
1287.49035363034,3912.32536555194
1113.2409151507,8811.76611724039
1147.75145479119,8822.89074585566
7719.46550869278,5730.03420383803
1973.58042763711,3893.90913213992
1687.34188184029,9217.23292009949
1168.85824612701,3281.43323560555
1136.70142700921,8883.14383261803
2814.21134755069,9076.93404242253
8140.02647375392,7764.79003321335
1246.18395611123,3595.00627753953
1915.82421132904,8031.35174617449
1516.56481971719,3831.21851350675
1071.76544899662,3652.78203816811
1114.69739007519,3238.67490819765
8474.6097267522,7256.90639259624
1278.83696762106,3317.00600052663
917.856942729653,4718.04766588296
1059.30204099827,3446.5452568774
6685.67826560649,7700.46365291956
1715.73822910321,9581.4993044308
1141.09180733413,3343.85676537121
1080.0189148194,8736.90323918179
1225.34884787876,3520.43699260765
9371.28995166528,7564.29691337199
7821.29522270829,7556.33353192511
7283.50060561171,7305.66857985945
1563.45909303561,3691.04904721153
7070.66312899339,7776.98627462659
8379.56512904347,8013.99400495111
7306.94167255808,7547.69383908569
784.568825501435,9070.26963150984
1597.68586109967,3546.16403551832
1374.10771088136,8957.12826375552
1526.00113772049,8999.78658875477
1267.96679163235,9207.05123214972
8727.00653907186,8276.97086007413
1888.78321585372,9214.2818403303
1197.6995997246,3639.94789555635
761.476741742195,3370.26121884372
1506.82733807083,3705.76646446559
7373.18309518379,8273.00041372246
7093.19872886666,7518.01482052173
1595.47993124867,3938.28149055794
1505.67467283942,3683.91563460924
2257.8713499503,8282.38468957838
1210.20862461301,3407.80229319033
2092.86268068258,9046.8415515061
6193.94309038484,6896.2271776088
1056.28982968155,3578.89250250986
1590.42537154032,8145.63174639069
1145.48637083703,9043.06791537567
7336.89899617158,8062.82621524024
1493.04664213693,3872.29094658541
2333.18108287802,3216.75759221611
1275.93450596081,8894.27908970081
1897.9091020235,9155.57450360132
1600.57912885409,8410.50642160267
1085.65349871818,3033.63744812098
7821.48526031943,7695.72681109394
6633.93383883986,8178.42798261292
2297.33142110819,8676.14399643088
1306.69480053147,8847.55067409066
4763.93518379221,8243.09404862472
7673.65425462662,6913.19942309253
1560.86463718929,9268.16774054313
8729.06995438358,7321.38659092466
1097.73994128146,9407.79855362007
7529.34191035741,7625.10762506882
7219.69941282112,7381.56255936172
1555.93703492186,8659.22645108535
1260.26409563769,3454.45594974348
7361.60406926856,7158.65761820024
7147.6807221238,7858.74857029194
7761.12071175216,7079.93543113167
8197.43449202419,7435.8215986423
6764.56350365388,8179.69697738024
1311.74884115719,9225.01925259443
5300.05046568302,8561.09666077446
1281.17557924538,8940.99969729511
7405.5527477135,8241.13168441357
928.179124229959,3277.53741374176
1270.65600472262,9053.64030066598
1435.27861011922,8325.21143398502
1884.80612427908,8379.26492529092
1661.97429168258,9010.21814556413
7402.308228849,8291.89397606024
1422.26648136424,8434.14060615055
8338.67974620111,7770.5521548387
1436.40963018014,3847.74909266108
2258.22027058278,9324.5620291525
1035.88636587128,3223.99293394257
1117.0842323289,3391.29088466413
1081.92097355779,3462.49402799328
1216.27363572788,4372.42608909683
7494.24282199247,7893.23110989405
1309.12818385202,3599.78285915502
7251.86450964198,7602.24122361572
1303.23401143,3321.01889166762
7965.45191246023,6091.28603657847
6415.48954497059,8069.376261591
1801.35954595134,3471.12924595481
1672.48933514782,9162.95404611552
3244.79069984404,8935.34430673929
1537.08001452587,3848.61625179632
9165.40976047554,7030.39396245028
1340.4290465615,3873.53393384283
6735.13571868454,0
1345.96720284246,3864.76256299281
913.961978116248,9057.4612468667
2291.84236144936,8755.17182496062
1473.02701174107,9153.87923859374
1668.51325469263,8550.74349928377
1484.7678826379,4139.63878783469
1360.67468889454,8208.80745644923
6922.41865939232,6655.73570988902
7550.00538451901,7717.75117634426
1946.64539522187,9239.87381667381
672.911800275406,2991.83845949161
2935.64096061277,3788.71886139901
1304.54175170489,9259.30876488241
1091.54702961602,3681.66845669589
4523.19116825082,8532.97669111031
8198.02758175876,8286.42791733239
680.158453730168,3291.40255421817
2691.20339974121,9046.81130591792
775.911520715269,3347.29049688718
1290.62989835681,9077.25145850187
5586.61425550963,4152.10113084113
2622.35281652851,3871.91684576595
8073.26976453322,8142.14048833497
2009.26200667379,6130.85579243444
7533.81737409385,5801.50962916908
1138.98899966277,3798.99866836361
7037.55040307926,7736.76142566005
2911.06508919065,8672.26412394247
1469.2934642477,3946.38541563121
1505.3202706856,3762.7285241386
8618.08925782918,7157.80387651689
7308.85317339967,7250.19339842418
7648.76761371111,7803.55807075233
6885.14782325062,7240.8852574966
1363.93862513714,9081.68138777319
1469.96806573483,9430.4387588837
7345.04351328196,7879.00584298366
2206.87788210014,3422.046904135
697.952973765142,3177.38020917512
7347.61616624992,7922.57533948133
7293.7328651982,7420.28781760927
8683.14301185597,8170.69120782522
6901.56534193769,8233.02075177322
7285.85456363555,7620.92095853442
1274.6236557721,8650.52995281807
1628.30422210518,8071.02114653887
1674.6558729512,9215.63681787239
1139.89853032809,8913.177220875
8678.61084274995,7324.84453898179
6943.79055752781,6946.12763502629
887.99704479238,8944.23401685145
2276.31247984083,8776.78322805455
1084.62894093186,3690.23828653358
7038.07374817058,6932.29858693159
7341.09265010323,4684.71497539143
5337.75996982105,3741.76590721271
6955.1968152412,7888.33196690195
6796.22777475222,6445.06521173967
1460.80858837033,3609.15115427883
1376.45279701113,9059.39516852198
1422.48497716914,7468.99776976818
1213.09921915572,3210.82555170358
1504.58076463102,8561.95057035044
1265.32333576941,9276.95738473334
1424.84683065637,3680.19695541246
7212.25041132733,7312.23476665741
8091.58100548691,7194.07311763068
1521.05443513297,8925.76324700936
1028.80842028805,3350.79670793181
1907.42481092359,8256.29892083007
7228.32314936038,6997.74596489526
1970.95397943235,3599.85488177463
1174.60496101014,8925.82581370571
7303.45966554296,8111.89741173233
1198.87123696225,3968.26378094794
1751.30323400746,3574.62738886058
8377.14035888811,7223.93570323912
7225.06911944162,7185.95196438607
1684.16710940335,9333.90257872574
6832.76026315186,8216.36596137009
8446.40818104255,7995.3231275603
7879.55928855958,7172.87817929154
1420.20276093106,9311.71936095895
7775.65636086271,7788.41383328867
8315.76693093276,5826.69859606614
1482.86535803504,8527.97084318386
1147.99630524451,3191.34081807666
7255.46506029555,7952.71076291181
6961.40513812311,7976.19725213396
3180.84262548489,7433.03070332913
2152.71163033,4645.99105323546
977.505285814646,3515.4301948951
8125.96958821357,7632.99093400532
8162.31447537096,6532.49559336676
836.151288159473,2977.62253221247
1225.23579817565,3803.98016866769
1675.81152531319,7788.31353125046
2953.33409953156,7457.5270842934
7012.42553532675,8642.07816415555
1557.40714629239,9338.61352748783
1757.38084521238,7924.11131318422
1070.01953036031,3592.73534594283
7731.05357994711,6920.81883964267
8371.77563300975,8745.16355354574
1511.94159616487,3348.16871707739
8611.30080884899,9431.63295170737
6671.03357003271,7008.28172623292
2670.64612576171,9180.05247853616
1697.46149812655,8931.38166204495
1549.66871919628,8797.00757027202
8389.90153031609,7801.86805206903
1655.28056988316,9088.41290014662
6352.68790351783,8325.88026345765
1746.11520834077,8807.15132408923
6934.03775574542,8418.12119300307
1468.09843788233,8517.15303682787
1752.31465062971,8873.00062422878
1370.14842247415,8926.98323701525
1387.2530676788,3628.11696430825
1540.71785237359,3579.47976760978
1154.31812032551,3413.22807552065
3201.77424567828,8725.3449617887
8011.45276494979,6589.39735053218
1613.21109538133,9210.98782927123
1183.4002924686,4182.34580345119
7466.0476984817,5153.52999251321
1803.88665892079,8971.05817946828
846.462967718557,3150.7597323121
5315.80122154624,4976.29167156795
7831.02605635883,8506.74991558059
1093.85016716486,3284.86361833852
2816.46342452265,9306.23638560908
1692.3971953511,8808.63324680384
6055.33211772669,6892.64394865475
1461.89153109313,3506.90632525465
1752.16727758785,7723.47616437636
7386.11473068223,7927.2129316345
7434.29830234533,7922.5729526489
1339.74774009141,8691.14060906259
1897.51770064256,4357.7246607956
8311.66375697909,6703.76735848985
7618.40059441094,7485.98644921828
7280.90405802232,8311.02567851948
1449.1360296285,3250.04976722288
933.498230426425,3443.61890077494
8193.02092268279,7368.15953806563
1811.00488345369,8972.29663591819
1438.38238074052,3431.94768609307
1708.68305063965,9329.27839812496
7968.58193118715,8026.55528125374
6972.48317838235,8156.82484030664
2212.5743648033,7608.74688614843
5808.01093950671,7953.37855477199
7601.21949332016,7908.52960922526
1207.02836941936,3216.963455684
1495.79223862501,9177.93619790309
824.12383000729,8197.57729552603
3164.35303718463,6770.03471935534
6290.97208339103,6753.58382027596
1704.85237304848,9103.85831546075
2271.29364130689,3760.52783620979
8229.308987562,7857.95554056042
1775.93583962968,3845.0608839952
1329.35584624266,8579.57878545988
1399.9257176722,3643.33134011529
2632.19751356457,8676.32216598228
3087.11331440616,6072.13701091847
7961.16436966181,8315.77699849295
6931.375013188,7600.19915249243
8033.18505340924,6062.77215112796
1595.20655820223,7566.13914631506
2055.46067977344,8702.71234577473
1899.08822287661,9175.95821136952
1275.48731128274,8668.56120891475
7490.23712042566,7779.11145413144
6696.25307401396,7958.14993385834
6154.13642478353,7308.66831348388
7356.12866317588,7408.66385466703
7898.02450217468,7069.06813258887
7964.06647489047,7218.81114014285
6085.83139862585,7678.27630636611
1542.00573107938,8187.56623269641
2211.97776007808,9025.26801580079
7015.63542945379,8943.14886954196
1129.92342980306,9162.34131338014
8907.68893233153,7884.6069407863
7635.00180712415,8186.59508672597
8327.96921654422,7188.38571649217
8195.51691966608,8403.04634056332
1450.97999560781,9031.76921870786
8722.07050576103,7610.90419473433
1848.59782524993,9047.49490080813
1248.54327290693,3640.03019386703
1592.59884265601,3543.17916372817
5260.578218403,9244.06572535533
7286.34127536788,8011.87543838124
2030.39035314169,8531.98955251136
1234.66754845006,3546.88543358627
8010.76619701994,7336.38833689079
1972.59797468316,3800.35718126605
1106.16216177844,3092.21916165421
1642.19293595261,3821.46730698389
5483.71408914728,3151.66845154883
1639.10868813379,9285.43789761025
7243.45902350501,7750.84510717647
7186.31603345826,6467.82666815002
6394.41546795372,8331.91401349375
988.245275059155,3528.34199678616
1301.72196566996,9012.90110129479
2125.60978789919,8685.65690381468
1585.57353098163,3639.05226815261
7078.91545011251,7353.32183393576
7103.10334790462,8500.75339354726
1291.57765268919,8220.23113665087
1160.46966745954,3012.29472304824
1387.36360882662,7633.42394011516
1643.60170474013,8393.16354764744
8399.4344218267,7333.51692018559
7704.49496907247,7445.24858380893
1721.52059811079,8281.80426057107
3725.2933677616,9160.49159527318
7415.34569879221,7624.12314515257
1287.86287873435,3585.91457571547
8607.97284846116,7035.29804882163
897.819703930015,9216.29053326155
1000.88441101377,8900.28586078051
7254.62263154435,7652.06032663041
1636.90407870509,8963.00285049417
1522.33114850583,8982.57794685573
1311.11777785582,8862.52886196865
6927.69115933924,6845.72000251107
7375.55556845848,8278.52554019902
1805.73313453247,8706.55615592512
1690.40306744418,9190.38504007497
7065.04130975642,7590.07963057745
1395.3542914221,7788.51427217243
8522.76583325442,7159.12861294845
2898.55786775848,7882.87943836137
7953.53080910288,6770.88896906756
2923.64519003759,9141.57704400123
7298.5691083431,7943.28304230149
1559.3787055176,3697.4048430252
2170.12840275282,9129.89867907897
1496.68396350831,8898.47490915315
6965.92118698873,7357.30005852328
1515.65022744499,3695.12357388348
2315.78542902001,8130.53580177518
1245.75201964203,9210.37969334555
1511.54300377169,3384.9014816604
1016.5417493774,3489.12798774147
3294.35914865046,5619.39383775595
1799.55810312548,8727.89735091181
4025.4533993229,6804.02794252406
1197.79636687677,3587.39748125155
8706.02946388112,7987.31591450853
1930.73020447606,7852.51220472014
7831.83176916439,6189.96204791908
6890.84063265621,7988.64371825158
1806.70415991026,8139.95791728058
7622.18998874424,8169.94975685239
3313.00557078418,8396.35099314163
1539.37478689481,3840.64432646118
6967.23862573476,5651.05152192922
7407.5370243033,7881.90362698833
1182.82684028847,8366.91540720779
936.110062138329,3079.00663712829
1140.76852050066,5142.74067502988
9314.84488443188,7408.88847671234
1456.414024299,4079.287154015
4683.04675285202,7921.41534652681
6876.9055504491,7554.09226708661
7681.00203410682,7330.75527353575
6348.55578448109,7520.45128346793
1928.21524025153,9086.47705725575
1306.78245749771,9202.60903307748
7575.33558020583,6357.38121930924
1634.88546893404,8616.7746084432
7341.92618885808,7682.93994383945
1628.57021013869,3850.33082053855
1088.96725301187,9130.89891573669
3231.73901576586,8891.40007652006
7000.80471069252,8108.23975130029
1193.60934870876,8939.30588006513
6815.03211729932,6924.54133017307
8097.99706618859,7387.6197053459
5902.76605096269,8943.25395332109
1593.02053814191,3353.46781440077
7095.99154858402,7499.96535339259
1477.54087350229,9099.62893589972
1044.42733253892,3363.92100416353
964.927546961297,8737.51626164548
9158.0085650277,7707.0550348627
968.783097720576,3244.62949393012
8269.68422824545,7395.49595391549
2013.58347374021,8835.09482420998
7267.49321694188,8424.43922485462
7627.68827657238,7450.917361946
1250.20185646658,3642.50588054749
666.966957759681,3112.02183824102
3247.06363652403,8743.22857379084
7098.13992156119,7584.83810435005
6675.41220396799,7573.36913782605
7291.6311695109,7536.21706416819
3502.85174977156,6616.27868260671
1649.68976451707,8409.30994068185
936.201460453352,8768.45310737145
7161.93610169325,6158.31413129105
6739.07415083299,7774.51359931081
7480.68294867985,7806.32224093287
1064.04201844219,8786.39119944154
8103.66228945198,7804.51360846172
1754.26736911744,8691.65500356059
7583.95167505768,7842.23773019761
1414.18958197845,3749.50178757539
1733.70722572375,9138.11630479442
1405.16034583845,9110.95994901907
2479.60401723492,9233.1398102423
1037.01659461101,3428.39708012228
6233.42838361278,8052.56128350422
4031.27063887378,8662.44927754975
7299.56081528145,8403.79897932962
2520.41346130026,4092.61266509462
8245.33642017691,7244.86667868306
1527.41438384,3198.6712678861
1394.87415066414,3654.90044090125
3171.91488420815,9063.66166716033
1020.07129010037,3636.80908123807
2810.33565420142,5660.40416636841
7357.86454682562,7756.64181107073
1116.16845483255,3240.96770481454
7735.14047646483,8105.90422226301
8013.08994671939,7500.03653226832
1607.08986172866,3441.12191429361
2201.77348689383,7963.90821375387
7554.2088521663,8006.08742414576
1684.95519646186,9171.27131083566
1400.87947388238,9048.54476664067
1154.25862418047,5132.59925270917
1989.36886758343,9018.29125920602
1748.63637280743,3425.62486542337
1055.02477562145,3392.67769487168
8077.72810082489,8598.74155610314
1544.30417871205,4539.35506926089
1363.15573866937,9073.20579379667
1037.8145146939,3734.32496637033
1729.4075966993,9078.84309711881
1593.72186496265,8215.76583204545
7798.0139589267,7514.78762203289
1609.12820863015,3771.0208689451
1325.34449806752,3513.65998247368
7054.29844857236,7249.94404240498
7656.31469784618,7278.16825566861
7676.34404472211,6987.50408490041
1965.17808042947,8997.77675786914
1171.22758066256,3727.24957837033
1327.88128157066,3670.72352611688
599.279769701182,3099.60379305464
1388.45438856564,4623.51217822744
8205.03407642587,7160.01689499972
2130.67487389476,3955.03161926674
1646.9293168389,3805.51245836158
1573.36698490231,3691.85222722098
6133.47900462943,6436.19291825113
1449.88354074635,3901.40262780535
7306.76849092431,6785.45213452568
1978.64455574776,9579.17587578035
1092.75929326158,3618.90929668716
1990.16006166761,3645.89682833094
6917.70045530083,8019.37320678947
2388.06557939117,8277.19296136075
7420.32480489831,7727.58424061177
1156.92726025208,9117.54546479316
8823.6996546959,7449.33994991282
7608.67202591172,7432.24845154722
6725.38164094014,8568.94852388657
1538.56289144673,3479.50596786477
7809.40934750108,7555.25369977348
8415.16885538764,7799.41813649988
1641.40140163596,3720.96353020225
7014.04482531179,6093.48323287203
4023.36001603162,9124.43396056168
2159.85738938694,9025.14933560897
8101.76678158476,7336.62145514894
978.437268436342,3458.06792266811
7208.77986894817,7947.40906370743
1397.67807770028,8834.38495382654
7956.01775805755,6649.80157509253
7966.01217370682,5803.53087881287
1919.31818269519,8900.32238405666
2067.19970618265,8976.44092328735
741.658679626664,8650.31329513595
8148.96591605287,8088.37662954521
1555.60342956915,3765.40675525423
1315.67555852149,3185.8947712565
6799.00243771937,7860.94283581746
1655.96983972426,8974.96883969
8384.7188585092,7128.50838801998
6234.31857614277,7381.25172962114
1642.37758222295,9012.62234010408
7953.14330605924,7462.67971635497
8032.5333855384,6992.21438340803
7345.57312238675,8108.3574333037
1403.93133778118,9248.73750299096
7674.12627408098,7724.37652476613
2324.25878759779,5819.3926021319
1472.25877000662,3781.68334428186
6668.25634300653,8203.82593564276
7699.0772179597,8342.87124544967
1711.24376622501,3472.98630553594
2134.86525227371,8963.41355586188
2396.66537764549,9233.05788862532
2083.05449528201,8719.46044071405
6525.29553005822,8033.35990213316
6124.24402822339,8111.90281223879
8472.87998543925,7119.32153163181
7728.18330166333,7758.08450310862
7204.35359505362,7724.91403718105
1513.16156717134,3378.37911217521
8163.43396442216,7243.74523959672
1056.14808087261,3463.28280410639
1792.26707938938,8833.11730775606
1665.65381624233,9371.23478497468
1077.31296898445,8749.24467788588
1555.69722638222,7979.72297120067
7325.40824584294,7800.83719811321
700.564225061308,3052.37737180167
7781.77014095365,6845.98815221903
1885.58299704077,3508.74330257573
7423.91022069059,7469.9524029273
1010.1208954161,3409.54581215232
7295.7763766634,7082.07696119151
8061.5819885046,8193.18531328577
6402.0387706925,6313.57134660312
993.11043045958,3207.46371718721
3692.62764310235,8557.69539442773
1108.90611475939,3199.46996655994
1614.10120135419,4547.08940930612
7792.16850768693,5928.07157118805
2302.571036491,8157.15529636981
3525.64227912706,8372.76327850694
1329.19781089524,8653.4389136784
1121.94525295826,8891.5043479679
1505.58229825712,4044.47729579288
4510.47838366757,9176.20101416468
1166.88605153664,8642.47223723086
8308.11434396962,7297.08307880668
7262.26555090595,7289.59128797053
2233.06533138415,3820.69094568056
7725.15818665079,7908.32884589735
1582.83264377314,8419.62916280386
6963.61823919894,7881.68655993555
7644.27601282357,7345.06658308572
4358.15887080464,8817.5996725011
7315.02402371889,7028.33225730043
2222.15696234471,8158.02266257046
8840.77689483241,7330.74882956052
1598.03095710608,9153.88852949383
6994.73477120609,7274.29489028039
7827.61623719621,5480.37408621889
1576.16065609333,8913.75036013541
1240.42000711221,9050.38311347326
1519.97173762305,8759.35268717814
1453.59884608286,8497.5340017892
1578.75995518196,3832.52907328758
1762.88389440167,8173.45365685692
6537.62899668864,6808.00973539361
7134.38714555921,7395.00192363238
8024.54429049395,7501.59566385362
7547.65675747316,6990.86910256018
544.129401781547,8884.08882456464
1935.75993232463,3623.72088465199
1031.11452956149,3576.30211027516
1751.6053767817,9269.73628614299
7435.10394204587,7629.21561570097
1116.95803313294,8996.24723215067
805.02710412511,8572.63059100574
1504.75299874065,3028.39300999305
1084.44608736826,3331.12367281676
2825.52422986395,3401.69728304297
5615.00418564399,9502.99116076103
1329.27397958486,9363.38769132274
2936.71543626209,7654.35359901973
7358.02096126241,7324.53695371051
7594.16905261671,7561.23146788398
1987.2156832926,3842.48897651358
989.9801542112,9198.07024041752
7219.14988754879,7746.45159256697
1202.96005808012,3286.80223701793
1023.82361478229,9254.96691644969
1486.82485011739,9227.39436629466
8280.57396000816,6704.69170733594
2148.32855380497,8168.38751605459
7237.19799242157,6924.50896802104
7596.64624764826,7782.71082617851
1366.25851458634,9195.77808006852
6938.85672773601,7027.70507005513
1702.38279779016,3692.6416194096
2307.10690472623,8361.60826187103
1052.50794577391,3546.85784294141
693.927408965207,3371.28743617008
7319.47983418324,6907.65104323359
7458.91930351047,8592.18304155137
7651.05764460487,7220.74656978616
1241.6291783041,3935.58089478056
1211.25848560036,3525.55258024139
1268.57753493471,3705.71530506403
3289.26421816364,9048.26949715972
1158.2239419762,3418.01221200914
5952.91856419615,7877.97467177407
8320.14545113584,4990.56895188161
7434.36987345024,8030.40700392359
6241.10532676412,8372.91166170118
6824.06018745524,8029.03103589222
2356.50661137102,8271.41200839363
902.896439140718,3570.77816634344
7438.68439121694,7748.86521681155
2072.46889827495,7009.84114571693
2413.36024127181,8842.89913296318
7213.15563946109,6456.33606149273
8013.43339357255,7554.7372070371
1585.74709269929,8827.45706050613
1788.20104550587,9109.5973878483
7482.70295864113,7833.34050672412
8530.0925541946,6478.45017542222
4268.14661034154,9019.0436125794
1102.42879597787,9221.28771034078
1505.06631089787,9143.76202916114
4434.71285096238,6955.74714290539
969.845993895102,3438.14172498219
1500.49783944383,3700.60537053243
1152.26782842895,3516.70600325159
7574.92880681329,7576.5173354106
8892.26925557462,7222.30386114447
1081.40826167844,3220.38630392441
7134.11575815116,8149.96382479906
1342.56462827989,8962.24176924472
1679.53954649016,3657.02269689036
8084.08750254244,7443.67559668544
1419.94398459556,3589.1688335868
7971.79876375136,7559.73163971416
6251.65572886499,7376.34454869604
790.562400287789,6581.05923926697
1385.94550857754,3479.5580604641
7711.26477999919,7233.88973507613
1385.39604437672,3820.51711516361
6993.71625611728,7416.02514789261
6520.87246016008,8660.19548881326
3721.32098031521,8874.17484275949
1581.46694197051,8632.76738437807
7960.81011728457,7081.26539911839
1229.24046437785,9146.21053051239
7638.85358941273,7975.83704332777
1707.26339204118,8561.12154871113
972.080905411745,3235.69367666968
1188.75774264065,9059.2788721331
574.225095444534,3135.56364773789
2917.12144882759,3911.74334898548
2030.21542952307,8391.05757068332
854.915313295898,3218.74249852704
1445.78071864978,3802.61586840261
6429.64221673174,7443.11208066518
7287.37704186471,8390.19673944464
1682.63000995661,9096.61747569827
4849.22206573579,7865.43591248401
4579.59872466521,7919.35311189082
3941.23941227604,3812.44056318336
1148.27860059945,8958.13203012189
7565.44918147714,8156.45621782653
2005.89175985012,9188.59861749031
8424.82662454885,6117.0981465
1343.95743818338,8864.00578068514
1666.70413638605,9299.23954850249
8108.69058178543,7635.1400480938
1570.12386523737,4120.02896956068
7153.83497778245,7649.19435712998
1021.18409916572,3487.72055733935
7772.59400768649,7677.69791305187
807.624512620126,3410.13072585734
3421.42384741884,6708.7378978353
1093.74096152899,3280.93108186998
7734.16251366335,7690.50691440909
1260.93594354722,3315.63559730566
1874.70819989014,7192.23306910508
920.783214405284,3446.33193170181
1713.80600865392,3879.20693374013
1422.22093278479,3549.35788732312
8081.91963541618,7741.33417244922
2089.28098291051,5393.65193275967
2075.5126279073,9041.99363788454
1515.72267359957,3923.86675903602
1654.04457098106,8842.6885194985
1353.34782054182,3433.74053709815
6292.02845756168,7231.19387236585
7540.91898165412,8068.73591576778
7312.549950283,7548.39435362294
1686.42484642598,8881.15140788025
1223.50330129319,8852.95550499705
8235.35978040804,7158.56105589399
2085.16824165651,3784.13123136011
1999.14325353074,9078.50042355806
2031.35602287068,8974.62531954297
1748.53746652886,3676.59824414465
7423.86178692887,7350.57493731628
7670.76574234024,7684.18543700005
7663.13552335727,7704.77117098371
1152.56141274496,9344.05399564274
2087.13037309918,3945.31473514062
1184.61045048922,3262.00360974576
7530.49551857934,8453.3952928999
1352.39329691675,8834.41528320124
1582.73834035007,8685.37138449063
7288.10823772703,6118.08456649426
4298.63198461181,4137.08614050543
7173.5541473525,7936.70663191027
839.466833980178,3252.70948409984
1338.47327189393,9444.61715833317
1304.36835061573,4350.60134177327
1285.05740282817,9200.10737229606
8332.57038712676,7945.61985835347
7750.21052661374,7802.65664032866
2176.67014495564,5551.85643485789
1440.72413088751,3782.79123874642
1615.27573044913,4030.2109146755
7460.34468134168,6014.02034622235
1208.89556863618,8952.74753245128
1554.00994034755,8969.19757758565
2432.35507414551,9346.4249634991
8032.1246903779,7032.52632142512
1727.52701437393,9016.32457354143
1746.50770036069,9163.85988324079
8680.09548088082,7142.68898980329
7556.26508386955,8086.29921266163
7867.62798213125,8224.93475573124
966.824841139488,3345.31711885743
1684.693135475,8039.92449917779
8782.05876401643,7103.0572739267
1132.12998028473,3400.44274879558
2069.20620645586,4049.59694761003
7479.82923646826,7511.10498675311
7404.82925412301,6857.40681107198
6559.53587624191,8039.46231564636
7685.48261048584,7101.9082173795
8164.29255251309,6828.59285896127
7148.21860322967,6862.00046416773
7930.35538996752,7795.65100523875
6841.56538216311,7645.25968137746
1021.1051466823,8573.27377140635
1614.40064546383,8913.50406412681
6851.33100535133,7851.59592138604
6594.61868874822,7998.96043150339
1707.76057700147,9073.85548766321
1538.11566590053,8832.78567900357
7133.71947848234,6736.56750638342
1111.39632868325,3405.49191697692
1412.94961869565,9222.54362272835
2015.07031906464,9218.29758863931
2048.56888383735,9156.25391377386
1593.77816848444,3773.76781766207
8709.01259354113,5868.20473305232
2041.98996950123,8868.10542208021
7795.42661354292,7093.9052583244
913.837085915396,9111.37795282103
7426.01288435545,7577.04406730915
1220.447755762,3596.07154212322
7078.71203413829,7321.81013426039
1389.69317929625,3388.43483773886
1260.34844033838,8879.36675216838
7618.90947886652,6904.53376980168
1153.65959241791,9131.80915545643
7651.14330298419,7890.02208434487
2617.09675781505,8396.57374443762
1545.43275494574,9164.46889279551
7463.86517434047,6689.50851592841
7883.81139331799,8105.77906034959
1037.66069022365,3807.02091886114
7602.8850397737,7546.91620800712
966.500696208072,8782.21923183803
893.353852022603,3378.58951771076
4469.83822178263,7888.94361154126
1436.6202319749,9447.56623705282
7763.56918708448,7693.78463524891
1685.48667920894,8154.82672791066
7611.16463160506,7778.92953926953
7659.98441505598,5729.97925796748
7515.72320628645,7681.32229137416
1933.69089575001,8793.24028448419
7552.12502963466,7967.20141999128
1196.24774493536,8673.9473341765
1614.92242112916,3456.42165783696
1413.17380550291,9230.34034592684
7797.79531301837,7674.8632823625
1848.2108047729,9117.77342763871
1916.14591796883,7648.48285237588
1148.40853008611,3564.66380531718
7943.64067446126,6374.16747145166
1456.02500486527,3451.67049749223
8529.69228887272,7691.79508615775
1845.97423284473,9378.73623098347
7373.379826447,7749.89779193862
1619.27327764809,8010.81077793667
8492.14313855267,7955.1629956603
8163.1685131197,7245.44303555239
2130.84256605845,9095.04681365218
8238.7792072035,7429.59408641303
7721.15078012305,7689.62235444302
8099.1672655888,7867.16731525398
1604.7913980075,9082.25446377546
1673.41258923233,9112.48013044354
687.339988223896,8984.6456380184
2965.09768327928,8516.57320630048
7105.92023886629,7941.26077171169
1461.39802698746,3294.77432423281
8057.29624419094,7232.14094870666
7433.43454996747,8721.95236925566
7167.89279125353,7093.24269555033
1548.16069442668,9209.56105069949
1075.13015444257,9221.31577145395
7720.350870828,6395.43809805027
1131.91621385983,8931.17213312751
2091.09161227311,8738.47339626014
1248.13421321427,8416.77426585949
1868.43693605752,8143.67270179808
7983.93876897222,6527.3631455393
1515.10315460236,9125.6659532106
1917.16376124473,8289.89879570342
1161.18286572786,3470.02553191347
2046.03659958078,9095.1147963024
1718.45595674567,9115.69839720453
7079.50709752256,7291.59899864901
7352.58074427958,7796.35406553566
903.711484319373,3148.28118618805
2205.85677103642,8725.35593630302
8627.87401876773,6593.1539471717
1339.00231943243,3561.899413782
5029.81133450751,3729.39463176298
1154.4035273769,3387.08445785446
1024.21494565147,3182.37694263803
1516.29869510034,8967.72450361105
1514.58285726296,3638.32771011477
1231.62020446832,3822.94659937262
1020.98536522886,3726.9766907675
5721.1867235521,7531.57897842863
1642.55666721219,4923.09819845798
7385.66099620351,7797.84218112893
7885.7639459836,7889.78819310214
1351.0954975591,9402.62513623665
7197.87362413496,6251.77704023271
7138.97560059032,7294.47507776565
2007.03824247829,4714.82809753692
2179.04494162185,8798.09623852752
1564.8661448995,8931.0413124668
2105.15242782994,9031.28813400202
2178.82088055374,9438.56378051591
1830.948856529,3750.86018450121
1294.76207970427,4316.56984727036
2486.80857850113,8014.3505621689
872.139900559667,3882.52406368409
2188.55173490935,9106.91595652987
7443.23027394403,8648.84708970356
2156.27693754038,8817.81453603715
1600.77721770538,9085.80737379743
1506.18112248265,3785.37824455886
4360.69194266928,4035.06430050727
1449.41312906432,9303.17234517246
1606.36025763017,9030.27182596624
1191.44765342497,3173.00339385638
7319.31296920409,8246.77570917198
3699.61121826264,8884.54633709767
7759.58861312873,8010.35908366237
8293.59033126896,7469.22169377022
1345.877706164,3558.61541853297
1761.84882412776,9553.91939203964
7880.71504142776,7702.74253866997
8250.03041115729,8104.36946437546
6257.31997931251,3603.93013813073
1834.78980621443,9004.68518615469
1169.6777245293,9006.09999308774
1368.53460392007,8922.08699262975
2237.49178227853,8932.8024189239
6838.90287062011,7440.01342180405
1505.17301963251,3597.3531539311
6668.1325450771,7132.52842749314
6959.76548252317,8055.13005354502
7263.30883098165,7445.63182933624
1710.26959610096,7814.51587216668
537.944195326095,3235.30028650552
756.292229871447,9057.85219691233
2217.46751925998,9032.22111358482
7452.35051865232,8335.00403391665
945.62703675057,3345.10191385219
6232.8329133017,7019.87203198805
1811.34673105153,8659.7978046037
7643.51620698892,7824.74135995078
7873.77740131091,8042.13014443616
3347.06239524274,6730.76468522939
1012.8717157635,3571.83997034751
1269.63388037899,9212.23423206236
7029.48870273983,6750.87412388066
1329.11390355293,8861.59448273303
1082.7981531461,3265.81829803694
7817.36149713704,7616.66511905349
7528.7187846559,5997.57179507097
1204.76859219644,8732.24534870945
1787.13817738315,3693.24455636006
7140.48617773488,7718.28707089336
7709.55693481057,7824.90219470049
1336.44037758327,4103.98221901796
428.046116553185,3132.75114839132
1346.91681249364,8046.05559893902
7080.41663868757,8152.96680437742
9086.88546975421,6316.51481010737
7604.12805950948,7706.40903439214
6895.41154943612,7282.42720366259
7672.79258698241,7927.90219687645
7872.48696166347,7661.75004827249
1316.03708536789,3870.15032963154
1318.17588473819,9216.52319305797
1280.54280365619,3914.01669973388
7727.26435029641,7864.14931891713
1746.83174609833,3910.39679734966
1170.12019809026,3519.2748031229
2703.95231825498,9049.48870586638
831.024557220722,7631.10741832617
7785.38090247492,8130.6417056254
1205.95353247024,3809.1838755569
7816.25173541813,7634.92899801194
1132.16557378353,3632.97636747614
1336.21524303203,8121.60521198374
8308.72525843912,7219.2152874681
1373.48569355325,3161.42988023842
7268.48256243512,7487.49830651487
3091.76865558042,9214.55575981425
7950.02746189184,8545.48733358315
7850.5273458739,4897.78741485756
7230.11380359229,7380.9995609545
1706.64972260782,8931.72837891771
7581.25939832521,6079.58348678463
8566.20804303304,7880.97822751781
4301.23841487028,3612.61651825622
1606.28577294144,8244.51382666266
858.451976989084,3266.4313816345
1565.83550397811,4407.68798744268
1598.01177649089,3703.98244151742
4663.35444529846,4336.64808848531
6922.53901465701,7642.69892538007
2146.27027468167,8258.49196402317
1151.20981375309,3416.60909194523
7555.84341289034,8065.86903709867
7292.67106111735,8337.32154766505
937.907042933928,8977.73748360646
2619.43572974349,4245.84270299249
7370.26019355985,7534.12958171279
1561.09570729694,9305.09774088276
2624.94577216246,8883.6345706141
1054.82693862977,8753.17511582935
1096.83456556911,9165.48630741323
1099.39662981392,3585.84837315428
2319.1102829525,8811.79763963065
1180.63243892036,8983.15816720607
1434.00487788058,8997.10841933507
3739.30007982654,4770.37852272199
7398.64432738905,8153.05355639316
8106.42822902399,4025.95358261795
5164.70859474488,7828.4767570663
1278.29836674103,3672.25594459861
1152.37554844568,3926.32526481734
1454.63991006811,8782.56888626561
975.27969376153,8875.891978757
1596.50000043162,8520.85776592205
6332.86180657523,6898.66334646033
6987.48447732922,8483.86250857378
1287.83180799924,3403.21260567258
7997.25351062587,7815.46791043664
7485.08299524907,8183.71657593332
1141.24795618073,9033.51508332491
7158.34465461092,6854.69407917797
1362.00144855028,8880.93922471433
1139.22638689874,8954.97759504056
1358.7015744974,8998.89996897457
6820.94913617108,6957.59038837319
1827.24637387837,7725.65734943435
6930.10720785603,9126.4143387172
6856.24733028249,7400.21191585676
7431.71276565668,8059.3283970356
1875.31147720911,9140.60218086925
8664.38539334188,7705.67995350648
1713.54961759717,9171.46563346123
6400.33269689053,8027.39288277308
1492.21443753314,9259.58858455265
6043.18511732077,7699.08083532052
1838.15664820703,3681.09877606774
7703.12108560959,6834.5837518563
8029.53783887539,7924.63042929663
677.912140081403,8926.72408336983
7728.49463723401,8621.01847496679
7366.77344775133,6931.97583752127
2631.90801285749,8432.96981937802
1051.47642062985,3448.15268112858
1330.31674929176,3282.57831896676
1543.76459503384,9056.92399024898
1086.6517368124,3339.57191401138
8300.64754185832,7395.4423552932
901.540669262143,8133.67569105704
1747.35506014125,3604.67734874059
8348.24094776577,7499.07607017126
1283.75395873973,9061.49850567325
8441.79891149257,7208.38871906205
1335.82315264029,9159.3514462011
1308.94217405798,3289.78017721656
1694.98721926622,9219.21292500851
1199.54683957153,9023.62631316793
7183.84142059257,7696.29890863423
7129.9362336723,8153.69203425767
7017.50986431575,7500.58842695712
1755.99861588711,3610.97072728478
1490.71558047367,5749.0949429887
7402.034376962,8285.88907900435
1581.55548618352,3382.18121247639
1665.43216078339,9256.24263895249
7454.58968502697,7679.71871654974
1472.91278586744,3667.90960701767
1960.06213029577,8926.33357142489
1146.97420684756,3352.32099077225
1280.21752719899,3371.70207349113
7529.75654270937,7443.00153867446
7471.49875366001,7755.23697797178
1255.41931523424,8883.67169844347
2663.47343307852,8726.94187000113
7056.10692539116,8336.24859775074
1989.90193348829,7893.77178902522
1797.66587324683,8999.77378457502
7079.61416912455,7259.03846324344
1388.35364254159,9204.43529375048
7056.07508746272,7890.6946905489
1696.13545031655,3793.83718494395
807.070689875972,3225.56574546278
7206.88880982668,7094.19241585695
7403.57833149101,7458.45835675422
1920.20019636491,8068.30529012734
838.236858165482,8490.34295320412
1862.9440197633,3582.18451762362
6995.50362011829,7939.93895285387
3351.05833674507,4135.18360189023
1356.51012046116,8958.61141943026
7710.49282211017,7408.41642255533
6706.59102261755,7589.65884396592
7159.91761142313,7361.24429992563
1702.24473184055,8376.81621240721
1033.12187731969,8509.88874142628
3331.37851513249,4059.94817942598
884.811816953338,3474.31448620968
1470.26229924457,9063.9009685471
948.438586909882,3481.20166819968
1743.34149083807,9034.65357495679
1069.1240715681,3303.92750342033
8478.15302573604,6555.04219710286
1045.18601235311,3914.20114925098
7028.89883507806,7809.2882480328
1463.1756800854,8900.41514624096
1777.65619693302,8993.00692129621
5261.71060591818,8890.13961245141
6946.34359045153,8066.12972297407
7889.62710081781,7301.17630772684
1451.66518561079,8551.62363072249
1715.95639992788,8481.33375952291
6496.04022351829,7046.75282807663
7511.20239448422,8371.33566803772
1936.39305888809,8984.35342222888
7676.46631344055,8059.29888422138
1057.72279411988,8959.34367055126
1718.46962592782,9163.62012638402
7414.62069171801,7168.8697571039
7512.73338642784,7527.94171842824
1363.47794938741,9340.26508805149
7849.850842925,7832.56901705383
1383.14080775045,3567.89479259431
1539.4733798391,3767.51790233872
7612.25330342825,7357.89731475453
1073.36367184264,8350.57621629016
896.11813201233,9003.30517582803
1922.26813369003,8874.21591158428
8495.90945941451,6282.06553682333
8066.99552458351,5004.62363659666
7383.39275250719,7072.47818764065
1187.29285100015,3501.27042293532
927.70017596758,9127.21726466412
8580.76352202585,7325.8840267262
1052.78573571303,3030.61320186424
7346.550980598,7936.62678173686
7880.43430879583,7089.60112491307
6852.61894170517,6946.83060384426
7466.52255555131,7774.85159892291
8174.62715790742,8151.39168813208
7027.26546241618,7691.1106521025
1905.31376961146,9208.61402606994
1830.93054662678,3736.67544287713
7180.54212528921,8170.65879482045
1735.51830865407,8954.58662230786
1253.6050575069,3304.73288285776
7553.60629972635,7318.07837316135
1177.61650444658,9037.14789975757
7294.58236886509,7142.16967760881
910.197377138044,8824.7940559679
5617.88933415138,7067.50263121256
7250.20110402119,7971.36780685967
1480.35242630795,8467.03198095982
3009.5844727472,8592.07893454434
7443.74659924986,6507.8803063277
7194.26864649289,7747.56037761956
4700.28236849224,7809.95219941811
1519.02188485423,9003.43803252208
1085.90267771812,8055.61543622308
2200.4332685744,8296.51145100178
1011.85586313071,9023.46768680851
7714.38471589452,8623.31224642888
7664.27272250336,7807.1103473112
8399.4072995646,7441.99734123091
6262.85266706717,6776.84659912836
7603.77520107634,7405.37095490997
7553.83665333196,6599.90331657644
1132.55375110366,3409.45476413003
8364.89472546886,7401.42831790755
8904.51176932521,6839.5565177833
1386.82264878332,9046.12511716563
8212.57489482721,7275.64394925536
8404.14646078267,7695.83127431796
2076.13344675063,2060.04489876211
920.4925136914,3174.25431885769
1987.33191153752,9014.39287820577
6583.18867771653,7250.91854586822
6954.24636495605,8067.91027424904
1795.11321997093,4056.44221914506
7536.03275819662,7167.53864309362
1557.41664051988,3477.08034795656
7569.45923486877,7693.30274209601
7955.82332656642,5455.33448232778
7287.09624480473,7860.0006018065
1191.96297448681,8927.97611571871
1640.49097257426,3667.88318754411
1081.79592474775,9279.34453412323
2531.47017206736,3793.31103673716
7250.56424359983,7140.63724954188
7399.84879745275,7714.45936393189
1488.57649163453,3888.63459972009
512.3403435491,3095.06919337889
1584.34195102362,9021.10154933683
2097.98834358879,9271.04875603382
7568.4989825934,7890.66659731969
1170.31144115889,3138.72545820469
1347.84097056679,3405.45102531597
8226.33681489608,5452.99362785942
1934.617412204,7806.1859875891
1593.90404169176,9326.47635016599
7923.28262900123,7750.53645438308
848.630842486388,3257.17473792302
1446.06422682795,8448.78442882438
1330.98398270229,8817.09099095725
1540.76812572454,9236.55441365541
6992.14787262204,4688.11373721698
1501.46202880637,8750.098881905
970.730210391312,8406.33131543243
7911.84718142739,7571.62449459162
1117.90317075273,3288.30348171851
7957.86581821287,7965.70336472965
1015.94869046504,3479.14231785864
1072.85708148654,3644.38583209762
7485.22814029161,6861.86284252894
7697.98144550284,7465.46396841038
1481.83507744253,9588.79919539958
792.082106904869,3125.0351285785
1822.59074525887,9055.90766749854
948.834217788118,9062.66640942383
7745.04040440479,7591.14280694962
8911.36813403002,7860.82328430911
7142.05303286686,8327.08249576829
1344.62424060575,3714.58836909962
7583.28381325096,7841.14346486993
1500.03431374345,8761.48480768645
6493.06508491076,6453.41706836817
1521.64914155956,8470.48763198215
8020.80981015148,6292.67773869208
7190.90781966696,6105.40107623808
1235.19189415435,9097.50538154025
8130.57212645677,8148.40497651061
1941.78323291833,8816.93417999638
7720.15786670587,7518.83868374846
1231.24507570092,3973.9332367496
2132.98572005891,9106.32125428096
1130.2559364767,3253.71846690359
1540.98538640817,7727.94473994226
7971.49959343455,6871.66861213905
7397.06388952006,7963.6603979907
1346.07478727532,3792.76998340127
7221.60543461555,6535.65455053501
1374.40628334045,3652.73882786341
2514.43338893286,8063.02019077266
1227.19005922093,9154.4144675535
6691.31790424028,7236.00265406957
5361.84453636973,9107.36145793832
1973.17923761878,9003.91531083497
1687.89028396858,8142.70467331606
1098.6752853814,9037.90951990944
7490.23224625919,7321.58662981061
7773.39448456078,8482.52978755362
2051.99784906037,7860.73106323283
1828.84761545787,8874.12757012148
1754.7672414347,8851.51742717244
1956.62400304362,3810.69791187524
1892.76033573484,9030.91854464547
1445.03366826027,8930.99025250698
4644.53640531158,8642.04804089704
1215.86032654812,3473.65276404403
1387.45102205942,9162.55321297499
2337.46538341616,8932.49621374157
2786.78275632718,7637.34583261087
1201.40073968824,3639.98159216517
7834.0312302949,7758.28547883487
7663.25230315213,7854.54956408468
8924.87099464289,7705.07507239852
7817.76528847451,5157.1388711137
1735.5823249654,8770.39350061751
737.437264047256,3375.36111739156
6685.78675893515,6847.47670313178
2337.3930789805,7988.20959189706
934.333803991594,9154.43790987772
2619.45474422838,4017.330070163
1128.22584364145,8633.47716571382
8975.24668694813,7625.59074309866
7889.11403343422,8004.03666206881
8796.62736117957,7319.31089118917
7706.11378846659,7429.5095216166
1401.78328937738,8600.97914783942
1714.35206734473,3593.57917615726
4551.22268616799,8820.98915449828
1282.5971259005,8833.33256592093
2738.78738205622,8915.6008954462
1484.45261074578,3545.21176835324
1106.55446241426,8965.34995339535
7611.1761633226,8206.05834944212
1131.68545567738,3632.0453463146
1405.69785141693,8798.82967604846
1789.95522206053,4004.97402158164
836.77975661779,3355.71522151125
964.868139700048,9023.5551380314
869.070731977844,3894.24481182621
1435.84391587336,3919.30561330271
7452.34059785685,7758.32629935944
7937.77590094753,6179.23488560206
960.025704392809,3644.3287968638
7936.76956724731,8329.03320372995
1844.35628650331,9215.43425004021
8123.28742708908,7367.1589220793
1617.9260858478,3736.61679653661
821.029459970872,8538.99954313088
8378.35684450334,7598.36008951323
924.053503514916,3551.53640462496
7453.43613801887,7522.91800247582
8193.07667060221,7658.11518753845
646.14981846649,8872.96543902896
5044.70689651239,9020.94725095515
7205.62075512508,7297.92764397967
1910.07222276746,3722.7645858114
1754.56242083049,5033.13073859704
4881.21505656623,9046.77418947156
8062.53045845892,7082.44959609535
6568.95475786115,7475.36807458231
942.55148440448,3466.57921356359
1596.30283603775,9356.51296215659
7217.34454638168,7007.53659638871
2253.29412752207,9239.66236570073
1642.32144011714,3732.92511219568
1334.5255051908,3502.28030010583
1286.43179644372,8839.74453671797
7982.83467787925,7265.69709159499
1454.82597934278,4011.53523127044
1794.77118102319,9180.92173757701
1458.9271263123,3663.37979245793
6989.29914369309,6187.61351821468
1374.21061084322,3764.52194236807
7209.34199804904,7481.93518052549
1490.80828441657,3542.5519063073
685.977704720303,8974.7045053496
1326.37187448937,3471.11126316559
7097.47074103539,8462.28456053603
1598.76292177277,9390.08099369917
1335.0308983301,9031.26271891405
5411.14345534948,8351.59582561547
1836.20973235977,8837.55297427173
7792.77600449942,7627.70247164095
1037.02438264711,3425.82103346165
1244.42140446227,8940.07151733899
7515.1547293661,6859.78498162209
4305.90988610076,8959.82776104563
8794.22525534915,7294.38094294457
2236.44866743615,7127.82733973627
7550.47623495264,6779.799537487
6802.07094651657,7236.563534452
7975.09956251307,7155.09663970112
1302.25682972837,4084.07447213973
7477.28424178167,7863.2943768796
7335.74261771258,9731.77754748335
2560.89772286649,8219.71581486329
8364.57867383398,5931.37075065387
6573.61968659345,8300.50524007786
1514.06567367559,3740.51774236078
7359.51018933883,7927.52365770826
1468.73982772832,3762.14390554005
1128.33738837848,3083.42876415767
9355.76056029766,7983.15476753025
7528.21770493591,4755.23722324462
1210.41281410983,3213.23291015987
1271.6689331471,9392.90047586459
2419.0484483796,3996.74619207398
7640.17511932912,6773.1526368071
1524.92139943507,9088.07875270693
6779.81799242789,7521.00303023088
7551.54425823879,7686.31283488457
1234.59369197135,2767.49165714593
1909.0501985429,8324.50815448313
974.463616586239,9248.50558925854
6923.81427561461,8011.84472536854
2053.27946347247,3935.45007292291
1394.31561744773,4187.97948600174
7892.05425191612,7074.13127697787
7386.50209157745,7252.90803757539
1132.82033859516,3518.19685023282
8175.65462223938,8167.55868264711
7590.08458319465,7844.06436121043
2182.41394460707,8004.89868823107
9027.29953583024,8270.49186842521
774.526435533832,9037.48669120842
7436.41483808893,7948.13207787854
7811.29704514879,7889.0942159494
2058.04132671866,9117.96851112106
7355.21111538138,7337.36167407866
8390.93909748607,7191.92997216846
1671.82174161921,3695.30905079922
1948.64293373237,9187.48596021383
7771.21422865543,7203.74151680499
1629.15727951602,3971.05244493304
1249.15208575074,9100.87420440336
1330.10433186595,3850.00478268631
1156.44749321015,4039.24668052492
7461.99773902997,7388.48743162928
1172.79438625784,3396.5014257429
2833.75125387811,9380.44828725806
1433.27266831778,3410.70833289057
1670.08752579981,8195.8154847626
7833.57609845015,7316.67956923219
965.207163980636,3258.69303134009
1224.51116227334,3686.97534788639
6555.26334957565,8078.99058199017
7518.13647014938,7610.33379992478
1349.70791743091,3955.08619731201
1430.80790185414,3654.6549403151
1669.30678671106,8841.82383590774
7209.58111247578,4312.75182941077
8239.72320261885,5895.68548085301
1326.36655636415,3921.99904422029
4675.8199025454,3951.35616909832
1598.17886680498,3832.6119078457
804.369906035748,3259.15752198989
1294.30843956486,8910.5353229859
7802.12631885676,7346.20791742337
7880.86273338127,8319.1419134786
1108.96442270067,3361.23010751778
1136.575898625,3688.86419141066
1202.18213519618,3612.35991906866
1348.62603992961,8135.63743463896
1910.44539075714,8940.8306319814
8134.69965976511,7320.32950490762
6604.59837518932,7725.79591048333
7235.63132233381,7682.53795067633
1371.65936194367,8097.29787968147
1323.42251589901,3389.70678623683
1291.12136356872,8984.48009067548
1631.60568303812,8975.93835308369
938.76153163221,3407.58699041591
1832.19522011678,9218.39896014819
1442.98687883587,9024.83960331212
1550.86443327699,9039.57772301437
8172.0919005756,7840.17993817837
1480.540350087,8852.19237157684
7753.14668846598,7091.75833749175
7249.25251193615,6361.94757601273
1438.98168953266,3493.66492767074
1269.09223565242,8570.74767673471
1390.55654797621,3304.85438700728
1156.25930278866,9118.1092213457
6597.64275743181,8410.17458147171
5233.05183459954,4043.9561567776
1824.45552884884,9109.84307307208
8638.89627223952,7251.9191670231
7212.61680348226,7306.86647454606
7369.73791968804,7632.58659274213
7154.76979335666,6502.41168477996
6274.05716311878,8152.39851665514
1116.92228139921,3425.49310638851
2147.55009190398,8824.58553872197
1306.63422306079,4177.7849485387
7470.90162155635,7087.8117953932
7639.61912640047,7063.8070513782
1471.00273661274,3539.14375429861
1059.84637781412,9265.1837768691
1344.75991301955,3535.48240125639
9294.42091485796,7921.25791624761
1323.31122012673,8747.04216683701
1098.54804944553,3298.66290351844
7301.2124068436,7904.82938107233
7219.79196926198,8156.7906452214
1285.8061166982,9294.81326597152
7706.72678633022,8546.82281410289
870.995744567832,3114.80442753469
1018.37963944115,3638.15395827983
8558.93920309824,5959.85206040315
632.946543238157,3074.2216841498
7826.23274347985,7939.2905684349
7438.85737977532,7789.78225441552
1905.38777174244,9109.316119137
1482.56408307338,3616.57710236395
6365.76998315821,7938.71148393633
1753.92142115378,9038.44946393315
7823.78686373687,9155.80563686063
932.150903147917,9376.35821552423
1470.43507995234,8478.86048742439
975.45434031785,3542.28381714616
2009.91536646334,5528.30970366178
980.207659556568,3113.48244152412
1271.85888447612,3428.32339503316
3424.47594022449,3642.91579943756
1702.09356145425,3920.02275815514
7794.46099578106,8739.70043435435
7273.29439969977,7402.39397112073
1100.45592321061,3497.41019985102
7523.27052479222,8532.78805177165
627.004441278407,3149.46630454064
1456.95936436451,3702.01761063485
1650.45051959039,8762.32228000612
932.613694358981,3455.70271000863
5109.76882115296,8916.68498623727
6590.92975959569,6602.21841513064
1865.87960738259,9295.42661254967
7664.76379198164,5994.21068030628
7830.13077260706,7043.50100044783
6832.8645454221,8353.26655775096
1884.86486449683,9192.22364848986
2208.55143696567,8786.86485206292
3910.08567431036,8229.66347411506
7157.97186947691,8289.83166639888
7978.47182297299,7307.66093611896
1573.50785682244,3876.15326635262
2436.03278016994,8903.73311231935
7583.12004729901,7517.67150518261
1561.37079172084,3642.85088144207
966.326114141266,9198.39730678952
1232.28148427823,9112.22274758261
2052.79995547341,8505.03889317291
7678.1916258426,7297.72684632186
8780.80913460839,7366.9628023995
7487.98777835609,6681.97955526228
9057.73823797352,7265.67969173187
1186.61183249668,9199.60326949055
1725.17855575688,8848.5998418082
6596.91986295307,7233.10767261202
1393.73991095813,3034.84285031354
1634.16734278687,8950.0325461161
7614.36450298924,7747.38444796633
5657.1040886962,8709.28379655977
1599.1012055744,8997.31019961946
1029.9015024769,3675.15704491307
1372.08071883182,9214.34738063553
2403.30614158122,9113.48679498117
3045.00592667648,3955.31013783502
7943.57750866918,7940.07401028316
1716.96165867517,7995.4384036905
1872.09740721767,3592.73393543905
7026.87017478122,6441.09200685843
7936.58785934082,7017.16740940551
1279.03256055431,9151.09523198968
7182.73752603515,8307.67978457777
1405.4428012419,9133.03050900779
7942.06551321355,7700.24570545882
7244.56900647404,6761.60951521551
7988.99875294711,6509.94288787207
1506.1627761146,9151.06285043427
1775.11374150984,9060.96681569671
2481.75461497625,9055.72776119435
2138.62306460685,8849.00451432364
1652.26828038869,3662.33268903624
1614.77223081473,8884.66006418915
9435.5643800557,6561.50293599136
1668.61618680544,9086.07306197995
2415.76544634917,9377.8406715086
7740.0216823415,7578.3377226489
7223.5215225012,8215.52630351207
1315.82564549773,3530.38547374918
6842.53934564674,8134.70915719527
1404.84829107236,3633.59736198972
8297.80104484838,7634.55275924269
7987.46650969326,7236.66913985899
8852.98026411723,6676.88800591193
1971.86761799882,8460.72973516647
1054.5524225819,3265.87639081359
1926.79351176873,9041.38192559386
7253.00421234906,7475.6711557645
6001.70585001529,7529.19426533671
7269.19127329974,7710.36142415989
7947.89897538518,7415.93803541226
1106.28500091076,3616.88967273274
7635.74613567979,7939.35291541601
873.863234376868,3474.78758429042
1396.58745133742,8961.33919322324
1514.99140672395,3700.22710946932
1769.26034510711,8899.12005804466
1857.9473472647,3411.68060884604
2124.30293466627,7670.82399188566
1406.68277168122,9168.85371259544
7067.90551338116,7191.5787960907
1729.71436244188,4146.36191670737
8229.19202302731,6725.09670358332
1554.09364505211,7285.92196784823
7531.43814220558,8061.67213797462
8061.62098392818,7883.12874944571
1156.97157950327,3388.43371751786
786.399476049158,3355.54939963323
1930.17235910386,8712.873245146
1125.76929741773,4816.38673169933
1565.77192270611,3707.49468013636
6924.93046740973,7788.56386691307
1523.91200344204,3441.46407987338
8234.42066296459,7947.5942042425
1253.33850402146,3597.10571068219
6757.36377986771,8062.26737246048
1820.99128030087,9229.53891172732
8299.51623710737,7601.52802983841
7303.42206109812,7151.92688906445
7592.24544069556,6716.9739110639
2069.2261156933,8338.66566055666
1896.27330858337,8075.3567027174
7447.53060575079,7350.88568706388
7638.89009719186,8019.95197224645
1381.30806843197,9122.61426835141
7459.35823686128,7276.64458829681
7156.94011829819,7246.54243660896
2000.37654383045,9078.73767268343
3411.22934896907,8612.36570259175
978.639939367142,3503.21564033957
1719.96315603917,8065.51058525177
4290.31552109878,9013.56798198357
8372.57608145426,6508.07371056228
1817.02451225078,8751.80991910089
1519.9847345588,3210.31914147315
8018.87569326894,7374.73077298379
921.189004281975,8178.49445777435
6874.8271033807,7193.76969831157
8093.0375373276,5975.09135549201
1059.71404245918,9140.65137604493
7155.91991732938,8059.38965289315
1497.0737508149,8524.43817170668
8670.42466166551,7065.62464700064
9296.59488051968,6653.75088252925
1588.68718940111,9266.81096983163
1176.25155263135,8945.12739118354
1889.61686504316,8995.84396495338
579.073848800057,3154.76366854057
1050.84803790132,3680.77635195975
5093.93711247593,3886.32043406876
1846.98785863414,8003.16478187253
7131.02317462681,8334.15137926728
1838.55237369407,3983.11990170563
974.409291378216,4408.17654885832
1912.19957483492,5031.62894653598
7962.73586121963,7397.78496949926
1492.00112659673,8217.14631181065
6956.31514854717,8145.13694709362
1200.12158911673,7660.30616852125
1380.14458617094,8695.43303563853
821.629900220623,3700.65626331446
7842.90912457617,7184.71554108863
7929.33036698333,7797.59227433734
1777.45271121333,8123.61384460472
1197.27870318884,9189.24288780961
8818.96165980716,7013.81106712964
1831.34679525573,9059.05530667273
1628.26919573881,5582.39850385454
2502.5811855169,9040.05474758286
8594.77801310742,7259.08115750996
1929.50404873644,7995.21883565863
7686.13942583278,7729.71283821496
8236.76176406795,6420.82085117679
1136.31627251363,3519.29235114621
6998.90432604033,7912.86663543724
7135.45434000693,7823.14711391082
1165.81998433936,3626.22675062512
1029.41608754907,9156.51499078068
1012.87808925258,3743.58812095176
3378.30675870586,5811.12093226236
1253.23089044042,4028.37537618159
8397.34851378085,5330.12079463441
3317.8741974481,8168.72570449998
6405.94383883417,7727.36158444767
2769.36670234021,8001.20883969184
1477.6070115955,8282.0896034235
7783.99002191379,8605.08764239376
3695.06625081239,4220.9014873591
7312.51667212504,7451.94259103918
2201.34352615225,9358.35126389659
1548.20515736709,7714.03717998658
1437.73436859794,8622.7163921404
2548.26848523712,8665.45285797648
1033.77720929898,8849.07180463284
1278.83060716267,8871.07361514768
4834.20717758073,9135.26905120149
1277.58513559743,9026.54473258824
2041.63728600106,8516.11260779011
1159.19498537966,3158.96085581147
7279.27995982079,8142.49229282605
9212.05243991412,8118.24638942298
8821.17652191374,7470.75988652055
2073.14567454314,8888.50432873837
7352.23046017232,7502.26831265437
8907.24431876136,7725.02715777992
1569.59720308479,9117.90389128665
1417.87013564495,9009.0559720307
1196.74978194705,8770.97046829048
7900.97017449821,7773.70359016496
8545.19266025987,7596.17984109524
8316.20181125763,6705.13173145289
7896.83761720118,6765.86695576712
1248.74542176337,3780.1868434592
2411.02984055586,9448.49724343854
6514.16344277759,3485.92885395798
1062.63325512587,3200.5313545476
929.938456912355,3306.19273601486
7477.58266925418,7783.46265900145
2339.53520419848,5537.1029666529
7563.23554476517,7481.68597753015
2618.13493429655,8341.04032768191
7402.14458906917,8025.59385840034
7282.21836842101,7730.10101121362
7686.23042968179,7871.01949482587
1689.75958570848,8973.41952156466
2620.65414720068,8794.61527227389
7167.73398783714,7395.28881071617
1858.00933340823,7492.72108582368
8068.31694959342,8472.78590418891
1661.15279796838,8405.70535087521
7429.51204622093,9394.97301094018
1684.41120689804,9158.68163113582
1843.18450469231,8984.71277879481
2008.76558946109,4193.49962694161
1837.83578911599,9023.16713109295
1743.41437085089,3377.48199267608
6840.56164936386,7695.39756605137
1013.00351754728,3336.14493233494
7428.34652987696,7181.90639246316
1156.30879747482,3607.01434202467
1569.18226250556,8147.3921445887
1714.11844320834,3853.15676974363
3194.99104085374,8551.36471564699
854.340687896983,3503.06111911508
7031.85181609602,7114.09617042301
2777.10850933363,8853.96167162199
7780.88110638219,6812.45294430902
3819.91969897333,6273.29710602328
8268.02763080281,5966.22213771688
2414.42908410084,8728.39220959322
1073.70501678619,3171.90459905594
1310.67761563717,8865.85762703962
2135.44272934761,9299.85342153286
8171.88858629431,7332.39530587254
4780.10550304403,6223.76265051824
7220.96060375899,8934.48087796411
1630.94880859078,8998.79683300446
1104.12744983696,3315.49917382949
1757.11103360268,3891.00700424396
7217.48989199513,7475.81069305671
1126.82559169933,9147.31715577187
1614.73280912261,9123.38863267206
1513.24837458167,8880.83358447829
7923.79058164117,5721.11043010333
1082.79084089605,8938.20238629173
7775.70468247787,6652.76673380581
6984.27998265512,8333.46507618583
765.830424782928,3121.15965415638
6124.61774153158,7383.77259283888
6857.76470388439,7382.41382053038
1045.43435319494,8968.47762408848
1021.05562004821,9250.11989827389
3820.10526310396,8998.55833183582
1323.64634402816,8830.43304380421
1286.00802670476,3884.10899586514
1556.0881761618,3277.13280190396
7950.2466766265,6948.45437960395
8591.3237218799,7235.20497699755
5791.81682509503,7326.19184789457
1687.54890963273,3567.0900998626
4789.19811558665,6507.90591743092
1947.89803180728,9153.16942398794
968.556608568302,3539.50012976492
1648.75783382985,3685.08517493321
2439.49355429842,8870.97638523041
1318.88649458275,8683.13941030356
1907.43896991518,6146.08867620054
1759.29639483136,9515.76989242088
7015.90322135152,6914.75602889614
5234.73025527053,8958.0602252689
7513.28520880171,7670.59087147786
872.658086170078,2922.82821558136
1903.4731082503,9263.76081336153
1518.70794925813,4137.51823986952
1153.40757043582,9229.92831177821
1750.10653314857,3783.91485498869
7336.68226572185,7215.35900695198
2148.87624204962,8947.12513766141
1174.58806002511,3262.71704925255
7921.56161511284,7799.11310283717
1723.82457079584,8894.92140796385
1789.91663706636,8944.45245360451
7536.77578432746,7941.06323837237
1078.23085381495,8989.40801861336
1335.92521165174,8850.77355288257
1336.33663351776,3662.39816254948
963.107110571972,3579.37212106889
7298.60786612962,7857.12220032107
1042.13540238951,3183.41881324393
7334.17840849212,8195.78169744254
1550.44406480055,3949.02403608124
1562.64454995719,3827.94541217006
7417.84437674087,7796.06231448118
1557.75230481665,3803.32049789645
1787.66904765419,8643.03653091259
1446.08516075057,3587.97842998837
7391.7038279477,6797.36465185593
7265.78641777222,7820.93040967223
1575.64004248108,7228.2666268349
1121.18743577087,3787.27082794606
981.741887578234,8984.78918392407
2289.32299848487,9186.68604252735
6928.41038952812,7784.59551727391
1199.65422592411,3378.23579382572
7537.99542820489,7579.73410649777
1030.85854940271,3159.38523823582
8504.76324787899,5493.40829147447
7832.71703736661,7016.12056329363
7113.9423194928,8448.74693509177
7934.09492954424,7289.67054318216
8490.57204992507,7004.65298762582
6893.27955482084,7508.77851662576
1650.10519766827,9117.4813283921
7412.59927966139,8002.43856082023
7149.40864385936,8135.91230389895
1427.57456399791,3448.97443614245
1187.79120992535,9035.75071182265
7535.19589399948,8039.74111336313
7584.48696369054,7234.96128900755
1393.13025793317,9035.32155840136
1493.22732984392,3501.39264690716
8469.44088166227,6305.1377426059
2049.84709570118,9148.73697707551
7659.21568318813,8274.60811206449
873.223320410108,3093.06147291951
1026.48733582488,3247.93284027765
1055.19923315266,3425.34006301111
1860.27367705341,7923.51577724694
2842.11759605454,8947.4594386089
870.464834318069,3239.92879874559
7530.51150079893,6898.92562528403
1720.35038091857,3858.6059910361
1244.33880231022,3367.75104534124
1343.38377401181,3743.9654208617
1821.83814750541,3785.41670407263
1760.63955278433,9161.78071021377
3154.15527974088,9160.31787566638
1440.65140767162,3470.6094283457
7007.63545086408,7184.96389212727
1645.9192993978,3628.01904365824
7892.48823300569,6588.57071288399
2253.34503821515,8337.75153126073
7358.30277499635,7494.97606359294
7724.4524798752,8105.97536452923
7234.51545702998,7920.83545519803
5493.8909610658,7531.92146019583
8352.83442956039,7122.6006380277
7010.17214879634,5578.4860627136
7886.68394455065,7559.77433489363
7314.76219509052,7323.58780619394
7317.40880346283,8010.13638677627
1552.69975986879,3561.57614246414
7176.77979506147,6712.95302509938
1530.80578674568,4037.69419173784
1752.28044837268,8139.41477973148
6935.31179772826,7589.90704163595
1860.67479116697,9139.00490225848
1843.0013499457,8814.63116042529
1462.49080509985,8463.10098341568
2573.54780765398,8760.69036108104
1921.50705421015,3638.82355343198
1752.64652393544,4042.64353907808
7975.73419786836,7480.28318243533
3299.29618742641,9134.53150935802
1060.66077229089,3305.31800870571
4007.746077035,5542.00746800656
1154.97432095149,8526.72134301842
871.96907110326,3435.20343012627
1105.50189053947,9036.06121667842
1998.15721875464,8680.12887100151
7535.08236316416,7674.36457509915
8370.96589438872,4779.0271052569
1838.39336604031,3610.26548203353
6838.89093618453,8191.39547945454
7750.448507527,7484.55322695695
7120.53328992903,7646.12999205938
1178.27910120073,3743.17012424136
3407.96705365128,5989.898159262
7925.78209212458,7896.63151322652
1173.72807266523,3546.89304183661
7669.87451789123,7154.2314734536
5052.16556632372,7225.49269533746
7442.78422202553,8417.95058272708
7210.11761624588,7762.58991484649
1248.62410905935,3793.17606800986
1437.49917591128,3638.60007316215
7944.71313618053,8636.3527123142
1489.54074817293,9149.11537227472
1181.31852378747,3310.58776756316
1184.83288232495,4251.3072568312
1885.97027704216,9151.70523095051
1779.4090869096,3934.36222833281
1710.22788436719,3194.90115175249
1519.01524336793,9942.32846481428
898.27215034451,3349.27882038005
1455.03264799971,3579.27087713604
9111.44115930141,4659.01379586941
630.474902367194,3419.59774854916
7074.75609653192,7289.75587346687
7369.97881544874,7287.0768059238
7746.73688917107,8263.99100939404
1775.88815340255,8846.15309762944
1240.99639887111,3448.69244853486
7034.74933408436,6646.62530411916
1421.20858178057,3574.68953994676
1030.43391525707,3372.29429975902
8262.49152000556,6780.65485511715
7224.86513739604,7324.27484672042
7117.83921933495,7174.76327872561
771.476470330209,8979.68199228268
1849.70222799131,8943.11096593358
5617.31466294033,8549.6431847549
7868.32041240007,5808.08671757936
7534.29822853116,7168.22988084108
1337.22384590494,8833.03746427962
8960.98767592057,7473.82799408628
2039.18249474949,8976.39318193798
7000.52370513365,7770.25943760377
7536.89924421902,7846.53897199885
1602.5650135742,7991.85318770445
1251.72205063188,3802.76360486754
7291.03050948681,7177.82050993927
1106.83472151364,3276.63651281301
7206.66107773541,7804.33252544129
1044.17173577981,3288.77565049544
1768.5127716205,4552.07270510559
1516.50793008086,3796.85271542416
7823.01754161222,5086.52016716274
1500.88001422413,3596.41252934158
1547.44570936263,8685.31968377537
7086.80802992856,7877.87057386343
1684.51416828348,9094.04827247738
1133.54861399769,9286.18332035511
1250.83294873807,8848.89979161113
7860.57887735293,8074.06765626266
7797.08718828722,7882.82578753131
1087.8429700601,3356.82346898911
5803.34658984175,3640.51042964948
2139.03835708568,9176.43690980956
1921.38775010428,4071.38607358264
8350.95448600792,7513.3464178582
7489.76247661641,7409.648109027
7333.99396414546,7504.49014622955
1695.5411648134,3947.2156521679
7298.72846093497,7360.65595653166
1513.09586631467,3871.56241462802
7497.74527099034,7716.45277072328
1770.51398350355,7666.978636111
1000.27443340376,9107.44351428493
7560.67570817254,7675.28650941446
6946.90945322886,7495.49621009017
1778.70856451126,3606.48790993387
857.874324574449,3246.26758302517
7946.8989378567,7470.27872260466
7844.73187335888,8324.80301404024
7479.99937473741,6985.68589175555
1134.67506875229,3328.32761963411
7650.21621795867,7895.17797496429
1586.39104457297,9168.35424585041
2052.09917987244,8716.620307727
7528.38720208132,7595.13020401094
7693.66108190283,7364.18123529231
1833.75854256227,9397.39975502817
8062.83303355018,7603.97518700627
7868.69347745601,7609.25188169112
2489.91940479691,7667.63935669088
7129.63726973119,6361.88112650231
2005.8954350324,4847.12923568045
7856.27863836029,6379.54804108654
8195.20400375135,7024.9884141896
7436.57245908272,8040.82908283135
8252.64250240489,8564.55185459664
7724.69347893707,7680.0726452159
6875.99772762993,7282.28319705351
6426.46872110673,6946.29158109324
1377.93047978456,8947.17756904941
2462.88055335778,4239.17269245924
951.302828551266,3290.61369443362
1380.55771170334,4955.83490273827
5628.09111226938,7438.43739928903
1192.22021746689,8971.35724298493
707.367943193427,3251.52498108617
6599.54650849393,6668.42306256265
6928.34377657983,6260.68652993953
1470.07965913455,3450.33073175356
1136.76865976547,3360.21691638645
7860.42516700845,7571.769384027
6463.74639700973,8880.63174978632
7590.00095730264,7244.59358322677
2596.17005690444,5835.83582488405
7609.11580779422,6362.91505518882
1830.44247281368,9015.729326661
6854.52257428044,8144.66137791066
968.799868051781,3457.19408406499
6956.86386190246,7530.14123388944
1093.65369212182,9389.09255091536
971.082012910085,3793.91417866462
1155.61408623286,3231.26151387698
661.397213791523,3569.00380942775
7505.17561052281,8424.64021926229
1357.71141365933,3661.14085075939
5602.26644763983,7815.49180984305
6909.75237162454,7070.31219638399
1459.93209159444,3671.46995380697
1817.3341771016,4279.45892182604
2517.55368095751,8431.21367049197
1289.85233782151,8803.1457236706
7298.7180387187,8040.81156422089
1437.8040881738,3579.94139527144
8592.54940035156,7602.65257185345
7709.48766254358,7656.92053106761
7149.86970431312,7393.99450130678
7069.70877821759,7383.79268782402
1321.94775889239,8236.52620364163
6531.72032265375,7750.41163113824
1520.67390838405,8855.79032923813
973.513902578685,9172.16177375542
8284.88902404805,7317.3772597203
7835.83572700065,4558.57481199055
1692.44406411826,4345.81439972871
829.187879687469,3189.30592021271
8471.56426659708,5917.66770672899
2014.12512152883,3713.95047049688
7616.86920940389,7870.31580069756
1499.64518538176,3542.74048145246
724.29569712594,3523.88451355017
8037.86727279322,7825.96755825225
7199.88783755662,7986.08650617923
6734.22525154913,7333.47731842211
928.869325598656,3687.78054599687
7190.83159381929,7289.7090405607
6699.64565169606,6948.67739814985
1966.87564578481,9039.77710310898
1763.32119719373,6646.90246892205
4111.43263517474,4194.10141737295
2439.98782661133,8259.20981505883
1456.09138826901,8856.51956438133
8482.78084236323,8088.7650296627
6634.66829646278,7603.53393475448
1413.50182451343,9028.63137630735
4849.20891835924,6846.47964156339
7858.17682343626,6711.14733912668
996.351208178116,8839.96391049447
1577.7400748807,3949.52041553992
7845.99353535991,7324.50052998491
1955.64476515247,9061.80770144285
1261.46888643869,9037.11886400405
1382.63749689177,3602.22822621533
7338.63815895883,7460.42734393735
2266.50442789646,8455.41794377951
1949.62109297345,3788.18675090187
6727.34594014163,4746.55791930225
1897.6105941347,9353.38213581533
7155.0515317002,7541.5326069598
1692.05050259187,3421.41016185645
1762.51030475717,9184.51720165657
7541.50970867941,7949.38908248642
1274.99316753836,3715.53220594837
9988.00952347118,7146.5039597278
1886.12838819086,9035.54105208996
7149.54594871366,7588.67711003315
7551.81587914271,7684.4304165322
2190.07632512409,5940.08005990932
7564.04589376768,6756.91923477664
966.515787623799,3142.90287026496
7283.64112854412,7730.64922488777
1478.46442641577,8450.76636582877
7184.15271057952,6047.21567304484
1269.28718866922,3887.77310382587
1437.68885705873,3985.54923873048
1204.89755591694,3567.71978724151
1240.05341764072,9411.28579009776
1786.80883574206,3693.43873648309
1653.90404624629,9008.1891518169
1316.4872499156,3372.54166100826
593.754243745679,8461.01666619488
4983.51738029798,7547.50667843472
4224.24422573123,8232.21285844935
7416.35808348496,7021.77487264085
1622.88979865819,9213.50294582733
7203.45670126318,6846.33390772803
960.650882823297,8820.20748876342
7492.46969490494,7892.89522215062
2306.64936830237,8643.2321923503
7517.81650275506,7830.2356393039
3446.47565391245,8944.55271592875
2659.30284714507,5729.88680206091
1129.68756490885,3674.64010119669
1280.68888880047,9171.78566766891
6640.38843685119,7643.67908477326
1575.64439056298,9210.52457727427
961.647010195502,3173.88195245669
1472.49105680246,3808.12179492179
1673.797551075,9174.34535456536
6868.80515084647,7949.67228311733
2332.74108815909,7410.31347013895
7691.76547278548,7501.32024829248
8157.0218909587,7218.99137421322
8091.66609872264,5711.79907386395
7596.82956092263,7480.21785398331
1058.50075687186,8561.03506984114
938.307168160525,8874.9068669219
1658.23809032215,9285.61897914182
7701.03589386825,8154.30662816253
1310.65650862719,4153.44280023037
1116.49925557573,3562.92547237121
964.09429696166,3555.36084767528
6316.17872197666,7930.03821912809
7697.49268167696,7867.52987499717
1384.52007644775,9191.14891002471
843.147546302383,3195.51848561908
1298.56872636268,3415.71846992299
7724.7964048923,7366.72345902201
7262.08262733599,7608.5856286631
860.341669965522,9291.22985021383
1170.55269750472,8259.71673563873
1370.49328856184,3312.74452376322
1555.75353138464,8888.43553697999
1186.52613771574,9277.5759889831
1525.49326669823,8754.83685637623
1545.86040359331,9066.88591474528
8288.21766318789,6958.21600589883
7726.25403528344,6984.45576993509
6629.81640034652,7296.25593815557
1361.32554092345,9092.58283789498
1310.87277341706,3878.64876974161
1445.54683106575,9243.89397005677
1348.90013836086,3520.27671592507
882.205720660007,3662.4665044011
1336.67217019613,3524.01192375516
6797.23257811548,8386.31356248295
1022.25487931099,8381.80975406872
1802.04657905979,8825.45724544757
772.780925982213,3653.55929731916
6655.70964126523,7361.96599405514
8150.72274126516,8476.86220641122
7371.0584085379,8232.59277773977
1465.3720336176,3759.14246511734
1758.70666617498,9115.07969765782
1086.80275966786,8793.45826371547
1053.89252199626,9033.26719676609
6792.71759562379,7657.43756751606
1016.97666156619,8745.02804261391
6865.7736610845,7250.96902979707
1798.30248787455,8653.82691425599
7089.18309521628,7965.32227893904
6882.15221467981,7128.38235539337
6933.7038615422,7993.97630206978
1370.03514469721,3345.27209937235
1370.91879517404,6375.76486535052
8363.79209617073,7245.89509804787
1697.10977671367,9018.84278583962
1433.22920782137,3857.50190699477
1800.95633533257,3989.72749517078
859.984304054766,3371.52992544903
808.793836510194,2863.41807225877
7139.7611351917,7508.55458100075
1240.69286104698,8858.31694368295
870.081824641483,8741.95049755214
1562.97027401986,9027.06870257725
1261.2077397606,8888.68335294611
1450.94463787423,8918.31639644383
1833.68953293997,3571.35611174669
1105.50296131554,9081.78051427491
1686.32236171239,9070.05382949149
8066.24376549695,7246.27552003411
1844.89659938885,9318.79159873761
960.908899685686,3729.90820212137
1138.81506012352,9103.31295006119
6298.69044804894,6628.7021415405
5933.81400651141,8856.31945005389
1555.84405195378,8821.9492411321
1084.92355099232,9026.60799808443
6572.89577919314,8938.46384756843
854.970835116556,3323.55742091889
2851.08753799134,8228.38486732842
1294.80391207845,3492.31087503416
3165.33841714554,8804.450938911
8045.99913346007,7140.31479996403
7320.25565972472,7067.96574183835
7060.20525674813,7422.30103681973
1634.68359034221,3465.89762924001
1344.1809520915,8545.03427484051
1299.1814877588,9029.04496983681
2806.88405453575,8882.31741390204
1578.65509853801,9231.28323843396
5380.65572224279,3805.22938347544
1262.04132636523,9116.14587102082
8039.07150946856,6532.92034677654
1925.89057601331,8455.66132052152
1365.24731837479,8660.03474032614
1446.86734458015,9314.70358180355
7168.31465921891,7888.16198631745
7299.46312039456,6451.11857734474
1084.13384534757,3487.02971035981
1045.88350851027,8462.31305685516
7750.3146949712,7298.8957259773
1666.78979778118,4025.67480709931
886.153947201158,3121.62275930242
7556.81666154552,7529.63526526587
3272.46373077602,8961.19792075411
7414.81399301529,7886.02141092873
2090.6446069003,8046.32027485666
1607.51476260868,9097.29877816898
8868.58208580512,8147.62681909863
1099.60043834366,3499.77361988186
1321.64624050364,3590.22676225614
7726.92936531574,7704.41462406529
7700.37781135818,6993.85000157319
1142.72704672825,3532.2647341773
7176.42624497856,7377.84474680349
1181.02406980018,3597.56837743878
2153.69758829974,8722.52176133114
1386.78608519151,8998.2292630005
7647.08840211033,7820.84365389104
1200.74400556981,8931.68170399709
9296.28400813321,6910.19170975175
1139.43446116529,3510.77387617114
5396.16456728689,4500.69264266368
1219.52014471757,3480.3151748266
1115.76551746866,9056.61486925987
3342.86449011516,8055.83863199331
7168.05066139002,7534.43438449451
9637.27919301938,5728.54789406448
1424.16950845868,3430.76149649073
6851.58084711104,7014.02906936107
1377.40723531592,3698.98383231779
1720.01913036743,3462.07283918293
1966.05086272415,8590.28729520733
1814.99582253359,9321.86769705674
8307.98942122257,7430.46232711295
1681.66267342306,3580.17252158715
1896.52537440435,9026.15342599649
1034.66886587642,3318.62100675157
1638.40906899375,8990.65886025885
2542.18247518718,3959.28091268655
1476.46564185343,9152.66186348372
8144.15696506013,7219.90320522406
6491.63129535926,7243.30825407669
3029.87557582717,6635.46144148433
8557.26332828786,6380.63187778377
1311.0352417438,8041.4033372825
8678.15175473521,6401.04545982049
1555.05720405979,3587.28908190527
1832.87197374354,9214.36049689387
7346.65502618619,7498.89673065068
6386.48145842738,8194.37533474739
1384.30741573602,3662.19012139185
1891.49218528009,8260.05815342107
7684.52201639319,7357.12132160029
1594.38873699453,3939.6727575517
7613.57684486543,7361.12274907108
1437.26251034314,9169.85125817898
1226.88492985998,8393.16233130638
7655.18987688896,8217.86621027787
4260.05504534865,8943.76004548491
7787.48249230543,7289.63991871215
1878.06293120411,3949.47741599979
1352.63514844754,3381.2846917453
5197.35410224407,6954.1182965637
8162.22938639281,7312.56053086007
7366.09494801634,7510.83310539714
1560.92043306878,9109.09082857204
2211.74760908469,4024.33829432615
2949.19910834216,6586.14848147433
1247.4130627441,3319.36250235189
2117.82104149039,8329.83744948988
7819.5423939041,7587.37504478953
1296.90199267501,3552.94143746642
6430.00139619031,7017.5064873312
2033.42434074566,8251.01872676451
7791.50106686618,7513.82459005654
1860.30946464157,8840.61900482347
1368.87806024757,9238.53059208152
1300.23746477046,3336.81735259464
6964.15695727206,7763.70874488467
1296.27891776187,9288.6556289056
8812.50484938629,7084.77708852655
1012.55980319474,9205.8262667957
8823.95069292062,8040.37089434575
1807.36420722493,8697.7245568442
1532.92565785897,8531.03620276706
7643.57047591421,5999.11947343363
7144.59976717456,7916.15205323174
2292.71525666706,9204.71824822689
6933.37457282967,7861.51865956061
7213.19085456538,8231.11487999767
875.706784168743,8260.70577000844
7429.30841403354,8276.88312425476
1604.83572582849,3748.84927922099
1473.47054468344,4136.13004842065
1629.86595286902,9040.8556689884
1916.96517873458,8901.28610384482
952.615849245867,8883.5181467067
7599.44330856014,7914.25581938032
1749.60240102554,4131.76621298151
7442.17772059674,7269.45013125867
1245.26710074062,7856.04707314114
1459.8525740726,8767.66797483595
1419.54788112679,9002.37338698165
1789.01536289331,8956.10461013921
6980.68442107804,4111.79539523404
1713.36642922472,8447.6139411194
1958.08569184232,8839.4935305718
8867.25744236705,6857.61734070171
1331.24940825944,3474.46442383924
1061.83430906508,9018.42046620616
1517.55410114449,4010.5385620854
1176.4915966539,9246.65040709127
7600.26848805888,8021.7882835443
8973.18721924582,7255.60509850011
1204.60587360842,9027.69855128167
846.591572484189,3451.45616540398
7462.87209150311,7789.91500140851
7977.12765676668,7837.23094946503
6356.97148662497,6904.27761860452
5539.55621928548,3716.53191591728
2068.43762322971,3793.50601963594
3153.87748316678,9031.74959592738
7351.97442100571,7966.8634808193
1790.65335708661,8669.30264027335
7836.23480667583,7920.81022149364
8100.88989987026,8087.92870020262
7568.33206920741,7766.00888058716
1386.554456341,3789.53787444409
2206.62832672658,3662.91176268597
1753.0071514825,8342.88965397328
7978.41320877361,5761.81417810711
8552.81774918639,6968.27593568642
7390.06068769666,7178.77478628795
7379.80320913347,7788.52989949094
7018.75562178113,7565.77804449469
8238.15239993969,6978.98560978921
8441.24533195514,8254.85743623921
8126.65411061825,8044.31896488424
984.326435184266,3080.9763063917
8681.43149667038,7619.74484596559
7071.10006535185,8494.60129215592
1165.63536021031,7869.19195738336
3879.66406987115,9071.3945209755
6767.75046715951,7338.68632601593
6627.04252545675,7574.65703758989
7395.05993636336,7864.4135518848
1005.60670610649,8859.16702451607
1182.49071258151,9022.04546264471
7097.08657427004,7192.21449349022
7660.76977022913,6841.98036179729
2177.37551392666,9321.86656924515
6908.32455519038,8164.91291403314
1990.83123794869,8964.81276969732
6438.5396677354,7665.07437313358
1049.47823920193,9126.48549073161
927.010907077006,3372.18935560594
1653.4425135309,8906.02010935122
7254.45944463988,7268.64423376179
7416.38469329626,8434.1848379135
6485.25930183658,7892.75890228276
1618.21408760327,8922.25296319579
6620.45959797918,7832.37174919417
7773.1063859611,7828.17637608784
7962.75201498838,7437.17039877297
7631.4932942748,7639.09564314384
1083.58790833094,9001.1387636833
2321.81322323221,9097.99962689099
1673.86458850058,9103.60929401721
7675.20540081501,7717.03719066216
2454.52016299032,4082.24398747845
8301.14129154333,6128.78375226153
919.574686547987,9355.88738806255
2359.36140055843,8852.00618434764
1700.33413636455,3800.41125418982
1467.60787741807,8892.76945429826
1639.43775206865,3742.80260433344
6823.50129069616,8289.41584423669
2227.20336227129,8000.40127964024
1071.71516135348,3432.51115355911
1123.84881084035,3445.34896572783
8577.36966965869,7112.82679758668
7616.35576398319,8552.08653019612
6996.46804703559,8528.28940392931
1009.57275340117,3464.01156828935
7797.58157543384,7451.80595864211
8029.55344757034,7874.13203946505
7456.53539621689,7982.88855127102
1347.49343439842,8889.09951201591
2604.89548882331,3791.7511707435
7843.40646061019,6768.34247430807
7997.70892177808,6849.56316110013
6296.16249011772,7777.64717648509
8765.90895635666,7757.49236763729
860.353720773802,9102.90165991863
4713.88268122673,2812.26236533775
7218.73970512588,7291.80980614556
1668.47313230883,9027.49615771942
1847.11165951236,8370.9184572267
1966.82468058858,3922.99713504411
1253.38109459666,8923.67858260361
2329.12399166231,8992.89285979439
7673.32032139379,8506.03182364493
1267.41325662856,3271.14360185217
1359.68710816833,3403.61774064518
1321.9235182019,9091.66169269984
7098.20059742796,8142.46916665482
7852.23665745996,7846.8025597338
831.724636002005,3389.49224052777
7890.19830538226,6789.30041043237
1658.69917539778,9043.05286694725
1235.89118624255,3333.07231466833
1715.56512355434,9268.6150416097
833.110155311067,3451.51662131248
1999.10640198761,9346.65464073161
1248.08840089208,3639.33450845314
1823.9018272795,8995.66210468795
1352.57528872564,3576.91490926068
6123.42916039698,5266.36930203393
8980.3985047881,7800.44287573968
830.853698266049,8618.25306671591
8033.91158981528,7087.46041592039
2042.13578589064,3787.32851939521
7664.73019112695,8115.45047113429
8003.35085303198,7824.07789372599
7752.00678536147,7723.00254368597
7285.92870578687,7867.03923743356
1243.39007286986,9027.7741869698
7855.11267009242,7246.49396734879
1041.84196114875,3990.36053942427
2168.65209028925,9300.20272539572
7150.47788232025,7739.37394882142
7353.72730286818,7149.05223376038
1196.00776142838,3307.79413468516
6963.91188523617,7624.85142458837
4349.78788939521,4044.68088950842
1739.74692654724,9235.23909360031
2222.17107526521,7577.86641357852
6756.48807809899,7565.09603528213
1366.45623571758,9106.78580296057
7730.17975912657,6322.90169696057
1368.241169378,8847.1510613222
1664.93005538625,8109.38161439494
2032.72634206018,9591.15550390741
1241.46090232142,8223.67987200657
7803.85348763463,6549.60699945535
628.964651669756,2919.64437836478
7725.11755253999,8120.1896013824
7318.95653367633,7219.27984742007
1779.47828890969,4282.23707527735
1341.40438251534,3828.59041604403
1275.33352738118,3731.23174196588
1292.21716798287,4055.99239873652
1191.61292811499,3368.14279784694
588.521476333805,3104.92845810667
7154.02889696101,7515.26154534066
7561.88129934141,7859.88853791462
965.012851490125,3864.08825416017
1319.30087934634,3692.20114203584
1188.95779383755,3156.19968730617
1761.52044440447,8886.62645325898
1182.84565247718,3439.68060893973
7437.82165850588,8186.51893439122
7594.71829750362,7606.02988791124
8047.8426828585,7820.90566635441
1326.80270477252,8813.29636563134
7657.59966783076,6755.09131053683
7022.61623439305,5789.86234239675
1456.97562827877,8758.85861823253
1488.42279830511,3834.63245516046
503.123925775479,3208.18829416826
6665.39593201657,7360.43555902147
2690.21306304933,3840.11372566524
2451.86848155985,8413.42858884521
1317.96536212815,9009.7902718122
8332.30970093169,7251.64246290291
1234.84728673387,3795.75447980777
2408.63970727928,9145.35364127177
1341.52477810218,7389.85633351572
1407.33655343769,3654.51712570404
6781.50416896289,7433.47397511172
7197.4645349574,5785.39087611815
6665.76941913736,8138.92312812662
969.400928587284,3482.53799487063
1499.077434135,3918.13068042472
1367.06522800487,3680.44762018792
7735.73596092137,7040.65484898357
1022.73162722817,8821.07588816364
6593.04813046133,7325.12398237247
842.207031291007,3099.62421618772
9081.68881774896,7415.60962575142
1489.9878439487,3876.45653555705
1155.46155549429,8805.78126913298
1813.28772692613,4011.02374464481
681.661794606038,3364.31969742204
1225.5340756865,3156.22040293185
2463.77849871748,3964.43365583191
6813.1720959212,7031.54979005198
8357.00578917833,5842.4941580921
1114.00326413819,3297.74420343747
1761.67220506681,8466.37022365165
1552.44166385054,3809.76564454186
7557.51766391534,7594.51951078644
1364.8001426218,9110.3551512172
7903.73859799562,8396.14371610329
7752.31501118941,8065.32139710987
7468.25481162453,9241.0171370663
1549.31479146868,8897.60713361282
1637.51456639592,3562.27882463865
1618.85312879949,4039.99457009931
6498.57524485026,7936.13094922774
2445.7016838834,9150.49153527026
1255.13319924834,3577.64277987132
943.718797046349,8653.72489828615
7197.792090259,7950.82006111168
1629.43488739725,3505.24726866802
2224.71727872134,8157.01998428924
2184.21956982245,6628.83449798006
6804.24686794904,6911.88567077446
8852.59937758894,6136.7157192463
1525.79109372979,3572.37690835223
966.096547890386,3432.64097088712
8341.2672272854,5740.20035633263
3049.63850225883,9199.85681062137
7813.11968417255,6809.20110237427
6812.77580855761,7287.35120943965
907.773454398413,9094.93063243358
1550.03605310197,9104.40950099341
7443.74625918846,8308.1389838965
1346.84930506089,8346.62135126225
8428.93749128695,7291.14907827428
1383.10738035852,3706.45181020453
1228.18817984031,3218.29434670299
7527.40145194401,7830.52482721047
1455.66881908206,9399.70175329887
2122.54560388203,8882.53062489849
803.679826662195,3210.29209573255
964.806003627658,8658.34762454688
1869.42848724276,4700.72626308916
1127.60981627115,6924.50974126884
7075.14994424881,7784.33815393608
7376.91904278472,6571.68256427484
1047.64859610178,3174.18408805423
1052.60238103783,9064.36862075117
7492.03719834966,7414.1574790382
996.027072244703,3474.24554174418
701.931895320964,7781.27838283262
1387.98905084248,9022.17174326485
1795.35600489993,9189.54983152427
1489.61345756434,3684.52845724709
1855.78839186827,9099.74797445726
1391.71395408793,9174.5482192527
7638.73496197366,7898.51798229955
9017.63472767598,7514.70102537693
9340.13749651876,8107.16117802401
1158.555933214,7826.21147775425
7434.40355788521,7743.19889905699
2447.3053410444,8364.42997364472
8607.88705807672,4778.28307607937
7049.6419335384,7368.23388947034
1209.21477375741,3541.39631995107
1290.82596240748,3900.46914483073
1097.66289325441,3236.43370160494
6231.7236602604,6969.45985650703
1180.32508619923,9304.94728043677
630.186122010195,7957.74397609221
7764.55196474909,7560.5184810067
1298.57841174285,7140.18519057878
4297.21236231897,3556.32073856275
1352.55401272407,5358.60529628576
4164.78628864012,9037.89755648055
1636.28508394091,9318.94553715647
1068.58783689676,3356.27318492674
2969.7693344423,7855.00204074753
909.180052388767,3479.87950103917
971.740147677638,3234.70095257076
1123.44589438165,9067.21892049701
1152.66323242564,3433.1597169783
915.926847311707,3201.99218433158
1872.75560428369,3866.73385490753
2816.95929446571,7104.62305243914
7944.82365670956,7438.47087795914
1236.30317862029,8565.71632203722
1334.11436248498,3481.66204878285
7395.74363569919,6416.49124050425
4658.52464240206,4120.00368411071
1473.75531110717,8656.42223744139
1144.89400286119,7909.0586764744
7502.92462044053,7091.83994704949
6908.9814129482,8034.86702345993
951.200000621329,9095.65587263453
1656.31380134915,3644.35403604757
7752.68714868275,8936.62823642752
7151.15150308927,6006.12079509941
1936.3065908671,9293.18977317647
887.793170791843,9142.25332691441
7495.31197880383,7577.42406988354
7036.36622479627,7100.22012394048
1310.23154430881,8219.42659491077
1941.32966872133,8023.56037594737
7079.20941250707,7756.7500612434
9073.67979805891,6942.14508229694
6735.12199887567,8674.36661553023
6174.89613263327,7393.48324207856
7102.06448750487,8027.98932306799
1364.76965803368,9123.81540099285
1125.00702316488,3434.9539131116
1219.44107393187,3148.87049743651
1797.88662968483,3949.86134426436
7421.16129668552,7366.75472520996
990.91851132329,3167.09932486165
6970.7831307799,8061.12716892299
1052.00641133899,9120.74767241814
2609.45615437357,8238.10849439316
1230.6056489162,3673.22814045648
1441.63656824866,3896.20871486191
1549.29424059747,8999.61042862516
8151.05360772418,7512.82829666394
2118.17642447674,8875.26305638836
6247.58380185039,7495.87199915496
7966.60985920302,5545.91720001488
7837.4070166041,6747.05710674769
7504.72080854692,8215.5166065314
8864.32265146638,7643.5523140707
1377.6261362932,3446.37266595195
1214.0481845804,3627.02918556961
1272.27130083595,3630.43981192717
1293.78980314368,9232.69892389647
8827.30601573291,7053.1026615231
1189.48191901448,9267.33098536555
2397.51686136296,8620.01899079252
1264.25110098298,3446.9184287372
8039.16761858543,7566.97034143563
792.047152127105,3190.31208830589
2101.53347306321,9179.87953398547
7018.79783652268,7591.69139253779
7474.02752404102,7705.90292044728
964.85208710436,3253.96272485819
9072.92676638284,7116.85520737715
8148.76032790731,7386.46795724668
1678.86993160331,3874.11910751936
1780.41063651876,3593.17120597455
7896.10278111825,7405.30512123761
6630.56584217503,7951.53584215713
1439.80718932238,3904.64212116448
1853.54586232097,8698.5813802509
2096.70472987661,6569.5516986152
7546.85470616508,7799.96172691357
8602.52631522402,7125.55241934816
7202.9318675054,8024.87411188305
748.297706222818,3210.8601649122
2803.06026123248,9014.09423909082
1547.61088672428,9163.33941372863
1254.71875853736,3604.9188207943
1695.46605671822,4163.43398177701
6654.27025059105,7055.63522683731
7991.35949359019,7935.56871635622
1287.24393422871,3701.61379585335
439.610997470154,3002.08323019615
8009.48092372885,7415.69722715252
1375.21674408658,3629.80660582455
8005.91226054909,7075.83621691385
8019.40925284395,7407.62219430068
1712.43361498659,3561.40696650013
1458.32115983075,3800.47815296271
7352.62080858644,6785.34639969496
1219.73570583286,8741.4226003244
1954.85654663907,9217.96391865725
1140.36445268948,8871.01019595333
3636.10665714889,9127.03688909009
1703.59322766221,3790.66535002587
7255.30252749254,7565.66910403193
7633.83089069731,8030.46966664958
1535.30988595063,9264.14211042401
1369.34676300307,8905.38548010294
1662.17393665579,8443.2012273819
1495.20243537673,3937.32780387967
8189.44657791094,7785.75592137302
8640.5663436246,6540.44285432965
898.222759857583,3759.35662282229
744.589966648647,3227.84714522363
574.28809934214,8067.78903687365
1529.07354536056,3629.4185044926
8355.06098356334,5401.02012604328
1659.74847629244,8887.73443823086
7470.4736685239,7775.78247949674
7427.54226283816,6422.72449004485
1434.2162001837,3991.74492581767
998.334797132919,3497.90283384548
1111.16753471741,5472.43200145563
1613.68422420207,5473.48388088006
8073.4581742499,7807.78936668562
8095.9082588009,5589.41928530864
7469.22775913952,7659.63585510421
7695.20355932423,8350.89782423129
1141.59272316954,3626.0302538142
6110.23666530158,7705.82026074484
1032.74084037669,8225.62506488198
6569.59350144766,3754.51759107274
7361.73539277863,8171.31429993243
6532.14874005957,7943.06026261844
1669.15607832644,4811.25489544527
1209.50305487733,3437.35039939914
7231.36549624436,6775.06563699793
2078.79607037536,8443.11842118639
6859.86064607588,7839.43274491893
7262.39372756768,7897.43906140049
1359.3583001835,8939.90153122421
6850.16564004707,7988.35579765221
1499.20686950144,8908.72251549086
1750.20954351162,9425.84950512805
2500.13918185015,9016.34030029996
1618.54456392937,9027.42147670182
2398.08126242549,8249.50338696469
7081.75415025151,7563.84624402459
1677.08505729854,8885.55020001035
1589.98771928288,3818.27255523516
1261.40461839184,8680.92688576375
1174.46495857971,7017.40239594854
2144.59705720833,9085.79816365064
1605.1380845426,8901.73375149805
2752.26724422319,8416.56167582985
4160.56760728981,4074.64888419658
1023.87171222901,3236.35365356743
4907.05823713896,3656.52283544941
2404.98598128219,9133.48187114932
7878.64286070406,9184.46039796847
1730.99139679216,9007.81700308789
1381.50146717126,3494.78002226347
1449.62220569273,3610.6340228857
7075.70276124436,7397.99973950727
7131.46088470894,7360.77687532541
7404.26944749655,7381.30158773862
5563.55887366738,7227.82017665586
7971.77501866028,6350.23248136865
1713.50491999111,3509.68363806821
7407.70004021293,6258.64629896179
7885.28786476624,8247.13717713236
1586.64300704312,9382.9727388479
1787.06455089879,7302.38689622967
1698.90641595906,3867.32761354889
7173.53934596426,7283.68533018243
8112.64075861987,7737.1074279249
1634.44768275544,3496.13936445859
8395.89026496115,7834.08557518394
4608.09284836603,8970.43033542404
1523.34010425972,9131.78564690979
8040.77013984837,7532.64463119618
6920.72239134761,8003.36838444508
7268.30282352741,9074.07103716598
7339.08324342224,7891.97060974984
1588.36908068351,9072.6907078938
1167.95779875199,9369.49882366764
7337.82308492801,7757.49726151503
6439.2959392792,7458.97912089339
1656.34874596124,3821.503809715
1513.52122634974,3650.74872640403
1486.74216052905,8902.58334129937
1600.76961585045,3710.67487088664
8116.2662804222,7756.53210776757
6733.04351074661,7078.02148212303
908.993771173849,3460.2917014026
7024.41420704852,7579.4658396449
7593.11677828139,7559.41652775195
8430.41483136369,7243.538173465
5157.13647367885,4570.99110015006
1295.52404053695,9005.69251360847
8234.59925730201,7707.44830192664
9227.24884754905,7023.84758124497
1343.12757669056,8963.62691568403
1290.36065283927,3706.63079245719
1111.17881345544,3679.55236676797
7189.32306298227,8267.58441187685
5627.67726629256,9216.5894772406
2141.13697837877,7998.76985934906
808.815704405598,3502.88471309075
1060.19251892629,8605.22212662538
8496.17096280958,7751.89718656906
7426.40970959349,7726.19590298989
6824.1707073623,7707.64884436862
6870.63413773194,8257.94380659587
1423.61277660571,9137.94664066069
7392.83550998805,7861.46288214416
1340.10274719746,8489.46755387846
8048.13057634813,7759.32440549426
7533.22780573979,7381.79310514907
1029.40686432846,3142.09915720844
1589.91197424261,7751.15449445038
857.124072819039,8833.07229545596
1618.73204436276,9033.9094132474
827.95718356991,3225.91434820534
2066.98791943845,7561.55844050562
8271.32873134845,5686.3451058177
5675.77596921843,9189.02985383057
985.982866193796,8693.9510578104
929.231074479379,3661.86865794672
2865.11420218144,8864.55093719983
2362.9499839182,8163.12980648738
627.701653450344,3183.99389968177
6985.0309758267,7561.02406453044
4788.60115377128,9198.50130725848
1973.37706480808,8984.96161744932
3244.87220938623,8754.31447248785
1925.66077452123,3619.7457858309
1171.05416811138,3609.67893056307
8627.65750481968,7706.2175200803
7206.83744741423,8187.80243987701
3588.7513399519,6529.13196521515
6353.32928125846,9010.40028558498
1532.221589914,3432.60715354215
7352.71950307365,6693.75780912398
7357.65852455795,6279.60037251733
1621.96490039473,8997.06410914439
1306.42321413786,8939.54185925562
1180.89497414642,9172.6026767427
1428.50357612462,4227.83862894771
8162.27236792511,7431.82332623465
1163.669213159,8951.38886169616
2383.87219838511,8368.72360584778
1674.73054432171,3817.40992283701
446.62013834153,9190.7227296457
1537.28181765744,9013.54049088294
1636.01815919202,3667.07386007175
1182.19881072872,4183.33999987953
1295.61956582758,8746.81170662071
1493.51478250473,3624.11788445889
1596.55011860581,8564.13238118979
7152.11289069431,8360.27303577896
1810.57189742567,3886.57871646786
1500.66265943997,4113.41745681688
1976.8247627935,8993.65835579319
6968.06243662006,8027.22660797208
1361.02965307688,8412.32056264018
1490.0067825677,8991.97030667951
1542.58710857546,3645.60967339464
1771.2052892749,9182.47406673932
1799.47118325307,8776.69726598306
1722.92890409773,3605.94183183053
1731.88906800779,3252.18596222042
2123.69910760822,9385.99734385058
1368.1421934472,3649.02318259899
768.489696791774,3170.24912086457
900.914045186294,3827.84495794627
1450.27040929771,8674.9074559296
1363.24161641305,8445.08947469547
664.817540635177,8637.78043823943
1237.98149687249,8900.87194749747
7135.79781592842,7305.33206268769
1651.69878803051,4066.58415747346
7461.08389843743,7262.86961618521
4097.68154256953,8286.12235068671
1714.65787239915,4091.1933988128
7365.66074182075,8383.42073274353
1052.31902291088,8858.32777948054
1105.48366554458,3662.06959994947
2149.58086874015,8600.94906151494
8434.93425679539,6669.59956268391
869.473627235436,3290.87482671416
1573.18369163224,9199.26904121602
1457.41957608367,8453.32235232061
1400.93688481698,8107.00995804814
7315.01408353708,8033.24317930158
1009.03655226601,8975.09764603342
1092.99885047257,3264.89276677141
1050.05137495756,8803.21132039098
1783.20065202326,8946.87080888232
936.090081761247,9099.52588860389
1345.09277305259,8505.89206650818
8109.78651935473,4364.81459383923
1620.39534888965,3560.37603787183
1235.22510986358,9005.06788182587
930.805867796278,8976.13765848885
7797.61906471215,7395.35880968937
8259.42363081553,8025.35385973026
6638.81010718121,7577.15059439977
927.502611083335,3280.53595903181
6612.42881353897,7482.66277964068
1326.55220027633,3709.99351996922
1545.20584195705,3804.15857706867
7173.44789974182,8032.58072098947
1956.12510508973,9320.17709237552
1039.22246264603,8837.25879740529
8381.22193477389,7183.57040030367
971.380467400399,3088.30235597949
7544.33588227488,7184.47599055877
7082.24101354462,8163.68047822435
7898.13252282993,7443.82180433843
1876.1597695351,8848.59420168501
7426.95236030073,7227.29980063848
2199.75599562509,7299.60805008818
7760.28692273988,6979.85530794425
7775.16310188316,8423.4084189987
2056.30785104642,8929.93300010443
1366.14465858836,8749.61109615186
1635.04394488299,3950.87220488871
1180.87408759212,3396.04199454937
7598.06264827339,7592.34445122284
1607.41406307552,8340.90656905734
1165.52653286068,3583.57300798025
1088.54294797985,8978.35322826298
2105.68845844648,8057.53048402199
1677.30466953425,9116.58250765884
1502.11511116385,8864.34228280297
7734.8740980098,6974.03540947341
1515.10763569544,8811.82079858443
1223.33209206355,3466.99986819519
1615.83415849262,9286.99159915117
1616.15180836165,3778.2973748942
6888.72556558511,7614.70743496171
862.196726743606,9364.73673734133
950.058360457993,3282.02370278715
8000.42455316614,6687.07488399507
1807.79596920802,9028.36088963019
1978.99069976849,9073.58094408497
1346.24242256988,9324.84816136291
1677.2586590572,9233.42402956886
2696.17068257132,8009.48074013492
2113.35345971577,8609.63618032862
1681.3546978654,8908.39406826756
7566.67686718159,8166.22280988628
960.085128594401,3301.54414426813
1028.96479399691,3346.54225860797
8234.12106903318,7345.25118217237
1363.62222096883,3978.10109482867
7754.77195632357,6900.10498275564
7213.66548171238,7648.88970924605
1719.84221677861,3985.38184594688
1212.58599991764,3345.50515782968
675.58257771139,8930.30185757414
2098.53135212113,8994.0464287867
6856.79848881076,7398.01397688727
1680.25477314727,8921.79930130712
1518.06356700115,3617.88157227349
1069.5078453221,7628.09587817067
7593.11333423947,7166.25194390717
2589.48997116921,9360.54974090283
7059.06286625981,7792.18506398185
906.150832508919,3539.54146873819
1329.08377253145,8966.63138196181
2676.45848335347,8792.86642596409
7304.33727525554,7489.90893746427
1483.09061995121,3615.50093248819
2002.50968777463,9326.14007749607
1418.00540488736,3149.06645139511
1179.01251214775,3245.20298535438
595.035919705481,3019.54211788459
7621.62788414761,7169.66688109839
895.413141255358,3148.12603984144
1378.36730560749,3760.54739174768
3207.15277619445,9101.76674739384
1124.67827261677,9303.7058951699
2737.92201796245,8909.96385395913
8706.52806028112,5641.86946873095
1127.28719335824,3313.36771970924
890.015124298851,2810.40807902206
2435.6274312395,8486.88515006198
1873.12848869938,9176.42697672065
6649.17645957974,7164.82802598075
7811.42353996406,7777.23840403403
1224.49504145809,3552.36462993711
6782.52111535158,7410.06239844228
1497.86836870041,3736.23585519318
906.155251731861,8701.70692213143
8248.98630445196,8299.28938748682
1404.36376967349,9021.80033892144
7293.1154281546,7224.40761024794
1579.97837215305,3677.64737993534
1746.91060630707,8433.49284059018
7481.09987645739,7962.58467757362
7295.09573965671,7286.24909930044
8248.2630463091,5644.11445539612
1672.86105803405,8656.8307119395
1153.24879294317,3470.89860969602
2951.27198909866,8544.85245711248
7735.76157067082,7323.51997651208
7785.16724318944,8255.19869299844
7317.42358391155,7967.67521734237
6631.33292232111,7060.51757511967
923.749948098225,7808.73962859176
7017.89733421382,6605.20222138758
7547.39958161068,7242.18351458964
1790.81998212933,4167.18924695228
1153.68184206912,8213.97575109907
7603.66590160997,8027.64661145649
6451.24795080701,6621.22419256326
6947.01355587206,7667.89726032569
1709.64424590801,8528.65756840148
3843.11393996715,9197.73354854778
1560.9713563214,3630.57348711338
8680.47427079197,7590.24419473589
7911.62708801953,7407.94877225689
1089.34125973041,3753.35399767893
7496.28645275295,7982.84162600168
911.991139285441,9224.24134238886
1523.18021929031,8477.13777074084
1378.3588821919,9200.29439334387
7466.55948951765,6266.29129693818
1721.28213026944,9077.84626046549
6879.81453261432,7923.99992511882
7826.17369569794,8105.24355278095
5439.78301118463,4178.96361061685
3574.41320938242,6725.05920379857
1633.9037538592,8976.8734140325
1670.05852153745,8811.06294055773
7377.25209598353,6596.69229688438
1145.79853555453,8708.91299618067
1897.34874322203,8133.83400377541
1333.96530204257,8861.82560107773
2225.0702215712,8842.91345607441
1206.41956586913,3338.21387988485
1604.09960626024,9339.18190772846
4120.71943587463,5951.45658011866
8474.84516139132,7171.53393476944
1232.53179538076,9230.01764287567
1324.0933073921,3804.78167765726
8303.9006959403,6390.63617062768
1629.1373591341,3764.20753334567
1394.78606270452,8829.70386340043
2184.8812599006,9125.45518318397
7340.30628285351,8057.64923278969
7321.02359411268,6937.48040511576
587.551381304925,2980.62914901561
7465.82458501893,7450.34257714151
1550.56445839845,9146.48095716361
2476.48904448564,9246.8240698901
7759.90790771452,7878.32243969327
1891.98972109117,8595.9772519497
7752.89578344226,7414.68476810496
8545.69234166986,6788.40503350964
7747.71291664407,8420.63425492893
7076.19366484664,7286.8528569205
2006.67509071717,9305.34717281462
1517.80968886335,8361.41857541801
1059.85284174761,3875.58277039563
7168.63761447443,6630.96295044504
1071.08156000961,8023.30007792363
7252.40211158186,7157.31721082753
8633.20466789693,7291.82422751738
1695.4088936834,9205.36749845107
7795.786915885,7741.22908398292
1270.19921044376,8900.14983490589
7041.62660829813,8168.58770245602
7896.4535223204,7710.0071899931
7644.67635633163,7809.26707703172
1935.5924149941,9020.92701779353
7596.84279288541,7749.10492580706
7199.6658175623,8027.76518931051
1218.04484718219,3755.04364385862
7178.63944394864,6701.14183313777
8006.85798241697,8126.04635069083
7827.97146897854,7523.50043159592
2894.47806895431,6316.14096303058
2373.9385743145,3719.10666210671
1354.15556157403,9011.7452188619
2762.57638965075,9230.64613331088
2739.91904920126,5060.55913063769
2593.67026692131,8212.8703639313
2173.38268893433,8199.78138662092
7483.73624865386,7817.23090416708
913.076460878497,3541.25979638592
1388.41743419971,8452.58843094673
1963.92952755461,8721.50086326102
7463.13893871319,7791.33714307047
1293.61048877623,3420.4211880283
1485.64923689368,3546.70111694428
1168.93000142323,8597.08099670712
1383.47171328533,3433.57041881309
7741.4212939333,7399.28165234137
1223.23269165799,3682.31737687546
1328.44164994937,9182.65470920163
8001.53155549598,7717.63263784349
1449.9901609965,3561.86573924716
1695.59448797183,8876.59734326959
6890.76392194808,7694.12265614149
1752.71015883691,3087.61200431119
1403.6124114168,3664.97112784451
1362.05533347342,9290.79150650221
1730.40475881508,9140.10743405181
1237.78613473816,9016.06757222763
1332.27532564578,3451.79172893291
1996.48870962241,9097.04253305742
1056.43092627587,3636.89466162141
1194.12157785351,8086.80730882201
8114.33976687569,7931.85344630644
7910.75180355769,7617.29443080725
1512.20193739366,3716.97657963126
1533.2527361589,3922.54166555114
7402.62151479971,8056.331066343
1146.11787858741,9266.08526813368
1325.5900066672,3652.33764206091
1343.98774924922,3532.62130180342
833.099464008554,3475.82746958016
7474.98189449035,7810.61348717922
2189.61564271768,8180.72131236086
1503.06271426367,9042.22428211699
7465.24151200903,7834.9740554823
946.937810665719,3290.18261037206
1181.43552298282,9267.0110791423
6272.51574468219,8580.87209399694
7516.50199715421,7878.0963855717
1312.94464627592,3591.29827808615
2270.17816350229,9553.61674695891
8027.54568067387,7983.9061682066
1274.10420533782,3445.02622540518
1581.38614474398,8922.63348923552
1585.00524400448,9235.1291584029
6942.77990109831,7223.76135058661
1143.75747483063,9228.47123695675
1221.19648401305,9092.77973618331
7279.58131516392,8165.76317133975
1489.67658884699,3381.87747609271
1839.41327400719,9407.67350162211
1808.10703596453,9022.59880011756
8541.71633580585,6939.66356996373
1833.6198170912,8761.63954852549
1113.04921908076,8997.57911834846
2169.77350362348,9038.1065299784
1354.21089371221,9445.62380372377
6942.63734185315,5621.85311479556
1029.38816303438,8895.04100980436
1456.12149415648,4059.6332181445
1427.52016658253,9169.41878430004
8632.30304236349,7199.13267641545
7696.54939004575,5853.22033589916
6961.02841590022,7406.83414673315
1391.18644268903,8998.38369561085
884.087022320863,3669.64958673391
1445.58514621976,9120.42547621371
1854.4526333988,9708.41854144745
1708.64886417567,9173.84976062207
1220.22044837295,9004.78207040531
1634.78735629042,3785.48260837555
1793.21694894988,3675.26720136457
1702.01905629562,3666.60166250437
1302.54383984517,8842.82023339611
854.44632706718,3203.11735269373
7022.62560669762,7464.73678874111
6917.41381544484,7130.81917252783
1522.04606731097,3310.57146918612
8585.96647407883,8240.89172581103
729.579361968683,9020.72988650343
9964.61458115854,7517.12369054922
3921.23768606894,8485.69195581433
7757.20601968568,7132.25835271148
1145.32395285578,9287.51714099272
2051.07874438944,4406.42681142661
1900.64513189287,8975.38976541052
1816.98529332905,9168.53592085177
7396.86299992786,8809.90011216826
1344.37067895707,3854.94542934705
1188.21932837452,3398.81188595142
2014.35003419924,8278.84467074214
6530.25829774292,7254.03159104826
1127.55946806569,3753.30365327786
7424.95456342791,7363.22725132167
483.829408127132,3261.74727236549
855.178845316929,3264.24467749511
7251.30029846482,9265.83198202556
999.821704468509,3572.46563867195
7128.85155946524,8293.46462052472
907.057555135328,2974.49460216963
687.277491574257,9124.37347659137
943.67900456585,8753.64660133462
7406.11983026767,7510.27934118084
1345.75602884231,3581.65535249695
1157.57381748793,9018.68984284667
8631.62702352519,7243.51990727672
1782.56814069359,9260.88639617691
2070.87775440586,8665.15702965538
1219.63604203038,9228.03050112736
1058.1304831218,3340.66736410026
1334.77063361505,3391.7064620859
6378.60957123738,7212.94843311797
1506.89326767471,8102.74567876213
5790.73775121362,7112.40088352149
8451.72011738738,6177.61785642492
8963.47387763352,8326.10859064455
7879.20785475616,8114.47114313593
8309.35750542964,8208.95064627717
1128.97356148834,8839.18177481214
7950.08425504404,7526.02432599929
1330.51056184323,3723.9398192363
1208.47577804641,3132.82340280673
7434.20432684556,7654.80845490013
1616.53466004032,9180.34769418418
7458.14766013331,7773.11176822311
1160.5766184304,3344.69035788633
7549.03831623984,7037.13265758001
1769.76617191515,9087.00449363485
1432.23577111383,3607.51337998781
1736.47538474624,3286.91150811453
5398.74379366555,8163.54085293724
8508.81747421059,7225.27939676298
7068.07717196089,7378.46738527891
1514.33805584911,3806.01200057034
7249.92647721667,7940.47482488945
6158.63073613762,8404.96038767039
7197.30755208394,7768.72573043663
7594.24352358799,7036.25658417822
1387.67696919235,9164.95537634722
7345.33567843121,7551.20141057813
8485.5427335823,7808.05672254818
1561.64925527685,9135.21870448648
2069.61367269578,5865.01471151694
2182.83687495067,4197.50524692863
1320.51589703197,3715.92236662241
1066.85682608684,8252.87017042002
7462.22869638594,7528.38622288458
7378.56564132336,5853.20445743266
1416.39387285035,9048.1891057984
2334.8053368145,8122.28087999841
1929.11474941787,4800.09266903219
1799.34157322469,8187.08442295368
1352.93907784993,3273.85249959095
1782.75155907532,3565.74591262602
7740.8287419901,7279.65123848458
1324.05411260337,3518.59207535431
1038.38583818983,3472.0954489089
1041.96766187825,3763.7490863972
7649.73421507588,8059.76806609685
1720.2361945007,4156.0395863935
1937.59221048162,9155.86418268334
1266.62056947526,3460.99818737552
7243.17818333451,7472.2944895274
2351.91728374125,8790.53700213418
7158.66703136825,7941.60986516432
1782.86736420687,8754.60447454032
1708.03971965788,4192.91448453526
1989.39196181215,8934.5954228616
6987.017810497,7834.25777317628
505.179219795292,2952.60560849105
6161.94396508902,7786.44481098688
6810.80579413687,6001.67620100503
8029.06689902238,7248.36493189893
7080.66231511269,7631.06840976403
2084.92764810284,8982.99706970739
1100.27679883743,9069.96490623895
7559.63660205188,7708.77783826693
1244.92463605212,3710.46718355446
8426.76912905233,7797.35506141451
1399.79587756211,3656.69240173435
8019.16556716225,7933.39250639127
6353.29886536578,7371.50649261913
1263.11458476189,9015.35708015268
7531.37619245121,7466.6205727492
2419.70831008274,8046.58042337825
7815.70193847288,6865.35255602454
6513.97072289456,7054.24309001674
8335.17933731482,6458.41868017067
5475.37323958388,7833.13435492702
8051.6398066183,7724.48282869959
8096.678734941,7205.79187236893
6880.3340995008,8096.92057234548
1374.40786927498,3619.69542472226
1355.84128078635,3606.51374718649
5991.86987435874,7066.99203123417
1227.56605963729,3180.49071292276
6860.29018417245,8096.30550814537
1374.78161006241,4103.48793618086
1619.76579320563,4164.55896915473
1485.09421257846,8885.22645937656
7506.02114541878,7900.30882327226
5503.56178626441,5652.10200889432
1224.60545909458,3691.70234200921
1358.27446027103,3593.3092169903
6500.64519350994,7741.31256271184
7604.91003991327,8022.81833428208
1885.36362943977,9118.8718052173
7506.03275290449,7692.53004199055
1489.64079510419,9242.19771658045
6576.47758807635,7718.83414050679
889.536751825391,3321.79392576341
1266.63398209223,3558.50438444874
1019.80455247988,3518.77966807225
2449.99627491802,3676.18350554582
778.844443409526,3446.24948206227
4729.452512667,7429.91915866674
8009.56470823676,7976.20124274783
6720.81499854688,7117.43824697775
1501.3764471925,8803.56537819616
6883.6441807995,7709.98413364544
1344.17172291503,3616.68444652691
1128.7621715919,8453.08002923617
8385.09292187945,7450.68766427615
1248.94682715113,3698.57234266015
1542.34383477779,3617.11115478666
1625.06575721401,9120.38132089692
7747.05437008139,7350.99311426439
6992.34204982815,7619.6474210736
7543.55219954612,7730.5990143652
7527.17241321356,7489.50379974648
1053.40079157169,3620.35650474176
7028.46844385397,7313.8527020436
1251.07300479874,3694.60674100616
1392.6731590379,8253.60580890598
7915.19795221542,7504.00807522176
1166.34125337755,3483.81252331653
1498.29428106543,9018.43740873769
976.868115306525,9058.16275760151
819.823551467658,2668.83293250388
8022.79333062056,5425.26332222661
1817.15654751744,5091.90470319586
1846.08925803861,8475.66326207798
6772.94503759787,7250.90453820001
6992.15326435473,7954.24746219954
910.884860703905,3597.78912547666
1153.69035888142,8910.32278129064
1763.78752902828,8819.78316125661
2051.08807939774,9232.60665952874
6731.92931191774,7830.32342916027
1418.57701849263,3452.66722576002
7559.02597859916,7829.7472199336
7421.24701209425,8021.04218872579
1488.91301700794,3651.03699832622
2564.62991270478,9786.43229641636
6453.56664668979,7496.57483294749
7924.59938281634,7934.79949054544
6552.15689299366,7817.02547367246
1526.27573127301,9278.30590862804
8802.15875068617,7962.81363914546
3448.5681936416,7992.23661851877
1184.95602202307,9113.0113496141
6886.34952011829,7065.9192977117
7160.14782525542,6750.68421520328
1163.9812419479,9051.60673738214
1736.46931181773,9106.41102961052
1672.59152433045,5091.71866307793
7060.80378504392,7247.25887649756
8826.75998989405,5524.26254939739
6309.72929870107,8333.59447004246
7213.38887718443,5783.39551928188
1384.83498123824,3773.06780458568
1798.16703123289,8737.33608188315
1025.31306936518,3848.7066528075
647.85856414258,8829.61646834053
1433.01772124468,9178.48403429381
7768.92258661828,5687.65902452847
8067.38727628603,9118.58909379223
1604.29381543472,3941.50170925481
1208.6221426047,3926.99364895224
7933.3384604141,7193.21078051623
4856.55743839073,3826.11455384883
8063.80760924107,7496.00537030171
1266.09270446895,3279.44264680015
1072.04137635397,3426.18099598101
1159.21978968248,3295.76191691019
7678.57751222128,7035.10761331997
8247.35477963838,6981.78923736913
6825.18498852698,8038.49421946443
1094.76165682457,3732.28468903116
7357.24403770408,7656.7274358114
1862.89381052418,3799.97802591846
2512.14104657694,8726.26737572117
7452.55084039145,6790.8449019413
7186.01091341895,7863.76827766874
1509.53022391758,8941.44564645731
1387.08478610088,9103.24915966857
938.14710473742,3591.55835482348
1250.5256108049,3521.8243823946
7144.2747188023,7856.80257608695
7594.31033970835,5832.72496021926
1218.85346680903,9145.91813120515
7920.23060787936,6802.25448749344
8082.85513152154,8232.8212730699
8277.91633248517,7493.81601726306
1134.65041120072,9012.63227459834
7087.71437600688,7903.18611807876
1148.14391076033,3728.16095912633
6943.23473881555,6867.93482586042
1264.45476756664,3501.32549331677
1614.47719171778,8750.42338656829
2123.12921031094,7853.82393279718
1325.79845934965,9089.80332399233
8002.95002333289,7908.98024989412
1529.28362228161,3565.0031567107
2152.46010682315,8763.57873625107
983.552087102997,9101.06327384636
4461.87070228379,9071.18678556292
775.057464815222,2939.04724828224
1344.26915061948,3769.81852181294
7547.44848902268,8656.9380237375
8302.21417630822,7432.91947152236
2702.92910942072,8300.58396049292
7797.6753167714,7083.57697584547
668.751056207077,3253.67979396831
7212.96958024731,7241.60415171578
2606.42610878259,7883.13076248614
7788.54998189513,7444.50728544997
4592.79946085615,7827.80168286696
1392.91696191805,4420.79810041129
1388.98899492844,3168.21567444152
7419.69350679622,9480.36385461511
1080.04721125187,8781.62807713865
2154.00653334549,9240.96476986538
1521.43795620534,9199.13918029408
7196.3729223732,7373.86283312071
8235.37960353341,5936.77308767936
2004.48763946439,9275.95937190996
7575.86088925665,7865.85130722002
7654.37247076298,7605.28049532938
1535.31232639942,8872.54664932907
1186.10883350135,9098.18937650411
1408.91421440753,3595.83228557536
2367.69113293568,8126.45653730022
1660.31072384757,9201.38411024518
7217.79922976016,7334.89254319906
8242.19407192276,6501.8894963305
1716.59217489752,8876.87791369549
2023.48001599195,4167.673532991
1781.18973018613,3433.25498449239
7099.74759437915,7806.91252490998
1460.99910063368,9016.01445411675
7594.71124489382,7363.09463732765
927.230744179486,3641.82419645665
7356.32154182639,4818.15717628225
8726.24679129159,7360.56590902471
7712.83180710457,8016.64510179703
1491.69011040063,3615.82589578275
8601.78734651278,7766.90483561068
830.830461630927,8768.38594816842
1469.1215927281,3535.12072733952
1150.77809775983,3541.29278573598
7353.40424434744,7470.2317259467
6774.07824147822,7032.91999329178
6700.40164492578,8731.1971134449
1123.15645643458,8906.65479406772
8527.89068852534,6942.35998013483
1953.51768670664,8112.67447798965
1535.22297986223,8717.68509465659
1676.37497641037,8970.57372385083
1402.07871221753,9171.58490283577
1465.93759727111,3939.98575832879
1934.64462923048,9191.61850133765
1093.25404127518,9228.79578495434
1614.98160671595,8821.29113354522
854.161957098287,3434.917886133
6613.75438898093,7331.67956665207
1079.93734414633,3189.3010986242
1387.53469104308,9086.13176929321
1550.9848663512,3537.88681219702
1462.47457345838,7818.67762608241
890.837929147493,9013.59849863657
1739.48759700912,3816.223873771
7746.90161260939,7823.49782674804
6561.95378811042,7683.70937753278
7274.94628560901,7426.85623662886
1497.43755642667,8833.06978889168
7485.02156797066,7781.09410118579
2244.85966819989,9012.09500874313
1688.75267055346,9209.92315053941
899.692465643596,3174.65772147908
1630.75096400832,9071.39985497902
2643.22033398249,4331.64280270423
2111.87048796843,8377.37579291977
1552.89800829362,8927.82658296729
1555.05828308609,8738.94970188448
7602.52066805442,8406.10532961869
8518.63300656572,6949.03070148524
890.432935911234,3216.22661305461
7706.08347875699,6992.0567199249
1503.33676516333,8181.05949401926
1525.79284903755,8962.94188197317
1024.43264160222,3688.24385013856
6722.29269120749,7195.40845785755
7601.78123467193,7464.45926106337
2095.24111945866,4545.69862340189
1512.4786550368,3381.86691170319
7965.33940355117,9340.03609691599
1468.44597302598,3976.45048003085
6918.49912095641,6190.61435711214
1194.08775953804,8827.54605189547
5806.51124326767,7789.46129505278
1301.01727012548,3616.04967896938
6919.34281838028,7953.0706977664
1144.6527946796,8576.98333370312
1423.36537086805,3676.51364836754
1950.82717014273,7329.76864148734
8501.54328060482,6611.35519067946
1067.69953579192,9236.76033866051
7596.8790549802,6997.86528499729
1529.03249040566,8041.3765473077
7357.13257994577,6551.37624788333
1122.8807138439,3272.86499669734
1955.30650135479,8660.18480000485
1168.78337358872,7957.45336997709
7270.52600936945,7808.58006739887
1006.89126549725,3499.99342128771
1491.51240672454,8967.98417836694
1714.56294604662,3723.50916047297
1112.78777875783,3497.12591789418
1265.60928576382,9299.79428827513
735.790224658453,8754.76391552592
1902.13034851285,9043.86780320856
1099.15181004065,9098.626475033
7745.8961351409,8101.7705089626
1035.80167554272,3234.91241638376
7835.24186838464,7822.76818835354
1268.74855816139,8198.44481567302
1218.88546493785,3372.10701684158
1920.65290632603,8749.50319133033
1546.82760055498,3735.98587421851
1496.32525649746,3820.24533010504
1670.61601103225,4144.87031390946
1269.17303857438,3747.70934964092
925.540875378735,8102.62169484185
1784.33868128234,3774.93855210458
1553.81943788425,3561.15794986685
988.048130207817,9152.46881935831
1812.65757887472,7752.42277107192
1200.93595827074,7882.88425383528
6396.81021667321,7369.96251379193
838.395191565517,3138.97333483535
850.920948351799,3511.41288157442
549.61154281577,2913.9861812456
1711.05333257655,3686.11842243604
1218.01135363208,8928.98253614382
1210.62878004046,8964.08959900303
1923.93900801162,3665.10326797612
1375.90492556815,3494.13137656192
7530.89882153568,6215.42142960103
7298.84029766839,7368.55486527275
8240.18693749313,5596.03367702645
7268.27821769927,7243.43980518211
7214.97603307164,8063.4568320296
7026.78560315547,7841.71265385083
1456.45395129151,8760.61592693428
7165.10399369578,7779.150517555
1445.76613775261,3451.78412677892
7858.1071953804,7851.09908201145
810.259964949347,3046.00743122415
7963.43064718955,8205.56978384303
7854.01310054224,6998.60193409483
1594.30696052517,3891.95334515864
1179.15568805424,3485.8364135762
1020.90124955929,3448.07493960263
7779.99173626055,7545.69681325565
1277.2427965359,3341.05345569918
1214.49726034613,8451.36494457335
7394.01102955666,7927.27490531727
1036.45014481544,3326.81154100167
709.94582778017,3535.03980649655
9511.94420843814,8263.97991606443
1662.78102416635,3583.36504431207
6746.77379753417,8143.38210595293
7679.14991670098,7257.42726021926
1036.20476321712,3214.86109799149
4008.00624386834,8287.84772814874
7963.50957768893,7454.56649952766
7826.04308784692,7500.78588860759
3505.27591887823,7032.51557281367
1803.53421268391,4102.61280076785
7512.16197830955,7278.60736061515
3187.8583698492,8558.70819495606
7462.41344868401,6809.38793032761
1312.55995054612,9304.29161451382
1699.81744036054,9050.19233640264
7898.42008320714,7604.72608644818
1904.26970537054,8887.58552309714
1285.38357835425,3349.4941542803
1357.45086510577,3266.31338358299
5788.16231534104,7484.68525374778
7307.68297144955,7410.11221014306
8585.18369969493,6811.63904159224
8044.2538223455,7366.81551226492
1424.09474576018,3558.24564723343
7956.30494590227,8403.44757447814
1000.65556394488,3596.13434817623
2064.98909067611,9481.55491526558
7887.86986501169,7553.96132096453
7457.84100590979,8545.95201101786
1638.90116152569,3690.36064319723
7013.51021066903,8146.08834938405
1161.4088372213,3771.11393236987
1635.44546880609,9180.45123508468
1525.83893202045,3813.42740061604
1764.54558092903,3934.69709082224
1169.19343736297,8982.53090078703
1004.12758618146,8386.5330245571
1768.64052839089,9013.10507178462
1286.54618166962,9031.05101946698
995.972764616687,3823.85213159191
852.7556373933,3233.35907222352
7873.64685895797,5193.40261995105
1622.18289009569,9179.10613186534
7090.9781435179,7601.762591378
1445.37515266068,8951.78821416349
1383.69971519136,9121.11055801782
1727.72226003507,3762.36572214898
1289.6918660627,8186.4920281412
1998.93759723515,8292.48647772649
1449.01174607817,7752.33908346
7277.2729066923,7737.57038971102
7974.79220989512,6630.45646347676
1394.00719379852,8452.3049045356
1215.97659527971,9173.46255572373
7367.37749819046,8114.58268050883
731.92082715489,2974.90540948051
2141.56473989296,8957.04854337994
8194.64684947164,7254.55169762461
8299.58142664387,7390.93445042865
1377.16467956119,9021.94164216211
1377.29389386181,3510.33050672179
4048.04701420958,3985.9154293021
2046.21868563308,8834.14408440586
1316.36478204189,3500.39551124012
1742.27278252397,8380.87149833078
1086.18535662159,3267.06444209268
743.54173702949,8824.170274823
4519.06368312766,8131.75989507052
1302.814838104,7233.65869246593
2187.33192637749,8628.12497477888
6898.39039450775,7214.07850962393
7812.35861825721,7309.09844427833
1208.43245186029,3816.13127142523
7671.97610227214,5347.59118852194
1112.13371896432,3207.46796881381
1753.59486626597,8975.73641455968
1591.02759699607,3731.40175194069
6824.66870406814,7813.85591098615
1265.73801548799,5014.84286114513
6985.30586973423,7999.05134677625
1223.10894980159,8969.66448301256
7707.37972536637,7733.78592973145
7789.27025637697,7682.52349850766
949.428565261728,3304.18979459829
8315.79081889506,7383.87495601697
1567.14413427727,3650.10371760547
1710.04372896528,8856.08766626492
7777.35485255289,7655.12992581947
7961.97234457999,6941.05676063381
6980.77371487903,7053.72220661295
1319.73012353321,3416.07667208666
2626.03237484737,9076.45882370911
1989.16642939487,6568.33878207489
1547.86556621285,3621.13369631
7300.76422970071,3868.48069305259
2341.57334704737,3690.94598633108
7771.41053103412,7837.70194955467
7758.63577636713,7770.24640214449
1655.47807241634,9112.52435178195
2143.76307476951,8857.03620224498
8523.57043229309,9146.24382952078
2018.61010923281,6491.7677627182
8138.59319013262,7950.58216636018
6342.32496127135,7509.42701896443
7763.06824217768,7743.66795182541
7218.41930689956,6509.80670807639
7509.22952554042,7735.20594434159
1159.08431439498,9101.07734370742
1521.89879115676,3341.42648316766
8178.43720116311,7532.42968113368
6026.1399256381,8434.96648794869
1960.38993969171,8923.92415573388
1523.90616527913,3264.33635664226
7020.37956233605,7711.59726989903
833.343964027438,3245.56368989972
1364.4160126858,8790.76698675562
1154.1044068746,9183.0578807642
4381.12920288584,3697.41118659996
2349.07263658828,7768.05795949562
1387.86215173313,8031.73061852995
7871.44038372615,7410.36358313932
7132.0818502471,6805.32618283255
1574.14689383449,3370.435639865
1250.96566391139,3700.5463397186
6665.73807257422,7666.76542737913
7586.50383987978,7064.50628889589
1706.6295642988,9060.97629136406
1737.18812625733,3652.05220950827
1991.04355528991,3442.03213665745
7428.23595333341,7280.15119290921
1947.97888563881,8587.18337104143
1147.9429517275,3202.30390597235
1635.15534319179,4192.29311580238
2022.2456053159,8666.9161637581
889.557856504983,3409.21016325546
1911.99160763381,8935.37285458014
8096.30497498316,6461.12144084028
1686.09862137335,3939.37893122881
1863.68224366247,3908.64620745298
7596.9072645792,8178.45250396662
1605.04081991097,3729.39055400114
8070.32555335529,7247.61182023507
6957.95175396251,7954.634449991
1854.99622176841,7336.78369040055
2054.26468466878,9285.94667448947
1285.35978047869,7222.85846775873
8433.61847286317,7651.62335127157
1147.99113670697,4733.30433203627
1440.54729840406,3357.40788468714
7261.14115552558,8233.77406307357
7246.81030609429,8659.76200856711
1521.71126977193,9162.81895073407
1600.02863062581,8792.96904578295
8879.35123328401,7583.6498551767
7866.80599557205,7877.90076870294
740.260021195949,3259.93208436465
1249.6607616037,9274.9330013048
7999.1677201967,6376.86753000705
1757.53440845441,7615.67536473677
1519.50875584301,9170.54985477555
1425.33745489053,3361.33087270084
633.169749729692,2952.47962138419
7057.22817864831,7242.37320731986
2065.29967255209,8386.07691031372
1127.34426287153,3059.43312358711
1262.50717682624,8750.05782863722
7797.63094843227,6837.70811274086
7456.65094892521,7438.08374322344
2222.73903458915,9502.30101822051
7778.93888783216,7173.888174423
1277.77184121631,9167.17880654504
7472.59193273966,7904.52556925646
8366.25845022152,7366.09597199791
7472.19894404013,8416.78886837713
2400.1549353667,9270.89564728857
8006.46741134566,8350.77710710663
7464.99597865325,8739.96771372849
714.332477933606,3053.42124287518
791.402948088736,8738.97772962288
1120.96697080792,8670.55011827647
2958.02980373206,8779.69418156348
8733.00449872952,8309.82774612911
1022.32607083873,8806.26603418068
6529.226547915,7666.85434237705
8143.63104851434,7506.39280878082
1352.27113615747,3755.44311677583
1202.10036102497,3596.27288441133
1287.12294126928,8197.98584820727
1907.49038938524,7175.15661750552
1601.52705831424,8737.40539691099
1652.70869411988,7905.12720170629
7021.83053196848,7760.55616930787
8291.92220040666,6926.61251170995
7391.62679099588,7713.26241654602
6668.01313512034,6382.41150274306
8651.80741274233,7729.4114738747
1027.49564907354,8801.69072618861
970.64643524471,3078.01102087175
2093.2876154037,8277.70811459457
7400.40604335423,7198.66923797185
7098.45187506184,7607.29908004478
1407.90064277854,9240.45623755012
1136.85332087072,9251.44747513942
2089.00668902872,9341.92096622251
1597.94688920225,8357.32397070488
2202.66221721171,9286.82349545497
1785.15430073143,3708.08692991608
8037.28742150124,6187.85525870246
1660.11612194834,9004.9761743552
1323.30667853125,9173.60651588177
2300.79139957844,8329.14598169607
1133.86875217161,7910.53413106811
1541.40554354875,3765.95568468769
1699.71740126178,9144.59294089979
2012.36980571974,9129.42786151617
1834.04840178092,9007.43084440614
1311.65694567821,3541.58776600273
1160.94040515497,8992.35275213313
7410.8123170626,7638.9329796274
1394.04361241003,8935.56351443178
1174.26814640206,8764.69749945543
1062.53015594442,3385.91828392389
7300.06579648543,7285.19300676496
1105.78633369416,8910.83233117478
1633.25279366719,9172.59831605389
1490.36174388631,7701.41734772718
1634.6771506815,8990.23449667853
1049.5245286917,3758.69458587825
995.470823402493,9096.96726434836
7323.31833567718,7941.67714996936
1301.39649582026,8728.93566020673
1730.54480738789,9031.04622268951
1365.33735829522,3268.32686272688
1794.09706815628,9224.37449159474
7843.55031032515,7005.68845929277
6327.73150224036,6582.67118979755
1079.39431549079,3334.11970739918
2236.61913480522,9055.66914431836
1362.23639794577,8751.83832212581
2388.68641947284,9432.54665055527
1334.07702597545,9223.57171788272
974.603564290204,8237.05051710389
1051.71046790494,9032.62491620803
6353.07622130429,7829.04848179126
1392.5622187105,8754.977742849
1025.22880023345,3323.17985123243
1370.29318562746,9010.57239281346
7955.87224862542,7747.85148936398
1488.10457948518,9113.98880989258
1459.45122932502,3554.47592130163
7117.9905814365,7100.19681325036
3537.67719077139,3805.91157625957
9237.12737357504,6375.93786211356
1548.34590537967,3359.2899588813
1742.3688434692,3737.31776297528
775.848831282123,3326.30844380559
2000.64189539734,9377.14383823681
1365.14321033118,8803.40110554987
1575.30460353615,3646.20796429726
2517.21295742252,8103.59861359296
1380.99017007917,3680.22221769411
1217.91427762525,8968.08879320079
7218.40438287707,6825.97877677349
1202.15693361453,7773.22675363032
8522.41416308578,7142.181249661
1616.29229123909,8767.59668583411
2535.76501192172,3039.17999538649
8882.46704623695,7229.11730525062
7803.08202021684,7627.83074493224
2681.1798906028,8792.81966124852
1366.31882091467,8844.41752301056
7245.02198419683,7653.05114504016
5348.74957071777,9453.34852793597
1741.65901512146,8988.63102899961
8395.64405904504,7723.38814707846
1033.78713740955,3379.91693228606
1027.85012076241,9232.73551823366
1570.48211154902,9110.25587236063
7703.55275469848,7710.81659799684
735.701707715417,8732.57571052449
6704.87895391495,8190.89351915532
6548.17268512875,8477.83422673583
9024.52831196527,7894.13887464819
1139.12612188227,3589.4635238002
1669.59064240791,3852.93751045838
1871.28958339723,3673.55845967069
1072.946791158,8783.93867200229
1708.71525904274,3712.84068987913
7491.39596486084,7169.1086681091
6823.38586948178,7675.79260612652
6863.07912820901,7202.03898613381
1297.39220254438,3399.18325244902
8003.14603078535,7436.53281858565
1551.50688720485,3501.34081296913
1335.36977244707,3784.67624797872
7822.10757559468,6009.37150921272
8630.75834956695,6958.43184259837
8048.07071763088,7946.02601058716
7189.20673827786,7431.47168031908
1006.82634179864,8874.08505056842
7877.19753291537,7225.60110592946
1254.46332189672,3867.62769007111
8055.93296542195,7977.95730995106
1196.0431579281,3596.68338704146
1667.69363746918,9010.47378389327
7738.26308382745,7388.30623423145
725.627038952557,3043.12279287844
1744.94017140802,4020.6418136704
7960.72664711999,7921.1474566142
8312.45293424904,7110.90956512285
1202.33135077439,3310.96960089816
7494.45718221349,8178.60855102498
7768.35868875846,7419.59744344594
807.034956380752,3409.33316820589
2330.79402874684,8661.28341857745
6648.96391068138,7964.89511820824
7708.527191794,7104.15225749127
1840.73173618049,9017.49343024633
1298.5678203695,3936.81744289354
8688.28818521784,6949.44659846934
2100.8366727683,8455.27123948981
1912.10963096841,9284.86719347263
8598.29224059739,7752.06010279039
7161.57071122485,7850.11797320958
1748.60193511353,8847.63704794426
8564.71096015796,7548.5507683475
1805.70096923905,8693.53534612633
1080.5232368727,3221.28604927049
1191.94486568228,9032.40505890191
1681.64964403871,8935.93119171882
1197.18160218415,3671.34173342398
2103.11882492454,8716.38217868178
1180.79574781915,3480.58066546229
1535.97257171623,3374.67796969987
4558.97523556358,8856.92174964342
2283.50215159409,5858.52027818514
1666.14497843501,9053.30367938447
7464.46154134341,7074.07945670571
6775.57638589548,7584.40020177196
7676.91493658885,8353.77556309046
1440.04066106252,3654.18315272756
1895.7390474834,8323.98631190084
5656.34639300853,8946.40919065576
1287.8402599441,3848.97638107692
8972.44789231247,6528.72102878978
8801.16055635447,7816.30331705669
903.424666429928,9068.22404890547
7352.98570174975,7209.4146190598
1088.71848693078,8417.81595640353
7196.14117448591,7370.68774720268
2451.8512997546,8282.13908510709
4383.58352129804,6394.99592764135
1555.18316536065,9024.29504269863
1372.37504464759,9014.38342706892
1588.03614448281,3635.06440862975
1630.52122981859,8492.18189750486
1411.22331064653,3599.98774418474
1343.96728939012,3438.48202189196
1309.9129045101,8884.33374354762
7461.87836341573,6566.30664801495
7387.73184092592,7161.57998602161
1795.44929185325,8173.16786149795
7408.88347743804,8400.22091645992
1822.88971982032,8219.31825592855
8486.5471218696,6493.76870780962
1318.27913513746,3910.15598367576
1776.20143280788,8942.00987687272
6335.00412668309,7972.04999613973
942.431395614076,3366.5769444612
867.062132357739,9258.76721568928
1450.11213949463,3691.47453892421
1699.99634907709,3612.22224766915
828.685159467719,8960.41400014991
1750.03662737003,3703.82327888387
1271.36461892304,7114.23720671696
7457.20713704072,7410.93900097808
7517.0923835351,7459.05791318052
5598.43857223733,4146.82674156266
7024.17749564595,6858.52344281414
8221.50787704214,8360.33076445786
8303.29507964677,8096.10558792168
1371.04516607474,3907.34807639906
1034.11832304935,3749.63929895391
7579.40364119155,7909.83773893804
1532.1641257476,3704.69568647093
1372.3638175863,8947.40267996961
8330.58194964219,6762.52131350419
7252.77784402281,8281.94340441646
6980.14527715064,7589.07595621932
876.416242837054,3421.77383672843
862.556860709948,9388.33806187581
8404.14499665981,7536.4055031866
1196.21346218161,3324.49013297093
6719.27998895905,7606.15150534221
1759.09331723653,8848.04260957619
7473.33094069845,8681.41359991551
8148.35353073236,7196.74503334439
1598.37589208848,8904.70434353066
3607.35824301052,6735.73177102236
8094.24996875321,8281.37683289942
1504.66448271638,7975.47312915366
911.8441488024,8857.24304117478
1402.96024952005,9274.57598567555
8918.33769296882,7962.12364729974
1632.69030148969,9276.12289181701
1407.98195841202,9328.0534787662
8188.88241843669,8116.64627877295
1099.2343327491,9133.65497128188
7961.26614767133,8486.60669623748
6662.55053234234,7749.99631535356
558.680140607697,3182.85074096636
1389.44113248207,3651.05806748547
1884.56503002501,9073.29455126989
1426.56219350697,3712.13442749475
1365.90864548377,9141.54104746837
7552.06999877869,7965.58338702516
1277.21740200255,8630.37677465003
778.031761806172,9071.84185537114
859.463802485929,3555.30815384732
6991.85807008508,7542.54789771904
7526.88605056576,7205.94672243683
899.512602456953,3327.41283337629
2072.17196513191,8828.14871712063
1327.48208746986,9086.57169580319
1586.39256968304,8945.69418977669
7083.77502940984,6724.27771701444
8318.65177629004,7187.71281110908
8740.0647130109,5754.29252603323
2073.16377813729,5399.28971430445
1704.48595638374,8503.9129685881
7496.2195362045,8163.21675804314
3031.59042836755,5869.88655482569
1569.50734192438,9038.24855619869
1773.88251447813,8852.20532034218
6163.1803268293,7564.7895396619
1817.07446642437,4003.16019500844
1874.32906343713,8469.41590471192
7759.35410656988,6983.15727643286
1515.86279721473,4317.05482004607
1894.34603152897,8630.78815580555
3623.90567104686,8389.18601348719
7184.41991157893,7037.94854560795
1809.90655082754,3926.52579450459
6502.28975352236,7434.02460861209
1141.59249310464,3436.08691416826
6311.97923401551,7716.64065982223
1248.15141597883,3617.0704050973
7237.04598461631,7673.18848161604
1516.04166438244,3739.37834788472
1113.07433493618,3213.57458944379
2074.67840360673,8085.97235967231
8608.79838615447,7816.80870924995
1359.17202563838,3705.48155582476
1078.21462853091,3394.41084308145
6905.91974261741,8056.92170431321
6664.25484366113,8248.01748039567
8482.2271173616,7759.78310632362
1734.73043872914,8985.10067856052
1341.62385228868,8651.66811846997
7010.17281986954,7296.22500944076
1817.2394383748,9432.23018603883
1278.48286711421,3878.90898581266
7005.61980211623,7392.77950335646
1393.13744559753,3414.75399046946
1418.61669789589,3499.1950948495
7546.36080993466,5949.10802917567
1855.39886506562,3421.53294612019
8646.0441272247,6054.18459529704
7991.29948183596,7721.4643034805
1413.00134800848,3682.79894747146
1479.42118140402,3744.41949957198
2500.1860403847,8823.72814425947
7269.84751967397,7788.13978582626
902.583502057914,3396.53577603562
7748.44361652005,7837.91974741123
8171.77125032411,5212.53031538094
8118.20931133451,6080.70480329075
1111.73808231616,8906.82930804416
1614.56913228782,9016.27541795818
1313.91420233718,3608.34996192798
7744.68139672278,7701.31296190165
1572.26434477147,3669.99986959912
6766.47463466774,7110.15379414341
1134.07147934141,8219.66316772377
7474.49099126806,5189.95294253837
7315.36839016261,7867.85578457755
1327.8529887313,9230.13895314015
1211.09765022009,8280.16589693053
1016.87906512526,3121.41459729685
1211.63155579075,3419.61043566826
6802.99939442931,8353.03784672543
7575.56196055597,7674.44757977597
1647.1183505108,9041.01641747657
1776.4320521353,3302.64397743207
7707.2492433237,7665.28742181977
1446.5110542756,3996.49204638183
1471.8182423074,9223.94773691765
1121.13900930088,9004.79929931636
7715.36795834495,8681.98899273706
7103.09989301379,7809.0858828921
1798.2791178038,9104.13530817096
7434.5128575167,8284.73946243465
1831.73019430585,8743.53544665236
1862.00282354373,9154.37832792271
5960.23941321375,7673.0359410966
6395.86428305555,8466.25733978071
3105.55448147806,8363.15119236576
8069.03340996917,7593.79949359058
7549.36125569692,7995.70860514085
8857.3815556533,8258.8769562883
1491.81383575352,3841.48689543224
622.062600624208,3280.52540263396
1241.14246570248,3289.98448517233
1525.12542206343,3680.05833784938
660.10388945554,9229.146115037
7461.06127878454,7832.02399123419
1368.14288486848,9045.41707032671
2313.27628454839,4080.31362357327
1626.06284089966,3717.83690575476
7836.93750086678,7480.10083187189
2004.27010337453,8900.55216595369
1216.23857019378,8999.61870820973
8095.9819334083,5053.75990877554
8694.02323632019,7447.06680442782
2436.24504248327,4983.37319254894
1133.41985532028,4429.67600573775
7188.36127539397,8296.44482925437
2247.22170463202,7684.80372255377
1371.8769401145,8955.7611820122
7823.22663870667,8122.75858521878
6847.7122482484,7049.13577038669
1592.87597482258,8925.36759664248
959.521248554322,9177.7415369751
1899.40897957291,8738.85035046629
1404.13667838492,3364.86915856819
1081.63559482469,3549.40231749402
2061.25365328242,9818.14257513037
7002.07600968649,8011.56703081273
7166.64166014144,7239.5606165572
1190.38291285141,3731.44494180931
3057.06185859799,3592.06213332406
8679.30853857482,7768.79004048899
7712.92569760765,7296.48005357572
7253.32694784833,6973.82354876105
2010.71804012826,9073.72265615011
863.363004849026,8843.9883249321
8013.31833010758,7876.64549734043
1522.916430326,3686.65016778089
1039.37781248119,3999.42482610971
1367.70293589034,3634.83508764967
1243.46906236072,3911.74193685185
1113.578456218,3597.17263985263
7202.78217123457,7411.05785241614
7065.22242235386,6909.1624497688
1668.42668355019,9371.43278991101
1407.38973075936,3763.39894092237
1631.04800345281,9041.70287380754
1208.34885761069,8724.50452132073
1914.92910422303,9047.03907513781
9162.383169426,7970.97417008659
1247.78804692825,9095.81852378647
807.818983293759,3339.5386127929
2661.12293794055,9097.54629537461
1126.93590894813,9406.442637963
7765.32386841631,8510.77201291
1328.39238749473,7868.24977059881
1123.39133440269,3077.95748946668
7485.08336090328,7890.84104606126
8388.77678282893,5426.69394524453
1035.67825333885,8736.7449082822
7597.72935989193,7295.72721038755
1649.18066838128,3560.46133442352
1575.22854966789,4070.70484058057
6851.66890230237,7698.25306165485
1574.76136822042,3858.00146205502
1046.49095821606,3501.36416893224
1415.28372923772,3135.18487040508
2102.25421759824,8048.69897981141
2136.8700868532,8612.53293063053
1679.23073281108,9303.86757422166
1803.54608245415,9286.92157307581
7507.14708936593,7646.27806492039
1143.86719402201,3349.33250880959
8027.52659095811,7888.81822557128
7278.0718137175,8114.56489690473
5547.13419521557,7254.84020146762
7936.541964614,6135.59273935172
1133.62644716321,8875.24480518758
1524.25568562501,3839.96737861051
1844.99009963866,3715.11336293452
1069.37381797798,3377.54561795436
8458.65736701081,7835.34104964511
995.984484012,9061.0915066762
2097.87812173824,7828.52628698836
1340.21911221783,9219.10961528677
1620.87043462525,8989.12285167239
1405.84086691615,8795.71801884631
1321.23366871972,4170.23699480782
777.410947878232,3034.8427157376
7375.84339445383,7331.65495609443
311.540378780471,2721.84403347781
3368.69293867135,8965.67328152942
6985.45545711899,7208.96235029772
910.929227301818,3144.39450937695
1665.07882262045,4134.14327261157
1717.0214715182,7564.51793088193
1016.22835889365,3425.53520538056
1285.15135302114,8921.078024322
1287.52805459564,3385.93766428616
7534.40231967312,7372.12134374518
7306.77781944791,7645.40625494764
1135.19348160031,3520.13782091502
730.296218959367,3303.56198209902
2750.63004721452,9095.5261181492
1570.95655502202,8641.8624243905
2725.10505220785,7722.7893148958
6689.73790995026,7490.10333375372
1311.00973108381,3777.28219370865
1478.89106493468,3891.86457489209
7601.81083099033,7735.25630475002
1475.40134079653,8865.66630326131
1641.5141179517,9022.74654468534
1314.56841810476,3743.86581718551
1211.31415768616,3859.78090874049
7516.87390627672,7271.29147843983
1130.19769035896,8710.78316332419
7444.65534351343,8194.89069127678
1602.64946365849,9069.14615334439
2084.55202120823,8638.77742838553
6070.66090767267,9260.815742996
6877.42338246114,7468.04334011513
7058.5990576929,7772.91674133742
1234.86796243745,3518.70404103501
1777.85532298842,3655.0807963462
1052.68381793942,9047.88052482687
7541.35602144923,6978.34728776624
3116.39309968875,3161.0867947028
1269.99965902438,3878.03357102231
6860.47595334426,7932.73543721431
8177.87102708054,7472.77892470637
817.093690021654,3319.90225504547
1227.28539694152,3259.10731699474
7450.77712422866,6665.75300342735
1257.22129461351,3811.153037304
1859.17191396243,5394.84061372891
1547.73263656408,9157.05624593784
1458.16218730817,4031.71612639586
1396.57218437138,8709.79066058008
1322.04467284783,8776.6935934048
1799.02288034831,9030.01106141644
8011.78948578575,7370.6428949124
7441.213590184,7333.94954269245
1360.55980284403,8825.348328627
1446.24730434916,3483.65978676529
1410.03882214262,3524.04805239242
1342.50439387991,3591.97219524844
7595.57193219993,8123.6424590721
795.084399940327,8304.25866509261
1885.45774431962,8856.63817377237
7659.93110336065,7999.77354595223
1473.66751218757,9114.30705558841
8198.12341695488,8410.98759046145
805.11845815056,3354.15893200934
8098.63047540987,8041.95251252935
7872.55566750967,6290.60899656352
8065.6296190764,7355.32500360186
4989.06944147025,5868.76627961338
7776.35564831784,7248.20741040222
7451.42610607511,8218.97372017505
1744.01427201184,9041.27325962752
1283.90891013058,8710.67291302024
1662.241768812,9303.43789621254
1664.55951098415,9131.7891935985
1065.22967061873,9120.60733659042
1841.16397787869,8972.9101916302
1079.83819967022,3455.960092891
1481.05726171794,9088.19583030871
1489.77687933492,9158.23400398746
7479.98405365375,7383.69127903684
1814.72885086713,9105.40781042071
7481.44489079204,7576.06339129763
1951.03473856422,3974.20068979245
2161.37554048434,9101.50638662705
1701.3531964393,8630.20787298794
1209.92800341269,9001.76162156765
1829.12598956567,8838.17329864664
1466.99279873767,3812.02648135126
1001.00277902726,8482.23535601255
8055.6352475857,8365.65279874961
3458.6660235725,4684.89933019968
1172.91842923037,8996.18568905906
7633.76092165137,7278.23978619117
7905.45631966219,7757.54154904434
1773.77543420065,3587.93206164183
2117.93019067447,3187.55392255685
6924.75510852472,7300.16848718613
1970.4331598899,9304.80336029294
2361.44577612484,7348.1949118621
7623.89082504704,7519.51481921282
1083.53873301967,8855.41856311186
7739.95552634874,6733.33414467429
6586.78843229585,8423.49551519879
7324.04844060388,7019.73755968863
8080.87703014119,8392.03156072919
1367.937461049,7688.10745703874
7347.93000999905,7920.66139740186
7727.08276406692,7051.51132305091
2018.82555883141,3383.08586948267
7577.2441943747,7814.85283132549
7707.48211219279,7594.6778816204
6798.49314156466,7559.55470274689
8325.07887766721,5501.19132076357
6495.76565242557,7782.30792923832
7566.40672389918,7194.0752729418
945.382435979194,9008.95743657265
8093.94715786792,7696.4808326313
2658.39958359202,7718.63412488415
6822.20144214191,7045.58305687578
7176.37041733672,7830.94587382545
8439.58516328995,7939.75406017844
7243.29516372444,7581.4196719754
7016.90748189865,7047.36094020212
7409.85943862379,7872.63491686024
6900.07008391714,7440.25460535435
556.452941221443,3308.40152070763
1737.25396062299,3549.85525452134
7746.62344138542,7743.22779647328
7662.38630486239,8249.50235817801
7531.73495209659,8010.00966366267
1626.11013610581,3693.07447632359
2691.45757795847,6394.17974714993
1745.08992984961,7773.96556848693
7218.82632135291,8153.26566800668
1522.27521348269,3635.66330081335
7770.99025315595,7735.85316026739
7101.68129588962,6136.11281210056
2019.91859570646,4065.174607316
833.207605302306,3316.10294919386
7563.26676092801,7679.27465866181
1059.24515246515,3019.18002214395
5862.06673852057,7031.83798489239
1333.4989891732,9128.0033360921
627.172381392178,3394.88763282949
7246.5368211534,7493.8762836542
2187.79368176222,9451.92783341322
1409.78040681817,3702.61957543421
941.856068158312,3301.30361311233
7172.39009941458,7109.01836822485
1644.47337132192,7296.78769413092
6540.50927118693,7057.88617728324
788.426216474587,3193.72993240476
1788.20648371366,8747.41020348764
1231.67820934043,3612.42022661286
8794.0167123205,7792.68892210027
7022.09440797933,6074.97233478719
8651.39531589459,6718.99206199527
1175.76563463847,3452.21319860594
1230.13681230922,3796.1542599275
1431.35458795402,3678.54146806421
1114.28509866886,4128.17471486199
2025.89416294902,9124.13529570021
1846.83321254991,9195.15888567988
1730.94766673126,9307.7713399288
898.62976029691,9175.84062114002
1157.29351472552,3572.25076916994
6903.14726610175,8069.78219668476
1569.22006753592,3653.88963775492
8287.58355146146,7761.44264946993
1788.70159449652,8590.17286784448
8778.19227677766,7724.84643080722
3260.0428750243,8381.56629274337
914.540592117466,3422.29315951372
1250.09280362974,8958.41766682988
1721.0951226735,3732.30116943609
7220.63028375949,7953.3959583871
1180.56325466752,8781.26018651241
3372.67709021775,4324.54809552268
1145.63412056711,3213.57115499296
786.142203013387,3279.36822699237
7340.7284200872,7954.07685271185
1291.43355799035,9033.29997228555
1382.05358272052,3682.49054695672
1584.66535934375,9298.14707555582
1412.33313922399,3473.13010383815
7868.33223447853,8121.37015659306
1685.9245998892,9060.27200912083
2766.07640236894,8798.00840771716
1605.97401792134,3700.47885602274
6943.29664349018,7537.17346260342
2962.28849309615,9543.21785406617
7337.80159021537,8031.50849324733
1893.68507455145,4364.18766333464
866.287611152697,9091.55393869562
1559.48614343845,3352.16703688441
2163.63346461696,9129.19917058396
1572.64970801773,3877.55133963453
2312.05961658168,4016.36824657583
1435.61745317544,5729.3329432052
1413.78309192512,9220.58703638903
1397.35806797738,3710.96156490254
4373.84501328554,9350.85966956664
7162.08951126393,7449.72848826521
1638.54552011806,3609.4487425232
885.185409334302,3203.0350849015
4001.12479869459,8945.46172072644
7305.87729757951,7964.83527979264
7197.27200759934,7663.16415667183
7739.06475321791,6329.71614751524
2099.17472698728,8714.77754887535
1745.25270684042,9124.63635971894
7622.73398421678,8153.76443108544
1854.51278515886,9314.55187327221
6702.23213968337,7666.17660116688
8801.60103843406,5914.49177124986
1922.50648944111,3676.22931898342
1710.77447961114,7982.54071518067
2100.52187321187,9515.84609595562
8474.47925925568,7109.89888710272
1358.61758434235,3971.85908469924
1370.82430218244,3671.1270543645
1377.42843121558,4000.39042440089
1613.03786556158,3710.0888101064
6987.46654113854,6971.79932238533
3841.99037443845,8721.54852343205
1031.12541116896,3394.25226716779
1779.41710405526,9606.48505818439
1122.42881471923,9660.30345507891
1695.03971731383,8800.54429479783
7275.37060798603,7312.00117635002
1448.4939478815,3528.65133654814
7005.07847335647,8285.07637898735
2540.84113960855,9201.10985556328
1176.38828909861,8537.94227474588
6898.82847401092,8035.34451484915
8112.28458398217,7918.13717299273
7264.18739475114,7394.34043485804
7623.71049080836,7035.55473566671
1763.42894035971,4983.74371516294
7641.27721635515,7909.09086079269
7377.91749390732,7940.03099157163
6677.36411739259,7596.04282360434
6975.74388055138,7826.935992919
7443.22095311713,7185.02171278433
1690.19001192442,8868.21807642513
1009.13154895021,3508.48884816783
6832.45835246369,7635.57945607723
6955.07510390748,7748.4582991211
1185.22162762953,4244.47914372942
7017.26651760635,7737.98699995048
1631.22385904681,3695.19378564992
1082.89153368766,8947.92753791189
8228.8995130361,7328.5786991671
1324.74646668309,3911.67158862395
1571.34967752713,3368.67617993603
1100.67472923202,9354.84841018037
1228.1893105904,9278.31058914923
4573.3890712974,3507.73563792898
1389.96286585281,4329.40588646163
925.717448782216,3050.12826646846
7879.03820665199,7985.86615562704
6410.35862200362,8203.02613895156
2257.30894215995,9571.14530676719
7611.35931431433,8009.37971838407
7765.59454559465,7356.38321373471
8036.15161224817,6867.59256274098
2287.03878019387,3467.11895805887
1183.89102030935,3801.74125071654
7331.45425381349,7234.90430564727
7294.31587995779,6876.87900622889
7673.30321138403,7587.25023068024
1672.30894878154,8262.73240511555
1657.09526736907,7331.93385277631
1203.02714025283,9256.47716292643
1657.1028619461,7887.80081307018
7366.7924537676,6974.42220228752
1700.74196893518,3696.51248357463
2132.68402261767,8223.33136928274
6832.81561797334,7607.4148007322
879.573824414234,9015.19411762097
6951.97322092613,7929.34996605315
7389.3462149766,8008.59553409367
1391.17685540702,7814.01666178757
1893.58575324718,8840.88749261713
7577.25454342591,7725.85503197023
7573.62544782124,6547.29692606615
1321.84700852494,3879.50649593388
2555.53302153501,8786.02357887179
1396.42874442125,8901.90314939216
1424.0541885547,3600.41348235792
6640.0885022657,7582.88923314895
6990.98646180845,6920.54035640098
1848.16857178968,9199.20058418139
7939.48633497719,5970.82661676215
1729.17249987112,3744.28652593333
8190.56255288621,7943.49894136083
8319.44594242028,7709.26456561605
1015.59425245212,8650.31493448632
1477.30229969381,8979.97313198796
1190.39622496513,3593.28169831085
1593.18289701251,9284.42295673194
4932.71491725232,8976.12412663906
8906.04486070605,6571.43545078961
7910.09581071272,7233.50111742532
7075.04488615652,7623.84016408269
7780.50542352938,8239.02324147938
8480.55640194442,7831.18309578334
1866.152400846,4952.77730847652
7617.87751140561,6753.87135546817
7823.19927718108,7771.38526197843
1458.86724943839,3965.91312147242
1832.96723331267,9296.7308693368
1083.0525233789,3981.21321124697
1831.62585382317,8765.45349771305
8788.05705479231,7490.72125718708
2582.34916690191,8438.30865164653
1368.40780379873,3490.07919477464
8412.24879938038,7166.03393940353
1334.93629036913,3459.78425062829
1675.71894802262,8382.464898829
7367.70179488455,8004.84254941835
8049.83833176108,8158.48085277341
7299.4852688442,7953.14653232058
853.590215369138,8372.63319611344
1220.21104201779,9386.05796194619
1533.45983557833,8372.51926179778
6670.73265679984,7578.55683368714
1211.98659107425,3385.03558401891
7971.50810917658,8104.93739123993
5887.13156305652,6714.54083244569
7990.89433337043,8024.18341413938
7688.87129675344,7278.40891161535
7526.82982795717,7737.10053157496
1425.04970178457,3460.95553260658
7659.77652315635,7809.06083078742
1179.45857298099,3664.04410402426
6875.93623956225,7968.50998011559
7314.38823986897,7621.81711619787
2225.49794121878,3433.44397777523
2049.28356347747,8808.90479637169
1430.56344306059,8711.45969187334
2495.34512851147,6030.54847960119
1289.14462438267,8898.99655807442
8539.9884251837,7205.83057976708
7707.58079365564,6819.10179058453
7905.62007937637,7186.8349716908
7950.66893944993,7769.62010337234
7654.89595523925,7172.19549416027
7915.27242526131,7747.55971912443
7556.69855932341,7772.44479867802
6570.41785511256,6399.48002595665
6305.81296155537,8829.06782990636
8047.9911226442,8286.18532609399
2671.09564934609,7631.39205349064
1446.3623663695,8821.31495714401
1437.08068001165,8082.0262812393
1391.43614751771,3619.47126593479
1094.30971257911,8426.91386496685
1366.19755035139,8484.4884756659
1226.79617623879,7918.01366477372
7380.32627550526,7879.57287323053
1320.9438683745,3421.13891848961
2050.15466392802,3283.39356718411
7155.70207155868,8299.7422485786
5808.1023989816,8918.69051722862
1459.78897864804,8988.822846145
2307.38941544933,9391.47393486966
6905.07141715608,5501.96855272808
2075.5867455553,7237.08939022167
8590.05641544989,6581.90270576466
2041.57742874482,9073.83567853212
1286.81424736908,9091.57699512535
2259.20632164576,8876.66346261531
1218.69720140881,3648.10266439365
8688.88216399359,6259.89356083635
1058.97663058976,3327.81777475769
2448.13897684103,8824.77568163226
6819.02344688905,7829.73148653006
6843.18678396462,7389.93932431762
600.432857233538,2981.90783688256
7418.11955615366,7699.50370357301
7104.84452452213,7855.35898733354
1663.88318150371,8788.84636851664
7849.4080617737,7455.27555550266
6506.76784202417,4699.97028769041
2040.85216735831,9086.23652754059
684.328469420904,3365.51303273322
2651.32540157916,8434.61346920951
8180.47963600191,7593.38185997602
7471.15299798507,8444.80640274869
694.135772135577,8750.89157646048
8079.26849544706,7678.94946075992
1435.45111046449,9194.59337124839
1326.13735382039,8764.73864204226
7767.38993093625,8328.12801774286
7644.21907594613,7454.58371191975
7650.0575957081,8231.11318608263
1135.89465104442,9455.21803877768
7887.36291993241,8167.23702622604
2295.37408235669,8725.75508854484
8448.55859126599,7266.52164831638
7671.7196046328,9306.37835308844
1413.69832554963,3619.56130061897
1287.79416418226,9060.05339724718
7237.32907647594,7043.46610170471
1222.10349175139,3735.3624597761
6918.03123126398,7938.68133538334
1487.80160956598,3809.36962646971
729.916896200457,3241.69654672403
9097.41142765276,6873.64097770917
7075.49294639307,7438.12370803961
7369.81612786327,8314.70599224594
1717.17045907394,8599.65505427277
1647.87345674782,9203.76157235454
699.088636053891,3101.00514716123
732.520810658019,2969.82301642701
963.02156729462,3923.36980717817
7970.45935784658,7801.1953447438
1651.56660978565,7818.39223719423
7880.51157965729,7926.32245511889
1573.24874319791,3353.23004364291
1181.23323168112,3376.55137519955
8615.91662135421,4233.59535058744
1323.03823074866,8935.96075157409
1164.0404938064,8660.45612763538
7638.26967445738,6576.15215843666
3111.30908756883,4045.28877063973
8203.60776775672,6431.58269939504
3009.55064899112,8642.70257826784
1063.33539740135,9299.87561869085
1405.030210581,8571.03121514666
7523.09419275362,8140.53621955488
8848.00535064503,7460.70520520504
1911.61194486371,8895.92367077591
1422.40618954452,8985.44713674568
1765.51210540506,9291.65137527988
1149.03523458989,4031.71821828322
1722.29660546219,9282.98535321584
6772.39184783915,8220.29847207494
1593.96537617491,3534.87686939751
6951.70346474989,8603.04262444082
7081.27664292142,7105.37018067407
1539.69734768175,8884.40125788563
7665.0136526566,8304.21265123409
2029.76011436499,7961.7627818091
7839.63774885776,7294.31470060549
1061.68387985515,3307.99410354542
1399.46677968201,7639.45317559219
9174.86270323339,6776.89671222564
6710.43172949757,8140.00337044105
2097.87330890367,8304.86585224814
7174.24533698393,7543.33128768646
7659.61055056619,8726.69119321924
1396.94986746306,9199.26214755715
1267.01628477726,9044.55934885935
7388.29063155303,7569.0604881009
5020.35442991108,6921.54284872939
1893.599024327,8852.92968198474
7114.33245872735,6484.14121284466
1579.93456311551,3675.08470803881
1016.38421504882,3613.10839740092
1305.2790807386,8352.37082482781
2861.66628748058,8014.84782413799
7142.15763761252,8599.08052928554
1396.00292800833,3851.02014669077
1437.31944026421,3685.13225627519
1534.25918806755,8997.87940416134
1349.49357116774,9266.56441940056
2978.70292034309,8462.89301675252
6144.14694508193,7418.74241579094
2070.0374095617,8486.27040683933
3340.16360498944,4333.22552651808
1285.38655676373,8716.84412414614
960.163980829042,3681.50152734392
1180.58966165642,8909.26782477636
7768.39536295742,7351.48544426391
7786.90609697991,7436.88599043572
1059.49735076404,8339.98427594427
1860.78223946004,8419.1952738857
7668.13360043075,7591.24685135544
1430.14047497329,9073.27225134602
1720.71403107343,3611.10136196853
7006.55987310805,7035.56769005232
8075.02349800507,8061.08937030062
1128.04873343672,8048.42141295597
7136.53555758853,7510.83585878178
1662.52179862793,8875.78492255491
7146.60277061527,8988.65051371366
1896.05844167634,9216.67188751844
1500.57937079085,8636.44554081647
8474.10654532068,8313.55574735511
1645.11027286607,3946.80395295346
1200.24352052506,3590.63951182827
1900.30295208918,8998.80962136614
1337.42948110007,3485.33386825182
1014.52995526218,3244.56915616492
793.265871835403,3038.86093849257
7053.16984015395,6586.67385264519
1670.6920893073,9116.15090017397
853.432845167157,3403.95684047141
1264.53462866849,9177.90496593781
989.095779252967,3237.90460893559
1035.20953247849,8798.62777086399
7465.22425212063,7349.55762151889
7288.51269728295,7175.0227409156
7836.6875719628,8096.61009041994
8340.04449947414,8023.32441019266
7779.93350741807,8221.21352701682
1426.52320293976,3295.98668148315
994.890637809326,3561.49455663351
3041.00499808286,8548.43076349453
1800.89102123836,3610.81347831004
7893.09811816194,7513.75421256234
2394.30043353534,3303.19862628679
1287.04149760416,4145.77598704514
1190.53955585434,7731.97304367281
7546.28412971893,8226.53339966426
7570.81901619433,7067.26551533672
1085.87427047054,3295.69500826127
1008.71598780173,9010.69441516741
7627.5635915429,7460.02657418215
6498.13784581168,7185.36083192262
2252.71498697496,8959.66007065203
7458.10333692015,8767.82202599023
1689.68338976491,9276.55317670587
1370.9636737875,3765.92419674466
1378.4154051194,3767.94178801619
8196.52596054982,7763.72177048686
949.174457431556,2947.23368615889
1003.34959690116,3654.17883163882
7694.28304041526,7677.56837659308
1505.03441554302,8779.1579009703
1246.44650997208,3501.86291726151
1505.97002913569,9208.23960028899
7932.11286569195,7172.98644366403
7512.94999946917,6810.51195047144
7108.21640161637,7736.32091412118
5549.25752452033,6959.57236213153
1680.22681847701,8805.94780687116
7818.07150055688,7329.34332487253
6645.22953342644,7352.21913695829
1078.63415403919,9032.38871851149
1123.13503118469,8017.14343532024
8252.57930808057,7181.7678523339
7159.25267978641,7044.63622347635
1840.49666247162,9064.27344780742
1223.512448744,4882.58012335202
1435.92310352237,9225.3596891994
1262.23362292066,9302.05068448193
1575.73696735374,4012.80563597246
1762.74884134004,3602.65342796648
1108.66161483637,3644.61255858373
1327.45436795054,9180.5466710403
1388.27831866413,9152.87066198604
701.378132333448,3069.20690442571
6560.30884051547,7150.85512987428
6034.80468585929,6839.62603365431
7410.77345351783,7069.55706625539
7321.46021544981,7995.8410547058
1513.39296517206,3587.07714360982
8471.41293258939,7898.90463632436
1670.5282890896,3432.52828255449
1289.90333568616,3387.98314122863
1721.3452968791,8172.85124339387
1406.6979867733,3209.79547501509
1996.51424616966,8980.3415012501
7565.28729076197,7985.61855631472
1172.32813769484,3267.25822677839
1004.4199358951,4259.95124664991
8365.40796523631,8104.23736741527
1086.89965893704,3319.4319603271
1033.44641665492,3132.66050232935
751.041023830738,9433.95500613633
1719.60115631879,4437.31826518792
7789.41750643339,7283.83222138617
8060.12695146748,7395.07039595915
6682.54831675245,7251.88525291992
1704.80322066105,8402.27676118408
1402.11670815823,8645.59265959518
987.92229959005,9084.98533549435
1818.90499329626,9234.55749817802
1043.42303692568,3239.98867990357
764.097996448467,8709.93863278974
1530.09966879458,4134.86610721622
1010.26066521375,8458.1479672258
1609.59485343873,3404.45091074376
9311.24861158689,7569.71675253824
1451.70806573206,8845.4882926507
7900.22337885387,7703.48194269993
7204.3303085916,6030.5576463894
2757.47730113598,8962.44006102303
7000.88735964204,7636.66156844161
962.833177747409,9053.0515379265
1265.61826597958,3399.85146132859
1161.32467795635,3829.03537913158
7959.35845525297,7395.30594539997
1857.87691748573,3846.9241373559
1020.22047848824,3333.88828327097
7699.81363507136,7749.93022487377
1085.84542563953,3581.40930038513
1880.62099667853,3789.97155155866
7697.71138697629,7448.59975151172
1219.01997929566,3259.405922751
1256.19371963635,8134.69251641723
7089.25672926134,7909.7332850229
1971.15540713269,3773.35904128589
6067.74844849072,4772.18261975841
1285.6370384497,8537.43203919132
2015.68278472219,8501.01240330029
7487.47776684708,8030.10709719144
1601.81667313953,8800.25294856211
6793.98204524915,7637.93666672477
1334.62703916099,8938.26600082325
1677.32520050147,8811.31467267155
1594.79095790765,9282.09551079022
1270.85105868059,3130.33824362441
7887.0653793405,7225.42551820627
8189.94826388143,8228.00851137484
1918.71369795203,9018.59172532558
8555.79231245842,7838.1145789393
978.713081936065,9101.06786073843
809.973486752766,3414.51206848015
8381.67322832187,8217.65551871977
1624.04018635992,8525.43351627929
1516.55052576092,8203.08815939732
7302.4368656563,7272.4224338241
6935.58089414565,7214.18612339502
6745.96424767504,7550.35227307884
7626.7760132023,7392.23565065453
7773.79883489276,8016.98667273519
7107.90044417565,7305.06772214675
7601.98703879661,7099.22143447854
7992.51841878235,8138.45198318135
861.904256495615,3536.62923639653
2486.62108038533,8856.86011494756
1494.07730994592,4274.81489237943
3020.81316213432,4127.41407062674
6828.07096770049,7901.81676164022
4259.71615414996,8121.50843621013
1557.52585451437,3885.99528354881
1281.13292993252,8974.63481994103
6783.63191523415,7188.58925035312
1024.01299135506,3217.24335475303
980.671770496328,3474.25837345184
933.363465916161,3612.56561184109
6605.39361643303,7789.72831610327
948.585694291931,3131.8902067725
7641.19962340888,7428.79104856435
1582.293851823,7860.23451613151
4870.03041321131,9093.27575528383
1575.65525043769,5167.3895694243
2409.96617895114,8615.13438505306
7585.36326128428,7132.27120849339
7054.74127621351,8149.99447930748
1531.63065983992,3689.58366905821
1025.41345897967,7789.64040588526
6819.72887847821,7507.25964515979
7506.90379282528,7201.2420802818
2046.60121878909,9129.07503500002
1395.06457647458,3481.7916745993
1821.00553661595,3746.11552791116
6875.48441693834,7417.80862952808
1501.38847869639,8331.90993234027
6360.94590177295,8113.93093674646
1702.45607440013,4612.52443521182
1822.40696491334,8435.66166872456
8576.82086254506,7221.20155062565
7008.90845148077,7812.93456984587
1319.10475555131,8912.94506990127
6826.55616595272,6981.87546451947
2164.45029988145,8917.73925055647
6942.67173560909,7460.71161716917
902.549684366609,9029.76244980721
1625.5027774689,4180.81855339464
7876.58794160003,7630.18602884884
7853.04058086803,7240.76238828588
3933.00407725036,3501.27681690893
7435.108157704,7666.04564287949
7364.79385524275,7549.26850545377
7779.66304507747,8025.9698884058
1515.74440134859,3788.00578643604
6281.87341065839,6848.45401912167
1669.47398441545,8117.02696007048
1485.0944289538,9007.93061991922
7534.81609721594,7318.41803670396
7526.44070705973,7997.19348892629
7999.57735445723,6692.76204812468
2050.12040430145,8823.86917597246
8104.48090272084,8034.37526357056
7481.29042426489,8097.15787762328
7481.77174156314,7859.16636821124
2224.94241359812,3403.37637400023
3157.87142385712,4735.54983470524
3772.34643830929,9219.21616876472
2709.08532645749,8874.91607540325
8759.0716719602,7170.38519849601
1445.47066030283,9365.37937648125
748.596865095252,3093.48343579134
7768.17847081987,7824.78696330542
1948.65787378235,3930.35091268042
2252.39614692175,8756.32689096984
8196.7921431978,8053.23009362885
1557.16864167076,3888.35865330368
8672.5970295368,7193.62967265906
1702.43288054293,8154.84618829748
6976.62371830191,7593.37590608291
7522.33449302326,7456.21035242435
1389.20389893793,3934.52021910772
1837.43800442877,8720.89597794083
6765.45081664617,6545.07103741555
1783.83207055616,3765.3865988216
1024.38091812495,3452.09667751964
1467.65561897766,9117.58436699671
5481.43825255397,4129.17581416663
1678.37257289766,9242.53914671997
1568.5057157295,8890.93347272815
1345.99216937013,8643.40967116425
630.412138718568,3115.12392985735
2181.89152758671,8568.84884217003
1255.96086989491,3276.48432995702
1759.3715102487,3781.77187749575
1899.19139465138,8125.36302278422
2551.46595406066,8978.33886006648
8239.55652239494,6545.67795264681
1216.0214029905,9033.75344697024
6496.835515737,7144.85059434207
1453.05465012823,8792.30185519597
7325.0949243151,7988.71659403168
1110.44048595927,8940.68412017282
1171.21712605369,3558.07552830097
7792.07258572475,8193.93331442149
1621.56164903001,9067.51161367059
1851.26141975841,8292.143163264
6855.85369164759,8030.59408629251
1463.6726731209,3766.58878852203
919.989374851902,3403.32640967909
1625.02152440882,3951.47208613058
1095.11428626668,3680.58687185023
1515.3564911865,3764.43435034105
1138.82165324436,4095.29402449717
2057.61596443787,9124.16006580882
1285.09436839473,3491.61788086211
1297.95894962643,3710.74576109845
1919.67907575086,8883.71171673646
6957.50719836668,8128.53541779169
1468.82924121595,3766.33895563566
959.508600781253,3146.28000434019
1012.53088703732,8742.18866973366
1697.86136493419,7919.05922211339
7787.27240031644,8026.64622816183
5652.44865147317,7894.6056196492
1253.12344495909,9161.39627353581
1742.49740882784,8953.82084835578
1813.71797883381,9361.56412505226
7683.02228062412,7523.14585028365
5183.83631058498,7849.61692031237
1456.37798938991,8866.08018608975
7123.93072884738,7478.01671535758
1517.51384642281,8928.51171728055
1014.34719642685,3065.1998626519
8013.70521192553,6644.96379739281
1550.04898087124,3824.74254735334
1833.12562888433,9056.46033095291
2103.22979716152,7923.30822125209
8699.08515382822,6041.06891652561
2469.37943584193,8007.2144401997
7016.03346172707,6959.65794107277
7687.03499451769,8014.94393837751
7493.6672643569,7366.01117862126
933.486242898193,3451.09038577925
1231.55019431773,9076.48472946156
730.048320465745,2971.70427330144
7201.43864297345,7061.46936463485
7618.47352925486,8040.9356838126
5922.61381711351,7498.63372083656
8045.10660285247,7650.20574488709
1217.65703385488,9096.12837239925
1108.06487777277,8583.76824947239
7495.20346490197,6832.3959455517
7913.82460903574,7284.56220904678
1137.33227535521,8527.74526776035
8169.70852135713,8709.25386210416
2083.25720312373,9054.24927024807
1612.46952562086,3673.24317177965
1167.23523185817,8931.5728700598
1537.54646317746,7480.53161101229
7778.78963126599,7097.60982444556
1159.83396922611,3111.40755329507
1096.3509616267,3383.62250658032
2306.96612101662,7868.97001657751
1242.83037802029,3642.54792852068
1227.5950005981,3602.13778270631
8273.82187320713,7418.3773211991
1712.36043322878,5201.85887177157
3273.93067438829,9171.6205790365
1429.096591531,3773.41415524402
8178.01406369112,7679.55092932765
2043.95182283677,8784.67409902838
2469.20542680273,4217.57006512964
1112.22278789878,8892.92860708218
955.830935622159,8778.50580125517
6527.26499987412,7493.003949284
1964.71781929431,8596.58643971238
2155.77708188258,8949.17888963494
1770.9563329057,9316.26012096049
1201.40480180872,8860.13982406752
1546.39487550488,8262.54952348046
1783.56320326621,9052.55652255348
1875.70462218544,9286.2662024913
1521.15758912583,7854.9678517084
1635.64535697587,9273.72658799082
7357.18104280964,7701.96547429562
7205.21701339212,8033.3836125567
7616.74492401278,8090.67447268793
8196.06708303818,7366.35399940062
2283.08393664405,4067.62124453142
6522.58356021898,4995.66380636945
1502.61631082138,8706.50340019147
1063.87945841031,8271.60890160974
1742.80043786865,8371.92963084301
1750.51901884537,3926.23904742749
1023.76385470013,3464.52024416017
1493.66809914196,3629.80981431208
1757.19279684518,8795.16751236101
6755.24567665753,7154.42190049052
7476.64277170586,8271.64767237848
852.038118190413,3434.72759445146
7209.64648469395,8592.39067075183
1602.12170808635,8870.62865020791
1589.66312806248,9130.53289535421
1438.46735890146,3812.37467651862
798.149767944502,2926.86014884705
1168.19284659249,3879.31015677553
6618.15506424636,8300.82097342575
7610.14045873756,7894.2289132154
1227.08420601432,3769.52350895971
1543.29157883824,3849.38985976109
8231.23871356759,7314.56540838792
1778.64557758304,3874.03218076701
2553.75355522415,8632.27283455345
2227.3522295151,6410.02484540801
7492.02264602357,7125.3808753122
1997.74177715608,9547.60703816401
1028.79535347314,3340.50519919468
1425.44045967976,3553.57210944737
962.428678095704,3184.27670359616
6741.02318022727,8175.18149590776
6920.60807402447,7001.27058076376
1646.64894368919,9190.53331196745
1637.0888017894,8245.95273561968
1237.47475827189,3769.62698228611
1099.28576552083,3691.33073664499
1844.86468081872,9100.04183462257
1705.94768737572,8916.34652741453
1677.05499198187,7829.61362237877
7377.70174532486,8086.41570238182
2483.42991696924,9131.15136415813
8368.28268418686,7614.59123283373
1106.48484403367,3452.21866426527
4857.7140638241,8916.56272875958
6794.25155180191,7808.72563900762
1806.47598685746,8777.73943794332
1897.08915968911,8941.12733384873
8177.72735656573,7418.37005017375
1214.34630941349,8797.71760099148
1568.70840957407,8977.38084645078
8559.97187188684,8036.81646891469
7869.08872604868,6749.37087865344
1370.20738581891,9193.16664328799
1251.14473844626,3581.05536612453
8298.60913345242,7464.86170267602
7556.50268730462,7587.54336599825
1231.82620264835,3279.05624607523
1122.16592296444,8965.24066152729
6878.73706645837,6645.88415912947
7015.16126691205,5979.02574580131
2412.08041487825,7525.51861415132
8906.67191990088,7484.67252579756
9059.68969804161,6216.58730223453
7114.57320717614,8220.74728647247
2540.54423045349,8314.04223028522
8291.83750484256,7865.10919863503
1870.5117685751,10000
7859.3951176832,7647.80249460846
2207.29154323789,8895.56702185946
8490.57474014846,7226.05516279421
1365.81779623977,9100.01990114643
1161.87640883201,3279.8890178617
2160.84589192113,8396.30374651568
7092.42202529811,7020.8358610784
8091.44194342028,8044.77219057822
6854.56936805674,7779.27160669451
1265.84440306534,7826.56670583368
7619.65956716198,7501.81745110112
1638.74260472493,3340.54964989433
7200.40407620581,7677.25161291152
1362.7608851126,8758.82922509379
7466.95477134574,8038.15401315363
8988.14445442552,7568.68400540519
7236.24826925927,7596.94745182941
6414.40064004297,6816.60821650677
1770.65128851719,8055.26147832849
1292.62089877447,3535.55645579713
1215.6913994059,3540.66701616577
1635.81447196837,3632.2917464858
2045.79559332986,9250.35052769374
1425.47879013065,3544.18396064528
7746.9316535588,7565.38360419747
6475.71259476581,6900.59300344256
7258.80322552803,7959.83867755686
2383.83107408498,8504.29087296674
7454.94703769642,7040.34289790378
1683.11322000636,9063.38085583433
7335.81561738928,7319.97459830019
7714.06528158416,7679.39962567082
6944.61152617622,6374.13389679508
1494.50593926165,9056.96440470633
911.520907479685,5181.11171890003
1627.00667703024,8574.7481798688
801.13792696061,3401.64319163883
4111.2166419343,8068.82005835315
7375.78785566989,7353.04576721833
1856.02922579322,9408.48866253515
8233.80808737514,8063.6498817811
1268.69219604067,3665.20102194748
1904.27628236579,7962.52782133705
8291.98501619986,7715.47992570249
1158.88406882597,3852.16856946187
1530.73363428184,8937.14170287269
7599.64990067062,8030.85207865195
7446.30525990626,8188.33520834086
8262.03574453685,7693.99373343084
7540.6076634422,7964.76795745486
1026.20818795906,3912.49770915117
1232.0896242965,8894.99914518619
781.743221800649,3198.92133483035
1063.73888266168,3447.36299399288
3656.81645319302,3081.21051817189
1271.66315552707,8807.2000489747
1409.66798995996,3836.19571443973
7319.34258758312,7826.31820985169
7670.13047786371,7442.36851444939
7315.85007447111,7593.04885429761
6091.35423764945,4243.70763119658
1136.80748745912,3291.36473449496
8022.10076575503,7871.47124550089
2805.44828049488,3617.63763869874
1537.28132334087,3792.43186104972
7443.37798287281,7501.08251655825
1360.85561794741,3568.51440083237
1014.70693893708,8915.77448150656
1338.58156077556,3338.63308771403
1328.0744895117,3647.32239313581
1268.95226265896,3345.17286133055
1744.87110227553,8575.54971006236
7497.08839868286,6732.55775782201
6326.16139780816,7474.97495855444
7672.80923506241,7345.63530099514
7076.39097690512,7695.41616200976
1772.29066663052,3894.96546416305
910.807345336436,9080.54976442804
1671.92284458882,3746.98155559601
1527.83281820912,5547.02746960135
1437.19090799088,3809.98947858079
1567.30179729864,9123.42831651401
606.341323022706,3450.70893029326
7467.90622205008,8221.31250452875
1349.17751779272,8565.66328013713
2100.01535939323,8790.1633515489
1235.57224897928,3317.53012429305
1047.62814882216,3214.34177058684
1272.96786521505,9205.99838269048
7775.31750260288,7111.27312284551
6506.96412140182,7800.28176615236
1212.16301942231,9184.45856087885
7519.89619714169,7459.7655150228
1325.8395251875,3812.2662749852
6511.60129717203,7413.92019269867
7043.53482544427,7706.05896341831
1805.04086397909,3471.38667775658
1043.78389349608,8915.82046045558
6440.4265250973,4166.50606241823
7210.47730685682,7934.1136789357
1553.01121251313,9524.41110826002
4849.87080921517,3887.17142631065
1158.06918706608,8573.55899795097
1073.95689981872,3379.30394028556
1574.41390542527,9103.98455502207
1341.57843211665,8384.2073847622
7711.33466757564,7836.46616425619
4217.59950878306,9063.24438775325
1796.99402903777,8920.28185916058
7228.86535505191,4839.65873742452
8056.40243900888,7394.96192654149
1524.39711814847,3735.89011559088
7231.32047752259,8606.83294231068
7431.18073456613,8469.52426207851
7621.72456088175,7720.87700962532
1278.631451857,6216.77098748796
1663.80453989772,9211.97965459213
1408.52459559552,3482.22585085614
1274.8728693944,8876.45557011851
7888.04972336664,7962.76646177925
1624.9814497065,3812.49361571885
1825.81139421362,9015.74625744282
7310.22024684862,7764.31409440873
1334.62933745064,9163.47066797205
1292.57019701213,9061.74860377241
7678.46149811044,7187.12303501224
7445.4819953577,7554.23401375887
6508.63941784322,7783.57495154327
6665.13868080775,6802.83724663911
2056.29760913816,3649.52965107129
2347.94800174278,8514.77396563898
866.206474527072,8754.8247761413
1501.24105102403,4079.90785010159
7585.53459977466,8377.94314031153
2980.32677974501,5092.4310511771
1354.71917160122,8749.47945165975
7730.62570158035,7733.80500745246
1708.07857337235,9120.38303435237
7305.11777495926,7578.87592406501
929.466403410987,3270.10028101174
7150.51550680716,6692.08568764088
1252.00659472235,7716.50076321587
1726.28501282602,9250.57829404613
965.117829157747,3373.68919827226
8228.54378441268,5147.37164088569
8927.53811514939,8499.46537372783
7276.52341563738,7632.35033682856
8506.20956709306,7417.25083386736
2663.6765632554,4128.12108649932
1920.96047857052,8401.92819103187
7864.28127539891,7393.92873709685
8726.28002739931,7790.3748125996
8698.72999708919,6801.4020993274
8165.51947767738,7640.3425702577
7397.35236405682,6914.74084891764
9269.95102674052,7667.50954335712
7949.07550413853,7149.49712970607
2336.88711121339,8943.51784929855
1078.33958665819,3165.09337027631
759.721372708501,8759.1189062441
7403.08059696389,7651.4344819984
7483.67216405482,8220.11878760709
1368.73409003539,3336.65334874987
730.293113861125,3401.67195211235
1428.90121586041,9058.59602901596
965.678913965834,8867.05825873726
8850.24727869968,7210.26411348728
1239.04175296512,3556.86327295188
1127.75762070731,3738.68248036148
876.113123672804,8792.13057392012
1309.64604260157,3754.78695041471
1478.05039640239,9124.69708624266
1390.32921714555,3711.83503960479
1572.49037390514,4073.15221369903
1022.98998445885,3504.92178220527
2055.09890300919,9164.42634139177
786.567911522945,3252.78324553645
7777.26426222648,7937.31466488689
6713.52454685772,7888.07864801321
6844.70626367098,7987.77843379653
1187.93775047236,3672.74260778405
1186.92887301241,3324.53470775278
1469.67820817482,3896.72883580384
8318.91128839193,7592.55255031873
7729.83774588108,8149.62510992827
6943.08781247409,6400.3979308847
1696.9078013772,9119.29269325011
1768.50050283648,8258.31884814224
1903.56392099739,9401.76493926865
1388.00367787969,3490.00829577639
8095.13108024893,8217.89498497624
6942.4503770892,8206.60932093345
1438.55104613848,3630.58786935243
7254.28955832293,6776.04554940309
914.845661842592,2977.09550173624
7326.03742545544,7900.67192087907
1585.91138136889,3916.4651758719
1439.61831697129,3812.73333844582
7074.27435186038,7871.72002493989
1741.97780169918,9027.57674886382
7334.25630300685,8007.02638492673
1407.92494356765,9174.99342990138
8503.17792786557,6813.77056773147
1555.11308183924,3550.37386309079
1242.88904536505,8613.21590760561
1307.39513642374,8427.28091329338
917.573611969137,3250.57664978365
1370.71517208291,8964.68230631644
1433.14940038475,8353.78146229873
952.803602283324,3385.53866063811
7645.96748282246,7849.01561118166
8321.03785998668,7348.6212226591
1715.98428648675,4065.80418862477
1770.17686099868,3576.75450382028
782.593805060614,9113.34869744529
5992.65438541084,7530.07643551244
8674.00945839444,7341.127905416
1872.60714807057,3379.66500878603
734.168952746129,2956.69515614055
1700.07893130663,9442.57517236604
1531.50387053218,8625.99206241521
7435.30310177446,7322.37789995963
8331.06040937181,7507.14850437778
7818.32029100321,7612.23512497021
8774.48436374732,7138.39701853686
1358.31075861605,8670.10492595547
9332.97246980609,6271.23645068949
7856.66362155782,7180.50270152008
8504.67147249625,7132.25142075355
8238.62742252218,6845.40605422314
2172.26205404726,9253.21330867302
1338.07275357146,8977.30212182731
7296.26436262527,7814.77087738729
936.551216522177,9075.14876021237
1423.24429888431,8986.30776763834
925.807835252473,3697.79348578006
7738.03999570574,7815.75291720159
1278.97658259299,8986.57766157179
8169.77798293231,5480.75956374526
1608.87907843498,8891.5820414733
7780.37363899244,7418.0548729183
7513.94438367511,8448.01202386572
1546.90804579773,3784.38495463916
2427.37684613295,7574.33004410192
7539.62341102487,8431.81859680489
7263.22225227868,7207.95557881063
1356.58310943607,4052.06636655061
1344.33059111181,3520.60073440195
1036.59587825029,3250.51785198103
1447.32418790738,8934.57983459784
1834.15659209407,8826.52605461496
7706.46216747042,8122.19136783105
7223.92175818676,6590.09143983682
7215.032637642,7051.49863850553
7434.53364712265,7381.27033219353
6580.20501614093,8153.78693798085
7675.7958818588,8282.74207394771
1279.50430311212,9131.54087997328
7780.4521586341,7223.54467301686
3761.57075668542,6655.35763775066
7894.93131776575,7421.02932089836
7039.98213609842,7654.78590709448
7883.72014749556,4945.69060877467
1307.05889825224,8944.3488044927
4840.43406656229,8779.79149070871
8932.6149161248,6366.77917581423
2626.49123174789,3719.32232130693
1396.4575484669,4103.5336715318
6766.566457226,8889.66780489122
1986.91781587393,8256.0925577842
6945.48576835426,8157.07937232932
1308.3986669773,3740.37532000902
1027.61178542519,8703.84997100575
9075.30220510724,8149.70993846978
1635.11105756243,9055.44754296436
1778.84902748878,3589.97231979348
1561.66295586261,3556.41132504463
1894.09340808553,3958.90709131189
8216.42768334955,7677.43987330925
7452.30599681277,7697.02993260443
1192.22833605923,3496.68375610113
8398.97828069595,6710.20493578184
7321.04987829455,7366.68310398148
1814.90909600333,8715.11829969261
7330.28830244191,7995.76646600992
7382.77276423159,8309.0113192937
1000.31552197562,3768.10795605787
8518.30457716018,6827.67430048701
1253.33824271158,8574.90260657433
761.632692574537,8221.87355182165
8680.92378771258,6166.67186721576
7477.04517489238,7611.87046394021
1601.01077096554,3884.63621360415
7201.54241292341,7246.98403645686
1397.92903345644,8780.96902174743
1324.86897228867,6852.78464319836
8052.2486034538,6811.94896569825
7893.48026862438,7140.28264325376
1538.51236870753,9104.57502875602
2998.80830778268,3810.79389029424
7710.02187494919,7554.69663386749
6258.06830641148,3716.5622330221
6741.5667883844,8033.53720207938
6544.857146901,8020.82995173518
7951.64818022534,9287.26631098104
1278.10349241193,8083.78339750894
1759.35266386073,3852.96811005235
796.14248324492,8874.912072953
7656.78184101297,7538.32830917068
1440.99883356312,3655.01815405218
1252.63557676712,9336.44928850161
1053.8573786186,9109.07736133831
1146.56453443839,3507.56184980327
888.497507214642,9103.6795572147
7705.03308709433,8342.2668579702
1167.12132885006,3791.83661566396
7002.32772963724,6493.59776910514
2272.56567687587,9130.48448343403
1345.50032847085,9210.43358676305
1361.72309210438,3514.47544377091
1426.91768512605,9478.47437933336
2545.05609815243,8049.95519428375
1697.82392428439,7881.86412831362
4943.94583062329,7932.88142444862
1277.51163462536,3424.09336996973
6977.84863285825,7504.08487150556
7716.97010432122,7096.43165573984
8526.32567744656,7637.54496089514
8003.64628314232,7998.43081945881
2046.8965531432,8159.25051840329
1112.94634028826,8978.52647552614
1268.41351816318,3687.11237931502
1886.94759420173,8667.62938918875
1660.0926264903,9678.09689700079
988.417956614914,3351.50852655695
1485.00613906364,3794.43004319569
1530.63620233094,8934.3389458411
7543.7058655921,7849.256345089
1880.74850234369,3772.78434550641
1237.698929435,3755.93013095358
7599.45197053252,7945.91755069222
916.065382129849,8908.41298765222
7762.0359798101,7201.83421006679
7157.58643056364,7105.35742187885
1913.19471658063,9274.01425793189
8331.33189833392,7579.01237901982
1701.99924856166,8986.03047070107
7536.67885335742,7443.70913362669
7887.74501001025,7560.88705234802
7726.84695587006,7174.04650117056
1340.4731532155,9302.80443249348
1267.36009567029,3602.19729843298
7849.51882964706,7783.88166858217
1284.38201667991,3753.78054582281
8128.64950145669,8127.54476866631
7142.83662711576,8596.35341682746
6759.68397373117,7703.39251718331
7050.86322594236,8074.0107998699
7443.13230968652,8248.01754742808
7639.37595517733,7961.5019345742
7257.90155327304,7373.16713327877
1145.61081175351,3628.25169284085
8502.10034759874,6909.28359202275
1358.35714327594,3753.63357525677
7740.14541584115,7618.23946086883
7459.47604099199,7971.45319103479
9154.69510373478,7739.10395919389
7953.60675676371,7550.31779528451
1584.67261687731,8836.42914490009
1370.26970418534,8441.49528619484
6789.66951552191,8079.22748498854
2258.48339590714,8954.01626376419
1726.55672190556,8226.02631062611
1531.03795914989,3612.34323217003
1408.81078493694,8514.95664977844
1676.00281575837,8685.77915238961
1251.78094492184,3808.21408256122
7310.33840046723,7420.36070727016
1352.58237360307,8899.18038804959
7619.13404704938,8085.45474316956
7552.89502434383,7559.43009392943
6340.17064888033,6729.51889535857
862.805924989205,3130.72222521765
1575.12907590864,8009.20105414538
1542.3810351034,3738.13436756869
7054.12367108528,7443.36012521514
1281.71993146778,3716.04750244271
2614.94306125207,8804.1881209174
1817.69436711913,7500.09283037736
2142.63832739116,8545.49091854312
1822.00498634916,9350.25711792163
7688.71640888947,7494.4406364203
929.733147760679,3248.58747198764
884.154669483707,3402.4415089131
6929.41330692662,8417.69358658561
1705.03361851839,9180.06347428403
1029.85532894463,3300.19886007171
1120.55087546137,3457.52221133846
7293.68421873488,6846.93815638512
1090.41337329407,3192.64648413732
1804.35085570453,6347.51434176052
2568.50985228925,9218.07035167369
1282.51659114131,3508.55056923728
4323.05161126371,8299.58433413299
6216.9768975983,7523.63912584874
1231.62785667281,7967.06380074575
8475.29687380587,7973.89032388264
7322.22251381196,6805.10209966485
7387.12832140208,7739.59452884841
8601.95884584018,7875.38243269285
7133.4293063018,7604.90965725305
5681.90490728303,7241.25489118098
7959.15977452875,7971.33413284444
7415.34250942407,7183.54897298521
1076.72616085956,3538.11077692379
7964.57006841633,8787.4536984014
6474.05621817796,7590.28140543799
1543.6426729458,8948.63460586114
6928.20619642989,7838.735137917
1294.63359131436,3240.0084317573
7977.03047593932,8133.51729689776
6440.03236752997,7391.41066013714
977.800832639813,3505.34809850115
1940.21875463978,9196.88399205328
7505.99849041494,7868.88633137191
959.564009501297,3355.59745417753
1647.22530265893,8386.48788362835
1177.20432308706,3419.26460850775
1425.61082899778,8333.45636603107
1317.86398995195,3690.68506664278
7421.18554509734,8022.03072990165
1331.16850317855,3452.42445406695
7840.47614476803,7749.61376875262
7244.80203313142,8145.68207775109
7366.49768902114,7260.73359902897
5141.63643430722,4314.84923135043
2620.81040355691,9107.80135523461
1170.33599379621,8978.48150583823
1657.22306142626,8400.15113687103
2226.53679968173,3758.65152510208
5945.46417119598,7384.83625467358
1873.73795559707,8781.12931832073
946.074960590071,3088.31034970382
7709.35352990587,8328.06163638353
1552.89785939797,4417.18445435224
2311.23746798586,8852.4368339832
7105.13977234202,6833.83928376631
1041.99559187312,8908.17239074018
7311.20586647428,7204.79675700206
6982.77755962559,7322.43578375544
1837.66053543312,3625.39829537054
7803.64117732456,8463.18055712865
5258.04785200653,9018.44089568823
6741.49090799422,6127.39522492086
963.861860087838,3535.95628353672
6433.59651699361,7101.86064592382
2733.40294452252,7488.92529633634
1448.677611297,3802.54896486351
1288.33381309126,9102.73130173462
1112.31990362935,3356.18893403672
1642.09767145804,8598.54357636704
1413.21099059004,9320.49071134771
3999.44546849881,8762.51657841015
1754.90836339554,9041.13940783722
5776.87907862796,7985.51861389728
7617.36035173773,8140.20177218282
7785.85372670932,7865.91538980461
1194.05331475899,8952.2937059579
6223.56505427089,7477.72759073493
7141.48228211042,7702.5661808258
1287.67337169104,3482.46021067234
7248.69605943203,7805.72859890589
7911.09860731073,8158.07356348079
1336.31913759149,3935.75269315201
7872.13198358623,8629.56659436586
7190.35821463074,7808.32613886404
1181.43438255462,3241.69529310338
1486.49063612065,9345.8730093403
1652.72580959095,9124.53285597181
7870.11911949626,7448.52146137863
8393.46644401103,8193.63624596118
6812.46252106392,8143.59651732539
3604.83869517132,8494.09266552282
1074.1119113728,8812.69395406469
9169.01355050003,7703.51446629847
1706.97069837963,8504.43644892905
7410.89147320125,6485.38441313556
2006.01339146084,8384.92863400254
1587.6337907701,8329.60860714639
2032.52625449892,8844.25553338122
1592.4558510366,3525.5604009388
8220.77918122663,8309.9521433315
6721.33877306229,7642.77426030541
741.509144809083,3106.46786611451
9035.57792687357,8690.25942476935
7395.4610507892,6999.56796725106
1323.10195313356,8649.3968800744
6875.40297286032,7683.70958369219
674.338586818482,8873.72918613353
7529.12973699723,7362.43584234066
2167.44446178488,2887.63837396072
1395.61446453321,3708.10773462131
7327.90270865653,7775.38560931133
8789.62525554864,7646.20700122945
8354.86666097022,8187.93939754362
2504.61372524855,9276.9497380338
1316.19448909338,3406.81145328972
7466.13007656532,8250.13300676894
950.174519796838,3555.43831900941
1384.18230579982,8897.55269638796
1204.15244149277,3447.98979352844
722.063594485997,2923.56854238018
6890.26251468309,7530.45912605163
1859.89606903226,3895.61122303061
7144.21435228202,7965.72501206482
6925.08384982916,7953.98313304407
8410.09535683281,7154.02851538421
7562.01419251728,8115.68248873564
6743.21777559917,7393.25356088845
1694.2545466856,8451.47295797093
8438.50826563449,6952.97313632015
7308.80810954567,6830.24608599455
6906.11315610213,7790.22367941598
857.94213539771,8288.4245802332
1298.47194011713,3459.40757307469
7437.1959211267,7905.15056750506
7602.47203978664,7971.28502470876
6308.20328173344,7995.12630876715
8285.85480436084,7595.34797288291
1603.11080770693,8249.22498956193
6004.21161399857,7534.07282228881
7596.21965554879,7066.31308671421
6674.24586900636,7668.1764581244
1746.88719542975,8498.07864207723
9102.72200183466,7657.71433887164
7392.34009220395,8160.73246157825
679.044203276725,2901.88841611141
1387.93462295561,7933.93595313687
1870.38604634805,9070.82617050269
7557.93975951919,7391.78405534421
1386.84916920043,3440.62356849007
1338.50485642553,9039.98482800388
1610.05017020687,8098.84411357437
7954.68590701969,7015.83413444532
9231.59474159483,8150.66869997525
7576.68610447805,7611.87101715034
7163.9896865284,7601.46937425439
7805.77408732184,5291.73842545994
6535.84360545118,7334.8719247722
1293.78384988684,3575.70474600812
1532.27512829384,8821.47478999848
876.47012644097,3427.38139683257
8219.26972816733,7293.80437443713
1647.86542027594,8639.46563005188
7370.79346437418,7209.84603749779
7010.20515474515,8593.08363279186
1489.12680991664,8637.10875802805
7518.65952961048,8202.28792948541
1079.48574189,3357.81574584194
1085.37808370248,3364.06058015969
699.51850301954,3301.15836010198
7356.35066927164,7320.95385602752
7501.97284177446,8013.54049353854
3937.07406849012,3723.3830902344
1028.56483632421,3527.61608175917
1126.50420329538,8326.7329657063
1296.42020199324,3254.41882459079
1260.63245120939,3073.2732981296
8378.74566775867,7975.99053057664
7485.00376366364,7766.44874783892
898.565074931986,2962.36313809005
1035.1731997637,8988.74315442513
1248.55165218695,8917.5592643437
2129.19245983183,8572.36504520753
1169.8133810921,3536.00085880782
7951.30327720324,7308.51216786953
1812.0625546255,3544.04432808045
2175.34672323772,9165.07229766259
2880.47314702176,7975.44930661202
1599.38596313322,9016.17031987017
1642.15486474665,8884.40797478966
1221.12888556095,9213.41871385966
1954.8840405226,8893.6635950969
7936.92332127382,8422.79726829067
7089.84961856913,7829.14585376132
7810.1529763144,7711.11933180006
1270.71890739133,3284.1657457957
2000.10570662036,8988.1076007821
1558.30853178562,9713.41772165812
7006.54941751674,7765.11189291975
1099.88264843106,9021.65035619481
1528.4498419087,8736.7470108355
1700.56217983674,9050.64018516258
906.842502863735,3113.94690162241
1501.41033055071,9253.31281317268
8695.43864602011,6775.37393879486
1368.63466853011,8006.60546257221
7719.46073979311,7818.56657781993
1917.98661814832,8244.49596407615
7596.15402694023,7779.96974180707
7833.01842815276,7009.60308605822
1113.10460461021,9338.28422742204
7323.09059275346,7204.10645949283
1286.19242099944,9196.42938597354
1370.11199123002,8825.29338634104
1816.28778521004,8852.77741579527
1075.21370870836,3493.90763420925
8724.34647055312,6628.96231839489
2255.35990866079,8584.72024816565
7443.32297004349,7745.18320115922
1236.34653356092,3337.17775287834
1146.27077347994,8037.25655684029
915.821033674286,3476.68148884264
1672.57340910116,9026.72107775676
7043.69446681115,7013.74014335774
1333.79993641888,3406.06581913156
8519.90302268531,7743.20920271271
1302.06752677001,3941.48470201577
7112.24661793882,8086.78548747
1223.86113772781,9214.63179548471
1362.79492952055,7684.11941890787
1614.11981151021,3627.33433885608
8020.44715048204,5810.91150620752
1823.20886216024,8749.85156970394
8200.62586696126,7281.33132448116
1073.0799547199,7846.67668150197
2102.40022809183,9280.91280995521
7217.9902411418,7289.39389669828
1372.36288799825,3207.0633644121
9048.16881675845,7632.10815547008
1168.24613422697,8848.36532881456
8076.01024650934,8005.97562287499
7441.0438009855,7693.11060837272
1816.91137334913,9075.14042283272
1576.56666584333,8194.33481689397
8261.27054832217,7421.31426573039
5228.25629681777,3850.01576726991
2039.87967135316,9190.60032889504
5415.14112932702,3779.56919593357
7408.21707082265,7963.23904374612
1930.89416894857,9020.91773961895
2369.75233116282,7606.14944343436
7870.01887343634,8020.27846646213
7099.82467430115,7734.56275932563
2110.46070911262,9267.97192430319
1405.3702535393,3702.59540389579
7654.4210749849,7702.9795761692
1370.53978497292,3616.63754246625
8127.87022969488,7023.11459064406
1323.68419087905,8988.80143524051
7292.45873823614,8023.21873453873
1519.02042345684,4402.99268589475
1632.49745844852,3701.7382361452
7657.47504260614,7801.32269767545
1359.63137586941,3725.65520554155
7486.50438787612,8237.68794830093
6623.20550728889,7906.33160690452
1038.81692234261,3721.27002712169
8756.39712856164,7892.71319971252
2076.60949486847,9257.3138744357
2435.74017697558,8938.07127662881
1185.11598136095,3612.34037162397
7581.03800147033,7448.93384427555
773.6328989087,3507.60477421141
8487.16241013943,7667.14665766775
4563.34968096576,7988.03660518366
7267.87016566616,7309.33382752612
1281.82382299406,4059.26265190715
921.903692126905,2776.36188317226
1085.57011968569,3138.7415783841
2139.83201927157,3778.1086208539
7303.32686922866,7797.6765814078
7894.00535629255,8067.03459658943
1210.60068838517,9016.37209110621
2574.47400582443,8998.68383222345
1613.68785108966,9023.37310734548
1601.12163798034,3871.64625627328
7791.89273828183,8230.2265192108
1116.19912192577,3443.35490994397
1722.91365379211,8653.28456061956
7263.43774734097,8007.93067409464
1640.52394691651,9129.09103468086
7005.65174520613,7262.08017898576
7784.48528552435,7535.1835958146
1542.41740432883,8975.13418753449
7802.66213320146,7731.8164244496
1084.73162345114,3235.32263060384
8117.83236593403,8271.93504879641
7842.00861091668,8198.85394436998
1392.25266573796,3556.8444592794
7923.82944171223,8620.84810033804
1532.52957362388,4137.57652886672
6841.93700847354,8056.13877315483
2046.11992647754,8445.15219443216
7360.29547980541,7999.98584849907
1570.0287281232,3747.01739772275
7990.47260724228,7148.6415036452
1268.46380034572,8957.60954875473
2376.96631845438,7901.08607929348
8002.55546309174,6519.65470400623
1045.10385738375,3223.90411225643
8386.94841907502,7402.35285116957
7308.69851711682,7628.99451853643
1571.89670863747,8958.01515773907
1360.59232453233,3510.54059820029
1249.41134838558,3475.79663380314
1442.15494949657,9291.03247579578
1656.0028759653,9103.06723322365
7687.15229461429,7100.06780167992
2110.72128867718,9155.09528971105
1221.80150716212,8815.15503963692
1089.37519644025,9007.71030091012
8047.69648499684,8012.70110516537
1508.85286125798,8827.93619075553
7893.43798107066,6236.18373987137
1157.77419118061,8865.95388168655
2820.28519181592,3857.35334800321
8386.68483634139,7427.66107183895
1405.19644159327,9272.81708494686
6747.59605324661,7649.93165474483
1753.83847076656,3943.38931018495
5798.46204807928,4489.81791759602
6816.9159939958,7986.05109264357
8387.23046297771,6640.17191003368
874.167039668284,3064.95626384294
7588.20292682038,7874.48795926064
1645.21619264007,3159.80927642111
1975.26825874364,9120.50847172359
1292.21932840688,3372.15980910186
8587.19285159618,8160.68336659716
4819.83076170108,4270.18737234541
1123.94811568326,7705.45129842533
1737.16809551377,9343.75676603267
1860.18998952378,3768.7000338319
7701.41727121277,8208.29614826891
7721.06724751182,7906.93698312329
5830.04431472121,8100.48049919427
6889.64553669695,7165.32225818825
7938.25842871945,7903.48036359881
913.915201715476,3546.26044219686
7230.03036551536,7873.14612364126
1706.45022567624,9228.45683899715
1135.40047268649,8839.64714383354
987.892943685981,7550.89453781598
7181.14912839717,6802.37371789396
1523.94451421199,9155.49305428771
1037.04419394256,9432.79539415523
8228.3854553344,7153.2278705629
7051.53299853984,6831.19697556373
6982.40648565375,7309.49182336033
1035.53277666003,3753.78191871813
7812.26993662154,7992.82606189184
5430.01451491683,9094.44481282522
1065.55724980512,3239.72499641489
1734.78084473855,8796.20054819902
1649.23116915871,8881.42834389306
1202.8250484072,8974.17729421097
1637.13833250137,3927.05857514924
1541.77576601642,9124.46395424305
2361.33939686208,7470.55647796235
1376.06018043405,9142.87816044249
1423.54640464533,9101.33231512475
7656.50915301712,7803.56495625638
7120.23114509268,7906.84316630283
1606.09093393408,3540.33326071784
7292.53296964227,7728.27390193553
1058.46945556128,3232.08534497844
1866.31666616822,8666.12193803338
1665.78049019001,9214.78122717825
1376.1135631136,8699.15833673789
2566.25697984091,9145.75442747885
1088.04706956261,8803.61076457641
1582.21863839352,3737.47635586239
6822.7377104678,8202.87718869267
1325.42918757296,9163.36848011527
6528.46241122706,8650.13478938606
960.086424392636,3368.30935582265
2219.32583723447,3968.55189466268
1829.61190494321,3985.42401665773
7262.24342421861,8247.63565197691
7332.79529034122,7709.85479681619
1799.24967336464,9076.90016272933
934.232648197708,9101.91201977833
1492.90498275369,3736.24462801707
7047.25671867741,7341.05668801935
7967.38382828514,7296.4192816713
7771.15746714483,7693.5270534999
705.629250568704,3223.77990388739
6732.16369106079,6607.02148590763
1999.39218811482,8910.80615579799
1386.91814791188,3744.10396387395
8647.97691514203,7913.47806499509
1102.43461354841,3155.91478789999
1488.42872367201,4157.54679628705
7901.37265500108,8572.86023679575
7655.79638011416,8193.84482552658
1846.288628683,8469.99991245897
7606.47955755597,7091.06584296454
6839.54466602714,7596.96799297579
7930.49515950392,7159.2029249789
7637.0114852818,7482.84597419514
904.810604128357,3404.98403145654
8221.28970409828,6880.49962070205
1188.24238959016,3396.98644140942
1424.55000363619,9279.57823111105
2519.83978977613,9364.15612524837
1869.43983752244,8434.61343967105
1944.60704370734,9109.02345928605
1420.85680945668,8587.95122693893
7041.84219743742,7807.42648046255
7334.22256751681,7192.96147792304
7385.12328646532,7813.19589516755
2531.22657031842,9009.08205768011
7287.21831207539,7620.31936797638
8367.27722709325,7721.88187956329
1033.82679980319,8595.94643765753
8021.53393838015,7850.85073072072
8010.98479600471,7844.7948283594
7183.88498571565,7487.56432808227
7030.13431114259,8321.75397625618
1890.44445026586,3791.84346897461
1720.71677753429,6667.81501075801
1158.70508422951,3314.34493167079
1204.96127962899,3696.25704269034
1017.25063288824,3199.55579000582
1055.77400531875,3479.34676281682
7656.39027744365,7919.84031449115
7910.90123663156,7210.89014588459
1264.66608623716,4085.85648089911
1511.80150427933,3420.15525691535
1938.4354456269,8301.35824463682
4216.27580087394,8565.82465955233
2105.77965848785,8807.15033145406
1425.21006601675,3774.01199538696
7968.83728299863,7081.12265339384
4823.27669014575,6547.02224199974
1421.21346245463,9276.24092448791
7576.99187678807,8180.22785108882
761.358853395026,2951.8036139872
1344.50886932945,8399.49479748741
8016.15333345209,7810.13580957305
6841.62713011397,8440.36951879155
1180.54000168778,3796.90219638916
1897.54681655634,8612.40677190952
7390.96897017372,7570.51425405024
1534.43310367839,3825.9165964341
8741.93802492779,7144.4528372342
2087.83889940792,3815.56364682536
1439.83862895704,8727.81931451006
1230.55132039397,9112.4955888954
2621.88671212149,7851.9671889212
1846.90157639776,3675.13628967528
2005.52056130918,3542.58573153072
1571.9208683629,8810.59176140668
1263.72184799901,3678.15173414912
8809.86373796918,7514.63584188325
7684.34217079125,8141.60807043992
1180.4144197941,8860.38465240614
7708.95092631057,7862.05224212218
1100.48518395691,8956.39116303846
7355.51714443339,7341.8108349394
1414.21531558371,4091.55924308886
7355.8996673254,6586.76727586812
7433.43035129518,7604.1196165007
1175.892991165,3115.81688264929
1872.542575088,9248.8093663015
5911.66773413905,7321.64910104306
1090.58941004193,3402.23994709476
955.132609580068,8875.74316146987
2010.32715321389,3666.07142657413
1741.83674796147,8739.72530231044
1722.92575278697,5233.63431518139
7518.12238049957,7963.11124996433
2358.39380041044,9131.48102646956
6737.11424196343,8981.41994368727
7117.77964537483,8317.69556049897
1676.0463688994,3627.71196631057
7989.10587221791,7676.26829640711
1226.74586679693,3604.60226873295
2386.96907011754,8680.81375814963
1591.13195590173,3687.70210200976
1447.32894099241,3285.12384514046
7400.60545132563,7111.54745879946
1296.53493624184,8986.10558016447
8375.16027903196,7078.466476126
1523.78150794729,9281.98543332509
1584.15820217455,3595.02642185066
1623.5504059709,9041.14919159302
1617.36701216741,3819.6225897158
7517.20316526126,7477.48989807228
1283.14683266062,8582.54828630007
1384.04404382289,3774.03179241797
7448.68358347563,7188.99224626207
7961.67130624012,7769.94803882572
1622.88570139448,9088.29473899207
1757.66163032012,9099.98690230179
7295.30741442455,7595.46354257656
1633.6097328527,9235.93037312497
1795.42439578077,7802.31278350019
1014.26500706923,9105.5626816575
7193.77883320075,7288.12448404224
1900.90217600531,8325.94110044616
1935.43408863687,8527.38364511536
8682.11231656238,7405.49275311897
7437.73470269031,8206.50416787375
1561.51527621414,3128.29824012766
2069.73578086089,3670.41305634218
986.713885011702,3173.98817804023
7611.21101084579,8251.50488186572
6787.05890008971,7252.80567969991
1404.63736219302,9060.74898128242
7351.35531234164,7592.17583115656
7044.35148244095,7515.05610692419
1265.63729334789,6675.42741149623
1195.16739098442,3545.23042971267
2779.17140003592,9074.1930938501
1284.24505283934,3472.29476097168
1513.81231095936,8624.6027211727
7557.62248642507,7930.67210441858
1155.63142491909,3603.16947986051
1622.21751815057,3961.57856919137
6846.53740144601,7792.10708610179
1267.20198800542,9054.08713174434
7477.68893569664,8192.46021585525
7207.31377400356,7013.72793061358
7454.92099318025,7997.26893873495
2081.4641223772,8892.79088226691
1821.93018191757,4328.04859738122
5115.57378631187,9105.10729753591
7040.09538562293,7205.08797344375
7523.59879461433,7526.12252598192
1680.97426602392,9289.24937361424
7977.07301282886,7313.09955255722
1683.06748465319,9013.96019705049
1535.98533533123,8971.42138029048
1185.24930698852,3387.26288539739
8373.22720033489,6830.5983096481
1624.80463347582,3881.26066106356
7861.15338305867,7592.04208498069
1189.4827041147,3150.96693827267
1769.79810329447,9057.16419679183
811.288274091219,9078.70077054359
1130.76097882841,3469.13719898471
7349.69101485969,7904.46801422582
1352.32046716124,3545.26191335889
1054.15059076805,9144.77714142922
1034.47002028169,3434.23948820718
1826.55052893493,7788.63748986026
1351.72712765836,9371.62395431755
6736.28218245371,7656.82771308493
1171.93380309168,9190.86290058647
1767.16240347629,4015.96436061686
7798.19827459362,7579.8590903908
1719.42395167065,4045.44754293297
1556.21008357878,3390.86650141695
7822.71599553265,7461.62549905401
8018.32997895095,8348.14488510882
6822.82403553437,7497.39545275616
2962.07364453632,8156.05406072671
7970.41936845863,7407.01561916775
7803.69995492342,7418.96150356254
1993.15175848254,3869.86928714551
2501.305151906,8495.64646627127
4864.78866011381,3769.56326965296
1881.4025796791,4189.05074019453
6637.97629255321,7357.46709089362
990.718849108376,3252.01824250026
1831.99730992087,4141.51266053934
7257.9658742713,7506.14258820228
1257.23330179671,9099.94701840075
1482.97343115814,3649.19318859979
7664.95850065102,8357.36075512614
7303.2385158212,7946.50088911037
7488.04332041095,8329.14014845546
1214.23450114236,9053.50026964045
7213.64597260375,8116.93079494012
847.970031430841,3330.32832469153
732.088142216049,3376.16182481821
8161.94374515733,7479.94810637744
2268.13908141942,8293.88277998876
8134.79830292454,6890.31054385788
7727.18264102463,7597.81821712907
2371.74271778356,8924.16594852918
2396.35835681521,7448.16746466168
907.316709354801,8365.15559896723
2878.57603350131,4091.48798813959
8474.84555883639,6132.51085561879
8082.14216534582,7210.45666249896
1362.84245157596,9005.27771375033
707.108873587527,9116.71569583717
959.056119248675,8810.61009858056
8241.98315976982,9226.5258887873
1296.81325845564,3812.50385454021
1050.3865071252,8660.57335241349
1348.1442835178,3679.31787517189
6964.48172411995,7461.0543641044
7319.49711720565,6740.81516783323
8489.61259069221,6357.9001253977
1544.29324014306,7829.18817838659
7704.99597203147,7638.47068244184
1689.27565075074,8038.97424540976
2252.24545239579,9262.68517182019
1229.24336887614,3305.77093126485
8186.32878773018,7181.42826693857
7159.18810837435,7350.32750742002
1359.78355094862,8987.0078046111
1748.13917250289,7851.61448897226
7941.20026851265,7897.81948217103
7475.24573276039,8007.26634245261
8165.30494276006,8375.31545559192
7287.17772369157,7681.23297788666
7907.06995699368,5359.64825073826
7444.90270507276,8210.65504572916
1300.07169104913,3383.40351357173
911.594105128438,3321.27481411951
1042.40435491138,8884.14378070537
785.031017560072,9091.07911350716
874.902531408193,3067.7514841493
7886.69399045453,8144.12721021515
7281.49272055538,8144.54191170392
1383.01621135745,7919.54381317027
1209.06070949036,3616.29925180128
2309.65221191162,8379.70158521766
1389.19508442503,8481.01592496779
7288.06549203385,7542.4425704015
1660.92425663498,3730.495444015
932.357004188077,3532.4732409632
7802.72430852955,7039.44100439128
2009.0762747527,8997.81943186112
1395.09610687839,3677.62787951862
7745.24744554362,8325.51285863903
8572.88263829056,7473.7696042259
1027.70052316934,3665.69360472367
1224.35340789971,8875.67911305729
7866.44258619418,7895.14477735651
2035.99401642254,9327.43774088808
941.982833668156,3202.81906174648
7153.8963948092,7822.21603668528
1339.14822829827,9114.24959281872
1728.88425496796,9128.50502280972
2890.44765274843,8991.62416617801
1279.98048452728,3366.35709308578
1155.04881585217,3597.69023453202
1648.22817310214,3822.42546968531
1105.43386365773,3460.55825243572
1091.75384059504,3633.93537591232
6009.5625698889,7190.91914570998
1559.94393537058,8681.55872230994
1620.57567318901,8917.42364210488
8830.47784694783,7723.75006170919
8020.26192267924,8106.3286444205
1601.54132545124,8044.59234769724
925.197210882672,3217.67697787743
8096.9393779525,7209.36394902936
893.3563466381,8974.4957693005
1942.80221765258,8912.00206050239
1813.43840305461,8631.63486416839
974.778250230056,3368.05351214877
1456.10708737058,9138.18620880293
1603.78199428264,3652.52141224362
8188.26888849205,5625.83027992122
9351.33141002677,7305.8180009439
7870.13144736483,7689.2724495993
1577.82511959033,7652.81797027396
2824.61503510387,9036.41909089642
1112.90028844529,9198.27367399593
1554.31983603653,3631.90391024863
1346.39723216271,3912.47610133979
1418.57794609036,9266.22853054842
840.947856031688,8420.73671038207
2150.52129355319,8606.79208074698
1374.97329605238,9093.02963674634
2032.37995987736,8920.64281315361
1325.44707458907,3850.56327743439
6809.09955478414,8109.22867453264
1948.76924156151,3242.41494074239
1405.0272401297,3706.01118857768
7788.28932917461,8095.42116427842
1289.70174205308,3238.51871974865
1334.01840949717,9150.51412879671
908.209507308478,9156.94695239157
1183.02994299117,8858.18820525015
1420.76037906137,3614.05676758453
1837.90024191011,9121.34068767508
7017.31845217468,7277.07951866573
6671.61579987785,7732.3149343311
676.3755142104,3416.56290073794
1900.53269867965,8721.46546970857
1694.50717876401,3527.86772083064
8115.22398125734,6114.99446780532
1412.91055360582,8903.32444456037
1329.43626244514,3559.33050108615
1761.89017670893,8953.31953141562
6554.36208337334,7350.16504650161
1851.0869289742,3402.46410135123
2887.76375644329,8635.36842919413
3822.96736119432,8906.07763519953
7466.95358463888,8222.30606592658
7343.56942888937,7194.38048095735
1128.95615608033,8983.10591791691
7386.65175941627,7566.44824717988
7033.72554193197,4044.17785347081
7245.60049904276,6514.09929972084
686.663528004322,8819.24712523761
1577.1919171185,3946.50775384526
1131.12523811732,3679.85678309133
1259.72903335729,8846.10523664327
1730.63987656455,8862.02376547993
1530.94100515767,3514.84157133983
1647.1722109848,3488.72203772724
1586.22105335739,3660.64816676369
8280.55069838472,7878.13817762
2335.59098394394,7868.65205968211
1507.01072390283,8705.67158496281
1536.97907904736,8578.63556880196
1924.59317072448,9225.14772919943
815.814028114408,3237.39500135756
2172.25914984839,9019.62061684412
7839.73111292079,8077.22790139053
1589.34788715711,3373.25449255866
1362.35230353932,8859.41019057434
1000.54254615815,3152.36669110003
5279.89181396804,8299.4256125949
1207.30836175933,8933.78776891604
1827.0274717434,8509.28741915225
8168.71594596052,6105.02057600305
1822.23166964783,8507.02142085449
1437.95510255186,3699.3474835002
1304.09440610824,8902.96815778689
952.760493009623,9285.98033233502
2394.15762451831,6643.57688328879
2338.6455668197,9261.09380516449
2013.77054070484,8991.36084678183
8359.61632381104,7574.72943593597
6791.31132362767,6747.54749831882
1078.75906503332,3836.96014460322
7106.60786495286,7874.2439937705
608.156764633211,3446.86193184358
2457.06630280236,8570.40930119434
7445.22481401936,7584.42158876939
1485.20301964825,8673.0478727597
7591.62244558108,8341.33086622015
841.071417813453,8240.74510384363
7166.88500350788,7693.85721091999
1020.73917169694,4670.60306223142
2257.53253718207,9228.05333678493
1514.62171262683,9067.75770858819
8198.92735839652,8079.53778984131
7685.47157141981,8147.81307103155
6502.05093562229,8439.90035990641
1656.05140968472,4087.29286160324
1577.49936875155,8931.84164338317
1592.17101355748,8905.97505993507
1324.08150293956,3540.26303367281
840.936212385669,3285.07606387328
1703.2509648574,9183.45175667032
1436.71324464333,8835.35767509369
1495.21740244943,8896.63824309721
1258.03659527008,8982.60644000254
7468.38893605136,7232.43922384119
8072.71115019145,7728.79249171706
8000.8383066348,6892.29418188383
1583.29248993474,3762.19068407781
7810.8781765322,7301.55049476289
1855.37006724788,8962.78572417273
1937.81344415274,8939.62906038265
1673.02799959605,3899.150265307
2109.57455646102,3652.22070311479
1960.24868723016,9004.05371387685
1292.66648557067,3720.27917815896
639.677428032679,3522.34620925765
1347.26865978041,9056.67346375837
1530.78075042854,9049.39059183276
1044.03432392214,3355.82577602338
719.542856682986,3352.98554406866
8856.28845362019,7296.89516436919
7787.13873424629,5696.19669991272
1894.05728455309,4650.49683254348
3004.28933163355,4048.45684997683
1320.22559397703,9223.73767136129
7202.23393062498,7577.18643726135
7617.67462441195,7967.98900856668
1845.06692599754,3657.91806164588
1952.98065824934,9110.9304407225
1637.77664015365,4611.42455059346
7251.46505262821,8384.59906431394
7384.50009927129,6462.06844715673
2099.96033058692,3887.56657127922
5285.83731887324,7404.62083116773
7733.9586929481,7393.92054392098
7762.77221150741,7821.89064457948
6712.30992576528,8637.12201755027
1566.68790291186,9044.81654007413
1231.66519153226,3360.07620940448
1680.26978425402,3779.16665454493
8820.71017656347,7714.50777763622
7526.83434352492,7841.25276957855
6766.62745784164,4774.4068981938
1278.08065455147,8080.04475522798
1530.87880369134,3516.39339427159
7541.13414446782,8252.37686436539
1193.13732164604,3408.75110918804
1164.38590397906,8531.48753557712
3364.76125483821,8623.08290990041
1918.09821393675,7865.430485664
7474.1518605905,5109.59207902995
2266.59243720982,8492.654358078
1589.37248300041,8446.75683083002
7465.53826509237,7629.01902056091
1673.11639209435,8541.08025270477
7381.19857238654,7341.19298807741
1783.37474157566,3665.75554451821
8128.97856684185,7315.30798010035
7584.09423614297,7425.72928261369
6696.09634315085,6780.34718813757
1442.37805135524,3682.05331278349
887.722836475144,3133.66537995695
1786.3441546501,3878.28978728326
7409.3214746018,7821.21330846329
7728.12910016703,7307.3007089213
1022.87761518911,3411.52174622416
7090.57146428842,7040.21214035188
2001.50049440366,5607.12232761596
7860.96568385135,6910.78006681778
2268.43667570147,8703.94187009632
8245.29378351644,5618.31791122488
1180.00748044442,9500.43789838027
1224.03472307708,3317.69424093015
7443.4284769501,7155.15708893282
703.640473221593,8753.45512180839
6808.86282367786,7701.51867098375
1540.53205384239,3541.78307179919
6117.39764166655,8107.58799263092
1355.32289104281,3637.15147613674
8404.74773751487,8157.22723454428
1866.8488174185,5669.92722810746
1180.34968226299,4070.7940151742
7613.05617455541,8022.04013845676
7677.00170937456,9220.27849330052
7665.50733413287,7872.590288944
7780.28781214054,8097.87763392118
1701.20210836929,9032.07327923529
1896.07198507881,9133.93380484092
8817.63741906425,6913.86703385948
7583.37348088971,8764.09894279368
1637.95715454147,3797.88075898767
1786.41476593417,9100.59228592697
7231.62830820552,6992.9792183392
1225.96863879857,3299.68048266525
7934.65727520562,7831.79864120594
4790.07706036249,3809.81174079207
1905.86778347599,9364.06039069335
7338.47252418229,8400.98933230465
6909.38710429345,7019.65004883393
725.879225198606,3330.87619883402
954.531763084041,3160.49278464576
702.10522264718,3389.6982937668
7614.18287958328,7490.76305680598
7654.6814407103,5547.50623284244
1232.97231001216,9098.71823923961
7907.1700713568,7004.82327410296
7534.64144388642,7441.72421968967
1476.71885407197,3782.97541618493
1236.1563011084,3384.8172222527
1256.51452964722,3820.13365830835
7446.47939772941,7838.61327577515
7504.69667779515,7605.82639116517
1167.26159453174,8855.9968339101
1779.13895709753,9102.01567421287
7407.08369562194,7764.93912225384
6503.57306286004,8349.22020427698
8916.56622834964,4765.07092948036
7679.1797488662,7853.32336447335
7013.51774638309,6822.16989310299
2676.26819112655,4453.00287007046
1441.17072855947,8464.27623552112
1059.04782794346,3392.85202883169
1998.49060663684,4290.88210136806
8180.27337974801,8481.25270443857
1287.88268474502,3436.92555223871
1505.59024135384,3786.84315477187
7215.07404185705,7117.98452592183
1702.85844789467,3391.98535197623
1638.76313488119,8556.59096377879
7647.39596168372,7660.50631727345
7532.51158592565,7891.72994131694
8596.65195227796,6743.28480461238
1222.35668204454,9242.57593061232
1662.06735119212,8551.03923453422
7329.59697336945,7057.77110943919
1459.78716514679,7413.89294557156
1514.16549297634,3664.23976785945
7139.43493367968,7140.52686335137
1272.22757887264,8556.30204082051
1308.81391767584,3306.28599314153
8314.03175618669,6653.8896872607
829.128063304968,9173.05637732698
1308.24149664804,3609.30453801379
7260.46274430565,7670.11369382079
1811.61171180538,8397.51488386131
8140.42531877464,7767.01035679654
1508.2932167021,9152.34033056131
757.693274581872,3145.27898709968
7085.509542815,7461.14950390193
3605.41594539623,9269.8304933762
7712.66137762681,7980.07513238035
8044.99289674004,7711.24950796733
7078.25729770688,7386.50302723097
7600.74494794887,7814.19676675519
1177.65891666226,3574.47721393696
2464.02275048412,3753.78342869766
8382.6306644628,5616.08193364902
7937.98521507828,6962.70883791236
6721.19176913887,7262.95137005274
1465.52415623853,3831.83504093933
1711.54066174973,3750.59033576281
1067.09638794391,8865.61298274634
916.600060591649,3372.20216558822
6772.59648025009,7548.72017319577
856.497227616872,9016.69307616434
1679.55003031211,3435.89395120577
1029.72823437426,9217.27498060018
8451.98094927767,7867.95708129126
6843.27449379376,8492.66998549949
7741.29724813863,7931.98756510646
1330.87735381349,3957.85765636021
7848.78156631623,5387.44869132288
1356.95642271037,3789.46339983653
717.593628949436,9080.85441472138
7727.66804377231,7535.03166787874
1412.45189489907,5708.79432540917
1024.44986913406,3215.2336898681
7273.25944562393,7535.50600039554
7288.31785850777,7265.91522048
1877.42042803983,4773.85131283774
914.222084877754,3246.85893610285
9036.70177708375,8034.98683641666
7198.74217564044,8126.04633563152
260.427577250114,3146.98747208508
1666.02010857686,8033.89882004089
2291.4645575036,9209.87427554162
1621.57881263771,3782.8509386303
7966.43869885694,7517.94627647743
7867.0225201888,7249.73290719634
6400.89954149692,7768.38778677559
1114.80185603423,8899.16750535706
1508.29568461663,7964.57299756607
1474.17885431625,8800.27377763757
6706.83253364519,7229.01546421527
8038.97789921624,8190.57061736772
1066.4964439784,8395.80910419906
7328.99567621168,7010.05206145331
6676.76180973331,6989.09055711713
7914.424693538,6921.60141025621
2249.22523318556,3888.78871907193
7707.76649426238,7195.09949219882
2531.82096977602,7664.75027092367
1317.51557346551,7694.47525767204
1784.33075394646,8058.53447009194
6548.66372350151,8442.24665513044
1288.85293000968,3751.44700910863
1217.39724348475,3342.4524899383
1352.68104315633,3371.37839232602
7644.30009674307,7883.1925672691
1778.27694974656,7934.94488037151
7149.05421537817,8182.14566776272
941.539750708817,8303.68640498595
7506.191087327,7655.41131312409
8288.37923356619,9083.76739295748
1472.16177503832,8750.34718142871
1035.82688349019,3355.02217045608
1410.44548626518,4347.14540057135
908.109611769089,3202.84851147903
7228.63980560439,7754.19718769244
7371.62099739821,7967.2949781887
1328.71936850038,3692.79084748242
8219.76249620177,7246.78518208206
1096.70414545802,8883.90250991907
3061.04001486935,7460.09706452905
1671.23117010277,9031.7949110643
1537.29455727153,9228.44365177599
1810.12633364218,3746.7384043142
1867.31044312196,8586.78529643555
1786.84189651506,3733.75116119796
5253.12925970194,4002.01523322834
2001.91384608976,8127.34205936788
1472.40845018866,9327.87424536437
6660.40976408571,7410.45757425958
1609.92368943022,3878.10285208562
8423.1863844055,5954.99045822006
7232.90872489123,7951.97407528341
1413.31526556715,3626.06628267763
7112.50908839053,7730.22867468889
8794.68042506655,7860.27265837424
6979.85631834468,7899.21447921508
6595.56372748927,7724.15194815545
1902.53209909797,9581.07352745451
769.084133446264,3395.44079843762
1919.48756212889,3590.14557527944
2201.33277781147,8193.02903312335
1047.13109485762,3604.59962463483
1309.05414798415,3129.66071878848
2161.32389179079,8891.21598755427
1499.60051960418,8700.22529070867
1687.06280333694,8434.92175962245
1653.87409464056,7692.19373942034
6662.56047216044,7874.25546432807
6883.26735534401,7451.98892943565
7877.62393115693,7500.51521132179
7304.78990076863,7880.75523658028
8115.25374769764,7295.11409493564
1391.24693997041,8054.98973515514
7360.87382155032,7499.39413668804
1544.12368229548,9436.19556745854
2290.99062476316,9087.0415497089
5878.82770427286,5157.0130970746
1047.74521509205,8970.54876377931
1748.18516647555,3708.29953508951
7455.65859655234,6794.22032135373
1509.89524842476,8922.11456887613
7802.51459762943,8429.32352527885
6785.40191419272,7390.6626745247
2456.95893635124,3857.39210470297
7744.11064062236,7410.80791943378
1075.22357442927,3358.21431944552
8190.66188530906,7486.41325936192
2761.55632773547,8875.3840145066
1154.12804893172,3773.79700109055
1638.13477398439,3904.48067050764
1458.24604007026,9049.58474538917
1387.27041197271,3508.33870593568
7698.37981000463,6788.50065961462
7872.32438095624,7461.27176218626
6743.3172498091,7795.64382464137
1616.12188873456,3971.58034297833
1398.15534110681,9181.48185086171
1584.80741217394,9081.61512010656
2082.7318791062,8901.31647538182
8041.34002375464,5891.77920211785
5556.80395489402,9045.53936826556
1378.21599066721,9037.51424523503
1478.92608295523,3129.65264856525
2700.32812015116,5660.33730861678
881.704989110843,3218.8039649818
1689.67224336443,9196.50619891832
1362.53800791336,8470.77415171988
7978.61307505658,7131.58311140884
1840.86181799091,8102.13816913646
1381.24594555763,9002.97749711774
1716.44517556873,5427.92399277029
940.944776870131,3467.0007781389
1329.30823041705,3607.44697020811
1591.45643861337,3544.94091246646
1408.99295854224,8934.69360995935
1293.43950625921,9034.81705906892
1695.46090652302,3679.30259894054
1373.54909730029,3964.60161172776
7658.82272113471,7615.85919516905
2355.04484454976,3978.00783629298
1335.5500992461,9281.99464231251
2202.5087114673,4129.31849121408
7801.01920439559,8246.18376630725
5175.49062731638,7560.56896352974
1721.9672359614,8722.73716466354
1871.52752282548,8807.73519406908
6682.86672285642,7783.17801153016
1815.66802768338,3972.37692497114
1507.02710937959,3958.76728348526
7355.00390626117,7326.72738514324
1475.03116773347,3389.08331508153
3026.21198662873,8669.45636278656
7905.28149163723,7003.47600004477
1231.53621708318,8772.70645531558
1640.8736348044,9151.38367119189
8270.0093809034,7957.23980964737
1984.25537269371,9024.84249806424
1263.847923683,8521.25081908282
1946.50649787294,8059.82871387291
1736.50301349083,9229.51928799652
2865.92500171363,7931.22760756391
7550.11348550629,8100.60747448917
7977.45207932205,7178.89015812043
7466.33208803957,8457.31855938606
1396.43733756897,9212.89239319425
6888.36198508923,7857.29389849514
5272.67584084866,8014.87896805532
1698.63098685694,3897.30667852195
959.139826173262,3266.33697565659
1336.68288051196,3323.66205814904
1441.68030125246,3550.29715876144
3111.54899460462,7921.53039919615
1778.41735452462,3989.85785185082
3588.2301656011,8051.91771126646
6681.37512855681,6496.78362524945
8531.65820521584,7397.24741911021
6009.36283584129,6856.29464145677
3274.61528838224,7338.7430822634
2016.13937928107,9199.349666146
1935.33046717213,7733.27404371318
3621.43898484372,8913.31540788559
822.676867082157,3357.98147312519
1753.72830268334,8571.90518824501
1277.65989442421,3411.21206537964
7589.14195634661,8047.63742480213
1704.84487042565,9030.01502025306
1584.74808620724,3673.5708100091
2747.65850042436,9197.83743016623
7291.7159095473,8304.9257005503
1050.70058690571,3604.67333534411
7643.93843954538,7818.59415219251
7675.82600136133,6637.25893664786
1385.30771422845,9066.14483921784
892.975238182963,3284.44310663406
2008.80083847003,4293.20951530949
517.967927869904,3257.03598329413
1610.48761098506,3873.04850456941
8293.15683667297,7715.24090164296
2183.46594318458,8662.44725219422
1857.5926257564,8329.73100767856
1806.23026298637,4875.72659723249
6730.16528434532,7650.48501496513
7091.96668944819,7573.45143894915
7264.98766075748,8325.00170581459
1476.29141512608,3840.41287137592
1122.84727469589,3496.59665423694
7318.91192721562,7650.5809633531
8034.34413358258,7307.88187172947
1360.19458409835,8998.25101178861
7560.62766061471,7881.36116658544
7684.37380612528,7554.17119031678
1264.8471869316,8497.14265810203
7694.68524281709,7358.77221815169
1471.10052328754,7894.53168432695
8843.51620826608,7827.70399845949
8931.78776265393,7930.3158771605
4929.17942261031,4274.51984513761
1024.88640237256,3326.00082617654
7676.6648359563,7850.67755264929
1288.71046638769,8991.45484746551
7929.29462111402,6680.06205780097
7931.38087644529,6512.62115310166
8908.2588331915,7839.07080735752
1335.69669516665,3178.10764476024
1632.97239668276,3949.24318754019
2337.34458580789,9109.83417820728
7410.02715272852,6264.94906519231
1301.78588621703,8958.61304107772
1083.54845719303,3504.90104843337
7525.01675211387,8070.94117161309
6893.6103979359,7135.7174481689
7465.67325442034,7706.06584561875
7345.90070815139,8351.85809499865
1470.67878144756,8711.02633104318
755.789628131684,3379.60768255771
5192.95318623679,6928.43725621985
1491.10576224991,8637.84881646793
1779.22390498186,8342.4082310942
2145.67128348286,8382.45352553806
1116.29119866709,3596.64174392624
1366.33285801513,3192.18244060281
909.6676777918,3589.81446463666
7673.82229008491,7704.3696182873
1370.55453069909,9191.91313615719
7577.55480056387,7332.01131233528
6256.36056504168,7654.3916069633
1642.3807921855,9177.17935964343
1137.56906485053,8933.74827300295
7123.38984622634,7235.04124308092
1528.48726281863,7404.09244568672
7636.73002427549,7706.00326407682
7478.47654510908,7312.80578795784
6402.80020233378,7283.64028015906
1593.21361979145,3820.65429248099
1536.97406733396,3291.34965296428
1657.22493065591,3894.24059502266
1455.1864689307,3584.95207601902
8178.65795104326,7674.44001108624
7150.59991416992,7717.71701358252
773.121073130814,3293.11630854632
7881.85612107641,7665.99941241561
4713.53435186111,8876.95392414158
1199.76410005495,3474.73953766221
1172.69426834825,9129.64624093213
7289.76421884545,8391.86504374117
6824.24355157437,7573.70502505441
7661.47575776374,7738.14292634361
2030.15112902709,9278.52724688867
8156.43978784518,6695.44628576993
1210.95147131639,9167.03664683158
1738.81631789761,8574.46208428457
1526.81309849989,8849.28157691348
2320.15239910432,9287.26721126895
6384.29023402216,8108.73555612846
6879.9727931676,7732.45332431875
2585.20960309599,8809.39156897881
1365.14904271002,3389.19271606884
7520.46224629361,7764.77113293029
1370.00484213423,3703.48236480082
3521.12251760736,9063.69339553475
7343.38185386027,7525.47284769001
1695.50165832654,9023.54296534711
1696.40545127773,4233.80327047608
5285.66151234822,8558.08169872861
1376.60090550705,3852.08977551655
1320.7840913632,3641.0785098698
2126.30622610129,9340.74925395129
7771.29042161084,7193.9240307988
7141.5728296025,8265.85618896789
1874.16791662181,9147.42126884173
1383.76100110914,3276.57578746316
6960.95263390852,8416.48729204283
1630.69326595249,9082.17037243136
958.781023777596,3502.23813685874
1592.96119119031,9139.90499924803
6270.72664363111,5443.54140641059
7887.57833876189,7928.88770055487
1459.6601026689,9113.12060113487
7455.79773931755,7706.27216519298
8752.61702164149,7890.10260245306
1649.76592579196,3843.16832734932
1700.85834682339,3661.54235937643
1301.85568673517,3764.75029820186
6785.88931285223,7328.34560523497
1292.4864652336,3227.43506424435
1483.1972140185,9023.80984397436
838.901403424075,3400.21478714278
8898.77708689102,7742.68372400985
1188.50131203169,9133.69187990858
1871.643042292,9063.40108761368
7626.40121096684,7757.79484730284
8288.18605426393,7185.76489784129
7025.44749815139,7663.53978376316
7238.83485270626,7023.31139244982
1225.0910425046,3573.54492958784
1988.75141828939,8910.17665669929
1709.37581458108,8755.77262815641
665.385409446483,3457.74366665609
8123.16943032655,7651.29731250564
7496.49300022486,7880.69906143736
8525.09100831312,6544.1867015016
1432.57267898645,8468.51589831982
1121.35082033367,9109.55079180324
706.372295213634,3300.8348748443
1184.20796541367,8734.90339310278
7832.41190816996,8260.39227663753
7099.23998113064,7807.42765195127
912.379476537469,9147.49401397444
1359.02643046023,3600.18482029433
1822.22134797473,8832.16573108015
6458.45225156946,7380.48366786619
7013.63075044402,7652.27129951396
7765.13601509498,8363.49336855569
1730.69225144981,8758.54592276366
8506.0912511352,8094.0803227381
841.8646354149,3531.86290891866
1206.62173311112,3844.57688363623
1183.75428928072,3149.96311782558
7305.10500096552,7452.76961024975
2884.76101540072,3855.47838330517
8128.89599337822,7359.64323218668
1353.69520755877,8773.20327207148
6839.82720325094,8458.26515954972
1046.13390046464,9105.81907150075
1591.91844812185,9102.63257160778
1771.00043555807,9382.81281234559
821.329343620162,8997.93372699816
6910.4032005886,7156.96248849802
1491.28697919858,3801.73773845252
2661.99171012825,4197.33111866418
6225.22976718661,8978.16767486845
2085.09720182019,8512.82225432372
7622.60338275048,7026.62882017158
1587.13374818152,9132.9553075136
7775.59655293265,7498.69691533611
6175.01696244455,7117.69009099434
1031.28721592596,3567.66095568942
6941.08773383899,7978.33746963783
7282.28437811087,7600.98213636697
7504.8060296565,7276.82759298979
7112.78286638745,7583.50150407352
663.187410806062,3240.01252679452
1369.76132780652,3472.67755466677
8195.11362689329,5844.12955789841
1882.1578202365,4770.71076358804
7889.97116919343,6565.60534184734
7428.97602454585,7980.51788107906
867.718128544898,8904.7870537351
1050.25377116803,3367.03308052772
7518.25708445892,7952.72044904629
7556.70726513012,8144.12656125186
7338.78899731939,7897.91835269544
7727.45810804579,7833.42431707508
7364.05418318439,7027.89489679005
7326.24936516659,6242.51198199007
2521.2867677756,8667.07517163277
7564.98251057743,7729.35482919299
8905.34735502088,6878.98657144658
1907.26564153497,8681.55112449341
7874.06965521769,8052.3446527554
8127.20805118626,7463.33466812931
9117.0370683667,7644.48007422605
1673.74572327405,9255.68405199718
1215.17906966385,3309.24484956048
1286.04788950117,8719.07173057912
1680.16206297678,8787.6332291089
1501.64876033398,7980.90356794477
1306.19027078446,9188.77916142853
1272.32937661907,8219.58506135997
7339.79283516961,6600.28595886082
1393.97866737807,3593.74091495169
1561.48316578063,3456.51800516527
7939.77434151531,7819.91709496312
1753.14124036727,9084.02143552363
1449.46739562477,9222.98531886956
1566.11332231131,8504.05718316575
8025.12616674867,8352.65582988443
1229.62620382,3518.84279288831
865.954945524022,3458.42298164753
1644.55369083645,3547.9545841708
3097.23394848526,3322.28509718173
2082.53903057503,3570.43634733455
1117.72934548963,8609.77691650853
7111.37105653549,7851.7207603816
8014.45251391243,7196.76604401369
1096.46570019738,3729.10071130781
1928.9936865758,3622.54061689843
1941.38760942416,9057.7714493661
8017.2332693545,7129.54996356541
1131.11318202073,9222.0819335889
7186.14092323242,7552.56744261171
6859.8872614808,4252.50733568022
8500.55345522308,7269.27880651448
1981.30887652493,8091.544624692
7651.72486804481,7955.55397392147
8007.71602897082,7226.87767186612
8146.04114752181,8389.34087022271
1122.06015947336,3234.69367899803
7217.31972987258,6666.4962407083
2583.84862013927,8899.65571863662
1694.05355288412,9044.15872628586
7897.99948144024,7732.72773027553
6609.63476648934,7237.12580103112
870.653721663148,3179.64423796032
8188.14732859543,8145.0550706273
1594.17774567563,3838.07742260683
7272.07321969755,8426.07754563296
1281.57579561208,5466.95097669912
1156.71592985119,3425.22928020683
5957.623951349,8110.1487058623
6585.69000837112,6820.9690676754
7306.85306261278,6119.83537212496
2854.52516340897,5184.68767728708
883.169785183284,9007.89398833994
7294.16980119962,7706.34294440361
987.166909108424,3389.37426742536
7716.27003754391,7485.42292427955
7672.42301202657,8145.63299847116
2693.30024636696,3586.63727577798
7760.81011660503,7786.35304225559
1495.88351222501,9340.55106057531
6975.19250154861,7341.90532541746
7276.06471574023,7262.27974355721
2061.36577517636,9094.97997518902
3256.78220934629,5239.94713734418
831.315885481544,3520.64262431378
7335.23372725797,6971.45676011272
1141.03097479187,9057.13896501006
6713.91198444362,7285.13242861398
1701.19060053004,3769.94410291784
1004.08099481991,8866.01266259929
8726.16229097379,7350.33288845624
1336.59085587778,3414.15855448855
1743.04919457465,9107.4969921792
7775.09549573443,9223.48638150911
7528.07355311637,8454.28037243811
2539.06005335291,8896.32010691315
1807.10831980495,9330.11127817089
2296.60364547258,4293.68169314596
7674.81273572561,7822.38801381204
7810.70473398561,7191.78598982313
1858.20284151543,3965.20307782025
852.082795876834,8934.12861308754
1838.0648531554,8861.60448607459
1482.08679951823,7881.77048423465
1102.58376937569,3517.99814216843
1015.25104417909,9017.39329396194
948.709564225674,8719.32831893888
2659.37995910523,8730.01941768773
7408.38603975248,8054.39387663955
7581.0595265499,7716.20901253319
7851.4227644924,8032.52978498855
6946.03503943233,7924.69806288598
1609.6201006486,8042.14014442368
2663.34184064059,5532.16606899716
7366.60767076566,8369.48384937555
3030.41986263862,5333.7816304429
1209.94628874148,8768.91598183662
774.216781938513,3131.60995621634
7725.73852435196,7464.28230159901
2251.78317035045,9135.89935728774
8079.89204816615,7406.18570392857
7944.12842689142,7649.87971036489
1126.69577449242,3574.99736561767
2143.90881953896,8722.81263647663
6490.51837890833,7309.55358632589
8048.84513356887,7699.05356008642
7582.43915290868,7406.9881444785
6767.99273193756,7244.4178350359
1311.58653329103,3113.94566926951
926.008863418617,3550.19013414184
1532.86496880503,4144.68890721838
1810.51000044679,9042.96349733083
1528.40600561738,9138.0543239256
7229.87160606567,8148.58399405425
7093.63106394334,6614.71368043219
1457.77223502925,3833.62119861046
6937.88067861858,8195.51092858313
1343.42819915711,8840.1270782846
3243.13657131681,9264.56327586233
7526.34887974167,6620.75601140414
8204.03229114333,7712.45049744428
2861.39023648375,8385.7940497739
1274.03629371095,3379.0626817137
1059.84326153446,3432.73521481687
7554.23043475,9214.16361246599
1915.03862390659,3891.20284116214
7761.02633448233,8122.55996627461
2192.11854409707,8711.09644626456
8037.0564184499,6853.11524524611
2387.25082062981,9202.93666232666
7774.05669132876,5198.07351646255
1095.14650620248,3079.07248121683
1983.63613217166,9173.4998897017
7500.5591642802,8146.19578592673
1426.49782336175,3550.19823491399
1670.6235506774,3624.07498006406
1781.53865049729,8925.69462092908
1498.37813589055,8963.14636627617
1469.73411493011,9079.99438728518
1514.35683065452,9244.51130682075
1389.47265519695,3765.08492808042
1405.67119977883,3570.82948273847
1929.16505687455,3860.45775584491
1164.2010380593,9059.16664240998
1283.33550689098,3614.31359623683
6856.20932562158,8901.4191798762
6339.66212322705,7849.99370391148
1940.52942593981,8418.72404129427
1468.20886455446,3516.68624149379
8095.30397609015,7619.62265310365
3133.34335888474,9111.19173035836
6897.49704810334,8088.39204214414
6874.42109811346,7954.18369597751
2509.1414286065,7881.17226385247
1680.91206240328,9609.84511479255
1891.13997078429,8394.81690147811
7517.10763167827,7960.79491334789
1367.24746517284,9078.67696887798
6498.80322287964,8551.80105828955
2612.29229709664,8736.49693591531
2099.23811826457,9123.01015543878
1427.07736031789,9076.09324626378
7325.79129476838,7774.19644071183
7817.27312894986,7981.69669599583
804.848889209488,9186.81840859454
7761.26214869097,7885.66750272286
6519.48621287285,7006.18465068939
1228.75419899497,9119.86259867658
1263.18117293015,9136.06520063911
1541.5419707997,3644.13651689931
1778.38556633261,9418.45082072806
7004.53070386408,6642.64344858524
2228.90133226505,8539.89063928985
2077.7479175271,9072.23322693574
7331.86581076118,7923.35947419605
7354.8751176713,7533.18146845791
7897.12657804676,7817.85873540193
7506.54826595841,6868.1240674599
1319.49517035486,3560.14400236169
591.86276947987,3317.36098266789
1368.16113191046,3686.72538704627
5875.71315112077,7469.89285608231
4659.92995366757,9222.07263106991
6031.35155042032,7202.88796251692
6789.98500399504,7628.51872755526
8807.69850984369,7113.1382940821
7475.49420904854,7661.74160411739
1652.96412588154,7659.37030628899
1292.56237459977,8881.74947430704
1869.34792249469,8867.60736794906
2028.79287879312,8660.81073916948
1308.36373943975,9104.17388729463
895.757230843054,3313.43354869074
1301.29251332694,3652.21114617669
7131.84645503968,7360.7186683641
1175.29921943001,8925.47497822186
6332.16369979158,8181.8222909298
788.980777327306,3147.1527085206
1295.13661097277,3413.55690861487
1492.76939252804,8684.16657625502
6890.02920162867,8330.48762264227
1218.96977835192,8989.10484719103
1175.1721861573,9047.5661880356
1558.82380536089,4024.24781853129
8403.4892481516,7915.10692433506
2797.46702126077,8741.98764645904
1555.52451461659,3741.39415869189
7985.20467234563,6927.15821436077
8100.96511577103,7454.39753646491
8474.71568586036,5817.2464293196
2174.5243313715,8108.91525756809
7652.4083503095,7944.73276104356
1728.80321296224,3860.98595749268
1787.18809938212,9158.34317566497
962.961618017332,3353.79987933745
1531.22636155079,7682.57625089353
1764.38931687467,9168.18796148244
711.511394832514,8625.32858859963
7353.14260336355,7343.89107055564
1588.8170674507,3652.11982170319
1608.9937292659,8468.72603815659
7843.49377806555,5226.15724454816
1191.35596375956,3444.69607722474
7734.18928820529,7290.48900920005
1213.37513313321,8759.67563433019
7445.06076389068,7883.00707021683
7517.18215747899,6147.24015402806
1082.7547336494,3486.47204246029
1283.32566370436,4255.07833478038
1550.08666512157,9027.10897661708
1709.74835711636,9088.90017600345
6550.16596626672,7798.36055628696
1355.91934837967,3749.90731859269
1306.60101365358,3691.96214059376
1662.39502698543,8971.943769348
8879.13915189838,6612.32811406779
1850.35780881765,7573.75388221717
1789.68727934597,9242.42105752406
1537.59565154761,9105.3099988204
1518.6757992817,8580.25094968938
7371.28915367196,7716.38746700058
5147.62974489714,7854.92609228316
7621.97096029163,7322.02564474415
1820.27520433124,8298.26910636655
2679.29050366943,7661.87878569482
7506.72364997333,7775.71517778536
2274.2482754652,7900.09966242923
7207.49866112831,6737.46871304267
7465.09247788797,7983.5893893533
791.093627403385,3679.62827980319
1443.84541866865,3789.86641541395
2062.50366550471,8762.8966453512
7780.2447564699,5934.92997356622
1375.78055145708,3495.11007347423
1264.61270838235,9123.4818107367
1144.95333053562,3591.79768293807
1735.23678361157,9177.33853605665
7797.44940936604,7725.79099559196
1228.33112420126,3867.02971439193
1122.80991202034,3414.0801458463
1305.94456535573,8907.87811350028
1465.31952621396,3593.26905607378
1628.40464799401,8910.07811587426
963.038096895145,3300.4139946441
6666.55406319741,8222.68773623492
7428.66304393285,8028.90088729606
7955.12157506829,7933.08065979288
1243.78345933981,9180.16766024826
2419.58195097711,7947.3856613617
1487.44296038879,9277.688966023
5935.31955157916,3936.12033152353
1641.63964744947,9121.65261835424
823.457514351535,3249.3235826941
1481.47682106292,8825.94338986182
1732.58734571705,9269.70268867879
758.812500101792,3500.32959547378
1681.23071751756,9213.01762071469
9918.77652907956,7307.99298390655
2721.1000551631,8757.49873618025
1240.98127717431,9133.74556331134
7993.65567654429,7554.73701364519
6164.97182371839,7191.80625391164
7115.07945579602,7127.97016781343
2106.58480362801,8975.21005438148
7848.77642816369,7278.9756499927
7556.09820592302,7756.68430673142
1281.7171899853,8499.31027733805
8104.79897544757,7316.70245740519
8122.37340743461,7877.73665514138
1985.55319874332,8994.27075380617
1321.49328071783,8718.96347194239
7030.05130970405,6709.38940336866
2370.48499114453,9376.68131456341
7575.36637121116,7669.47377114178
1479.40533418076,8560.72748289683
1767.37269685794,3777.16966033047
7008.69706716622,7579.52801256016
7296.784382013,7391.75121391908
7868.8648879916,7675.92894552913
7686.96390844942,8597.53179045416
6880.8111035121,7775.0293602862
1322.35602913379,9130.86418467599
1641.25359125217,8935.33635796075
1926.64721535532,9015.38523669286
1217.60194252115,3586.18728992652
1425.0150150652,8901.40490412549
1298.29686324018,8922.05420833976
1877.00696767275,8118.93956880219
7496.53538116261,7914.65045809365
1878.25943914251,3519.69155691434
1014.13227402448,3514.7394116285
5341.86901619703,3445.30983028819
1207.56103792085,3660.54079437263
1504.66293723754,3924.58679078594
2139.07965038993,3689.75436104926
7588.59652905541,7602.35554563579
4663.31497639623,7105.03896449066
1378.03209271153,8497.17357453355
904.807097805853,3279.10921573181
955.054214613782,9097.03995233797
7767.51095744149,7166.40418930671
7448.53582318772,7037.17826248897
1163.85002960299,8907.12433966052
1419.92693310832,3982.71901739505
1224.21719700364,3488.27204268182
4806.3378440939,3505.26231370084
7054.08955796873,7640.6872438934
1650.34809124129,3565.16636478276
6696.91035095171,8003.95125709737
1783.72329983543,8677.14996787775
1951.03290788904,8468.99881067755
7245.059779771,8324.43713448307
1008.2611072788,8292.19453576015
6830.90881047543,7385.83689984075
7891.46121657867,7325.30229748328
1267.76776721994,3580.31670356656
1538.1203740801,3999.65272709401
1716.02015053695,3476.47467210552
1788.12949962293,8756.62520564492
1013.60721023063,3669.41396238613
7738.67871484529,7167.66856106077
2694.53584451692,8334.26422227538
8087.70926446534,7769.17106237592
6379.55280863689,6964.93106944603
7621.71830682325,7999.94118899076
1249.67455921285,9042.53498711275
1293.40017477593,3451.82693638527
1268.12703429582,8588.03417638725
2230.72771910242,8980.21176878907
1475.17012887019,7486.23587895113
7495.56898233029,7916.59769330181
6932.99314909032,6988.05419260007
7540.18620434364,7996.48846781337
7997.50532570026,7911.11886249167
1234.37402207391,9021.39078049589
1512.49605150206,3440.20890571488
1843.12626391407,8590.82122142284
1145.65945541202,3623.64005991592
2244.25921425896,8365.18586988774
7430.9351717495,7363.17061967897
8354.51190987068,7219.26274006583
947.391231551613,3827.64216533798
1150.14576441039,3295.75781481202
1390.4212005049,4134.771597062
1716.24373820325,3709.80439233543
1616.33647333567,8644.47084960846
7266.85321615443,8331.56414479772
7647.30774833773,8238.30476069815
6941.18194586319,7373.99414095681
1195.07904052749,8781.92817459409
1774.38010628912,8935.47461739668
6820.88500308033,7827.50349413077
8629.54788686582,7275.04915325786
1635.87379434769,8916.55457441236
2107.71571495013,8790.95645086287
1750.26664910293,8649.69570547954
7790.23797413714,8366.95166716824
843.598052376438,3560.79518524743
7290.92311564981,7153.59801202015
8107.55369311308,7621.88483099634
1506.81800420736,9118.65948425355
1261.89998310659,3700.0252376068
7942.02191621304,7247.73640187513
7130.82893528683,7731.08422861551
1902.68573196707,8328.51792917959
6966.77908397239,7762.93886040034
1919.55905480455,3676.38600641687
7878.78458994063,8245.87280851719
7422.66199287223,6985.29417483472
7510.18711699618,8265.36489515743
7885.66623848703,7683.99125748646
6363.12418817467,7534.01364718078
7104.48364588618,8039.19081852692
3587.0864064136,9437.24171394647
959.951187147486,3242.27407833733
941.372700413707,3164.89156239372
7945.35815124389,6829.92215454081
8464.07813217774,7555.07276409553
1745.54672393419,8812.07278415962
748.574892275071,3123.14954498641
1296.81625008689,8263.46540653114
8034.90043574755,7291.12043176564
7094.1080934328,6482.73797866924
1425.36306670244,3354.095619141
1217.19840460514,3653.06482529158
911.702948829632,3389.95304450503
7811.12252133535,7729.62811722072
1492.64304157474,8742.71969000694
1301.31026572743,8609.12041762886
1995.03772473016,8648.15629402321
7733.90606786421,7524.33820312568
2879.30556199101,8762.85266544171
4600.82121473262,5992.67684001615
1339.56211309011,3696.48825152351
1272.7721009489,8124.46141158441
1108.26598502087,8814.07153912813
1275.88736659882,8051.34128289071
7354.96665730954,5729.56937386183
1538.57676912118,8603.60390718232
1918.07592511588,9019.45927363833
7083.31094482087,8135.36790839178
1422.71987039503,9122.97387118027
8338.66169911107,7240.20993867742
7466.97143205133,7544.02238303867
6689.35867977009,8246.00315243364
1825.6462635523,3816.04216333546
1523.04985635643,3566.03519717135
930.955696075596,3285.8238727444
748.65700661713,3198.55416429978
9048.46575364883,7051.94952360516
6317.46501569174,7774.88493818814
1401.54132297952,3613.658187799
5446.54737899644,7448.78425057835
1492.54665458093,8815.70698470183
7324.72134526198,8132.16039151184
1599.17459050009,4128.54728404063
1147.80455378463,9105.13973066072
1622.0429131814,3747.8693205685
8021.01576850542,7713.83821874034
929.460464463191,9247.72456132785
6934.03184032348,6958.73899999443
1797.33773361247,8801.22966022913
1008.10431568004,3548.28761701455
7438.46160044936,7850.92668299197
7758.23069501243,6853.76726465071
7383.71859106424,8585.65916561937
1805.3203669468,3780.08088482678
7859.80449537595,6111.06802771315
1700.3758253136,8670.86121693852
1858.28100073769,8879.0012969509
8676.77768183953,7277.45837481499
1020.77258711755,9117.1360686938
1181.3401120185,8957.0785750885
1338.17889111653,9862.28508472175
6987.43753905675,7041.60647779241
7581.16506977461,7991.57658702734
2929.65066948787,3889.37275302027
1228.98772775932,3709.11489395741
2081.50873347049,6017.96075048061
1399.15937228997,9048.75894638674
7052.44407540332,7781.01703176442
7737.66465962079,8105.43903067305
7429.78467962861,6885.64411930488
1487.12444088454,8676.45482228253
2069.39872317685,8866.34688819937
7842.28201957415,7809.28086438267
6935.03120338846,8401.68171677648
1441.84264052807,9108.07813854385
1382.32906509498,9415.92260453342
1989.38034116249,8651.08523815349
4110.45927025046,8637.62139711607
794.020588673982,3322.31329982384
1646.81513665554,8744.77445646905
8145.99305831044,7204.41509068904
1686.53479281813,9653.75214037873
7397.21779911535,7743.1617933145
7942.14148635859,8142.41121666354
7572.52203812417,7812.13104728896
7338.5580548094,7776.18897945524
7360.22527615085,6928.97045836568
1081.06521071246,8846.07595190571
1151.49434985547,3499.62946796128
1852.97791506269,4146.07521880182
7559.2226440413,6451.71623403884
7503.62972786182,8526.59907283603
7130.78662841785,7261.90974033813
1120.73149219088,8829.4151917916
6663.74620410567,7652.71857059424
1079.91993052445,3991.02134547704
8218.99231466827,7820.01645192674
7304.00778737039,7022.82225746521
8105.11620679162,7964.91605981084
7984.96928231083,7894.47943910069
1203.63209631076,9096.21531213624
2319.81850503896,3819.77547826012
1077.92638148795,3201.95750773086
1031.85651360943,3112.86097216396
6669.98168103865,3658.54038240778
1918.62397056108,9152.88204096592
8247.30964518735,7024.02205199675
859.234768228138,3286.34588709397
8183.08269032094,7342.09991234957
1732.66103738236,3954.55830557275
1685.03404199134,5312.27579289681
904.837360429083,3428.02518530708
8215.83777475644,7999.39529156107
760.19064461083,8629.91557746796
6773.7101749293,7500.71723467117
7911.16880468945,6811.54514600198
6741.64506070147,8051.83124813056
7958.61967109535,8119.85259964513
1189.57599774422,7935.56963802233
8663.80700502865,7679.2625481296
1922.79163228781,3709.02465853996
1134.40716275627,8807.84373879857
1731.41201537878,7968.28393197498
1112.77538050996,3735.79115913018
834.009777359694,9155.92788954033
1232.32996190011,3646.00893589357
1615.81868915177,5960.48679385098
7283.93164881867,7211.60542646154
1060.14097310239,3560.05853964966
7838.56743571523,6953.2106086397
7649.7207533609,7680.05630431534
6850.24650591216,7797.02214344154
8124.48485411851,7924.85229238139
7192.59351249762,7346.75636455664
1531.84670049245,8291.42282313861
4448.09640719806,9002.32317606035
7811.19473070202,8247.31523657166
1011.25480348275,3506.0919245767
3805.85595152701,9013.19689188257
1516.89405779115,3523.02143097276
7706.94438950114,7496.98249800808
2109.21506766032,4002.54922632789
1090.23919219017,3154.18953319309
7293.07393879442,6564.44450458109
2376.5252610106,9060.62725093843
1439.41768105639,4013.19813886667
1759.11255360683,9094.7980163505
638.116157817715,3097.86780863764
3677.03342407386,8536.8673877746
1814.48113749037,3622.51032855863
1874.77128090547,9320.42010743653
1366.25303395435,3233.91225918733
7477.76152380272,7054.67453015738
1112.18686772869,9093.20330697993
7334.61194559539,8439.9103599412
1526.18875598668,8921.59488620591
1743.75404752997,3851.20747001132
5199.46691930119,4672.08551071596
1402.20180063892,9254.11418850093
1612.7136955619,8131.173129962
7174.80977859803,7710.19858735381
1305.86687354842,8779.20113899823
9172.57355409305,7796.09353771271
7012.11828295039,7464.33053346864
1332.96807814758,4724.33869118385
1502.64940533518,8180.19569849063
7938.70551543026,7890.41413594072
6825.27343928363,7978.43814953635
8392.69506256336,7138.41652393242
1526.48230014719,9216.48929965484
6685.51118129972,6779.43832608538
935.033807467162,3469.96415488249
7441.2137643304,7539.71835097347
6795.99778192238,9431.35943569389
1567.0307258378,8074.75353212837
1663.27369280698,3607.38139252318
1042.53137122295,8962.16921873994
1084.12931793364,3750.89774549839
7727.45971345487,7322.39339331842
8185.26168351009,6874.66866227207
699.351706847194,3175.14252138332
7711.39508523579,7574.82627453174
1823.82851729452,9122.4111063884
1869.02191084072,9099.84534218043
7609.98828864872,7603.14625290513
1081.83321074573,9006.13196334259
8037.21332787238,7503.22057031085
1320.9506012456,3984.42627329816
8084.42010783724,6898.38869963241
7450.653951369,8300.39796847177
1256.39719949239,4036.5877156839
577.569961442628,2830.6165136509
1569.96796690869,8828.07129388203
1393.07808760248,3600.9116097379
7842.0910835356,8133.73438880892
7491.61175453516,7570.20106628028
3272.80519583333,8052.21798636832
2081.59326104375,3750.00930200547
7536.85506162091,7875.60620953024
1956.90753537536,7437.22202600377
7486.18480549938,8146.15490996132
1835.89620191557,8635.27218357005
6827.25157488185,8185.30010889474
9527.86158356564,9415.40592812172
1418.02276618667,8079.81109546783
8679.8323588396,7817.6853001733
8377.16211755479,6205.11445070975
7290.32298445551,6462.35695025606
8405.77926664838,6209.6703687313
1984.70278937024,8907.76534842508
8547.48436233944,8240.02526315888
7771.03237733524,8104.40927866743
8143.70711829073,7649.8653537247
4050.69871520204,4230.11960282455
1084.50325167059,3415.51528479486
2574.03724222882,8443.23584517854
1304.86821972938,3433.43108298438
7161.45559062811,7354.42332613548
7005.68389660004,7945.65084028429
1664.2412984677,9175.76646141682
1198.20858385271,3500.61377282615
8307.65050062153,6129.94758531027
8224.73885301737,7904.72362925688
607.635201869074,8624.16786795194
2596.9260673291,8688.89936741041
5689.40485503785,9065.38136637544
6249.2693267297,7866.44767985766
1523.18847605473,7562.86131163822
1221.36798532471,3655.17592776944
2089.01952276774,7933.11691157176
1042.16437820125,3365.75056912765
1385.42115275569,9130.75323050386
8162.01038304507,4571.90594810216
7433.32956729186,7227.57802947172
1784.30355778155,4743.46294532631
1121.53977759629,3480.21110982159
1703.95392409826,3680.76844438368
1121.14270441841,3580.65352679103
883.101422035932,3375.21528476314
7196.32784003886,7753.91806700066
6794.20332682603,7406.71922168249
1221.85751576258,3788.85830332009
1276.1736623737,9198.00553115982
7370.95339144358,7189.75555657844
1292.95552740725,3602.39267201779
5944.5880466965,6809.45686566513
9102.92770779468,7177.8107436547
7499.71311419214,6562.15017040661
1221.77162063115,8772.56703299369
1771.06747848454,3896.40381067444
847.776879568371,3082.19384519132
7836.70651846751,7452.15664702722
2715.63663068408,6828.3563392598
8129.29796025992,6488.9857996194
6666.69257768973,7615.27772132228
2472.56233201541,3703.43179542889
1425.33566371794,9224.21250003718
970.828689784129,3570.77026050505
1635.52209870982,3581.45729993423
8279.46052473601,6995.55474598158
1762.33843243385,8920.23202940508
1321.06077132715,9107.92172882828
1455.79032082964,8973.77895612895
6775.80847184963,7407.54615083646
1699.84464554105,3906.64120121292
1300.5305600639,9269.19614122504
6998.70548773335,7316.12041245015
719.433649424169,3499.28257041091
569.347808489077,2982.61977055044
7675.14342319798,7875.35624492849
1596.84006747426,8664.84947490905
2149.85594895494,9221.02195068936
5196.0055902317,6755.27832508468
1616.01778038054,3993.0499718857
7741.34394853677,6783.54756774017
1376.67659216952,9118.6221147495
1221.82372708645,9395.90863843362
1849.63412243215,7722.65136574585
6821.15053935327,7322.28098461676
1218.50463535573,3847.88758705688
787.173888416755,3322.00057814996
1675.69245733771,4002.49365913923
7389.18314236114,7405.83130768998
1837.38189506279,8990.00485740331
7185.27522627882,7629.03319913884
1875.27154808996,8623.60921443377
1012.58188016285,3276.85822232368
1818.75211106492,4529.14865291919
1311.0565903184,3653.08811952852
8031.66153350375,6662.77947760635
7345.76018107932,8385.00033896565
4017.35923652071,9104.81061413801
1786.45952724372,3632.14396491227
8272.31902612015,7701.48156584882
1381.22083841402,8960.35917213107
7866.4244260652,7864.59181716768
2148.1402559462,9338.53267993068
7640.35459201241,8044.99748101069
1677.11542209158,3589.05914047844
1470.65272554896,3851.56555361672
1371.64131133673,8952.48942752064
1907.97059508589,8895.7513802508
8285.3735603151,7691.37933762071
1427.67179048282,7872.70498168936
1803.08694788126,9009.78995778138
2358.44043965294,3302.27933585876
6868.4245707132,7452.6846880511
8355.39898756103,7839.14672198833
2775.41651502254,9024.41943676891
789.308499047648,3439.96723670039
8157.3459553981,7555.26571983862
5596.96055661743,8959.47825376152
1359.94183348637,4518.96921535875
6289.55563829375,7633.35490496287
1959.65907336014,3924.91781001697
1975.02466330036,8618.71816613379
7458.31241481539,7807.66163708446
6729.07541757065,6077.83061623706
7528.38455815204,6878.41402795567
1892.09741982064,9077.91171417627
1912.27100862415,9244.19780422926
8832.52201070077,7384.52544978835
1614.11711386856,9311.85054779461
1272.93155777624,3573.27683809953
1279.09150825358,3828.38951701755
1116.64324080093,3463.10738946501
7470.89255636084,7487.27399632881
7717.46857725187,7277.91231226664
8034.49276147095,7813.30706497558
1923.56135002134,9018.17492564556
7137.6853838131,7899.39525376517
1627.59458123302,9212.00232183799
6546.19328414918,7678.82390929451
1434.93374129174,3647.84651692443
1235.95507449179,9098.49654188312
1283.99458660198,3631.94149136531
978.562857381568,3219.52206890624
6744.67943509017,6704.93260120159
8452.96616406194,8526.91139003331
7429.05346353009,7476.89396516692
1159.03128726691,9295.24477876296
2186.51700083447,7736.91910623077
1353.22176749197,3609.18298387016
7951.63949240653,6482.82792084117
8114.87707906179,7102.94803543977
7882.06514683355,7595.23919787147
6119.50785738082,6295.55184877962
1365.30642068199,3955.44910413393
1754.1056347252,9081.20351530313
757.479748433671,3348.23008091319
1385.00975800984,6752.77705192508
8139.20645407107,8150.9110719384
7016.10573958166,6947.96561028792
2018.45357717933,4254.29714679209
1084.66114361026,9469.44449492592
8470.08790405763,6354.92667046011
1314.5416265817,3774.58448786329
6898.84933831307,6717.06969830094
7897.85912955763,6570.35618178051
998.403074917671,3554.32359080152
1929.81343907115,9085.05838664363
7810.44709194523,7543.64901948843
1541.69476035088,3636.6340341422
1221.85835838677,3254.33965273423
1267.65204614331,3378.09926180914
2006.55832552696,9007.2114624678
1341.59022397638,3734.56240114008
7862.64773498035,7768.34730981992
1435.06675610454,3725.46357104725
7967.80896432385,7549.20220151077
6700.8476756813,7793.76478982577
1686.06525299347,9191.30567751739
1179.75937386486,3423.95336629688
7763.67027090963,8475.78346990907
1138.32121221747,3666.9279068639
1376.95531426765,4078.76582398337
1277.63608744131,8700.61680068944
7504.33857279061,7623.13739830407
1674.84161055477,9160.39254964348
1620.01477022276,9152.04465342936
1454.05059731477,3480.9388995439
1754.14298828761,8565.07144664093
986.92177514443,3550.95134946672
7653.46978761226,8269.22138910842
1636.16406881701,8978.72324368399
1276.93002482561,3464.64513238755
1832.53592199811,3707.74719216696
6923.31625575578,7816.30436059533
6980.99867903612,8144.69239894917
2392.55367844893,8724.57150261111
8784.21794364909,7789.97659405427
971.289730699007,3356.26759001875
1258.27221615384,3826.60034401214
814.577633729824,3851.96170341601
2060.80153429883,8194.92931036482
1050.18760753198,3323.96692199249
5997.59483732607,5870.70144906047
1480.07738760287,3534.61696599521
1844.17908710801,8393.45909337696
1529.14990259779,3749.8874254599
1890.67886891778,8921.22304411566
1444.61543066699,3489.06040373429
5797.38876379225,5129.75267161169
6649.13631665099,5300.41901946364
1702.78767034774,8716.21238497292
1131.3084212945,3650.39613515901
7608.90656298697,7502.24635364118
8013.35692809218,7799.84346439609
8020.17771422018,7449.64299767502
6717.873223065,6798.73693548241
7893.79910843301,7102.23019784209
1150.28973720689,9169.17549361261
1355.1777249953,4515.83199945436
1435.28393034248,9292.42242882434
6901.08994950562,7787.72045260809
1253.99583413359,9171.13382428584
1507.23347369804,3981.3150304538
1185.66267560089,3509.49030210541
1815.22178053097,9008.35208222878
9624.13817935733,7613.02541104249
7388.41859085933,7608.43629116461
2469.30159072274,3763.83368321496
1617.38697395743,8572.53373997155
4457.38850935495,8584.11463935987
7169.59827479039,6575.7853672538
7515.51842982927,8007.77813995433
2054.05388987853,4886.53517931554
1168.71086436103,7989.95116387514
6222.78457668708,7167.88139250127
3145.11063939825,8157.61687567201
1763.21598343501,8878.44337686785
1131.15446653174,3408.8431413067
8091.40965607081,6923.51763648706
1840.56653180157,8749.92673486833
1960.06979022203,3569.1384701087
2494.83112082599,8177.23290831
2046.41578730754,9091.60589406178
8275.18081580915,7189.11585373685
360.710976632891,2846.91351061869
8735.31236876512,6303.87765176651
8733.55661070826,5041.71475678229
859.11188117156,8959.25879528845
2226.95788969759,9226.55460562203
7395.08977731118,6394.69634796276
1272.34112635422,9047.86945557208
7851.18802049869,7277.72414955905
8032.46836168946,8396.56245971544
1900.33556430438,8224.61547642365
2464.11604412293,8992.92420240386
2468.95090905083,8652.38522188813
7294.45782357597,7003.70204904138
1879.65679000729,8929.48766847859
7694.80175821437,7325.84429886935
7630.95676382551,7320.83750633109
1133.09261897367,3401.80739725594
7141.76325692735,8191.05074144178
1328.12235666249,8640.66614593129
509.3487659258,2923.62641842417
7592.46428889799,7117.87043141581
7617.91931852936,7776.66640275752
7537.67439630236,7215.41220568894
8539.82058857059,6851.14260113611
8748.97049304665,7862.98418547541
7887.17088777371,8297.22195227625
2281.03646524051,8434.23166702811
6860.3184398217,5299.44692426279
1497.00582084786,3640.65979841403
1331.98120866899,9114.47721915935
886.055552591796,9103.77499730428
2064.56460779044,8389.761276538
826.190689725704,3286.51351460902
7120.45497088941,8284.69392969123
1314.47239848156,3011.92855985799
7559.06127617498,7592.78241972451
2334.36380969418,4072.40392085911
1550.82164918617,3451.22407223775
986.295246166901,3564.92346719175
2110.35095723395,8359.1998854233
1494.40150699249,3553.11109186666
7593.81329982152,8184.61900112085
1215.97534029815,8820.08998410322
1654.14956858376,3568.95751703802
1374.27439399723,3719.99789494774
1862.87665003209,9154.7551963491
7047.40093843209,7644.12595331947
1480.36526767043,3729.786965136
3961.39605220098,8901.2638590495
8751.93420918474,7609.66373194778
1353.7563679845,3466.11437020015
6678.37555837455,6220.34664012754
7933.19191277977,7629.06883604445
933.670275334051,3320.93602210667
6931.93428940756,7135.83673765046
7967.15124258019,8510.92989599711
922.78720760201,3415.65663097323
6903.64837614381,7109.88854194484
8172.18614378738,6721.10084803594
5664.32012958003,8053.99739923836
8091.63054134669,7242.31777147431
7361.63526078911,7574.31850573994
1666.24762575148,3829.13817495686
1166.59355341769,3543.78468115818
1791.41290824104,9371.8571743604
2828.17560868739,8058.0869381285
461.820786837959,8332.61704846804
7925.28394261492,8096.59870162201
856.308846388702,3408.22100089953
1497.26143266076,8664.37090416992
1453.9110736025,9436.30709658809
7019.75577837147,7518.65105748479
1306.84061940454,3349.12611285429
1857.57143114295,3929.51652637625
7256.96721921575,7658.21505352076
8060.08318890733,8099.18050043861
275.157833618719,2769.36019104901
1637.45703098267,3904.7159941464
1181.83241839267,9031.04265859235
7380.21877807215,7134.59138090077
1589.5225342382,8820.67740964015
819.956306385737,3345.03406038242
7591.72823853542,7814.81581602906
1138.66850338445,3734.62914918247
6057.28352831566,6930.30061478801
9047.3038758628,7648.34707017694
636.084068986517,3119.45953276943
1595.94869553843,8699.25845014863
1062.0717099279,9203.32277441139
1526.41290756851,3453.00142116602
1442.01763335274,8953.60644328158
1185.12902338701,3433.12710066668
1128.26150431104,3691.73241790142
7466.95418922119,9443.02737278813
2071.26174659952,3125.93416217583
7668.51724808356,7700.14759846478
8145.27655882916,7280.67406961568
3397.83648463364,9391.73574009568
6849.65477696276,7577.12998040158
1219.38180192773,9308.56820679099
7306.09816836478,7187.87157913691
1771.0466170383,8985.49132361151
1674.96589260659,3796.80465250891
1160.93638801503,8571.91955996628
7665.65120509973,6309.33813935391
7533.68838286414,7248.5864028526
7506.41936079864,7995.39478392284
6766.33708174141,7739.07370602853
3617.11135078843,3824.7902436935
1448.86989838785,9109.70301052045
1707.97980380813,8641.21923062823
981.892233548494,3822.12624773575
8804.12145895079,7139.95637769717
1168.68728722732,3469.51006174725
8744.57194119649,7117.08279744788
7952.73284011623,7708.76615670639
2873.88047037502,8616.47830088026
1494.36361350839,3794.18811164281
1383.1353740445,9187.20387518872
8045.78219655894,7756.56542612606
7582.51500762477,7863.63699449999
1866.70155279673,3857.46026739493
7657.3886045696,7160.70893680915
7155.19194020313,7784.0262174935
1801.39030349689,9162.28733033197
1258.55211611212,9247.30442365145
1491.36601569716,8583.6671920237
6888.01209760555,5222.93564653433
3076.3641819768,9043.00532801097
7028.37549415041,7093.42176314946
2586.6415920754,8864.26419282262
7415.27362183508,7890.66510361359
4774.91812508418,6924.55896384388
6993.03189482835,7483.29831190758
1075.62800520976,3335.74982911984
7604.0735936123,7331.33493600796
1277.78948368686,3636.2123957646
1219.20138349195,3598.89337134128
7576.18537945893,7810.30659982106
1810.84893941782,3633.35627786018
1528.88101074931,8890.95890710952
1496.59843209216,3511.70467166505
1217.34144093185,3704.9895199575
7084.44746797618,7372.30288822081
7799.71309020066,7315.10972582913
1412.53945538789,9046.34830472719
524.167333187157,3217.00549853284
876.563239083145,3085.52853358479
7952.5400957731,7291.70315104301
7497.08074264295,8457.38338059627
1007.1271106509,3117.32636097656
1948.53143752503,4095.94776770809
7981.53593216849,5726.494361868
859.124741685013,3085.11704610232
1388.56662026794,4413.34481296106
7434.92171066672,7811.19626210983
7612.6337973234,7261.01438316796
6825.25573324352,7819.30944856054
7483.39551238373,7308.69601479226
6559.01164160242,7853.26811504899
1471.50348513125,3819.51675892785
1229.86118269464,8957.33273822122
7407.65960641767,7490.64977083888
1630.48439580414,9187.23816609428
1970.76728398586,7612.85426201289
7640.13269569191,7473.48745229802
7078.70048590926,7163.79024177003
8379.87413434909,7859.3309679522
1588.5565824645,3855.78241307157
930.740551232476,9220.51008926367
3607.2079002343,9087.93792913616
4299.70517959712,4511.41641387314
1242.04706238306,3282.61132651812
1194.4244249839,3371.96426958424
7616.81535293768,7155.05763558782
1542.97800992951,3438.22052518672
1087.93809659173,3754.09957112774
7403.43073187476,7097.83876506895
2814.62174828539,3837.8326385647
969.272364946432,8754.68418911791
1429.26255293595,3668.91793281382
7340.1198283019,8206.27205742856
8266.00298375406,7140.47005409297
1487.04435875473,4303.07058054766
875.619319215156,3605.27889533641
955.309984156663,8299.53336344604
712.957196138716,3302.97436852303
1933.32216817757,8334.75551988676
893.770447395186,9028.34006553066
1472.93589652556,8563.53262047535
7780.32436876111,4783.88210119561
7430.42562579128,8141.03190112183
7099.28949554971,7103.21577835214
4543.30612340396,3116.1920481306
2121.42172895715,8784.97063456704
954.817169664467,3478.3330021681
6976.61663084808,7607.49375323191
3001.16293297881,3759.1156848667
2656.98892346238,7972.2148036596
1884.9067566912,9146.2338529021
2001.54388864525,4059.120757765
7248.15627334542,8498.96180961057
2907.70656542991,8112.04852876058
7301.60624300098,8008.66054372309
1759.70706710133,5213.1159113658
1345.29322555712,3096.29218764958
1581.41399793825,9023.01049171482
7246.84066999271,7910.04037378077
7254.5953795096,7566.03966136145
1434.27068133031,8772.99513192429
1502.19719553805,3326.51467745828
2045.95498845232,8396.19990914304
1916.63201238832,9017.70019742928
1748.70604941535,8817.92087778366
1349.59515629754,3130.38909619108
1592.1309314379,3712.09062988603
6605.55456439177,8067.97239112894
1090.08444366028,9103.89473098136
1708.77196127303,9177.70680839372
7967.39550133399,7470.96878206064
8180.2567676763,7034.90452449004
801.910183612361,3399.44442181487
1418.48036324808,3712.97082979782
7874.61804256772,7193.67721378919
1118.15746332878,8689.57889281048
1863.53891914979,9047.10438310465
8456.04293538051,7249.52590300716
980.936283837872,3184.6814523939
1610.83115541625,9333.94366337547
7696.786808649,8058.23248063308
1329.89848128835,3499.53275650827
6969.80702791172,6787.86271888782
1363.48728831616,9045.27665388374
7764.34016677336,8205.264459828
8368.84065499628,5805.24591419678
8872.73188613529,7859.58412909504
7956.55671462255,7193.72746241428
7528.4683915276,7349.75260032026
2048.23384412358,4118.89257964022
1197.74300184746,9090.28974265651
908.074686729026,8256.35003719914
6921.17058614523,8574.74983156725
7563.98976260606,8151.09786999096
7327.19828793993,8021.71885890825
1266.83446697345,8998.4189875561
1442.37749128177,3532.68560466949
2152.71382746646,8846.96790922198
7297.30005176862,8265.84578999653
7676.69617091424,8032.39969867909
1532.89466937384,4520.56330860492
8515.77425883811,7346.70550543409
8004.12325781603,8414.74683930897
1248.14124218245,8918.97579926171
1328.55857416876,3702.34262210705
1148.61948804816,3639.62466515329
1516.13974893998,9245.4430478729
7458.31585411128,8739.17855401547
5853.93968462306,7800.92668604389
1848.82640027594,8564.90976823248
1586.84775765467,9214.39301626699
7363.22817375127,7114.68184149578
1274.71064331185,3999.50326285109
1968.96501877624,8753.69097280944
7302.04354312038,7634.33226817218
7287.06188170583,7240.02228873011
1049.18685078837,8615.16568286673
7047.74815166016,8059.4431379188
704.051430966569,8815.02042563537
1731.39047617489,9114.65944129153
1384.70889360237,8927.97560733071
8876.55355138339,7397.7073508291
7694.68972455855,7379.37037390327
1163.9273210958,9146.98808796697
908.857955041759,2986.90702331267
1075.85258381152,9069.16657623923
1544.32281163386,3421.69802571232
756.14852197677,3186.26026223797
1760.77267327796,3701.83772687498
969.682865598579,3462.95171646093
7251.41851921004,7866.28337873456
2620.31273669382,3777.05694897933
2491.34653163358,8404.80916631603
1338.13412768912,7642.86660186716
1484.94470900875,8807.90652810952
1408.0659048966,7491.69625698412
3149.71172501325,9069.6272591135
6762.75276233743,7105.93926533162
2136.47297756368,8886.2291701126
1239.50849238325,3606.97877921531
7711.22940569185,7601.08084071736
2101.09944146006,7911.49714819149
1425.48150018921,9330.80857641022
1364.18023205004,3418.99152247772
2123.56854155574,9071.72330384881
1561.73581256745,8645.65759321117
1550.444410017,9346.09124260622
7850.9122569834,7808.00324849435
6782.53473026782,7906.7325356226
8137.5192930953,6716.69691627266
6473.32696872835,8219.12567274615
1432.08941826398,8667.77375331671
1500.7278993858,9121.34181845399
2924.03120993193,9059.82218828409
7749.72839978646,7685.89117627671
7534.30165011557,7181.53794181596
1898.82965178543,9212.87258291721
1210.52297748462,3140.26966111877
2300.37630744598,8552.42509889103
7380.43371787231,6957.71335126189
854.081916023388,3682.41485359937
1188.88703979187,9154.17771272685
8232.37411862498,6681.8507839305
1254.61111546508,3341.64747018139
1489.33430648691,4094.32787576311
1536.56819396522,4117.57848141164
1647.38454670567,3446.50439052365
7744.3434640285,7296.84415234938
7796.60435456222,7506.26780837137
1615.7760333104,3901.12472148271
2485.82500200004,8446.30660720533
3515.80408288934,3544.61743710628
1136.80782325049,3024.93784891196
8621.7776781106,7557.2631252697
2117.37326026796,3680.34306515741
8503.14973122779,4993.65121794073
7623.80887271323,7248.30936546498
7489.4393831951,7977.06938321068
7150.86732812205,7298.72043834365
5417.39816223117,7555.54573441916
8402.53168621168,7310.68790418903
3020.69567104143,9014.6236791921
2315.00537825463,9256.61613992563
7729.36640558119,8578.93850456034
1233.24275398375,8978.62644672246
7505.52799080435,7579.01795791389
1227.93511613354,5453.95565231731
7679.58674679019,7292.43684054556
1785.24811722966,3916.52443831349
8188.99720844065,6488.33115751581
7444.9414056055,6991.6635129018
1333.62011161763,3675.61249557297
1276.77818900376,3422.53700696267
1321.37936904471,3623.03741922782
1582.93315627243,8491.16669649516
6500.63224764834,7351.19804850593
1909.97514740481,3976.7302090497
5762.37495082181,7652.93340614631
7765.35930607972,8174.22548112343
2441.84350814407,8230.95885580736
7918.29327340747,7583.08272641955
1016.38742811934,8191.76431570561
1736.88980053417,3517.1650216494
7631.35939693681,7570.30736744146
1331.08065047578,8418.3244106969
1432.51990265509,8372.08152168331
7140.9751623302,8000.12649378289
1321.22092399849,3947.3219793621
6598.98835045991,5793.62520443957
8454.230142533,7592.6355750873
1167.1575710811,3373.52612901539
7622.20927489573,8131.72969796609
1297.99481989726,8967.98918920399
8006.20993458486,7649.42252359881
1551.93518422618,8791.77252838396
3190.71125667994,8803.40866408469
1683.6765023822,3774.1655654963
8346.39610691429,7190.14879081657
1108.04590188849,3511.37822086646
1056.7359892512,9063.99245010083
7042.21824397637,7222.52448107343
1451.28785835807,9467.48772448903
1702.04725712651,2951.21827292214
6360.23412116351,5924.03356295711
8490.5801145731,6487.43710064292
8474.58674705368,8223.08558115371
7345.89405253967,6501.3602841793
964.811386534817,3054.87136942233
7408.55650818206,7489.66098039178
1416.82216659747,3569.56290264271
7243.82432338244,7714.94026233625
7923.73902405393,7825.40139558381
7570.90665165443,7817.01587438826
1495.30342951372,9123.54750060955
1381.42325747818,3774.83371363263
1162.26120647489,3217.3763503303
8066.80152033158,7813.90311502189
1369.69927904069,3418.64386386548
1406.50219820803,3788.35540402156
1713.47072449024,9421.41820640692
1762.29396258927,8880.05493976389
6868.96433812593,7153.18936082258
1295.73877345878,2210.9564231086
1345.66796949174,3741.66975066187
7708.55516436142,8329.33828184054
1718.08967152434,3744.95563707594
1117.43955504883,3523.93333914459
1694.25784273269,8924.14827318911
850.872381569739,3479.26340343327
7583.51971041814,7295.89994355346
1338.27627584047,9017.20185409202
1312.99227676241,9192.85721126384
1841.59563439947,9240.17507053131
8160.5054504413,6429.09571418562
1067.85385655398,3672.50166204214
7373.83148175055,8201.35226215635
6626.97184803645,7353.09854914538
2877.6154741833,8653.35649995141
8330.92577685538,7234.40422130402
2303.29479650117,8916.96995035261
7790.89156913397,6716.17649427585
1852.45860722011,3823.35220460623
7366.29212954823,6914.66662534565
1344.69324884643,3777.4655319011
7955.87508246118,6971.22750742326
7668.54629613948,8001.29033565436
880.483392626924,8922.86716425157
7503.77479420573,8265.78918194249
7328.67224951283,7003.34913716622
1473.74938689606,8968.67017549067
4272.37944465773,6376.00911724591
8176.0041888537,7586.31028125587
1573.15921446484,3982.88120811058
7170.27631853308,7708.63880490075
8204.48322673974,7084.70056227553
1581.84753700887,9169.88562428384
8652.4175757761,7728.55341790728
1006.04323577546,8062.17235456603
1396.18798059609,8994.01603190946
8050.41305798224,5578.00881951265
7922.29019975208,6930.30634583105
1676.30977604761,3605.55419890389
8250.23859463184,7530.84541464674
6885.56260952371,7123.01406481777
1210.8898971609,3485.57089344322
8696.08256364311,6069.48341137602
1601.61820836089,7494.35007615685
7750.36948214724,7288.67043702875
1466.05197971406,8798.80319865603
7919.54333387478,7763.46967460525
7457.70017961722,6615.45414138101
1444.6840724825,9306.87868045126
7665.40092311892,7562.28231654836
1478.71883367217,8932.21284671137
1112.80183378551,4179.69130193706
1849.53640296183,3412.038241161
8088.30311694949,7529.63823750007
1452.75219026947,3753.382099277
6977.93750388442,7819.64075146561
1183.24020311303,3950.94420328273
1559.61932186902,3935.76361671614
7964.47855040459,7255.787046159
1295.58368871714,3288.49924482038
7692.68135399715,8716.90397925933
2669.47053787316,8693.78501335637
1203.27817238509,3476.78706147662
882.331939807795,8786.48168661956
4834.15688228915,8589.12272369048
1041.4410730481,3628.48621407718
1872.39648056453,4002.19938014603
1848.06505922135,3742.95980705537
512.81572842842,9048.50362397255
7435.40656603047,7981.56012097983
1203.58655055118,8846.99039748724
1404.94549653996,3939.40952928743
7595.93065356249,8441.70325708849
1612.63037188016,3658.49801529679
1336.46989473027,9190.22730623391
7915.24893525889,6614.91358135021
7292.37719045545,7911.71428453184
1875.26726181534,9250.70168463979
8591.9704807372,7169.0994684358
7970.96312088929,7647.77409096837
1066.72703164653,9231.47177584734
1319.67353870115,3040.52805052208
7602.60694780992,7229.2022571485
1158.19824040309,8028.83257408863
1217.30659261604,3304.68340697691
1747.71689220301,8715.03124399186
1702.54463032224,9367.30931565089
7989.6451651364,8073.40912361296
7565.62522043162,7614.6628463144
7360.56582585981,8374.8990610714
1445.15698206887,9103.50244613813
1204.12618614586,3411.20279165627
7818.89090778195,7705.46516826026
1331.91575715582,4484.07037422427
1139.97729050462,3523.35785234219
2280.17617136982,9192.90609600387
1071.59871218652,3593.8668341499
1571.98520382013,9259.10945019185
2198.5961698724,8425.64593303449
1414.63880381599,3634.3305095738
1185.3764073703,3332.47472643816
1358.78772342287,3767.74262113054
8050.55537028392,7004.47944549134
1642.2274627936,9019.21967688877
1170.71980418197,9032.78408246505
6651.6194647688,7109.59776292179
1554.976178662,8803.51318798328
787.153783104854,3376.13229000584
1408.24879932019,3458.13970292429
8423.0783462347,8160.32680956226
7927.75752703668,8376.32468080989
1690.1988892863,8608.26399766999
1408.67739818922,3604.44899369736
3794.92873872997,7800.47096559198
7220.58743610708,6430.3405296272
1429.45046810105,8655.38772493458
1402.83353355514,3473.06531589036
1775.68941322048,8356.30888788468
2207.1202440494,8114.61664571087
2098.71067785179,8829.10297684673
2016.57644789929,8653.1967194409
7305.99455641164,7410.28276346405
1888.15481931013,8525.52068962294
1129.55723922729,8413.03367466769
2136.42367019706,9100.54261862496
7860.19320065316,7443.00777311989
738.83749844135,3162.79255206435
7516.31631751337,6742.6629783484
1867.72078200168,3995.19028543614
1411.77358009642,3829.20943473109
1034.16010650059,3421.31438426222
898.073838376214,3352.38791236865
7397.6371792224,7670.95842249497
1132.57953241266,3210.5969505397
5016.79221022166,7060.13602690834
1248.87062262791,3857.89647873198
1214.6193105576,3760.85317604635
8638.52547538535,6846.06834803215
796.471302959576,8896.93903032937
1884.63098642915,8874.77909683962
2203.94624535236,9292.74854365634
1594.30547037384,3319.90092144053
7695.7615465956,7432.83606232654
2003.56184320946,3921.56367162863
1229.18926336503,3349.51373603781
2319.23676505248,8893.80643135659
907.268165772003,3038.75075589516
1609.95582120599,9839.74118311577
8046.46071528255,7972.97577047626
1611.88759772341,8243.05795223842
6558.93483214439,7043.35709791093
2211.45274619664,9116.39276257394
2617.96839404695,9360.64011899958
1089.26550873606,3521.24101394492
1331.88250361886,3782.07398027496
2033.06285894832,8462.13878529024
5913.3305810748,5147.01083997655
7609.29521155901,7885.48867716672
1029.25167692511,3463.3434737313
1892.56208693573,3665.17783511008
958.7500819656,3569.42627962173
2041.85688461015,7020.10701836379
3662.62252883034,4046.01953416207
8068.25690438506,6189.81818886342
1336.10492771292,3809.39864206184
1296.14661117211,3556.39675595729
1863.06537243348,3975.99432433551
3191.43918710743,9298.55766592555
2131.27495236585,8980.54769631316
6024.76334093028,6845.74833973207
7318.95536497798,6432.58285827398
752.003630099868,3161.30115566252
1566.3534469098,3758.05290462325
1555.18745416495,3820.00643165538
7686.74018423559,6185.81113311803
982.63525009122,8931.7174447103
782.862005086714,3162.24603098302
1446.0753539416,3206.53951402661
1024.2267036282,3170.25810830605
7762.07573266589,8217.6548456738
1066.92247434732,3497.03191802446
1131.70159574814,9126.9302886132
668.207141556373,3680.3567529753
7071.00672822501,7525.97566230868
7372.4193317319,7952.48256852664
8506.33899018865,7340.76641833587
2448.16108204525,8497.25205673
2064.3987815982,3701.7938513837
1317.72379816234,8721.67751133324
1402.22947243277,9203.02494313232
1773.61156317695,3606.17890315029
6529.33442282849,7389.31204653926
6965.57671842689,7748.63971589107
8645.3436933548,7914.00641193239
3029.59038507985,8785.59776494815
8065.12585329962,7613.55090641942
7653.97066156118,7824.57279650288
707.142900610611,3277.56830018594
2477.84988131252,9532.41515772544
7029.45434225274,7543.17686277155
1741.11451192651,3920.87395040964
8917.26942719324,6787.3195321209
6801.13793719824,7954.77819856129
6819.37634403423,7185.92307709361
7573.41246261326,4557.1504593045
6919.69964786818,7054.69296481926
7981.04851287103,7457.22370755498
8433.3012834136,7429.19231993881
1426.40937197307,3977.62169382078
6137.48487372194,7513.13695720107
8718.0808646062,6667.40118810717
1173.88964572864,8822.42944396239
8835.03420116043,7473.2574638392
1641.34561658654,8949.49263125456
1668.46771179055,8539.10053431882
1248.90410269465,9495.54754842542
1735.12843987657,8658.16471817426
7628.78924539142,8003.52133233569
1340.76880904484,3294.59702124083
7582.3799706295,8030.33085518906
6552.74095364752,8011.84545091903
7219.58417803841,7838.09119088452
8554.5661987057,8487.11114811723
6990.83365540286,7739.95923354302
1744.50867857577,9173.25249909204
7482.25580434299,7953.32534231417
1034.39417853669,3144.04255923019
2270.13375094491,9046.08374408054
7888.75277908219,7747.51227540547
7343.7315313948,7117.42549562608
2384.67522257783,7498.95729587604
1202.09249962292,3301.71123781984
1101.50576718007,8472.067671938
7513.36577706396,7316.2655223494
1950.1864089568,8394.45200759592
7095.78418156535,7726.50118911058
7419.29145610413,7982.68549860038
1338.6179320674,9369.31107321463
4376.89227792688,9039.94595881417
1798.43621479343,9182.40059031259
1151.92035740576,9158.93640080767
3725.50210887046,8581.88932351954
7186.20817006285,7580.39664168345
1204.09940657038,3490.64055313052
1320.46896277171,8935.6675865364
8164.84260709738,7853.0532428947
1448.11784899522,9246.75938618667
1290.08778711744,9385.73456390711
7353.93413237224,6910.40552760085
7862.0621311168,7700.89214111874
1446.94336795869,9247.53557870079
7020.89774717227,7736.00678621227
5117.5146756394,8933.06438299872
1577.50025939573,8409.11964346528
8094.13252917846,7702.39431122106
2128.23036816808,9238.84790747618
7230.56627270012,7809.16897105946
6732.26206312823,7540.79009738228
1675.76764853678,3706.77076313496
7700.02006203045,7983.62287889111
1292.76741093142,3742.0453257316
7744.49236123726,7908.7300283507
6564.67826270213,7551.75571456537
1328.25502162204,8783.44810231466
2164.37087243043,7361.46615562215
1636.74124382144,3942.09034711784
1325.1911602866,9290.38388365219
7179.82151349942,7591.68753071309
7734.06863170847,8169.15462336704
1601.97718684732,9292.52992858945
1216.98004253328,3231.50242830907
2208.5082847847,9166.84033941917
1203.9418899036,8715.63559213337
7679.27390311322,8533.67356969863
7300.15073417836,7678.05590083085
959.136820638285,8750.49502665459
9374.74196682784,7679.17870511302
1217.81660177439,3462.68484978808
848.368549361874,3195.66952002713
1529.59456893762,3919.75461497215
7666.63509720904,7939.67135824779
1471.77620378309,8548.5063127232
8361.12129817819,7717.95729173505
7167.77282782809,6841.7833889295
6769.03395000848,7593.87513322418
4330.25871295209,3720.68330103383
7540.48325766267,7273.98946422985
1581.55314564711,9031.15049795611
7310.66798909766,7584.66675321664
1356.22526529837,3699.02836339142
1363.2593762559,3750.73811678744
1472.01751864799,3686.28849073702
6872.02682685964,8218.578706856
7297.79675446044,7139.53535589602
7909.90452487063,7411.40787892188
1234.70652591359,9075.34773267462
7484.66256636567,7387.27976434732
1094.71889895824,3256.99968303272
1736.9121438227,8959.99146838812
6469.82894925616,7200.94337645275
7429.12985973491,8420.21906690882
5274.00318391606,7728.46038136507
7266.10472513211,7200.26148721754
872.042731235656,8984.28539778785
1569.17865863575,8789.885274684
1164.11450802062,3253.28459345807
1674.58734865374,4068.84243439019
7838.68623560325,7305.21481296788
1459.74770385538,3758.60973669807
1772.6566275312,3581.31793233494
1205.76205453236,8684.27122812399
6666.36592845674,7225.42564170687
4053.47642218471,3424.46280073576
8642.78874412356,7314.66508693617
7886.92768118955,8391.81407246528
6234.17171329584,7251.23924699035
4990.35012349271,7775.49959259111
1310.83065969904,3632.05940605548
7048.51021458014,6197.72627521199
2055.47597516239,4418.23229400395
7149.61138729688,7570.24585989409
1112.43713119202,3253.99720130523
1699.86963860874,9110.98028799491
1895.2399719925,9027.27903764364
2695.52050000675,3734.52946211346
1036.56551800582,3637.67344733035
789.315627567812,2986.16939854966
2169.73910567784,7473.64953970222
1345.48510483132,9167.18873931349
1703.95437920476,8755.51759932612
1269.11069196046,9101.62933757565
1118.34913309608,3597.21655983083
1668.57415718564,9028.07683703633
8558.06423874776,6756.94772184166
1394.29662511309,8448.85652175119
1084.18301203689,8675.52007393938
1975.33250188929,9304.82951482376
7470.01501982334,9262.5124262743
1614.65407635642,8731.83391380646
1145.75904499562,8136.82754386314
1300.90353659628,3714.39302866258
1476.87175522161,3668.37758164358
7124.57550538061,6946.19554738574
1127.24702739549,3536.67370570376
2038.61356985174,4052.09212306176
1751.83276586925,9131.3555236086
1632.78187692691,8172.91907319369
1592.15448998779,3622.52503311074
1420.33388282923,9091.90323240458
6520.1343751532,7421.21751744022
8528.19884660613,7465.89656365394
634.404489710399,3196.31377774699
6930.61981290307,7964.15652530868
1176.62219342059,3752.00270321764
7349.97730677557,8213.85513520217
4702.10163034872,4474.686157306
1165.75179540767,3696.13747388024
7488.64701943851,6901.821633003
7625.11629392137,9237.71661441542
7039.89503112721,7368.68210996453
7668.69133880571,7439.25040894264
730.661443045309,3438.45369100545
1900.45905241308,9199.96646325785
6400.5234126539,7535.8333194137
1548.67403819499,3786.48543985081
1871.48869372644,8868.38455425718
1385.06865133706,3901.39671341376
1600.49636030094,3720.81510158634
1591.09150046934,9284.01321401376
1821.85521032409,3951.91718477301
2318.4615897271,8336.36398350534
7753.35266979171,7701.4764247441
7880.75190624781,7457.44685071041
6745.43494317521,7743.40816766153
836.424404073972,2816.27983199594
950.801339573305,3124.79440953971
1520.79646164862,8940.45390191614
6638.22963937857,8286.83380544411
2028.14124890886,8984.07053354241
928.239744939736,2958.77347705657
7385.84502757907,8002.00738087821
1033.40100836563,3190.92589829663
7452.56473877383,8283.04689879052
2518.02767070078,8721.51163779261
953.605983631697,8974.01312176169
8078.61279856118,6803.78628601712
8356.3799157739,7830.59178450236
7876.74634570894,7490.9016574937
7404.29342050251,4525.00493421179
1509.03894331169,3662.43916350643
3949.50032242427,9263.27774243297
1279.64902301633,9145.65278072681
1582.8222577998,4246.86253102606
7906.30715579446,7938.8343373244
7927.95948509438,7890.51589905993
8139.0407310681,7515.87175319104
7198.02760828141,6982.57631356582
1561.98228643234,4000.67461534533
7438.0416114869,6648.96419004949
1543.13073216936,8174.78363739322
1458.02350735933,3772.83549154316
845.459613677933,9056.35569404375
673.840422004025,8013.0735886672
1234.34201436999,3693.59331261194
8787.43991699925,7215.3459916597
1170.79544790535,7933.20695843562
1971.23271694763,3946.73863347732
6350.99782719933,6356.12362579582
822.961791786483,8316.71003487091
1421.2938824116,3676.47341786004
959.299983770064,9106.90269511293
1977.00653965569,8880.82990102199
6620.69397112124,6897.04645946574
7456.31153577971,7725.61840909904
2746.52766277232,7733.51003003188
1680.87639589641,8797.84527498489
2094.5129442425,8888.86642763189
1699.5854322708,8360.95052022648
1894.97278150497,4176.84487253554
7669.50521625542,7072.46997876021
975.394014544454,9041.10570584395
7151.22798618156,7779.37461001889
7802.14260467174,5116.37653572114
1861.71544436855,8907.70110043153
1592.00031918273,3487.1816701929
869.089539361211,3100.55595962067
7227.95251979649,7029.77390111599
8815.75784558836,7878.20382179388
7159.79952965357,8169.24335474317
973.518964695246,3216.88484167025
1643.04406468376,9311.2386198222
1051.95267776452,3435.73752198946
1766.44913680537,3511.39759335252
7274.54097993634,7721.70903591285
8394.62699096909,7209.90183771994
961.725133229321,9129.93666140585
6791.29903126811,7643.94145927992
8115.38755164427,6798.02986434313
7237.84276071244,8312.83415368425
1664.23959665128,8982.84293752692
1171.92685300252,9271.96496675362
7250.65132798219,7683.0659024418
1476.5688585419,3585.31680948705
6634.60301278725,6890.57049096621
1307.33067122804,3477.74678027222
1984.56143427852,8778.26205365229
7754.8844289622,8188.29350071279
1384.61183894491,3705.12847334033
1157.8446920814,8425.21171305043
1497.20283889377,8915.37289502702
1116.05569364667,8852.42827388193
7169.07793539493,7130.77546833656
5942.82540512509,4100.82405959442
7523.66676383544,7742.88921738343
1133.74633130541,9238.32579332436
2215.97302837411,8785.90310390439
6850.03914212474,7093.72198315623
7668.89236421341,6952.82412407079
5296.9008444631,9371.91496442867
2460.0612881038,8865.96367627577
8152.46431538362,5712.87062219202
7757.00350789247,8367.7697505332
2916.56963927332,8710.4715721331
7691.75713800984,8022.37413584627
1104.3818325343,3678.54150096712
6503.44371785813,7703.28564223746
1343.07902088592,3863.92059858978
7401.50306190188,5902.5101903417
897.325889932104,3506.67938196204
1896.3412780764,8809.9799675804
2053.3838495334,8378.79495406659
6030.85386696543,5224.51704087226
1781.51906392301,9365.80465668411
5132.94362872787,8061.60635087956
7677.53980499382,8198.07553414596
7774.56369756754,7782.17322925168
2018.42490502924,9095.33854638698
7222.2738068776,7322.34601062125
7778.66284961997,6744.83672320133
1391.80632754712,4085.47600240242
1703.74469149445,3783.80767740306
8090.80139854165,6858.52257307122
7500.22125872926,8000.99650729608
1663.10287948551,8986.79329466419
1855.20566162274,8766.93687327524
1633.54466528005,3950.7885258036
1302.86589835461,9055.82079167358
7770.71544861671,8288.9777534525
1419.49606671761,8902.87962237751
8192.53536577701,8016.29142323515
932.001500449984,3277.36648651861
7360.96618624692,7996.56038809931
2250.60867849127,3485.9989239727
1309.19814344481,3962.31722243943
1887.04040801346,4231.48053929299
2426.25977213052,8972.0331577352
8631.97944173976,7782.25450662384
1716.53681884943,8713.3985935967
1148.921525562,3293.32605382198
7322.41858288525,7661.10053869558
1614.45808838607,9420.22418123326
2024.76807186235,7713.54737720289
6726.86757814004,7572.33682709132
2584.50630628486,7745.24188431072
7300.96882892291,8319.23710502773
1912.41440711635,9216.70882335999
1208.68502490477,8759.08082044115
1212.60286264425,3461.75919628128
7922.75032186372,7957.39874257297
8159.57014170376,7983.77979456847
3286.05027893034,8457.42203594506
1305.38860740694,9264.347011752
1252.76844978233,9006.7991383705
8921.21415157933,6976.37434123448
1495.36778159475,3338.65400735443
6595.83982479017,6863.0411405995
1688.99362754599,3650.9755832256
7060.08985204425,6578.70115574496
1827.17488875321,8174.34242725741
7259.25896352415,8643.71236442822
1951.736337488,3816.24787637095
1423.68784516524,9155.80098570752
1685.74465134148,8910.99486730111
1804.73464930487,3859.54065128308
1566.93125582283,3514.35495634788
8531.43262469886,7583.41677088193
7130.58116550022,7771.6714937478
737.286637209898,3371.62805173096
7614.47325657484,6456.94420306805
7509.24224581795,8044.55652985204
8038.91230247506,7303.54744623134
2031.8506895071,8262.0866002145
1664.00251584377,3709.69163836425
7739.95717574773,7881.73652476973
1593.80636864499,9008.85880289967
1602.23358280123,8457.01884918322
1878.74397557909,3847.32501035571
8006.34811275892,7832.84008153182
787.933862341897,3310.02132620589
6658.49765020247,8119.17863354465
1088.75790039121,8727.57790542612
7043.55092101971,6336.18671824939
2406.74657187208,3561.30769234331
1262.31049456759,9269.34643882878
6747.18580019129,8186.83801062515
1838.74044471262,3583.28628330159
1340.00437244629,3681.16379240572
1210.7142347379,3619.73886957389
8016.78373451261,7783.96809145647
7191.90566478122,6313.80907790649
2431.55852545145,8346.47907622846
1406.5152275381,3231.82604913541
7392.25552008087,7518.48056510245
1703.80010534616,8971.26146499669
1735.23484424407,8709.23359462423
1551.49509792471,8839.69770917194
7357.0730012174,7720.68351409079
7894.3597723406,5548.61399091566
1549.10984059295,9079.83977312132
7255.99934732135,7130.33550051724
7257.04164785198,8102.3525908266
1550.07384948623,8294.35639808814
7278.65479829243,7422.8287510858
1624.79641122344,8218.46482224239
4446.10727471751,7458.15496756958
5760.80259671903,3948.76409789779
1018.36979970367,3413.4176998341
7743.32279880418,8223.55432427012
3975.21305156797,8546.74665896756
1419.3919153432,9034.20473696056
6451.390187868,6949.56504108648
1303.83368394458,3315.9632990498
2243.26862728705,8979.8860132489
4459.06366387752,8016.67004685891
2678.00538795339,9110.76251714716
1537.76894825224,8976.45299643637
1661.79449162966,6330.14219161736
7501.61720250402,7674.00129202724
1630.16572534332,3662.59322901495
8474.96751163858,6648.66154914498
1096.91149344897,3230.71565719199
7631.63770068505,7025.88419669778
7613.54073851497,7402.33642251162
6895.58746397689,7906.26503892707
7694.70972697344,7899.23557612068
925.756477453493,3767.9865909171
2458.38317290766,8400.29203385449
1417.2736057474,3813.87473612692
7537.32920154648,7708.2596488755
546.486320092172,3023.62051959008
1798.238777537,9274.30029353298
1607.21089621196,3597.11505121315
1303.9230677159,3426.53553279356
7844.96770102794,7771.64352656993
892.092254316305,3535.24840419905
7341.26142119295,5215.69888424431
7026.86244333693,7784.5638330862
1780.9411009836,8251.596168859
7884.75777417817,7502.01789916106
7785.53301172531,8023.32467808114
7999.97163686957,7473.87665603096
2237.70924912094,8634.24405316819
1587.56171177917,8765.51178897136
1581.13096008692,3824.23889377735
7187.18914348254,8017.88031857808
1453.39101630592,8946.97790025753
8428.13717373555,7534.87932514321
1320.51785197164,8558.89677961022
4480.84467398208,3787.31336182982
7197.38881086681,7410.34756962416
7710.35388516395,8012.47908612485
7643.97663379159,7627.88453527788
462.70047823796,3238.49625275538
1317.90317815996,8473.86479321306
1392.23684138564,2919.45977632275
7665.55623903676,7619.38463906718
1082.44691760352,9287.71125657155
1414.66874209633,9200.06904120766
7979.11451684647,8085.35359733792
1832.66304217647,9216.52149203302
1944.37225957886,3803.60075771949
7332.97731504678,7996.3510168639
1893.16124397005,4113.36347973578
1118.13849766318,3692.71897208736
1793.97994152746,8825.94409821627
7223.95002388056,7210.14843752049
8124.22743217222,7310.48297682203
7704.26996179436,7591.90388587138
7285.93884064492,8059.60214948299
8442.05509376784,8099.17195513434
1366.73824842354,4569.08619023127
7770.56460684762,7680.36845100221
2131.30238008049,8871.01675803038
1947.37934133387,8654.59276674241
1954.14885886908,9047.87615581444
5329.18904270915,6804.52025306998
944.707220585353,8977.65492111554
7699.48037714416,7388.66373463397
7660.92182343841,6890.16867510439
1512.72983025989,8955.86829777777
1806.07124809023,9001.4922381784
7659.4955434287,8166.33999057467
7472.62773267646,8039.34627691855
1888.83737599545,8371.28154893037
7585.59429080543,7751.19479088839
995.468549108399,8387.04816958666
1501.17182170124,3820.52575302218
1114.31445105382,3726.81505741707
1080.4809215158,3681.75826460703
1747.93834497178,8185.1866152894
8719.03518542248,7603.94901291957
1665.6645438889,9371.77647407323
1866.8100533981,3845.89498376834
4482.48113925966,3538.84441854162
1613.98808024182,3711.98961693018
8078.22992060016,7746.71375105514
1420.9675902834,3693.78532082612
1122.39948050205,3464.44006138801
7059.83608564439,7491.90602086593
1387.03486480709,3661.48514494944
1916.71775124702,8654.90261985682
1592.62660324067,3931.79795248362
1448.35816436968,3670.00070289543
2116.91827875192,8248.68134860708
7174.07825927715,7585.82473862861
1085.52762574673,3589.19877933996
1621.34323228098,8658.97383631661
5194.70666742926,4052.23848891146
2232.5282318978,8859.47855672158
1939.71030591722,3547.69424275083
1500.76188558918,3629.58492607226
6931.64451905687,7508.33684085117
1800.25335052134,3756.10476686814
8416.41198530808,7586.63087548958
1248.40784152309,3908.17381768666
1705.18342881696,3523.85681670761
7301.26735216665,5433.31385979724
2164.50466625087,4218.43918806033
7740.93406277477,5189.50011225709
4052.34360320428,8778.26244337053
7679.97422796365,7063.48052184726
2896.97468050961,3716.05378486158
2054.93594182163,3959.87592451523
5712.73884495474,5971.28653916876
6801.07205968114,7091.05039124684
994.586133762759,3307.43047687985
1127.90856908823,8632.68791517875
6797.53526187187,8025.50075240011
7135.68804305907,8143.61444361192
1674.90343262915,3472.53989423317
9084.05834656975,7822.77979033311
741.368314487029,3264.71674098341
7714.83562168209,8075.55094290791
8644.26583628579,7972.20671536557
2472.80846651748,9213.02083305352
1147.44617461402,3597.46272352234
6628.15543680885,7430.13703183768
1802.92228383589,3636.99475481083
1337.13854310019,8282.34153486405
8834.93697757882,7034.48310497142
1244.20578435808,3621.44184309229
785.273941893778,3315.97583059443
7551.16513224319,7122.11451569969
1240.1968351309,3157.46158587602
5013.92016348772,7911.99258646959
950.977543059417,3110.81312157863
6714.49658401546,6854.97775230831
1040.61123831966,3602.2165847061
3032.27196185727,3752.62474751846
1860.87283821645,9212.77961810988
888.627932523919,3329.81228634596
801.832676659186,2831.63020490297
1406.18360933912,3192.75757908961
1172.88060597019,3730.33663365345
1771.04989387737,8480.91522703675
7509.2315662354,7283.39685633688
1489.63469706195,4025.65158033327
1768.49772146651,8740.53373414568
1939.93494559605,4021.45280080831
1998.98061118542,8751.48582632848
7340.47450367576,7980.86517131135
1918.19936406067,8930.23264839752
7156.78194819251,8339.5411901675
1569.74251745838,9083.49540471666
1188.95774864397,3239.72423596233
2738.45130877832,7525.47811806408
1075.46491385509,3629.63508120961
7284.2673154224,7259.11346487627
7296.6359670535,6993.7634135354
9034.82044179281,8261.42355728909
1608.65648406856,3749.15057999072
5307.53359901935,7046.60582767177
1198.16254885365,9434.40009714651
1543.92629237015,3812.06743269457
2057.27824213312,3833.20450003573
1689.32403587223,9280.27123929232
1060.06325297134,3354.12567226559
1572.35343627098,3695.65046770696
1298.76359262362,3078.51694989263
6442.71696921903,7235.06120371561
1259.02870778733,9075.53573868728
7144.70098541799,6931.16846255796
1216.53684450813,3262.94322787625
1822.44263456285,3811.14331159213
1226.4369753314,3352.97042658747
1973.3900355139,9136.92778946586
1174.47089050068,8356.79325530745
1886.22678286134,8806.20444807357
2042.18470515315,9295.82095137531
1445.81159896331,3514.00800902206
7172.5091854234,7047.02667569606
2032.41641906625,8833.94915632988
8444.57679997402,7490.12996843235
1115.91867625957,3730.09445018414
1657.21114353441,8952.89798450745
1216.69768165983,3875.11873900782
7223.17923619185,7940.56633534486
1794.42761257639,8659.30209010688
8206.83022195463,7886.97642040903
7599.11157374116,5183.71477092969
8108.86513141029,7817.52357695165
7705.94492438226,8071.28545422659
656.768721623366,9210.67860398939
7720.27819414273,7485.82726791294
1337.39948814332,7776.60502252486
961.480050212722,3539.82689838791
1515.38627491254,9114.77803582857
2134.64201448529,3906.31103553791
1347.25861481949,9081.82913851884
1497.97165224332,3626.69308566061
7912.00208465415,7941.27165017034
998.740960672668,8838.06865637039
7723.51373522663,8125.96464892473
1296.85978238389,3474.87170474197
7503.31175790251,7458.21007552257
7265.07725339333,6850.37388611653
1144.4234613835,8690.09408467244
1800.67152287153,8554.98843361966
8544.73456676954,6959.1335941578
7102.70812064014,7048.36999725452
7472.77697876448,7700.26753081086
7443.18722274718,8137.35509706917
7093.26950714184,7827.77579721659
1754.10988079895,8701.17070053089
1615.45966507933,3653.85536010038
735.269292080229,3236.315593704
1632.63295552641,3839.74791452502
1358.57619134892,9164.71945866636
2224.42938244327,4698.51082927283
6445.18452829842,7475.80066206402
8413.40994520012,7075.01405037436
1286.24618367001,9075.88594355833
7805.69159881466,7801.24995256523
1961.61716844667,3731.72002996948
1817.8052939939,7883.11425558021
7569.15316262592,5445.64327937388
8655.03942931593,7002.70749356089
7834.16282080628,7983.08904731944
8537.87028621069,7426.97595113963
804.940600884632,3141.73959211314
2266.11469822029,7927.02045583994
969.699421207221,3346.16467866186
8391.42875495921,8201.48542628556
7978.98408171832,7236.15853560564
1340.03070031231,5099.63042832514
2257.37322970824,9246.8206452452
2400.56866410925,9102.03733123659
1520.35187793003,8992.74990959348
936.518103393472,3584.5776817026
1257.27825648028,3562.85367466239
7504.09164956997,8170.76226399943
1517.33302730184,8689.18784191608
1488.2453535935,3870.54011436602
950.002549765719,3256.15692534278
7910.85699330115,7154.81228189768
1857.29242834199,3719.82064260755
7963.88012162606,8011.25859840717
7899.15590043035,8245.92774634312
7870.87064415677,7869.35675646993
1978.26951578312,7796.57987414562
1377.57881915057,3481.88344682235
7379.74108024726,7973.0546001331
1421.29228068739,3669.21798059005
8058.90571573828,7547.73421323984
933.541273349094,9377.46920940215
1732.32016560048,9108.60322394441
1092.83118938379,3278.42063882079
1302.68151087218,3442.47893361079
6780.1106281568,8027.2538961164
7123.09571288079,7808.43148795385
1811.91260953036,9360.64110628141
7469.73172414833,6932.16279285037
7345.52298870691,7891.99826906666
6742.08395658287,7924.61199309639
1222.40357345843,3791.39149504481
8138.04488621995,7032.16792857372
7418.31356745008,6851.00497344385
1165.48570817129,8542.42760078966
921.47313334746,3458.71342981044
6865.37972996458,7460.58202832328
1987.24118315617,9240.85073657596
2715.17295739905,8930.8066362914
832.296576922066,8862.95071356871
1675.64499725934,9281.4699552709
7779.91019717374,7977.09199146703
6932.97387415302,7586.27085737308
1840.9371354364,3951.83982405042
1002.91436846442,3457.24895292641
1494.94873039288,3164.8554311068
986.220898787625,3591.61926035274
2102.66105648446,8383.38542904706
1579.14029943425,8997.0878165539
8755.28129604223,7306.37282332161
2123.16041045485,7816.68223952364
7711.73974341927,7656.73081109399
8441.1076710572,8523.38509063079
1347.86697861629,3609.07140749244
2028.3343003154,3729.29774346923
1014.59941703636,9142.93095403739
1078.21976042275,3452.62710090145
2446.64861229923,3574.17342093951
8228.14534521284,7777.3987856414
8150.9469381123,7261.61577852011
7916.33305258004,8032.07872401135
1373.28196365168,3474.17279755727
1973.22630532686,4765.10504221624
1780.76184340994,9090.28362793511
3860.06727236374,8230.57573580836
6183.496353226,7919.39019670547
1136.59125710376,7997.98798931871
8565.82745296178,8346.39340353468
6577.14745367415,8234.71798969712
1387.90822563402,9014.09145109835
2087.97715130815,8791.41740264583
820.459499388476,3330.08492399242
1614.77782082213,9102.22654884323
1360.15915182496,9086.9967425973
946.848999810878,3191.33889908097
6486.60428883321,7864.82176742084
8088.68968811594,7654.31415389125
7400.65564578243,7660.85446781707
1926.28683652864,8883.37743689614
7142.24084472264,8314.07452161982
1405.19679828916,8708.04839036672
7646.71597212994,8359.78987071228
2233.27243581397,8066.09777814075
1296.85917899165,3539.53875068868
7749.52444328349,8083.5188682557
3117.70412555848,8434.50435221368
3938.38150791515,8338.16586766785
7137.66587020667,7581.88032429987
1590.17478075338,9024.12275683216
1575.12259311328,7998.39602314777
9052.92805708641,8410.59519965551
872.582742333591,3237.10203870477
8399.56941686061,4856.85244623007
7403.54822239865,8103.73548150782
1990.94530136488,8625.45993367801
1174.39838760011,3552.65633509582
1687.70045938173,8526.45290630933
6969.29914301773,7711.73419681838
7562.76143075885,7986.88008271355
8436.15627236775,8188.85063789074
1905.61634422031,8925.62812968772
2186.73454827812,8474.16815749803
974.639404718922,9117.51583831035
1139.26750524093,3315.50059585461
7544.63892169661,7849.12066467895
7771.52812497314,7470.1368281879
8017.96313632952,6413.14765363201
6907.98735744718,7669.92645991108
2301.86028128825,3668.90950054256
1095.5493085184,3193.12096053639
1178.85857830693,3638.74301177349
7714.22211390521,8129.48848260853
1545.85615518392,9240.8540106159
1071.50563140222,3936.64122316148
1683.26059049993,3757.63841623267
5764.33225502937,3739.22367780883
1220.22353211046,8675.37917284051
8084.00515017565,7262.77875600007
1121.12749970338,3365.81094694219
7672.45584565144,7109.75535008896
1264.76090002249,3825.41785482245
8711.84137234048,7367.55481540533
6657.3765428917,8229.47916826553
7914.86696319827,8131.55276281115
2327.26208352086,7839.30873537342
8249.82553093335,8064.8449083924
1416.77513489237,3270.36233398573
7379.54865465522,5335.10647450964
7758.702661111,7371.48737604399
8364.06177090529,7947.08231128499
7723.41574280214,7835.24251052157
7281.15151923582,7040.51957220918
1290.37209199873,3566.38914688932
1257.33238127227,8358.09348918998
1523.01780878241,5306.77146316404
1051.92527287176,3453.37405923478
1442.45954826105,9200.09920521572
7013.1726114288,8448.45473042436
3218.23405450711,7553.67599523565
750.164658707681,3272.00940700718
7996.0450817992,8163.82362983949
7491.98844652848,7559.82569439779
1496.15614844215,8867.07358465584
8129.06436228455,8098.51676745775
1527.23421085209,3572.42088413541
7611.3220438021,7357.01943853655
7638.56668039446,7146.63479860632
943.123470983584,8280.89218607853
1605.01667013273,8829.16291912581
1828.2327153812,6429.15922973195
2736.66979710762,4599.63887301369
9103.26384585917,9391.22476476252
1702.01512769472,8976.4712106164
7295.97279576634,8526.93720583267
771.553389134817,3093.89716792778
7695.11451932363,7512.75553325149
6809.50107416041,6758.61018941657
1641.62718670217,9145.22592407897
1063.78867822532,3351.27213165121
1350.98301898123,9035.89528557551
8473.3351474386,7887.48447239331
2218.95569554838,8733.06261791878
947.66657887441,3313.87253411154
1599.04805913671,3278.08785985653
7974.86850601132,7205.20660503235
1949.27701064193,8806.8232607659
1911.74529781337,9104.81512095716
1306.095550685,3755.18686962828
5388.86842227227,9032.99706469737
1183.09788220843,3685.40966382642
2080.81481253597,9040.64611108746
1027.97824143731,4098.30093738611
6935.85556511865,6981.59974043079
7735.17256866011,6167.36658013307
1479.90212777513,9101.96956932049
1803.52928645211,9086.23541553365
7795.23284227546,7308.49624442237
1617.76817539053,9016.80799284159
7409.28432436006,8293.73114528305
1555.33253496459,8876.04792050021
908.91565990229,3113.40131462384
3511.90938660129,8996.94230693965
9277.49435178075,7535.46524605084
1490.02866624455,3636.41030549159
1629.148753675,9061.75977185849
1727.61826498139,3702.98915743234
1096.07318141484,3857.93517316992
7078.75993804265,7291.98692487702
7875.07264164981,7597.72634572705
1535.06073109877,8669.64902293556
1325.08073601017,3584.09353794596
2214.77093783834,9156.96661757724
7958.88808454617,9307.28691604364
3967.16622615448,3895.7351953846
9094.77875531706,6992.76643947123
1412.17753319668,8587.91931008386
2014.055234543,9024.34668477552
8037.44169975726,7098.38640232655
6385.70087778536,7334.75628536472
2289.27728598049,7422.10854910366
1654.14767368239,8657.92413044167
7726.50746289283,7439.83646748481
1695.54210670139,3813.91698053441
1684.09412576821,9078.14395517652
7782.23147837453,7164.28885012283
8438.27052752173,7197.64888032857
1590.08375768352,3758.08032838221
1624.93789880211,3585.20474770483
1271.42158046818,8908.70357155469
1980.41837178539,4031.90850780444
6808.52633598441,7568.21763192096
3537.50485788666,8932.36791494935
929.160636773378,8996.21365371973
8755.04971216505,7952.96994790487
955.106194884095,9168.6609125691
1419.71516098991,3853.18356405765
1295.11062748314,8845.02644451464
8644.053461811,6919.87760098369
993.02494909743,3345.39669147119
7506.84750775305,8053.03719296915
8044.23839279184,5590.0556994251
1237.13143731136,3601.19697847841
1207.43813656688,8928.64446227192
1585.2533799263,8608.40670284493
2883.16034563837,9074.69081756476
7259.20257967556,8010.75384377084
5979.98158360447,8051.83793297788
1176.28772630648,3444.22620252065
8154.50403358547,7786.67802048038
7253.59872927667,8084.19932843138
2024.69154429009,8407.73574010361
1492.77540945331,3740.01953506794
1497.39334357402,4179.64536784033
1043.33872470096,3247.94310309259
1031.62611424625,3269.71774852083
7108.56714858512,8546.74231546878
8412.71731588327,7386.35920280136
8242.97882378678,7299.39411815648
1964.81020456419,8634.54182527433
1287.80136117965,3785.45380267403
1183.62302071305,3495.81651335519
1365.72411397264,4131.61785414233
1562.3952231193,3879.62081764834
1696.91985962423,3815.21324813408
1595.30746823146,8891.15569525406
1118.99392244833,3518.04249395816
6788.20343322521,7030.1747448541
1421.93597805433,3581.51384882329
7091.89170714542,8057.20004561049
7400.27672722027,7542.90511622854
4033.97471507168,8847.63078164335
1471.90055531553,3723.06251499711
1884.94029595895,9200.38392179518
7183.5824151621,7028.67155693396
1381.42049979366,3731.94033189639
6573.93087110686,8015.0780873427
1655.16546217041,7748.74229436681
1785.39289633724,8318.32365850944
8180.54012631075,7355.7483050945
1234.25037382025,3542.90156944893
5759.57880299843,8221.82183674
1881.6907473284,3908.41764131499
8844.29549695298,7349.1851693132
1592.23932911096,9067.87701347613
1707.94807724419,3583.63936704445
2773.17686535145,4191.98269570178
7611.62115262421,7083.55652183231
2275.98436665391,8870.9194238463
1524.04563365791,3742.30066266164
7540.25229421037,7185.36940521632
6420.11247510829,9165.15899771042
7876.37577550701,7777.0026514152
8763.66856392202,7093.52717287468
1437.92261120372,3711.02561077882
1028.00247406733,3206.75308153641
3897.42281834449,6874.370711401
1708.89534174012,4193.31686224295
8130.65503396745,7836.68810970284
7659.97658769699,6949.23572859646
7729.19987898502,7963.19519369618
654.52288281444,3212.11126414165
1655.48464068379,9058.34425155694
7677.01137366005,7845.00815492807
1119.27581718488,2997.62989298516
6961.87733308881,7486.95269764118
1515.46123969564,3747.89857492825
7105.4628494305,6849.69719198331
1207.35349218641,8752.01793109112
6678.88239572389,7176.29876180352
1339.38922620949,3635.26288757125
7392.23344586949,7353.41106975053
1146.39723672345,3560.53744160051
1252.30312259739,8802.4480799239
1221.86328506364,3549.84038549743
7568.28042235464,7307.39505405876
734.021087309118,3137.78222825048
3207.58735925248,8936.37892354532
8482.94817861259,7249.96406949516
6653.94404486374,7676.90490013852
1294.41159709875,3546.11949119618
8050.62509631516,8185.89637110754
1608.91754401841,8902.80398948942
1561.39881842662,9347.13930518473
5911.4210428524,8179.70835082114
7537.36618185818,4545.78587079703
1436.42564397722,3644.34607127031
1405.88886728062,9106.94326400169
8900.51377462101,8049.32179771404
2517.01022668058,8837.21640395036
2161.4579282888,6786.39261455141
2156.01933905228,8312.57016710838
1206.458875609,3392.73431283623
1464.08973904593,9235.08561926167
6955.19367774447,8036.26464274644
8365.25860624205,7612.91400542891
3193.46419209649,8557.62645059955
7194.03239109269,7547.74214966104
2284.32118756941,4010.18003138386
896.058747834085,3205.19426439975
1209.27374811991,3604.22249319569
1416.23977995267,8958.00485941406
2378.2550341806,8249.55201933843
1760.06500012659,9150.91493520103
6719.67578288476,7423.80943802216
1311.87552918114,8106.19135267258
1477.751894581,3834.43609082186
7704.74789744641,7573.08462168617
1997.36135409706,7613.16329072654
2981.06683653152,9237.90703462953
1393.45357920631,9124.11733240895
7392.72471665511,7589.29105492926
1435.53883850251,8306.93517735653
513.344710567536,3371.33295553503
7136.13308737673,7673.85663984365
1168.73422644886,8473.13875162631
7731.16862896017,7276.76369211531
6534.98346457944,7401.58039557759
1112.02390050056,3315.10750913344
8437.18467059588,7418.604222124
7480.03736381782,6383.35704410473
1623.04868270206,9164.73844055584
7051.85261027793,8074.16572566011
5972.2064171756,5515.27520522414
8197.73262599364,7419.79519028361
1829.41947641088,8967.08776838003
7623.81696368371,8238.67233881491
1425.05629597093,8946.59573015259
1424.38083235143,3606.84395405833
1557.36820065907,8778.36136670072
2308.33627062231,8250.14877193873
1339.87151872047,3472.57163500051
1439.22060512469,3945.30785033641
8685.11099381567,7114.89099803166
1722.56368332032,9333.2720477818
6779.73477495654,7703.7007480075
1973.01854168305,9012.17222996334
1742.76073958714,8873.92758373734
1203.31329040306,9291.63128654105
921.243176469307,9248.31101577178
7335.03605777629,7322.69961239551
1173.73377902029,8747.01429901774
7030.34811920387,7824.30122149883
1690.77031278682,4096.89937486361
1450.75512500062,3597.85482516534
876.583046151856,8303.50603087047
7491.88990478731,7300.61951547233
7667.1139815602,8609.59462030469
8606.21503913477,7052.30404097578
7032.39847473759,6990.43442214005
1557.62450733719,3735.04424018275
4567.29517472946,8978.2676383387
1635.69838728294,3306.73036394826
2638.84387691397,9377.52870224917
6975.70831081957,7556.40536643491
8330.24920398694,5765.23105141783
8704.31148401772,6890.77228039965
6672.25719760851,6872.46651810723
6632.99659709715,8586.03175387424
7593.04887565771,6318.85731907836
1660.53280500857,3526.69069190724
8155.58137933689,7051.55877380681
1361.40160873685,3237.44033256654
1651.43688521785,9021.42456818835
1931.76542680495,8045.87252379906
1214.29826159344,3572.29928957895
418.602016863911,2771.93744638275
1511.15716873516,3232.37562210706
2347.42166087761,3722.0406706834
7972.90865998994,7734.89029865502
1232.74805046626,3320.41883270267
1415.11216805135,5131.67995343957
1492.92691585109,3927.36231492329
1668.10633682762,9115.37405800771
8492.01802363466,8182.09689760704
8117.28989938475,7791.26557820224
8396.84374444622,7666.44010126581
1333.02458427946,8992.61044643115
1607.41970708088,8439.74253147976
1324.5588459756,3256.62799001687
7865.90936238935,4577.27343498289
1638.4545838421,3913.2632969232
7479.59016743512,7014.20986876103
2149.67826463944,9040.00459835226
1399.95678371464,8619.18331589388
2651.86172218024,8890.89219454439
1678.46621123674,3771.042920034
1276.84923094328,3192.5500626532
925.688871502034,9318.6059474501
7160.64061512007,7457.66203878437
7715.44410955125,6432.85762614968
2056.71168021706,7443.116053036
8281.36217668926,8318.81745528043
7255.51423849102,8225.57335161709
7754.34286357161,8005.33506937403
1665.94462519986,9071.8822273811
1596.90213815622,8423.7355009222
7089.63724754109,7276.04905393711
1484.73608364551,3539.19535704367
1205.05339046974,9310.72298011482
1916.38691538234,3615.28122549713
874.031452959546,3533.25384270906
7719.48660550432,6541.47666590993
2442.74300840255,3941.3214590162
6736.89533002909,7662.99474314843
6911.4165833681,8175.86780527821
7591.86410628378,7810.76706463809
926.616765912811,9175.5509114245
894.008041195969,3541.35368832212
1008.28120531218,8426.4955322955
1768.29228704572,9123.64777500746
1438.73013755632,3446.54251228598
2033.34524767805,8946.20024579639
947.03079086145,9001.2263710039
1069.74320452601,8801.26099067244
1555.09707655907,9350.60723002887
8090.31563747516,6431.18997251152
1544.13208965195,3764.45901436725
7358.96282145221,8108.46246897019
1095.16933608037,3143.30515400272
8501.75329623152,7728.53962975673
7294.15237832174,8280.64035698533
6852.75187671021,8238.79534105516
1057.56367547586,3523.32841034338
7385.85022757447,7281.14453302882
1673.873163235,8879.23169957586
2095.46870948514,9155.30702722112
1535.85671632384,8936.86096607975
1986.23434286827,8289.28454326578
8386.69657303407,7115.08094707872
1249.37016035727,8123.18106905288
6731.69107876936,6288.60969149504
722.532858992857,3279.69573647514
2303.11325418984,8361.50049528053
1423.84877204983,9367.08726705416
8308.55494651139,6982.14036325899
1099.07997700006,3680.64801886209
7863.0717734066,7510.81382738518
1852.14395257834,8749.05355515437
1510.25138144165,3742.92396905604
7145.34386664282,7602.08812567785
7004.74646210693,7539.8198995808
7922.95456532739,7478.7121678325
6241.80737493012,7635.69927415108
1166.53881385606,8383.3383399355
824.281451601835,8866.1875554206
6750.11514199877,7449.51440087847
6080.87080474548,7641.137299004
1561.4232508963,9169.17207560869
7330.58553714047,7660.84882317132
2151.26833456746,7416.04388184804
1340.29485849662,3624.19277100786
8370.51687836754,8227.26621382798
1426.27150937879,3549.30304642983
1946.97120206944,5934.78822184714
1960.6394371339,9297.8612338368
932.880121014964,3554.47682224918
1281.7641215929,8899.86155376081
7037.90330677126,7399.84724530103
2146.25443383232,7943.69095539436
5516.41755982113,9498.39850822186
8683.00672808227,7103.50119583798
2209.45361258965,9167.74580019708
1398.14787722243,8722.23559721708
7957.33043961724,7039.38329351293
994.276679155803,3401.29921402302
1005.69712351838,9419.41144296634
7494.88257773911,8004.94088279509
7487.17741379497,8018.43372338468
1371.33087755153,3495.19307072421
7242.9124912405,8169.85950703105
1365.48136938576,8914.81813290393
5726.05696572552,7383.79038859722
2255.65496423996,8343.30656250144
1429.90298202111,3672.52248186689
1428.82532682115,3664.33049291796
1002.08446508115,3661.39258685474
1489.50023292665,8955.11800517174
1719.69646450164,8602.47220053441
1870.9012097923,9212.37330505799
1344.83601956549,3982.23260756968
1226.50541081763,3839.61858284
1585.36896413728,4010.98488914251
8146.1727167592,6153.24130795493
1296.78091724176,8916.31549915033
8615.11208588357,7536.92443498122
1188.24053203715,3349.05443443038
964.691233851546,3330.55613682884
1158.06948704129,9031.21358801783
1024.88197902844,3557.88303319758
1178.4522764469,9136.34138083884
4089.15093527657,7415.63730361694
1856.66102950695,3703.72191096702
7624.19810441589,7639.21325573356
1048.46110176069,3322.70817180072
1020.44678313805,8496.88424365599
1204.40697950598,3074.54244893819
9116.12490283223,6766.46312642073
6856.43828805585,7978.69695027349
1473.8438108002,3694.26334741815
1369.56496729138,3700.60821159452
6571.30591494008,7551.11436779401
1129.60775952599,3336.86273319146
1311.07565945288,3601.71595637878
7393.97152122397,7594.78812498417
1163.91042564815,9045.65528528194
1653.66245292299,9017.36850586588
1416.01001774565,9022.17916284017
7237.95873532606,7932.67283889383
8189.03886530121,7763.91873735445
7929.00749694371,6930.74084250253
1175.55493292901,3638.5076932561
7550.80430523619,7506.7532617748
8720.00260088443,6330.34662472028
1831.08223030312,7981.28525330162
1150.81972971175,3867.69587907689
1543.18338393028,4152.16978111347
7222.30402202263,8220.87156489806
1818.52374876901,8390.57790323437
1909.57540358103,3960.87623773571
1844.74638808979,8226.80497850552
2083.64923947201,8801.25158408352
1727.62867369779,3629.11106455817
5963.6945602033,6558.2193326762
5882.54698442078,8106.6860261162
1657.65272883698,8959.38757464598
7086.01052164678,7374.243715042
1237.39906429387,3759.91041762531
7733.55912374698,7018.05797376649
7801.00158070472,6641.04898189796
932.59638289257,3366.60576705197
2294.8682489671,8731.35813562267
7576.15100826701,6766.26896767954
1439.89092126738,9013.79300237715
1439.04963167021,8812.3271198133
8508.3809480284,7864.74147850936
1563.90821167515,8901.89812383611
7957.61717818513,6002.84913315881
1946.42577863488,8733.27191496071
7757.86742706868,7005.41255021979
1151.7998989816,8271.16952514748
7412.22781126383,7754.18469707262
1368.98939568399,9043.32269629678
1643.9608619925,9298.21693415007
1728.68725005232,9266.78975983556
7630.62379302644,7339.61689281139
8058.1448457916,7052.35884872058
1218.42316246007,9058.91878940675
1799.93392988715,9381.83867090295
1787.35383011138,9073.12018000951
1465.25116200307,9123.12946510046
7810.75441838681,7156.67715323883
710.42682372122,3170.68216891208
7253.08517455971,7699.40700476622
1609.00979639049,5326.80931649054
7738.74637699737,7673.23888587524
6843.39303972339,7661.41966854645
1080.29021056109,3659.88565191971
2978.02545020163,8793.86516447648
1615.63159646259,3627.41045497291
8154.4908328004,7420.14409180302
1848.2200628676,3654.84215935181
1383.12878675846,8688.93774313984
8258.36648272773,7611.08374789995
1238.64888720223,8175.44745027923
1627.55118394225,8989.17103999821
1491.11008724771,3417.85985712789
7138.21190646971,7630.06752873282
2734.92556594882,8143.8299436358
1206.69904107887,3559.97419556278
844.573279672089,3332.07568330557
8285.71591446551,4716.34897727275
8855.39970456926,7168.09705133376
1904.82682704945,8955.86536420362
1348.23204338305,3529.76148436572
6342.90974624018,7661.23921744859
6907.470047156,7774.77550494941
1287.09486743069,9213.78938782389
2213.46380281413,9021.63834292125
1573.87165349958,3752.49806722987
7373.35334529646,8032.90730019621
1771.47898791184,8458.09506754598
1692.65433842778,9243.70605303159
1188.15590926864,3394.22505368439
8268.6416583935,6471.37437869927
7927.26061517357,7473.66212123673
1644.98038437703,4106.34939886218
8171.85096349076,6898.00947696808
1938.81748467943,8886.21554315466
8030.67723396987,7771.85222230371
1021.8968853343,3211.7687452112
1367.14314970096,8563.16647946503
3033.54840632205,8903.67520298364
6696.96809669805,7653.35570321082
5317.08761626032,7644.85783098213
2070.18008563874,9397.03044677135
7127.18527959506,7328.54935112711
7870.23893320849,7481.90114995261
8119.94343312181,7970.07393281193
1889.87445124316,9012.94499065771
7263.16098931777,8177.18447871115
1027.3357591534,9222.93834578852
1320.77739605553,9222.49678684462
6440.46334772254,7892.01671563483
7209.17862975986,6933.58700137069
894.163328628505,3387.15126803834
1950.90265664698,8496.57522126227
7011.400382288,7711.99172406482
7796.95213949667,8365.0155783472
1721.99844445247,8881.24180744494
7301.96192085003,7540.54586549495
8526.34546077076,7776.08772686125
6779.78474697181,7973.97942387589
8440.96610173161,7951.05517922044
1491.83745367934,9260.42677838962
1779.44085209707,9248.5670955
7389.56628409772,7944.28412380103
7462.16457242148,7166.85303122424
1296.00871535377,9377.94393468949
7265.98935397368,6293.77445867569
7354.04991146002,7488.57003562911
7595.38794541414,7557.25691077171
1685.72981640787,8726.38810117093
6802.19742585412,5855.85883450358
1290.62691287797,9159.55473792105
8393.7555625299,8204.28506543061
2431.02279414814,3604.95851881895
7576.62242687629,7744.03517240695
1563.19505095162,3669.46241312901
1413.13924467921,8967.99640110156
7346.69915005969,7726.93039586147
4679.72743144633,3527.9221120851
1904.74125949264,8983.62093373797
1260.32464703888,8735.2188567645
873.358022256384,3388.59997682572
1308.8046932039,9016.55415240337
8532.82861310642,7122.12756013407
1048.73942653635,3682.89146231144
1175.64712261302,3667.1916380099
8803.50568073615,8022.30533686038
1258.13235597348,9370.86461698685
1399.65177685141,9165.27333733178
7216.94001556101,7355.1893665706
1385.69480471639,3633.04963188006
1200.65151759289,3842.44055492705
7877.86234239138,4996.10832044835
974.076954729349,8542.31704285264
8431.84271711967,7319.3324365395
4250.61535226236,9413.65581879529
7760.24052790144,8604.63100713818
6496.3951444821,7711.70100389179
1520.3596494812,3553.38900946706
7500.25292819782,7287.18399102011
3549.49812198548,9196.92904322667
1201.3027597042,9085.55567032221
1452.82087057343,8806.50386770982
6256.42514751854,7510.32904596481
1912.08948573757,9367.9754325918
7422.38155231785,7046.65860635725
6570.41102266811,7765.22251794371
6741.7330900176,8816.71945945542
1157.71017372669,3176.7326287971
1349.02420389272,8929.6402210957
1926.00685376199,8638.98505911135
7972.39238775667,8283.59828726474
1617.9974712682,3620.89196218246
1538.31117458892,3790.09877517117
7451.90301622715,7396.32585826907
1374.2919162604,8950.29643413651
1536.20989291421,8940.22257755321
1188.24034220917,3561.92343538899
1132.66919966486,8874.70584777092
1877.11699092671,3696.45674241947
1469.20078752016,8524.45509098985
2018.16911284095,9103.71514969017
1583.93128540502,3898.16705599225
1862.97205601404,8710.92078879951
1613.96323196946,9282.35551267204
7884.44842240508,8186.2510220359
7655.13246222325,8108.31339462257
6367.87329678129,6979.12791775121
1227.2329438575,7705.51494533875
924.433348320148,3222.8727208888
6941.98906977977,7122.29435054437
946.685460137787,9085.57533480931
8392.03267565932,7795.83555071515
8399.53020164679,7523.77533896148
7134.39703801743,7417.69597711686
3404.00945203332,3678.34880604949
8397.64249872703,6584.99973431161
7824.09297245868,7980.13424136951
1875.60987148256,3948.45249028691
7883.62353519212,6982.48344928212
2058.55406990333,9132.56343023708
7523.66178294169,7836.95767427781
1245.42520726653,9358.29260450942
1548.80672928208,9058.65806702669
1066.57247301642,3648.72640106877
1570.62893393896,9426.48905789335
4661.55763193757,3351.0756298298
1252.77215411469,8970.91295705131
1178.65590388384,8790.27458714313
1293.26624542354,9049.16437153939
6900.0325239215,8139.40457033777
1534.18487431296,9180.14332730407
1290.32627769224,3331.18002319792
7897.34925553874,7862.40560429754
7791.13647896708,8218.59368612426
7892.03194815774,4810.18427910372
4806.21822404043,3510.84681841357
1209.93255987472,3618.46109861562
8585.40951529723,7525.71267331514
9025.59714999104,7237.24064242838
2086.16539680551,7748.58814784406
968.832544304007,9008.91306068001
862.473395012691,3143.35970582832
8731.26637846132,7364.64614416973
1104.38429107822,3579.04647854017
1876.14300706547,7653.28269665383
2038.69024497115,8312.30605390064
1639.46784414964,8013.30501125822
7989.6700448258,7169.75252484315
1618.99949057848,3957.87990527574
7806.77558792841,5636.93565682223
1656.79022436454,3608.14856234863
1510.81420523127,3773.1135564674
7220.53514204933,7411.33393690013
7838.27165574844,7383.90899557232
1847.73317962444,9209.27031441287
8047.93399659262,7849.12162946865
972.286194360561,9127.24132204106
7840.93558039457,7431.0111257191
1709.34507625071,3943.36473329399
7888.7428224853,7902.18563436043
1906.44567530582,3875.58038297196
6817.18894525039,7207.34492771722
1397.50545237328,3816.11816466703
1614.93876971869,9051.35557854013
6149.55656877114,7535.54886602683
1354.08619383823,7892.16396637134
7707.49564540993,7893.41212132771
1306.29040395291,3519.48336758107
3769.69687601602,9051.08696929367
1526.65095361395,8221.96939944399
7307.30931806881,7929.22508999221
952.502875796736,8826.69505667994
1329.92014363982,3551.27602238335
1653.6583223994,9327.2280146494
3679.99328347892,3620.37833476239
1110.61309575213,8875.03426999411
7608.65329462349,6721.72781828357
1617.8744451532,7966.84169230527
993.010013067849,3261.54605834028
1190.07710865782,7737.03494603561
8206.65717297048,7768.28926520351
1399.27519229066,8588.45528973128
1280.97546807764,8791.50466500472
7578.67834796001,8176.88969872434
8324.92452516969,6470.62795947823
8623.5483926311,4916.47644083702
2157.87002643856,8396.57418724698
1886.20653234916,9179.01544091101
1370.3755443684,9385.44452794582
1690.2533956083,8791.30530255396
2028.05243747289,8216.4904096036
2521.18106247184,8692.62568305194
2710.1916191071,9051.23926978618
1254.1168374577,9074.33305308053
6831.50312938011,8358.70201906716
1538.34483813227,8886.72057364377
1428.39374396571,9269.91582102313
1261.83326232073,3444.34147420519
1632.68425172977,8374.8227336549
2291.99541797805,9124.80021792784
7997.4371004886,8200.26281317907
1799.95098219114,3651.08678483466
1053.3543282868,3478.10421906412
922.43799958162,3363.32815603217
1541.62414608948,3702.4258799561
1936.30731771993,7985.65122729151
1524.34703676146,8938.73447527211
8089.88714636262,7898.1910382287
7966.61905155532,7555.74921512092
1517.86192744845,9329.39995994498
3468.00200851486,9059.03784659406
1689.14380194342,8933.60227713429
1101.41496753622,3737.08249978486
1821.1566879184,7732.10762683072
1479.1481854922,8968.17807674706
1945.09084662669,8858.78632393287
7967.55046833396,8323.96156721331
8094.72689411235,7529.08030703966
7685.69614242559,7424.44748682902
7165.37477977453,6931.07770212735
915.391304646084,3343.09575935096
1184.11645508022,3850.87899103251
1470.50982719659,3841.32396059679
7477.63883117589,8100.66616457105
2020.9247210005,9143.96445184929
7065.29861568834,7765.4972738239
1809.10824965268,9326.46930704481
2114.20501849239,3459.26131771867
7973.22259323597,7000.04427427411
7826.00382978329,7434.74827949353
8477.65715382902,7644.40652639853
7774.04537239502,7955.29690362261
7221.09157941302,7258.66933131654
7516.13207837547,8440.47979730067
1585.61136048736,8544.17132924801
1643.20240077955,3621.24655903341
2676.06305933702,8083.84322669478
1214.03276813458,9008.84210472434
1510.63984186292,3413.1752829736
8218.54810066581,5968.72215498887
7760.1284781938,7085.08455484186
1452.64355305479,4077.65582638529
984.339041527182,3180.18815948736
2219.50655922464,8125.92987866208
7039.88632712765,7889.42572692787
8912.87514379175,7076.56022001299
1148.93741959456,9096.24570771772
7966.34529002233,7993.31146156505
1013.53959328339,9038.24912358795
1303.98080355938,9118.76201553483
7119.28387906034,7532.41410953907
4943.49569956017,3968.79011057956
7015.08110794105,7251.97990214842
6407.96983169409,6999.33343269498
2477.94001784815,8457.72979381071
1089.28355923734,3298.85444830883
8791.07096975904,7615.23690852082
8335.31821497283,7626.67280819639
7400.85607592049,8157.52682731518
1110.430427107,7622.21141617825
2773.8195967254,9156.22795466956
7403.86857299282,7535.61151662829
1443.69514685003,9065.59839211373
8243.2716424402,7314.7061168648
6325.37785812588,7143.59800606991
7245.20150544488,7740.59917499456
1555.68703476946,7727.14977733701
6549.59870145083,7832.48837825088
1508.08357726572,8888.47974430431
1755.92175396126,7005.44933998314
7937.89617014484,8322.41631895043
823.445165425906,3198.22094027052
1362.09945040986,3410.39316019746
5973.34127846663,4491.66243019427
1521.60940014684,3484.35057833055
1235.38929296043,3392.51076694209
8474.32105874239,5249.02557891182
6253.48186902346,7253.81326506571
6881.01162097255,7682.97108933736
1717.87880720528,3903.70472289363
8143.17399446283,5999.81731631181
5237.87308859735,8583.21881718452
1725.86977705667,3976.03433841852
1392.24995546125,8928.00248832759
1322.04718299215,3003.54433132067
691.09487464701,3137.26536642918
1983.75643111414,9077.48273423914
7618.24707146222,8314.15372986089
1682.49797686679,9337.2300805467
1702.67952519823,8881.86398440932
1711.06560044363,8859.46554859431
1113.90905682996,3096.16525364246
1686.72771309078,4105.22312717982
1793.14429922429,8345.4612188443
1521.94728239111,9099.23614096712
7921.47969774417,8374.74983660396
7680.36144596934,7977.57978389418
7222.05228996364,8137.81688918896
6872.11111477437,7549.21500824752
1799.4242603555,3705.72069480414
8282.57699348829,7893.11791779431
2052.37413285326,8850.8943288391
8213.34239802307,8131.02731195572
8594.31968431665,6847.47436624685
2330.64713685834,7576.68757086605
6472.6384636379,7933.07152741493
820.343680136513,8382.649044019
1288.74447081202,3390.70382986286
1904.25943364779,8408.46683431981
1433.42729911815,3220.79921574523
1105.76993806029,3369.26377703388
7240.62025279742,7403.93228199251
7313.83348421085,6605.98677345711
7661.8412512079,7613.87441232153
1772.22148004767,9258.93193042052
1450.72749042089,3790.33922747362
1992.24731803133,3917.66564729262
8592.52430717668,7316.63188654917
1559.53921628929,8683.66468096863
7217.43630171658,7912.22340557601
788.516353453005,3347.34157057137
1770.99537281305,9305.2271910242
1749.66519892762,3841.80544444981
1780.41895764384,8853.24822448563
1413.79562502422,4876.15695120871
7062.6459500666,7472.03291467821
1201.30647836559,3554.48276047013
9062.05838709935,7325.64067667379
6716.23520908413,7821.02739444237
8901.2188397949,5451.36965364092
4583.26203885831,3807.31652851062
2003.53530218273,8865.11646964005
8271.61627072128,7675.11645051961
1314.19800987766,7268.57533656413
8704.74313726856,7243.0186803764
7049.71733445896,6926.71007847457
1426.42941589183,9348.59991927565
6453.45996198363,7172.09289521265
1375.7768969607,8113.18263332059
2534.53697057844,8799.0016037613
825.143199274284,3102.77925250967
1383.67221051918,3559.40975217063
7477.6670895448,7743.63160830259
8048.04086718261,7630.39914573105
1798.41888162672,3584.902372358
1518.9167018258,8751.69140918527
6979.20394356982,7391.49436048904
7813.37550484108,8533.09912555168
1476.37296748072,3706.04774645557
7967.05864234318,7941.84339084307
7859.49210747783,8540.9652333564
2023.56413210147,9081.21100246431
1387.01556864168,3862.23504112136
1446.17103474528,3768.43744395922
6473.86944636624,7783.48428891226
1907.96841411116,4488.13288613772
1150.78194091083,9197.86922363794
1589.53504041996,7951.01195544276
1092.98694933588,8874.83790158468
1385.91429393846,3411.65495998655
1062.23826098267,8920.66719093599
1542.0433344617,8650.07027827295
1477.11071749194,3492.82454052111
1569.72941089937,3708.71874722911
7107.10946308491,7353.0916947895
1036.23829670385,8903.32579214509
8040.80352968657,7326.11434728281
1368.08785657653,3380.7508212854
6922.92048064454,9553.88725830788
7788.89054703206,7441.93645627634
1559.20421450977,9276.77729413027
8628.95303597107,7040.33512990953
7006.08871285489,6748.90321009466
1506.7359582148,8871.16989984451
7486.62915213531,7595.29522822161
1725.81099845394,4089.89265782423
7525.26841950151,8287.66276272336
5273.16074129928,6927.22742621369
1463.26170974881,3635.45018707551
1650.40503230559,3389.48147649791
1376.82902565361,3668.85968445695
1330.86678442756,3520.99079302227
7139.82235947294,8254.3433939247
1544.77827001864,8839.07648990943
1482.07680845947,3955.35784701825
2455.48452691857,8198.19048589461
3256.06815944491,7301.03342977641
2218.04745064061,8839.19275702359
6724.15813458507,7680.85355102808
7560.64611444097,8008.94771050487
1695.15165590803,8620.14367957392
7314.25040725402,7701.96142835481
9115.73769125806,6143.51748707962
7251.34020292304,7950.78276836239
1547.14935314155,3832.87404151411
1212.78737303594,3721.20773019258
1978.2110407634,8681.37184000921
2141.23311214416,8368.24370513057
8639.58552006939,7327.48210583052
1521.23745287276,4387.33363019067
1444.3872720081,3612.42895301048
2153.43900908134,9368.39665731481
1493.03768246827,3756.10039236073
1012.31335528137,3562.40038569277
8215.7479294473,8087.15861812469
1397.37509309774,3688.37170436438
871.221796781211,3353.40721195383
7700.94482850575,6763.0502006931
8577.25003091167,7044.83013966274
8612.53088790475,7649.08108232777
1393.40305109434,9266.39822682364
2754.76612252748,3951.16672157978
1898.37645225583,9018.59519719999
7934.41106559366,7496.46873450936
7392.15869355208,8154.17746494279
7523.43834812387,7482.59591988261
805.40966369719,3139.77818170026
1345.79984154642,4207.93713886115
6772.49001960273,8055.58376061083
6376.56647847994,7806.0598564889
1696.75688592498,8411.78580489433
7242.63024212112,7491.39043023255
1186.31442400006,8930.13425114101
1270.2403494569,3774.09046772948
7780.8401383478,5993.5013886054
1262.84127475157,3552.49211658605
1624.53609849481,7466.02350493725
2584.37827259801,5421.70618646453
3639.79795887439,8474.63790716282
2086.0513335195,6460.56828599929
1539.62995645323,3973.56687531317
2748.93334946856,9207.59523083265
1112.15148641738,3230.71536206483
1653.54717196524,4244.88843130789
1695.30082197507,3481.80521331991
1388.33249230693,3520.1522661488
7097.89438927866,7129.82320263519
7468.659110437,7754.75359069679
1123.78482266072,3603.60964171889
6119.6539320206,7661.34597127792
1890.38660482333,8981.33168510505
1558.02540676499,3761.54737661022
1568.0171399038,3934.04690540203
6874.7378150631,7903.14936901927
7759.75370018982,8111.60510878246
6343.06957293675,7275.93666922427
1007.95504912046,8246.91326183179
1464.46268016909,9336.96584066147
7680.51491046912,6625.937109902
716.390412734457,3509.5788055707
1025.74279818688,3175.15529801208
1019.58679188504,8759.33163691555
7173.47869878209,7925.14317455857
1956.35237762276,3967.23414662896
8748.43028909228,7232.66893446239
1823.21267075563,9203.61904965773
1243.60871884768,9207.43022890594
722.282597048149,3538.79333826603
1998.50719034015,9219.82662595895
1778.44831293525,8873.77892401969
886.079546285952,3163.84525290783
1697.50538645376,8929.00657012707
7131.36206021858,7378.8772132017
7301.77404231895,7378.88150920346
1073.75369521263,3391.87039080906
8517.6255671146,7479.52580109624
8127.64404840301,6875.39815896643
6674.16146399108,7867.05120439209
1330.23909476389,9076.2471110765
916.992837817277,3214.21749661695
3561.63422255461,3738.94414006218
8972.24231748972,7341.47149968334
6349.30471279269,7320.063262289
1454.64175061363,9113.24329134207
1536.34690934538,8897.17535449771
1955.1160073475,8619.45373645522
7684.99878579963,7457.67391444582
6850.35040858257,8439.37207247227
1361.30703318902,8968.32263602021
1189.20787057603,3703.21347547434
4127.43746523294,9099.47501914072
2208.8957248778,7691.1631892268
1621.12889186681,8338.04663537168
2526.28437135351,5238.45712132734
2061.44864758531,3997.18277802037
8993.38482350926,8134.04376604977
1450.47430347488,3597.67814990384
8041.09283802984,8181.68757881751
1106.51191914527,9011.93244242926
1145.87000958739,3578.12462424796
1650.41646007564,9035.44123096704
4413.22156748417,3440.77108783184
8178.34633506276,6929.35187132557
8513.89937995894,7748.32770353639
2208.18518318734,8233.47891895817
4144.47042943318,3560.35890069982
7000.78091483847,7231.21681338209
6472.17711269853,6937.65520134706
1372.69991248653,8558.24137481377
8617.5344006028,7808.22976628351
1419.99673343119,9135.57101142028
1265.58316533762,9298.27107685221
1393.4578291681,3428.50686368068
7383.59573861498,7731.00853324721
8127.12708957433,8635.6215129628
1419.69214753443,3846.85625401291
1762.67091537188,5880.00336167944
1542.57881165325,3563.96197824064
7234.7430043309,7562.43954500365
1992.65185016706,8802.28290031358
2888.90642729,9071.80950065205
1758.61723781656,8670.90829472659
5910.99678331436,8594.5910984924
997.415151021411,3276.41644981997
6974.88432223867,7189.99667728837
7028.52757770047,7641.41122282086
7719.12476334196,7661.43176091042
7734.78543691751,7775.46908344317
7785.48361737923,7261.59224530531
6264.13367332819,5870.48086566578
8014.92963019587,7842.04763941178
7563.81723664197,7848.57476673408
1942.16054437857,9025.71331378591
3048.80639784501,8742.86082157944
720.716551141294,3371.95649722072
908.838040732715,8691.27050727654
6611.54547629493,9074.69842455354
823.747412764027,9052.60125637775
6778.17327922946,8449.46182099152
7132.23720209647,6738.29286524954
6330.28575887537,8311.00571887704
1349.21610656897,3639.16652301619
1674.6787299014,9042.3145330393
7278.48770825822,7132.37462833527
900.515539128742,8985.51901809523
1018.38873666509,8736.25861373005
8105.3654375541,7751.84512991648
1523.24856421343,4937.29336117132
813.447458933836,3193.56930631265
6859.87070299014,8494.84989215714
6225.71447658797,7159.18145879984
1070.78505717507,9238.94128852965
6610.82914577406,7728.52583807343
1217.58409906344,3805.37060107039
1401.33719447516,8896.38120928095
1081.74149173074,9002.50490261852
9012.06662264078,6839.70833573339
8332.1258087708,6029.86898956805
1580.10635509543,3614.07983022523
1478.7809787649,3572.57793487712
1787.26382360331,9896.03443241918
6792.31897378513,8276.14168212543
858.932257326796,4075.11560236267
6438.28081545363,8077.98544041151
6747.53125591368,7690.23817152296
1773.740313141,9153.14001684901
1998.76594140893,3758.25639384717
1352.6701500573,8949.87806283452
6975.12962059106,6906.32671715714
1286.35931353062,9199.73749867331
1711.82071313189,9263.46617693141
1568.35922527303,9046.76750794137
1050.8785713158,3407.75646993597
1458.49930521488,8975.4645757405
7116.91674970101,7316.19227367229
1728.83594745594,9163.18078014835
1110.1031181374,8574.75834681879
1365.04688501415,3905.32710029128
6781.30419540919,7922.86614239926
8631.13820889372,7832.23266578726
6955.20637312571,7911.8639157772
8204.49858160421,7677.30231695291
1266.44204966505,3792.4508605304
1549.54053093123,3508.90334614948
6688.19459119596,6955.197435804
1211.26391706755,3546.56380676437
7795.06842509433,7378.35233241861
7590.41147903139,8184.8259010185
1387.24660186153,8803.74728575075
7185.90653005966,8201.32787538381
1425.28617169525,3662.5681649083
1620.91229989943,4057.78472537665
1455.10272080873,9336.41135184047
1196.99541150238,4858.31968040223
738.237280910917,8123.44443963089
7800.84320038428,6170.03580342154
1293.78899222583,8943.43967590038
5269.55186871727,8755.33508179913
7813.72473158698,7945.37044844856
6716.93555697726,3597.12095744438
2047.50566720668,3965.03141887128
1304.65235605392,3563.91759327298
1285.50878874605,3669.18860855882
8227.90203677823,6841.61560795693
7836.07849629322,6932.30793542715
2126.38742218908,3851.88179380481
1050.43553063389,8903.68719295244
7527.37374927506,7058.37310693242
1114.37230733106,8801.93151490371
7001.79660264942,7191.8796711941
6653.17088782833,6856.37000330428
1779.04276061339,3787.48447635101
3758.54721246749,8759.72760133633
1732.17815497618,8821.11685461918
1048.09989266425,3415.4098436973
1525.92495066417,3066.87633653355
1315.62761481651,3425.62897880177
7915.21035366414,6853.08402548499
6653.26102210096,7549.73625862979
1622.66362065374,7737.40926507393
1053.56534104754,3560.38082865343
8508.80706246708,7236.24346030435
7711.390053521,7036.99963026493
8001.64184644605,7559.67438594513
718.106134373484,3006.44765032787
6122.42038687426,7761.5176224112
3139.99462702609,8538.58129448504
7009.38545253786,8396.39539479715
1426.23248708595,3569.44543947737
7527.22773647783,8066.73894780949
7188.77385818586,7798.21711528419
1337.45614045509,8873.75308161075
7799.75323538962,7625.67483748973
7471.19656537957,7378.71399711757
2850.16243800537,3758.9935118738
1703.04452809191,8145.77135164723
1959.29061043354,9439.64181420765
1612.2391394192,9098.29974746813
7619.9815307538,7530.72126228496
8352.87856506198,6482.21036948612
2264.15000544122,8638.30826269083
4682.07308573813,7066.43964426873
8358.73908687747,6500.25591782059
9064.40203049381,7771.06299017949
2559.48588525652,8964.70333906328
1848.36047122212,8999.33029582186
1721.14300714743,8883.32610043971
1487.0518907294,3731.7958008857
1321.67360161065,8865.98667898336
623.97752422469,8770.29199307471
7978.62499782283,8287.38769578988
7463.00494264989,7858.21541475355
7401.09959958445,7361.74281444766
1370.65125229816,8662.84223731924
3522.80383417876,8795.45378600091
8000.25660926429,7539.99050294943
1899.66681990451,3750.90359598916
1386.99369790394,3516.90330722088
6497.21478860971,7366.93695128625
8886.00200948246,7183.91848928645
1684.18263468911,3933.75611395086
6765.05784281053,7800.37419751649
6749.93763513618,7243.96512441472
1858.44761968902,8187.50142733652
1265.89605248707,9016.74348010738
8152.22067592241,8048.28932456571
1600.9304024823,8471.10217711862
1201.00825205888,9036.23332078982
7059.52899695925,7658.15030761741
1084.24395314496,3403.4279474148
1271.34607861244,8963.13915759942
1680.97757938482,3424.35510090105
877.39884550368,8851.97937140397
1947.62871746119,9524.75270946284
1105.65225959489,3490.91428041079
1062.34221051799,8813.76907687594
1407.69795696525,3800.09576599946
6992.22864923997,7052.73276679034
8277.62996765505,6359.32283358145
1267.31454069264,3590.69556079994
1999.11850392058,8284.71932585582
1039.121524224,8081.70556142692
7432.18335889157,8193.61570198674
8351.00503565291,6268.23218780931
1364.59204505921,9075.27721775418
5757.99285891056,4003.69704481862
7819.4738769122,7198.26566170818
1639.77528232199,3521.50825876926
1205.12061631181,9074.9231788272
914.690425112799,8992.09445679267
1457.31218690965,9124.47942234545
8842.82488537168,7475.64803232107
1474.79593017967,3247.40739810378
4552.33057005155,3960.83474659514
1201.1642813291,3553.26469704022
7096.52492545652,6879.37308700613
8100.92206288393,7022.22280711355
1757.92651258454,8878.56680052096
7045.23183534382,7494.76526262324
1798.43004653063,9002.69929363429
1546.37304075736,4627.62910404133
795.509098150561,8758.34464360818
8710.88527483163,7444.34716463484
1423.00003570809,8853.03988897595
1855.05584986151,9118.60503148909
6130.00942862505,7636.2064203364
8049.52177081212,8030.76271529678
2479.52094321274,8558.91668709986
7754.04538210442,7826.90881867274
8375.84206085417,7297.9200730647
7441.50955075294,6869.27467690475
6763.23998389779,7662.51179907929
7230.06402597903,7772.35644910572
1113.10356807865,3500.89525136323
1166.8876715514,3189.56757798429
8252.18016940262,7221.57409106671
8132.81787856329,7822.16101849332
7816.45387964643,6818.26031700419
7371.40305442171,8324.25967332835
1568.05393799233,8386.98181338639
1263.46844064461,7670.5299315551
8016.36076476873,7387.74681778082
1051.99971808162,8905.10564195652
993.650162925992,3628.07447827864
1134.37951044604,3484.17542030531
1796.55692269565,8816.67915851594
1572.01986875348,3429.30023862101
1909.10070133731,8692.36452738923
8716.75868632917,4809.38224297434
3592.56222956353,8352.02325179277
1679.61429793695,8834.66351087006
1412.17160258599,4128.76000936881
1639.28218029405,9368.86705070372
7498.93066949521,7628.10947183191
7399.15915361585,7657.27455329587
1642.28887018282,3999.93077866763
2068.20463592202,8221.09725466975
8062.25134147066,7262.66537310715
1961.83452360435,8300.23986038848
1186.86519210362,8960.30074329293
7352.19098626549,7548.05349138258
1401.57918593791,8383.78340615232
890.731377128521,8658.30774189163
1363.01409384606,3939.86649220874
1647.60743592232,3791.01574327
8023.19593594615,7391.29403247891
1184.66945148913,3684.81709167379
1747.71192695035,8461.28524168282
1401.44102331819,8917.96800517793
2129.7788777227,8860.66918460046
2021.83105086264,9032.47540583777
851.947708569827,8998.60297181385
1164.58482017835,8703.38125724859
7628.96005080643,7818.61308827277
1503.57584419497,8902.58657802645
7318.77049327292,8107.23613914876
8588.34526094773,7500.6723665421
7894.17381293691,7331.2794223213
1386.57964450236,3663.14365801324
1529.68531010441,3732.73490462782
2472.82615767232,7572.92317386889
995.288186832868,3805.65009885306
8304.66796372537,7307.52251055779
829.076827580877,3316.87463694964
1618.31901165007,8938.38995125926
1343.60715706824,9109.42022807693
4367.5568227247,5224.11958608099
7925.588761719,8082.5153326611
7418.96573612382,7090.85627206713
7816.9868224631,6856.85701787075
1530.15242282379,9093.47393072885
1307.24170724812,9022.06968749647
8076.38670827421,7275.48288030747
891.08174141847,8829.8192926001
3291.82326738489,9206.02696237744
1520.71927405397,8980.42448584849
712.291001529774,9238.4980288914
666.029607891835,3508.85894706487
7030.32668794531,7382.95963725506
8727.94343084717,6826.4230328008
1564.64865228789,9058.80211773707
6887.40552597243,8356.08442197858
1990.07444813856,7881.85989931684
2243.50543838189,4205.34285590496
7406.17761888382,7925.22873300189
2203.22095086715,9155.03093569574
1239.32311393067,7901.99179422922
6676.74351573,8883.4029592185
1012.15042418796,8894.54808976442
1679.22067304982,8848.92693561927
7140.78238461976,8493.7167043307
7045.63639317236,7373.71694389459
1036.36950520713,3206.68496523153
2080.13677443563,3868.54668197296
7836.71243974623,6699.616629358
1222.79892503836,3694.85579958825
1000.88000716521,8807.28628577152
1183.35912971752,8907.11388055685
1185.02918680275,3166.03262041712
1277.229226416,8105.93342224633
7942.61325480053,7827.74663820345
7779.53878601495,7881.43625668887
1365.68735316611,9247.54799893655
1041.24359655771,8578.12112357339
1198.61718871943,6739.56683017355
2351.77036226091,8552.81090825409
8012.97643470351,6746.93122599919
1531.81411237794,9192.60130263074
1239.99832501584,8529.35898268416
1633.60723844005,3514.30236364929
8113.31647508409,7416.02640891037
914.617104386829,3328.93866179871
1132.50058141175,3513.85810400154
2738.76274036464,8834.59955558055
1347.68346427062,3608.75274673433
7417.28327048714,7938.53885418852
1591.99355838513,3866.15560665366
7323.63262869122,7073.42596275462
1664.35992340109,8847.01193703366
7270.57761017026,4861.5576079909
801.134076806503,3319.19039554925
2035.20043351639,8477.30273343306
7605.40021126282,8480.70098663138
1176.73841244679,9211.67171236801
737.193631838675,3162.04109257911
2021.26100955536,8571.54985311458
6992.66232022017,7377.36389829817
6568.20266038506,8257.98548501102
1136.50766682415,8980.32111340971
1202.71159911367,8027.08891071132
8378.05631688083,7166.31687904616
1547.27616994794,8446.21915432152
7465.54778299716,7530.14368577617
7830.46369516999,7149.52473470615
1653.23813025496,8861.8853810257
1811.40522148721,7268.42480398805
8213.14182074779,7310.80144829314
4336.10307180461,9194.89519549192
1320.39269130308,3702.10027375854
2635.59409577017,9180.95415150408
1591.43105820812,9159.28324212675
606.831034049168,3336.03636225665
8113.38622965774,7608.54510681288
1860.84394712365,9054.32259159719
7745.32040667467,8035.21130009798
6468.31659350436,8052.66164649567
1393.7020088477,9312.19444572263
2066.9800418573,8196.21074626916
1263.97556991736,3348.73709942225
2040.20002765347,9203.93974245924
3393.87806796006,8990.83881538243
8121.56278322133,7959.6457925111
8704.61175296336,7290.60973220243
1713.77000492308,3374.41702944362
1154.18567342995,3779.18540094128
7384.92627989045,7368.07900532127
1863.51749254746,4012.27954223163
4691.78843638262,7668.2451293457
8376.5857765804,7507.2453054516
1356.06548030304,3538.31135738508
7828.45081481752,8297.31377621802
1239.88836327672,3947.26147938742
8072.9503662118,7382.08759911751
1606.52357156041,3630.52486163444
7801.50358361293,7546.66605719329
824.314602851215,3142.49457190102
1166.74667633901,3261.96467268366
932.157986053286,3377.0027470253
8116.74672044272,7274.73307899939
789.537155387355,3220.55088324238
3581.03110041471,9136.51073138296
1823.79922483268,8896.60572360851
7572.10226803373,7315.02250351944
1272.72967687314,9026.77221106734
6829.3240696724,7250.21232847213
6838.43843937405,6762.0501209911
7279.45124424007,7170.43807171614
8203.56546484855,6910.08032329479
6683.44289672412,6767.38693394986
1377.57423298454,4527.49061926715
1663.31795773745,9367.97012510161
1823.61813176566,9267.26417321219
1227.07211350598,3127.76444098772
700.198988971269,3107.53382587203
1822.61065677902,9036.78591052384
1173.91961830958,8770.52357618226
7549.03237758142,7827.21529296868
1455.88106447076,3516.11227827744
6521.32951320574,7726.28477919367
1111.41251553603,3350.75977911238
936.427475878847,3246.9150244435
1747.64152415354,3689.33670766583
1041.937259759,7892.61346437873
8567.32861823075,7642.7701226885
6950.77911414482,6865.83212754395
9193.85588909572,8053.43473269957
884.458170266435,3237.79973276358
1976.06128144859,9206.61225651379
8204.10710889962,6738.66245954151
6803.8238280134,6664.40227149086
8112.22391295148,5607.58226399097
7504.55729549412,6748.80852644839
7540.07810880925,8276.0930536389
6589.18331276669,7264.37385648522
7307.34096019782,7477.10492779687
6930.40092063185,7769.46515979294
7471.97386064238,8122.96568554244
7303.74699622126,6894.93532474972
7634.45939292535,7732.29838959172
1527.70606044442,3921.7301039907
7905.71229602964,8501.14848608571
3890.42257685654,7484.13784220336
1559.50775869861,9137.69332257296
612.726684284639,8831.95536629566
1494.15482394025,8906.0562060717
1408.64558538042,9126.30288543722
799.494428471192,3399.87803179982
8833.95489999486,8078.92782260058
8004.19470589274,7268.39924235494
1067.57440074786,3427.22668363158
1496.58112529404,8484.28913603126
7559.62168193512,7428.19551548445
6680.92776245061,7705.42242775595
7090.57259900737,6819.14454810713
1424.80949910005,3892.65824946171
798.035646248086,3457.487304776
1648.88220100899,3731.86712747204
2192.08578876474,9015.82071491627
986.347176014426,3330.12991476676
8713.90452713407,6253.41335733118
1591.84236634929,9239.35546372087
1524.08116593501,8368.48799666545
1738.26234267987,9211.58847484436
1065.28247065914,3512.75868871187
1371.67531372692,8518.7148185092
1779.24517483434,8993.73063001926
7583.46358321862,7556.91294028918
957.973709055356,3230.92960194891
7551.43814193471,7604.25353746711
8934.85068587665,7430.38873519953
7513.86565406143,7630.01214975264
532.307913137116,3496.13208084928
1107.88488039921,3307.89549154649
1642.48759987239,9022.99401229576
8990.41847246315,6706.35645585212
1994.09995851737,9072.62594619212
7410.93369684352,7885.65747799785
2148.1069326985,3880.22957780741
1693.79497962687,8746.07224403155
2507.72773523925,8855.68307804561
928.502053928153,3282.85937451214
3099.38152776786,3293.8828662744
7718.01174209308,7356.16672062512
996.303243979376,3532.31385596822
1719.55901122735,3867.61479273726
1333.422346411,3639.98597214261
7584.33068585959,7226.35985458966
6852.27160083124,7913.87506904137
1753.76323672524,8067.95158055366
1800.74103756838,9109.03617093612
1433.09891464429,3976.93741365099
1308.67037034993,4024.86404119413
6968.78952346476,7305.31410960373
1832.12834214102,9028.83613348724
1158.58008414051,3867.12641474921
8032.94356841881,7276.89893853716
6179.76722483139,7247.98564163032
2186.02471654652,9034.69764857833
1201.79335418071,3780.59788116344
1569.25359473249,8268.14940261139
1643.54685550512,3559.33176147171
1190.9119070816,3470.13733871547
8135.19027513927,6372.93725234573
1512.27646357141,9023.73307035025
7393.25217778953,7653.81071205849
965.065445614591,3414.19873135302
1149.41614477022,9146.07905300041
975.435812182892,3226.35278512349
1174.18376943104,3335.71961682607
1569.45495688228,7717.91856769937
1976.11295069481,3852.54869379431
7474.88853921492,7862.0022914536
8399.48007459886,6636.97040815248
2480.7848068893,8086.88868396308
740.423937752236,3009.55676817461
7786.24211127166,6781.33550756998
8795.52358866578,7035.74480848482
1339.54936641956,8999.45019254832
2171.46753703674,3745.53179064917
7691.98575204961,5725.33026247914
945.423059751115,2985.33881969682
1712.80481409001,3740.54647955369
4595.28739086261,3423.05146226046
7819.12999149013,7725.28941196125
1729.88379690928,9221.36057987733
988.248851364123,2989.96683401475
6998.67749184922,7701.17548469599
8233.68475547781,7595.26971770026
1052.05084566887,9237.03191816224
8645.24544179409,7483.94461893649
3724.8777537375,9150.95219054513
1180.09651032585,3500.81792093888
1813.9278925865,3761.66195534393
7188.896218238,7957.5814107627
1861.23723006946,9412.40157194296
7324.77609471255,7879.43930665369
7226.79659520802,7378.72754177037
1712.70627146156,3766.8826447935
972.567202131061,3768.3461211168
1487.48946616469,9175.64942400479
1832.05210908806,3503.37090687076
1517.21577801123,8312.65750455638
1791.79453501426,8346.78275792479
7656.49982755002,7337.93505962041
7088.8191864418,7329.54919380634
8792.60047097523,7604.26977375824
1539.68154373719,9171.33158273651
1809.75409680157,9221.73799332721
1534.08815858409,3763.44008447461
965.591595565974,9026.22026647324
2038.13447927206,7623.26522481528
1016.4136000173,3366.51771903652
7748.19062774292,7122.21439547809
999.515870314031,3389.43268343868
547.44314361317,8837.30738276929
7537.62202302721,7233.09997804554
984.8763974539,3141.77893722938
1265.15639176457,9028.85652944964
1854.63217249043,9057.54989672278
901.987947064811,9235.3554379538
8885.99857211485,7716.68437824596
1631.21602379873,4069.60951368706
7377.70827033744,8032.65656881487
992.266354293908,3183.76045136227
7868.46902903069,7335.11979216299
970.812193238187,3281.15026220913
2137.27348196265,7460.46363073343
7633.96643016361,7276.14123993304
5406.8544530887,7692.01252612537
1411.85310846086,3754.61100797793
7384.90228993536,7903.10724641939
975.040878949149,3388.95870336289
2125.49226150406,3605.49588316559
7084.25991865178,8234.53870762969
1158.75363844884,3273.7376585195
5084.9704855138,3320.52429885269
1847.1344260434,8656.62127915247
1517.48425830775,8741.21298226899
1493.32386582837,9230.08966423041
1396.27008142324,8939.61618215944
1505.76063488467,7452.85139698501
1503.72655495614,9025.1232038853
6832.0603062288,7745.77716818279
1566.09677680767,8720.24053056465
1070.96638375817,9081.60031117693
795.201694680898,3017.48385751065
8688.33272429703,7696.92442499076
1855.57893415497,3516.68179234326
1661.18364809016,8954.76865463526
1407.86725254237,8597.9044427211
2029.73772871747,5222.11795561061
1701.65259931237,3759.13347182052
6718.46779435304,7670.81521770872
2283.67153568251,8962.31132916728
7152.79191425569,7420.85013792367
7440.58543419667,7528.08430603876
6920.27927254443,7754.93800994867
7260.26904967199,7489.96391951936
760.088268475031,3230.31229760129
7708.14365749967,8269.01960294157
1786.94494409558,8918.48567834005
1741.42524986467,9095.41882438643
1967.86886601497,8886.02534065597
1495.2455321511,8588.52207267506
8144.92242519159,7700.16625049847
1564.03900104843,3433.38991616397
7068.36736923822,7354.35030251499
2126.94397041332,3998.13584929703
1334.54075178758,9168.3644429141
873.066048713037,3173.33057793743
7006.58853139292,7619.81343396767
7729.52359423803,8104.96812053698
8345.77531999067,7884.1628192153
8137.21782040984,7505.49665878935
7123.81166570972,7645.84383187825
1500.31957305877,9151.54642334256
9672.61167955252,7032.97356699232
7546.41828959441,8654.13820883081
6855.93127939155,7235.22877562881
1407.25318721606,3741.10867275293
7121.68812927389,7986.32909392674
1645.60081325073,8764.42891703961
8190.434523486,6047.81762699543
1432.92987705509,9157.57426379579
1424.67049990765,9021.54533863849
3257.06213192217,9336.71032172537
1168.38945385729,3549.59022232318
1470.67717534261,3688.77793495523
1240.49610456345,3421.80767754401
7860.82171003851,6784.28367012883
7077.45302797725,8010.35554953258
2066.86281563557,9058.74058539365
975.475640909912,8627.60516749341
2045.40997345823,9216.72238099595
4707.2791363628,5504.14765654547
6910.93617483693,7659.74477222151
2506.40637173742,8414.01901446151
2703.60366657012,8037.15243345086
7261.37532299197,7593.16281690246
1826.52369947653,3657.61880112647
8820.44055836704,7952.58279161814
1707.64669325037,7442.01713447159
1555.64541464244,3593.11960645691
1377.72533279996,8078.2385015504
7354.46145532981,7252.91699081027
1190.0392778456,3603.34065161297
1042.77182462442,3631.71271258589
2595.01863380452,8968.89537626138
1503.18014602725,3857.02676861901
1846.37536142457,3531.96112470416
1207.29152697938,3308.23613482817
7212.66396939498,7481.90628434006
1458.42137000207,4076.75180820447
770.026316561249,3054.6282435257
3400.87302778583,3585.35395960285
1721.05907663607,7851.24706378649
6123.21658922789,7727.75771504953
1390.6541155013,3405.37725510476
7948.13762065639,7780.07927592221
7717.39144403294,7869.55326131637
1186.65681346741,9315.08712519867
7577.2061346939,7449.74307195132
6539.86904004871,7696.15254320117
5352.95233755747,9286.87649579635
865.219954872029,3483.16393399272
7830.75095384429,7691.91738731874
1412.38827628443,8531.86018168973
7202.98953913946,7568.19511236872
1730.17920924906,9004.70417850392
1853.25221692648,8890.42377740619
9213.55574043095,6698.45876459525
673.138492396978,7672.71559193951
1190.90051354316,3503.53557422232
1314.71531098434,4019.56907203131
6602.51758964136,8093.52935022192
985.655484240411,9104.74784067143
7774.03744948766,8231.63350505962
7269.99439372314,7597.00464941852
1515.12092250423,9051.28145930771
492.252002743239,3341.50122901673
2331.10757818274,8890.39727560496
6559.00141764764,7598.55385012302
6733.32904512164,7512.51161088271
7371.37295643416,7308.02250014606
7198.06267930315,7601.36674597305
7141.16001714379,7071.38728798747
545.754973348731,2091.93935947729
7453.24536270517,7146.6834814944
7661.43834234799,6790.93198602685
7863.24793164179,8172.55344383301
7071.82101740414,7200.78270722105
7513.29911678416,8005.88236346711
1400.14277940552,3549.75196469789
1479.83977683802,3803.01860227475
1684.8537247404,7656.94512787952
7010.58650016306,7658.17493283066
7538.63746475765,7830.23308229901
8756.88905989964,7623.18510126124
8144.97344683425,8212.19655403116
997.087780076118,3335.30605522523
2333.33580705012,8879.02817753846
3067.65006043071,8794.62445288447
1396.07527606315,3281.22666131915
7085.58946925341,6845.98308358405
1830.72239881426,4661.98033280144
6640.96000725656,7594.20831411365
6266.30421090041,7266.04641231781
6896.58603803752,7615.22963164438
7435.35627125994,7700.39224895441
1140.04506523308,3104.61109495615
8119.7616093502,8356.22866313331
8116.61431283987,7406.53757302667
1597.92270760356,8333.71391873469
1480.18801597316,9054.20235836538
1670.6034000619,3799.711083217
673.743387805266,3533.77555090801
8918.29537856492,7596.62446283227
5141.43898928477,8815.34821815649
5859.14437456626,6394.07300435863
7270.00721360006,7430.65595972791
1710.21886196016,8961.59796607574
6739.19043175907,7479.2166039282
7705.7570171649,7041.26935806305
1833.36627265878,8089.21221569921
7846.66551715774,8429.92004677645
7580.65484189795,7349.8850819666
1078.82236210475,3215.48261952521
1329.92238909769,9238.04777591179
1460.6608213253,3628.14817082423
1744.6484958399,8649.82052618946
1160.29700610504,3509.17255053158
1783.91819066554,9002.49057198046
1652.04925936154,3698.26467128744
1871.34867747001,8759.68284324139
1496.85939383855,7581.05975106843
8498.36759033408,7777.81779626006
1420.33193017147,4003.29654530302
1385.36333773491,3154.58352323963
1762.22189008514,3884.96720612976
6833.10659661262,7457.22773753983
1243.73081390301,8879.78656345084
7379.44387065991,7829.53833201547
7456.78568041067,6814.57564942039
7783.67686395387,8304.51358908426
7960.92736068785,7085.72943375708
6693.00426286779,6538.1148150606
6451.21587750475,7369.07236816628
1745.06734954944,3841.49808161611
5928.34548730187,7129.30493419158
1126.37118107212,3629.15294145043
1646.01118331873,3995.70235339771
1314.7368641919,3686.98579245646
804.863880931728,3243.05712270796
1037.21256389665,3160.8032375428
1080.83886019919,9033.73604801112
7134.73325584342,7472.95081753702
6798.1458271396,8395.20340122757
2771.40801268746,8420.94626417111
1320.73912998187,3640.1150735242
1127.97046975243,3623.29453676706
1477.069093639,3522.20029891832
8065.68189887316,7865.13233932654
5942.96799840666,9322.99480849249
1176.79261224244,9100.21822212027
7899.5495204295,7614.22289639583
4321.95643536731,8224.90260108515
834.923128095225,3231.59238401875
7472.85432841631,7828.72105523951
1206.68605729208,9137.05884475509
7505.03767149223,6831.38068070962
1163.41969342262,3484.77390023717
7192.09219509856,7946.09065024916
2633.31980504369,3458.26835894893
7086.19478731097,7162.30494533576
2728.67475994613,3510.13692273014
1439.83717258513,3206.30538119934
1541.07416170282,3655.01266775955
9111.18451365963,7684.00306442157
3632.01549343251,5076.0352599703
7023.75328459759,8099.04460947293
817.137706778308,3536.58468111559
1929.06905089863,9127.45662610522
186.471635263644,2932.83447502264
1752.37818881124,4221.62592399705
1767.4570145214,9377.70624483682
2128.93070771803,9008.75501147922
1624.79449336813,9208.07429104667
8363.171958369,7007.09046474794
1086.15290519192,9364.20263083213
4486.17178840453,9103.33896409225
8394.32552790032,6635.10671398625
1455.89717672342,3609.97567561466
1230.98405978053,3620.65251614326
2102.9462301557,7755.29959463922
1785.19948635794,8649.49471868576
1722.32880047185,9216.47806191508
7277.63450507493,7689.2614071286
6666.22143548454,8133.06430449895
1545.79588316169,9096.15663543615
1364.03876022915,9229.2654425723
3400.8588948756,8209.63509804936
7794.38018113746,8122.03395981115
844.08254058498,3370.68650788408
7795.71560317397,8047.51747878047
1268.13367337654,9052.54073055728
6897.24232549018,7637.99565877704
7977.58046080242,7987.47653813518
1191.71900059679,3837.52780630903
1487.79419898498,3495.85454297945
7140.85415493679,7815.88662896682
910.676345791679,3348.65011095499
1324.85502787016,3358.57759392673
6640.56022393947,8175.79037736808
1904.42797134551,9131.26234132082
7139.69276651055,7750.87087350842
1303.13402882147,8931.94135637965
1027.98501462926,9047.13358509208
6723.40523823766,6331.6125814918
1683.08841928425,3649.13667073005
1780.15686004389,9096.05796135509
5044.9133898187,8391.15455253874
1594.87348833522,8564.4331569659
6676.58873105087,6925.46140538087
1342.85835166066,3968.05488877627
1576.80419169368,9174.58351576885
1527.4870043933,9246.2581986401
1386.20442185047,3767.95743907774
6815.41236928152,7147.6845836138
1056.33820072998,3535.10062015702
1450.03096008767,3722.77230405535
2243.27460007087,9131.27895109911
1604.83233055926,8916.27612933171
1340.501197602,8969.57254564705
8031.96845955525,7515.81648675127
6607.6663790871,7542.23471436716
2285.93694698751,8877.06637584203
7363.38343117398,7258.2240205946
7677.96866502503,7849.7290330876
2758.86189200868,3546.82283304209
5839.00842037141,7438.47661900713
1461.31021824133,3583.09170812504
6975.80918426936,8072.41715072256
8037.74897546166,7916.69333286564
2293.92501888953,9511.66398641132
1328.16591801248,3847.15403388983
6858.6684390148,7849.90791485709
1535.84479030394,9050.86189945035
1524.91723544588,3708.00841014099
974.880427481178,3128.88643424469
7362.91671747315,8473.52089739783
7500.26839376051,8116.43506356766
1470.19820587374,3487.30520437485
1570.72162854766,8807.25000987363
986.58068733863,3485.8884598908
1791.02231136608,8965.18456608434
1326.22235093404,8951.65452922581
2321.07145508585,8245.98800702957
1376.44685409069,9070.49048770805
2036.71622653618,3819.67102690604
1489.13716667346,8825.3656348584
1624.1200624897,9037.65624058195
1344.65805853857,7945.07373801837
1072.58900437202,3339.32269726602
1436.33872529887,3521.47358445329
7336.39770351593,7339.0246462594
7525.24170989415,7087.30013418564
1667.44603704616,8736.31144374656
1551.76701875852,8785.1753808164
1347.86225621981,3496.43093225176
7721.42543604182,3925.52727497322
1384.56386801662,3073.29559935023
7457.80769728149,7122.57460248682
1222.95984420867,8916.69912156359
1766.56421283,3616.95772997458
1697.93535687181,8405.26673271845
7898.87419216982,7521.52096483781
7662.43209158943,7696.56251846542
7524.31415822417,7361.07916751693
7294.36841054442,7562.33001802819
1001.59228780996,3397.51225351238
907.505332044149,3237.61542415544
4196.02290393263,8317.00733760133
1481.85249522331,8345.54069476516
1302.73417156453,9077.77685094805
1121.92967194987,3169.99592220537
7373.84316602253,8478.1997989398
1526.71221472623,3863.08993058839
1237.93132280916,3922.71431509357
1693.21470029333,3440.25416180603
7880.87043645847,7176.70540340975
7732.28102884499,8386.16308211168
1152.07161141262,3535.21633739893
7430.97427898621,5530.11010612984
1088.10739027828,9031.21998119573
1519.52246255514,8887.56489285929
1196.48507839191,3642.37811881266
2015.54702088956,3728.75811798802
1843.20901926437,3641.26355292453
1212.74617335397,3768.78252454814
8463.10678290852,7243.18477327672
1508.8102160606,7919.94039258426
7771.68987242376,8164.12761675529
8057.99272734933,6991.85729607183
1180.3356606293,3311.83099659916
1420.73102266768,3912.59603051397
1999.81894329115,9073.2828953308
8276.55394255932,7845.44803465616
8537.63391223515,7450.27618214732
1336.72007068562,3175.38578663277
1566.4815691806,3028.15858103419
8146.75969248615,7758.6693807219
2058.71922255492,8598.76984430238
1417.00264370933,3652.0073586308
1553.26227791328,9133.43677334979
1383.84373601658,3560.89497919715
8480.03783738943,7250.82470893856
1113.40877582642,3479.70887806516
1337.90822924978,3717.36344958844
1397.63185638116,9298.71367378384
1218.88111089335,3559.33530382117
1226.48333333957,9108.873923377
1233.7722924815,8918.39852844954
1334.46829529905,3839.94933578041
1550.43179431546,9076.39334450307
890.934760457731,8031.25416756726
2487.46413547637,4287.82648653689
6774.29182526743,7966.24603507373
1774.57131877812,3832.65946752985
7495.4298390981,8009.53021889285
1011.66814542617,3456.91847965015
1446.2717493818,3603.44817730896
7352.4684291425,7674.17737961934
1306.48540291937,3545.0044318901
1774.09172777111,3457.71787169384
2848.74785632076,3848.49791445874
1649.21224840094,9166.9538632961
1473.10271986927,3861.60768871153
7483.83522861726,7332.98850832026
3156.28146365693,8934.03170230372
1075.39939801008,3714.47623410545
1422.25767212329,9090.70345259356
7197.01373990912,5816.65626292719
1367.06178212348,3172.27444490712
7676.81636643035,8130.31552298344
1235.32412073626,3284.62980139619
3149.34050446115,4537.05649684962
3569.67727205195,8342.61028902568
7358.31069017794,8220.64487777202
1447.24151468424,8891.74035841155
1230.47553397706,3254.12134121725
1467.03463286625,8978.3796661394
1369.53104717676,8924.43112459329
1011.02787557719,3446.65652550831
970.734404858253,3429.77058710624
7456.1872544591,7232.05818732598
7474.27810319149,8037.20267468112
1569.91019648902,3639.74106060864
1496.28779617425,7927.35098395996
2049.44124381281,3638.85341798595
8100.57125536032,6547.66458243532
1672.12554740127,9199.64432993549
1396.73915656171,9091.06455011144
765.2962015899,8593.4440611524
8418.23107406059,7363.43284957873
7394.71258854881,7789.58699974171
2000.88783417751,7994.63223757211
7359.99130803637,7435.12165386928
7860.82277090265,7907.33082012596
1469.79538337518,7417.77499026518
758.806451459794,3431.45988201662
8375.21788036475,7645.94344084033
7322.11881688592,7812.73705992611
1192.13111548085,7958.35377012909
6603.78068853226,7495.80924083614
1350.42126508242,3917.49841777652
1007.21306496516,8889.30145369466
7240.03061809682,8556.78707622525
7663.25522967839,7641.56132566459
7063.49202609288,7625.22518851746
7296.37639034983,7995.03224318751
1351.71852367164,8067.36883817455
8429.95044362502,7140.00905673
7390.78798562836,7701.9506296116
978.223840080883,3283.07320139556
6249.74939583027,8056.03067042616
8048.36273310024,6946.65478628046
1398.93713787331,3424.33843171977
8506.77320471279,6167.28657496989
8127.58439889998,8071.44909936701
2370.22629823092,3556.03530690077
1480.96045223049,9031.69818860977
2236.86651320024,8798.65951181021
7089.3386280686,8011.63703662104
725.628597416283,8840.81542106926
1566.46309659172,3577.82050083774
8327.47457095884,6599.5194706264
1591.90305990789,8278.72522384549
1264.52135846087,8851.18770425468
1044.92363021502,3325.03837168937
1629.93940970753,9153.7997547762
6709.08897409374,7461.90981013724
8036.48361191669,8032.28713972096
1692.63250613425,8927.1460680333
1892.84185924369,8935.10221855014
1155.96841410127,3157.00257832754
2241.74157111722,8825.05608263379
6057.44753185613,9057.02723158633
3297.22834114595,7963.79626931141
1715.36199778508,8880.81198296647
2016.39233204243,8730.13858886453
1027.02556433586,3354.67075967795
1444.22990053689,8975.24592971814
1775.49194078763,8139.15773944402
7006.72541310242,7551.20307092112
7815.13245298178,6616.57058266007
1857.69383612454,3399.09178039288
8789.85748940814,5921.53465942526
760.475927713417,3229.42915096689
1448.59288276967,3677.61302250141
2097.02279866634,8780.65959092367
7387.48478808565,7999.4700481202
5925.75809349078,7263.54483662875
8294.98722972756,6677.45106284977
843.072869287668,3457.14421802282
865.105546132938,3130.55265703551
7326.79902444697,7053.08517409123
2161.30112602818,8943.30349418827
1485.08674899114,8943.15312340128
1720.00286140289,3623.44643018599
1056.9001450926,8670.73527450373
1214.78477677382,8808.21847903793
7888.59023600421,7227.51356720988
6369.20996396445,8033.5811826685
7410.19820404809,7620.03256316417
966.864774973469,9099.02012959221
7211.28946660555,8235.92202209368
941.921618123149,9260.86105135921
1265.35229978202,3308.031453468
1776.37045931002,8909.17144662377
1282.81472958194,3748.17648030314
1092.1110438324,2841.90593335802
7352.42977183089,7009.96429177841
659.242529469466,3269.14808154952
5524.43194411722,7672.78439343727
1169.89207300738,3819.96924000213
2052.02734539578,9167.19302906424
1231.67130730174,3545.02057256919
1591.23483709518,9333.13836746913
7471.28502938155,7639.27945599456
992.27917163588,3335.99146770239
1241.53783458611,3504.12974325974
7328.08350556553,7635.99434122857
1710.18926100467,3573.28571708557
1854.38050843458,9254.09565047346
1372.22059652785,9385.79799412734
1237.8671633762,4099.47270290158
7966.41630310636,8209.00803464404
7642.84348943994,8054.24666446698
2165.14523833041,7881.36164509783
2097.41078929042,9191.96319662347
7532.33829756743,7003.35644482472
1634.84114972752,9191.588626085
1109.75057512387,3455.53829552137
6174.13812640746,7260.54548850863
878.445827408777,2950.7101949602
6130.11807243569,6995.43940248679
7507.92953259482,7465.91788727749
6120.16361854752,7238.35258847081
1534.37459966876,4054.08579034986
7987.6014118084,7527.32080791988
7612.06793204914,7705.30849228413
7387.9818439434,7236.15468263909
1466.63099421405,9459.32616608293
7175.50906975617,7453.32091655788
955.099056374366,3271.82460001118
1382.49827030322,9407.08256427305
7410.36634607461,7880.68816875147
1246.33754808965,3508.34745642724
1108.12993805169,5544.33584163407
7063.42307174528,7544.08675170361
1426.34441735995,3723.18964378134
8113.66781851417,8255.65012200139
7624.57929166063,7318.94364854549
7854.07992840911,7705.49118270182
5313.51656076605,5670.94709744664
4303.67179085773,9088.26390350647
2215.22470525691,8430.18943400226
962.400617179768,3503.77686956739
8801.94008416998,7184.52969563678
1386.74069349189,3277.94873311939
6606.8734648116,7319.41221244528
1837.02652669932,4059.50901788011
1712.71615575858,9169.37749038506
1320.81408076893,9165.31504261149
1721.76346487672,4509.41533351548
2517.50933802323,9228.30766497751
7353.10880819944,7949.63449896388
2161.95491204951,8841.03487928439
1404.69083042737,8564.34367727079
4018.29549946291,8322.3895562436
7274.90112687892,8420.29879137304
7330.85547054858,6580.12702951542
8322.45241579992,6849.65091388723
1373.63976561167,3533.41412502406
1240.28945552303,3467.8537667169
8390.20963544282,7463.923674082
1775.22836622469,3947.65129216153
8101.57989067981,7757.38864270349
6804.42300403288,7550.8782633394
2167.61648054925,8629.01022990221
3959.44757334497,8304.2905494258
1590.36298928817,3780.73203175136
1859.70820554832,8199.8272571174
1029.46711514714,3618.23940364448
2719.7411007425,9333.12617541599
7711.53597928553,7945.59550668254
1618.67294015642,4378.91197866956
2019.41924465134,8292.40110656007
6554.81257770979,7642.64509543616
6714.89308008038,8051.33147031916
1691.61931716089,9263.78493729346
1359.39883878049,3359.83216312502
7038.85894014836,7952.1423455123
1473.46482347597,8926.14292552374
1229.01850935695,3578.61702170538
7916.71558685733,7703.55526497302
8204.5667938098,6918.38919340735
1002.47802171713,3311.55121413968
7131.07625733905,7805.48661225713
7660.70544048419,9143.72870988857
8240.3174867908,7267.11219708085
609.400406153994,3111.96725606633
1152.12522941397,3588.23704844549
967.391752003549,3238.23550894718
7690.43004665519,6975.0214385221
2088.68983308419,8423.50132297874
1589.1900195047,9311.78764091145
8158.03572681097,7893.78266128766
7870.43159864281,8258.26443653013
1307.99332833383,8430.00694967367
1091.42101132138,3023.5600608681
1434.77598705846,8813.21027880862
5978.80699365403,8054.66061475127
7085.61565506017,6581.44565074015
1296.7208932038,8449.65474801732
1179.59934463345,3852.04986308669
2036.63338037883,9118.52020656612
1415.69444854129,7941.40626065771
1823.94318678722,3613.8133196929
1236.87529271361,9221.0995212932
1032.62185018889,3689.03989317785
7712.99011384674,7819.55848696348
1607.72367269511,8384.79848544771
6504.94366716843,6781.69788180931
8144.48407089457,7885.50829219284
1582.2680587281,3821.16211200965
8140.63758432446,7705.48947430659
6216.44115521278,7353.30937653829
1594.25630080175,4968.83041120802
2024.23879795426,9204.52062418788
7388.22529298658,8279.41796393589
896.035051733493,3329.56239345573
7272.82724489305,8292.05174572924
6533.68919368782,6915.98829782365
3183.92513194059,9077.50854104672
8521.49856313841,8208.45489511856
1904.91321842274,8907.51839481307
1685.60323085256,3634.43529353425
2018.54943270316,9027.64000992337
4694.16847478484,8220.95988259239
864.316141754436,3332.83972185549
7560.80028782025,7893.24156399514
1392.77458633809,3670.11615989113
1735.84885592418,8388.78164310892
8011.00194695166,7550.81817956922
1536.80615728166,8997.32522627616
8377.81433418802,6211.77359244897
1053.91567922046,8850.64001509512
1551.53137696117,8280.61284311861
1402.05844681952,9058.28982609162
836.523265849705,3365.35062622947
1209.17617711224,9189.51777022829
832.793665373408,3136.160952949
1165.0370252909,9020.47398176288
1598.39663723952,8947.69300153879
7053.31724015131,7671.09120386058
612.826912430496,3312.37359270163
7661.03803343217,7856.70898660509
7409.68069640801,7956.89984653359
8557.20604153347,7447.56534346383
1738.53686138377,8285.60996945944
1152.00434907765,3312.54678068497
8929.75813960175,5705.9411310688
7596.50916119125,8068.95452475143
8321.90716067974,6704.86581814554
2035.41830545495,8082.29428363608
7116.7472548024,4145.72684238328
1061.86979065817,3320.09400790155
1740.49659400305,3523.70791287719
7432.56792702998,8616.24122828226
8522.46515160005,6786.08427659724
1141.4404137896,9007.09436589671
1355.61479326844,3646.43375470658
7897.53156836952,7768.62557541905
783.79891517035,3396.86037201668
2429.51101626825,4123.38433367161
1333.3733455012,3879.2231457353
1708.7799182335,9053.98605283883
6774.76322321543,6115.32474898108
560.573235239496,8666.64068256768
1431.82420144058,9268.9104702447
1404.49869057133,8795.57202738464
2146.87554150239,3650.04219906739
1123.34821902036,3717.78579724124
1114.97142264331,3436.01226806596
7614.1851185424,7651.79136874745
7878.58767745142,9322.20422201538
1665.57612014982,9190.5203803156
8212.67654219046,7769.2865012935
1387.30241237301,8685.23606209009
1157.87282278289,3348.63659297887
1911.18455664324,4035.86114052508
1964.91320204698,8968.56301214685
7858.24973814766,8633.94065726483
2421.32095210298,8268.78247463149
1462.02743856272,9111.9158272186
1048.91623822216,9136.17176334357
1541.98950619564,9133.10133962304
1707.64882681494,9132.95404505375
1514.5187155221,9080.59736203762
767.420818205821,3151.97394624557
7399.3689610884,7841.073853464
6903.7737443614,7251.61944579457
1222.61675902394,3423.87515838528
2315.19489709102,8326.26988317471
1678.67986662774,8196.7216175736
1129.97366256885,3355.42650864848
6515.41338342547,7680.57221262363
7457.05114965883,7402.99721633059
8297.72225156094,7437.38934486549
1326.20057816872,3438.22561623487
2195.25641241287,9113.00811103018
7854.58326159662,6033.13254835595
1686.30359606705,9274.80832881864
1915.29769481998,9147.32531828978
884.190820222292,3224.79565253679
1383.49202921108,3435.93616962179
2126.51670849962,3936.48258503703
1592.19882020941,7864.15302522471
1786.47715131751,4000.92802228917
7946.11627212151,6318.75780588374
8505.30175662118,7981.66695867236
1967.61535861327,8268.83911269467
8009.59261152691,8116.48225797893
1527.21778739555,8698.46288977451
8157.33404977708,7806.1981568218
7530.09247163823,7559.43282461303
6734.33420856556,7743.05146455594
1785.42112196054,8735.776001988
3540.78498204548,8566.91582505475
6673.25214892796,7387.79973492658
7145.0751129187,7947.95182268409
7772.16880683874,8069.99888753244
7955.02024443478,7672.18983901127
7532.03035697257,7369.27017857578
1378.26471589276,3200.1965223655
2088.51632224159,8826.48356885054
1355.47000411351,3569.55305830693
935.833370861151,8743.14732131757
6560.08066093135,6976.51909057651
7358.33988343687,7100.8515966565
1870.71544842407,8553.01522164179
1962.09257623566,3239.05035297801
1084.68647611938,8374.59588979735
2064.04654499125,7603.89508435595
7536.9755253964,6836.47423328988
1389.85584420092,3447.31406667849
1452.55307404389,3599.97363255156
7261.03978122439,7820.28164989847
7126.77994118733,6737.41059320638
1254.37632913658,9072.46684573953
1202.41907632755,3646.57588508525
7347.67868618756,7579.51344780453
7052.00248379241,8996.25700432925
1068.57427831792,3723.68502146639
8318.67362158802,7346.24038877338
7106.53331492938,7159.58027954664
2530.38632073038,3291.32869584681
1833.28284847254,3921.46608563722
7458.48089041395,6546.48597264455
1508.91469043218,4048.21043816925
2118.35593175077,8116.61506947186
2448.38558648703,8812.91793470124
1558.84595691294,7434.53806605296
7883.91106284088,4195.89930166377
2339.44201720491,8496.17029049382
1404.3733890484,8214.37226295486
1879.32736141448,9022.35913284552
7416.81500738656,7854.11207603244
1668.49082522775,9096.38760696548
7235.78269783322,6278.18150493564
6757.68282504883,7656.5155179068
491.438346517372,3378.5023528497
7510.54628749143,7603.3003709087
1231.51936411451,3515.80727636432
7103.57452048455,7356.2373519949
1257.68884063393,9176.17782273552
1582.38586501055,8787.67269713899
2048.55445779839,8290.28357821517
7697.30332179729,5676.765060335
1387.82111403278,3542.26006550469
2055.93943691354,9061.63602427407
1638.28559793065,8624.72182592995
1165.44597536171,9032.80516991158
2031.45417858389,3629.21575675114
1558.70023251238,8811.17378108657
2097.36626757892,9294.71945490597
890.320642782566,3677.46500365094
610.965380457438,9270.95741904882
7060.45438175019,7387.86788025372
729.936420702744,3312.28857819144
2252.7562786192,8528.56632916246
6433.04364707497,8749.07161851581
1385.86853468246,4296.26405633503
7834.56179598687,7342.76762620684
1412.45730587474,3686.54321624109
7056.71874516814,5986.92934309593
1598.08716304656,8431.60845695242
1724.49461332806,9211.05923768634
1567.15690519888,8999.64060832424
1724.25025603893,3758.70002744837
7310.16572146394,6550.86198232368
1821.24419525847,9129.5147005621
7418.23262145487,8055.30142874518
4062.57140233862,7380.01713902231
1317.64130209891,3364.81863914896
1105.59466892857,3377.18278200755
6427.89516876013,7600.64436432706
8304.3284922391,7180.85302874399
1061.77346074528,8444.48204115095
8367.22845175069,7820.80903181788
2179.54172147158,8272.58180664125
1602.21394786098,3733.74975982923
1563.09144961288,3887.57832365831
861.696199134749,3012.13417988089
7769.0785364305,8356.94765040648
7395.23689970993,7507.00382313617
1235.5555563147,3332.21628652799
7573.27728700205,6654.55118626515
1604.56408929695,4070.0814434622
1657.61921271056,9188.88263067921
944.893399904894,3243.83180390514
976.193681819013,3701.38891934191
6125.17351418106,5455.79609068559
1200.17096700552,9106.41099064936
4126.48325525368,3423.19007383856
7603.1475434896,8149.64265950066
1219.50991399039,9027.12226790893
1778.57740328562,9018.09743476265
1630.73444100773,8794.71336822592
6812.93600787891,7607.31440679807
7758.39468802461,7037.3348492954
6618.43308254617,7415.01564387321
1341.35207824534,3541.90802639797
7302.08301737071,7562.3506218314
1369.85410874245,3404.96446497982
870.108347017606,7682.61349800117
7320.14725741108,6757.48551817504
7093.8062578514,7984.94950405769
8098.24329547116,8276.05731553686
1185.82632646913,3808.79873253441
928.635929528505,3337.51178837048
975.79139210843,8923.22210205059
796.887994251179,8646.65498039089
6882.0515394817,7897.34691800779
2259.22507466343,8269.61099112717
7322.24164070805,8240.51008381078
1053.19274583258,3227.28413285356
3615.34687720685,8514.23288638511
7779.13607490411,7359.81543971772
1099.6089911576,3679.4196884428
2342.29203289512,4726.62956955278
6547.26577136642,8203.62945307666
6456.10052242462,5326.0056772172
6477.853355202,7316.28752488101
7104.7165027404,7575.35326234819
7663.41671324534,7959.42781122382
1284.44279887507,9176.40066605138
2389.13930552478,8043.23004719447
7535.06990212772,7498.88307838567
894.679402250245,3134.10294795766
1339.95057553505,8825.72263684278
7688.86539858097,8049.10039137819
7573.15198184652,8110.89098933492
1595.232650469,9346.69469568811
1911.96612221524,8430.03366652838
1684.59464282488,3503.89619975873
2271.53227579246,9123.32943297873
1194.39031065928,3489.33114539007
1486.84789826975,3649.18078202823
1571.60990345437,3722.3504854641
7415.46763190987,7696.71947565649
7755.04350935242,9263.54935963905
1516.48315105087,9045.47007471572
8501.84771593629,6904.5149050528
7876.58980330636,6626.88682710126
945.103983680704,3131.94189880559
3969.6379665794,7399.24370851513
3753.73086454465,8389.70830624629
8420.5072975759,6787.22610283727
2148.37966756946,8899.49831920083
2063.84206824219,9172.00468142441
1551.08082788735,9225.44699958479
7298.66275067196,7826.19656844063
1062.31538036758,9117.65435811614
7134.86842406855,6124.19616888893
6576.28874086293,6831.18080744202
2016.8309276523,8665.22346651091
1182.1392652934,8744.52051632699
1442.77509363798,3565.98773822769
7395.04505939492,7179.31772297506
1397.00540790987,8478.13653280363
2379.99652720833,3664.91674356066
1173.46706814253,3565.24583568193
1958.34227753498,8940.11767726877
1298.08140648438,3295.17188700132
2611.54453432973,9296.97450208665
1621.29878851046,3869.21862738019
7029.74421136384,8394.25105096249
2646.03749909961,3857.90743283075
1201.04227182391,3677.49170144376
1798.11671410278,8832.10790664302
1378.68999677687,3404.53020725297
1187.60558141514,3487.75535240277
7604.26665650371,7879.29328406406
1852.83479131389,3564.87116870758
7246.50159981524,7534.55325658575
1621.14895740997,3692.90635797887
1472.98821272406,3635.82695193638
1087.93405875993,9032.92615711157
6242.145016216,7771.76685037061
1684.7039893969,3935.53818912266
7944.20094255044,6647.53515399906
6943.70500428782,7205.29670949963
1834.56310913006,4104.45479654701
8412.87101513232,6663.10099944875
1380.60018300886,5116.68489651409
1217.76781597204,3612.40782498789
1366.70357881599,8650.41241436881
7385.82635084563,7808.53378846891
1523.59904314311,4124.21376201823
1389.18724416604,9172.50205994441
7213.963954659,7263.05846428033
7713.39680315374,8061.68202644746
1385.28604579136,8932.94713693187
1591.41240537581,8965.70619886955
1600.70946077424,3664.33480418358
7433.13114651731,7711.60329047768
1244.24866209065,3392.45549779777
6658.51340385817,6891.96269125762
7578.03297917958,8093.88022155404
2091.48309350481,8887.69921381274
7023.65277199233,7373.52317077918
1242.86572288906,9007.84926519573
7979.27601754812,8981.82955104988
1419.95195148048,3667.52302088735
1145.52782432341,3364.51754882312
6673.52476298499,7320.60266549942
1062.28540604929,3419.5583779509
5856.35576380743,6626.38548339935
1838.81392712004,7608.64338470513
1509.53614512011,8960.20301838054
1618.25453287191,4192.24214779814
909.383278583659,8997.64505125571
6583.06875959479,5427.90282719457
3281.25425922026,9019.44054273968
1455.62935627729,8926.64319384253
1923.15673860933,8250.08394583086
7630.00129633279,7249.09308797803
6189.50856324343,7224.10585892999
1400.53608016204,9224.56191197947
1061.61365974862,8238.40469171791
7980.67049220121,8406.81322937641
7825.60348891363,8098.40076637553
6955.30322055692,7299.29360653242
2095.79429359025,8385.04692488844
1597.21693449562,8443.75215904351
8440.33486750561,8123.13527661729
2327.17738050738,8925.76590316484
1732.54279731498,8825.18846919553
765.787621511043,3254.03594109004
7598.84717408013,7404.95147184256
4415.7718951452,7923.3088197337
1251.24534556167,8235.87930861077
1449.03696404572,9274.10210178074
7184.22050981977,6946.10486837888
7226.27730491629,6352.62582530837
1983.08999639988,7919.36346477082
7475.88149744973,6154.74919439398
6935.11957987371,6281.74194017817
6594.51581729792,7438.57843535105
7554.37224863941,7229.89041448152
7250.39798121875,7513.23626526728
3061.76979655144,9106.63536065315
7369.10406802186,7116.15317059876
1675.86789908132,8559.66009426466
1620.74380593683,8952.24493269755
1135.80522304408,8109.45198070325
906.349950015978,8900.83524772592
8022.60444751311,7604.54535365183
1348.98453626391,8875.78061080594
7807.2765950062,7873.44373366605
5406.19234180497,8523.54675785793
1745.93059680076,3623.86952414708
1118.4579923179,3078.70408542266
1535.21672833088,3930.53432240138
1666.86487303907,9395.59060613423
1228.16158423449,8898.25199455014
6411.33495336109,6871.55824764846
940.524986242148,9087.43488319677
2576.32134357386,9229.64464561225
1598.151632677,9317.59361731404
1199.39542251363,3648.15668243585
6813.5633795959,7151.33825046484
2085.16788291202,8180.48976817613
6929.79986425903,8262.96825280317
1410.72017962139,3465.84773368138
4584.3485887507,4041.23649260272
7376.48727426979,7637.48098213678
1186.54078560914,3283.14922926276
1674.46325437488,8753.90531535231
7494.53425495728,6705.38207699953
8141.48716499786,7842.47629133678
1425.1199416627,9113.36883336886
1450.97210032121,3764.5716136112
8036.94375983921,7563.94804340681
1032.81215293278,9152.24560669156
7387.09360565594,7441.48457800077
3375.25537689314,9385.6345790322
1776.67896118946,8063.60960200854
877.51343493032,8272.99569764053
2039.49996127422,8218.60457874111
1274.03049564345,3420.88988003337
1302.14767315986,2867.74347465675
7136.13893469849,6823.68238117165
1069.67352946793,3457.53687379718
6188.43603519394,7876.17701398389
1359.37695669888,3744.42699601256
7284.59047693239,7297.96228768707
7965.54251026356,8348.44182981928
7803.01097666274,7271.86989547372
722.123072766025,4376.43112594949
7593.71412060327,7775.99940115147
1870.98154012846,8990.40765827324
1307.33618270789,3609.70577739044
1446.93410183304,3242.31438947199
1844.95995651566,8546.05622214038
1314.4749425226,3587.29124962588
1698.88919847058,8105.45902690102
3036.62338263079,8735.67607108996
8488.38975574007,7313.26510852388
8235.69343672646,7602.07423034974
8000.20024189193,8902.34136196318
1188.42883142607,2928.9144530037
1248.03121311999,3632.02185343241
1664.62714454334,9320.29995262147
7960.03770522846,7274.32864073689
1402.36104952895,3661.00568486706
7804.69778856688,8014.54450415818
1533.30906756507,9074.88738018138
6833.85026007101,7103.47930382857
1351.54588379554,8385.40307765029
9263.90371397756,7997.95559953004
1098.10890059011,3415.89862087987
1056.5832761783,9384.34627508436
8059.59986710159,7032.04321044893
1133.04577816488,3714.93365942487
1042.19865517323,8843.71746537953
1302.82600655006,8193.0223430906
2979.58446990786,8239.30211006062
4802.2285974254,8468.76190587986
1736.20157802654,9232.25674116981
7229.35885562435,7192.93140526191
7652.36524907304,6228.57754355109
1924.88599743668,8794.29611698558
7930.23787158551,7324.22311899471
7229.7522651728,8206.40037700325
7747.52757896532,7164.68330980707
1500.27031801951,8885.57759988121
8139.94982712117,7153.99783323966
1232.58686183778,3515.30006976139
1431.23907006129,9269.58984307034
7101.63003916758,7700.58653257058
1867.91229662654,4188.47162111552
5104.48217354186,8925.73778307538
7994.90457270257,8192.93833097496
1844.80828534189,9138.24015686221
1062.20722851791,9235.43429131222
1315.66046216321,3471.37605015319
7775.07708176418,7945.41890722629
1662.22524848863,3576.37975988102
5544.7539871882,3433.21475898345
967.050105407407,4026.10302157218
1379.40831876377,8576.58059012339
745.998498064068,3195.1201949724
7704.55134779704,8156.75543080327
7783.8240683732,7933.62587527426
935.057549795529,8571.74717124727
2010.63518581364,9247.93459757687
1267.40498647452,9278.50685423979
1616.7319185496,8839.89840983859
1300.52205428513,9144.88464857752
1787.31990182766,9174.71810481523
7806.78985101212,8069.43532272627
1640.91202661981,3666.98540464913
1643.71897790001,8264.34440611692
1674.55737358833,9092.38529678855
2024.20922447299,3773.33904928063
1076.18778774941,9128.66603883179
1318.34608082525,3489.78615477602
2770.47639094503,9441.43695605831
1710.85325863541,3413.55098577324
7502.3004461498,7105.74718228019
2066.81975718321,9129.14758407051
1463.90016013211,8003.84542007103
1572.0700807211,9237.75268647264
7001.10741617519,7707.47816244069
936.372663928605,3579.52436307622
8740.3719098871,8187.68308004887
1333.94179271613,3717.5615605747
2470.69488718987,6953.4728400417
7975.79797014709,7013.87954130766
1692.68309597144,8130.42468018246
8346.65593458933,7346.63420932239
1022.05196068556,9331.51208689273
9440.05179538038,7542.63112344955
7078.43770968971,7765.42702133898
1473.22685413957,3185.63759337994
7880.99028811241,7928.30455077962
7078.98631144921,7532.87302277794
1734.05835170401,3887.31244633542
7569.71541966895,8128.67729209193
1319.45557127965,9068.87537543997
4970.62671252854,9050.52266762854
8235.86454498116,6639.89467966842
7084.66039222315,7898.9360650385
7128.85883196807,7926.37682237711
9142.70992743342,7771.29398900299
2510.85183043434,8803.50429546678
1141.40222444074,3269.02772143763
756.065469866727,9057.27499994977
1506.19764954323,3829.90352420975
1857.46738828775,9046.71110381976
1072.82856954642,3832.83887330897
2044.31447924397,8985.75970567009
6824.9445574853,7728.19733038424
1768.40369856697,3470.39060796376
719.438597667922,8806.40829947015
1604.84517488372,5819.64161260467
8426.16144013835,7237.43769682413
2247.72217714765,9087.88074183555
1254.96110360835,3618.89017114817
7886.35312094568,8115.61726037998
1837.22142004286,8728.36911705647
6454.19179995844,8142.00088877326
8022.52533864001,7270.62386491527
1530.69041749201,8791.79003550148
876.03614345411,9193.44438732323
1073.53635267461,3150.42871494066
2098.21044989163,9163.61157343841
7320.38969115967,7546.04364682728
1768.70813915079,8131.4548738369
2125.72455430068,4171.67410527691
1628.3286510611,8999.49786978168
6561.89280037373,7910.91342416701
1178.37062508039,3719.90993834266
6646.43531050673,7289.13572628369
7239.89745677483,7374.70565247724
1471.69922881571,9088.08765274919
881.275537877807,3061.39291463858
1280.81431749061,8594.91040659301
1146.15237312611,9179.74685923081
6959.22413733626,4417.80296323773
6906.95339327159,7691.47782149321
1162.09388057046,9103.94098219391
661.27780813421,2990.22231118483
1202.33581513378,8615.02476369378
1700.88481718137,8796.29548552793
2469.66700636468,8800.638000769
5970.72570811299,8461.95514810819
1116.32618421684,3515.35125310618
1739.03629063816,3699.48480247142
7327.34668838312,7761.93039693483
985.892450845229,9148.65147194353
6768.03264565953,8103.08663729545
1622.53667580917,9192.93601948688
1196.53186063444,9049.41786465664
898.146989975348,3245.21713695112
1341.48323220693,9033.04272120282
1791.34149979532,4160.64326567258
868.391906208603,3205.89530730852
1715.93857773841,9005.24570467397
1170.9365640186,8204.91544282675
1850.91804600296,9387.5165298023
2927.12187734878,9311.52190987624
1534.52174076417,3498.35549625123
1084.35801217793,4222.4195092
1982.3094848015,4245.24922013106
872.553492897538,3442.93604995328
2670.23053703498,3593.95347495926
1182.38576294699,8816.35455245602
660.396174347471,3410.93712497087
1896.06893213505,9101.84547827218
811.037274484278,3553.05606678917
6911.06134547911,5261.12302650464
7772.48128459966,6862.28683856109
7719.45878640584,7500.46318006416
1500.81348478345,9074.09764816693
6177.32889025746,6996.70393933244
2589.97763855716,3794.23503367516
2333.16696410962,3633.30192545881
749.665765059798,8996.56857603422
1294.54098872486,9001.48238915618
7298.12124157118,8055.82036829207
1516.84785551621,3762.83461254628
7280.06282851095,8202.79019880965
7974.01127742204,7494.44963020349
1392.91054397452,9146.42131457761
1584.97610189196,9196.47385579299
1426.79322054912,3935.86970616016
7478.56506576656,6958.31578671445
1062.81452322962,9355.31057259617
2028.33610761509,8236.33233021113
1146.91805304756,3592.68501470404
7396.12132330346,8541.3788110847
1446.89554339903,8730.72700800421
669.289834123201,3313.48042294566
9497.13020905963,8626.55623282064
1529.88364234627,8455.12321220291
1117.91304108075,8885.43749597215
2020.39163649488,8293.63416633063
1263.0909007127,3536.82098330921
1625.28019169975,9081.23743899511
7372.75079251274,7409.7811570645
7531.06682981434,7633.25935909489
1565.35693848375,8707.98445884343
1630.92128027393,8903.5366531805
1072.88869459606,3293.23323511955
7628.20127357772,7518.75504892612
7259.85228923432,9507.44233812105
8547.14020235787,7544.09560556248
2859.91684233147,8884.3707841031
7167.68802379314,7860.38103217685
1789.33808952944,3873.32428063092
1707.14841071162,9247.74011119033
8010.52438716043,6472.70016359371
1468.07988328095,3720.28581524558
1218.16449167617,3423.37051076072
2053.90515444706,9029.52541647237
1187.47003868504,3806.69756473303
1098.30933866004,3305.84368101646
1801.74521718551,3960.696160554
1606.16860920147,7466.15585019344
1416.43900191971,8816.02463708276
1516.4491870949,3747.30493073334
1394.269177828,3759.24363135034
7844.81889551856,7251.67478974194
6893.4969203306,6548.77989367196
981.306203645057,9098.01961162
1557.84902147859,3699.68867650965
1072.80691203255,8992.56653963798
7033.85699303849,7913.85403080838
1261.70676521227,9122.25805759
7422.02759507079,7244.3411686685
8667.73390967787,7485.36719877489
1364.14837623838,4772.15600598398
1003.84625417165,8215.82386208544
7340.99682910469,7821.57297367237
1811.17868013872,8928.44148199693
997.142829682049,3099.04055571137
6223.32314687883,7900.70275586954
7479.67949005528,7832.91448567063
1203.03063034342,3728.7964776132
1364.71343560379,3571.77131130911
1661.04867574897,8998.23753270248
630.505938077388,3366.23860558874
1551.88223491744,9161.05566450543
7828.08487101839,7947.99989457513
1895.04290551621,8370.96039427424
1331.33817052053,9098.28555806896
1081.93076538879,8800.81809409786
1341.07190921871,8191.21524242541
2342.39851436175,9163.95777931551
976.533896806129,9246.14608667736
1302.62010659945,3293.24622865641
7662.41776556693,7591.95238789037
7683.38816438698,7800.96206842372
1224.97294435022,3408.34650372963
8304.49945381003,7378.43198545533
824.214720806496,3090.40122209235
5448.93784664022,3944.06545893229
1383.94288507567,3212.27984222449
1136.16444897125,9107.07538043552
7310.53404125018,7878.39234956797
6464.67622509887,8217.90937461344
6797.98492953808,7066.53504807559
1057.92151721714,7543.0225002825
8611.47382883531,8157.52759383043
837.661177684105,3186.2906941865
1151.82258817853,3497.45948018747
7299.27808190145,6033.20528205266
1685.0695612494,3526.26759460756
1265.88610164827,8690.97005015878
1277.62821890085,3521.77322193067
7829.47851113475,7810.24979801346
6564.01120429565,6143.69467030054
1523.87657365087,7813.2740687398
2262.89702566263,8531.54423297651
7025.94299114138,8143.86113826843
1209.07110658656,4805.07391379612
1301.15436309089,9105.25448923429
7706.4579774833,7881.1553803413
1100.58989127138,3534.88714377537
1493.63301329549,3930.25711289402
2993.65510828531,3671.73487201166
1674.19744975213,4369.31809635841
2446.22508016093,8676.20410285282
1299.7278422181,3593.17935429879
1850.10510651897,8317.80351191425
7898.62799004684,7677.50595968117
7734.4991065704,8334.60340705909
3620.23895026061,8055.52418597984
1133.47628168448,3378.86204394941
1633.71408664864,8984.04703528307
6981.86526084025,7848.36202225125
1177.06854476829,3512.06015392171
1270.35218979786,3858.21453250717
854.300410941434,7537.85610527211
7250.62574405373,7271.50137406738
8442.87582511679,6875.66932319299
6208.93297942404,7669.48396869687
1707.11206351858,8585.29623763414
6804.34005476006,7234.24207678798
1207.95741217916,3411.83818885088
1562.04252330754,8604.88346207184
1704.63705203715,9157.88910325566
7798.03997885898,7672.35841969677
2224.92944197802,9603.68893258149
9055.40922046078,5746.67069024145
1534.23686254723,3511.51625530738
7506.98967447693,8006.31966941573
7632.66454204025,5505.50187111626
1167.1586223977,3860.22968411432
1644.05441174109,9089.91513350818
1961.62667074263,8591.14235864867
1129.93888678913,3281.36576384429
1392.95949850048,7780.67163073629
1362.04770084052,9052.69023011646
1676.43302182964,3709.21133763395
2127.94395379805,5092.23026001315
1781.72503070774,9252.93693385294
756.685677383339,7674.18219886075
2029.83302903872,9115.66865648482
2070.97639448447,9206.11842025896
7833.94402216019,7358.09014530869
1531.62169975581,9206.88096553272
8463.76909139178,7112.90709123352
8038.79403613112,7974.22879616253
7587.19161243434,8383.76731527637
1608.08538477548,8821.24304382445
7694.08524828476,8260.51347734386
7748.55499218385,7768.49392770118
1289.8387176656,9012.95059668147
1527.43051005458,3547.65376002725
1152.29606467149,3323.7389342237
9101.07866650108,6397.18702982633
1613.50992030714,8169.39561491471
1164.42311464913,3100.17296793598
1564.59905176465,8916.28084932599
1806.43189955798,8400.0445801762
918.220419882864,3142.0313376418
6831.89998587345,5872.84695670922
6915.35573912356,7313.69088875191
1209.08956455541,3348.63098261654
1783.20389639192,9326.47600695952
6891.56894855526,7564.1985505319
1428.65345455961,3329.42675071281
1446.23777975752,9111.3120712128
6685.51426465198,6830.70444711441
1673.72910842641,3899.09888545736
6885.19167168414,6999.1926694227
1657.00435789801,8999.96159775877
7615.48838053768,8294.30628357588
7221.47239437171,7375.38601145784
1005.52008844557,8944.23958280149
7579.01203493662,7875.26891955028
2094.2256925929,7783.92865431995
7169.86558524112,5702.92019730448
8280.88509552097,7241.74172143382
7947.48992295497,7646.68737249105
1119.05074177633,3522.79636206185
846.691410952612,3249.82417319108
1438.60302577914,9185.49599096244
1495.9509369257,8583.98206626498
7793.09019682531,7233.65738317521
1497.8660298125,8742.62028010165
9105.95073589011,9052.28030584755
6224.59345496688,7836.14723852126
1537.56130224006,9172.90954937653
1654.86476251227,3368.69669275943
7667.74657250117,7669.99739709948
7407.64927398605,7792.47339987579
7710.07925654794,7291.52945560078
7820.79578738849,7391.06169155172
7646.77202886003,8408.48800465615
7154.2944427759,7538.01549898789
7496.00872028527,8089.63968315771
884.286430427645,3225.58459015614
1432.63029410438,3741.77651491065
7297.13646308327,7706.15152023512
6940.39430761064,8059.17486115204
1721.43340764318,8143.41685133923
1314.99824845593,3981.70110957703
1630.17319617075,7761.78577183252
947.689450589389,3437.6193342878
1435.75504574232,3820.18782307977
1413.36353849099,3516.60910260055
7651.23134543129,8143.87868713415
6797.70712879611,8113.79920089035
8614.52818079623,7495.55841711987
7762.88880685292,7386.00902592685
6458.47456690069,6988.29904265442
8332.78591422581,7472.71666352108
7445.82122832099,7446.50332557708
6170.32693273495,7568.80649850219
2064.20616205158,9205.4896206792
1507.16958015967,8418.53582298502
1732.32984135529,4168.92563637428
1807.90093098346,9001.78306971229
1400.0806829018,9076.18025374182
8470.13990915972,6880.84899752284
7279.01489412661,6718.08053713168
7528.57942798216,7514.19760221983
1585.5773041759,8224.20216253799
1814.71961227489,3807.32590309235
7319.05597597856,7606.47564387155
972.318414194401,8965.1958643255
2005.57912972102,9216.94725165719
1450.97547632422,8769.31374200565
7673.49596357916,8042.45335567051
8877.19018456078,7708.85915134734
1451.10547974102,3937.14350255539
7515.71913169039,6499.00944080305
1459.78725280502,5223.2746977529
3706.18811228899,3282.55512663055
6913.54930161902,7547.30898348661
958.70123233206,3466.33129408256
735.573262324182,8978.39811095105
8103.00387194371,6877.4015301576
7788.99318458139,8447.89119096068
1488.50857211361,8835.00554433414
1414.06803285573,3763.01103584746
2340.01193964016,9157.33907842134
6380.52556008067,7349.16566386125
1256.896797628,3597.87567597381
781.579004819049,3129.72846882568
7577.24719436196,7048.44308686158
7656.31618525396,7174.60913975168
1486.74117399406,9243.33534154852
7581.23466553736,8043.1475026399
1024.01793641242,9069.59643398161
1542.35944203527,4217.5983051115
1722.34683718205,3846.60486506149
8096.21032097906,7696.10179868669
6733.74844187366,7384.79013049775
7468.55374879309,7767.37179727263
1478.53165124985,3468.2412590571
1536.80987108794,9186.04304750209
1408.75295597296,9237.65723066265
1864.58907537031,9306.22409034255
6763.46984792548,7595.97041792269
1522.24041263248,3539.74064378078
3785.63604190468,4797.27049608602
8049.14499818614,7492.48122144155
2006.6632909632,4720.1353040655
1273.73124171895,8920.9275926395
1385.27414252024,3457.91045468102
7879.26558641664,6866.86332908817
1850.64483141082,4157.41158001065
7654.31094835649,6683.23193722629
8205.00251933715,7510.70240957519
7980.66807931168,7415.18757820683
1806.96076951298,9010.86553395141
910.923702763853,3256.27159387557
1331.66197126011,9306.16921540463
3089.07833904244,3842.41669517274
1402.85473253576,8952.37261146199
2005.10520008401,9274.87840281278
7108.50301423651,8680.4546127907
1569.44033379156,9237.8594164401
896.01300819183,8698.02768858051
4061.49093945878,7620.70092915899
2213.83670325498,9352.27308585114
1238.11277852044,3535.34103203734
723.660794221599,9236.1504248653
1962.94667333691,9174.94999426207
1074.2571967064,8870.65739302988
717.677276453151,8945.25724923726
1341.80314260847,3513.90351106056
1696.31456226133,8850.7701582603
1362.45130267728,3768.79496503409
1897.407583332,9316.37431587463
8874.63209509299,7461.22549706137
2559.55067237768,8447.48616607324
6992.63629855194,8093.57413179754
950.872510690995,3471.25449056055
1243.59760707443,9146.53453549191
1842.77515329535,8617.02368724099
2774.69713348735,8746.03117461403
1298.41809226651,3479.10149005007
1354.22694751514,8867.25060732318
7413.53191402703,8178.50948357104
874.51677207024,2991.75534603161
8687.34150331088,6653.73153337612
6954.01679146559,5627.98315575172
7047.10262331217,7773.22063966419
2465.48572022695,8601.454565757
7211.25300060836,7393.04641474162
7407.25301862616,7428.95129289442
1627.29780302526,8791.39545107151
1138.47801245038,3687.63026861397
7636.17811466793,7558.81157128535
1106.13269103866,9173.16252300109
8167.10457565503,7305.78219498063
7148.79931045653,7890.19709964842
1298.82788828705,9082.64428890509
1040.51769006524,3417.69324244886
1205.77782579288,3689.79023966504
6901.67922586581,7114.57191081905
1306.39487305727,7859.33584924914
1608.75738338342,3678.88625417847
952.045471459127,9187.6909253555
8690.21668710003,7509.2133134404
1487.769647879,8972.05026048093
7173.373842135,7203.08716562116
7995.23737179699,7566.98387844617
7013.33170288556,7560.16753382376
1255.4285762829,9230.97889637307
1870.0997993611,9206.13716444112
1592.2997668613,5122.79696052396
7410.93003374458,7564.45344639268
1556.63126040979,3729.98921447677
644.616233397608,3374.44226092247
1108.81670925835,3202.09251510594
1390.21956532085,3862.04273661976
1191.30750647834,8541.91528712627
1964.0166844368,8880.21800424198
1332.54289989675,8440.78634591358
3856.80871756234,9017.17755331711
1295.33840883294,3371.75628429274
7968.64389038785,6537.44248703438
1910.19937286669,8855.60921665051
1061.78647608824,8607.74304727379
7738.67682021294,7179.35438891709
1918.47206114031,6716.2607059732
1623.19689342314,7902.82299381233
1780.95527536471,3461.12144695356
7167.19224606648,6194.20352629448
995.978630047414,9153.75988909805
1487.04538549378,9131.65989366759
1520.34360169661,8531.67952219247
2488.35703341698,8516.0334452901
2079.12777098364,8783.55217553972
8178.60030059667,6923.38079894512
1980.68302597772,4335.27602917063
1990.81876792388,3325.34318167802
838.986146070845,3236.06042318245
8021.71455569209,7319.0087430646
1226.8022839625,3609.03641710228
1033.81564065684,3240.86434855833
1348.96641785403,9070.09567554007
1309.84079457696,8472.19208074902
7968.95111518812,8011.4326754674
6985.71242863206,8556.3987490467
1277.61191853614,8837.57140654575
755.914583225241,8677.260057901
1070.22253886659,8365.12401010525
8433.8634797211,7794.35067582594
1437.98319791386,8951.37081374825
7352.78715697193,7223.92149449505
777.252322591188,3092.59100345724
7621.92616402152,7699.73603934821
8255.2537666864,7326.0377333412
1491.69612808288,3904.35101782027
1079.58659473481,3482.94919369397
8791.04886981012,8276.20701961529
7807.53188816925,8207.24166724066
6899.7870840478,8050.17170489862
7466.87911714402,7952.66524594696
7004.26506814429,7497.65894355274
934.078940972526,9002.83971578597
6648.84491359807,7683.368521088
1881.25484441039,8399.24467284108
999.4929461227,3642.0375996875
1299.76160692047,9154.86986526013
1277.24401094603,3818.86053774068
7057.21602964379,7893.95744812958
7589.95557674527,7292.79658282167
1821.34223550983,8932.09571257605
652.602593979484,3184.16651415778
1026.52538544649,8299.0508161681
1623.24749641911,7631.44508421007
6917.68747262994,7621.7423789146
6700.99336198698,7805.16467508341
7652.94906909816,7367.4799590539
7807.36172881424,8178.33999087652
1822.69231462693,9018.91528890598
7479.50459001177,6670.12316698789
892.041976964186,8959.12496148912
1102.73407530858,3299.57432124752
2294.73080845498,9412.24121384761
7921.38234496221,8568.21542164835
7357.72409570842,7837.7391946064
7843.37348214642,8062.79544138797
7821.4647931567,8100.03888251293
915.599589127176,3401.32409254461
910.709133296347,3035.11393394167
1126.86305372324,3701.77597415234
7303.90611565873,8047.62763617114
1180.23321694458,9343.64325335151
2317.3410591342,8961.33281580649
1615.88588281144,3644.61546779592
1560.76970955889,8917.139491803
7270.15620041023,7760.35953428095
1470.05520333831,8417.85406227004
1063.69314863219,3056.16051218699
7996.12973599876,7913.16470116412
1134.83710798975,3931.23584234584
8150.62292158104,9446.34200504571
7458.78979358218,7958.71954883517
1210.23674690301,3420.45899012397
1273.84055015959,8703.92743137817
1516.17767031241,8548.18984174377
1165.52947191056,9387.61246390792
1146.67311820033,3350.75211736046
1335.18839008999,3627.72345903302
1420.5854853967,3811.53901123959
1302.25141873479,3293.03337626571
1125.10204533855,2996.87596637662
1534.30288007348,3902.04475999131
1635.95170222706,9043.5370445046
1093.04993153019,3557.79203076955
4415.6947950578,4035.07911100536
1396.93163417974,9305.89247402525
1295.26636046563,3656.1208684612
8205.95629695743,6190.89559489609
1673.68056711981,8916.90174888962
1877.87585356913,3380.49534314787
8621.48072551648,8072.45418605771
2230.97768715436,4041.81462964322
7280.20520656637,6403.40753334492
1098.01211553829,3607.74892968024
1545.95899895761,8868.97786333908
1077.69514822447,8918.29083732105
3066.77191490679,8618.66241692167
804.865485394984,3216.0370035881
8534.43742766299,7217.70515006989
3408.86383834795,9255.43234201632
8365.23656237642,7749.09168226299
960.65933306903,8998.64951993022
1694.62583437471,9373.85814154576
1207.77333330595,8968.64746200979
2589.15406292829,8785.64306754631
1222.16044375596,3605.07861822806
706.43531240335,3363.84594283286
7627.51826818578,7450.56732914274
7779.15385961268,8288.92257188494
1546.34732699865,3794.75969908364
1539.56388978154,8657.75498375758
8079.15950538793,6036.48176559777
1014.63054807975,3131.00755000446
1457.54401403812,9271.3096264134
7237.45534637438,7148.99554960709
7148.22875879846,8143.53020716318
2448.13672593513,4036.84980902896
1789.08794959137,8125.85918986202
957.965497532361,9005.91981653253
1661.47712778783,9256.80691814182
610.180007512434,9120.33174877746
1029.53767230536,3210.79010063573
1959.63170268773,7838.05916313789
1078.26037132009,3433.12283109915
7124.4637840453,8375.65612921736
7029.66695967866,6960.41301266415
1460.54186173884,3401.47491584733
7529.84086633875,7224.01151249447
1504.90912571033,9245.45589330531
8903.74868213372,7468.19945600788
1726.12769507113,8894.29011208788
878.175990288933,3394.0279522161
7830.11797385581,7685.40574921406
1399.10107576765,8871.82635144393
6371.81378243255,8794.6232877307
1029.51084090621,9155.15232414036
7546.89954850652,7643.87366888603
7113.12274838258,6296.13664370139
6975.35891882769,6949.20786400284
2045.20837809111,9192.9827901723
1395.68298234598,9371.88673391146
1294.81726449081,8877.17569241417
1372.60042643582,9208.17365438341
7373.09148523163,7213.44118412487
8309.29447987059,7815.23065768671
8585.93290252572,7626.71682359176
1266.88054928114,9166.99292754562
1074.51570521345,9157.16043626498
7024.63568325972,7507.35072348829
1336.91148018588,8828.33250567095
1878.54641229808,8578.02932592121
8276.98744743843,6361.45344760664
8055.3557811077,6637.71700656804
7834.39851886467,7933.88127781513
6706.79252345146,9114.2228617824
1842.83207072503,8843.10702125445
1017.25813695419,9338.02971787804
750.790679457724,8872.40349512917
984.720416680739,9037.81345071486
1601.94599279574,9058.96211034572
3808.39129442718,8547.63082710742
7807.63967696227,8118.67747194214
6895.98336524749,8833.73513668687
5176.05213130522,8301.18333321674
1280.58076771461,9119.66430357887
7985.77534770057,7785.6504472051
1509.09280074412,8995.19271104586
1154.04087859309,3201.51901158301
7213.71361874948,7938.39418176162
1656.42610277219,6778.28378177455
1144.36057469279,3450.31005494576
1985.16094260445,4996.67003467846
1952.65582321237,7883.99083988611
7782.00959288141,6758.17536984192
2611.20504734435,4295.78273502052
1590.03383160628,8480.53450735307
7878.10602000067,7417.32009238466
900.985019345122,3154.92699449969
7586.02762922957,7725.31061603607
1166.82652054864,3241.7929563985
5029.01911146236,6241.98246186211
7075.16851313449,8098.94965666619
1254.6113197165,8733.45811138673
7712.71658215028,7736.2994154172
787.094377198523,8956.01115010451
1073.73147469072,3599.86274559845
1224.88136103304,3500.91949372838
1767.97415826636,8872.33843815538
7620.51969198451,8010.77495909081
6527.83839089516,7677.0554921621
1442.64590447623,3483.12318872015
7147.75529841002,7884.2958313916
8577.77976992544,7786.89941045749
7715.33236489408,8446.37394122547
8092.623494822,7061.38116065688
8457.06694840747,8345.41149607225
1775.66173292818,3923.19829963987
6644.04632579096,7575.55117141939
656.781703179416,3005.43473848008
8657.81176634886,6256.27148562452
7865.67461721796,8216.17597424092
1696.17513971014,9109.61238169511
7306.10464740402,8371.63888991427
7277.11174093846,6476.57627809818
878.264658344746,3395.33906780942
628.677511905794,3386.88253517755
7228.19231878111,7709.33270241676
7643.18529601036,8049.54080767884
1638.34849204555,9342.55988387957
1118.42678606485,9159.68068965792
6642.13262021887,7145.44991906767
1124.67919233464,3569.73159405363
6697.67525175066,7914.92165373825
3800.1749580453,5300.93315812408
7274.25241580819,7494.61081127413
2502.89161892399,8092.82902426687
7983.12220063494,8036.02910889303
1751.37252021773,8610.18945844037
1368.65570016313,3911.88040054179
7900.50179467396,8092.38975380478
1877.20432453265,8371.07073179891
1605.75272638513,3711.31288205362
972.723688734002,3254.14430118487
1251.52844891571,8828.24245150751
1444.051529189,3735.63314843223
7529.19034628973,7505.03855097365
1359.19513747541,3850.0273116824
1369.81471914809,3648.22392542283
1386.29750480576,3629.60971476681
2516.64446088787,7693.87831773452
8376.43381045728,7003.97757643392
1828.09407190709,9403.60755967061
7979.36346258442,7682.55806250256
6864.69961792667,5618.39616499798
7472.65356447212,7482.66406560977
1389.64547728528,8958.06592514269
1860.93855130641,8230.85949679301
1213.68298066699,8996.18689132338
920.980022078924,3280.25971698309
1090.08771581273,3596.32011000688
1664.54943809501,4786.95619150592
6776.37970810105,6906.17548083438
1402.92757376378,3818.21061757772
7520.21539214072,8444.5501798294
7672.33693053129,7761.83510140875
1038.10710551779,3244.07451610793
1480.50306103964,3705.68927147544
1385.44227752578,8668.45829128739
6575.42997538329,7826.3136253001
7104.17877768871,6022.58614651896
943.654108632993,3277.81686804937
1534.12195830463,3622.33155393624
1869.90932193009,9126.62967327736
7907.29962797462,8069.17098285334
7625.28315897881,7090.74135342163
8411.69464993813,5815.70417539826
7003.13855669769,7310.7589332454
8206.21995356362,7713.6609871393
7394.63826164046,7094.67703481313
1207.49811447541,8493.55978823466
1977.76373799418,9058.95894255219
1490.81467792406,3526.08442252662
2016.92570560363,4077.01574925588
8035.00492997082,7680.67878196468
7626.50946666267,5453.46737584049
1053.99772619013,8742.60997346977
7719.7875673979,7367.81411389154
1315.01306220257,9305.25258791096
1527.95891413688,9240.39929487006
1285.99093900612,4156.71834811677
7813.10086258463,7726.23995854295
1417.01797310249,3457.63750611729
8579.48769405765,6769.00243845691
2174.05014766998,3870.73201659682
1668.73969440107,4026.210462742
8006.15995653255,7315.09182625814
7566.33299465041,7195.94840597419
2404.86933242079,9100.36508434314
7440.46366744745,7888.33309024548
880.033588910955,2987.83389803058
7667.60220485741,7110.36852607805
7160.70101855844,8242.656001891
2117.43752570075,8875.31196910504
6659.63605067192,6441.87469021424
962.105689614099,3266.59324710055
1569.02898730492,9035.4778123492
1361.54153863722,4040.89158569895
6920.78535832745,7811.54436733608
7314.68453270634,7370.22448397118
2075.69197373758,8886.23059465298
781.744862244739,3240.11170485734
1911.72713340047,9008.59214261192
1143.28651302486,3393.7193139956
1085.05904308322,3338.38316131669
984.405969391456,9192.54073538678
1668.13746929913,3410.16890116413
1088.96043776288,3303.77566491835
1047.05044658833,3047.96595525866
1120.4504683168,3839.68213245376
8754.17624525223,8135.730920646
4384.50203053607,9068.01202853197
4818.89093378842,7037.24434613106
7641.60661572271,7381.2609750414
8336.11994266716,6362.47240092846
6795.23179507444,7722.4506527744
1553.94258622129,3749.51934009084
2031.12114080179,8825.04291857078
7477.96624946727,7385.06452764541
1529.26284041161,9120.93241243728
759.12642822664,3076.31740478426
2603.06856796579,9113.55680643836
959.73973869266,3148.5837061345
6750.45320305721,7977.63813821125
1603.75223715074,9178.20470181172
693.96976604865,3007.91550396349
1421.31944712102,8625.38081978213
7890.00032099523,7800.57951265182
734.124744833589,2982.0097598087
926.027466309274,7947.24563385773
1879.78432620619,9112.80623397114
868.692162717076,3009.76107431374
1603.43306241818,8811.64337695069
6957.17479656463,7964.14519411977
7101.84671310742,8270.32918857484
7298.42933779913,7883.85173622238
858.326015807705,3131.07313291593
919.757193625456,8556.72263885752
1757.31505024008,8703.22075090463
1768.02392831385,3609.0309755931
3312.1082171715,8820.69197531686
2218.2355500089,8838.89405111249
7437.1788813698,8192.3034123606
3539.15078715661,5952.47337191143
1790.406678579,9006.97829447197
2048.45846854564,8510.74021707653
1049.09939078858,3266.89911517649
6461.20092365071,7651.30429915061
1917.59739145915,9087.31171802558
7693.89389560762,7450.3350276091
1994.84030910514,9003.04185596892
728.758400638866,3300.4111827663
7623.35073739662,6799.72150274354
7113.37399793938,6315.88686660079
1225.12789925867,3625.37820450477
1271.63161759904,3485.68825791686
1349.9370105871,9308.34695783604
996.042138549605,8734.78475019574
7567.69569440929,7070.76321627935
868.786540908383,3423.4436325036
1164.86297920376,4006.43040633878
1482.74839237084,3889.90555915225
1274.42181680515,3656.52544416493
7464.40167767478,7800.03608635723
1389.81145279384,3769.77224874922
700.648293864376,3173.38407938834
838.014972463365,3489.72577288306
1092.87864098429,3354.83358920866
7191.4125447821,7607.80664148528
1493.68861104076,3657.34669618732
1374.69017622378,3942.67272150785
1954.05286843567,9183.26798599683
1549.74013021963,9048.46619161795
1453.24612259535,3647.02625329209
1240.30392006543,8573.4392431709
8243.70792420363,8160.41213666751
1258.46897000737,3199.08878495289
7361.78345939222,8344.6834727902
8976.32047907294,6599.37635575971
1880.42244508227,8596.75201674583
7708.37925623332,7301.29737443504
7508.68393141512,7208.56160451252
7986.89992729077,7443.67717412953
8110.14752301806,7974.34829173544
7550.02381128098,7155.60099308065
1009.92190278946,3755.62643251593
8432.70201827272,7992.56474964014
1105.96259164001,3380.36402592127
1091.76426119488,3402.39654362579
1318.5159725003,8982.19421723231
1530.90641933559,3767.79821083996
8844.97768945017,6475.55946068338
8850.10490310451,6240.95813572558
1199.23232222111,3225.28866615684
1025.76489014071,8953.1156864693
7479.00320095311,8470.22956062529
1864.76856928577,9159.500175451
8823.3002728605,7383.41943774546
839.408090474129,3245.19448315111
1931.92547982722,3438.85983508642
872.395157175288,3206.24168763408
7184.7604063002,7879.07766035128
7288.98764817781,7764.66064313919
7552.08024664001,7636.26222629195
6731.80935988466,7825.03326774386
1463.94961846425,8594.61117966579
1936.29084385785,8932.72336944377
809.700035371778,3237.76076065513
7791.31247952089,6666.61183158812
1442.15455990557,3767.43580115516
1606.0179586859,3523.55143099846
1102.81694370238,8971.33770548265
947.512636020664,9020.30311474467
7255.4147511539,6863.19927390735
1358.07008218286,3557.56558450384
1127.72556396776,3412.22613279096
6988.43403681019,7759.40962554076
1458.42401847126,9139.23911194052
2331.92915960835,9067.13793725462
6986.30133435033,7054.42716005364
8703.95145671471,6864.42639833113
1211.31232667478,3601.94155177851
1305.74456894286,3306.0999783304
2790.38782962703,4242.63847261804
7430.79037033284,8147.78896836229
1106.54972684251,9219.07453693126
2237.39852824278,7478.04881431469
1045.87727062338,3118.5512791702
1375.21130173077,3552.98991918285
1436.35821251492,8583.12138370719
3202.88235173427,8641.3387194881
2237.13711494272,3786.39341877433
8042.76952154505,7295.71001104888
7407.05792317407,8461.03144194719
6854.60191866272,8481.04463589906
1609.0096105608,8958.78541023332
6424.21767979381,7518.44609998055
2009.42163393244,8943.59933727071
8711.73254570622,8733.96228204768
7900.80688089743,8099.95937745276
1123.63331289146,9220.47979617537
1291.93745358754,3588.01504178803
2192.27962406857,9024.82647792382
7297.3225518944,7825.06744880705
8123.69081433969,6170.137386095
7581.49069987156,7033.33829585739
7124.7421100598,7233.73483368728
1595.49838372111,3677.11336760864
1328.33618769126,3800.43113353672
1958.96392015558,9184.99527860203
7494.89880298737,7089.37287607621
7052.88693806437,7588.93090194221
7660.27256305198,7596.67002841771
1666.86908595786,9203.26830383809
7854.91653574246,8072.1110219163
2294.65781147074,8208.02228293054
7473.55942402786,8082.32578228816
7875.58374506084,7865.68151481918
502.397361879571,3174.89473595956
1658.46625886197,9027.74319464671
1760.21089219526,8656.26212612824
7129.35087124523,7753.40487761689
1522.01424803212,3933.87934478536
7416.4944747392,7996.94502703185
1883.35381618387,9027.96234977974
6237.65947365534,7691.06012269613
1111.30366398681,3470.60116176748
3852.02766842251,8106.76197516878
9124.30005925883,7686.5649030109
1094.7398409879,3496.10922202227
6586.74716488729,7979.68547109837
1966.22499493372,8756.90138724733
1118.9060023303,8802.95418153325
7516.01925138689,5973.92251995342
729.169033998199,9197.50287391111
4389.00765438344,8008.42745215387
7045.66105940015,6801.53523737946
7875.52241180254,7784.1236541374
6783.73409441936,7212.91535236164
7385.68150055118,8295.92996870712
1043.1172609076,3369.56858580728
878.458404295425,3929.26033980502
1559.63466439355,9134.36475071711
7508.20456196377,7857.08705946825
1649.17870717957,3532.63905824019
1130.74196792329,8977.77280832596
6902.36677549905,7022.02420542447
920.409970926644,8908.56995020689
2543.82722710837,8735.0017076531
1824.48477745316,9075.47068184117
7735.55651252313,7940.22642532723
6886.47148170378,7076.9821500003
2053.26953187068,8888.26611466448
2687.93236493055,9024.66974479038
926.698711848158,3258.26936874435
6741.14272993013,4999.36924327107
1899.09182174861,8495.73008545495
2039.68015518915,7992.40639290977
854.33990345867,3147.4622932692
1672.56794643954,8960.29768874173
2342.45818615522,3802.70820466426
1401.15062009936,9243.84889048951
1129.55987348981,3853.86709528822
7346.20958246825,7935.85371692249
5722.73661000227,7484.04384407611
1682.10810523837,8972.02077651606
7131.9504698785,7755.47512407946
7309.09183351691,7009.31534326665
1302.96060043379,8817.92564861144
1355.29679991488,3456.3944716705
7205.08054523585,8229.03211955053
8231.0266787151,6240.04418360255
6653.7477269286,5218.53145249377
6668.47104526587,8248.8510735615
2208.28845041693,4131.12895783409
1766.99780994175,8699.62844544206
1675.72423210612,8831.15906747857
6404.20820058233,7500.46606618034
7518.1146957886,8176.63717441645
944.198782020393,3458.08609726403
6455.82223540928,7231.00455526906
2109.34779651048,8982.23843690031
1838.23064493232,8163.65390926883
868.190273091558,3231.65669321697
1677.2207389448,9491.96723766219
4950.82995767703,5576.64465154518
6512.71536976041,7612.73446028327
1510.8865746155,7874.05103132668
1631.29853038607,9480.15636899667
1051.82756886361,3545.51600613347
1456.00694772792,9287.27286792355
1350.7367612174,9094.42337438017
1545.69869502579,8977.86309601119
7286.71028506724,7153.69506855127
8254.20862816087,5184.41568079225
1051.19501452743,3415.10244110417
7714.03607778848,7696.32161442233
5686.26119888202,8514.10137751064
1335.78783103076,4036.40271791896
7687.38320365676,6980.13904816975
1727.69302163134,8497.17724095488
2185.66454427599,3612.56050868952
1492.58115028462,3745.09960447793
7368.81023663023,6738.64419028415
1079.59515391195,3433.4978282864
8126.12805150762,6561.44425636613
8171.30436038313,7695.63075781395
1310.28615686487,3420.06130483409
8302.69394914373,7366.36450180012
1165.50326158245,9311.46623597697
1049.19191528231,3485.98541317563
1044.01643192248,3378.75053339306
7224.31737419228,7413.29738163079
2371.89620781392,8948.44491213294
6914.06061020681,7500.09454397232
2292.95459961194,9237.80510316669
1734.99367489519,8427.58417327718
7778.81528612472,8141.52996680861
6323.34178296751,7666.63698404925
1227.0548563133,9027.35049360049
1591.02859759494,8835.1560107621
1124.87471830691,8849.38444765884
1557.50605900073,7585.633895589
2079.64392083523,9054.66968608583
1904.33429001804,9246.20538758372
1798.28551798527,8693.0853565967
1128.14561812471,3470.01844639519
1929.24717073052,4158.72263028149
1304.85457592575,7985.29111294566
6541.91273665134,7436.87952896572
6334.73244650814,7140.7227721521
7152.60748692423,7463.66029678666
1484.68282294253,3914.41803251929
6918.85596324705,7689.52805714117
1329.08496227801,3405.10263708031
7534.78436438549,7767.07204268003
1487.76735407438,3778.16496447709
905.146001078121,3386.62002028079
1466.33039402473,3524.89274408579
8355.35962977964,6355.66153469684
1476.46053164515,3463.97967681964
1716.66717958512,3448.20491007456
1788.14427222458,8430.98100909408
6086.64514466743,7850.86036051141
1466.73979399762,8891.6055222724
6123.08542238294,6464.35762598117
7454.11374737378,7927.34366113889
7512.50864463248,7311.43135945553
1628.93786545506,9050.89814291601
8456.36777516226,7332.66114798019
1560.46828166939,8712.82219830729
1313.1013116337,8928.37582982806
7923.906120811,7606.09298136431
1509.4573811839,8938.79991355252
8965.61045949438,8044.79945597006
1465.93312170749,3775.90335377335
1244.79979408747,3388.12592385695
8774.24832676451,7736.2027679739
1216.06735505558,6692.35975731234
1312.99934991017,3736.55743132598
1539.44864578123,3681.43243623228
1813.24908479108,5918.92853546833
7981.28723362413,8032.65544031055
1760.74035781269,9035.53768911828
2780.54449718503,9055.96449836822
753.094610276898,2842.09287845318
1059.0839187255,9115.33269692704
1895.27485287177,8086.03183660938
5433.23766727087,7421.63106975772
3221.65541816499,4714.07020593771
2606.52529602015,1993.20257258166
7180.21606724279,7577.31630222857
1373.6960850769,8882.08977860106
8518.87720015881,7281.60831514261
1734.45913009403,8395.4081529334
1221.80215181207,9073.65249772587
934.045649372306,3109.26384413451
7465.94648725946,8657.83813259658
1427.09222163452,3683.14088613713
1428.37233830109,9152.05046865867
7697.21330605272,8067.11178787335
1412.8423316221,3616.76753799933
7204.10941774811,8129.79845358447
1595.41145470647,4081.75445662269
6535.72660259496,6712.67843126137
3200.50390785081,8380.62934614769
913.22528909709,3385.51020694233
7657.12146820415,5169.90490737372
8355.18774935137,6432.46845295298
8151.89878462595,7713.28821076761
1550.95429451833,3631.02173957672
1788.8670725507,8782.49903838364
1274.02875262636,3583.92547220946
1834.37507566451,8666.93611285381
8078.59896005304,6256.09077848027
7626.90560714488,8024.70471037582
7625.63250364638,7638.43098712264
7036.02422702403,7641.77821589777
1344.42006073138,3650.38282502202
1720.36832701132,9263.63940335803
1763.32260833757,8470.86685358455
977.718254989014,7999.90034436153
7442.27333894555,6938.37251225259
7257.92582152838,8024.87222485864
2072.79949153312,4149.40678419078
9288.53235816056,7461.77535828004
1435.09019773904,3880.30123532712
6933.56896841199,7800.74492539895
3651.88637867817,8645.09692362146
1051.20658858287,3544.8027325463
1453.75796780698,7960.4777980173
2069.3016911731,8830.42526638246
7492.2849883359,8235.01121206171
7789.93361143574,7748.63668508517
6861.92471745184,7657.96814763978
1551.34071453468,8692.13402965316
1651.71835475286,8103.61156927902
2893.14574958818,9581.2683244331
7411.5003255657,6446.99136177604
2283.06704155121,9085.70656261048
2245.1394880274,8514.68657593102
7375.28672447454,7577.72918495108
929.033428317723,3260.9007027852
7131.27926601804,6921.72012851685
2874.57155812963,8405.67473731763
2201.86494333212,3619.46795788242
1408.77165504608,9106.54581679217
7130.6958256987,6944.98498129398
7579.780694666,8213.09040973485
1197.87464726609,9151.40295078899
1230.54609950863,3696.47341317413
6761.27901276362,7491.54771431331
2120.04185562382,7735.47617289821
2102.28660560916,3360.28134824539
2130.77078944982,3774.60738866834
7575.17821564979,7806.37697825334
606.744898471234,9120.76187851223
923.835225360713,3218.30385536799
1578.41346708383,3508.10614355963
7583.28035631514,8169.8705518895
2031.90356156388,8981.42119746812
6261.25689596998,7494.9013678398
2336.25414357815,9175.30854847306
4069.37343489826,4065.87883161337
1623.72017498639,9033.86800395214
1495.48785562017,8827.27413407567
7466.96467016121,7419.9357689512
1377.79813939659,8320.41121648014
1812.38847802653,9044.07111161486
1388.60936054431,3662.74479144082
7434.26006423417,7538.18016773922
1643.71862734833,9344.64640375465
1305.96641635809,3399.53078829771
1531.84956393775,9005.5232647969
1502.19689841924,8854.85013625421
1018.03281584096,3634.41566569875
6722.14259584428,7855.45346035399
7284.89473061077,7514.47555689338
872.639332517852,3126.13308563346
3042.87941288277,7001.58379009111
1036.79040550354,8336.80928976976
7778.31720962175,7061.36072562512
1041.48109810072,3348.51052251199
8288.33856155453,6840.7508768413
950.278903894522,3760.39245507689
1259.46133519365,4073.189414904
1123.51192040011,3493.23731258524
7573.66051072307,7706.92041356199
6790.38232305252,7692.99974491966
1759.37263829246,9195.34201020914
8924.65267094872,5563.66236138517
1734.72218589802,8853.88752090291
1258.8038621086,9231.95785398161
6877.83332170704,7007.70116471557
1096.97679949683,3328.09933685926
1524.02088324823,4380.34172786134
1728.95773406012,9157.34650399143
7315.55060416878,7664.06995307493
1450.91891896397,8467.59309293092
1296.34538165919,8983.0141267374
7342.65851087654,7203.21184273194
1565.8487393674,8054.30051452656
1740.708744092,3696.53666315987
1695.16923580664,9229.97383593594
7656.43828519513,8180.89303670781
1191.55257880567,3665.02020094911
2690.21723446042,7657.28671170162
866.022968243488,3349.47148374962
6936.33919677085,8468.67874266231
8686.19954561517,7441.90469785405
1477.32122102866,3720.52841703595
920.846767073955,3269.8260857259
1270.95772730719,3757.25176066499
7537.12000492295,7008.87977779101
7517.74936349913,8309.38939874694
2794.14596281818,3825.81412035294
8408.43695890638,8212.02167021608
1516.05105251062,9172.37098574837
6837.61058301094,5154.36609614844
1173.27066803673,3253.14500203272
1114.91086808686,3439.24887079139
1113.39971842825,8520.06665514796
740.199345026518,3640.7227396001
7851.3695401686,8052.77832460953
2221.80334242623,9862.68480559665
7552.50149250054,7021.9343740224
1102.42533715894,3574.51280013794
2425.20845710746,9258.74931169542
7706.44546183583,7948.52422901387
1770.07400299095,3684.81736807582
1452.95916272578,9102.24167857088
6548.4567810806,7667.52243447859
2053.9021273946,3539.94643331664
7500.34921358869,7387.52037325472
1827.89785242966,3525.44018113222
8199.80069595554,7592.17551409644
1666.84588108745,3814.52132439056
1209.48402891843,8356.60500479584
1766.82844030423,8977.04350782411
1233.71982459326,8574.4017787677
8084.85441291544,7548.25063685974
6901.25719571578,7680.66398197126
1470.52222628518,4005.52930598758
8806.18276970593,7398.50957791214
4160.28368648893,8981.7316330302
7286.55192608349,6830.782375757
1830.17085019199,3917.90450437983
6784.10384615891,7330.86491587032
1500.08242713595,3595.36069984778
3202.11875056101,7545.92682964648
6973.68251524456,7268.53966283548
2179.76748702284,9373.36423765127
1628.80195847007,8649.54941171613
1197.71754781316,3452.13945077268
1628.75696579499,8997.69243344909
7632.92866000922,7727.00101569718
7660.09871154538,8288.5175178564
2127.65991957398,9062.54148722441
1400.79466919783,8008.07288092495
2565.00545936697,8212.20198725001
1297.13398385693,9101.80716110123
8800.97699663887,7533.90052455029
8655.23110064059,6782.14151072255
1047.44974915436,3109.26900674983
7727.53262673471,8094.97126398239
2222.70533366399,9227.82900460824
7036.13387637053,6755.37660776327
1449.20862200626,9156.29576910254
6884.81472868338,7629.7331081123
1064.21799337619,3583.9241711544
1141.29124403002,8818.14197159319
6687.05248436105,8216.6382455029
8324.7963780256,5585.00136655643
1254.81209001943,8232.48976300081
1212.27595067413,3545.08595315788
4248.44727012209,3834.84816382723
1253.10770329379,9104.32165719683
7580.13049746035,7340.59274667612
1845.14434040992,7998.22479016416
3644.31684481662,9133.48338845173
6158.58078495771,9086.54530576986
9311.13067863147,8166.82314109898
1219.09684615771,3327.06525256742
1263.45937655913,3760.21400619805
7877.14783582914,8487.08668927983
1039.03917002323,9331.92086725093
1345.82668805002,3756.3746111453
964.801017656482,3396.00991335504
7001.42145349473,6913.87267336373
7559.1998422029,6723.38849073707
1043.2213899603,3940.75744158107
7791.81837718851,6882.89395618573
8363.07231271181,6780.86164711945
1413.95497950106,9167.47753605316
2275.13731464381,8772.14998630537
4632.84983563264,4160.44585490899
969.347960780687,3026.23028231812
1929.87310264806,4158.08495787297
7629.99258200166,8278.81970490207
1239.8205050472,3644.8652389158
1274.40260841543,9058.11274998471
2290.99608755702,9503.88380034042
8730.44421835219,7205.49072713562
1196.05603702561,7639.31481597057
7628.59714882105,7958.91223782723
1374.58445738228,3252.64123628212
1658.99150827587,3233.19627598293
809.178860830813,3378.02681731411
2670.56134646468,5814.47613297195
9127.09710213326,7921.80246537567
1407.79468058098,8820.91552450008
812.140760044574,3355.21988703071
1823.20870737779,8683.2001451958
8544.56665162904,7897.42653199825
7845.37225490563,7647.84439654827
2035.27421733766,8788.3884993137
1068.51329920837,3045.0790886485
1154.19543185165,8985.36256397732
1858.45670910631,3934.0160016054
6801.56572171996,6208.49756058999
1501.8058731854,3809.61700815915
1938.28863927481,8613.01927921229
1388.78958905429,8833.38509326185
7244.73797811093,8034.01992908628
985.628821743845,9144.77344995272
1114.47050548234,3666.78003732514
1537.14618288594,8903.9857468851
1157.11129602453,3317.04780623451
1334.50907198243,3727.71306471851
8321.99685214195,7453.80440427893
7387.30353235349,8463.76505268585
7003.54254757603,7760.83121198372
2033.27688436883,8437.7145163137
2448.33108146766,4046.98998878814
8830.83808751686,7492.87143178428
8449.23905568573,6384.15481971703
771.576278700717,3189.48870241535
1598.56978761339,3610.42845335566
1862.40765715174,3524.02041676312
1758.44931543199,9157.10745938124
1145.92078610768,3473.73915387698
1475.86511592818,8774.09898316602
1794.39370637205,9101.43122690427
847.952686703969,9015.12158451687
6554.29646837457,8243.7742429721
7293.69866552344,8120.45100524705
1573.55289123731,8342.8049634387
1413.8599459893,9165.36692322578
827.106103706276,9027.85575746648
1469.28815464065,7427.20553657086
1559.96021925932,8926.08332798968
7778.22491498015,7081.60107472335
1700.01632752756,3977.1411949044
6560.20931588991,7027.39815834697
868.831697228976,3115.01771861599
7126.70574971563,7241.60221645434
1119.20278870208,3568.35471541593
7481.96071584138,7898.68749273862
8227.86135645224,7616.86423193482
5574.01807321599,3396.43938181382
838.390079685123,3547.42006806649
4940.70021938362,8694.65939801717
7059.49136055399,7726.62078266779
2663.81834033235,9597.6798133213
7493.92885385328,7443.80507915308
2203.68037554018,8673.21485844907
6857.40916516369,7393.88228021397
2335.84728573711,8889.19795246099
946.318792524468,3419.07253085856
1045.00297079769,3631.48852550955
1417.82449694858,3696.99216001836
1400.73272053923,9152.09992138641
2248.24197558773,7483.86778096826
1019.64205195761,3389.88804441179
1037.7819612665,3264.97758871119
1688.56618263411,9072.08795654084
648.878377238963,2158.30206292998
1386.66129156134,3533.49693437746
1750.15353341546,9066.29506430142
5037.7361115537,3975.22717310533
7362.52831183638,7507.618577806
1495.54037082365,9036.13964206053
1083.14172400537,8815.26425912642
8316.95555590459,8127.26560974005
1619.77509851756,3921.54662771395
1712.06503536066,9325.98999846632
1230.8601178189,8631.73209145448
6736.88101112205,7337.945079443
2192.67844945853,9049.86990174782
6707.09286732975,7463.69517433568
1000.78293359765,3372.69481128002
6467.474676494,7939.44282602011
7452.33763723853,8085.59699300069
1508.58910979258,3915.19206096074
7025.70841045855,7157.41600285527
8615.35060047338,4628.79784296942
1394.06629754482,9200.55342771284
1373.93804576849,8859.04807653815
2115.91610349014,3276.97075411368
6918.64577745505,7160.79637355268
8050.08945749403,7655.84194045916
9913.13409013313,8070.38607195394
1162.78574911027,8948.29066413121
5455.68832693314,9086.14858987177
1005.44475620774,9211.04133082086
1540.50300426491,9116.43533812428
1311.95438403466,8938.03149535788
8665.61247970432,5921.20592155876
1373.8730332917,8964.51249820429
8105.15281687732,7894.85999655406
1587.39252596233,5243.57863057535
1730.49736145097,8411.1408452042
7643.75250139248,7433.34758167722
1721.84736826856,8449.75430689371
6824.27219677703,7259.51236032348
3455.40291574243,9128.67794930261
1702.42211802488,8741.22830174979
8475.86390226464,7508.50917925934
5759.41126478018,8435.30970317034
1881.5384722865,5113.58160770314
994.146317990957,9001.54053532962
7308.74381327319,8266.90783273381
8537.21464494364,7347.18429482201
6354.46346217391,7784.07327816584
2065.2383363145,9152.48018210465
8008.78593423647,8145.2435235557
6800.31700467052,6964.86673993736
7631.05065994056,8443.85487739745
8554.712080147,8084.16061391216
7261.74291760423,8139.57535707005
1594.29167690091,8824.63751937754
1822.25318978227,3620.60016037523
7431.83885011171,7950.51337014139
1480.28712517852,8861.68618370709
6472.64414020848,7050.25693147528
7398.39545980866,7719.97025868506
1750.05666435826,8684.72048646549
1154.43051042753,9066.34658917443
1291.08213430493,9120.98312539545
2090.48155990567,9011.90429491502
7629.92633904547,7280.84385981707
5672.62377422431,7864.28200930584
7925.20763043778,6351.2265759829
8070.75774053032,6667.77640397255
2627.00511017235,9088.83796174793
1342.93250639872,9178.60705577037
873.44370640607,8229.75464146225
1621.35453059823,9141.76028865698
6631.49799848263,6546.91730810229
1705.34045834296,3600.54498625216
1121.46130530448,7733.14467590197
1699.2597394761,8886.22580552923
1611.33398797238,3655.09762017399
7170.09597177203,6501.0728445771
1144.81478884267,3267.97605714055
932.4206818712,3508.60097787361
2099.66162315727,5278.55543160049
1251.10873362682,3476.23891986802
8011.12056085871,7307.33710721718
7347.29041664128,8038.15422633214
7501.93888385544,8041.50175455475
3484.37071040136,3355.60996403592
7829.59057072902,6432.92843533591
1874.87761045877,9284.2813730574
8795.48948425625,7066.32202304482
8348.65256286702,7834.04301389211
1732.23787064162,9168.7441850764
7157.59968729118,7637.36679558619
7948.38122411811,7498.10984329345
1747.99513275618,8282.3724337806
1560.75087929029,8511.89437615491
7035.52128722216,7378.34445069718
1502.23864225396,4361.3649867668
7895.64090197679,5400.71378996332
8924.3423923281,8137.30716318309
943.16734529451,3211.5026878739
9025.76506390774,7125.3491855527
1571.11521674955,7741.33257467553
1609.7034789149,8557.49289799938
1969.10394899648,3556.40621469612
7972.70883042396,7525.18360451254
1227.51939522595,9063.52531573475
2010.5192126409,7009.52083629679
7534.87992313472,8698.5474185498
1257.41560081229,8949.89932504651
7135.49840357539,7431.80723810824
1453.79073778346,9183.34915115818
1223.32284432439,8235.14743322167
969.279378603869,3309.86274597136
1284.53557977891,4398.33996188277
1596.82838905357,9009.6124355469
1029.64936699495,3368.9914096046
1426.3582875872,3953.68966267721
7124.65748973502,7316.89781162592
8559.02325666558,6874.97293165059
6785.15056676741,7123.95044339652
6979.6255640712,7875.57026168967
7053.48005918851,8365.03417249463
8486.67283932752,7537.60014810398
7450.37229000091,7773.35675680742
7677.98338553754,7765.22196954711
7401.76045362719,7932.90977187783
1388.06036570471,8866.20598731336
7320.26335320329,4578.32230567722
7974.13800756421,7568.53094956085
2176.39629468738,9060.91244443907
6987.5338834565,8476.12670694233
1506.10395428881,9070.66532304919
1510.87107825819,9296.53061492365
7640.38087860713,7963.24751551449
1279.15896769194,9167.42772425993
1921.35593434067,9217.05748157046
1418.6650571232,8872.03144363353
1150.6876143858,3439.88817096395
930.500280756015,3444.7934555815
908.024207907564,8329.16422781251
1319.8026995086,9318.05894844603
1619.18407992547,8472.66959992314
7035.6625692287,7256.49194875963
1652.21714289797,8534.62533556347
1053.96204696111,9194.10217008388
1507.06113802826,3886.84478393523
6812.58338127057,8093.685128473
7755.38997496038,7598.98058355996
1284.06851922187,7975.39032608886
7004.41138248455,8169.34639966535
1537.38726893261,3636.85081238984
2426.69889498431,8776.31003779851
7862.87735829614,7509.11742483927
1356.07944243689,3176.28923643341
1775.77647592296,9133.07486723087
1540.47146763339,3664.6398178155
1176.60092326401,3109.7083906252
7215.51686003653,7651.82585691466
3066.1926076678,9083.02792143348
6602.80418809339,7217.06243436742
7537.53448538751,4126.33087986072
1683.3331608746,9159.9494245829
7475.23261180554,7780.66444556106
1442.52171395487,9105.72842044342
6551.85324891736,7594.67821042287
1264.13929005294,8991.15149692643
705.531549044597,3281.5553091
3014.95683866613,8679.4404670278
6525.1636351798,7054.05718650298
8983.06343208441,7216.12026739183
7607.12501192932,7677.0639409846
7746.36947642977,6975.78591750398
8170.20461293079,7819.00818635285
6954.88484478954,8310.87492385693
1801.269718233,3537.26495026413
7199.82567952746,7662.78266746846
4439.18289003862,5515.4588649025
1498.53237779288,3848.64494289516
8396.43420717215,7237.74903821078
2239.96515211495,8117.56918758228
1128.10954806961,3595.23034844208
972.449747930056,3479.08546361042
1528.50173356677,4391.69942665816
1416.28915858774,3778.48054102215
7705.84507863262,7893.98594983859
8169.64587376021,7890.504088019
1741.10669975571,8838.49024212528
7687.98601826369,7925.64335111473
2890.69309475785,8248.54116801729
1289.5927877151,4117.13562203385
6733.73239064325,8408.82272355677
1758.25672234072,5728.87133667862
7498.06918981368,6948.00493638263
1670.93930881414,7635.1920110773
1373.43494316786,9249.4251682803
1394.2132264986,8775.10191451614
1690.67064766795,9001.65734609125
944.661372060312,3357.91474736925
1708.98801927256,8943.17219537942
2861.48730823035,8019.27356887476
7830.95996476222,7677.84624544386
951.367113032416,8310.14473363392
6761.77012153032,7535.18972598974
1821.34594704117,5029.69912157132
2577.88913338311,8109.47806680119
1337.07828749154,3423.286208198
781.508542623912,5485.91356566708
1425.46564385536,9172.65073932835
925.440120819305,3455.25863543356
7694.1862934657,8119.8747406126
1455.18753114255,3658.11507802846
1007.20265980084,3410.2460539098
7874.97877610052,8321.03978059409
5193.78201874665,4064.31705431135
6489.46749696732,7466.36432340517
1317.44940792248,3386.22955977767
7478.14676354425,6618.1367667434
7656.55064313845,8083.48065384664
1011.73534212222,7964.78778307576
7540.00575846783,7594.87495508088
1879.77390521394,8938.74260942233
1426.14552051075,3743.66745561398
1897.1352755612,3645.65682712199
6968.09116941412,7853.69955131462
1658.23340797437,9012.58308968203
8121.53526778927,6724.68792672006
1907.49922447387,8841.195558594
7564.74679851635,7189.75585125767
1535.24941326987,8901.06319716588
2115.98354024762,8506.68601165036
1497.77219724799,3938.17235862019
1160.08108372249,3487.49908446891
7857.18737035358,7895.27931707582
1827.17916959658,4056.90068200503
782.340024690705,3020.12848823953
1480.70976907307,3645.14166982535
1311.45145806272,8762.1435543716
1726.54763195372,8326.45085230094
1630.32749899927,8803.07064958217
1132.07561970199,4386.30813833368
1612.02577282476,3500.20177903473
6650.03671380931,7878.37879824963
1590.95711787425,9233.21836185612
934.390542107364,3587.04774010329
7341.8255297118,7186.52671068666
1683.28168150748,8432.81081142838
8024.59201579446,8029.12364535518
8591.61993773865,6489.21191334066
7474.10082363332,6443.80322329441
7777.35867917167,7866.75915602059
1589.14154679239,8944.96652737771
2138.01339788824,9420.45785998829
8128.36666667975,7948.39841029325
1680.6615917053,4354.87013239424
1686.32751592948,9010.11790407289
8686.5588795222,8185.26078258558
7771.38794636116,7309.79589013287
7954.40951907605,7809.06484976317
7581.85755604394,7721.14202960777
1834.98891323283,8136.85836498208
7816.02189243572,6603.76355733357
7594.97255054579,7631.43716044461
8489.31809826802,8247.5360184546
1656.54080909548,8549.29021316827
7347.63090875708,8125.76424773028
1583.84637175524,7572.50976186387
7543.49382956498,8157.02541019442
7124.3912113135,8571.28774132849
1105.61849414669,3597.44235065688
1582.75113278244,3182.14439881125
940.628149647371,3365.38051506745
9159.89475007875,8108.46514253157
1438.33853360433,3811.48862754561
1617.97532108701,8846.84768360312
6897.96778805455,7632.48312351988
887.071132689302,3736.38702510934
1028.9471962855,3090.08194540826
2073.39174495796,9408.15576616825
1129.17173655534,3229.50898136773
7780.13034437033,7414.65629413298
7606.42147496431,7618.28034691695
7303.2741677103,8190.18146568169
2046.7796861651,4387.13777038577
8306.66393679191,6264.93268177268
5481.07127664591,3589.89362157791
6700.73210290642,7077.09872274895
1807.4170656636,7972.4087473869
1810.15081971654,8957.69259929945
1336.97812122053,3683.56893241809
1774.9260134106,8959.01545436468
8021.6484456423,7314.51783513823
1785.70484311342,3602.0439426424
1002.05981460306,8731.00791281684
864.864228384811,3564.24490523807
1330.64091975782,9121.61862632014
1927.76917026789,8591.79079083853
7054.46695102716,7824.2189623806
7247.95238629653,7917.59086127918
7018.56036694978,5735.80130123797
1074.56323535812,8604.01070945138
8554.09906139569,7469.26068334226
1213.38449142141,3476.8180105476
1097.8072976694,8722.43674387899
678.930721802495,2933.74913005719
6695.1239122421,7839.19006209529
6384.38239179336,7315.25417283731
8196.57373541687,7963.27179920089
1834.22114077042,3646.32812749246
2920.28789611532,8766.97703100833
7972.50209514939,6075.3345175353
1118.17598799217,3399.42671065964
1142.92596253343,8220.20674119133
1576.80220141148,9197.21256069121
4513.15167663586,8989.56878132942
8102.90286842072,7555.71903124002
2575.73882767492,3678.34065036873
1027.67012198801,8915.2341993035
7155.3844774504,6691.75316700228
1199.32689106218,8986.38565140455
8939.33687674944,7902.47332712555
7737.95871590736,7828.38710991134
1059.36923418793,8576.518892352
1127.06888051036,4052.94667955907
5293.96444686891,7572.64729220273
7842.82226910585,7911.57482582247
7124.48866683629,7473.49104064368
7343.13084025725,7227.49800395469
1054.86296252076,9078.44454610861
1169.89249402655,9183.04530444021
1496.22497794328,8053.40420541193
1471.58108427164,8799.38722497962
656.56079091499,3153.94757235367
1493.9500740889,8514.06845919227
7352.76045877604,7527.7106377629
1257.02364009201,3698.3446914372
1528.75840650025,8998.39993315307
1517.1102356814,3132.14005512191
7697.60373792778,7561.93689330519
1484.1721385323,9095.29084625633
1553.20254543246,3887.90378010886
2575.84705926215,9518.89625794121
7583.68317360981,7711.77627829024
8224.60324392688,8436.14210050915
1743.10605664222,9096.02014559747
8294.54545820479,6972.09761007943
7676.04867047219,8385.4674396361
699.381193919704,3303.70790109827
6999.54959827097,9025.89149568704
1052.78831569931,3247.94302252467
944.338950603018,3419.73042604182
7297.39392069273,7942.59686829387
963.939488485553,3301.16833032846
1674.78735038977,3656.4162067896
7004.81544688581,7034.33028465801
7407.14809998287,8084.2553455858
7640.1999557798,7888.32447087301
1836.50762460226,8667.26249898052
7708.01531652244,7473.1704321109
6865.87804238038,9173.42743062565
8315.64526774264,6843.13086804351
7899.31114331317,6194.2945123549
1166.21726660277,8922.14066724108
7179.47849563977,8221.64340543688
1126.25135940471,3430.77164963145
7164.2081171069,7424.45488934857
7781.91014528516,7584.72752381428
1658.9271265955,8635.93273005707
1283.32413472135,3599.57510522036
1451.00533653297,3703.23551679039
7377.71090903095,8266.46582203363
2137.42549645391,3974.25857988033
632.357870725298,3341.41995226815
1812.76454432696,8955.58977282573
6098.26112592576,7668.1924268321
7784.03594702323,7796.33208996964
7599.85055069277,7254.5814548866
7591.75843119207,7785.37688223179
2961.78092511021,4357.33788697719
1559.48682084528,4014.73076587302
1438.24161251713,8657.73991939504
7778.65022700682,7031.5192381606
1887.52476392285,7737.06653591412
1318.29870194522,8761.32242997041
1818.19015985373,3295.87343163998
992.715956468414,3114.9901953102
1453.7327362713,9016.10721118586
7072.30514849976,7375.1454023295
640.665389102347,3016.00849363748
2464.98984768318,9020.71135280791
1353.42438500546,8404.92978047903
6209.51066358001,3821.77629717654
8053.89711915807,7735.34580353363
8116.12561811422,7199.54538536135
1194.38126249796,3808.77318420578
2048.65614756596,5386.5402829397
7835.45412225741,7480.89013274874
7454.81469295063,7969.09649027348
3185.37901232387,3683.82503365442
7063.89002665412,7315.16267475967
1535.71209812468,8844.4373887603
1298.77128970657,9154.62045978734
1499.81316711405,8028.55247192465
1272.89950297503,3450.68616420226
2015.06308189813,4682.45170364173
1209.39413798445,8884.9645396926
1614.63582045154,8901.1377315704
1611.57999819514,9278.72844587344
6587.56734960866,7527.7395337051
7951.44360698344,6995.0083927657
925.629575917489,3569.23257767025
6920.99675429843,7841.74673508753
7405.16517670202,7855.99825872208
1488.4143952224,8976.37251370344
7729.00585660475,7429.11757406614
8120.87127391023,7523.84282451121
1013.43136242517,3446.65169092566
3483.70638866416,4372.95474149974
2116.28859589213,8067.63958273732
633.286557911875,8820.89835972457
1516.90230900537,3458.71247077264
6586.90643445893,7791.40657349973
1288.80907247282,9129.76740423702
1499.61151678397,8892.59328954488
1324.33345438854,3637.5247112411
7336.95622184353,7333.1418819816
1330.37353650138,8628.76756117117
1600.60983852415,7952.97381175204
1052.26409908241,8739.40205101623
8437.47424196296,3439.1099232918
1493.49664856721,7982.64229308257
4184.13294101316,3943.40886227349
7339.73772986014,6676.32618133583
8962.59866202977,6283.75002974343
750.702060275893,3392.32561516692
7995.76093426768,6925.14072368246
2179.48395582126,8743.79301226854
7837.02110795394,7029.95966507246
7722.9237273677,7900.17160114236
1085.03922606427,9059.30573477366
6440.5752540574,7949.50163416955
1139.33639506657,9085.32451203636
1873.07879064929,8665.83462253332
7391.43257800124,7443.8167763428
7785.55083577581,7352.79905317618
8368.55688696139,7602.16487757882
1415.21761119194,3775.66478243118
1632.17551413579,3529.05500213234
6590.32109959402,7062.16043853979
932.602955201543,3202.72005090953
7871.30329399994,7570.99600267358
6638.26995915546,7283.34694065176
1132.22163817293,8087.78306943122
1803.19207448533,9056.09838988677
7223.02811917073,7663.03668286129
1391.09523875908,8454.23615260508
659.348961672626,2978.79265817293
9084.52149670745,7819.57595110882
1497.52258211357,3562.41655384842
7375.92815855429,7790.23845438066
7521.07944161182,7822.64410514184
1513.31703208156,8986.38687460494
2919.04847838579,9265.63323460932
1100.50748465597,8650.16218759217
1661.50613102908,8665.09920039104
6203.11730530064,7188.97787802218
7599.03579896441,7933.49893880505
7519.21362153787,8164.12299091159
2069.57631734093,9165.68015076665
7854.3000366668,8105.44236492166
1742.52284276897,7833.1473412855
2156.52276736576,8982.53368336509
1378.59236826236,3656.97177919978
8924.40635068384,5355.23776233685
7146.3508157286,7650.32434135949
6680.11705100371,6693.45914689395
8125.87755365843,7451.3133340368
1326.14050026338,8844.63749875822
8788.03294663749,8214.15699646745
6636.6581425505,7983.16978780865
7018.45457936101,8122.61481130758
7325.45744803184,7570.68503549232
7813.5479492093,8188.17586738982
7673.69807322113,6949.16860128671
1551.71478133204,9088.34817045586
7827.15261088382,6973.03076727736
1440.63314730196,3442.06908391654
643.72468402116,3184.18632634604
1247.15345689478,9247.85392978073
993.581619669265,3375.78221087615
1467.3207554285,3881.03017347676
8709.39356559227,7786.68676553737
1738.72954219583,9301.84733540716
678.42866881276,8599.37907113961
6470.10600606204,6706.08910572838
7630.02673776393,7557.38803292231
6888.1023839808,7692.48558883022
1706.23991178418,3789.73623048456
609.267655133316,3128.6692681391
6146.0383759341,7308.6178354652
826.711771015548,3161.06308724698
2027.33252629459,7445.82041771461
1989.04983752307,9413.38656454045
7978.10506668251,7603.97887130883
1862.09487793752,9449.3788017094
1292.93472053751,9195.44496322667
910.95865952189,3080.17014572781
1657.70621036039,9086.39193147718
1823.94621500688,3911.72880166952
1308.51459236995,3602.77929228241
759.214700177363,3268.17592975931
6776.89359855366,5240.89724959025
7157.00921327548,8083.77549134643
7524.56450209953,6395.95023019524
1141.94275341404,9094.70103636056
1221.8025398686,3792.86771024739
1541.01334317558,3925.6157059171
3043.55910485287,5091.87379471423
1587.38104477449,9074.53726191009
3013.82350103399,2897.62516334255
7838.83388988842,7793.85182238262
1612.82940767095,7500.38366695362
8558.43134126026,7012.54445471893
1163.18916589406,3423.37860862515
7957.73252143368,8477.33301084672
1490.30294549837,3472.95833860274
1297.45916746479,3654.19217885867
1223.69029962343,3400.95716642745
1842.85892858492,9059.38232665565
1279.84972139835,3711.83595277841
8256.76198454122,7638.8238578621
1254.1411118823,8905.65859143842
7681.56305180138,6463.5651714693
9066.70090909035,8194.21621773428
6578.2397190605,7028.82853597196
8048.56378248935,7891.63682752004
1769.084135685,9011.69052453994
7906.27744228194,7887.97044132826
8692.68476312211,7738.83365507587
8742.44491829961,8119.31720252527
7597.94750933093,7662.8944701722
7086.39054159234,6695.73659820881
1182.41758660367,3719.2818008038
3954.04035823396,3381.37465070309
1667.18157704581,3961.59217148294
7044.13213715214,8129.48537018135
1798.57474864695,8729.02976869699
1302.93842378469,3648.60224578321
0,2640.05128427313
1465.81143473444,3431.94954580946
1494.80438756664,9262.80365026666
7913.70618899971,7730.01063085846
1181.92509600857,3549.74328228853
1971.08321975417,9055.8940733958
1753.89920844107,8088.94543147522
1338.70161247849,4143.6226650395
8516.41009879172,7308.72397264711
1145.97904719296,9346.13182507705
1489.44149086739,3392.02428653851
8166.00292526332,6880.36929299328
7087.85048957867,8081.04787999534
7662.3103048791,8308.4902341555
1472.01333873292,3693.79883544423
7600.97237891394,7055.53430234377
1082.82823127743,7910.24917241787
8089.71279714616,7324.18417466132
7582.16115875138,7443.43817106687
9017.79498721126,8116.48992026429
2334.79223242981,8599.10196165146
2448.89903996659,3816.48408607353
6621.44048075138,6907.76149502702
1513.39728879117,3587.24337701267
2162.0796516545,6348.30110338995
1949.36728262427,9243.37828325266
9009.2360435073,8425.87109422441
6800.00439171841,7846.641167646
8090.20292233118,7329.10619515902
3554.76765400064,8772.43159144264
1769.83526142372,3709.76697811807
7600.84405336513,7872.87816822331
1536.0328486569,3264.41139074757
1267.60953604727,3343.13281583912
823.495228189735,3436.8687502899
787.796442656854,3314.05374543741
1335.75319349951,9161.62404526198
1639.48208198218,8777.83855973167
1928.6453173636,3351.69179767413
6991.22711246708,7346.54778015187
1300.57923070775,8707.23203633903
7445.13559315647,5909.52910539517
1072.26618051342,8736.18583970919
1550.0190146587,3714.345134029
1053.62624569448,3669.11812237597
8076.70117414297,7900.8205422579
7675.53952011891,7515.39672961332
7835.55591150488,7803.83868567254
6928.64200653693,7033.67284624689
2335.52055454927,8347.16613371458
2048.3428249098,9061.43655296465
997.48532107296,3667.29045018961
6779.07836623133,7709.97831435189
5094.19584331423,7983.92364393477
881.680856100714,8823.32261674217
1416.96803785793,3874.31164916739
1988.14412007625,9039.31315256843
7316.1670549366,7473.00203472463
7565.38993590449,7373.32929859231
8040.67052669737,8035.99978049995
1014.09038856089,3315.00705091201
1515.29797208512,3923.80172635175
2283.75653995365,5509.41574728732
766.733613616391,3041.58492046024
1383.39074636724,3523.34234827321
7209.13508716437,8055.54191386836
1282.60281490644,8993.28008168969
8340.86190563297,8033.12508783131
1700.39799407278,9112.16860577431
2418.63965359826,9480.81973919183
8579.18478348664,8076.69331718621
6416.15550058664,7096.71664541278
1141.31287945265,4149.91549767549
2681.87538310136,9126.74728375824
1460.23848337614,9001.84179147502
931.39965903457,3382.79166860036
1799.82251087552,8438.70477897537
7229.33632876664,8358.51483505852
7291.20451093887,7388.19393910935
1468.25867086464,3533.12854571561
1637.42947470392,9342.98972229096
1330.66735526119,3323.77102360208
9153.74841257869,7091.78854630122
1399.16662498278,8523.94405960943
7446.62405207744,6764.60150224548
2717.53642008213,9384.62019284145
1705.08473836642,3596.02951577529
7359.85901999527,8092.81014419136
908.47465613954,3106.27536335175
3212.3024401833,9075.09655600339
2160.38704514539,5264.31305717409
1825.06495385809,3880.1532111805
1629.26864353447,9299.7558299217
1191.33291516312,9066.40521436985
7698.53293968545,7828.37474129774
7541.02391672249,8269.71578745678
1211.64873664496,3386.66860898638
1067.11493468632,3361.08160198341
6660.56200139036,6636.01876589934
2428.42627207633,4266.84633806012
969.157222725756,3448.1501583963
1480.06986079062,8726.07767372117
1864.41180206782,3736.91877491472
1908.05904455757,8482.24955029348
1220.50343895565,7563.45258897894
1182.05930908641,3427.70473291736
2047.07730561694,9181.60714932724
6362.93441947243,8147.42074668878
994.633500289331,3514.55709641652
1357.68998680243,8941.66697192528
1554.58050164766,9169.26376828804
813.241946728259,3071.71105704905
7711.64601187437,7623.28525475307
1086.19801530916,8975.96763321451
1839.77930803508,8762.69530276274
1378.75762931112,3529.68912783889
2657.06764828868,8920.2296572163
6110.28547359228,6112.56207166905
7098.9432608572,7047.24330520263
7772.87604013443,6233.07831496979
1410.36483078573,3938.79645152092
7887.60310786916,7453.15867002956
6877.0981858146,8092.51131559114
1726.50345421437,9039.64625382577
1763.79785461659,8726.74802037652
1688.67738698404,8766.9678374663
1894.78259059607,3386.52116885493
1288.08080832937,8919.10464811527
1305.03045262487,3751.06795804969
1428.88099559906,3718.7841981205
6708.38765712117,6635.23478111177
910.552988805716,8914.48990765654
854.003261389127,8726.00111914511
1259.86724918894,3769.10924968762
2028.76466885983,9460.82180689078
1646.97242467888,5300.84828987319
7548.38033144097,7505.0502027568
1013.64288333044,9035.95787107221
8616.29361506632,7419.91341597543
7698.10543525253,7398.96975501398
1106.26489614068,3326.67907948435
7927.98139757406,7411.58795839607
1378.7071278487,8817.98654365895
1235.24026666046,3583.43686162008
1951.77262439446,9110.47429133544
7899.73718029593,6595.98573694754
1295.66151154504,9341.76010664616
7629.06854842896,6896.71320609989
1582.39880941677,8812.93207786245
6838.83483740649,7488.40829804681
8009.27146458693,7478.66540288445
7522.76686593973,8022.42754123103
6682.02508014815,7457.24472754844
1002.14588169892,9110.94326638111
2951.52195975602,3391.08242653655
867.298943272315,2702.95709428643
1427.01168113732,4048.50523721935
1201.98503262017,3308.02057727874
2297.18919968423,7348.35038163138
3474.8960010407,5075.90243438012
995.233127625059,9059.35270843923
1636.53334622523,8549.65736392896
1515.59868929341,8908.35155441792
8658.71828012254,8105.32505990811
1690.73456677464,9235.46580289544
1018.69585449663,3208.95179338792
1098.30098723316,6141.63768390504
1238.09451197036,8992.03870817404
2829.62621329851,7943.66864498098
1030.90358786196,3246.78349327664
6797.61803417694,7127.50614970278
2369.71170935908,8569.83496959198
1871.29214305318,9043.00087406552
6915.78330089472,7608.10287592975
951.046046747431,3294.44643096385
7014.62755230165,8216.71952257994
7655.87720491466,7416.22167874398
2311.05804231819,8946.19180783637
7029.08270499721,7474.38067431226
2006.25682457699,8961.73861082249
1366.37749139087,3904.16612706487
1362.04999806927,3457.54315505675
1281.68803004935,3356.73389215554
7670.60011123666,8323.10848910113
1230.61909283842,3645.2764965705
2730.01799567724,3580.75252608971
7886.35065562545,7568.78884410444
1247.03894829257,9265.72360991048
7827.84031325886,7614.95981357359
7978.91476325497,7030.66763624829
7210.53388114821,7576.06992268578
1668.4176967509,9157.80024033009
7138.22384655592,6853.99809191973
1570.01062424373,3887.61809831122
1459.71961479152,8633.52710150521
1453.43177995911,8147.61650751285
1290.03548265529,8907.7050505569
1686.97812691525,3811.52481484471
1675.29830928677,7899.47656845207
2196.72976237436,8466.59795218569
992.260867713559,3302.75515951968
7455.3809240713,6829.45464634983
7974.80837751423,7514.85647233642
8372.70755301769,6447.85966070782
1463.86194465369,8836.68846756452
7629.02945847214,8329.63053880665
8316.56376709209,7229.1344811153
2129.46578961733,8586.85199341696
3034.49016123825,7999.32706459604
1319.43686036422,3702.53793334451
6980.78682360218,7907.77781644595
1506.17778940766,3808.40689566239
7344.885000112,7732.28753468066
7072.90952039406,7591.11847687558
1327.97522856205,9078.30648947264
7079.57367178752,7818.70913818987
641.154987782503,8741.77283318469
7397.31239277035,8119.71979929626
8345.90440498755,7678.24659744988
1752.8348685265,3436.50050669803
1409.39314127477,9146.25087102451
1440.27453868113,3782.54536149117
2445.59131998648,4283.05577249107
1217.25690780695,9049.32683016851
1191.37880608004,3195.26988936292
1220.99546476438,7830.42878287428
1615.41429518682,9250.64761447964
2193.4902405376,8314.5865290364
1020.63007187693,2915.13185409118
7674.6354784015,7061.4049323643
1309.33186291502,8343.63222374152
5769.87629768862,4760.36568207143
4706.82665143559,7998.05880175392
1165.26803048802,9003.847795544
7346.1525803825,7631.57704970386
2197.82616275075,8482.62486917105
1813.83751499339,7880.49859868436
7796.25783424972,7360.0527476082
6654.53885769438,7483.11932931791
1920.54995397835,9036.62974178817
1684.21290929803,3597.30160357145
1274.5477405189,8903.38351177489
911.210948749505,8970.21924970972
2140.57554134912,9057.19576910761
7163.96012752482,7937.18072064371
8083.72603639699,8044.17456001191
7284.42190478893,7453.94483489022
1666.47272276278,3949.75263898897
1138.53441985053,8312.14375825186
1284.41278381292,9098.8117689973
2079.08306307653,9233.12107848098
1999.71199177371,8785.17677473592
1609.49431169685,3660.24328340761
1570.50184315103,3281.05826067888
7114.66415809492,7768.30474960834
4672.67238582424,2779.47310374404
6795.51676350647,7575.66889948072
7594.36807953979,7438.14269711556
1328.44885242646,8589.42429978561
7624.92264070787,7855.54672880707
1861.80007099368,9231.68687083313
2796.42924134146,5237.90329417451
6628.80281439607,7604.09271122878
7059.76951068351,5240.03531571985
1407.07364515375,8121.43343956514
7245.7344319904,8029.3479627904
1514.36124030741,7776.61251228651
1760.8700562182,8632.88996440311
824.357474201768,9073.25363944992
9049.32172328047,7593.18587008478
810.890899373171,3196.88398805634
1348.01035157543,3784.43275358522
1514.80709378334,3455.97161399922
8521.81581733554,7467.2314953945
3109.48395064101,3439.83389396092
1651.43346597027,8925.46206367273
8076.63107448001,7361.72459500726
7031.98185817731,7482.76948658301
6748.25578470418,7894.55922095618
1547.94863894765,9441.61738845464
1782.42495456253,8814.09556946855
7997.29177947942,7793.81520098606
7686.03359296303,5725.39933473005
7839.2816982582,7595.90183410395
2049.27086163047,3157.93940392477
1795.96907368379,3598.01109343516
1174.74400928348,9074.27639663944
7772.72404577848,7330.88322548418
1438.43533792768,9217.17554134418
2210.2185017305,9082.95928657526
7082.60062819179,8026.16372432279
1834.37281713368,8920.428601288
7258.98087323712,7144.87691087411
795.088447092128,3439.89091094147
7291.54840966048,7447.13478696593
1479.42289626607,9037.26444331713
1409.00163956025,9357.64458555516
1702.36614272907,8521.49260270592
7087.02252076537,7655.76647071541
2955.27814919892,8777.4397933188
2656.86627968847,8740.25057774558
1351.55321487654,8104.21211278958
1089.21256422738,8795.82854280825
1478.12048782983,9202.15837239204
8136.11462985373,8196.12692266274
1231.4067049023,3778.39962695786
6913.25039707795,6521.47551634282
1438.68427679528,8981.8840808907
1128.37747746381,3352.40450020986
1480.36913054661,3580.40386653711
2072.1777616464,3548.82111279974
1668.37090148645,7998.36025786526
1545.35014220005,3906.01459625807
1657.94329676998,7756.00684197307
1432.69973325664,3579.40971375241
1007.31392575945,3352.68141109318
1357.58446271446,3485.91362437422
8074.36617103448,7915.93771682221
6738.05917634877,7269.19883220697
1605.33072309082,9122.19368359938
8733.90637072024,7351.21650539336
7809.46511511129,7386.75390088722
7629.43699324501,6613.2941282806
8021.31766574879,7600.79408280055
4838.92651358224,4234.26385717583
2582.38783017359,8513.86259866895
9229.31645161798,8059.99554953913
1007.19612040948,8947.17647124064
7660.96302249554,7480.95964914452
8631.21279823226,7657.99916967748
6260.15872090818,7059.74518696689
955.619709208527,3380.22267795713
6288.4559996228,9124.91468525398
8673.78722494297,7159.43754154749
7227.00256936479,6996.94919677278
1323.69273652485,7570.81450240353
1466.63076773907,3756.62170081051
7703.4745784706,7405.04943118759
1355.14221307507,8833.6140613843
6977.19712766607,7513.07873254698
8945.39423901811,7755.31605007781
2039.23591192229,4019.68949640597
7631.30889804758,8117.49661186502
1341.04210495203,8884.83953993006
6487.3608720103,7134.33954204896
1176.76905487494,9127.03448183017
1565.41294011394,8574.7272222164
8203.68270294961,6235.07624082218
7689.24345244461,7895.42996158391
7321.76748237251,7401.73241295111
7593.75671406367,7691.09609642152
7386.94425964103,8211.62598246803
2187.19148869988,3941.45559570369
1541.00828581301,8976.33582413997
1568.2559510325,9064.50146952615
1602.12583468028,3659.86588811489
1729.73187603579,8843.64604298974
1357.02453598672,8263.92610117489
7508.55381964767,7678.74880831966
1359.17892799857,3487.21742159668
2222.26681449127,3462.08756234401
931.961565701002,3070.34093713782
7357.47837056789,7973.28698263907
1273.60887576502,4434.08387468986
7617.66397837449,6506.48657304263
4184.91934680444,8971.92420225532
2047.82905006586,7742.8218518575
7777.70036893362,7488.2310030331
7389.01325503544,7692.0502112656
6806.33343734914,7722.118187994
1997.49618286605,6822.08791068335
1421.28140473907,3093.50936606197
1666.44693594711,8995.25092794476
1612.33326445632,3911.5982788567
6266.16905219268,7705.16220217788
1491.59465986256,3392.07013716944
1421.79957239314,3732.07313299346
1909.54301152237,8916.42947781097
1387.7089012625,3632.79247691879
1504.49356339487,9104.29247065078
6281.95014745323,7026.23086406524
7103.21884686101,6468.18800704962
7614.42952053798,8011.97022437461
7631.56194701501,7567.23013859049
6844.34804512215,7686.47227508319
1092.85476045064,3470.08863131978
847.579298774897,8851.34178931909
3467.65668414012,8859.04608280497
6134.91987146582,8195.5905063344
3279.32921463625,8578.45257708152
1611.28699280821,8755.377472653
1031.64734817834,3189.70265798094
1380.01718927459,7863.50232785927
1378.92327818663,9214.36157452906
980.919714280629,9640.50330264576
6717.41595116731,7658.95453998163
1998.94520297131,8072.14810346161
7199.36305356037,7412.79934508028
6598.4334690825,8392.62454887036
8782.48307307239,7811.53235647328
1969.09012176193,9058.20697707346
7539.22231055488,7357.42632304819
1594.46608156778,9379.07775349665
7674.78929114626,6960.60129912246
7511.17364164148,7910.28753675048
7274.9999058074,7650.28468078258
6455.96253171191,7730.04393062001
1831.22800229368,4443.21269170877
1386.04880950075,4070.0270660528
1889.06707222245,8422.46318282165
1486.87291820273,9181.41600341052
1743.77096979653,3607.05546701422
1575.8708887061,8695.09894210599
1273.36494859562,3644.4395421312
7523.27610051552,7580.6362505526
1206.26252501264,8782.61822112836
8975.12352248616,7703.15666101074
7568.50279181922,8215.15600723344
1769.39833198869,9010.17346964132
7575.94334398152,7570.61544410648
778.362833785604,9265.36670790915
7128.96161999528,7542.15005450209
7513.94530612232,7902.68632070854
1762.63513045607,4078.26256768473
7253.8256232984,7576.67594413604
3625.52159396531,8355.92772305229
1448.99823557412,3195.32671553955
1357.64139560695,3402.92793931037
7679.65361987474,8087.82200785465
1299.84042649909,3623.18534178498
7352.95045977881,7142.29230721705
2013.04806058892,3932.34785141659
7684.25072332758,7157.9482095668
1754.4451442849,3514.09416322323
1641.79456724811,3859.32547232082
8690.97091372771,7030.2513807556
1687.78201395513,3647.01423054218
7260.04194246991,7575.67287689017
909.599934669543,3173.47250102153
1902.48840319588,9377.28154017373
7254.88521687311,7011.45888252724
1306.70528832059,3394.34041649182
1767.19907297904,8928.47977328287
3221.91397978444,4337.82685548905
2264.07781205924,9691.64744364686
1149.15170749693,9035.99761617407
1175.96017582997,5236.05164724655
1896.20512395217,9329.84390114476
7290.14432192518,8026.64895705298
1851.27902989063,8795.61905435178
6446.03926512587,6994.33902293487
1238.3262935043,3744.97491687061
1197.12433215754,8777.71543633471
8003.02994147695,7286.36818604562
800.864251256017,8888.31631958327
994.883764126837,9228.08013452624
1276.79456156673,3378.90901893636
1265.81158042992,8797.56528284161
7531.39836155484,7913.16003911495
2296.3543251799,3941.96910784996
1366.41232104219,3842.76687152063
2510.44919765567,9164.75665745185
2120.63478747871,8535.52424261259
1516.60194688753,5849.30804782322
2060.68281995047,3985.26265534306
7247.63094971078,6812.17862074866
1642.36611789498,8886.34428199314
1535.38802857719,7729.63072937553
6965.78750088123,7328.59924968405
7244.49277819814,7936.66656631446
1331.19415169592,3591.76659811457
6729.35024562609,7653.419471774
1661.95264971657,9157.97058953597
7041.72167326411,7759.16919966319
7674.48347814759,8093.46137095282
3314.37452942299,9355.87665387901
1362.90381744581,9108.09291316418
7401.65016719639,8003.82494128306
6186.56438399497,7329.98674399612
2000.00673007925,8920.11513642129
1212.32814792848,3647.74415452658
2157.56682344327,8532.84138102054
1795.26831232514,8776.94756080334
1341.96666350881,3572.99493535412
1714.30979592468,8263.73908703476
1917.31642141311,8646.16452850074
1114.20788500468,3696.24426018739
6798.65349631953,7244.62318504257
2390.83952443009,9002.98806860993
1605.11834006199,3799.19951909839
1726.69364666371,8983.34006491373
7229.11559457896,8036.69949465547
6772.12715937388,7915.53308080214
7790.57496219383,7253.54643099407
1213.9910994332,3446.14804994725
7041.92155956727,7449.10493493109
1094.40240586915,3261.85832153486
2025.35417440399,6396.30132830825
1279.09668041137,3634.95095832668
8143.25999154697,7181.5380509053
1247.83714209062,3240.87462959296
1236.99406755373,3731.63263036256
7732.0988832774,7756.61128072159
1254.89606750232,8734.7756474677
7491.0526540328,6938.87630341828
1774.73954278524,9121.68515179132
1226.90487001089,3798.15468205112
877.728540775496,3307.54254979137
1526.99738655177,9145.34004550124
8149.97114021274,7961.73924814677
6232.93831699973,7758.84682270048
8616.97014538555,6634.99319537495
7253.81387492263,7678.18730779862
1409.2919531337,9257.30934823523
971.252393372537,3345.6651462766
1099.69029379894,3343.50990875853
8121.37899146082,6685.95945271717
6805.99110174053,7763.73772844057
1608.72317680335,8594.66405722724
912.263259089823,9030.29775024791
1402.32609413529,3460.49044766528
7773.87700842183,8056.91494607571
1683.07287447728,3605.10719177488
7403.25391376696,8144.07330569625
8679.92851391649,7259.21966275013
2455.55265077607,9068.67936296701
2019.19998854615,8953.41835861035
1705.67341295135,9071.93047355108
1171.49012994644,3499.78490503656
1621.09924343814,9508.01138114818
1578.37969048364,9149.54540052701
1114.17660118936,3334.73513798251
7864.37372773959,8338.06910393418
661.459655809456,2979.04586617249
841.816477449783,2849.03614843297
7285.56122515327,7035.93717712746
7706.20138781449,7361.32302571172
1852.72103041565,8755.35537476306
7402.43495085659,7180.88237103168
7645.83031471487,6460.18961038171
1320.42581367408,8860.2051620598
2235.21786700678,8899.64925811029
3050.35521462692,8753.51604625246
7652.33744249941,8199.37569410923
1121.75427099705,8823.36738087887
6986.05665898106,7635.81584255086
1993.22982119445,9089.86792957938
8769.09506561667,8749.80012660232
5911.67013888647,8083.1396715944
1598.61817921694,4123.26881766549
8895.34167370001,6262.02680440093
1133.14538243297,9066.10697453179
7246.80445696882,7349.45335923211
7173.714230668,7230.11055080684
1373.52446293147,8904.63385195837
1281.52460877741,3640.2691283148
1987.05475487672,9042.58967285636
2175.10221635702,4110.52566203424
7931.6635896833,7498.06818329494
1809.43398751581,3811.74681422592
1192.33787437433,8434.19793906163
1545.86385892597,9068.76307225815
6112.61624005305,7003.64461873421
1160.90947435223,8707.22185309209
2113.61993722045,8249.99313146264
1742.58630063563,9205.23329067855
1714.47601760104,8147.64927436989
1116.64212991042,8829.92633697448
7443.64111545862,7711.68936119666
8455.67273382773,7606.10796492977
754.225525399996,3034.92930354138
1708.87903801175,9158.26169996736
1093.15491837531,3320.88020425551
1149.5060164417,3517.99141347051
6685.24339765438,8595.59008284276
1377.6271719763,3143.54386139027
8456.81531319296,8063.16024561352
6619.45849008118,7724.19789065767
1191.91837420359,3632.35504572023
7273.14690999031,7923.79905914184
1565.52064494804,8966.41630210513
1028.63479154073,9137.51862732363
1297.96686308631,3545.82525787027
1332.35018101553,8299.48621085067
1082.81411257074,3692.46600402676
937.138787727149,8862.75965410873
1189.33424914974,3303.78509093966
2089.31499559295,8452.94605226951
1447.82946995867,3749.09618241878
1955.40584729448,9209.13905853012
799.925720629231,3240.90323465707
1798.03264365267,9000.99720827335
1581.31566981674,8045.23153110366
943.866774662629,3216.0876550233
1231.81105685772,8975.58526411193
1355.18829071153,3688.61485901551
2025.99684880527,8754.88249832983
1095.60196685634,3253.09818298353
1189.88369382664,3305.10823236324
1099.4784885335,9211.23359174576
1080.5975338989,3237.95544201145
1837.00429400553,3885.14307044442
4056.42202272192,8916.0786209821
911.658748094162,8784.85380089569
7303.67917356806,8048.82847846185
7296.01407546334,8325.61112147997
1697.45043965464,8680.81617553274
7428.63827717016,7605.46451634776
1997.89223545922,6159.17312206538
1784.78925618396,3694.75599792186
2073.54083990471,8675.79935838029
7802.98283014897,7706.14252728872
1975.79231126652,9006.07192771438
7368.49507912833,6780.27513531122
685.916811168129,3110.04889077934
7622.35177149592,6519.54900629824
6945.06947316553,7866.82201284365
7188.81127905985,7776.68117327513
7496.54626992737,7745.81918249256
1255.76425834436,3698.40861350726
7400.51830731638,7847.54661558343
6936.40694521491,8037.35502363625
8955.6934079159,7373.27839448057
616.138524264463,8869.50379845178
8279.59336688166,7581.58405789779
7401.10271188751,7017.64732105409
7932.51285866774,7998.75021848893
1750.7526024503,3717.56970783225
2069.69874747245,9229.02180981691
3125.07437137964,9197.56984513209
1549.90918757287,3793.39221090462
912.619682187937,3018.10804822278
7236.20153831926,7592.97124353697
1299.23894965364,9045.06149270656
693.596468483822,3456.54038458053
1533.03961793169,9204.10227562367
7536.03069858855,7239.06838311698
7977.33299879268,7564.40904021667
7527.86989372786,7723.0532093354
6664.21336214371,7553.06990793297
896.208513999622,3398.77236128486
1860.58417099643,9009.6273477383
1846.31488035933,9113.70961301798
7394.88927387397,8730.24609870809
1388.81685133895,3542.33804310933
1944.20998989576,4253.54599764387
7330.94125500017,6862.18575986396
732.746628300799,3024.45454216477
7308.86987918408,7449.64131715503
7872.70548666854,7065.26894560812
2035.68087361911,8623.05484590498
7232.9260092438,8140.28656277272
8049.96751252393,6436.70352038625
6928.26813476758,7452.58150362446
1222.11606512695,9081.48342607927
7722.21866670255,8455.18404346888
1933.45160814158,3749.9767706862
1469.58238563974,3381.03069149634
893.293354091491,9015.98225216615
7358.63315302758,7710.72230215314
1553.80688598204,9016.42599193892
1157.32205285915,3563.35076126431
1148.77959460514,9013.89236174919
4219.99244551032,4127.62413229172
1994.04855010054,3568.08593498582
1012.94356304982,3140.5958431343
8207.96194777802,7328.39297410329
1083.28433287269,3670.14759034845
7138.96461122857,7495.38646862919
7446.30793317025,7861.22239943589
8722.63697859066,6700.44304237436
6520.24716311864,7074.9123907498
1673.50762738287,7605.86504334815
7775.181987283,7519.68937970329
9030.14576505307,6913.86010750019
7079.710966408,7866.4288767674
1491.16017895664,4391.53997033144
8657.83513117534,7686.60403872515
1673.18713499519,4487.41572985248
932.592341042251,9235.6551490076
1007.6718340786,3260.47988912147
646.817258619174,9036.10089067167
7634.58958929703,7581.5948972268
1178.40508680017,4049.78032165997
1342.22793751259,3599.66575841002
7369.45071247636,7379.16167371711
7248.41210949205,8016.3532913032
2284.3229605798,5398.61637054259
2398.55280493943,8805.31139716591
1522.77901216675,3621.98424719874
3504.24685906643,3182.65385113682
7745.38310622021,7524.53737915199
1039.0335218733,9047.32917511298
1783.09194978399,7961.34953067735
1429.27365874403,9071.97942663196
2307.15833880116,3742.38139915869
1202.37723479004,3622.18936129346
1415.64469558373,8732.70310653089
6618.02837355061,7725.42199817786
7533.5981264313,9195.89262800676
4498.15224179882,3570.56972113458
6364.91423902527,7675.56921740539
999.260098173506,3341.53768925164
966.02570761903,3285.74311568858
7344.25317158645,7170.67399435832
1113.56233501525,6063.29804803623
1891.39863535866,3807.76406641303
2307.56542125879,5647.45530747942
9117.39595796415,6363.38326921264
1104.07998812441,8371.61482835324
1182.78355613031,8917.48925632888
1003.29464775464,3340.96806048106
2320.20842712004,9041.51164613992
8152.31138678288,7409.7758052881
2170.65317082031,8994.19478851586
7512.25957218462,7895.13187418645
8800.80338653706,7833.17669273404
1356.26183908923,3668.96119894156
1108.40174628259,3367.08701000781
1549.92593940017,7089.04662660606
7327.25694965447,8305.07387999341
7320.95540338026,7672.47929805973
1381.55912364737,9090.70991204711
8267.74005226557,7088.37552230894
7108.79586242427,7516.63238231055
1572.22396868531,7955.94604464624
1040.85325997799,9196.56783434486
6559.15151855568,3955.8263148885
1402.70085999631,3555.89155922639
1610.10142399972,3595.54483370124
1373.57082262075,3361.57923440403
672.680141108403,3082.63900938318
8072.89480184014,7169.27669621544
7525.88821739285,7659.97615641722
1221.69276931757,3782.30431713524
8869.5629037856,7638.93713815299
1165.67869932171,8287.61530310929
7661.91743288854,8333.90682513338
7762.23174071545,7945.26229201632
1930.84461373708,8852.78602879039
7034.35050794894,7482.10287023366
1657.01839273623,8947.3148868051
6923.00050968677,7862.32522699884
1583.47057777575,8963.25850864784
1335.68661664554,3698.09911790766
7388.05493957823,7974.55250000791
6811.26592123447,9504.19002166993
7032.03627077778,7318.47084091451
7307.12194306768,6647.7360294274
7911.18064366843,8422.13163716694
2139.45280614119,8900.27206125407
1630.17420880885,3226.12283509742
2327.5014864268,8895.56604354093
1503.23357878384,3141.40286312882
7913.9250962285,8118.30031184289
2100.9194829164,9318.9050122547
1183.9784338086,9163.28283377421
8216.06637662299,7431.94859500455
1183.58151325859,3475.90400982944
7805.42136755969,7743.95460743364
7096.89777945246,7286.60968635413
1087.25966562115,3271.91686134412
7598.01903876122,7612.1932772321
1310.10050630338,3238.52147235337
2175.96668381196,9460.7825403286
7245.31137104246,7977.67740625069
6920.63172719999,8629.29402865838
1776.34149763384,8920.50768906501
1019.48625878774,8708.43448837419
7493.44397908707,8247.00250285021
1739.35858377641,9125.22305461886
1790.17674697249,4317.48098933596
7384.88294964907,8171.38882297189
527.805352461117,3195.98285748099
1452.27908753897,9057.41007668533
1737.3858626032,3861.69318559215
7491.93207849416,7522.16686342115
1768.70142602491,3913.86851206877
7316.42963279053,8166.98370553868
1708.49509498911,9270.63673198035
2160.93635832462,8131.19898391452
7969.22514393196,7018.2106512941
7741.85006418261,7639.64154345389
4317.75103013199,8367.08470323811
7956.59082632764,8289.12401870736
1212.01852731248,3022.54310088712
1235.88785928781,9117.01076064745
6624.73358264042,7899.84276910977
1092.77689646193,8525.38411495139
7225.88672424595,7880.08941806786
7103.39559816621,8329.02547252303
2078.39337670375,4856.40822580468
7015.36899958236,8223.9957953219
1407.33603777164,7903.0093852701
7621.89211158196,7655.72535060965
6173.48585393223,6958.18528194517
4517.0288511046,9665.12615884393
1583.76881360974,4246.24852296086
1768.1373444163,8786.83430406381
7977.29287729427,7876.12155956208
7354.57817538363,7177.42825468605
1487.31885068535,8320.09442154045
8159.25848600377,7455.96806478349
1715.5977471637,3799.90123680863
7264.79656109903,7767.56085951961
1947.81945226891,9582.64753349792
1504.61671041688,8880.80799406175
7585.14981097165,8173.22934900601
8787.02086983828,7837.02072407199
1672.20283822768,9025.49259432661
1711.34219377197,8906.8498389039
8868.8933102477,7232.23311371701
7095.58505699256,7177.11722446104
6316.39524329139,6912.86262937636
1743.68355852456,9016.36350847812
7200.05569900193,6328.87593986337
2239.52072751246,7969.14889127938
1449.68713705262,9087.37923310401
4376.8904173193,8302.05197901654
1775.21946159811,9131.74174795983
6580.40899422723,7021.55760289022
1727.00607379819,3859.67811397007
7238.33782226478,7869.11563157526
1166.78317624103,7467.87790843795
932.824475689413,9312.27140941286
1782.37908533621,8734.05364432246
694.933666842598,3027.61342535461
6579.19612563615,8022.09340499318
1614.807587864,3834.97266688542
986.421402429567,8954.74836092971
1143.88911626641,3574.547711137
960.12308819867,3636.06060672863
1180.70164480627,3263.60878811037
1245.3412639484,9290.50860925151
2375.12266905154,9195.96989432501
1215.89249271671,8976.42299232811
8109.61365109367,7461.88566476916
1645.9513675548,3360.74727745159
2163.15682054568,8884.47524818719
1847.78914708185,8540.58235052952
7648.55223740645,8414.50281058625
7958.32715600362,7694.29363073729
8554.48249567986,7402.65461496478
801.64583044808,3263.74203927323
937.016352345774,3205.95175921632
1331.70697082593,3743.60109834843
1646.31329151735,7893.06340176926
2045.73010128554,9195.80850689719
1104.54422530299,8922.34167390423
6894.16626334724,6894.65675739224
1199.71542348682,3440.68525031521
1331.04839246221,4789.66683575147
1708.58091327204,4087.57738898169
1372.33205823874,3804.77367193325
1697.57509327659,3835.75080095801
4485.05679023459,4276.9063173481
7441.99964905305,6968.94018381424
1714.88860571365,8463.67450486977
2091.32276287232,8685.92690285162
9013.06737110107,6814.56969645839
7532.08902001789,7726.32185862665
1208.73408698817,7118.3246462418
6931.5461301397,7474.41854874492
1559.94028613298,8959.66405632144
7326.5600326094,6908.77777314305
1219.39811007091,8191.62593631698
1253.1216066881,3174.25656148309
7691.84793553694,7801.50754945493
7775.9202395166,7409.72202256254
1412.52536848602,3662.59571414752
7407.5751713374,7309.6241761655
7122.98239312676,7836.92120158858
1382.87880446006,4013.73744024313
7136.71103800411,7392.75374791942
1707.09848886099,9083.3680054682
1785.70794380532,7619.18133257714
1458.54554199736,3744.3407755012
2148.59243933677,4175.37193388729
1475.54441499717,9082.53602632569
7327.61137752796,6966.72055085314
7779.25384736781,7795.02595624555
1542.19038472052,3731.50396549598
986.890992545567,3336.98894114763
1694.99266851392,9014.3361585095
1426.47779128005,3815.05117684294
8862.79290346538,7750.55443191783
8735.7123168423,7291.43283171891
1318.07882761242,8832.07172832207
6683.94957159902,7444.46536101524
1453.7783409269,9129.8347968424
1234.64720699812,3171.09386792912
6725.26168900823,6634.0469078009
8170.5161207571,7703.19227463335
2183.88483719576,5337.25449422813
3568.55253927359,8652.71535855116
1675.77523183168,9244.12583886507
1544.47818463489,3840.4699065343
1046.138358709,8978.09998425473
1313.56522805654,8949.71871201364
8383.81713716085,7769.48608177261
7910.97197302303,8271.55483921297
7909.19164624262,8094.63919961055
8437.22105898897,5309.13471285062
833.334839503316,2825.37875950309
6621.6173036972,7560.59174781702
8801.14273269258,7461.61692817407
798.216948110181,8988.6133225114
3728.78667617621,4593.36252549612
1828.20650747826,8350.54751736542
1239.94789632594,3943.35430939342
7191.12475176136,8202.46344480138
1915.65073235666,3313.20494464208
648.444776635025,9248.51768169193
7807.34006932795,7901.94509194563
1934.51240495936,3921.05880701081
1794.51596974495,8024.90827839829
1229.87079422747,8939.44754557794
1012.01949832342,3504.02484959583
1916.98109078149,8702.33881634063
3029.01940167747,8797.43242043662
1501.98340915109,8873.0393568538
7423.85362655791,7353.15373505059
1415.51723758914,3630.36421604826
1597.71592762539,9332.22230352345
1788.24742025792,3721.32966502352
8145.81952942167,8052.12740673759
7804.68756692463,7442.61384392071
7014.83917003891,8738.64139288203
7385.82112710305,7713.26989037301
7893.36158936828,8141.71316099785
6981.14030091557,7306.59032333941
958.013167822379,3156.00498376653
911.538056144424,3467.19091025333
1348.29880801879,9222.27502254548
6448.29751432492,8090.71144730177
1464.34875889586,9081.82565189948
1201.21643201416,3654.6923157347
7854.1087738839,7180.87257155862
1067.51138450634,9068.78103604439
1172.78198717083,3521.74763186149
1189.86255016677,3342.33363727658
1627.48814631407,8867.4601632559
8050.24556400592,7786.55029435053
1684.9917357648,8851.59120690594
1134.68620212284,3709.31786502242
7610.7854223252,8198.76064194619
5819.63208352236,3242.73066204075
7712.344381438,7769.91461205346
7907.46381989061,7995.45413953935
7492.02899897326,8199.65151388506
8062.11672670383,5895.71118268076
2037.53368914635,8956.43885442687
7711.68866054746,7810.1313531669
7809.59976312616,7977.27029902747
1676.26503666377,9295.23650657286
3735.99914526975,9234.78589182014
962.988999543886,3713.11777398176
7247.51821345449,7799.26751371366
2029.12018474954,9194.31979750138
7043.64443719085,7923.56248610192
1503.94283809883,3220.30819175714
7000.55126078953,6517.11476255604
6901.40061963737,7578.00379784438
2445.42459401749,8904.46514527943
7986.44566395224,7474.728335716
1512.93900756667,3369.37308052035
1231.77860670219,3788.05968702287
8832.15410090358,7893.31031156657
1856.45021216416,3763.69282028449
1049.26577406305,3330.33791135907
1439.66754944756,8144.22651494487
8541.9572913329,7568.87016881959
7046.70490841882,7570.10947260086
1659.99027322613,8907.74573031146
7748.66049646624,7346.30088853659
8026.43899538013,8133.25631944692
1399.19625665107,9085.01054104783
7905.01398676595,6681.73654745327
7056.12942896454,7963.33113077356
1642.44872226466,9171.2996084087
983.013995961565,8145.72246513809
7657.45416906635,7860.88108113077
3199.04859007641,4800.07433054999
3262.40502938022,8593.22881619368
6093.9484817968,8089.35403317578
1221.2741239276,3524.48998886875
7879.67459316891,8002.80706023111
1341.31446457156,3272.89558042921
1070.78850756592,9162.12139557691
1074.60250470993,3511.32473173088
2043.86007851095,3627.34582489789
1282.10542742311,8445.30413281322
3260.05095484966,9207.00034369341
1016.68727650506,3457.19744584967
772.826360040372,3491.70979043439
2541.70127139986,3497.99407537088
1689.54820064527,7802.86738048114
951.819907651965,4018.68397388423
5368.40438123946,7479.42454589467
1118.63837768669,3472.43038031063
1356.28844819915,3572.60364410459
972.530873534441,3382.08300125216
1575.3105776145,7183.76553541854
1084.25387084847,3405.94204254987
1314.48294234183,9551.53484162855
847.700044862414,3205.68834219844
6993.72451661193,7561.34746275042
7048.81641073154,7828.89125950259
7989.03860622396,7300.13121548721
1527.10966871456,3817.11578536869
7946.12569185695,8044.81478628297
6717.02954960095,7631.76928064898
7769.10778017783,7408.27957840206
1916.23672070184,8850.59723715002
7624.34144693109,7604.57195138887
1655.49742567643,9237.9534006356
1574.30471236476,8893.09027413602
1776.7582586857,9163.66579967294
2087.01465186433,8390.44122280205
8706.28028253855,7682.71574069968
1728.07444162684,9045.77201653835
1607.8991385119,7834.79186261947
6872.73303570498,7473.27172362696
1105.92507856793,3189.64710344359
1427.12101720416,3859.54948081925
7110.22646504256,8118.31534755567
1557.33345708423,3944.23302329935
1507.33679610846,9302.13611923538
1332.33068630914,3435.33686518256
7528.72471829064,7231.01559246102
735.735489187595,7171.17819317612
1912.02830856738,8229.0912460468
1563.67881454042,8743.99990908136
9126.37574139579,7064.42440792377
1110.01868089661,8736.11260543418
1678.53173179995,9194.16665849147
8135.13800998749,7497.81106139467
8569.03355534086,7527.65097960111
7840.25450364265,7361.65769208972
1527.3913943267,3602.96843283408
7531.25820314077,9345.06898595932
7270.00930221413,8386.58571315404
1053.11212592363,3351.9285096311
1360.70451578239,8159.14280291568
2064.07461237299,3889.78144913456
1365.2390128448,9219.55412816173
6990.53476775544,7604.96160135764
7135.08836663323,7639.82055717072
1012.96444074912,9190.89047629122
7241.22643783673,7142.30061709191
7933.55216734083,8429.32443792197
7606.30384184672,7053.03926339099
6927.90384637204,6966.55791680418
7474.36520330003,7330.9913155464
1000.5184347017,3557.15349489199
1925.5771859846,8339.08066676708
9117.33042681591,7080.23023272272
1796.08457949004,9237.866825655
1231.06288262978,8552.9076780062
2812.72134330539,9191.99321367649
1714.7260202277,9020.31807012572
2068.10128352694,3783.70527853262
1976.30285832346,8739.30281584986
7447.90694398353,7082.06724003625
1644.83336353809,8666.53875231356
7606.35479343467,7426.05539866585
1557.56482046833,3870.30389860092
8296.44850595,8186.02104721492
1769.39989572143,8965.44486031088
2181.94033186843,9066.02487688879
7753.76372304093,7890.91477350481
1489.75713511675,3495.74450975056
1858.8849098257,9017.53955842235
1447.99441079067,9119.47957913615
8651.80590098011,7623.75145982778
687.674820294071,8880.07258922019
1038.75922596294,3226.59888599053
743.307094054158,3180.91830230259
7343.08653452867,7479.23121054971
1450.18349725548,8987.21059930324
1533.67244022717,3899.01660453558
7113.87423918063,7603.57463279006
993.760955436971,3183.49258511478
1347.51298494059,9043.42115449133
1190.81052859747,9121.44861205357
1269.80482468273,3558.88737958042
878.465194538156,3625.13487751209
1720.12789740295,8912.20654299757
6876.44924756619,7411.34171556257
6878.03356145473,8247.73698768632
1615.60887201405,3862.87654723794
8741.87033987213,6293.03133822632
1081.14971651132,3376.89534945321
5943.55344452375,6927.57670941188
6732.45023786605,7691.17316260525
2085.78604214083,8502.76275590189
1666.26016058451,8040.03746284287
1668.42800057052,9237.24133846734
1008.21356732439,3362.13932886115
998.664638564968,3562.5727341261
1578.5924956032,8828.46830016891
1404.51199276929,9129.26326386405
8001.18070672016,8916.98123063619
7261.96039552147,8193.02691345799
688.611850327937,3734.99586647125
1929.00659596796,3803.17315053136
1094.97299951971,3524.87595593322
1071.48964426451,4240.68984009106
7908.79453259302,7201.55895973299
1628.68438244492,3615.24144375211
7135.44481204485,6687.65723495719
7279.46090533183,7801.45585722551
1135.06895192496,8785.3965431558
6625.56391431084,7929.19475976523
7183.58143194816,8143.92425779235
978.079684177208,8855.26424753775
9511.06206201314,7305.46290612979
5096.8569316774,4986.09421924129
2358.42048154051,8664.88890510804
7128.92282944729,7802.70724884156
7638.34078964403,6993.04265576055
873.471178239843,3038.31540623237
7008.59112657938,6882.26905579578
7545.29876835287,7642.08536410621
8029.74773258054,7089.14015579222
1406.31597140733,9178.93149600883
1653.56426428204,9136.30379990556
7670.76396134961,7407.90826140742
821.042084439902,8238.40852526325
6599.85001234001,8312.89493469106
7511.3051894216,7447.59853243551
6682.43648168174,8314.13333279089
1246.33406957127,3412.06407812784
2139.55950091416,7568.8779271677
5079.68043153383,3485.56457822049
7538.19082420246,7725.79612094653
2162.83219776304,8745.46976865352
1628.56429091145,3629.83370147031
7090.17491429653,8328.97038432662
8856.03089716191,6029.37079040302
7594.83472511184,8124.99442856312
1840.51848582584,8733.3344599199
1315.70003210246,3607.06615399887
7312.45664219367,7536.41895463205
1888.93973552768,4230.61095421646
2933.36677107607,8954.49563346655
3555.53049072805,3517.09436383202
1321.41564427588,8926.94800172366
1728.95240138949,7879.32237140137
8012.13999776413,8555.52837612284
2256.77886932033,3424.46304767872
7635.74631659186,8367.32060841382
7671.17532697322,6918.98501335863
1219.49743449176,3641.14389354802
1215.17649702792,9241.40965680844
9199.77512734824,6744.95887886534
749.782972254245,3330.19000493611
1403.99766032317,7970.83722832579
3080.07875622011,3527.59180417086
7353.29204324174,7930.29572178955
6896.49686901117,7130.66176358486
1552.77339032504,8168.62959188581
1131.24685510703,3393.11939566954
1940.16555252562,9222.91522436433
7917.08533668386,8275.29087723324
1212.75091893544,3294.12652421586
7891.83619197628,7829.73834193736
1232.02329742651,3252.8321221196
1580.09627875832,3888.76112861002
1439.21880061958,7582.42012500036
906.859677431314,3434.98193005306
7036.8093905559,7870.43235763332
7579.06187877025,7831.22181170335
1240.8704561729,3174.08332298444
8214.28992887695,6087.69159214194
7262.479864103,8393.82236597942
1093.52162132468,9087.17311963126
2032.79829747077,4212.31979783464
1474.07693279721,3293.16272817427
8456.19038480777,7680.49274758598
2181.57997759057,3984.88305246943
1511.22515184347,8392.09600459049
881.255948861091,3334.32755975134
4080.83180784456,5933.12317998808
5198.79847401297,8138.97289864485
7906.75129870523,7952.01661135588
1773.72443931319,9216.22140657116
2696.11560402926,8808.78042839115
1101.19451047076,8317.67246418969
2587.50870269726,8784.74122462304
1814.74591633868,4325.84508313334
5091.74574753286,7374.96985315677
1381.58632512691,3557.47012448958
7440.54597981287,7820.40742525344
7290.17336160787,5342.47760443627
1268.07463042797,3894.31264242372
1626.60523296877,3725.56511792447
7638.04961001782,6896.90878704259
7140.64152212353,6946.86091004564
393.212454617389,2945.44973629169
723.241941175268,3121.23232745096
8167.48579847784,7268.27398780545
1493.9473943546,3946.14277236817
7663.10937194356,7812.50142890547
7305.33399581074,7877.65194379778
1016.59318733488,3178.13212707368
1569.62498611298,3872.14396184722
2657.63539295864,8279.63050673586
7478.17770464217,7634.93756310349
1667.60234368362,4332.70577440575
1018.8184130809,3580.32589492173
7555.78499932585,7470.06895893869
1168.4062411646,3506.4026049951
1887.19652531005,9014.44212484361
6859.17246823704,8017.82583101127
9005.59587377878,8524.38897236984
7009.5570909078,7465.64951792755
6455.73586177754,7046.19295969198
6614.35450331107,6930.07318980972
6742.97372638446,7077.74170293607
1403.07535039921,3552.3527532963
7597.5994250299,9434.24960408542
1826.28821697482,8884.79330346918
2045.96959198313,8923.08601334776
7244.4522109758,7749.23109501965
7348.60195076881,7901.0323564028
7712.56431311435,7864.99764382746
1469.2545520045,8358.17628772775
1889.09833616997,3825.68583010353
865.910548268415,9153.00941451567
7628.19420453885,6877.77557842033
7689.36243377774,7489.73399945955
8562.87536487122,7609.94903971209
1904.44057565056,9195.00797512324
6153.85195210697,6778.58181896713
1329.77757713497,3458.16725769249
889.406750627645,8843.21208009982
1532.22452635944,8657.854795277
2137.10813802408,3847.34315605028
1084.83863056638,3268.81421971096
1829.19137256817,3814.72173074762
7442.77644125354,6331.64844316592
1759.29532280785,9150.28659746888
7374.54634920273,6892.94505814718
7406.69770847277,8032.46155778564
1424.82400828831,3592.76634459261
2229.76170085896,3502.03031620727
1402.83690454418,3430.35078715447
7326.17580970862,8202.20959585454
1201.21622007097,8368.45564632941
7545.54088501718,6745.44950547984
8516.25595437857,7085.97631426679
3700.66112643837,9414.09201619866
1420.38805997563,7649.702221225
1274.62401225003,9450.228139456
1084.08900837431,3247.20812014393
1170.20461125519,3723.95031405824
7505.84399323727,6809.72288687589
1938.83963458968,8848.86403694096
1171.22262860777,9065.09826897228
8583.03167931473,8405.87726550629
1671.72300974158,9020.58565623971
1967.46672877257,4097.18929261273
7369.978866835,7166.78950506382
7772.66018608699,7245.74192704127
1672.52080218157,9299.5941134821
675.481912501652,3209.13034734611
1351.31809141604,3775.99705441139
2252.77974264924,8917.50533778013
841.409525469551,3316.84304655962
675.521775185019,8291.51861004659
1366.81574265036,8041.46024436464
6781.71481813039,8716.75861729794
1218.84713658936,3228.29762249504
7002.66234057027,7544.63458994612
1014.90958620711,3391.54261176728
1525.13851514607,3499.19388421554
1747.19564073214,9047.42333446854
7845.54809108117,7938.4573666834
8191.68827883944,7385.49531653005
7331.96005248975,7054.18581652308
7988.39588352503,7359.22753357391
7662.63514622195,7535.6604423867
1213.18907755454,3675.15918281314
6671.34517957619,6584.94622929484
1242.57860206923,9193.73921077714
7440.68258296184,7687.73652779328
7245.4710131578,7812.56967378688
1445.72581406382,8974.88340618779
6568.74237414951,6795.75786509757
1220.50016001058,3541.29305686692
6823.91075472604,6761.98888999857
7698.95015176178,7563.85802242087
2062.62638317531,8325.11612065124
672.668064093609,3105.07180328546
7320.27689195365,7625.00022383337
7388.28608987343,8111.1650430099
1845.22830879272,8946.61425053812
1429.44921065861,3799.80573311896
7598.34738368276,8073.99357683189
7570.76856286698,7839.16512278974
2518.19205287257,9105.07621545694
7111.06864392725,7351.92310512936
6012.86356631494,6770.20746779035
1358.76920386468,3635.70035124027
991.977881985511,3524.88458432254
1450.04983259822,3828.12482017925
1380.60317874637,3899.08475372047
7255.95583701041,7720.29071316591
7805.63333800305,8206.03655499861
8828.59536933553,6216.29210589284
2436.10999869718,3284.19882188015
1377.01276422581,3897.72150917735
7096.32591033209,7342.92341162517
1742.40520388472,9123.12065579835
5491.73395566859,7373.77315844998
1376.25345256888,3548.16422669558
8933.82053977033,7437.70692330595
7026.87281441321,5481.38572599798
1370.7255494882,9163.78647241986
1588.96974079568,3331.94127999463
8285.57702077983,6851.23397362842
1960.79226020079,9114.99120343906
1433.95837211973,3411.32871425398
7514.8042176137,9385.74377287182
1715.09032273841,9089.04305451181
1238.74747525886,8937.18225212136
1024.61574683449,8586.39020706053
3303.20706453408,8855.12547482915
6785.70309288712,8061.28189453702
6982.31850598531,6750.3392368986
1237.50108143588,3860.79041177777
1472.27561710059,8536.9694635831
1488.11775195459,3890.86305703851
1162.19122540271,3508.97094120567
7262.66867454745,8342.89729254707
7851.99823729555,7827.34842676593
1225.83620371896,3367.43404252544
1021.21920978909,3516.00881550312
743.283270231334,3249.23563994394
7519.04275472097,7557.1460181964
712.813904316834,3337.67171830606
1003.771892106,3310.25495925693
7128.48736535445,7504.47124995234
1722.6497576048,8513.36997587789
3302.52543226537,9204.68525000063
1264.36735016587,3455.95548725801
1605.92264212938,3501.83440550345
8804.79646348468,6836.84700231453
765.58004030756,3406.36680862215
945.519747731182,8964.110378954
8151.37306092445,6467.85211548581
988.741272818549,8655.52920481216
1977.41174497735,9168.08393328755
887.83282386738,9350.97054403527
7795.91382155049,7410.88329146539
1493.52352216941,9191.86274100758
7434.49101266895,7990.43804556164
1572.04031434112,8957.08809165209
1584.17722425445,9153.04445650957
684.92915416477,1168.98338542962
824.140691475589,3295.23494033552
2203.31885574158,3630.1180757217
1485.41244380259,3978.58270849577
1171.9581061118,3430.67820749755
1774.75259208165,8241.8283692159
1284.382848994,3095.24774194879
6818.86766447378,7978.98241184506
7966.16237230165,7046.78736771864
8622.13434326893,7495.92971368399
1850.56639633538,3734.69622318504
1373.89804813214,7999.5334616932
1542.96084588271,3746.75746843368
7110.75292877219,8203.9902509493
1919.70040838311,9284.94431423042
7212.98984299937,6809.09610216236
8472.45238820751,4343.49732536138
994.06557821747,3390.68172162354
1331.94096165588,3481.2687076436
1276.49604681209,3549.56533557685
626.189622130821,2622.96355290637
1347.61111983774,3805.28217982654
8084.75558509745,7106.26210514503
8036.64427371794,8155.16797012323
4150.82693214431,8428.19066258371
1670.22314567338,4205.21004124821
1455.40443769241,9197.40142081659
1815.63903335582,8781.06726540784
7664.23448332471,7399.03201840964
1242.30403054145,3909.18331135611
7216.43258895699,7130.72027567354
1109.54807011114,3179.40015983213
7757.07738911595,7515.4693925901
880.883483015396,3490.72533979445
6788.68176640632,7839.09507010095
7072.79523218359,6949.6770620147
7550.2108177654,8363.83187450019
1436.17204470613,3656.51336313812
1737.88510091983,8376.98612958103
2694.33581610451,8995.23520299479
1695.84639578407,8964.47175111878
8083.12785255061,7920.31039734144
1731.45139576556,9074.33499970291
7594.73134038691,8092.21148723426
7388.11392531413,7629.0261504574
7492.64067342788,8178.59775712241
7532.02926953598,8182.51009115855
1639.26058244711,8968.95233718272
7850.94822132952,6499.04469317015
5382.12814271036,4123.0601433223
7596.23345350074,8398.91503334337
2172.75772957134,9280.39566953599
8594.77625141949,7635.94262023097
1491.66392877735,8330.588139551
1393.71554786073,9122.95215878529
1179.51578797212,9303.70131441652
1772.41583461933,3811.44643590584
1243.64811136778,2870.53817192855
739.835194286841,3303.32989724475
8214.89230439711,6847.81738915945
6900.244446075,7900.39403657457
7407.88847741512,7602.78810577853
6832.10554042624,8252.36122582488
1130.17706533102,8622.6265947134
1493.97738402749,8731.84229352058
1236.89760404952,3461.43195460567
1402.38009782547,4185.1093063091
7364.75361530277,7715.47436984415
6669.09546193148,7451.12568165391
6895.49254703196,7852.10905289793
1490.06799208266,8949.93745915159
1275.87361429505,3418.97384611591
1411.45270511588,8802.16000833315
8106.65459361459,6433.57375708648
7994.77549957486,7621.64109754945
1870.14160473033,3697.33546165965
1622.65204812388,9208.14962614279
3735.61791957898,9041.85088258049
1474.54267876768,9244.37982174014
6301.3961114556,6122.3058955829
6057.17531038873,7781.48891941076
8241.90239500595,7333.92401045451
1987.63531783438,4087.18357590518
6950.67033520984,7322.2110437743
1382.46209758255,3776.47324588613
1421.26126707665,8812.85378343627
7538.37276102316,7332.92731828929
945.212776800893,9028.43832060692
1581.21534318768,8640.42309591297
7661.64188529565,8341.24810150243
1850.84194363105,9109.06960177621
1495.34566376665,8941.47489106603
8415.26047067148,5537.78796813642
8750.40404940424,7199.29877021316
7065.52344491908,7889.08091980504
8141.86517493019,8252.21252524572
6869.78250916951,7557.38134600138
7456.47657596489,8001.46785100319
2010.1698470887,7564.49604061531
6838.94146299558,7993.83943236812
7529.20204857018,7334.71941109666
2214.58061526344,8322.34185809161
9030.72353195428,7595.30278939059
1157.49912260867,3656.19381008839
1584.07447466945,3943.55277993678
8662.72526746952,7784.00747785099
1470.75559181353,8942.32245176655
1325.24308566396,8730.27530690526
1606.04492324108,3559.19105757205
3181.63239815833,8939.87126824084
7573.2832734299,8038.42998087702
1528.60850511982,3731.92413613454
1678.02171144489,8984.99274214901
2224.19242003893,8892.25994361323
9224.85363899359,7768.78435757595
7577.61560389885,8041.35285706943
1454.98787031566,8436.88635000246
1068.17220808645,3157.19457842549
1181.39653966238,9323.9094657288
1029.01938885201,3337.49662853518
6756.08846554572,7366.24209310238
4891.31016203242,4466.20463692027
7952.15312086765,7641.66525918407
7417.52891684049,6636.97128531581
3465.85855362124,8649.89188472341
7219.96369015466,6806.92828399189
915.168627523849,9230.39664609851
8290.1646698857,7888.62676347584
7937.84087473891,7743.03106518283
1807.58890734336,8867.0251107546
8593.2954093296,7189.08673099899
1067.82758066844,3098.64795990709
7260.84003256776,7586.49791032872
1425.54832185761,3327.509018076
1686.13609380222,8970.90249323798
8184.51851068049,8271.91652459525
7353.91616577237,6419.92241360361
1225.77620560868,8507.2044551895
8108.00768654778,7396.83004363915
955.888141901697,3326.28191570858
7555.57686238203,7108.09739631514
1534.51417085328,7985.06777657908
7097.17223097385,7020.83796337533
1941.78750104791,8182.68869565376
1922.80688320065,9011.80264424497
8124.0297252132,7688.57960336452
1464.6049509114,3785.21143490058
7535.14472987612,7327.59879783911
1613.31973674877,8666.54557449328
1506.60377505876,8813.01019870028
1106.15609433192,8791.81249260684
8252.74559909448,6821.71147595459
7081.89848315667,7130.57544000857
1944.042702055,7111.7929646695
1614.15316703936,4100.41220418487
1476.84020189315,3611.25085156528
3498.3144845374,9167.44460612868
1704.99507205228,3787.16161108547
1544.08583320418,3431.20751164988
1344.68352741005,8957.44600841025
1691.3130057148,3717.48987897345
735.529438457009,8696.11565460857
3571.31081983701,9323.60658019184
1608.49727869254,8955.49599644996
7532.13031131755,7219.45180404132
1930.26932189969,3757.55020246019
1456.96142040544,9129.22573776485
1235.5975940778,8991.66985078352
6614.88708464238,6592.22291942912
5733.05277040239,8502.33451332182
1059.8845102109,3207.44260595356
970.747582001411,7906.620646399
7671.6976301353,7905.2418151973
7960.58876627856,7772.70487674078
1641.38529849668,3789.39951302353
832.444783754016,3224.65570455772
811.804106015592,3259.00329646176
642.161990738389,3011.02032225621
1503.95074968935,8976.66514835055
1222.35540697495,9167.98827110666
1761.22075464094,8938.6686806755
1094.05278015255,3218.84126035944
803.963517808075,8367.32810353309
1975.95435462968,8350.17537418364
947.226838036727,8992.68938633073
970.930052932814,3157.73038754192
1228.0489018166,3813.6483480998
1684.34748359709,8690.62726095415
7007.52309225708,7041.51807619455
2115.90956838492,8263.51187404286
6658.92830124277,6581.80935270056
6945.95241050904,7350.39271923009
1704.86333769325,3902.8991729922
2024.4285504316,3711.10512723824
1572.10772143699,8954.29193896039
1111.45176853225,3821.43877934393
1570.73359710712,3930.41036944953
1932.78917657113,4053.35163929398
1015.35733546712,3317.10788367712
6321.34757843871,6989.73262097647
7085.65347692301,6992.9408946144
980.687448796558,3086.53207645412
7140.20923787527,7589.53253783727
869.151173250273,8669.70165002287
1722.26041709032,9207.64975970308
7714.56361408888,7675.00379627053
1735.9579938666,3821.69030059441
877.89374433425,3258.69083364449
1977.50220771373,7474.65282887105
7162.4285617023,8504.2347515595
2278.32383773238,8109.15030602868
1511.71978247791,3786.4633949415
959.198726207564,3097.03608694331
1942.97138770065,9025.37281303383
1918.15966232619,8834.24038292412
7456.81638302706,7837.30128053885
5724.28821190413,4251.47989480913
1957.79068084488,8735.43661747222
6612.33662976221,7056.28005031212
981.971271441002,9248.36328111326
1488.29207699812,9259.18646296695
1528.66338526379,3874.75282009016
997.841940162521,9060.15715854795
1344.76972417233,8862.31436487241
7038.77997535985,8082.7379134774
1906.9649124146,9075.25448450505
1883.51117294264,9172.62906748128
7150.49815108826,6059.74374624893
1210.09236985083,8325.67513773106
2021.07689447405,9115.06670473543
1064.72797971111,3181.79933477135
7160.54827920718,7935.44521576785
666.368456442527,3261.28976606704
1785.29968190712,8899.84585262617
7548.7040482943,7619.72583634351
2137.81668180106,8065.67299758047
6177.36115168143,7402.71054947923
1796.37317269811,8547.00918275127
1247.9941405785,9280.76153601603
6822.37418790611,7197.28235868692
3347.06300340597,3383.13982553898
1712.95137619648,8956.96938313773
763.327878188797,3616.44366569991
1360.33901673808,8804.2924662431
8210.35903961989,7835.85509564504
1644.63329619153,9019.67003120128
6736.02751871479,7338.01494233245
7296.22183182301,8734.42147983515
1704.39126269441,8790.4622476787
2091.85977612266,9215.81878379198
823.479454656038,8728.19346256781
1386.78423257724,3192.61691477449
8454.09554159331,7572.70359810156
823.868155222415,3197.36635431101
2431.6362495054,8133.57268746197
1339.22223123449,9017.61328686973
1691.69804147556,3500.85354588329
1134.25350037473,3768.85662286556
7161.29403052645,7368.91682229329
6356.93724952192,6799.65121121023
6246.88781732682,7266.43979605862
2231.22410946652,3851.51885160029
1787.31318555664,8315.89745407309
7301.31228006362,7679.77454958914
8711.57033300191,4848.84912359897
1201.51388733144,8886.16864449751
1959.63048694517,7871.05318929996
6837.44510785608,8610.66853710755
5134.93369684693,8299.24763660654
1285.38536823658,3617.9800694715
1665.55062772109,8449.07933357099
7811.9971848005,7071.9059816686
7871.73508903192,7552.32167292451
4092.84949057303,9166.05749462903
7361.22589111593,7808.71972158071
7879.27007078789,7713.44528541821
1377.30241784465,9035.58689389162
1605.61675682523,9042.34699278587
6966.58084090555,6307.05527531617
1306.43818725671,3384.24228718509
8671.29212113706,7276.41973080274
7148.14855353532,7469.63570255115
7748.0380483131,7788.7041123703
1343.20126285362,9093.81876610032
6414.65904492727,7124.47455547153
1481.21185355171,8048.32528174886
1283.04413340219,7685.44469645447
2219.92303777479,3589.29525849099
1269.59423545706,3802.3318130187
4756.57061117074,7269.67900778186
1503.7141342867,3393.41086295642
1532.61805458537,3745.74225458113
8054.9601412577,6834.95355761136
1274.49496821357,3392.28175144096
1013.41316285151,3116.07573960584
7381.99570188499,7464.13815737929
979.194838178256,3748.45353861012
1521.70384833956,9030.17237340388
1663.93492258898,8238.7426226931
1811.41474794125,9086.29482557013
1777.01920975865,5473.62370002817
7054.88310466691,7897.5310364482
8111.25492259709,8307.45408075071
1364.55845181202,3801.08539937359
1055.52901312748,9007.45551316722
1171.92490274216,3406.97646690095
2895.77886344675,3329.70489084684
7582.81098975394,7405.59832513794
1412.57977886269,9300.36402142538
1866.77877003254,3560.97991924437
1245.02603725579,3465.70672028855
2100.72325431846,8666.12697655719
1325.38485981971,8998.06731559077
1641.67482143824,3748.2155823548
3552.25855129517,7970.94604641349
1944.30737974444,7911.35749372768
4219.45356556841,8633.09580233916
2205.36380853778,4160.08237968315
7382.96656770621,7014.53470276634
1069.14892937931,8207.09149386423
731.626041766998,9284.83002732617
1295.08410324419,3373.88860868852
1027.5983134423,3374.02050813466
1791.38235221962,8496.06460039871
1041.1598236271,3875.46021566922
1143.77878057438,8280.9701502429
868.309766705941,8905.80193282873
1135.69641643403,8802.58247531479
7550.98928282228,7669.89180810889
7777.12830409373,7320.93462964132
4551.79475981346,9105.50102881035
844.67621263795,3395.11220020204
2019.62937707795,5698.87665582748
1945.28351077271,8101.35663280919
7294.12821624657,7519.93779187284
1381.5217531616,3837.21878233311
2292.25628104124,9142.24350009446
7417.74340817464,7740.88110136627
1139.57181455808,3403.78380275949
7752.63732245514,7553.25417271128
1354.33667974692,3687.48982249635
1736.22153950361,8525.85585006459
1557.08404975253,4609.35869633171
2323.91773319382,9095.57139319415
7864.70355876416,8034.94186793955
1618.03581443173,8439.14291534884
7172.72247097963,7103.17520292398
1615.03453310434,3724.7979560091
7618.70662509096,8173.29424834576
8140.92271483384,8082.8104740889
7869.57071421068,7500.63227707005
1202.32879736071,9218.29907506405
1377.32408050245,9368.41560134532
2705.79358356445,9248.5468304309
1452.56702092859,8870.16804223693
1180.62487804521,3432.85523617253
1629.30478644874,3721.32836416772
1211.25859509836,3905.93693264696
2272.3290689296,9190.74147307325
7408.16590633525,8300.16225743921
1474.81060598089,7759.38568820691
1724.17309026971,4606.17880504298
7055.77640610797,7733.91336641026
2157.04338597185,8982.9930325595
829.192613829502,3721.1391595971
7665.46591262861,8142.43689054529
1164.37908814034,3215.22157797229
2199.96635892763,8715.81723568876
1397.21511808512,9052.87971488535
6728.98681462412,5032.46102902724
925.406664345979,8945.48289098265
2184.4436478225,8268.36316801154
7481.7563305109,8058.12912668101
8108.50566372037,6788.32642086062
1425.47716306366,3911.82284195237
7574.30734640502,7778.92646626865
8320.46090798585,7399.00167623012
1468.75423814746,3559.20395264174
1557.91430928983,8877.18181324553
1660.87960309129,3680.63375860719
7245.63182388466,7216.41595201276
7736.24889528919,8230.60069316038
6953.09718577544,7212.21307301111
2086.81448222985,8949.90520114068
1429.43397644664,3529.01473638296
2947.46612867911,8923.49075351186
2269.47823428605,8698.92318332063
1191.59290914811,3351.69404539119
3425.68892304972,3743.12527189394
7933.47645997745,5850.57568124194
1008.68697818,3315.96218736904
1874.98090480795,3404.89205328658
7192.88004415198,6962.60903533652
1851.45903549014,8601.57238278934
1426.13059193974,3265.53957845505
7446.03087350167,8429.05763428256
2902.27951289078,8761.0559076845
7980.84715713601,7602.07357205103
1067.43434433011,8119.03207399441
1465.90928228891,8984.63646478419
1659.55211254604,3894.04072664457
1858.8025068606,8508.68172197899
8106.38879412874,8089.22203872776
1206.41159088014,3509.43567252259
7448.75904169021,8386.67125689613
6727.73894810236,6374.45212537626
6300.92994073668,7984.91059450078
7633.67374843432,7014.7570155386
1433.13607753125,9038.3514195709
7003.36487983333,7682.10084905241
6347.74198339946,7447.08727292616
1176.4712365898,3443.11663105723
898.161351996071,8870.19930063574
8504.16737236129,7966.30638489785
7920.61073124606,7910.39980968201
7025.38051258823,8332.02874136612
2008.30850404237,3665.67470300426
8660.55147142551,5817.34557391355
1294.59707734896,3669.03714396088
1435.56490987613,9117.24132600597
8198.73282967946,5011.49223602297
8266.73368547768,6844.33985955536
1571.55592571876,4088.94324077903
643.819666875717,9064.63005649356
1370.28128470164,9058.17953661993
1285.51510151217,3637.73446543675
8853.66247398336,4915.19137567042
7856.0264178173,7236.81143347371
1121.57791746808,3242.39048726118
2756.24345018606,8805.94593417435
7159.19565461435,7803.33046364302
1175.27054427181,8362.75222212652
1303.82189256367,9055.03749037465
940.5869114669,3402.69877860329
1310.1597034027,8623.83685396589
7112.87713124948,7668.54722822769
1318.51319264481,3352.48514234891
7508.16488892024,7898.29483862778
7206.1144717229,6669.14651536358
8898.09097054222,6674.71296968769
1459.09405876172,3402.87057030406
2465.33400693155,8502.68817358146
4410.40124965591,4006.31046431186
7743.95843872979,7247.5962106422
1542.79033808253,3808.29381807501
3632.18643774778,5528.57515103343
1154.1391679486,8259.40633280259
1633.76930583127,8956.81853700538
933.452098509723,9371.56661831537
1267.57936216763,8887.52490301017
1222.26415428713,9301.28689949168
6830.0853092034,6578.24027621979
748.689921344471,2906.81549232899
1221.44408675493,9231.84858175686
6779.65795138306,7376.30621525347
1994.50433583414,8844.86601723965
1020.30775891959,3363.11798494901
7361.77506629346,8101.83626764993
1592.30779659653,8390.80192110695
1071.15601007476,3140.3877713317
1336.0407147803,8796.81954560322
7298.5942012692,7747.13208974835
8503.88272648391,7805.60664828902
688.148040353641,3220.46308421589
997.60767094528,9125.77856670624
7832.91546091648,7758.07114108894
1106.32807995801,2788.63917632803
1123.49777550553,8294.73199275282
1103.06976901289,3605.7586663621
8477.2910226089,7224.14077192651
7135.3759064002,7600.74900334841
8573.94086495994,7729.8634136101
8431.84846853577,7295.89584352912
2494.51094008493,8637.63475919862
7799.57526513566,8117.98471336166
576.888862144282,3093.71911233238
1804.11775718519,9139.03688435755
1417.94237750694,3806.45101108062
1522.86266733882,3628.2874678123
1521.81741706527,9113.06438555011
7274.09495843918,7829.9664733951
7214.59341357685,6787.91090072009
2150.80567699698,9252.75056707946
1853.68420514946,9190.222715321
7264.04080805988,7509.03017907971
834.225376313806,9100.41468511581
1542.40782924341,8343.19412477813
1629.41326875176,8991.40206645218
1094.68187619377,8988.58394859491
7557.33176032552,8130.49885873002
1397.53688714911,3711.1879362561
7796.49295346209,8625.76900549339
7576.69345059448,7541.19133543645
1410.80902159482,9415.35637210824
2313.37520915424,9186.35728560589
1337.35685364227,8965.91575717813
2091.0898258903,8845.60528752676
1907.49256861267,8959.45026905103
1272.67986945943,3321.50952693778
7707.12683199167,7321.91816811756
6622.53259250534,7509.32390008021
1593.2975675336,8899.21332630877
1185.31951210796,8876.26487696836
2527.7116470024,5835.22320226529
8614.90652014319,6508.36976128545
7266.63742917353,6991.4660305449
2362.62340973834,8687.25089756738
7430.89355611357,7963.16249909411
1319.86688142764,9036.27607366204
959.321860584214,8935.89136697539
7618.90020523062,7969.10631030474
1345.77810664973,3889.26001011681
1095.2036591616,3298.25077717295
1412.66906128887,8997.66040214945
1836.78909465531,8612.05153845371
7633.63304111105,7030.98675259225
5859.89924973199,8796.52283930032
8804.68631592878,7655.32363579998
1230.9417998357,4088.87024017998
8493.6242078316,6673.53671761442
1590.89388305793,9093.54485630612
1879.88249833866,9203.3726710529
797.150939284586,9117.22612731211
1747.46706592426,9313.02768224139
885.456941056678,3311.66284666335
7347.19940695329,7758.69470764018
7767.64662308065,8304.30914792401
1262.69341991697,3616.95355624441
1575.39761287297,9011.4664139997
6489.07559258969,7366.74251432847
7696.5771882737,8157.79343557907
6388.20254485947,6941.25225218348
8059.02008150734,7968.62810198534
6931.77484405165,7641.57211660702
1180.30377181017,3908.23809402966
7412.46547860494,7971.85463756272
1050.63202030012,3633.70466785096
1183.11180415768,3781.80723706475
2296.67537469335,9201.67277872643
7233.5151656173,7472.27549653067
2341.00348712751,3771.19377084168
1600.5090463386,7717.39928889811
6844.67883297642,8313.48808871916
1426.41110893981,8709.33749010162
7726.4595842182,7851.26407260975
2425.14602060501,9035.00671208974
1979.07758746707,9311.57427431241
2231.06078553868,8389.60500681754
8944.27317194335,6892.4355279336
7115.82538751986,7033.80845145453
9001.01272444775,7539.50204361467
1280.40033896944,9043.16637863602
7618.14449761617,7218.96507797062
918.483926253118,3468.08426962512
1023.89830539948,3309.45242985075
8058.7855273349,7857.00606947614
6997.71380467739,7595.12869751418
1769.87326786722,3613.94478704352
6988.5562692436,6827.16448789461
1347.49178600416,3942.95949590557
1636.64879048128,8975.77402034195
1487.71525259629,3768.2547366067
1113.27331952148,9079.44809496557
5849.35307779756,7225.88693099093
790.042725468565,3308.32092971896
5997.82947340479,7703.41984499387
7673.7102752637,7029.2025633709
1696.33475063078,7245.42473758901
427.00597272248,9135.27465478505
8303.51521712361,6936.82560265873
1379.15283502572,8656.77954473704
6805.54201051081,7974.98718836849
8241.57069754694,7415.21471120187
1216.3739684869,9004.85487920157
543.04568162192,3736.86870405027
1448.09059904581,9178.39079422821
1473.18414212959,9091.78580573449
1565.02901221913,7993.9576501679
8178.62384186477,7384.77191907231
741.173079764212,2776.27528664116
6574.69155192316,7208.90766114766
7269.64454223494,7884.08392012159
440.164374617261,2930.52129285539
1206.80244487281,3580.16486526776
7929.13145246851,5409.04875041241
1739.24903447591,8942.74032830616
1865.45584093479,8403.1893962895
1938.97448905411,3758.86010138096
7950.55931264834,7614.25440741854
2021.13225726694,6146.07952133572
986.36828925704,3218.77745632594
7460.13562211543,8055.54146039685
1419.63366873713,3508.27534086127
8190.9996215759,7186.94922118425
7276.12347928369,7531.4763820401
1431.01028840663,8904.03589674378
1121.38810838047,9019.63459915659
7751.51500022212,7406.99853733858
2244.20717664576,8888.83225746969
1224.40158669638,3350.1718737013
1122.4327765305,9067.8273990162
1274.31074115565,9137.62312680774
1549.69372973382,3170.02699691995
1047.4712825848,8927.37998488321
5923.87003519624,7904.35865207459
924.119009284396,8774.12921219107
951.006263344905,3787.51468196531
7444.23574132729,7978.78736767177
6627.471109178,7597.17543814051
7892.77115027972,7867.21017762661
1605.7583705924,3381.90720213845
6933.64201875759,7657.03053163542
1061.52037574104,3345.04302342506
952.442511391451,3543.9621552378
8095.04088674778,8369.89636132253
1405.67482907951,8963.87445457348
1461.42705747732,3694.42057772152
1867.05796035731,9245.39756126312
1094.89863344831,8401.9485506717
1205.82342631398,3408.34545941479
1212.30294922704,8678.6590727281
1490.23431270377,3646.42455926051
1856.68759278339,9153.45496525026
7286.23020900027,7393.44889242073
1000.74219671076,8639.5012934596
7008.23712951095,7172.21048948709
6953.20731536091,9369.1046703302
2755.88330715236,8395.18336212431
7358.85530204452,7407.50265029253
8000.611329181,7343.11414813447
1719.8561450013,8312.76837602958
1376.18785651528,3681.91919193894
7940.07785927666,8691.03926071213
1434.04990152438,8017.01501442864
1200.68607266034,7975.16960325874
2033.83780685798,9060.44592328239
2026.55728015131,8769.40886859179
7471.16521034771,7577.33377386041
2023.96521582106,3533.73101334331
7971.79082308091,6987.00767937223
8488.76028044843,6896.98134519339
8749.12528435288,8024.81842226836
6964.57705743674,7864.44840446951
1504.06405387139,3669.62454140466
7761.64636834639,7755.07187380616
7742.26738126933,7409.07788278062
9037.20704285475,7478.32511482952
8272.03132699047,6897.33622931354
1853.41476282048,9148.78782229811
1228.81073562861,3815.93094797624
7421.64838286369,7601.89440089915
1420.89812596289,9036.45691616829
1443.98187849511,9082.1617011603
8400.84573058651,4612.06853744407
8125.57598639838,8105.41059225721
1167.33371551954,9121.76443727908
1230.56323496323,3586.48120456277
7109.48108385893,6804.08674155168
1030.64491771675,3416.51044818333
2170.50806820706,4093.17692222509
4266.76342832453,3930.04022220949
1223.28807182519,3644.98390238488
958.523706597839,3716.46087609606
1248.57834139444,9229.73465820236
1633.00936695611,8894.64792226747
1924.27973328782,9170.61014329958
2321.52375896672,8594.43181891442
1408.26055187434,9032.39324755341
6132.45469581982,7260.10179680631
7143.92654624419,7235.45364887506
1128.11111862844,3397.28797467906
1632.74847098546,8725.07156667486
6652.70844633272,7090.09355823635
1959.50091498352,7211.02977483589
7590.4881881327,7188.66751686901
704.505491396438,8872.65737233803
2166.5773938362,8976.14774223449
1491.78512342768,8505.29097893437
8488.58330503359,8144.34816225968
1996.56146393229,8953.54886728596
7603.84136906281,6885.6055069048
7282.39917917779,8208.95547399739
1602.14539521289,8003.03683906008
1858.11478829759,7703.18323319844
7011.23680494568,7393.63230594907
1570.85644337064,8683.04652912678
7703.69743424042,6204.25738207205
1661.10636899802,3456.66723804668
7750.67637056647,7509.53517230351
1229.01984139733,3464.39320461391
1123.91428658507,3653.27568436798
1522.87403151082,3354.16419584229
1467.84568145435,9384.08870311477
6594.01031537872,7129.53361245156
2072.09049624432,9334.87519452405
798.599715201149,3394.97373445023
8301.63125203168,7435.30364309976
901.500903788004,3194.83422210875
6710.24646943323,7999.25631392506
738.804552642101,3781.03496272228
6699.39379860242,5652.75713595047
722.6113008392,3025.74832224877
8159.83708065311,7838.21963370079
1235.30391271747,7878.93883427604
1395.16442170482,7506.32258688519
7486.88295970204,6682.78829418853
1031.34297374675,3943.36513463612
3937.48923844971,3830.58068658026
8057.59306485586,7025.16203826592
1256.66725026292,8929.10613147542
1702.39895148904,2859.66900371267
1198.60740431484,3423.72279114798
1511.06868151644,8800.05690814518
1567.35931864318,9256.88668739033
8268.01267900904,7746.81801953631
1916.6475702743,8761.82175420258
1323.12395495092,9006.60983597762
7347.7895664831,7747.07759323226
1890.70753178134,8183.06125018424
1115.43432247339,9145.25136616504
7433.60816998668,7772.17747984695
2106.17558292719,8913.56443268536
1843.76876518091,9092.11045240127
2475.51938048211,6486.59518105105
7115.08813004119,7374.27572110165
7007.86130769872,7820.17705006395
734.845468640215,3440.39917512998
1803.23676652153,3491.51283751963
1931.49959639774,8640.77503368418
8708.30206425917,7384.52515302143
1386.7056521193,3242.86071678755
1978.76118800699,8642.10538266124
817.165545923782,3284.6028799996
7055.91344560744,7530.88279134247
2490.61172124256,8221.68798171797
8600.30177892785,7316.1553167824
972.540018832237,8599.97553565777
1201.81681838587,3443.85985760702
888.900249734233,3293.44417955103
1515.95296415047,3613.81714923563
6469.64441950238,6864.41765200653
1513.06661065265,3645.19452949357
8791.55723672769,7193.89542538918
1400.76629001314,3604.50423168274
1235.85657736799,8720.7702339841
6710.4130102263,8297.57323441062
7012.45842549209,8126.57968228042
3082.28028953509,5085.38277585926
5289.42244503847,8798.7551288001
7208.04733974794,7011.7961265917
1206.14867686933,9118.29781378426
2019.69459809013,8211.17376283264
1275.62872190269,3597.42030371264
1998.65095748424,9044.12991577821
7144.11765430926,7779.51150423023
6566.34580629739,7428.11419918138
7032.16172622889,8251.91895284366
1457.36688857683,3794.41376314297
7941.6102940863,7378.64198250802
1447.28390205222,3575.16990425433
2048.61700749315,3762.82294655913
2214.5313719669,3752.09282816434
8677.21346648919,7094.67401374249
2218.18353380428,8544.77241356699
1665.06651948619,9250.66890351859
7835.24096540793,6955.97205964121
7425.38778437932,7233.56750962987
1759.27404320041,3591.86202311613
1695.30101378089,3676.23352134601
8275.48584898295,8016.3834503821
1518.12399904129,3738.33624497409
1421.35237360805,8941.4885536547
1602.3444346006,8854.78899237627
1935.43431143922,9240.03846463736
7067.20885735188,7294.89551908844
977.662320037294,2985.49168728996
1437.34141766011,3794.38161966288
6567.49553616376,7424.38882625834
8498.232953491,5787.2447799297
7263.10824705135,7767.31478598649
1044.43466363353,3277.29426454203
7070.45338848031,7139.20566655719
7433.37142296383,8165.53111657913
1869.7713734947,8745.65668363883
7861.921934183,7514.67875025817
1108.04114608532,3584.54311145005
2149.5143919018,8454.83774926562
8128.06265947401,7055.14792332032
1010.07681288748,3493.17259202736
1439.52371317738,3347.16769473353
7710.91472889526,7714.16648526922
6758.52231547208,6922.71404785844
2025.74302806075,9316.32685434856
1017.2424395559,3131.26652084484
1427.19073150107,9157.73897956624
1387.83051318122,3524.71380215629
1718.58708941704,8573.85617033373
7500.1827552004,7433.34241185235
7116.76855544457,7853.86991761254
1330.46480302675,3592.79202539121
603.752681929156,3297.0818073622
1504.69301752041,3729.98284786987
1090.28760129848,3490.0451306058
7555.95307139895,5783.33838972228
2055.94228971591,9259.67193668333
6283.40004379203,9002.76806928728
6735.22513296325,7510.2644495157
1578.08294088071,8120.07543240185
1188.92528331606,8919.72184850848
1393.8854279871,8818.18026614792
1446.91994300995,3949.83126929709
2010.01991829344,3908.17989102038
947.973359066401,3576.76059716487
1630.76878417074,8522.33260932687
2245.21762666361,8563.21399394716
8273.65795393668,7350.85432759517
1460.15666236087,3375.2534653478
1159.21424633425,3409.7795138767
2627.61381013575,8518.21315737934
7082.04109573942,8044.97552842915
1554.36876239004,8926.82879974638
1320.66001624924,9202.71383371892
1718.24752822903,9136.82998017085
1930.12013527724,3889.19200146301
7691.89733298654,7546.71488440616
1623.07910296986,3695.5033240603
8915.22104130913,9176.11607734658
7870.07286310382,5363.02383484766
2318.31192258153,8150.22524846456
5601.63748582387,4557.72349481628
6290.53847958645,7218.67242995533
8453.29886730222,7669.53681327199
1364.83483286984,3512.88164979376
1410.46047337839,3532.6174433046
6762.70309130747,7265.26235750349
7079.9280219666,5961.65327480525
1918.33192316512,8607.91261818353
1903.60183431643,8469.45080169648
1207.27933943836,9437.02743839233
6422.87685420991,7631.80677271883
1427.71245892276,3612.39709163914
7503.87277189753,7789.54473289295
2045.36190766017,8269.33840319841
8166.38854741939,6563.76214323598
1430.44821688749,3784.35011816273
7057.89735907412,7236.8604850865
7601.18274483559,7445.50066893645
7349.49320664803,7013.25754773932
1539.45141251423,3575.51687736637
1570.27916302066,9063.68336738372
8630.39337807199,7862.93294087525
1254.60024670663,3337.40242102555
752.885767964318,3302.35264205407
1102.6228064851,3168.30936351556
900.524387016366,3509.22722687298
1817.6082576304,3537.5068081272
2265.05022616363,3519.50812416354
7407.89669384479,7593.28271239151
1906.40695167117,8756.42449022606
996.333100179818,3306.00119546238
858.067672715049,9020.34854655844
1506.95075617218,3255.06122042603
7653.86377558968,7454.1289767562
8043.78958156969,7018.89864327888
643.80396442225,3280.24496468092
1205.22483424677,3925.7800721093
1105.03927473206,4022.0253525478
1059.8509107778,3323.5238952927
1724.02995294838,3921.48926385511
7804.11954056154,6204.82545161438
1456.19620411984,8969.57285361118
8260.8266790597,6202.43598754228
1273.87273283186,9001.64392826306
1707.84118637815,3388.71337333182
9089.52099517932,7413.85647859202
1840.22461616705,3899.72610870663
777.505730944783,9050.66365509151
7004.5413047773,7579.10488237104
7350.67487091885,7055.83388108707
7632.11230516741,6738.96290322278
1360.75042396497,4208.96673815627
1191.67383149805,3272.90516081122
7490.92428397403,8073.44882404364
6301.80180067666,9133.97932051031
1663.62814606235,8992.71188933239
1453.94821383508,8479.83111595101
1371.80436407972,3788.40123506684
2591.7067162745,3717.55993014134
8260.23339690624,7501.36661076025
7737.19837035338,8255.64601453165
1233.23202780772,3678.13652536147
667.43924818056,3244.05569275737
7196.98673103961,7564.09931206746
1334.68166942136,3704.77723161375
8250.82244825748,7158.23919735687
4878.58095674235,9043.59535054864
1055.75167717897,3566.67140031294
1835.03271596652,9092.39888093443
2008.31802478215,9183.38633401288
1207.09480594445,7744.22949672884
7216.77858772616,7133.97211341625
1637.03282362289,3650.50447942835
1659.01746743275,3623.45685133591
6974.07965715116,8368.37599979527
1949.31839533775,5110.99013605613
7939.01750005535,8403.87062109572
1457.31826953145,3276.33139776262
1032.51437604144,3599.43917388791
6964.26966504116,7589.82414251988
1607.20770101386,3622.53181089437
7148.26026604288,7438.49793367188
7598.02400695806,7699.26330560196
969.64910869059,3216.44822065615
1366.06751429382,3568.99376753242
6274.03519871311,7704.01321312861
7078.95826368739,7326.99469254585
7319.3903986527,8253.13497791606
789.462352087011,3376.88247636507
1240.13022434243,3293.46029339707
7726.09999162717,7086.9741971842
1036.62618115619,9086.25545532477
2285.94593102053,3764.16621737654
1887.18804507836,9366.54466611564
3216.98118491837,7114.72840909839
1420.71234279185,3423.97920976066
7442.04034170778,8366.38493576834
1576.13767527831,3998.97974523527
1489.04579454408,3560.97040975054
1131.09190890458,9028.14399992915
1345.00547769061,3648.83942976328
7991.83380333757,7694.25751664975
1346.65144339305,8568.85668654287
2458.30574223503,3768.93407541017
1625.76610168898,3728.33529130458
1578.10618500328,8873.63032643302
1649.34101655149,3694.5065738014
7740.98846620949,7498.86057974854
8148.32868046101,6990.57537512896
1686.19427631465,3545.04750874874
1550.54096709749,9136.7304862722
7250.61850418098,7953.33065659887
7481.0109244359,7321.75731967981
6823.89296877536,7191.35645217279
8477.1496304502,8547.3229721913
1548.90478952143,8675.68490614689
6723.87617888671,8051.39868504217
941.177439998495,3376.07022237045
8414.07649906254,7366.65742716173
7755.44805589699,7706.8942779807
2019.12678582713,8915.40186900887
1703.57399811062,3562.79506105952
1296.54048050894,8671.45813199363
2434.18028316217,8611.4534536124
1169.21126431584,8819.66511058024
2884.44043549718,8243.1863204766
2531.34849098955,8058.96026341448
874.622756421718,3227.85272442281
1186.36138036576,8672.58141501361
1887.53173652335,8987.06650189915
1557.8508981244,8867.89491646709
7241.75409063264,7481.02058342699
1146.27823842479,9339.47614925291
8234.13854859505,7745.14059268149
1855.69804218141,3880.11299856855
7090.47150853266,7705.76759796099
7746.48198628727,8081.09944255754
2494.98277411426,8693.27758515759
1358.40664131775,9171.58986221499
6734.68443632252,7474.26239508381
796.401577641524,8923.98781715352
7183.19252513002,7185.6644645042
7604.5304263114,7965.03989848554
8113.3462708437,6069.90945511641
1517.03105308087,3714.80496250358
901.759180352677,3354.42746709881
1486.71469734525,3715.17204860653
7290.52298762864,7714.47134287091
1492.4244095315,3632.63614251356
8755.58877308522,6534.35990333525
7675.80742553244,7688.08022209983
1643.14027674717,3683.02364632211
7460.48867928671,8183.26690361106
2570.2063427722,8916.78095817909
1530.97618331107,9390.7512834956
2656.91201787369,4168.43698663574
1494.27136929928,6447.22132926464
1396.2789478722,3444.9213133606
2135.53344415191,3515.0409413693
5812.42580087191,8925.86791185189
7801.64513828415,8035.02687541422
7298.50021260788,7212.40582173089
7755.86418053889,7444.3928426324
7462.29682758546,7550.78258574521
1389.92669002676,3625.55830335135
1455.4956616239,3511.58608147937
7063.55704632965,7766.52707621226
1500.85595446304,8921.23379492048
1632.6328728973,8931.72499986462
8293.88009208216,7563.25150429775
7000.28724617103,8446.33067844163
1895.97596296966,3582.16612711699
6856.77132753926,7924.54005148469
1189.72364496586,3403.76514328859
7326.72853677791,7417.95453467056
6900.42152692806,7531.45423421442
1202.04618448957,3461.50067598327
8024.99797511858,7533.66999673861
2145.62468942594,8409.04044346992
1162.68307236579,8666.36692276995
5505.19610558419,3792.52148290397
506.991702715156,3027.55677335697
1655.98979960691,9097.06361066719
1733.49794616044,3397.47214424095
7560.36423868165,8295.05235826378
7931.72079355577,6947.23971601325
1068.59026614576,9223.76844196871
7398.5028113151,7121.84985127461
1106.27237881444,9160.91452727002
1185.13997884742,9116.36509100677
1224.57597677305,3722.55124199786
7613.34714759715,7464.60937638035
1428.40002658102,3475.48288679485
7934.89516311244,6825.38905221981
8558.00189842297,7912.38490384727
6558.63632921491,7607.47489790823
1130.41024095369,8901.6672812315
7604.52275098786,7506.13446464683
1722.6677755259,8631.97090363578
1636.33213609964,3699.84738353175
5932.40941301233,7360.80702887166
7380.29424295859,7791.83322944137
6900.09635189035,5496.86938451575
1729.73701931889,4243.72114469958
1853.31398615953,3575.92712691958
1814.63253592653,9151.53673202875
561.511159667751,3072.86580711109
1616.57242011609,9190.81980905555
1412.67771549661,3557.90507241552
1582.00903558683,9183.79232887815
7686.87489908894,7648.2177900806
1604.75522910476,7373.44551317287
7323.6108085565,6466.85451119247
6559.45119583883,7767.60397676191
1351.35572703257,8519.41686703059
3125.36029510899,9270.77215329216
1114.77688790822,3229.27034473084
1243.1215489568,8655.68066884269
7284.41319935687,8265.00397838642
1800.26729978474,3641.12805693048
2004.39340506255,9172.3650972126
1056.23423896652,3350.41052083137
1492.83750381892,8426.21538450292
6706.70667521104,6946.01626270368
1704.307958235,3932.22033550854
7078.16898739886,6902.37209227178
7266.69502764242,6951.81897957729
1928.72167943384,9232.26433816496
912.008958003179,3542.70791062849
908.443749721919,3264.01543229044
7354.93070626213,7259.48254928732
1829.41766344383,8808.27745876296
7658.16259210875,6765.58714100476
1675.13399183236,8648.37484291949
1732.01386405366,3724.58560922633
1283.23735495224,8724.6397978017
1471.96459960334,9128.38699609229
7489.03957468863,6865.91263592168
858.367323710976,3399.57979289732
1280.82043836981,3513.68307501684
8235.95883195093,7425.03767018409
1123.29680752592,3097.01464398366
1195.64288702858,3447.69790229341
8073.59914821516,8260.27952660913
1887.22260126388,3962.49548364119
8365.65677250148,7208.09367783636
1814.71850122595,9124.30655345598
1303.22547715905,3941.57321865488
850.950934297766,9095.01091651267
1846.28262982661,3986.38118741647
7517.40221339052,7856.21194812875
1219.75373010319,8687.77288935976
7194.12780222546,7632.64273514114
8242.94540500401,7007.66188469711
1350.30567698135,8825.0994512169
1434.54307834517,3434.86075662225
6360.59057252188,7457.20322851406
8059.27920754223,6611.21910472625
7308.8428286571,7513.53939949701
8315.45202686099,5044.90681649616
1298.62534400848,3651.56673522026
7212.93849166573,7697.63607848934
1674.29785397186,9031.90261724543
2052.65585821223,8963.05971781767
1829.87842886094,8983.26538368146
2129.54881599248,9044.73096314577
7707.6430097929,6917.98543989777
7646.48498746216,8452.32313711963
2924.87588538366,3645.76165852066
6724.73373804005,7378.9104857403
1502.2772699566,3553.9447481595
1209.01804689395,3462.19841157772
1093.82279170135,3559.26507175245
7499.32908648097,7996.61395011652
1140.64049979621,3628.86709979856
8475.97565251026,7168.08550844478
8616.21776928519,8237.09506922815
6968.95685866865,7052.30732748137
1313.73348935562,3820.31425099451
709.017187122995,8714.28697243612
8127.31725794597,9166.02406086395
1464.18433983796,8851.3101602126
1286.45416267704,9245.7861247891
1940.85792753676,8019.0350007112
1996.22891737914,9024.3134748821
1622.74990140198,4311.90323943999
7321.37281022191,7202.64113330373
7538.43292892224,7513.69640408363
1236.84792337833,8948.77097486579
1603.43818980406,8904.67280426724
1788.27992632628,3637.42965458648
2147.82596609577,8428.37538784061
8352.9762623764,6620.12443489752
7628.3336475693,7888.46982604254
6626.94046900987,4334.40854779886
1406.1136249317,9245.39165469833
1162.82076904431,3278.26648588225
7016.99665206363,7733.05291095147
6264.30738041947,7602.93390331193
7765.12108678647,7745.31180570714
2519.80463346835,7810.87380863093
7366.72287893411,8112.04948986859
1226.67041104931,7877.25168704136
8334.90602761579,6079.28234153483
1651.01530893091,3626.44393651997
7554.29549195499,7966.58687977728
6705.69328530108,8294.8040671995
7667.04788151982,7435.85725752716
1533.19295545172,7133.82710537888
987.325372098719,8612.96397717583
1741.37986669899,8561.49284653653
1648.48459333819,3555.32222694816
1044.06302315029,8098.91255205598
1772.88725196802,9069.02038770925
6781.57035097126,7261.14977658337
6580.60261963174,7169.35064328761
1273.73832736979,8959.60740227185
7218.80411539365,7496.06630208178
3189.81434703487,4284.31347048803
983.064545658478,3247.25839772002
1733.91025909662,3995.37359264674
6802.66796665443,6704.7335983532
1961.08897982693,9062.3168845545
1415.27758731475,3608.4182054039
1258.17876911961,3665.45217508652
1190.62475963249,3724.49955182478
7725.99108244459,7121.91300686471
1619.36252033411,8662.54239067661
2242.44129062426,8308.48297982309
1461.38152663621,3725.18546345758
949.968805142964,8788.91129061727
1209.24102213786,3631.06504317062
7159.04862511389,7443.71233689156
806.910200240817,8064.69986857463
2096.93297373211,8539.7437214269
1611.87914513612,9137.03238119742
2253.09558441211,9039.59720379796
8673.25014207852,7270.49382648077
7389.4884332372,7727.62283991409
7007.99822439404,7305.07208598306
7269.67629158021,7943.18059944724
6673.90410309129,7060.9318825628
1885.32027982043,8933.98925396594
6321.27986610223,8125.66439866307
7117.08682486174,7022.01878342479
938.78150044871,9048.59314758677
6730.57220345849,8246.74082573619
7691.91268979842,7449.59032989101
7198.35563316175,7594.99223236313
2231.02282782391,8481.65239601888
1690.74748428993,3795.02673527802
1215.64686381925,3521.19313203263
706.008875836616,3357.62896965829
839.868693244888,9127.80697558966
7344.95087867068,7130.15976062047
2043.33900229116,9150.98626604231
7390.98187612545,7439.31819264884
7120.3149000878,7987.78481716396
7486.05486186666,7639.95636658047
3750.59610485386,5766.30001010795
1393.23952783144,3634.92714240259
1185.58764565536,7786.10904787972
8049.01850262434,7934.9029765606
8587.27877690688,7338.43274301736
3977.33352105981,8087.59040696861
1168.22188521228,3392.12195435933
7527.37557939405,7632.74092577654
1378.88775393727,3574.04187193328
1184.78660403076,3692.81769455325
7277.85971410182,8595.25325532363
7499.98891097832,7648.81533525279
2155.98957578613,6734.48743083052
1959.09743122089,8875.25244996027
7105.91551126785,6252.31180785301
1440.89340397339,3821.35610565895
966.857774828096,3237.09639943346
1656.62046478865,8695.44672847022
1238.39844869491,8875.30875603824
7081.78454884688,7126.32775968044
1770.765140429,7734.03787867626
1827.31054559976,9020.74909925376
8377.47286487512,7526.7866989619
1863.0133340028,8259.47083946957
5707.61309803248,6717.19171019294
2145.49785922807,8645.98087140016
1311.7887950249,3846.32678280866
6708.00133442948,7582.71265669185
1138.07891872512,3769.39799259487
1236.49309284649,8847.7348676528
1030.55001971072,3641.61229373089
1283.61632853938,8634.95956144391
7709.70363701188,7734.09937051676
2373.08926339394,3293.49059083025
1118.11919824373,9022.95980704258
1699.57036140236,9133.13760613602
1969.36306605637,9295.30022481571
2015.33416064312,9145.2884811937
1007.3527807672,3301.54584089494
7677.42151176042,7158.05904206092
6750.87667540298,7519.10455487652
4932.44215634328,7641.9247329182
1076.0670512116,3657.19512686176
1106.01331921926,3666.07585618741
1510.24817982416,7830.6693075097
1435.17400003894,3464.84525860891
7484.35754973683,8123.72202102626
6714.62714801433,7892.68868004681
1501.53707181127,9255.17674996508
7683.11689961653,7044.63109496649
1715.33197998022,3655.57233050705
6570.72384933816,8259.86104417637
994.925552677963,3324.60149223994
7692.1853838907,6172.00951300064
1774.21194264275,4107.71864556917
1329.54532230742,3796.52200686744
1406.69411567485,3413.12817449052
8943.18868481521,5691.12916428352
6882.91436599193,7640.92527332047
1109.09948900995,8942.78975867713
2445.5870008505,3454.03229903486
2956.91693188029,8976.35762609958
7261.01005938725,6247.58556307351
4472.5286065715,9181.20037902044
6398.7139107658,7965.15232036792
6519.69992899412,6926.52524550587
1640.26199729289,8990.83799050644
7174.04022858313,7029.72838146889
1020.86454463602,3344.95966054622
1630.53183291069,9529.53546635721
1284.67518064924,3454.63267261384
7665.52190037664,7528.21864520786
1715.24931732714,6981.68189104905
1363.28331417238,3523.2654267551
1209.93588855652,3653.19651527306
1961.50622865743,9094.69449313643
1319.51107526201,3667.8310325758
1220.51062657405,3225.5946144036
7597.86566355957,7841.05789271106
1726.75029824489,9030.33235668312
7386.34917143146,7127.00883930108
1491.12787247994,3498.37725375029
1389.35395132847,8709.14691747233
7566.50393879745,7709.44066535709
1785.538412949,8895.19445122891
8445.28477172475,7628.85264530591
1960.43783277926,9176.05250711273
1632.68296008879,8852.66500947573
7415.10172180166,7843.67935864055
1600.17713817902,3180.92219195991
2461.80443046156,8959.41011169682
828.085560038819,3223.23419694869
1535.30157128996,9237.21733838059
807.688767288195,3162.81174737613
1452.4261783056,4119.67712032044
7587.3828526164,7724.44419689392
1665.77818482896,9303.77973565208
6069.12842249405,7226.97137126086
8377.21944476756,7972.90538241333
1225.73852545724,3282.47015961826
7271.18311027682,7481.81550629215
7687.3223795745,8039.12191545023
2327.84932992625,8639.10936071352
409.006048072101,3300.19530346301
1154.72420888319,9116.7722901797
1144.33458213228,8941.73394749383
951.866357116813,2933.63150250372
1719.20116574787,4106.20244624845
1402.64621853874,9074.77862902839
1226.25549910608,3701.51244409134
1012.0016676244,7768.19129637019
7072.55671070625,7969.60779459442
973.070091956178,8911.18198681055
1648.88889430158,8785.48045662435
1213.56654494284,3745.41059805233
1467.11369589701,3535.62974818281
5995.81462914525,7193.04769529083
1787.11448736776,8551.26635365328
3241.06428400273,9037.98155156746
701.797231318206,9153.68892276022
7041.8148758071,7511.85913382533
1964.59284288593,8772.14747586363
981.819325573487,9168.11190147533
6850.45235820156,7506.22369240853
984.636796304331,3653.33561043839
1796.942537478,9062.73773748932
7175.67449846685,7890.98425693858
982.371154908166,3415.4431409785
1818.28728510259,9077.65254131858
2471.37180049671,7364.61369463381
1427.19509806328,8987.9175337159
8939.23496668633,7809.03621533482
5784.67682168814,6601.39626103528
6726.32425171936,7232.03345268601
1825.12715924079,9374.26776335539
669.043933933082,3727.91957147168
8225.80265473976,6273.85582826211
1462.3704728778,9028.05798341103
1833.57174473958,4343.61232871198
8652.93005796062,7155.07443256997
1992.37358555259,8989.16859930972
1327.11004461296,7900.3199276872
8301.59946739707,7198.83008311393
1330.18619856422,3300.00116426139
2932.43124621501,8423.86226818316
7567.05683333911,7459.86760142291
1465.75802055273,8692.63454404065
479.222931745198,2921.24251725069
7494.28689508171,7538.99375757674
8571.4151942143,6581.46132285909
6838.6955791941,7629.15079331715
1371.44376147003,9020.51145514206
2020.6831121657,8946.6303484494
8430.17264629917,6226.07099874688
4166.16958009117,9252.36033249276
7133.57572091905,7006.12040757721
7587.54990407354,8084.26158221514
7146.78247418829,7615.60892695191
1655.23712203588,9148.11864570626
1323.71292132825,3601.04914608831
1295.37298746207,3435.4873881132
8074.85599482019,8183.92244555065
950.303087927341,3375.38713161
8968.56466683926,7870.54016113078
3795.23293695177,3718.37141452584
1407.42726219554,8825.898000319
7815.31206447516,7517.27945132967
8952.00460997069,7686.4817435485
2193.4823024523,8907.75269989242
1076.57780706641,8675.343824131
1750.87623793235,8890.55457634278
1470.53690989553,3734.65606219104
7017.41849301747,4769.34901399565
1274.68254306321,8230.38177979053
6487.40305369872,8264.38728783635
1257.44965989455,3835.12423258292
875.744803049091,9162.12067341609
1469.71123533019,9115.60911944005
7367.35322072588,8600.28003048803
985.93902078693,3394.63542500297
7450.07402973559,8162.7656897681
8728.39896658059,7382.55128701582
7903.7990818646,8520.17035968104
1544.22374253215,3680.54233682667
1472.64757609059,9195.13159519222
7173.46592690564,7329.15545849405
1637.65416978583,3522.93625642108
986.368991308297,3368.49716563551
1401.0936018862,3759.06742109054
6851.91488484357,7234.76765736998
7149.77303572746,7531.20675648233
977.940735734177,3570.73945059471
7969.99997602707,7776.42983484795
7007.61609382068,8076.66498267824
8381.26576323081,8092.46472653035
1204.45495647197,2998.40134593443
1201.78438619026,9016.67102978774
1107.6496432626,3140.44929451242
7890.41324435451,7474.81539440836
7547.92614276293,6907.31392954293
1593.38844620427,3311.32133492647
7160.95638216398,8040.06726748306
8579.9723980228,7551.39725289111
2164.86690974845,3974.85941678385
7979.09688093069,7583.88410305337
1296.92553742003,3902.97633927902
2042.99912258561,8456.94353482163
1690.3392084482,3483.57608716133
1113.58489742316,8991.34224177666
1670.69050642153,9019.20889042919
1581.38517496014,4434.15730388275
7298.30509221797,7370.99992091609
1259.17959643968,3304.96524428702
8332.3033442221,4461.15409654713
1077.61597940645,3461.44212563188
7269.25887944469,7835.34512839809
7365.10864430116,7633.04086026265
1024.95058452287,3447.99122278574
7525.86391427497,5966.45704840633
7411.31486929582,7494.71100255002
9341.75677904696,6994.2794912885
7575.7495209509,7745.6655311052
7237.46912087844,7510.47100962724
1446.15980861965,3764.49228399165
5357.71228147628,6177.94958325176
6694.08008261053,6785.89930342933
960.722797199419,7787.79170308464
7198.44589477321,8142.05576345107
1808.53981900378,9182.11116188248
1213.51809226969,3567.40972614543
7216.6032778581,7953.07559972296
1746.00910046776,9011.30103123292
1452.99503397672,7638.9681151096
7200.18083212785,7435.11969108663
1002.80105380033,9139.73800742706
9950.6783631651,453.550799590427
8141.91282156463,8274.81817814995
1594.62507355031,8927.93872650736
1692.15412938358,8957.19877730084
7172.43500827595,8122.21411797201
1109.14413288661,3346.72762705594
6979.28897705166,7560.96828767989
2139.65608204487,9278.39729865209
763.108484495025,9080.40988717
8589.95837544446,7660.73595633486
1182.77864147607,9262.91156019206
8781.76652525626,7806.74709605621
1568.73680241457,3494.34445323969
8010.7676435719,7467.58435995135
7463.28571943116,7741.24437663069
1864.63572797618,9170.3636598937
7294.52959240107,6988.46029369305
7059.21050382921,7799.66074027342
6901.10058804599,7405.54570374042
9165.62408983219,7836.21812016984
1820.44465447622,2987.51603579053
1337.74920020647,3935.20625247865
1096.82558261025,3389.82353092948
1388.211612037,3075.79767420041
7413.13972513522,8534.71243786107
6329.30078790535,7506.74271929889
1123.71430723959,3567.19244807799
7048.80184217748,8208.37869619697
5106.43259700035,8498.9800126331
1237.66738181568,3871.39256831768
7489.02740170215,7425.41769653529
1095.46827168797,3633.91310659649
2410.76764728887,8161.43101054353
1804.98441879508,8933.0803108449
7645.36246055275,8425.03320381246
1640.86730188754,3620.10732602497
938.595721407086,8372.69752733124
1211.20356863474,3548.65524523048
7493.48052966469,5177.56499684261
8492.32460792962,6359.2378582137
8001.1504023747,7441.47444635677
1782.81559897041,8220.5990806499
6289.3663862827,6986.64582619618
8261.79039333964,7558.56714875397
2227.10468224465,8897.96496900491
6422.45234602577,7635.2371051111
1013.72485336645,3411.49327815932
7952.37912185257,8101.13937527276
7764.60802442606,8628.1565584675
7687.08124793955,7818.37850677233
1620.80662466054,3728.46827041258
1253.8100263292,8985.37352835482
1852.3823686641,8606.74837172108
7288.45025926696,7200.74640018818
1658.0635942131,7993.14772608748
1637.71634390787,9080.41039010837
6026.11229933885,8303.17426691771
1215.86591511226,3116.06331178343
7162.52336116757,5869.08115829074
1570.15448622598,9024.24907827533
8136.131483984,6711.54938069508
1141.25334443694,3671.46584400317
2333.42851721399,3592.25864666782
628.624871246496,9163.53213097321
1832.51933038705,8126.4597672545
5453.69201239036,7263.45415630159
6843.23188190345,6942.78766803987
7729.82472846271,7765.4159173259
674.52859663059,3066.33591824708
1300.75360011542,3446.88904416373
1813.44443208029,3831.00060450516
947.564224170647,3121.8433098372
1831.7223418797,3864.23393500958
7813.57697498528,7175.25941914725
1418.09470723784,3251.9105283359
1216.93799949789,3508.76203723742
1349.61822796727,3469.13172772991
2796.92893095373,8129.81020808588
4329.95484930035,3695.48264075176
1047.6872231405,7457.09896489757
7135.35328862603,7402.19002270113
1761.12497693917,9164.21007426218
1486.51887199515,8318.32238215363
7765.20449315786,7801.99220572404
7874.21403413057,7753.11978055112
1055.16264918753,3679.1524485439
7160.95866950111,7971.69827675172
1929.89908187447,4501.72713042532
1937.72720314419,8776.56517318158
7264.88748561644,7809.66248031884
2942.07184628288,8095.91322180647
1044.16452809844,3474.25851729699
2559.37851462034,9170.2619633103
876.409264484926,3493.16406516844
1334.66669635759,9108.64118794147
2028.33071081409,8945.84739249742
2169.18566945236,8902.15984260152
2279.18384985301,9047.49089450004
3561.28043904605,1805.47456361759
1313.88345902486,8637.88084761393
1562.4762375846,5859.16811395653
1906.52531133716,8776.69966450593
7214.19095773267,8498.08087222262
1289.48399752514,3417.97138354678
1285.85650922344,9215.77068665194
1520.37536969852,8955.15560546998
6934.87902004615,7789.53330903714
2110.61517128922,3538.06955795358
6516.36279266222,5467.67021016714
1444.2378863676,4053.29730637381
6720.87671381947,7487.2089743086
2046.83145130684,8745.45132707199
1586.59763769484,9268.3279631679
8054.36548225644,8233.53276504605
7811.80504912957,5320.72324516553
8498.84761777888,7392.87074476339
1535.29780209238,8750.72740941434
1350.71682474047,9131.27482844759
958.425275255893,9091.85585017373
1642.08126822967,3742.1461094559
8529.60382008022,7491.00444692945
1857.03858475305,3992.51346818984
968.790012867433,3183.87898436285
7309.5867311051,7895.16775168306
1543.81413728274,3894.59491418066
7256.72518554235,7476.50008831351
1060.27922533736,8560.73520029873
2148.51767212948,8898.0542173893
1144.34188336392,3422.85270690544
8264.64788893582,7876.53038853254
7593.59126951644,7428.81727589166
7588.87810833064,8395.01439008391
884.023726775868,3703.18758843067
6879.20583615753,8018.6948559445
7900.86183646894,7220.44331310183
1133.704184296,3341.78967697523
1586.960833423,8898.80437159926
992.502046770277,3095.14525179726
4361.78222477164,9455.21130012988
2769.71247704163,8534.98538803576
1241.43063814967,9128.76189732405
7318.96225473405,7982.79460525071
663.639578020128,3113.87882730129
1421.97854392961,9100.19044666689
1487.99050665847,8870.81207400344
1461.81374233487,8816.82133558294
7709.48946170083,6841.73389950316
643.126076509982,2980.36701896673
7375.05464057857,7762.19014750762
7842.76674168726,6258.24346203944
6987.86543526991,7549.66502158128
4354.23607216454,9349.95645666183
1362.75584209444,9040.88818985344
1523.48158680334,3846.64942979802
8330.97444192062,7644.28682117361
1368.42105219204,9262.55963429453
1310.27519824255,9082.41125281218
7447.47902946395,7953.11595860721
2388.88445483058,8380.33733192525
7435.88811574025,7794.54601773027
1549.59315430605,3513.43303964976
8263.37661410379,7884.64662900486
683.003228453659,3435.99251533177
1175.96734324556,8794.0904944622
2197.55428919526,8470.93943456826
1329.55344076709,9030.55019198443
1467.00511336146,3737.43735190248
3107.69782455854,9549.7557704623
8011.27117686706,7678.84604225763
1090.63517611903,8898.16298779291
4309.16074722219,4048.27334558311
1549.18920336037,8984.93419050882
1238.65752099411,3630.3379374583
7872.51711212263,7498.49791106547
2058.15282843718,3992.7742482936
1526.43079568534,3431.3095178126
8259.84311097258,7627.53481443591
887.930442251566,7169.68731270622
1314.78688923993,3346.18664287613
8052.49982616183,7505.21355263135
7143.49429038263,6841.40298785543
6985.95665605669,7433.35671158919
7324.30033984353,7132.98659281188
902.199370498665,3541.91167906357
1159.7429947285,9139.42979896768
1472.54077008679,8925.62578615434
1328.12809634272,6199.78940166906
2100.64025739386,8173.6895321978
8165.97925962766,7002.01273673692
8250.57183437999,5339.47012288569
1262.62826108486,3183.80624185467
7919.22610058831,7372.56720076308
1483.64819060841,9257.37605903164
1270.75344786387,3798.74741353174
925.062888871179,3435.58689821472
7367.79481075853,6944.30711360846
7467.70855663345,6546.75277876713
6068.51392251988,7284.61090033617
6958.73158769329,7651.77077951979
737.310652410939,8890.54962147599
1925.73909545045,9212.14033370603
7062.61607553997,7355.42900508269
968.736254982658,3485.05933838678
7467.01422031614,7918.99466873158
3265.76846674592,8857.9258473811
1470.5678432682,9466.04741097648
7168.31977312399,7795.26703998854
801.814383982576,3310.54874368831
1286.44840761795,3332.45246400071
1244.60467800441,3305.01457272227
7403.55824232104,7825.72861150489
1326.26127540564,8792.90866903339
6613.23130889121,7049.96064343018
7495.42076181342,6840.18569174876
7636.40928984312,7395.69953936493
9104.659536048,7857.60433727417
1684.82052815216,9044.06266245948
7900.86619075806,8295.06776553342
1356.83967251138,4084.80241766443
1679.82521624641,9166.89592741795
1701.86861056687,3763.49930756423
7680.19912016325,7381.60015688282
7175.46134962452,7717.54108411439
7722.39552232713,7467.51166482997
848.654836770879,3250.93712618399
7732.81776645837,7935.23375000997
569.150417095881,3217.46711818592
1883.51172932565,8992.15106845111
1291.88761796783,3629.4103185271
1265.04380457809,3661.23926279087
7450.37033206628,7548.50655366333
1255.87330854088,3538.54680129557
1631.60534006838,8347.00071544944
6708.88259402768,6397.35257937871
7523.52135939993,7628.99482102006
1244.76431757218,9044.81050762811
1341.62339962432,3847.41076004408
6428.62208420265,5145.56307385782
1492.32570512142,8549.65186374692
7624.93250052312,7556.49454108716
1794.56074303043,7445.10970666258
1177.45418076573,3323.88625540179
2642.89752130924,4370.50517329389
8295.38578951844,7401.31287726962
7325.27859916042,6561.01039504007
3237.72859476221,4932.19169785817
2051.23680411533,3648.49970895051
1655.86930558677,8941.65581402698
1321.87076928557,3779.26631618674
1618.83569139476,9016.56799029064
834.197004992675,8265.791091137
1485.89951055424,9237.83766245683
1224.98441268923,3463.1432526487
7485.85150441604,7640.94482149882
1487.49914189143,3685.47220959533
1271.52561989319,8943.75136038559
6863.84624361257,8162.73769910833
7710.27421889081,8294.15497046306
1124.94353942023,3456.03039357755
7833.72107804764,7421.78081623046
6252.29747182964,7315.34545911793
7815.76985789554,7136.09591739404
1752.18164951362,9026.3852949165
8095.64524506642,7434.70300453049
1270.15314160979,9048.26180713855
1581.50436015625,3823.57352525392
8448.02699128589,7925.52605406731
1533.47271995754,9219.97697126155
7583.20274373084,8122.11462046015
7391.0468096083,7678.98507083054
6891.92407698751,7437.2173066488
981.972854068582,8857.65526243342
2129.0235696155,8378.18768669541
7506.97662678295,8664.45676515788
6077.57844136705,8071.14754874688
1177.0320907577,8751.85270905475
7596.82394768126,7634.57094498898
1316.65665587216,3693.89450176107
8146.29035401731,7076.33807281756
7875.6673028207,8069.94844816091
4929.90307306446,8870.91709982507
7733.00704336802,7603.18778792753
4089.18461102925,7873.04736084074
2214.43240213589,8274.98082591917
8345.92980944656,7635.87073428784
1992.89207493269,8957.22805327498
6489.27011518803,7930.31742374052
7701.12326136909,7421.60053708818
7353.49480099508,8115.32556171482
2200.67855284335,8710.11857181499
8808.10079250126,7626.58328835524
1773.51126352648,9127.86712991515
1044.23509528465,8867.55399585917
7679.53973964849,7816.85948865733
2218.92427305578,8078.59059373929
1471.52185795278,8867.99403052505
8095.8636546238,7988.24875716242
2190.9872070562,8478.86755737888
6877.09372368719,6932.7753143408
1582.43787270592,8876.6081939693
1607.98027275321,3597.27012023899
565.196148560454,4286.2552121563
7758.51356890658,8466.12994849631
1771.97577809937,3700.59251812064
2516.79975418508,7504.37777547826
1177.15483856665,3693.76055889313
683.322024309095,7457.8382304929
6905.82688283591,7506.83208918992
7533.86934620377,6833.57489216406
8378.41096953062,7946.35947300239
6687.35718994224,6923.68267484843
2191.92549291373,8986.27308390468
3792.46176066325,9179.98389231033
6914.01417835339,7426.58749899434
6908.03425866557,7947.63102255075
6977.2813871203,7891.37772002436
7501.21647731711,7776.15659422753
7438.63858580332,3705.84093346191
1311.08020909496,8840.70093732889
858.009250462667,3227.92229697873
1861.27557587003,3621.47700963216
8110.96266903779,7580.58753325474
8522.43983781929,7151.74842829242
1569.55479658374,9437.92632686446
1143.16639450807,3266.36341639209
1221.22191957932,9194.08128138872
1765.54408964615,3772.21259570218
1550.78923603466,4123.94282851611
1377.04073053437,3937.68637094725
7868.17768339641,7777.66667609009
6262.87054106388,6564.34285565859
918.464923822239,3352.32650680264
7215.57898083982,8005.31593587131
2134.58785229022,9069.53222853247
7443.48112029642,6896.99313551624
1374.58703848612,3853.14505688481
6804.11394131409,6657.39705141089
1722.76442650766,4160.02255331284
7537.41012126853,8442.27565558675
5030.11246784304,8098.71843130784
1763.74913574663,8993.73822605237
7480.70046509064,7509.73137830553
7563.9762184571,8595.7258182313
7804.57014151582,7320.58762130761
2347.85206256857,8664.8616006504
1938.99565648261,9205.75992013902
7780.30240473374,6114.05406677661
7686.83118217004,7978.06581868522
8117.94063599955,7535.6023643921
1437.07599658891,8724.76019275461
7510.11069346993,8020.90854295869
1329.14195702871,8871.58399715794
7559.62677269157,8316.39795433135
8105.13534229167,8228.06747901637
1235.77576999429,3525.85910008848
7152.5757712439,6986.13085840443
7903.70159605078,8184.99826905577
1190.42321243159,3875.25387180559
1010.48671346511,9023.26067578928
1534.45242611256,7389.41407244286
1050.87073878495,3567.81859181275
861.173091439212,3078.89040579444
7112.97579011182,7447.4453494065
1509.40545905377,8780.4604380072
2322.44233478027,4017.67834646161
7485.07442890944,7442.50398318223
2261.94204825561,7437.4344275607
778.369607129964,3348.760585715
6915.97967152027,6752.96319493292
6891.44346145119,7020.32459071928
8308.36630884349,7448.25690751512
7864.57161802721,6849.89743914893
1732.11807321926,7929.57305813375
1928.83828406645,8666.72970750574
6823.56725520075,7581.91416205659
6059.66182948486,7802.67453932718
1293.25802072599,9274.66829725138
7877.17045148035,6251.10327716105
1348.87331448122,3712.57729868517
531.686965323377,3090.2827820703
7297.69720142235,8411.23821606071
1947.45638788703,8821.99764856992
1100.95603629886,3479.1334543201
1484.22860748778,3746.98554616744
1942.73704184965,9109.61565272212
1297.452910025,8724.50296660564
1185.43083984585,4136.1179165105
755.142439363227,3235.43764264914
7081.27341165451,8028.01182442303
8071.08912077921,7463.30992535434
7588.04391728341,6960.34521974307
2012.3647311804,9121.28486788845
1109.3719398854,4069.38421727052
2076.62469111329,5412.30867330212
1134.40254960607,3264.42087942876
7781.13221449196,8093.35640012465
1315.27272522207,3521.44092067665
823.436226173,3642.06800152159
1621.89415061057,7780.50450730065
7125.87653925817,7277.70078379667
6802.30199463756,6690.4972306844
1122.16432272929,3188.3522211522
1437.40898487037,4005.19077614524
7813.41025265923,7327.93849698772
8519.3481720453,3911.09928768262
8281.44092746104,8069.18793381493
8494.12680885777,8263.00295082834
8089.61209288246,7429.7971030023
1051.80815926202,8326.37577160609
1122.76878598034,3605.42218723045
1428.46620498129,4282.44626711489
7609.69485425868,5295.95812177427
7553.55738545915,7638.25025522756
1348.78280726705,9096.54708722422
8647.38161951824,7104.96640510999
7106.52984097341,7508.72783123539
7114.4165069061,8424.03785557425
1546.26665895528,3567.15395549031
5920.79818849519,7828.60386235975
7442.01347711644,7553.90652474277
7411.48042461925,8126.13262328916
1515.00750517602,4164.79821584376
7664.13495472601,6370.52448270663
1168.55325173601,3639.82798357695
838.716954812983,3441.25500619124
6367.29935281962,8958.90440033595
6962.78804056491,7972.00278438495
1791.64558271386,7922.71111994658
1088.26524148028,3056.23822216483
8256.70509644525,6753.05761635291
6648.30477522307,7722.62599614257
8106.87597388163,8023.3212574424
1357.95909962921,3694.27399326539
6702.79118707936,8074.60826526459
6706.8528126591,7443.98533107945
7843.79672805925,6321.70837597822
7096.47194557884,7161.91893245235
1724.74115352216,3645.12233329396
1466.45604804051,8949.95653173161
2556.8625538768,8974.95144155439
7617.48773284084,7220.26397465802
1012.73382244725,8851.64809302957
7161.86223491264,7669.36038022087
1353.02931805916,3299.53852523092
2829.9773388784,3423.64118917597
896.953851204257,3362.81936947599
1429.8430082808,7453.59422408171
7338.1211057201,7098.24056505335
8874.08730993722,5842.31380756346
1577.74854039637,3852.84179465002
2366.11336145609,4165.36082978236
1239.6651399663,8849.54691520415
1409.25084784593,8854.2933247348
8145.94843849033,6707.78758932196
1108.90271272803,8396.31630870772
907.023569309991,3293.77077626948
1268.40940803855,8945.78655844974
1570.87567489309,3737.56852109394
6206.62776244524,4016.03805730121
1552.76735782946,9319.5717193692
1411.71722855411,3976.87600833201
7122.15587818169,7717.74157794248
1582.42768923132,8854.17437032567
863.188538736134,9072.39216748428
1714.85236946316,3958.63929379967
1325.71999684889,9204.80806322493
1468.17754143113,3786.6397577941
2112.65490381255,7709.18859443263
1556.5001880273,8327.67246954179
7871.32548908157,7263.89256518768
1339.49046170969,8726.27816617089
7796.92490167211,7667.50023543934
1736.04621074717,8728.85287590242
4359.00623000424,8336.3417748747
968.745693383755,3583.40965384635
1831.31587747002,8823.62481473815
1053.51785616779,3305.62266225757
2724.26093078418,7749.62626587805
8383.30019858856,7861.13044165705
1575.99259934427,8832.1417566621
6080.62898868757,7173.77691231322
7178.80671450239,7831.56659491363
8836.67676368104,7843.37782972528
953.479062225105,3543.69429506401
7499.02243674568,8132.40867218917
3046.02814491884,7948.75060175802
7076.23858981338,7487.89360476724
6376.61275839463,8654.02645556977
7072.47339544493,8531.13403705748
2312.1640904145,9277.34435689189
6943.0017025425,8043.52026966569
6827.66087845118,7612.82782919217
8782.83883216612,7367.75469305014
1646.5208992797,8687.2297065834
7131.01990345257,7350.3523231912
7208.27045162964,7728.72028018736
976.284935925995,3274.16665539277
1511.46074629683,9163.66435948546
7945.25246080752,7486.49575141887
2025.16063397397,8937.11851915317
7141.93666096859,7489.23817667427
1957.50733429204,3686.11020697203
909.458292676383,8526.04797195622
1097.59139538833,3184.92546029919
1715.2311113635,3800.20879931763
1262.90896452049,3339.8315663
1455.22099347603,9008.83056166734
7231.87633540264,7447.23601612856
1306.18851321934,3293.73016317587
1868.81129804899,8747.06823135171
6413.88156661885,8597.69192654459
7737.37326359827,8113.44182454686
7700.78875455581,6041.76531465478
1248.98864500071,3293.65745204048
8202.49046720458,7213.00348008781
8257.44822268777,7386.39372958587
1515.69724999972,9114.67768099396
3200.12936888364,9067.38157885217
1452.71149464538,9143.42098640096
1355.21709986663,8932.52499980022
2260.37026426125,9314.63838438898
7398.83094083575,7319.05009101811
902.105048176581,8357.2882010299
6992.18239434122,7080.73448137424
7129.44824107619,6824.93759099908
7708.12291927401,7959.60721981233
1960.87327199463,8575.84293531884
1756.64690299475,8977.32305977616
782.597476490037,9236.79767441746
1729.96143040005,7602.62494585555
1164.6805277017,3033.87519676056
7220.55825087918,7661.50900249825
7235.34035268604,7150.67216314183
1149.26037060204,4405.45015176568
1734.42628918966,5770.53945980974
7410.5940264475,7791.87200005119
8097.17235053418,7200.67514475614
775.44344696344,9101.96604874083
7728.95189647166,8401.05172270664
8206.47615181013,7532.648207834
7694.8092590866,8705.13640735874
2725.72012740259,3973.52689719322
6716.66514196566,7968.08865075342
7684.65088940134,6981.25282780385
6539.61392068558,7230.39300478976
8077.85380027442,7690.68113988545
968.3640626147,3446.42853582697
2199.55716829381,7750.68795136528
7728.0363784602,7321.15827406928
7398.48564429511,8536.61093960055
7586.48157286708,7345.35731229791
1885.00792839244,8337.98382358147
1367.24139389504,9068.54181508139
7181.68661748392,7704.60692755896
7734.24930635506,6652.02789886944
6384.7502992175,8208.59086605581
1326.05313987042,8997.9684983296
7411.7700240509,7403.86780859143
1947.95413325157,9094.18705593874
1988.17028862514,7858.06427648537
7523.2396399497,6981.03670463231
7314.0522766697,7514.51336454468
1055.74678867657,3546.29257390948
876.887737849,3663.77262954572
753.734894736561,3218.34041957749
6375.13126662091,7720.69584514874
7449.72546309313,7580.55254057501
4721.08834192329,4073.7360087241
7629.30246948699,7309.78230275549
1638.6440886183,4103.80053163379
8145.76135539227,7106.77675752328
1760.71706883087,3421.92076429875
1039.62470677045,9085.13736370324
6648.77821368031,7312.18150117972
1296.37916647709,8322.04973978661
1699.56667803786,8981.21578743637
7640.03735431789,8005.15407582656
1030.95013322312,3384.37583939568
825.421516956083,3425.53204693274
1493.74883298725,3544.01912643566
8993.24221979549,8042.12555895451
7203.40825105257,7986.36825258099
945.511308834555,3358.71528244833
876.312704918155,8875.02461011865
1069.27677345037,3437.27087032701
1466.19622384763,8373.47227531625
1817.4358111858,3671.68367004483
2080.67440701644,9109.55740537817
1506.97356166667,9212.61323932294
6694.65897128561,8116.31187510562
7657.40843558377,6772.98636742525
908.900579963568,3697.55036216252
1627.90723193903,9430.77532917436
1733.7684740865,4340.90342478195
1283.0130886192,3773.47074496291
8640.63604352146,7304.85908509422
992.113680240626,8858.62822092984
7932.02663573906,7191.82390561196
1038.63807176968,8796.38962522239
1346.83654920213,3236.97484435588
7734.96922563637,6790.61181686546
925.999741192292,3358.7137695304
1557.4902632072,3743.36022077844
7809.6148719015,7808.76791975084
7119.81067152361,7941.33005984811
1152.76993361458,9124.5256962578
2227.50880981796,9027.07300725921
1649.03383382143,9046.29491159838
7689.94255815095,7993.30235859786
8655.70267517411,8278.19114430292
874.959740669087,8904.77160680885
1258.84107804121,7941.80340943532
7866.72342668512,6917.34132807131
1887.5941968649,9202.8977261808
1874.82608160496,3850.83355496406
1568.52077748719,8779.97026338247
7364.87025577264,7491.25911998623
7172.75277317502,7850.27702066578
1438.23725809812,9086.70145284371
1506.69396609486,8486.66885429541
1620.71275236522,3516.61203407485
7661.87162389097,7675.14558183278
1097.70099771234,3554.38937566838
1067.28197438732,3525.62054978213
8452.91775285294,7030.59583351489
882.952146042782,3233.30647639579
7718.86536285938,7801.2582847939
6642.99859498122,6565.51862544126
7852.58927080526,7350.85069161566
7995.66325205165,8030.54949568386
996.702012852308,3934.79323409552
1163.04188247525,8769.15326024015
1480.3546496689,3481.64281236959
6200.45432630301,7370.70610852616
6500.56610273968,7491.3457161197
3036.29149073143,9204.90773311443
7237.58030956246,6949.94655814508
1056.88708903081,3254.47885011316
6820.78133972498,8190.88823840015
7858.68071148062,7711.52707119306
1280.06586574626,8848.57106555168
7949.71250776838,8206.32070591321
6252.10037213945,7161.56988806645
1536.04404664775,3494.98359836396
1623.83091559787,4099.65117354017
7495.90533578176,7718.58386704751
926.296622230105,3705.81650757998
881.038806694817,2851.03351638115
1484.59115751496,3514.88236012635
923.233556646072,3257.30676486524
6723.81322149314,7337.25009358403
6838.16343437116,8423.56080597007
1492.29212117518,8655.42729049136
7901.42585827712,7733.59494885593
988.911129083115,3376.4442662654
873.487784670412,3293.18301713664
8645.92728910728,9882.88131917409
1136.0998390868,8986.69456142088
1184.4248894838,8192.98752255426
8261.87186108006,5651.78690569672
2278.7641498022,9319.13015079115
7210.6398429295,7913.93855495241
1899.89400838402,8522.55476601925
1403.81984362626,3546.90272486415
7062.32591313684,8298.21134586985
1683.45808139321,3743.75719553925
1305.41487090031,8404.11714571591
1228.5020368949,3319.20009323634
7658.98834997053,7578.74435482215
1264.01938463589,9144.40385335044
1791.20525691937,8932.01630524627
7069.09871387567,7323.5543158958
1568.49020287744,9081.51438677606
1604.85151275351,8980.2984429048
8389.26756414274,6963.14668145812
1605.37898546019,8295.22009039604
8679.10875744061,7741.71538404399
7365.6433542655,7844.6514363761
7879.05277429977,7100.72880577518
1157.43347048321,3732.92479008377
8844.91893717248,7385.82909374249
1384.99865086909,3472.94103659801
6108.0398724331,8315.36339962617
1437.12272144286,8578.00940985958
1617.40379898546,3910.6461832706
1744.23288851315,3821.07097128241
1253.26052492938,3740.23797221744
6525.77317850708,5104.58465481595
7127.86408654711,8138.57179062097
8352.31585202676,6929.07717815029
6915.78707127505,6623.51377521271
1183.6204004358,3430.52224907616
1097.42660669479,3268.87290697185
6954.71540270075,5570.82466382397
1719.06713203833,3650.58699980316
1732.49534540956,8742.39860214534
4232.20606494739,8743.33100685159
8941.4279010249,7759.051034195
1311.45293722947,3340.11746985436
7996.62491809499,7318.83405488779
1249.80875046815,3400.17019911485
1131.10182912744,8268.224124388
1026.4729269441,8981.7883797042
2921.4765978863,3871.05955889795
7562.41215366263,6531.06077264016
7551.59633928088,7598.10324925003
6521.1620055769,7977.62939375005
4659.57332315813,8657.59100589871
8084.14437096881,7829.85523160171
7652.84524474857,7506.13889138159
1685.86793373008,7951.42311202906
7873.38583368972,8234.27275475355
1548.98455727482,3883.16049037185
2124.06993743798,8962.02152726696
6113.63167497178,7745.79304707211
1442.95176781035,3487.99129901855
1540.93707173476,9014.8587784139
7028.29979658212,7490.42235974355
7279.58061613461,7687.75838344885
6895.1099068486,5018.19202075825
1413.72342518763,4285.79150853087
1767.08782893191,3607.98726640236
1141.68548912754,8955.19399187691
1530.75558923427,3802.08869647239
7732.92020520921,7611.58297015088
1158.81846057643,8977.41501496344
1358.89969067505,3577.11127738764
1779.53928178306,8754.31013785587
8509.13322721362,7186.250921981
6580.31730289065,8242.03671221372
6305.00902255709,7816.91279739825
8136.15002360537,7195.02146663322
892.081399571865,3265.90489020285
1558.77679482089,9054.05009398836
1704.75014531751,9317.43140801193
1775.63637183265,3773.68714239328
7229.50155942013,7804.96684706863
8692.36051043338,8070.58418495649
1612.61456880702,3882.87232823593
6688.43353634828,7450.70560778484
1269.3625059158,8800.45026941613
1521.59370353412,3807.95051684547
1632.76917300804,8434.76290528326
7734.22420522913,6502.88229523304
1760.50316009942,8771.48811249132
7403.34902397211,7993.43845895914
2431.27749552775,3916.24792531363
1287.41538940145,3633.65727441029
8273.75271641569,7012.8072091832
7440.8541377225,7941.47068165907
7042.53581304706,6361.18183328371
1888.8034620214,9347.9971207636
1507.5816703244,8856.70074480831
2870.49137259595,8634.84506528082
8886.07287150118,6155.96822311088
1792.20040340778,8469.42697520532
5903.94739435091,7497.65703505294
1018.49183357709,9134.70850408854
1601.02555831325,8917.41538448184
8038.23970977811,7957.59019975748
7991.99739257412,7337.73675188245
7730.58123440312,7429.35355047088
1452.98981215844,3388.48778226951
1493.19994842685,8992.86909636532
9097.72532368759,7702.71088971301
1743.38892497877,3614.85276331479
8282.70405262481,8056.10764822412
1105.67644185694,3560.33880384192
2006.0430266706,9012.02363600949
1826.27747922236,9270.95040036896
7270.74423405549,8252.61553016121
2951.78320689719,9136.31758193778
1802.22026037273,8967.51055740174
6842.11465203195,7031.01166987949
7632.66286935252,8099.72630526584
1632.01057200323,8699.02545862611
1197.45682257511,3676.62189175588
8249.71268256941,7999.52567209604
1416.09742447374,3967.18377039733
7911.48784743814,7404.4912047084
7109.14947755802,8114.95433643152
1504.30554095754,9089.76083132812
1671.61906916389,8992.26417681989
1662.57564448282,9374.23346120046
6282.18820366286,7139.77487608415
2233.06128101443,3966.15101253815
1439.03218169376,3829.37430344748
1609.01663385783,3355.13275329545
8305.78392155121,7822.7602957259
7626.02384336796,8034.02428442975
942.724881803886,3085.13377548379
1675.23326811469,9319.7941692458
1235.17261336271,9028.07185523992
1223.13461382106,3167.85200422388
7106.46804262012,8108.49864751839
7364.34521741367,6705.27569092058
8637.39837147743,5733.72676700112
1651.87473045551,9341.69202797839
8079.78149394326,6829.20904358635
2049.35484738938,9107.47896121564
1770.8864766038,9002.63411023677
1402.96287652986,3608.16866349566
1486.56520842282,9384.38398593507
2535.38885176368,5351.47422510929
7442.76559818323,8401.34163767853
8336.68645978736,8393.22816532329
7619.66249407696,7057.26273783547
8179.62916097879,7135.34328192817
4137.73285194463,8843.39144071318
2100.8174584612,8951.57886192333
1948.76674413642,8105.91380938075
909.702165996548,3454.65339166758
8222.0417912219,7950.56978903192
8242.08923051017,7226.37803163086
7260.02290904023,7523.39123393029
7675.4608974456,7303.04922302154
1253.25011497957,3247.72106367418
1737.15337721671,3845.53767132563
1099.35461168718,9152.87930407591
7546.23994049583,8212.40177437799
1644.18072334172,4172.93156913034
3622.87496433774,8746.3969549487
7608.29262594163,7757.58729131521
1130.03158620962,8884.42895042636
1688.27958909814,3650.55074068876
7576.74624718118,8573.38088674407
5868.29384025412,7974.0817784435
1014.65999061245,2986.97872007316
7261.04518402128,6787.55109054364
7717.00992985113,7818.23227243168
687.497076395994,3111.75542359764
4210.69159862322,9189.51473813495
7059.70261500903,6447.33483803189
1296.20726700986,3469.14323260873
1640.56772909067,8971.09625101347
9042.8553573445,5469.94324582764
3891.53199067009,8501.07383531156
1202.11028342829,8748.40975039312
6942.35799535357,8013.76647899537
1707.28482553199,3920.22595513471
6680.33391263498,7743.21306751888
7801.51378722282,7117.58889383668
1686.942092267,9043.19064472629
8251.69384550739,7538.31437383011
8788.21178805738,6827.72936658584
1724.99179535512,9022.713021255
6815.58898978793,7402.30082291879
7255.54148609384,7120.67932714026
6779.60926019636,7159.34011811807
1481.65692418128,3765.65954605071
6489.75281891909,7446.00594754976
7385.78510156841,7788.27606067675
7432.73091642714,7509.0551425741
1088.04607352778,3569.12584314207
1667.02605081107,9346.48123433504
3208.36872292727,3750.70520412858
6929.99425038317,7277.84718072299
1136.1468392442,3689.26554220505
930.563509993434,3278.8694032055
3517.84429830365,7511.64946629315
1274.11474090427,8989.88858164925
1061.08157512194,3472.06582326501
1894.70910959409,3900.660419535
1548.51977969318,8621.7051496272
987.584546336351,3077.0550988819
930.27288766461,9077.65430620667
1833.38550310497,8681.83822578896
2014.87511341022,7776.54712129102
3350.78745431264,4223.0094578683
1140.31549398137,8800.11681235155
4887.99725691109,4271.315877593
1167.90235102134,3404.59280256947
1122.11288451139,9036.13416213474
6729.11390844869,7537.20119549099
2242.21900283566,9026.2178195817
7105.67654368713,6735.38084362109
6747.26724378364,6975.30590781568
1978.81714898333,9137.58840146183
1333.69826856147,3232.59212047936
1417.18928966293,3759.3665392724
7803.78215690594,7956.06398872295
1400.39372530578,8517.48271914552
1568.65964463194,8606.67750333719
1718.59711435731,9141.32975245902
7745.93054178448,7520.07003762552
1056.22380591501,3026.01523968072
7681.20701252168,8508.76152185915
7280.68610284932,8196.25892748501
1761.96819437337,9199.74877635338
7840.47354242639,7715.08619823004
2072.69491355741,3825.47002749004
1705.64801167429,9187.95750462107
1110.43091626612,3739.9424718152
6727.021438335,7776.32829648768
7972.03535026341,8065.15462323745
1433.51798304368,9206.9738845028
1460.24611204267,8938.39012699898
1449.17393751652,3849.55736604729
1495.69975306366,9034.36019535942
1383.56694399298,9071.00701539321
7608.01646934796,7607.29772970292
7513.03428630868,6998.07858086111
815.757211872375,3623.78582838957
1600.08287159315,8683.09328638768
1284.07284629812,3844.97062984021
1907.45223186477,9087.42888608597
7601.3371482994,7142.03421428633
8094.27619463078,7502.39418032871
1062.27272218637,3258.80352210347
7145.18725393082,7791.02847360817
1163.12381361069,9031.51675640298
7776.78162551855,7628.47841028141
1182.92801152581,3656.70331129129
3148.72450486182,8195.81253770055
2185.1354370776,8916.83480834561
7450.09306530756,7743.35065824429
2383.07993415223,8313.42193356041
7850.15568946982,8542.40315920687
2710.59554994509,9327.80746655193
1158.58827696471,8524.99286854307
1215.41981159566,3195.7207472926
1898.0862013331,9065.92611294049
6813.01892253673,7502.26854130686
1100.1241320777,3234.61010905707
1199.03481701358,3686.52740502488
7096.04031358541,7608.00799547101
1504.3055677886,8408.13322336937
3769.88646198875,8047.33096596084
7148.32873713909,9199.45590927766
1717.60962165462,3907.99670548825
7961.50171413607,7782.04976105847
1061.17080035529,3516.64940042584
771.60629691023,8936.74746935911
1081.64695443907,9155.74368265051
1362.11484900632,3638.39413773271
1662.41141211347,3949.37122030924
1417.96253459642,3603.16351825098
7511.56760107178,8380.04424604171
7619.1064788517,7901.13270847035
2834.85980299006,7601.28326814548
1259.48123725797,3548.24042709967
6739.0102660255,6705.56458641727
1639.26020094773,8949.63779706811
7919.07650939528,7785.58735580522
8147.67328953722,6546.35170318424
1296.16439969648,4279.73600575865
1312.13950999207,8962.72950012206
4560.71427691075,9068.79725450858
3839.65379013613,3898.25872895365
1431.91899621313,3499.31519165693
7303.78741068793,8434.91202928246
1540.1125887447,9195.97237695131
2419.17071901521,3424.7646795126
7938.31702318307,7721.15955760219
1369.59129779566,8946.46577531118
1258.20126345792,8213.93306038278
1190.89545317793,9018.49233371287
1379.72685540794,9261.2488501511
1571.62119758729,4594.35822952835
1964.77397448158,9074.65430598759
8670.74063027612,7915.7030416476
7270.75198361625,7964.61852463464
7595.54644851553,7654.63849468873
1460.09461211303,3500.88027592269
1122.72631952929,3339.89219488682
817.627139942225,3313.63079088298
1127.57243044444,8839.87811970495
7875.49867177291,9136.54124906508
7111.00947912444,7774.4938372033
6965.63778831276,7569.74487917811
1056.26417487529,8869.44517307284
1712.73998126028,3835.79607873903
8046.33653084267,7808.53120802936
7123.44094979978,8151.87020084585
6528.01054794782,7771.15660755527
7399.32190388806,7620.85130831458
1241.80452645804,3616.53046967303
1422.1703337655,3509.82815864516
1681.75991281716,7349.60251294096
1021.65726317958,8465.64798874194
5187.51197745516,7423.92057860378
1404.18658434127,3855.15319033538
1808.05522242854,9345.11878837312
1409.11363617884,8978.82191581165
1133.87424927274,3579.34082806882
7840.73593312614,7846.62147361268
1779.11481479548,3624.19768095319
1644.17646924663,8624.91912123238
6828.88490510534,7746.67013621812
7496.87787294528,7967.24066477319
1440.3709464936,3424.73019738455
7362.08493750406,8126.34001590924
1417.87218907563,3597.16064952923
1061.19286484419,9117.43101228763
866.583022966535,8839.38007361598
1347.0334517353,3620.76304294636
928.006484871663,9230.12754728652
7549.91986122384,7434.04027097831
1945.47013733329,9437.40858703166
1438.9995978519,8870.95196244078
4078.04985528944,3400.48172291799
8145.71106466323,7594.19584419712
6024.54595586319,8262.40609306632
1060.71810560776,9139.63864813551
8723.86778308332,6903.96692496039
1555.18377489195,9131.54939858232
7696.40678740551,5978.83001976041
1286.21239853224,3405.68254544999
1927.22796505059,8990.54870125431
8720.41598866266,7708.58122284216
6777.48741145193,8076.37431189895
1645.16311818895,8885.250715731
6964.87384861612,7669.60596372715
8949.28138704748,6768.37411442116
996.106849836105,9110.72397036811
2151.60724537592,8000.04530420053
8898.28427656417,6694.4262786879
6891.39182656502,6277.46156350464
5922.28626802773,9240.75941228113
1042.65068454974,9340.95472774691
1172.62612439011,3817.04932831637
1003.79931303102,8776.98269728094
7828.22823851639,7858.01717166854
1102.45777057653,3596.8374925292
7811.20619441559,7763.21008253161
1537.82392202639,8886.09294806805
647.639999623005,8827.81847354807
8546.00957283888,8207.00605965505
7292.0650442603,8329.42440864246
1551.00442532205,8239.56131758963
5892.65183029669,7639.78192446482
1551.33731935566,3795.28749950288
7048.19431840645,8140.10640418256
868.582312213076,3177.49173825911
1739.82854125804,8390.1358453813
1284.46999806716,3607.97384160786
7039.25092546541,7968.10058117008
7422.40449626042,7229.53890692441
987.568639768253,3549.20650503999
7890.46510626728,7599.72030209032
6904.03177274092,8429.35200228441
9321.78822330312,7705.20087211937
7120.95027048614,7390.19479886739
831.730876301639,8792.1283456234
7183.22955671545,7672.75504821019
1889.35724729175,9010.89985606652
2011.1921499916,3967.10154082217
1710.22081329817,3806.3251217871
7733.13589448748,7293.48270244318
8547.38595358296,7241.5331738271
7434.95154705223,7334.66794346875
8275.37964960934,7810.05732752813
7000.85945852674,7890.42395431533
7025.03221238988,5853.43063722074
1402.81138386132,3342.28235924448
7311.33975698969,7425.2557621445
1747.25900787214,3813.83210183787
7239.31210953874,7847.65288504905
1487.96643902034,9200.54850508881
6500.84674775872,8246.36999422205
1168.96649521215,3829.7759602593
5006.46650280187,7827.32669096264
8557.50066979582,7822.18088598665
7658.62906170475,8250.28575523004
7740.98726618091,7574.51059577859
8091.11991202594,7425.89544585867
925.744412669772,7883.20051188692
8062.0520836499,6977.91572661463
1607.4437687862,9215.25822460528
1120.40857642542,3346.04585976724
8398.39091034308,6322.82354077727
1080.9648275885,3377.11044680318
1816.57473035765,9184.04925390273
8556.23090731609,7242.0370880311
707.861455383738,3586.31648013204
1681.78419959404,3297.31646861304
7177.04478117665,6950.36869720437
6967.34707395483,6555.54320551441
1944.11383929103,8981.92282657192
960.179739096446,3363.21929743459
1491.66461483205,3564.24337809481
6308.69918378579,7466.06819596617
7623.34868295652,7952.14926652532
1014.77398723778,8983.91932044566
7050.92268233795,7099.92429921294
2113.58051930513,8818.82001900118
1012.89992947032,8473.25436744153
7582.41511583395,8004.71634018462
1813.74715254038,3648.9100503382
1515.94888800143,9177.33467963468
1164.5038742728,3423.09040382261
8197.52332063842,7356.79870459166
8878.89936489017,7245.4671495458
1181.29301178974,3159.67697930498
3735.9286178185,9270.67158524176
1130.79326001347,3685.58531626809
7323.44077783215,7367.63117557322
8131.65943705446,7802.77286285794
8176.08590855174,7303.85681455387
1651.42432827175,8970.2250387417
7013.66415274286,6773.99804132802
1795.54579985599,8705.11488148201
1215.01135022108,5665.47150109073
7436.01561225837,7286.50705928436
492.973578002172,9010.09866341532
1856.5884370847,7046.97364150228
1403.84320682535,3230.73947277286
7741.4573329013,7374.70701350731
1977.96688550803,8943.81394382889
1092.86344944859,3715.84002446923
1534.78499205098,4449.53273508417
844.298450807723,8979.64826874504
2163.7386010578,8977.80635412442
979.157816810574,9144.73557891063
7390.23825104861,7272.82881529107
7896.31254577024,7803.63233753056
7754.97717663643,7619.71581460715
840.298447601332,3204.06544416955
1382.67514713805,3965.78040242638
7768.2124763478,6764.13546438914
1482.48196374357,3609.49300053994
1103.64089761231,9167.59604681731
830.021968687264,3144.73840478494
2984.53679173761,8478.80540993829
1900.34818176382,8170.08543910068
2034.89719513422,9134.78592831463
1502.88935384886,3802.44954981209
1994.684376605,3727.66930431396
7531.23726794685,7316.83925350992
7693.13104598902,8066.19234334672
813.315952046902,9113.70754064148
1185.6887472165,3320.49508681087
6859.15558447262,8089.81188895567
1446.1276100046,3589.55177012453
7726.96264200887,7232.95140316866
7631.37785796469,7770.70454142742
8786.26043606197,8122.6696573572
7699.70829392084,8191.73819179364
7488.69280055125,7676.95107138922
1798.51435002779,3913.26408579095
6996.29297298156,7929.79327012182
8680.1258921177,7723.62790744935
1855.53144340822,3756.30762374784
7530.83174332553,7361.34925970668
1148.87574238635,8840.56589835984
3138.10204696597,6917.38608291491
1223.28860633983,8859.38744833112
7495.2635012062,6856.79622094854
7891.77093180529,7800.79178532424
6806.10712342479,6207.11417303446
8634.09000974313,6682.12650321608
7064.12567233558,6917.60450201671
8143.77913671867,7644.52772064964
1472.20117340941,3667.90713490515
1636.52290812581,8380.40003075304
1540.06758548037,8924.55873416599
7488.29625900385,7666.15359803565
1210.17337981873,3954.72352129754
1872.95673518972,9221.39032159591
1422.3506615471,3826.91645526324
840.965913316767,6953.18825503824
1311.63756892758,3461.69650639804
7213.51275250402,8207.02444857269
1077.71219570937,8403.50065340929
1433.66479756043,3804.65845953605
1936.6040206578,9142.19017772851
6126.34256628827,7324.45626336106
8578.24049958128,7706.16255012429
7345.06917585684,7082.22398621381
1129.32632480026,3444.56491196219
6739.15132658245,7166.08454025375
1566.00359638612,9055.65512438409
1066.72418735972,3163.2270004334
1072.95046514316,3227.9289255486
7190.4032327816,7333.93191116358
1450.95399758024,3496.74529227048
2074.67483177304,8905.41357952972
1382.46420824774,3550.06889821871
1642.57090651078,8713.31325069849
7359.89562291888,7405.17850580161
7634.49786140984,7752.26513319128
1451.75784839515,3814.99219084609
7068.93910490498,7056.08157775933
987.126011192411,3345.62930286218
1187.51959899675,7607.96772776137
1240.71321993326,9166.97410742039
6924.24149697215,7112.74691106178
6542.11444079366,4477.50417948733
9033.6366373938,7493.89569299791
1415.22990407172,3955.94629304911
